Datetime,BarTrend,Barometer,TempIn,HumIn,TempOut,WindSpeed,WindSpeed10Min,WindDir,HumOut,RainRate,UV,SolarRad,RainStorm,StormStartDate,RainDay,RainMonth,RainYear,ETDay,ETMonth,ETYear,BatteryStatus,BatteryVolts,ForecastIcon,ForecastRuleNo,SunRise,SunSet,DatetimeWS,place,hum,pm_10_3_hour,pm_10_24_hour,pm_2p5_1_hour,aqi_nowcast_val,aqi_type,heat_index,pm_2p5_nowcast,pm_2p5_24_hour,tz_offset,pm_1,pct_pm_data_nowcast,pct_pm_data_24_hour,wet_bulb,aqi_val,aqi_desc,temp,pm_2p5_3_hour,pct_pm_data_3_hour,last_report_time,aqi_nowcast_desc,aqi_1_hour_val,pm_10_nowcast,aqi_1_hour_desc,pm_10_1_hour,dew_point,pm_10,pct_pm_data_1_hour,ts,pm_2p5
2025-05-12T00:00:00Z,0,29.906,71.1,60,60.0,1,1,350,86,0.0,255,32767,0.0,2127-15-31,0.0,0.16,26.24,0.0,0.0,0.0,0,4.828125,6,45,05:49,20:11,2025-05-12 00:00:00.502598,Città della Scienza,74.1,9.998961,14.229189,10.322619,7.1898723,EU EEA Common AQI,64.9,8.987341,12.831143,7200,10.671429,100,100,59.2,9.268571,Very Low,64.9,8.951031,100,1747007100,Very Low,8.258096,10.0549965,Very Low,11.490525,56.4,12.842857,100,1747007100,11.585714
2025-05-12T00:00:11Z,0,29.906,71.1,60,60.1,0,1,5,86,0.0,255,32767,0.0,2127-15-31,0.0,0.16,26.24,0.0,0.0,0.0,0,4.828125,6,45,05:49,20:11,2025-05-12 00:00:11.571589,Città della Scienza,74.1,9.998961,14.229189,10.322619,7.1898723,EU EEA Common AQI,64.9,8.987341,12.831143,7200,10.671429,100,100,59.2,9.268571,Very Low,64.9,8.951031,100,1747007100,Very Low,8.258096,10.0549965,Very Low,11.490525,56.4,12.842857,100,1747007100,11.585714
2025-05-12T00:00:22Z,0,29.906,71.1,60,60.1,1,1,19,86,0.0,255,32767,0.0,2127-15-31,0.0,0.16,26.24,0.0,0.0,0.0,0,4.828125,6,45,05:49,20:11,2025-05-12 00:00:22.623590,Città della Scienza,74.9,10.528843,14.172813,11.39146,7.6381874,EU EEA Common AQI,64.6,9.547734,12.780568,7200,10.73913,100,100,59.1,9.507246,Very Low,64.6,9.44551,100,1747008000,Very Low,9.113168,10.632882,Very Low,12.5728,56.4,13.884058,100,1747008000,11.884058
2025-05-12T00:00:33Z,0,29.905,71.1,60,60.1,0,1,19,86,0.0,255,32767,0.0,2127-15-31,0.0,0.16,26.24,0.0,0.0,0.0,0,4.828125,6,45,05:49,20:11,2025-05-12 00:00:33.714591,Città della Scienza,74.9,10.528843,14.172813,11.39146,7.6381874,EU EEA Common AQI,64.6,9.547734,12.780568,7200,10.73913,100,100,59.1,9.507246,Very Low,64.6,9.44551,100,1747008000,Very Low,9.113168,10.632882,Very Low,12.5728,56.4,13.884058,100,1747008000,11.884058
2025-05-12T00:00:45Z,0,29.905,71.1,60,60.1,1,1,15,86,0.0,255,32767,0.0,2127-15-31,0.0,0.16,26.24,0.0,0.0,0.0,0,4.828125,6,45,05:49,20:11,2025-05-12 00:00:44.817589,Città della Scienza,74.9,10.528843,14.172813,11.39146,7.6381874,EU EEA Common AQI,64.6,9.547734,12.780568,7200,10.73913,100,100,59.1,9.507246,Very Low,64.6,9.44551,100,1747008000,Very Low,9.113168,10.632882,Very Low,12.5728,56.4,13.884058,100,1747008000,11.884058
2025-05-12T00:00:56Z,0,29.905,71.1,60,60.1,3,1,5,86,0.0,255,32767,0.0,2127-15-31,0.0,0.16,26.24,0.0,0.0,0.0,0,4.828125,6,45,05:49,20:11,2025-05-12 00:00:55.918591,Città della Scienza,74.9,10.528843,14.172813,11.39146,7.6381874,EU EEA Common AQI,64.6,9.547734,12.780568,7200,10.73913,100,100,59.1,9.507246,Very Low,64.6,9.44551,100,1747008000,Very Low,9.113168,10.632882,Very Low,12.5728,56.4,13.884058,100,1747008000,11.884058
2025-05-12T00:01:07Z,0,29.905,71.1,60,60.1,2,1,355,86,0.0,255,32767,0.0,2127-15-31,0.0,0.16,26.24,0.0,0.0,0.0,0,4.828125,6,45,05:49,20:11,2025-05-12 00:01:07.017588,Città della Scienza,74.9,10.528843,14.172813,11.39146,7.6381874,EU EEA Common AQI,64.6,9.547734,12.780568,7200,10.73913,100,100,59.1,9.507246,Very Low,64.6,9.44551,100,1747008000,Very Low,9.113168,10.632882,Very Low,12.5728,56.4,13.884058,100,1747008000,11.884058
2025-05-12T00:01:18Z,0,29.905,71.1,60,60.1,1,1,24,86,0.0,255,32767,0.0,2127-15-31,0.0,0.16,26.24,0.0,0.0,0.0,0,4.828125,6,45,05:49,20:11,2025-05-12 00:01:18.134597,Città della Scienza,74.9,10.528843,14.172813,11.39146,7.6381874,EU EEA Common AQI,64.6,9.547734,12.780568,7200,10.73913,100,100,59.1,9.507246,Very Low,64.6,9.44551,100,1747008000,Very Low,9.113168,10.632882,Very Low,12.5728,56.4,13.884058,100,1747008000,11.884058
2025-05-12T00:01:29Z,0,29.905,71.1,60,60.1,3,1,5,86,0.0,255,32767,0.0,2127-15-31,0.0,0.16,26.24,0.0,0.0,0.0,0,4.828125,6,45,05:49,20:11,2025-05-12 00:01:29.251592,Città della Scienza,74.9,10.528843,14.172813,11.39146,7.6381874,EU EEA Common AQI,64.6,9.547734,12.780568,7200,10.73913,100,100,59.1,9.507246,Very Low,64.6,9.44551,100,1747008000,Very Low,9.113168,10.632882,Very Low,12.5728,56.4,13.884058,100,1747008000,11.884058
2025-05-12T00:01:40Z,0,29.905,71.0,60,60.1,1,1,13,86,0.0,255,32767,0.0,2127-15-31,0.0,0.16,26.24,0.0,0.0,0.0,0,4.828125,6,45,05:49,20:11,2025-05-12 00:01:40.299591,Città della Scienza,74.9,10.528843,14.172813,11.39146,7.6381874,EU EEA Common AQI,64.6,9.547734,12.780568,7200,10.73913,100,100,59.1,9.507246,Very Low,64.6,9.44551,100,1747008000,Very Low,9.113168,10.632882,Very Low,12.5728,56.4,13.884058,100,1747008000,11.884058
2025-05-12T00:01:51Z,0,29.905,71.0,60,60.1,2,1,13,86,0.0,255,32767,0.0,2127-15-31,0.0,0.16,26.24,0.0,0.0,0.0,0,4.828125,6,45,05:49,20:11,2025-05-12 00:01:51.386597,Città della Scienza,74.9,10.528843,14.172813,11.39146,7.6381874,EU EEA Common AQI,64.6,9.547734,12.780568,7200,10.73913,100,100,59.1,9.507246,Very Low,64.6,9.44551,100,1747008000,Very Low,9.113168,10.632882,Very Low,12.5728,56.4,13.884058,100,1747008000,11.884058
2025-05-12T00:02:02Z,0,29.905,71.0,60,60.0,3,1,11,86,0.0,255,32767,0.0,2127-15-31,0.0,0.16,26.24,0.0,0.0,0.0,0,4.828125,6,45,05:49,20:11,2025-05-12 00:02:02.489588,Città della Scienza,74.9,10.528843,14.172813,11.39146,7.6381874,EU EEA Common AQI,64.6,9.547734,12.780568,7200,10.73913,100,100,59.1,9.507246,Very Low,64.6,9.44551,100,1747008000,Very Low,9.113168,10.632882,Very Low,12.5728,56.4,13.884058,100,1747008000,11.884058
2025-05-12T00:02:13Z,0,29.905,71.0,60,60.0,1,1,11,86,0.0,255,32767,0.0,2127-15-31,0.0,0.16,26.24,0.0,0.0,0.0,0,4.828125,6,45,05:49,20:11,2025-05-12 00:02:13.554598,Città della Scienza,74.9,10.528843,14.172813,11.39146,7.6381874,EU EEA Common AQI,64.6,9.547734,12.780568,7200,10.73913,100,100,59.1,9.507246,Very Low,64.6,9.44551,100,1747008000,Very Low,9.113168,10.632882,Very Low,12.5728,56.4,13.884058,100,1747008000,11.884058
2025-05-12T00:02:24Z,0,29.905,71.0,60,60.1,2,1,5,86,0.0,255,32767,0.0,2127-15-31,0.0,0.16,26.24,0.0,0.0,0.0,0,4.828125,6,45,05:49,20:11,2025-05-12 00:02:24.611594,Città della Scienza,74.9,10.528843,14.172813,11.39146,7.6381874,EU EEA Common AQI,64.6,9.547734,12.780568,7200,10.73913,100,100,59.1,9.507246,Very Low,64.6,9.44551,100,1747008000,Very Low,9.113168,10.632882,Very Low,12.5728,56.4,13.884058,100,1747008000,11.884058
2025-05-12T00:02:35Z,0,29.907,71.0,60,60.1,2,2,17,86,0.0,255,32767,0.0,2127-15-31,0.0,0.16,26.24,0.0,0.0,0.0,0,4.828125,6,45,05:49,20:11,2025-05-12 00:02:35.667589,Città della Scienza,74.9,10.528843,14.172813,11.39146,7.6381874,EU EEA Common AQI,64.6,9.547734,12.780568,7200,10.73913,100,100,59.1,9.507246,Very Low,64.6,9.44551,100,1747008000,Very Low,9.113168,10.632882,Very Low,12.5728,56.4,13.884058,100,1747008000,11.884058
2025-05-12T00:02:46Z,0,29.907,71.0,60,60.1,2,2,15,86,0.0,255,32767,0.0,2127-15-31,0.0,0.16,26.24,0.0,0.0,0.0,0,4.828125,6,45,05:49,20:11,2025-05-12 00:02:46.760599,Città della Scienza,74.9,10.528843,14.172813,11.39146,7.6381874,EU EEA Common AQI,64.6,9.547734,12.780568,7200,10.73913,100,100,59.1,9.507246,Very Low,64.6,9.44551,100,1747008000,Very Low,9.113168,10.632882,Very Low,12.5728,56.4,13.884058,100,1747008000,11.884058
2025-05-12T00:02:58Z,0,29.907,71.0,60,60.1,3,2,5,86,0.0,255,32767,0.0,2127-15-31,0.0,0.16,26.24,0.0,0.0,0.0,0,4.828125,6,45,05:49,20:11,2025-05-12 00:02:57.871595,Città della Scienza,74.9,10.528843,14.172813,11.39146,7.6381874,EU EEA Common AQI,64.6,9.547734,12.780568,7200,10.73913,100,100,59.1,9.507246,Very Low,64.6,9.44551,100,1747008000,Very Low,9.113168,10.632882,Very Low,12.5728,56.4,13.884058,100,1747008000,11.884058
2025-05-12T00:03:09Z,0,29.907,71.0,60,60.1,2,2,13,86,0.0,255,32767,0.0,2127-15-31,0.0,0.16,26.24,0.0,0.0,0.0,0,4.828125,6,45,05:49,20:11,2025-05-12 00:03:08.941599,Città della Scienza,74.9,10.528843,14.172813,11.39146,7.6381874,EU EEA Common AQI,64.6,9.547734,12.780568,7200,10.73913,100,100,59.1,9.507246,Very Low,64.6,9.44551,100,1747008000,Very Low,9.113168,10.632882,Very Low,12.5728,56.4,13.884058,100,1747008000,11.884058
2025-05-12T00:03:20Z,0,29.907,71.0,60,60.1,1,2,13,86,0.0,255,32767,0.0,2127-15-31,0.0,0.16,26.24,0.0,0.0,0.0,0,4.828125,6,45,05:49,20:11,2025-05-12 00:03:20.040592,Città della Scienza,74.9,10.528843,14.172813,11.39146,7.6381874,EU EEA Common AQI,64.6,9.547734,12.780568,7200,10.73913,100,100,59.1,9.507246,Very Low,64.6,9.44551,100,1747008000,Very Low,9.113168,10.632882,Very Low,12.5728,56.4,13.884058,100,1747008000,11.884058
2025-05-12T00:03:31Z,0,29.907,71.0,60,60.1,0,2,15,86,0.0,255,32767,0.0,2127-15-31,0.0,0.16,26.24,0.0,0.0,0.0,0,4.828125,6,45,05:49,20:11,2025-05-12 00:03:31.291599,Città della Scienza,74.9,10.528843,14.172813,11.39146,7.6381874,EU EEA Common AQI,64.6,9.547734,12.780568,7200,10.73913,100,100,59.1,9.507246,Very Low,64.6,9.44551,100,1747008000,Very Low,9.113168,10.632882,Very Low,12.5728,56.4,13.884058,100,1747008000,11.884058
2025-05-12T00:03:42Z,0,29.906,71.0,60,60.1,1,2,15,86,0.0,255,32767,0.0,2127-15-31,0.0,0.16,26.24,0.0,0.0,0.0,0,4.828125,6,45,05:49,20:11,2025-05-12 00:03:42.357589,Città della Scienza,74.9,10.528843,14.172813,11.39146,7.6381874,EU EEA Common AQI,64.6,9.547734,12.780568,7200,10.73913,100,100,59.1,9.507246,Very Low,64.6,9.44551,100,1747008000,Very Low,9.113168,10.632882,Very Low,12.5728,56.4,13.884058,100,1747008000,11.884058
2025-05-12T00:03:53Z,0,29.906,71.0,60,60.1,1,2,355,86,0.0,255,32767,0.0,2127-15-31,0.0,0.16,26.24,0.0,0.0,0.0,0,4.828125,6,45,05:49,20:11,2025-05-12 00:03:53.492593,Città della Scienza,74.9,10.528843,14.172813,11.39146,7.6381874,EU EEA Common AQI,64.6,9.547734,12.780568,7200,10.73913,100,100,59.1,9.507246,Very Low,64.6,9.44551,100,1747008000,Very Low,9.113168,10.632882,Very Low,12.5728,56.4,13.884058,100,1747008000,11.884058
2025-05-12T00:04:04Z,0,29.906,71.0,60,60.1,2,2,355,86,0.0,255,32767,0.0,2127-15-31,0.0,0.16,26.24,0.0,0.0,0.0,0,4.828125,6,45,05:49,20:11,2025-05-12 00:04:04.549594,Città della Scienza,74.9,10.528843,14.172813,11.39146,7.6381874,EU EEA Common AQI,64.6,9.547734,12.780568,7200,10.73913,100,100,59.1,9.507246,Very Low,64.6,9.44551,100,1747008000,Very Low,9.113168,10.632882,Very Low,12.5728,56.4,13.884058,100,1747008000,11.884058
2025-05-12T00:04:15Z,0,29.906,71.0,60,60.1,1,2,355,85,0.0,255,32767,0.0,2127-15-31,0.0,0.16,26.24,0.0,0.0,0.0,0,4.828125,6,45,05:49,20:11,2025-05-12 00:04:15.614604,Città della Scienza,74.9,10.528843,14.172813,11.39146,7.6381874,EU EEA Common AQI,64.6,9.547734,12.780568,7200,10.73913,100,100,59.1,9.507246,Very Low,64.6,9.44551,100,1747008000,Very Low,9.113168,10.632882,Very Low,12.5728,56.4,13.884058,100,1747008000,11.884058
2025-05-12T00:04:40Z,0,29.908,70.9,60,60.0,0,2,360,85,0.0,255,32767,0.0,2127-15-31,0.0,0.16,26.24,0.0,0.0,0.0,0,4.828125,6,45,05:49,20:11,2025-05-12 00:04:40.279580,Città della Scienza,74.9,10.528843,14.172813,11.39146,7.6381874,EU EEA Common AQI,64.6,9.547734,12.780568,7200,10.73913,100,100,59.1,9.507246,Very Low,64.6,9.44551,100,1747008000,Very Low,9.113168,10.632882,Very Low,12.5728,56.4,13.884058,100,1747008000,11.884058
2025-05-12T00:04:51Z,0,29.908,70.9,60,60.0,1,2,14,85,0.0,255,32767,0.0,2127-15-31,0.0,0.16,26.24,0.0,0.0,0.0,0,4.828125,6,45,05:49,20:11,2025-05-12 00:04:51.374600,Città della Scienza,74.9,10.528843,14.172813,11.39146,7.6381874,EU EEA Common AQI,64.6,9.547734,12.780568,7200,10.73913,100,100,59.1,9.507246,Very Low,64.6,9.44551,100,1747008000,Very Low,9.113168,10.632882,Very Low,12.5728,56.4,13.884058,100,1747008000,11.884058
2025-05-12T00:05:02Z,0,29.908,70.9,60,60.0,1,2,14,85,0.0,255,32767,0.0,2127-15-31,0.0,0.16,26.24,0.0,0.0,0.0,0,4.828125,6,45,05:49,20:11,2025-05-12 00:05:02.467593,Città della Scienza,74.9,10.528843,14.172813,11.39146,7.6381874,EU EEA Common AQI,64.6,9.547734,12.780568,7200,10.73913,100,100,59.1,9.507246,Very Low,64.6,9.44551,100,1747008000,Very Low,9.113168,10.632882,Very Low,12.5728,56.4,13.884058,100,1747008000,11.884058
2025-05-12T00:05:13Z,0,29.908,70.9,60,60.0,0,2,14,85,0.0,255,32767,0.0,2127-15-31,0.0,0.16,26.24,0.0,0.0,0.0,0,4.828125,6,45,05:49,20:11,2025-05-12 00:05:13.542595,Città della Scienza,74.9,10.528843,14.172813,11.39146,7.6381874,EU EEA Common AQI,64.6,9.547734,12.780568,7200,10.73913,100,100,59.1,9.507246,Very Low,64.6,9.44551,100,1747008000,Very Low,9.113168,10.632882,Very Low,12.5728,56.4,13.884058,100,1747008000,11.884058
2025-05-12T00:05:24Z,0,29.908,70.9,60,60.0,1,2,14,85,0.0,255,32767,0.0,2127-15-31,0.0,0.16,26.24,0.0,0.0,0.0,0,4.828125,6,45,05:49,20:11,2025-05-12 00:05:24.725550,Città della Scienza,74.9,10.528843,14.172813,11.39146,7.6381874,EU EEA Common AQI,64.6,9.547734,12.780568,7200,10.73913,100,100,59.1,9.507246,Very Low,64.6,9.44551,100,1747008000,Very Low,9.113168,10.632882,Very Low,12.5728,56.4,13.884058,100,1747008000,11.884058
2025-05-12T00:05:35Z,0,29.906,70.8,60,59.9,3,2,24,85,0.0,255,32767,0.0,2127-15-31,0.0,0.16,26.24,0.0,0.0,0.0,0,4.828125,6,45,05:49,20:11,2025-05-12 00:05:35.775591,Città della Scienza,74.9,10.528843,14.172813,11.39146,7.6381874,EU EEA Common AQI,64.6,9.547734,12.780568,7200,10.73913,100,100,59.1,9.507246,Very Low,64.6,9.44551,100,1747008000,Very Low,9.113168,10.632882,Very Low,12.5728,56.4,13.884058,100,1747008000,11.884058
2025-05-12T00:05:47Z,0,29.906,70.8,60,59.9,2,2,24,85,0.0,255,32767,0.0,2127-15-31,0.0,0.16,26.24,0.0,0.0,0.0,0,4.828125,6,45,05:49,20:11,2025-05-12 00:05:46.841596,Città della Scienza,74.9,10.528843,14.172813,11.39146,7.6381874,EU EEA Common AQI,64.6,9.547734,12.780568,7200,10.73913,100,100,59.1,9.507246,Very Low,64.6,9.44551,100,1747008000,Very Low,9.113168,10.632882,Very Low,12.5728,56.4,13.884058,100,1747008000,11.884058
2025-05-12T00:05:58Z,0,29.906,70.8,60,59.8,1,2,24,85,0.0,255,32767,0.0,2127-15-31,0.0,0.16,26.24,0.0,0.0,0.0,0,4.828125,6,45,05:49,20:11,2025-05-12 00:05:57.919591,Città della Scienza,74.9,10.528843,14.172813,11.39146,7.6381874,EU EEA Common AQI,64.6,9.547734,12.780568,7200,10.73913,100,100,59.1,9.507246,Very Low,64.6,9.44551,100,1747008000,Very Low,9.113168,10.632882,Very Low,12.5728,56.4,13.884058,100,1747008000,11.884058
2025-05-12T00:06:09Z,0,29.906,70.8,60,59.8,1,2,24,85,0.0,255,32767,0.0,2127-15-31,0.0,0.16,26.24,0.0,0.0,0.0,0,4.828125,6,45,05:49,20:11,2025-05-12 00:06:08.993598,Città della Scienza,74.9,10.528843,14.172813,11.39146,7.6381874,EU EEA Common AQI,64.6,9.547734,12.780568,7200,10.73913,100,100,59.1,9.507246,Very Low,64.6,9.44551,100,1747008000,Very Low,9.113168,10.632882,Very Low,12.5728,56.4,13.884058,100,1747008000,11.884058
2025-05-12T00:06:20Z,0,29.906,70.8,60,59.8,1,2,24,85,0.0,255,32767,0.0,2127-15-31,0.0,0.16,26.24,0.0,0.0,0.0,0,4.828125,6,45,05:49,20:11,2025-05-12 00:06:20.028594,Città della Scienza,74.9,10.528843,14.172813,11.39146,7.6381874,EU EEA Common AQI,64.6,9.547734,12.780568,7200,10.73913,100,100,59.1,9.507246,Very Low,64.6,9.44551,100,1747008000,Very Low,9.113168,10.632882,Very Low,12.5728,56.4,13.884058,100,1747008000,11.884058
2025-05-12T00:06:31Z,0,29.906,70.8,60,59.8,0,1,24,85,0.0,255,32767,0.0,2127-15-31,0.0,0.16,26.24,0.0,0.0,0.0,0,4.828125,6,45,05:49,20:11,2025-05-12 00:06:31.298596,Città della Scienza,74.9,10.528843,14.172813,11.39146,7.6381874,EU EEA Common AQI,64.6,9.547734,12.780568,7200,10.73913,100,100,59.1,9.507246,Very Low,64.6,9.44551,100,1747008000,Very Low,9.113168,10.632882,Very Low,12.5728,56.4,13.884058,100,1747008000,11.884058
2025-05-12T00:06:42Z,0,29.906,70.8,60,59.7,0,1,24,85,0.0,255,32767,0.0,2127-15-31,0.0,0.16,26.24,0.0,0.0,0.0,0,4.828125,6,45,05:49,20:11,2025-05-12 00:06:42.404592,Città della Scienza,74.9,10.528843,14.172813,11.39146,7.6381874,EU EEA Common AQI,64.6,9.547734,12.780568,7200,10.73913,100,100,59.1,9.507246,Very Low,64.6,9.44551,100,1747008000,Very Low,9.113168,10.632882,Very Low,12.5728,56.4,13.884058,100,1747008000,11.884058
2025-05-12T00:06:53Z,0,29.906,70.8,60,59.8,0,1,24,85,0.0,255,32767,0.0,2127-15-31,0.0,0.16,26.24,0.0,0.0,0.0,0,4.828125,6,45,05:49,20:11,2025-05-12 00:06:53.521586,Città della Scienza,74.9,10.528843,14.172813,11.39146,7.6381874,EU EEA Common AQI,64.6,9.547734,12.780568,7200,10.73913,100,100,59.1,9.507246,Very Low,64.6,9.44551,100,1747008000,Very Low,9.113168,10.632882,Very Low,12.5728,56.4,13.884058,100,1747008000,11.884058
2025-05-12T00:07:04Z,0,29.906,70.8,60,59.7,0,1,24,85,0.0,255,32767,0.0,2127-15-31,0.0,0.16,26.24,0.0,0.0,0.0,0,4.828125,6,45,05:49,20:11,2025-05-12 00:07:04.543594,Città della Scienza,74.9,10.528843,14.172813,11.39146,7.6381874,EU EEA Common AQI,64.6,9.547734,12.780568,7200,10.73913,100,100,59.1,9.507246,Very Low,64.6,9.44551,100,1747008000,Very Low,9.113168,10.632882,Very Low,12.5728,56.4,13.884058,100,1747008000,11.884058
2025-05-12T00:07:15Z,0,29.906,70.8,60,59.7,0,1,24,85,0.0,255,32767,0.0,2127-15-31,0.0,0.16,26.24,0.0,0.0,0.0,0,4.828125,6,45,05:49,20:11,2025-05-12 00:07:15.592593,Città della Scienza,74.9,10.528843,14.172813,11.39146,7.6381874,EU EEA Common AQI,64.6,9.547734,12.780568,7200,10.73913,100,100,59.1,9.507246,Very Low,64.6,9.44551,100,1747008000,Very Low,9.113168,10.632882,Very Low,12.5728,56.4,13.884058,100,1747008000,11.884058
2025-05-12T00:07:26Z,0,29.906,70.8,60,59.7,0,1,24,85,0.0,255,32767,0.0,2127-15-31,0.0,0.16,26.24,0.0,0.0,0.0,0,4.828125,6,45,05:49,20:11,2025-05-12 00:07:26.698589,Città della Scienza,74.9,10.528843,14.172813,11.39146,7.6381874,EU EEA Common AQI,64.6,9.547734,12.780568,7200,10.73913,100,100,59.1,9.507246,Very Low,64.6,9.44551,100,1747008000,Very Low,9.113168,10.632882,Very Low,12.5728,56.4,13.884058,100,1747008000,11.884058
2025-05-12T00:07:37Z,0,29.906,70.8,60,59.7,0,1,24,85,0.0,255,32767,0.0,2127-15-31,0.0,0.16,26.24,0.0,0.0,0.0,0,4.828125,6,45,05:49,20:11,2025-05-12 00:07:37.750592,Città della Scienza,74.9,10.528843,14.172813,11.39146,7.6381874,EU EEA Common AQI,64.6,9.547734,12.780568,7200,10.73913,100,100,59.1,9.507246,Very Low,64.6,9.44551,100,1747008000,Very Low,9.113168,10.632882,Very Low,12.5728,56.4,13.884058,100,1747008000,11.884058
2025-05-12T00:07:49Z,0,29.906,70.8,60,59.6,2,1,24,85,0.0,255,32767,0.0,2127-15-31,0.0,0.16,26.24,0.0,0.0,0.0,0,4.828125,6,45,05:49,20:11,2025-05-12 00:07:48.803594,Città della Scienza,74.9,10.528843,14.172813,11.39146,7.6381874,EU EEA Common AQI,64.6,9.547734,12.780568,7200,10.73913,100,100,59.1,9.507246,Very Low,64.6,9.44551,100,1747008000,Very Low,9.113168,10.632882,Very Low,12.5728,56.4,13.884058,100,1747008000,11.884058
2025-05-12T00:08:00Z,0,29.906,70.8,60,59.6,2,1,24,85,0.0,255,32767,0.0,2127-15-31,0.0,0.16,26.24,0.0,0.0,0.0,0,4.828125,6,45,05:49,20:11,2025-05-12 00:07:59.926597,Città della Scienza,74.9,10.528843,14.172813,11.39146,7.6381874,EU EEA Common AQI,64.6,9.547734,12.780568,7200,10.73913,100,100,59.1,9.507246,Very Low,64.6,9.44551,100,1747008000,Very Low,9.113168,10.632882,Very Low,12.5728,56.4,13.884058,100,1747008000,11.884058
2025-05-12T00:08:11Z,0,29.906,70.8,60,59.6,1,1,24,85,0.0,255,32767,0.0,2127-15-31,0.0,0.16,26.24,0.0,0.0,0.0,0,4.828125,6,45,05:49,20:11,2025-05-12 00:08:11.003597,Città della Scienza,74.9,10.528843,14.172813,11.39146,7.6381874,EU EEA Common AQI,64.6,9.547734,12.780568,7200,10.73913,100,100,59.1,9.507246,Very Low,64.6,9.44551,100,1747008000,Very Low,9.113168,10.632882,Very Low,12.5728,56.4,13.884058,100,1747008000,11.884058
2025-05-12T00:08:22Z,0,29.906,70.8,60,59.5,1,1,24,85,0.0,255,32767,0.0,2127-15-31,0.0,0.16,26.24,0.0,0.0,0.0,0,4.828125,6,45,05:49,20:11,2025-05-12 00:08:22.060598,Città della Scienza,74.9,10.528843,14.172813,11.39146,7.6381874,EU EEA Common AQI,64.6,9.547734,12.780568,7200,10.73913,100,100,59.1,9.507246,Very Low,64.6,9.44551,100,1747008000,Very Low,9.113168,10.632882,Very Low,12.5728,56.4,13.884058,100,1747008000,11.884058
2025-05-12T00:08:33Z,0,29.906,70.7,60,59.5,1,1,24,85,0.0,255,32767,0.0,2127-15-31,0.0,0.16,26.24,0.0,0.0,0.0,0,4.828125,6,45,05:49,20:11,2025-05-12 00:08:33.131600,Città della Scienza,74.9,10.528843,14.172813,11.39146,7.6381874,EU EEA Common AQI,64.6,9.547734,12.780568,7200,10.73913,100,100,59.1,9.507246,Very Low,64.6,9.44551,100,1747008000,Very Low,9.113168,10.632882,Very Low,12.5728,56.4,13.884058,100,1747008000,11.884058
2025-05-12T00:08:44Z,0,29.906,70.7,60,59.5,2,1,24,85,0.0,255,32767,0.0,2127-15-31,0.0,0.16,26.24,0.0,0.0,0.0,0,4.828125,6,45,05:49,20:11,2025-05-12 00:08:44.242590,Città della Scienza,74.9,10.528843,14.172813,11.39146,7.6381874,EU EEA Common AQI,64.6,9.547734,12.780568,7200,10.73913,100,100,59.1,9.507246,Very Low,64.6,9.44551,100,1747008000,Very Low,9.113168,10.632882,Very Low,12.5728,56.4,13.884058,100,1747008000,11.884058
2025-05-12T00:08:55Z,0,29.906,70.7,60,59.5,2,1,24,85,0.0,255,32767,0.0,2127-15-31,0.0,0.16,26.24,0.0,0.0,0.0,0,4.828125,6,45,05:49,20:11,2025-05-12 00:08:55.283582,Città della Scienza,74.9,10.528843,14.172813,11.39146,7.6381874,EU EEA Common AQI,64.6,9.547734,12.780568,7200,10.73913,100,100,59.1,9.507246,Very Low,64.6,9.44551,100,1747008000,Very Low,9.113168,10.632882,Very Low,12.5728,56.4,13.884058,100,1747008000,11.884058
2025-05-12T00:09:06Z,0,29.906,70.7,60,59.5,1,1,24,85,0.0,255,32767,0.0,2127-15-31,0.0,0.16,26.24,0.0,0.0,0.0,0,4.828125,6,45,05:49,20:11,2025-05-12 00:09:06.358602,Città della Scienza,74.9,10.528843,14.172813,11.39146,7.6381874,EU EEA Common AQI,64.6,9.547734,12.780568,7200,10.73913,100,100,59.1,9.507246,Very Low,64.6,9.44551,100,1747008000,Very Low,9.113168,10.632882,Very Low,12.5728,56.4,13.884058,100,1747008000,11.884058
2025-05-12T00:09:17Z,0,29.906,70.7,60,59.5,1,1,24,85,0.0,255,32767,0.0,2127-15-31,0.0,0.16,26.24,0.0,0.0,0.0,0,4.828125,6,45,05:49,20:11,2025-05-12 00:09:17.439596,Città della Scienza,74.9,10.528843,14.172813,11.39146,7.6381874,EU EEA Common AQI,64.6,9.547734,12.780568,7200,10.73913,100,100,59.1,9.507246,Very Low,64.6,9.44551,100,1747008000,Very Low,9.113168,10.632882,Very Low,12.5728,56.4,13.884058,100,1747008000,11.884058
2025-05-12T00:09:28Z,0,29.906,70.7,60,59.5,1,1,24,85,0.0,255,32767,0.0,2127-15-31,0.0,0.16,26.24,0.0,0.0,0.0,0,4.828125,6,45,05:49,20:11,2025-05-12 00:09:28.495594,Città della Scienza,74.9,10.528843,14.172813,11.39146,7.6381874,EU EEA Common AQI,64.6,9.547734,12.780568,7200,10.73913,100,100,59.1,9.507246,Very Low,64.6,9.44551,100,1747008000,Very Low,9.113168,10.632882,Very Low,12.5728,56.4,13.884058,100,1747008000,11.884058
2025-05-12T00:09:39Z,0,29.905,70.7,60,59.5,0,1,24,85,0.0,255,32767,0.0,2127-15-31,0.0,0.16,26.24,0.0,0.0,0.0,0,4.828125,6,45,05:49,20:11,2025-05-12 00:09:39.586593,Città della Scienza,74.9,10.528843,14.172813,11.39146,7.6381874,EU EEA Common AQI,64.6,9.547734,12.780568,7200,10.73913,100,100,59.1,9.507246,Very Low,64.6,9.44551,100,1747008000,Very Low,9.113168,10.632882,Very Low,12.5728,56.4,13.884058,100,1747008000,11.884058
2025-05-12T00:09:50Z,0,29.905,70.7,60,59.5,1,1,24,85,0.0,255,32767,0.0,2127-15-31,0.0,0.16,26.24,0.0,0.0,0.0,0,4.828125,6,45,05:49,20:11,2025-05-12 00:09:50.705592,Città della Scienza,74.9,10.528843,14.172813,11.39146,7.6381874,EU EEA Common AQI,64.6,9.547734,12.780568,7200,10.73913,100,100,59.1,9.507246,Very Low,64.6,9.44551,100,1747008000,Very Low,9.113168,10.632882,Very Low,12.5728,56.4,13.884058,100,1747008000,11.884058
2025-05-12T00:10:02Z,0,29.905,70.7,60,59.4,0,1,24,85,0.0,255,32767,0.0,2127-15-31,0.0,0.16,26.24,0.0,0.0,0.0,0,4.828125,6,45,05:49,20:11,2025-05-12 00:10:01.825596,Città della Scienza,74.9,10.528843,14.172813,11.39146,7.6381874,EU EEA Common AQI,64.6,9.547734,12.780568,7200,10.73913,100,100,59.1,9.507246,Very Low,64.6,9.44551,100,1747008000,Very Low,9.113168,10.632882,Very Low,12.5728,56.4,13.884058,100,1747008000,11.884058
2025-05-12T00:10:13Z,0,29.905,70.7,60,59.4,1,1,24,85,0.0,255,32767,0.0,2127-15-31,0.0,0.16,26.24,0.0,0.0,0.0,0,4.828125,6,45,05:49,20:11,2025-05-12 00:10:12.883613,Città della Scienza,74.9,10.528843,14.172813,11.39146,7.6381874,EU EEA Common AQI,64.6,9.547734,12.780568,7200,10.73913,100,100,59.1,9.507246,Very Low,64.6,9.44551,100,1747008000,Very Low,9.113168,10.632882,Very Low,12.5728,56.4,13.884058,100,1747008000,11.884058
2025-05-12T00:10:24Z,0,29.905,70.7,60,59.4,0,1,24,85,0.0,255,32767,0.0,2127-15-31,0.0,0.16,26.24,0.0,0.0,0.0,0,4.828125,6,45,05:49,20:11,2025-05-12 00:10:23.994588,Città della Scienza,74.9,10.528843,14.172813,11.39146,7.6381874,EU EEA Common AQI,64.6,9.547734,12.780568,7200,10.73913,100,100,59.1,9.507246,Very Low,64.6,9.44551,100,1747008000,Very Low,9.113168,10.632882,Very Low,12.5728,56.4,13.884058,100,1747008000,11.884058
2025-05-12T00:10:35Z,0,29.906,70.6,60,59.4,0,1,24,85,0.0,255,32767,0.0,2127-15-31,0.0,0.16,26.24,0.0,0.0,0.0,0,4.828125,6,45,05:49,20:11,2025-05-12 00:10:35.117592,Città della Scienza,74.9,10.528843,14.172813,11.39146,7.6381874,EU EEA Common AQI,64.6,9.547734,12.780568,7200,10.73913,100,100,59.1,9.507246,Very Low,64.6,9.44551,100,1747008000,Very Low,9.113168,10.632882,Very Low,12.5728,56.4,13.884058,100,1747008000,11.884058
2025-05-12T00:10:46Z,0,29.906,70.6,60,59.4,0,1,24,85,0.0,255,32767,0.0,2127-15-31,0.0,0.16,26.24,0.0,0.0,0.0,0,4.828125,6,45,05:49,20:11,2025-05-12 00:10:46.188599,Città della Scienza,74.9,10.528843,14.172813,11.39146,7.6381874,EU EEA Common AQI,64.6,9.547734,12.780568,7200,10.73913,100,100,59.1,9.507246,Very Low,64.6,9.44551,100,1747008000,Very Low,9.113168,10.632882,Very Low,12.5728,56.4,13.884058,100,1747008000,11.884058
2025-05-12T00:10:57Z,0,29.906,70.6,60,59.4,1,1,24,85,0.0,255,32767,0.0,2127-15-31,0.0,0.16,26.24,0.0,0.0,0.0,0,4.828125,6,45,05:49,20:11,2025-05-12 00:10:57.290583,Città della Scienza,74.9,10.528843,14.172813,11.39146,7.6381874,EU EEA Common AQI,64.6,9.547734,12.780568,7200,10.73913,100,100,59.1,9.507246,Very Low,64.6,9.44551,100,1747008000,Very Low,9.113168,10.632882,Very Low,12.5728,56.4,13.884058,100,1747008000,11.884058
2025-05-12T00:11:08Z,0,29.906,70.6,60,59.3,1,1,24,85,0.0,255,32767,0.0,2127-15-31,0.0,0.16,26.24,0.0,0.0,0.0,0,4.828125,6,45,05:49,20:11,2025-05-12 00:11:08.379608,Città della Scienza,74.9,10.528843,14.172813,11.39146,7.6381874,EU EEA Common AQI,64.6,9.547734,12.780568,7200,10.73913,100,100,59.1,9.507246,Very Low,64.6,9.44551,100,1747008000,Very Low,9.113168,10.632882,Very Low,12.5728,56.4,13.884058,100,1747008000,11.884058
2025-05-12T00:11:19Z,0,29.906,70.6,60,59.3,1,1,24,85,0.0,255,32767,0.0,2127-15-31,0.0,0.16,26.24,0.0,0.0,0.0,0,4.828125,6,45,05:49,20:11,2025-05-12 00:11:19.473582,Città della Scienza,74.9,10.528843,14.172813,11.39146,7.6381874,EU EEA Common AQI,64.6,9.547734,12.780568,7200,10.73913,100,100,59.1,9.507246,Very Low,64.6,9.44551,100,1747008000,Very Low,9.113168,10.632882,Very Low,12.5728,56.4,13.884058,100,1747008000,11.884058
2025-05-12T00:11:30Z,0,29.906,70.6,60,59.4,1,1,24,85,0.0,255,32767,0.0,2127-15-31,0.0,0.16,26.24,0.0,0.0,0.0,0,4.828125,6,45,05:49,20:11,2025-05-12 00:11:30.595602,Città della Scienza,74.9,10.528843,14.172813,11.39146,7.6381874,EU EEA Common AQI,64.6,9.547734,12.780568,7200,10.73913,100,100,59.1,9.507246,Very Low,64.6,9.44551,100,1747008000,Very Low,9.113168,10.632882,Very Low,12.5728,56.4,13.884058,100,1747008000,11.884058
2025-05-12T00:11:41Z,0,29.906,70.6,60,59.3,0,1,24,85,0.0,255,32767,0.0,2127-15-31,0.0,0.16,26.24,0.0,0.0,0.0,0,4.828125,6,45,05:49,20:11,2025-05-12 00:11:41.629594,Città della Scienza,74.9,10.528843,14.172813,11.39146,7.6381874,EU EEA Common AQI,64.6,9.547734,12.780568,7200,10.73913,100,100,59.1,9.507246,Very Low,64.6,9.44551,100,1747008000,Very Low,9.113168,10.632882,Very Low,12.5728,56.4,13.884058,100,1747008000,11.884058
2025-05-12T00:11:52Z,0,29.906,70.6,60,59.3,0,1,24,85,0.0,255,32767,0.0,2127-15-31,0.0,0.16,26.24,0.0,0.0,0.0,0,4.828125,6,45,05:49,20:11,2025-05-12 00:11:52.707580,Città della Scienza,74.9,10.528843,14.172813,11.39146,7.6381874,EU EEA Common AQI,64.6,9.547734,12.780568,7200,10.73913,100,100,59.1,9.507246,Very Low,64.6,9.44551,100,1747008000,Very Low,9.113168,10.632882,Very Low,12.5728,56.4,13.884058,100,1747008000,11.884058
2025-05-12T00:12:03Z,0,29.906,70.6,60,59.3,0,1,24,85,0.0,255,32767,0.0,2127-15-31,0.0,0.16,26.24,0.0,0.0,0.0,0,4.828125,6,45,05:49,20:11,2025-05-12 00:12:03.778594,Città della Scienza,74.9,10.528843,14.172813,11.39146,7.6381874,EU EEA Common AQI,64.6,9.547734,12.780568,7200,10.73913,100,100,59.1,9.507246,Very Low,64.6,9.44551,100,1747008000,Very Low,9.113168,10.632882,Very Low,12.5728,56.4,13.884058,100,1747008000,11.884058
2025-05-12T00:12:15Z,0,29.906,70.6,60,59.3,0,1,24,85,0.0,255,32767,0.0,2127-15-31,0.0,0.16,26.24,0.0,0.0,0.0,0,4.828125,6,45,05:49,20:11,2025-05-12 00:12:14.893598,Città della Scienza,74.9,10.528843,14.172813,11.39146,7.6381874,EU EEA Common AQI,64.6,9.547734,12.780568,7200,10.73913,100,100,59.1,9.507246,Very Low,64.6,9.44551,100,1747008000,Very Low,9.113168,10.632882,Very Low,12.5728,56.4,13.884058,100,1747008000,11.884058
2025-05-12T00:12:26Z,0,29.906,70.6,60,59.3,0,1,24,85,0.0,255,32767,0.0,2127-15-31,0.0,0.16,26.24,0.0,0.0,0.0,0,4.828125,6,45,05:49,20:11,2025-05-12 00:12:25.971592,Città della Scienza,74.9,10.528843,14.172813,11.39146,7.6381874,EU EEA Common AQI,64.6,9.547734,12.780568,7200,10.73913,100,100,59.1,9.507246,Very Low,64.6,9.44551,100,1747008000,Very Low,9.113168,10.632882,Very Low,12.5728,56.4,13.884058,100,1747008000,11.884058
2025-05-12T00:12:37Z,0,29.905,70.6,60,59.3,0,1,24,85,0.0,255,32767,0.0,2127-15-31,0.0,0.16,26.24,0.0,0.0,0.0,0,4.828125,6,45,05:49,20:11,2025-05-12 00:12:37.135593,Città della Scienza,74.9,10.528843,14.172813,11.39146,7.6381874,EU EEA Common AQI,64.6,9.547734,12.780568,7200,10.73913,100,100,59.1,9.507246,Very Low,64.6,9.44551,100,1747008000,Very Low,9.113168,10.632882,Very Low,12.5728,56.4,13.884058,100,1747008000,11.884058
2025-05-12T00:12:48Z,0,29.905,70.6,60,59.3,0,1,24,85,0.0,255,32767,0.0,2127-15-31,0.0,0.16,26.24,0.0,0.0,0.0,0,4.828125,6,45,05:49,20:11,2025-05-12 00:12:48.241603,Città della Scienza,74.9,10.528843,14.172813,11.39146,7.6381874,EU EEA Common AQI,64.6,9.547734,12.780568,7200,10.73913,100,100,59.1,9.507246,Very Low,64.6,9.44551,100,1747008000,Very Low,9.113168,10.632882,Very Low,12.5728,56.4,13.884058,100,1747008000,11.884058
2025-05-12T00:12:59Z,0,29.905,70.6,60,59.3,0,1,24,85,0.0,255,32767,0.0,2127-15-31,0.0,0.16,26.24,0.0,0.0,0.0,0,4.828125,6,45,05:49,20:11,2025-05-12 00:12:59.385592,Città della Scienza,74.9,10.528843,14.172813,11.39146,7.6381874,EU EEA Common AQI,64.6,9.547734,12.780568,7200,10.73913,100,100,59.1,9.507246,Very Low,64.6,9.44551,100,1747008000,Very Low,9.113168,10.632882,Very Low,12.5728,56.4,13.884058,100,1747008000,11.884058
2025-05-12T00:13:10Z,0,29.905,70.6,60,59.3,0,1,24,85,0.0,255,32767,0.0,2127-15-31,0.0,0.16,26.24,0.0,0.0,0.0,0,4.828125,6,45,05:49,20:11,2025-05-12 00:13:10.493585,Città della Scienza,74.9,10.528843,14.172813,11.39146,7.6381874,EU EEA Common AQI,64.6,9.547734,12.780568,7200,10.73913,100,100,59.1,9.507246,Very Low,64.6,9.44551,100,1747008000,Very Low,9.113168,10.632882,Very Low,12.5728,56.4,13.884058,100,1747008000,11.884058
2025-05-12T00:13:21Z,0,29.905,70.6,60,59.3,0,1,24,85,0.0,255,32767,0.0,2127-15-31,0.0,0.16,26.24,0.0,0.0,0.0,0,4.828125,6,45,05:49,20:11,2025-05-12 00:13:21.544594,Città della Scienza,74.9,10.528843,14.172813,11.39146,7.6381874,EU EEA Common AQI,64.6,9.547734,12.780568,7200,10.73913,100,100,59.1,9.507246,Very Low,64.6,9.44551,100,1747008000,Very Low,9.113168,10.632882,Very Low,12.5728,56.4,13.884058,100,1747008000,11.884058
2025-05-12T00:13:32Z,0,29.905,70.6,60,59.3,0,1,24,85,0.0,255,32767,0.0,2127-15-31,0.0,0.16,26.24,0.0,0.0,0.0,0,4.828125,6,45,05:49,20:11,2025-05-12 00:13:32.617605,Città della Scienza,74.9,10.528843,14.172813,11.39146,7.6381874,EU EEA Common AQI,64.6,9.547734,12.780568,7200,10.73913,100,100,59.1,9.507246,Very Low,64.6,9.44551,100,1747008000,Very Low,9.113168,10.632882,Very Low,12.5728,56.4,13.884058,100,1747008000,11.884058
2025-05-12T00:13:43Z,0,29.905,70.6,60,59.2,0,1,24,85,0.0,255,32767,0.0,2127-15-31,0.0,0.16,26.24,0.0,0.0,0.0,0,4.828125,6,45,05:49,20:11,2025-05-12 00:13:43.718599,Città della Scienza,74.9,10.528843,14.172813,11.39146,7.6381874,EU EEA Common AQI,64.6,9.547734,12.780568,7200,10.73913,100,100,59.1,9.507246,Very Low,64.6,9.44551,100,1747008000,Very Low,9.113168,10.632882,Very Low,12.5728,56.4,13.884058,100,1747008000,11.884058
2025-05-12T00:13:55Z,0,29.905,70.6,60,59.2,0,1,24,85,0.0,255,32767,0.0,2127-15-31,0.0,0.16,26.24,0.0,0.0,0.0,0,4.828125,6,45,05:49,20:11,2025-05-12 00:13:54.827592,Città della Scienza,74.9,10.528843,14.172813,11.39146,7.6381874,EU EEA Common AQI,64.6,9.547734,12.780568,7200,10.73913,100,100,59.1,9.507246,Very Low,64.6,9.44551,100,1747008000,Very Low,9.113168,10.632882,Very Low,12.5728,56.4,13.884058,100,1747008000,11.884058
2025-05-12T00:14:06Z,0,29.905,70.6,60,59.2,0,1,24,85,0.0,255,32767,0.0,2127-15-31,0.0,0.16,26.24,0.0,0.0,0.0,0,4.828125,6,45,05:49,20:11,2025-05-12 00:14:05.867595,Città della Scienza,74.9,10.528843,14.172813,11.39146,7.6381874,EU EEA Common AQI,64.6,9.547734,12.780568,7200,10.73913,100,100,59.1,9.507246,Very Low,64.6,9.44551,100,1747008000,Very Low,9.113168,10.632882,Very Low,12.5728,56.4,13.884058,100,1747008000,11.884058
2025-05-12T00:14:17Z,0,29.905,70.6,60,59.2,0,1,24,85,0.0,255,32767,0.0,2127-15-31,0.0,0.16,26.24,0.0,0.0,0.0,0,4.828125,6,45,05:49,20:11,2025-05-12 00:14:16.950591,Città della Scienza,74.9,10.528843,14.172813,11.39146,7.6381874,EU EEA Common AQI,64.6,9.547734,12.780568,7200,10.73913,100,100,59.1,9.507246,Very Low,64.6,9.44551,100,1747008000,Very Low,9.113168,10.632882,Very Low,12.5728,56.4,13.884058,100,1747008000,11.884058
2025-05-12T00:14:28Z,0,29.905,70.6,60,59.3,0,1,24,85,0.0,255,32767,0.0,2127-15-31,0.0,0.16,26.24,0.0,0.0,0.0,0,4.828125,6,45,05:49,20:11,2025-05-12 00:14:27.996587,Città della Scienza,74.9,10.528843,14.172813,11.39146,7.6381874,EU EEA Common AQI,64.6,9.547734,12.780568,7200,10.73913,100,100,59.1,9.507246,Very Low,64.6,9.44551,100,1747008000,Very Low,9.113168,10.632882,Very Low,12.5728,56.4,13.884058,100,1747008000,11.884058
2025-05-12T00:14:39Z,0,29.906,70.6,61,59.3,0,1,24,85,0.0,255,32767,0.0,2127-15-31,0.0,0.16,26.24,0.0,0.0,0.0,0,4.828125,6,45,05:49,20:11,2025-05-12 00:14:39.108592,Città della Scienza,74.9,10.528843,14.172813,11.39146,7.6381874,EU EEA Common AQI,64.6,9.547734,12.780568,7200,10.73913,100,100,59.1,9.507246,Very Low,64.6,9.44551,100,1747008000,Very Low,9.113168,10.632882,Very Low,12.5728,56.4,13.884058,100,1747008000,11.884058
2025-05-12T00:14:50Z,0,29.906,70.6,61,59.3,1,1,24,85,0.0,255,32767,0.0,2127-15-31,0.0,0.16,26.24,0.0,0.0,0.0,0,4.828125,6,45,05:49,20:11,2025-05-12 00:14:50.161595,Città della Scienza,74.9,10.528843,14.172813,11.39146,7.6381874,EU EEA Common AQI,64.6,9.547734,12.780568,7200,10.73913,100,100,59.1,9.507246,Very Low,64.6,9.44551,100,1747008000,Very Low,9.113168,10.632882,Very Low,12.5728,56.4,13.884058,100,1747008000,11.884058
2025-05-12T00:15:01Z,0,29.906,70.6,61,59.3,0,1,24,85,0.0,255,32767,0.0,2127-15-31,0.0,0.16,26.24,0.0,0.0,0.0,0,4.828125,6,45,05:49,20:11,2025-05-12 00:15:01.263597,Città della Scienza,74.9,10.528843,14.172813,11.39146,7.6381874,EU EEA Common AQI,64.6,9.547734,12.780568,7200,10.73913,100,100,59.1,9.507246,Very Low,64.6,9.44551,100,1747008000,Very Low,9.113168,10.632882,Very Low,12.5728,56.4,13.884058,100,1747008000,11.884058
2025-05-12T00:15:12Z,0,29.906,70.6,61,59.3,0,1,24,85,0.0,255,32767,0.0,2127-15-31,0.0,0.16,26.24,0.0,0.0,0.0,0,4.828125,6,45,05:49,20:11,2025-05-12 00:15:12.349557,Città della Scienza,74.9,10.528843,14.172813,11.39146,7.6381874,EU EEA Common AQI,64.6,9.547734,12.780568,7200,10.73913,100,100,59.1,9.507246,Very Low,64.6,9.44551,100,1747008000,Very Low,9.113168,10.632882,Very Low,12.5728,56.4,13.884058,100,1747008000,11.884058
2025-05-12T00:15:23Z,0,29.906,70.6,61,59.2,1,1,24,85,0.0,255,32767,0.0,2127-15-31,0.0,0.16,26.24,0.0,0.0,0.0,0,4.828125,6,45,05:49,20:11,2025-05-12 00:15:23.438594,Città della Scienza,76.0,11.036593,14.105182,12.170345,8.062502,EU EEA Common AQI,64.4,10.078129,12.721973,7200,9.913043,100,100,59.2,8.684057,Very Low,64.4,9.932007,100,1747008900,Very Low,9.736276,11.164567,Very Low,13.309261,56.6,11.666667,100,1747008900,10.855072
2025-05-12T00:15:34Z,0,29.905,70.6,61,59.3,0,0,24,85,0.0,255,32767,0.0,2127-15-31,0.0,0.16,26.24,0.0,0.0,0.0,0,4.828125,6,45,05:49,20:11,2025-05-12 00:15:34.489593,Città della Scienza,76.0,11.036593,14.105182,12.170345,8.062502,EU EEA Common AQI,64.4,10.078129,12.721973,7200,9.913043,100,100,59.2,8.684057,Very Low,64.4,9.932007,100,1747008900,Very Low,9.736276,11.164567,Very Low,13.309261,56.6,11.666667,100,1747008900,10.855072
2025-05-12T00:15:45Z,0,29.905,70.6,61,59.3,0,0,24,86,0.0,255,32767,0.0,2127-15-31,0.0,0.16,26.24,0.0,0.0,0.0,0,4.828125,6,45,05:49,20:11,2025-05-12 00:15:45.608610,Città della Scienza,76.0,11.036593,14.105182,12.170345,8.062502,EU EEA Common AQI,64.4,10.078129,12.721973,7200,9.913043,100,100,59.2,8.684057,Very Low,64.4,9.932007,100,1747008900,Very Low,9.736276,11.164567,Very Low,13.309261,56.6,11.666667,100,1747008900,10.855072
2025-05-12T00:15:56Z,0,29.905,70.6,61,59.3,0,0,24,86,0.0,255,32767,0.0,2127-15-31,0.0,0.16,26.24,0.0,0.0,0.0,0,4.828125,6,45,05:49,20:11,2025-05-12 00:15:56.686610,Città della Scienza,76.0,11.036593,14.105182,12.170345,8.062502,EU EEA Common AQI,64.4,10.078129,12.721973,7200,9.913043,100,100,59.2,8.684057,Very Low,64.4,9.932007,100,1747008900,Very Low,9.736276,11.164567,Very Low,13.309261,56.6,11.666667,100,1747008900,10.855072
2025-05-12T00:16:08Z,0,29.905,70.6,61,59.3,0,0,24,86,0.0,255,32767,0.0,2127-15-31,0.0,0.16,26.24,0.0,0.0,0.0,0,4.828125,6,45,05:49,20:11,2025-05-12 00:16:07.805589,Città della Scienza,76.0,11.036593,14.105182,12.170345,8.062502,EU EEA Common AQI,64.4,10.078129,12.721973,7200,9.913043,100,100,59.2,8.684057,Very Low,64.4,9.932007,100,1747008900,Very Low,9.736276,11.164567,Very Low,13.309261,56.6,11.666667,100,1747008900,10.855072
2025-05-12T00:16:19Z,0,29.905,70.6,61,59.3,0,0,24,86,0.0,255,32767,0.0,2127-15-31,0.0,0.16,26.24,0.0,0.0,0.0,0,4.828125,6,45,05:49,20:11,2025-05-12 00:16:18.900595,Città della Scienza,76.0,11.036593,14.105182,12.170345,8.062502,EU EEA Common AQI,64.4,10.078129,12.721973,7200,9.913043,100,100,59.2,8.684057,Very Low,64.4,9.932007,100,1747008900,Very Low,9.736276,11.164567,Very Low,13.309261,56.6,11.666667,100,1747008900,10.855072
2025-05-12T00:16:30Z,0,29.905,70.6,61,59.3,0,0,24,86,0.0,255,32767,0.0,2127-15-31,0.0,0.16,26.24,0.0,0.0,0.0,0,4.828125,6,45,05:49,20:11,2025-05-12 00:16:29.985590,Città della Scienza,76.0,11.036593,14.105182,12.170345,8.062502,EU EEA Common AQI,64.4,10.078129,12.721973,7200,9.913043,100,100,59.2,8.684057,Very Low,64.4,9.932007,100,1747008900,Very Low,9.736276,11.164567,Very Low,13.309261,56.6,11.666667,100,1747008900,10.855072
2025-05-12T00:16:41Z,0,29.906,70.6,61,59.3,0,0,24,86,0.0,255,32767,0.0,2127-15-31,0.0,0.16,26.24,0.0,0.0,0.0,0,4.828125,6,45,05:49,20:11,2025-05-12 00:16:41.071592,Città della Scienza,76.0,11.036593,14.105182,12.170345,8.062502,EU EEA Common AQI,64.4,10.078129,12.721973,7200,9.913043,100,100,59.2,8.684057,Very Low,64.4,9.932007,100,1747008900,Very Low,9.736276,11.164567,Very Low,13.309261,56.6,11.666667,100,1747008900,10.855072
2025-05-12T00:16:52Z,0,29.906,70.6,61,59.3,0,0,24,86,0.0,255,32767,0.0,2127-15-31,0.0,0.16,26.24,0.0,0.0,0.0,0,4.828125,6,45,05:49,20:11,2025-05-12 00:16:52.133592,Città della Scienza,76.0,11.036593,14.105182,12.170345,8.062502,EU EEA Common AQI,64.4,10.078129,12.721973,7200,9.913043,100,100,59.2,8.684057,Very Low,64.4,9.932007,100,1747008900,Very Low,9.736276,11.164567,Very Low,13.309261,56.6,11.666667,100,1747008900,10.855072
2025-05-12T00:17:03Z,0,29.906,70.6,61,59.3,0,0,24,86,0.0,255,32767,0.0,2127-15-31,0.0,0.16,26.24,0.0,0.0,0.0,0,4.828125,6,45,05:49,20:11,2025-05-12 00:17:03.198595,Città della Scienza,76.0,11.036593,14.105182,12.170345,8.062502,EU EEA Common AQI,64.4,10.078129,12.721973,7200,9.913043,100,100,59.2,8.684057,Very Low,64.4,9.932007,100,1747008900,Very Low,9.736276,11.164567,Very Low,13.309261,56.6,11.666667,100,1747008900,10.855072
2025-05-12T00:17:14Z,0,29.906,70.6,61,59.3,0,0,24,86,0.0,255,32767,0.0,2127-15-31,0.0,0.16,26.24,0.0,0.0,0.0,0,4.828125,6,45,05:49,20:11,2025-05-12 00:17:14.273585,Città della Scienza,76.0,11.036593,14.105182,12.170345,8.062502,EU EEA Common AQI,64.4,10.078129,12.721973,7200,9.913043,100,100,59.2,8.684057,Very Low,64.4,9.932007,100,1747008900,Very Low,9.736276,11.164567,Very Low,13.309261,56.6,11.666667,100,1747008900,10.855072
2025-05-12T00:17:25Z,0,29.906,70.6,61,59.3,1,0,24,86,0.0,255,32767,0.0,2127-15-31,0.0,0.16,26.24,0.0,0.0,0.0,0,4.828125,6,45,05:49,20:11,2025-05-12 00:17:25.364600,Città della Scienza,76.0,11.036593,14.105182,12.170345,8.062502,EU EEA Common AQI,64.4,10.078129,12.721973,7200,9.913043,100,100,59.2,8.684057,Very Low,64.4,9.932007,100,1747008900,Very Low,9.736276,11.164567,Very Low,13.309261,56.6,11.666667,100,1747008900,10.855072
2025-05-12T00:17:36Z,0,29.904,70.6,61,59.3,0,0,24,86,0.0,255,32767,0.0,2127-15-31,0.0,0.16,26.24,0.0,0.0,0.0,0,4.828125,6,45,05:49,20:11,2025-05-12 00:17:36.467607,Città della Scienza,76.0,11.036593,14.105182,12.170345,8.062502,EU EEA Common AQI,64.4,10.078129,12.721973,7200,9.913043,100,100,59.2,8.684057,Very Low,64.4,9.932007,100,1747008900,Very Low,9.736276,11.164567,Very Low,13.309261,56.6,11.666667,100,1747008900,10.855072
2025-05-12T00:17:47Z,0,29.904,70.6,61,59.3,0,0,24,86,0.0,255,32767,0.0,2127-15-31,0.0,0.16,26.24,0.0,0.0,0.0,0,4.828125,6,45,05:49,20:11,2025-05-12 00:17:47.553590,Città della Scienza,76.0,11.036593,14.105182,12.170345,8.062502,EU EEA Common AQI,64.4,10.078129,12.721973,7200,9.913043,100,100,59.2,8.684057,Very Low,64.4,9.932007,100,1747008900,Very Low,9.736276,11.164567,Very Low,13.309261,56.6,11.666667,100,1747008900,10.855072
2025-05-12T00:17:58Z,0,29.904,70.6,61,59.3,0,0,24,86,0.0,255,32767,0.0,2127-15-31,0.0,0.16,26.24,0.0,0.0,0.0,0,4.828125,6,45,05:49,20:11,2025-05-12 00:17:58.649589,Città della Scienza,76.0,11.036593,14.105182,12.170345,8.062502,EU EEA Common AQI,64.4,10.078129,12.721973,7200,9.913043,100,100,59.2,8.684057,Very Low,64.4,9.932007,100,1747008900,Very Low,9.736276,11.164567,Very Low,13.309261,56.6,11.666667,100,1747008900,10.855072
2025-05-12T00:18:09Z,0,29.904,70.6,61,59.4,0,0,24,86,0.0,255,32767,0.0,2127-15-31,0.0,0.16,26.24,0.0,0.0,0.0,0,4.828125,6,45,05:49,20:11,2025-05-12 00:18:09.771590,Città della Scienza,76.0,11.036593,14.105182,12.170345,8.062502,EU EEA Common AQI,64.4,10.078129,12.721973,7200,9.913043,100,100,59.2,8.684057,Very Low,64.4,9.932007,100,1747008900,Very Low,9.736276,11.164567,Very Low,13.309261,56.6,11.666667,100,1747008900,10.855072
2025-05-12T00:18:21Z,0,29.904,70.6,61,59.4,0,0,24,86,0.0,255,32767,0.0,2127-15-31,0.0,0.16,26.24,0.0,0.0,0.0,0,4.828125,6,45,05:49,20:11,2025-05-12 00:18:20.890592,Città della Scienza,76.0,11.036593,14.105182,12.170345,8.062502,EU EEA Common AQI,64.4,10.078129,12.721973,7200,9.913043,100,100,59.2,8.684057,Very Low,64.4,9.932007,100,1747008900,Very Low,9.736276,11.164567,Very Low,13.309261,56.6,11.666667,100,1747008900,10.855072
2025-05-12T00:18:32Z,0,29.902,70.6,61,59.4,0,0,24,86,0.0,255,32767,0.0,2127-15-31,0.0,0.16,26.24,0.0,0.0,0.0,0,4.828125,6,45,05:49,20:11,2025-05-12 00:18:31.973603,Città della Scienza,76.0,11.036593,14.105182,12.170345,8.062502,EU EEA Common AQI,64.4,10.078129,12.721973,7200,9.913043,100,100,59.2,8.684057,Very Low,64.4,9.932007,100,1747008900,Very Low,9.736276,11.164567,Very Low,13.309261,56.6,11.666667,100,1747008900,10.855072
2025-05-12T00:18:43Z,0,29.902,70.6,61,59.4,0,0,24,86,0.0,255,32767,0.0,2127-15-31,0.0,0.16,26.24,0.0,0.0,0.0,0,4.828125,6,45,05:49,20:11,2025-05-12 00:18:43.084595,Città della Scienza,76.0,11.036593,14.105182,12.170345,8.062502,EU EEA Common AQI,64.4,10.078129,12.721973,7200,9.913043,100,100,59.2,8.684057,Very Low,64.4,9.932007,100,1747008900,Very Low,9.736276,11.164567,Very Low,13.309261,56.6,11.666667,100,1747008900,10.855072
2025-05-12T00:18:54Z,0,29.902,70.6,61,59.4,0,0,24,86,0.0,255,32767,0.0,2127-15-31,0.0,0.16,26.24,0.0,0.0,0.0,0,4.828125,6,45,05:49,20:11,2025-05-12 00:18:54.170598,Città della Scienza,76.0,11.036593,14.105182,12.170345,8.062502,EU EEA Common AQI,64.4,10.078129,12.721973,7200,9.913043,100,100,59.2,8.684057,Very Low,64.4,9.932007,100,1747008900,Very Low,9.736276,11.164567,Very Low,13.309261,56.6,11.666667,100,1747008900,10.855072
2025-05-12T00:19:05Z,0,29.902,70.6,61,59.4,0,0,24,86,0.0,255,32767,0.0,2127-15-31,0.0,0.16,26.24,0.0,0.0,0.0,0,4.828125,6,45,05:49,20:11,2025-05-12 00:19:05.292607,Città della Scienza,76.0,11.036593,14.105182,12.170345,8.062502,EU EEA Common AQI,64.4,10.078129,12.721973,7200,9.913043,100,100,59.2,8.684057,Very Low,64.4,9.932007,100,1747008900,Very Low,9.736276,11.164567,Very Low,13.309261,56.6,11.666667,100,1747008900,10.855072
2025-05-12T00:19:16Z,0,29.902,70.6,61,59.4,0,0,24,86,0.0,255,32767,0.0,2127-15-31,0.0,0.16,26.24,0.0,0.0,0.0,0,4.828125,6,45,05:49,20:11,2025-05-12 00:19:16.392594,Città della Scienza,76.0,11.036593,14.105182,12.170345,8.062502,EU EEA Common AQI,64.4,10.078129,12.721973,7200,9.913043,100,100,59.2,8.684057,Very Low,64.4,9.932007,100,1747008900,Very Low,9.736276,11.164567,Very Low,13.309261,56.6,11.666667,100,1747008900,10.855072
2025-05-12T00:19:27Z,0,29.902,70.6,61,59.4,0,0,24,86,0.0,255,32767,0.0,2127-15-31,0.0,0.16,26.24,0.0,0.0,0.0,0,4.828125,6,45,05:49,20:11,2025-05-12 00:19:27.474595,Città della Scienza,76.0,11.036593,14.105182,12.170345,8.062502,EU EEA Common AQI,64.4,10.078129,12.721973,7200,9.913043,100,100,59.2,8.684057,Very Low,64.4,9.932007,100,1747008900,Very Low,9.736276,11.164567,Very Low,13.309261,56.6,11.666667,100,1747008900,10.855072
2025-05-12T00:19:38Z,0,29.904,70.6,61,59.4,0,0,24,86,0.0,255,32767,0.0,2127-15-31,0.0,0.16,26.24,0.0,0.0,0.0,0,4.828125,6,45,05:49,20:11,2025-05-12 00:19:38.546597,Città della Scienza,76.0,11.036593,14.105182,12.170345,8.062502,EU EEA Common AQI,64.4,10.078129,12.721973,7200,9.913043,100,100,59.2,8.684057,Very Low,64.4,9.932007,100,1747008900,Very Low,9.736276,11.164567,Very Low,13.309261,56.6,11.666667,100,1747008900,10.855072
2025-05-12T00:19:49Z,0,29.904,70.6,61,59.4,0,0,24,86,0.0,255,32767,0.0,2127-15-31,0.0,0.16,26.24,0.0,0.0,0.0,0,4.828125,6,45,05:49,20:11,2025-05-12 00:19:49.617627,Città della Scienza,76.0,11.036593,14.105182,12.170345,8.062502,EU EEA Common AQI,64.4,10.078129,12.721973,7200,9.913043,100,100,59.2,8.684057,Very Low,64.4,9.932007,100,1747008900,Very Low,9.736276,11.164567,Very Low,13.309261,56.6,11.666667,100,1747008900,10.855072
2025-05-12T00:20:00Z,0,29.904,70.6,61,59.4,0,0,24,86,0.0,255,32767,0.0,2127-15-31,0.0,0.16,26.24,0.0,0.0,0.0,0,4.828125,6,45,05:49,20:11,2025-05-12 00:20:00.688592,Città della Scienza,76.0,11.036593,14.105182,12.170345,8.062502,EU EEA Common AQI,64.4,10.078129,12.721973,7200,9.913043,100,100,59.2,8.684057,Very Low,64.4,9.932007,100,1747008900,Very Low,9.736276,11.164567,Very Low,13.309261,56.6,11.666667,100,1747008900,10.855072
2025-05-12T00:20:12Z,0,29.904,70.6,61,59.4,0,0,24,86,0.0,255,32767,0.0,2127-15-31,0.0,0.16,26.24,0.0,0.0,0.0,0,4.828125,6,45,05:49,20:11,2025-05-12 00:20:11.819559,Città della Scienza,76.0,11.036593,14.105182,12.170345,8.062502,EU EEA Common AQI,64.4,10.078129,12.721973,7200,9.913043,100,100,59.2,8.684057,Very Low,64.4,9.932007,100,1747008900,Very Low,9.736276,11.164567,Very Low,13.309261,56.6,11.666667,100,1747008900,10.855072
2025-05-12T00:20:23Z,0,29.904,70.6,61,59.4,0,0,24,86,0.0,255,32767,0.0,2127-15-31,0.0,0.16,26.24,0.0,0.0,0.0,0,4.828125,6,45,05:49,20:11,2025-05-12 00:20:22.883595,Città della Scienza,76.0,11.036593,14.105182,12.170345,8.062502,EU EEA Common AQI,64.4,10.078129,12.721973,7200,9.913043,100,100,59.2,8.684057,Very Low,64.4,9.932007,100,1747008900,Very Low,9.736276,11.164567,Very Low,13.309261,56.6,11.666667,100,1747008900,10.855072
2025-05-12T00:20:34Z,0,29.902,70.6,61,59.4,0,0,24,86,0.0,255,32767,0.0,2127-15-31,0.0,0.16,26.24,0.0,0.0,0.0,0,4.828125,6,45,05:49,20:11,2025-05-12 00:20:33.928591,Città della Scienza,76.0,11.036593,14.105182,12.170345,8.062502,EU EEA Common AQI,64.4,10.078129,12.721973,7200,9.913043,100,100,59.2,8.684057,Very Low,64.4,9.932007,100,1747008900,Very Low,9.736276,11.164567,Very Low,13.309261,56.6,11.666667,100,1747008900,10.855072
2025-05-12T00:20:45Z,0,29.902,70.6,61,59.4,0,0,24,86,0.0,255,32767,0.0,2127-15-31,0.0,0.16,26.24,0.0,0.0,0.0,0,4.828125,6,45,05:49,20:11,2025-05-12 00:20:45.020588,Città della Scienza,76.0,11.036593,14.105182,12.170345,8.062502,EU EEA Common AQI,64.4,10.078129,12.721973,7200,9.913043,100,100,59.2,8.684057,Very Low,64.4,9.932007,100,1747008900,Very Low,9.736276,11.164567,Very Low,13.309261,56.6,11.666667,100,1747008900,10.855072
2025-05-12T00:20:56Z,0,29.902,70.6,61,59.5,0,0,24,86,0.0,255,32767,0.0,2127-15-31,0.0,0.16,26.24,0.0,0.0,0.0,0,4.828125,6,45,05:49,20:11,2025-05-12 00:20:56.088586,Città della Scienza,76.0,11.036593,14.105182,12.170345,8.062502,EU EEA Common AQI,64.4,10.078129,12.721973,7200,9.913043,100,100,59.2,8.684057,Very Low,64.4,9.932007,100,1747008900,Very Low,9.736276,11.164567,Very Low,13.309261,56.6,11.666667,100,1747008900,10.855072
2025-05-12T00:21:07Z,0,29.902,70.6,61,59.5,0,0,24,86,0.0,255,32767,0.0,2127-15-31,0.0,0.16,26.24,0.0,0.0,0.0,0,4.828125,6,45,05:49,20:11,2025-05-12 00:21:07.181601,Città della Scienza,76.0,11.036593,14.105182,12.170345,8.062502,EU EEA Common AQI,64.4,10.078129,12.721973,7200,9.913043,100,100,59.2,8.684057,Very Low,64.4,9.932007,100,1747008900,Very Low,9.736276,11.164567,Very Low,13.309261,56.6,11.666667,100,1747008900,10.855072
2025-05-12T00:21:18Z,0,29.902,70.6,61,59.4,0,0,24,86,0.0,255,32767,0.0,2127-15-31,0.0,0.16,26.24,0.0,0.0,0.0,0,4.828125,6,45,05:49,20:11,2025-05-12 00:21:18.227593,Città della Scienza,76.0,11.036593,14.105182,12.170345,8.062502,EU EEA Common AQI,64.4,10.078129,12.721973,7200,9.913043,100,100,59.2,8.684057,Very Low,64.4,9.932007,100,1747008900,Very Low,9.736276,11.164567,Very Low,13.309261,56.6,11.666667,100,1747008900,10.855072
2025-05-12T00:21:29Z,0,29.902,70.6,61,59.5,0,0,24,86,0.0,255,32767,0.0,2127-15-31,0.0,0.16,26.24,0.0,0.0,0.0,0,4.828125,6,45,05:49,20:11,2025-05-12 00:21:29.310584,Città della Scienza,76.0,11.036593,14.105182,12.170345,8.062502,EU EEA Common AQI,64.4,10.078129,12.721973,7200,9.913043,100,100,59.2,8.684057,Very Low,64.4,9.932007,100,1747008900,Very Low,9.736276,11.164567,Very Low,13.309261,56.6,11.666667,100,1747008900,10.855072
2025-05-12T00:21:40Z,0,29.904,70.6,61,59.5,0,0,24,86,0.0,255,32767,0.0,2127-15-31,0.0,0.16,26.24,0.0,0.0,0.0,0,4.828125,6,45,05:49,20:11,2025-05-12 00:21:40.443598,Città della Scienza,76.0,11.036593,14.105182,12.170345,8.062502,EU EEA Common AQI,64.4,10.078129,12.721973,7200,9.913043,100,100,59.2,8.684057,Very Low,64.4,9.932007,100,1747008900,Very Low,9.736276,11.164567,Very Low,13.309261,56.6,11.666667,100,1747008900,10.855072
2025-05-12T00:21:51Z,0,29.904,70.6,61,59.5,0,0,24,86,0.0,255,32767,0.0,2127-15-31,0.0,0.16,26.24,0.0,0.0,0.0,0,4.828125,6,45,05:49,20:11,2025-05-12 00:21:51.511821,Città della Scienza,76.0,11.036593,14.105182,12.170345,8.062502,EU EEA Common AQI,64.4,10.078129,12.721973,7200,9.913043,100,100,59.2,8.684057,Very Low,64.4,9.932007,100,1747008900,Very Low,9.736276,11.164567,Very Low,13.309261,56.6,11.666667,100,1747008900,10.855072
2025-05-12T00:22:02Z,0,29.904,70.6,61,59.5,0,0,24,86,0.0,255,32767,0.0,2127-15-31,0.0,0.16,26.24,0.0,0.0,0.0,0,4.828125,6,45,05:49,20:11,2025-05-12 00:22:02.621593,Città della Scienza,76.0,11.036593,14.105182,12.170345,8.062502,EU EEA Common AQI,64.4,10.078129,12.721973,7200,9.913043,100,100,59.2,8.684057,Very Low,64.4,9.932007,100,1747008900,Very Low,9.736276,11.164567,Very Low,13.309261,56.6,11.666667,100,1747008900,10.855072
2025-05-12T00:22:13Z,0,29.904,70.6,61,59.5,0,0,24,86,0.0,255,32767,0.0,2127-15-31,0.0,0.16,26.24,0.0,0.0,0.0,0,4.828125,6,45,05:49,20:11,2025-05-12 00:22:13.740590,Città della Scienza,76.0,11.036593,14.105182,12.170345,8.062502,EU EEA Common AQI,64.4,10.078129,12.721973,7200,9.913043,100,100,59.2,8.684057,Very Low,64.4,9.932007,100,1747008900,Very Low,9.736276,11.164567,Very Low,13.309261,56.6,11.666667,100,1747008900,10.855072
2025-05-12T00:22:24Z,0,29.904,70.6,61,59.5,0,0,24,86,0.0,255,32767,0.0,2127-15-31,0.0,0.16,26.24,0.0,0.0,0.0,0,4.828125,6,45,05:49,20:11,2025-05-12 00:22:24.796596,Città della Scienza,76.0,11.036593,14.105182,12.170345,8.062502,EU EEA Common AQI,64.4,10.078129,12.721973,7200,9.913043,100,100,59.2,8.684057,Very Low,64.4,9.932007,100,1747008900,Very Low,9.736276,11.164567,Very Low,13.309261,56.6,11.666667,100,1747008900,10.855072
2025-05-12T00:22:36Z,0,29.903,70.6,61,59.5,0,0,24,86,0.0,255,32767,0.0,2127-15-31,0.0,0.16,26.24,0.0,0.0,0.0,0,4.828125,6,45,05:49,20:11,2025-05-12 00:22:35.886596,Città della Scienza,76.0,11.036593,14.105182,12.170345,8.062502,EU EEA Common AQI,64.4,10.078129,12.721973,7200,9.913043,100,100,59.2,8.684057,Very Low,64.4,9.932007,100,1747008900,Very Low,9.736276,11.164567,Very Low,13.309261,56.6,11.666667,100,1747008900,10.855072
2025-05-12T00:22:47Z,0,29.903,70.6,61,59.5,0,0,24,86,0.0,255,32767,0.0,2127-15-31,0.0,0.16,26.24,0.0,0.0,0.0,0,4.828125,6,45,05:49,20:11,2025-05-12 00:22:46.931558,Città della Scienza,76.0,11.036593,14.105182,12.170345,8.062502,EU EEA Common AQI,64.4,10.078129,12.721973,7200,9.913043,100,100,59.2,8.684057,Very Low,64.4,9.932007,100,1747008900,Very Low,9.736276,11.164567,Very Low,13.309261,56.6,11.666667,100,1747008900,10.855072
2025-05-12T00:22:58Z,0,29.903,70.6,61,59.6,0,0,24,86,0.0,255,32767,0.0,2127-15-31,0.0,0.16,26.24,0.0,0.0,0.0,0,4.828125,6,45,05:49,20:11,2025-05-12 00:22:58.072609,Città della Scienza,76.0,11.036593,14.105182,12.170345,8.062502,EU EEA Common AQI,64.4,10.078129,12.721973,7200,9.913043,100,100,59.2,8.684057,Very Low,64.4,9.932007,100,1747008900,Very Low,9.736276,11.164567,Very Low,13.309261,56.6,11.666667,100,1747008900,10.855072
2025-05-12T00:23:09Z,0,29.903,70.6,61,59.6,0,0,24,86,0.0,255,32767,0.0,2127-15-31,0.0,0.16,26.24,0.0,0.0,0.0,0,4.828125,6,45,05:49,20:11,2025-05-12 00:23:09.129596,Città della Scienza,76.0,11.036593,14.105182,12.170345,8.062502,EU EEA Common AQI,64.4,10.078129,12.721973,7200,9.913043,100,100,59.2,8.684057,Very Low,64.4,9.932007,100,1747008900,Very Low,9.736276,11.164567,Very Low,13.309261,56.6,11.666667,100,1747008900,10.855072
2025-05-12T00:23:20Z,0,29.903,70.6,61,59.6,0,0,24,86,0.0,255,32767,0.0,2127-15-31,0.0,0.16,26.24,0.0,0.0,0.0,0,4.828125,6,45,05:49,20:11,2025-05-12 00:23:20.203596,Città della Scienza,76.0,11.036593,14.105182,12.170345,8.062502,EU EEA Common AQI,64.4,10.078129,12.721973,7200,9.913043,100,100,59.2,8.684057,Very Low,64.4,9.932007,100,1747008900,Very Low,9.736276,11.164567,Very Low,13.309261,56.6,11.666667,100,1747008900,10.855072
2025-05-12T00:23:31Z,0,29.903,70.6,61,59.6,0,0,24,86,0.0,255,32767,0.0,2127-15-31,0.0,0.16,26.24,0.0,0.0,0.0,0,4.828125,6,45,05:49,20:11,2025-05-12 00:23:31.361593,Città della Scienza,76.0,11.036593,14.105182,12.170345,8.062502,EU EEA Common AQI,64.4,10.078129,12.721973,7200,9.913043,100,100,59.2,8.684057,Very Low,64.4,9.932007,100,1747008900,Very Low,9.736276,11.164567,Very Low,13.309261,56.6,11.666667,100,1747008900,10.855072
2025-05-12T00:23:42Z,0,29.902,70.6,61,59.6,0,0,24,86,0.0,255,32767,0.0,2127-15-31,0.0,0.16,26.24,0.0,0.0,0.0,0,4.828125,6,45,05:49,20:11,2025-05-12 00:23:42.462580,Città della Scienza,76.0,11.036593,14.105182,12.170345,8.062502,EU EEA Common AQI,64.4,10.078129,12.721973,7200,9.913043,100,100,59.2,8.684057,Very Low,64.4,9.932007,100,1747008900,Very Low,9.736276,11.164567,Very Low,13.309261,56.6,11.666667,100,1747008900,10.855072
2025-05-12T00:23:53Z,0,29.902,70.6,61,59.6,0,0,24,86,0.0,255,32767,0.0,2127-15-31,0.0,0.16,26.24,0.0,0.0,0.0,0,4.828125,6,45,05:49,20:11,2025-05-12 00:23:53.580586,Città della Scienza,76.0,11.036593,14.105182,12.170345,8.062502,EU EEA Common AQI,64.4,10.078129,12.721973,7200,9.913043,100,100,59.2,8.684057,Very Low,64.4,9.932007,100,1747008900,Very Low,9.736276,11.164567,Very Low,13.309261,56.6,11.666667,100,1747008900,10.855072
2025-05-12T00:24:04Z,0,29.902,70.6,61,59.6,0,0,24,86,0.0,255,32767,0.0,2127-15-31,0.0,0.16,26.24,0.0,0.0,0.0,0,4.828125,6,45,05:49,20:11,2025-05-12 00:24:04.660590,Città della Scienza,76.0,11.036593,14.105182,12.170345,8.062502,EU EEA Common AQI,64.4,10.078129,12.721973,7200,9.913043,100,100,59.2,8.684057,Very Low,64.4,9.932007,100,1747008900,Very Low,9.736276,11.164567,Very Low,13.309261,56.6,11.666667,100,1747008900,10.855072
2025-05-12T00:24:15Z,0,29.902,70.6,61,59.6,0,0,24,86,0.0,255,32767,0.0,2127-15-31,0.0,0.16,26.24,0.0,0.0,0.0,0,4.828125,6,45,05:49,20:11,2025-05-12 00:24:15.716597,Città della Scienza,76.0,11.036593,14.105182,12.170345,8.062502,EU EEA Common AQI,64.4,10.078129,12.721973,7200,9.913043,100,100,59.2,8.684057,Very Low,64.4,9.932007,100,1747008900,Very Low,9.736276,11.164567,Very Low,13.309261,56.6,11.666667,100,1747008900,10.855072
2025-05-12T00:24:26Z,0,29.902,70.6,61,59.6,0,0,24,86,0.0,255,32767,0.0,2127-15-31,0.0,0.16,26.24,0.0,0.0,0.0,0,4.828125,6,45,05:49,20:11,2025-05-12 00:24:26.792597,Città della Scienza,76.0,11.036593,14.105182,12.170345,8.062502,EU EEA Common AQI,64.4,10.078129,12.721973,7200,9.913043,100,100,59.2,8.684057,Very Low,64.4,9.932007,100,1747008900,Very Low,9.736276,11.164567,Very Low,13.309261,56.6,11.666667,100,1747008900,10.855072
2025-05-12T00:24:38Z,0,29.902,70.6,61,59.6,1,0,24,86,0.0,255,32767,0.0,2127-15-31,0.0,0.16,26.24,0.0,0.0,0.0,0,4.828125,6,45,05:49,20:11,2025-05-12 00:24:37.862592,Città della Scienza,76.0,11.036593,14.105182,12.170345,8.062502,EU EEA Common AQI,64.4,10.078129,12.721973,7200,9.913043,100,100,59.2,8.684057,Very Low,64.4,9.932007,100,1747008900,Very Low,9.736276,11.164567,Very Low,13.309261,56.6,11.666667,100,1747008900,10.855072
2025-05-12T00:24:49Z,0,29.902,70.6,61,59.6,1,0,24,86,0.0,255,32767,0.0,2127-15-31,0.0,0.16,26.24,0.0,0.0,0.0,0,4.828125,6,45,05:49,20:11,2025-05-12 00:24:48.935590,Città della Scienza,76.0,11.036593,14.105182,12.170345,8.062502,EU EEA Common AQI,64.4,10.078129,12.721973,7200,9.913043,100,100,59.2,8.684057,Very Low,64.4,9.932007,100,1747008900,Very Low,9.736276,11.164567,Very Low,13.309261,56.6,11.666667,100,1747008900,10.855072
2025-05-12T00:25:00Z,0,29.902,70.6,61,59.6,1,0,24,86,0.0,255,32767,0.0,2127-15-31,0.0,0.16,26.24,0.0,0.0,0.0,0,4.828125,6,45,05:49,20:11,2025-05-12 00:25:00.050601,Città della Scienza,76.0,11.036593,14.105182,12.170345,8.062502,EU EEA Common AQI,64.4,10.078129,12.721973,7200,9.913043,100,100,59.2,8.684057,Very Low,64.4,9.932007,100,1747008900,Very Low,9.736276,11.164567,Very Low,13.309261,56.6,11.666667,100,1747008900,10.855072
2025-05-12T00:25:11Z,0,29.902,70.6,61,59.6,0,0,24,86,0.0,255,32767,0.0,2127-15-31,0.0,0.16,26.24,0.0,0.0,0.0,0,4.828125,6,45,05:49,20:11,2025-05-12 00:25:11.142600,Città della Scienza,76.0,11.036593,14.105182,12.170345,8.062502,EU EEA Common AQI,64.4,10.078129,12.721973,7200,9.913043,100,100,59.2,8.684057,Very Low,64.4,9.932007,100,1747008900,Very Low,9.736276,11.164567,Very Low,13.309261,56.6,11.666667,100,1747008900,10.855072
2025-05-12T00:25:22Z,0,29.902,70.6,61,59.6,0,0,24,87,0.0,255,32767,0.0,2127-15-31,0.0,0.16,26.24,0.0,0.0,0.0,0,4.828125,6,45,05:49,20:11,2025-05-12 00:25:22.245602,Città della Scienza,76.0,11.036593,14.105182,12.170345,8.062502,EU EEA Common AQI,64.4,10.078129,12.721973,7200,9.913043,100,100,59.2,8.684057,Very Low,64.4,9.932007,100,1747008900,Very Low,9.736276,11.164567,Very Low,13.309261,56.6,11.666667,100,1747008900,10.855072
2025-05-12T00:25:33Z,0,29.902,70.7,61,59.7,0,0,24,87,0.0,255,32767,0.0,2127-15-31,0.0,0.16,26.24,0.0,0.0,0.0,0,4.828125,6,45,05:49,20:11,2025-05-12 00:25:33.325596,Città della Scienza,76.0,11.036593,14.105182,12.170345,8.062502,EU EEA Common AQI,64.4,10.078129,12.721973,7200,9.913043,100,100,59.2,8.684057,Very Low,64.4,9.932007,100,1747008900,Very Low,9.736276,11.164567,Very Low,13.309261,56.6,11.666667,100,1747008900,10.855072
2025-05-12T00:25:44Z,0,29.902,70.7,61,59.6,1,0,24,87,0.0,255,32767,0.0,2127-15-31,0.0,0.16,26.24,0.0,0.0,0.0,0,4.828125,6,45,05:49,20:11,2025-05-12 00:25:44.388556,Città della Scienza,76.0,11.036593,14.105182,12.170345,8.062502,EU EEA Common AQI,64.4,10.078129,12.721973,7200,9.913043,100,100,59.2,8.684057,Very Low,64.4,9.932007,100,1747008900,Very Low,9.736276,11.164567,Very Low,13.309261,56.6,11.666667,100,1747008900,10.855072
2025-05-12T00:25:55Z,0,29.902,70.7,61,59.6,1,0,24,87,0.0,255,32767,0.0,2127-15-31,0.0,0.16,26.24,0.0,0.0,0.0,0,4.828125,6,45,05:49,20:11,2025-05-12 00:25:55.483594,Città della Scienza,76.0,11.036593,14.105182,12.170345,8.062502,EU EEA Common AQI,64.4,10.078129,12.721973,7200,9.913043,100,100,59.2,8.684057,Very Low,64.4,9.932007,100,1747008900,Very Low,9.736276,11.164567,Very Low,13.309261,56.6,11.666667,100,1747008900,10.855072
2025-05-12T00:26:06Z,0,29.902,70.7,61,59.6,2,0,24,87,0.0,255,32767,0.0,2127-15-31,0.0,0.16,26.24,0.0,0.0,0.0,0,4.828125,6,45,05:49,20:11,2025-05-12 00:26:06.607597,Città della Scienza,76.0,11.036593,14.105182,12.170345,8.062502,EU EEA Common AQI,64.4,10.078129,12.721973,7200,9.913043,100,100,59.2,8.684057,Very Low,64.4,9.932007,100,1747008900,Very Low,9.736276,11.164567,Very Low,13.309261,56.6,11.666667,100,1747008900,10.855072
2025-05-12T00:26:17Z,0,29.902,70.7,61,59.6,1,0,24,87,0.0,255,32767,0.0,2127-15-31,0.0,0.16,26.24,0.0,0.0,0.0,0,4.828125,6,45,05:49,20:11,2025-05-12 00:26:17.667597,Città della Scienza,76.0,11.036593,14.105182,12.170345,8.062502,EU EEA Common AQI,64.4,10.078129,12.721973,7200,9.913043,100,100,59.2,8.684057,Very Low,64.4,9.932007,100,1747008900,Very Low,9.736276,11.164567,Very Low,13.309261,56.6,11.666667,100,1747008900,10.855072
2025-05-12T00:26:28Z,0,29.902,70.7,61,59.7,1,0,24,87,0.0,255,32767,0.0,2127-15-31,0.0,0.16,26.24,0.0,0.0,0.0,0,4.828125,6,45,05:49,20:11,2025-05-12 00:26:28.717604,Città della Scienza,76.0,11.036593,14.105182,12.170345,8.062502,EU EEA Common AQI,64.4,10.078129,12.721973,7200,9.913043,100,100,59.2,8.684057,Very Low,64.4,9.932007,100,1747008900,Very Low,9.736276,11.164567,Very Low,13.309261,56.6,11.666667,100,1747008900,10.855072
2025-05-12T00:26:39Z,0,29.899,70.7,61,59.7,0,0,24,87,0.0,255,32767,0.0,2127-15-31,0.0,0.16,26.24,0.0,0.0,0.0,0,4.828125,6,45,05:49,20:11,2025-05-12 00:26:39.767587,Città della Scienza,76.0,11.036593,14.105182,12.170345,8.062502,EU EEA Common AQI,64.4,10.078129,12.721973,7200,9.913043,100,100,59.2,8.684057,Very Low,64.4,9.932007,100,1747008900,Very Low,9.736276,11.164567,Very Low,13.309261,56.6,11.666667,100,1747008900,10.855072
2025-05-12T00:26:51Z,0,29.899,70.7,61,59.7,1,0,24,87,0.0,255,32767,0.0,2127-15-31,0.0,0.16,26.24,0.0,0.0,0.0,0,4.828125,6,45,05:49,20:11,2025-05-12 00:26:50.864606,Città della Scienza,76.0,11.036593,14.105182,12.170345,8.062502,EU EEA Common AQI,64.4,10.078129,12.721973,7200,9.913043,100,100,59.2,8.684057,Very Low,64.4,9.932007,100,1747008900,Very Low,9.736276,11.164567,Very Low,13.309261,56.6,11.666667,100,1747008900,10.855072
2025-05-12T00:27:02Z,0,29.899,70.7,61,59.7,1,0,24,87,0.0,255,32767,0.0,2127-15-31,0.0,0.16,26.24,0.0,0.0,0.0,0,4.828125,6,45,05:49,20:11,2025-05-12 00:27:01.969598,Città della Scienza,76.0,11.036593,14.105182,12.170345,8.062502,EU EEA Common AQI,64.4,10.078129,12.721973,7200,9.913043,100,100,59.2,8.684057,Very Low,64.4,9.932007,100,1747008900,Very Low,9.736276,11.164567,Very Low,13.309261,56.6,11.666667,100,1747008900,10.855072
2025-05-12T00:27:13Z,0,29.899,70.7,61,59.7,1,0,24,87,0.0,255,32767,0.0,2127-15-31,0.0,0.16,26.24,0.0,0.0,0.0,0,4.828125,6,45,05:49,20:11,2025-05-12 00:27:13.056590,Città della Scienza,76.0,11.036593,14.105182,12.170345,8.062502,EU EEA Common AQI,64.4,10.078129,12.721973,7200,9.913043,100,100,59.2,8.684057,Very Low,64.4,9.932007,100,1747008900,Very Low,9.736276,11.164567,Very Low,13.309261,56.6,11.666667,100,1747008900,10.855072
2025-05-12T00:27:24Z,0,29.899,70.7,61,59.7,0,0,24,87,0.0,255,32767,0.0,2127-15-31,0.0,0.16,26.24,0.0,0.0,0.0,0,4.828125,6,45,05:49,20:11,2025-05-12 00:27:24.146590,Città della Scienza,76.0,11.036593,14.105182,12.170345,8.062502,EU EEA Common AQI,64.4,10.078129,12.721973,7200,9.913043,100,100,59.2,8.684057,Very Low,64.4,9.932007,100,1747008900,Very Low,9.736276,11.164567,Very Low,13.309261,56.6,11.666667,100,1747008900,10.855072
2025-05-12T00:27:35Z,0,29.9,70.6,61,59.8,1,0,24,87,0.0,255,32767,0.0,2127-15-31,0.0,0.16,26.24,0.0,0.0,0.0,0,4.828125,6,45,05:49,20:11,2025-05-12 00:27:35.196587,Città della Scienza,76.0,11.036593,14.105182,12.170345,8.062502,EU EEA Common AQI,64.4,10.078129,12.721973,7200,9.913043,100,100,59.2,8.684057,Very Low,64.4,9.932007,100,1747008900,Very Low,9.736276,11.164567,Very Low,13.309261,56.6,11.666667,100,1747008900,10.855072
2025-05-12T00:27:46Z,0,29.9,70.6,61,59.8,0,0,24,87,0.0,255,32767,0.0,2127-15-31,0.0,0.16,26.24,0.0,0.0,0.0,0,4.828125,6,45,05:49,20:11,2025-05-12 00:27:46.320592,Città della Scienza,76.0,11.036593,14.105182,12.170345,8.062502,EU EEA Common AQI,64.4,10.078129,12.721973,7200,9.913043,100,100,59.2,8.684057,Very Low,64.4,9.932007,100,1747008900,Very Low,9.736276,11.164567,Very Low,13.309261,56.6,11.666667,100,1747008900,10.855072
2025-05-12T00:27:57Z,0,29.9,70.6,61,59.8,1,0,24,87,0.0,255,32767,0.0,2127-15-31,0.0,0.16,26.24,0.0,0.0,0.0,0,4.828125,6,45,05:49,20:11,2025-05-12 00:27:57.376598,Città della Scienza,76.0,11.036593,14.105182,12.170345,8.062502,EU EEA Common AQI,64.4,10.078129,12.721973,7200,9.913043,100,100,59.2,8.684057,Very Low,64.4,9.932007,100,1747008900,Very Low,9.736276,11.164567,Very Low,13.309261,56.6,11.666667,100,1747008900,10.855072
2025-05-12T00:28:08Z,0,29.9,70.6,61,59.8,0,0,24,87,0.0,255,32767,0.0,2127-15-31,0.0,0.16,26.24,0.0,0.0,0.0,0,4.828125,6,45,05:49,20:11,2025-05-12 00:28:08.470595,Città della Scienza,76.0,11.036593,14.105182,12.170345,8.062502,EU EEA Common AQI,64.4,10.078129,12.721973,7200,9.913043,100,100,59.2,8.684057,Very Low,64.4,9.932007,100,1747008900,Very Low,9.736276,11.164567,Very Low,13.309261,56.6,11.666667,100,1747008900,10.855072
2025-05-12T00:28:19Z,0,29.9,70.6,61,59.8,1,0,24,87,0.0,255,32767,0.0,2127-15-31,0.0,0.16,26.24,0.0,0.0,0.0,0,4.828125,6,45,05:49,20:11,2025-05-12 00:28:19.596592,Città della Scienza,76.0,11.036593,14.105182,12.170345,8.062502,EU EEA Common AQI,64.4,10.078129,12.721973,7200,9.913043,100,100,59.2,8.684057,Very Low,64.4,9.932007,100,1747008900,Very Low,9.736276,11.164567,Very Low,13.309261,56.6,11.666667,100,1747008900,10.855072
2025-05-12T00:28:30Z,0,29.9,70.6,61,59.8,0,0,24,87,0.0,255,32767,0.0,2127-15-31,0.0,0.16,26.24,0.0,0.0,0.0,0,4.828125,6,45,05:49,20:11,2025-05-12 00:28:30.650590,Città della Scienza,76.0,11.036593,14.105182,12.170345,8.062502,EU EEA Common AQI,64.4,10.078129,12.721973,7200,9.913043,100,100,59.2,8.684057,Very Low,64.4,9.932007,100,1747008900,Very Low,9.736276,11.164567,Very Low,13.309261,56.6,11.666667,100,1747008900,10.855072
2025-05-12T00:28:41Z,0,29.899,70.6,61,59.8,0,0,24,87,0.0,255,32767,0.0,2127-15-31,0.0,0.16,26.24,0.0,0.0,0.0,0,4.828125,6,45,05:49,20:11,2025-05-12 00:28:41.726596,Città della Scienza,76.0,11.036593,14.105182,12.170345,8.062502,EU EEA Common AQI,64.4,10.078129,12.721973,7200,9.913043,100,100,59.2,8.684057,Very Low,64.4,9.932007,100,1747008900,Very Low,9.736276,11.164567,Very Low,13.309261,56.6,11.666667,100,1747008900,10.855072
2025-05-12T00:28:53Z,0,29.899,70.6,61,59.9,0,0,24,87,0.0,255,32767,0.0,2127-15-31,0.0,0.16,26.24,0.0,0.0,0.0,0,4.828125,6,45,05:49,20:11,2025-05-12 00:28:52.856594,Città della Scienza,76.0,11.036593,14.105182,12.170345,8.062502,EU EEA Common AQI,64.4,10.078129,12.721973,7200,9.913043,100,100,59.2,8.684057,Very Low,64.4,9.932007,100,1747008900,Very Low,9.736276,11.164567,Very Low,13.309261,56.6,11.666667,100,1747008900,10.855072
2025-05-12T00:29:04Z,0,29.899,70.6,61,59.9,0,0,24,87,0.0,255,32767,0.0,2127-15-31,0.0,0.16,26.24,0.0,0.0,0.0,0,4.828125,6,45,05:49,20:11,2025-05-12 00:29:03.974592,Città della Scienza,76.0,11.036593,14.105182,12.170345,8.062502,EU EEA Common AQI,64.4,10.078129,12.721973,7200,9.913043,100,100,59.2,8.684057,Very Low,64.4,9.932007,100,1747008900,Very Low,9.736276,11.164567,Very Low,13.309261,56.6,11.666667,100,1747008900,10.855072
2025-05-12T00:29:15Z,0,29.899,70.6,61,59.8,1,0,17,87,0.0,255,32767,0.0,2127-15-31,0.0,0.16,26.24,0.0,0.0,0.0,0,4.828125,6,45,05:49,20:11,2025-05-12 00:29:15.076588,Città della Scienza,76.0,11.036593,14.105182,12.170345,8.062502,EU EEA Common AQI,64.4,10.078129,12.721973,7200,9.913043,100,100,59.2,8.684057,Very Low,64.4,9.932007,100,1747008900,Very Low,9.736276,11.164567,Very Low,13.309261,56.6,11.666667,100,1747008900,10.855072
2025-05-12T00:29:26Z,0,29.899,70.6,61,59.8,1,0,17,87,0.0,255,32767,0.0,2127-15-31,0.0,0.16,26.24,0.0,0.0,0.0,0,4.828125,6,45,05:49,20:11,2025-05-12 00:29:26.151596,Città della Scienza,76.0,11.036593,14.105182,12.170345,8.062502,EU EEA Common AQI,64.4,10.078129,12.721973,7200,9.913043,100,100,59.2,8.684057,Very Low,64.4,9.932007,100,1747008900,Very Low,9.736276,11.164567,Very Low,13.309261,56.6,11.666667,100,1747008900,10.855072
2025-05-12T00:29:37Z,0,29.901,70.6,61,59.9,1,0,16,87,0.0,255,32767,0.0,2127-15-31,0.0,0.16,26.24,0.0,0.0,0.0,0,4.828125,6,45,05:49,20:11,2025-05-12 00:29:37.253596,Città della Scienza,76.0,11.036593,14.105182,12.170345,8.062502,EU EEA Common AQI,64.4,10.078129,12.721973,7200,9.913043,100,100,59.2,8.684057,Very Low,64.4,9.932007,100,1747008900,Very Low,9.736276,11.164567,Very Low,13.309261,56.6,11.666667,100,1747008900,10.855072
2025-05-12T00:29:48Z,0,29.901,70.6,61,59.9,2,0,14,87,0.0,255,32767,0.0,2127-15-31,0.0,0.16,26.24,0.0,0.0,0.0,0,4.828125,6,45,05:49,20:11,2025-05-12 00:29:48.358594,Città della Scienza,76.0,11.036593,14.105182,12.170345,8.062502,EU EEA Common AQI,64.4,10.078129,12.721973,7200,9.913043,100,100,59.2,8.684057,Very Low,64.4,9.932007,100,1747008900,Very Low,9.736276,11.164567,Very Low,13.309261,56.6,11.666667,100,1747008900,10.855072
2025-05-12T00:29:59Z,0,29.901,70.6,61,59.9,2,0,13,87,0.0,255,32767,0.0,2127-15-31,0.0,0.16,26.24,0.0,0.0,0.0,0,4.828125,6,45,05:49,20:11,2025-05-12 00:29:59.445607,Città della Scienza,76.0,11.036593,14.105182,12.170345,8.062502,EU EEA Common AQI,64.4,10.078129,12.721973,7200,9.913043,100,100,59.2,8.684057,Very Low,64.4,9.932007,100,1747008900,Very Low,9.736276,11.164567,Very Low,13.309261,56.6,11.666667,100,1747008900,10.855072
2025-05-12T00:30:10Z,0,29.901,70.6,61,60.0,1,0,9,87,0.0,255,32767,0.0,2127-15-31,0.0,0.16,26.24,0.0,0.0,0.0,0,4.828125,6,45,05:49,20:11,2025-05-12 00:30:10.526602,Città della Scienza,76.0,11.036593,14.105182,12.170345,8.062502,EU EEA Common AQI,64.4,10.078129,12.721973,7200,9.913043,100,100,59.2,8.684057,Very Low,64.4,9.932007,100,1747008900,Very Low,9.736276,11.164567,Very Low,13.309261,56.6,11.666667,100,1747008900,10.855072
2025-05-12T00:30:21Z,0,29.901,70.6,61,59.9,2,0,5,87,0.0,255,32767,0.0,2127-15-31,0.0,0.16,26.24,0.0,0.0,0.0,0,4.828125,6,45,05:49,20:11,2025-05-12 00:30:21.601608,Città della Scienza,76.0,11.036593,14.105182,12.170345,8.062502,EU EEA Common AQI,64.4,10.078129,12.721973,7200,9.913043,100,100,59.2,8.684057,Very Low,64.4,9.932007,100,1747008900,Very Low,9.736276,11.164567,Very Low,13.309261,56.6,11.666667,100,1747008900,10.855072
2025-05-12T00:30:32Z,0,29.9,70.7,61,59.9,1,1,5,87,0.0,255,32767,0.0,2127-15-31,0.0,0.16,26.24,0.0,0.0,0.0,0,4.828125,6,45,05:49,20:11,2025-05-12 00:30:32.712590,Città della Scienza,75.8,11.417786,14.042992,12.446283,8.351254,EU EEA Common AQI,64.6,10.439068,12.663465,7200,10.342857,100,100,59.3,8.902857,Very Low,64.6,10.256871,100,1747009800,Very Low,9.9570265,11.581038,Very Low,13.682254,56.7,14.242857,100,1747009800,11.1285715
2025-05-12T00:30:43Z,0,29.9,70.7,61,60.0,2,1,5,87,0.0,255,32767,0.0,2127-15-31,0.0,0.16,26.24,0.0,0.0,0.0,0,4.828125,6,45,05:49,20:11,2025-05-12 00:30:43.753595,Città della Scienza,75.8,11.417786,14.042992,12.446283,8.351254,EU EEA Common AQI,64.6,10.439068,12.663465,7200,10.342857,100,100,59.3,8.902857,Very Low,64.6,10.256871,100,1747009800,Very Low,9.9570265,11.581038,Very Low,13.682254,56.7,14.242857,100,1747009800,11.1285715
2025-05-12T00:30:55Z,0,29.9,70.7,61,60.0,1,1,5,87,0.0,255,32767,0.0,2127-15-31,0.0,0.16,26.24,0.0,0.0,0.0,0,4.828125,6,45,05:49,20:11,2025-05-12 00:30:54.821590,Città della Scienza,75.8,11.417786,14.042992,12.446283,8.351254,EU EEA Common AQI,64.6,10.439068,12.663465,7200,10.342857,100,100,59.3,8.902857,Very Low,64.6,10.256871,100,1747009800,Very Low,9.9570265,11.581038,Very Low,13.682254,56.7,14.242857,100,1747009800,11.1285715
2025-05-12T00:31:06Z,0,29.9,70.7,61,60.0,1,1,5,87,0.0,255,32767,0.0,2127-15-31,0.0,0.16,26.24,0.0,0.0,0.0,0,4.828125,6,45,05:49,20:11,2025-05-12 00:31:05.891589,Città della Scienza,75.8,11.417786,14.042992,12.446283,8.351254,EU EEA Common AQI,64.6,10.439068,12.663465,7200,10.342857,100,100,59.3,8.902857,Very Low,64.6,10.256871,100,1747009800,Very Low,9.9570265,11.581038,Very Low,13.682254,56.7,14.242857,100,1747009800,11.1285715
2025-05-12T00:31:17Z,0,29.9,70.7,61,60.0,1,1,5,87,0.0,255,32767,0.0,2127-15-31,0.0,0.16,26.24,0.0,0.0,0.0,0,4.828125,6,45,05:49,20:11,2025-05-12 00:31:16.925594,Città della Scienza,75.8,11.417786,14.042992,12.446283,8.351254,EU EEA Common AQI,64.6,10.439068,12.663465,7200,10.342857,100,100,59.3,8.902857,Very Low,64.6,10.256871,100,1747009800,Very Low,9.9570265,11.581038,Very Low,13.682254,56.7,14.242857,100,1747009800,11.1285715
2025-05-12T00:31:28Z,0,29.9,70.7,61,60.0,1,1,5,87,0.0,255,32767,0.0,2127-15-31,0.0,0.16,26.24,0.0,0.0,0.0,0,4.828125,6,45,05:49,20:11,2025-05-12 00:31:27.993593,Città della Scienza,75.8,11.417786,14.042992,12.446283,8.351254,EU EEA Common AQI,64.6,10.439068,12.663465,7200,10.342857,100,100,59.3,8.902857,Very Low,64.6,10.256871,100,1747009800,Very Low,9.9570265,11.581038,Very Low,13.682254,56.7,14.242857,100,1747009800,11.1285715
2025-05-12T00:31:39Z,0,29.899,70.7,61,60.0,1,1,5,87,0.0,255,32767,0.0,2127-15-31,0.0,0.16,26.24,0.0,0.0,0.0,0,4.828125,6,45,05:49,20:11,2025-05-12 00:31:39.086591,Città della Scienza,75.8,11.417786,14.042992,12.446283,8.351254,EU EEA Common AQI,64.6,10.439068,12.663465,7200,10.342857,100,100,59.3,8.902857,Very Low,64.6,10.256871,100,1747009800,Very Low,9.9570265,11.581038,Very Low,13.682254,56.7,14.242857,100,1747009800,11.1285715
2025-05-12T00:31:50Z,0,29.899,70.7,61,60.0,3,1,5,87,0.0,255,32767,0.0,2127-15-31,0.0,0.16,26.24,0.0,0.0,0.0,0,4.828125,6,45,05:49,20:11,2025-05-12 00:31:50.180604,Città della Scienza,75.8,11.417786,14.042992,12.446283,8.351254,EU EEA Common AQI,64.6,10.439068,12.663465,7200,10.342857,100,100,59.3,8.902857,Very Low,64.6,10.256871,100,1747009800,Very Low,9.9570265,11.581038,Very Low,13.682254,56.7,14.242857,100,1747009800,11.1285715
2025-05-12T00:32:01Z,0,29.899,70.7,61,60.0,2,1,5,87,0.0,255,32767,0.0,2127-15-31,0.0,0.16,26.24,0.0,0.0,0.0,0,4.828125,6,45,05:49,20:11,2025-05-12 00:32:01.280595,Città della Scienza,75.8,11.417786,14.042992,12.446283,8.351254,EU EEA Common AQI,64.6,10.439068,12.663465,7200,10.342857,100,100,59.3,8.902857,Very Low,64.6,10.256871,100,1747009800,Very Low,9.9570265,11.581038,Very Low,13.682254,56.7,14.242857,100,1747009800,11.1285715
2025-05-12T00:32:12Z,0,29.899,70.7,61,60.1,2,1,5,87,0.0,255,32767,0.0,2127-15-31,0.0,0.16,26.24,0.0,0.0,0.0,0,4.828125,6,45,05:49,20:11,2025-05-12 00:32:12.396587,Città della Scienza,75.8,11.417786,14.042992,12.446283,8.351254,EU EEA Common AQI,64.6,10.439068,12.663465,7200,10.342857,100,100,59.3,8.902857,Very Low,64.6,10.256871,100,1747009800,Very Low,9.9570265,11.581038,Very Low,13.682254,56.7,14.242857,100,1747009800,11.1285715
2025-05-12T00:32:23Z,0,29.899,70.7,61,60.1,3,1,5,87,0.0,255,32767,0.0,2127-15-31,0.0,0.16,26.24,0.0,0.0,0.0,0,4.828125,6,45,05:49,20:11,2025-05-12 00:32:23.453588,Città della Scienza,75.8,11.417786,14.042992,12.446283,8.351254,EU EEA Common AQI,64.6,10.439068,12.663465,7200,10.342857,100,100,59.3,8.902857,Very Low,64.6,10.256871,100,1747009800,Very Low,9.9570265,11.581038,Very Low,13.682254,56.7,14.242857,100,1747009800,11.1285715
2025-05-12T00:32:34Z,0,29.9,70.6,61,60.1,2,1,5,87,0.0,255,32767,0.0,2127-15-31,0.0,0.16,26.24,0.0,0.0,0.0,0,4.828125,6,45,05:49,20:11,2025-05-12 00:32:34.509590,Città della Scienza,75.8,11.417786,14.042992,12.446283,8.351254,EU EEA Common AQI,64.6,10.439068,12.663465,7200,10.342857,100,100,59.3,8.902857,Very Low,64.6,10.256871,100,1747009800,Very Low,9.9570265,11.581038,Very Low,13.682254,56.7,14.242857,100,1747009800,11.1285715
2025-05-12T00:32:45Z,0,29.9,70.6,61,60.2,2,1,5,87,0.0,255,32767,0.0,2127-15-31,0.0,0.16,26.24,0.0,0.0,0.0,0,4.828125,6,45,05:49,20:11,2025-05-12 00:32:45.583596,Città della Scienza,75.8,11.417786,14.042992,12.446283,8.351254,EU EEA Common AQI,64.6,10.439068,12.663465,7200,10.342857,100,100,59.3,8.902857,Very Low,64.6,10.256871,100,1747009800,Very Low,9.9570265,11.581038,Very Low,13.682254,56.7,14.242857,100,1747009800,11.1285715
2025-05-12T00:32:56Z,0,29.9,70.6,61,60.2,1,1,5,87,0.0,255,32767,0.0,2127-15-31,0.0,0.16,26.24,0.0,0.0,0.0,0,4.828125,6,45,05:49,20:11,2025-05-12 00:32:56.627596,Città della Scienza,75.8,11.417786,14.042992,12.446283,8.351254,EU EEA Common AQI,64.6,10.439068,12.663465,7200,10.342857,100,100,59.3,8.902857,Very Low,64.6,10.256871,100,1747009800,Very Low,9.9570265,11.581038,Very Low,13.682254,56.7,14.242857,100,1747009800,11.1285715
2025-05-12T00:33:07Z,0,29.9,70.6,61,60.2,2,1,5,87,0.0,255,32767,0.0,2127-15-31,0.0,0.16,26.24,0.0,0.0,0.0,0,4.828125,6,45,05:49,20:11,2025-05-12 00:33:07.752593,Città della Scienza,75.8,11.417786,14.042992,12.446283,8.351254,EU EEA Common AQI,64.6,10.439068,12.663465,7200,10.342857,100,100,59.3,8.902857,Very Low,64.6,10.256871,100,1747009800,Very Low,9.9570265,11.581038,Very Low,13.682254,56.7,14.242857,100,1747009800,11.1285715
2025-05-12T00:33:19Z,0,29.9,70.6,61,60.1,1,1,5,87,0.0,255,32767,0.0,2127-15-31,0.0,0.16,26.24,0.0,0.0,0.0,0,4.828125,6,45,05:49,20:11,2025-05-12 00:33:18.845592,Città della Scienza,75.8,11.417786,14.042992,12.446283,8.351254,EU EEA Common AQI,64.6,10.439068,12.663465,7200,10.342857,100,100,59.3,8.902857,Very Low,64.6,10.256871,100,1747009800,Very Low,9.9570265,11.581038,Very Low,13.682254,56.7,14.242857,100,1747009800,11.1285715
2025-05-12T00:33:30Z,0,29.9,70.6,61,60.2,1,1,5,87,0.0,255,32767,0.0,2127-15-31,0.0,0.16,26.24,0.0,0.0,0.0,0,4.828125,6,45,05:49,20:11,2025-05-12 00:33:29.931600,Città della Scienza,75.8,11.417786,14.042992,12.446283,8.351254,EU EEA Common AQI,64.6,10.439068,12.663465,7200,10.342857,100,100,59.3,8.902857,Very Low,64.6,10.256871,100,1747009800,Very Low,9.9570265,11.581038,Very Low,13.682254,56.7,14.242857,100,1747009800,11.1285715
2025-05-12T00:33:41Z,0,29.898,70.6,61,60.1,2,1,5,87,0.0,255,32767,0.0,2127-15-31,0.0,0.16,26.24,0.0,0.0,0.0,0,4.828125,6,45,05:49,20:11,2025-05-12 00:33:40.997590,Città della Scienza,75.8,11.417786,14.042992,12.446283,8.351254,EU EEA Common AQI,64.6,10.439068,12.663465,7200,10.342857,100,100,59.3,8.902857,Very Low,64.6,10.256871,100,1747009800,Very Low,9.9570265,11.581038,Very Low,13.682254,56.7,14.242857,100,1747009800,11.1285715
2025-05-12T00:33:52Z,0,29.898,70.6,61,60.2,1,1,5,87,0.0,255,32767,0.0,2127-15-31,0.0,0.16,26.24,0.0,0.0,0.0,0,4.828125,6,45,05:49,20:11,2025-05-12 00:33:52.107607,Città della Scienza,75.8,11.417786,14.042992,12.446283,8.351254,EU EEA Common AQI,64.6,10.439068,12.663465,7200,10.342857,100,100,59.3,8.902857,Very Low,64.6,10.256871,100,1747009800,Very Low,9.9570265,11.581038,Very Low,13.682254,56.7,14.242857,100,1747009800,11.1285715
2025-05-12T00:34:03Z,0,29.898,70.6,61,60.2,1,1,5,86,0.0,255,32767,0.0,2127-15-31,0.0,0.16,26.24,0.0,0.0,0.0,0,4.828125,6,45,05:49,20:11,2025-05-12 00:34:03.197590,Città della Scienza,75.8,11.417786,14.042992,12.446283,8.351254,EU EEA Common AQI,64.6,10.439068,12.663465,7200,10.342857,100,100,59.3,8.902857,Very Low,64.6,10.256871,100,1747009800,Very Low,9.9570265,11.581038,Very Low,13.682254,56.7,14.242857,100,1747009800,11.1285715
2025-05-12T00:34:14Z,0,29.898,70.6,61,60.2,1,1,5,86,0.0,255,32767,0.0,2127-15-31,0.0,0.16,26.24,0.0,0.0,0.0,0,4.828125,6,45,05:49,20:11,2025-05-12 00:34:14.480594,Città della Scienza,75.8,11.417786,14.042992,12.446283,8.351254,EU EEA Common AQI,64.6,10.439068,12.663465,7200,10.342857,100,100,59.3,8.902857,Very Low,64.6,10.256871,100,1747009800,Very Low,9.9570265,11.581038,Very Low,13.682254,56.7,14.242857,100,1747009800,11.1285715
2025-05-12T00:34:25Z,0,29.898,70.6,61,60.2,1,1,5,86,0.0,255,32767,0.0,2127-15-31,0.0,0.16,26.24,0.0,0.0,0.0,0,4.828125,6,45,05:49,20:11,2025-05-12 00:34:25.583592,Città della Scienza,75.8,11.417786,14.042992,12.446283,8.351254,EU EEA Common AQI,64.6,10.439068,12.663465,7200,10.342857,100,100,59.3,8.902857,Very Low,64.6,10.256871,100,1747009800,Very Low,9.9570265,11.581038,Very Low,13.682254,56.7,14.242857,100,1747009800,11.1285715
2025-05-12T00:34:36Z,0,29.897,70.6,61,60.2,1,1,360,86,0.0,255,32767,0.0,2127-15-31,0.0,0.16,26.24,0.0,0.0,0.0,0,4.828125,6,45,05:49,20:11,2025-05-12 00:34:36.666592,Città della Scienza,75.8,11.417786,14.042992,12.446283,8.351254,EU EEA Common AQI,64.6,10.439068,12.663465,7200,10.342857,100,100,59.3,8.902857,Very Low,64.6,10.256871,100,1747009800,Very Low,9.9570265,11.581038,Very Low,13.682254,56.7,14.242857,100,1747009800,11.1285715
2025-05-12T00:34:47Z,0,29.897,70.6,61,60.2,1,1,360,86,0.0,255,32767,0.0,2127-15-31,0.0,0.16,26.24,0.0,0.0,0.0,0,4.828125,6,45,05:49,20:11,2025-05-12 00:34:47.720600,Città della Scienza,75.8,11.417786,14.042992,12.446283,8.351254,EU EEA Common AQI,64.6,10.439068,12.663465,7200,10.342857,100,100,59.3,8.902857,Very Low,64.6,10.256871,100,1747009800,Very Low,9.9570265,11.581038,Very Low,13.682254,56.7,14.242857,100,1747009800,11.1285715
2025-05-12T00:34:59Z,0,29.897,70.6,61,60.2,2,1,360,86,0.0,255,32767,0.0,2127-15-31,0.0,0.16,26.24,0.0,0.0,0.0,0,4.828125,6,45,05:49,20:11,2025-05-12 00:34:58.829595,Città della Scienza,75.8,11.417786,14.042992,12.446283,8.351254,EU EEA Common AQI,64.6,10.439068,12.663465,7200,10.342857,100,100,59.3,8.902857,Very Low,64.6,10.256871,100,1747009800,Very Low,9.9570265,11.581038,Very Low,13.682254,56.7,14.242857,100,1747009800,11.1285715
2025-05-12T00:35:10Z,0,29.897,70.6,61,60.2,1,1,360,86,0.0,255,32767,0.0,2127-15-31,0.0,0.16,26.24,0.0,0.0,0.0,0,4.828125,6,45,05:49,20:11,2025-05-12 00:35:09.892596,Città della Scienza,75.8,11.417786,14.042992,12.446283,8.351254,EU EEA Common AQI,64.6,10.439068,12.663465,7200,10.342857,100,100,59.3,8.902857,Very Low,64.6,10.256871,100,1747009800,Very Low,9.9570265,11.581038,Very Low,13.682254,56.7,14.242857,100,1747009800,11.1285715
2025-05-12T00:35:21Z,0,29.897,70.6,61,60.2,2,1,360,86,0.0,255,32767,0.0,2127-15-31,0.0,0.16,26.24,0.0,0.0,0.0,0,4.828125,6,45,05:49,20:11,2025-05-12 00:35:20.943588,Città della Scienza,75.8,11.417786,14.042992,12.446283,8.351254,EU EEA Common AQI,64.6,10.439068,12.663465,7200,10.342857,100,100,59.3,8.902857,Very Low,64.6,10.256871,100,1747009800,Very Low,9.9570265,11.581038,Very Low,13.682254,56.7,14.242857,100,1747009800,11.1285715
2025-05-12T00:35:32Z,0,29.898,70.6,61,60.2,1,1,360,86,0.0,255,32767,0.0,2127-15-31,0.0,0.16,26.24,0.0,0.0,0.0,0,4.828125,6,45,05:49,20:11,2025-05-12 00:35:31.994588,Città della Scienza,75.8,11.417786,14.042992,12.446283,8.351254,EU EEA Common AQI,64.6,10.439068,12.663465,7200,10.342857,100,100,59.3,8.902857,Very Low,64.6,10.256871,100,1747009800,Very Low,9.9570265,11.581038,Very Low,13.682254,56.7,14.242857,100,1747009800,11.1285715
2025-05-12T00:35:43Z,0,29.898,70.6,61,60.2,2,1,360,86,0.0,255,32767,0.0,2127-15-31,0.0,0.16,26.24,0.0,0.0,0.0,0,4.828125,6,45,05:49,20:11,2025-05-12 00:35:43.046590,Città della Scienza,75.8,11.417786,14.042992,12.446283,8.351254,EU EEA Common AQI,64.6,10.439068,12.663465,7200,10.342857,100,100,59.3,8.902857,Very Low,64.6,10.256871,100,1747009800,Very Low,9.9570265,11.581038,Very Low,13.682254,56.7,14.242857,100,1747009800,11.1285715
2025-05-12T00:35:54Z,0,29.898,70.6,61,60.2,2,1,360,86,0.0,255,32767,0.0,2127-15-31,0.0,0.16,26.24,0.0,0.0,0.0,0,4.828125,6,45,05:49,20:11,2025-05-12 00:35:54.118598,Città della Scienza,75.8,11.417786,14.042992,12.446283,8.351254,EU EEA Common AQI,64.6,10.439068,12.663465,7200,10.342857,100,100,59.3,8.902857,Very Low,64.6,10.256871,100,1747009800,Very Low,9.9570265,11.581038,Very Low,13.682254,56.7,14.242857,100,1747009800,11.1285715
2025-05-12T00:36:05Z,0,29.898,70.6,61,60.2,2,1,360,86,0.0,255,32767,0.0,2127-15-31,0.0,0.16,26.24,0.0,0.0,0.0,0,4.828125,6,45,05:49,20:11,2025-05-12 00:36:05.231596,Città della Scienza,75.8,11.417786,14.042992,12.446283,8.351254,EU EEA Common AQI,64.6,10.439068,12.663465,7200,10.342857,100,100,59.3,8.902857,Very Low,64.6,10.256871,100,1747009800,Very Low,9.9570265,11.581038,Very Low,13.682254,56.7,14.242857,100,1747009800,11.1285715
2025-05-12T00:36:16Z,0,29.898,70.6,61,60.2,2,1,360,86,0.0,255,32767,0.0,2127-15-31,0.0,0.16,26.24,0.0,0.0,0.0,0,4.828125,6,45,05:49,20:11,2025-05-12 00:36:16.346593,Città della Scienza,75.8,11.417786,14.042992,12.446283,8.351254,EU EEA Common AQI,64.6,10.439068,12.663465,7200,10.342857,100,100,59.3,8.902857,Very Low,64.6,10.256871,100,1747009800,Very Low,9.9570265,11.581038,Very Low,13.682254,56.7,14.242857,100,1747009800,11.1285715
2025-05-12T00:36:27Z,0,29.898,70.6,61,60.2,1,1,360,86,0.0,255,32767,0.0,2127-15-31,0.0,0.16,26.24,0.0,0.0,0.0,0,4.828125,6,45,05:49,20:11,2025-05-12 00:36:27.400592,Città della Scienza,75.8,11.417786,14.042992,12.446283,8.351254,EU EEA Common AQI,64.6,10.439068,12.663465,7200,10.342857,100,100,59.3,8.902857,Very Low,64.6,10.256871,100,1747009800,Very Low,9.9570265,11.581038,Very Low,13.682254,56.7,14.242857,100,1747009800,11.1285715
2025-05-12T00:36:38Z,0,29.899,70.6,61,60.2,0,1,360,86,0.0,255,32767,0.0,2127-15-31,0.0,0.16,26.24,0.0,0.0,0.0,0,4.828125,6,45,05:49,20:11,2025-05-12 00:36:38.446594,Città della Scienza,75.8,11.417786,14.042992,12.446283,8.351254,EU EEA Common AQI,64.6,10.439068,12.663465,7200,10.342857,100,100,59.3,8.902857,Very Low,64.6,10.256871,100,1747009800,Very Low,9.9570265,11.581038,Very Low,13.682254,56.7,14.242857,100,1747009800,11.1285715
2025-05-12T00:36:49Z,0,29.899,70.6,61,60.2,1,1,360,86,0.0,255,32767,0.0,2127-15-31,0.0,0.16,26.24,0.0,0.0,0.0,0,4.828125,6,45,05:49,20:11,2025-05-12 00:36:49.531586,Città della Scienza,75.8,11.417786,14.042992,12.446283,8.351254,EU EEA Common AQI,64.6,10.439068,12.663465,7200,10.342857,100,100,59.3,8.902857,Very Low,64.6,10.256871,100,1747009800,Very Low,9.9570265,11.581038,Very Low,13.682254,56.7,14.242857,100,1747009800,11.1285715
2025-05-12T00:37:00Z,0,29.899,70.6,61,60.3,0,1,360,86,0.0,255,32767,0.0,2127-15-31,0.0,0.16,26.24,0.0,0.0,0.0,0,4.828125,6,45,05:49,20:11,2025-05-12 00:37:00.618594,Città della Scienza,75.8,11.417786,14.042992,12.446283,8.351254,EU EEA Common AQI,64.6,10.439068,12.663465,7200,10.342857,100,100,59.3,8.902857,Very Low,64.6,10.256871,100,1747009800,Very Low,9.9570265,11.581038,Very Low,13.682254,56.7,14.242857,100,1747009800,11.1285715
2025-05-12T00:37:11Z,0,29.899,70.6,61,60.3,0,1,360,86,0.0,255,32767,0.0,2127-15-31,0.0,0.16,26.24,0.0,0.0,0.0,0,4.828125,6,45,05:49,20:11,2025-05-12 00:37:11.700582,Città della Scienza,75.8,11.417786,14.042992,12.446283,8.351254,EU EEA Common AQI,64.6,10.439068,12.663465,7200,10.342857,100,100,59.3,8.902857,Very Low,64.6,10.256871,100,1747009800,Very Low,9.9570265,11.581038,Very Low,13.682254,56.7,14.242857,100,1747009800,11.1285715
2025-05-12T00:37:22Z,0,29.899,70.6,61,60.3,0,1,360,86,0.0,255,32767,0.0,2127-15-31,0.0,0.16,26.24,0.0,0.0,0.0,0,4.828125,6,45,05:49,20:11,2025-05-12 00:37:22.770592,Città della Scienza,75.8,11.417786,14.042992,12.446283,8.351254,EU EEA Common AQI,64.6,10.439068,12.663465,7200,10.342857,100,100,59.3,8.902857,Very Low,64.6,10.256871,100,1747009800,Very Low,9.9570265,11.581038,Very Low,13.682254,56.7,14.242857,100,1747009800,11.1285715
2025-05-12T00:37:34Z,0,29.894,70.6,61,60.2,0,1,360,86,0.0,255,32767,0.0,2127-15-31,0.0,0.16,26.24,0.0,0.0,0.0,0,4.828125,6,45,05:49,20:11,2025-05-12 00:37:33.855592,Città della Scienza,75.8,11.417786,14.042992,12.446283,8.351254,EU EEA Common AQI,64.6,10.439068,12.663465,7200,10.342857,100,100,59.3,8.902857,Very Low,64.6,10.256871,100,1747009800,Very Low,9.9570265,11.581038,Very Low,13.682254,56.7,14.242857,100,1747009800,11.1285715
2025-05-12T00:37:45Z,0,29.894,70.6,61,60.2,0,1,360,86,0.0,255,32767,0.0,2127-15-31,0.0,0.16,26.24,0.0,0.0,0.0,0,4.828125,6,45,05:49,20:11,2025-05-12 00:37:44.962588,Città della Scienza,75.8,11.417786,14.042992,12.446283,8.351254,EU EEA Common AQI,64.6,10.439068,12.663465,7200,10.342857,100,100,59.3,8.902857,Very Low,64.6,10.256871,100,1747009800,Very Low,9.9570265,11.581038,Very Low,13.682254,56.7,14.242857,100,1747009800,11.1285715
2025-05-12T00:37:56Z,0,29.894,70.6,61,60.2,0,1,360,86,0.0,255,32767,0.0,2127-15-31,0.0,0.16,26.24,0.0,0.0,0.0,0,4.828125,6,45,05:49,20:11,2025-05-12 00:37:56.083577,Città della Scienza,75.8,11.417786,14.042992,12.446283,8.351254,EU EEA Common AQI,64.6,10.439068,12.663465,7200,10.342857,100,100,59.3,8.902857,Very Low,64.6,10.256871,100,1747009800,Very Low,9.9570265,11.581038,Very Low,13.682254,56.7,14.242857,100,1747009800,11.1285715
2025-05-12T00:38:07Z,0,29.894,70.6,61,60.3,1,1,360,86,0.0,255,32767,0.0,2127-15-31,0.0,0.16,26.24,0.0,0.0,0.0,0,4.828125,6,45,05:49,20:11,2025-05-12 00:38:07.165599,Città della Scienza,75.8,11.417786,14.042992,12.446283,8.351254,EU EEA Common AQI,64.6,10.439068,12.663465,7200,10.342857,100,100,59.3,8.902857,Very Low,64.6,10.256871,100,1747009800,Very Low,9.9570265,11.581038,Very Low,13.682254,56.7,14.242857,100,1747009800,11.1285715
2025-05-12T00:38:18Z,0,29.894,70.6,61,60.3,0,1,360,86,0.0,255,32767,0.0,2127-15-31,0.0,0.16,26.24,0.0,0.0,0.0,0,4.828125,6,45,05:49,20:11,2025-05-12 00:38:18.266634,Città della Scienza,75.8,11.417786,14.042992,12.446283,8.351254,EU EEA Common AQI,64.6,10.439068,12.663465,7200,10.342857,100,100,59.3,8.902857,Very Low,64.6,10.256871,100,1747009800,Very Low,9.9570265,11.581038,Very Low,13.682254,56.7,14.242857,100,1747009800,11.1285715
2025-05-12T00:38:29Z,0,29.894,70.6,61,60.2,0,1,360,86,0.0,255,32767,0.0,2127-15-31,0.0,0.16,26.24,0.0,0.0,0.0,0,4.828125,6,45,05:49,20:11,2025-05-12 00:38:29.349595,Città della Scienza,75.8,11.417786,14.042992,12.446283,8.351254,EU EEA Common AQI,64.6,10.439068,12.663465,7200,10.342857,100,100,59.3,8.902857,Very Low,64.6,10.256871,100,1747009800,Very Low,9.9570265,11.581038,Very Low,13.682254,56.7,14.242857,100,1747009800,11.1285715
2025-05-12T00:38:40Z,0,29.896,70.6,61,60.2,0,1,360,86,0.0,255,32767,0.0,2127-15-31,0.0,0.16,26.24,0.0,0.0,0.0,0,4.828125,6,45,05:49,20:11,2025-05-12 00:38:40.413605,Città della Scienza,75.8,11.417786,14.042992,12.446283,8.351254,EU EEA Common AQI,64.6,10.439068,12.663465,7200,10.342857,100,100,59.3,8.902857,Very Low,64.6,10.256871,100,1747009800,Very Low,9.9570265,11.581038,Very Low,13.682254,56.7,14.242857,100,1747009800,11.1285715
2025-05-12T00:38:51Z,0,29.896,70.6,61,60.2,0,1,360,86,0.0,255,32767,0.0,2127-15-31,0.0,0.16,26.24,0.0,0.0,0.0,0,4.828125,6,45,05:49,20:11,2025-05-12 00:38:51.447591,Città della Scienza,75.8,11.417786,14.042992,12.446283,8.351254,EU EEA Common AQI,64.6,10.439068,12.663465,7200,10.342857,100,100,59.3,8.902857,Very Low,64.6,10.256871,100,1747009800,Very Low,9.9570265,11.581038,Very Low,13.682254,56.7,14.242857,100,1747009800,11.1285715
2025-05-12T00:39:02Z,0,29.896,70.6,61,60.2,0,1,360,86,0.0,255,32767,0.0,2127-15-31,0.0,0.16,26.24,0.0,0.0,0.0,0,4.828125,6,45,05:49,20:11,2025-05-12 00:39:02.479597,Città della Scienza,75.8,11.417786,14.042992,12.446283,8.351254,EU EEA Common AQI,64.6,10.439068,12.663465,7200,10.342857,100,100,59.3,8.902857,Very Low,64.6,10.256871,100,1747009800,Very Low,9.9570265,11.581038,Very Low,13.682254,56.7,14.242857,100,1747009800,11.1285715
2025-05-12T00:39:13Z,0,29.896,70.6,61,60.2,0,1,360,86,0.0,255,32767,0.0,2127-15-31,0.0,0.16,26.24,0.0,0.0,0.0,0,4.828125,6,45,05:49,20:11,2025-05-12 00:39:13.595599,Città della Scienza,75.8,11.417786,14.042992,12.446283,8.351254,EU EEA Common AQI,64.6,10.439068,12.663465,7200,10.342857,100,100,59.3,8.902857,Very Low,64.6,10.256871,100,1747009800,Very Low,9.9570265,11.581038,Very Low,13.682254,56.7,14.242857,100,1747009800,11.1285715
2025-05-12T00:39:24Z,0,29.896,70.6,61,60.2,1,1,360,86,0.0,255,32767,0.0,2127-15-31,0.0,0.16,26.24,0.0,0.0,0.0,0,4.828125,6,45,05:49,20:11,2025-05-12 00:39:24.660594,Città della Scienza,75.8,11.417786,14.042992,12.446283,8.351254,EU EEA Common AQI,64.6,10.439068,12.663465,7200,10.342857,100,100,59.3,8.902857,Very Low,64.6,10.256871,100,1747009800,Very Low,9.9570265,11.581038,Very Low,13.682254,56.7,14.242857,100,1747009800,11.1285715
2025-05-12T00:39:35Z,0,29.894,70.6,61,60.2,0,1,360,86,0.0,255,32767,0.0,2127-15-31,0.0,0.16,26.24,0.0,0.0,0.0,0,4.828125,6,45,05:49,20:11,2025-05-12 00:39:35.711590,Città della Scienza,75.8,11.417786,14.042992,12.446283,8.351254,EU EEA Common AQI,64.6,10.439068,12.663465,7200,10.342857,100,100,59.3,8.902857,Very Low,64.6,10.256871,100,1747009800,Very Low,9.9570265,11.581038,Very Low,13.682254,56.7,14.242857,100,1747009800,11.1285715
2025-05-12T00:39:47Z,0,29.894,70.6,61,60.2,0,1,360,86,0.0,255,32767,0.0,2127-15-31,0.0,0.16,26.24,0.0,0.0,0.0,0,4.828125,6,45,05:49,20:11,2025-05-12 00:39:46.813594,Città della Scienza,75.8,11.417786,14.042992,12.446283,8.351254,EU EEA Common AQI,64.6,10.439068,12.663465,7200,10.342857,100,100,59.3,8.902857,Very Low,64.6,10.256871,100,1747009800,Very Low,9.9570265,11.581038,Very Low,13.682254,56.7,14.242857,100,1747009800,11.1285715
2025-05-12T00:39:58Z,0,29.894,70.6,61,60.2,0,1,360,86,0.0,255,32767,0.0,2127-15-31,0.0,0.16,26.24,0.0,0.0,0.0,0,4.828125,6,45,05:49,20:11,2025-05-12 00:39:57.904589,Città della Scienza,75.8,11.417786,14.042992,12.446283,8.351254,EU EEA Common AQI,64.6,10.439068,12.663465,7200,10.342857,100,100,59.3,8.902857,Very Low,64.6,10.256871,100,1747009800,Very Low,9.9570265,11.581038,Very Low,13.682254,56.7,14.242857,100,1747009800,11.1285715
2025-05-12T00:40:09Z,0,29.894,70.6,61,60.2,0,1,360,86,0.0,255,32767,0.0,2127-15-31,0.0,0.16,26.24,0.0,0.0,0.0,0,4.828125,6,45,05:49,20:11,2025-05-12 00:40:08.975593,Città della Scienza,75.8,11.417786,14.042992,12.446283,8.351254,EU EEA Common AQI,64.6,10.439068,12.663465,7200,10.342857,100,100,59.3,8.902857,Very Low,64.6,10.256871,100,1747009800,Very Low,9.9570265,11.581038,Very Low,13.682254,56.7,14.242857,100,1747009800,11.1285715
2025-05-12T00:40:20Z,0,29.894,70.6,61,60.2,1,1,360,86,0.0,255,32767,0.0,2127-15-31,0.0,0.16,26.24,0.0,0.0,0.0,0,4.828125,6,45,05:49,20:11,2025-05-12 00:40:20.088587,Città della Scienza,75.8,11.417786,14.042992,12.446283,8.351254,EU EEA Common AQI,64.6,10.439068,12.663465,7200,10.342857,100,100,59.3,8.902857,Very Low,64.6,10.256871,100,1747009800,Very Low,9.9570265,11.581038,Very Low,13.682254,56.7,14.242857,100,1747009800,11.1285715
2025-05-12T00:40:31Z,0,29.894,70.6,61,60.2,0,1,360,86,0.0,255,32767,0.0,2127-15-31,0.0,0.16,26.24,0.0,0.0,0.0,0,4.828125,6,45,05:49,20:11,2025-05-12 00:40:31.396594,Città della Scienza,75.8,11.417786,14.042992,12.446283,8.351254,EU EEA Common AQI,64.6,10.439068,12.663465,7200,10.342857,100,100,59.3,8.902857,Very Low,64.6,10.256871,100,1747009800,Very Low,9.9570265,11.581038,Very Low,13.682254,56.7,14.242857,100,1747009800,11.1285715
2025-05-12T00:40:42Z,0,29.895,70.6,61,60.1,0,1,360,86,0.0,255,32767,0.0,2127-15-31,0.0,0.16,26.24,0.0,0.0,0.0,0,4.828125,6,45,05:49,20:11,2025-05-12 00:40:42.472591,Città della Scienza,75.8,11.417786,14.042992,12.446283,8.351254,EU EEA Common AQI,64.6,10.439068,12.663465,7200,10.342857,100,100,59.3,8.902857,Very Low,64.6,10.256871,100,1747009800,Very Low,9.9570265,11.581038,Very Low,13.682254,56.7,14.242857,100,1747009800,11.1285715
2025-05-12T00:40:53Z,0,29.895,70.6,61,60.1,0,1,360,86,0.0,255,32767,0.0,2127-15-31,0.0,0.16,26.24,0.0,0.0,0.0,0,4.828125,6,45,05:49,20:11,2025-05-12 00:40:53.570604,Città della Scienza,75.8,11.417786,14.042992,12.446283,8.351254,EU EEA Common AQI,64.6,10.439068,12.663465,7200,10.342857,100,100,59.3,8.902857,Very Low,64.6,10.256871,100,1747009800,Very Low,9.9570265,11.581038,Very Low,13.682254,56.7,14.242857,100,1747009800,11.1285715
2025-05-12T00:41:04Z,0,29.895,70.6,61,60.1,0,1,360,86,0.0,255,32767,0.0,2127-15-31,0.0,0.16,26.24,0.0,0.0,0.0,0,4.828125,6,45,05:49,20:11,2025-05-12 00:41:04.650591,Città della Scienza,75.8,11.417786,14.042992,12.446283,8.351254,EU EEA Common AQI,64.6,10.439068,12.663465,7200,10.342857,100,100,59.3,8.902857,Very Low,64.6,10.256871,100,1747009800,Very Low,9.9570265,11.581038,Very Low,13.682254,56.7,14.242857,100,1747009800,11.1285715
2025-05-12T00:41:15Z,0,29.895,70.6,61,60.2,1,1,360,86,0.0,255,32767,0.0,2127-15-31,0.0,0.16,26.24,0.0,0.0,0.0,0,4.828125,6,45,05:49,20:11,2025-05-12 00:41:15.758605,Città della Scienza,75.8,11.417786,14.042992,12.446283,8.351254,EU EEA Common AQI,64.6,10.439068,12.663465,7200,10.342857,100,100,59.3,8.902857,Very Low,64.6,10.256871,100,1747009800,Very Low,9.9570265,11.581038,Very Low,13.682254,56.7,14.242857,100,1747009800,11.1285715
2025-05-12T00:41:27Z,0,29.895,70.6,61,60.2,0,1,360,86,0.0,255,32767,0.0,2127-15-31,0.0,0.16,26.24,0.0,0.0,0.0,0,4.828125,6,45,05:49,20:11,2025-05-12 00:41:26.856628,Città della Scienza,75.8,11.417786,14.042992,12.446283,8.351254,EU EEA Common AQI,64.6,10.439068,12.663465,7200,10.342857,100,100,59.3,8.902857,Very Low,64.6,10.256871,100,1747009800,Very Low,9.9570265,11.581038,Very Low,13.682254,56.7,14.242857,100,1747009800,11.1285715
2025-05-12T00:41:38Z,0,29.894,70.5,61,60.1,0,1,360,86,0.0,255,32767,0.0,2127-15-31,0.0,0.16,26.24,0.0,0.0,0.0,0,4.828125,6,45,05:49,20:11,2025-05-12 00:41:37.889621,Città della Scienza,75.8,11.417786,14.042992,12.446283,8.351254,EU EEA Common AQI,64.6,10.439068,12.663465,7200,10.342857,100,100,59.3,8.902857,Very Low,64.6,10.256871,100,1747009800,Very Low,9.9570265,11.581038,Very Low,13.682254,56.7,14.242857,100,1747009800,11.1285715
2025-05-12T00:41:49Z,0,29.894,70.5,61,60.1,0,1,360,86,0.0,255,32767,0.0,2127-15-31,0.0,0.16,26.24,0.0,0.0,0.0,0,4.828125,6,45,05:49,20:11,2025-05-12 00:41:48.953588,Città della Scienza,75.8,11.417786,14.042992,12.446283,8.351254,EU EEA Common AQI,64.6,10.439068,12.663465,7200,10.342857,100,100,59.3,8.902857,Very Low,64.6,10.256871,100,1747009800,Very Low,9.9570265,11.581038,Very Low,13.682254,56.7,14.242857,100,1747009800,11.1285715
2025-05-12T00:42:00Z,0,29.894,70.5,61,60.1,0,1,360,86,0.0,255,32767,0.0,2127-15-31,0.0,0.16,26.24,0.0,0.0,0.0,0,4.828125,6,45,05:49,20:11,2025-05-12 00:42:00.066595,Città della Scienza,75.8,11.417786,14.042992,12.446283,8.351254,EU EEA Common AQI,64.6,10.439068,12.663465,7200,10.342857,100,100,59.3,8.902857,Very Low,64.6,10.256871,100,1747009800,Very Low,9.9570265,11.581038,Very Low,13.682254,56.7,14.242857,100,1747009800,11.1285715
2025-05-12T00:42:11Z,0,29.894,70.5,61,60.0,0,1,360,86,0.0,255,32767,0.0,2127-15-31,0.0,0.16,26.24,0.0,0.0,0.0,0,4.828125,6,45,05:49,20:11,2025-05-12 00:42:11.117585,Città della Scienza,75.8,11.417786,14.042992,12.446283,8.351254,EU EEA Common AQI,64.6,10.439068,12.663465,7200,10.342857,100,100,59.3,8.902857,Very Low,64.6,10.256871,100,1747009800,Very Low,9.9570265,11.581038,Very Low,13.682254,56.7,14.242857,100,1747009800,11.1285715
2025-05-12T00:42:22Z,0,29.894,70.5,61,60.0,0,1,360,86,0.0,255,32767,0.0,2127-15-31,0.0,0.16,26.24,0.0,0.0,0.0,0,4.828125,6,45,05:49,20:11,2025-05-12 00:42:22.238590,Città della Scienza,75.8,11.417786,14.042992,12.446283,8.351254,EU EEA Common AQI,64.6,10.439068,12.663465,7200,10.342857,100,100,59.3,8.902857,Very Low,64.6,10.256871,100,1747009800,Very Low,9.9570265,11.581038,Very Low,13.682254,56.7,14.242857,100,1747009800,11.1285715
2025-05-12T00:42:33Z,0,29.891,70.6,61,60.0,1,0,360,86,0.0,255,32767,0.0,2127-15-31,0.0,0.16,26.24,0.0,0.0,0.0,0,4.828125,6,45,05:49,20:11,2025-05-12 00:42:33.305587,Città della Scienza,75.8,11.417786,14.042992,12.446283,8.351254,EU EEA Common AQI,64.6,10.439068,12.663465,7200,10.342857,100,100,59.3,8.902857,Very Low,64.6,10.256871,100,1747009800,Very Low,9.9570265,11.581038,Very Low,13.682254,56.7,14.242857,100,1747009800,11.1285715
2025-05-12T00:42:44Z,0,29.891,70.6,61,60.0,1,0,360,86,0.0,255,32767,0.0,2127-15-31,0.0,0.16,26.24,0.0,0.0,0.0,0,4.828125,6,45,05:49,20:11,2025-05-12 00:42:44.418593,Città della Scienza,75.8,11.417786,14.042992,12.446283,8.351254,EU EEA Common AQI,64.6,10.439068,12.663465,7200,10.342857,100,100,59.3,8.902857,Very Low,64.6,10.256871,100,1747009800,Very Low,9.9570265,11.581038,Very Low,13.682254,56.7,14.242857,100,1747009800,11.1285715
2025-05-12T00:42:55Z,0,29.891,70.6,61,60.0,0,0,360,86,0.0,255,32767,0.0,2127-15-31,0.0,0.16,26.24,0.0,0.0,0.0,0,4.828125,6,45,05:49,20:11,2025-05-12 00:42:55.490607,Città della Scienza,75.8,11.417786,14.042992,12.446283,8.351254,EU EEA Common AQI,64.6,10.439068,12.663465,7200,10.342857,100,100,59.3,8.902857,Very Low,64.6,10.256871,100,1747009800,Very Low,9.9570265,11.581038,Very Low,13.682254,56.7,14.242857,100,1747009800,11.1285715
2025-05-12T00:43:06Z,0,29.891,70.6,61,60.0,0,0,360,86,0.0,255,32767,0.0,2127-15-31,0.0,0.16,26.24,0.0,0.0,0.0,0,4.828125,6,45,05:49,20:11,2025-05-12 00:43:06.555587,Città della Scienza,75.8,11.417786,14.042992,12.446283,8.351254,EU EEA Common AQI,64.6,10.439068,12.663465,7200,10.342857,100,100,59.3,8.902857,Very Low,64.6,10.256871,100,1747009800,Very Low,9.9570265,11.581038,Very Low,13.682254,56.7,14.242857,100,1747009800,11.1285715
2025-05-12T00:43:17Z,0,29.891,70.6,61,59.9,0,0,360,86,0.0,255,32767,0.0,2127-15-31,0.0,0.16,26.24,0.0,0.0,0.0,0,4.828125,6,45,05:49,20:11,2025-05-12 00:43:17.646594,Città della Scienza,75.8,11.417786,14.042992,12.446283,8.351254,EU EEA Common AQI,64.6,10.439068,12.663465,7200,10.342857,100,100,59.3,8.902857,Very Low,64.6,10.256871,100,1747009800,Very Low,9.9570265,11.581038,Very Low,13.682254,56.7,14.242857,100,1747009800,11.1285715
2025-05-12T00:43:28Z,0,29.891,70.6,61,59.9,0,0,360,86,0.0,255,32767,0.0,2127-15-31,0.0,0.16,26.24,0.0,0.0,0.0,0,4.828125,6,45,05:49,20:11,2025-05-12 00:43:28.738591,Città della Scienza,75.8,11.417786,14.042992,12.446283,8.351254,EU EEA Common AQI,64.6,10.439068,12.663465,7200,10.342857,100,100,59.3,8.902857,Very Low,64.6,10.256871,100,1747009800,Very Low,9.9570265,11.581038,Very Low,13.682254,56.7,14.242857,100,1747009800,11.1285715
2025-05-12T00:43:40Z,0,29.893,70.5,61,59.9,0,0,360,86,0.0,255,32767,0.0,2127-15-31,0.0,0.16,26.24,0.0,0.0,0.0,0,4.828125,6,45,05:49,20:11,2025-05-12 00:43:39.829591,Città della Scienza,75.8,11.417786,14.042992,12.446283,8.351254,EU EEA Common AQI,64.6,10.439068,12.663465,7200,10.342857,100,100,59.3,8.902857,Very Low,64.6,10.256871,100,1747009800,Very Low,9.9570265,11.581038,Very Low,13.682254,56.7,14.242857,100,1747009800,11.1285715
2025-05-12T00:43:51Z,0,29.893,70.5,61,59.9,0,0,360,86,0.0,255,32767,0.0,2127-15-31,0.0,0.16,26.24,0.0,0.0,0.0,0,4.828125,6,45,05:49,20:11,2025-05-12 00:43:50.905589,Città della Scienza,75.8,11.417786,14.042992,12.446283,8.351254,EU EEA Common AQI,64.6,10.439068,12.663465,7200,10.342857,100,100,59.3,8.902857,Very Low,64.6,10.256871,100,1747009800,Very Low,9.9570265,11.581038,Very Low,13.682254,56.7,14.242857,100,1747009800,11.1285715
2025-05-12T00:44:02Z,0,29.893,70.5,61,59.9,0,0,360,86,0.0,255,32767,0.0,2127-15-31,0.0,0.16,26.24,0.0,0.0,0.0,0,4.828125,6,45,05:49,20:11,2025-05-12 00:44:02.019593,Città della Scienza,75.8,11.417786,14.042992,12.446283,8.351254,EU EEA Common AQI,64.6,10.439068,12.663465,7200,10.342857,100,100,59.3,8.902857,Very Low,64.6,10.256871,100,1747009800,Very Low,9.9570265,11.581038,Very Low,13.682254,56.7,14.242857,100,1747009800,11.1285715
2025-05-12T00:44:13Z,0,29.893,70.5,61,59.8,0,0,360,86,0.0,255,32767,0.0,2127-15-31,0.0,0.16,26.24,0.0,0.0,0.0,0,4.828125,6,45,05:49,20:11,2025-05-12 00:44:13.099590,Città della Scienza,75.8,11.417786,14.042992,12.446283,8.351254,EU EEA Common AQI,64.6,10.439068,12.663465,7200,10.342857,100,100,59.3,8.902857,Very Low,64.6,10.256871,100,1747009800,Very Low,9.9570265,11.581038,Very Low,13.682254,56.7,14.242857,100,1747009800,11.1285715
2025-05-12T00:44:24Z,0,29.893,70.5,61,59.8,0,0,360,86,0.0,255,32767,0.0,2127-15-31,0.0,0.16,26.24,0.0,0.0,0.0,0,4.828125,6,45,05:49,20:11,2025-05-12 00:44:24.154592,Città della Scienza,75.8,11.417786,14.042992,12.446283,8.351254,EU EEA Common AQI,64.6,10.439068,12.663465,7200,10.342857,100,100,59.3,8.902857,Very Low,64.6,10.256871,100,1747009800,Very Low,9.9570265,11.581038,Very Low,13.682254,56.7,14.242857,100,1747009800,11.1285715
2025-05-12T00:44:35Z,0,29.891,70.5,61,59.8,0,0,360,85,0.0,255,32767,0.0,2127-15-31,0.0,0.16,26.24,0.0,0.0,0.0,0,4.828125,6,45,05:49,20:11,2025-05-12 00:44:35.185598,Città della Scienza,75.8,11.417786,14.042992,12.446283,8.351254,EU EEA Common AQI,64.6,10.439068,12.663465,7200,10.342857,100,100,59.3,8.902857,Very Low,64.6,10.256871,100,1747009800,Very Low,9.9570265,11.581038,Very Low,13.682254,56.7,14.242857,100,1747009800,11.1285715
2025-05-12T00:44:46Z,0,29.891,70.5,61,59.7,0,0,360,85,0.0,255,32767,0.0,2127-15-31,0.0,0.16,26.24,0.0,0.0,0.0,0,4.828125,6,45,05:49,20:11,2025-05-12 00:44:46.260554,Città della Scienza,75.8,11.417786,14.042992,12.446283,8.351254,EU EEA Common AQI,64.6,10.439068,12.663465,7200,10.342857,100,100,59.3,8.902857,Very Low,64.6,10.256871,100,1747009800,Very Low,9.9570265,11.581038,Very Low,13.682254,56.7,14.242857,100,1747009800,11.1285715
2025-05-12T00:44:57Z,0,29.891,70.5,61,59.7,0,0,360,85,0.0,255,32767,0.0,2127-15-31,0.0,0.16,26.24,0.0,0.0,0.0,0,4.828125,6,45,05:49,20:11,2025-05-12 00:44:57.336592,Città della Scienza,75.8,11.417786,14.042992,12.446283,8.351254,EU EEA Common AQI,64.6,10.439068,12.663465,7200,10.342857,100,100,59.3,8.902857,Very Low,64.6,10.256871,100,1747009800,Very Low,9.9570265,11.581038,Very Low,13.682254,56.7,14.242857,100,1747009800,11.1285715
2025-05-12T00:45:08Z,0,29.891,70.5,61,59.6,0,0,360,85,0.0,255,32767,0.0,2127-15-31,0.0,0.16,26.24,0.0,0.0,0.0,0,4.828125,6,45,05:49,20:11,2025-05-12 00:45:08.401586,Città della Scienza,75.8,11.417786,14.042992,12.446283,8.351254,EU EEA Common AQI,64.6,10.439068,12.663465,7200,10.342857,100,100,59.3,8.902857,Very Low,64.6,10.256871,100,1747009800,Very Low,9.9570265,11.581038,Very Low,13.682254,56.7,14.242857,100,1747009800,11.1285715
2025-05-12T00:45:19Z,0,29.891,70.5,61,59.6,0,0,360,85,0.0,255,32767,0.0,2127-15-31,0.0,0.16,26.24,0.0,0.0,0.0,0,4.828125,6,45,05:49,20:11,2025-05-12 00:45:19.484591,Città della Scienza,75.8,11.417786,14.042992,12.446283,8.351254,EU EEA Common AQI,64.6,10.439068,12.663465,7200,10.342857,100,100,59.3,8.902857,Very Low,64.6,10.256871,100,1747009800,Very Low,9.9570265,11.581038,Very Low,13.682254,56.7,14.242857,100,1747009800,11.1285715
2025-05-12T00:45:30Z,0,29.891,70.5,61,59.6,1,0,360,85,0.0,255,32767,0.0,2127-15-31,0.0,0.16,26.24,0.0,0.0,0.0,0,4.828125,6,45,05:49,20:11,2025-05-12 00:45:30.560589,Città della Scienza,75.5,11.746163,13.967767,12.324779,8.525625,EU EEA Common AQI,64.6,10.657032,12.598141,7200,10.753623,100,100,59.2,9.599999,Very Low,64.5,10.566576,100,1747010700,Very Low,9.859822,11.787324,Very Low,13.517631,56.6,12.594203,100,1747010700,12.0
2025-05-12T00:45:41Z,236,29.891,70.5,61,59.6,1,0,360,85,0.0,255,32767,0.0,2127-15-31,0.0,0.16,26.24,0.0,0.0,0.0,0,4.828125,6,45,05:49,20:11,2025-05-12 00:45:41.602559,Città della Scienza,75.5,11.746163,13.967767,12.324779,8.525625,EU EEA Common AQI,64.6,10.657032,12.598141,7200,10.753623,100,100,59.2,9.599999,Very Low,64.5,10.566576,100,1747010700,Very Low,9.859822,11.787324,Very Low,13.517631,56.6,12.594203,100,1747010700,12.0
2025-05-12T00:45:52Z,236,29.891,70.5,61,59.6,1,0,360,85,0.0,255,32767,0.0,2127-15-31,0.0,0.16,26.24,0.0,0.0,0.0,0,4.828125,6,45,05:49,20:11,2025-05-12 00:45:52.720592,Città della Scienza,75.5,11.746163,13.967767,12.324779,8.525625,EU EEA Common AQI,64.6,10.657032,12.598141,7200,10.753623,100,100,59.2,9.599999,Very Low,64.5,10.566576,100,1747010700,Very Low,9.859822,11.787324,Very Low,13.517631,56.6,12.594203,100,1747010700,12.0
2025-05-12T00:46:03Z,236,29.891,70.5,61,59.5,1,0,360,85,0.0,255,32767,0.0,2127-15-31,0.0,0.16,26.24,0.0,0.0,0.0,0,4.828125,6,45,05:49,20:11,2025-05-12 00:46:03.795591,Città della Scienza,75.5,11.746163,13.967767,12.324779,8.525625,EU EEA Common AQI,64.6,10.657032,12.598141,7200,10.753623,100,100,59.2,9.599999,Very Low,64.5,10.566576,100,1747010700,Very Low,9.859822,11.787324,Very Low,13.517631,56.6,12.594203,100,1747010700,12.0
2025-05-12T00:46:15Z,236,29.891,70.5,61,59.5,1,0,360,85,0.0,255,32767,0.0,2127-15-31,0.0,0.16,26.24,0.0,0.0,0.0,0,4.828125,6,45,05:49,20:11,2025-05-12 00:46:14.887597,Città della Scienza,75.5,11.746163,13.967767,12.324779,8.525625,EU EEA Common AQI,64.6,10.657032,12.598141,7200,10.753623,100,100,59.2,9.599999,Very Low,64.5,10.566576,100,1747010700,Very Low,9.859822,11.787324,Very Low,13.517631,56.6,12.594203,100,1747010700,12.0
2025-05-12T00:46:26Z,236,29.891,70.5,61,59.4,1,0,15,85,0.0,255,32767,0.0,2127-15-31,0.0,0.16,26.24,0.0,0.0,0.0,0,4.828125,6,45,05:49,20:11,2025-05-12 00:46:25.953606,Città della Scienza,75.5,11.746163,13.967767,12.324779,8.525625,EU EEA Common AQI,64.6,10.657032,12.598141,7200,10.753623,100,100,59.2,9.599999,Very Low,64.5,10.566576,100,1747010700,Very Low,9.859822,11.787324,Very Low,13.517631,56.6,12.594203,100,1747010700,12.0
2025-05-12T00:46:37Z,236,29.891,70.6,61,59.4,0,0,15,85,0.0,255,32767,0.0,2127-15-31,0.0,0.16,26.24,0.0,0.0,0.0,0,4.828125,6,45,05:49,20:11,2025-05-12 00:46:37.049599,Città della Scienza,75.5,11.746163,13.967767,12.324779,8.525625,EU EEA Common AQI,64.6,10.657032,12.598141,7200,10.753623,100,100,59.2,9.599999,Very Low,64.5,10.566576,100,1747010700,Very Low,9.859822,11.787324,Very Low,13.517631,56.6,12.594203,100,1747010700,12.0
2025-05-12T00:46:48Z,236,29.891,70.6,61,59.4,0,0,15,85,0.0,255,32767,0.0,2127-15-31,0.0,0.16,26.24,0.0,0.0,0.0,0,4.828125,6,45,05:49,20:11,2025-05-12 00:46:48.157587,Città della Scienza,75.5,11.746163,13.967767,12.324779,8.525625,EU EEA Common AQI,64.6,10.657032,12.598141,7200,10.753623,100,100,59.2,9.599999,Very Low,64.5,10.566576,100,1747010700,Very Low,9.859822,11.787324,Very Low,13.517631,56.6,12.594203,100,1747010700,12.0
2025-05-12T00:46:59Z,236,29.891,70.6,61,59.4,0,0,15,85,0.0,255,32767,0.0,2127-15-31,0.0,0.16,26.24,0.0,0.0,0.0,0,4.828125,6,45,05:49,20:11,2025-05-12 00:46:59.276586,Città della Scienza,75.5,11.746163,13.967767,12.324779,8.525625,EU EEA Common AQI,64.6,10.657032,12.598141,7200,10.753623,100,100,59.2,9.599999,Very Low,64.5,10.566576,100,1747010700,Very Low,9.859822,11.787324,Very Low,13.517631,56.6,12.594203,100,1747010700,12.0
2025-05-12T00:47:10Z,236,29.891,70.6,61,59.3,0,0,15,85,0.0,255,32767,0.0,2127-15-31,0.0,0.16,26.24,0.0,0.0,0.0,0,4.828125,6,45,05:49,20:11,2025-05-12 00:47:10.343590,Città della Scienza,75.5,11.746163,13.967767,12.324779,8.525625,EU EEA Common AQI,64.6,10.657032,12.598141,7200,10.753623,100,100,59.2,9.599999,Very Low,64.5,10.566576,100,1747010700,Very Low,9.859822,11.787324,Very Low,13.517631,56.6,12.594203,100,1747010700,12.0
2025-05-12T00:47:21Z,236,29.891,70.6,61,59.3,0,0,15,85,0.0,255,32767,0.0,2127-15-31,0.0,0.16,26.24,0.0,0.0,0.0,0,4.828125,6,45,05:49,20:11,2025-05-12 00:47:21.502593,Città della Scienza,75.5,11.746163,13.967767,12.324779,8.525625,EU EEA Common AQI,64.6,10.657032,12.598141,7200,10.753623,100,100,59.2,9.599999,Very Low,64.5,10.566576,100,1747010700,Very Low,9.859822,11.787324,Very Low,13.517631,56.6,12.594203,100,1747010700,12.0
2025-05-12T00:47:32Z,236,29.89,70.5,61,59.4,0,0,17,85,0.0,255,32767,0.0,2127-15-31,0.0,0.16,26.24,0.0,0.0,0.0,0,4.828125,6,45,05:49,20:11,2025-05-12 00:47:32.552590,Città della Scienza,75.5,11.746163,13.967767,12.324779,8.525625,EU EEA Common AQI,64.6,10.657032,12.598141,7200,10.753623,100,100,59.2,9.599999,Very Low,64.5,10.566576,100,1747010700,Very Low,9.859822,11.787324,Very Low,13.517631,56.6,12.594203,100,1747010700,12.0
2025-05-12T00:47:43Z,236,29.89,70.5,61,59.3,1,0,17,85,0.0,255,32767,0.0,2127-15-31,0.0,0.16,26.24,0.0,0.0,0.0,0,4.828125,6,45,05:49,20:11,2025-05-12 00:47:43.606613,Città della Scienza,75.5,11.746163,13.967767,12.324779,8.525625,EU EEA Common AQI,64.6,10.657032,12.598141,7200,10.753623,100,100,59.2,9.599999,Very Low,64.5,10.566576,100,1747010700,Very Low,9.859822,11.787324,Very Low,13.517631,56.6,12.594203,100,1747010700,12.0
2025-05-12T00:47:54Z,236,29.89,70.5,61,59.3,0,0,17,85,0.0,255,32767,0.0,2127-15-31,0.0,0.16,26.24,0.0,0.0,0.0,0,4.828125,6,45,05:49,20:11,2025-05-12 00:47:54.670557,Città della Scienza,75.5,11.746163,13.967767,12.324779,8.525625,EU EEA Common AQI,64.6,10.657032,12.598141,7200,10.753623,100,100,59.2,9.599999,Very Low,64.5,10.566576,100,1747010700,Very Low,9.859822,11.787324,Very Low,13.517631,56.6,12.594203,100,1747010700,12.0
2025-05-12T00:48:05Z,236,29.89,70.5,61,59.3,1,0,17,86,0.0,255,32767,0.0,2127-15-31,0.0,0.16,26.24,0.0,0.0,0.0,0,4.828125,6,45,05:49,20:11,2025-05-12 00:48:05.713587,Città della Scienza,75.5,11.746163,13.967767,12.324779,8.525625,EU EEA Common AQI,64.6,10.657032,12.598141,7200,10.753623,100,100,59.2,9.599999,Very Low,64.5,10.566576,100,1747010700,Very Low,9.859822,11.787324,Very Low,13.517631,56.6,12.594203,100,1747010700,12.0
2025-05-12T00:48:17Z,236,29.89,70.5,61,59.3,1,0,17,86,0.0,255,32767,0.0,2127-15-31,0.0,0.16,26.24,0.0,0.0,0.0,0,4.828125,6,45,05:49,20:11,2025-05-12 00:48:16.811588,Città della Scienza,75.5,11.746163,13.967767,12.324779,8.525625,EU EEA Common AQI,64.6,10.657032,12.598141,7200,10.753623,100,100,59.2,9.599999,Very Low,64.5,10.566576,100,1747010700,Very Low,9.859822,11.787324,Very Low,13.517631,56.6,12.594203,100,1747010700,12.0
2025-05-12T00:48:28Z,236,29.89,70.5,61,59.3,1,0,17,86,0.0,255,32767,0.0,2127-15-31,0.0,0.16,26.24,0.0,0.0,0.0,0,4.828125,6,45,05:49,20:11,2025-05-12 00:48:27.951553,Città della Scienza,75.5,11.746163,13.967767,12.324779,8.525625,EU EEA Common AQI,64.6,10.657032,12.598141,7200,10.753623,100,100,59.2,9.599999,Very Low,64.5,10.566576,100,1747010700,Very Low,9.859822,11.787324,Very Low,13.517631,56.6,12.594203,100,1747010700,12.0
2025-05-12T00:48:39Z,236,29.891,70.5,61,59.3,1,0,17,86,0.0,255,32767,0.0,2127-15-31,0.0,0.16,26.24,0.0,0.0,0.0,0,4.828125,6,45,05:49,20:11,2025-05-12 00:48:39.010595,Città della Scienza,75.5,11.746163,13.967767,12.324779,8.525625,EU EEA Common AQI,64.6,10.657032,12.598141,7200,10.753623,100,100,59.2,9.599999,Very Low,64.5,10.566576,100,1747010700,Very Low,9.859822,11.787324,Very Low,13.517631,56.6,12.594203,100,1747010700,12.0
2025-05-12T00:48:50Z,236,29.891,70.5,61,59.3,0,0,17,86,0.0,255,32767,0.0,2127-15-31,0.0,0.16,26.24,0.0,0.0,0.0,0,4.828125,6,45,05:49,20:11,2025-05-12 00:48:50.095593,Città della Scienza,75.5,11.746163,13.967767,12.324779,8.525625,EU EEA Common AQI,64.6,10.657032,12.598141,7200,10.753623,100,100,59.2,9.599999,Very Low,64.5,10.566576,100,1747010700,Very Low,9.859822,11.787324,Very Low,13.517631,56.6,12.594203,100,1747010700,12.0
2025-05-12T00:49:01Z,236,29.891,70.5,61,59.3,0,0,17,86,0.0,255,32767,0.0,2127-15-31,0.0,0.16,26.24,0.0,0.0,0.0,0,4.828125,6,45,05:49,20:11,2025-05-12 00:49:01.162594,Città della Scienza,75.5,11.746163,13.967767,12.324779,8.525625,EU EEA Common AQI,64.6,10.657032,12.598141,7200,10.753623,100,100,59.2,9.599999,Very Low,64.5,10.566576,100,1747010700,Very Low,9.859822,11.787324,Very Low,13.517631,56.6,12.594203,100,1747010700,12.0
2025-05-12T00:49:12Z,236,29.891,70.5,61,59.3,0,0,17,86,0.0,255,32767,0.0,2127-15-31,0.0,0.16,26.24,0.0,0.0,0.0,0,4.828125,6,45,05:49,20:11,2025-05-12 00:49:12.245588,Città della Scienza,75.5,11.746163,13.967767,12.324779,8.525625,EU EEA Common AQI,64.6,10.657032,12.598141,7200,10.753623,100,100,59.2,9.599999,Very Low,64.5,10.566576,100,1747010700,Very Low,9.859822,11.787324,Very Low,13.517631,56.6,12.594203,100,1747010700,12.0
2025-05-12T00:49:23Z,236,29.891,70.5,61,59.3,1,0,17,86,0.0,255,32767,0.0,2127-15-31,0.0,0.16,26.24,0.0,0.0,0.0,0,4.828125,6,45,05:49,20:11,2025-05-12 00:49:23.322591,Città della Scienza,75.5,11.746163,13.967767,12.324779,8.525625,EU EEA Common AQI,64.6,10.657032,12.598141,7200,10.753623,100,100,59.2,9.599999,Very Low,64.5,10.566576,100,1747010700,Very Low,9.859822,11.787324,Very Low,13.517631,56.6,12.594203,100,1747010700,12.0
2025-05-12T00:49:34Z,236,29.889,70.5,61,59.3,1,0,17,86,0.0,255,32767,0.0,2127-15-31,0.0,0.16,26.24,0.0,0.0,0.0,0,4.828125,6,45,05:49,20:11,2025-05-12 00:49:34.419593,Città della Scienza,75.5,11.746163,13.967767,12.324779,8.525625,EU EEA Common AQI,64.6,10.657032,12.598141,7200,10.753623,100,100,59.2,9.599999,Very Low,64.5,10.566576,100,1747010700,Very Low,9.859822,11.787324,Very Low,13.517631,56.6,12.594203,100,1747010700,12.0
2025-05-12T00:49:45Z,236,29.889,70.5,61,59.3,1,0,17,86,0.0,255,32767,0.0,2127-15-31,0.0,0.16,26.24,0.0,0.0,0.0,0,4.828125,6,45,05:49,20:11,2025-05-12 00:49:45.485595,Città della Scienza,75.5,11.746163,13.967767,12.324779,8.525625,EU EEA Common AQI,64.6,10.657032,12.598141,7200,10.753623,100,100,59.2,9.599999,Very Low,64.5,10.566576,100,1747010700,Very Low,9.859822,11.787324,Very Low,13.517631,56.6,12.594203,100,1747010700,12.0
2025-05-12T00:49:56Z,236,29.889,70.5,61,59.2,0,0,25,86,0.0,255,32767,0.0,2127-15-31,0.0,0.16,26.24,0.0,0.0,0.0,0,4.828125,6,45,05:49,20:11,2025-05-12 00:49:56.540589,Città della Scienza,75.5,11.746163,13.967767,12.324779,8.525625,EU EEA Common AQI,64.6,10.657032,12.598141,7200,10.753623,100,100,59.2,9.599999,Very Low,64.5,10.566576,100,1747010700,Very Low,9.859822,11.787324,Very Low,13.517631,56.6,12.594203,100,1747010700,12.0
2025-05-12T00:50:07Z,236,29.889,70.5,61,59.2,0,0,25,86,0.0,255,32767,0.0,2127-15-31,0.0,0.16,26.24,0.0,0.0,0.0,0,4.828125,6,45,05:49,20:11,2025-05-12 00:50:07.631593,Città della Scienza,75.5,11.746163,13.967767,12.324779,8.525625,EU EEA Common AQI,64.6,10.657032,12.598141,7200,10.753623,100,100,59.2,9.599999,Very Low,64.5,10.566576,100,1747010700,Very Low,9.859822,11.787324,Very Low,13.517631,56.6,12.594203,100,1747010700,12.0
2025-05-12T00:50:18Z,236,29.889,70.5,61,59.2,0,0,25,86,0.0,255,32767,0.0,2127-15-31,0.0,0.16,26.24,0.0,0.0,0.0,0,4.828125,6,45,05:49,20:11,2025-05-12 00:50:18.671590,Città della Scienza,75.5,11.746163,13.967767,12.324779,8.525625,EU EEA Common AQI,64.6,10.657032,12.598141,7200,10.753623,100,100,59.2,9.599999,Very Low,64.5,10.566576,100,1747010700,Very Low,9.859822,11.787324,Very Low,13.517631,56.6,12.594203,100,1747010700,12.0
2025-05-12T00:50:29Z,236,29.889,70.5,61,59.3,0,0,25,86,0.0,255,32767,0.0,2127-15-31,0.0,0.16,26.24,0.0,0.0,0.0,0,4.828125,6,45,05:49,20:11,2025-05-12 00:50:29.760547,Città della Scienza,75.5,11.746163,13.967767,12.324779,8.525625,EU EEA Common AQI,64.6,10.657032,12.598141,7200,10.753623,100,100,59.2,9.599999,Very Low,64.5,10.566576,100,1747010700,Very Low,9.859822,11.787324,Very Low,13.517631,56.6,12.594203,100,1747010700,12.0
2025-05-12T00:50:41Z,236,29.889,70.5,61,59.3,0,0,25,86,0.0,255,32767,0.0,2127-15-31,0.0,0.16,26.24,0.0,0.0,0.0,0,4.828125,6,45,05:49,20:11,2025-05-12 00:50:40.852591,Città della Scienza,75.5,11.746163,13.967767,12.324779,8.525625,EU EEA Common AQI,64.6,10.657032,12.598141,7200,10.753623,100,100,59.2,9.599999,Very Low,64.5,10.566576,100,1747010700,Very Low,9.859822,11.787324,Very Low,13.517631,56.6,12.594203,100,1747010700,12.0
2025-05-12T00:50:52Z,236,29.889,70.5,61,59.3,1,0,25,86,0.0,255,32767,0.0,2127-15-31,0.0,0.16,26.24,0.0,0.0,0.0,0,4.828125,6,45,05:49,20:11,2025-05-12 00:50:51.967593,Città della Scienza,75.5,11.746163,13.967767,12.324779,8.525625,EU EEA Common AQI,64.6,10.657032,12.598141,7200,10.753623,100,100,59.2,9.599999,Very Low,64.5,10.566576,100,1747010700,Very Low,9.859822,11.787324,Very Low,13.517631,56.6,12.594203,100,1747010700,12.0
2025-05-12T00:51:03Z,236,29.889,70.5,61,59.3,1,0,25,86,0.0,255,32767,0.0,2127-15-31,0.0,0.16,26.24,0.0,0.0,0.0,0,4.828125,6,45,05:49,20:11,2025-05-12 00:51:03.078589,Città della Scienza,75.5,11.746163,13.967767,12.324779,8.525625,EU EEA Common AQI,64.6,10.657032,12.598141,7200,10.753623,100,100,59.2,9.599999,Very Low,64.5,10.566576,100,1747010700,Very Low,9.859822,11.787324,Very Low,13.517631,56.6,12.594203,100,1747010700,12.0
2025-05-12T00:51:14Z,236,29.889,70.5,61,59.3,2,0,26,86,0.0,255,32767,0.0,2127-15-31,0.0,0.16,26.24,0.0,0.0,0.0,0,4.828125,6,45,05:49,20:11,2025-05-12 00:51:14.207590,Città della Scienza,75.5,11.746163,13.967767,12.324779,8.525625,EU EEA Common AQI,64.6,10.657032,12.598141,7200,10.753623,100,100,59.2,9.599999,Very Low,64.5,10.566576,100,1747010700,Very Low,9.859822,11.787324,Very Low,13.517631,56.6,12.594203,100,1747010700,12.0
2025-05-12T00:51:25Z,236,29.889,70.5,61,59.3,1,0,26,86,0.0,255,32767,0.0,2127-15-31,0.0,0.16,26.24,0.0,0.0,0.0,0,4.828125,6,45,05:49,20:11,2025-05-12 00:51:25.295552,Città della Scienza,75.5,11.746163,13.967767,12.324779,8.525625,EU EEA Common AQI,64.6,10.657032,12.598141,7200,10.753623,100,100,59.2,9.599999,Very Low,64.5,10.566576,100,1747010700,Very Low,9.859822,11.787324,Very Low,13.517631,56.6,12.594203,100,1747010700,12.0
2025-05-12T00:51:36Z,236,29.89,70.5,61,59.2,0,0,26,86,0.0,255,32767,0.0,2127-15-31,0.0,0.16,26.24,0.0,0.0,0.0,0,4.828125,6,45,05:49,20:11,2025-05-12 00:51:36.413591,Città della Scienza,75.5,11.746163,13.967767,12.324779,8.525625,EU EEA Common AQI,64.6,10.657032,12.598141,7200,10.753623,100,100,59.2,9.599999,Very Low,64.5,10.566576,100,1747010700,Very Low,9.859822,11.787324,Very Low,13.517631,56.6,12.594203,100,1747010700,12.0
2025-05-12T00:51:47Z,236,29.89,70.5,61,59.3,0,0,26,86,0.0,255,32767,0.0,2127-15-31,0.0,0.16,26.24,0.0,0.0,0.0,0,4.828125,6,45,05:49,20:11,2025-05-12 00:51:47.495587,Città della Scienza,75.5,11.746163,13.967767,12.324779,8.525625,EU EEA Common AQI,64.6,10.657032,12.598141,7200,10.753623,100,100,59.2,9.599999,Very Low,64.5,10.566576,100,1747010700,Very Low,9.859822,11.787324,Very Low,13.517631,56.6,12.594203,100,1747010700,12.0
2025-05-12T00:51:58Z,236,29.89,70.5,61,59.3,1,0,26,86,0.0,255,32767,0.0,2127-15-31,0.0,0.16,26.24,0.0,0.0,0.0,0,4.828125,6,45,05:49,20:11,2025-05-12 00:51:58.530548,Città della Scienza,75.5,11.746163,13.967767,12.324779,8.525625,EU EEA Common AQI,64.6,10.657032,12.598141,7200,10.753623,100,100,59.2,9.599999,Very Low,64.5,10.566576,100,1747010700,Very Low,9.859822,11.787324,Very Low,13.517631,56.6,12.594203,100,1747010700,12.0
2025-05-12T00:52:09Z,236,29.89,70.5,61,59.3,0,0,26,86,0.0,255,32767,0.0,2127-15-31,0.0,0.16,26.24,0.0,0.0,0.0,0,4.828125,6,45,05:49,20:11,2025-05-12 00:52:09.622605,Città della Scienza,75.5,11.746163,13.967767,12.324779,8.525625,EU EEA Common AQI,64.6,10.657032,12.598141,7200,10.753623,100,100,59.2,9.599999,Very Low,64.5,10.566576,100,1747010700,Very Low,9.859822,11.787324,Very Low,13.517631,56.6,12.594203,100,1747010700,12.0
2025-05-12T00:52:20Z,236,29.89,70.5,61,59.3,1,0,26,86,0.0,255,32767,0.0,2127-15-31,0.0,0.16,26.24,0.0,0.0,0.0,0,4.828125,6,45,05:49,20:11,2025-05-12 00:52:20.711587,Città della Scienza,75.5,11.746163,13.967767,12.324779,8.525625,EU EEA Common AQI,64.6,10.657032,12.598141,7200,10.753623,100,100,59.2,9.599999,Very Low,64.5,10.566576,100,1747010700,Very Low,9.859822,11.787324,Very Low,13.517631,56.6,12.594203,100,1747010700,12.0
2025-05-12T00:52:31Z,236,29.889,70.4,61,59.3,1,1,31,86,0.0,255,32767,0.0,2127-15-31,0.0,0.16,26.24,0.0,0.0,0.0,0,4.828125,6,45,05:49,20:11,2025-05-12 00:52:31.782598,Città della Scienza,75.5,11.746163,13.967767,12.324779,8.525625,EU EEA Common AQI,64.6,10.657032,12.598141,7200,10.753623,100,100,59.2,9.599999,Very Low,64.5,10.566576,100,1747010700,Very Low,9.859822,11.787324,Very Low,13.517631,56.6,12.594203,100,1747010700,12.0
2025-05-12T00:52:43Z,236,29.889,70.4,61,59.3,0,1,31,86,0.0,255,32767,0.0,2127-15-31,0.0,0.16,26.24,0.0,0.0,0.0,0,4.828125,6,45,05:49,20:11,2025-05-12 00:52:42.875600,Città della Scienza,75.5,11.746163,13.967767,12.324779,8.525625,EU EEA Common AQI,64.6,10.657032,12.598141,7200,10.753623,100,100,59.2,9.599999,Very Low,64.5,10.566576,100,1747010700,Very Low,9.859822,11.787324,Very Low,13.517631,56.6,12.594203,100,1747010700,12.0
2025-05-12T00:52:54Z,236,29.889,70.4,61,59.3,2,1,31,86,0.0,255,32767,0.0,2127-15-31,0.0,0.16,26.24,0.0,0.0,0.0,0,4.828125,6,45,05:49,20:11,2025-05-12 00:52:53.947611,Città della Scienza,75.5,11.746163,13.967767,12.324779,8.525625,EU EEA Common AQI,64.6,10.657032,12.598141,7200,10.753623,100,100,59.2,9.599999,Very Low,64.5,10.566576,100,1747010700,Very Low,9.859822,11.787324,Very Low,13.517631,56.6,12.594203,100,1747010700,12.0
2025-05-12T00:53:05Z,236,29.889,70.4,61,59.3,1,1,31,86,0.0,255,32767,0.0,2127-15-31,0.0,0.16,26.24,0.0,0.0,0.0,0,4.828125,6,45,05:49,20:11,2025-05-12 00:53:04.994595,Città della Scienza,75.5,11.746163,13.967767,12.324779,8.525625,EU EEA Common AQI,64.6,10.657032,12.598141,7200,10.753623,100,100,59.2,9.599999,Very Low,64.5,10.566576,100,1747010700,Very Low,9.859822,11.787324,Very Low,13.517631,56.6,12.594203,100,1747010700,12.0
2025-05-12T00:53:16Z,236,29.889,70.4,61,59.3,2,1,34,87,0.0,255,32767,0.0,2127-15-31,0.0,0.16,26.24,0.0,0.0,0.0,0,4.828125,6,45,05:49,20:11,2025-05-12 00:53:16.051587,Città della Scienza,75.5,11.746163,13.967767,12.324779,8.525625,EU EEA Common AQI,64.6,10.657032,12.598141,7200,10.753623,100,100,59.2,9.599999,Very Low,64.5,10.566576,100,1747010700,Very Low,9.859822,11.787324,Very Low,13.517631,56.6,12.594203,100,1747010700,12.0
2025-05-12T00:53:27Z,236,29.889,70.4,61,59.3,1,1,30,87,0.0,255,32767,0.0,2127-15-31,0.0,0.16,26.24,0.0,0.0,0.0,0,4.828125,6,45,05:49,20:11,2025-05-12 00:53:27.113598,Città della Scienza,75.5,11.746163,13.967767,12.324779,8.525625,EU EEA Common AQI,64.6,10.657032,12.598141,7200,10.753623,100,100,59.2,9.599999,Very Low,64.5,10.566576,100,1747010700,Very Low,9.859822,11.787324,Very Low,13.517631,56.6,12.594203,100,1747010700,12.0
2025-05-12T00:53:38Z,236,29.889,70.4,61,59.3,0,1,32,87,0.0,255,32767,0.0,2127-15-31,0.0,0.16,26.24,0.0,0.0,0.0,0,4.828125,6,45,05:49,20:11,2025-05-12 00:53:38.190593,Città della Scienza,75.5,11.746163,13.967767,12.324779,8.525625,EU EEA Common AQI,64.6,10.657032,12.598141,7200,10.753623,100,100,59.2,9.599999,Very Low,64.5,10.566576,100,1747010700,Very Low,9.859822,11.787324,Very Low,13.517631,56.6,12.594203,100,1747010700,12.0
2025-05-12T00:53:49Z,236,29.889,70.4,61,59.3,2,1,37,87,0.0,255,32767,0.0,2127-15-31,0.0,0.16,26.24,0.0,0.0,0.0,0,4.828125,6,45,05:49,20:11,2025-05-12 00:53:49.285590,Città della Scienza,75.5,11.746163,13.967767,12.324779,8.525625,EU EEA Common AQI,64.6,10.657032,12.598141,7200,10.753623,100,100,59.2,9.599999,Very Low,64.5,10.566576,100,1747010700,Very Low,9.859822,11.787324,Very Low,13.517631,56.6,12.594203,100,1747010700,12.0
2025-05-12T00:54:00Z,236,29.889,70.4,61,59.4,1,1,36,87,0.0,255,32767,0.0,2127-15-31,0.0,0.16,26.24,0.0,0.0,0.0,0,4.828125,6,45,05:49,20:11,2025-05-12 00:54:00.385593,Città della Scienza,75.5,11.746163,13.967767,12.324779,8.525625,EU EEA Common AQI,64.6,10.657032,12.598141,7200,10.753623,100,100,59.2,9.599999,Very Low,64.5,10.566576,100,1747010700,Very Low,9.859822,11.787324,Very Low,13.517631,56.6,12.594203,100,1747010700,12.0
2025-05-12T00:54:11Z,236,29.889,70.4,61,59.4,1,1,38,87,0.0,255,32767,0.0,2127-15-31,0.0,0.16,26.24,0.0,0.0,0.0,0,4.828125,6,45,05:49,20:11,2025-05-12 00:54:11.463588,Città della Scienza
2025-05-12T00:54:22Z,236,29.889,70.4,61,59.4,1,1,36,87,0.0,255,32767,0.0,2127-15-31,0.0,0.16,26.24,0.0,0.0,0.0,0,4.828125,6,45,05:49,20:11,2025-05-12 00:54:22.508592,Città della Scienza
2025-05-12T00:54:33Z,236,29.887,70.4,61,59.4,1,1,38,87,0.0,255,32767,0.0,2127-15-31,0.0,0.16,26.24,0.0,0.0,0.0,0,4.828125,6,45,05:49,20:11,2025-05-12 00:54:33.589618,Città della Scienza
2025-05-12T00:54:44Z,236,29.887,70.4,61,59.4,1,1,34,87,0.0,255,32767,0.0,2127-15-31,0.0,0.16,26.24,0.0,0.0,0.0,0,4.828125,6,45,05:49,20:11,2025-05-12 00:54:44.636588,Città della Scienza
2025-05-12T00:54:55Z,236,29.887,70.4,61,59.4,1,1,35,87,0.0,255,32767,0.0,2127-15-31,0.0,0.16,26.24,0.0,0.0,0.0,0,4.828125,6,45,05:49,20:11,2025-05-12 00:54:55.697598,Città della Scienza
2025-05-12T00:55:06Z,236,29.887,70.4,61,59.4,1,1,35,87,0.0,255,32767,0.0,2127-15-31,0.0,0.16,26.24,0.0,0.0,0.0,0,4.828125,6,45,05:49,20:11,2025-05-12 00:55:06.736603,Città della Scienza
2025-05-12T00:55:17Z,236,29.887,70.4,61,59.4,1,1,35,87,0.0,255,32767,0.0,2127-15-31,0.0,0.16,26.24,0.0,0.0,0.0,0,4.828125,6,45,05:49,20:11,2025-05-12 00:55:17.786590,Città della Scienza
2025-05-12T00:55:29Z,236,29.887,70.4,61,59.4,2,1,35,87,0.0,255,32767,0.0,2127-15-31,0.0,0.16,26.24,0.0,0.0,0.0,0,4.828125,6,45,05:49,20:11,2025-05-12 00:55:28.833585,Città della Scienza
2025-05-12T00:55:40Z,236,29.891,70.4,61,59.4,2,1,35,87,0.0,255,32767,0.0,2127-15-31,0.0,0.16,26.24,0.0,0.0,0.0,0,4.828125,6,45,05:49,20:11,2025-05-12 00:55:39.866594,Città della Scienza
2025-05-12T00:55:51Z,236,29.891,70.4,61,59.5,2,1,35,87,0.0,255,32767,0.0,2127-15-31,0.0,0.16,26.24,0.0,0.0,0.0,0,4.828125,6,45,05:49,20:11,2025-05-12 00:55:50.951595,Città della Scienza
2025-05-12T00:56:02Z,236,29.891,70.4,61,59.4,1,1,35,87,0.0,255,32767,0.0,2127-15-31,0.0,0.16,26.24,0.0,0.0,0.0,0,4.828125,6,45,05:49,20:11,2025-05-12 00:56:02.021588,Città della Scienza
2025-05-12T00:56:13Z,236,29.891,70.4,61,59.4,0,1,35,87,0.0,255,32767,0.0,2127-15-31,0.0,0.16,26.24,0.0,0.0,0.0,0,4.828125,6,45,05:49,20:11,2025-05-12 00:56:13.070592,Città della Scienza
2025-05-12T00:56:24Z,236,29.891,70.4,61,59.4,2,1,21,87,0.0,255,32767,0.0,2127-15-31,0.0,0.16,26.24,0.0,0.0,0.0,0,4.828125,6,45,05:49,20:11,2025-05-12 00:56:24.154591,Città della Scienza
2025-05-12T00:56:35Z,236,29.887,70.4,61,59.4,3,1,18,87,0.0,255,32767,0.0,2127-15-31,0.0,0.16,26.24,0.0,0.0,0.0,0,4.828125,6,45,05:49,20:11,2025-05-12 00:56:35.206603,Città della Scienza
2025-05-12T00:56:46Z,236,29.887,70.4,61,59.4,2,1,26,87,0.0,255,32767,0.0,2127-15-31,0.0,0.16,26.24,0.0,0.0,0.0,0,4.828125,6,45,05:49,20:11,2025-05-12 00:56:46.224592,Città della Scienza
2025-05-12T00:56:57Z,236,29.887,70.4,61,59.4,1,1,26,87,0.0,255,32767,0.0,2127-15-31,0.0,0.16,26.24,0.0,0.0,0.0,0,4.828125,6,45,05:49,20:11,2025-05-12 00:56:57.302598,Città della Scienza
2025-05-12T00:57:08Z,236,29.887,70.4,61,59.4,0,1,26,87,0.0,255,32767,0.0,2127-15-31,0.0,0.16,26.24,0.0,0.0,0.0,0,4.828125,6,45,05:49,20:11,2025-05-12 00:57:08.388592,Città della Scienza
2025-05-12T00:57:19Z,236,29.887,70.4,61,59.4,0,1,25,87,0.0,255,32767,0.0,2127-15-31,0.0,0.16,26.24,0.0,0.0,0.0,0,4.828125,6,45,05:49,20:11,2025-05-12 00:57:19.456591,Città della Scienza
2025-05-12T00:57:30Z,236,29.887,70.4,61,59.3,1,1,22,87,0.0,255,32767,0.0,2127-15-31,0.0,0.16,26.24,0.0,0.0,0.0,0,4.828125,6,45,05:49,20:11,2025-05-12 00:57:30.540591,Città della Scienza
2025-05-12T00:57:41Z,236,29.889,70.3,61,59.3,2,1,20,86,0.0,255,32767,0.0,2127-15-31,0.0,0.16,26.24,0.0,0.0,0.0,0,4.828125,6,45,05:49,20:11,2025-05-12 00:57:41.583593,Città della Scienza
2025-05-12T00:57:52Z,236,29.889,70.3,61,59.3,2,1,20,86,0.0,255,32767,0.0,2127-15-31,0.0,0.16,26.24,0.0,0.0,0.0,0,4.828125,6,45,05:49,20:11,2025-05-12 00:57:52.685585,Città della Scienza
2025-05-12T00:58:03Z,236,29.889,70.3,61,59.3,2,1,20,86,0.0,255,32767,0.0,2127-15-31,0.0,0.16,26.24,0.0,0.0,0.0,0,4.828125,6,45,05:49,20:11,2025-05-12 00:58:03.724559,Città della Scienza
2025-05-12T00:58:14Z,236,29.889,70.3,61,59.4,3,1,20,86,0.0,255,32767,0.0,2127-15-31,0.0,0.16,26.24,0.0,0.0,0.0,0,4.828125,6,45,05:49,20:11,2025-05-12 00:58:14.798591,Città della Scienza
2025-05-12T00:58:26Z,236,29.889,70.3,61,59.3,2,1,26,86,0.0,255,32767,0.0,2127-15-31,0.0,0.16,26.24,0.0,0.0,0.0,0,4.828125,6,45,05:49,20:11,2025-05-12 00:58:25.874596,Città della Scienza
2025-05-12T00:58:37Z,236,29.889,70.3,61,59.3,1,1,26,86,0.0,255,32767,0.0,2127-15-31,0.0,0.16,26.24,0.0,0.0,0.0,0,4.828125,6,45,05:49,20:11,2025-05-12 00:58:36.971593,Città della Scienza
2025-05-12T00:58:48Z,236,29.889,70.3,61,59.3,2,1,26,86,0.0,255,32767,0.0,2127-15-31,0.0,0.16,26.24,0.0,0.0,0.0,0,4.828125,6,45,05:49,20:11,2025-05-12 00:58:48.050588,Città della Scienza
2025-05-12T00:58:59Z,236,29.889,70.3,61,59.3,2,1,26,86,0.0,255,32767,0.0,2127-15-31,0.0,0.16,26.24,0.0,0.0,0.0,0,4.828125,6,45,05:49,20:11,2025-05-12 00:58:59.129589,Città della Scienza
2025-05-12T00:59:10Z,236,29.889,70.3,61,59.4,2,1,26,86,0.0,255,32767,0.0,2127-15-31,0.0,0.16,26.24,0.0,0.0,0.0,0,4.828125,6,45,05:49,20:11,2025-05-12 00:59:10.212595,Città della Scienza
2025-05-12T00:59:21Z,236,29.889,70.3,61,59.4,2,1,26,87,0.0,255,32767,0.0,2127-15-31,0.0,0.16,26.24,0.0,0.0,0.0,0,4.828125,6,45,05:49,20:11,2025-05-12 00:59:21.311591,Città della Scienza
2025-05-12T00:59:32Z,236,29.888,70.3,61,59.4,1,1,26,87,0.0,255,32767,0.0,2127-15-31,0.0,0.16,26.24,0.0,0.0,0.0,0,4.828125,6,45,05:49,20:11,2025-05-12 00:59:32.344591,Città della Scienza
2025-05-12T00:59:43Z,236,29.888,70.3,61,59.4,2,1,26,87,0.0,255,32767,0.0,2127-15-31,0.0,0.16,26.24,0.0,0.0,0.0,0,4.828125,6,45,05:49,20:11,2025-05-12 00:59:43.403599,Città della Scienza
2025-05-12T00:59:54Z,236,29.888,70.3,61,59.4,2,1,26,87,0.0,255,32767,0.0,2127-15-31,0.0,0.16,26.24,0.0,0.0,0.0,0,4.828125,6,45,05:49,20:11,2025-05-12 00:59:54.447592,Città della Scienza
2025-05-12T01:00:05Z,236,29.888,70.3,61,59.4,1,1,26,87,0.0,255,32767,0.0,2127-15-31,0.0,0.16,26.24,0.0,0.0,0.0,0,4.828125,6,45,05:49,20:11,2025-05-12 01:00:05.486596,Città della Scienza,75.5,11.746163,13.967767,12.324779,8.525625,EU EEA Common AQI,64.6,10.657032,12.598141,7200,10.753623,100,100,59.2,9.599999,Very Low,64.5,10.566576,100,1747010700,Very Low,9.859822,11.787324,Very Low,13.517631,56.6,12.594203,100,1747010700,12.0
2025-05-12T01:00:16Z,236,29.888,70.3,61,59.4,1,1,26,87,0.0,255,32767,0.0,2127-15-31,0.0,0.16,26.24,0.0,0.0,0.0,0,4.828125,6,45,05:49,20:11,2025-05-12 01:00:16.569590,Città della Scienza,75.5,11.746163,13.967767,12.324779,8.525625,EU EEA Common AQI,64.6,10.657032,12.598141,7200,10.753623,100,100,59.2,9.599999,Very Low,64.5,10.566576,100,1747010700,Very Low,9.859822,11.787324,Very Low,13.517631,56.6,12.594203,100,1747010700,12.0
2025-05-12T01:00:27Z,236,29.888,70.3,61,59.4,2,1,38,87,0.0,255,32767,0.0,2127-15-31,0.0,0.16,26.24,0.0,0.0,0.0,0,4.828125,6,45,05:49,20:11,2025-05-12 01:00:27.653595,Città della Scienza,74.4,11.960198,13.88599,12.161151,8.684337,EU EEA Common AQI,64.8,10.855422,12.525368,7200,9.942857,100,100,59.1,8.799999,Very Low,64.8,10.763427,100,1747011600,Very Low,9.72892,12.016509,Very Low,13.398082,56.4,11.0,100,1747011600,11.0
2025-05-12T01:00:38Z,236,29.888,70.3,61,59.4,2,1,38,87,0.0,255,32767,0.0,2127-15-31,0.0,0.16,26.24,0.0,0.0,0.0,0,4.828125,6,45,05:49,20:11,2025-05-12 01:00:38.720595,Città della Scienza,74.4,11.960198,13.88599,12.161151,8.684337,EU EEA Common AQI,64.8,10.855422,12.525368,7200,9.942857,100,100,59.1,8.799999,Very Low,64.8,10.763427,100,1747011600,Very Low,9.72892,12.016509,Very Low,13.398082,56.4,11.0,100,1747011600,11.0
2025-05-12T01:00:49Z,236,29.888,70.3,61,59.3,1,1,38,87,0.0,255,32767,0.0,2127-15-31,0.0,0.16,26.24,0.0,0.0,0.0,0,4.828125,6,45,05:49,20:11,2025-05-12 01:00:49.745614,Città della Scienza,74.4,11.960198,13.88599,12.161151,8.684337,EU EEA Common AQI,64.8,10.855422,12.525368,7200,9.942857,100,100,59.1,8.799999,Very Low,64.8,10.763427,100,1747011600,Very Low,9.72892,12.016509,Very Low,13.398082,56.4,11.0,100,1747011600,11.0
2025-05-12T01:01:01Z,236,29.888,70.3,61,59.4,1,1,38,87,0.0,255,32767,0.0,2127-15-31,0.0,0.16,26.24,0.0,0.0,0.0,0,4.828125,6,45,05:49,20:11,2025-05-12 01:01:00.823589,Città della Scienza,74.4,11.960198,13.88599,12.161151,8.684337,EU EEA Common AQI,64.8,10.855422,12.525368,7200,9.942857,100,100,59.1,8.799999,Very Low,64.8,10.763427,100,1747011600,Very Low,9.72892,12.016509,Very Low,13.398082,56.4,11.0,100,1747011600,11.0
2025-05-12T01:01:12Z,236,29.888,70.3,61,59.4,1,1,38,87,0.0,255,32767,0.0,2127-15-31,0.0,0.16,26.24,0.0,0.0,0.0,0,4.828125,6,45,05:49,20:11,2025-05-12 01:01:11.929594,Città della Scienza,74.4,11.960198,13.88599,12.161151,8.684337,EU EEA Common AQI,64.8,10.855422,12.525368,7200,9.942857,100,100,59.1,8.799999,Very Low,64.8,10.763427,100,1747011600,Very Low,9.72892,12.016509,Very Low,13.398082,56.4,11.0,100,1747011600,11.0
2025-05-12T01:01:23Z,236,29.888,70.3,61,59.3,2,1,38,87,0.0,255,32767,0.0,2127-15-31,0.0,0.16,26.24,0.0,0.0,0.0,0,4.828125,6,45,05:49,20:11,2025-05-12 01:01:22.995593,Città della Scienza,74.4,11.960198,13.88599,12.161151,8.684337,EU EEA Common AQI,64.8,10.855422,12.525368,7200,9.942857,100,100,59.1,8.799999,Very Low,64.8,10.763427,100,1747011600,Very Low,9.72892,12.016509,Very Low,13.398082,56.4,11.0,100,1747011600,11.0
2025-05-12T01:01:34Z,236,29.888,70.3,61,59.4,2,1,38,87,0.0,255,32767,0.0,2127-15-31,0.0,0.16,26.24,0.0,0.0,0.0,0,4.828125,6,45,05:49,20:11,2025-05-12 01:01:34.107593,Città della Scienza,74.4,11.960198,13.88599,12.161151,8.684337,EU EEA Common AQI,64.8,10.855422,12.525368,7200,9.942857,100,100,59.1,8.799999,Very Low,64.8,10.763427,100,1747011600,Very Low,9.72892,12.016509,Very Low,13.398082,56.4,11.0,100,1747011600,11.0
2025-05-12T01:01:45Z,236,29.888,70.3,61,59.3,2,1,38,87,0.0,255,32767,0.0,2127-15-31,0.0,0.16,26.24,0.0,0.0,0.0,0,4.828125,6,45,05:49,20:11,2025-05-12 01:01:45.186591,Città della Scienza,74.4,11.960198,13.88599,12.161151,8.684337,EU EEA Common AQI,64.8,10.855422,12.525368,7200,9.942857,100,100,59.1,8.799999,Very Low,64.8,10.763427,100,1747011600,Very Low,9.72892,12.016509,Very Low,13.398082,56.4,11.0,100,1747011600,11.0
2025-05-12T01:01:56Z,236,29.888,70.3,61,59.4,2,1,26,87,0.0,255,32767,0.0,2127-15-31,0.0,0.16,26.24,0.0,0.0,0.0,0,4.828125,6,45,05:49,20:11,2025-05-12 01:01:56.280588,Città della Scienza,74.4,11.960198,13.88599,12.161151,8.684337,EU EEA Common AQI,64.8,10.855422,12.525368,7200,9.942857,100,100,59.1,8.799999,Very Low,64.8,10.763427,100,1747011600,Very Low,9.72892,12.016509,Very Low,13.398082,56.4,11.0,100,1747011600,11.0
2025-05-12T01:02:07Z,236,29.888,70.3,61,59.4,3,1,32,87,0.0,255,32767,0.0,2127-15-31,0.0,0.16,26.24,0.0,0.0,0.0,0,4.828125,6,45,05:49,20:11,2025-05-12 01:02:07.383616,Città della Scienza,74.4,11.960198,13.88599,12.161151,8.684337,EU EEA Common AQI,64.8,10.855422,12.525368,7200,9.942857,100,100,59.1,8.799999,Very Low,64.8,10.763427,100,1747011600,Very Low,9.72892,12.016509,Very Low,13.398082,56.4,11.0,100,1747011600,11.0
2025-05-12T01:02:18Z,236,29.888,70.3,61,59.4,2,1,32,87,0.0,255,32767,0.0,2127-15-31,0.0,0.16,26.24,0.0,0.0,0.0,0,4.828125,6,45,05:49,20:11,2025-05-12 01:02:18.454594,Città della Scienza,74.4,11.960198,13.88599,12.161151,8.684337,EU EEA Common AQI,64.8,10.855422,12.525368,7200,9.942857,100,100,59.1,8.799999,Very Low,64.8,10.763427,100,1747011600,Very Low,9.72892,12.016509,Very Low,13.398082,56.4,11.0,100,1747011600,11.0
2025-05-12T01:02:29Z,236,29.888,70.3,61,59.4,1,1,32,87,0.0,255,32767,0.0,2127-15-31,0.0,0.16,26.24,0.0,0.0,0.0,0,4.828125,6,45,05:49,20:11,2025-05-12 01:02:29.595608,Città della Scienza,74.4,11.960198,13.88599,12.161151,8.684337,EU EEA Common AQI,64.8,10.855422,12.525368,7200,9.942857,100,100,59.1,8.799999,Very Low,64.8,10.763427,100,1747011600,Very Low,9.72892,12.016509,Very Low,13.398082,56.4,11.0,100,1747011600,11.0
2025-05-12T01:02:40Z,236,29.89,70.2,61,59.5,2,1,32,87,0.0,255,32767,0.0,2127-15-31,0.0,0.16,26.24,0.0,0.0,0.0,0,4.828125,6,45,05:49,20:11,2025-05-12 01:02:40.705602,Città della Scienza,74.4,11.960198,13.88599,12.161151,8.684337,EU EEA Common AQI,64.8,10.855422,12.525368,7200,9.942857,100,100,59.1,8.799999,Very Low,64.8,10.763427,100,1747011600,Very Low,9.72892,12.016509,Very Low,13.398082,56.4,11.0,100,1747011600,11.0
2025-05-12T01:02:51Z,236,29.89,70.2,61,59.4,2,1,32,87,0.0,255,32767,0.0,2127-15-31,0.0,0.16,26.24,0.0,0.0,0.0,0,4.828125,6,45,05:49,20:11,2025-05-12 01:02:51.775591,Città della Scienza,74.4,11.960198,13.88599,12.161151,8.684337,EU EEA Common AQI,64.8,10.855422,12.525368,7200,9.942857,100,100,59.1,8.799999,Very Low,64.8,10.763427,100,1747011600,Very Low,9.72892,12.016509,Very Low,13.398082,56.4,11.0,100,1747011600,11.0
2025-05-12T01:03:03Z,236,29.89,70.2,61,59.4,2,1,32,87,0.0,255,32767,0.0,2127-15-31,0.0,0.16,26.24,0.0,0.0,0.0,0,4.828125,6,45,05:49,20:11,2025-05-12 01:03:02.829585,Città della Scienza,74.4,11.960198,13.88599,12.161151,8.684337,EU EEA Common AQI,64.8,10.855422,12.525368,7200,9.942857,100,100,59.1,8.799999,Very Low,64.8,10.763427,100,1747011600,Very Low,9.72892,12.016509,Very Low,13.398082,56.4,11.0,100,1747011600,11.0
2025-05-12T01:03:14Z,236,29.89,70.2,61,59.4,2,1,32,87,0.0,255,32767,0.0,2127-15-31,0.0,0.16,26.24,0.0,0.0,0.0,0,4.828125,6,45,05:49,20:11,2025-05-12 01:03:13.935596,Città della Scienza,74.4,11.960198,13.88599,12.161151,8.684337,EU EEA Common AQI,64.8,10.855422,12.525368,7200,9.942857,100,100,59.1,8.799999,Very Low,64.8,10.763427,100,1747011600,Very Low,9.72892,12.016509,Very Low,13.398082,56.4,11.0,100,1747011600,11.0
2025-05-12T01:03:25Z,236,29.89,70.2,61,59.4,2,1,32,87,0.0,255,32767,0.0,2127-15-31,0.0,0.16,26.24,0.0,0.0,0.0,0,4.828125,6,45,05:49,20:11,2025-05-12 01:03:25.053589,Città della Scienza,74.4,11.960198,13.88599,12.161151,8.684337,EU EEA Common AQI,64.8,10.855422,12.525368,7200,9.942857,100,100,59.1,8.799999,Very Low,64.8,10.763427,100,1747011600,Very Low,9.72892,12.016509,Very Low,13.398082,56.4,11.0,100,1747011600,11.0
2025-05-12T01:03:36Z,236,29.891,70.2,61,59.5,2,1,32,87,0.0,255,32767,0.0,2127-15-31,0.0,0.16,26.24,0.0,0.0,0.0,0,4.828125,6,45,05:49,20:11,2025-05-12 01:03:36.162589,Città della Scienza,74.4,11.960198,13.88599,12.161151,8.684337,EU EEA Common AQI,64.8,10.855422,12.525368,7200,9.942857,100,100,59.1,8.799999,Very Low,64.8,10.763427,100,1747011600,Very Low,9.72892,12.016509,Very Low,13.398082,56.4,11.0,100,1747011600,11.0
2025-05-12T01:03:47Z,236,29.891,70.2,61,59.5,2,1,32,87,0.0,255,32767,0.0,2127-15-31,0.0,0.16,26.24,0.0,0.0,0.0,0,4.828125,6,45,05:49,20:11,2025-05-12 01:03:47.282600,Città della Scienza,74.4,11.960198,13.88599,12.161151,8.684337,EU EEA Common AQI,64.8,10.855422,12.525368,7200,9.942857,100,100,59.1,8.799999,Very Low,64.8,10.763427,100,1747011600,Very Low,9.72892,12.016509,Very Low,13.398082,56.4,11.0,100,1747011600,11.0
2025-05-12T01:03:58Z,236,29.891,70.2,61,59.5,2,1,32,87,0.0,255,32767,0.0,2127-15-31,0.0,0.16,26.24,0.0,0.0,0.0,0,4.828125,6,45,05:49,20:11,2025-05-12 01:03:58.375592,Città della Scienza,74.4,11.960198,13.88599,12.161151,8.684337,EU EEA Common AQI,64.8,10.855422,12.525368,7200,9.942857,100,100,59.1,8.799999,Very Low,64.8,10.763427,100,1747011600,Very Low,9.72892,12.016509,Very Low,13.398082,56.4,11.0,100,1747011600,11.0
2025-05-12T01:04:09Z,236,29.891,70.2,61,59.5,2,1,32,87,0.0,255,32767,0.0,2127-15-31,0.0,0.16,26.24,0.0,0.0,0.0,0,4.828125,6,45,05:49,20:11,2025-05-12 01:04:09.440585,Città della Scienza,74.4,11.960198,13.88599,12.161151,8.684337,EU EEA Common AQI,64.8,10.855422,12.525368,7200,9.942857,100,100,59.1,8.799999,Very Low,64.8,10.763427,100,1747011600,Very Low,9.72892,12.016509,Very Low,13.398082,56.4,11.0,100,1747011600,11.0
2025-05-12T01:04:20Z,236,29.891,70.2,61,59.5,1,1,32,87,0.0,255,32767,0.0,2127-15-31,0.0,0.16,26.24,0.0,0.0,0.0,0,4.828125,6,45,05:49,20:11,2025-05-12 01:04:20.490592,Città della Scienza,74.4,11.960198,13.88599,12.161151,8.684337,EU EEA Common AQI,64.8,10.855422,12.525368,7200,9.942857,100,100,59.1,8.799999,Very Low,64.8,10.763427,100,1747011600,Very Low,9.72892,12.016509,Very Low,13.398082,56.4,11.0,100,1747011600,11.0
2025-05-12T01:04:31Z,236,29.889,70.2,61,59.5,2,2,32,87,0.0,255,32767,0.0,2127-15-31,0.0,0.16,26.24,0.0,0.0,0.0,0,4.828125,6,45,05:49,20:11,2025-05-12 01:04:31.620556,Città della Scienza,74.4,11.960198,13.88599,12.161151,8.684337,EU EEA Common AQI,64.8,10.855422,12.525368,7200,9.942857,100,100,59.1,8.799999,Very Low,64.8,10.763427,100,1747011600,Very Low,9.72892,12.016509,Very Low,13.398082,56.4,11.0,100,1747011600,11.0
2025-05-12T01:04:42Z,236,29.889,70.2,61,59.6,2,2,32,87,0.0,255,32767,0.0,2127-15-31,0.0,0.16,26.24,0.0,0.0,0.0,0,4.828125,6,45,05:49,20:11,2025-05-12 01:04:42.737597,Città della Scienza,74.4,11.960198,13.88599,12.161151,8.684337,EU EEA Common AQI,64.8,10.855422,12.525368,7200,9.942857,100,100,59.1,8.799999,Very Low,64.8,10.763427,100,1747011600,Very Low,9.72892,12.016509,Very Low,13.398082,56.4,11.0,100,1747011600,11.0
2025-05-12T01:04:54Z,236,29.889,70.2,61,59.6,3,2,32,87,0.0,255,32767,0.0,2127-15-31,0.0,0.16,26.24,0.0,0.0,0.0,0,4.828125,6,45,05:49,20:11,2025-05-12 01:04:53.828592,Città della Scienza,74.4,11.960198,13.88599,12.161151,8.684337,EU EEA Common AQI,64.8,10.855422,12.525368,7200,9.942857,100,100,59.1,8.799999,Very Low,64.8,10.763427,100,1747011600,Very Low,9.72892,12.016509,Very Low,13.398082,56.4,11.0,100,1747011600,11.0
2025-05-12T01:05:05Z,236,29.889,70.2,61,59.6,3,2,32,87,0.0,255,32767,0.0,2127-15-31,0.0,0.16,26.24,0.0,0.0,0.0,0,4.828125,6,45,05:49,20:11,2025-05-12 01:05:04.936554,Città della Scienza,74.4,11.960198,13.88599,12.161151,8.684337,EU EEA Common AQI,64.8,10.855422,12.525368,7200,9.942857,100,100,59.1,8.799999,Very Low,64.8,10.763427,100,1747011600,Very Low,9.72892,12.016509,Very Low,13.398082,56.4,11.0,100,1747011600,11.0
2025-05-12T01:05:16Z,236,29.889,70.2,61,59.6,2,2,32,87,0.0,255,32767,0.0,2127-15-31,0.0,0.16,26.24,0.0,0.0,0.0,0,4.828125,6,45,05:49,20:11,2025-05-12 01:05:16.005589,Città della Scienza,74.4,11.960198,13.88599,12.161151,8.684337,EU EEA Common AQI,64.8,10.855422,12.525368,7200,9.942857,100,100,59.1,8.799999,Very Low,64.8,10.763427,100,1747011600,Very Low,9.72892,12.016509,Very Low,13.398082,56.4,11.0,100,1747011600,11.0
2025-05-12T01:05:27Z,236,29.889,70.2,61,59.6,1,2,32,87,0.0,255,32767,0.0,2127-15-31,0.0,0.16,26.24,0.0,0.0,0.0,0,4.828125,6,45,05:49,20:11,2025-05-12 01:05:27.084598,Città della Scienza,74.4,11.960198,13.88599,12.161151,8.684337,EU EEA Common AQI,64.8,10.855422,12.525368,7200,9.942857,100,100,59.1,8.799999,Very Low,64.8,10.763427,100,1747011600,Very Low,9.72892,12.016509,Very Low,13.398082,56.4,11.0,100,1747011600,11.0
2025-05-12T01:05:38Z,236,29.889,70.2,61,59.6,0,2,32,87,0.0,255,32767,0.0,2127-15-31,0.0,0.16,26.24,0.0,0.0,0.0,0,4.828125,6,45,05:49,20:11,2025-05-12 01:05:38.215590,Città della Scienza,74.4,11.960198,13.88599,12.161151,8.684337,EU EEA Common AQI,64.8,10.855422,12.525368,7200,9.942857,100,100,59.1,8.799999,Very Low,64.8,10.763427,100,1747011600,Very Low,9.72892,12.016509,Very Low,13.398082,56.4,11.0,100,1747011600,11.0
2025-05-12T01:05:49Z,236,29.889,70.2,61,59.6,1,2,32,87,0.0,255,32767,0.0,2127-15-31,0.0,0.16,26.24,0.0,0.0,0.0,0,4.828125,6,45,05:49,20:11,2025-05-12 01:05:49.308591,Città della Scienza,74.4,11.960198,13.88599,12.161151,8.684337,EU EEA Common AQI,64.8,10.855422,12.525368,7200,9.942857,100,100,59.1,8.799999,Very Low,64.8,10.763427,100,1747011600,Very Low,9.72892,12.016509,Very Low,13.398082,56.4,11.0,100,1747011600,11.0
2025-05-12T01:06:00Z,236,29.889,70.2,61,59.6,1,2,32,87,0.0,255,32767,0.0,2127-15-31,0.0,0.16,26.24,0.0,0.0,0.0,0,4.828125,6,45,05:49,20:11,2025-05-12 01:06:00.417594,Città della Scienza,74.4,11.960198,13.88599,12.161151,8.684337,EU EEA Common AQI,64.8,10.855422,12.525368,7200,9.942857,100,100,59.1,8.799999,Very Low,64.8,10.763427,100,1747011600,Very Low,9.72892,12.016509,Very Low,13.398082,56.4,11.0,100,1747011600,11.0
2025-05-12T01:06:11Z,236,29.889,70.2,61,59.7,1,2,32,87,0.0,255,32767,0.0,2127-15-31,0.0,0.16,26.24,0.0,0.0,0.0,0,4.828125,6,45,05:49,20:11,2025-05-12 01:06:11.532592,Città della Scienza,74.4,11.960198,13.88599,12.161151,8.684337,EU EEA Common AQI,64.8,10.855422,12.525368,7200,9.942857,100,100,59.1,8.799999,Very Low,64.8,10.763427,100,1747011600,Very Low,9.72892,12.016509,Very Low,13.398082,56.4,11.0,100,1747011600,11.0
2025-05-12T01:06:22Z,236,29.889,70.2,61,59.7,1,2,32,87,0.0,255,32767,0.0,2127-15-31,0.0,0.16,26.24,0.0,0.0,0.0,0,4.828125,6,45,05:49,20:11,2025-05-12 01:06:22.604591,Città della Scienza,74.4,11.960198,13.88599,12.161151,8.684337,EU EEA Common AQI,64.8,10.855422,12.525368,7200,9.942857,100,100,59.1,8.799999,Very Low,64.8,10.763427,100,1747011600,Very Low,9.72892,12.016509,Very Low,13.398082,56.4,11.0,100,1747011600,11.0
2025-05-12T01:06:33Z,236,29.89,70.3,61,59.7,0,2,32,87,0.0,255,32767,0.0,2127-15-31,0.0,0.16,26.24,0.0,0.0,0.0,0,4.828125,6,45,05:49,20:11,2025-05-12 01:06:33.721587,Città della Scienza,74.4,11.960198,13.88599,12.161151,8.684337,EU EEA Common AQI,64.8,10.855422,12.525368,7200,9.942857,100,100,59.1,8.799999,Very Low,64.8,10.763427,100,1747011600,Very Low,9.72892,12.016509,Very Low,13.398082,56.4,11.0,100,1747011600,11.0
2025-05-12T01:06:45Z,236,29.89,70.3,61,59.7,0,2,32,87,0.0,255,32767,0.0,2127-15-31,0.0,0.16,26.24,0.0,0.0,0.0,0,4.828125,6,45,05:49,20:11,2025-05-12 01:06:44.829583,Città della Scienza,74.4,11.960198,13.88599,12.161151,8.684337,EU EEA Common AQI,64.8,10.855422,12.525368,7200,9.942857,100,100,59.1,8.799999,Very Low,64.8,10.763427,100,1747011600,Very Low,9.72892,12.016509,Very Low,13.398082,56.4,11.0,100,1747011600,11.0
2025-05-12T01:06:56Z,236,29.89,70.3,61,59.7,1,2,32,87,0.0,255,32767,0.0,2127-15-31,0.0,0.16,26.24,0.0,0.0,0.0,0,4.828125,6,45,05:49,20:11,2025-05-12 01:06:55.882593,Città della Scienza,74.4,11.960198,13.88599,12.161151,8.684337,EU EEA Common AQI,64.8,10.855422,12.525368,7200,9.942857,100,100,59.1,8.799999,Very Low,64.8,10.763427,100,1747011600,Very Low,9.72892,12.016509,Very Low,13.398082,56.4,11.0,100,1747011600,11.0
2025-05-12T01:07:07Z,236,29.89,70.3,61,59.7,2,2,32,87,0.0,255,32767,0.0,2127-15-31,0.0,0.16,26.24,0.0,0.0,0.0,0,4.828125,6,45,05:49,20:11,2025-05-12 01:07:06.995585,Città della Scienza,74.4,11.960198,13.88599,12.161151,8.684337,EU EEA Common AQI,64.8,10.855422,12.525368,7200,9.942857,100,100,59.1,8.799999,Very Low,64.8,10.763427,100,1747011600,Very Low,9.72892,12.016509,Very Low,13.398082,56.4,11.0,100,1747011600,11.0
2025-05-12T01:07:18Z,236,29.89,70.3,61,59.7,2,2,32,87,0.0,255,32767,0.0,2127-15-31,0.0,0.16,26.24,0.0,0.0,0.0,0,4.828125,6,45,05:49,20:11,2025-05-12 01:07:18.062592,Città della Scienza,74.4,11.960198,13.88599,12.161151,8.684337,EU EEA Common AQI,64.8,10.855422,12.525368,7200,9.942857,100,100,59.1,8.799999,Very Low,64.8,10.763427,100,1747011600,Very Low,9.72892,12.016509,Very Low,13.398082,56.4,11.0,100,1747011600,11.0
2025-05-12T01:07:29Z,236,29.89,70.3,61,59.6,2,2,32,87,0.0,255,32767,0.0,2127-15-31,0.0,0.16,26.24,0.0,0.0,0.0,0,4.828125,6,45,05:49,20:11,2025-05-12 01:07:29.139597,Città della Scienza,74.4,11.960198,13.88599,12.161151,8.684337,EU EEA Common AQI,64.8,10.855422,12.525368,7200,9.942857,100,100,59.1,8.799999,Very Low,64.8,10.763427,100,1747011600,Very Low,9.72892,12.016509,Very Low,13.398082,56.4,11.0,100,1747011600,11.0
2025-05-12T01:07:40Z,236,29.891,70.2,61,59.6,2,2,32,87,0.0,255,32767,0.0,2127-15-31,0.0,0.16,26.24,0.0,0.0,0.0,0,4.828125,6,45,05:49,20:11,2025-05-12 01:07:40.193590,Città della Scienza,74.4,11.960198,13.88599,12.161151,8.684337,EU EEA Common AQI,64.8,10.855422,12.525368,7200,9.942857,100,100,59.1,8.799999,Very Low,64.8,10.763427,100,1747011600,Very Low,9.72892,12.016509,Very Low,13.398082,56.4,11.0,100,1747011600,11.0
2025-05-12T01:07:51Z,236,29.891,70.2,61,59.6,2,2,32,87,0.0,255,32767,0.0,2127-15-31,0.0,0.16,26.24,0.0,0.0,0.0,0,4.828125,6,45,05:49,20:11,2025-05-12 01:07:51.242590,Città della Scienza,74.4,11.960198,13.88599,12.161151,8.684337,EU EEA Common AQI,64.8,10.855422,12.525368,7200,9.942857,100,100,59.1,8.799999,Very Low,64.8,10.763427,100,1747011600,Very Low,9.72892,12.016509,Very Low,13.398082,56.4,11.0,100,1747011600,11.0
2025-05-12T01:08:02Z,236,29.891,70.2,61,59.7,2,2,32,87,0.0,255,32767,0.0,2127-15-31,0.0,0.16,26.24,0.0,0.0,0.0,0,4.828125,6,45,05:49,20:11,2025-05-12 01:08:02.332590,Città della Scienza,74.4,11.960198,13.88599,12.161151,8.684337,EU EEA Common AQI,64.8,10.855422,12.525368,7200,9.942857,100,100,59.1,8.799999,Very Low,64.8,10.763427,100,1747011600,Very Low,9.72892,12.016509,Very Low,13.398082,56.4,11.0,100,1747011600,11.0
2025-05-12T01:08:13Z,236,29.891,70.2,61,59.7,1,2,32,87,0.0,255,32767,0.0,2127-15-31,0.0,0.16,26.24,0.0,0.0,0.0,0,4.828125,6,45,05:49,20:11,2025-05-12 01:08:13.415592,Città della Scienza,74.4,11.960198,13.88599,12.161151,8.684337,EU EEA Common AQI,64.8,10.855422,12.525368,7200,9.942857,100,100,59.1,8.799999,Very Low,64.8,10.763427,100,1747011600,Very Low,9.72892,12.016509,Very Low,13.398082,56.4,11.0,100,1747011600,11.0
2025-05-12T01:08:24Z,236,29.891,70.2,61,59.7,1,2,32,87,0.0,255,32767,0.0,2127-15-31,0.0,0.16,26.24,0.0,0.0,0.0,0,4.828125,6,45,05:49,20:11,2025-05-12 01:08:24.549595,Città della Scienza,74.4,11.960198,13.88599,12.161151,8.684337,EU EEA Common AQI,64.8,10.855422,12.525368,7200,9.942857,100,100,59.1,8.799999,Very Low,64.8,10.763427,100,1747011600,Very Low,9.72892,12.016509,Very Low,13.398082,56.4,11.0,100,1747011600,11.0
2025-05-12T01:08:35Z,236,29.889,70.2,61,59.7,0,2,32,87,0.0,255,32767,0.0,2127-15-31,0.0,0.16,26.24,0.0,0.0,0.0,0,4.828125,6,45,05:49,20:11,2025-05-12 01:08:35.638593,Città della Scienza,74.4,11.960198,13.88599,12.161151,8.684337,EU EEA Common AQI,64.8,10.855422,12.525368,7200,9.942857,100,100,59.1,8.799999,Very Low,64.8,10.763427,100,1747011600,Very Low,9.72892,12.016509,Very Low,13.398082,56.4,11.0,100,1747011600,11.0
2025-05-12T01:08:46Z,236,29.889,70.2,61,59.7,1,2,29,87,0.0,255,32767,0.0,2127-15-31,0.0,0.16,26.24,0.0,0.0,0.0,0,4.828125,6,45,05:49,20:11,2025-05-12 01:08:46.728593,Città della Scienza,74.4,11.960198,13.88599,12.161151,8.684337,EU EEA Common AQI,64.8,10.855422,12.525368,7200,9.942857,100,100,59.1,8.799999,Very Low,64.8,10.763427,100,1747011600,Very Low,9.72892,12.016509,Very Low,13.398082,56.4,11.0,100,1747011600,11.0
2025-05-12T01:08:58Z,236,29.889,70.2,61,59.8,1,2,28,87,0.0,255,32767,0.0,2127-15-31,0.0,0.16,26.24,0.0,0.0,0.0,0,4.828125,6,45,05:49,20:11,2025-05-12 01:08:57.836587,Città della Scienza,74.4,11.960198,13.88599,12.161151,8.684337,EU EEA Common AQI,64.8,10.855422,12.525368,7200,9.942857,100,100,59.1,8.799999,Very Low,64.8,10.763427,100,1747011600,Very Low,9.72892,12.016509,Very Low,13.398082,56.4,11.0,100,1747011600,11.0
2025-05-12T01:09:09Z,236,29.889,70.2,61,59.8,0,2,360,87,0.0,255,32767,0.0,2127-15-31,0.0,0.16,26.24,0.0,0.0,0.0,0,4.828125,6,45,05:49,20:11,2025-05-12 01:09:08.904589,Città della Scienza,74.4,11.960198,13.88599,12.161151,8.684337,EU EEA Common AQI,64.8,10.855422,12.525368,7200,9.942857,100,100,59.1,8.799999,Very Low,64.8,10.763427,100,1747011600,Very Low,9.72892,12.016509,Very Low,13.398082,56.4,11.0,100,1747011600,11.0
2025-05-12T01:09:20Z,236,29.889,70.2,61,59.8,2,2,13,87,0.0,255,32767,0.0,2127-15-31,0.0,0.16,26.24,0.0,0.0,0.0,0,4.828125,6,45,05:49,20:11,2025-05-12 01:09:19.998593,Città della Scienza,74.4,11.960198,13.88599,12.161151,8.684337,EU EEA Common AQI,64.8,10.855422,12.525368,7200,9.942857,100,100,59.1,8.799999,Very Low,64.8,10.763427,100,1747011600,Very Low,9.72892,12.016509,Very Low,13.398082,56.4,11.0,100,1747011600,11.0
2025-05-12T01:09:31Z,236,29.889,70.2,61,59.8,1,2,13,87,0.0,255,32767,0.0,2127-15-31,0.0,0.16,26.24,0.0,0.0,0.0,0,4.828125,6,45,05:49,20:11,2025-05-12 01:09:31.136595,Città della Scienza,74.4,11.960198,13.88599,12.161151,8.684337,EU EEA Common AQI,64.8,10.855422,12.525368,7200,9.942857,100,100,59.1,8.799999,Very Low,64.8,10.763427,100,1747011600,Very Low,9.72892,12.016509,Very Low,13.398082,56.4,11.0,100,1747011600,11.0
2025-05-12T01:09:42Z,236,29.891,70.2,61,59.8,2,2,13,87,0.0,255,32767,0.0,2127-15-31,0.0,0.16,26.24,0.0,0.0,0.0,0,4.828125,6,45,05:49,20:11,2025-05-12 01:09:42.232587,Città della Scienza,74.4,11.960198,13.88599,12.161151,8.684337,EU EEA Common AQI,64.8,10.855422,12.525368,7200,9.942857,100,100,59.1,8.799999,Very Low,64.8,10.763427,100,1747011600,Very Low,9.72892,12.016509,Very Low,13.398082,56.4,11.0,100,1747011600,11.0
2025-05-12T01:09:53Z,236,29.891,70.2,61,59.8,2,2,13,87,0.0,255,32767,0.0,2127-15-31,0.0,0.16,26.24,0.0,0.0,0.0,0,4.828125,6,45,05:49,20:11,2025-05-12 01:09:53.326589,Città della Scienza,74.4,11.960198,13.88599,12.161151,8.684337,EU EEA Common AQI,64.8,10.855422,12.525368,7200,9.942857,100,100,59.1,8.799999,Very Low,64.8,10.763427,100,1747011600,Very Low,9.72892,12.016509,Very Low,13.398082,56.4,11.0,100,1747011600,11.0
2025-05-12T01:10:04Z,236,29.891,70.2,61,59.8,2,2,13,87,0.0,255,32767,0.0,2127-15-31,0.0,0.16,26.24,0.0,0.0,0.0,0,4.828125,6,45,05:49,20:11,2025-05-12 01:10:04.448556,Città della Scienza,74.4,11.960198,13.88599,12.161151,8.684337,EU EEA Common AQI,64.8,10.855422,12.525368,7200,9.942857,100,100,59.1,8.799999,Very Low,64.8,10.763427,100,1747011600,Very Low,9.72892,12.016509,Very Low,13.398082,56.4,11.0,100,1747011600,11.0
2025-05-12T01:10:15Z,236,29.891,70.2,61,59.8,2,2,13,87,0.0,255,32767,0.0,2127-15-31,0.0,0.16,26.24,0.0,0.0,0.0,0,4.828125,6,45,05:49,20:11,2025-05-12 01:10:15.541596,Città della Scienza,74.4,11.960198,13.88599,12.161151,8.684337,EU EEA Common AQI,64.8,10.855422,12.525368,7200,9.942857,100,100,59.1,8.799999,Very Low,64.8,10.763427,100,1747011600,Very Low,9.72892,12.016509,Very Low,13.398082,56.4,11.0,100,1747011600,11.0
2025-05-12T01:10:26Z,236,29.891,70.2,61,59.8,2,2,13,87,0.0,255,32767,0.0,2127-15-31,0.0,0.16,26.24,0.0,0.0,0.0,0,4.828125,6,45,05:49,20:11,2025-05-12 01:10:26.656599,Città della Scienza,74.4,11.960198,13.88599,12.161151,8.684337,EU EEA Common AQI,64.8,10.855422,12.525368,7200,9.942857,100,100,59.1,8.799999,Very Low,64.8,10.763427,100,1747011600,Very Low,9.72892,12.016509,Very Low,13.398082,56.4,11.0,100,1747011600,11.0
2025-05-12T01:10:37Z,236,29.888,70.2,61,59.8,2,2,13,87,0.0,255,32767,0.0,2127-15-31,0.0,0.16,26.24,0.0,0.0,0.0,0,4.828125,6,45,05:49,20:11,2025-05-12 01:10:37.702594,Città della Scienza,74.4,11.960198,13.88599,12.161151,8.684337,EU EEA Common AQI,64.8,10.855422,12.525368,7200,9.942857,100,100,59.1,8.799999,Very Low,64.8,10.763427,100,1747011600,Very Low,9.72892,12.016509,Very Low,13.398082,56.4,11.0,100,1747011600,11.0
2025-05-12T01:10:48Z,236,29.888,70.2,61,59.8,2,2,13,87,0.0,255,32767,0.0,2127-15-31,0.0,0.16,26.24,0.0,0.0,0.0,0,4.828125,6,45,05:49,20:11,2025-05-12 01:10:48.745591,Città della Scienza,74.4,11.960198,13.88599,12.161151,8.684337,EU EEA Common AQI,64.8,10.855422,12.525368,7200,9.942857,100,100,59.1,8.799999,Very Low,64.8,10.763427,100,1747011600,Very Low,9.72892,12.016509,Very Low,13.398082,56.4,11.0,100,1747011600,11.0
2025-05-12T01:11:00Z,236,29.888,70.2,61,59.8,3,2,13,87,0.0,255,32767,0.0,2127-15-31,0.0,0.16,26.24,0.0,0.0,0.0,0,4.828125,6,45,05:49,20:11,2025-05-12 01:10:59.840584,Città della Scienza,74.4,11.960198,13.88599,12.161151,8.684337,EU EEA Common AQI,64.8,10.855422,12.525368,7200,9.942857,100,100,59.1,8.799999,Very Low,64.8,10.763427,100,1747011600,Very Low,9.72892,12.016509,Very Low,13.398082,56.4,11.0,100,1747011600,11.0
2025-05-12T01:11:11Z,236,29.888,70.2,61,59.9,3,2,13,87,0.0,255,32767,0.0,2127-15-31,0.0,0.16,26.24,0.0,0.0,0.0,0,4.828125,6,45,05:49,20:11,2025-05-12 01:11:10.940597,Città della Scienza,74.4,11.960198,13.88599,12.161151,8.684337,EU EEA Common AQI,64.8,10.855422,12.525368,7200,9.942857,100,100,59.1,8.799999,Very Low,64.8,10.763427,100,1747011600,Very Low,9.72892,12.016509,Very Low,13.398082,56.4,11.0,100,1747011600,11.0
2025-05-12T01:11:22Z,236,29.888,70.2,61,59.9,2,2,36,87,0.0,255,32767,0.0,2127-15-31,0.0,0.16,26.24,0.0,0.0,0.0,0,4.828125,6,45,05:49,20:11,2025-05-12 01:11:22.016589,Città della Scienza,74.4,11.960198,13.88599,12.161151,8.684337,EU EEA Common AQI,64.8,10.855422,12.525368,7200,9.942857,100,100,59.1,8.799999,Very Low,64.8,10.763427,100,1747011600,Very Low,9.72892,12.016509,Very Low,13.398082,56.4,11.0,100,1747011600,11.0
2025-05-12T01:11:33Z,236,29.89,70.2,61,59.9,1,2,34,87,0.0,255,32767,0.0,2127-15-31,0.0,0.16,26.24,0.0,0.0,0.0,0,4.828125,6,45,05:49,20:11,2025-05-12 01:11:33.115586,Città della Scienza,74.4,11.960198,13.88599,12.161151,8.684337,EU EEA Common AQI,64.8,10.855422,12.525368,7200,9.942857,100,100,59.1,8.799999,Very Low,64.8,10.763427,100,1747011600,Very Low,9.72892,12.016509,Very Low,13.398082,56.4,11.0,100,1747011600,11.0
2025-05-12T01:11:44Z,236,29.89,70.2,61,59.9,1,2,34,87,0.0,255,32767,0.0,2127-15-31,0.0,0.16,26.24,0.0,0.0,0.0,0,4.828125,6,45,05:49,20:11,2025-05-12 01:11:44.176591,Città della Scienza,74.4,11.960198,13.88599,12.161151,8.684337,EU EEA Common AQI,64.8,10.855422,12.525368,7200,9.942857,100,100,59.1,8.799999,Very Low,64.8,10.763427,100,1747011600,Very Low,9.72892,12.016509,Very Low,13.398082,56.4,11.0,100,1747011600,11.0
2025-05-12T01:11:55Z,236,29.89,70.2,61,59.9,0,2,34,87,0.0,255,32767,0.0,2127-15-31,0.0,0.16,26.24,0.0,0.0,0.0,0,4.828125,6,45,05:49,20:11,2025-05-12 01:11:55.274591,Città della Scienza,74.4,11.960198,13.88599,12.161151,8.684337,EU EEA Common AQI,64.8,10.855422,12.525368,7200,9.942857,100,100,59.1,8.799999,Very Low,64.8,10.763427,100,1747011600,Very Low,9.72892,12.016509,Very Low,13.398082,56.4,11.0,100,1747011600,11.0
2025-05-12T01:12:06Z,236,29.89,70.2,61,60.0,2,2,34,87,0.0,255,32767,0.0,2127-15-31,0.0,0.16,26.24,0.0,0.0,0.0,0,4.828125,6,45,05:49,20:11,2025-05-12 01:12:06.339590,Città della Scienza,74.4,11.960198,13.88599,12.161151,8.684337,EU EEA Common AQI,64.8,10.855422,12.525368,7200,9.942857,100,100,59.1,8.799999,Very Low,64.8,10.763427,100,1747011600,Very Low,9.72892,12.016509,Very Low,13.398082,56.4,11.0,100,1747011600,11.0
2025-05-12T01:12:17Z,236,29.89,70.2,61,60.0,1,2,34,87,0.0,255,32767,0.0,2127-15-31,0.0,0.16,26.24,0.0,0.0,0.0,0,4.828125,6,45,05:49,20:11,2025-05-12 01:12:17.401692,Città della Scienza,74.4,11.960198,13.88599,12.161151,8.684337,EU EEA Common AQI,64.8,10.855422,12.525368,7200,9.942857,100,100,59.1,8.799999,Very Low,64.8,10.763427,100,1747011600,Very Low,9.72892,12.016509,Very Low,13.398082,56.4,11.0,100,1747011600,11.0
2025-05-12T01:12:28Z,236,29.89,70.2,61,59.9,0,2,34,87,0.0,255,32767,0.0,2127-15-31,0.0,0.16,26.24,0.0,0.0,0.0,0,4.828125,6,45,05:49,20:11,2025-05-12 01:12:28.491589,Città della Scienza,74.4,11.960198,13.88599,12.161151,8.684337,EU EEA Common AQI,64.8,10.855422,12.525368,7200,9.942857,100,100,59.1,8.799999,Very Low,64.8,10.763427,100,1747011600,Very Low,9.72892,12.016509,Very Low,13.398082,56.4,11.0,100,1747011600,11.0
2025-05-12T01:12:39Z,236,29.89,70.2,61,60.0,1,2,34,87,0.0,255,32767,0.0,2127-15-31,0.0,0.16,26.24,0.0,0.0,0.0,0,4.828125,6,45,05:49,20:11,2025-05-12 01:12:39.577595,Città della Scienza,74.4,11.960198,13.88599,12.161151,8.684337,EU EEA Common AQI,64.8,10.855422,12.525368,7200,9.942857,100,100,59.1,8.799999,Very Low,64.8,10.763427,100,1747011600,Very Low,9.72892,12.016509,Very Low,13.398082,56.4,11.0,100,1747011600,11.0
2025-05-12T01:13:04Z,236,29.89,70.2,61,60.0,2,2,34,87,0.0,255,32767,0.0,2127-15-31,0.0,0.16,26.24,0.0,0.0,0.0,0,4.828125,6,45,05:49,20:11,2025-05-12 01:13:04.191594,Città della Scienza,74.4,11.960198,13.88599,12.161151,8.684337,EU EEA Common AQI,64.8,10.855422,12.525368,7200,9.942857,100,100,59.1,8.799999,Very Low,64.8,10.763427,100,1747011600,Very Low,9.72892,12.016509,Very Low,13.398082,56.4,11.0,100,1747011600,11.0
2025-05-12T01:13:15Z,236,29.89,70.2,61,60.0,2,2,34,87,0.0,255,32767,0.0,2127-15-31,0.0,0.16,26.24,0.0,0.0,0.0,0,4.828125,6,45,05:49,20:11,2025-05-12 01:13:15.240604,Città della Scienza,74.4,11.960198,13.88599,12.161151,8.684337,EU EEA Common AQI,64.8,10.855422,12.525368,7200,9.942857,100,100,59.1,8.799999,Very Low,64.8,10.763427,100,1747011600,Very Low,9.72892,12.016509,Very Low,13.398082,56.4,11.0,100,1747011600,11.0
2025-05-12T01:13:26Z,236,29.89,70.2,61,60.0,2,2,34,87,0.0,255,32767,0.0,2127-15-31,0.0,0.16,26.24,0.0,0.0,0.0,0,4.828125,6,45,05:49,20:11,2025-05-12 01:13:26.330595,Città della Scienza,74.4,11.960198,13.88599,12.161151,8.684337,EU EEA Common AQI,64.8,10.855422,12.525368,7200,9.942857,100,100,59.1,8.799999,Very Low,64.8,10.763427,100,1747011600,Very Low,9.72892,12.016509,Very Low,13.398082,56.4,11.0,100,1747011600,11.0
2025-05-12T01:13:37Z,236,29.89,70.2,62,60.0,2,2,34,87,0.0,255,32767,0.0,2127-15-31,0.0,0.16,26.24,0.0,0.0,0.0,0,4.828125,6,45,05:49,20:11,2025-05-12 01:13:37.421597,Città della Scienza,74.4,11.960198,13.88599,12.161151,8.684337,EU EEA Common AQI,64.8,10.855422,12.525368,7200,9.942857,100,100,59.1,8.799999,Very Low,64.8,10.763427,100,1747011600,Very Low,9.72892,12.016509,Very Low,13.398082,56.4,11.0,100,1747011600,11.0
2025-05-12T01:13:48Z,236,29.89,70.2,62,60.0,1,2,34,87,0.0,255,32767,0.0,2127-15-31,0.0,0.16,26.24,0.0,0.0,0.0,0,4.828125,6,45,05:49,20:11,2025-05-12 01:13:48.537599,Città della Scienza,74.4,11.960198,13.88599,12.161151,8.684337,EU EEA Common AQI,64.8,10.855422,12.525368,7200,9.942857,100,100,59.1,8.799999,Very Low,64.8,10.763427,100,1747011600,Very Low,9.72892,12.016509,Very Low,13.398082,56.4,11.0,100,1747011600,11.0
2025-05-12T01:13:59Z,236,29.89,70.2,62,60.0,2,2,36,87,0.0,255,32767,0.0,2127-15-31,0.0,0.16,26.24,0.0,0.0,0.0,0,4.828125,6,45,05:49,20:11,2025-05-12 01:13:59.620605,Città della Scienza,74.4,11.960198,13.88599,12.161151,8.684337,EU EEA Common AQI,64.8,10.855422,12.525368,7200,9.942857,100,100,59.1,8.799999,Very Low,64.8,10.763427,100,1747011600,Very Low,9.72892,12.016509,Very Low,13.398082,56.4,11.0,100,1747011600,11.0
2025-05-12T01:14:10Z,236,29.89,70.2,62,60.0,2,2,36,87,0.0,255,32767,0.0,2127-15-31,0.0,0.16,26.24,0.0,0.0,0.0,0,4.828125,6,45,05:49,20:11,2025-05-12 01:14:10.706593,Città della Scienza,74.4,11.960198,13.88599,12.161151,8.684337,EU EEA Common AQI,64.8,10.855422,12.525368,7200,9.942857,100,100,59.1,8.799999,Very Low,64.8,10.763427,100,1747011600,Very Low,9.72892,12.016509,Very Low,13.398082,56.4,11.0,100,1747011600,11.0
2025-05-12T01:14:22Z,236,29.89,70.2,62,60.0,2,2,36,87,0.0,255,32767,0.0,2127-15-31,0.0,0.16,26.24,0.0,0.0,0.0,0,4.828125,6,45,05:49,20:11,2025-05-12 01:14:21.827591,Città della Scienza,74.4,11.960198,13.88599,12.161151,8.684337,EU EEA Common AQI,64.8,10.855422,12.525368,7200,9.942857,100,100,59.1,8.799999,Very Low,64.8,10.763427,100,1747011600,Very Low,9.72892,12.016509,Very Low,13.398082,56.4,11.0,100,1747011600,11.0
2025-05-12T01:14:33Z,236,29.888,70.2,62,60.0,1,2,36,87,0.0,255,32767,0.0,2127-15-31,0.0,0.16,26.24,0.0,0.0,0.0,0,4.828125,6,45,05:49,20:11,2025-05-12 01:14:32.888596,Città della Scienza,74.4,11.960198,13.88599,12.161151,8.684337,EU EEA Common AQI,64.8,10.855422,12.525368,7200,9.942857,100,100,59.1,8.799999,Very Low,64.8,10.763427,100,1747011600,Very Low,9.72892,12.016509,Very Low,13.398082,56.4,11.0,100,1747011600,11.0
2025-05-12T01:14:44Z,236,29.888,70.2,62,60.0,2,2,24,87,0.0,255,32767,0.0,2127-15-31,0.0,0.16,26.24,0.0,0.0,0.0,0,4.828125,6,45,05:49,20:11,2025-05-12 01:14:43.993595,Città della Scienza,74.4,11.960198,13.88599,12.161151,8.684337,EU EEA Common AQI,64.8,10.855422,12.525368,7200,9.942857,100,100,59.1,8.799999,Very Low,64.8,10.763427,100,1747011600,Very Low,9.72892,12.016509,Very Low,13.398082,56.4,11.0,100,1747011600,11.0
2025-05-12T01:14:55Z,236,29.888,70.2,62,60.0,2,2,27,87,0.0,255,32767,0.0,2127-15-31,0.0,0.16,26.24,0.0,0.0,0.0,0,4.828125,6,45,05:49,20:11,2025-05-12 01:14:55.052550,Città della Scienza,74.4,11.960198,13.88599,12.161151,8.684337,EU EEA Common AQI,64.8,10.855422,12.525368,7200,9.942857,100,100,59.1,8.799999,Very Low,64.8,10.763427,100,1747011600,Very Low,9.72892,12.016509,Very Low,13.398082,56.4,11.0,100,1747011600,11.0
2025-05-12T01:15:06Z,236,29.888,70.2,62,60.0,1,2,30,87,0.0,255,32767,0.0,2127-15-31,0.0,0.16,26.24,0.0,0.0,0.0,0,4.828125,6,45,05:49,20:11,2025-05-12 01:15:06.170592,Città della Scienza,74.4,11.960198,13.88599,12.161151,8.684337,EU EEA Common AQI,64.8,10.855422,12.525368,7200,9.942857,100,100,59.1,8.799999,Very Low,64.8,10.763427,100,1747011600,Very Low,9.72892,12.016509,Very Low,13.398082,56.4,11.0,100,1747011600,11.0
2025-05-12T01:15:17Z,236,29.888,70.2,62,60.0,1,2,30,87,0.0,255,32767,0.0,2127-15-31,0.0,0.16,26.24,0.0,0.0,0.0,0,4.828125,6,45,05:49,20:11,2025-05-12 01:15:17.221587,Città della Scienza,74.4,11.960198,13.88599,12.161151,8.684337,EU EEA Common AQI,64.8,10.855422,12.525368,7200,9.942857,100,100,59.1,8.799999,Very Low,64.8,10.763427,100,1747011600,Very Low,9.72892,12.016509,Very Low,13.398082,56.4,11.0,100,1747011600,11.0
2025-05-12T01:15:28Z,236,29.888,70.2,62,60.1,2,2,30,87,0.0,255,32767,0.0,2127-15-31,0.0,0.16,26.24,0.0,0.0,0.0,0,4.828125,6,45,05:49,20:11,2025-05-12 01:15:28.311596,Città della Scienza,76.4,12.259532,13.806781,11.91053,8.79626,EU EEA Common AQI,64.5,10.995326,12.453824,7200,9.214286,100,100,59.3,8.537143,Very Low,64.4,11.017025,100,1747012500,Very Low,9.528423,12.21,Very Low,13.253298,56.8,12.7,100,1747012500,10.671429
2025-05-12T01:15:39Z,236,29.889,70.2,62,60.0,0,2,30,87,0.0,255,32767,0.0,2127-15-31,0.0,0.16,26.24,0.0,0.0,0.0,0,4.828125,6,45,05:49,20:11,2025-05-12 01:15:39.375603,Città della Scienza,76.4,12.259532,13.806781,11.91053,8.79626,EU EEA Common AQI,64.5,10.995326,12.453824,7200,9.214286,100,100,59.3,8.537143,Very Low,64.4,11.017025,100,1747012500,Very Low,9.528423,12.21,Very Low,13.253298,56.8,12.7,100,1747012500,10.671429
2025-05-12T01:15:50Z,236,29.889,70.2,62,60.0,1,2,30,87,0.0,255,32767,0.0,2127-15-31,0.0,0.16,26.24,0.0,0.0,0.0,0,4.828125,6,45,05:49,20:11,2025-05-12 01:15:50.458594,Città della Scienza,76.4,12.259532,13.806781,11.91053,8.79626,EU EEA Common AQI,64.5,10.995326,12.453824,7200,9.214286,100,100,59.3,8.537143,Very Low,64.4,11.017025,100,1747012500,Very Low,9.528423,12.21,Very Low,13.253298,56.8,12.7,100,1747012500,10.671429
2025-05-12T01:16:01Z,236,29.889,70.2,62,60.1,2,2,30,87,0.0,255,32767,0.0,2127-15-31,0.0,0.16,26.24,0.0,0.0,0.0,0,4.828125,6,45,05:49,20:11,2025-05-12 01:16:01.515586,Città della Scienza,76.4,12.259532,13.806781,11.91053,8.79626,EU EEA Common AQI,64.5,10.995326,12.453824,7200,9.214286,100,100,59.3,8.537143,Very Low,64.4,11.017025,100,1747012500,Very Low,9.528423,12.21,Very Low,13.253298,56.8,12.7,100,1747012500,10.671429
2025-05-12T01:16:12Z,236,29.889,70.2,62,60.0,1,2,30,87,0.0,255,32767,0.0,2127-15-31,0.0,0.16,26.24,0.0,0.0,0.0,0,4.828125,6,45,05:49,20:11,2025-05-12 01:16:12.635604,Città della Scienza,76.4,12.259532,13.806781,11.91053,8.79626,EU EEA Common AQI,64.5,10.995326,12.453824,7200,9.214286,100,100,59.3,8.537143,Very Low,64.4,11.017025,100,1747012500,Very Low,9.528423,12.21,Very Low,13.253298,56.8,12.7,100,1747012500,10.671429
2025-05-12T01:16:23Z,236,29.889,70.2,62,60.0,2,2,30,87,0.0,255,32767,0.0,2127-15-31,0.0,0.16,26.24,0.0,0.0,0.0,0,4.828125,6,45,05:49,20:11,2025-05-12 01:16:23.687593,Città della Scienza,76.4,12.259532,13.806781,11.91053,8.79626,EU EEA Common AQI,64.5,10.995326,12.453824,7200,9.214286,100,100,59.3,8.537143,Very Low,64.4,11.017025,100,1747012500,Very Low,9.528423,12.21,Very Low,13.253298,56.8,12.7,100,1747012500,10.671429
2025-05-12T01:16:34Z,236,29.886,70.1,62,60.0,0,2,30,87,0.0,255,32767,0.0,2127-15-31,0.0,0.16,26.24,0.0,0.0,0.0,0,4.828125,6,45,05:49,20:11,2025-05-12 01:16:34.776604,Città della Scienza,76.4,12.259532,13.806781,11.91053,8.79626,EU EEA Common AQI,64.5,10.995326,12.453824,7200,9.214286,100,100,59.3,8.537143,Very Low,64.4,11.017025,100,1747012500,Very Low,9.528423,12.21,Very Low,13.253298,56.8,12.7,100,1747012500,10.671429
2025-05-12T01:16:46Z,236,29.886,70.1,62,60.0,0,2,30,87,0.0,255,32767,0.0,2127-15-31,0.0,0.16,26.24,0.0,0.0,0.0,0,4.828125,6,45,05:49,20:11,2025-05-12 01:16:45.837592,Città della Scienza,76.4,12.259532,13.806781,11.91053,8.79626,EU EEA Common AQI,64.5,10.995326,12.453824,7200,9.214286,100,100,59.3,8.537143,Very Low,64.4,11.017025,100,1747012500,Very Low,9.528423,12.21,Very Low,13.253298,56.8,12.7,100,1747012500,10.671429
2025-05-12T01:16:57Z,236,29.886,70.1,62,60.1,0,2,30,87,0.0,255,32767,0.0,2127-15-31,0.0,0.16,26.24,0.0,0.0,0.0,0,4.828125,6,45,05:49,20:11,2025-05-12 01:16:56.922583,Città della Scienza,76.4,12.259532,13.806781,11.91053,8.79626,EU EEA Common AQI,64.5,10.995326,12.453824,7200,9.214286,100,100,59.3,8.537143,Very Low,64.4,11.017025,100,1747012500,Very Low,9.528423,12.21,Very Low,13.253298,56.8,12.7,100,1747012500,10.671429
2025-05-12T01:17:08Z,236,29.886,70.1,62,60.1,2,2,39,87,0.0,255,32767,0.0,2127-15-31,0.0,0.16,26.24,0.0,0.0,0.0,0,4.828125,6,45,05:49,20:11,2025-05-12 01:17:07.995603,Città della Scienza,76.4,12.259532,13.806781,11.91053,8.79626,EU EEA Common AQI,64.5,10.995326,12.453824,7200,9.214286,100,100,59.3,8.537143,Very Low,64.4,11.017025,100,1747012500,Very Low,9.528423,12.21,Very Low,13.253298,56.8,12.7,100,1747012500,10.671429
2025-05-12T01:17:19Z,236,29.886,70.1,62,60.1,2,2,27,87,0.0,255,32767,0.0,2127-15-31,0.0,0.16,26.24,0.0,0.0,0.0,0,4.828125,6,45,05:49,20:11,2025-05-12 01:17:19.043590,Città della Scienza,76.4,12.259532,13.806781,11.91053,8.79626,EU EEA Common AQI,64.5,10.995326,12.453824,7200,9.214286,100,100,59.3,8.537143,Very Low,64.4,11.017025,100,1747012500,Very Low,9.528423,12.21,Very Low,13.253298,56.8,12.7,100,1747012500,10.671429
2025-05-12T01:17:30Z,236,29.886,70.1,62,60.1,1,2,31,87,0.0,255,32767,0.0,2127-15-31,0.0,0.16,26.24,0.0,0.0,0.0,0,4.828125,6,45,05:49,20:11,2025-05-12 01:17:30.111598,Città della Scienza,76.4,12.259532,13.806781,11.91053,8.79626,EU EEA Common AQI,64.5,10.995326,12.453824,7200,9.214286,100,100,59.3,8.537143,Very Low,64.4,11.017025,100,1747012500,Very Low,9.528423,12.21,Very Low,13.253298,56.8,12.7,100,1747012500,10.671429
2025-05-12T01:17:41Z,236,29.889,70.2,62,60.1,1,2,32,87,0.0,255,32767,0.0,2127-15-31,0.0,0.16,26.24,0.0,0.0,0.0,0,4.828125,6,45,05:49,20:11,2025-05-12 01:17:41.206592,Città della Scienza,76.4,12.259532,13.806781,11.91053,8.79626,EU EEA Common AQI,64.5,10.995326,12.453824,7200,9.214286,100,100,59.3,8.537143,Very Low,64.4,11.017025,100,1747012500,Very Low,9.528423,12.21,Very Low,13.253298,56.8,12.7,100,1747012500,10.671429
2025-05-12T01:17:52Z,236,29.889,70.2,62,60.1,1,2,26,87,0.0,255,32767,0.0,2127-15-31,0.0,0.16,26.24,0.0,0.0,0.0,0,4.828125,6,45,05:49,20:11,2025-05-12 01:17:52.313601,Città della Scienza,76.4,12.259532,13.806781,11.91053,8.79626,EU EEA Common AQI,64.5,10.995326,12.453824,7200,9.214286,100,100,59.3,8.537143,Very Low,64.4,11.017025,100,1747012500,Very Low,9.528423,12.21,Very Low,13.253298,56.8,12.7,100,1747012500,10.671429
2025-05-12T01:18:03Z,236,29.889,70.2,62,60.1,2,2,34,87,0.0,255,32767,0.0,2127-15-31,0.0,0.16,26.24,0.0,0.0,0.0,0,4.828125,6,45,05:49,20:11,2025-05-12 01:18:03.368594,Città della Scienza,76.4,12.259532,13.806781,11.91053,8.79626,EU EEA Common AQI,64.5,10.995326,12.453824,7200,9.214286,100,100,59.3,8.537143,Very Low,64.4,11.017025,100,1747012500,Very Low,9.528423,12.21,Very Low,13.253298,56.8,12.7,100,1747012500,10.671429
2025-05-12T01:18:14Z,236,29.889,70.2,62,60.1,2,2,30,87,0.0,255,32767,0.0,2127-15-31,0.0,0.16,26.24,0.0,0.0,0.0,0,4.828125,6,45,05:49,20:11,2025-05-12 01:18:14.416608,Città della Scienza,76.4,12.259532,13.806781,11.91053,8.79626,EU EEA Common AQI,64.5,10.995326,12.453824,7200,9.214286,100,100,59.3,8.537143,Very Low,64.4,11.017025,100,1747012500,Very Low,9.528423,12.21,Very Low,13.253298,56.8,12.7,100,1747012500,10.671429
2025-05-12T01:18:25Z,236,29.889,70.2,62,60.1,1,2,30,87,0.0,255,32767,0.0,2127-15-31,0.0,0.16,26.24,0.0,0.0,0.0,0,4.828125,6,45,05:49,20:11,2025-05-12 01:18:25.548597,Città della Scienza,76.4,12.259532,13.806781,11.91053,8.79626,EU EEA Common AQI,64.5,10.995326,12.453824,7200,9.214286,100,100,59.3,8.537143,Very Low,64.4,11.017025,100,1747012500,Very Low,9.528423,12.21,Very Low,13.253298,56.8,12.7,100,1747012500,10.671429
2025-05-12T01:18:36Z,236,29.888,70.2,62,60.2,3,1,32,87,0.0,255,32767,0.0,2127-15-31,0.0,0.16,26.24,0.0,0.0,0.0,0,4.828125,6,45,05:49,20:11,2025-05-12 01:18:36.601596,Città della Scienza,76.4,12.259532,13.806781,11.91053,8.79626,EU EEA Common AQI,64.5,10.995326,12.453824,7200,9.214286,100,100,59.3,8.537143,Very Low,64.4,11.017025,100,1747012500,Very Low,9.528423,12.21,Very Low,13.253298,56.8,12.7,100,1747012500,10.671429
2025-05-12T01:18:47Z,236,29.888,70.2,62,60.2,2,1,32,87,0.0,255,32767,0.0,2127-15-31,0.0,0.16,26.24,0.0,0.0,0.0,0,4.828125,6,45,05:49,20:11,2025-05-12 01:18:47.650595,Città della Scienza,76.4,12.259532,13.806781,11.91053,8.79626,EU EEA Common AQI,64.5,10.995326,12.453824,7200,9.214286,100,100,59.3,8.537143,Very Low,64.4,11.017025,100,1747012500,Very Low,9.528423,12.21,Very Low,13.253298,56.8,12.7,100,1747012500,10.671429
2025-05-12T01:18:58Z,236,29.888,70.2,62,60.2,3,1,32,87,0.0,255,32767,0.0,2127-15-31,0.0,0.16,26.24,0.0,0.0,0.0,0,4.828125,6,45,05:49,20:11,2025-05-12 01:18:58.738585,Città della Scienza,76.4,12.259532,13.806781,11.91053,8.79626,EU EEA Common AQI,64.5,10.995326,12.453824,7200,9.214286,100,100,59.3,8.537143,Very Low,64.4,11.017025,100,1747012500,Very Low,9.528423,12.21,Very Low,13.253298,56.8,12.7,100,1747012500,10.671429
2025-05-12T01:19:10Z,236,29.888,70.2,62,60.2,2,1,22,87,0.0,255,32767,0.0,2127-15-31,0.0,0.16,26.24,0.0,0.0,0.0,0,4.828125,6,45,05:49,20:11,2025-05-12 01:19:09.822590,Città della Scienza,76.4,12.259532,13.806781,11.91053,8.79626,EU EEA Common AQI,64.5,10.995326,12.453824,7200,9.214286,100,100,59.3,8.537143,Very Low,64.4,11.017025,100,1747012500,Very Low,9.528423,12.21,Very Low,13.253298,56.8,12.7,100,1747012500,10.671429
2025-05-12T01:19:21Z,236,29.888,70.2,62,60.2,3,1,32,87,0.0,255,32767,0.0,2127-15-31,0.0,0.16,26.24,0.0,0.0,0.0,0,4.828125,6,45,05:49,20:11,2025-05-12 01:19:20.939583,Città della Scienza,76.4,12.259532,13.806781,11.91053,8.79626,EU EEA Common AQI,64.5,10.995326,12.453824,7200,9.214286,100,100,59.3,8.537143,Very Low,64.4,11.017025,100,1747012500,Very Low,9.528423,12.21,Very Low,13.253298,56.8,12.7,100,1747012500,10.671429
2025-05-12T01:19:32Z,236,29.887,70.2,62,60.2,2,2,32,87,0.0,255,32767,0.0,2127-15-31,0.0,0.16,26.24,0.0,0.0,0.0,0,4.828125,6,45,05:49,20:11,2025-05-12 01:19:32.016592,Città della Scienza,76.4,12.259532,13.806781,11.91053,8.79626,EU EEA Common AQI,64.5,10.995326,12.453824,7200,9.214286,100,100,59.3,8.537143,Very Low,64.4,11.017025,100,1747012500,Very Low,9.528423,12.21,Very Low,13.253298,56.8,12.7,100,1747012500,10.671429
2025-05-12T01:19:43Z,236,29.887,70.2,62,60.2,2,2,33,87,0.0,255,32767,0.0,2127-15-31,0.0,0.16,26.24,0.0,0.0,0.0,0,4.828125,6,45,05:49,20:11,2025-05-12 01:19:43.075590,Città della Scienza,76.4,12.259532,13.806781,11.91053,8.79626,EU EEA Common AQI,64.5,10.995326,12.453824,7200,9.214286,100,100,59.3,8.537143,Very Low,64.4,11.017025,100,1747012500,Very Low,9.528423,12.21,Very Low,13.253298,56.8,12.7,100,1747012500,10.671429
2025-05-12T01:19:54Z,236,29.887,70.2,62,60.2,1,2,32,87,0.0,255,32767,0.0,2127-15-31,0.0,0.16,26.24,0.0,0.0,0.0,0,4.828125,6,45,05:49,20:11,2025-05-12 01:19:54.169594,Città della Scienza,76.4,12.259532,13.806781,11.91053,8.79626,EU EEA Common AQI,64.5,10.995326,12.453824,7200,9.214286,100,100,59.3,8.537143,Very Low,64.4,11.017025,100,1747012500,Very Low,9.528423,12.21,Very Low,13.253298,56.8,12.7,100,1747012500,10.671429
2025-05-12T01:20:05Z,236,29.887,70.2,62,60.3,1,2,31,87,0.0,255,32767,0.0,2127-15-31,0.0,0.16,26.24,0.0,0.0,0.0,0,4.828125,6,45,05:49,20:11,2025-05-12 01:20:05.270593,Città della Scienza,76.4,12.259532,13.806781,11.91053,8.79626,EU EEA Common AQI,64.5,10.995326,12.453824,7200,9.214286,100,100,59.3,8.537143,Very Low,64.4,11.017025,100,1747012500,Very Low,9.528423,12.21,Very Low,13.253298,56.8,12.7,100,1747012500,10.671429
2025-05-12T01:20:16Z,236,29.887,70.2,62,60.3,1,2,38,87,0.0,255,32767,0.0,2127-15-31,0.0,0.16,26.24,0.0,0.0,0.0,0,4.828125,6,45,05:49,20:11,2025-05-12 01:20:16.366614,Città della Scienza,76.4,12.259532,13.806781,11.91053,8.79626,EU EEA Common AQI,64.5,10.995326,12.453824,7200,9.214286,100,100,59.3,8.537143,Very Low,64.4,11.017025,100,1747012500,Very Low,9.528423,12.21,Very Low,13.253298,56.8,12.7,100,1747012500,10.671429
2025-05-12T01:20:27Z,236,29.887,70.2,62,60.2,1,2,318,87,0.0,255,32767,0.0,2127-15-31,0.0,0.16,26.24,0.0,0.0,0.0,0,4.828125,6,45,05:49,20:11,2025-05-12 01:20:27.452592,Città della Scienza,76.4,12.259532,13.806781,11.91053,8.79626,EU EEA Common AQI,64.5,10.995326,12.453824,7200,9.214286,100,100,59.3,8.537143,Very Low,64.4,11.017025,100,1747012500,Very Low,9.528423,12.21,Very Low,13.253298,56.8,12.7,100,1747012500,10.671429
2025-05-12T01:20:38Z,236,29.888,70.2,62,60.2,1,2,341,87,0.0,255,32767,0.0,2127-15-31,0.0,0.16,26.24,0.0,0.0,0.0,0,4.828125,6,45,05:49,20:11,2025-05-12 01:20:38.495600,Città della Scienza,76.4,12.259532,13.806781,11.91053,8.79626,EU EEA Common AQI,64.5,10.995326,12.453824,7200,9.214286,100,100,59.3,8.537143,Very Low,64.4,11.017025,100,1747012500,Very Low,9.528423,12.21,Very Low,13.253298,56.8,12.7,100,1747012500,10.671429
2025-05-12T01:20:49Z,236,29.888,70.2,62,60.2,2,2,346,87,0.0,255,32767,0.0,2127-15-31,0.0,0.16,26.24,0.0,0.0,0.0,0,4.828125,6,45,05:49,20:11,2025-05-12 01:20:49.581590,Città della Scienza,76.4,12.259532,13.806781,11.91053,8.79626,EU EEA Common AQI,64.5,10.995326,12.453824,7200,9.214286,100,100,59.3,8.537143,Very Low,64.4,11.017025,100,1747012500,Very Low,9.528423,12.21,Very Low,13.253298,56.8,12.7,100,1747012500,10.671429
2025-05-12T01:21:00Z,236,29.888,70.2,62,60.3,0,2,9,87,0.0,255,32767,0.0,2127-15-31,0.0,0.16,26.24,0.0,0.0,0.0,0,4.828125,6,45,05:49,20:11,2025-05-12 01:21:00.706590,Città della Scienza,76.4,12.259532,13.806781,11.91053,8.79626,EU EEA Common AQI,64.5,10.995326,12.453824,7200,9.214286,100,100,59.3,8.537143,Very Low,64.4,11.017025,100,1747012500,Very Low,9.528423,12.21,Very Low,13.253298,56.8,12.7,100,1747012500,10.671429
2025-05-12T01:21:12Z,236,29.888,70.2,62,60.3,2,2,355,87,0.0,255,32767,0.0,2127-15-31,0.0,0.16,26.24,0.0,0.0,0.0,0,4.828125,6,45,05:49,20:11,2025-05-12 01:21:11.856562,Città della Scienza,76.4,12.259532,13.806781,11.91053,8.79626,EU EEA Common AQI,64.5,10.995326,12.453824,7200,9.214286,100,100,59.3,8.537143,Very Low,64.4,11.017025,100,1747012500,Very Low,9.528423,12.21,Very Low,13.253298,56.8,12.7,100,1747012500,10.671429
2025-05-12T01:21:23Z,236,29.888,70.2,62,60.3,0,2,360,87,0.0,255,32767,0.0,2127-15-31,0.0,0.16,26.24,0.0,0.0,0.0,0,4.828125,6,45,05:49,20:11,2025-05-12 01:21:22.915596,Città della Scienza,76.4,12.259532,13.806781,11.91053,8.79626,EU EEA Common AQI,64.5,10.995326,12.453824,7200,9.214286,100,100,59.3,8.537143,Very Low,64.4,11.017025,100,1747012500,Very Low,9.528423,12.21,Very Low,13.253298,56.8,12.7,100,1747012500,10.671429
2025-05-12T01:21:34Z,236,29.889,70.1,62,60.3,1,1,360,87,0.0,255,32767,0.0,2127-15-31,0.0,0.16,26.24,0.0,0.0,0.0,0,4.828125,6,45,05:49,20:11,2025-05-12 01:21:34.031553,Città della Scienza,76.4,12.259532,13.806781,11.91053,8.79626,EU EEA Common AQI,64.5,10.995326,12.453824,7200,9.214286,100,100,59.3,8.537143,Very Low,64.4,11.017025,100,1747012500,Very Low,9.528423,12.21,Very Low,13.253298,56.8,12.7,100,1747012500,10.671429
2025-05-12T01:21:45Z,236,29.889,70.1,62,60.3,2,1,21,87,0.0,255,32767,0.0,2127-15-31,0.0,0.16,26.24,0.0,0.0,0.0,0,4.828125,6,45,05:49,20:11,2025-05-12 01:21:45.063588,Città della Scienza,76.4,12.259532,13.806781,11.91053,8.79626,EU EEA Common AQI,64.5,10.995326,12.453824,7200,9.214286,100,100,59.3,8.537143,Very Low,64.4,11.017025,100,1747012500,Very Low,9.528423,12.21,Very Low,13.253298,56.8,12.7,100,1747012500,10.671429
2025-05-12T01:21:56Z,236,29.889,70.1,62,60.3,1,1,13,87,0.0,255,32767,0.0,2127-15-31,0.0,0.16,26.24,0.0,0.0,0.0,0,4.828125,6,45,05:49,20:11,2025-05-12 01:21:56.177592,Città della Scienza,76.4,12.259532,13.806781,11.91053,8.79626,EU EEA Common AQI,64.5,10.995326,12.453824,7200,9.214286,100,100,59.3,8.537143,Very Low,64.4,11.017025,100,1747012500,Very Low,9.528423,12.21,Very Low,13.253298,56.8,12.7,100,1747012500,10.671429
2025-05-12T01:22:07Z,236,29.889,70.1,62,60.4,0,1,12,87,0.0,255,32767,0.0,2127-15-31,0.0,0.16,26.24,0.0,0.0,0.0,0,4.828125,6,45,05:49,20:11,2025-05-12 01:22:07.298592,Città della Scienza,76.4,12.259532,13.806781,11.91053,8.79626,EU EEA Common AQI,64.5,10.995326,12.453824,7200,9.214286,100,100,59.3,8.537143,Very Low,64.4,11.017025,100,1747012500,Very Low,9.528423,12.21,Very Low,13.253298,56.8,12.7,100,1747012500,10.671429
2025-05-12T01:22:18Z,236,29.889,70.1,62,60.4,2,1,13,87,0.0,255,32767,0.0,2127-15-31,0.0,0.16,26.24,0.0,0.0,0.0,0,4.828125,6,45,05:49,20:11,2025-05-12 01:22:18.390613,Città della Scienza,76.4,12.259532,13.806781,11.91053,8.79626,EU EEA Common AQI,64.5,10.995326,12.453824,7200,9.214286,100,100,59.3,8.537143,Very Low,64.4,11.017025,100,1747012500,Very Low,9.528423,12.21,Very Low,13.253298,56.8,12.7,100,1747012500,10.671429
2025-05-12T01:22:29Z,236,29.889,70.1,62,60.4,2,1,18,87,0.0,255,32767,0.0,2127-15-31,0.0,0.16,26.24,0.0,0.0,0.0,0,4.828125,6,45,05:49,20:11,2025-05-12 01:22:29.510590,Città della Scienza,76.4,12.259532,13.806781,11.91053,8.79626,EU EEA Common AQI,64.5,10.995326,12.453824,7200,9.214286,100,100,59.3,8.537143,Very Low,64.4,11.017025,100,1747012500,Very Low,9.528423,12.21,Very Low,13.253298,56.8,12.7,100,1747012500,10.671429
2025-05-12T01:22:40Z,236,29.889,70.2,62,60.4,3,2,28,87,0.0,255,32767,0.0,2127-15-31,0.0,0.16,26.24,0.0,0.0,0.0,0,4.828125,6,45,05:49,20:11,2025-05-12 01:22:40.629598,Città della Scienza,76.4,12.259532,13.806781,11.91053,8.79626,EU EEA Common AQI,64.5,10.995326,12.453824,7200,9.214286,100,100,59.3,8.537143,Very Low,64.4,11.017025,100,1747012500,Very Low,9.528423,12.21,Very Low,13.253298,56.8,12.7,100,1747012500,10.671429
2025-05-12T01:22:51Z,236,29.889,70.2,62,60.4,2,2,33,87,0.0,255,32767,0.0,2127-15-31,0.0,0.16,26.24,0.0,0.0,0.0,0,4.828125,6,45,05:49,20:11,2025-05-12 01:22:51.717598,Città della Scienza,76.4,12.259532,13.806781,11.91053,8.79626,EU EEA Common AQI,64.5,10.995326,12.453824,7200,9.214286,100,100,59.3,8.537143,Very Low,64.4,11.017025,100,1747012500,Very Low,9.528423,12.21,Very Low,13.253298,56.8,12.7,100,1747012500,10.671429
2025-05-12T01:23:03Z,236,29.889,70.2,62,60.4,1,2,33,86,0.0,255,32767,0.0,2127-15-31,0.0,0.16,26.24,0.0,0.0,0.0,0,4.828125,6,45,05:49,20:11,2025-05-12 01:23:02.800593,Città della Scienza,76.4,12.259532,13.806781,11.91053,8.79626,EU EEA Common AQI,64.5,10.995326,12.453824,7200,9.214286,100,100,59.3,8.537143,Very Low,64.4,11.017025,100,1747012500,Very Low,9.528423,12.21,Very Low,13.253298,56.8,12.7,100,1747012500,10.671429
2025-05-12T01:23:14Z,236,29.889,70.2,62,60.4,1,2,33,86,0.0,255,32767,0.0,2127-15-31,0.0,0.16,26.24,0.0,0.0,0.0,0,4.828125,6,45,05:49,20:11,2025-05-12 01:23:13.859594,Città della Scienza,76.4,12.259532,13.806781,11.91053,8.79626,EU EEA Common AQI,64.5,10.995326,12.453824,7200,9.214286,100,100,59.3,8.537143,Very Low,64.4,11.017025,100,1747012500,Very Low,9.528423,12.21,Very Low,13.253298,56.8,12.7,100,1747012500,10.671429
2025-05-12T01:23:25Z,236,29.889,70.2,62,60.4,2,2,30,86,0.0,255,32767,0.0,2127-15-31,0.0,0.16,26.24,0.0,0.0,0.0,0,4.828125,6,45,05:49,20:11,2025-05-12 01:23:24.978568,Città della Scienza,76.4,12.259532,13.806781,11.91053,8.79626,EU EEA Common AQI,64.5,10.995326,12.453824,7200,9.214286,100,100,59.3,8.537143,Very Low,64.4,11.017025,100,1747012500,Very Low,9.528423,12.21,Very Low,13.253298,56.8,12.7,100,1747012500,10.671429
2025-05-12T01:23:36Z,236,29.887,70.2,62,60.4,3,2,22,86,0.0,255,32767,0.0,2127-15-31,0.0,0.16,26.24,0.0,0.0,0.0,0,4.828125,6,45,05:49,20:11,2025-05-12 01:23:36.056583,Città della Scienza,76.4,12.259532,13.806781,11.91053,8.79626,EU EEA Common AQI,64.5,10.995326,12.453824,7200,9.214286,100,100,59.3,8.537143,Very Low,64.4,11.017025,100,1747012500,Very Low,9.528423,12.21,Very Low,13.253298,56.8,12.7,100,1747012500,10.671429
2025-05-12T01:23:47Z,236,29.887,70.2,62,60.4,2,2,22,86,0.0,255,32767,0.0,2127-15-31,0.0,0.16,26.24,0.0,0.0,0.0,0,4.828125,6,45,05:49,20:11,2025-05-12 01:23:47.151555,Città della Scienza,76.4,12.259532,13.806781,11.91053,8.79626,EU EEA Common AQI,64.5,10.995326,12.453824,7200,9.214286,100,100,59.3,8.537143,Very Low,64.4,11.017025,100,1747012500,Very Low,9.528423,12.21,Very Low,13.253298,56.8,12.7,100,1747012500,10.671429
2025-05-12T01:23:58Z,236,29.887,70.2,62,60.4,2,2,22,86,0.0,255,32767,0.0,2127-15-31,0.0,0.16,26.24,0.0,0.0,0.0,0,4.828125,6,45,05:49,20:11,2025-05-12 01:23:58.209610,Città della Scienza,76.4,12.259532,13.806781,11.91053,8.79626,EU EEA Common AQI,64.5,10.995326,12.453824,7200,9.214286,100,100,59.3,8.537143,Very Low,64.4,11.017025,100,1747012500,Very Low,9.528423,12.21,Very Low,13.253298,56.8,12.7,100,1747012500,10.671429
2025-05-12T01:24:09Z,236,29.887,70.2,62,60.4,2,2,22,86,0.0,255,32767,0.0,2127-15-31,0.0,0.16,26.24,0.0,0.0,0.0,0,4.828125,6,45,05:49,20:11,2025-05-12 01:24:09.279584,Città della Scienza,76.4,12.259532,13.806781,11.91053,8.79626,EU EEA Common AQI,64.5,10.995326,12.453824,7200,9.214286,100,100,59.3,8.537143,Very Low,64.4,11.017025,100,1747012500,Very Low,9.528423,12.21,Very Low,13.253298,56.8,12.7,100,1747012500,10.671429
2025-05-12T01:24:20Z,236,29.887,70.2,62,60.4,2,2,22,86,0.0,255,32767,0.0,2127-15-31,0.0,0.16,26.24,0.0,0.0,0.0,0,4.828125,6,45,05:49,20:11,2025-05-12 01:24:20.357607,Città della Scienza,76.4,12.259532,13.806781,11.91053,8.79626,EU EEA Common AQI,64.5,10.995326,12.453824,7200,9.214286,100,100,59.3,8.537143,Very Low,64.4,11.017025,100,1747012500,Very Low,9.528423,12.21,Very Low,13.253298,56.8,12.7,100,1747012500,10.671429
2025-05-12T01:24:31Z,236,29.887,70.1,62,60.4,3,2,22,86,0.0,255,32767,0.0,2127-15-31,0.0,0.16,26.24,0.0,0.0,0.0,0,4.828125,6,45,05:49,20:11,2025-05-12 01:24:31.482605,Città della Scienza,76.4,12.259532,13.806781,11.91053,8.79626,EU EEA Common AQI,64.5,10.995326,12.453824,7200,9.214286,100,100,59.3,8.537143,Very Low,64.4,11.017025,100,1747012500,Very Low,9.528423,12.21,Very Low,13.253298,56.8,12.7,100,1747012500,10.671429
2025-05-12T01:24:42Z,236,29.886,70.1,62,60.4,2,2,22,86,0.0,255,32767,0.0,2127-15-31,0.0,0.16,26.24,0.0,0.0,0.0,0,4.828125,6,45,05:49,20:11,2025-05-12 01:24:42.576590,Città della Scienza,76.4,12.259532,13.806781,11.91053,8.79626,EU EEA Common AQI,64.5,10.995326,12.453824,7200,9.214286,100,100,59.3,8.537143,Very Low,64.4,11.017025,100,1747012500,Very Low,9.528423,12.21,Very Low,13.253298,56.8,12.7,100,1747012500,10.671429
2025-05-12T01:24:53Z,236,29.886,70.1,62,60.4,3,2,28,86,0.0,255,32767,0.0,2127-15-31,0.0,0.16,26.24,0.0,0.0,0.0,0,4.828125,6,45,05:49,20:11,2025-05-12 01:24:53.630593,Città della Scienza,76.4,12.259532,13.806781,11.91053,8.79626,EU EEA Common AQI,64.5,10.995326,12.453824,7200,9.214286,100,100,59.3,8.537143,Very Low,64.4,11.017025,100,1747012500,Very Low,9.528423,12.21,Very Low,13.253298,56.8,12.7,100,1747012500,10.671429
2025-05-12T01:25:04Z,236,29.886,70.1,62,60.4,3,2,11,86,0.0,255,32767,0.0,2127-15-31,0.0,0.16,26.24,0.0,0.0,0.0,0,4.828125,6,45,05:49,20:11,2025-05-12 01:25:04.711596,Città della Scienza,76.4,12.259532,13.806781,11.91053,8.79626,EU EEA Common AQI,64.5,10.995326,12.453824,7200,9.214286,100,100,59.3,8.537143,Very Low,64.4,11.017025,100,1747012500,Very Low,9.528423,12.21,Very Low,13.253298,56.8,12.7,100,1747012500,10.671429
2025-05-12T01:25:16Z,236,29.886,70.1,62,60.4,2,2,18,86,0.0,255,32767,0.0,2127-15-31,0.0,0.16,26.24,0.0,0.0,0.0,0,4.828125,6,45,05:49,20:11,2025-05-12 01:25:15.821591,Città della Scienza,76.4,12.259532,13.806781,11.91053,8.79626,EU EEA Common AQI,64.5,10.995326,12.453824,7200,9.214286,100,100,59.3,8.537143,Very Low,64.4,11.017025,100,1747012500,Very Low,9.528423,12.21,Very Low,13.253298,56.8,12.7,100,1747012500,10.671429
2025-05-12T01:25:27Z,236,29.886,70.1,62,60.4,1,2,18,86,0.0,255,32767,0.0,2127-15-31,0.0,0.16,26.24,0.0,0.0,0.0,0,4.828125,6,45,05:49,20:11,2025-05-12 01:25:26.902607,Città della Scienza,76.4,12.259532,13.806781,11.91053,8.79626,EU EEA Common AQI,64.5,10.995326,12.453824,7200,9.214286,100,100,59.3,8.537143,Very Low,64.4,11.017025,100,1747012500,Very Low,9.528423,12.21,Very Low,13.253298,56.8,12.7,100,1747012500,10.671429
2025-05-12T01:25:38Z,236,29.887,70.2,62,60.4,2,2,18,86,0.0,255,32767,0.0,2127-15-31,0.0,0.16,26.24,0.0,0.0,0.0,0,4.828125,6,45,05:49,20:11,2025-05-12 01:25:37.995596,Città della Scienza,76.4,12.259532,13.806781,11.91053,8.79626,EU EEA Common AQI,64.5,10.995326,12.453824,7200,9.214286,100,100,59.3,8.537143,Very Low,64.4,11.017025,100,1747012500,Very Low,9.528423,12.21,Very Low,13.253298,56.8,12.7,100,1747012500,10.671429
2025-05-12T01:25:49Z,236,29.887,70.2,62,60.4,2,2,18,86,0.0,255,32767,0.0,2127-15-31,0.0,0.16,26.24,0.0,0.0,0.0,0,4.828125,6,45,05:49,20:11,2025-05-12 01:25:49.083612,Città della Scienza,76.4,12.259532,13.806781,11.91053,8.79626,EU EEA Common AQI,64.5,10.995326,12.453824,7200,9.214286,100,100,59.3,8.537143,Very Low,64.4,11.017025,100,1747012500,Very Low,9.528423,12.21,Very Low,13.253298,56.8,12.7,100,1747012500,10.671429
2025-05-12T01:26:00Z,236,29.887,70.2,62,60.4,2,2,18,86,0.0,255,32767,0.0,2127-15-31,0.0,0.16,26.24,0.0,0.0,0.0,0,4.828125,6,45,05:49,20:11,2025-05-12 01:26:00.158602,Città della Scienza,76.4,12.259532,13.806781,11.91053,8.79626,EU EEA Common AQI,64.5,10.995326,12.453824,7200,9.214286,100,100,59.3,8.537143,Very Low,64.4,11.017025,100,1747012500,Very Low,9.528423,12.21,Very Low,13.253298,56.8,12.7,100,1747012500,10.671429
2025-05-12T01:26:11Z,236,29.887,70.2,62,60.4,1,2,18,86,0.0,255,32767,0.0,2127-15-31,0.0,0.16,26.24,0.0,0.0,0.0,0,4.828125,6,45,05:49,20:11,2025-05-12 01:26:11.199596,Città della Scienza,76.4,12.259532,13.806781,11.91053,8.79626,EU EEA Common AQI,64.5,10.995326,12.453824,7200,9.214286,100,100,59.3,8.537143,Very Low,64.4,11.017025,100,1747012500,Very Low,9.528423,12.21,Very Low,13.253298,56.8,12.7,100,1747012500,10.671429
2025-05-12T01:26:22Z,236,29.887,70.2,62,60.4,2,2,18,86,0.0,255,32767,0.0,2127-15-31,0.0,0.16,26.24,0.0,0.0,0.0,0,4.828125,6,45,05:49,20:11,2025-05-12 01:26:22.356595,Città della Scienza,76.4,12.259532,13.806781,11.91053,8.79626,EU EEA Common AQI,64.5,10.995326,12.453824,7200,9.214286,100,100,59.3,8.537143,Very Low,64.4,11.017025,100,1747012500,Very Low,9.528423,12.21,Very Low,13.253298,56.8,12.7,100,1747012500,10.671429
2025-05-12T01:26:33Z,236,29.886,70.1,62,60.5,2,2,18,86,0.0,255,32767,0.0,2127-15-31,0.0,0.16,26.24,0.0,0.0,0.0,0,4.828125,6,45,05:49,20:11,2025-05-12 01:26:33.445558,Città della Scienza,76.4,12.259532,13.806781,11.91053,8.79626,EU EEA Common AQI,64.5,10.995326,12.453824,7200,9.214286,100,100,59.3,8.537143,Very Low,64.4,11.017025,100,1747012500,Very Low,9.528423,12.21,Very Low,13.253298,56.8,12.7,100,1747012500,10.671429
2025-05-12T01:26:44Z,236,29.886,70.1,62,60.4,3,2,23,86,0.0,255,32767,0.0,2127-15-31,0.0,0.16,26.24,0.0,0.0,0.0,0,4.828125,6,45,05:49,20:11,2025-05-12 01:26:44.554586,Città della Scienza,76.4,12.259532,13.806781,11.91053,8.79626,EU EEA Common AQI,64.5,10.995326,12.453824,7200,9.214286,100,100,59.3,8.537143,Very Low,64.4,11.017025,100,1747012500,Very Low,9.528423,12.21,Very Low,13.253298,56.8,12.7,100,1747012500,10.671429
2025-05-12T01:26:55Z,236,29.886,70.1,62,60.4,2,2,23,86,0.0,255,32767,0.0,2127-15-31,0.0,0.16,26.24,0.0,0.0,0.0,0,4.828125,6,45,05:49,20:11,2025-05-12 01:26:55.612582,Città della Scienza,76.4,12.259532,13.806781,11.91053,8.79626,EU EEA Common AQI,64.5,10.995326,12.453824,7200,9.214286,100,100,59.3,8.537143,Very Low,64.4,11.017025,100,1747012500,Very Low,9.528423,12.21,Very Low,13.253298,56.8,12.7,100,1747012500,10.671429
2025-05-12T01:27:06Z,236,29.886,70.1,62,60.4,2,2,30,86,0.0,255,32767,0.0,2127-15-31,0.0,0.16,26.24,0.0,0.0,0.0,0,4.828125,6,45,05:49,20:11,2025-05-12 01:27:06.691600,Città della Scienza,76.4,12.259532,13.806781,11.91053,8.79626,EU EEA Common AQI,64.5,10.995326,12.453824,7200,9.214286,100,100,59.3,8.537143,Very Low,64.4,11.017025,100,1747012500,Very Low,9.528423,12.21,Very Low,13.253298,56.8,12.7,100,1747012500,10.671429
2025-05-12T01:27:17Z,236,29.886,70.1,62,60.4,2,2,30,86,0.0,255,32767,0.0,2127-15-31,0.0,0.16,26.24,0.0,0.0,0.0,0,4.828125,6,45,05:49,20:11,2025-05-12 01:27:17.727593,Città della Scienza,76.4,12.259532,13.806781,11.91053,8.79626,EU EEA Common AQI,64.5,10.995326,12.453824,7200,9.214286,100,100,59.3,8.537143,Very Low,64.4,11.017025,100,1747012500,Very Low,9.528423,12.21,Very Low,13.253298,56.8,12.7,100,1747012500,10.671429
2025-05-12T01:27:28Z,236,29.886,70.1,62,60.4,1,2,27,86,0.0,255,32767,0.0,2127-15-31,0.0,0.16,26.24,0.0,0.0,0.0,0,4.828125,6,45,05:49,20:11,2025-05-12 01:27:28.762555,Città della Scienza,76.4,12.259532,13.806781,11.91053,8.79626,EU EEA Common AQI,64.5,10.995326,12.453824,7200,9.214286,100,100,59.3,8.537143,Very Low,64.4,11.017025,100,1747012500,Very Low,9.528423,12.21,Very Low,13.253298,56.8,12.7,100,1747012500,10.671429
2025-05-12T01:27:40Z,236,29.886,70.1,62,60.4,0,2,22,86,0.0,255,32767,0.0,2127-15-31,0.0,0.16,26.24,0.0,0.0,0.0,0,4.828125,6,45,05:49,20:11,2025-05-12 01:27:39.858594,Città della Scienza,76.4,12.259532,13.806781,11.91053,8.79626,EU EEA Common AQI,64.5,10.995326,12.453824,7200,9.214286,100,100,59.3,8.537143,Very Low,64.4,11.017025,100,1747012500,Very Low,9.528423,12.21,Very Low,13.253298,56.8,12.7,100,1747012500,10.671429
2025-05-12T01:27:51Z,236,29.886,70.1,62,60.4,0,2,18,86,0.0,255,32767,0.0,2127-15-31,0.0,0.16,26.24,0.0,0.0,0.0,0,4.828125,6,45,05:49,20:11,2025-05-12 01:27:50.911589,Città della Scienza,76.4,12.259532,13.806781,11.91053,8.79626,EU EEA Common AQI,64.5,10.995326,12.453824,7200,9.214286,100,100,59.3,8.537143,Very Low,64.4,11.017025,100,1747012500,Very Low,9.528423,12.21,Very Low,13.253298,56.8,12.7,100,1747012500,10.671429
2025-05-12T01:28:02Z,236,29.886,70.1,62,60.4,1,2,28,86,0.0,255,32767,0.0,2127-15-31,0.0,0.16,26.24,0.0,0.0,0.0,0,4.828125,6,45,05:49,20:11,2025-05-12 01:28:02.042591,Città della Scienza,76.4,12.259532,13.806781,11.91053,8.79626,EU EEA Common AQI,64.5,10.995326,12.453824,7200,9.214286,100,100,59.3,8.537143,Very Low,64.4,11.017025,100,1747012500,Very Low,9.528423,12.21,Very Low,13.253298,56.8,12.7,100,1747012500,10.671429
2025-05-12T01:28:13Z,236,29.886,70.1,62,60.4,1,2,38,86,0.0,255,32767,0.0,2127-15-31,0.0,0.16,26.24,0.0,0.0,0.0,0,4.828125,6,45,05:49,20:11,2025-05-12 01:28:13.146591,Città della Scienza,76.4,12.259532,13.806781,11.91053,8.79626,EU EEA Common AQI,64.5,10.995326,12.453824,7200,9.214286,100,100,59.3,8.537143,Very Low,64.4,11.017025,100,1747012500,Very Low,9.528423,12.21,Very Low,13.253298,56.8,12.7,100,1747012500,10.671429
2025-05-12T01:28:24Z,236,29.886,70.1,62,60.4,1,2,38,86,0.0,255,32767,0.0,2127-15-31,0.0,0.16,26.24,0.0,0.0,0.0,0,4.828125,6,45,05:49,20:11,2025-05-12 01:28:24.249585,Città della Scienza,76.4,12.259532,13.806781,11.91053,8.79626,EU EEA Common AQI,64.5,10.995326,12.453824,7200,9.214286,100,100,59.3,8.537143,Very Low,64.4,11.017025,100,1747012500,Very Low,9.528423,12.21,Very Low,13.253298,56.8,12.7,100,1747012500,10.671429
2025-05-12T01:28:35Z,236,29.885,70.1,62,60.4,2,2,34,86,0.0,255,32767,0.0,2127-15-31,0.0,0.16,26.24,0.0,0.0,0.0,0,4.828125,6,45,05:49,20:11,2025-05-12 01:28:35.331588,Città della Scienza,76.4,12.259532,13.806781,11.91053,8.79626,EU EEA Common AQI,64.5,10.995326,12.453824,7200,9.214286,100,100,59.3,8.537143,Very Low,64.4,11.017025,100,1747012500,Very Low,9.528423,12.21,Very Low,13.253298,56.8,12.7,100,1747012500,10.671429
2025-05-12T01:28:46Z,236,29.885,70.1,62,60.5,3,2,13,86,0.0,255,32767,0.0,2127-15-31,0.0,0.16,26.24,0.0,0.0,0.0,0,4.828125,6,45,05:49,20:11,2025-05-12 01:28:46.389598,Città della Scienza,76.4,12.259532,13.806781,11.91053,8.79626,EU EEA Common AQI,64.5,10.995326,12.453824,7200,9.214286,100,100,59.3,8.537143,Very Low,64.4,11.017025,100,1747012500,Very Low,9.528423,12.21,Very Low,13.253298,56.8,12.7,100,1747012500,10.671429
2025-05-12T01:28:57Z,236,29.885,70.1,62,60.5,1,2,12,86,0.0,255,32767,0.0,2127-15-31,0.0,0.16,26.24,0.0,0.0,0.0,0,4.828125,6,45,05:49,20:11,2025-05-12 01:28:57.483597,Città della Scienza,76.4,12.259532,13.806781,11.91053,8.79626,EU EEA Common AQI,64.5,10.995326,12.453824,7200,9.214286,100,100,59.3,8.537143,Very Low,64.4,11.017025,100,1747012500,Very Low,9.528423,12.21,Very Low,13.253298,56.8,12.7,100,1747012500,10.671429
2025-05-12T01:29:08Z,236,29.885,70.1,62,60.5,2,2,29,86,0.0,255,32767,0.0,2127-15-31,0.0,0.16,26.24,0.0,0.0,0.0,0,4.828125,6,45,05:49,20:11,2025-05-12 01:29:08.598591,Città della Scienza,76.4,12.259532,13.806781,11.91053,8.79626,EU EEA Common AQI,64.5,10.995326,12.453824,7200,9.214286,100,100,59.3,8.537143,Very Low,64.4,11.017025,100,1747012500,Very Low,9.528423,12.21,Very Low,13.253298,56.8,12.7,100,1747012500,10.671429
2025-05-12T01:29:19Z,236,29.885,70.1,62,60.5,0,2,19,86,0.0,255,32767,0.0,2127-15-31,0.0,0.16,26.24,0.0,0.0,0.0,0,4.828125,6,45,05:49,20:11,2025-05-12 01:29:19.691606,Città della Scienza,76.4,12.259532,13.806781,11.91053,8.79626,EU EEA Common AQI,64.5,10.995326,12.453824,7200,9.214286,100,100,59.3,8.537143,Very Low,64.4,11.017025,100,1747012500,Very Low,9.528423,12.21,Very Low,13.253298,56.8,12.7,100,1747012500,10.671429
2025-05-12T01:29:31Z,236,29.885,70.1,62,60.5,2,2,36,86,0.0,255,32767,0.0,2127-15-31,0.0,0.16,26.24,0.0,0.0,0.0,0,4.828125,6,45,05:49,20:11,2025-05-12 01:29:30.824593,Città della Scienza,76.4,12.259532,13.806781,11.91053,8.79626,EU EEA Common AQI,64.5,10.995326,12.453824,7200,9.214286,100,100,59.3,8.537143,Very Low,64.4,11.017025,100,1747012500,Very Low,9.528423,12.21,Very Low,13.253298,56.8,12.7,100,1747012500,10.671429
2025-05-12T01:29:42Z,236,29.883,70.1,62,60.5,1,2,13,86,0.0,255,32767,0.0,2127-15-31,0.0,0.16,26.24,0.0,0.0,0.0,0,4.828125,6,45,05:49,20:11,2025-05-12 01:29:41.904593,Città della Scienza,76.4,12.259532,13.806781,11.91053,8.79626,EU EEA Common AQI,64.5,10.995326,12.453824,7200,9.214286,100,100,59.3,8.537143,Very Low,64.4,11.017025,100,1747012500,Very Low,9.528423,12.21,Very Low,13.253298,56.8,12.7,100,1747012500,10.671429
2025-05-12T01:29:53Z,236,29.883,70.1,62,60.5,2,2,29,86,0.0,255,32767,0.0,2127-15-31,0.0,0.16,26.24,0.0,0.0,0.0,0,4.828125,6,45,05:49,20:11,2025-05-12 01:29:52.955589,Città della Scienza,76.4,12.259532,13.806781,11.91053,8.79626,EU EEA Common AQI,64.5,10.995326,12.453824,7200,9.214286,100,100,59.3,8.537143,Very Low,64.4,11.017025,100,1747012500,Very Low,9.528423,12.21,Very Low,13.253298,56.8,12.7,100,1747012500,10.671429
2025-05-12T01:30:04Z,236,29.883,70.1,62,60.5,3,2,36,86,0.0,255,32767,0.0,2127-15-31,0.0,0.16,26.24,0.0,0.0,0.0,0,4.828125,6,45,05:49,20:11,2025-05-12 01:30:04.038553,Città della Scienza,76.4,12.259532,13.806781,11.91053,8.79626,EU EEA Common AQI,64.5,10.995326,12.453824,7200,9.214286,100,100,59.3,8.537143,Very Low,64.4,11.017025,100,1747012500,Very Low,9.528423,12.21,Very Low,13.253298,56.8,12.7,100,1747012500,10.671429
2025-05-12T01:30:15Z,236,29.883,70.1,62,60.5,2,2,36,86,0.0,255,32767,0.0,2127-15-31,0.0,0.16,26.24,0.0,0.0,0.0,0,4.828125,6,45,05:49,20:11,2025-05-12 01:30:15.188592,Città della Scienza,76.4,12.259532,13.806781,11.91053,8.79626,EU EEA Common AQI,64.5,10.995326,12.453824,7200,9.214286,100,100,59.3,8.537143,Very Low,64.4,11.017025,100,1747012500,Very Low,9.528423,12.21,Very Low,13.253298,56.8,12.7,100,1747012500,10.671429
2025-05-12T01:30:26Z,236,29.883,70.1,62,60.5,1,2,31,86,0.0,255,32767,0.0,2127-15-31,0.0,0.16,26.24,0.0,0.0,0.0,0,4.828125,6,45,05:49,20:11,2025-05-12 01:30:26.311602,Città della Scienza,76.8,12.595411,13.737737,12.026638,8.987127,EU EEA Common AQI,64.4,11.233911,12.391189,7200,11.414286,100,100,59.3,10.571428,Very Low,64.3,11.357343,100,1747013400,Very Low,9.62131,12.445589,Very Low,13.307896,56.8,14.085714,100,1747013400,13.214286
2025-05-12T01:30:37Z,236,29.882,70.1,62,60.6,2,2,29,86,0.0,255,32767,0.0,2127-15-31,0.0,0.16,26.24,0.0,0.0,0.0,0,4.828125,6,45,05:49,20:11,2025-05-12 01:30:37.412590,Città della Scienza,76.8,12.595411,13.737737,12.026638,8.987127,EU EEA Common AQI,64.4,11.233911,12.391189,7200,11.414286,100,100,59.3,10.571428,Very Low,64.3,11.357343,100,1747013400,Very Low,9.62131,12.445589,Very Low,13.307896,56.8,14.085714,100,1747013400,13.214286
2025-05-12T01:30:48Z,236,29.882,70.1,62,60.6,1,2,26,86,0.0,255,32767,0.0,2127-15-31,0.0,0.16,26.24,0.0,0.0,0.0,0,4.828125,6,45,05:49,20:11,2025-05-12 01:30:48.474398,Città della Scienza,76.8,12.595411,13.737737,12.026638,8.987127,EU EEA Common AQI,64.4,11.233911,12.391189,7200,11.414286,100,100,59.3,10.571428,Very Low,64.3,11.357343,100,1747013400,Very Low,9.62131,12.445589,Very Low,13.307896,56.8,14.085714,100,1747013400,13.214286
2025-05-12T01:30:59Z,236,29.882,70.1,62,60.6,3,2,12,86,0.0,255,32767,0.0,2127-15-31,0.0,0.16,26.24,0.0,0.0,0.0,0,4.828125,6,45,05:49,20:11,2025-05-12 01:30:59.545603,Città della Scienza,76.8,12.595411,13.737737,12.026638,8.987127,EU EEA Common AQI,64.4,11.233911,12.391189,7200,11.414286,100,100,59.3,10.571428,Very Low,64.3,11.357343,100,1747013400,Very Low,9.62131,12.445589,Very Low,13.307896,56.8,14.085714,100,1747013400,13.214286
2025-05-12T01:31:10Z,236,29.882,70.1,62,60.6,1,2,18,86,0.0,255,32767,0.0,2127-15-31,0.0,0.16,26.24,0.0,0.0,0.0,0,4.828125,6,45,05:49,20:11,2025-05-12 01:31:10.610597,Città della Scienza,76.8,12.595411,13.737737,12.026638,8.987127,EU EEA Common AQI,64.4,11.233911,12.391189,7200,11.414286,100,100,59.3,10.571428,Very Low,64.3,11.357343,100,1747013400,Very Low,9.62131,12.445589,Very Low,13.307896,56.8,14.085714,100,1747013400,13.214286
2025-05-12T01:31:21Z,236,29.882,70.1,62,60.6,0,2,5,86,0.0,255,32767,0.0,2127-15-31,0.0,0.16,26.24,0.0,0.0,0.0,0,4.828125,6,45,05:49,20:11,2025-05-12 01:31:21.679603,Città della Scienza,76.8,12.595411,13.737737,12.026638,8.987127,EU EEA Common AQI,64.4,11.233911,12.391189,7200,11.414286,100,100,59.3,10.571428,Very Low,64.3,11.357343,100,1747013400,Very Low,9.62131,12.445589,Very Low,13.307896,56.8,14.085714,100,1747013400,13.214286
2025-05-12T01:31:33Z,236,29.885,70.1,62,60.6,1,2,21,86,0.0,255,32767,0.0,2127-15-31,0.0,0.16,26.24,0.0,0.0,0.0,0,4.828125,6,45,05:49,20:11,2025-05-12 01:31:32.805587,Città della Scienza,76.8,12.595411,13.737737,12.026638,8.987127,EU EEA Common AQI,64.4,11.233911,12.391189,7200,11.414286,100,100,59.3,10.571428,Very Low,64.3,11.357343,100,1747013400,Very Low,9.62131,12.445589,Very Low,13.307896,56.8,14.085714,100,1747013400,13.214286
2025-05-12T01:31:44Z,236,29.885,70.1,62,60.6,1,2,16,86,0.0,255,32767,0.0,2127-15-31,0.0,0.16,26.24,0.0,0.0,0.0,0,4.828125,6,45,05:49,20:11,2025-05-12 01:31:43.912593,Città della Scienza,76.8,12.595411,13.737737,12.026638,8.987127,EU EEA Common AQI,64.4,11.233911,12.391189,7200,11.414286,100,100,59.3,10.571428,Very Low,64.3,11.357343,100,1747013400,Very Low,9.62131,12.445589,Very Low,13.307896,56.8,14.085714,100,1747013400,13.214286
2025-05-12T01:31:55Z,236,29.885,70.1,62,60.7,1,2,29,86,0.0,255,32767,0.0,2127-15-31,0.0,0.16,26.24,0.0,0.0,0.0,0,4.828125,6,45,05:49,20:11,2025-05-12 01:31:54.987592,Città della Scienza,76.8,12.595411,13.737737,12.026638,8.987127,EU EEA Common AQI,64.4,11.233911,12.391189,7200,11.414286,100,100,59.3,10.571428,Very Low,64.3,11.357343,100,1747013400,Very Low,9.62131,12.445589,Very Low,13.307896,56.8,14.085714,100,1747013400,13.214286
2025-05-12T01:32:06Z,236,29.885,70.1,62,60.7,2,2,30,86,0.0,255,32767,0.0,2127-15-31,0.0,0.16,26.24,0.0,0.0,0.0,0,4.828125,6,45,05:49,20:11,2025-05-12 01:32:06.084586,Città della Scienza,76.8,12.595411,13.737737,12.026638,8.987127,EU EEA Common AQI,64.4,11.233911,12.391189,7200,11.414286,100,100,59.3,10.571428,Very Low,64.3,11.357343,100,1747013400,Very Low,9.62131,12.445589,Very Low,13.307896,56.8,14.085714,100,1747013400,13.214286
2025-05-12T01:32:17Z,236,29.885,70.1,62,60.7,2,2,11,86,0.0,255,32767,0.0,2127-15-31,0.0,0.16,26.24,0.0,0.0,0.0,0,4.828125,6,45,05:49,20:11,2025-05-12 01:32:17.208597,Città della Scienza,76.8,12.595411,13.737737,12.026638,8.987127,EU EEA Common AQI,64.4,11.233911,12.391189,7200,11.414286,100,100,59.3,10.571428,Very Low,64.3,11.357343,100,1747013400,Very Low,9.62131,12.445589,Very Low,13.307896,56.8,14.085714,100,1747013400,13.214286
2025-05-12T01:32:28Z,236,29.885,70.1,62,60.7,1,2,20,86,0.0,255,32767,0.0,2127-15-31,0.0,0.16,26.24,0.0,0.0,0.0,0,4.828125,6,45,05:49,20:11,2025-05-12 01:32:28.310591,Città della Scienza,76.8,12.595411,13.737737,12.026638,8.987127,EU EEA Common AQI,64.4,11.233911,12.391189,7200,11.414286,100,100,59.3,10.571428,Very Low,64.3,11.357343,100,1747013400,Very Low,9.62131,12.445589,Very Low,13.307896,56.8,14.085714,100,1747013400,13.214286
2025-05-12T01:32:39Z,236,29.883,70.1,62,60.7,1,2,26,86,0.0,255,32767,0.0,2127-15-31,0.0,0.16,26.24,0.0,0.0,0.0,0,4.828125,6,45,05:49,20:11,2025-05-12 01:32:39.362589,Città della Scienza,76.8,12.595411,13.737737,12.026638,8.987127,EU EEA Common AQI,64.4,11.233911,12.391189,7200,11.414286,100,100,59.3,10.571428,Very Low,64.3,11.357343,100,1747013400,Very Low,9.62131,12.445589,Very Low,13.307896,56.8,14.085714,100,1747013400,13.214286
2025-05-12T01:32:50Z,236,29.883,70.1,62,60.7,1,2,29,86,0.0,255,32767,0.0,2127-15-31,0.0,0.16,26.24,0.0,0.0,0.0,0,4.828125,6,45,05:49,20:11,2025-05-12 01:32:50.416587,Città della Scienza,76.8,12.595411,13.737737,12.026638,8.987127,EU EEA Common AQI,64.4,11.233911,12.391189,7200,11.414286,100,100,59.3,10.571428,Very Low,64.3,11.357343,100,1747013400,Very Low,9.62131,12.445589,Very Low,13.307896,56.8,14.085714,100,1747013400,13.214286
2025-05-12T01:33:01Z,236,29.883,70.1,62,60.7,1,2,29,86,0.0,255,32767,0.0,2127-15-31,0.0,0.16,26.24,0.0,0.0,0.0,0,4.828125,6,45,05:49,20:11,2025-05-12 01:33:01.461594,Città della Scienza,76.8,12.595411,13.737737,12.026638,8.987127,EU EEA Common AQI,64.4,11.233911,12.391189,7200,11.414286,100,100,59.3,10.571428,Very Low,64.3,11.357343,100,1747013400,Very Low,9.62131,12.445589,Very Low,13.307896,56.8,14.085714,100,1747013400,13.214286
2025-05-12T01:33:12Z,236,29.883,70.1,62,60.7,2,2,29,86,0.0,255,32767,0.0,2127-15-31,0.0,0.16,26.24,0.0,0.0,0.0,0,4.828125,6,45,05:49,20:11,2025-05-12 01:33:12.527589,Città della Scienza,76.8,12.595411,13.737737,12.026638,8.987127,EU EEA Common AQI,64.4,11.233911,12.391189,7200,11.414286,100,100,59.3,10.571428,Very Low,64.3,11.357343,100,1747013400,Very Low,9.62131,12.445589,Very Low,13.307896,56.8,14.085714,100,1747013400,13.214286
2025-05-12T01:33:23Z,236,29.883,70.1,62,60.7,1,2,29,86,0.0,255,32767,0.0,2127-15-31,0.0,0.16,26.24,0.0,0.0,0.0,0,4.828125,6,45,05:49,20:11,2025-05-12 01:33:23.645591,Città della Scienza,76.8,12.595411,13.737737,12.026638,8.987127,EU EEA Common AQI,64.4,11.233911,12.391189,7200,11.414286,100,100,59.3,10.571428,Very Low,64.3,11.357343,100,1747013400,Very Low,9.62131,12.445589,Very Low,13.307896,56.8,14.085714,100,1747013400,13.214286
2025-05-12T01:33:34Z,236,29.881,70.1,62,60.7,1,2,29,86,0.0,255,32767,0.0,2127-15-31,0.0,0.16,26.24,0.0,0.0,0.0,0,4.828125,6,45,05:49,20:11,2025-05-12 01:33:34.737618,Città della Scienza,76.8,12.595411,13.737737,12.026638,8.987127,EU EEA Common AQI,64.4,11.233911,12.391189,7200,11.414286,100,100,59.3,10.571428,Very Low,64.3,11.357343,100,1747013400,Very Low,9.62131,12.445589,Very Low,13.307896,56.8,14.085714,100,1747013400,13.214286
2025-05-12T01:33:46Z,236,29.881,70.1,62,60.7,1,2,29,86,0.0,255,32767,0.0,2127-15-31,0.0,0.16,26.24,0.0,0.0,0.0,0,4.828125,6,45,05:49,20:11,2025-05-12 01:33:45.817592,Città della Scienza,76.8,12.595411,13.737737,12.026638,8.987127,EU EEA Common AQI,64.4,11.233911,12.391189,7200,11.414286,100,100,59.3,10.571428,Very Low,64.3,11.357343,100,1747013400,Very Low,9.62131,12.445589,Very Low,13.307896,56.8,14.085714,100,1747013400,13.214286
2025-05-12T01:33:57Z,236,29.881,70.1,62,60.7,2,2,29,86,0.0,255,32767,0.0,2127-15-31,0.0,0.16,26.24,0.0,0.0,0.0,0,4.828125,6,45,05:49,20:11,2025-05-12 01:33:56.888556,Città della Scienza,76.8,12.595411,13.737737,12.026638,8.987127,EU EEA Common AQI,64.4,11.233911,12.391189,7200,11.414286,100,100,59.3,10.571428,Very Low,64.3,11.357343,100,1747013400,Very Low,9.62131,12.445589,Very Low,13.307896,56.8,14.085714,100,1747013400,13.214286
2025-05-12T01:34:08Z,236,29.881,70.1,62,60.8,3,2,31,86,0.0,255,32767,0.0,2127-15-31,0.0,0.16,26.24,0.0,0.0,0.0,0,4.828125,6,45,05:49,20:11,2025-05-12 01:34:08.064591,Città della Scienza,76.8,12.595411,13.737737,12.026638,8.987127,EU EEA Common AQI,64.4,11.233911,12.391189,7200,11.414286,100,100,59.3,10.571428,Very Low,64.3,11.357343,100,1747013400,Very Low,9.62131,12.445589,Very Low,13.307896,56.8,14.085714,100,1747013400,13.214286
2025-05-12T01:34:19Z,236,29.881,70.1,62,60.8,1,2,33,86,0.0,255,32767,0.0,2127-15-31,0.0,0.16,26.24,0.0,0.0,0.0,0,4.828125,6,45,05:49,20:11,2025-05-12 01:34:19.127558,Città della Scienza,76.8,12.595411,13.737737,12.026638,8.987127,EU EEA Common AQI,64.4,11.233911,12.391189,7200,11.414286,100,100,59.3,10.571428,Very Low,64.3,11.357343,100,1747013400,Very Low,9.62131,12.445589,Very Low,13.307896,56.8,14.085714,100,1747013400,13.214286
2025-05-12T01:34:30Z,236,29.881,70.1,62,60.8,1,2,33,86,0.0,255,32767,0.0,2127-15-31,0.0,0.16,26.24,0.0,0.0,0.0,0,4.828125,6,45,05:49,20:11,2025-05-12 01:34:30.191592,Città della Scienza,76.8,12.595411,13.737737,12.026638,8.987127,EU EEA Common AQI,64.4,11.233911,12.391189,7200,11.414286,100,100,59.3,10.571428,Very Low,64.3,11.357343,100,1747013400,Very Low,9.62131,12.445589,Very Low,13.307896,56.8,14.085714,100,1747013400,13.214286
2025-05-12T01:34:41Z,236,29.882,70.1,62,60.8,1,2,26,86,0.0,255,32767,0.0,2127-15-31,0.0,0.16,26.24,0.0,0.0,0.0,0,4.828125,6,45,05:49,20:11,2025-05-12 01:34:41.301602,Città della Scienza,76.8,12.595411,13.737737,12.026638,8.987127,EU EEA Common AQI,64.4,11.233911,12.391189,7200,11.414286,100,100,59.3,10.571428,Very Low,64.3,11.357343,100,1747013400,Very Low,9.62131,12.445589,Very Low,13.307896,56.8,14.085714,100,1747013400,13.214286
2025-05-12T01:34:52Z,236,29.882,70.1,62,60.8,1,2,36,86,0.0,255,32767,0.0,2127-15-31,0.0,0.16,26.24,0.0,0.0,0.0,0,4.828125,6,45,05:49,20:11,2025-05-12 01:34:52.406597,Città della Scienza,76.8,12.595411,13.737737,12.026638,8.987127,EU EEA Common AQI,64.4,11.233911,12.391189,7200,11.414286,100,100,59.3,10.571428,Very Low,64.3,11.357343,100,1747013400,Very Low,9.62131,12.445589,Very Low,13.307896,56.8,14.085714,100,1747013400,13.214286
2025-05-12T01:35:03Z,236,29.882,70.1,62,60.8,0,2,36,86,0.0,255,32767,0.0,2127-15-31,0.0,0.16,26.24,0.0,0.0,0.0,0,4.828125,6,45,05:49,20:11,2025-05-12 01:35:03.523594,Città della Scienza,76.8,12.595411,13.737737,12.026638,8.987127,EU EEA Common AQI,64.4,11.233911,12.391189,7200,11.414286,100,100,59.3,10.571428,Very Low,64.3,11.357343,100,1747013400,Very Low,9.62131,12.445589,Very Low,13.307896,56.8,14.085714,100,1747013400,13.214286
2025-05-12T01:35:14Z,236,29.882,70.1,62,60.8,1,2,36,86,0.0,255,32767,0.0,2127-15-31,0.0,0.16,26.24,0.0,0.0,0.0,0,4.828125,6,45,05:49,20:11,2025-05-12 01:35:14.577587,Città della Scienza,76.8,12.595411,13.737737,12.026638,8.987127,EU EEA Common AQI,64.4,11.233911,12.391189,7200,11.414286,100,100,59.3,10.571428,Very Low,64.3,11.357343,100,1747013400,Very Low,9.62131,12.445589,Very Low,13.307896,56.8,14.085714,100,1747013400,13.214286
2025-05-12T01:35:25Z,236,29.882,70.1,62,60.8,1,2,5,86,0.0,255,32767,0.0,2127-15-31,0.0,0.16,26.24,0.0,0.0,0.0,0,4.828125,6,45,05:49,20:11,2025-05-12 01:35:25.666599,Città della Scienza,76.8,12.595411,13.737737,12.026638,8.987127,EU EEA Common AQI,64.4,11.233911,12.391189,7200,11.414286,100,100,59.3,10.571428,Very Low,64.3,11.357343,100,1747013400,Very Low,9.62131,12.445589,Very Low,13.307896,56.8,14.085714,100,1747013400,13.214286
2025-05-12T01:35:36Z,236,29.881,70.1,62,60.8,2,1,13,86,0.0,255,32767,0.0,2127-15-31,0.0,0.16,26.24,0.0,0.0,0.0,0,4.828125,6,45,05:49,20:11,2025-05-12 01:35:36.733596,Città della Scienza,76.8,12.595411,13.737737,12.026638,8.987127,EU EEA Common AQI,64.4,11.233911,12.391189,7200,11.414286,100,100,59.3,10.571428,Very Low,64.3,11.357343,100,1747013400,Very Low,9.62131,12.445589,Very Low,13.307896,56.8,14.085714,100,1747013400,13.214286
2025-05-12T01:35:48Z,236,29.881,70.1,62,60.8,2,1,24,86,0.0,255,32767,0.0,2127-15-31,0.0,0.16,26.24,0.0,0.0,0.0,0,4.828125,6,45,05:49,20:11,2025-05-12 01:35:47.853592,Città della Scienza,76.8,12.595411,13.737737,12.026638,8.987127,EU EEA Common AQI,64.4,11.233911,12.391189,7200,11.414286,100,100,59.3,10.571428,Very Low,64.3,11.357343,100,1747013400,Very Low,9.62131,12.445589,Very Low,13.307896,56.8,14.085714,100,1747013400,13.214286
2025-05-12T01:35:59Z,236,29.881,70.1,62,60.8,2,1,24,86,0.0,255,32767,0.0,2127-15-31,0.0,0.16,26.24,0.0,0.0,0.0,0,4.828125,6,45,05:49,20:11,2025-05-12 01:35:58.946610,Città della Scienza,76.8,12.595411,13.737737,12.026638,8.987127,EU EEA Common AQI,64.4,11.233911,12.391189,7200,11.414286,100,100,59.3,10.571428,Very Low,64.3,11.357343,100,1747013400,Very Low,9.62131,12.445589,Very Low,13.307896,56.8,14.085714,100,1747013400,13.214286
2025-05-12T01:36:10Z,236,29.881,70.1,62,60.8,1,1,26,86,0.0,255,32767,0.0,2127-15-31,0.0,0.16,26.24,0.0,0.0,0.0,0,4.828125,6,45,05:49,20:11,2025-05-12 01:36:10.017554,Città della Scienza,76.8,12.595411,13.737737,12.026638,8.987127,EU EEA Common AQI,64.4,11.233911,12.391189,7200,11.414286,100,100,59.3,10.571428,Very Low,64.3,11.357343,100,1747013400,Very Low,9.62131,12.445589,Very Low,13.307896,56.8,14.085714,100,1747013400,13.214286
2025-05-12T01:36:21Z,236,29.881,70.1,62,60.8,1,1,24,86,0.0,255,32767,0.0,2127-15-31,0.0,0.16,26.24,0.0,0.0,0.0,0,4.828125,6,45,05:49,20:11,2025-05-12 01:36:21.118583,Città della Scienza,76.8,12.595411,13.737737,12.026638,8.987127,EU EEA Common AQI,64.4,11.233911,12.391189,7200,11.414286,100,100,59.3,10.571428,Very Low,64.3,11.357343,100,1747013400,Very Low,9.62131,12.445589,Very Low,13.307896,56.8,14.085714,100,1747013400,13.214286
2025-05-12T01:36:32Z,236,29.881,70.1,62,60.9,2,1,27,86,0.0,255,32767,0.0,2127-15-31,0.0,0.16,26.24,0.0,0.0,0.0,0,4.828125,6,45,05:49,20:11,2025-05-12 01:36:32.196595,Città della Scienza,76.8,12.595411,13.737737,12.026638,8.987127,EU EEA Common AQI,64.4,11.233911,12.391189,7200,11.414286,100,100,59.3,10.571428,Very Low,64.3,11.357343,100,1747013400,Very Low,9.62131,12.445589,Very Low,13.307896,56.8,14.085714,100,1747013400,13.214286
2025-05-12T01:36:43Z,236,29.881,70.1,62,60.9,1,1,29,86,0.0,255,32767,0.0,2127-15-31,0.0,0.16,26.24,0.0,0.0,0.0,0,4.828125,6,45,05:49,20:11,2025-05-12 01:36:43.228591,Città della Scienza,76.8,12.595411,13.737737,12.026638,8.987127,EU EEA Common AQI,64.4,11.233911,12.391189,7200,11.414286,100,100,59.3,10.571428,Very Low,64.3,11.357343,100,1747013400,Very Low,9.62131,12.445589,Very Low,13.307896,56.8,14.085714,100,1747013400,13.214286
2025-05-12T01:36:54Z,236,29.881,70.1,62,60.9,1,1,29,86,0.0,255,32767,0.0,2127-15-31,0.0,0.16,26.24,0.0,0.0,0.0,0,4.828125,6,45,05:49,20:11,2025-05-12 01:36:54.352562,Città della Scienza,76.8,12.595411,13.737737,12.026638,8.987127,EU EEA Common AQI,64.4,11.233911,12.391189,7200,11.414286,100,100,59.3,10.571428,Very Low,64.3,11.357343,100,1747013400,Very Low,9.62131,12.445589,Very Low,13.307896,56.8,14.085714,100,1747013400,13.214286
2025-05-12T01:37:05Z,236,29.881,70.1,62,60.9,1,1,5,86,0.0,255,32767,0.0,2127-15-31,0.0,0.16,26.24,0.0,0.0,0.0,0,4.828125,6,45,05:49,20:11,2025-05-12 01:37:05.415590,Città della Scienza,76.8,12.595411,13.737737,12.026638,8.987127,EU EEA Common AQI,64.4,11.233911,12.391189,7200,11.414286,100,100,59.3,10.571428,Very Low,64.3,11.357343,100,1747013400,Very Low,9.62131,12.445589,Very Low,13.307896,56.8,14.085714,100,1747013400,13.214286
2025-05-12T01:37:16Z,236,29.881,70.1,62,60.9,1,1,9,86,0.0,255,32767,0.0,2127-15-31,0.0,0.16,26.24,0.0,0.0,0.0,0,4.828125,6,45,05:49,20:11,2025-05-12 01:37:16.510592,Città della Scienza,76.8,12.595411,13.737737,12.026638,8.987127,EU EEA Common AQI,64.4,11.233911,12.391189,7200,11.414286,100,100,59.3,10.571428,Very Low,64.3,11.357343,100,1747013400,Very Low,9.62131,12.445589,Very Low,13.307896,56.8,14.085714,100,1747013400,13.214286
2025-05-12T01:37:27Z,236,29.881,70.1,62,60.9,1,1,11,86,0.0,255,32767,0.0,2127-15-31,0.0,0.16,26.24,0.0,0.0,0.0,0,4.828125,6,45,05:49,20:11,2025-05-12 01:37:27.581610,Città della Scienza,76.8,12.595411,13.737737,12.026638,8.987127,EU EEA Common AQI,64.4,11.233911,12.391189,7200,11.414286,100,100,59.3,10.571428,Very Low,64.3,11.357343,100,1747013400,Very Low,9.62131,12.445589,Very Low,13.307896,56.8,14.085714,100,1747013400,13.214286
2025-05-12T01:37:38Z,236,29.883,70.1,62,60.9,0,1,5,86,0.0,255,32767,0.0,2127-15-31,0.0,0.16,26.24,0.0,0.0,0.0,0,4.828125,6,45,05:49,20:11,2025-05-12 01:37:38.695589,Città della Scienza,76.8,12.595411,13.737737,12.026638,8.987127,EU EEA Common AQI,64.4,11.233911,12.391189,7200,11.414286,100,100,59.3,10.571428,Very Low,64.3,11.357343,100,1747013400,Very Low,9.62131,12.445589,Very Low,13.307896,56.8,14.085714,100,1747013400,13.214286
2025-05-12T01:37:49Z,236,29.883,70.1,62,60.9,1,1,48,86,0.0,255,32767,0.0,2127-15-31,0.0,0.16,26.24,0.0,0.0,0.0,0,4.828125,6,45,05:49,20:11,2025-05-12 01:37:49.766594,Città della Scienza,76.8,12.595411,13.737737,12.026638,8.987127,EU EEA Common AQI,64.4,11.233911,12.391189,7200,11.414286,100,100,59.3,10.571428,Very Low,64.3,11.357343,100,1747013400,Very Low,9.62131,12.445589,Very Low,13.307896,56.8,14.085714,100,1747013400,13.214286
2025-05-12T01:38:01Z,236,29.883,70.1,62,60.9,0,1,36,86,0.0,255,32767,0.0,2127-15-31,0.0,0.16,26.24,0.0,0.0,0.0,0,4.828125,6,45,05:49,20:11,2025-05-12 01:38:00.888597,Città della Scienza,76.8,12.595411,13.737737,12.026638,8.987127,EU EEA Common AQI,64.4,11.233911,12.391189,7200,11.414286,100,100,59.3,10.571428,Very Low,64.3,11.357343,100,1747013400,Very Low,9.62131,12.445589,Very Low,13.307896,56.8,14.085714,100,1747013400,13.214286
2025-05-12T01:38:12Z,236,29.883,70.1,62,60.9,1,1,30,86,0.0,255,32767,0.0,2127-15-31,0.0,0.16,26.24,0.0,0.0,0.0,0,4.828125,6,45,05:49,20:11,2025-05-12 01:38:11.934589,Città della Scienza,76.8,12.595411,13.737737,12.026638,8.987127,EU EEA Common AQI,64.4,11.233911,12.391189,7200,11.414286,100,100,59.3,10.571428,Very Low,64.3,11.357343,100,1747013400,Very Low,9.62131,12.445589,Very Low,13.307896,56.8,14.085714,100,1747013400,13.214286
2025-05-12T01:38:23Z,236,29.883,70.1,62,60.9,0,1,5,86,0.0,255,32767,0.0,2127-15-31,0.0,0.16,26.24,0.0,0.0,0.0,0,4.828125,6,45,05:49,20:11,2025-05-12 01:38:23.031582,Città della Scienza,76.8,12.595411,13.737737,12.026638,8.987127,EU EEA Common AQI,64.4,11.233911,12.391189,7200,11.414286,100,100,59.3,10.571428,Very Low,64.3,11.357343,100,1747013400,Very Low,9.62131,12.445589,Very Low,13.307896,56.8,14.085714,100,1747013400,13.214286
2025-05-12T01:38:34Z,236,29.883,70.1,62,60.9,1,1,5,86,0.0,255,32767,0.0,2127-15-31,0.0,0.16,26.24,0.0,0.0,0.0,0,4.828125,6,45,05:49,20:11,2025-05-12 01:38:34.164592,Città della Scienza,76.8,12.595411,13.737737,12.026638,8.987127,EU EEA Common AQI,64.4,11.233911,12.391189,7200,11.414286,100,100,59.3,10.571428,Very Low,64.3,11.357343,100,1747013400,Very Low,9.62131,12.445589,Very Low,13.307896,56.8,14.085714,100,1747013400,13.214286
2025-05-12T01:38:45Z,236,29.883,70.1,62,60.9,1,1,38,86,0.0,255,32767,0.0,2127-15-31,0.0,0.16,26.24,0.0,0.0,0.0,0,4.828125,6,45,05:49,20:11,2025-05-12 01:38:45.244591,Città della Scienza,76.8,12.595411,13.737737,12.026638,8.987127,EU EEA Common AQI,64.4,11.233911,12.391189,7200,11.414286,100,100,59.3,10.571428,Very Low,64.3,11.357343,100,1747013400,Very Low,9.62131,12.445589,Very Low,13.307896,56.8,14.085714,100,1747013400,13.214286
2025-05-12T01:38:56Z,236,29.883,70.1,62,60.9,1,1,37,86,0.0,255,32767,0.0,2127-15-31,0.0,0.16,26.24,0.0,0.0,0.0,0,4.828125,6,45,05:49,20:11,2025-05-12 01:38:56.317590,Città della Scienza,76.8,12.595411,13.737737,12.026638,8.987127,EU EEA Common AQI,64.4,11.233911,12.391189,7200,11.414286,100,100,59.3,10.571428,Very Low,64.3,11.357343,100,1747013400,Very Low,9.62131,12.445589,Very Low,13.307896,56.8,14.085714,100,1747013400,13.214286
2025-05-12T01:39:07Z,236,29.883,70.1,62,61.0,1,1,33,86,0.0,255,32767,0.0,2127-15-31,0.0,0.16,26.24,0.0,0.0,0.0,0,4.828125,6,45,05:49,20:11,2025-05-12 01:39:07.399594,Città della Scienza,76.8,12.595411,13.737737,12.026638,8.987127,EU EEA Common AQI,64.4,11.233911,12.391189,7200,11.414286,100,100,59.3,10.571428,Very Low,64.3,11.357343,100,1747013400,Very Low,9.62131,12.445589,Very Low,13.307896,56.8,14.085714,100,1747013400,13.214286
2025-05-12T01:39:18Z,236,29.883,70.1,62,60.9,0,1,33,86,0.0,255,32767,0.0,2127-15-31,0.0,0.16,26.24,0.0,0.0,0.0,0,4.828125,6,45,05:49,20:11,2025-05-12 01:39:18.453589,Città della Scienza,76.8,12.595411,13.737737,12.026638,8.987127,EU EEA Common AQI,64.4,11.233911,12.391189,7200,11.414286,100,100,59.3,10.571428,Very Low,64.3,11.357343,100,1747013400,Very Low,9.62131,12.445589,Very Low,13.307896,56.8,14.085714,100,1747013400,13.214286
2025-05-12T01:39:29Z,236,29.883,70.1,62,61.0,1,1,38,86,0.0,255,32767,0.0,2127-15-31,0.0,0.16,26.24,0.0,0.0,0.0,0,4.828125,6,45,05:49,20:11,2025-05-12 01:39:29.530593,Città della Scienza,76.8,12.595411,13.737737,12.026638,8.987127,EU EEA Common AQI,64.4,11.233911,12.391189,7200,11.414286,100,100,59.3,10.571428,Very Low,64.3,11.357343,100,1747013400,Very Low,9.62131,12.445589,Very Low,13.307896,56.8,14.085714,100,1747013400,13.214286
2025-05-12T01:39:40Z,236,29.883,70.1,62,61.0,1,1,21,86,0.0,255,32767,0.0,2127-15-31,0.0,0.16,26.24,0.0,0.0,0.0,0,4.828125,6,45,05:49,20:11,2025-05-12 01:39:40.649600,Città della Scienza,76.8,12.595411,13.737737,12.026638,8.987127,EU EEA Common AQI,64.4,11.233911,12.391189,7200,11.414286,100,100,59.3,10.571428,Very Low,64.3,11.357343,100,1747013400,Very Low,9.62131,12.445589,Very Low,13.307896,56.8,14.085714,100,1747013400,13.214286
2025-05-12T01:39:51Z,236,29.883,70.1,62,60.9,1,1,25,86,0.0,255,32767,0.0,2127-15-31,0.0,0.16,26.24,0.0,0.0,0.0,0,4.828125,6,45,05:49,20:11,2025-05-12 01:39:51.723004,Città della Scienza,76.8,12.595411,13.737737,12.026638,8.987127,EU EEA Common AQI,64.4,11.233911,12.391189,7200,11.414286,100,100,59.3,10.571428,Very Low,64.3,11.357343,100,1747013400,Very Low,9.62131,12.445589,Very Low,13.307896,56.8,14.085714,100,1747013400,13.214286
2025-05-12T01:40:03Z,236,29.883,70.1,62,60.9,1,1,29,86,0.0,255,32767,0.0,2127-15-31,0.0,0.16,26.24,0.0,0.0,0.0,0,4.828125,6,45,05:49,20:11,2025-05-12 01:40:02.814594,Città della Scienza,76.8,12.595411,13.737737,12.026638,8.987127,EU EEA Common AQI,64.4,11.233911,12.391189,7200,11.414286,100,100,59.3,10.571428,Very Low,64.3,11.357343,100,1747013400,Very Low,9.62131,12.445589,Very Low,13.307896,56.8,14.085714,100,1747013400,13.214286
2025-05-12T01:40:14Z,236,29.883,70.1,62,60.9,3,1,29,86,0.0,255,32767,0.0,2127-15-31,0.0,0.16,26.24,0.0,0.0,0.0,0,4.828125,6,45,05:49,20:11,2025-05-12 01:40:13.869595,Città della Scienza,76.8,12.595411,13.737737,12.026638,8.987127,EU EEA Common AQI,64.4,11.233911,12.391189,7200,11.414286,100,100,59.3,10.571428,Very Low,64.3,11.357343,100,1747013400,Very Low,9.62131,12.445589,Very Low,13.307896,56.8,14.085714,100,1747013400,13.214286
2025-05-12T01:40:25Z,236,29.883,70.1,62,61.0,3,1,29,86,0.0,255,32767,0.0,2127-15-31,0.0,0.16,26.24,0.0,0.0,0.0,0,4.828125,6,45,05:49,20:11,2025-05-12 01:40:24.929604,Città della Scienza,76.8,12.595411,13.737737,12.026638,8.987127,EU EEA Common AQI,64.4,11.233911,12.391189,7200,11.414286,100,100,59.3,10.571428,Very Low,64.3,11.357343,100,1747013400,Very Low,9.62131,12.445589,Very Low,13.307896,56.8,14.085714,100,1747013400,13.214286
2025-05-12T01:40:36Z,236,29.881,70.1,62,61.0,3,1,29,86,0.0,255,32767,0.0,2127-15-31,0.0,0.16,26.24,0.0,0.0,0.0,0,4.828125,6,45,05:49,20:11,2025-05-12 01:40:36.024587,Città della Scienza,76.8,12.595411,13.737737,12.026638,8.987127,EU EEA Common AQI,64.4,11.233911,12.391189,7200,11.414286,100,100,59.3,10.571428,Very Low,64.3,11.357343,100,1747013400,Very Low,9.62131,12.445589,Very Low,13.307896,56.8,14.085714,100,1747013400,13.214286
2025-05-12T01:40:47Z,236,29.881,70.1,62,61.0,3,1,30,86,0.0,255,32767,0.0,2127-15-31,0.0,0.16,26.24,0.0,0.0,0.0,0,4.828125,6,45,05:49,20:11,2025-05-12 01:40:47.105624,Città della Scienza,76.8,12.595411,13.737737,12.026638,8.987127,EU EEA Common AQI,64.4,11.233911,12.391189,7200,11.414286,100,100,59.3,10.571428,Very Low,64.3,11.357343,100,1747013400,Very Low,9.62131,12.445589,Very Low,13.307896,56.8,14.085714,100,1747013400,13.214286
2025-05-12T01:40:58Z,236,29.881,70.1,62,61.0,2,1,30,86,0.0,255,32767,0.0,2127-15-31,0.0,0.16,26.24,0.0,0.0,0.0,0,4.828125,6,45,05:49,20:11,2025-05-12 01:40:58.171594,Città della Scienza,76.8,12.595411,13.737737,12.026638,8.987127,EU EEA Common AQI,64.4,11.233911,12.391189,7200,11.414286,100,100,59.3,10.571428,Very Low,64.3,11.357343,100,1747013400,Very Low,9.62131,12.445589,Very Low,13.307896,56.8,14.085714,100,1747013400,13.214286
2025-05-12T01:41:09Z,236,29.881,70.1,62,61.0,0,1,30,86,0.0,255,32767,0.0,2127-15-31,0.0,0.16,26.24,0.0,0.0,0.0,0,4.828125,6,45,05:49,20:11,2025-05-12 01:41:09.248590,Città della Scienza,76.8,12.595411,13.737737,12.026638,8.987127,EU EEA Common AQI,64.4,11.233911,12.391189,7200,11.414286,100,100,59.3,10.571428,Very Low,64.3,11.357343,100,1747013400,Very Low,9.62131,12.445589,Very Low,13.307896,56.8,14.085714,100,1747013400,13.214286
2025-05-12T01:41:20Z,236,29.881,70.1,62,61.0,1,1,30,86,0.0,255,32767,0.0,2127-15-31,0.0,0.16,26.24,0.0,0.0,0.0,0,4.828125,6,45,05:49,20:11,2025-05-12 01:41:20.302595,Città della Scienza,76.8,12.595411,13.737737,12.026638,8.987127,EU EEA Common AQI,64.4,11.233911,12.391189,7200,11.414286,100,100,59.3,10.571428,Very Low,64.3,11.357343,100,1747013400,Very Low,9.62131,12.445589,Very Low,13.307896,56.8,14.085714,100,1747013400,13.214286
2025-05-12T01:41:31Z,236,29.881,70.1,62,61.0,2,1,30,85,0.0,255,32767,0.0,2127-15-31,0.0,0.16,26.24,0.0,0.0,0.0,0,4.828125,6,45,05:49,20:11,2025-05-12 01:41:31.523594,Città della Scienza,76.8,12.595411,13.737737,12.026638,8.987127,EU EEA Common AQI,64.4,11.233911,12.391189,7200,11.414286,100,100,59.3,10.571428,Very Low,64.3,11.357343,100,1747013400,Very Low,9.62131,12.445589,Very Low,13.307896,56.8,14.085714,100,1747013400,13.214286
2025-05-12T01:41:42Z,236,29.881,70.1,62,61.0,1,1,30,85,0.0,255,32767,0.0,2127-15-31,0.0,0.16,26.24,0.0,0.0,0.0,0,4.828125,6,45,05:49,20:11,2025-05-12 01:41:42.607598,Città della Scienza,76.8,12.595411,13.737737,12.026638,8.987127,EU EEA Common AQI,64.4,11.233911,12.391189,7200,11.414286,100,100,59.3,10.571428,Very Low,64.3,11.357343,100,1747013400,Very Low,9.62131,12.445589,Very Low,13.307896,56.8,14.085714,100,1747013400,13.214286
2025-05-12T01:41:53Z,236,29.881,70.1,62,61.1,2,1,20,85,0.0,255,32767,0.0,2127-15-31,0.0,0.16,26.24,0.0,0.0,0.0,0,4.828125,6,45,05:49,20:11,2025-05-12 01:41:53.661593,Città della Scienza,76.8,12.595411,13.737737,12.026638,8.987127,EU EEA Common AQI,64.4,11.233911,12.391189,7200,11.414286,100,100,59.3,10.571428,Very Low,64.3,11.357343,100,1747013400,Very Low,9.62131,12.445589,Very Low,13.307896,56.8,14.085714,100,1747013400,13.214286
2025-05-12T01:42:04Z,236,29.881,70.1,62,61.1,2,1,48,85,0.0,255,32767,0.0,2127-15-31,0.0,0.16,26.24,0.0,0.0,0.0,0,4.828125,6,45,05:49,20:11,2025-05-12 01:42:04.726592,Città della Scienza,76.8,12.595411,13.737737,12.026638,8.987127,EU EEA Common AQI,64.4,11.233911,12.391189,7200,11.414286,100,100,59.3,10.571428,Very Low,64.3,11.357343,100,1747013400,Very Low,9.62131,12.445589,Very Low,13.307896,56.8,14.085714,100,1747013400,13.214286
2025-05-12T01:42:16Z,236,29.881,70.1,62,61.0,1,1,355,85,0.0,255,32767,0.0,2127-15-31,0.0,0.16,26.24,0.0,0.0,0.0,0,4.828125,6,45,05:49,20:11,2025-05-12 01:42:15.828596,Città della Scienza,76.8,12.595411,13.737737,12.026638,8.987127,EU EEA Common AQI,64.4,11.233911,12.391189,7200,11.414286,100,100,59.3,10.571428,Very Low,64.3,11.357343,100,1747013400,Very Low,9.62131,12.445589,Very Low,13.307896,56.8,14.085714,100,1747013400,13.214286
2025-05-12T01:42:27Z,236,29.881,70.1,62,61.0,1,1,19,85,0.0,255,32767,0.0,2127-15-31,0.0,0.16,26.24,0.0,0.0,0.0,0,4.828125,6,45,05:49,20:11,2025-05-12 01:42:26.915592,Città della Scienza,76.8,12.595411,13.737737,12.026638,8.987127,EU EEA Common AQI,64.4,11.233911,12.391189,7200,11.414286,100,100,59.3,10.571428,Very Low,64.3,11.357343,100,1747013400,Very Low,9.62131,12.445589,Very Low,13.307896,56.8,14.085714,100,1747013400,13.214286
2025-05-12T01:42:38Z,236,29.882,70.0,62,61.0,1,1,24,85,0.0,255,32767,0.0,2127-15-31,0.0,0.16,26.24,0.0,0.0,0.0,0,4.828125,6,45,05:49,20:11,2025-05-12 01:42:38.005589,Città della Scienza,76.8,12.595411,13.737737,12.026638,8.987127,EU EEA Common AQI,64.4,11.233911,12.391189,7200,11.414286,100,100,59.3,10.571428,Very Low,64.3,11.357343,100,1747013400,Very Low,9.62131,12.445589,Very Low,13.307896,56.8,14.085714,100,1747013400,13.214286
2025-05-12T01:42:49Z,236,29.882,70.0,62,61.0,2,1,17,85,0.0,255,32767,0.0,2127-15-31,0.0,0.16,26.24,0.0,0.0,0.0,0,4.828125,6,45,05:49,20:11,2025-05-12 01:42:49.070591,Città della Scienza,76.8,12.595411,13.737737,12.026638,8.987127,EU EEA Common AQI,64.4,11.233911,12.391189,7200,11.414286,100,100,59.3,10.571428,Very Low,64.3,11.357343,100,1747013400,Very Low,9.62131,12.445589,Very Low,13.307896,56.8,14.085714,100,1747013400,13.214286
2025-05-12T01:43:00Z,236,29.882,70.0,62,61.1,2,1,19,85,0.0,255,32767,0.0,2127-15-31,0.0,0.16,26.24,0.0,0.0,0.0,0,4.828125,6,45,05:49,20:11,2025-05-12 01:43:00.174611,Città della Scienza,76.8,12.595411,13.737737,12.026638,8.987127,EU EEA Common AQI,64.4,11.233911,12.391189,7200,11.414286,100,100,59.3,10.571428,Very Low,64.3,11.357343,100,1747013400,Very Low,9.62131,12.445589,Very Low,13.307896,56.8,14.085714,100,1747013400,13.214286
2025-05-12T01:43:11Z,236,29.882,70.0,62,61.1,3,1,16,85,0.0,255,32767,0.0,2127-15-31,0.0,0.16,26.24,0.0,0.0,0.0,0,4.828125,6,45,05:49,20:11,2025-05-12 01:43:11.238587,Città della Scienza,76.8,12.595411,13.737737,12.026638,8.987127,EU EEA Common AQI,64.4,11.233911,12.391189,7200,11.414286,100,100,59.3,10.571428,Very Low,64.3,11.357343,100,1747013400,Very Low,9.62131,12.445589,Very Low,13.307896,56.8,14.085714,100,1747013400,13.214286
2025-05-12T01:43:22Z,236,29.882,70.0,62,61.1,2,1,17,85,0.0,255,32767,0.0,2127-15-31,0.0,0.16,26.24,0.0,0.0,0.0,0,4.828125,6,45,05:49,20:11,2025-05-12 01:43:22.326589,Città della Scienza,76.8,12.595411,13.737737,12.026638,8.987127,EU EEA Common AQI,64.4,11.233911,12.391189,7200,11.414286,100,100,59.3,10.571428,Very Low,64.3,11.357343,100,1747013400,Very Low,9.62131,12.445589,Very Low,13.307896,56.8,14.085714,100,1747013400,13.214286
2025-05-12T01:43:33Z,236,29.881,70.1,62,61.1,1,1,24,85,0.0,255,32767,0.0,2127-15-31,0.0,0.16,26.24,0.0,0.0,0.0,0,4.828125,6,45,05:49,20:11,2025-05-12 01:43:33.406558,Città della Scienza,76.8,12.595411,13.737737,12.026638,8.987127,EU EEA Common AQI,64.4,11.233911,12.391189,7200,11.414286,100,100,59.3,10.571428,Very Low,64.3,11.357343,100,1747013400,Very Low,9.62131,12.445589,Very Low,13.307896,56.8,14.085714,100,1747013400,13.214286
2025-05-12T01:43:44Z,236,29.881,70.1,62,61.0,1,1,24,85,0.0,255,32767,0.0,2127-15-31,0.0,0.16,26.24,0.0,0.0,0.0,0,4.828125,6,45,05:49,20:11,2025-05-12 01:43:44.457593,Città della Scienza,76.8,12.595411,13.737737,12.026638,8.987127,EU EEA Common AQI,64.4,11.233911,12.391189,7200,11.414286,100,100,59.3,10.571428,Very Low,64.3,11.357343,100,1747013400,Very Low,9.62131,12.445589,Very Low,13.307896,56.8,14.085714,100,1747013400,13.214286
2025-05-12T01:43:55Z,236,29.881,70.1,62,61.1,2,1,13,85,0.0,255,32767,0.0,2127-15-31,0.0,0.16,26.24,0.0,0.0,0.0,0,4.828125,6,45,05:49,20:11,2025-05-12 01:43:55.478582,Città della Scienza,76.8,12.595411,13.737737,12.026638,8.987127,EU EEA Common AQI,64.4,11.233911,12.391189,7200,11.414286,100,100,59.3,10.571428,Very Low,64.3,11.357343,100,1747013400,Very Low,9.62131,12.445589,Very Low,13.307896,56.8,14.085714,100,1747013400,13.214286
2025-05-12T01:44:06Z,236,29.881,70.1,62,61.1,3,1,32,85,0.0,255,32767,0.0,2127-15-31,0.0,0.16,26.24,0.0,0.0,0.0,0,4.828125,6,45,05:49,20:11,2025-05-12 01:44:06.568590,Città della Scienza,76.8,12.595411,13.737737,12.026638,8.987127,EU EEA Common AQI,64.4,11.233911,12.391189,7200,11.414286,100,100,59.3,10.571428,Very Low,64.3,11.357343,100,1747013400,Very Low,9.62131,12.445589,Very Low,13.307896,56.8,14.085714,100,1747013400,13.214286
2025-05-12T01:44:17Z,236,29.881,70.1,62,61.1,2,1,16,85,0.0,255,32767,0.0,2127-15-31,0.0,0.16,26.24,0.0,0.0,0.0,0,4.828125,6,45,05:49,20:11,2025-05-12 01:44:17.658594,Città della Scienza,76.8,12.595411,13.737737,12.026638,8.987127,EU EEA Common AQI,64.4,11.233911,12.391189,7200,11.414286,100,100,59.3,10.571428,Very Low,64.3,11.357343,100,1747013400,Very Low,9.62131,12.445589,Very Low,13.307896,56.8,14.085714,100,1747013400,13.214286
2025-05-12T01:44:28Z,236,29.881,70.1,62,61.1,1,1,13,85,0.0,255,32767,0.0,2127-15-31,0.0,0.16,26.24,0.0,0.0,0.0,0,4.828125,6,45,05:49,20:11,2025-05-12 01:44:28.744587,Città della Scienza,76.8,12.595411,13.737737,12.026638,8.987127,EU EEA Common AQI,64.4,11.233911,12.391189,7200,11.414286,100,100,59.3,10.571428,Very Low,64.3,11.357343,100,1747013400,Very Low,9.62131,12.445589,Very Low,13.307896,56.8,14.085714,100,1747013400,13.214286
2025-05-12T01:44:40Z,236,29.883,70.0,62,61.0,4,1,13,85,0.0,255,32767,0.0,2127-15-31,0.0,0.16,26.24,0.0,0.0,0.0,0,4.828125,6,45,05:49,20:11,2025-05-12 01:44:39.814592,Città della Scienza,76.8,12.595411,13.737737,12.026638,8.987127,EU EEA Common AQI,64.4,11.233911,12.391189,7200,11.414286,100,100,59.3,10.571428,Very Low,64.3,11.357343,100,1747013400,Very Low,9.62131,12.445589,Very Low,13.307896,56.8,14.085714,100,1747013400,13.214286
2025-05-12T01:44:51Z,236,29.883,70.0,62,61.0,2,1,24,85,0.0,255,32767,0.0,2127-15-31,0.0,0.16,26.24,0.0,0.0,0.0,0,4.828125,6,45,05:49,20:11,2025-05-12 01:44:50.891600,Città della Scienza,76.8,12.595411,13.737737,12.026638,8.987127,EU EEA Common AQI,64.4,11.233911,12.391189,7200,11.414286,100,100,59.3,10.571428,Very Low,64.3,11.357343,100,1747013400,Very Low,9.62131,12.445589,Very Low,13.307896,56.8,14.085714,100,1747013400,13.214286
2025-05-12T01:45:02Z,236,29.883,70.0,62,61.0,1,1,17,85,0.0,255,32767,0.0,2127-15-31,0.0,0.16,26.24,0.0,0.0,0.0,0,4.828125,6,45,05:49,20:11,2025-05-12 01:45:01.973591,Città della Scienza,76.8,12.595411,13.737737,12.026638,8.987127,EU EEA Common AQI,64.4,11.233911,12.391189,7200,11.414286,100,100,59.3,10.571428,Very Low,64.3,11.357343,100,1747013400,Very Low,9.62131,12.445589,Very Low,13.307896,56.8,14.085714,100,1747013400,13.214286
2025-05-12T01:45:13Z,236,29.883,70.0,62,61.0,1,1,16,85,0.0,255,32767,0.0,2127-15-31,0.0,0.16,26.24,0.0,0.0,0.0,0,4.828125,6,45,05:49,20:11,2025-05-12 01:45:13.046600,Città della Scienza,76.8,12.595411,13.737737,12.026638,8.987127,EU EEA Common AQI,64.4,11.233911,12.391189,7200,11.414286,100,100,59.3,10.571428,Very Low,64.3,11.357343,100,1747013400,Very Low,9.62131,12.445589,Very Low,13.307896,56.8,14.085714,100,1747013400,13.214286
2025-05-12T01:45:24Z,236,29.883,70.0,62,61.0,2,1,22,85,0.0,255,32767,0.0,2127-15-31,0.0,0.16,26.24,0.0,0.0,0.0,0,4.828125,6,45,05:49,20:11,2025-05-12 01:45:24.143597,Città della Scienza,76.7,12.800367,13.657951,12.042446,9.080663,EU EEA Common AQI,64.3,11.350829,12.319725,7200,9.685715,100,100,59.2,9.154285,Very Low,64.2,11.563319,100,1747014300,Very Low,9.633957,12.591236,Very Low,13.392806,56.7,14.342857,100,1747014300,11.442857
2025-05-12T01:45:35Z,236,29.882,70.0,62,61.1,1,2,25,85,0.0,255,32767,0.0,2127-15-31,0.0,0.16,26.24,0.0,0.0,0.0,0,4.828125,6,45,05:49,20:11,2025-05-12 01:45:35.210592,Città della Scienza,76.7,12.800367,13.657951,12.042446,9.080663,EU EEA Common AQI,64.3,11.350829,12.319725,7200,9.685715,100,100,59.2,9.154285,Very Low,64.2,11.563319,100,1747014300,Very Low,9.633957,12.591236,Very Low,13.392806,56.7,14.342857,100,1747014300,11.442857
2025-05-12T01:45:46Z,236,29.882,70.0,62,61.0,1,2,30,85,0.0,255,32767,0.0,2127-15-31,0.0,0.16,26.24,0.0,0.0,0.0,0,4.828125,6,45,05:49,20:11,2025-05-12 01:45:46.302591,Città della Scienza,76.7,12.800367,13.657951,12.042446,9.080663,EU EEA Common AQI,64.3,11.350829,12.319725,7200,9.685715,100,100,59.2,9.154285,Very Low,64.2,11.563319,100,1747014300,Very Low,9.633957,12.591236,Very Low,13.392806,56.7,14.342857,100,1747014300,11.442857
2025-05-12T01:45:57Z,236,29.882,70.0,62,61.0,2,2,30,85,0.0,255,32767,0.0,2127-15-31,0.0,0.16,26.24,0.0,0.0,0.0,0,4.828125,6,45,05:49,20:11,2025-05-12 01:45:57.397554,Città della Scienza,76.7,12.800367,13.657951,12.042446,9.080663,EU EEA Common AQI,64.3,11.350829,12.319725,7200,9.685715,100,100,59.2,9.154285,Very Low,64.2,11.563319,100,1747014300,Very Low,9.633957,12.591236,Very Low,13.392806,56.7,14.342857,100,1747014300,11.442857
2025-05-12T01:46:08Z,236,29.882,70.0,62,61.0,1,2,30,85,0.0,255,32767,0.0,2127-15-31,0.0,0.16,26.24,0.0,0.0,0.0,0,4.828125,6,45,05:49,20:11,2025-05-12 01:46:08.505595,Città della Scienza,76.7,12.800367,13.657951,12.042446,9.080663,EU EEA Common AQI,64.3,11.350829,12.319725,7200,9.685715,100,100,59.2,9.154285,Very Low,64.2,11.563319,100,1747014300,Very Low,9.633957,12.591236,Very Low,13.392806,56.7,14.342857,100,1747014300,11.442857
2025-05-12T01:46:19Z,236,29.882,70.0,62,61.0,2,2,30,85,0.0,255,32767,0.0,2127-15-31,0.0,0.16,26.24,0.0,0.0,0.0,0,4.828125,6,45,05:49,20:11,2025-05-12 01:46:19.581596,Città della Scienza,76.7,12.800367,13.657951,12.042446,9.080663,EU EEA Common AQI,64.3,11.350829,12.319725,7200,9.685715,100,100,59.2,9.154285,Very Low,64.2,11.563319,100,1747014300,Very Low,9.633957,12.591236,Very Low,13.392806,56.7,14.342857,100,1747014300,11.442857
2025-05-12T01:46:30Z,236,29.882,70.0,62,61.0,0,2,21,85,0.0,255,32767,0.0,2127-15-31,0.0,0.16,26.24,0.0,0.0,0.0,0,4.828125,6,45,05:49,20:11,2025-05-12 01:46:30.693589,Città della Scienza,76.7,12.800367,13.657951,12.042446,9.080663,EU EEA Common AQI,64.3,11.350829,12.319725,7200,9.685715,100,100,59.2,9.154285,Very Low,64.2,11.563319,100,1747014300,Very Low,9.633957,12.591236,Very Low,13.392806,56.7,14.342857,100,1747014300,11.442857
2025-05-12T01:46:41Z,236,29.883,70.1,62,61.0,1,1,31,85,0.0,255,32767,0.0,2127-15-31,0.0,0.16,26.24,0.0,0.0,0.0,0,4.828125,6,45,05:49,20:11,2025-05-12 01:46:41.757597,Città della Scienza,76.7,12.800367,13.657951,12.042446,9.080663,EU EEA Common AQI,64.3,11.350829,12.319725,7200,9.685715,100,100,59.2,9.154285,Very Low,64.2,11.563319,100,1747014300,Very Low,9.633957,12.591236,Very Low,13.392806,56.7,14.342857,100,1747014300,11.442857
2025-05-12T01:46:53Z,236,29.883,70.1,62,61.0,0,1,9,85,0.0,255,32767,0.0,2127-15-31,0.0,0.16,26.24,0.0,0.0,0.0,0,4.828125,6,45,05:49,20:11,2025-05-12 01:46:52.832604,Città della Scienza,76.7,12.800367,13.657951,12.042446,9.080663,EU EEA Common AQI,64.3,11.350829,12.319725,7200,9.685715,100,100,59.2,9.154285,Very Low,64.2,11.563319,100,1747014300,Very Low,9.633957,12.591236,Very Low,13.392806,56.7,14.342857,100,1747014300,11.442857
2025-05-12T01:47:04Z,236,29.883,70.1,62,61.0,1,1,11,85,0.0,255,32767,0.0,2127-15-31,0.0,0.16,26.24,0.0,0.0,0.0,0,4.828125,6,45,05:49,20:11,2025-05-12 01:47:03.906589,Città della Scienza,76.7,12.800367,13.657951,12.042446,9.080663,EU EEA Common AQI,64.3,11.350829,12.319725,7200,9.685715,100,100,59.2,9.154285,Very Low,64.2,11.563319,100,1747014300,Very Low,9.633957,12.591236,Very Low,13.392806,56.7,14.342857,100,1747014300,11.442857
2025-05-12T01:47:15Z,236,29.883,70.1,62,61.0,3,1,28,85,0.0,255,32767,0.0,2127-15-31,0.0,0.16,26.24,0.0,0.0,0.0,0,4.828125,6,45,05:49,20:11,2025-05-12 01:47:14.992596,Città della Scienza,76.7,12.800367,13.657951,12.042446,9.080663,EU EEA Common AQI,64.3,11.350829,12.319725,7200,9.685715,100,100,59.2,9.154285,Very Low,64.2,11.563319,100,1747014300,Very Low,9.633957,12.591236,Very Low,13.392806,56.7,14.342857,100,1747014300,11.442857
2025-05-12T01:47:26Z,236,29.883,70.1,62,61.0,3,1,35,85,0.0,255,32767,0.0,2127-15-31,0.0,0.16,26.24,0.0,0.0,0.0,0,4.828125,6,45,05:49,20:11,2025-05-12 01:47:26.216591,Città della Scienza,76.7,12.800367,13.657951,12.042446,9.080663,EU EEA Common AQI,64.3,11.350829,12.319725,7200,9.685715,100,100,59.2,9.154285,Very Low,64.2,11.563319,100,1747014300,Very Low,9.633957,12.591236,Very Low,13.392806,56.7,14.342857,100,1747014300,11.442857
2025-05-12T01:47:37Z,236,29.881,70.0,62,61.0,4,2,35,85,0.0,255,32767,0.0,2127-15-31,0.0,0.16,26.24,0.0,0.0,0.0,0,4.828125,6,45,05:49,20:11,2025-05-12 01:47:37.314587,Città della Scienza,76.7,12.800367,13.657951,12.042446,9.080663,EU EEA Common AQI,64.3,11.350829,12.319725,7200,9.685715,100,100,59.2,9.154285,Very Low,64.2,11.563319,100,1747014300,Very Low,9.633957,12.591236,Very Low,13.392806,56.7,14.342857,100,1747014300,11.442857
2025-05-12T01:47:48Z,236,29.881,70.0,62,61.0,3,2,38,85,0.0,255,32767,0.0,2127-15-31,0.0,0.16,26.24,0.0,0.0,0.0,0,4.828125,6,45,05:49,20:11,2025-05-12 01:47:48.410591,Città della Scienza,76.7,12.800367,13.657951,12.042446,9.080663,EU EEA Common AQI,64.3,11.350829,12.319725,7200,9.685715,100,100,59.2,9.154285,Very Low,64.2,11.563319,100,1747014300,Very Low,9.633957,12.591236,Very Low,13.392806,56.7,14.342857,100,1747014300,11.442857
2025-05-12T01:47:59Z,236,29.881,70.0,62,61.0,1,2,38,85,0.0,255,32767,0.0,2127-15-31,0.0,0.16,26.24,0.0,0.0,0.0,0,4.828125,6,45,05:49,20:11,2025-05-12 01:47:59.502592,Città della Scienza,76.7,12.800367,13.657951,12.042446,9.080663,EU EEA Common AQI,64.3,11.350829,12.319725,7200,9.685715,100,100,59.2,9.154285,Very Low,64.2,11.563319,100,1747014300,Very Low,9.633957,12.591236,Very Low,13.392806,56.7,14.342857,100,1747014300,11.442857
2025-05-12T01:48:10Z,236,29.881,70.0,62,61.0,3,2,34,85,0.0,255,32767,0.0,2127-15-31,0.0,0.16,26.24,0.0,0.0,0.0,0,4.828125,6,45,05:49,20:11,2025-05-12 01:48:10.557604,Città della Scienza,76.7,12.800367,13.657951,12.042446,9.080663,EU EEA Common AQI,64.3,11.350829,12.319725,7200,9.685715,100,100,59.2,9.154285,Very Low,64.2,11.563319,100,1747014300,Very Low,9.633957,12.591236,Very Low,13.392806,56.7,14.342857,100,1747014300,11.442857
2025-05-12T01:48:21Z,236,29.881,70.0,62,61.0,3,2,40,85,0.0,255,32767,0.0,2127-15-31,0.0,0.16,26.24,0.0,0.0,0.0,0,4.828125,6,45,05:49,20:11,2025-05-12 01:48:21.598605,Città della Scienza,76.7,12.800367,13.657951,12.042446,9.080663,EU EEA Common AQI,64.3,11.350829,12.319725,7200,9.685715,100,100,59.2,9.154285,Very Low,64.2,11.563319,100,1747014300,Very Low,9.633957,12.591236,Very Low,13.392806,56.7,14.342857,100,1747014300,11.442857
2025-05-12T01:48:32Z,236,29.879,70.1,62,61.0,1,2,360,85,0.0,255,32767,0.0,2127-15-31,0.0,0.16,26.24,0.0,0.0,0.0,0,4.828125,6,45,05:49,20:11,2025-05-12 01:48:32.691612,Città della Scienza,76.7,12.800367,13.657951,12.042446,9.080663,EU EEA Common AQI,64.3,11.350829,12.319725,7200,9.685715,100,100,59.2,9.154285,Very Low,64.2,11.563319,100,1747014300,Very Low,9.633957,12.591236,Very Low,13.392806,56.7,14.342857,100,1747014300,11.442857
2025-05-12T01:48:44Z,236,29.879,70.1,62,61.0,3,2,27,85,0.0,255,32767,0.0,2127-15-31,0.0,0.16,26.24,0.0,0.0,0.0,0,4.828125,6,45,05:49,20:11,2025-05-12 01:48:43.808592,Città della Scienza,76.7,12.800367,13.657951,12.042446,9.080663,EU EEA Common AQI,64.3,11.350829,12.319725,7200,9.685715,100,100,59.2,9.154285,Very Low,64.2,11.563319,100,1747014300,Very Low,9.633957,12.591236,Very Low,13.392806,56.7,14.342857,100,1747014300,11.442857
2025-05-12T01:48:55Z,236,29.879,70.1,62,61.0,3,2,28,85,0.0,255,32767,0.0,2127-15-31,0.0,0.16,26.24,0.0,0.0,0.0,0,4.828125,6,45,05:49,20:11,2025-05-12 01:48:54.872597,Città della Scienza,76.7,12.800367,13.657951,12.042446,9.080663,EU EEA Common AQI,64.3,11.350829,12.319725,7200,9.685715,100,100,59.2,9.154285,Very Low,64.2,11.563319,100,1747014300,Very Low,9.633957,12.591236,Very Low,13.392806,56.7,14.342857,100,1747014300,11.442857
2025-05-12T01:49:06Z,236,29.879,70.1,62,61.0,3,2,24,85,0.0,255,32767,0.0,2127-15-31,0.0,0.16,26.24,0.0,0.0,0.0,0,4.828125,6,45,05:49,20:11,2025-05-12 01:49:05.946598,Città della Scienza,76.7,12.800367,13.657951,12.042446,9.080663,EU EEA Common AQI,64.3,11.350829,12.319725,7200,9.685715,100,100,59.2,9.154285,Very Low,64.2,11.563319,100,1747014300,Very Low,9.633957,12.591236,Very Low,13.392806,56.7,14.342857,100,1747014300,11.442857
2025-05-12T01:49:17Z,236,29.879,70.1,62,61.0,2,2,22,85,0.0,255,32767,0.0,2127-15-31,0.0,0.16,26.24,0.0,0.0,0.0,0,4.828125,6,45,05:49,20:11,2025-05-12 01:49:17.044586,Città della Scienza,76.7,12.800367,13.657951,12.042446,9.080663,EU EEA Common AQI,64.3,11.350829,12.319725,7200,9.685715,100,100,59.2,9.154285,Very Low,64.2,11.563319,100,1747014300,Very Low,9.633957,12.591236,Very Low,13.392806,56.7,14.342857,100,1747014300,11.442857
2025-05-12T01:49:28Z,236,29.879,70.1,62,61.0,0,2,19,85,0.0,255,32767,0.0,2127-15-31,0.0,0.16,26.24,0.0,0.0,0.0,0,4.828125,6,45,05:49,20:11,2025-05-12 01:49:28.122599,Città della Scienza,76.7,12.800367,13.657951,12.042446,9.080663,EU EEA Common AQI,64.3,11.350829,12.319725,7200,9.685715,100,100,59.2,9.154285,Very Low,64.2,11.563319,100,1747014300,Very Low,9.633957,12.591236,Very Low,13.392806,56.7,14.342857,100,1747014300,11.442857
2025-05-12T01:49:39Z,236,29.88,70.0,62,61.0,2,2,26,85,0.0,255,32767,0.0,2127-15-31,0.0,0.16,26.24,0.0,0.0,0.0,0,4.828125,6,45,05:49,20:11,2025-05-12 01:49:39.192599,Città della Scienza,76.7,12.800367,13.657951,12.042446,9.080663,EU EEA Common AQI,64.3,11.350829,12.319725,7200,9.685715,100,100,59.2,9.154285,Very Low,64.2,11.563319,100,1747014300,Very Low,9.633957,12.591236,Very Low,13.392806,56.7,14.342857,100,1747014300,11.442857
2025-05-12T01:49:50Z,236,29.88,70.0,62,60.9,2,2,31,85,0.0,255,32767,0.0,2127-15-31,0.0,0.16,26.24,0.0,0.0,0.0,0,4.828125,6,45,05:49,20:11,2025-05-12 01:49:50.279588,Città della Scienza,76.7,12.800367,13.657951,12.042446,9.080663,EU EEA Common AQI,64.3,11.350829,12.319725,7200,9.685715,100,100,59.2,9.154285,Very Low,64.2,11.563319,100,1747014300,Very Low,9.633957,12.591236,Very Low,13.392806,56.7,14.342857,100,1747014300,11.442857
2025-05-12T01:50:01Z,236,29.88,70.0,62,60.9,3,2,9,85,0.0,255,32767,0.0,2127-15-31,0.0,0.16,26.24,0.0,0.0,0.0,0,4.828125,6,45,05:49,20:11,2025-05-12 01:50:01.348588,Città della Scienza,76.7,12.800367,13.657951,12.042446,9.080663,EU EEA Common AQI,64.3,11.350829,12.319725,7200,9.685715,100,100,59.2,9.154285,Very Low,64.2,11.563319,100,1747014300,Very Low,9.633957,12.591236,Very Low,13.392806,56.7,14.342857,100,1747014300,11.442857
2025-05-12T01:50:12Z,236,29.88,70.0,62,61.0,1,2,5,85,0.0,255,32767,0.0,2127-15-31,0.0,0.16,26.24,0.0,0.0,0.0,0,4.828125,6,45,05:49,20:11,2025-05-12 01:50:12.487591,Città della Scienza,76.7,12.800367,13.657951,12.042446,9.080663,EU EEA Common AQI,64.3,11.350829,12.319725,7200,9.685715,100,100,59.2,9.154285,Very Low,64.2,11.563319,100,1747014300,Very Low,9.633957,12.591236,Very Low,13.392806,56.7,14.342857,100,1747014300,11.442857
2025-05-12T01:50:23Z,236,29.88,70.0,62,61.0,0,2,351,85,0.0,255,32767,0.0,2127-15-31,0.0,0.16,26.24,0.0,0.0,0.0,0,4.828125,6,45,05:49,20:11,2025-05-12 01:50:23.561590,Città della Scienza,76.7,12.800367,13.657951,12.042446,9.080663,EU EEA Common AQI,64.3,11.350829,12.319725,7200,9.685715,100,100,59.2,9.154285,Very Low,64.2,11.563319,100,1747014300,Very Low,9.633957,12.591236,Very Low,13.392806,56.7,14.342857,100,1747014300,11.442857
2025-05-12T01:50:34Z,236,29.881,70.0,62,61.0,1,2,40,85,0.0,255,32767,0.0,2127-15-31,0.0,0.16,26.24,0.0,0.0,0.0,0,4.828125,6,45,05:49,20:11,2025-05-12 01:50:34.665593,Città della Scienza,76.7,12.800367,13.657951,12.042446,9.080663,EU EEA Common AQI,64.3,11.350829,12.319725,7200,9.685715,100,100,59.2,9.154285,Very Low,64.2,11.563319,100,1747014300,Very Low,9.633957,12.591236,Very Low,13.392806,56.7,14.342857,100,1747014300,11.442857
2025-05-12T01:50:45Z,236,29.881,70.0,62,61.0,0,2,19,85,0.0,255,32767,0.0,2127-15-31,0.0,0.16,26.24,0.0,0.0,0.0,0,4.828125,6,45,05:49,20:11,2025-05-12 01:50:45.736588,Città della Scienza,76.7,12.800367,13.657951,12.042446,9.080663,EU EEA Common AQI,64.3,11.350829,12.319725,7200,9.685715,100,100,59.2,9.154285,Very Low,64.2,11.563319,100,1747014300,Very Low,9.633957,12.591236,Very Low,13.392806,56.7,14.342857,100,1747014300,11.442857
2025-05-12T01:50:57Z,236,29.881,70.0,62,61.0,1,2,21,85,0.0,255,32767,0.0,2127-15-31,0.0,0.16,26.24,0.0,0.0,0.0,0,4.828125,6,45,05:49,20:11,2025-05-12 01:50:56.810587,Città della Scienza,76.7,12.800367,13.657951,12.042446,9.080663,EU EEA Common AQI,64.3,11.350829,12.319725,7200,9.685715,100,100,59.2,9.154285,Very Low,64.2,11.563319,100,1747014300,Very Low,9.633957,12.591236,Very Low,13.392806,56.7,14.342857,100,1747014300,11.442857
2025-05-12T01:51:08Z,236,29.881,70.0,62,61.0,2,2,26,85,0.0,255,32767,0.0,2127-15-31,0.0,0.16,26.24,0.0,0.0,0.0,0,4.828125,6,45,05:49,20:11,2025-05-12 01:51:07.890593,Città della Scienza,76.7,12.800367,13.657951,12.042446,9.080663,EU EEA Common AQI,64.3,11.350829,12.319725,7200,9.685715,100,100,59.2,9.154285,Very Low,64.2,11.563319,100,1747014300,Very Low,9.633957,12.591236,Very Low,13.392806,56.7,14.342857,100,1747014300,11.442857
2025-05-12T01:51:19Z,236,29.881,70.0,62,61.0,2,2,32,85,0.0,255,32767,0.0,2127-15-31,0.0,0.16,26.24,0.0,0.0,0.0,0,4.828125,6,45,05:49,20:11,2025-05-12 01:51:18.968597,Città della Scienza,76.7,12.800367,13.657951,12.042446,9.080663,EU EEA Common AQI,64.3,11.350829,12.319725,7200,9.685715,100,100,59.2,9.154285,Very Low,64.2,11.563319,100,1747014300,Very Low,9.633957,12.591236,Very Low,13.392806,56.7,14.342857,100,1747014300,11.442857
2025-05-12T01:51:30Z,236,29.881,70.0,62,60.9,2,2,14,85,0.0,255,32767,0.0,2127-15-31,0.0,0.16,26.24,0.0,0.0,0.0,0,4.828125,6,45,05:49,20:11,2025-05-12 01:51:30.059590,Città della Scienza,76.7,12.800367,13.657951,12.042446,9.080663,EU EEA Common AQI,64.3,11.350829,12.319725,7200,9.685715,100,100,59.2,9.154285,Very Low,64.2,11.563319,100,1747014300,Very Low,9.633957,12.591236,Very Low,13.392806,56.7,14.342857,100,1747014300,11.442857
2025-05-12T01:51:41Z,236,29.88,70.0,62,60.9,1,2,14,85,0.0,255,32767,0.0,2127-15-31,0.0,0.16,26.24,0.0,0.0,0.0,0,4.828125,6,45,05:49,20:11,2025-05-12 01:51:41.179591,Città della Scienza,76.7,12.800367,13.657951,12.042446,9.080663,EU EEA Common AQI,64.3,11.350829,12.319725,7200,9.685715,100,100,59.2,9.154285,Very Low,64.2,11.563319,100,1747014300,Very Low,9.633957,12.591236,Very Low,13.392806,56.7,14.342857,100,1747014300,11.442857
2025-05-12T01:51:52Z,236,29.88,70.0,62,60.9,2,2,14,85,0.0,255,32767,0.0,2127-15-31,0.0,0.16,26.24,0.0,0.0,0.0,0,4.828125,6,45,05:49,20:11,2025-05-12 01:51:52.273590,Città della Scienza,76.7,12.800367,13.657951,12.042446,9.080663,EU EEA Common AQI,64.3,11.350829,12.319725,7200,9.685715,100,100,59.2,9.154285,Very Low,64.2,11.563319,100,1747014300,Very Low,9.633957,12.591236,Very Low,13.392806,56.7,14.342857,100,1747014300,11.442857
2025-05-12T01:52:03Z,236,29.88,70.0,62,60.9,3,2,26,85,0.0,255,32767,0.0,2127-15-31,0.0,0.16,26.24,0.0,0.0,0.0,0,4.828125,6,45,05:49,20:11,2025-05-12 01:52:03.346584,Città della Scienza,76.7,12.800367,13.657951,12.042446,9.080663,EU EEA Common AQI,64.3,11.350829,12.319725,7200,9.685715,100,100,59.2,9.154285,Very Low,64.2,11.563319,100,1747014300,Very Low,9.633957,12.591236,Very Low,13.392806,56.7,14.342857,100,1747014300,11.442857
2025-05-12T01:52:14Z,236,29.88,70.0,62,60.9,1,2,24,85,0.0,255,32767,0.0,2127-15-31,0.0,0.16,26.24,0.0,0.0,0.0,0,4.828125,6,45,05:49,20:11,2025-05-12 01:52:14.405592,Città della Scienza,76.7,12.800367,13.657951,12.042446,9.080663,EU EEA Common AQI,64.3,11.350829,12.319725,7200,9.685715,100,100,59.2,9.154285,Very Low,64.2,11.563319,100,1747014300,Very Low,9.633957,12.591236,Very Low,13.392806,56.7,14.342857,100,1747014300,11.442857
2025-05-12T01:52:25Z,236,29.88,70.0,62,60.8,1,2,22,85,0.0,255,32767,0.0,2127-15-31,0.0,0.16,26.24,0.0,0.0,0.0,0,4.828125,6,45,05:49,20:11,2025-05-12 01:52:25.457603,Città della Scienza,76.7,12.800367,13.657951,12.042446,9.080663,EU EEA Common AQI,64.3,11.350829,12.319725,7200,9.685715,100,100,59.2,9.154285,Very Low,64.2,11.563319,100,1747014300,Very Low,9.633957,12.591236,Very Low,13.392806,56.7,14.342857,100,1747014300,11.442857
2025-05-12T01:52:36Z,236,29.879,70.0,62,60.8,2,2,22,85,0.0,255,32767,0.0,2127-15-31,0.0,0.16,26.24,0.0,0.0,0.0,0,4.828125,6,45,05:49,20:11,2025-05-12 01:52:36.556587,Città della Scienza,76.7,12.800367,13.657951,12.042446,9.080663,EU EEA Common AQI,64.3,11.350829,12.319725,7200,9.685715,100,100,59.2,9.154285,Very Low,64.2,11.563319,100,1747014300,Very Low,9.633957,12.591236,Very Low,13.392806,56.7,14.342857,100,1747014300,11.442857
2025-05-12T01:52:47Z,236,29.879,70.0,62,60.8,2,2,22,85,0.0,255,32767,0.0,2127-15-31,0.0,0.16,26.24,0.0,0.0,0.0,0,4.828125,6,45,05:49,20:11,2025-05-12 01:52:47.610612,Città della Scienza,76.7,12.800367,13.657951,12.042446,9.080663,EU EEA Common AQI,64.3,11.350829,12.319725,7200,9.685715,100,100,59.2,9.154285,Very Low,64.2,11.563319,100,1747014300,Very Low,9.633957,12.591236,Very Low,13.392806,56.7,14.342857,100,1747014300,11.442857
2025-05-12T01:52:58Z,236,29.879,70.0,62,60.8,2,2,33,85,0.0,255,32767,0.0,2127-15-31,0.0,0.16,26.24,0.0,0.0,0.0,0,4.828125,6,45,05:49,20:11,2025-05-12 01:52:58.699591,Città della Scienza,76.7,12.800367,13.657951,12.042446,9.080663,EU EEA Common AQI,64.3,11.350829,12.319725,7200,9.685715,100,100,59.2,9.154285,Very Low,64.2,11.563319,100,1747014300,Very Low,9.633957,12.591236,Very Low,13.392806,56.7,14.342857,100,1747014300,11.442857
2025-05-12T01:53:09Z,236,29.879,70.0,62,60.8,1,2,9,85,0.0,255,32767,0.0,2127-15-31,0.0,0.16,26.24,0.0,0.0,0.0,0,4.828125,6,45,05:49,20:11,2025-05-12 01:53:09.787594,Città della Scienza,76.7,12.800367,13.657951,12.042446,9.080663,EU EEA Common AQI,64.3,11.350829,12.319725,7200,9.685715,100,100,59.2,9.154285,Very Low,64.2,11.563319,100,1747014300,Very Low,9.633957,12.591236,Very Low,13.392806,56.7,14.342857,100,1747014300,11.442857
2025-05-12T01:53:21Z,236,29.879,70.0,62,60.8,2,2,30,85,0.0,255,32767,0.0,2127-15-31,0.0,0.16,26.24,0.0,0.0,0.0,0,4.828125,6,45,05:49,20:11,2025-05-12 01:53:20.903593,Città della Scienza,76.7,12.800367,13.657951,12.042446,9.080663,EU EEA Common AQI,64.3,11.350829,12.319725,7200,9.685715,100,100,59.2,9.154285,Very Low,64.2,11.563319,100,1747014300,Very Low,9.633957,12.591236,Very Low,13.392806,56.7,14.342857,100,1747014300,11.442857
2025-05-12T01:53:32Z,236,29.878,70.0,62,60.8,2,2,30,85,0.0,255,32767,0.0,2127-15-31,0.0,0.16,26.24,0.0,0.0,0.0,0,4.828125,6,45,05:49,20:11,2025-05-12 01:53:32.004553,Città della Scienza,76.7,12.800367,13.657951,12.042446,9.080663,EU EEA Common AQI,64.3,11.350829,12.319725,7200,9.685715,100,100,59.2,9.154285,Very Low,64.2,11.563319,100,1747014300,Very Low,9.633957,12.591236,Very Low,13.392806,56.7,14.342857,100,1747014300,11.442857
2025-05-12T01:53:43Z,236,29.878,70.0,62,60.8,1,2,30,84,0.0,255,32767,0.0,2127-15-31,0.0,0.16,26.24,0.0,0.0,0.0,0,4.828125,6,45,05:49,20:11,2025-05-12 01:53:43.104593,Città della Scienza,76.7,12.800367,13.657951,12.042446,9.080663,EU EEA Common AQI,64.3,11.350829,12.319725,7200,9.685715,100,100,59.2,9.154285,Very Low,64.2,11.563319,100,1747014300,Very Low,9.633957,12.591236,Very Low,13.392806,56.7,14.342857,100,1747014300,11.442857
2025-05-12T01:53:54Z,236,29.878,70.0,62,60.8,1,2,30,84,0.0,255,32767,0.0,2127-15-31,0.0,0.16,26.24,0.0,0.0,0.0,0,4.828125,6,45,05:49,20:11,2025-05-12 01:53:54.186586,Città della Scienza,76.7,12.800367,13.657951,12.042446,9.080663,EU EEA Common AQI,64.3,11.350829,12.319725,7200,9.685715,100,100,59.2,9.154285,Very Low,64.2,11.563319,100,1747014300,Very Low,9.633957,12.591236,Very Low,13.392806,56.7,14.342857,100,1747014300,11.442857
2025-05-12T01:54:05Z,236,29.878,70.0,62,60.7,1,2,30,84,0.0,255,32767,0.0,2127-15-31,0.0,0.16,26.24,0.0,0.0,0.0,0,4.828125,6,45,05:49,20:11,2025-05-12 01:54:05.242587,Città della Scienza,76.7,12.800367,13.657951,12.042446,9.080663,EU EEA Common AQI,64.3,11.350829,12.319725,7200,9.685715,100,100,59.2,9.154285,Very Low,64.2,11.563319,100,1747014300,Very Low,9.633957,12.591236,Very Low,13.392806,56.7,14.342857,100,1747014300,11.442857
2025-05-12T01:54:16Z,236,29.878,70.0,62,60.7,2,2,20,84,0.0,255,32767,0.0,2127-15-31,0.0,0.16,26.24,0.0,0.0,0.0,0,4.828125,6,45,05:49,20:11,2025-05-12 01:54:16.349587,Città della Scienza,76.7,12.800367,13.657951,12.042446,9.080663,EU EEA Common AQI,64.3,11.350829,12.319725,7200,9.685715,100,100,59.2,9.154285,Very Low,64.2,11.563319,100,1747014300,Very Low,9.633957,12.591236,Very Low,13.392806,56.7,14.342857,100,1747014300,11.442857
2025-05-12T01:54:27Z,236,29.878,70.0,62,60.6,3,2,20,84,0.0,255,32767,0.0,2127-15-31,0.0,0.16,26.24,0.0,0.0,0.0,0,4.828125,6,45,05:49,20:11,2025-05-12 01:54:27.452607,Città della Scienza,76.7,12.800367,13.657951,12.042446,9.080663,EU EEA Common AQI,64.3,11.350829,12.319725,7200,9.685715,100,100,59.2,9.154285,Very Low,64.2,11.563319,100,1747014300,Very Low,9.633957,12.591236,Very Low,13.392806,56.7,14.342857,100,1747014300,11.442857
2025-05-12T01:54:38Z,236,29.879,70.1,62,60.6,3,2,39,84,0.0,255,32767,0.0,2127-15-31,0.0,0.16,26.24,0.0,0.0,0.0,0,4.828125,6,45,05:49,20:11,2025-05-12 01:54:38.525596,Città della Scienza,76.7,12.800367,13.657951,12.042446,9.080663,EU EEA Common AQI,64.3,11.350829,12.319725,7200,9.685715,100,100,59.2,9.154285,Very Low,64.2,11.563319,100,1747014300,Very Low,9.633957,12.591236,Very Low,13.392806,56.7,14.342857,100,1747014300,11.442857
2025-05-12T01:54:49Z,236,29.879,70.1,62,60.6,2,2,39,84,0.0,255,32767,0.0,2127-15-31,0.0,0.16,26.24,0.0,0.0,0.0,0,4.828125,6,45,05:49,20:11,2025-05-12 01:54:49.564384,Città della Scienza,76.7,12.800367,13.657951,12.042446,9.080663,EU EEA Common AQI,64.3,11.350829,12.319725,7200,9.685715,100,100,59.2,9.154285,Very Low,64.2,11.563319,100,1747014300,Very Low,9.633957,12.591236,Very Low,13.392806,56.7,14.342857,100,1747014300,11.442857
2025-05-12T01:55:00Z,236,29.879,70.1,62,60.5,3,2,39,84,0.0,255,32767,0.0,2127-15-31,0.0,0.16,26.24,0.0,0.0,0.0,0,4.828125,6,45,05:49,20:11,2025-05-12 01:55:00.651588,Città della Scienza,76.7,12.800367,13.657951,12.042446,9.080663,EU EEA Common AQI,64.3,11.350829,12.319725,7200,9.685715,100,100,59.2,9.154285,Very Low,64.2,11.563319,100,1747014300,Very Low,9.633957,12.591236,Very Low,13.392806,56.7,14.342857,100,1747014300,11.442857
2025-05-12T01:55:11Z,236,29.879,70.1,62,60.5,2,2,39,84,0.0,255,32767,0.0,2127-15-31,0.0,0.16,26.24,0.0,0.0,0.0,0,4.828125,6,45,05:49,20:11,2025-05-12 01:55:11.712593,Città della Scienza
2025-05-12T01:55:22Z,236,29.879,70.1,62,60.4,1,2,35,84,0.0,255,32767,0.0,2127-15-31,0.0,0.16,26.24,0.0,0.0,0.0,0,4.828125,6,45,05:49,20:11,2025-05-12 01:55:22.757593,Città della Scienza
2025-05-12T01:55:34Z,236,29.879,70.1,62,60.4,1,2,31,84,0.0,255,32767,0.0,2127-15-31,0.0,0.16,26.24,0.0,0.0,0.0,0,4.828125,6,45,05:49,20:11,2025-05-12 01:55:33.825591,Città della Scienza
2025-05-12T01:55:45Z,236,29.879,70.1,62,60.4,3,2,31,84,0.0,255,32767,0.0,2127-15-31,0.0,0.16,26.24,0.0,0.0,0.0,0,4.828125,6,45,05:49,20:11,2025-05-12 01:55:44.909588,Città della Scienza
2025-05-12T01:55:56Z,236,29.879,70.1,62,60.4,3,2,32,84,0.0,255,32767,0.0,2127-15-31,0.0,0.16,26.24,0.0,0.0,0.0,0,4.828125,6,45,05:49,20:11,2025-05-12 01:55:55.992593,Città della Scienza
2025-05-12T01:56:07Z,236,29.879,70.1,62,60.3,1,2,31,84,0.0,255,32767,0.0,2127-15-31,0.0,0.16,26.24,0.0,0.0,0.0,0,4.828125,6,45,05:49,20:11,2025-05-12 01:56:07.047590,Città della Scienza
2025-05-12T01:56:18Z,236,29.879,70.1,62,60.3,0,2,37,84,0.0,255,32767,0.0,2127-15-31,0.0,0.16,26.24,0.0,0.0,0.0,0,4.828125,6,45,05:49,20:11,2025-05-12 01:56:18.097590,Città della Scienza
2025-05-12T01:56:29Z,236,29.879,70.1,62,60.2,1,2,21,84,0.0,255,32767,0.0,2127-15-31,0.0,0.16,26.24,0.0,0.0,0.0,0,4.828125,6,45,05:49,20:11,2025-05-12 01:56:29.149578,Città della Scienza
2025-05-12T01:56:40Z,236,29.878,70.1,62,60.2,1,2,21,84,0.0,255,32767,0.0,2127-15-31,0.0,0.16,26.24,0.0,0.0,0.0,0,4.828125,6,45,05:49,20:11,2025-05-12 01:56:40.243590,Città della Scienza
2025-05-12T01:56:51Z,236,29.878,70.1,62,60.2,1,2,19,84,0.0,255,32767,0.0,2127-15-31,0.0,0.16,26.24,0.0,0.0,0.0,0,4.828125,6,45,05:49,20:11,2025-05-12 01:56:51.258589,Città della Scienza
2025-05-12T01:57:02Z,236,29.878,70.1,62,60.2,1,2,18,84,0.0,255,32767,0.0,2127-15-31,0.0,0.16,26.24,0.0,0.0,0.0,0,4.828125,6,45,05:49,20:11,2025-05-12 01:57:02.320548,Città della Scienza
2025-05-12T01:57:13Z,236,29.878,70.1,62,60.1,2,2,18,84,0.0,255,32767,0.0,2127-15-31,0.0,0.16,26.24,0.0,0.0,0.0,0,4.828125,6,45,05:49,20:11,2025-05-12 01:57:13.409596,Città della Scienza
2025-05-12T01:57:24Z,236,29.878,70.1,62,60.0,0,2,355,84,0.0,255,32767,0.0,2127-15-31,0.0,0.16,26.24,0.0,0.0,0.0,0,4.828125,6,45,05:49,20:11,2025-05-12 01:57:24.541587,Città della Scienza
2025-05-12T01:57:35Z,236,29.876,70.1,62,60.0,3,2,19,84,0.0,255,32767,0.0,2127-15-31,0.0,0.16,26.24,0.0,0.0,0.0,0,4.828125,6,45,05:49,20:11,2025-05-12 01:57:35.602610,Città della Scienza
2025-05-12T01:57:46Z,236,29.876,70.1,62,59.9,3,2,19,84,0.0,255,32767,0.0,2127-15-31,0.0,0.16,26.24,0.0,0.0,0.0,0,4.828125,6,45,05:49,20:11,2025-05-12 01:57:46.678596,Città della Scienza
2025-05-12T01:57:57Z,236,29.876,70.1,62,59.9,3,2,19,84,0.0,255,32767,0.0,2127-15-31,0.0,0.16,26.24,0.0,0.0,0.0,0,4.828125,6,45,05:49,20:11,2025-05-12 01:57:57.721593,Città della Scienza
2025-05-12T01:58:08Z,236,29.876,70.1,62,59.9,3,2,19,85,0.0,255,32767,0.0,2127-15-31,0.0,0.16,26.24,0.0,0.0,0.0,0,4.828125,6,45,05:49,20:11,2025-05-12 01:58:08.792588,Città della Scienza
2025-05-12T01:58:20Z,236,29.876,70.1,62,60.0,3,2,19,85,0.0,255,32767,0.0,2127-15-31,0.0,0.16,26.24,0.0,0.0,0.0,0,4.828125,6,45,05:49,20:11,2025-05-12 01:58:19.859599,Città della Scienza
2025-05-12T01:58:31Z,236,29.876,70.1,62,60.0,3,2,31,85,0.0,255,32767,0.0,2127-15-31,0.0,0.16,26.24,0.0,0.0,0.0,0,4.828125,6,45,05:49,20:11,2025-05-12 01:58:30.938595,Città della Scienza
2025-05-12T01:58:42Z,236,29.875,70.1,62,60.0,3,2,24,85,0.0,255,32767,0.0,2127-15-31,0.0,0.16,26.24,0.0,0.0,0.0,0,4.828125,6,45,05:49,20:11,2025-05-12 01:58:42.241590,Città della Scienza
2025-05-12T01:58:53Z,236,29.875,70.1,62,60.0,2,2,18,85,0.0,255,32767,0.0,2127-15-31,0.0,0.16,26.24,0.0,0.0,0.0,0,4.828125,6,45,05:49,20:11,2025-05-12 01:58:53.492593,Città della Scienza
2025-05-12T01:59:04Z,236,29.875,70.1,62,60.0,0,2,52,85,0.0,255,32767,0.0,2127-15-31,0.0,0.16,26.24,0.0,0.0,0.0,0,4.828125,6,45,05:49,20:11,2025-05-12 01:59:04.554593,Città della Scienza
2025-05-12T01:59:15Z,236,29.875,70.1,62,59.9,1,2,345,85,0.0,255,32767,0.0,2127-15-31,0.0,0.16,26.24,0.0,0.0,0.0,0,4.828125,6,45,05:49,20:11,2025-05-12 01:59:15.611559,Città della Scienza
2025-05-12T01:59:26Z,236,29.875,70.1,62,60.0,1,2,18,85,0.0,255,32767,0.0,2127-15-31,0.0,0.16,26.24,0.0,0.0,0.0,0,4.828125,6,45,05:49,20:11,2025-05-12 01:59:26.643598,Città della Scienza
2025-05-12T01:59:37Z,236,29.875,70.1,62,60.0,1,2,18,85,0.0,255,32767,0.0,2127-15-31,0.0,0.16,26.24,0.0,0.0,0.0,0,4.828125,6,45,05:49,20:11,2025-05-12 01:59:37.680557,Città della Scienza
2025-05-12T01:59:48Z,236,29.875,70.1,62,60.0,0,2,12,85,0.0,255,32767,0.0,2127-15-31,0.0,0.16,26.24,0.0,0.0,0.0,0,4.828125,6,45,05:49,20:11,2025-05-12 01:59:48.707596,Città della Scienza
2025-05-12T01:59:59Z,236,29.875,70.1,62,60.0,0,2,9,85,0.0,255,32767,0.0,2127-15-31,0.0,0.16,26.24,0.0,0.0,0.0,0,4.828125,6,45,05:49,20:11,2025-05-12 01:59:59.774604,Città della Scienza,76.7,12.800367,13.657951,12.042446,9.080663,EU EEA Common AQI,64.3,11.350829,12.319725,7200,9.685715,100,100,59.2,9.154285,Very Low,64.2,11.563319,100,1747014300,Very Low,9.633957,12.591236,Very Low,13.392806,56.7,14.342857,100,1747014300,11.442857
2025-05-12T02:00:11Z,236,29.875,70.1,62,60.0,0,2,5,85,0.0,255,32767,0.0,2127-15-31,0.0,0.16,26.24,0.0,0.0,0.0,0,4.828125,6,45,05:49,20:11,2025-05-12 02:00:10.867604,Città della Scienza,76.7,12.800367,13.657951,12.042446,9.080663,EU EEA Common AQI,64.3,11.350829,12.319725,7200,9.685715,100,100,59.2,9.154285,Very Low,64.2,11.563319,100,1747014300,Very Low,9.633957,12.591236,Very Low,13.392806,56.7,14.342857,100,1747014300,11.442857
2025-05-12T02:00:22Z,236,29.875,70.1,62,60.0,0,2,5,85,0.0,255,32767,0.0,2127-15-31,0.0,0.16,26.24,0.0,0.0,0.0,0,4.828125,6,45,05:49,20:11,2025-05-12 02:00:21.959595,Città della Scienza,76.7,12.800367,13.657951,12.042446,9.080663,EU EEA Common AQI,64.3,11.350829,12.319725,7200,9.685715,100,100,59.2,9.154285,Very Low,64.2,11.563319,100,1747014300,Very Low,9.633957,12.591236,Very Low,13.392806,56.7,14.342857,100,1747014300,11.442857
2025-05-12T02:00:33Z,236,29.876,70.1,62,60.0,1,2,26,85,0.0,255,32767,0.0,2127-15-31,0.0,0.16,26.24,0.0,0.0,0.0,0,4.828125,6,45,05:49,20:11,2025-05-12 02:00:33.014590,Città della Scienza,76.3,13.121753,13.549313,12.051799,9.163777,EU EEA Common AQI,63.8,11.454722,12.221222,7200,11.0,100,100,58.7,9.805714,Very Low,63.8,11.868175,100,1747015200,Very Low,9.6414385,12.706568,Very Low,13.394244,56.2,13.485714,100,1747015200,12.257143
2025-05-12T02:00:44Z,236,29.876,70.1,62,60.0,1,2,26,85,0.0,255,32767,0.0,2127-15-31,0.0,0.16,26.24,0.0,0.0,0.0,0,4.828125,6,45,05:49,20:11,2025-05-12 02:00:44.086593,Città della Scienza,76.3,13.121753,13.549313,12.051799,9.163777,EU EEA Common AQI,63.8,11.454722,12.221222,7200,11.0,100,100,58.7,9.805714,Very Low,63.8,11.868175,100,1747015200,Very Low,9.6414385,12.706568,Very Low,13.394244,56.2,13.485714,100,1747015200,12.257143
2025-05-12T02:00:55Z,236,29.876,70.1,62,60.0,1,2,26,85,0.0,255,32767,0.0,2127-15-31,0.0,0.16,26.24,0.0,0.0,0.0,0,4.828125,6,45,05:49,20:11,2025-05-12 02:00:55.162591,Città della Scienza,76.3,13.121753,13.549313,12.051799,9.163777,EU EEA Common AQI,63.8,11.454722,12.221222,7200,11.0,100,100,58.7,9.805714,Very Low,63.8,11.868175,100,1747015200,Very Low,9.6414385,12.706568,Very Low,13.394244,56.2,13.485714,100,1747015200,12.257143
2025-05-12T02:01:06Z,236,29.876,70.1,62,60.0,1,2,26,85,0.0,255,32767,0.0,2127-15-31,0.0,0.16,26.24,0.0,0.0,0.0,0,4.828125,6,45,05:49,20:11,2025-05-12 02:01:06.211550,Città della Scienza,76.3,13.121753,13.549313,12.051799,9.163777,EU EEA Common AQI,63.8,11.454722,12.221222,7200,11.0,100,100,58.7,9.805714,Very Low,63.8,11.868175,100,1747015200,Very Low,9.6414385,12.706568,Very Low,13.394244,56.2,13.485714,100,1747015200,12.257143
2025-05-12T02:01:17Z,236,29.876,70.1,62,60.0,1,2,26,85,0.0,255,32767,0.0,2127-15-31,0.0,0.16,26.24,0.0,0.0,0.0,0,4.828125,6,45,05:49,20:11,2025-05-12 02:01:17.269590,Città della Scienza,76.3,13.121753,13.549313,12.051799,9.163777,EU EEA Common AQI,63.8,11.454722,12.221222,7200,11.0,100,100,58.7,9.805714,Very Low,63.8,11.868175,100,1747015200,Very Low,9.6414385,12.706568,Very Low,13.394244,56.2,13.485714,100,1747015200,12.257143
2025-05-12T02:01:28Z,236,29.876,70.1,62,59.9,0,2,340,85,0.0,255,32767,0.0,2127-15-31,0.0,0.16,26.24,0.0,0.0,0.0,0,4.828125,6,45,05:49,20:11,2025-05-12 02:01:28.355593,Città della Scienza,76.3,13.121753,13.549313,12.051799,9.163777,EU EEA Common AQI,63.8,11.454722,12.221222,7200,11.0,100,100,58.7,9.805714,Very Low,63.8,11.868175,100,1747015200,Very Low,9.6414385,12.706568,Very Low,13.394244,56.2,13.485714,100,1747015200,12.257143
2025-05-12T02:01:39Z,236,29.875,70.1,62,59.9,2,2,5,85,0.0,255,32767,0.0,2127-15-31,0.0,0.16,26.24,0.0,0.0,0.0,0,4.828125,6,45,05:49,20:11,2025-05-12 02:01:39.458589,Città della Scienza,76.3,13.121753,13.549313,12.051799,9.163777,EU EEA Common AQI,63.8,11.454722,12.221222,7200,11.0,100,100,58.7,9.805714,Very Low,63.8,11.868175,100,1747015200,Very Low,9.6414385,12.706568,Very Low,13.394244,56.2,13.485714,100,1747015200,12.257143
2025-05-12T02:01:50Z,236,29.875,70.1,62,59.9,3,2,19,85,0.0,255,32767,0.0,2127-15-31,0.0,0.16,26.24,0.0,0.0,0.0,0,4.828125,6,45,05:49,20:11,2025-05-12 02:01:50.553605,Città della Scienza,76.3,13.121753,13.549313,12.051799,9.163777,EU EEA Common AQI,63.8,11.454722,12.221222,7200,11.0,100,100,58.7,9.805714,Very Low,63.8,11.868175,100,1747015200,Very Low,9.6414385,12.706568,Very Low,13.394244,56.2,13.485714,100,1747015200,12.257143
2025-05-12T02:02:01Z,236,29.875,70.1,62,59.9,2,2,25,85,0.0,255,32767,0.0,2127-15-31,0.0,0.16,26.24,0.0,0.0,0.0,0,4.828125,6,45,05:49,20:11,2025-05-12 02:02:01.630559,Città della Scienza,76.3,13.121753,13.549313,12.051799,9.163777,EU EEA Common AQI,63.8,11.454722,12.221222,7200,11.0,100,100,58.7,9.805714,Very Low,63.8,11.868175,100,1747015200,Very Low,9.6414385,12.706568,Very Low,13.394244,56.2,13.485714,100,1747015200,12.257143
2025-05-12T02:02:12Z,236,29.875,70.1,62,59.9,2,2,25,85,0.0,255,32767,0.0,2127-15-31,0.0,0.16,26.24,0.0,0.0,0.0,0,4.828125,6,45,05:49,20:11,2025-05-12 02:02:12.772556,Città della Scienza,76.3,13.121753,13.549313,12.051799,9.163777,EU EEA Common AQI,63.8,11.454722,12.221222,7200,11.0,100,100,58.7,9.805714,Very Low,63.8,11.868175,100,1747015200,Very Low,9.6414385,12.706568,Very Low,13.394244,56.2,13.485714,100,1747015200,12.257143
2025-05-12T02:02:24Z,236,29.875,70.1,62,59.9,2,2,30,85,0.0,255,32767,0.0,2127-15-31,0.0,0.16,26.24,0.0,0.0,0.0,0,4.828125,6,45,05:49,20:11,2025-05-12 02:02:23.858600,Città della Scienza,76.3,13.121753,13.549313,12.051799,9.163777,EU EEA Common AQI,63.8,11.454722,12.221222,7200,11.0,100,100,58.7,9.805714,Very Low,63.8,11.868175,100,1747015200,Very Low,9.6414385,12.706568,Very Low,13.394244,56.2,13.485714,100,1747015200,12.257143
2025-05-12T02:02:35Z,236,29.872,70.1,62,59.9,2,2,24,85,0.0,255,32767,0.0,2127-15-31,0.0,0.16,26.24,0.0,0.0,0.0,0,4.828125,6,45,05:49,20:11,2025-05-12 02:02:34.940592,Città della Scienza,76.3,13.121753,13.549313,12.051799,9.163777,EU EEA Common AQI,63.8,11.454722,12.221222,7200,11.0,100,100,58.7,9.805714,Very Low,63.8,11.868175,100,1747015200,Very Low,9.6414385,12.706568,Very Low,13.394244,56.2,13.485714,100,1747015200,12.257143
2025-05-12T02:02:46Z,236,29.872,70.1,62,59.9,1,2,24,85,0.0,255,32767,0.0,2127-15-31,0.0,0.16,26.24,0.0,0.0,0.0,0,4.828125,6,45,05:49,20:11,2025-05-12 02:02:45.991593,Città della Scienza,76.3,13.121753,13.549313,12.051799,9.163777,EU EEA Common AQI,63.8,11.454722,12.221222,7200,11.0,100,100,58.7,9.805714,Very Low,63.8,11.868175,100,1747015200,Very Low,9.6414385,12.706568,Very Low,13.394244,56.2,13.485714,100,1747015200,12.257143
2025-05-12T02:02:57Z,236,29.872,70.1,62,59.9,1,2,21,85,0.0,255,32767,0.0,2127-15-31,0.0,0.16,26.24,0.0,0.0,0.0,0,4.828125,6,45,05:49,20:11,2025-05-12 02:02:57.098594,Città della Scienza,76.3,13.121753,13.549313,12.051799,9.163777,EU EEA Common AQI,63.8,11.454722,12.221222,7200,11.0,100,100,58.7,9.805714,Very Low,63.8,11.868175,100,1747015200,Very Low,9.6414385,12.706568,Very Low,13.394244,56.2,13.485714,100,1747015200,12.257143
2025-05-12T02:03:08Z,236,29.872,70.1,62,59.9,2,2,16,85,0.0,255,32767,0.0,2127-15-31,0.0,0.16,26.24,0.0,0.0,0.0,0,4.828125,6,45,05:49,20:11,2025-05-12 02:03:08.158551,Città della Scienza,76.3,13.121753,13.549313,12.051799,9.163777,EU EEA Common AQI,63.8,11.454722,12.221222,7200,11.0,100,100,58.7,9.805714,Very Low,63.8,11.868175,100,1747015200,Very Low,9.6414385,12.706568,Very Low,13.394244,56.2,13.485714,100,1747015200,12.257143
2025-05-12T02:03:19Z,236,29.872,70.1,62,59.9,1,2,19,85,0.0,255,32767,0.0,2127-15-31,0.0,0.16,26.24,0.0,0.0,0.0,0,4.828125,6,45,05:49,20:11,2025-05-12 02:03:19.218593,Città della Scienza,76.3,13.121753,13.549313,12.051799,9.163777,EU EEA Common AQI,63.8,11.454722,12.221222,7200,11.0,100,100,58.7,9.805714,Very Low,63.8,11.868175,100,1747015200,Very Low,9.6414385,12.706568,Very Low,13.394244,56.2,13.485714,100,1747015200,12.257143
2025-05-12T02:03:30Z,236,29.872,70.1,62,59.9,1,2,9,85,0.0,255,32767,0.0,2127-15-31,0.0,0.16,26.24,0.0,0.0,0.0,0,4.828125,6,45,05:49,20:11,2025-05-12 02:03:30.289596,Città della Scienza,76.3,13.121753,13.549313,12.051799,9.163777,EU EEA Common AQI,63.8,11.454722,12.221222,7200,11.0,100,100,58.7,9.805714,Very Low,63.8,11.868175,100,1747015200,Very Low,9.6414385,12.706568,Very Low,13.394244,56.2,13.485714,100,1747015200,12.257143
2025-05-12T02:03:41Z,236,29.873,70.1,62,59.9,0,1,355,85,0.0,255,32767,0.0,2127-15-31,0.0,0.16,26.24,0.0,0.0,0.0,0,4.828125,6,45,05:49,20:11,2025-05-12 02:03:41.389594,Città della Scienza,76.3,13.121753,13.549313,12.051799,9.163777,EU EEA Common AQI,63.8,11.454722,12.221222,7200,11.0,100,100,58.7,9.805714,Very Low,63.8,11.868175,100,1747015200,Very Low,9.6414385,12.706568,Very Low,13.394244,56.2,13.485714,100,1747015200,12.257143
2025-05-12T02:03:52Z,236,29.873,70.1,62,59.9,1,1,13,85,0.0,255,32767,0.0,2127-15-31,0.0,0.16,26.24,0.0,0.0,0.0,0,4.828125,6,45,05:49,20:11,2025-05-12 02:03:52.430584,Città della Scienza,76.3,13.121753,13.549313,12.051799,9.163777,EU EEA Common AQI,63.8,11.454722,12.221222,7200,11.0,100,100,58.7,9.805714,Very Low,63.8,11.868175,100,1747015200,Very Low,9.6414385,12.706568,Very Low,13.394244,56.2,13.485714,100,1747015200,12.257143
2025-05-12T02:04:03Z,236,29.873,70.1,62,59.9,2,1,5,85,0.0,255,32767,0.0,2127-15-31,0.0,0.16,26.24,0.0,0.0,0.0,0,4.828125,6,45,05:49,20:11,2025-05-12 02:04:03.537586,Città della Scienza,76.3,13.121753,13.549313,12.051799,9.163777,EU EEA Common AQI,63.8,11.454722,12.221222,7200,11.0,100,100,58.7,9.805714,Very Low,63.8,11.868175,100,1747015200,Very Low,9.6414385,12.706568,Very Low,13.394244,56.2,13.485714,100,1747015200,12.257143
2025-05-12T02:04:14Z,236,29.873,70.1,62,59.9,1,1,5,85,0.0,255,32767,0.0,2127-15-31,0.0,0.16,26.24,0.0,0.0,0.0,0,4.828125,6,45,05:49,20:11,2025-05-12 02:04:14.657593,Città della Scienza,76.3,13.121753,13.549313,12.051799,9.163777,EU EEA Common AQI,63.8,11.454722,12.221222,7200,11.0,100,100,58.7,9.805714,Very Low,63.8,11.868175,100,1747015200,Very Low,9.6414385,12.706568,Very Low,13.394244,56.2,13.485714,100,1747015200,12.257143
2025-05-12T02:04:25Z,236,29.873,70.1,62,59.9,0,1,9,85,0.0,255,32767,0.0,2127-15-31,0.0,0.16,26.24,0.0,0.0,0.0,0,4.828125,6,45,05:49,20:11,2025-05-12 02:04:25.743595,Città della Scienza,76.3,13.121753,13.549313,12.051799,9.163777,EU EEA Common AQI,63.8,11.454722,12.221222,7200,11.0,100,100,58.7,9.805714,Very Low,63.8,11.868175,100,1747015200,Very Low,9.6414385,12.706568,Very Low,13.394244,56.2,13.485714,100,1747015200,12.257143
2025-05-12T02:04:37Z,236,29.872,70.2,62,60.0,1,1,17,85,0.0,255,32767,0.0,2127-15-31,0.0,0.16,26.24,0.0,0.0,0.0,0,4.828125,6,45,05:49,20:11,2025-05-12 02:04:36.859606,Città della Scienza,76.3,13.121753,13.549313,12.051799,9.163777,EU EEA Common AQI,63.8,11.454722,12.221222,7200,11.0,100,100,58.7,9.805714,Very Low,63.8,11.868175,100,1747015200,Very Low,9.6414385,12.706568,Very Low,13.394244,56.2,13.485714,100,1747015200,12.257143
2025-05-12T02:04:48Z,236,29.872,70.2,62,59.9,3,1,17,85,0.0,255,32767,0.0,2127-15-31,0.0,0.16,26.24,0.0,0.0,0.0,0,4.828125,6,45,05:49,20:11,2025-05-12 02:04:47.933602,Città della Scienza,76.3,13.121753,13.549313,12.051799,9.163777,EU EEA Common AQI,63.8,11.454722,12.221222,7200,11.0,100,100,58.7,9.805714,Very Low,63.8,11.868175,100,1747015200,Very Low,9.6414385,12.706568,Very Low,13.394244,56.2,13.485714,100,1747015200,12.257143
2025-05-12T02:04:59Z,236,29.872,70.2,62,59.9,2,1,32,86,0.0,255,32767,0.0,2127-15-31,0.0,0.16,26.24,0.0,0.0,0.0,0,4.828125,6,45,05:49,20:11,2025-05-12 02:04:59.033604,Città della Scienza,76.3,13.121753,13.549313,12.051799,9.163777,EU EEA Common AQI,63.8,11.454722,12.221222,7200,11.0,100,100,58.7,9.805714,Very Low,63.8,11.868175,100,1747015200,Very Low,9.6414385,12.706568,Very Low,13.394244,56.2,13.485714,100,1747015200,12.257143
2025-05-12T02:05:10Z,236,29.872,70.2,62,60.0,1,1,355,86,0.0,255,32767,0.0,2127-15-31,0.0,0.16,26.24,0.0,0.0,0.0,0,4.828125,6,45,05:49,20:11,2025-05-12 02:05:10.170597,Città della Scienza,76.3,13.121753,13.549313,12.051799,9.163777,EU EEA Common AQI,63.8,11.454722,12.221222,7200,11.0,100,100,58.7,9.805714,Very Low,63.8,11.868175,100,1747015200,Very Low,9.6414385,12.706568,Very Low,13.394244,56.2,13.485714,100,1747015200,12.257143
2025-05-12T02:05:21Z,236,29.872,70.2,62,60.0,0,1,20,86,0.0,255,32767,0.0,2127-15-31,0.0,0.16,26.24,0.0,0.0,0.0,0,4.828125,6,45,05:49,20:11,2025-05-12 02:05:21.253596,Città della Scienza,76.3,13.121753,13.549313,12.051799,9.163777,EU EEA Common AQI,63.8,11.454722,12.221222,7200,11.0,100,100,58.7,9.805714,Very Low,63.8,11.868175,100,1747015200,Very Low,9.6414385,12.706568,Very Low,13.394244,56.2,13.485714,100,1747015200,12.257143
2025-05-12T02:05:32Z,236,29.875,70.2,62,60.0,0,1,24,86,0.0,255,32767,0.0,2127-15-31,0.0,0.16,26.24,0.0,0.0,0.0,0,4.828125,6,45,05:49,20:11,2025-05-12 02:05:32.287595,Città della Scienza,76.3,13.121753,13.549313,12.051799,9.163777,EU EEA Common AQI,63.8,11.454722,12.221222,7200,11.0,100,100,58.7,9.805714,Very Low,63.8,11.868175,100,1747015200,Very Low,9.6414385,12.706568,Very Low,13.394244,56.2,13.485714,100,1747015200,12.257143
2025-05-12T02:05:43Z,236,29.875,70.2,62,60.0,0,1,18,86,0.0,255,32767,0.0,2127-15-31,0.0,0.16,26.24,0.0,0.0,0.0,0,4.828125,6,45,05:49,20:11,2025-05-12 02:05:43.416551,Città della Scienza,76.3,13.121753,13.549313,12.051799,9.163777,EU EEA Common AQI,63.8,11.454722,12.221222,7200,11.0,100,100,58.7,9.805714,Very Low,63.8,11.868175,100,1747015200,Very Low,9.6414385,12.706568,Very Low,13.394244,56.2,13.485714,100,1747015200,12.257143
2025-05-12T02:05:54Z,236,29.875,70.2,62,60.0,2,1,18,86,0.0,255,32767,0.0,2127-15-31,0.0,0.16,26.24,0.0,0.0,0.0,0,4.828125,6,45,05:49,20:11,2025-05-12 02:05:54.467555,Città della Scienza,76.3,13.121753,13.549313,12.051799,9.163777,EU EEA Common AQI,63.8,11.454722,12.221222,7200,11.0,100,100,58.7,9.805714,Very Low,63.8,11.868175,100,1747015200,Very Low,9.6414385,12.706568,Very Low,13.394244,56.2,13.485714,100,1747015200,12.257143
2025-05-12T02:06:05Z,236,29.875,70.2,62,60.0,2,1,20,86,0.0,255,32767,0.0,2127-15-31,0.0,0.16,26.24,0.0,0.0,0.0,0,4.828125,6,45,05:49,20:11,2025-05-12 02:06:05.548594,Città della Scienza,76.3,13.121753,13.549313,12.051799,9.163777,EU EEA Common AQI,63.8,11.454722,12.221222,7200,11.0,100,100,58.7,9.805714,Very Low,63.8,11.868175,100,1747015200,Very Low,9.6414385,12.706568,Very Low,13.394244,56.2,13.485714,100,1747015200,12.257143
2025-05-12T02:06:16Z,236,29.875,70.2,62,60.0,2,1,21,86,0.0,255,32767,0.0,2127-15-31,0.0,0.16,26.24,0.0,0.0,0.0,0,4.828125,6,45,05:49,20:11,2025-05-12 02:06:16.638593,Città della Scienza,76.3,13.121753,13.549313,12.051799,9.163777,EU EEA Common AQI,63.8,11.454722,12.221222,7200,11.0,100,100,58.7,9.805714,Very Low,63.8,11.868175,100,1747015200,Very Low,9.6414385,12.706568,Very Low,13.394244,56.2,13.485714,100,1747015200,12.257143
2025-05-12T02:06:27Z,236,29.875,70.2,62,60.0,1,1,17,86,0.0,255,32767,0.0,2127-15-31,0.0,0.16,26.24,0.0,0.0,0.0,0,4.828125,6,45,05:49,20:11,2025-05-12 02:06:27.740598,Città della Scienza,76.3,13.121753,13.549313,12.051799,9.163777,EU EEA Common AQI,63.8,11.454722,12.221222,7200,11.0,100,100,58.7,9.805714,Very Low,63.8,11.868175,100,1747015200,Very Low,9.6414385,12.706568,Very Low,13.394244,56.2,13.485714,100,1747015200,12.257143
2025-05-12T02:06:39Z,236,29.873,70.2,62,60.0,0,1,9,86,0.0,255,32767,0.0,2127-15-31,0.0,0.16,26.24,0.0,0.0,0.0,0,4.828125,6,45,05:49,20:11,2025-05-12 02:06:38.817591,Città della Scienza,76.3,13.121753,13.549313,12.051799,9.163777,EU EEA Common AQI,63.8,11.454722,12.221222,7200,11.0,100,100,58.7,9.805714,Very Low,63.8,11.868175,100,1747015200,Very Low,9.6414385,12.706568,Very Low,13.394244,56.2,13.485714,100,1747015200,12.257143
2025-05-12T02:06:50Z,236,29.873,70.2,62,60.0,1,1,347,86,0.0,255,32767,0.0,2127-15-31,0.0,0.16,26.24,0.0,0.0,0.0,0,4.828125,6,45,05:49,20:11,2025-05-12 02:06:49.899557,Città della Scienza,76.3,13.121753,13.549313,12.051799,9.163777,EU EEA Common AQI,63.8,11.454722,12.221222,7200,11.0,100,100,58.7,9.805714,Very Low,63.8,11.868175,100,1747015200,Very Low,9.6414385,12.706568,Very Low,13.394244,56.2,13.485714,100,1747015200,12.257143
2025-05-12T02:07:01Z,236,29.873,70.2,62,60.0,1,1,32,86,0.0,255,32767,0.0,2127-15-31,0.0,0.16,26.24,0.0,0.0,0.0,0,4.828125,6,45,05:49,20:11,2025-05-12 02:07:01.030590,Città della Scienza,76.3,13.121753,13.549313,12.051799,9.163777,EU EEA Common AQI,63.8,11.454722,12.221222,7200,11.0,100,100,58.7,9.805714,Very Low,63.8,11.868175,100,1747015200,Very Low,9.6414385,12.706568,Very Low,13.394244,56.2,13.485714,100,1747015200,12.257143
2025-05-12T02:07:12Z,236,29.873,70.2,62,59.9,3,1,22,86,0.0,255,32767,0.0,2127-15-31,0.0,0.16,26.24,0.0,0.0,0.0,0,4.828125,6,45,05:49,20:11,2025-05-12 02:07:12.103609,Città della Scienza,76.3,13.121753,13.549313,12.051799,9.163777,EU EEA Common AQI,63.8,11.454722,12.221222,7200,11.0,100,100,58.7,9.805714,Very Low,63.8,11.868175,100,1747015200,Very Low,9.6414385,12.706568,Very Low,13.394244,56.2,13.485714,100,1747015200,12.257143
2025-05-12T02:07:23Z,236,29.873,70.2,62,60.0,2,1,31,86,0.0,255,32767,0.0,2127-15-31,0.0,0.16,26.24,0.0,0.0,0.0,0,4.828125,6,45,05:49,20:11,2025-05-12 02:07:23.274589,Città della Scienza,76.3,13.121753,13.549313,12.051799,9.163777,EU EEA Common AQI,63.8,11.454722,12.221222,7200,11.0,100,100,58.7,9.805714,Very Low,63.8,11.868175,100,1747015200,Very Low,9.6414385,12.706568,Very Low,13.394244,56.2,13.485714,100,1747015200,12.257143
2025-05-12T02:07:34Z,236,29.87,70.2,62,60.0,1,1,23,86,0.0,255,32767,0.0,2127-15-31,0.0,0.16,26.24,0.0,0.0,0.0,0,4.828125,6,45,05:49,20:11,2025-05-12 02:07:34.402594,Città della Scienza,76.3,13.121753,13.549313,12.051799,9.163777,EU EEA Common AQI,63.8,11.454722,12.221222,7200,11.0,100,100,58.7,9.805714,Very Low,63.8,11.868175,100,1747015200,Very Low,9.6414385,12.706568,Very Low,13.394244,56.2,13.485714,100,1747015200,12.257143
2025-05-12T02:07:45Z,236,29.87,70.2,62,60.0,2,1,12,86,0.0,255,32767,0.0,2127-15-31,0.0,0.16,26.24,0.0,0.0,0.0,0,4.828125,6,45,05:49,20:11,2025-05-12 02:07:45.522595,Città della Scienza,76.3,13.121753,13.549313,12.051799,9.163777,EU EEA Common AQI,63.8,11.454722,12.221222,7200,11.0,100,100,58.7,9.805714,Very Low,63.8,11.868175,100,1747015200,Very Low,9.6414385,12.706568,Very Low,13.394244,56.2,13.485714,100,1747015200,12.257143
2025-05-12T02:07:56Z,236,29.87,70.2,62,60.0,3,1,34,86,0.0,255,32767,0.0,2127-15-31,0.0,0.16,26.24,0.0,0.0,0.0,0,4.828125,6,45,05:49,20:11,2025-05-12 02:07:56.600598,Città della Scienza,76.3,13.121753,13.549313,12.051799,9.163777,EU EEA Common AQI,63.8,11.454722,12.221222,7200,11.0,100,100,58.7,9.805714,Very Low,63.8,11.868175,100,1747015200,Very Low,9.6414385,12.706568,Very Low,13.394244,56.2,13.485714,100,1747015200,12.257143
2025-05-12T02:08:07Z,236,29.87,70.2,62,60.0,2,1,30,86,0.0,255,32767,0.0,2127-15-31,0.0,0.16,26.24,0.0,0.0,0.0,0,4.828125,6,45,05:49,20:11,2025-05-12 02:08:07.689596,Città della Scienza,76.3,13.121753,13.549313,12.051799,9.163777,EU EEA Common AQI,63.8,11.454722,12.221222,7200,11.0,100,100,58.7,9.805714,Very Low,63.8,11.868175,100,1747015200,Very Low,9.6414385,12.706568,Very Low,13.394244,56.2,13.485714,100,1747015200,12.257143
2025-05-12T02:08:18Z,236,29.87,70.2,62,60.0,1,1,10,86,0.0,255,32767,0.0,2127-15-31,0.0,0.16,26.24,0.0,0.0,0.0,0,4.828125,6,45,05:49,20:11,2025-05-12 02:08:18.732592,Città della Scienza,76.3,13.121753,13.549313,12.051799,9.163777,EU EEA Common AQI,63.8,11.454722,12.221222,7200,11.0,100,100,58.7,9.805714,Very Low,63.8,11.868175,100,1747015200,Very Low,9.6414385,12.706568,Very Low,13.394244,56.2,13.485714,100,1747015200,12.257143
2025-05-12T02:08:30Z,236,29.87,70.2,62,60.0,0,1,17,86,0.0,255,32767,0.0,2127-15-31,0.0,0.16,26.24,0.0,0.0,0.0,0,4.828125,6,45,05:49,20:11,2025-05-12 02:08:29.829595,Città della Scienza,76.3,13.121753,13.549313,12.051799,9.163777,EU EEA Common AQI,63.8,11.454722,12.221222,7200,11.0,100,100,58.7,9.805714,Very Low,63.8,11.868175,100,1747015200,Very Low,9.6414385,12.706568,Very Low,13.394244,56.2,13.485714,100,1747015200,12.257143
2025-05-12T02:08:41Z,236,29.869,70.2,62,60.0,2,1,20,86,0.0,255,32767,0.0,2127-15-31,0.0,0.16,26.24,0.0,0.0,0.0,0,4.828125,6,45,05:49,20:11,2025-05-12 02:08:40.889600,Città della Scienza,76.3,13.121753,13.549313,12.051799,9.163777,EU EEA Common AQI,63.8,11.454722,12.221222,7200,11.0,100,100,58.7,9.805714,Very Low,63.8,11.868175,100,1747015200,Very Low,9.6414385,12.706568,Very Low,13.394244,56.2,13.485714,100,1747015200,12.257143
2025-05-12T02:08:52Z,236,29.869,70.2,62,60.0,2,1,31,86,0.0,255,32767,0.0,2127-15-31,0.0,0.16,26.24,0.0,0.0,0.0,0,4.828125,6,45,05:49,20:11,2025-05-12 02:08:51.967594,Città della Scienza,76.3,13.121753,13.549313,12.051799,9.163777,EU EEA Common AQI,63.8,11.454722,12.221222,7200,11.0,100,100,58.7,9.805714,Very Low,63.8,11.868175,100,1747015200,Very Low,9.6414385,12.706568,Very Low,13.394244,56.2,13.485714,100,1747015200,12.257143
2025-05-12T02:09:03Z,236,29.869,70.2,62,60.0,2,1,27,86,0.0,255,32767,0.0,2127-15-31,0.0,0.16,26.24,0.0,0.0,0.0,0,4.828125,6,45,05:49,20:11,2025-05-12 02:09:03.022602,Città della Scienza,76.3,13.121753,13.549313,12.051799,9.163777,EU EEA Common AQI,63.8,11.454722,12.221222,7200,11.0,100,100,58.7,9.805714,Very Low,63.8,11.868175,100,1747015200,Very Low,9.6414385,12.706568,Very Low,13.394244,56.2,13.485714,100,1747015200,12.257143
2025-05-12T02:09:14Z,236,29.869,70.2,62,60.0,1,1,27,86,0.0,255,32767,0.0,2127-15-31,0.0,0.16,26.24,0.0,0.0,0.0,0,4.828125,6,45,05:49,20:11,2025-05-12 02:09:14.080597,Città della Scienza,76.3,13.121753,13.549313,12.051799,9.163777,EU EEA Common AQI,63.8,11.454722,12.221222,7200,11.0,100,100,58.7,9.805714,Very Low,63.8,11.868175,100,1747015200,Very Low,9.6414385,12.706568,Very Low,13.394244,56.2,13.485714,100,1747015200,12.257143
2025-05-12T02:09:25Z,236,29.869,70.2,62,60.0,1,1,28,86,0.0,255,32767,0.0,2127-15-31,0.0,0.16,26.24,0.0,0.0,0.0,0,4.828125,6,45,05:49,20:11,2025-05-12 02:09:25.141596,Città della Scienza,76.3,13.121753,13.549313,12.051799,9.163777,EU EEA Common AQI,63.8,11.454722,12.221222,7200,11.0,100,100,58.7,9.805714,Very Low,63.8,11.868175,100,1747015200,Very Low,9.6414385,12.706568,Very Low,13.394244,56.2,13.485714,100,1747015200,12.257143
2025-05-12T02:09:36Z,236,29.867,70.2,62,60.0,2,1,28,86,0.0,255,32767,0.0,2127-15-31,0.0,0.16,26.24,0.0,0.0,0.0,0,4.828125,6,45,05:49,20:11,2025-05-12 02:09:36.206597,Città della Scienza,76.3,13.121753,13.549313,12.051799,9.163777,EU EEA Common AQI,63.8,11.454722,12.221222,7200,11.0,100,100,58.7,9.805714,Very Low,63.8,11.868175,100,1747015200,Very Low,9.6414385,12.706568,Very Low,13.394244,56.2,13.485714,100,1747015200,12.257143
2025-05-12T02:09:47Z,236,29.867,70.2,62,60.0,3,1,24,86,0.0,255,32767,0.0,2127-15-31,0.0,0.16,26.24,0.0,0.0,0.0,0,4.828125,6,45,05:49,20:11,2025-05-12 02:09:47.271590,Città della Scienza,76.3,13.121753,13.549313,12.051799,9.163777,EU EEA Common AQI,63.8,11.454722,12.221222,7200,11.0,100,100,58.7,9.805714,Very Low,63.8,11.868175,100,1747015200,Very Low,9.6414385,12.706568,Very Low,13.394244,56.2,13.485714,100,1747015200,12.257143
2025-05-12T02:09:58Z,236,29.867,70.2,62,60.0,4,1,25,86,0.0,255,32767,0.0,2127-15-31,0.0,0.16,26.24,0.0,0.0,0.0,0,4.828125,6,45,05:49,20:11,2025-05-12 02:09:58.363590,Città della Scienza,76.3,13.121753,13.549313,12.051799,9.163777,EU EEA Common AQI,63.8,11.454722,12.221222,7200,11.0,100,100,58.7,9.805714,Very Low,63.8,11.868175,100,1747015200,Very Low,9.6414385,12.706568,Very Low,13.394244,56.2,13.485714,100,1747015200,12.257143
2025-05-12T02:10:09Z,236,29.867,70.2,62,60.0,2,1,34,86,0.0,255,32767,0.0,2127-15-31,0.0,0.16,26.24,0.0,0.0,0.0,0,4.828125,6,45,05:49,20:11,2025-05-12 02:10:09.418593,Città della Scienza,76.3,13.121753,13.549313,12.051799,9.163777,EU EEA Common AQI,63.8,11.454722,12.221222,7200,11.0,100,100,58.7,9.805714,Very Low,63.8,11.868175,100,1747015200,Very Low,9.6414385,12.706568,Very Low,13.394244,56.2,13.485714,100,1747015200,12.257143
2025-05-12T02:10:20Z,236,29.867,70.2,62,60.0,2,1,31,86,0.0,255,32767,0.0,2127-15-31,0.0,0.16,26.24,0.0,0.0,0.0,0,4.828125,6,45,05:49,20:11,2025-05-12 02:10:20.509592,Città della Scienza,76.3,13.121753,13.549313,12.051799,9.163777,EU EEA Common AQI,63.8,11.454722,12.221222,7200,11.0,100,100,58.7,9.805714,Very Low,63.8,11.868175,100,1747015200,Very Low,9.6414385,12.706568,Very Low,13.394244,56.2,13.485714,100,1747015200,12.257143
2025-05-12T02:10:31Z,236,29.867,70.2,62,60.0,2,2,26,86,0.0,255,32767,0.0,2127-15-31,0.0,0.16,26.24,0.0,0.0,0.0,0,4.828125,6,45,05:49,20:11,2025-05-12 02:10:31.609594,Città della Scienza,76.3,13.121753,13.549313,12.051799,9.163777,EU EEA Common AQI,63.8,11.454722,12.221222,7200,11.0,100,100,58.7,9.805714,Very Low,63.8,11.868175,100,1747015200,Very Low,9.6414385,12.706568,Very Low,13.394244,56.2,13.485714,100,1747015200,12.257143
2025-05-12T02:10:42Z,236,29.87,70.2,62,60.0,2,2,43,86,0.0,255,32767,0.0,2127-15-31,0.0,0.16,26.24,0.0,0.0,0.0,0,4.828125,6,45,05:49,20:11,2025-05-12 02:10:42.713591,Città della Scienza,76.3,13.121753,13.549313,12.051799,9.163777,EU EEA Common AQI,63.8,11.454722,12.221222,7200,11.0,100,100,58.7,9.805714,Very Low,63.8,11.868175,100,1747015200,Very Low,9.6414385,12.706568,Very Low,13.394244,56.2,13.485714,100,1747015200,12.257143
2025-05-12T02:10:53Z,236,29.87,70.2,62,60.0,1,2,5,86,0.0,255,32767,0.0,2127-15-31,0.0,0.16,26.24,0.0,0.0,0.0,0,4.828125,6,45,05:49,20:11,2025-05-12 02:10:53.764600,Città della Scienza,76.3,13.121753,13.549313,12.051799,9.163777,EU EEA Common AQI,63.8,11.454722,12.221222,7200,11.0,100,100,58.7,9.805714,Very Low,63.8,11.868175,100,1747015200,Very Low,9.6414385,12.706568,Very Low,13.394244,56.2,13.485714,100,1747015200,12.257143
2025-05-12T02:11:05Z,236,29.87,70.2,62,60.0,0,2,360,86,0.0,255,32767,0.0,2127-15-31,0.0,0.16,26.24,0.0,0.0,0.0,0,4.828125,6,45,05:49,20:11,2025-05-12 02:11:04.857601,Città della Scienza,76.3,13.121753,13.549313,12.051799,9.163777,EU EEA Common AQI,63.8,11.454722,12.221222,7200,11.0,100,100,58.7,9.805714,Very Low,63.8,11.868175,100,1747015200,Very Low,9.6414385,12.706568,Very Low,13.394244,56.2,13.485714,100,1747015200,12.257143
2025-05-12T02:11:16Z,236,29.87,70.2,62,60.0,2,2,57,86,0.0,255,32767,0.0,2127-15-31,0.0,0.16,26.24,0.0,0.0,0.0,0,4.828125,6,45,05:49,20:11,2025-05-12 02:11:15.957597,Città della Scienza,76.3,13.121753,13.549313,12.051799,9.163777,EU EEA Common AQI,63.8,11.454722,12.221222,7200,11.0,100,100,58.7,9.805714,Very Low,63.8,11.868175,100,1747015200,Very Low,9.6414385,12.706568,Very Low,13.394244,56.2,13.485714,100,1747015200,12.257143
2025-05-12T02:11:27Z,236,29.87,70.2,62,60.0,1,2,44,86,0.0,255,32767,0.0,2127-15-31,0.0,0.16,26.24,0.0,0.0,0.0,0,4.828125,6,45,05:49,20:11,2025-05-12 02:11:27.041598,Città della Scienza,76.3,13.121753,13.549313,12.051799,9.163777,EU EEA Common AQI,63.8,11.454722,12.221222,7200,11.0,100,100,58.7,9.805714,Very Low,63.8,11.868175,100,1747015200,Very Low,9.6414385,12.706568,Very Low,13.394244,56.2,13.485714,100,1747015200,12.257143
2025-05-12T02:11:38Z,236,29.867,70.2,62,60.1,1,2,32,86,0.0,255,32767,0.0,2127-15-31,0.0,0.16,26.24,0.0,0.0,0.0,0,4.828125,6,45,05:49,20:11,2025-05-12 02:11:38.154592,Città della Scienza,76.3,13.121753,13.549313,12.051799,9.163777,EU EEA Common AQI,63.8,11.454722,12.221222,7200,11.0,100,100,58.7,9.805714,Very Low,63.8,11.868175,100,1747015200,Very Low,9.6414385,12.706568,Very Low,13.394244,56.2,13.485714,100,1747015200,12.257143
2025-05-12T02:11:49Z,236,29.867,70.2,62,60.1,2,2,17,86,0.0,255,32767,0.0,2127-15-31,0.0,0.16,26.24,0.0,0.0,0.0,0,4.828125,6,45,05:49,20:11,2025-05-12 02:11:49.238592,Città della Scienza,76.3,13.121753,13.549313,12.051799,9.163777,EU EEA Common AQI,63.8,11.454722,12.221222,7200,11.0,100,100,58.7,9.805714,Very Low,63.8,11.868175,100,1747015200,Very Low,9.6414385,12.706568,Very Low,13.394244,56.2,13.485714,100,1747015200,12.257143
2025-05-12T02:12:00Z,236,29.867,70.2,62,60.1,2,2,13,86,0.0,255,32767,0.0,2127-15-31,0.0,0.16,26.24,0.0,0.0,0.0,0,4.828125,6,45,05:49,20:11,2025-05-12 02:12:00.306600,Città della Scienza,76.3,13.121753,13.549313,12.051799,9.163777,EU EEA Common AQI,63.8,11.454722,12.221222,7200,11.0,100,100,58.7,9.805714,Very Low,63.8,11.868175,100,1747015200,Very Low,9.6414385,12.706568,Very Low,13.394244,56.2,13.485714,100,1747015200,12.257143
2025-05-12T02:12:11Z,236,29.867,70.2,62,60.1,2,2,19,86,0.0,255,32767,0.0,2127-15-31,0.0,0.16,26.24,0.0,0.0,0.0,0,4.828125,6,45,05:49,20:11,2025-05-12 02:12:11.371565,Città della Scienza,76.3,13.121753,13.549313,12.051799,9.163777,EU EEA Common AQI,63.8,11.454722,12.221222,7200,11.0,100,100,58.7,9.805714,Very Low,63.8,11.868175,100,1747015200,Very Low,9.6414385,12.706568,Very Low,13.394244,56.2,13.485714,100,1747015200,12.257143
2025-05-12T02:12:22Z,236,29.867,70.2,62,60.2,2,2,13,86,0.0,255,32767,0.0,2127-15-31,0.0,0.16,26.24,0.0,0.0,0.0,0,4.828125,6,45,05:49,20:11,2025-05-12 02:12:22.452603,Città della Scienza,76.3,13.121753,13.549313,12.051799,9.163777,EU EEA Common AQI,63.8,11.454722,12.221222,7200,11.0,100,100,58.7,9.805714,Very Low,63.8,11.868175,100,1747015200,Very Low,9.6414385,12.706568,Very Low,13.394244,56.2,13.485714,100,1747015200,12.257143
2025-05-12T02:12:33Z,236,29.864,70.2,62,60.1,1,2,347,86,0.0,255,32767,0.0,2127-15-31,0.0,0.16,26.24,0.0,0.0,0.0,0,4.828125,6,45,05:49,20:11,2025-05-12 02:12:33.530551,Città della Scienza,76.3,13.121753,13.549313,12.051799,9.163777,EU EEA Common AQI,63.8,11.454722,12.221222,7200,11.0,100,100,58.7,9.805714,Very Low,63.8,11.868175,100,1747015200,Very Low,9.6414385,12.706568,Very Low,13.394244,56.2,13.485714,100,1747015200,12.257143
2025-05-12T02:12:44Z,236,29.864,70.2,62,60.2,0,2,15,86,0.0,255,32767,0.0,2127-15-31,0.0,0.16,26.24,0.0,0.0,0.0,0,4.828125,6,45,05:49,20:11,2025-05-12 02:12:44.601590,Città della Scienza,76.3,13.121753,13.549313,12.051799,9.163777,EU EEA Common AQI,63.8,11.454722,12.221222,7200,11.0,100,100,58.7,9.805714,Very Low,63.8,11.868175,100,1747015200,Very Low,9.6414385,12.706568,Very Low,13.394244,56.2,13.485714,100,1747015200,12.257143
2025-05-12T02:12:55Z,236,29.864,70.2,62,60.1,1,2,20,86,0.0,255,32767,0.0,2127-15-31,0.0,0.16,26.24,0.0,0.0,0.0,0,4.828125,6,45,05:49,20:11,2025-05-12 02:12:55.697602,Città della Scienza,76.3,13.121753,13.549313,12.051799,9.163777,EU EEA Common AQI,63.8,11.454722,12.221222,7200,11.0,100,100,58.7,9.805714,Very Low,63.8,11.868175,100,1747015200,Very Low,9.6414385,12.706568,Very Low,13.394244,56.2,13.485714,100,1747015200,12.257143
2025-05-12T02:13:06Z,236,29.864,70.2,62,60.1,1,2,10,86,0.0,255,32767,0.0,2127-15-31,0.0,0.16,26.24,0.0,0.0,0.0,0,4.828125,6,45,05:49,20:11,2025-05-12 02:13:06.789595,Città della Scienza,76.3,13.121753,13.549313,12.051799,9.163777,EU EEA Common AQI,63.8,11.454722,12.221222,7200,11.0,100,100,58.7,9.805714,Very Low,63.8,11.868175,100,1747015200,Very Low,9.6414385,12.706568,Very Low,13.394244,56.2,13.485714,100,1747015200,12.257143
2025-05-12T02:13:18Z,236,29.864,70.2,62,60.1,1,2,35,86,0.0,255,32767,0.0,2127-15-31,0.0,0.16,26.24,0.0,0.0,0.0,0,4.828125,6,45,05:49,20:11,2025-05-12 02:13:17.886608,Città della Scienza,76.3,13.121753,13.549313,12.051799,9.163777,EU EEA Common AQI,63.8,11.454722,12.221222,7200,11.0,100,100,58.7,9.805714,Very Low,63.8,11.868175,100,1747015200,Very Low,9.6414385,12.706568,Very Low,13.394244,56.2,13.485714,100,1747015200,12.257143
2025-05-12T02:13:29Z,236,29.864,70.2,62,60.2,0,2,32,86,0.0,255,32767,0.0,2127-15-31,0.0,0.16,26.24,0.0,0.0,0.0,0,4.828125,6,45,05:49,20:11,2025-05-12 02:13:28.986592,Città della Scienza,76.3,13.121753,13.549313,12.051799,9.163777,EU EEA Common AQI,63.8,11.454722,12.221222,7200,11.0,100,100,58.7,9.805714,Very Low,63.8,11.868175,100,1747015200,Very Low,9.6414385,12.706568,Very Low,13.394244,56.2,13.485714,100,1747015200,12.257143
2025-05-12T02:13:40Z,236,29.864,70.2,62,60.2,1,2,26,86,0.0,255,32767,0.0,2127-15-31,0.0,0.16,26.24,0.0,0.0,0.0,0,4.828125,6,45,05:49,20:11,2025-05-12 02:13:40.026588,Città della Scienza,76.3,13.121753,13.549313,12.051799,9.163777,EU EEA Common AQI,63.8,11.454722,12.221222,7200,11.0,100,100,58.7,9.805714,Very Low,63.8,11.868175,100,1747015200,Very Low,9.6414385,12.706568,Very Low,13.394244,56.2,13.485714,100,1747015200,12.257143
2025-05-12T02:13:51Z,236,29.864,70.2,62,60.2,2,2,31,86,0.0,255,32767,0.0,2127-15-31,0.0,0.16,26.24,0.0,0.0,0.0,0,4.828125,6,45,05:49,20:11,2025-05-12 02:13:51.081609,Città della Scienza,76.3,13.121753,13.549313,12.051799,9.163777,EU EEA Common AQI,63.8,11.454722,12.221222,7200,11.0,100,100,58.7,9.805714,Very Low,63.8,11.868175,100,1747015200,Very Low,9.6414385,12.706568,Very Low,13.394244,56.2,13.485714,100,1747015200,12.257143
2025-05-12T02:14:02Z,236,29.864,70.2,62,60.2,1,2,45,86,0.0,255,32767,0.0,2127-15-31,0.0,0.16,26.24,0.0,0.0,0.0,0,4.828125,6,45,05:49,20:11,2025-05-12 02:14:02.165598,Città della Scienza,76.3,13.121753,13.549313,12.051799,9.163777,EU EEA Common AQI,63.8,11.454722,12.221222,7200,11.0,100,100,58.7,9.805714,Very Low,63.8,11.868175,100,1747015200,Very Low,9.6414385,12.706568,Very Low,13.394244,56.2,13.485714,100,1747015200,12.257143
2025-05-12T02:14:13Z,236,29.864,70.2,62,60.2,0,2,31,86,0.0,255,32767,0.0,2127-15-31,0.0,0.16,26.24,0.0,0.0,0.0,0,4.828125,6,45,05:49,20:11,2025-05-12 02:14:13.284595,Città della Scienza,76.3,13.121753,13.549313,12.051799,9.163777,EU EEA Common AQI,63.8,11.454722,12.221222,7200,11.0,100,100,58.7,9.805714,Very Low,63.8,11.868175,100,1747015200,Very Low,9.6414385,12.706568,Very Low,13.394244,56.2,13.485714,100,1747015200,12.257143
2025-05-12T02:14:24Z,236,29.864,70.2,62,60.2,0,2,360,86,0.0,255,32767,0.0,2127-15-31,0.0,0.16,26.24,0.0,0.0,0.0,0,4.828125,6,45,05:49,20:11,2025-05-12 02:14:24.363557,Città della Scienza,76.3,13.121753,13.549313,12.051799,9.163777,EU EEA Common AQI,63.8,11.454722,12.221222,7200,11.0,100,100,58.7,9.805714,Very Low,63.8,11.868175,100,1747015200,Very Low,9.6414385,12.706568,Very Low,13.394244,56.2,13.485714,100,1747015200,12.257143
2025-05-12T02:14:35Z,236,29.863,70.3,62,60.3,1,2,16,86,0.0,255,32767,0.0,2127-15-31,0.0,0.16,26.24,0.0,0.0,0.0,0,4.828125,6,45,05:49,20:11,2025-05-12 02:14:35.451598,Città della Scienza,76.3,13.121753,13.549313,12.051799,9.163777,EU EEA Common AQI,63.8,11.454722,12.221222,7200,11.0,100,100,58.7,9.805714,Very Low,63.8,11.868175,100,1747015200,Very Low,9.6414385,12.706568,Very Low,13.394244,56.2,13.485714,100,1747015200,12.257143
2025-05-12T02:14:46Z,236,29.863,70.3,62,60.2,1,2,5,86,0.0,255,32767,0.0,2127-15-31,0.0,0.16,26.24,0.0,0.0,0.0,0,4.828125,6,45,05:49,20:11,2025-05-12 02:14:46.538594,Città della Scienza,76.3,13.121753,13.549313,12.051799,9.163777,EU EEA Common AQI,63.8,11.454722,12.221222,7200,11.0,100,100,58.7,9.805714,Very Low,63.8,11.868175,100,1747015200,Very Low,9.6414385,12.706568,Very Low,13.394244,56.2,13.485714,100,1747015200,12.257143
2025-05-12T02:14:57Z,236,29.863,70.3,62,60.2,1,2,27,86,0.0,255,32767,0.0,2127-15-31,0.0,0.16,26.24,0.0,0.0,0.0,0,4.828125,6,45,05:49,20:11,2025-05-12 02:14:57.630611,Città della Scienza,76.3,13.121753,13.549313,12.051799,9.163777,EU EEA Common AQI,63.8,11.454722,12.221222,7200,11.0,100,100,58.7,9.805714,Very Low,63.8,11.868175,100,1747015200,Very Low,9.6414385,12.706568,Very Low,13.394244,56.2,13.485714,100,1747015200,12.257143
2025-05-12T02:15:08Z,236,29.863,70.3,62,60.2,1,2,22,86,0.0,255,32767,0.0,2127-15-31,0.0,0.16,26.24,0.0,0.0,0.0,0,4.828125,6,45,05:49,20:11,2025-05-12 02:15:08.731568,Città della Scienza,76.3,13.121753,13.549313,12.051799,9.163777,EU EEA Common AQI,63.8,11.454722,12.221222,7200,11.0,100,100,58.7,9.805714,Very Low,63.8,11.868175,100,1747015200,Very Low,9.6414385,12.706568,Very Low,13.394244,56.2,13.485714,100,1747015200,12.257143
2025-05-12T02:15:20Z,236,29.863,70.3,62,60.2,2,2,27,86,0.0,255,32767,0.0,2127-15-31,0.0,0.16,26.24,0.0,0.0,0.0,0,4.828125,6,45,05:49,20:11,2025-05-12 02:15:19.838588,Città della Scienza,76.3,13.121753,13.549313,12.051799,9.163777,EU EEA Common AQI,63.8,11.454722,12.221222,7200,11.0,100,100,58.7,9.805714,Very Low,63.8,11.868175,100,1747015200,Very Low,9.6414385,12.706568,Very Low,13.394244,56.2,13.485714,100,1747015200,12.257143
2025-05-12T02:15:31Z,236,29.863,70.3,62,60.3,0,2,355,86,0.0,255,32767,0.0,2127-15-31,0.0,0.16,26.24,0.0,0.0,0.0,0,4.828125,6,45,05:49,20:11,2025-05-12 02:15:30.915590,Città della Scienza,76.9,13.261534,13.446012,11.977458,9.189979,EU EEA Common AQI,63.8,11.487474,12.126766,7200,9.585714,100,100,58.8,8.628571,Very Low,63.8,12.019429,100,1747016100,Very Low,9.581966,12.717181,Very Low,13.222062,56.4,12.685715,100,1747016100,10.785714
2025-05-12T02:15:42Z,236,29.863,70.3,62,60.3,0,2,13,86,0.0,255,32767,0.0,2127-15-31,0.0,0.16,26.24,0.0,0.0,0.0,0,4.828125,6,45,05:49,20:11,2025-05-12 02:15:42.026589,Città della Scienza,76.9,13.261534,13.446012,11.977458,9.189979,EU EEA Common AQI,63.8,11.487474,12.126766,7200,9.585714,100,100,58.8,8.628571,Very Low,63.8,12.019429,100,1747016100,Very Low,9.581966,12.717181,Very Low,13.222062,56.4,12.685715,100,1747016100,10.785714
2025-05-12T02:15:53Z,236,29.863,70.3,62,60.3,1,2,11,86,0.0,255,32767,0.0,2127-15-31,0.0,0.16,26.24,0.0,0.0,0.0,0,4.828125,6,45,05:49,20:11,2025-05-12 02:15:53.100586,Città della Scienza,76.9,13.261534,13.446012,11.977458,9.189979,EU EEA Common AQI,63.8,11.487474,12.126766,7200,9.585714,100,100,58.8,8.628571,Very Low,63.8,12.019429,100,1747016100,Very Low,9.581966,12.717181,Very Low,13.222062,56.4,12.685715,100,1747016100,10.785714
2025-05-12T02:16:04Z,236,29.863,70.3,62,60.3,1,2,21,86,0.0,255,32767,0.0,2127-15-31,0.0,0.16,26.24,0.0,0.0,0.0,0,4.828125,6,45,05:49,20:11,2025-05-12 02:16:04.201596,Città della Scienza,76.9,13.261534,13.446012,11.977458,9.189979,EU EEA Common AQI,63.8,11.487474,12.126766,7200,9.585714,100,100,58.8,8.628571,Very Low,63.8,12.019429,100,1747016100,Very Low,9.581966,12.717181,Very Low,13.222062,56.4,12.685715,100,1747016100,10.785714
2025-05-12T02:16:15Z,236,29.863,70.3,62,60.3,1,2,42,86,0.0,255,32767,0.0,2127-15-31,0.0,0.16,26.24,0.0,0.0,0.0,0,4.828125,6,45,05:49,20:11,2025-05-12 02:16:15.317591,Città della Scienza,76.9,13.261534,13.446012,11.977458,9.189979,EU EEA Common AQI,63.8,11.487474,12.126766,7200,9.585714,100,100,58.8,8.628571,Very Low,63.8,12.019429,100,1747016100,Very Low,9.581966,12.717181,Very Low,13.222062,56.4,12.685715,100,1747016100,10.785714
2025-05-12T02:16:26Z,236,29.863,70.3,62,60.3,0,2,346,86,0.0,255,32767,0.0,2127-15-31,0.0,0.16,26.24,0.0,0.0,0.0,0,4.828125,6,45,05:49,20:11,2025-05-12 02:16:26.407555,Città della Scienza,76.9,13.261534,13.446012,11.977458,9.189979,EU EEA Common AQI,63.8,11.487474,12.126766,7200,9.585714,100,100,58.8,8.628571,Very Low,63.8,12.019429,100,1747016100,Very Low,9.581966,12.717181,Very Low,13.222062,56.4,12.685715,100,1747016100,10.785714
2025-05-12T02:16:37Z,236,29.862,70.3,62,60.3,0,2,32,86,0.0,255,32767,0.0,2127-15-31,0.0,0.16,26.24,0.0,0.0,0.0,0,4.828125,6,45,05:49,20:11,2025-05-12 02:16:37.488594,Città della Scienza,76.9,13.261534,13.446012,11.977458,9.189979,EU EEA Common AQI,63.8,11.487474,12.126766,7200,9.585714,100,100,58.8,8.628571,Very Low,63.8,12.019429,100,1747016100,Very Low,9.581966,12.717181,Very Low,13.222062,56.4,12.685715,100,1747016100,10.785714
2025-05-12T02:16:48Z,236,29.862,70.3,62,60.3,1,2,34,86,0.0,255,32767,0.0,2127-15-31,0.0,0.16,26.24,0.0,0.0,0.0,0,4.828125,6,45,05:49,20:11,2025-05-12 02:16:48.571597,Città della Scienza,76.9,13.261534,13.446012,11.977458,9.189979,EU EEA Common AQI,63.8,11.487474,12.126766,7200,9.585714,100,100,58.8,8.628571,Very Low,63.8,12.019429,100,1747016100,Very Low,9.581966,12.717181,Very Low,13.222062,56.4,12.685715,100,1747016100,10.785714
2025-05-12T02:16:59Z,236,29.862,70.3,62,60.3,0,2,30,86,0.0,255,32767,0.0,2127-15-31,0.0,0.16,26.24,0.0,0.0,0.0,0,4.828125,6,45,05:49,20:11,2025-05-12 02:16:59.674602,Città della Scienza,76.9,13.261534,13.446012,11.977458,9.189979,EU EEA Common AQI,63.8,11.487474,12.126766,7200,9.585714,100,100,58.8,8.628571,Very Low,63.8,12.019429,100,1747016100,Very Low,9.581966,12.717181,Very Low,13.222062,56.4,12.685715,100,1747016100,10.785714
2025-05-12T02:17:10Z,236,29.862,70.3,62,60.3,1,2,5,86,0.0,255,32767,0.0,2127-15-31,0.0,0.16,26.24,0.0,0.0,0.0,0,4.828125,6,45,05:49,20:11,2025-05-12 02:17:10.763620,Città della Scienza,76.9,13.261534,13.446012,11.977458,9.189979,EU EEA Common AQI,63.8,11.487474,12.126766,7200,9.585714,100,100,58.8,8.628571,Very Low,63.8,12.019429,100,1747016100,Very Low,9.581966,12.717181,Very Low,13.222062,56.4,12.685715,100,1747016100,10.785714
2025-05-12T02:17:22Z,236,29.862,70.3,62,60.3,0,2,9,86,0.0,255,32767,0.0,2127-15-31,0.0,0.16,26.24,0.0,0.0,0.0,0,4.828125,6,45,05:49,20:11,2025-05-12 02:17:21.839589,Città della Scienza,76.9,13.261534,13.446012,11.977458,9.189979,EU EEA Common AQI,63.8,11.487474,12.126766,7200,9.585714,100,100,58.8,8.628571,Very Low,63.8,12.019429,100,1747016100,Very Low,9.581966,12.717181,Very Low,13.222062,56.4,12.685715,100,1747016100,10.785714
2025-05-12T02:17:33Z,236,29.864,70.3,62,60.3,2,2,23,86,0.0,255,32767,0.0,2127-15-31,0.0,0.16,26.24,0.0,0.0,0.0,0,4.828125,6,45,05:49,20:11,2025-05-12 02:17:32.892586,Città della Scienza,76.9,13.261534,13.446012,11.977458,9.189979,EU EEA Common AQI,63.8,11.487474,12.126766,7200,9.585714,100,100,58.8,8.628571,Very Low,63.8,12.019429,100,1747016100,Very Low,9.581966,12.717181,Very Low,13.222062,56.4,12.685715,100,1747016100,10.785714
2025-05-12T02:17:44Z,236,29.864,70.3,62,60.4,1,2,19,86,0.0,255,32767,0.0,2127-15-31,0.0,0.16,26.24,0.0,0.0,0.0,0,4.828125,6,45,05:49,20:11,2025-05-12 02:17:43.996604,Città della Scienza,76.9,13.261534,13.446012,11.977458,9.189979,EU EEA Common AQI,63.8,11.487474,12.126766,7200,9.585714,100,100,58.8,8.628571,Very Low,63.8,12.019429,100,1747016100,Very Low,9.581966,12.717181,Very Low,13.222062,56.4,12.685715,100,1747016100,10.785714
2025-05-12T02:17:55Z,236,29.864,70.3,62,60.4,2,2,13,86,0.0,255,32767,0.0,2127-15-31,0.0,0.16,26.24,0.0,0.0,0.0,0,4.828125,6,45,05:49,20:11,2025-05-12 02:17:55.086599,Città della Scienza,76.9,13.261534,13.446012,11.977458,9.189979,EU EEA Common AQI,63.8,11.487474,12.126766,7200,9.585714,100,100,58.8,8.628571,Very Low,63.8,12.019429,100,1747016100,Very Low,9.581966,12.717181,Very Low,13.222062,56.4,12.685715,100,1747016100,10.785714
2025-05-12T02:18:06Z,236,29.864,70.3,62,60.4,1,2,39,86,0.0,255,32767,0.0,2127-15-31,0.0,0.16,26.24,0.0,0.0,0.0,0,4.828125,6,45,05:49,20:11,2025-05-12 02:18:06.167591,Città della Scienza,76.9,13.261534,13.446012,11.977458,9.189979,EU EEA Common AQI,63.8,11.487474,12.126766,7200,9.585714,100,100,58.8,8.628571,Very Low,63.8,12.019429,100,1747016100,Very Low,9.581966,12.717181,Very Low,13.222062,56.4,12.685715,100,1747016100,10.785714
2025-05-12T02:18:17Z,236,29.864,70.3,62,60.4,2,2,22,86,0.0,255,32767,0.0,2127-15-31,0.0,0.16,26.24,0.0,0.0,0.0,0,4.828125,6,45,05:49,20:11,2025-05-12 02:18:17.225597,Città della Scienza,76.9,13.261534,13.446012,11.977458,9.189979,EU EEA Common AQI,63.8,11.487474,12.126766,7200,9.585714,100,100,58.8,8.628571,Very Low,63.8,12.019429,100,1747016100,Very Low,9.581966,12.717181,Very Low,13.222062,56.4,12.685715,100,1747016100,10.785714
2025-05-12T02:18:28Z,236,29.864,70.3,62,60.4,1,2,13,86,0.0,255,32767,0.0,2127-15-31,0.0,0.16,26.24,0.0,0.0,0.0,0,4.828125,6,45,05:49,20:11,2025-05-12 02:18:28.316591,Città della Scienza,76.9,13.261534,13.446012,11.977458,9.189979,EU EEA Common AQI,63.8,11.487474,12.126766,7200,9.585714,100,100,58.8,8.628571,Very Low,63.8,12.019429,100,1747016100,Very Low,9.581966,12.717181,Very Low,13.222062,56.4,12.685715,100,1747016100,10.785714
2025-05-12T02:18:39Z,236,29.862,70.3,62,60.4,0,1,14,86,0.0,255,32767,0.0,2127-15-31,0.0,0.16,26.24,0.0,0.0,0.0,0,4.828125,6,45,05:49,20:11,2025-05-12 02:18:39.396593,Città della Scienza,76.9,13.261534,13.446012,11.977458,9.189979,EU EEA Common AQI,63.8,11.487474,12.126766,7200,9.585714,100,100,58.8,8.628571,Very Low,63.8,12.019429,100,1747016100,Very Low,9.581966,12.717181,Very Low,13.222062,56.4,12.685715,100,1747016100,10.785714
2025-05-12T02:18:50Z,236,29.862,70.3,62,60.4,2,1,29,86,0.0,255,32767,0.0,2127-15-31,0.0,0.16,26.24,0.0,0.0,0.0,0,4.828125,6,45,05:49,20:11,2025-05-12 02:18:50.469586,Città della Scienza,76.9,13.261534,13.446012,11.977458,9.189979,EU EEA Common AQI,63.8,11.487474,12.126766,7200,9.585714,100,100,58.8,8.628571,Very Low,63.8,12.019429,100,1747016100,Very Low,9.581966,12.717181,Very Low,13.222062,56.4,12.685715,100,1747016100,10.785714
2025-05-12T02:19:01Z,236,29.862,70.3,62,60.4,2,1,36,86,0.0,255,32767,0.0,2127-15-31,0.0,0.16,26.24,0.0,0.0,0.0,0,4.828125,6,45,05:49,20:11,2025-05-12 02:19:01.524588,Città della Scienza,76.9,13.261534,13.446012,11.977458,9.189979,EU EEA Common AQI,63.8,11.487474,12.126766,7200,9.585714,100,100,58.8,8.628571,Very Low,63.8,12.019429,100,1747016100,Very Low,9.581966,12.717181,Very Low,13.222062,56.4,12.685715,100,1747016100,10.785714
2025-05-12T02:19:12Z,236,29.862,70.3,62,60.4,2,1,24,86,0.0,255,32767,0.0,2127-15-31,0.0,0.16,26.24,0.0,0.0,0.0,0,4.828125,6,45,05:49,20:11,2025-05-12 02:19:12.613614,Città della Scienza,76.9,13.261534,13.446012,11.977458,9.189979,EU EEA Common AQI,63.8,11.487474,12.126766,7200,9.585714,100,100,58.8,8.628571,Very Low,63.8,12.019429,100,1747016100,Very Low,9.581966,12.717181,Very Low,13.222062,56.4,12.685715,100,1747016100,10.785714
2025-05-12T02:19:23Z,236,29.862,70.3,62,60.4,2,1,28,86,0.0,255,32767,0.0,2127-15-31,0.0,0.16,26.24,0.0,0.0,0.0,0,4.828125,6,45,05:49,20:11,2025-05-12 02:19:23.701590,Città della Scienza,76.9,13.261534,13.446012,11.977458,9.189979,EU EEA Common AQI,63.8,11.487474,12.126766,7200,9.585714,100,100,58.8,8.628571,Very Low,63.8,12.019429,100,1747016100,Very Low,9.581966,12.717181,Very Low,13.222062,56.4,12.685715,100,1747016100,10.785714
2025-05-12T02:19:35Z,236,29.86,70.3,62,60.4,1,1,34,86,0.0,255,32767,0.0,2127-15-31,0.0,0.16,26.24,0.0,0.0,0.0,0,4.828125,6,45,05:49,20:11,2025-05-12 02:19:34.802585,Città della Scienza,76.9,13.261534,13.446012,11.977458,9.189979,EU EEA Common AQI,63.8,11.487474,12.126766,7200,9.585714,100,100,58.8,8.628571,Very Low,63.8,12.019429,100,1747016100,Very Low,9.581966,12.717181,Very Low,13.222062,56.4,12.685715,100,1747016100,10.785714
2025-05-12T02:19:46Z,236,29.86,70.3,62,60.5,3,1,34,86,0.0,255,32767,0.0,2127-15-31,0.0,0.16,26.24,0.0,0.0,0.0,0,4.828125,6,45,05:49,20:11,2025-05-12 02:19:45.888597,Città della Scienza,76.9,13.261534,13.446012,11.977458,9.189979,EU EEA Common AQI,63.8,11.487474,12.126766,7200,9.585714,100,100,58.8,8.628571,Very Low,63.8,12.019429,100,1747016100,Very Low,9.581966,12.717181,Very Low,13.222062,56.4,12.685715,100,1747016100,10.785714
2025-05-12T02:19:57Z,236,29.86,70.3,62,60.4,1,1,45,86,0.0,255,32767,0.0,2127-15-31,0.0,0.16,26.24,0.0,0.0,0.0,0,4.828125,6,45,05:49,20:11,2025-05-12 02:19:56.986600,Città della Scienza,76.9,13.261534,13.446012,11.977458,9.189979,EU EEA Common AQI,63.8,11.487474,12.126766,7200,9.585714,100,100,58.8,8.628571,Very Low,63.8,12.019429,100,1747016100,Very Low,9.581966,12.717181,Very Low,13.222062,56.4,12.685715,100,1747016100,10.785714
2025-05-12T02:20:08Z,236,29.86,70.3,62,60.4,0,1,16,86,0.0,255,32767,0.0,2127-15-31,0.0,0.16,26.24,0.0,0.0,0.0,0,4.828125,6,45,05:49,20:11,2025-05-12 02:20:08.097601,Città della Scienza,76.9,13.261534,13.446012,11.977458,9.189979,EU EEA Common AQI,63.8,11.487474,12.126766,7200,9.585714,100,100,58.8,8.628571,Very Low,63.8,12.019429,100,1747016100,Very Low,9.581966,12.717181,Very Low,13.222062,56.4,12.685715,100,1747016100,10.785714
2025-05-12T02:20:19Z,236,29.86,70.3,62,60.4,1,1,349,86,0.0,255,32767,0.0,2127-15-31,0.0,0.16,26.24,0.0,0.0,0.0,0,4.828125,6,45,05:49,20:11,2025-05-12 02:20:19.172591,Città della Scienza,76.9,13.261534,13.446012,11.977458,9.189979,EU EEA Common AQI,63.8,11.487474,12.126766,7200,9.585714,100,100,58.8,8.628571,Very Low,63.8,12.019429,100,1747016100,Very Low,9.581966,12.717181,Very Low,13.222062,56.4,12.685715,100,1747016100,10.785714
2025-05-12T02:20:30Z,236,29.86,70.3,62,60.5,0,1,336,86,0.0,255,32767,0.0,2127-15-31,0.0,0.16,26.24,0.0,0.0,0.0,0,4.828125,6,45,05:49,20:11,2025-05-12 02:20:30.257588,Città della Scienza,76.9,13.261534,13.446012,11.977458,9.189979,EU EEA Common AQI,63.8,11.487474,12.126766,7200,9.585714,100,100,58.8,8.628571,Very Low,63.8,12.019429,100,1747016100,Very Low,9.581966,12.717181,Very Low,13.222062,56.4,12.685715,100,1747016100,10.785714
2025-05-12T02:20:41Z,236,29.861,70.3,62,60.5,1,1,22,86,0.0,255,32767,0.0,2127-15-31,0.0,0.16,26.24,0.0,0.0,0.0,0,4.828125,6,45,05:49,20:11,2025-05-12 02:20:41.349593,Città della Scienza,76.9,13.261534,13.446012,11.977458,9.189979,EU EEA Common AQI,63.8,11.487474,12.126766,7200,9.585714,100,100,58.8,8.628571,Very Low,63.8,12.019429,100,1747016100,Very Low,9.581966,12.717181,Very Low,13.222062,56.4,12.685715,100,1747016100,10.785714
2025-05-12T02:20:52Z,236,29.861,70.3,62,60.5,1,1,5,86,0.0,255,32767,0.0,2127-15-31,0.0,0.16,26.24,0.0,0.0,0.0,0,4.828125,6,45,05:49,20:11,2025-05-12 02:20:52.428597,Città della Scienza,76.9,13.261534,13.446012,11.977458,9.189979,EU EEA Common AQI,63.8,11.487474,12.126766,7200,9.585714,100,100,58.8,8.628571,Very Low,63.8,12.019429,100,1747016100,Very Low,9.581966,12.717181,Very Low,13.222062,56.4,12.685715,100,1747016100,10.785714
2025-05-12T02:21:03Z,236,29.861,70.3,62,60.5,0,1,16,86,0.0,255,32767,0.0,2127-15-31,0.0,0.16,26.24,0.0,0.0,0.0,0,4.828125,6,45,05:49,20:11,2025-05-12 02:21:03.481588,Città della Scienza,76.9,13.261534,13.446012,11.977458,9.189979,EU EEA Common AQI,63.8,11.487474,12.126766,7200,9.585714,100,100,58.8,8.628571,Very Low,63.8,12.019429,100,1747016100,Very Low,9.581966,12.717181,Very Low,13.222062,56.4,12.685715,100,1747016100,10.785714
2025-05-12T02:21:14Z,236,29.861,70.3,62,60.5,0,1,5,86,0.0,255,32767,0.0,2127-15-31,0.0,0.16,26.24,0.0,0.0,0.0,0,4.828125,6,45,05:49,20:11,2025-05-12 02:21:14.617607,Città della Scienza,76.9,13.261534,13.446012,11.977458,9.189979,EU EEA Common AQI,63.8,11.487474,12.126766,7200,9.585714,100,100,58.8,8.628571,Very Low,63.8,12.019429,100,1747016100,Very Low,9.581966,12.717181,Very Low,13.222062,56.4,12.685715,100,1747016100,10.785714
2025-05-12T02:21:25Z,236,29.861,70.3,62,60.5,0,1,9,86,0.0,255,32767,0.0,2127-15-31,0.0,0.16,26.24,0.0,0.0,0.0,0,4.828125,6,45,05:49,20:11,2025-05-12 02:21:25.655605,Città della Scienza,76.9,13.261534,13.446012,11.977458,9.189979,EU EEA Common AQI,63.8,11.487474,12.126766,7200,9.585714,100,100,58.8,8.628571,Very Low,63.8,12.019429,100,1747016100,Very Low,9.581966,12.717181,Very Low,13.222062,56.4,12.685715,100,1747016100,10.785714
2025-05-12T02:21:36Z,236,29.86,70.3,62,60.5,0,1,30,86,0.0,255,32767,0.0,2127-15-31,0.0,0.16,26.24,0.0,0.0,0.0,0,4.828125,6,45,05:49,20:11,2025-05-12 02:21:36.745595,Città della Scienza,76.9,13.261534,13.446012,11.977458,9.189979,EU EEA Common AQI,63.8,11.487474,12.126766,7200,9.585714,100,100,58.8,8.628571,Very Low,63.8,12.019429,100,1747016100,Very Low,9.581966,12.717181,Very Low,13.222062,56.4,12.685715,100,1747016100,10.785714
2025-05-12T02:21:48Z,236,29.86,70.3,62,60.5,1,1,42,86,0.0,255,32767,0.0,2127-15-31,0.0,0.16,26.24,0.0,0.0,0.0,0,4.828125,6,45,05:49,20:11,2025-05-12 02:21:47.837591,Città della Scienza,76.9,13.261534,13.446012,11.977458,9.189979,EU EEA Common AQI,63.8,11.487474,12.126766,7200,9.585714,100,100,58.8,8.628571,Very Low,63.8,12.019429,100,1747016100,Very Low,9.581966,12.717181,Very Low,13.222062,56.4,12.685715,100,1747016100,10.785714
2025-05-12T02:21:59Z,236,29.86,70.3,62,60.5,0,1,38,86,0.0,255,32767,0.0,2127-15-31,0.0,0.16,26.24,0.0,0.0,0.0,0,4.828125,6,45,05:49,20:11,2025-05-12 02:21:58.924608,Città della Scienza,76.9,13.261534,13.446012,11.977458,9.189979,EU EEA Common AQI,63.8,11.487474,12.126766,7200,9.585714,100,100,58.8,8.628571,Very Low,63.8,12.019429,100,1747016100,Very Low,9.581966,12.717181,Very Low,13.222062,56.4,12.685715,100,1747016100,10.785714
2025-05-12T02:22:10Z,236,29.86,70.3,62,60.5,0,1,42,86,0.0,255,32767,0.0,2127-15-31,0.0,0.16,26.24,0.0,0.0,0.0,0,4.828125,6,45,05:49,20:11,2025-05-12 02:22:09.995579,Città della Scienza,76.9,13.261534,13.446012,11.977458,9.189979,EU EEA Common AQI,63.8,11.487474,12.126766,7200,9.585714,100,100,58.8,8.628571,Very Low,63.8,12.019429,100,1747016100,Very Low,9.581966,12.717181,Very Low,13.222062,56.4,12.685715,100,1747016100,10.785714
2025-05-12T02:22:21Z,236,29.86,70.3,62,60.6,0,1,24,86,0.0,255,32767,0.0,2127-15-31,0.0,0.16,26.24,0.0,0.0,0.0,0,4.828125,6,45,05:49,20:11,2025-05-12 02:22:21.113608,Città della Scienza,76.9,13.261534,13.446012,11.977458,9.189979,EU EEA Common AQI,63.8,11.487474,12.126766,7200,9.585714,100,100,58.8,8.628571,Very Low,63.8,12.019429,100,1747016100,Very Low,9.581966,12.717181,Very Low,13.222062,56.4,12.685715,100,1747016100,10.785714
2025-05-12T02:22:32Z,236,29.861,70.3,62,60.5,0,1,19,86,0.0,255,32767,0.0,2127-15-31,0.0,0.16,26.24,0.0,0.0,0.0,0,4.828125,6,45,05:49,20:11,2025-05-12 02:22:32.191609,Città della Scienza,76.9,13.261534,13.446012,11.977458,9.189979,EU EEA Common AQI,63.8,11.487474,12.126766,7200,9.585714,100,100,58.8,8.628571,Very Low,63.8,12.019429,100,1747016100,Very Low,9.581966,12.717181,Very Low,13.222062,56.4,12.685715,100,1747016100,10.785714
2025-05-12T02:22:43Z,236,29.861,70.3,62,60.6,0,1,41,86,0.0,255,32767,0.0,2127-15-31,0.0,0.16,26.24,0.0,0.0,0.0,0,4.828125,6,45,05:49,20:11,2025-05-12 02:22:43.303590,Città della Scienza,76.9,13.261534,13.446012,11.977458,9.189979,EU EEA Common AQI,63.8,11.487474,12.126766,7200,9.585714,100,100,58.8,8.628571,Very Low,63.8,12.019429,100,1747016100,Very Low,9.581966,12.717181,Very Low,13.222062,56.4,12.685715,100,1747016100,10.785714
2025-05-12T02:22:54Z,236,29.861,70.3,62,60.6,0,1,355,86,0.0,255,32767,0.0,2127-15-31,0.0,0.16,26.24,0.0,0.0,0.0,0,4.828125,6,45,05:49,20:11,2025-05-12 02:22:54.372587,Città della Scienza,76.9,13.261534,13.446012,11.977458,9.189979,EU EEA Common AQI,63.8,11.487474,12.126766,7200,9.585714,100,100,58.8,8.628571,Very Low,63.8,12.019429,100,1747016100,Very Low,9.581966,12.717181,Very Low,13.222062,56.4,12.685715,100,1747016100,10.785714
2025-05-12T02:23:05Z,236,29.861,70.3,62,60.5,0,1,355,86,0.0,255,32767,0.0,2127-15-31,0.0,0.16,26.24,0.0,0.0,0.0,0,4.828125,6,45,05:49,20:11,2025-05-12 02:23:05.455596,Città della Scienza,76.9,13.261534,13.446012,11.977458,9.189979,EU EEA Common AQI,63.8,11.487474,12.126766,7200,9.585714,100,100,58.8,8.628571,Very Low,63.8,12.019429,100,1747016100,Very Low,9.581966,12.717181,Very Low,13.222062,56.4,12.685715,100,1747016100,10.785714
2025-05-12T02:23:16Z,236,29.861,70.3,62,60.6,1,1,10,86,0.0,255,32767,0.0,2127-15-31,0.0,0.16,26.24,0.0,0.0,0.0,0,4.828125,6,45,05:49,20:11,2025-05-12 02:23:16.535588,Città della Scienza,76.9,13.261534,13.446012,11.977458,9.189979,EU EEA Common AQI,63.8,11.487474,12.126766,7200,9.585714,100,100,58.8,8.628571,Very Low,63.8,12.019429,100,1747016100,Very Low,9.581966,12.717181,Very Low,13.222062,56.4,12.685715,100,1747016100,10.785714
2025-05-12T02:23:27Z,236,29.861,70.3,62,60.6,1,1,9,86,0.0,255,32767,0.0,2127-15-31,0.0,0.16,26.24,0.0,0.0,0.0,0,4.828125,6,45,05:49,20:11,2025-05-12 02:23:27.649608,Città della Scienza,76.9,13.261534,13.446012,11.977458,9.189979,EU EEA Common AQI,63.8,11.487474,12.126766,7200,9.585714,100,100,58.8,8.628571,Very Low,63.8,12.019429,100,1747016100,Very Low,9.581966,12.717181,Very Low,13.222062,56.4,12.685715,100,1747016100,10.785714
2025-05-12T02:23:38Z,236,29.862,70.3,62,60.7,0,1,360,86,0.0,255,32767,0.0,2127-15-31,0.0,0.16,26.24,0.0,0.0,0.0,0,4.828125,6,45,05:49,20:11,2025-05-12 02:23:38.698597,Città della Scienza,76.9,13.261534,13.446012,11.977458,9.189979,EU EEA Common AQI,63.8,11.487474,12.126766,7200,9.585714,100,100,58.8,8.628571,Very Low,63.8,12.019429,100,1747016100,Very Low,9.581966,12.717181,Very Low,13.222062,56.4,12.685715,100,1747016100,10.785714
2025-05-12T02:23:50Z,236,29.862,70.3,62,60.7,0,1,5,86,0.0,255,32767,0.0,2127-15-31,0.0,0.16,26.24,0.0,0.0,0.0,0,4.828125,6,45,05:49,20:11,2025-05-12 02:23:49.802607,Città della Scienza,76.9,13.261534,13.446012,11.977458,9.189979,EU EEA Common AQI,63.8,11.487474,12.126766,7200,9.585714,100,100,58.8,8.628571,Very Low,63.8,12.019429,100,1747016100,Very Low,9.581966,12.717181,Very Low,13.222062,56.4,12.685715,100,1747016100,10.785714
2025-05-12T02:24:01Z,236,29.862,70.3,62,60.7,0,1,15,86,0.0,255,32767,0.0,2127-15-31,0.0,0.16,26.24,0.0,0.0,0.0,0,4.828125,6,45,05:49,20:11,2025-05-12 02:24:00.868597,Città della Scienza,76.9,13.261534,13.446012,11.977458,9.189979,EU EEA Common AQI,63.8,11.487474,12.126766,7200,9.585714,100,100,58.8,8.628571,Very Low,63.8,12.019429,100,1747016100,Very Low,9.581966,12.717181,Very Low,13.222062,56.4,12.685715,100,1747016100,10.785714
2025-05-12T02:24:12Z,236,29.862,70.3,62,60.7,0,1,16,86,0.0,255,32767,0.0,2127-15-31,0.0,0.16,26.24,0.0,0.0,0.0,0,4.828125,6,45,05:49,20:11,2025-05-12 02:24:11.972594,Città della Scienza,76.9,13.261534,13.446012,11.977458,9.189979,EU EEA Common AQI,63.8,11.487474,12.126766,7200,9.585714,100,100,58.8,8.628571,Very Low,63.8,12.019429,100,1747016100,Very Low,9.581966,12.717181,Very Low,13.222062,56.4,12.685715,100,1747016100,10.785714
2025-05-12T02:24:23Z,236,29.862,70.3,62,60.7,1,1,16,86,0.0,255,32767,0.0,2127-15-31,0.0,0.16,26.24,0.0,0.0,0.0,0,4.828125,6,45,05:49,20:11,2025-05-12 02:24:23.030551,Città della Scienza,76.9,13.261534,13.446012,11.977458,9.189979,EU EEA Common AQI,63.8,11.487474,12.126766,7200,9.585714,100,100,58.8,8.628571,Very Low,63.8,12.019429,100,1747016100,Very Low,9.581966,12.717181,Very Low,13.222062,56.4,12.685715,100,1747016100,10.785714
2025-05-12T02:24:34Z,236,29.862,70.3,62,60.7,0,1,15,86,0.0,255,32767,0.0,2127-15-31,0.0,0.16,26.24,0.0,0.0,0.0,0,4.828125,6,45,05:49,20:11,2025-05-12 02:24:34.160592,Città della Scienza,76.9,13.261534,13.446012,11.977458,9.189979,EU EEA Common AQI,63.8,11.487474,12.126766,7200,9.585714,100,100,58.8,8.628571,Very Low,63.8,12.019429,100,1747016100,Very Low,9.581966,12.717181,Very Low,13.222062,56.4,12.685715,100,1747016100,10.785714
2025-05-12T02:24:45Z,236,29.862,70.3,62,60.7,0,1,15,86,0.0,255,32767,0.0,2127-15-31,0.0,0.16,26.24,0.0,0.0,0.0,0,4.828125,6,45,05:49,20:11,2025-05-12 02:24:45.230601,Città della Scienza,76.9,13.261534,13.446012,11.977458,9.189979,EU EEA Common AQI,63.8,11.487474,12.126766,7200,9.585714,100,100,58.8,8.628571,Very Low,63.8,12.019429,100,1747016100,Very Low,9.581966,12.717181,Very Low,13.222062,56.4,12.685715,100,1747016100,10.785714
2025-05-12T02:24:56Z,236,29.862,70.3,62,60.7,0,1,15,86,0.0,255,32767,0.0,2127-15-31,0.0,0.16,26.24,0.0,0.0,0.0,0,4.828125,6,45,05:49,20:11,2025-05-12 02:24:56.341593,Città della Scienza,76.9,13.261534,13.446012,11.977458,9.189979,EU EEA Common AQI,63.8,11.487474,12.126766,7200,9.585714,100,100,58.8,8.628571,Very Low,63.8,12.019429,100,1747016100,Very Low,9.581966,12.717181,Very Low,13.222062,56.4,12.685715,100,1747016100,10.785714
2025-05-12T02:25:07Z,236,29.862,70.3,62,60.8,1,1,16,86,0.0,255,32767,0.0,2127-15-31,0.0,0.16,26.24,0.0,0.0,0.0,0,4.828125,6,45,05:49,20:11,2025-05-12 02:25:07.436594,Città della Scienza,76.9,13.261534,13.446012,11.977458,9.189979,EU EEA Common AQI,63.8,11.487474,12.126766,7200,9.585714,100,100,58.8,8.628571,Very Low,63.8,12.019429,100,1747016100,Very Low,9.581966,12.717181,Very Low,13.222062,56.4,12.685715,100,1747016100,10.785714
2025-05-12T02:25:18Z,236,29.862,70.3,62,60.8,0,1,16,86,0.0,255,32767,0.0,2127-15-31,0.0,0.16,26.24,0.0,0.0,0.0,0,4.828125,6,45,05:49,20:11,2025-05-12 02:25:18.517589,Città della Scienza,76.9,13.261534,13.446012,11.977458,9.189979,EU EEA Common AQI,63.8,11.487474,12.126766,7200,9.585714,100,100,58.8,8.628571,Very Low,63.8,12.019429,100,1747016100,Very Low,9.581966,12.717181,Very Low,13.222062,56.4,12.685715,100,1747016100,10.785714
2025-05-12T02:25:29Z,236,29.862,70.3,62,60.8,0,1,16,86,0.0,255,32767,0.0,2127-15-31,0.0,0.16,26.24,0.0,0.0,0.0,0,4.828125,6,45,05:49,20:11,2025-05-12 02:25:29.597596,Città della Scienza,76.9,13.261534,13.446012,11.977458,9.189979,EU EEA Common AQI,63.8,11.487474,12.126766,7200,9.585714,100,100,58.8,8.628571,Very Low,63.8,12.019429,100,1747016100,Very Low,9.581966,12.717181,Very Low,13.222062,56.4,12.685715,100,1747016100,10.785714
2025-05-12T02:25:40Z,236,29.862,70.4,62,60.8,0,1,16,86,0.0,255,32767,0.0,2127-15-31,0.0,0.16,26.24,0.0,0.0,0.0,0,4.828125,6,45,05:49,20:11,2025-05-12 02:25:40.665595,Città della Scienza,76.9,13.261534,13.446012,11.977458,9.189979,EU EEA Common AQI,63.8,11.487474,12.126766,7200,9.585714,100,100,58.8,8.628571,Very Low,63.8,12.019429,100,1747016100,Very Low,9.581966,12.717181,Very Low,13.222062,56.4,12.685715,100,1747016100,10.785714
2025-05-12T02:25:51Z,236,29.862,70.4,62,60.8,1,1,16,86,0.0,255,32767,0.0,2127-15-31,0.0,0.16,26.24,0.0,0.0,0.0,0,4.828125,6,45,05:49,20:11,2025-05-12 02:25:51.722622,Città della Scienza,76.9,13.261534,13.446012,11.977458,9.189979,EU EEA Common AQI,63.8,11.487474,12.126766,7200,9.585714,100,100,58.8,8.628571,Very Low,63.8,12.019429,100,1747016100,Very Low,9.581966,12.717181,Very Low,13.222062,56.4,12.685715,100,1747016100,10.785714
2025-05-12T02:26:03Z,236,29.862,70.4,62,60.8,1,1,16,86,0.0,255,32767,0.0,2127-15-31,0.0,0.16,26.24,0.0,0.0,0.0,0,4.828125,6,45,05:49,20:11,2025-05-12 02:26:02.820597,Città della Scienza,76.9,13.261534,13.446012,11.977458,9.189979,EU EEA Common AQI,63.8,11.487474,12.126766,7200,9.585714,100,100,58.8,8.628571,Very Low,63.8,12.019429,100,1747016100,Very Low,9.581966,12.717181,Very Low,13.222062,56.4,12.685715,100,1747016100,10.785714
2025-05-12T02:26:14Z,236,29.862,70.4,62,60.8,0,1,16,86,0.0,255,32767,0.0,2127-15-31,0.0,0.16,26.24,0.0,0.0,0.0,0,4.828125,6,45,05:49,20:11,2025-05-12 02:26:13.915612,Città della Scienza,76.9,13.261534,13.446012,11.977458,9.189979,EU EEA Common AQI,63.8,11.487474,12.126766,7200,9.585714,100,100,58.8,8.628571,Very Low,63.8,12.019429,100,1747016100,Very Low,9.581966,12.717181,Very Low,13.222062,56.4,12.685715,100,1747016100,10.785714
2025-05-12T02:26:25Z,236,29.862,70.4,62,60.8,1,1,16,86,0.0,255,32767,0.0,2127-15-31,0.0,0.16,26.24,0.0,0.0,0.0,0,4.828125,6,45,05:49,20:11,2025-05-12 02:26:24.958590,Città della Scienza,76.9,13.261534,13.446012,11.977458,9.189979,EU EEA Common AQI,63.8,11.487474,12.126766,7200,9.585714,100,100,58.8,8.628571,Very Low,63.8,12.019429,100,1747016100,Very Low,9.581966,12.717181,Very Low,13.222062,56.4,12.685715,100,1747016100,10.785714
2025-05-12T02:26:36Z,236,29.862,70.3,62,60.8,1,1,16,86,0.0,255,32767,0.0,2127-15-31,0.0,0.16,26.24,0.0,0.0,0.0,0,4.828125,6,45,05:49,20:11,2025-05-12 02:26:36.035592,Città della Scienza,76.9,13.261534,13.446012,11.977458,9.189979,EU EEA Common AQI,63.8,11.487474,12.126766,7200,9.585714,100,100,58.8,8.628571,Very Low,63.8,12.019429,100,1747016100,Very Low,9.581966,12.717181,Very Low,13.222062,56.4,12.685715,100,1747016100,10.785714
2025-05-12T02:26:47Z,236,29.862,70.3,62,60.8,0,1,16,86,0.0,255,32767,0.0,2127-15-31,0.0,0.16,26.24,0.0,0.0,0.0,0,4.828125,6,45,05:49,20:11,2025-05-12 02:26:47.112595,Città della Scienza,76.9,13.261534,13.446012,11.977458,9.189979,EU EEA Common AQI,63.8,11.487474,12.126766,7200,9.585714,100,100,58.8,8.628571,Very Low,63.8,12.019429,100,1747016100,Very Low,9.581966,12.717181,Very Low,13.222062,56.4,12.685715,100,1747016100,10.785714
2025-05-12T02:26:58Z,236,29.862,70.3,62,60.8,1,1,16,86,0.0,255,32767,0.0,2127-15-31,0.0,0.16,26.24,0.0,0.0,0.0,0,4.828125,6,45,05:49,20:11,2025-05-12 02:26:58.186593,Città della Scienza,76.9,13.261534,13.446012,11.977458,9.189979,EU EEA Common AQI,63.8,11.487474,12.126766,7200,9.585714,100,100,58.8,8.628571,Very Low,63.8,12.019429,100,1747016100,Very Low,9.581966,12.717181,Very Low,13.222062,56.4,12.685715,100,1747016100,10.785714
2025-05-12T02:27:09Z,236,29.862,70.3,62,60.8,1,1,16,86,0.0,255,32767,0.0,2127-15-31,0.0,0.16,26.24,0.0,0.0,0.0,0,4.828125,6,45,05:49,20:11,2025-05-12 02:27:09.286591,Città della Scienza,76.9,13.261534,13.446012,11.977458,9.189979,EU EEA Common AQI,63.8,11.487474,12.126766,7200,9.585714,100,100,58.8,8.628571,Very Low,63.8,12.019429,100,1747016100,Very Low,9.581966,12.717181,Very Low,13.222062,56.4,12.685715,100,1747016100,10.785714
2025-05-12T02:27:20Z,236,29.862,70.3,62,60.9,0,1,16,86,0.0,255,32767,0.0,2127-15-31,0.0,0.16,26.24,0.0,0.0,0.0,0,4.828125,6,45,05:49,20:11,2025-05-12 02:27:20.381557,Città della Scienza,76.9,13.261534,13.446012,11.977458,9.189979,EU EEA Common AQI,63.8,11.487474,12.126766,7200,9.585714,100,100,58.8,8.628571,Very Low,63.8,12.019429,100,1747016100,Very Low,9.581966,12.717181,Very Low,13.222062,56.4,12.685715,100,1747016100,10.785714
2025-05-12T02:27:31Z,236,29.862,70.4,62,60.9,0,1,16,86,0.0,255,32767,0.0,2127-15-31,0.0,0.16,26.24,0.0,0.0,0.0,0,4.828125,6,45,05:49,20:11,2025-05-12 02:27:31.626605,Città della Scienza,76.9,13.261534,13.446012,11.977458,9.189979,EU EEA Common AQI,63.8,11.487474,12.126766,7200,9.585714,100,100,58.8,8.628571,Very Low,63.8,12.019429,100,1747016100,Very Low,9.581966,12.717181,Very Low,13.222062,56.4,12.685715,100,1747016100,10.785714
2025-05-12T02:27:42Z,236,29.864,70.4,62,60.9,0,1,16,86,0.0,255,32767,0.0,2127-15-31,0.0,0.16,26.24,0.0,0.0,0.0,0,4.828125,6,45,05:49,20:11,2025-05-12 02:27:42.666608,Città della Scienza,76.9,13.261534,13.446012,11.977458,9.189979,EU EEA Common AQI,63.8,11.487474,12.126766,7200,9.585714,100,100,58.8,8.628571,Very Low,63.8,12.019429,100,1747016100,Very Low,9.581966,12.717181,Very Low,13.222062,56.4,12.685715,100,1747016100,10.785714
2025-05-12T02:27:53Z,236,29.864,70.4,62,60.9,0,1,16,86,0.0,255,32767,0.0,2127-15-31,0.0,0.16,26.24,0.0,0.0,0.0,0,4.828125,6,45,05:49,20:11,2025-05-12 02:27:53.734599,Città della Scienza,76.9,13.261534,13.446012,11.977458,9.189979,EU EEA Common AQI,63.8,11.487474,12.126766,7200,9.585714,100,100,58.8,8.628571,Very Low,63.8,12.019429,100,1747016100,Very Low,9.581966,12.717181,Very Low,13.222062,56.4,12.685715,100,1747016100,10.785714
2025-05-12T02:28:05Z,236,29.864,70.4,62,60.9,0,1,16,86,0.0,255,32767,0.0,2127-15-31,0.0,0.16,26.24,0.0,0.0,0.0,0,4.828125,6,45,05:49,20:11,2025-05-12 02:28:04.822594,Città della Scienza,76.9,13.261534,13.446012,11.977458,9.189979,EU EEA Common AQI,63.8,11.487474,12.126766,7200,9.585714,100,100,58.8,8.628571,Very Low,63.8,12.019429,100,1747016100,Very Low,9.581966,12.717181,Very Low,13.222062,56.4,12.685715,100,1747016100,10.785714
2025-05-12T02:28:16Z,236,29.864,70.4,62,60.9,0,1,16,86,0.0,255,32767,0.0,2127-15-31,0.0,0.16,26.24,0.0,0.0,0.0,0,4.828125,6,45,05:49,20:11,2025-05-12 02:28:15.947589,Città della Scienza,76.9,13.261534,13.446012,11.977458,9.189979,EU EEA Common AQI,63.8,11.487474,12.126766,7200,9.585714,100,100,58.8,8.628571,Very Low,63.8,12.019429,100,1747016100,Very Low,9.581966,12.717181,Very Low,13.222062,56.4,12.685715,100,1747016100,10.785714
2025-05-12T02:28:27Z,236,29.864,70.4,62,60.9,1,1,16,86,0.0,255,32767,0.0,2127-15-31,0.0,0.16,26.24,0.0,0.0,0.0,0,4.828125,6,45,05:49,20:11,2025-05-12 02:28:27.007590,Città della Scienza,76.9,13.261534,13.446012,11.977458,9.189979,EU EEA Common AQI,63.8,11.487474,12.126766,7200,9.585714,100,100,58.8,8.628571,Very Low,63.8,12.019429,100,1747016100,Very Low,9.581966,12.717181,Very Low,13.222062,56.4,12.685715,100,1747016100,10.785714
2025-05-12T02:28:38Z,236,29.865,70.4,62,60.9,1,0,16,86,0.0,255,32767,0.0,2127-15-31,0.0,0.16,26.24,0.0,0.0,0.0,0,4.828125,6,45,05:49,20:11,2025-05-12 02:28:38.030608,Città della Scienza,76.9,13.261534,13.446012,11.977458,9.189979,EU EEA Common AQI,63.8,11.487474,12.126766,7200,9.585714,100,100,58.8,8.628571,Very Low,63.8,12.019429,100,1747016100,Very Low,9.581966,12.717181,Very Low,13.222062,56.4,12.685715,100,1747016100,10.785714
2025-05-12T02:28:49Z,236,29.865,70.4,62,61.0,0,0,16,86,0.0,255,32767,0.0,2127-15-31,0.0,0.16,26.24,0.0,0.0,0.0,0,4.828125,6,45,05:49,20:11,2025-05-12 02:28:49.107591,Città della Scienza,76.9,13.261534,13.446012,11.977458,9.189979,EU EEA Common AQI,63.8,11.487474,12.126766,7200,9.585714,100,100,58.8,8.628571,Very Low,63.8,12.019429,100,1747016100,Very Low,9.581966,12.717181,Very Low,13.222062,56.4,12.685715,100,1747016100,10.785714
2025-05-12T02:29:00Z,236,29.865,70.4,62,61.0,0,0,16,86,0.0,255,32767,0.0,2127-15-31,0.0,0.16,26.24,0.0,0.0,0.0,0,4.828125,6,45,05:49,20:11,2025-05-12 02:29:00.191593,Città della Scienza,76.9,13.261534,13.446012,11.977458,9.189979,EU EEA Common AQI,63.8,11.487474,12.126766,7200,9.585714,100,100,58.8,8.628571,Very Low,63.8,12.019429,100,1747016100,Very Low,9.581966,12.717181,Very Low,13.222062,56.4,12.685715,100,1747016100,10.785714
2025-05-12T02:29:11Z,236,29.865,70.4,62,61.0,0,0,16,86,0.0,255,32767,0.0,2127-15-31,0.0,0.16,26.24,0.0,0.0,0.0,0,4.828125,6,45,05:49,20:11,2025-05-12 02:29:11.283596,Città della Scienza,76.9,13.261534,13.446012,11.977458,9.189979,EU EEA Common AQI,63.8,11.487474,12.126766,7200,9.585714,100,100,58.8,8.628571,Very Low,63.8,12.019429,100,1747016100,Very Low,9.581966,12.717181,Very Low,13.222062,56.4,12.685715,100,1747016100,10.785714
2025-05-12T02:29:22Z,236,29.865,70.4,62,61.0,0,0,16,86,0.0,255,32767,0.0,2127-15-31,0.0,0.16,26.24,0.0,0.0,0.0,0,4.828125,6,45,05:49,20:11,2025-05-12 02:29:22.334596,Città della Scienza,76.9,13.261534,13.446012,11.977458,9.189979,EU EEA Common AQI,63.8,11.487474,12.126766,7200,9.585714,100,100,58.8,8.628571,Very Low,63.8,12.019429,100,1747016100,Very Low,9.581966,12.717181,Very Low,13.222062,56.4,12.685715,100,1747016100,10.785714
2025-05-12T02:29:33Z,236,29.861,70.4,62,61.0,0,0,16,86,0.0,255,32767,0.0,2127-15-31,0.0,0.16,26.24,0.0,0.0,0.0,0,4.828125,6,45,05:49,20:11,2025-05-12 02:29:33.429593,Città della Scienza,76.9,13.261534,13.446012,11.977458,9.189979,EU EEA Common AQI,63.8,11.487474,12.126766,7200,9.585714,100,100,58.8,8.628571,Very Low,63.8,12.019429,100,1747016100,Very Low,9.581966,12.717181,Very Low,13.222062,56.4,12.685715,100,1747016100,10.785714
2025-05-12T02:29:44Z,236,29.861,70.4,62,61.0,0,0,16,86,0.0,255,32767,0.0,2127-15-31,0.0,0.16,26.24,0.0,0.0,0.0,0,4.828125,6,45,05:49,20:11,2025-05-12 02:29:44.563606,Città della Scienza,76.9,13.261534,13.446012,11.977458,9.189979,EU EEA Common AQI,63.8,11.487474,12.126766,7200,9.585714,100,100,58.8,8.628571,Very Low,63.8,12.019429,100,1747016100,Very Low,9.581966,12.717181,Very Low,13.222062,56.4,12.685715,100,1747016100,10.785714
2025-05-12T02:29:55Z,236,29.861,70.4,62,61.0,0,0,16,86,0.0,255,32767,0.0,2127-15-31,0.0,0.16,26.24,0.0,0.0,0.0,0,4.828125,6,45,05:49,20:11,2025-05-12 02:29:55.653604,Città della Scienza,76.9,13.261534,13.446012,11.977458,9.189979,EU EEA Common AQI,63.8,11.487474,12.126766,7200,9.585714,100,100,58.8,8.628571,Very Low,63.8,12.019429,100,1747016100,Very Low,9.581966,12.717181,Very Low,13.222062,56.4,12.685715,100,1747016100,10.785714
2025-05-12T02:30:06Z,236,29.861,70.4,62,61.0,0,0,16,86,0.0,255,32767,0.0,2127-15-31,0.0,0.16,26.24,0.0,0.0,0.0,0,4.828125,6,45,05:49,20:11,2025-05-12 02:30:06.735594,Città della Scienza,76.9,13.261534,13.446012,11.977458,9.189979,EU EEA Common AQI,63.8,11.487474,12.126766,7200,9.585714,100,100,58.8,8.628571,Very Low,63.8,12.019429,100,1747016100,Very Low,9.581966,12.717181,Very Low,13.222062,56.4,12.685715,100,1747016100,10.785714
2025-05-12T02:30:18Z,236,29.861,70.4,62,61.0,0,0,16,86,0.0,255,32767,0.0,2127-15-31,0.0,0.16,26.24,0.0,0.0,0.0,0,4.828125,6,45,05:49,20:11,2025-05-12 02:30:17.805590,Città della Scienza,76.9,13.261534,13.446012,11.977458,9.189979,EU EEA Common AQI,63.8,11.487474,12.126766,7200,9.585714,100,100,58.8,8.628571,Very Low,63.8,12.019429,100,1747016100,Very Low,9.581966,12.717181,Very Low,13.222062,56.4,12.685715,100,1747016100,10.785714
2025-05-12T02:30:29Z,236,29.861,70.4,62,61.0,0,0,16,86,0.0,255,32767,0.0,2127-15-31,0.0,0.16,26.24,0.0,0.0,0.0,0,4.828125,6,45,05:49,20:11,2025-05-12 02:30:28.883595,Città della Scienza,77.5,13.229613,13.334134,11.547111,9.1132145,EU EEA Common AQI,64.0,11.391519,12.025601,7200,9.507246,100,100,59.0,8.452173,Very Low,63.8,12.006636,100,1747017000,Very Low,9.237688,12.573292,Very Low,12.6988735,56.7,10.565217,100,1747017000,10.565217
2025-05-12T02:30:40Z,236,29.862,70.4,62,61.0,0,0,16,86,0.0,255,32767,0.0,2127-15-31,0.0,0.16,26.24,0.0,0.0,0.0,0,4.828125,6,45,05:49,20:11,2025-05-12 02:30:39.943601,Città della Scienza,77.5,13.229613,13.334134,11.547111,9.1132145,EU EEA Common AQI,64.0,11.391519,12.025601,7200,9.507246,100,100,59.0,8.452173,Very Low,63.8,12.006636,100,1747017000,Very Low,9.237688,12.573292,Very Low,12.6988735,56.7,10.565217,100,1747017000,10.565217
2025-05-12T02:30:51Z,236,29.862,70.4,62,61.0,0,0,16,86,0.0,255,32767,0.0,2127-15-31,0.0,0.16,26.24,0.0,0.0,0.0,0,4.828125,6,45,05:49,20:11,2025-05-12 02:30:51.041587,Città della Scienza,77.5,13.229613,13.334134,11.547111,9.1132145,EU EEA Common AQI,64.0,11.391519,12.025601,7200,9.507246,100,100,59.0,8.452173,Very Low,63.8,12.006636,100,1747017000,Very Low,9.237688,12.573292,Very Low,12.6988735,56.7,10.565217,100,1747017000,10.565217
2025-05-12T02:31:02Z,236,29.862,70.4,62,61.0,0,0,16,86,0.0,255,32767,0.0,2127-15-31,0.0,0.16,26.24,0.0,0.0,0.0,0,4.828125,6,45,05:49,20:11,2025-05-12 02:31:02.095586,Città della Scienza,77.5,13.229613,13.334134,11.547111,9.1132145,EU EEA Common AQI,64.0,11.391519,12.025601,7200,9.507246,100,100,59.0,8.452173,Very Low,63.8,12.006636,100,1747017000,Very Low,9.237688,12.573292,Very Low,12.6988735,56.7,10.565217,100,1747017000,10.565217
2025-05-12T02:31:13Z,236,29.862,70.4,62,61.0,0,0,16,86,0.0,255,32767,0.0,2127-15-31,0.0,0.16,26.24,0.0,0.0,0.0,0,4.828125,6,45,05:49,20:11,2025-05-12 02:31:13.185594,Città della Scienza,77.5,13.229613,13.334134,11.547111,9.1132145,EU EEA Common AQI,64.0,11.391519,12.025601,7200,9.507246,100,100,59.0,8.452173,Very Low,63.8,12.006636,100,1747017000,Very Low,9.237688,12.573292,Very Low,12.6988735,56.7,10.565217,100,1747017000,10.565217
2025-05-12T02:31:24Z,236,29.862,70.4,62,61.0,0,0,16,85,0.0,255,32767,0.0,2127-15-31,0.0,0.16,26.24,0.0,0.0,0.0,0,4.828125,6,45,05:49,20:11,2025-05-12 02:31:24.269588,Città della Scienza,77.5,13.229613,13.334134,11.547111,9.1132145,EU EEA Common AQI,64.0,11.391519,12.025601,7200,9.507246,100,100,59.0,8.452173,Very Low,63.8,12.006636,100,1747017000,Very Low,9.237688,12.573292,Very Low,12.6988735,56.7,10.565217,100,1747017000,10.565217
2025-05-12T02:31:35Z,236,29.861,70.4,62,61.0,0,0,16,85,0.0,255,32767,0.0,2127-15-31,0.0,0.16,26.24,0.0,0.0,0.0,0,4.828125,6,45,05:49,20:11,2025-05-12 02:31:35.361595,Città della Scienza,77.5,13.229613,13.334134,11.547111,9.1132145,EU EEA Common AQI,64.0,11.391519,12.025601,7200,9.507246,100,100,59.0,8.452173,Very Low,63.8,12.006636,100,1747017000,Very Low,9.237688,12.573292,Very Low,12.6988735,56.7,10.565217,100,1747017000,10.565217
2025-05-12T02:31:46Z,236,29.861,70.4,62,61.0,0,0,16,85,0.0,255,32767,0.0,2127-15-31,0.0,0.16,26.24,0.0,0.0,0.0,0,4.828125,6,45,05:49,20:11,2025-05-12 02:31:46.460594,Città della Scienza,77.5,13.229613,13.334134,11.547111,9.1132145,EU EEA Common AQI,64.0,11.391519,12.025601,7200,9.507246,100,100,59.0,8.452173,Very Low,63.8,12.006636,100,1747017000,Very Low,9.237688,12.573292,Very Low,12.6988735,56.7,10.565217,100,1747017000,10.565217
2025-05-12T02:31:57Z,236,29.861,70.4,62,61.0,0,0,16,85,0.0,255,32767,0.0,2127-15-31,0.0,0.16,26.24,0.0,0.0,0.0,0,4.828125,6,45,05:49,20:11,2025-05-12 02:31:57.574591,Città della Scienza,77.5,13.229613,13.334134,11.547111,9.1132145,EU EEA Common AQI,64.0,11.391519,12.025601,7200,9.507246,100,100,59.0,8.452173,Very Low,63.8,12.006636,100,1747017000,Very Low,9.237688,12.573292,Very Low,12.6988735,56.7,10.565217,100,1747017000,10.565217
2025-05-12T02:32:08Z,236,29.861,70.4,62,61.0,0,0,16,85,0.0,255,32767,0.0,2127-15-31,0.0,0.16,26.24,0.0,0.0,0.0,0,4.828125,6,45,05:49,20:11,2025-05-12 02:32:08.657926,Città della Scienza,77.5,13.229613,13.334134,11.547111,9.1132145,EU EEA Common AQI,64.0,11.391519,12.025601,7200,9.507246,100,100,59.0,8.452173,Very Low,63.8,12.006636,100,1747017000,Very Low,9.237688,12.573292,Very Low,12.6988735,56.7,10.565217,100,1747017000,10.565217
2025-05-12T02:32:19Z,236,29.861,70.4,62,61.0,0,0,16,85,0.0,255,32767,0.0,2127-15-31,0.0,0.16,26.24,0.0,0.0,0.0,0,4.828125,6,45,05:49,20:11,2025-05-12 02:32:19.745593,Città della Scienza,77.5,13.229613,13.334134,11.547111,9.1132145,EU EEA Common AQI,64.0,11.391519,12.025601,7200,9.507246,100,100,59.0,8.452173,Very Low,63.8,12.006636,100,1747017000,Very Low,9.237688,12.573292,Very Low,12.6988735,56.7,10.565217,100,1747017000,10.565217
2025-05-12T02:32:31Z,236,29.861,70.4,62,61.0,0,0,16,85,0.0,255,32767,0.0,2127-15-31,0.0,0.16,26.24,0.0,0.0,0.0,0,4.828125,6,45,05:49,20:11,2025-05-12 02:32:30.839595,Città della Scienza,77.5,13.229613,13.334134,11.547111,9.1132145,EU EEA Common AQI,64.0,11.391519,12.025601,7200,9.507246,100,100,59.0,8.452173,Very Low,63.8,12.006636,100,1747017000,Very Low,9.237688,12.573292,Very Low,12.6988735,56.7,10.565217,100,1747017000,10.565217
2025-05-12T02:32:42Z,236,29.861,70.4,62,61.0,0,0,16,85,0.0,255,32767,0.0,2127-15-31,0.0,0.16,26.24,0.0,0.0,0.0,0,4.828125,6,45,05:49,20:11,2025-05-12 02:32:41.927589,Città della Scienza,77.5,13.229613,13.334134,11.547111,9.1132145,EU EEA Common AQI,64.0,11.391519,12.025601,7200,9.507246,100,100,59.0,8.452173,Very Low,63.8,12.006636,100,1747017000,Very Low,9.237688,12.573292,Very Low,12.6988735,56.7,10.565217,100,1747017000,10.565217
2025-05-12T02:32:53Z,236,29.861,70.4,62,61.1,0,0,16,85,0.0,255,32767,0.0,2127-15-31,0.0,0.16,26.24,0.0,0.0,0.0,0,4.828125,6,45,05:49,20:11,2025-05-12 02:32:53.045595,Città della Scienza,77.5,13.229613,13.334134,11.547111,9.1132145,EU EEA Common AQI,64.0,11.391519,12.025601,7200,9.507246,100,100,59.0,8.452173,Very Low,63.8,12.006636,100,1747017000,Very Low,9.237688,12.573292,Very Low,12.6988735,56.7,10.565217,100,1747017000,10.565217
2025-05-12T02:33:04Z,236,29.861,70.4,62,61.0,0,0,16,85,0.0,255,32767,0.0,2127-15-31,0.0,0.16,26.24,0.0,0.0,0.0,0,4.828125,6,45,05:49,20:11,2025-05-12 02:33:04.134597,Città della Scienza,77.5,13.229613,13.334134,11.547111,9.1132145,EU EEA Common AQI,64.0,11.391519,12.025601,7200,9.507246,100,100,59.0,8.452173,Very Low,63.8,12.006636,100,1747017000,Very Low,9.237688,12.573292,Very Low,12.6988735,56.7,10.565217,100,1747017000,10.565217
2025-05-12T02:33:15Z,236,29.861,70.4,62,61.1,0,0,16,85,0.0,255,32767,0.0,2127-15-31,0.0,0.16,26.24,0.0,0.0,0.0,0,4.828125,6,45,05:49,20:11,2025-05-12 02:33:15.231596,Città della Scienza,77.5,13.229613,13.334134,11.547111,9.1132145,EU EEA Common AQI,64.0,11.391519,12.025601,7200,9.507246,100,100,59.0,8.452173,Very Low,63.8,12.006636,100,1747017000,Very Low,9.237688,12.573292,Very Low,12.6988735,56.7,10.565217,100,1747017000,10.565217
2025-05-12T02:33:26Z,236,29.861,70.4,62,61.1,0,0,16,85,0.0,255,32767,0.0,2127-15-31,0.0,0.16,26.24,0.0,0.0,0.0,0,4.828125,6,45,05:49,20:11,2025-05-12 02:33:26.277590,Città della Scienza,77.5,13.229613,13.334134,11.547111,9.1132145,EU EEA Common AQI,64.0,11.391519,12.025601,7200,9.507246,100,100,59.0,8.452173,Very Low,63.8,12.006636,100,1747017000,Very Low,9.237688,12.573292,Very Low,12.6988735,56.7,10.565217,100,1747017000,10.565217
2025-05-12T02:33:37Z,236,29.86,70.4,62,61.1,0,0,16,85,0.0,255,32767,0.0,2127-15-31,0.0,0.16,26.24,0.0,0.0,0.0,0,4.828125,6,45,05:49,20:11,2025-05-12 02:33:37.375602,Città della Scienza,77.5,13.229613,13.334134,11.547111,9.1132145,EU EEA Common AQI,64.0,11.391519,12.025601,7200,9.507246,100,100,59.0,8.452173,Very Low,63.8,12.006636,100,1747017000,Very Low,9.237688,12.573292,Very Low,12.6988735,56.7,10.565217,100,1747017000,10.565217
2025-05-12T02:33:48Z,236,29.86,70.4,62,61.1,0,0,16,85,0.0,255,32767,0.0,2127-15-31,0.0,0.16,26.24,0.0,0.0,0.0,0,4.828125,6,45,05:49,20:11,2025-05-12 02:33:48.493593,Città della Scienza,77.5,13.229613,13.334134,11.547111,9.1132145,EU EEA Common AQI,64.0,11.391519,12.025601,7200,9.507246,100,100,59.0,8.452173,Very Low,63.8,12.006636,100,1747017000,Very Low,9.237688,12.573292,Very Low,12.6988735,56.7,10.565217,100,1747017000,10.565217
2025-05-12T02:33:59Z,236,29.86,70.4,62,61.1,0,0,16,85,0.0,255,32767,0.0,2127-15-31,0.0,0.16,26.24,0.0,0.0,0.0,0,4.828125,6,45,05:49,20:11,2025-05-12 02:33:59.563588,Città della Scienza,77.5,13.229613,13.334134,11.547111,9.1132145,EU EEA Common AQI,64.0,11.391519,12.025601,7200,9.507246,100,100,59.0,8.452173,Very Low,63.8,12.006636,100,1747017000,Very Low,9.237688,12.573292,Very Low,12.6988735,56.7,10.565217,100,1747017000,10.565217
2025-05-12T02:34:10Z,236,29.86,70.4,62,61.1,0,0,16,85,0.0,255,32767,0.0,2127-15-31,0.0,0.16,26.24,0.0,0.0,0.0,0,4.828125,6,45,05:49,20:11,2025-05-12 02:34:10.635592,Città della Scienza,77.5,13.229613,13.334134,11.547111,9.1132145,EU EEA Common AQI,64.0,11.391519,12.025601,7200,9.507246,100,100,59.0,8.452173,Very Low,63.8,12.006636,100,1747017000,Very Low,9.237688,12.573292,Very Low,12.6988735,56.7,10.565217,100,1747017000,10.565217
2025-05-12T02:34:21Z,236,29.86,70.4,62,61.1,0,0,16,85,0.0,255,32767,0.0,2127-15-31,0.0,0.16,26.24,0.0,0.0,0.0,0,4.828125,6,45,05:49,20:11,2025-05-12 02:34:21.734600,Città della Scienza,77.5,13.229613,13.334134,11.547111,9.1132145,EU EEA Common AQI,64.0,11.391519,12.025601,7200,9.507246,100,100,59.0,8.452173,Very Low,63.8,12.006636,100,1747017000,Very Low,9.237688,12.573292,Very Low,12.6988735,56.7,10.565217,100,1747017000,10.565217
2025-05-12T02:34:33Z,236,29.86,70.4,62,61.1,0,0,16,85,0.0,255,32767,0.0,2127-15-31,0.0,0.16,26.24,0.0,0.0,0.0,0,4.828125,6,45,05:49,20:11,2025-05-12 02:34:32.813582,Città della Scienza,77.5,13.229613,13.334134,11.547111,9.1132145,EU EEA Common AQI,64.0,11.391519,12.025601,7200,9.507246,100,100,59.0,8.452173,Very Low,63.8,12.006636,100,1747017000,Very Low,9.237688,12.573292,Very Low,12.6988735,56.7,10.565217,100,1747017000,10.565217
2025-05-12T02:34:44Z,236,29.86,70.4,62,61.1,0,0,16,85,0.0,255,32767,0.0,2127-15-31,0.0,0.16,26.24,0.0,0.0,0.0,0,4.828125,6,45,05:49,20:11,2025-05-12 02:34:43.912590,Città della Scienza,77.5,13.229613,13.334134,11.547111,9.1132145,EU EEA Common AQI,64.0,11.391519,12.025601,7200,9.507246,100,100,59.0,8.452173,Very Low,63.8,12.006636,100,1747017000,Very Low,9.237688,12.573292,Very Low,12.6988735,56.7,10.565217,100,1747017000,10.565217
2025-05-12T02:34:55Z,236,29.86,70.4,62,61.1,0,0,16,85,0.0,255,32767,0.0,2127-15-31,0.0,0.16,26.24,0.0,0.0,0.0,0,4.828125,6,45,05:49,20:11,2025-05-12 02:34:54.988602,Città della Scienza,77.5,13.229613,13.334134,11.547111,9.1132145,EU EEA Common AQI,64.0,11.391519,12.025601,7200,9.507246,100,100,59.0,8.452173,Very Low,63.8,12.006636,100,1747017000,Very Low,9.237688,12.573292,Very Low,12.6988735,56.7,10.565217,100,1747017000,10.565217
2025-05-12T02:35:06Z,236,29.86,70.4,62,61.1,0,0,16,85,0.0,255,32767,0.0,2127-15-31,0.0,0.16,26.24,0.0,0.0,0.0,0,4.828125,6,45,05:49,20:11,2025-05-12 02:35:06.026589,Città della Scienza,77.5,13.229613,13.334134,11.547111,9.1132145,EU EEA Common AQI,64.0,11.391519,12.025601,7200,9.507246,100,100,59.0,8.452173,Very Low,63.8,12.006636,100,1747017000,Very Low,9.237688,12.573292,Very Low,12.6988735,56.7,10.565217,100,1747017000,10.565217
2025-05-12T02:35:17Z,236,29.86,70.4,62,61.1,0,0,16,85,0.0,255,32767,0.0,2127-15-31,0.0,0.16,26.24,0.0,0.0,0.0,0,4.828125,6,45,05:49,20:11,2025-05-12 02:35:17.132596,Città della Scienza,77.5,13.229613,13.334134,11.547111,9.1132145,EU EEA Common AQI,64.0,11.391519,12.025601,7200,9.507246,100,100,59.0,8.452173,Very Low,63.8,12.006636,100,1747017000,Very Low,9.237688,12.573292,Very Low,12.6988735,56.7,10.565217,100,1747017000,10.565217
2025-05-12T02:35:28Z,236,29.86,70.4,62,61.1,0,0,16,85,0.0,255,32767,0.0,2127-15-31,0.0,0.16,26.24,0.0,0.0,0.0,0,4.828125,6,45,05:49,20:11,2025-05-12 02:35:28.263601,Città della Scienza,77.5,13.229613,13.334134,11.547111,9.1132145,EU EEA Common AQI,64.0,11.391519,12.025601,7200,9.507246,100,100,59.0,8.452173,Very Low,63.8,12.006636,100,1747017000,Very Low,9.237688,12.573292,Very Low,12.6988735,56.7,10.565217,100,1747017000,10.565217
2025-05-12T02:35:39Z,236,29.86,70.5,62,61.2,0,0,16,85,0.0,255,32767,0.0,2127-15-31,0.0,0.16,26.24,0.0,0.0,0.0,0,4.828125,6,45,05:49,20:11,2025-05-12 02:35:39.324590,Città della Scienza,77.5,13.229613,13.334134,11.547111,9.1132145,EU EEA Common AQI,64.0,11.391519,12.025601,7200,9.507246,100,100,59.0,8.452173,Very Low,63.8,12.006636,100,1747017000,Very Low,9.237688,12.573292,Very Low,12.6988735,56.7,10.565217,100,1747017000,10.565217
2025-05-12T02:35:50Z,236,29.86,70.5,62,61.1,0,0,16,85,0.0,255,32767,0.0,2127-15-31,0.0,0.16,26.24,0.0,0.0,0.0,0,4.828125,6,45,05:49,20:11,2025-05-12 02:35:50.399591,Città della Scienza,77.5,13.229613,13.334134,11.547111,9.1132145,EU EEA Common AQI,64.0,11.391519,12.025601,7200,9.507246,100,100,59.0,8.452173,Very Low,63.8,12.006636,100,1747017000,Very Low,9.237688,12.573292,Very Low,12.6988735,56.7,10.565217,100,1747017000,10.565217
2025-05-12T02:36:01Z,236,29.86,70.5,62,61.2,0,0,16,85,0.0,255,32767,0.0,2127-15-31,0.0,0.16,26.24,0.0,0.0,0.0,0,4.828125,6,45,05:49,20:11,2025-05-12 02:36:01.492594,Città della Scienza,77.5,13.229613,13.334134,11.547111,9.1132145,EU EEA Common AQI,64.0,11.391519,12.025601,7200,9.507246,100,100,59.0,8.452173,Very Low,63.8,12.006636,100,1747017000,Very Low,9.237688,12.573292,Very Low,12.6988735,56.7,10.565217,100,1747017000,10.565217
2025-05-12T02:36:12Z,236,29.86,70.5,62,61.1,0,0,16,85,0.0,255,32767,0.0,2127-15-31,0.0,0.16,26.24,0.0,0.0,0.0,0,4.828125,6,45,05:49,20:11,2025-05-12 02:36:12.609563,Città della Scienza,77.5,13.229613,13.334134,11.547111,9.1132145,EU EEA Common AQI,64.0,11.391519,12.025601,7200,9.507246,100,100,59.0,8.452173,Very Low,63.8,12.006636,100,1747017000,Very Low,9.237688,12.573292,Very Low,12.6988735,56.7,10.565217,100,1747017000,10.565217
2025-05-12T02:36:23Z,236,29.86,70.5,62,61.1,0,0,16,85,0.0,255,32767,0.0,2127-15-31,0.0,0.16,26.24,0.0,0.0,0.0,0,4.828125,6,45,05:49,20:11,2025-05-12 02:36:23.706591,Città della Scienza,77.5,13.229613,13.334134,11.547111,9.1132145,EU EEA Common AQI,64.0,11.391519,12.025601,7200,9.507246,100,100,59.0,8.452173,Very Low,63.8,12.006636,100,1747017000,Very Low,9.237688,12.573292,Very Low,12.6988735,56.7,10.565217,100,1747017000,10.565217
2025-05-12T02:36:34Z,236,29.861,70.4,62,61.1,0,0,16,85,0.0,255,32767,0.0,2127-15-31,0.0,0.16,26.24,0.0,0.0,0.0,0,4.828125,6,45,05:49,20:11,2025-05-12 02:36:34.771582,Città della Scienza,77.5,13.229613,13.334134,11.547111,9.1132145,EU EEA Common AQI,64.0,11.391519,12.025601,7200,9.507246,100,100,59.0,8.452173,Very Low,63.8,12.006636,100,1747017000,Very Low,9.237688,12.573292,Very Low,12.6988735,56.7,10.565217,100,1747017000,10.565217
2025-05-12T02:36:46Z,236,29.861,70.4,62,61.2,0,0,16,85,0.0,255,32767,0.0,2127-15-31,0.0,0.16,26.24,0.0,0.0,0.0,0,4.828125,6,45,05:49,20:11,2025-05-12 02:36:45.856592,Città della Scienza,77.5,13.229613,13.334134,11.547111,9.1132145,EU EEA Common AQI,64.0,11.391519,12.025601,7200,9.507246,100,100,59.0,8.452173,Very Low,63.8,12.006636,100,1747017000,Very Low,9.237688,12.573292,Very Low,12.6988735,56.7,10.565217,100,1747017000,10.565217
2025-05-12T02:36:57Z,236,29.861,70.4,62,61.2,0,0,16,85,0.0,255,32767,0.0,2127-15-31,0.0,0.16,26.24,0.0,0.0,0.0,0,4.828125,6,45,05:49,20:11,2025-05-12 02:36:56.962593,Città della Scienza,77.5,13.229613,13.334134,11.547111,9.1132145,EU EEA Common AQI,64.0,11.391519,12.025601,7200,9.507246,100,100,59.0,8.452173,Very Low,63.8,12.006636,100,1747017000,Very Low,9.237688,12.573292,Very Low,12.6988735,56.7,10.565217,100,1747017000,10.565217
2025-05-12T02:37:08Z,236,29.861,70.4,62,61.2,0,0,16,85,0.0,255,32767,0.0,2127-15-31,0.0,0.16,26.24,0.0,0.0,0.0,0,4.828125,6,45,05:49,20:11,2025-05-12 02:37:08.029589,Città della Scienza,77.5,13.229613,13.334134,11.547111,9.1132145,EU EEA Common AQI,64.0,11.391519,12.025601,7200,9.507246,100,100,59.0,8.452173,Very Low,63.8,12.006636,100,1747017000,Very Low,9.237688,12.573292,Very Low,12.6988735,56.7,10.565217,100,1747017000,10.565217
2025-05-12T02:37:19Z,236,29.861,70.4,62,61.2,0,0,16,85,0.0,255,32767,0.0,2127-15-31,0.0,0.16,26.24,0.0,0.0,0.0,0,4.828125,6,45,05:49,20:11,2025-05-12 02:37:19.083598,Città della Scienza,77.5,13.229613,13.334134,11.547111,9.1132145,EU EEA Common AQI,64.0,11.391519,12.025601,7200,9.507246,100,100,59.0,8.452173,Very Low,63.8,12.006636,100,1747017000,Very Low,9.237688,12.573292,Very Low,12.6988735,56.7,10.565217,100,1747017000,10.565217
2025-05-12T02:37:30Z,236,29.861,70.4,62,61.2,0,0,16,85,0.0,255,32767,0.0,2127-15-31,0.0,0.16,26.24,0.0,0.0,0.0,0,4.828125,6,45,05:49,20:11,2025-05-12 02:37:30.161596,Città della Scienza,77.5,13.229613,13.334134,11.547111,9.1132145,EU EEA Common AQI,64.0,11.391519,12.025601,7200,9.507246,100,100,59.0,8.452173,Very Low,63.8,12.006636,100,1747017000,Very Low,9.237688,12.573292,Very Low,12.6988735,56.7,10.565217,100,1747017000,10.565217
2025-05-12T02:37:41Z,236,29.861,70.4,62,61.2,0,0,16,85,0.0,255,32767,0.0,2127-15-31,0.0,0.16,26.24,0.0,0.0,0.0,0,4.828125,6,45,05:49,20:11,2025-05-12 02:37:41.253591,Città della Scienza,77.5,13.229613,13.334134,11.547111,9.1132145,EU EEA Common AQI,64.0,11.391519,12.025601,7200,9.507246,100,100,59.0,8.452173,Very Low,63.8,12.006636,100,1747017000,Very Low,9.237688,12.573292,Very Low,12.6988735,56.7,10.565217,100,1747017000,10.565217
2025-05-12T02:37:52Z,236,29.861,70.4,62,61.1,0,0,16,85,0.0,255,32767,0.0,2127-15-31,0.0,0.16,26.24,0.0,0.0,0.0,0,4.828125,6,45,05:49,20:11,2025-05-12 02:37:52.287587,Città della Scienza,77.5,13.229613,13.334134,11.547111,9.1132145,EU EEA Common AQI,64.0,11.391519,12.025601,7200,9.507246,100,100,59.0,8.452173,Very Low,63.8,12.006636,100,1747017000,Very Low,9.237688,12.573292,Very Low,12.6988735,56.7,10.565217,100,1747017000,10.565217
2025-05-12T02:38:03Z,236,29.861,70.4,62,61.1,0,0,16,85,0.0,255,32767,0.0,2127-15-31,0.0,0.16,26.24,0.0,0.0,0.0,0,4.828125,6,45,05:49,20:11,2025-05-12 02:38:03.391601,Città della Scienza,77.5,13.229613,13.334134,11.547111,9.1132145,EU EEA Common AQI,64.0,11.391519,12.025601,7200,9.507246,100,100,59.0,8.452173,Very Low,63.8,12.006636,100,1747017000,Very Low,9.237688,12.573292,Very Low,12.6988735,56.7,10.565217,100,1747017000,10.565217
2025-05-12T02:38:14Z,236,29.861,70.4,62,61.2,0,0,16,85,0.0,255,32767,0.0,2127-15-31,0.0,0.16,26.24,0.0,0.0,0.0,0,4.828125,6,45,05:49,20:11,2025-05-12 02:38:14.458593,Città della Scienza,77.5,13.229613,13.334134,11.547111,9.1132145,EU EEA Common AQI,64.0,11.391519,12.025601,7200,9.507246,100,100,59.0,8.452173,Very Low,63.8,12.006636,100,1747017000,Very Low,9.237688,12.573292,Very Low,12.6988735,56.7,10.565217,100,1747017000,10.565217
2025-05-12T02:38:25Z,236,29.861,70.4,62,61.2,0,0,16,85,0.0,255,32767,0.0,2127-15-31,0.0,0.16,26.24,0.0,0.0,0.0,0,4.828125,6,45,05:49,20:11,2025-05-12 02:38:25.535594,Città della Scienza,77.5,13.229613,13.334134,11.547111,9.1132145,EU EEA Common AQI,64.0,11.391519,12.025601,7200,9.507246,100,100,59.0,8.452173,Very Low,63.8,12.006636,100,1747017000,Very Low,9.237688,12.573292,Very Low,12.6988735,56.7,10.565217,100,1747017000,10.565217
2025-05-12T02:38:36Z,236,29.86,70.5,62,61.2,0,0,16,85,0.0,255,32767,0.0,2127-15-31,0.0,0.16,26.24,0.0,0.0,0.0,0,4.828125,6,45,05:49,20:11,2025-05-12 02:38:36.637605,Città della Scienza,77.5,13.229613,13.334134,11.547111,9.1132145,EU EEA Common AQI,64.0,11.391519,12.025601,7200,9.507246,100,100,59.0,8.452173,Very Low,63.8,12.006636,100,1747017000,Very Low,9.237688,12.573292,Very Low,12.6988735,56.7,10.565217,100,1747017000,10.565217
2025-05-12T02:38:47Z,236,29.86,70.5,62,61.1,0,0,16,85,0.0,255,32767,0.0,2127-15-31,0.0,0.16,26.24,0.0,0.0,0.0,0,4.828125,6,45,05:49,20:11,2025-05-12 02:38:47.669087,Città della Scienza,77.5,13.229613,13.334134,11.547111,9.1132145,EU EEA Common AQI,64.0,11.391519,12.025601,7200,9.507246,100,100,59.0,8.452173,Very Low,63.8,12.006636,100,1747017000,Very Low,9.237688,12.573292,Very Low,12.6988735,56.7,10.565217,100,1747017000,10.565217
2025-05-12T02:38:58Z,236,29.86,70.5,62,61.2,0,0,16,85,0.0,255,32767,0.0,2127-15-31,0.0,0.16,26.24,0.0,0.0,0.0,0,4.828125,6,45,05:49,20:11,2025-05-12 02:38:58.698593,Città della Scienza,77.5,13.229613,13.334134,11.547111,9.1132145,EU EEA Common AQI,64.0,11.391519,12.025601,7200,9.507246,100,100,59.0,8.452173,Very Low,63.8,12.006636,100,1747017000,Very Low,9.237688,12.573292,Very Low,12.6988735,56.7,10.565217,100,1747017000,10.565217
2025-05-12T02:39:09Z,236,29.86,70.5,62,61.2,0,0,16,85,0.0,255,32767,0.0,2127-15-31,0.0,0.16,26.24,0.0,0.0,0.0,0,4.828125,6,45,05:49,20:11,2025-05-12 02:39:09.789556,Città della Scienza,77.5,13.229613,13.334134,11.547111,9.1132145,EU EEA Common AQI,64.0,11.391519,12.025601,7200,9.507246,100,100,59.0,8.452173,Very Low,63.8,12.006636,100,1747017000,Very Low,9.237688,12.573292,Very Low,12.6988735,56.7,10.565217,100,1747017000,10.565217
2025-05-12T02:39:21Z,236,29.86,70.5,62,61.2,0,0,16,85,0.0,255,32767,0.0,2127-15-31,0.0,0.16,26.24,0.0,0.0,0.0,0,4.828125,6,45,05:49,20:11,2025-05-12 02:39:20.880599,Città della Scienza,77.5,13.229613,13.334134,11.547111,9.1132145,EU EEA Common AQI,64.0,11.391519,12.025601,7200,9.507246,100,100,59.0,8.452173,Very Low,63.8,12.006636,100,1747017000,Very Low,9.237688,12.573292,Very Low,12.6988735,56.7,10.565217,100,1747017000,10.565217
2025-05-12T02:39:32Z,236,29.86,70.6,62,61.2,0,0,16,85,0.0,255,32767,0.0,2127-15-31,0.0,0.16,26.24,0.0,0.0,0.0,0,4.828125,6,45,05:49,20:11,2025-05-12 02:39:31.943592,Città della Scienza,77.5,13.229613,13.334134,11.547111,9.1132145,EU EEA Common AQI,64.0,11.391519,12.025601,7200,9.507246,100,100,59.0,8.452173,Very Low,63.8,12.006636,100,1747017000,Very Low,9.237688,12.573292,Very Low,12.6988735,56.7,10.565217,100,1747017000,10.565217
2025-05-12T02:39:43Z,236,29.86,70.6,62,61.2,0,0,16,85,0.0,255,32767,0.0,2127-15-31,0.0,0.16,26.24,0.0,0.0,0.0,0,4.828125,6,45,05:49,20:11,2025-05-12 02:39:43.062590,Città della Scienza,77.5,13.229613,13.334134,11.547111,9.1132145,EU EEA Common AQI,64.0,11.391519,12.025601,7200,9.507246,100,100,59.0,8.452173,Very Low,63.8,12.006636,100,1747017000,Very Low,9.237688,12.573292,Very Low,12.6988735,56.7,10.565217,100,1747017000,10.565217
2025-05-12T02:39:54Z,236,29.86,70.6,62,61.2,0,0,16,85,0.0,255,32767,0.0,2127-15-31,0.0,0.16,26.24,0.0,0.0,0.0,0,4.828125,6,45,05:49,20:11,2025-05-12 02:39:54.161593,Città della Scienza,77.5,13.229613,13.334134,11.547111,9.1132145,EU EEA Common AQI,64.0,11.391519,12.025601,7200,9.507246,100,100,59.0,8.452173,Very Low,63.8,12.006636,100,1747017000,Very Low,9.237688,12.573292,Very Low,12.6988735,56.7,10.565217,100,1747017000,10.565217
2025-05-12T02:40:05Z,236,29.86,70.6,62,61.2,0,0,16,85,0.0,255,32767,0.0,2127-15-31,0.0,0.16,26.24,0.0,0.0,0.0,0,4.828125,6,45,05:49,20:11,2025-05-12 02:40:05.221606,Città della Scienza,77.5,13.229613,13.334134,11.547111,9.1132145,EU EEA Common AQI,64.0,11.391519,12.025601,7200,9.507246,100,100,59.0,8.452173,Very Low,63.8,12.006636,100,1747017000,Very Low,9.237688,12.573292,Very Low,12.6988735,56.7,10.565217,100,1747017000,10.565217
2025-05-12T02:40:16Z,236,29.86,70.6,62,61.2,0,0,16,85,0.0,255,32767,0.0,2127-15-31,0.0,0.16,26.24,0.0,0.0,0.0,0,4.828125,6,45,05:49,20:11,2025-05-12 02:40:16.362602,Città della Scienza,77.5,13.229613,13.334134,11.547111,9.1132145,EU EEA Common AQI,64.0,11.391519,12.025601,7200,9.507246,100,100,59.0,8.452173,Very Low,63.8,12.006636,100,1747017000,Very Low,9.237688,12.573292,Very Low,12.6988735,56.7,10.565217,100,1747017000,10.565217
2025-05-12T02:40:27Z,236,29.86,70.6,62,61.2,0,0,16,85,0.0,255,32767,0.0,2127-15-31,0.0,0.16,26.24,0.0,0.0,0.0,0,4.828125,6,45,05:49,20:11,2025-05-12 02:40:27.425097,Città della Scienza,77.5,13.229613,13.334134,11.547111,9.1132145,EU EEA Common AQI,64.0,11.391519,12.025601,7200,9.507246,100,100,59.0,8.452173,Very Low,63.8,12.006636,100,1747017000,Very Low,9.237688,12.573292,Very Low,12.6988735,56.7,10.565217,100,1747017000,10.565217
2025-05-12T02:40:38Z,236,29.858,70.6,62,61.2,0,0,16,85,0.0,255,32767,0.0,2127-15-31,0.0,0.16,26.24,0.0,0.0,0.0,0,4.828125,6,45,05:49,20:11,2025-05-12 02:40:38.507588,Città della Scienza,77.5,13.229613,13.334134,11.547111,9.1132145,EU EEA Common AQI,64.0,11.391519,12.025601,7200,9.507246,100,100,59.0,8.452173,Very Low,63.8,12.006636,100,1747017000,Very Low,9.237688,12.573292,Very Low,12.6988735,56.7,10.565217,100,1747017000,10.565217
2025-05-12T02:40:49Z,236,29.858,70.6,62,61.2,0,0,16,85,0.0,255,32767,0.0,2127-15-31,0.0,0.16,26.24,0.0,0.0,0.0,0,4.828125,6,45,05:49,20:11,2025-05-12 02:40:49.584588,Città della Scienza,77.5,13.229613,13.334134,11.547111,9.1132145,EU EEA Common AQI,64.0,11.391519,12.025601,7200,9.507246,100,100,59.0,8.452173,Very Low,63.8,12.006636,100,1747017000,Very Low,9.237688,12.573292,Very Low,12.6988735,56.7,10.565217,100,1747017000,10.565217
2025-05-12T02:41:00Z,236,29.858,70.6,62,61.2,0,0,16,85,0.0,255,32767,0.0,2127-15-31,0.0,0.16,26.24,0.0,0.0,0.0,0,4.828125,6,45,05:49,20:11,2025-05-12 02:41:00.652591,Città della Scienza,77.5,13.229613,13.334134,11.547111,9.1132145,EU EEA Common AQI,64.0,11.391519,12.025601,7200,9.507246,100,100,59.0,8.452173,Very Low,63.8,12.006636,100,1747017000,Very Low,9.237688,12.573292,Very Low,12.6988735,56.7,10.565217,100,1747017000,10.565217
2025-05-12T02:41:11Z,236,29.858,70.6,62,61.2,0,0,16,85,0.0,255,32767,0.0,2127-15-31,0.0,0.16,26.24,0.0,0.0,0.0,0,4.828125,6,45,05:49,20:11,2025-05-12 02:41:11.734593,Città della Scienza,77.5,13.229613,13.334134,11.547111,9.1132145,EU EEA Common AQI,64.0,11.391519,12.025601,7200,9.507246,100,100,59.0,8.452173,Very Low,63.8,12.006636,100,1747017000,Very Low,9.237688,12.573292,Very Low,12.6988735,56.7,10.565217,100,1747017000,10.565217
2025-05-12T02:41:23Z,236,29.858,70.6,62,61.3,0,0,16,85,0.0,255,32767,0.0,2127-15-31,0.0,0.16,26.24,0.0,0.0,0.0,0,4.828125,6,45,05:49,20:11,2025-05-12 02:41:22.812591,Città della Scienza,77.5,13.229613,13.334134,11.547111,9.1132145,EU EEA Common AQI,64.0,11.391519,12.025601,7200,9.507246,100,100,59.0,8.452173,Very Low,63.8,12.006636,100,1747017000,Very Low,9.237688,12.573292,Very Low,12.6988735,56.7,10.565217,100,1747017000,10.565217
2025-05-12T02:41:34Z,236,29.861,70.6,62,61.2,0,0,16,85,0.0,255,32767,0.0,2127-15-31,0.0,0.16,26.24,0.0,0.0,0.0,0,4.828125,6,45,05:49,20:11,2025-05-12 02:41:33.906597,Città della Scienza,77.5,13.229613,13.334134,11.547111,9.1132145,EU EEA Common AQI,64.0,11.391519,12.025601,7200,9.507246,100,100,59.0,8.452173,Very Low,63.8,12.006636,100,1747017000,Very Low,9.237688,12.573292,Very Low,12.6988735,56.7,10.565217,100,1747017000,10.565217
2025-05-12T02:41:45Z,236,29.861,70.6,62,61.2,0,0,16,85,0.0,255,32767,0.0,2127-15-31,0.0,0.16,26.24,0.0,0.0,0.0,0,4.828125,6,45,05:49,20:11,2025-05-12 02:41:44.967603,Città della Scienza,77.5,13.229613,13.334134,11.547111,9.1132145,EU EEA Common AQI,64.0,11.391519,12.025601,7200,9.507246,100,100,59.0,8.452173,Very Low,63.8,12.006636,100,1747017000,Very Low,9.237688,12.573292,Very Low,12.6988735,56.7,10.565217,100,1747017000,10.565217
2025-05-12T02:41:56Z,236,29.861,70.6,62,61.2,0,0,16,85,0.0,255,32767,0.0,2127-15-31,0.0,0.16,26.24,0.0,0.0,0.0,0,4.828125,6,45,05:49,20:11,2025-05-12 02:41:56.078601,Città della Scienza,77.5,13.229613,13.334134,11.547111,9.1132145,EU EEA Common AQI,64.0,11.391519,12.025601,7200,9.507246,100,100,59.0,8.452173,Very Low,63.8,12.006636,100,1747017000,Very Low,9.237688,12.573292,Very Low,12.6988735,56.7,10.565217,100,1747017000,10.565217
2025-05-12T02:42:07Z,236,29.861,70.6,62,61.2,0,0,16,85,0.0,255,32767,0.0,2127-15-31,0.0,0.16,26.24,0.0,0.0,0.0,0,4.828125,6,45,05:49,20:11,2025-05-12 02:42:07.157102,Città della Scienza,77.5,13.229613,13.334134,11.547111,9.1132145,EU EEA Common AQI,64.0,11.391519,12.025601,7200,9.507246,100,100,59.0,8.452173,Very Low,63.8,12.006636,100,1747017000,Very Low,9.237688,12.573292,Very Low,12.6988735,56.7,10.565217,100,1747017000,10.565217
2025-05-12T02:42:18Z,236,29.861,70.6,62,61.2,0,0,16,85,0.0,255,32767,0.0,2127-15-31,0.0,0.16,26.24,0.0,0.0,0.0,0,4.828125,6,45,05:49,20:11,2025-05-12 02:42:18.236597,Città della Scienza,77.5,13.229613,13.334134,11.547111,9.1132145,EU EEA Common AQI,64.0,11.391519,12.025601,7200,9.507246,100,100,59.0,8.452173,Very Low,63.8,12.006636,100,1747017000,Very Low,9.237688,12.573292,Very Low,12.6988735,56.7,10.565217,100,1747017000,10.565217
2025-05-12T02:42:29Z,236,29.861,70.6,62,61.2,0,0,16,85,0.0,255,32767,0.0,2127-15-31,0.0,0.16,26.24,0.0,0.0,0.0,0,4.828125,6,45,05:49,20:11,2025-05-12 02:42:29.346592,Città della Scienza,77.5,13.229613,13.334134,11.547111,9.1132145,EU EEA Common AQI,64.0,11.391519,12.025601,7200,9.507246,100,100,59.0,8.452173,Very Low,63.8,12.006636,100,1747017000,Very Low,9.237688,12.573292,Very Low,12.6988735,56.7,10.565217,100,1747017000,10.565217
2025-05-12T02:42:40Z,236,29.86,70.6,62,61.2,0,0,16,85,0.0,255,32767,0.0,2127-15-31,0.0,0.16,26.24,0.0,0.0,0.0,0,4.828125,6,45,05:49,20:11,2025-05-12 02:42:40.398598,Città della Scienza,77.5,13.229613,13.334134,11.547111,9.1132145,EU EEA Common AQI,64.0,11.391519,12.025601,7200,9.507246,100,100,59.0,8.452173,Very Low,63.8,12.006636,100,1747017000,Very Low,9.237688,12.573292,Very Low,12.6988735,56.7,10.565217,100,1747017000,10.565217
2025-05-12T02:42:51Z,236,29.86,70.6,62,61.2,0,0,16,85,0.0,255,32767,0.0,2127-15-31,0.0,0.16,26.24,0.0,0.0,0.0,0,4.828125,6,45,05:49,20:11,2025-05-12 02:42:51.540592,Città della Scienza,77.5,13.229613,13.334134,11.547111,9.1132145,EU EEA Common AQI,64.0,11.391519,12.025601,7200,9.507246,100,100,59.0,8.452173,Very Low,63.8,12.006636,100,1747017000,Very Low,9.237688,12.573292,Very Low,12.6988735,56.7,10.565217,100,1747017000,10.565217
2025-05-12T02:43:02Z,236,29.86,70.6,62,61.2,0,0,17,85,0.0,255,32767,0.0,2127-15-31,0.0,0.16,26.24,0.0,0.0,0.0,0,4.828125,6,45,05:49,20:11,2025-05-12 02:43:02.661597,Città della Scienza,77.5,13.229613,13.334134,11.547111,9.1132145,EU EEA Common AQI,64.0,11.391519,12.025601,7200,9.507246,100,100,59.0,8.452173,Very Low,63.8,12.006636,100,1747017000,Very Low,9.237688,12.573292,Very Low,12.6988735,56.7,10.565217,100,1747017000,10.565217
2025-05-12T02:43:13Z,236,29.86,70.6,62,61.2,0,0,16,85,0.0,255,32767,0.0,2127-15-31,0.0,0.16,26.24,0.0,0.0,0.0,0,4.828125,6,45,05:49,20:11,2025-05-12 02:43:13.742591,Città della Scienza,77.5,13.229613,13.334134,11.547111,9.1132145,EU EEA Common AQI,64.0,11.391519,12.025601,7200,9.507246,100,100,59.0,8.452173,Very Low,63.8,12.006636,100,1747017000,Very Low,9.237688,12.573292,Very Low,12.6988735,56.7,10.565217,100,1747017000,10.565217
2025-05-12T02:43:25Z,236,29.86,70.6,62,61.2,0,0,16,85,0.0,255,32767,0.0,2127-15-31,0.0,0.16,26.24,0.0,0.0,0.0,0,4.828125,6,45,05:49,20:11,2025-05-12 02:43:24.862615,Città della Scienza,77.5,13.229613,13.334134,11.547111,9.1132145,EU EEA Common AQI,64.0,11.391519,12.025601,7200,9.507246,100,100,59.0,8.452173,Very Low,63.8,12.006636,100,1747017000,Very Low,9.237688,12.573292,Very Low,12.6988735,56.7,10.565217,100,1747017000,10.565217
2025-05-12T02:43:36Z,236,29.859,70.6,62,61.2,0,0,16,85,0.0,255,32767,0.0,2127-15-31,0.0,0.16,26.24,0.0,0.0,0.0,0,4.828125,6,45,05:49,20:11,2025-05-12 02:43:35.977603,Città della Scienza,77.5,13.229613,13.334134,11.547111,9.1132145,EU EEA Common AQI,64.0,11.391519,12.025601,7200,9.507246,100,100,59.0,8.452173,Very Low,63.8,12.006636,100,1747017000,Very Low,9.237688,12.573292,Very Low,12.6988735,56.7,10.565217,100,1747017000,10.565217
2025-05-12T02:43:47Z,236,29.859,70.6,62,61.2,0,0,16,85,0.0,255,32767,0.0,2127-15-31,0.0,0.16,26.24,0.0,0.0,0.0,0,4.828125,6,45,05:49,20:11,2025-05-12 02:43:47.074587,Città della Scienza,77.5,13.229613,13.334134,11.547111,9.1132145,EU EEA Common AQI,64.0,11.391519,12.025601,7200,9.507246,100,100,59.0,8.452173,Very Low,63.8,12.006636,100,1747017000,Very Low,9.237688,12.573292,Very Low,12.6988735,56.7,10.565217,100,1747017000,10.565217
2025-05-12T02:43:58Z,236,29.859,70.6,62,61.2,0,0,16,85,0.0,255,32767,0.0,2127-15-31,0.0,0.16,26.24,0.0,0.0,0.0,0,4.828125,6,45,05:49,20:11,2025-05-12 02:43:58.144594,Città della Scienza,77.5,13.229613,13.334134,11.547111,9.1132145,EU EEA Common AQI,64.0,11.391519,12.025601,7200,9.507246,100,100,59.0,8.452173,Very Low,63.8,12.006636,100,1747017000,Very Low,9.237688,12.573292,Very Low,12.6988735,56.7,10.565217,100,1747017000,10.565217
2025-05-12T02:44:09Z,236,29.859,70.6,62,61.2,0,0,16,85,0.0,255,32767,0.0,2127-15-31,0.0,0.16,26.24,0.0,0.0,0.0,0,4.828125,6,45,05:49,20:11,2025-05-12 02:44:09.224591,Città della Scienza,77.5,13.229613,13.334134,11.547111,9.1132145,EU EEA Common AQI,64.0,11.391519,12.025601,7200,9.507246,100,100,59.0,8.452173,Very Low,63.8,12.006636,100,1747017000,Very Low,9.237688,12.573292,Very Low,12.6988735,56.7,10.565217,100,1747017000,10.565217
2025-05-12T02:44:20Z,236,29.859,70.6,62,61.2,0,0,16,85,0.0,255,32767,0.0,2127-15-31,0.0,0.16,26.24,0.0,0.0,0.0,0,4.828125,6,45,05:49,20:11,2025-05-12 02:44:20.273590,Città della Scienza,77.5,13.229613,13.334134,11.547111,9.1132145,EU EEA Common AQI,64.0,11.391519,12.025601,7200,9.507246,100,100,59.0,8.452173,Very Low,63.8,12.006636,100,1747017000,Very Low,9.237688,12.573292,Very Low,12.6988735,56.7,10.565217,100,1747017000,10.565217
2025-05-12T02:44:31Z,236,29.859,70.6,62,61.1,0,0,16,85,0.0,255,32767,0.0,2127-15-31,0.0,0.16,26.24,0.0,0.0,0.0,0,4.828125,6,45,05:49,20:11,2025-05-12 02:44:31.335601,Città della Scienza,77.5,13.229613,13.334134,11.547111,9.1132145,EU EEA Common AQI,64.0,11.391519,12.025601,7200,9.507246,100,100,59.0,8.452173,Very Low,63.8,12.006636,100,1747017000,Very Low,9.237688,12.573292,Very Low,12.6988735,56.7,10.565217,100,1747017000,10.565217
2025-05-12T02:44:42Z,236,29.858,70.6,62,61.1,0,0,16,85,0.0,255,32767,0.0,2127-15-31,0.0,0.16,26.24,0.0,0.0,0.0,0,4.828125,6,45,05:49,20:11,2025-05-12 02:44:42.443589,Città della Scienza,77.5,13.229613,13.334134,11.547111,9.1132145,EU EEA Common AQI,64.0,11.391519,12.025601,7200,9.507246,100,100,59.0,8.452173,Very Low,63.8,12.006636,100,1747017000,Very Low,9.237688,12.573292,Very Low,12.6988735,56.7,10.565217,100,1747017000,10.565217
2025-05-12T02:44:53Z,236,29.858,70.6,62,61.1,0,0,16,85,0.0,255,32767,0.0,2127-15-31,0.0,0.16,26.24,0.0,0.0,0.0,0,4.828125,6,45,05:49,20:11,2025-05-12 02:44:53.536592,Città della Scienza,77.5,13.229613,13.334134,11.547111,9.1132145,EU EEA Common AQI,64.0,11.391519,12.025601,7200,9.507246,100,100,59.0,8.452173,Very Low,63.8,12.006636,100,1747017000,Very Low,9.237688,12.573292,Very Low,12.6988735,56.7,10.565217,100,1747017000,10.565217
2025-05-12T02:45:04Z,236,29.858,70.6,62,61.1,0,0,16,85,0.0,255,32767,0.0,2127-15-31,0.0,0.16,26.24,0.0,0.0,0.0,0,4.828125,6,45,05:49,20:11,2025-05-12 02:45:04.604559,Città della Scienza,77.5,13.229613,13.334134,11.547111,9.1132145,EU EEA Common AQI,64.0,11.391519,12.025601,7200,9.507246,100,100,59.0,8.452173,Very Low,63.8,12.006636,100,1747017000,Very Low,9.237688,12.573292,Very Low,12.6988735,56.7,10.565217,100,1747017000,10.565217
2025-05-12T02:45:15Z,236,29.858,70.6,62,61.1,0,0,16,85,0.0,255,32767,0.0,2127-15-31,0.0,0.16,26.24,0.0,0.0,0.0,0,4.828125,6,45,05:49,20:11,2025-05-12 02:45:15.779593,Città della Scienza,77.5,13.229613,13.334134,11.547111,9.1132145,EU EEA Common AQI,64.0,11.391519,12.025601,7200,9.507246,100,100,59.0,8.452173,Very Low,63.8,12.006636,100,1747017000,Very Low,9.237688,12.573292,Very Low,12.6988735,56.7,10.565217,100,1747017000,10.565217
2025-05-12T02:45:27Z,236,29.858,70.6,62,61.1,0,0,16,85,0.0,255,32767,0.0,2127-15-31,0.0,0.16,26.24,0.0,0.0,0.0,0,4.828125,6,45,05:49,20:11,2025-05-12 02:45:26.854601,Città della Scienza,77.1,13.027816,13.232493,11.060642,8.965348,EU EEA Common AQI,64.1,11.206686,11.933323,7200,10.142858,100,100,59.1,9.497143,Very Low,64.0,11.809128,100,1747017900,Very Low,8.848514,12.383386,Very Low,12.173538,56.6,14.157143,100,1747017900,11.8714285
2025-05-12T02:45:38Z,236,29.86,70.6,62,61.1,0,0,15,85,0.0,255,32767,0.0,2127-15-31,0.0,0.16,26.24,0.0,0.0,0.0,0,4.828125,6,45,05:49,20:11,2025-05-12 02:45:37.929596,Città della Scienza,77.1,13.027816,13.232493,11.060642,8.965348,EU EEA Common AQI,64.1,11.206686,11.933323,7200,10.142858,100,100,59.1,9.497143,Very Low,64.0,11.809128,100,1747017900,Very Low,8.848514,12.383386,Very Low,12.173538,56.6,14.157143,100,1747017900,11.8714285
2025-05-12T02:45:49Z,236,29.86,70.6,62,61.1,0,0,315,85,0.0,255,32767,0.0,2127-15-31,0.0,0.16,26.24,0.0,0.0,0.0,0,4.828125,6,45,05:49,20:11,2025-05-12 02:45:48.983585,Città della Scienza,77.1,13.027816,13.232493,11.060642,8.965348,EU EEA Common AQI,64.1,11.206686,11.933323,7200,10.142858,100,100,59.1,9.497143,Very Low,64.0,11.809128,100,1747017900,Very Low,8.848514,12.383386,Very Low,12.173538,56.6,14.157143,100,1747017900,11.8714285
2025-05-12T02:46:00Z,236,29.86,70.6,62,61.1,0,0,310,85,0.0,255,32767,0.0,2127-15-31,0.0,0.16,26.24,0.0,0.0,0.0,0,4.828125,6,45,05:49,20:11,2025-05-12 02:46:00.124604,Città della Scienza,77.1,13.027816,13.232493,11.060642,8.965348,EU EEA Common AQI,64.1,11.206686,11.933323,7200,10.142858,100,100,59.1,9.497143,Very Low,64.0,11.809128,100,1747017900,Very Low,8.848514,12.383386,Very Low,12.173538,56.6,14.157143,100,1747017900,11.8714285
2025-05-12T02:46:11Z,236,29.86,70.6,62,61.1,0,0,310,85,0.0,255,32767,0.0,2127-15-31,0.0,0.16,26.24,0.0,0.0,0.0,0,4.828125,6,45,05:49,20:11,2025-05-12 02:46:11.240587,Città della Scienza,77.1,13.027816,13.232493,11.060642,8.965348,EU EEA Common AQI,64.1,11.206686,11.933323,7200,10.142858,100,100,59.1,9.497143,Very Low,64.0,11.809128,100,1747017900,Very Low,8.848514,12.383386,Very Low,12.173538,56.6,14.157143,100,1747017900,11.8714285
2025-05-12T02:46:22Z,236,29.86,70.6,62,61.0,0,0,310,85,0.0,255,32767,0.0,2127-15-31,0.0,0.16,26.24,0.0,0.0,0.0,0,4.828125,6,45,05:49,20:11,2025-05-12 02:46:22.294602,Città della Scienza,77.1,13.027816,13.232493,11.060642,8.965348,EU EEA Common AQI,64.1,11.206686,11.933323,7200,10.142858,100,100,59.1,9.497143,Very Low,64.0,11.809128,100,1747017900,Very Low,8.848514,12.383386,Very Low,12.173538,56.6,14.157143,100,1747017900,11.8714285
2025-05-12T02:46:33Z,236,29.86,70.7,62,61.0,0,0,310,85,0.0,255,32767,0.0,2127-15-31,0.0,0.16,26.24,0.0,0.0,0.0,0,4.828125,6,45,05:49,20:11,2025-05-12 02:46:33.367595,Città della Scienza,77.1,13.027816,13.232493,11.060642,8.965348,EU EEA Common AQI,64.1,11.206686,11.933323,7200,10.142858,100,100,59.1,9.497143,Very Low,64.0,11.809128,100,1747017900,Very Low,8.848514,12.383386,Very Low,12.173538,56.6,14.157143,100,1747017900,11.8714285
2025-05-12T02:46:44Z,236,29.86,70.7,62,61.0,0,0,310,85,0.0,255,32767,0.0,2127-15-31,0.0,0.16,26.24,0.0,0.0,0.0,0,4.828125,6,45,05:49,20:11,2025-05-12 02:46:44.463583,Città della Scienza,77.1,13.027816,13.232493,11.060642,8.965348,EU EEA Common AQI,64.1,11.206686,11.933323,7200,10.142858,100,100,59.1,9.497143,Very Low,64.0,11.809128,100,1747017900,Very Low,8.848514,12.383386,Very Low,12.173538,56.6,14.157143,100,1747017900,11.8714285
2025-05-12T02:46:55Z,236,29.86,70.7,62,61.0,0,0,310,85,0.0,255,32767,0.0,2127-15-31,0.0,0.16,26.24,0.0,0.0,0.0,0,4.828125,6,45,05:49,20:11,2025-05-12 02:46:55.561549,Città della Scienza,77.1,13.027816,13.232493,11.060642,8.965348,EU EEA Common AQI,64.1,11.206686,11.933323,7200,10.142858,100,100,59.1,9.497143,Very Low,64.0,11.809128,100,1747017900,Very Low,8.848514,12.383386,Very Low,12.173538,56.6,14.157143,100,1747017900,11.8714285
2025-05-12T02:47:06Z,236,29.86,70.7,62,61.0,0,0,310,85,0.0,255,32767,0.0,2127-15-31,0.0,0.16,26.24,0.0,0.0,0.0,0,4.828125,6,45,05:49,20:11,2025-05-12 02:47:06.668600,Città della Scienza,77.1,13.027816,13.232493,11.060642,8.965348,EU EEA Common AQI,64.1,11.206686,11.933323,7200,10.142858,100,100,59.1,9.497143,Very Low,64.0,11.809128,100,1747017900,Very Low,8.848514,12.383386,Very Low,12.173538,56.6,14.157143,100,1747017900,11.8714285
2025-05-12T02:47:17Z,236,29.86,70.7,62,61.0,0,0,310,85,0.0,255,32767,0.0,2127-15-31,0.0,0.16,26.24,0.0,0.0,0.0,0,4.828125,6,45,05:49,20:11,2025-05-12 02:47:17.728602,Città della Scienza,77.1,13.027816,13.232493,11.060642,8.965348,EU EEA Common AQI,64.1,11.206686,11.933323,7200,10.142858,100,100,59.1,9.497143,Very Low,64.0,11.809128,100,1747017900,Very Low,8.848514,12.383386,Very Low,12.173538,56.6,14.157143,100,1747017900,11.8714285
2025-05-12T02:47:28Z,236,29.86,70.7,62,61.0,0,0,310,85,0.0,255,32767,0.0,2127-15-31,0.0,0.16,26.24,0.0,0.0,0.0,0,4.828125,6,45,05:49,20:11,2025-05-12 02:47:28.781591,Città della Scienza,77.1,13.027816,13.232493,11.060642,8.965348,EU EEA Common AQI,64.1,11.206686,11.933323,7200,10.142858,100,100,59.1,9.497143,Very Low,64.0,11.809128,100,1747017900,Very Low,8.848514,12.383386,Very Low,12.173538,56.6,14.157143,100,1747017900,11.8714285
2025-05-12T02:47:40Z,236,29.859,70.8,62,61.0,0,0,310,85,0.0,255,32767,0.0,2127-15-31,0.0,0.16,26.24,0.0,0.0,0.0,0,4.828125,6,45,05:49,20:11,2025-05-12 02:47:39.881592,Città della Scienza,77.1,13.027816,13.232493,11.060642,8.965348,EU EEA Common AQI,64.1,11.206686,11.933323,7200,10.142858,100,100,59.1,9.497143,Very Low,64.0,11.809128,100,1747017900,Very Low,8.848514,12.383386,Very Low,12.173538,56.6,14.157143,100,1747017900,11.8714285
2025-05-12T02:47:51Z,236,29.859,70.8,62,61.0,0,0,310,85,0.0,255,32767,0.0,2127-15-31,0.0,0.16,26.24,0.0,0.0,0.0,0,4.828125,6,45,05:49,20:11,2025-05-12 02:47:50.923597,Città della Scienza,77.1,13.027816,13.232493,11.060642,8.965348,EU EEA Common AQI,64.1,11.206686,11.933323,7200,10.142858,100,100,59.1,9.497143,Very Low,64.0,11.809128,100,1747017900,Very Low,8.848514,12.383386,Very Low,12.173538,56.6,14.157143,100,1747017900,11.8714285
2025-05-12T02:48:02Z,236,29.859,70.8,62,61.0,0,0,310,85,0.0,255,32767,0.0,2127-15-31,0.0,0.16,26.24,0.0,0.0,0.0,0,4.828125,6,45,05:49,20:11,2025-05-12 02:48:02.014600,Città della Scienza,77.1,13.027816,13.232493,11.060642,8.965348,EU EEA Common AQI,64.1,11.206686,11.933323,7200,10.142858,100,100,59.1,9.497143,Very Low,64.0,11.809128,100,1747017900,Very Low,8.848514,12.383386,Very Low,12.173538,56.6,14.157143,100,1747017900,11.8714285
2025-05-12T02:48:13Z,236,29.859,70.8,62,61.0,0,0,310,85,0.0,255,32767,0.0,2127-15-31,0.0,0.16,26.24,0.0,0.0,0.0,0,4.828125,6,45,05:49,20:11,2025-05-12 02:48:13.107592,Città della Scienza,77.1,13.027816,13.232493,11.060642,8.965348,EU EEA Common AQI,64.1,11.206686,11.933323,7200,10.142858,100,100,59.1,9.497143,Very Low,64.0,11.809128,100,1747017900,Very Low,8.848514,12.383386,Very Low,12.173538,56.6,14.157143,100,1747017900,11.8714285
2025-05-12T02:48:24Z,236,29.859,70.8,62,61.0,0,0,310,85,0.0,255,32767,0.0,2127-15-31,0.0,0.16,26.24,0.0,0.0,0.0,0,4.828125,6,45,05:49,20:11,2025-05-12 02:48:24.184586,Città della Scienza,77.1,13.027816,13.232493,11.060642,8.965348,EU EEA Common AQI,64.1,11.206686,11.933323,7200,10.142858,100,100,59.1,9.497143,Very Low,64.0,11.809128,100,1747017900,Very Low,8.848514,12.383386,Very Low,12.173538,56.6,14.157143,100,1747017900,11.8714285
2025-05-12T02:48:35Z,236,29.861,70.7,62,61.0,0,0,310,85,0.0,255,32767,0.0,2127-15-31,0.0,0.16,26.24,0.0,0.0,0.0,0,4.828125,6,45,05:49,20:11,2025-05-12 02:48:35.245591,Città della Scienza,77.1,13.027816,13.232493,11.060642,8.965348,EU EEA Common AQI,64.1,11.206686,11.933323,7200,10.142858,100,100,59.1,9.497143,Very Low,64.0,11.809128,100,1747017900,Very Low,8.848514,12.383386,Very Low,12.173538,56.6,14.157143,100,1747017900,11.8714285
2025-05-12T02:48:46Z,236,29.861,70.7,62,61.0,0,0,310,85,0.0,255,32767,0.0,2127-15-31,0.0,0.16,26.24,0.0,0.0,0.0,0,4.828125,6,45,05:49,20:11,2025-05-12 02:48:46.364592,Città della Scienza,77.1,13.027816,13.232493,11.060642,8.965348,EU EEA Common AQI,64.1,11.206686,11.933323,7200,10.142858,100,100,59.1,9.497143,Very Low,64.0,11.809128,100,1747017900,Very Low,8.848514,12.383386,Very Low,12.173538,56.6,14.157143,100,1747017900,11.8714285
2025-05-12T02:48:57Z,236,29.861,70.7,62,61.0,0,0,310,85,0.0,255,32767,0.0,2127-15-31,0.0,0.16,26.24,0.0,0.0,0.0,0,4.828125,6,45,05:49,20:11,2025-05-12 02:48:57.413590,Città della Scienza,77.1,13.027816,13.232493,11.060642,8.965348,EU EEA Common AQI,64.1,11.206686,11.933323,7200,10.142858,100,100,59.1,9.497143,Very Low,64.0,11.809128,100,1747017900,Very Low,8.848514,12.383386,Very Low,12.173538,56.6,14.157143,100,1747017900,11.8714285
2025-05-12T02:49:08Z,236,29.861,70.7,62,61.1,0,0,310,85,0.0,255,32767,0.0,2127-15-31,0.0,0.16,26.24,0.0,0.0,0.0,0,4.828125,6,45,05:49,20:11,2025-05-12 02:49:08.452592,Città della Scienza,77.1,13.027816,13.232493,11.060642,8.965348,EU EEA Common AQI,64.1,11.206686,11.933323,7200,10.142858,100,100,59.1,9.497143,Very Low,64.0,11.809128,100,1747017900,Very Low,8.848514,12.383386,Very Low,12.173538,56.6,14.157143,100,1747017900,11.8714285
2025-05-12T02:49:19Z,236,29.861,70.7,62,61.1,0,0,310,85,0.0,255,32767,0.0,2127-15-31,0.0,0.16,26.24,0.0,0.0,0.0,0,4.828125,6,45,05:49,20:11,2025-05-12 02:49:19.538594,Città della Scienza,77.1,13.027816,13.232493,11.060642,8.965348,EU EEA Common AQI,64.1,11.206686,11.933323,7200,10.142858,100,100,59.1,9.497143,Very Low,64.0,11.809128,100,1747017900,Very Low,8.848514,12.383386,Very Low,12.173538,56.6,14.157143,100,1747017900,11.8714285
2025-05-12T02:49:30Z,236,29.861,70.7,62,61.0,0,0,310,85,0.0,255,32767,0.0,2127-15-31,0.0,0.16,26.24,0.0,0.0,0.0,0,4.828125,6,45,05:49,20:11,2025-05-12 02:49:30.595591,Città della Scienza,77.1,13.027816,13.232493,11.060642,8.965348,EU EEA Common AQI,64.1,11.206686,11.933323,7200,10.142858,100,100,59.1,9.497143,Very Low,64.0,11.809128,100,1747017900,Very Low,8.848514,12.383386,Very Low,12.173538,56.6,14.157143,100,1747017900,11.8714285
2025-05-12T02:49:41Z,236,29.86,70.8,62,61.0,0,0,310,85,0.0,255,32767,0.0,2127-15-31,0.0,0.16,26.24,0.0,0.0,0.0,0,4.828125,6,45,05:49,20:11,2025-05-12 02:49:41.693588,Città della Scienza,77.1,13.027816,13.232493,11.060642,8.965348,EU EEA Common AQI,64.1,11.206686,11.933323,7200,10.142858,100,100,59.1,9.497143,Very Low,64.0,11.809128,100,1747017900,Very Low,8.848514,12.383386,Very Low,12.173538,56.6,14.157143,100,1747017900,11.8714285
2025-05-12T02:49:52Z,236,29.86,70.8,62,61.1,0,0,310,85,0.0,255,32767,0.0,2127-15-31,0.0,0.16,26.24,0.0,0.0,0.0,0,4.828125,6,45,05:49,20:11,2025-05-12 02:49:52.772587,Città della Scienza,77.1,13.027816,13.232493,11.060642,8.965348,EU EEA Common AQI,64.1,11.206686,11.933323,7200,10.142858,100,100,59.1,9.497143,Very Low,64.0,11.809128,100,1747017900,Very Low,8.848514,12.383386,Very Low,12.173538,56.6,14.157143,100,1747017900,11.8714285
2025-05-12T02:50:04Z,236,29.86,70.8,62,61.1,0,0,310,85,0.0,255,32767,0.0,2127-15-31,0.0,0.16,26.24,0.0,0.0,0.0,0,4.828125,6,45,05:49,20:11,2025-05-12 02:50:03.862595,Città della Scienza,77.1,13.027816,13.232493,11.060642,8.965348,EU EEA Common AQI,64.1,11.206686,11.933323,7200,10.142858,100,100,59.1,9.497143,Very Low,64.0,11.809128,100,1747017900,Very Low,8.848514,12.383386,Very Low,12.173538,56.6,14.157143,100,1747017900,11.8714285
2025-05-12T02:50:15Z,236,29.86,70.8,62,61.1,0,0,310,85,0.0,255,32767,0.0,2127-15-31,0.0,0.16,26.24,0.0,0.0,0.0,0,4.828125,6,45,05:49,20:11,2025-05-12 02:50:14.960587,Città della Scienza,77.1,13.027816,13.232493,11.060642,8.965348,EU EEA Common AQI,64.1,11.206686,11.933323,7200,10.142858,100,100,59.1,9.497143,Very Low,64.0,11.809128,100,1747017900,Very Low,8.848514,12.383386,Very Low,12.173538,56.6,14.157143,100,1747017900,11.8714285
2025-05-12T02:50:26Z,236,29.86,70.8,62,61.1,0,0,310,85,0.0,255,32767,0.0,2127-15-31,0.0,0.16,26.24,0.0,0.0,0.0,0,4.828125,6,45,05:49,20:11,2025-05-12 02:50:26.035591,Città della Scienza,77.1,13.027816,13.232493,11.060642,8.965348,EU EEA Common AQI,64.1,11.206686,11.933323,7200,10.142858,100,100,59.1,9.497143,Very Low,64.0,11.809128,100,1747017900,Very Low,8.848514,12.383386,Very Low,12.173538,56.6,14.157143,100,1747017900,11.8714285
2025-05-12T02:50:37Z,236,29.862,70.8,62,61.1,0,0,310,85,0.0,255,32767,0.0,2127-15-31,0.0,0.16,26.24,0.0,0.0,0.0,0,4.828125,6,45,05:49,20:11,2025-05-12 02:50:37.099587,Città della Scienza,77.1,13.027816,13.232493,11.060642,8.965348,EU EEA Common AQI,64.1,11.206686,11.933323,7200,10.142858,100,100,59.1,9.497143,Very Low,64.0,11.809128,100,1747017900,Very Low,8.848514,12.383386,Very Low,12.173538,56.6,14.157143,100,1747017900,11.8714285
2025-05-12T02:50:48Z,236,29.862,70.8,62,61.1,0,0,310,85,0.0,255,32767,0.0,2127-15-31,0.0,0.16,26.24,0.0,0.0,0.0,0,4.828125,6,45,05:49,20:11,2025-05-12 02:50:48.217601,Città della Scienza,77.1,13.027816,13.232493,11.060642,8.965348,EU EEA Common AQI,64.1,11.206686,11.933323,7200,10.142858,100,100,59.1,9.497143,Very Low,64.0,11.809128,100,1747017900,Very Low,8.848514,12.383386,Very Low,12.173538,56.6,14.157143,100,1747017900,11.8714285
2025-05-12T02:50:59Z,236,29.862,70.8,62,61.1,0,0,310,85,0.0,255,32767,0.0,2127-15-31,0.0,0.16,26.24,0.0,0.0,0.0,0,4.828125,6,45,05:49,20:11,2025-05-12 02:50:59.299594,Città della Scienza,77.1,13.027816,13.232493,11.060642,8.965348,EU EEA Common AQI,64.1,11.206686,11.933323,7200,10.142858,100,100,59.1,9.497143,Very Low,64.0,11.809128,100,1747017900,Very Low,8.848514,12.383386,Very Low,12.173538,56.6,14.157143,100,1747017900,11.8714285
2025-05-12T02:51:10Z,236,29.862,70.8,62,61.1,0,0,310,85,0.0,255,32767,0.0,2127-15-31,0.0,0.16,26.24,0.0,0.0,0.0,0,4.828125,6,45,05:49,20:11,2025-05-12 02:51:10.388598,Città della Scienza,77.1,13.027816,13.232493,11.060642,8.965348,EU EEA Common AQI,64.1,11.206686,11.933323,7200,10.142858,100,100,59.1,9.497143,Very Low,64.0,11.809128,100,1747017900,Very Low,8.848514,12.383386,Very Low,12.173538,56.6,14.157143,100,1747017900,11.8714285
2025-05-12T02:51:21Z,236,29.862,70.8,62,61.1,0,0,310,85,0.0,255,32767,0.0,2127-15-31,0.0,0.16,26.24,0.0,0.0,0.0,0,4.828125,6,45,05:49,20:11,2025-05-12 02:51:21.522588,Città della Scienza,77.1,13.027816,13.232493,11.060642,8.965348,EU EEA Common AQI,64.1,11.206686,11.933323,7200,10.142858,100,100,59.1,9.497143,Very Low,64.0,11.809128,100,1747017900,Very Low,8.848514,12.383386,Very Low,12.173538,56.6,14.157143,100,1747017900,11.8714285
2025-05-12T02:51:32Z,236,29.861,70.8,62,61.1,0,0,310,85,0.0,255,32767,0.0,2127-15-31,0.0,0.16,26.24,0.0,0.0,0.0,0,4.828125,6,45,05:49,20:11,2025-05-12 02:51:32.636606,Città della Scienza,77.1,13.027816,13.232493,11.060642,8.965348,EU EEA Common AQI,64.1,11.206686,11.933323,7200,10.142858,100,100,59.1,9.497143,Very Low,64.0,11.809128,100,1747017900,Very Low,8.848514,12.383386,Very Low,12.173538,56.6,14.157143,100,1747017900,11.8714285
2025-05-12T02:51:43Z,236,29.861,70.8,62,61.1,0,0,310,85,0.0,255,32767,0.0,2127-15-31,0.0,0.16,26.24,0.0,0.0,0.0,0,4.828125,6,45,05:49,20:11,2025-05-12 02:51:43.742596,Città della Scienza,77.1,13.027816,13.232493,11.060642,8.965348,EU EEA Common AQI,64.1,11.206686,11.933323,7200,10.142858,100,100,59.1,9.497143,Very Low,64.0,11.809128,100,1747017900,Very Low,8.848514,12.383386,Very Low,12.173538,56.6,14.157143,100,1747017900,11.8714285
2025-05-12T02:51:55Z,236,29.861,70.8,62,61.1,0,0,310,85,0.0,255,32767,0.0,2127-15-31,0.0,0.16,26.24,0.0,0.0,0.0,0,4.828125,6,45,05:49,20:11,2025-05-12 02:51:54.815590,Città della Scienza,77.1,13.027816,13.232493,11.060642,8.965348,EU EEA Common AQI,64.1,11.206686,11.933323,7200,10.142858,100,100,59.1,9.497143,Very Low,64.0,11.809128,100,1747017900,Very Low,8.848514,12.383386,Very Low,12.173538,56.6,14.157143,100,1747017900,11.8714285
2025-05-12T02:52:06Z,236,29.861,70.8,62,61.2,0,0,290,85,0.0,255,32767,0.0,2127-15-31,0.0,0.16,26.24,0.0,0.0,0.0,0,4.828125,6,45,05:49,20:11,2025-05-12 02:52:05.927589,Città della Scienza,77.1,13.027816,13.232493,11.060642,8.965348,EU EEA Common AQI,64.1,11.206686,11.933323,7200,10.142858,100,100,59.1,9.497143,Very Low,64.0,11.809128,100,1747017900,Very Low,8.848514,12.383386,Very Low,12.173538,56.6,14.157143,100,1747017900,11.8714285
2025-05-12T02:52:17Z,236,29.861,70.8,62,61.2,0,0,263,85,0.0,255,32767,0.0,2127-15-31,0.0,0.16,26.24,0.0,0.0,0.0,0,4.828125,6,45,05:49,20:11,2025-05-12 02:52:16.977593,Città della Scienza,77.1,13.027816,13.232493,11.060642,8.965348,EU EEA Common AQI,64.1,11.206686,11.933323,7200,10.142858,100,100,59.1,9.497143,Very Low,64.0,11.809128,100,1747017900,Very Low,8.848514,12.383386,Very Low,12.173538,56.6,14.157143,100,1747017900,11.8714285
2025-05-12T02:52:28Z,236,29.861,70.8,62,61.2,0,0,262,85,0.0,255,32767,0.0,2127-15-31,0.0,0.16,26.24,0.0,0.0,0.0,0,4.828125,6,45,05:49,20:11,2025-05-12 02:52:28.050593,Città della Scienza,77.1,13.027816,13.232493,11.060642,8.965348,EU EEA Common AQI,64.1,11.206686,11.933323,7200,10.142858,100,100,59.1,9.497143,Very Low,64.0,11.809128,100,1747017900,Very Low,8.848514,12.383386,Very Low,12.173538,56.6,14.157143,100,1747017900,11.8714285
2025-05-12T02:52:39Z,236,29.861,70.8,62,61.2,0,0,262,85,0.0,255,32767,0.0,2127-15-31,0.0,0.16,26.24,0.0,0.0,0.0,0,4.828125,6,45,05:49,20:11,2025-05-12 02:52:39.151592,Città della Scienza,77.1,13.027816,13.232493,11.060642,8.965348,EU EEA Common AQI,64.1,11.206686,11.933323,7200,10.142858,100,100,59.1,9.497143,Very Low,64.0,11.809128,100,1747017900,Very Low,8.848514,12.383386,Very Low,12.173538,56.6,14.157143,100,1747017900,11.8714285
2025-05-12T02:52:50Z,236,29.861,70.8,62,61.2,0,0,262,85,0.0,255,32767,0.0,2127-15-31,0.0,0.16,26.24,0.0,0.0,0.0,0,4.828125,6,45,05:49,20:11,2025-05-12 02:52:50.245597,Città della Scienza,77.1,13.027816,13.232493,11.060642,8.965348,EU EEA Common AQI,64.1,11.206686,11.933323,7200,10.142858,100,100,59.1,9.497143,Very Low,64.0,11.809128,100,1747017900,Very Low,8.848514,12.383386,Very Low,12.173538,56.6,14.157143,100,1747017900,11.8714285
2025-05-12T02:53:01Z,236,29.861,70.8,62,61.2,0,0,262,85,0.0,255,32767,0.0,2127-15-31,0.0,0.16,26.24,0.0,0.0,0.0,0,4.828125,6,45,05:49,20:11,2025-05-12 02:53:01.361597,Città della Scienza,77.1,13.027816,13.232493,11.060642,8.965348,EU EEA Common AQI,64.1,11.206686,11.933323,7200,10.142858,100,100,59.1,9.497143,Very Low,64.0,11.809128,100,1747017900,Very Low,8.848514,12.383386,Very Low,12.173538,56.6,14.157143,100,1747017900,11.8714285
2025-05-12T02:53:12Z,236,29.861,70.8,62,61.2,0,0,262,85,0.0,255,32767,0.0,2127-15-31,0.0,0.16,26.24,0.0,0.0,0.0,0,4.828125,6,45,05:49,20:11,2025-05-12 02:53:12.432590,Città della Scienza,77.1,13.027816,13.232493,11.060642,8.965348,EU EEA Common AQI,64.1,11.206686,11.933323,7200,10.142858,100,100,59.1,9.497143,Very Low,64.0,11.809128,100,1747017900,Very Low,8.848514,12.383386,Very Low,12.173538,56.6,14.157143,100,1747017900,11.8714285
2025-05-12T02:53:23Z,236,29.861,70.8,62,61.2,0,0,261,85,0.0,255,32767,0.0,2127-15-31,0.0,0.16,26.24,0.0,0.0,0.0,0,4.828125,6,45,05:49,20:11,2025-05-12 02:53:23.474604,Città della Scienza,77.1,13.027816,13.232493,11.060642,8.965348,EU EEA Common AQI,64.1,11.206686,11.933323,7200,10.142858,100,100,59.1,9.497143,Very Low,64.0,11.809128,100,1747017900,Very Low,8.848514,12.383386,Very Low,12.173538,56.6,14.157143,100,1747017900,11.8714285
2025-05-12T02:53:34Z,236,29.861,70.8,62,61.2,0,0,261,85,0.0,255,32767,0.0,2127-15-31,0.0,0.16,26.24,0.0,0.0,0.0,0,4.828125,6,45,05:49,20:11,2025-05-12 02:53:34.603594,Città della Scienza,77.1,13.027816,13.232493,11.060642,8.965348,EU EEA Common AQI,64.1,11.206686,11.933323,7200,10.142858,100,100,59.1,9.497143,Very Low,64.0,11.809128,100,1747017900,Very Low,8.848514,12.383386,Very Low,12.173538,56.6,14.157143,100,1747017900,11.8714285
2025-05-12T02:53:45Z,236,29.861,70.8,62,61.2,0,0,262,85,0.0,255,32767,0.0,2127-15-31,0.0,0.16,26.24,0.0,0.0,0.0,0,4.828125,6,45,05:49,20:11,2025-05-12 02:53:45.696597,Città della Scienza,77.1,13.027816,13.232493,11.060642,8.965348,EU EEA Common AQI,64.1,11.206686,11.933323,7200,10.142858,100,100,59.1,9.497143,Very Low,64.0,11.809128,100,1747017900,Very Low,8.848514,12.383386,Very Low,12.173538,56.6,14.157143,100,1747017900,11.8714285
2025-05-12T02:53:57Z,236,29.861,70.8,62,61.2,0,0,262,85,0.0,255,32767,0.0,2127-15-31,0.0,0.16,26.24,0.0,0.0,0.0,0,4.828125,6,45,05:49,20:11,2025-05-12 02:53:56.803589,Città della Scienza,77.1,13.027816,13.232493,11.060642,8.965348,EU EEA Common AQI,64.1,11.206686,11.933323,7200,10.142858,100,100,59.1,9.497143,Very Low,64.0,11.809128,100,1747017900,Very Low,8.848514,12.383386,Very Low,12.173538,56.6,14.157143,100,1747017900,11.8714285
2025-05-12T02:54:08Z,236,29.861,70.8,62,61.2,0,0,262,85,0.0,255,32767,0.0,2127-15-31,0.0,0.16,26.24,0.0,0.0,0.0,0,4.828125,6,45,05:49,20:11,2025-05-12 02:54:07.857555,Città della Scienza,77.1,13.027816,13.232493,11.060642,8.965348,EU EEA Common AQI,64.1,11.206686,11.933323,7200,10.142858,100,100,59.1,9.497143,Very Low,64.0,11.809128,100,1747017900,Very Low,8.848514,12.383386,Very Low,12.173538,56.6,14.157143,100,1747017900,11.8714285
2025-05-12T02:54:19Z,236,29.861,70.8,62,61.2,0,0,262,85,0.0,255,32767,0.0,2127-15-31,0.0,0.16,26.24,0.0,0.0,0.0,0,4.828125,6,45,05:49,20:11,2025-05-12 02:54:18.948586,Città della Scienza
2025-05-12T02:54:30Z,236,29.861,70.8,62,61.2,0,0,262,85,0.0,255,32767,0.0,2127-15-31,0.0,0.16,26.24,0.0,0.0,0.0,0,4.828125,6,45,05:49,20:11,2025-05-12 02:54:29.989602,Città della Scienza
2025-05-12T02:54:41Z,236,29.862,70.8,62,61.2,0,0,262,85,0.0,255,32767,0.0,2127-15-31,0.0,0.16,26.24,0.0,0.0,0.0,0,4.828125,6,45,05:49,20:11,2025-05-12 02:54:41.052555,Città della Scienza
2025-05-12T02:54:52Z,236,29.862,70.8,62,61.2,0,0,262,85,0.0,255,32767,0.0,2127-15-31,0.0,0.16,26.24,0.0,0.0,0.0,0,4.828125,6,45,05:49,20:11,2025-05-12 02:54:52.075591,Città della Scienza
2025-05-12T02:55:03Z,236,29.862,70.8,62,61.2,0,0,262,85,0.0,255,32767,0.0,2127-15-31,0.0,0.16,26.24,0.0,0.0,0.0,0,4.828125,6,45,05:49,20:11,2025-05-12 02:55:03.181554,Città della Scienza
2025-05-12T02:55:14Z,236,29.862,70.8,62,61.2,0,0,262,85,0.0,255,32767,0.0,2127-15-31,0.0,0.16,26.24,0.0,0.0,0.0,0,4.828125,6,45,05:49,20:11,2025-05-12 02:55:14.220592,Città della Scienza
2025-05-12T02:55:25Z,236,29.862,70.8,62,61.2,0,0,262,85,0.0,255,32767,0.0,2127-15-31,0.0,0.16,26.24,0.0,0.0,0.0,0,4.828125,6,45,05:49,20:11,2025-05-12 02:55:25.305586,Città della Scienza
2025-05-12T02:55:36Z,236,29.862,70.8,62,61.2,0,0,262,85,0.0,255,32767,0.0,2127-15-31,0.0,0.16,26.24,0.0,0.0,0.0,0,4.828125,6,45,05:49,20:11,2025-05-12 02:55:36.362612,Città della Scienza
2025-05-12T02:55:47Z,236,29.862,70.8,62,61.2,0,0,262,85,0.0,255,32767,0.0,2127-15-31,0.0,0.16,26.24,0.0,0.0,0.0,0,4.828125,6,45,05:49,20:11,2025-05-12 02:55:47.382592,Città della Scienza
2025-05-12T02:55:58Z,236,29.862,70.8,62,61.2,0,0,262,85,0.0,255,32767,0.0,2127-15-31,0.0,0.16,26.24,0.0,0.0,0.0,0,4.828125,6,45,05:49,20:11,2025-05-12 02:55:58.466593,Città della Scienza
2025-05-12T02:56:09Z,236,29.862,70.8,62,61.3,0,0,262,85,0.0,255,32767,0.0,2127-15-31,0.0,0.16,26.24,0.0,0.0,0.0,0,4.828125,6,45,05:49,20:11,2025-05-12 02:56:09.632584,Città della Scienza
2025-05-12T02:56:20Z,236,29.862,70.8,62,61.3,0,0,262,85,0.0,255,32767,0.0,2127-15-31,0.0,0.16,26.24,0.0,0.0,0.0,0,4.828125,6,45,05:49,20:11,2025-05-12 02:56:20.663595,Città della Scienza
2025-05-12T02:56:32Z,236,29.861,70.8,62,61.2,0,0,262,85,0.0,255,32767,0.0,2127-15-31,0.0,0.16,26.24,0.0,0.0,0.0,0,4.828125,6,45,05:49,20:11,2025-05-12 02:56:31.834598,Città della Scienza
2025-05-12T02:56:43Z,236,29.861,70.8,62,61.3,0,0,262,85,0.0,255,32767,0.0,2127-15-31,0.0,0.16,26.24,0.0,0.0,0.0,0,4.828125,6,45,05:49,20:11,2025-05-12 02:56:42.908550,Città della Scienza
2025-05-12T02:56:54Z,236,29.861,70.8,62,61.3,0,0,262,85,0.0,255,32767,0.0,2127-15-31,0.0,0.16,26.24,0.0,0.0,0.0,0,4.828125,6,45,05:49,20:11,2025-05-12 02:56:53.968591,Città della Scienza
2025-05-12T02:57:05Z,236,29.861,70.8,62,61.3,0,0,262,85,0.0,255,32767,0.0,2127-15-31,0.0,0.16,26.24,0.0,0.0,0.0,0,4.828125,6,45,05:49,20:11,2025-05-12 02:57:05.029591,Città della Scienza
2025-05-12T02:57:16Z,236,29.861,70.8,62,61.3,0,0,262,85,0.0,255,32767,0.0,2127-15-31,0.0,0.16,26.24,0.0,0.0,0.0,0,4.828125,6,45,05:49,20:11,2025-05-12 02:57:16.133589,Città della Scienza
2025-05-12T02:57:27Z,236,29.861,70.8,62,61.3,0,0,264,85,0.0,255,32767,0.0,2127-15-31,0.0,0.16,26.24,0.0,0.0,0.0,0,4.828125,6,45,05:49,20:11,2025-05-12 02:57:27.178608,Città della Scienza
2025-05-12T02:57:38Z,236,29.86,70.8,62,61.3,0,0,264,85,0.0,255,32767,0.0,2127-15-31,0.0,0.16,26.24,0.0,0.0,0.0,0,4.828125,6,45,05:49,20:11,2025-05-12 02:57:38.239593,Città della Scienza
2025-05-12T02:57:49Z,236,29.86,70.8,62,61.3,0,0,264,85,0.0,255,32767,0.0,2127-15-31,0.0,0.16,26.24,0.0,0.0,0.0,0,4.828125,6,45,05:49,20:11,2025-05-12 02:57:49.314553,Città della Scienza
2025-05-12T02:58:00Z,236,29.86,70.8,62,61.3,0,0,264,85,0.0,255,32767,0.0,2127-15-31,0.0,0.16,26.24,0.0,0.0,0.0,0,4.828125,6,45,05:49,20:11,2025-05-12 02:58:00.378599,Città della Scienza
2025-05-12T02:58:11Z,236,29.86,70.8,62,61.3,0,0,264,85,0.0,255,32767,0.0,2127-15-31,0.0,0.16,26.24,0.0,0.0,0.0,0,4.828125,6,45,05:49,20:11,2025-05-12 02:58:11.464605,Città della Scienza
2025-05-12T02:58:22Z,236,29.86,70.8,62,61.3,0,0,264,85,0.0,255,32767,0.0,2127-15-31,0.0,0.16,26.24,0.0,0.0,0.0,0,4.828125,6,45,05:49,20:11,2025-05-12 02:58:22.555591,Città della Scienza
2025-05-12T02:58:33Z,236,29.862,70.9,62,61.3,0,0,264,85,0.0,255,32767,0.0,2127-15-31,0.0,0.16,26.24,0.0,0.0,0.0,0,4.828125,6,45,05:49,20:11,2025-05-12 02:58:33.619597,Città della Scienza
2025-05-12T02:58:44Z,236,29.862,70.9,62,61.3,0,0,264,85,0.0,255,32767,0.0,2127-15-31,0.0,0.16,26.24,0.0,0.0,0.0,0,4.828125,6,45,05:49,20:11,2025-05-12 02:58:44.646631,Città della Scienza
2025-05-12T02:58:55Z,236,29.862,70.9,62,61.3,0,0,264,85,0.0,255,32767,0.0,2127-15-31,0.0,0.16,26.24,0.0,0.0,0.0,0,4.828125,6,45,05:49,20:11,2025-05-12 02:58:55.677608,Città della Scienza
2025-05-12T02:59:06Z,236,29.862,70.9,62,61.3,0,0,264,85,0.0,255,32767,0.0,2127-15-31,0.0,0.16,26.24,0.0,0.0,0.0,0,4.828125,6,45,05:49,20:11,2025-05-12 02:59:06.725594,Città della Scienza
2025-05-12T02:59:18Z,236,29.862,70.9,62,61.4,0,0,264,85,0.0,255,32767,0.0,2127-15-31,0.0,0.16,26.24,0.0,0.0,0.0,0,4.828125,6,45,05:49,20:11,2025-05-12 02:59:17.831587,Città della Scienza
2025-05-12T02:59:29Z,236,29.862,70.9,62,61.4,0,0,264,85,0.0,255,32767,0.0,2127-15-31,0.0,0.16,26.24,0.0,0.0,0.0,0,4.828125,6,45,05:49,20:11,2025-05-12 02:59:28.905612,Città della Scienza
2025-05-12T02:59:40Z,236,29.86,70.9,62,61.4,0,0,264,85,0.0,255,32767,0.0,2127-15-31,0.0,0.16,26.24,0.0,0.0,0.0,0,4.828125,6,45,05:49,20:11,2025-05-12 02:59:39.971602,Città della Scienza
2025-05-12T02:59:51Z,236,29.86,70.9,62,61.4,0,0,264,85,0.0,255,32767,0.0,2127-15-31,0.0,0.16,26.24,0.0,0.0,0.0,0,4.828125,6,45,05:49,20:11,2025-05-12 02:59:51.019589,Città della Scienza
2025-05-12T03:00:02Z,236,29.86,70.9,62,61.4,0,0,264,85,0.0,255,32767,0.0,2127-15-31,0.0,0.16,26.24,0.0,0.0,0.0,0,4.828125,6,45,05:49,20:11,2025-05-12 03:00:02.076588,Città della Scienza,77.1,13.027816,13.232493,11.060642,8.965348,EU EEA Common AQI,64.1,11.206686,11.933323,7200,10.142858,100,100,59.1,9.497143,Very Low,64.0,11.809128,100,1747017900,Very Low,8.848514,12.383386,Very Low,12.173538,56.6,14.157143,100,1747017900,11.8714285
2025-05-12T03:00:13Z,236,29.86,70.9,62,61.4,0,0,264,85,0.0,255,32767,0.0,2127-15-31,0.0,0.16,26.24,0.0,0.0,0.0,0,4.828125,6,45,05:49,20:11,2025-05-12 03:00:13.205590,Città della Scienza,77.1,13.027816,13.232493,11.060642,8.965348,EU EEA Common AQI,64.1,11.206686,11.933323,7200,10.142858,100,100,59.1,9.497143,Very Low,64.0,11.809128,100,1747017900,Very Low,8.848514,12.383386,Very Low,12.173538,56.6,14.157143,100,1747017900,11.8714285
2025-05-12T03:00:24Z,236,29.86,70.9,62,61.4,0,0,264,85,0.0,255,32767,0.0,2127-15-31,0.0,0.16,26.24,0.0,0.0,0.0,0,4.828125,6,45,05:49,20:11,2025-05-12 03:00:24.292610,Città della Scienza,77.6,12.926557,13.190092,10.894081,8.940273,EU EEA Common AQI,64.1,11.175343,11.8960905,7200,9.478261,100,100,59.2,8.510144,Very Low,63.9,11.702149,100,1747018800,Very Low,8.715264,12.348291,Very Low,11.988018,56.8,10.956522,100,1747018800,10.637681
2025-05-12T03:00:35Z,236,29.861,70.9,62,61.4,0,0,264,85,0.0,255,32767,0.0,2127-15-31,0.0,0.16,26.24,0.0,0.0,0.0,0,4.828125,3,187,05:49,20:11,2025-05-12 03:00:35.387605,Città della Scienza,77.6,12.926557,13.190092,10.894081,8.940273,EU EEA Common AQI,64.1,11.175343,11.8960905,7200,9.478261,100,100,59.2,8.510144,Very Low,63.9,11.702149,100,1747018800,Very Low,8.715264,12.348291,Very Low,11.988018,56.8,10.956522,100,1747018800,10.637681
2025-05-12T03:00:46Z,236,29.861,70.9,62,61.4,0,0,264,85,0.0,255,32767,0.0,2127-15-31,0.0,0.16,26.24,0.0,0.0,0.0,0,4.828125,3,187,05:49,20:11,2025-05-12 03:00:46.445589,Città della Scienza,77.6,12.926557,13.190092,10.894081,8.940273,EU EEA Common AQI,64.1,11.175343,11.8960905,7200,9.478261,100,100,59.2,8.510144,Very Low,63.9,11.702149,100,1747018800,Very Low,8.715264,12.348291,Very Low,11.988018,56.8,10.956522,100,1747018800,10.637681
2025-05-12T03:00:57Z,236,29.861,70.9,62,61.4,0,0,264,85,0.0,255,32767,0.0,2127-15-31,0.0,0.16,26.24,0.0,0.0,0.0,0,4.828125,3,187,05:49,20:11,2025-05-12 03:00:57.525594,Città della Scienza,77.6,12.926557,13.190092,10.894081,8.940273,EU EEA Common AQI,64.1,11.175343,11.8960905,7200,9.478261,100,100,59.2,8.510144,Very Low,63.9,11.702149,100,1747018800,Very Low,8.715264,12.348291,Very Low,11.988018,56.8,10.956522,100,1747018800,10.637681
2025-05-12T03:01:08Z,236,29.861,70.9,62,61.4,0,0,264,85,0.0,255,32767,0.0,2127-15-31,0.0,0.16,26.24,0.0,0.0,0.0,0,4.828125,3,187,05:49,20:11,2025-05-12 03:01:08.683594,Città della Scienza,77.6,12.926557,13.190092,10.894081,8.940273,EU EEA Common AQI,64.1,11.175343,11.8960905,7200,9.478261,100,100,59.2,8.510144,Very Low,63.9,11.702149,100,1747018800,Very Low,8.715264,12.348291,Very Low,11.988018,56.8,10.956522,100,1747018800,10.637681
2025-05-12T03:01:19Z,236,29.861,70.9,62,61.4,0,0,264,85,0.0,255,32767,0.0,2127-15-31,0.0,0.16,26.24,0.0,0.0,0.0,0,4.828125,3,187,05:49,20:11,2025-05-12 03:01:19.722611,Città della Scienza,77.6,12.926557,13.190092,10.894081,8.940273,EU EEA Common AQI,64.1,11.175343,11.8960905,7200,9.478261,100,100,59.2,8.510144,Very Low,63.9,11.702149,100,1747018800,Very Low,8.715264,12.348291,Very Low,11.988018,56.8,10.956522,100,1747018800,10.637681
2025-05-12T03:01:30Z,236,29.861,70.9,62,61.4,0,0,264,85,0.0,255,32767,0.0,2127-15-31,0.0,0.16,26.24,0.0,0.0,0.0,0,4.828125,3,187,05:49,20:11,2025-05-12 03:01:30.762587,Città della Scienza,77.6,12.926557,13.190092,10.894081,8.940273,EU EEA Common AQI,64.1,11.175343,11.8960905,7200,9.478261,100,100,59.2,8.510144,Very Low,63.9,11.702149,100,1747018800,Very Low,8.715264,12.348291,Very Low,11.988018,56.8,10.956522,100,1747018800,10.637681
2025-05-12T03:01:42Z,236,29.86,70.9,62,61.4,0,0,264,85,0.0,255,32767,0.0,2127-15-31,0.0,0.16,26.24,0.0,0.0,0.0,0,4.828125,3,187,05:49,20:11,2025-05-12 03:01:41.873594,Città della Scienza,77.6,12.926557,13.190092,10.894081,8.940273,EU EEA Common AQI,64.1,11.175343,11.8960905,7200,9.478261,100,100,59.2,8.510144,Very Low,63.9,11.702149,100,1747018800,Very Low,8.715264,12.348291,Very Low,11.988018,56.8,10.956522,100,1747018800,10.637681
2025-05-12T03:01:53Z,236,29.86,70.9,62,61.4,0,0,264,85,0.0,255,32767,0.0,2127-15-31,0.0,0.16,26.24,0.0,0.0,0.0,0,4.828125,3,187,05:49,20:11,2025-05-12 03:01:52.931588,Città della Scienza,77.6,12.926557,13.190092,10.894081,8.940273,EU EEA Common AQI,64.1,11.175343,11.8960905,7200,9.478261,100,100,59.2,8.510144,Very Low,63.9,11.702149,100,1747018800,Very Low,8.715264,12.348291,Very Low,11.988018,56.8,10.956522,100,1747018800,10.637681
2025-05-12T03:02:04Z,236,29.86,70.9,62,61.4,0,0,264,85,0.0,255,32767,0.0,2127-15-31,0.0,0.16,26.24,0.0,0.0,0.0,0,4.828125,3,187,05:49,20:11,2025-05-12 03:02:04.025589,Città della Scienza,77.6,12.926557,13.190092,10.894081,8.940273,EU EEA Common AQI,64.1,11.175343,11.8960905,7200,9.478261,100,100,59.2,8.510144,Very Low,63.9,11.702149,100,1747018800,Very Low,8.715264,12.348291,Very Low,11.988018,56.8,10.956522,100,1747018800,10.637681
2025-05-12T03:02:15Z,236,29.86,70.9,62,61.4,0,0,264,85,0.0,255,32767,0.0,2127-15-31,0.0,0.16,26.24,0.0,0.0,0.0,0,4.828125,3,187,05:49,20:11,2025-05-12 03:02:15.144594,Città della Scienza,77.6,12.926557,13.190092,10.894081,8.940273,EU EEA Common AQI,64.1,11.175343,11.8960905,7200,9.478261,100,100,59.2,8.510144,Very Low,63.9,11.702149,100,1747018800,Very Low,8.715264,12.348291,Very Low,11.988018,56.8,10.956522,100,1747018800,10.637681
2025-05-12T03:02:26Z,236,29.86,70.9,62,61.5,0,0,264,85,0.0,255,32767,0.0,2127-15-31,0.0,0.16,26.24,0.0,0.0,0.0,0,4.828125,3,187,05:49,20:11,2025-05-12 03:02:26.203596,Città della Scienza,77.6,12.926557,13.190092,10.894081,8.940273,EU EEA Common AQI,64.1,11.175343,11.8960905,7200,9.478261,100,100,59.2,8.510144,Very Low,63.9,11.702149,100,1747018800,Very Low,8.715264,12.348291,Very Low,11.988018,56.8,10.956522,100,1747018800,10.637681
2025-05-12T03:02:37Z,236,29.86,70.9,62,61.4,0,0,264,85,0.0,255,32767,0.0,2127-15-31,0.0,0.16,26.24,0.0,0.0,0.0,0,4.828125,3,187,05:49,20:11,2025-05-12 03:02:37.309594,Città della Scienza,77.6,12.926557,13.190092,10.894081,8.940273,EU EEA Common AQI,64.1,11.175343,11.8960905,7200,9.478261,100,100,59.2,8.510144,Very Low,63.9,11.702149,100,1747018800,Very Low,8.715264,12.348291,Very Low,11.988018,56.8,10.956522,100,1747018800,10.637681
2025-05-12T03:02:48Z,236,29.86,70.9,62,61.5,0,0,264,85,0.0,255,32767,0.0,2127-15-31,0.0,0.16,26.24,0.0,0.0,0.0,0,4.828125,3,187,05:49,20:11,2025-05-12 03:02:48.414591,Città della Scienza,77.6,12.926557,13.190092,10.894081,8.940273,EU EEA Common AQI,64.1,11.175343,11.8960905,7200,9.478261,100,100,59.2,8.510144,Very Low,63.9,11.702149,100,1747018800,Very Low,8.715264,12.348291,Very Low,11.988018,56.8,10.956522,100,1747018800,10.637681
2025-05-12T03:02:59Z,236,29.86,70.9,62,61.4,0,0,264,85,0.0,255,32767,0.0,2127-15-31,0.0,0.16,26.24,0.0,0.0,0.0,0,4.828125,3,187,05:49,20:11,2025-05-12 03:02:59.466590,Città della Scienza,77.6,12.926557,13.190092,10.894081,8.940273,EU EEA Common AQI,64.1,11.175343,11.8960905,7200,9.478261,100,100,59.2,8.510144,Very Low,63.9,11.702149,100,1747018800,Very Low,8.715264,12.348291,Very Low,11.988018,56.8,10.956522,100,1747018800,10.637681
2025-05-12T03:03:10Z,236,29.86,70.9,62,61.4,0,0,264,85,0.0,255,32767,0.0,2127-15-31,0.0,0.16,26.24,0.0,0.0,0.0,0,4.828125,3,187,05:49,20:11,2025-05-12 03:03:10.546603,Città della Scienza,77.6,12.926557,13.190092,10.894081,8.940273,EU EEA Common AQI,64.1,11.175343,11.8960905,7200,9.478261,100,100,59.2,8.510144,Very Low,63.9,11.702149,100,1747018800,Very Low,8.715264,12.348291,Very Low,11.988018,56.8,10.956522,100,1747018800,10.637681
2025-05-12T03:03:21Z,236,29.86,70.9,62,61.4,0,0,264,85,0.0,255,32767,0.0,2127-15-31,0.0,0.16,26.24,0.0,0.0,0.0,0,4.828125,3,187,05:49,20:11,2025-05-12 03:03:21.621601,Città della Scienza,77.6,12.926557,13.190092,10.894081,8.940273,EU EEA Common AQI,64.1,11.175343,11.8960905,7200,9.478261,100,100,59.2,8.510144,Very Low,63.9,11.702149,100,1747018800,Very Low,8.715264,12.348291,Very Low,11.988018,56.8,10.956522,100,1747018800,10.637681
2025-05-12T03:03:32Z,236,29.862,71.0,62,61.4,0,0,264,85,0.0,255,32767,0.0,2127-15-31,0.0,0.16,26.24,0.0,0.0,0.0,0,4.828125,3,187,05:49,20:11,2025-05-12 03:03:32.739595,Città della Scienza,77.6,12.926557,13.190092,10.894081,8.940273,EU EEA Common AQI,64.1,11.175343,11.8960905,7200,9.478261,100,100,59.2,8.510144,Very Low,63.9,11.702149,100,1747018800,Very Low,8.715264,12.348291,Very Low,11.988018,56.8,10.956522,100,1747018800,10.637681
2025-05-12T03:03:44Z,236,29.862,71.0,62,61.4,0,0,264,84,0.0,255,32767,0.0,2127-15-31,0.0,0.16,26.24,0.0,0.0,0.0,0,4.828125,3,187,05:49,20:11,2025-05-12 03:03:43.865592,Città della Scienza,77.6,12.926557,13.190092,10.894081,8.940273,EU EEA Common AQI,64.1,11.175343,11.8960905,7200,9.478261,100,100,59.2,8.510144,Very Low,63.9,11.702149,100,1747018800,Very Low,8.715264,12.348291,Very Low,11.988018,56.8,10.956522,100,1747018800,10.637681
2025-05-12T03:03:55Z,236,29.862,71.0,62,61.3,0,0,264,84,0.0,255,32767,0.0,2127-15-31,0.0,0.16,26.24,0.0,0.0,0.0,0,4.828125,3,187,05:49,20:11,2025-05-12 03:03:54.921593,Città della Scienza,77.6,12.926557,13.190092,10.894081,8.940273,EU EEA Common AQI,64.1,11.175343,11.8960905,7200,9.478261,100,100,59.2,8.510144,Very Low,63.9,11.702149,100,1747018800,Very Low,8.715264,12.348291,Very Low,11.988018,56.8,10.956522,100,1747018800,10.637681
2025-05-12T03:04:06Z,236,29.862,71.0,62,61.2,0,0,264,84,0.0,255,32767,0.0,2127-15-31,0.0,0.16,26.24,0.0,0.0,0.0,0,4.828125,3,187,05:49,20:11,2025-05-12 03:04:05.989601,Città della Scienza,77.6,12.926557,13.190092,10.894081,8.940273,EU EEA Common AQI,64.1,11.175343,11.8960905,7200,9.478261,100,100,59.2,8.510144,Very Low,63.9,11.702149,100,1747018800,Very Low,8.715264,12.348291,Very Low,11.988018,56.8,10.956522,100,1747018800,10.637681
2025-05-12T03:04:17Z,236,29.862,71.0,62,61.2,0,0,264,84,0.0,255,32767,0.0,2127-15-31,0.0,0.16,26.24,0.0,0.0,0.0,0,4.828125,3,187,05:49,20:11,2025-05-12 03:04:17.104600,Città della Scienza,77.6,12.926557,13.190092,10.894081,8.940273,EU EEA Common AQI,64.1,11.175343,11.8960905,7200,9.478261,100,100,59.2,8.510144,Very Low,63.9,11.702149,100,1747018800,Very Low,8.715264,12.348291,Very Low,11.988018,56.8,10.956522,100,1747018800,10.637681
2025-05-12T03:04:28Z,236,29.862,71.0,62,61.2,0,0,9,84,0.0,255,32767,0.0,2127-15-31,0.0,0.16,26.24,0.0,0.0,0.0,0,4.828125,3,187,05:49,20:11,2025-05-12 03:04:28.176587,Città della Scienza,77.6,12.926557,13.190092,10.894081,8.940273,EU EEA Common AQI,64.1,11.175343,11.8960905,7200,9.478261,100,100,59.2,8.510144,Very Low,63.9,11.702149,100,1747018800,Very Low,8.715264,12.348291,Very Low,11.988018,56.8,10.956522,100,1747018800,10.637681
2025-05-12T03:04:39Z,236,29.86,70.9,62,61.2,2,0,30,84,0.0,255,32767,0.0,2127-15-31,0.0,0.16,26.24,0.0,0.0,0.0,0,4.828125,3,187,05:49,20:11,2025-05-12 03:04:39.209591,Città della Scienza,77.6,12.926557,13.190092,10.894081,8.940273,EU EEA Common AQI,64.1,11.175343,11.8960905,7200,9.478261,100,100,59.2,8.510144,Very Low,63.9,11.702149,100,1747018800,Very Low,8.715264,12.348291,Very Low,11.988018,56.8,10.956522,100,1747018800,10.637681
2025-05-12T03:04:50Z,236,29.86,70.9,62,61.1,2,0,29,84,0.0,255,32767,0.0,2127-15-31,0.0,0.16,26.24,0.0,0.0,0.0,0,4.828125,3,187,05:49,20:11,2025-05-12 03:04:50.298593,Città della Scienza,77.6,12.926557,13.190092,10.894081,8.940273,EU EEA Common AQI,64.1,11.175343,11.8960905,7200,9.478261,100,100,59.2,8.510144,Very Low,63.9,11.702149,100,1747018800,Very Low,8.715264,12.348291,Very Low,11.988018,56.8,10.956522,100,1747018800,10.637681
2025-05-12T03:05:01Z,236,29.86,70.9,62,61.1,2,0,30,84,0.0,255,32767,0.0,2127-15-31,0.0,0.16,26.24,0.0,0.0,0.0,0,4.828125,3,187,05:49,20:11,2025-05-12 03:05:01.393588,Città della Scienza,77.6,12.926557,13.190092,10.894081,8.940273,EU EEA Common AQI,64.1,11.175343,11.8960905,7200,9.478261,100,100,59.2,8.510144,Very Low,63.9,11.702149,100,1747018800,Very Low,8.715264,12.348291,Very Low,11.988018,56.8,10.956522,100,1747018800,10.637681
2025-05-12T03:05:12Z,236,29.86,70.9,62,61.0,2,0,29,84,0.0,255,32767,0.0,2127-15-31,0.0,0.16,26.24,0.0,0.0,0.0,0,4.828125,3,187,05:49,20:11,2025-05-12 03:05:12.490599,Città della Scienza,77.6,12.926557,13.190092,10.894081,8.940273,EU EEA Common AQI,64.1,11.175343,11.8960905,7200,9.478261,100,100,59.2,8.510144,Very Low,63.9,11.702149,100,1747018800,Very Low,8.715264,12.348291,Very Low,11.988018,56.8,10.956522,100,1747018800,10.637681
2025-05-12T03:05:23Z,236,29.86,70.9,62,61.0,2,0,30,83,0.0,255,32767,0.0,2127-15-31,0.0,0.16,26.24,0.0,0.0,0.0,0,4.828125,3,187,05:49,20:11,2025-05-12 03:05:23.559597,Città della Scienza,77.6,12.926557,13.190092,10.894081,8.940273,EU EEA Common AQI,64.1,11.175343,11.8960905,7200,9.478261,100,100,59.2,8.510144,Very Low,63.9,11.702149,100,1747018800,Very Low,8.715264,12.348291,Very Low,11.988018,56.8,10.956522,100,1747018800,10.637681
2025-05-12T03:05:34Z,236,29.861,71.0,62,60.9,1,0,29,83,0.0,255,32767,0.0,2127-15-31,0.0,0.16,26.24,0.0,0.0,0.0,0,4.828125,3,187,05:49,20:11,2025-05-12 03:05:34.633594,Città della Scienza,77.6,12.926557,13.190092,10.894081,8.940273,EU EEA Common AQI,64.1,11.175343,11.8960905,7200,9.478261,100,100,59.2,8.510144,Very Low,63.9,11.702149,100,1747018800,Very Low,8.715264,12.348291,Very Low,11.988018,56.8,10.956522,100,1747018800,10.637681
2025-05-12T03:05:45Z,236,29.861,71.0,62,60.9,0,0,29,83,0.0,255,32767,0.0,2127-15-31,0.0,0.16,26.24,0.0,0.0,0.0,0,4.828125,3,187,05:49,20:11,2025-05-12 03:05:45.689595,Città della Scienza,77.6,12.926557,13.190092,10.894081,8.940273,EU EEA Common AQI,64.1,11.175343,11.8960905,7200,9.478261,100,100,59.2,8.510144,Very Low,63.9,11.702149,100,1747018800,Very Low,8.715264,12.348291,Very Low,11.988018,56.8,10.956522,100,1747018800,10.637681
2025-05-12T03:05:56Z,236,29.861,71.0,62,60.9,1,0,29,83,0.0,255,32767,0.0,2127-15-31,0.0,0.16,26.24,0.0,0.0,0.0,0,4.828125,3,187,05:49,20:11,2025-05-12 03:05:56.783594,Città della Scienza,77.6,12.926557,13.190092,10.894081,8.940273,EU EEA Common AQI,64.1,11.175343,11.8960905,7200,9.478261,100,100,59.2,8.510144,Very Low,63.9,11.702149,100,1747018800,Very Low,8.715264,12.348291,Very Low,11.988018,56.8,10.956522,100,1747018800,10.637681
2025-05-12T03:06:08Z,236,29.861,71.0,62,60.8,1,0,29,83,0.0,255,32767,0.0,2127-15-31,0.0,0.16,26.24,0.0,0.0,0.0,0,4.828125,3,187,05:49,20:11,2025-05-12 03:06:07.862600,Città della Scienza,77.6,12.926557,13.190092,10.894081,8.940273,EU EEA Common AQI,64.1,11.175343,11.8960905,7200,9.478261,100,100,59.2,8.510144,Very Low,63.9,11.702149,100,1747018800,Very Low,8.715264,12.348291,Very Low,11.988018,56.8,10.956522,100,1747018800,10.637681
2025-05-12T03:06:19Z,236,29.861,71.0,62,60.8,0,0,29,83,0.0,255,32767,0.0,2127-15-31,0.0,0.16,26.24,0.0,0.0,0.0,0,4.828125,3,187,05:49,20:11,2025-05-12 03:06:18.925589,Città della Scienza,77.6,12.926557,13.190092,10.894081,8.940273,EU EEA Common AQI,64.1,11.175343,11.8960905,7200,9.478261,100,100,59.2,8.510144,Very Low,63.9,11.702149,100,1747018800,Very Low,8.715264,12.348291,Very Low,11.988018,56.8,10.956522,100,1747018800,10.637681
2025-05-12T03:06:30Z,236,29.861,71.0,62,60.9,0,0,29,83,0.0,255,32767,0.0,2127-15-31,0.0,0.16,26.24,0.0,0.0,0.0,0,4.828125,3,187,05:49,20:11,2025-05-12 03:06:30.001593,Città della Scienza,77.6,12.926557,13.190092,10.894081,8.940273,EU EEA Common AQI,64.1,11.175343,11.8960905,7200,9.478261,100,100,59.2,8.510144,Very Low,63.9,11.702149,100,1747018800,Very Low,8.715264,12.348291,Very Low,11.988018,56.8,10.956522,100,1747018800,10.637681
2025-05-12T03:06:41Z,236,29.861,70.9,61,60.9,0,0,29,83,0.0,255,32767,0.0,2127-15-31,0.0,0.16,26.24,0.0,0.0,0.0,0,4.828125,3,187,05:49,20:11,2025-05-12 03:06:41.075598,Città della Scienza,77.6,12.926557,13.190092,10.894081,8.940273,EU EEA Common AQI,64.1,11.175343,11.8960905,7200,9.478261,100,100,59.2,8.510144,Very Low,63.9,11.702149,100,1747018800,Very Low,8.715264,12.348291,Very Low,11.988018,56.8,10.956522,100,1747018800,10.637681
2025-05-12T03:06:52Z,236,29.861,70.9,61,60.9,0,0,29,83,0.0,255,32767,0.0,2127-15-31,0.0,0.16,26.24,0.0,0.0,0.0,0,4.828125,3,187,05:49,20:11,2025-05-12 03:06:52.199557,Città della Scienza,77.6,12.926557,13.190092,10.894081,8.940273,EU EEA Common AQI,64.1,11.175343,11.8960905,7200,9.478261,100,100,59.2,8.510144,Very Low,63.9,11.702149,100,1747018800,Very Low,8.715264,12.348291,Very Low,11.988018,56.8,10.956522,100,1747018800,10.637681
2025-05-12T03:07:03Z,236,29.861,70.9,61,60.7,0,0,29,83,0.0,255,32767,0.0,2127-15-31,0.0,0.16,26.24,0.0,0.0,0.0,0,4.828125,3,187,05:49,20:11,2025-05-12 03:07:03.293590,Città della Scienza,77.6,12.926557,13.190092,10.894081,8.940273,EU EEA Common AQI,64.1,11.175343,11.8960905,7200,9.478261,100,100,59.2,8.510144,Very Low,63.9,11.702149,100,1747018800,Very Low,8.715264,12.348291,Very Low,11.988018,56.8,10.956522,100,1747018800,10.637681
2025-05-12T03:07:14Z,236,29.861,70.9,61,60.7,1,0,29,84,0.0,255,32767,0.0,2127-15-31,0.0,0.16,26.24,0.0,0.0,0.0,0,4.828125,3,187,05:49,20:11,2025-05-12 03:07:14.373599,Città della Scienza,77.6,12.926557,13.190092,10.894081,8.940273,EU EEA Common AQI,64.1,11.175343,11.8960905,7200,9.478261,100,100,59.2,8.510144,Very Low,63.9,11.702149,100,1747018800,Very Low,8.715264,12.348291,Very Low,11.988018,56.8,10.956522,100,1747018800,10.637681
2025-05-12T03:07:25Z,236,29.861,70.9,61,60.6,0,0,29,84,0.0,255,32767,0.0,2127-15-31,0.0,0.16,26.24,0.0,0.0,0.0,0,4.828125,3,187,05:49,20:11,2025-05-12 03:07:25.480592,Città della Scienza,77.6,12.926557,13.190092,10.894081,8.940273,EU EEA Common AQI,64.1,11.175343,11.8960905,7200,9.478261,100,100,59.2,8.510144,Very Low,63.9,11.702149,100,1747018800,Very Low,8.715264,12.348291,Very Low,11.988018,56.8,10.956522,100,1747018800,10.637681
2025-05-12T03:07:36Z,236,29.859,70.9,61,60.6,1,0,29,84,0.0,255,32767,0.0,2127-15-31,0.0,0.16,26.24,0.0,0.0,0.0,0,4.828125,3,187,05:49,20:11,2025-05-12 03:07:36.550596,Città della Scienza,77.6,12.926557,13.190092,10.894081,8.940273,EU EEA Common AQI,64.1,11.175343,11.8960905,7200,9.478261,100,100,59.2,8.510144,Very Low,63.9,11.702149,100,1747018800,Very Low,8.715264,12.348291,Very Low,11.988018,56.8,10.956522,100,1747018800,10.637681
2025-05-12T03:07:47Z,236,29.859,70.9,61,60.6,0,0,30,84,0.0,255,32767,0.0,2127-15-31,0.0,0.16,26.24,0.0,0.0,0.0,0,4.828125,3,187,05:49,20:11,2025-05-12 03:07:47.598585,Città della Scienza,77.6,12.926557,13.190092,10.894081,8.940273,EU EEA Common AQI,64.1,11.175343,11.8960905,7200,9.478261,100,100,59.2,8.510144,Very Low,63.9,11.702149,100,1747018800,Very Low,8.715264,12.348291,Very Low,11.988018,56.8,10.956522,100,1747018800,10.637681
2025-05-12T03:07:58Z,236,29.859,70.9,61,60.6,1,0,29,84,0.0,255,32767,0.0,2127-15-31,0.0,0.16,26.24,0.0,0.0,0.0,0,4.828125,3,187,05:49,20:11,2025-05-12 03:07:58.703592,Città della Scienza,77.6,12.926557,13.190092,10.894081,8.940273,EU EEA Common AQI,64.1,11.175343,11.8960905,7200,9.478261,100,100,59.2,8.510144,Very Low,63.9,11.702149,100,1747018800,Very Low,8.715264,12.348291,Very Low,11.988018,56.8,10.956522,100,1747018800,10.637681
2025-05-12T03:08:09Z,236,29.859,70.9,61,60.6,0,0,30,84,0.0,255,32767,0.0,2127-15-31,0.0,0.16,26.24,0.0,0.0,0.0,0,4.828125,3,187,05:49,20:11,2025-05-12 03:08:09.783591,Città della Scienza,77.6,12.926557,13.190092,10.894081,8.940273,EU EEA Common AQI,64.1,11.175343,11.8960905,7200,9.478261,100,100,59.2,8.510144,Very Low,63.9,11.702149,100,1747018800,Very Low,8.715264,12.348291,Very Low,11.988018,56.8,10.956522,100,1747018800,10.637681
2025-05-12T03:08:21Z,236,29.859,70.9,61,60.6,0,0,29,84,0.0,255,32767,0.0,2127-15-31,0.0,0.16,26.24,0.0,0.0,0.0,0,4.828125,3,187,05:49,20:11,2025-05-12 03:08:20.853564,Città della Scienza,77.6,12.926557,13.190092,10.894081,8.940273,EU EEA Common AQI,64.1,11.175343,11.8960905,7200,9.478261,100,100,59.2,8.510144,Very Low,63.9,11.702149,100,1747018800,Very Low,8.715264,12.348291,Very Low,11.988018,56.8,10.956522,100,1747018800,10.637681
2025-05-12T03:08:32Z,236,29.859,70.9,61,60.5,0,0,30,84,0.0,255,32767,0.0,2127-15-31,0.0,0.16,26.24,0.0,0.0,0.0,0,4.828125,3,187,05:49,20:11,2025-05-12 03:08:31.904588,Città della Scienza,77.6,12.926557,13.190092,10.894081,8.940273,EU EEA Common AQI,64.1,11.175343,11.8960905,7200,9.478261,100,100,59.2,8.510144,Very Low,63.9,11.702149,100,1747018800,Very Low,8.715264,12.348291,Very Low,11.988018,56.8,10.956522,100,1747018800,10.637681
2025-05-12T03:08:43Z,236,29.859,70.9,61,60.5,0,0,30,84,0.0,255,32767,0.0,2127-15-31,0.0,0.16,26.24,0.0,0.0,0.0,0,4.828125,3,187,05:49,20:11,2025-05-12 03:08:43.051591,Città della Scienza,77.6,12.926557,13.190092,10.894081,8.940273,EU EEA Common AQI,64.1,11.175343,11.8960905,7200,9.478261,100,100,59.2,8.510144,Very Low,63.9,11.702149,100,1747018800,Very Low,8.715264,12.348291,Very Low,11.988018,56.8,10.956522,100,1747018800,10.637681
2025-05-12T03:08:54Z,236,29.859,70.9,61,60.5,1,0,30,84,0.0,255,32767,0.0,2127-15-31,0.0,0.16,26.24,0.0,0.0,0.0,0,4.828125,3,187,05:49,20:11,2025-05-12 03:08:54.086594,Città della Scienza,77.6,12.926557,13.190092,10.894081,8.940273,EU EEA Common AQI,64.1,11.175343,11.8960905,7200,9.478261,100,100,59.2,8.510144,Very Low,63.9,11.702149,100,1747018800,Very Low,8.715264,12.348291,Very Low,11.988018,56.8,10.956522,100,1747018800,10.637681
2025-05-12T03:09:05Z,236,29.859,70.9,61,60.5,1,0,29,84,0.0,255,32767,0.0,2127-15-31,0.0,0.16,26.24,0.0,0.0,0.0,0,4.828125,3,187,05:49,20:11,2025-05-12 03:09:05.201596,Città della Scienza,77.6,12.926557,13.190092,10.894081,8.940273,EU EEA Common AQI,64.1,11.175343,11.8960905,7200,9.478261,100,100,59.2,8.510144,Very Low,63.9,11.702149,100,1747018800,Very Low,8.715264,12.348291,Very Low,11.988018,56.8,10.956522,100,1747018800,10.637681
2025-05-12T03:09:16Z,236,29.859,70.9,61,60.5,1,0,29,84,0.0,255,32767,0.0,2127-15-31,0.0,0.16,26.24,0.0,0.0,0.0,0,4.828125,3,187,05:49,20:11,2025-05-12 03:09:16.286556,Città della Scienza,77.6,12.926557,13.190092,10.894081,8.940273,EU EEA Common AQI,64.1,11.175343,11.8960905,7200,9.478261,100,100,59.2,8.510144,Very Low,63.9,11.702149,100,1747018800,Very Low,8.715264,12.348291,Very Low,11.988018,56.8,10.956522,100,1747018800,10.637681
2025-05-12T03:09:27Z,236,29.859,70.9,61,60.5,1,0,29,84,0.0,255,32767,0.0,2127-15-31,0.0,0.16,26.24,0.0,0.0,0.0,0,4.828125,3,187,05:49,20:11,2025-05-12 03:09:27.370591,Città della Scienza,77.6,12.926557,13.190092,10.894081,8.940273,EU EEA Common AQI,64.1,11.175343,11.8960905,7200,9.478261,100,100,59.2,8.510144,Very Low,63.9,11.702149,100,1747018800,Very Low,8.715264,12.348291,Very Low,11.988018,56.8,10.956522,100,1747018800,10.637681
2025-05-12T03:09:38Z,236,29.861,71.0,61,60.5,0,0,29,84,0.0,255,32767,0.0,2127-15-31,0.0,0.16,26.24,0.0,0.0,0.0,0,4.828125,3,187,05:49,20:11,2025-05-12 03:09:38.488597,Città della Scienza,77.6,12.926557,13.190092,10.894081,8.940273,EU EEA Common AQI,64.1,11.175343,11.8960905,7200,9.478261,100,100,59.2,8.510144,Very Low,63.9,11.702149,100,1747018800,Very Low,8.715264,12.348291,Very Low,11.988018,56.8,10.956522,100,1747018800,10.637681
2025-05-12T03:09:49Z,236,29.861,71.0,61,60.5,0,0,29,84,0.0,255,32767,0.0,2127-15-31,0.0,0.16,26.24,0.0,0.0,0.0,0,4.828125,3,187,05:49,20:11,2025-05-12 03:09:49.591590,Città della Scienza,77.6,12.926557,13.190092,10.894081,8.940273,EU EEA Common AQI,64.1,11.175343,11.8960905,7200,9.478261,100,100,59.2,8.510144,Very Low,63.9,11.702149,100,1747018800,Very Low,8.715264,12.348291,Very Low,11.988018,56.8,10.956522,100,1747018800,10.637681
2025-05-12T03:10:00Z,236,29.861,71.0,61,60.5,0,0,29,84,0.0,255,32767,0.0,2127-15-31,0.0,0.16,26.24,0.0,0.0,0.0,0,4.828125,3,187,05:49,20:11,2025-05-12 03:10:00.648607,Città della Scienza,77.6,12.926557,13.190092,10.894081,8.940273,EU EEA Common AQI,64.1,11.175343,11.8960905,7200,9.478261,100,100,59.2,8.510144,Very Low,63.9,11.702149,100,1747018800,Very Low,8.715264,12.348291,Very Low,11.988018,56.8,10.956522,100,1747018800,10.637681
2025-05-12T03:10:11Z,236,29.861,71.0,61,60.5,0,0,29,84,0.0,255,32767,0.0,2127-15-31,0.0,0.16,26.24,0.0,0.0,0.0,0,4.828125,3,187,05:49,20:11,2025-05-12 03:10:11.752562,Città della Scienza,77.6,12.926557,13.190092,10.894081,8.940273,EU EEA Common AQI,64.1,11.175343,11.8960905,7200,9.478261,100,100,59.2,8.510144,Very Low,63.9,11.702149,100,1747018800,Very Low,8.715264,12.348291,Very Low,11.988018,56.8,10.956522,100,1747018800,10.637681
2025-05-12T03:10:23Z,236,29.861,71.0,61,60.4,0,0,29,84,0.0,255,32767,0.0,2127-15-31,0.0,0.16,26.24,0.0,0.0,0.0,0,4.828125,3,187,05:49,20:11,2025-05-12 03:10:22.854589,Città della Scienza,77.6,12.926557,13.190092,10.894081,8.940273,EU EEA Common AQI,64.1,11.175343,11.8960905,7200,9.478261,100,100,59.2,8.510144,Very Low,63.9,11.702149,100,1747018800,Very Low,8.715264,12.348291,Very Low,11.988018,56.8,10.956522,100,1747018800,10.637681
2025-05-12T03:10:34Z,236,29.86,71.0,61,60.4,0,0,29,84,0.0,255,32767,0.0,2127-15-31,0.0,0.16,26.24,0.0,0.0,0.0,0,4.828125,3,187,05:49,20:11,2025-05-12 03:10:33.921595,Città della Scienza,77.6,12.926557,13.190092,10.894081,8.940273,EU EEA Common AQI,64.1,11.175343,11.8960905,7200,9.478261,100,100,59.2,8.510144,Very Low,63.9,11.702149,100,1747018800,Very Low,8.715264,12.348291,Very Low,11.988018,56.8,10.956522,100,1747018800,10.637681
2025-05-12T03:10:45Z,236,29.86,71.0,61,60.5,0,0,29,84,0.0,255,32767,0.0,2127-15-31,0.0,0.16,26.24,0.0,0.0,0.0,0,4.828125,3,187,05:49,20:11,2025-05-12 03:10:45.028604,Città della Scienza,77.6,12.926557,13.190092,10.894081,8.940273,EU EEA Common AQI,64.1,11.175343,11.8960905,7200,9.478261,100,100,59.2,8.510144,Very Low,63.9,11.702149,100,1747018800,Very Low,8.715264,12.348291,Very Low,11.988018,56.8,10.956522,100,1747018800,10.637681
2025-05-12T03:10:56Z,236,29.86,71.0,61,60.5,0,0,29,84,0.0,255,32767,0.0,2127-15-31,0.0,0.16,26.24,0.0,0.0,0.0,0,4.828125,3,187,05:49,20:11,2025-05-12 03:10:56.052591,Città della Scienza,77.6,12.926557,13.190092,10.894081,8.940273,EU EEA Common AQI,64.1,11.175343,11.8960905,7200,9.478261,100,100,59.2,8.510144,Very Low,63.9,11.702149,100,1747018800,Very Low,8.715264,12.348291,Very Low,11.988018,56.8,10.956522,100,1747018800,10.637681
2025-05-12T03:11:07Z,236,29.86,71.0,61,60.4,0,0,29,84,0.0,255,32767,0.0,2127-15-31,0.0,0.16,26.24,0.0,0.0,0.0,0,4.828125,3,187,05:49,20:11,2025-05-12 03:11:07.152595,Città della Scienza,77.6,12.926557,13.190092,10.894081,8.940273,EU EEA Common AQI,64.1,11.175343,11.8960905,7200,9.478261,100,100,59.2,8.510144,Very Low,63.9,11.702149,100,1747018800,Very Low,8.715264,12.348291,Very Low,11.988018,56.8,10.956522,100,1747018800,10.637681
2025-05-12T03:11:18Z,236,29.86,71.0,61,60.4,0,0,30,84,0.0,255,32767,0.0,2127-15-31,0.0,0.16,26.24,0.0,0.0,0.0,0,4.828125,3,187,05:49,20:11,2025-05-12 03:11:18.195592,Città della Scienza,77.6,12.926557,13.190092,10.894081,8.940273,EU EEA Common AQI,64.1,11.175343,11.8960905,7200,9.478261,100,100,59.2,8.510144,Very Low,63.9,11.702149,100,1747018800,Very Low,8.715264,12.348291,Very Low,11.988018,56.8,10.956522,100,1747018800,10.637681
2025-05-12T03:11:29Z,236,29.86,71.0,61,60.4,0,0,29,84,0.0,255,32767,0.0,2127-15-31,0.0,0.16,26.24,0.0,0.0,0.0,0,4.828125,3,187,05:49,20:11,2025-05-12 03:11:29.273561,Città della Scienza,77.6,12.926557,13.190092,10.894081,8.940273,EU EEA Common AQI,64.1,11.175343,11.8960905,7200,9.478261,100,100,59.2,8.510144,Very Low,63.9,11.702149,100,1747018800,Very Low,8.715264,12.348291,Very Low,11.988018,56.8,10.956522,100,1747018800,10.637681
2025-05-12T03:11:40Z,236,29.86,71.0,61,60.4,0,0,29,84,0.0,255,32767,0.0,2127-15-31,0.0,0.16,26.24,0.0,0.0,0.0,0,4.828125,3,187,05:49,20:11,2025-05-12 03:11:40.358603,Città della Scienza,77.6,12.926557,13.190092,10.894081,8.940273,EU EEA Common AQI,64.1,11.175343,11.8960905,7200,9.478261,100,100,59.2,8.510144,Very Low,63.9,11.702149,100,1747018800,Very Low,8.715264,12.348291,Very Low,11.988018,56.8,10.956522,100,1747018800,10.637681
2025-05-12T03:11:51Z,236,29.86,71.0,61,60.4,0,0,29,84,0.0,255,32767,0.0,2127-15-31,0.0,0.16,26.24,0.0,0.0,0.0,0,4.828125,3,187,05:49,20:11,2025-05-12 03:11:51.421593,Città della Scienza,77.6,12.926557,13.190092,10.894081,8.940273,EU EEA Common AQI,64.1,11.175343,11.8960905,7200,9.478261,100,100,59.2,8.510144,Very Low,63.9,11.702149,100,1747018800,Very Low,8.715264,12.348291,Very Low,11.988018,56.8,10.956522,100,1747018800,10.637681
2025-05-12T03:12:02Z,236,29.86,71.0,61,60.4,1,0,30,84,0.0,255,32767,0.0,2127-15-31,0.0,0.16,26.24,0.0,0.0,0.0,0,4.828125,3,187,05:49,20:11,2025-05-12 03:12:02.506587,Città della Scienza,77.6,12.926557,13.190092,10.894081,8.940273,EU EEA Common AQI,64.1,11.175343,11.8960905,7200,9.478261,100,100,59.2,8.510144,Very Low,63.9,11.702149,100,1747018800,Very Low,8.715264,12.348291,Very Low,11.988018,56.8,10.956522,100,1747018800,10.637681
2025-05-12T03:12:13Z,236,29.86,71.0,61,60.4,0,0,29,84,0.0,255,32767,0.0,2127-15-31,0.0,0.16,26.24,0.0,0.0,0.0,0,4.828125,3,187,05:49,20:11,2025-05-12 03:12:13.594588,Città della Scienza,77.6,12.926557,13.190092,10.894081,8.940273,EU EEA Common AQI,64.1,11.175343,11.8960905,7200,9.478261,100,100,59.2,8.510144,Very Low,63.9,11.702149,100,1747018800,Very Low,8.715264,12.348291,Very Low,11.988018,56.8,10.956522,100,1747018800,10.637681
2025-05-12T03:12:24Z,236,29.86,71.0,61,60.4,0,0,29,85,0.0,255,32767,0.0,2127-15-31,0.0,0.16,26.24,0.0,0.0,0.0,0,4.828125,3,187,05:49,20:11,2025-05-12 03:12:24.733603,Città della Scienza,77.6,12.926557,13.190092,10.894081,8.940273,EU EEA Common AQI,64.1,11.175343,11.8960905,7200,9.478261,100,100,59.2,8.510144,Very Low,63.9,11.702149,100,1747018800,Very Low,8.715264,12.348291,Very Low,11.988018,56.8,10.956522,100,1747018800,10.637681
2025-05-12T03:12:36Z,236,29.862,70.9,61,60.4,0,0,30,85,0.0,255,32767,0.0,2127-15-31,0.0,0.16,26.24,0.0,0.0,0.0,0,4.828125,3,187,05:49,20:11,2025-05-12 03:12:35.823592,Città della Scienza,77.6,12.926557,13.190092,10.894081,8.940273,EU EEA Common AQI,64.1,11.175343,11.8960905,7200,9.478261,100,100,59.2,8.510144,Very Low,63.9,11.702149,100,1747018800,Very Low,8.715264,12.348291,Very Low,11.988018,56.8,10.956522,100,1747018800,10.637681
2025-05-12T03:12:47Z,236,29.862,70.9,61,60.4,0,0,29,85,0.0,255,32767,0.0,2127-15-31,0.0,0.16,26.24,0.0,0.0,0.0,0,4.828125,3,187,05:49,20:11,2025-05-12 03:12:46.876613,Città della Scienza,77.6,12.926557,13.190092,10.894081,8.940273,EU EEA Common AQI,64.1,11.175343,11.8960905,7200,9.478261,100,100,59.2,8.510144,Very Low,63.9,11.702149,100,1747018800,Very Low,8.715264,12.348291,Very Low,11.988018,56.8,10.956522,100,1747018800,10.637681
2025-05-12T03:12:58Z,236,29.862,70.9,61,60.4,0,0,29,85,0.0,255,32767,0.0,2127-15-31,0.0,0.16,26.24,0.0,0.0,0.0,0,4.828125,3,187,05:49,20:11,2025-05-12 03:12:57.937592,Città della Scienza,77.6,12.926557,13.190092,10.894081,8.940273,EU EEA Common AQI,64.1,11.175343,11.8960905,7200,9.478261,100,100,59.2,8.510144,Very Low,63.9,11.702149,100,1747018800,Very Low,8.715264,12.348291,Very Low,11.988018,56.8,10.956522,100,1747018800,10.637681
2025-05-12T03:13:09Z,236,29.862,70.9,61,60.4,0,0,29,85,0.0,255,32767,0.0,2127-15-31,0.0,0.16,26.24,0.0,0.0,0.0,0,4.828125,3,187,05:49,20:11,2025-05-12 03:13:08.987599,Città della Scienza,77.6,12.926557,13.190092,10.894081,8.940273,EU EEA Common AQI,64.1,11.175343,11.8960905,7200,9.478261,100,100,59.2,8.510144,Very Low,63.9,11.702149,100,1747018800,Very Low,8.715264,12.348291,Very Low,11.988018,56.8,10.956522,100,1747018800,10.637681
2025-05-12T03:13:20Z,236,29.862,70.9,61,60.4,0,0,29,85,0.0,255,32767,0.0,2127-15-31,0.0,0.16,26.24,0.0,0.0,0.0,0,4.828125,3,187,05:49,20:11,2025-05-12 03:13:20.109600,Città della Scienza,77.6,12.926557,13.190092,10.894081,8.940273,EU EEA Common AQI,64.1,11.175343,11.8960905,7200,9.478261,100,100,59.2,8.510144,Very Low,63.9,11.702149,100,1747018800,Very Low,8.715264,12.348291,Very Low,11.988018,56.8,10.956522,100,1747018800,10.637681
2025-05-12T03:13:31Z,236,29.862,70.9,61,60.4,0,0,29,85,0.0,255,32767,0.0,2127-15-31,0.0,0.16,26.24,0.0,0.0,0.0,0,4.828125,3,187,05:49,20:11,2025-05-12 03:13:31.208681,Città della Scienza,77.6,12.926557,13.190092,10.894081,8.940273,EU EEA Common AQI,64.1,11.175343,11.8960905,7200,9.478261,100,100,59.2,8.510144,Very Low,63.9,11.702149,100,1747018800,Very Low,8.715264,12.348291,Very Low,11.988018,56.8,10.956522,100,1747018800,10.637681
2025-05-12T03:13:42Z,236,29.859,71.0,61,60.4,0,0,29,85,0.0,255,32767,0.0,2127-15-31,0.0,0.16,26.24,0.0,0.0,0.0,0,4.828125,3,187,05:49,20:11,2025-05-12 03:13:42.297663,Città della Scienza,77.6,12.926557,13.190092,10.894081,8.940273,EU EEA Common AQI,64.1,11.175343,11.8960905,7200,9.478261,100,100,59.2,8.510144,Very Low,63.9,11.702149,100,1747018800,Very Low,8.715264,12.348291,Very Low,11.988018,56.8,10.956522,100,1747018800,10.637681
2025-05-12T03:13:53Z,236,29.859,71.0,61,60.4,0,0,29,85,0.0,255,32767,0.0,2127-15-31,0.0,0.16,26.24,0.0,0.0,0.0,0,4.828125,3,187,05:49,20:11,2025-05-12 03:13:53.382601,Città della Scienza,77.6,12.926557,13.190092,10.894081,8.940273,EU EEA Common AQI,64.1,11.175343,11.8960905,7200,9.478261,100,100,59.2,8.510144,Very Low,63.9,11.702149,100,1747018800,Very Low,8.715264,12.348291,Very Low,11.988018,56.8,10.956522,100,1747018800,10.637681
2025-05-12T03:14:04Z,236,29.859,71.0,61,60.4,0,0,29,85,0.0,255,32767,0.0,2127-15-31,0.0,0.16,26.24,0.0,0.0,0.0,0,4.828125,3,187,05:49,20:11,2025-05-12 03:14:04.419593,Città della Scienza,77.6,12.926557,13.190092,10.894081,8.940273,EU EEA Common AQI,64.1,11.175343,11.8960905,7200,9.478261,100,100,59.2,8.510144,Very Low,63.9,11.702149,100,1747018800,Very Low,8.715264,12.348291,Very Low,11.988018,56.8,10.956522,100,1747018800,10.637681
2025-05-12T03:14:15Z,236,29.859,71.0,61,60.4,0,0,29,85,0.0,255,32767,0.0,2127-15-31,0.0,0.16,26.24,0.0,0.0,0.0,0,4.828125,3,187,05:49,20:11,2025-05-12 03:14:15.492589,Città della Scienza,77.6,12.926557,13.190092,10.894081,8.940273,EU EEA Common AQI,64.1,11.175343,11.8960905,7200,9.478261,100,100,59.2,8.510144,Very Low,63.9,11.702149,100,1747018800,Very Low,8.715264,12.348291,Very Low,11.988018,56.8,10.956522,100,1747018800,10.637681
2025-05-12T03:14:26Z,236,29.859,71.0,61,60.4,1,0,29,85,0.0,255,32767,0.0,2127-15-31,0.0,0.16,26.24,0.0,0.0,0.0,0,4.828125,3,187,05:49,20:11,2025-05-12 03:14:26.595602,Città della Scienza,77.6,12.926557,13.190092,10.894081,8.940273,EU EEA Common AQI,64.1,11.175343,11.8960905,7200,9.478261,100,100,59.2,8.510144,Very Low,63.9,11.702149,100,1747018800,Very Low,8.715264,12.348291,Very Low,11.988018,56.8,10.956522,100,1747018800,10.637681
2025-05-12T03:14:37Z,236,29.86,70.9,61,60.4,1,0,29,85,0.0,255,32767,0.0,2127-15-31,0.0,0.16,26.24,0.0,0.0,0.0,0,4.828125,3,187,05:49,20:11,2025-05-12 03:14:37.642598,Città della Scienza,77.6,12.926557,13.190092,10.894081,8.940273,EU EEA Common AQI,64.1,11.175343,11.8960905,7200,9.478261,100,100,59.2,8.510144,Very Low,63.9,11.702149,100,1747018800,Very Low,8.715264,12.348291,Very Low,11.988018,56.8,10.956522,100,1747018800,10.637681
2025-05-12T03:14:48Z,236,29.86,70.9,61,60.4,1,0,29,85,0.0,255,32767,0.0,2127-15-31,0.0,0.16,26.24,0.0,0.0,0.0,0,4.828125,3,187,05:49,20:11,2025-05-12 03:14:48.765626,Città della Scienza,77.6,12.926557,13.190092,10.894081,8.940273,EU EEA Common AQI,64.1,11.175343,11.8960905,7200,9.478261,100,100,59.2,8.510144,Very Low,63.9,11.702149,100,1747018800,Very Low,8.715264,12.348291,Very Low,11.988018,56.8,10.956522,100,1747018800,10.637681
2025-05-12T03:15:00Z,236,29.86,70.9,61,60.4,1,0,29,85,0.0,255,32767,0.0,2127-15-31,0.0,0.16,26.24,0.0,0.0,0.0,0,4.828125,3,187,05:49,20:11,2025-05-12 03:14:59.842593,Città della Scienza,77.6,12.926557,13.190092,10.894081,8.940273,EU EEA Common AQI,64.1,11.175343,11.8960905,7200,9.478261,100,100,59.2,8.510144,Very Low,63.9,11.702149,100,1747018800,Very Low,8.715264,12.348291,Very Low,11.988018,56.8,10.956522,100,1747018800,10.637681
2025-05-12T03:15:11Z,236,29.86,70.9,61,60.4,1,0,29,85,0.0,255,32767,0.0,2127-15-31,0.0,0.16,26.24,0.0,0.0,0.0,0,4.828125,3,187,05:49,20:11,2025-05-12 03:15:10.904603,Città della Scienza,77.6,12.926557,13.190092,10.894081,8.940273,EU EEA Common AQI,64.1,11.175343,11.8960905,7200,9.478261,100,100,59.2,8.510144,Very Low,63.9,11.702149,100,1747018800,Very Low,8.715264,12.348291,Very Low,11.988018,56.8,10.956522,100,1747018800,10.637681
2025-05-12T03:15:22Z,236,29.86,70.9,61,60.4,1,0,30,85,0.0,255,32767,0.0,2127-15-31,0.0,0.16,26.24,0.0,0.0,0.0,0,4.828125,3,187,05:49,20:11,2025-05-12 03:15:21.968559,Città della Scienza,77.2,12.864232,13.17684,10.918563,8.963189,EU EEA Common AQI,63.6,11.203987,11.8812,7200,9.742857,100,100,58.7,9.097142,Very Low,63.5,11.601886,100,1747019700,Very Low,8.73485,12.418793,Very Low,12.118323,56.3,12.028571,100,1747019700,11.3714285
2025-05-12T03:15:33Z,236,29.86,71.0,61,60.4,0,0,30,85,0.0,255,32767,0.0,2127-15-31,0.0,0.16,26.24,0.0,0.0,0.0,0,4.828125,3,187,05:49,20:11,2025-05-12 03:15:33.086592,Città della Scienza,77.2,12.864232,13.17684,10.918563,8.963189,EU EEA Common AQI,63.6,11.203987,11.8812,7200,9.742857,100,100,58.7,9.097142,Very Low,63.5,11.601886,100,1747019700,Very Low,8.73485,12.418793,Very Low,12.118323,56.3,12.028571,100,1747019700,11.3714285
2025-05-12T03:15:44Z,236,29.86,71.0,61,60.4,0,0,29,85,0.0,255,32767,0.0,2127-15-31,0.0,0.16,26.24,0.0,0.0,0.0,0,4.828125,3,187,05:49,20:11,2025-05-12 03:15:44.190589,Città della Scienza,77.2,12.864232,13.17684,10.918563,8.963189,EU EEA Common AQI,63.6,11.203987,11.8812,7200,9.742857,100,100,58.7,9.097142,Very Low,63.5,11.601886,100,1747019700,Very Low,8.73485,12.418793,Very Low,12.118323,56.3,12.028571,100,1747019700,11.3714285
2025-05-12T03:15:55Z,236,29.86,71.0,61,60.4,0,0,29,85,0.0,255,32767,0.0,2127-15-31,0.0,0.16,26.24,0.0,0.0,0.0,0,4.828125,3,187,05:49,20:11,2025-05-12 03:15:55.258595,Città della Scienza,77.2,12.864232,13.17684,10.918563,8.963189,EU EEA Common AQI,63.6,11.203987,11.8812,7200,9.742857,100,100,58.7,9.097142,Very Low,63.5,11.601886,100,1747019700,Very Low,8.73485,12.418793,Very Low,12.118323,56.3,12.028571,100,1747019700,11.3714285
2025-05-12T03:16:06Z,236,29.86,71.0,61,60.4,0,0,29,85,0.0,255,32767,0.0,2127-15-31,0.0,0.16,26.24,0.0,0.0,0.0,0,4.828125,3,187,05:49,20:11,2025-05-12 03:16:06.343591,Città della Scienza,77.2,12.864232,13.17684,10.918563,8.963189,EU EEA Common AQI,63.6,11.203987,11.8812,7200,9.742857,100,100,58.7,9.097142,Very Low,63.5,11.601886,100,1747019700,Very Low,8.73485,12.418793,Very Low,12.118323,56.3,12.028571,100,1747019700,11.3714285
2025-05-12T03:16:17Z,236,29.86,71.0,61,60.4,0,0,29,85,0.0,255,32767,0.0,2127-15-31,0.0,0.16,26.24,0.0,0.0,0.0,0,4.828125,3,187,05:49,20:11,2025-05-12 03:16:17.511605,Città della Scienza,77.2,12.864232,13.17684,10.918563,8.963189,EU EEA Common AQI,63.6,11.203987,11.8812,7200,9.742857,100,100,58.7,9.097142,Very Low,63.5,11.601886,100,1747019700,Very Low,8.73485,12.418793,Very Low,12.118323,56.3,12.028571,100,1747019700,11.3714285
2025-05-12T03:16:28Z,236,29.86,71.0,61,60.4,0,0,29,85,0.0,255,32767,0.0,2127-15-31,0.0,0.16,26.24,0.0,0.0,0.0,0,4.828125,3,187,05:49,20:11,2025-05-12 03:16:28.583606,Città della Scienza,77.2,12.864232,13.17684,10.918563,8.963189,EU EEA Common AQI,63.6,11.203987,11.8812,7200,9.742857,100,100,58.7,9.097142,Very Low,63.5,11.601886,100,1747019700,Very Low,8.73485,12.418793,Very Low,12.118323,56.3,12.028571,100,1747019700,11.3714285
2025-05-12T03:16:39Z,236,29.861,71.0,61,60.4,0,0,29,85,0.0,255,32767,0.0,2127-15-31,0.0,0.16,26.24,0.0,0.0,0.0,0,4.828125,3,187,05:49,20:11,2025-05-12 03:16:39.689560,Città della Scienza,77.2,12.864232,13.17684,10.918563,8.963189,EU EEA Common AQI,63.6,11.203987,11.8812,7200,9.742857,100,100,58.7,9.097142,Very Low,63.5,11.601886,100,1747019700,Very Low,8.73485,12.418793,Very Low,12.118323,56.3,12.028571,100,1747019700,11.3714285
2025-05-12T03:16:51Z,236,29.861,71.0,61,60.4,0,0,29,85,0.0,255,32767,0.0,2127-15-31,0.0,0.16,26.24,0.0,0.0,0.0,0,4.828125,3,187,05:49,20:11,2025-05-12 03:16:50.802586,Città della Scienza,77.2,12.864232,13.17684,10.918563,8.963189,EU EEA Common AQI,63.6,11.203987,11.8812,7200,9.742857,100,100,58.7,9.097142,Very Low,63.5,11.601886,100,1747019700,Very Low,8.73485,12.418793,Very Low,12.118323,56.3,12.028571,100,1747019700,11.3714285
2025-05-12T03:17:02Z,236,29.861,71.0,61,60.4,0,0,29,85,0.0,255,32767,0.0,2127-15-31,0.0,0.16,26.24,0.0,0.0,0.0,0,4.828125,3,187,05:49,20:11,2025-05-12 03:17:01.864603,Città della Scienza,77.2,12.864232,13.17684,10.918563,8.963189,EU EEA Common AQI,63.6,11.203987,11.8812,7200,9.742857,100,100,58.7,9.097142,Very Low,63.5,11.601886,100,1747019700,Very Low,8.73485,12.418793,Very Low,12.118323,56.3,12.028571,100,1747019700,11.3714285
2025-05-12T03:17:13Z,236,29.861,71.0,61,60.3,0,0,29,85,0.0,255,32767,0.0,2127-15-31,0.0,0.16,26.24,0.0,0.0,0.0,0,4.828125,3,187,05:49,20:11,2025-05-12 03:17:13.174592,Città della Scienza,77.2,12.864232,13.17684,10.918563,8.963189,EU EEA Common AQI,63.6,11.203987,11.8812,7200,9.742857,100,100,58.7,9.097142,Very Low,63.5,11.601886,100,1747019700,Very Low,8.73485,12.418793,Very Low,12.118323,56.3,12.028571,100,1747019700,11.3714285
2025-05-12T03:17:24Z,236,29.861,71.0,61,60.4,0,0,29,85,0.0,255,32767,0.0,2127-15-31,0.0,0.16,26.24,0.0,0.0,0.0,0,4.828125,3,187,05:49,20:11,2025-05-12 03:17:24.229593,Città della Scienza,77.2,12.864232,13.17684,10.918563,8.963189,EU EEA Common AQI,63.6,11.203987,11.8812,7200,9.742857,100,100,58.7,9.097142,Very Low,63.5,11.601886,100,1747019700,Very Low,8.73485,12.418793,Very Low,12.118323,56.3,12.028571,100,1747019700,11.3714285
2025-05-12T03:17:35Z,236,29.861,71.0,61,60.4,0,0,29,85,0.0,255,32767,0.0,2127-15-31,0.0,0.16,26.24,0.0,0.0,0.0,0,4.828125,3,187,05:49,20:11,2025-05-12 03:17:35.275591,Città della Scienza,77.2,12.864232,13.17684,10.918563,8.963189,EU EEA Common AQI,63.6,11.203987,11.8812,7200,9.742857,100,100,58.7,9.097142,Very Low,63.5,11.601886,100,1747019700,Very Low,8.73485,12.418793,Very Low,12.118323,56.3,12.028571,100,1747019700,11.3714285
2025-05-12T03:17:46Z,236,29.861,71.0,61,60.3,0,0,29,85,0.0,255,32767,0.0,2127-15-31,0.0,0.16,26.24,0.0,0.0,0.0,0,4.828125,3,187,05:49,20:11,2025-05-12 03:17:46.390599,Città della Scienza,77.2,12.864232,13.17684,10.918563,8.963189,EU EEA Common AQI,63.6,11.203987,11.8812,7200,9.742857,100,100,58.7,9.097142,Very Low,63.5,11.601886,100,1747019700,Very Low,8.73485,12.418793,Very Low,12.118323,56.3,12.028571,100,1747019700,11.3714285
2025-05-12T03:17:57Z,236,29.861,71.0,61,60.4,0,0,29,85,0.0,255,32767,0.0,2127-15-31,0.0,0.16,26.24,0.0,0.0,0.0,0,4.828125,3,187,05:49,20:11,2025-05-12 03:17:57.487592,Città della Scienza,77.2,12.864232,13.17684,10.918563,8.963189,EU EEA Common AQI,63.6,11.203987,11.8812,7200,9.742857,100,100,58.7,9.097142,Very Low,63.5,11.601886,100,1747019700,Very Low,8.73485,12.418793,Very Low,12.118323,56.3,12.028571,100,1747019700,11.3714285
2025-05-12T03:18:08Z,236,29.861,71.0,61,60.4,0,0,29,85,0.0,255,32767,0.0,2127-15-31,0.0,0.16,26.24,0.0,0.0,0.0,0,4.828125,3,187,05:49,20:11,2025-05-12 03:18:08.568587,Città della Scienza,77.2,12.864232,13.17684,10.918563,8.963189,EU EEA Common AQI,63.6,11.203987,11.8812,7200,9.742857,100,100,58.7,9.097142,Very Low,63.5,11.601886,100,1747019700,Very Low,8.73485,12.418793,Very Low,12.118323,56.3,12.028571,100,1747019700,11.3714285
2025-05-12T03:18:19Z,236,29.861,71.0,61,60.4,0,0,29,85,0.0,255,32767,0.0,2127-15-31,0.0,0.16,26.24,0.0,0.0,0.0,0,4.828125,3,187,05:49,20:11,2025-05-12 03:18:19.641598,Città della Scienza,77.2,12.864232,13.17684,10.918563,8.963189,EU EEA Common AQI,63.6,11.203987,11.8812,7200,9.742857,100,100,58.7,9.097142,Very Low,63.5,11.601886,100,1747019700,Very Low,8.73485,12.418793,Very Low,12.118323,56.3,12.028571,100,1747019700,11.3714285
2025-05-12T03:18:30Z,236,29.861,71.0,61,60.3,0,0,29,85,0.0,255,32767,0.0,2127-15-31,0.0,0.16,26.24,0.0,0.0,0.0,0,4.828125,3,187,05:49,20:11,2025-05-12 03:18:30.668586,Città della Scienza,77.2,12.864232,13.17684,10.918563,8.963189,EU EEA Common AQI,63.6,11.203987,11.8812,7200,9.742857,100,100,58.7,9.097142,Very Low,63.5,11.601886,100,1747019700,Very Low,8.73485,12.418793,Very Low,12.118323,56.3,12.028571,100,1747019700,11.3714285
2025-05-12T03:18:41Z,236,29.86,70.9,61,60.3,0,0,29,85,0.0,255,32767,0.0,2127-15-31,0.0,0.16,26.24,0.0,0.0,0.0,0,4.828125,3,187,05:49,20:11,2025-05-12 03:18:41.743600,Città della Scienza,77.2,12.864232,13.17684,10.918563,8.963189,EU EEA Common AQI,63.6,11.203987,11.8812,7200,9.742857,100,100,58.7,9.097142,Very Low,63.5,11.601886,100,1747019700,Very Low,8.73485,12.418793,Very Low,12.118323,56.3,12.028571,100,1747019700,11.3714285
2025-05-12T03:18:53Z,236,29.86,70.9,61,60.3,0,0,29,85,0.0,255,32767,0.0,2127-15-31,0.0,0.16,26.24,0.0,0.0,0.0,0,4.828125,3,187,05:49,20:11,2025-05-12 03:18:52.873597,Città della Scienza,77.2,12.864232,13.17684,10.918563,8.963189,EU EEA Common AQI,63.6,11.203987,11.8812,7200,9.742857,100,100,58.7,9.097142,Very Low,63.5,11.601886,100,1747019700,Very Low,8.73485,12.418793,Very Low,12.118323,56.3,12.028571,100,1747019700,11.3714285
2025-05-12T03:19:04Z,236,29.86,70.9,61,60.4,0,0,29,85,0.0,255,32767,0.0,2127-15-31,0.0,0.16,26.24,0.0,0.0,0.0,0,4.828125,3,187,05:49,20:11,2025-05-12 03:19:03.952593,Città della Scienza,77.2,12.864232,13.17684,10.918563,8.963189,EU EEA Common AQI,63.6,11.203987,11.8812,7200,9.742857,100,100,58.7,9.097142,Very Low,63.5,11.601886,100,1747019700,Very Low,8.73485,12.418793,Very Low,12.118323,56.3,12.028571,100,1747019700,11.3714285
2025-05-12T03:19:15Z,236,29.86,70.9,61,60.4,0,0,29,85,0.0,255,32767,0.0,2127-15-31,0.0,0.16,26.24,0.0,0.0,0.0,0,4.828125,3,187,05:49,20:11,2025-05-12 03:19:15.037549,Città della Scienza,77.2,12.864232,13.17684,10.918563,8.963189,EU EEA Common AQI,63.6,11.203987,11.8812,7200,9.742857,100,100,58.7,9.097142,Very Low,63.5,11.601886,100,1747019700,Very Low,8.73485,12.418793,Very Low,12.118323,56.3,12.028571,100,1747019700,11.3714285
2025-05-12T03:19:26Z,236,29.86,70.9,61,60.4,0,0,30,85,0.0,255,32767,0.0,2127-15-31,0.0,0.16,26.24,0.0,0.0,0.0,0,4.828125,3,187,05:49,20:11,2025-05-12 03:19:26.112599,Città della Scienza,77.2,12.864232,13.17684,10.918563,8.963189,EU EEA Common AQI,63.6,11.203987,11.8812,7200,9.742857,100,100,58.7,9.097142,Very Low,63.5,11.601886,100,1747019700,Very Low,8.73485,12.418793,Very Low,12.118323,56.3,12.028571,100,1747019700,11.3714285
2025-05-12T03:19:37Z,236,29.859,71.0,61,60.4,0,0,29,85,0.0,255,32767,0.0,2127-15-31,0.0,0.16,26.24,0.0,0.0,0.0,0,4.828125,3,187,05:49,20:11,2025-05-12 03:19:37.171593,Città della Scienza,77.2,12.864232,13.17684,10.918563,8.963189,EU EEA Common AQI,63.6,11.203987,11.8812,7200,9.742857,100,100,58.7,9.097142,Very Low,63.5,11.601886,100,1747019700,Very Low,8.73485,12.418793,Very Low,12.118323,56.3,12.028571,100,1747019700,11.3714285
2025-05-12T03:19:48Z,236,29.859,71.0,61,60.3,2,0,29,85,0.0,255,32767,0.0,2127-15-31,0.0,0.16,26.24,0.0,0.0,0.0,0,4.828125,3,187,05:49,20:11,2025-05-12 03:19:48.283593,Città della Scienza,77.2,12.864232,13.17684,10.918563,8.963189,EU EEA Common AQI,63.6,11.203987,11.8812,7200,9.742857,100,100,58.7,9.097142,Very Low,63.5,11.601886,100,1747019700,Very Low,8.73485,12.418793,Very Low,12.118323,56.3,12.028571,100,1747019700,11.3714285
2025-05-12T03:19:59Z,236,29.859,71.0,61,60.3,1,0,29,85,0.0,255,32767,0.0,2127-15-31,0.0,0.16,26.24,0.0,0.0,0.0,0,4.828125,3,187,05:49,20:11,2025-05-12 03:19:59.336596,Città della Scienza,77.2,12.864232,13.17684,10.918563,8.963189,EU EEA Common AQI,63.6,11.203987,11.8812,7200,9.742857,100,100,58.7,9.097142,Very Low,63.5,11.601886,100,1747019700,Very Low,8.73485,12.418793,Very Low,12.118323,56.3,12.028571,100,1747019700,11.3714285
2025-05-12T03:20:10Z,236,29.859,71.0,61,60.3,1,0,29,85,0.0,255,32767,0.0,2127-15-31,0.0,0.16,26.24,0.0,0.0,0.0,0,4.828125,3,187,05:49,20:11,2025-05-12 03:20:10.425600,Città della Scienza,77.2,12.864232,13.17684,10.918563,8.963189,EU EEA Common AQI,63.6,11.203987,11.8812,7200,9.742857,100,100,58.7,9.097142,Very Low,63.5,11.601886,100,1747019700,Very Low,8.73485,12.418793,Very Low,12.118323,56.3,12.028571,100,1747019700,11.3714285
2025-05-12T03:20:21Z,236,29.859,71.0,61,60.2,1,0,29,85,0.0,255,32767,0.0,2127-15-31,0.0,0.16,26.24,0.0,0.0,0.0,0,4.828125,3,187,05:49,20:11,2025-05-12 03:20:21.545597,Città della Scienza,77.2,12.864232,13.17684,10.918563,8.963189,EU EEA Common AQI,63.6,11.203987,11.8812,7200,9.742857,100,100,58.7,9.097142,Very Low,63.5,11.601886,100,1747019700,Very Low,8.73485,12.418793,Very Low,12.118323,56.3,12.028571,100,1747019700,11.3714285
2025-05-12T03:20:32Z,236,29.858,71.0,61,60.2,1,0,29,85,0.0,255,32767,0.0,2127-15-31,0.0,0.16,26.24,0.0,0.0,0.0,0,4.828125,3,187,05:49,20:11,2025-05-12 03:20:32.650604,Città della Scienza,77.2,12.864232,13.17684,10.918563,8.963189,EU EEA Common AQI,63.6,11.203987,11.8812,7200,9.742857,100,100,58.7,9.097142,Very Low,63.5,11.601886,100,1747019700,Very Low,8.73485,12.418793,Very Low,12.118323,56.3,12.028571,100,1747019700,11.3714285
2025-05-12T03:20:43Z,236,29.858,71.0,61,60.2,0,0,29,85,0.0,255,32767,0.0,2127-15-31,0.0,0.16,26.24,0.0,0.0,0.0,0,4.828125,3,187,05:49,20:11,2025-05-12 03:20:43.771604,Città della Scienza,77.2,12.864232,13.17684,10.918563,8.963189,EU EEA Common AQI,63.6,11.203987,11.8812,7200,9.742857,100,100,58.7,9.097142,Very Low,63.5,11.601886,100,1747019700,Very Low,8.73485,12.418793,Very Low,12.118323,56.3,12.028571,100,1747019700,11.3714285
2025-05-12T03:20:55Z,236,29.858,71.0,61,60.2,1,0,13,85,0.0,255,32767,0.0,2127-15-31,0.0,0.16,26.24,0.0,0.0,0.0,0,4.828125,3,187,05:49,20:11,2025-05-12 03:20:54.853594,Città della Scienza,77.2,12.864232,13.17684,10.918563,8.963189,EU EEA Common AQI,63.6,11.203987,11.8812,7200,9.742857,100,100,58.7,9.097142,Very Low,63.5,11.601886,100,1747019700,Very Low,8.73485,12.418793,Very Low,12.118323,56.3,12.028571,100,1747019700,11.3714285
2025-05-12T03:21:06Z,236,29.858,71.0,61,60.2,1,0,27,85,0.0,255,32767,0.0,2127-15-31,0.0,0.16,26.24,0.0,0.0,0.0,0,4.828125,3,187,05:49,20:11,2025-05-12 03:21:05.947595,Città della Scienza,77.2,12.864232,13.17684,10.918563,8.963189,EU EEA Common AQI,63.6,11.203987,11.8812,7200,9.742857,100,100,58.7,9.097142,Very Low,63.5,11.601886,100,1747019700,Very Low,8.73485,12.418793,Very Low,12.118323,56.3,12.028571,100,1747019700,11.3714285
2025-05-12T03:21:17Z,236,29.858,71.0,61,60.1,0,0,44,85,0.0,255,32767,0.0,2127-15-31,0.0,0.16,26.24,0.0,0.0,0.0,0,4.828125,3,187,05:49,20:11,2025-05-12 03:21:17.048593,Città della Scienza,77.2,12.864232,13.17684,10.918563,8.963189,EU EEA Common AQI,63.6,11.203987,11.8812,7200,9.742857,100,100,58.7,9.097142,Very Low,63.5,11.601886,100,1747019700,Very Low,8.73485,12.418793,Very Low,12.118323,56.3,12.028571,100,1747019700,11.3714285
2025-05-12T03:21:28Z,236,29.858,71.0,61,60.1,2,0,44,85,0.0,255,32767,0.0,2127-15-31,0.0,0.16,26.24,0.0,0.0,0.0,0,4.828125,3,187,05:49,20:11,2025-05-12 03:21:28.132599,Città della Scienza,77.2,12.864232,13.17684,10.918563,8.963189,EU EEA Common AQI,63.6,11.203987,11.8812,7200,9.742857,100,100,58.7,9.097142,Very Low,63.5,11.601886,100,1747019700,Very Low,8.73485,12.418793,Very Low,12.118323,56.3,12.028571,100,1747019700,11.3714285
2025-05-12T03:21:39Z,236,29.858,71.0,61,60.1,3,0,40,85,0.0,255,32767,0.0,2127-15-31,0.0,0.16,26.24,0.0,0.0,0.0,0,4.828125,3,187,05:49,20:11,2025-05-12 03:21:39.240593,Città della Scienza,77.2,12.864232,13.17684,10.918563,8.963189,EU EEA Common AQI,63.6,11.203987,11.8812,7200,9.742857,100,100,58.7,9.097142,Very Low,63.5,11.601886,100,1747019700,Very Low,8.73485,12.418793,Very Low,12.118323,56.3,12.028571,100,1747019700,11.3714285
2025-05-12T03:21:50Z,236,29.858,71.0,61,60.1,3,0,36,85,0.0,255,32767,0.0,2127-15-31,0.0,0.16,26.24,0.0,0.0,0.0,0,4.828125,3,187,05:49,20:11,2025-05-12 03:21:50.312589,Città della Scienza,77.2,12.864232,13.17684,10.918563,8.963189,EU EEA Common AQI,63.6,11.203987,11.8812,7200,9.742857,100,100,58.7,9.097142,Very Low,63.5,11.601886,100,1747019700,Very Low,8.73485,12.418793,Very Low,12.118323,56.3,12.028571,100,1747019700,11.3714285
2025-05-12T03:22:01Z,236,29.858,71.0,61,60.0,1,0,26,85,0.0,255,32767,0.0,2127-15-31,0.0,0.16,26.24,0.0,0.0,0.0,0,4.828125,3,187,05:49,20:11,2025-05-12 03:22:01.371596,Città della Scienza,77.2,12.864232,13.17684,10.918563,8.963189,EU EEA Common AQI,63.6,11.203987,11.8812,7200,9.742857,100,100,58.7,9.097142,Very Low,63.5,11.601886,100,1747019700,Very Low,8.73485,12.418793,Very Low,12.118323,56.3,12.028571,100,1747019700,11.3714285
2025-05-12T03:22:12Z,236,29.858,71.0,61,59.9,1,0,39,85,0.0,255,32767,0.0,2127-15-31,0.0,0.16,26.24,0.0,0.0,0.0,0,4.828125,3,187,05:49,20:11,2025-05-12 03:22:12.470596,Città della Scienza,77.2,12.864232,13.17684,10.918563,8.963189,EU EEA Common AQI,63.6,11.203987,11.8812,7200,9.742857,100,100,58.7,9.097142,Very Low,63.5,11.601886,100,1747019700,Very Low,8.73485,12.418793,Very Low,12.118323,56.3,12.028571,100,1747019700,11.3714285
2025-05-12T03:22:23Z,236,29.858,71.0,61,59.9,1,0,39,85,0.0,255,32767,0.0,2127-15-31,0.0,0.16,26.24,0.0,0.0,0.0,0,4.828125,3,187,05:49,20:11,2025-05-12 03:22:23.543555,Città della Scienza,77.2,12.864232,13.17684,10.918563,8.963189,EU EEA Common AQI,63.6,11.203987,11.8812,7200,9.742857,100,100,58.7,9.097142,Very Low,63.5,11.601886,100,1747019700,Very Low,8.73485,12.418793,Very Low,12.118323,56.3,12.028571,100,1747019700,11.3714285
2025-05-12T03:22:34Z,236,29.857,70.9,61,59.8,2,1,38,85,0.0,255,32767,0.0,2127-15-31,0.0,0.16,26.24,0.0,0.0,0.0,0,4.828125,3,187,05:49,20:11,2025-05-12 03:22:34.651592,Città della Scienza,77.2,12.864232,13.17684,10.918563,8.963189,EU EEA Common AQI,63.6,11.203987,11.8812,7200,9.742857,100,100,58.7,9.097142,Very Low,63.5,11.601886,100,1747019700,Very Low,8.73485,12.418793,Very Low,12.118323,56.3,12.028571,100,1747019700,11.3714285
2025-05-12T03:22:45Z,236,29.857,70.9,61,59.8,3,1,38,85,0.0,255,32767,0.0,2127-15-31,0.0,0.16,26.24,0.0,0.0,0.0,0,4.828125,3,187,05:49,20:11,2025-05-12 03:22:45.730596,Città della Scienza,77.2,12.864232,13.17684,10.918563,8.963189,EU EEA Common AQI,63.6,11.203987,11.8812,7200,9.742857,100,100,58.7,9.097142,Very Low,63.5,11.601886,100,1747019700,Very Low,8.73485,12.418793,Very Low,12.118323,56.3,12.028571,100,1747019700,11.3714285
2025-05-12T03:22:56Z,236,29.857,70.9,61,59.7,3,1,40,85,0.0,255,32767,0.0,2127-15-31,0.0,0.16,26.24,0.0,0.0,0.0,0,4.828125,3,187,05:49,20:11,2025-05-12 03:22:56.796592,Città della Scienza,77.2,12.864232,13.17684,10.918563,8.963189,EU EEA Common AQI,63.6,11.203987,11.8812,7200,9.742857,100,100,58.7,9.097142,Very Low,63.5,11.601886,100,1747019700,Very Low,8.73485,12.418793,Very Low,12.118323,56.3,12.028571,100,1747019700,11.3714285
2025-05-12T03:23:08Z,236,29.857,70.9,61,59.6,2,1,40,85,0.0,255,32767,0.0,2127-15-31,0.0,0.16,26.24,0.0,0.0,0.0,0,4.828125,3,187,05:49,20:11,2025-05-12 03:23:07.922587,Città della Scienza,77.2,12.864232,13.17684,10.918563,8.963189,EU EEA Common AQI,63.6,11.203987,11.8812,7200,9.742857,100,100,58.7,9.097142,Very Low,63.5,11.601886,100,1747019700,Very Low,8.73485,12.418793,Very Low,12.118323,56.3,12.028571,100,1747019700,11.3714285
2025-05-12T03:23:19Z,236,29.857,70.9,61,59.7,2,1,40,85,0.0,255,32767,0.0,2127-15-31,0.0,0.16,26.24,0.0,0.0,0.0,0,4.828125,3,187,05:49,20:11,2025-05-12 03:23:19.001605,Città della Scienza,77.2,12.864232,13.17684,10.918563,8.963189,EU EEA Common AQI,63.6,11.203987,11.8812,7200,9.742857,100,100,58.7,9.097142,Very Low,63.5,11.601886,100,1747019700,Very Low,8.73485,12.418793,Very Low,12.118323,56.3,12.028571,100,1747019700,11.3714285
2025-05-12T03:23:30Z,236,29.857,70.9,61,59.6,2,1,40,85,0.0,255,32767,0.0,2127-15-31,0.0,0.16,26.24,0.0,0.0,0.0,0,4.828125,3,187,05:49,20:11,2025-05-12 03:23:30.104594,Città della Scienza,77.2,12.864232,13.17684,10.918563,8.963189,EU EEA Common AQI,63.6,11.203987,11.8812,7200,9.742857,100,100,58.7,9.097142,Very Low,63.5,11.601886,100,1747019700,Very Low,8.73485,12.418793,Very Low,12.118323,56.3,12.028571,100,1747019700,11.3714285
2025-05-12T03:23:41Z,236,29.856,70.9,61,59.6,2,1,40,85,0.0,255,32767,0.0,2127-15-31,0.0,0.16,26.24,0.0,0.0,0.0,0,4.828125,3,187,05:49,20:11,2025-05-12 03:23:41.160596,Città della Scienza,77.2,12.864232,13.17684,10.918563,8.963189,EU EEA Common AQI,63.6,11.203987,11.8812,7200,9.742857,100,100,58.7,9.097142,Very Low,63.5,11.601886,100,1747019700,Very Low,8.73485,12.418793,Very Low,12.118323,56.3,12.028571,100,1747019700,11.3714285
2025-05-12T03:23:52Z,236,29.856,70.9,61,59.6,2,1,40,85,0.0,255,32767,0.0,2127-15-31,0.0,0.16,26.24,0.0,0.0,0.0,0,4.828125,3,187,05:49,20:11,2025-05-12 03:23:52.242597,Città della Scienza,77.2,12.864232,13.17684,10.918563,8.963189,EU EEA Common AQI,63.6,11.203987,11.8812,7200,9.742857,100,100,58.7,9.097142,Very Low,63.5,11.601886,100,1747019700,Very Low,8.73485,12.418793,Very Low,12.118323,56.3,12.028571,100,1747019700,11.3714285
2025-05-12T03:24:03Z,236,29.856,70.9,61,59.6,2,1,40,85,0.0,255,32767,0.0,2127-15-31,0.0,0.16,26.24,0.0,0.0,0.0,0,4.828125,3,187,05:49,20:11,2025-05-12 03:24:03.339605,Città della Scienza,77.2,12.864232,13.17684,10.918563,8.963189,EU EEA Common AQI,63.6,11.203987,11.8812,7200,9.742857,100,100,58.7,9.097142,Very Low,63.5,11.601886,100,1747019700,Very Low,8.73485,12.418793,Very Low,12.118323,56.3,12.028571,100,1747019700,11.3714285
2025-05-12T03:24:14Z,236,29.856,70.9,61,59.7,2,1,40,85,0.0,255,32767,0.0,2127-15-31,0.0,0.16,26.24,0.0,0.0,0.0,0,4.828125,3,187,05:49,20:11,2025-05-12 03:24:14.433600,Città della Scienza,77.2,12.864232,13.17684,10.918563,8.963189,EU EEA Common AQI,63.6,11.203987,11.8812,7200,9.742857,100,100,58.7,9.097142,Very Low,63.5,11.601886,100,1747019700,Very Low,8.73485,12.418793,Very Low,12.118323,56.3,12.028571,100,1747019700,11.3714285
2025-05-12T03:24:25Z,236,29.856,70.9,61,59.6,1,1,40,85,0.0,255,32767,0.0,2127-15-31,0.0,0.16,26.24,0.0,0.0,0.0,0,4.828125,3,187,05:49,20:11,2025-05-12 03:24:25.557598,Città della Scienza,77.2,12.864232,13.17684,10.918563,8.963189,EU EEA Common AQI,63.6,11.203987,11.8812,7200,9.742857,100,100,58.7,9.097142,Very Low,63.5,11.601886,100,1747019700,Very Low,8.73485,12.418793,Very Low,12.118323,56.3,12.028571,100,1747019700,11.3714285
2025-05-12T03:24:36Z,236,29.855,70.9,61,59.7,1,1,40,85,0.0,255,32767,0.0,2127-15-31,0.0,0.16,26.24,0.0,0.0,0.0,0,4.828125,3,187,05:49,20:11,2025-05-12 03:24:36.672596,Città della Scienza,77.2,12.864232,13.17684,10.918563,8.963189,EU EEA Common AQI,63.6,11.203987,11.8812,7200,9.742857,100,100,58.7,9.097142,Very Low,63.5,11.601886,100,1747019700,Very Low,8.73485,12.418793,Very Low,12.118323,56.3,12.028571,100,1747019700,11.3714285
2025-05-12T03:24:47Z,236,29.855,70.9,61,59.7,2,1,40,85,0.0,255,32767,0.0,2127-15-31,0.0,0.16,26.24,0.0,0.0,0.0,0,4.828125,3,187,05:49,20:11,2025-05-12 03:24:47.756595,Città della Scienza,77.2,12.864232,13.17684,10.918563,8.963189,EU EEA Common AQI,63.6,11.203987,11.8812,7200,9.742857,100,100,58.7,9.097142,Very Low,63.5,11.601886,100,1747019700,Very Low,8.73485,12.418793,Very Low,12.118323,56.3,12.028571,100,1747019700,11.3714285
2025-05-12T03:24:59Z,236,29.855,70.9,61,59.7,1,1,40,85,0.0,255,32767,0.0,2127-15-31,0.0,0.16,26.24,0.0,0.0,0.0,0,4.828125,3,187,05:49,20:11,2025-05-12 03:24:58.847592,Città della Scienza,77.2,12.864232,13.17684,10.918563,8.963189,EU EEA Common AQI,63.6,11.203987,11.8812,7200,9.742857,100,100,58.7,9.097142,Very Low,63.5,11.601886,100,1747019700,Very Low,8.73485,12.418793,Very Low,12.118323,56.3,12.028571,100,1747019700,11.3714285
2025-05-12T03:25:10Z,236,29.855,70.9,61,59.7,1,1,40,85,0.0,255,32767,0.0,2127-15-31,0.0,0.16,26.24,0.0,0.0,0.0,0,4.828125,3,187,05:49,20:11,2025-05-12 03:25:09.926596,Città della Scienza,77.2,12.864232,13.17684,10.918563,8.963189,EU EEA Common AQI,63.6,11.203987,11.8812,7200,9.742857,100,100,58.7,9.097142,Very Low,63.5,11.601886,100,1747019700,Very Low,8.73485,12.418793,Very Low,12.118323,56.3,12.028571,100,1747019700,11.3714285
2025-05-12T03:25:21Z,236,29.855,70.9,61,59.7,1,1,40,85,0.0,255,32767,0.0,2127-15-31,0.0,0.16,26.24,0.0,0.0,0.0,0,4.828125,3,187,05:49,20:11,2025-05-12 03:25:20.986591,Città della Scienza,77.2,12.864232,13.17684,10.918563,8.963189,EU EEA Common AQI,63.6,11.203987,11.8812,7200,9.742857,100,100,58.7,9.097142,Very Low,63.5,11.601886,100,1747019700,Very Low,8.73485,12.418793,Very Low,12.118323,56.3,12.028571,100,1747019700,11.3714285
2025-05-12T03:25:32Z,236,29.855,70.9,61,59.7,2,1,40,86,0.0,255,32767,0.0,2127-15-31,0.0,0.16,26.24,0.0,0.0,0.0,0,4.828125,3,187,05:49,20:11,2025-05-12 03:25:32.086593,Città della Scienza,77.2,12.864232,13.17684,10.918563,8.963189,EU EEA Common AQI,63.6,11.203987,11.8812,7200,9.742857,100,100,58.7,9.097142,Very Low,63.5,11.601886,100,1747019700,Very Low,8.73485,12.418793,Very Low,12.118323,56.3,12.028571,100,1747019700,11.3714285
2025-05-12T03:25:43Z,236,29.855,70.9,61,59.7,1,1,40,86,0.0,255,32767,0.0,2127-15-31,0.0,0.16,26.24,0.0,0.0,0.0,0,4.828125,3,187,05:49,20:11,2025-05-12 03:25:43.188589,Città della Scienza,77.2,12.864232,13.17684,10.918563,8.963189,EU EEA Common AQI,63.6,11.203987,11.8812,7200,9.742857,100,100,58.7,9.097142,Very Low,63.5,11.601886,100,1747019700,Very Low,8.73485,12.418793,Very Low,12.118323,56.3,12.028571,100,1747019700,11.3714285
2025-05-12T03:25:54Z,236,29.855,70.9,61,59.7,2,1,40,86,0.0,255,32767,0.0,2127-15-31,0.0,0.16,26.24,0.0,0.0,0.0,0,4.828125,3,187,05:49,20:11,2025-05-12 03:25:54.249593,Città della Scienza,77.2,12.864232,13.17684,10.918563,8.963189,EU EEA Common AQI,63.6,11.203987,11.8812,7200,9.742857,100,100,58.7,9.097142,Very Low,63.5,11.601886,100,1747019700,Very Low,8.73485,12.418793,Very Low,12.118323,56.3,12.028571,100,1747019700,11.3714285
2025-05-12T03:26:05Z,236,29.855,70.9,61,59.7,1,1,40,86,0.0,255,32767,0.0,2127-15-31,0.0,0.16,26.24,0.0,0.0,0.0,0,4.828125,3,187,05:49,20:11,2025-05-12 03:26:05.350594,Città della Scienza,77.2,12.864232,13.17684,10.918563,8.963189,EU EEA Common AQI,63.6,11.203987,11.8812,7200,9.742857,100,100,58.7,9.097142,Very Low,63.5,11.601886,100,1747019700,Very Low,8.73485,12.418793,Very Low,12.118323,56.3,12.028571,100,1747019700,11.3714285
2025-05-12T03:26:16Z,236,29.855,70.9,61,59.7,1,1,40,86,0.0,255,32767,0.0,2127-15-31,0.0,0.16,26.24,0.0,0.0,0.0,0,4.828125,3,187,05:49,20:11,2025-05-12 03:26:16.449561,Città della Scienza,77.2,12.864232,13.17684,10.918563,8.963189,EU EEA Common AQI,63.6,11.203987,11.8812,7200,9.742857,100,100,58.7,9.097142,Very Low,63.5,11.601886,100,1747019700,Very Low,8.73485,12.418793,Very Low,12.118323,56.3,12.028571,100,1747019700,11.3714285
2025-05-12T03:26:27Z,236,29.855,70.9,61,59.8,1,1,40,86,0.0,255,32767,0.0,2127-15-31,0.0,0.16,26.24,0.0,0.0,0.0,0,4.828125,3,187,05:49,20:11,2025-05-12 03:26:27.521591,Città della Scienza,77.2,12.864232,13.17684,10.918563,8.963189,EU EEA Common AQI,63.6,11.203987,11.8812,7200,9.742857,100,100,58.7,9.097142,Very Low,63.5,11.601886,100,1747019700,Very Low,8.73485,12.418793,Very Low,12.118323,56.3,12.028571,100,1747019700,11.3714285
2025-05-12T03:26:38Z,236,29.857,70.9,61,59.7,2,1,41,86,0.0,255,32767,0.0,2127-15-31,0.0,0.16,26.24,0.0,0.0,0.0,0,4.828125,3,187,05:49,20:11,2025-05-12 03:26:38.620557,Città della Scienza,77.2,12.864232,13.17684,10.918563,8.963189,EU EEA Common AQI,63.6,11.203987,11.8812,7200,9.742857,100,100,58.7,9.097142,Very Low,63.5,11.601886,100,1747019700,Very Low,8.73485,12.418793,Very Low,12.118323,56.3,12.028571,100,1747019700,11.3714285
2025-05-12T03:26:49Z,236,29.857,70.9,61,59.7,2,1,42,86,0.0,255,32767,0.0,2127-15-31,0.0,0.16,26.24,0.0,0.0,0.0,0,4.828125,3,187,05:49,20:11,2025-05-12 03:26:49.694554,Città della Scienza,77.2,12.864232,13.17684,10.918563,8.963189,EU EEA Common AQI,63.6,11.203987,11.8812,7200,9.742857,100,100,58.7,9.097142,Very Low,63.5,11.601886,100,1747019700,Very Low,8.73485,12.418793,Very Low,12.118323,56.3,12.028571,100,1747019700,11.3714285
2025-05-12T03:27:00Z,236,29.857,70.9,61,59.7,1,1,19,86,0.0,255,32767,0.0,2127-15-31,0.0,0.16,26.24,0.0,0.0,0.0,0,4.828125,3,187,05:49,20:11,2025-05-12 03:27:00.767591,Città della Scienza,77.2,12.864232,13.17684,10.918563,8.963189,EU EEA Common AQI,63.6,11.203987,11.8812,7200,9.742857,100,100,58.7,9.097142,Very Low,63.5,11.601886,100,1747019700,Very Low,8.73485,12.418793,Very Low,12.118323,56.3,12.028571,100,1747019700,11.3714285
2025-05-12T03:27:12Z,236,29.857,70.9,61,59.7,0,1,14,86,0.0,255,32767,0.0,2127-15-31,0.0,0.16,26.24,0.0,0.0,0.0,0,4.828125,3,187,05:49,20:11,2025-05-12 03:27:11.890591,Città della Scienza,77.2,12.864232,13.17684,10.918563,8.963189,EU EEA Common AQI,63.6,11.203987,11.8812,7200,9.742857,100,100,58.7,9.097142,Very Low,63.5,11.601886,100,1747019700,Very Low,8.73485,12.418793,Very Low,12.118323,56.3,12.028571,100,1747019700,11.3714285
2025-05-12T03:27:23Z,236,29.857,70.9,61,59.7,2,1,17,86,0.0,255,32767,0.0,2127-15-31,0.0,0.16,26.24,0.0,0.0,0.0,0,4.828125,3,187,05:49,20:11,2025-05-12 03:27:22.978594,Città della Scienza,77.2,12.864232,13.17684,10.918563,8.963189,EU EEA Common AQI,63.6,11.203987,11.8812,7200,9.742857,100,100,58.7,9.097142,Very Low,63.5,11.601886,100,1747019700,Very Low,8.73485,12.418793,Very Low,12.118323,56.3,12.028571,100,1747019700,11.3714285
2025-05-12T03:27:34Z,236,29.854,70.8,61,59.7,2,1,360,86,0.0,255,32767,0.0,2127-15-31,0.0,0.16,26.24,0.0,0.0,0.0,0,4.828125,3,187,05:49,20:11,2025-05-12 03:27:34.031597,Città della Scienza,77.2,12.864232,13.17684,10.918563,8.963189,EU EEA Common AQI,63.6,11.203987,11.8812,7200,9.742857,100,100,58.7,9.097142,Very Low,63.5,11.601886,100,1747019700,Very Low,8.73485,12.418793,Very Low,12.118323,56.3,12.028571,100,1747019700,11.3714285
2025-05-12T03:27:45Z,236,29.854,70.8,61,59.7,2,1,22,86,0.0,255,32767,0.0,2127-15-31,0.0,0.16,26.24,0.0,0.0,0.0,0,4.828125,3,187,05:49,20:11,2025-05-12 03:27:45.149588,Città della Scienza,77.2,12.864232,13.17684,10.918563,8.963189,EU EEA Common AQI,63.6,11.203987,11.8812,7200,9.742857,100,100,58.7,9.097142,Very Low,63.5,11.601886,100,1747019700,Very Low,8.73485,12.418793,Very Low,12.118323,56.3,12.028571,100,1747019700,11.3714285
2025-05-12T03:27:56Z,236,29.854,70.8,61,59.7,1,1,26,86,0.0,255,32767,0.0,2127-15-31,0.0,0.16,26.24,0.0,0.0,0.0,0,4.828125,3,187,05:49,20:11,2025-05-12 03:27:56.221593,Città della Scienza,77.2,12.864232,13.17684,10.918563,8.963189,EU EEA Common AQI,63.6,11.203987,11.8812,7200,9.742857,100,100,58.7,9.097142,Very Low,63.5,11.601886,100,1747019700,Very Low,8.73485,12.418793,Very Low,12.118323,56.3,12.028571,100,1747019700,11.3714285
2025-05-12T03:28:07Z,236,29.854,70.8,61,59.7,2,1,29,86,0.0,255,32767,0.0,2127-15-31,0.0,0.16,26.24,0.0,0.0,0.0,0,4.828125,3,187,05:49,20:11,2025-05-12 03:28:07.282593,Città della Scienza,77.2,12.864232,13.17684,10.918563,8.963189,EU EEA Common AQI,63.6,11.203987,11.8812,7200,9.742857,100,100,58.7,9.097142,Very Low,63.5,11.601886,100,1747019700,Very Low,8.73485,12.418793,Very Low,12.118323,56.3,12.028571,100,1747019700,11.3714285
2025-05-12T03:28:18Z,236,29.854,70.8,61,59.7,2,1,29,86,0.0,255,32767,0.0,2127-15-31,0.0,0.16,26.24,0.0,0.0,0.0,0,4.828125,3,187,05:49,20:11,2025-05-12 03:28:18.346594,Città della Scienza,77.2,12.864232,13.17684,10.918563,8.963189,EU EEA Common AQI,63.6,11.203987,11.8812,7200,9.742857,100,100,58.7,9.097142,Very Low,63.5,11.601886,100,1747019700,Very Low,8.73485,12.418793,Very Low,12.118323,56.3,12.028571,100,1747019700,11.3714285
2025-05-12T03:28:29Z,236,29.854,70.8,61,59.7,2,1,31,86,0.0,255,32767,0.0,2127-15-31,0.0,0.16,26.24,0.0,0.0,0.0,0,4.828125,3,187,05:49,20:11,2025-05-12 03:28:29.411590,Città della Scienza,77.2,12.864232,13.17684,10.918563,8.963189,EU EEA Common AQI,63.6,11.203987,11.8812,7200,9.742857,100,100,58.7,9.097142,Very Low,63.5,11.601886,100,1747019700,Very Low,8.73485,12.418793,Very Low,12.118323,56.3,12.028571,100,1747019700,11.3714285
2025-05-12T03:28:40Z,236,29.855,70.8,61,59.6,2,1,32,86,0.0,255,32767,0.0,2127-15-31,0.0,0.16,26.24,0.0,0.0,0.0,0,4.828125,3,187,05:49,20:11,2025-05-12 03:28:40.525592,Città della Scienza,77.2,12.864232,13.17684,10.918563,8.963189,EU EEA Common AQI,63.6,11.203987,11.8812,7200,9.742857,100,100,58.7,9.097142,Very Low,63.5,11.601886,100,1747019700,Very Low,8.73485,12.418793,Very Low,12.118323,56.3,12.028571,100,1747019700,11.3714285
2025-05-12T03:28:51Z,236,29.855,70.8,61,59.6,3,1,32,86,0.0,255,32767,0.0,2127-15-31,0.0,0.16,26.24,0.0,0.0,0.0,0,4.828125,3,187,05:49,20:11,2025-05-12 03:28:51.617601,Città della Scienza,77.2,12.864232,13.17684,10.918563,8.963189,EU EEA Common AQI,63.6,11.203987,11.8812,7200,9.742857,100,100,58.7,9.097142,Very Low,63.5,11.601886,100,1747019700,Very Low,8.73485,12.418793,Very Low,12.118323,56.3,12.028571,100,1747019700,11.3714285
2025-05-12T03:29:02Z,236,29.855,70.8,61,59.6,2,1,32,86,0.0,255,32767,0.0,2127-15-31,0.0,0.16,26.24,0.0,0.0,0.0,0,4.828125,3,187,05:49,20:11,2025-05-12 03:29:02.698594,Città della Scienza,77.2,12.864232,13.17684,10.918563,8.963189,EU EEA Common AQI,63.6,11.203987,11.8812,7200,9.742857,100,100,58.7,9.097142,Very Low,63.5,11.601886,100,1747019700,Very Low,8.73485,12.418793,Very Low,12.118323,56.3,12.028571,100,1747019700,11.3714285
2025-05-12T03:29:14Z,236,29.855,70.8,61,59.6,2,1,32,86,0.0,255,32767,0.0,2127-15-31,0.0,0.16,26.24,0.0,0.0,0.0,0,4.828125,3,187,05:49,20:11,2025-05-12 03:29:13.863595,Città della Scienza,77.2,12.864232,13.17684,10.918563,8.963189,EU EEA Common AQI,63.6,11.203987,11.8812,7200,9.742857,100,100,58.7,9.097142,Very Low,63.5,11.601886,100,1747019700,Very Low,8.73485,12.418793,Very Low,12.118323,56.3,12.028571,100,1747019700,11.3714285
2025-05-12T03:29:25Z,236,29.855,70.8,61,59.6,2,1,32,86,0.0,255,32767,0.0,2127-15-31,0.0,0.16,26.24,0.0,0.0,0.0,0,4.828125,3,187,05:49,20:11,2025-05-12 03:29:24.914596,Città della Scienza,77.2,12.864232,13.17684,10.918563,8.963189,EU EEA Common AQI,63.6,11.203987,11.8812,7200,9.742857,100,100,58.7,9.097142,Very Low,63.5,11.601886,100,1747019700,Very Low,8.73485,12.418793,Very Low,12.118323,56.3,12.028571,100,1747019700,11.3714285
2025-05-12T03:29:36Z,236,29.855,70.9,61,59.6,3,2,32,86,0.0,255,32767,0.0,2127-15-31,0.0,0.16,26.24,0.0,0.0,0.0,0,4.828125,3,187,05:49,20:11,2025-05-12 03:29:35.997590,Città della Scienza,77.2,12.864232,13.17684,10.918563,8.963189,EU EEA Common AQI,63.6,11.203987,11.8812,7200,9.742857,100,100,58.7,9.097142,Very Low,63.5,11.601886,100,1747019700,Very Low,8.73485,12.418793,Very Low,12.118323,56.3,12.028571,100,1747019700,11.3714285
2025-05-12T03:29:47Z,236,29.855,70.9,61,59.6,3,2,32,86,0.0,255,32767,0.0,2127-15-31,0.0,0.16,26.24,0.0,0.0,0.0,0,4.828125,3,187,05:49,20:11,2025-05-12 03:29:47.057596,Città della Scienza,77.2,12.864232,13.17684,10.918563,8.963189,EU EEA Common AQI,63.6,11.203987,11.8812,7200,9.742857,100,100,58.7,9.097142,Very Low,63.5,11.601886,100,1747019700,Very Low,8.73485,12.418793,Very Low,12.118323,56.3,12.028571,100,1747019700,11.3714285
2025-05-12T03:29:58Z,236,29.855,70.9,61,59.6,3,2,32,86,0.0,255,32767,0.0,2127-15-31,0.0,0.16,26.24,0.0,0.0,0.0,0,4.828125,3,187,05:49,20:11,2025-05-12 03:29:58.164604,Città della Scienza,77.2,12.864232,13.17684,10.918563,8.963189,EU EEA Common AQI,63.6,11.203987,11.8812,7200,9.742857,100,100,58.7,9.097142,Very Low,63.5,11.601886,100,1747019700,Very Low,8.73485,12.418793,Very Low,12.118323,56.3,12.028571,100,1747019700,11.3714285
2025-05-12T03:30:09Z,236,29.855,70.9,61,59.6,2,2,32,86,0.0,255,32767,0.0,2127-15-31,0.0,0.16,26.24,0.0,0.0,0.0,0,4.828125,3,187,05:49,20:11,2025-05-12 03:30:09.236591,Città della Scienza,77.2,12.864232,13.17684,10.918563,8.963189,EU EEA Common AQI,63.6,11.203987,11.8812,7200,9.742857,100,100,58.7,9.097142,Very Low,63.5,11.601886,100,1747019700,Very Low,8.73485,12.418793,Very Low,12.118323,56.3,12.028571,100,1747019700,11.3714285
2025-05-12T03:30:20Z,236,29.855,70.9,61,59.7,1,2,32,86,0.0,255,32767,0.0,2127-15-31,0.0,0.16,26.24,0.0,0.0,0.0,0,4.828125,3,187,05:49,20:11,2025-05-12 03:30:20.312593,Città della Scienza,77.2,12.864232,13.17684,10.918563,8.963189,EU EEA Common AQI,63.6,11.203987,11.8812,7200,9.742857,100,100,58.7,9.097142,Very Low,63.5,11.601886,100,1747019700,Very Low,8.73485,12.418793,Very Low,12.118323,56.3,12.028571,100,1747019700,11.3714285
2025-05-12T03:30:31Z,236,29.855,70.9,61,59.7,1,2,32,86,0.0,255,32767,0.0,2127-15-31,0.0,0.16,26.24,0.0,0.0,0.0,0,4.828125,3,187,05:49,20:11,2025-05-12 03:30:31.480586,Città della Scienza,77.9,12.825607,13.12699,11.192861,9.034582,EU EEA Common AQI,63.2,11.293228,11.833776,7200,10.642858,100,100,58.5,9.382857,Very Low,63.1,11.5886345,100,1747020600,Very Low,8.954288,12.523156,Very Low,12.470772,56.1,13.457143,100,1747020600,11.728572
2025-05-12T03:30:42Z,236,29.855,70.8,61,59.6,0,2,32,86,0.0,255,32767,0.0,2127-15-31,0.0,0.16,26.24,0.0,0.0,0.0,0,4.828125,3,187,05:49,20:11,2025-05-12 03:30:42.532605,Città della Scienza,77.9,12.825607,13.12699,11.192861,9.034582,EU EEA Common AQI,63.2,11.293228,11.833776,7200,10.642858,100,100,58.5,9.382857,Very Low,63.1,11.5886345,100,1747020600,Very Low,8.954288,12.523156,Very Low,12.470772,56.1,13.457143,100,1747020600,11.728572
2025-05-12T03:30:53Z,236,29.855,70.8,61,59.6,2,2,32,86,0.0,255,32767,0.0,2127-15-31,0.0,0.16,26.24,0.0,0.0,0.0,0,4.828125,3,187,05:49,20:11,2025-05-12 03:30:53.629586,Città della Scienza,77.9,12.825607,13.12699,11.192861,9.034582,EU EEA Common AQI,63.2,11.293228,11.833776,7200,10.642858,100,100,58.5,9.382857,Very Low,63.1,11.5886345,100,1747020600,Very Low,8.954288,12.523156,Very Low,12.470772,56.1,13.457143,100,1747020600,11.728572
2025-05-12T03:31:04Z,236,29.855,70.8,61,59.6,1,2,32,86,0.0,255,32767,0.0,2127-15-31,0.0,0.16,26.24,0.0,0.0,0.0,0,4.828125,3,187,05:49,20:11,2025-05-12 03:31:04.695558,Città della Scienza,77.9,12.825607,13.12699,11.192861,9.034582,EU EEA Common AQI,63.2,11.293228,11.833776,7200,10.642858,100,100,58.5,9.382857,Very Low,63.1,11.5886345,100,1747020600,Very Low,8.954288,12.523156,Very Low,12.470772,56.1,13.457143,100,1747020600,11.728572
2025-05-12T03:31:15Z,236,29.855,70.8,61,59.5,1,2,32,86,0.0,255,32767,0.0,2127-15-31,0.0,0.16,26.24,0.0,0.0,0.0,0,4.828125,3,187,05:49,20:11,2025-05-12 03:31:15.732588,Città della Scienza,77.9,12.825607,13.12699,11.192861,9.034582,EU EEA Common AQI,63.2,11.293228,11.833776,7200,10.642858,100,100,58.5,9.382857,Very Low,63.1,11.5886345,100,1747020600,Very Low,8.954288,12.523156,Very Low,12.470772,56.1,13.457143,100,1747020600,11.728572
2025-05-12T03:31:27Z,236,29.855,70.8,61,59.5,1,2,32,86,0.0,255,32767,0.0,2127-15-31,0.0,0.16,26.24,0.0,0.0,0.0,0,4.828125,3,187,05:49,20:11,2025-05-12 03:31:26.819588,Città della Scienza,77.9,12.825607,13.12699,11.192861,9.034582,EU EEA Common AQI,63.2,11.293228,11.833776,7200,10.642858,100,100,58.5,9.382857,Very Low,63.1,11.5886345,100,1747020600,Very Low,8.954288,12.523156,Very Low,12.470772,56.1,13.457143,100,1747020600,11.728572
2025-05-12T03:31:38Z,236,29.852,70.8,62,59.5,0,2,32,86,0.0,255,32767,0.0,2127-15-31,0.0,0.16,26.24,0.0,0.0,0.0,0,4.828125,3,187,05:49,20:11,2025-05-12 03:31:37.895593,Città della Scienza,77.9,12.825607,13.12699,11.192861,9.034582,EU EEA Common AQI,63.2,11.293228,11.833776,7200,10.642858,100,100,58.5,9.382857,Very Low,63.1,11.5886345,100,1747020600,Very Low,8.954288,12.523156,Very Low,12.470772,56.1,13.457143,100,1747020600,11.728572
2025-05-12T03:31:49Z,236,29.852,70.8,62,59.5,1,2,32,86,0.0,255,32767,0.0,2127-15-31,0.0,0.16,26.24,0.0,0.0,0.0,0,4.828125,3,187,05:49,20:11,2025-05-12 03:31:48.984596,Città della Scienza,77.9,12.825607,13.12699,11.192861,9.034582,EU EEA Common AQI,63.2,11.293228,11.833776,7200,10.642858,100,100,58.5,9.382857,Very Low,63.1,11.5886345,100,1747020600,Very Low,8.954288,12.523156,Very Low,12.470772,56.1,13.457143,100,1747020600,11.728572
2025-05-12T03:32:00Z,236,29.852,70.8,62,59.5,1,2,32,86,0.0,255,32767,0.0,2127-15-31,0.0,0.16,26.24,0.0,0.0,0.0,0,4.828125,3,187,05:49,20:11,2025-05-12 03:32:00.061592,Città della Scienza,77.9,12.825607,13.12699,11.192861,9.034582,EU EEA Common AQI,63.2,11.293228,11.833776,7200,10.642858,100,100,58.5,9.382857,Very Low,63.1,11.5886345,100,1747020600,Very Low,8.954288,12.523156,Very Low,12.470772,56.1,13.457143,100,1747020600,11.728572
2025-05-12T03:32:11Z,236,29.852,70.8,62,59.5,0,2,32,86,0.0,255,32767,0.0,2127-15-31,0.0,0.16,26.24,0.0,0.0,0.0,0,4.828125,3,187,05:49,20:11,2025-05-12 03:32:11.143554,Città della Scienza,77.9,12.825607,13.12699,11.192861,9.034582,EU EEA Common AQI,63.2,11.293228,11.833776,7200,10.642858,100,100,58.5,9.382857,Very Low,63.1,11.5886345,100,1747020600,Very Low,8.954288,12.523156,Very Low,12.470772,56.1,13.457143,100,1747020600,11.728572
2025-05-12T03:32:22Z,236,29.852,70.8,62,59.4,0,2,32,86,0.0,255,32767,0.0,2127-15-31,0.0,0.16,26.24,0.0,0.0,0.0,0,4.828125,3,187,05:49,20:11,2025-05-12 03:32:22.246601,Città della Scienza,77.9,12.825607,13.12699,11.192861,9.034582,EU EEA Common AQI,63.2,11.293228,11.833776,7200,10.642858,100,100,58.5,9.382857,Very Low,63.1,11.5886345,100,1747020600,Very Low,8.954288,12.523156,Very Low,12.470772,56.1,13.457143,100,1747020600,11.728572
2025-05-12T03:32:33Z,236,29.854,70.8,61,59.4,1,1,32,86,0.0,255,32767,0.0,2127-15-31,0.0,0.16,26.24,0.0,0.0,0.0,0,4.828125,3,187,05:49,20:11,2025-05-12 03:32:33.348592,Città della Scienza,77.9,12.825607,13.12699,11.192861,9.034582,EU EEA Common AQI,63.2,11.293228,11.833776,7200,10.642858,100,100,58.5,9.382857,Very Low,63.1,11.5886345,100,1747020600,Very Low,8.954288,12.523156,Very Low,12.470772,56.1,13.457143,100,1747020600,11.728572
2025-05-12T03:32:44Z,236,29.854,70.8,61,59.4,0,1,32,86,0.0,255,32767,0.0,2127-15-31,0.0,0.16,26.24,0.0,0.0,0.0,0,4.828125,3,187,05:49,20:11,2025-05-12 03:32:44.402592,Città della Scienza,77.9,12.825607,13.12699,11.192861,9.034582,EU EEA Common AQI,63.2,11.293228,11.833776,7200,10.642858,100,100,58.5,9.382857,Very Low,63.1,11.5886345,100,1747020600,Very Low,8.954288,12.523156,Very Low,12.470772,56.1,13.457143,100,1747020600,11.728572
2025-05-12T03:32:55Z,236,29.854,70.8,61,59.4,0,1,32,86,0.0,255,32767,0.0,2127-15-31,0.0,0.16,26.24,0.0,0.0,0.0,0,4.828125,3,187,05:49,20:11,2025-05-12 03:32:55.487592,Città della Scienza,77.9,12.825607,13.12699,11.192861,9.034582,EU EEA Common AQI,63.2,11.293228,11.833776,7200,10.642858,100,100,58.5,9.382857,Very Low,63.1,11.5886345,100,1747020600,Very Low,8.954288,12.523156,Very Low,12.470772,56.1,13.457143,100,1747020600,11.728572
2025-05-12T03:33:06Z,236,29.854,70.8,61,59.5,0,1,32,86,0.0,255,32767,0.0,2127-15-31,0.0,0.16,26.24,0.0,0.0,0.0,0,4.828125,3,187,05:49,20:11,2025-05-12 03:33:06.662585,Città della Scienza,77.9,12.825607,13.12699,11.192861,9.034582,EU EEA Common AQI,63.2,11.293228,11.833776,7200,10.642858,100,100,58.5,9.382857,Very Low,63.1,11.5886345,100,1747020600,Very Low,8.954288,12.523156,Very Low,12.470772,56.1,13.457143,100,1747020600,11.728572
2025-05-12T03:33:17Z,236,29.854,70.8,61,59.5,1,1,32,86,0.0,255,32767,0.0,2127-15-31,0.0,0.16,26.24,0.0,0.0,0.0,0,4.828125,3,187,05:49,20:11,2025-05-12 03:33:17.730591,Città della Scienza,77.9,12.825607,13.12699,11.192861,9.034582,EU EEA Common AQI,63.2,11.293228,11.833776,7200,10.642858,100,100,58.5,9.382857,Very Low,63.1,11.5886345,100,1747020600,Very Low,8.954288,12.523156,Very Low,12.470772,56.1,13.457143,100,1747020600,11.728572
2025-05-12T03:33:29Z,236,29.854,70.8,61,59.4,1,1,32,86,0.0,255,32767,0.0,2127-15-31,0.0,0.16,26.24,0.0,0.0,0.0,0,4.828125,3,187,05:49,20:11,2025-05-12 03:33:28.829563,Città della Scienza,77.9,12.825607,13.12699,11.192861,9.034582,EU EEA Common AQI,63.2,11.293228,11.833776,7200,10.642858,100,100,58.5,9.382857,Very Low,63.1,11.5886345,100,1747020600,Very Low,8.954288,12.523156,Very Low,12.470772,56.1,13.457143,100,1747020600,11.728572
2025-05-12T03:33:40Z,236,29.855,70.8,62,59.4,1,1,32,86,0.0,255,32767,0.0,2127-15-31,0.0,0.16,26.24,0.0,0.0,0.0,0,4.828125,3,187,05:49,20:11,2025-05-12 03:33:39.879597,Città della Scienza,77.9,12.825607,13.12699,11.192861,9.034582,EU EEA Common AQI,63.2,11.293228,11.833776,7200,10.642858,100,100,58.5,9.382857,Very Low,63.1,11.5886345,100,1747020600,Very Low,8.954288,12.523156,Very Low,12.470772,56.1,13.457143,100,1747020600,11.728572
2025-05-12T03:33:51Z,236,29.855,70.8,62,59.4,0,1,32,86,0.0,255,32767,0.0,2127-15-31,0.0,0.16,26.24,0.0,0.0,0.0,0,4.828125,3,187,05:49,20:11,2025-05-12 03:33:50.992593,Città della Scienza,77.9,12.825607,13.12699,11.192861,9.034582,EU EEA Common AQI,63.2,11.293228,11.833776,7200,10.642858,100,100,58.5,9.382857,Very Low,63.1,11.5886345,100,1747020600,Very Low,8.954288,12.523156,Very Low,12.470772,56.1,13.457143,100,1747020600,11.728572
2025-05-12T03:34:02Z,236,29.855,70.8,62,59.4,1,1,32,86,0.0,255,32767,0.0,2127-15-31,0.0,0.16,26.24,0.0,0.0,0.0,0,4.828125,3,187,05:49,20:11,2025-05-12 03:34:02.099586,Città della Scienza,77.9,12.825607,13.12699,11.192861,9.034582,EU EEA Common AQI,63.2,11.293228,11.833776,7200,10.642858,100,100,58.5,9.382857,Very Low,63.1,11.5886345,100,1747020600,Very Low,8.954288,12.523156,Very Low,12.470772,56.1,13.457143,100,1747020600,11.728572
2025-05-12T03:34:13Z,236,29.855,70.8,62,59.3,0,1,32,86,0.0,255,32767,0.0,2127-15-31,0.0,0.16,26.24,0.0,0.0,0.0,0,4.828125,3,187,05:49,20:11,2025-05-12 03:34:13.158595,Città della Scienza,77.9,12.825607,13.12699,11.192861,9.034582,EU EEA Common AQI,63.2,11.293228,11.833776,7200,10.642858,100,100,58.5,9.382857,Very Low,63.1,11.5886345,100,1747020600,Very Low,8.954288,12.523156,Very Low,12.470772,56.1,13.457143,100,1747020600,11.728572
2025-05-12T03:34:24Z,236,29.855,70.8,62,59.4,0,1,32,86,0.0,255,32767,0.0,2127-15-31,0.0,0.16,26.24,0.0,0.0,0.0,0,4.828125,3,187,05:49,20:11,2025-05-12 03:34:24.228591,Città della Scienza,77.9,12.825607,13.12699,11.192861,9.034582,EU EEA Common AQI,63.2,11.293228,11.833776,7200,10.642858,100,100,58.5,9.382857,Very Low,63.1,11.5886345,100,1747020600,Very Low,8.954288,12.523156,Very Low,12.470772,56.1,13.457143,100,1747020600,11.728572
2025-05-12T03:34:35Z,236,29.854,70.8,62,59.4,1,1,17,86,0.0,255,32767,0.0,2127-15-31,0.0,0.16,26.24,0.0,0.0,0.0,0,4.828125,3,187,05:49,20:11,2025-05-12 03:34:35.341592,Città della Scienza,77.9,12.825607,13.12699,11.192861,9.034582,EU EEA Common AQI,63.2,11.293228,11.833776,7200,10.642858,100,100,58.5,9.382857,Very Low,63.1,11.5886345,100,1747020600,Very Low,8.954288,12.523156,Very Low,12.470772,56.1,13.457143,100,1747020600,11.728572
2025-05-12T03:34:46Z,236,29.854,70.8,62,59.4,1,1,10,86,0.0,255,32767,0.0,2127-15-31,0.0,0.16,26.24,0.0,0.0,0.0,0,4.828125,3,187,05:49,20:11,2025-05-12 03:34:46.438587,Città della Scienza,77.9,12.825607,13.12699,11.192861,9.034582,EU EEA Common AQI,63.2,11.293228,11.833776,7200,10.642858,100,100,58.5,9.382857,Very Low,63.1,11.5886345,100,1747020600,Very Low,8.954288,12.523156,Very Low,12.470772,56.1,13.457143,100,1747020600,11.728572
2025-05-12T03:34:57Z,236,29.854,70.8,62,59.4,1,1,10,86,0.0,255,32767,0.0,2127-15-31,0.0,0.16,26.24,0.0,0.0,0.0,0,4.828125,3,187,05:49,20:11,2025-05-12 03:34:57.543591,Città della Scienza,77.9,12.825607,13.12699,11.192861,9.034582,EU EEA Common AQI,63.2,11.293228,11.833776,7200,10.642858,100,100,58.5,9.382857,Very Low,63.1,11.5886345,100,1747020600,Very Low,8.954288,12.523156,Very Low,12.470772,56.1,13.457143,100,1747020600,11.728572
2025-05-12T03:35:08Z,236,29.854,70.8,62,59.4,0,1,10,86,0.0,255,32767,0.0,2127-15-31,0.0,0.16,26.24,0.0,0.0,0.0,0,4.828125,3,187,05:49,20:11,2025-05-12 03:35:08.606584,Città della Scienza,77.9,12.825607,13.12699,11.192861,9.034582,EU EEA Common AQI,63.2,11.293228,11.833776,7200,10.642858,100,100,58.5,9.382857,Very Low,63.1,11.5886345,100,1747020600,Very Low,8.954288,12.523156,Very Low,12.470772,56.1,13.457143,100,1747020600,11.728572
2025-05-12T03:35:19Z,236,29.854,70.8,62,59.3,2,1,360,86,0.0,255,32767,0.0,2127-15-31,0.0,0.16,26.24,0.0,0.0,0.0,0,4.828125,3,187,05:49,20:11,2025-05-12 03:35:19.720585,Città della Scienza,77.9,12.825607,13.12699,11.192861,9.034582,EU EEA Common AQI,63.2,11.293228,11.833776,7200,10.642858,100,100,58.5,9.382857,Very Low,63.1,11.5886345,100,1747020600,Very Low,8.954288,12.523156,Very Low,12.470772,56.1,13.457143,100,1747020600,11.728572
2025-05-12T03:35:31Z,236,29.854,70.8,62,59.3,1,1,360,86,0.0,255,32767,0.0,2127-15-31,0.0,0.16,26.24,0.0,0.0,0.0,0,4.828125,3,187,05:49,20:11,2025-05-12 03:35:30.800596,Città della Scienza,77.9,12.825607,13.12699,11.192861,9.034582,EU EEA Common AQI,63.2,11.293228,11.833776,7200,10.642858,100,100,58.5,9.382857,Very Low,63.1,11.5886345,100,1747020600,Very Low,8.954288,12.523156,Very Low,12.470772,56.1,13.457143,100,1747020600,11.728572
2025-05-12T03:35:42Z,236,29.854,70.8,62,59.3,1,1,360,86,0.0,255,32767,0.0,2127-15-31,0.0,0.16,26.24,0.0,0.0,0.0,0,4.828125,3,187,05:49,20:11,2025-05-12 03:35:41.913596,Città della Scienza,77.9,12.825607,13.12699,11.192861,9.034582,EU EEA Common AQI,63.2,11.293228,11.833776,7200,10.642858,100,100,58.5,9.382857,Very Low,63.1,11.5886345,100,1747020600,Very Low,8.954288,12.523156,Very Low,12.470772,56.1,13.457143,100,1747020600,11.728572
2025-05-12T03:35:53Z,236,29.854,70.8,62,59.3,1,1,9,86,0.0,255,32767,0.0,2127-15-31,0.0,0.16,26.24,0.0,0.0,0.0,0,4.828125,3,187,05:49,20:11,2025-05-12 03:35:52.959602,Città della Scienza,77.9,12.825607,13.12699,11.192861,9.034582,EU EEA Common AQI,63.2,11.293228,11.833776,7200,10.642858,100,100,58.5,9.382857,Very Low,63.1,11.5886345,100,1747020600,Very Low,8.954288,12.523156,Very Low,12.470772,56.1,13.457143,100,1747020600,11.728572
2025-05-12T03:36:04Z,236,29.854,70.8,62,59.3,0,1,5,86,0.0,255,32767,0.0,2127-15-31,0.0,0.16,26.24,0.0,0.0,0.0,0,4.828125,3,187,05:49,20:11,2025-05-12 03:36:04.031592,Città della Scienza,77.9,12.825607,13.12699,11.192861,9.034582,EU EEA Common AQI,63.2,11.293228,11.833776,7200,10.642858,100,100,58.5,9.382857,Very Low,63.1,11.5886345,100,1747020600,Very Low,8.954288,12.523156,Very Low,12.470772,56.1,13.457143,100,1747020600,11.728572
2025-05-12T03:36:15Z,236,29.854,70.8,62,59.3,1,1,5,86,0.0,255,32767,0.0,2127-15-31,0.0,0.16,26.24,0.0,0.0,0.0,0,4.828125,3,187,05:49,20:11,2025-05-12 03:36:15.130586,Città della Scienza,77.9,12.825607,13.12699,11.192861,9.034582,EU EEA Common AQI,63.2,11.293228,11.833776,7200,10.642858,100,100,58.5,9.382857,Very Low,63.1,11.5886345,100,1747020600,Very Low,8.954288,12.523156,Very Low,12.470772,56.1,13.457143,100,1747020600,11.728572
2025-05-12T03:36:26Z,236,29.854,70.8,62,59.3,1,1,5,86,0.0,255,32767,0.0,2127-15-31,0.0,0.16,26.24,0.0,0.0,0.0,0,4.828125,3,187,05:49,20:11,2025-05-12 03:36:26.182593,Città della Scienza,77.9,12.825607,13.12699,11.192861,9.034582,EU EEA Common AQI,63.2,11.293228,11.833776,7200,10.642858,100,100,58.5,9.382857,Very Low,63.1,11.5886345,100,1747020600,Very Low,8.954288,12.523156,Very Low,12.470772,56.1,13.457143,100,1747020600,11.728572
2025-05-12T03:36:37Z,236,29.855,70.7,62,59.3,1,1,5,86,0.0,255,32767,0.0,2127-15-31,0.0,0.16,26.24,0.0,0.0,0.0,0,4.828125,3,187,05:49,20:11,2025-05-12 03:36:37.281583,Città della Scienza,77.9,12.825607,13.12699,11.192861,9.034582,EU EEA Common AQI,63.2,11.293228,11.833776,7200,10.642858,100,100,58.5,9.382857,Very Low,63.1,11.5886345,100,1747020600,Very Low,8.954288,12.523156,Very Low,12.470772,56.1,13.457143,100,1747020600,11.728572
2025-05-12T03:36:48Z,236,29.855,70.7,62,59.3,0,1,5,86,0.0,255,32767,0.0,2127-15-31,0.0,0.16,26.24,0.0,0.0,0.0,0,4.828125,3,187,05:49,20:11,2025-05-12 03:36:48.357331,Città della Scienza,77.9,12.825607,13.12699,11.192861,9.034582,EU EEA Common AQI,63.2,11.293228,11.833776,7200,10.642858,100,100,58.5,9.382857,Very Low,63.1,11.5886345,100,1747020600,Very Low,8.954288,12.523156,Very Low,12.470772,56.1,13.457143,100,1747020600,11.728572
2025-05-12T03:36:59Z,236,29.855,70.7,62,59.2,1,1,348,86,0.0,255,32767,0.0,2127-15-31,0.0,0.16,26.24,0.0,0.0,0.0,0,4.828125,3,187,05:49,20:11,2025-05-12 03:36:59.449593,Città della Scienza,77.9,12.825607,13.12699,11.192861,9.034582,EU EEA Common AQI,63.2,11.293228,11.833776,7200,10.642858,100,100,58.5,9.382857,Very Low,63.1,11.5886345,100,1747020600,Very Low,8.954288,12.523156,Very Low,12.470772,56.1,13.457143,100,1747020600,11.728572
2025-05-12T03:37:10Z,236,29.855,70.7,62,59.2,2,1,342,86,0.0,255,32767,0.0,2127-15-31,0.0,0.16,26.24,0.0,0.0,0.0,0,4.828125,3,187,05:49,20:11,2025-05-12 03:37:10.552595,Città della Scienza,77.9,12.825607,13.12699,11.192861,9.034582,EU EEA Common AQI,63.2,11.293228,11.833776,7200,10.642858,100,100,58.5,9.382857,Very Low,63.1,11.5886345,100,1747020600,Very Low,8.954288,12.523156,Very Low,12.470772,56.1,13.457143,100,1747020600,11.728572
2025-05-12T03:37:21Z,236,29.855,70.7,62,59.3,1,1,342,86,0.0,255,32767,0.0,2127-15-31,0.0,0.16,26.24,0.0,0.0,0.0,0,4.828125,3,187,05:49,20:11,2025-05-12 03:37:21.673559,Città della Scienza,77.9,12.825607,13.12699,11.192861,9.034582,EU EEA Common AQI,63.2,11.293228,11.833776,7200,10.642858,100,100,58.5,9.382857,Very Low,63.1,11.5886345,100,1747020600,Very Low,8.954288,12.523156,Very Low,12.470772,56.1,13.457143,100,1747020600,11.728572
2025-05-12T03:37:32Z,236,29.856,70.8,62,59.2,1,1,342,86,0.0,255,32767,0.0,2127-15-31,0.0,0.16,26.24,0.0,0.0,0.0,0,4.828125,3,187,05:49,20:11,2025-05-12 03:37:32.743589,Città della Scienza,77.9,12.825607,13.12699,11.192861,9.034582,EU EEA Common AQI,63.2,11.293228,11.833776,7200,10.642858,100,100,58.5,9.382857,Very Low,63.1,11.5886345,100,1747020600,Very Low,8.954288,12.523156,Very Low,12.470772,56.1,13.457143,100,1747020600,11.728572
2025-05-12T03:37:44Z,236,29.856,70.8,62,59.2,1,1,342,86,0.0,255,32767,0.0,2127-15-31,0.0,0.16,26.24,0.0,0.0,0.0,0,4.828125,3,187,05:49,20:11,2025-05-12 03:37:43.814595,Città della Scienza,77.9,12.825607,13.12699,11.192861,9.034582,EU EEA Common AQI,63.2,11.293228,11.833776,7200,10.642858,100,100,58.5,9.382857,Very Low,63.1,11.5886345,100,1747020600,Very Low,8.954288,12.523156,Very Low,12.470772,56.1,13.457143,100,1747020600,11.728572
2025-05-12T03:37:55Z,236,29.856,70.8,62,59.2,2,1,355,86,0.0,255,32767,0.0,2127-15-31,0.0,0.16,26.24,0.0,0.0,0.0,0,4.828125,3,187,05:49,20:11,2025-05-12 03:37:54.879603,Città della Scienza,77.9,12.825607,13.12699,11.192861,9.034582,EU EEA Common AQI,63.2,11.293228,11.833776,7200,10.642858,100,100,58.5,9.382857,Very Low,63.1,11.5886345,100,1747020600,Very Low,8.954288,12.523156,Very Low,12.470772,56.1,13.457143,100,1747020600,11.728572
2025-05-12T03:38:06Z,236,29.856,70.8,62,59.2,1,1,355,86,0.0,255,32767,0.0,2127-15-31,0.0,0.16,26.24,0.0,0.0,0.0,0,4.828125,3,187,05:49,20:11,2025-05-12 03:38:05.986587,Città della Scienza,77.9,12.825607,13.12699,11.192861,9.034582,EU EEA Common AQI,63.2,11.293228,11.833776,7200,10.642858,100,100,58.5,9.382857,Very Low,63.1,11.5886345,100,1747020600,Very Low,8.954288,12.523156,Very Low,12.470772,56.1,13.457143,100,1747020600,11.728572
2025-05-12T03:38:17Z,236,29.856,70.8,62,59.2,2,1,355,86,0.0,255,32767,0.0,2127-15-31,0.0,0.16,26.24,0.0,0.0,0.0,0,4.828125,3,187,05:49,20:11,2025-05-12 03:38:17.029593,Città della Scienza,77.9,12.825607,13.12699,11.192861,9.034582,EU EEA Common AQI,63.2,11.293228,11.833776,7200,10.642858,100,100,58.5,9.382857,Very Low,63.1,11.5886345,100,1747020600,Very Low,8.954288,12.523156,Very Low,12.470772,56.1,13.457143,100,1747020600,11.728572
2025-05-12T03:38:28Z,236,29.856,70.8,62,59.1,0,1,15,86,0.0,255,32767,0.0,2127-15-31,0.0,0.16,26.24,0.0,0.0,0.0,0,4.828125,3,187,05:49,20:11,2025-05-12 03:38:28.103604,Città della Scienza,77.9,12.825607,13.12699,11.192861,9.034582,EU EEA Common AQI,63.2,11.293228,11.833776,7200,10.642858,100,100,58.5,9.382857,Very Low,63.1,11.5886345,100,1747020600,Very Low,8.954288,12.523156,Very Low,12.470772,56.1,13.457143,100,1747020600,11.728572
2025-05-12T03:38:39Z,236,29.855,70.7,62,59.1,2,1,17,86,0.0,255,32767,0.0,2127-15-31,0.0,0.16,26.24,0.0,0.0,0.0,0,4.828125,3,187,05:49,20:11,2025-05-12 03:38:39.191597,Città della Scienza,77.9,12.825607,13.12699,11.192861,9.034582,EU EEA Common AQI,63.2,11.293228,11.833776,7200,10.642858,100,100,58.5,9.382857,Very Low,63.1,11.5886345,100,1747020600,Very Low,8.954288,12.523156,Very Low,12.470772,56.1,13.457143,100,1747020600,11.728572
2025-05-12T03:38:50Z,236,29.855,70.7,62,59.1,1,1,9,86,0.0,255,32767,0.0,2127-15-31,0.0,0.16,26.24,0.0,0.0,0.0,0,4.828125,3,187,05:49,20:11,2025-05-12 03:38:50.276588,Città della Scienza,77.9,12.825607,13.12699,11.192861,9.034582,EU EEA Common AQI,63.2,11.293228,11.833776,7200,10.642858,100,100,58.5,9.382857,Very Low,63.1,11.5886345,100,1747020600,Very Low,8.954288,12.523156,Very Low,12.470772,56.1,13.457143,100,1747020600,11.728572
2025-05-12T03:39:01Z,236,29.855,70.7,62,59.1,2,1,9,86,0.0,255,32767,0.0,2127-15-31,0.0,0.16,26.24,0.0,0.0,0.0,0,4.828125,3,187,05:49,20:11,2025-05-12 03:39:01.356592,Città della Scienza,77.9,12.825607,13.12699,11.192861,9.034582,EU EEA Common AQI,63.2,11.293228,11.833776,7200,10.642858,100,100,58.5,9.382857,Very Low,63.1,11.5886345,100,1747020600,Very Low,8.954288,12.523156,Very Low,12.470772,56.1,13.457143,100,1747020600,11.728572
2025-05-12T03:39:12Z,236,29.855,70.7,62,59.1,2,1,355,86,0.0,255,32767,0.0,2127-15-31,0.0,0.16,26.24,0.0,0.0,0.0,0,4.828125,3,187,05:49,20:11,2025-05-12 03:39:12.435589,Città della Scienza,77.9,12.825607,13.12699,11.192861,9.034582,EU EEA Common AQI,63.2,11.293228,11.833776,7200,10.642858,100,100,58.5,9.382857,Very Low,63.1,11.5886345,100,1747020600,Very Low,8.954288,12.523156,Very Low,12.470772,56.1,13.457143,100,1747020600,11.728572
2025-05-12T03:39:23Z,236,29.855,70.7,62,59.1,2,1,355,86,0.0,255,32767,0.0,2127-15-31,0.0,0.16,26.24,0.0,0.0,0.0,0,4.828125,3,187,05:49,20:11,2025-05-12 03:39:23.495595,Città della Scienza,77.9,12.825607,13.12699,11.192861,9.034582,EU EEA Common AQI,63.2,11.293228,11.833776,7200,10.642858,100,100,58.5,9.382857,Very Low,63.1,11.5886345,100,1747020600,Very Low,8.954288,12.523156,Very Low,12.470772,56.1,13.457143,100,1747020600,11.728572
2025-05-12T03:39:34Z,236,29.855,70.7,62,59.0,1,1,355,86,0.0,255,32767,0.0,2127-15-31,0.0,0.16,26.24,0.0,0.0,0.0,0,4.828125,3,187,05:49,20:11,2025-05-12 03:39:34.569595,Città della Scienza,77.9,12.825607,13.12699,11.192861,9.034582,EU EEA Common AQI,63.2,11.293228,11.833776,7200,10.642858,100,100,58.5,9.382857,Very Low,63.1,11.5886345,100,1747020600,Very Low,8.954288,12.523156,Very Low,12.470772,56.1,13.457143,100,1747020600,11.728572
2025-05-12T03:39:45Z,236,29.855,70.7,62,59.0,3,1,360,86,0.0,255,32767,0.0,2127-15-31,0.0,0.16,26.24,0.0,0.0,0.0,0,4.828125,3,187,05:49,20:11,2025-05-12 03:39:45.620608,Città della Scienza,77.9,12.825607,13.12699,11.192861,9.034582,EU EEA Common AQI,63.2,11.293228,11.833776,7200,10.642858,100,100,58.5,9.382857,Very Low,63.1,11.5886345,100,1747020600,Very Low,8.954288,12.523156,Very Low,12.470772,56.1,13.457143,100,1747020600,11.728572
2025-05-12T03:39:56Z,236,29.855,70.7,62,59.0,3,1,355,86,0.0,255,32767,0.0,2127-15-31,0.0,0.16,26.24,0.0,0.0,0.0,0,4.828125,3,187,05:49,20:11,2025-05-12 03:39:56.753605,Città della Scienza,77.9,12.825607,13.12699,11.192861,9.034582,EU EEA Common AQI,63.2,11.293228,11.833776,7200,10.642858,100,100,58.5,9.382857,Very Low,63.1,11.5886345,100,1747020600,Very Low,8.954288,12.523156,Very Low,12.470772,56.1,13.457143,100,1747020600,11.728572
2025-05-12T03:40:08Z,236,29.855,70.7,62,58.9,3,1,334,86,0.0,255,32767,0.0,2127-15-31,0.0,0.16,26.24,0.0,0.0,0.0,0,4.828125,3,187,05:49,20:11,2025-05-12 03:40:07.832593,Città della Scienza,77.9,12.825607,13.12699,11.192861,9.034582,EU EEA Common AQI,63.2,11.293228,11.833776,7200,10.642858,100,100,58.5,9.382857,Very Low,63.1,11.5886345,100,1747020600,Very Low,8.954288,12.523156,Very Low,12.470772,56.1,13.457143,100,1747020600,11.728572
2025-05-12T03:40:19Z,236,29.855,70.7,62,59.0,2,1,334,86,0.0,255,32767,0.0,2127-15-31,0.0,0.16,26.24,0.0,0.0,0.0,0,4.828125,3,187,05:49,20:11,2025-05-12 03:40:18.943588,Città della Scienza,77.9,12.825607,13.12699,11.192861,9.034582,EU EEA Common AQI,63.2,11.293228,11.833776,7200,10.642858,100,100,58.5,9.382857,Very Low,63.1,11.5886345,100,1747020600,Very Low,8.954288,12.523156,Very Low,12.470772,56.1,13.457143,100,1747020600,11.728572
2025-05-12T03:40:30Z,236,29.855,70.7,62,58.9,2,1,347,86,0.0,255,32767,0.0,2127-15-31,0.0,0.16,26.24,0.0,0.0,0.0,0,4.828125,3,187,05:49,20:11,2025-05-12 03:40:30.052590,Città della Scienza,77.9,12.825607,13.12699,11.192861,9.034582,EU EEA Common AQI,63.2,11.293228,11.833776,7200,10.642858,100,100,58.5,9.382857,Very Low,63.1,11.5886345,100,1747020600,Very Low,8.954288,12.523156,Very Low,12.470772,56.1,13.457143,100,1747020600,11.728572
2025-05-12T03:40:41Z,236,29.855,70.7,62,58.8,2,1,347,86,0.0,255,32767,0.0,2127-15-31,0.0,0.16,26.24,0.0,0.0,0.0,0,4.828125,3,187,05:49,20:11,2025-05-12 03:40:41.158603,Città della Scienza,77.9,12.825607,13.12699,11.192861,9.034582,EU EEA Common AQI,63.2,11.293228,11.833776,7200,10.642858,100,100,58.5,9.382857,Very Low,63.1,11.5886345,100,1747020600,Very Low,8.954288,12.523156,Very Low,12.470772,56.1,13.457143,100,1747020600,11.728572
2025-05-12T03:40:52Z,236,29.855,70.7,62,58.8,2,1,346,86,0.0,255,32767,0.0,2127-15-31,0.0,0.16,26.24,0.0,0.0,0.0,0,4.828125,3,187,05:49,20:11,2025-05-12 03:40:52.223591,Città della Scienza,77.9,12.825607,13.12699,11.192861,9.034582,EU EEA Common AQI,63.2,11.293228,11.833776,7200,10.642858,100,100,58.5,9.382857,Very Low,63.1,11.5886345,100,1747020600,Very Low,8.954288,12.523156,Very Low,12.470772,56.1,13.457143,100,1747020600,11.728572
2025-05-12T03:41:03Z,236,29.855,70.7,62,58.8,2,1,355,86,0.0,255,32767,0.0,2127-15-31,0.0,0.16,26.24,0.0,0.0,0.0,0,4.828125,3,187,05:49,20:11,2025-05-12 03:41:03.281587,Città della Scienza,77.9,12.825607,13.12699,11.192861,9.034582,EU EEA Common AQI,63.2,11.293228,11.833776,7200,10.642858,100,100,58.5,9.382857,Very Low,63.1,11.5886345,100,1747020600,Very Low,8.954288,12.523156,Very Low,12.470772,56.1,13.457143,100,1747020600,11.728572
2025-05-12T03:41:14Z,236,29.855,70.7,62,58.7,2,1,355,86,0.0,255,32767,0.0,2127-15-31,0.0,0.16,26.24,0.0,0.0,0.0,0,4.828125,3,187,05:49,20:11,2025-05-12 03:41:14.364603,Città della Scienza,77.9,12.825607,13.12699,11.192861,9.034582,EU EEA Common AQI,63.2,11.293228,11.833776,7200,10.642858,100,100,58.5,9.382857,Very Low,63.1,11.5886345,100,1747020600,Very Low,8.954288,12.523156,Very Low,12.470772,56.1,13.457143,100,1747020600,11.728572
2025-05-12T03:41:25Z,236,29.855,70.7,62,58.7,2,1,355,86,0.0,255,32767,0.0,2127-15-31,0.0,0.16,26.24,0.0,0.0,0.0,0,4.828125,3,187,05:49,20:11,2025-05-12 03:41:25.492604,Città della Scienza,77.9,12.825607,13.12699,11.192861,9.034582,EU EEA Common AQI,63.2,11.293228,11.833776,7200,10.642858,100,100,58.5,9.382857,Very Low,63.1,11.5886345,100,1747020600,Very Low,8.954288,12.523156,Very Low,12.470772,56.1,13.457143,100,1747020600,11.728572
2025-05-12T03:41:36Z,236,29.856,70.7,62,58.7,3,1,21,86,0.0,255,32767,0.0,2127-15-31,0.0,0.16,26.24,0.0,0.0,0.0,0,4.828125,3,187,05:49,20:11,2025-05-12 03:41:36.585608,Città della Scienza,77.9,12.825607,13.12699,11.192861,9.034582,EU EEA Common AQI,63.2,11.293228,11.833776,7200,10.642858,100,100,58.5,9.382857,Very Low,63.1,11.5886345,100,1747020600,Very Low,8.954288,12.523156,Very Low,12.470772,56.1,13.457143,100,1747020600,11.728572
2025-05-12T03:41:47Z,236,29.856,70.7,62,58.7,3,1,355,86,0.0,255,32767,0.0,2127-15-31,0.0,0.16,26.24,0.0,0.0,0.0,0,4.828125,3,187,05:49,20:11,2025-05-12 03:41:47.632691,Città della Scienza,77.9,12.825607,13.12699,11.192861,9.034582,EU EEA Common AQI,63.2,11.293228,11.833776,7200,10.642858,100,100,58.5,9.382857,Very Low,63.1,11.5886345,100,1747020600,Very Low,8.954288,12.523156,Very Low,12.470772,56.1,13.457143,100,1747020600,11.728572
2025-05-12T03:41:58Z,236,29.856,70.7,62,58.7,2,1,355,86,0.0,255,32767,0.0,2127-15-31,0.0,0.16,26.24,0.0,0.0,0.0,0,4.828125,3,187,05:49,20:11,2025-05-12 03:41:58.708593,Città della Scienza,77.9,12.825607,13.12699,11.192861,9.034582,EU EEA Common AQI,63.2,11.293228,11.833776,7200,10.642858,100,100,58.5,9.382857,Very Low,63.1,11.5886345,100,1747020600,Very Low,8.954288,12.523156,Very Low,12.470772,56.1,13.457143,100,1747020600,11.728572
2025-05-12T03:42:09Z,236,29.856,70.7,62,58.7,3,1,355,86,0.0,255,32767,0.0,2127-15-31,0.0,0.16,26.24,0.0,0.0,0.0,0,4.828125,3,187,05:49,20:11,2025-05-12 03:42:09.778588,Città della Scienza,77.9,12.825607,13.12699,11.192861,9.034582,EU EEA Common AQI,63.2,11.293228,11.833776,7200,10.642858,100,100,58.5,9.382857,Very Low,63.1,11.5886345,100,1747020600,Very Low,8.954288,12.523156,Very Low,12.470772,56.1,13.457143,100,1747020600,11.728572
2025-05-12T03:42:21Z,236,29.856,70.7,62,58.7,3,1,355,86,0.0,255,32767,0.0,2127-15-31,0.0,0.16,26.24,0.0,0.0,0.0,0,4.828125,3,187,05:49,20:11,2025-05-12 03:42:20.856594,Città della Scienza,77.9,12.825607,13.12699,11.192861,9.034582,EU EEA Common AQI,63.2,11.293228,11.833776,7200,10.642858,100,100,58.5,9.382857,Very Low,63.1,11.5886345,100,1747020600,Very Low,8.954288,12.523156,Very Low,12.470772,56.1,13.457143,100,1747020600,11.728572
2025-05-12T03:42:32Z,236,29.857,70.6,62,58.7,3,1,355,86,0.0,255,32767,0.0,2127-15-31,0.0,0.16,26.24,0.0,0.0,0.0,0,4.828125,3,187,05:49,20:11,2025-05-12 03:42:32.011607,Città della Scienza,77.9,12.825607,13.12699,11.192861,9.034582,EU EEA Common AQI,63.2,11.293228,11.833776,7200,10.642858,100,100,58.5,9.382857,Very Low,63.1,11.5886345,100,1747020600,Very Low,8.954288,12.523156,Very Low,12.470772,56.1,13.457143,100,1747020600,11.728572
2025-05-12T03:42:43Z,236,29.857,70.6,62,58.7,2,1,355,86,0.0,255,32767,0.0,2127-15-31,0.0,0.16,26.24,0.0,0.0,0.0,0,4.828125,3,187,05:49,20:11,2025-05-12 03:42:43.068602,Città della Scienza,77.9,12.825607,13.12699,11.192861,9.034582,EU EEA Common AQI,63.2,11.293228,11.833776,7200,10.642858,100,100,58.5,9.382857,Very Low,63.1,11.5886345,100,1747020600,Very Low,8.954288,12.523156,Very Low,12.470772,56.1,13.457143,100,1747020600,11.728572
2025-05-12T03:42:54Z,236,29.857,70.6,62,58.7,3,1,347,86,0.0,255,32767,0.0,2127-15-31,0.0,0.16,26.24,0.0,0.0,0.0,0,4.828125,3,187,05:49,20:11,2025-05-12 03:42:54.166590,Città della Scienza,77.9,12.825607,13.12699,11.192861,9.034582,EU EEA Common AQI,63.2,11.293228,11.833776,7200,10.642858,100,100,58.5,9.382857,Very Low,63.1,11.5886345,100,1747020600,Very Low,8.954288,12.523156,Very Low,12.470772,56.1,13.457143,100,1747020600,11.728572
2025-05-12T03:43:05Z,236,29.857,70.6,62,58.7,2,1,360,87,0.0,255,32767,0.0,2127-15-31,0.0,0.16,26.24,0.0,0.0,0.0,0,4.828125,3,187,05:49,20:11,2025-05-12 03:43:05.219598,Città della Scienza,77.9,12.825607,13.12699,11.192861,9.034582,EU EEA Common AQI,63.2,11.293228,11.833776,7200,10.642858,100,100,58.5,9.382857,Very Low,63.1,11.5886345,100,1747020600,Very Low,8.954288,12.523156,Very Low,12.470772,56.1,13.457143,100,1747020600,11.728572
2025-05-12T03:43:16Z,236,29.857,70.6,62,58.7,2,1,345,87,0.0,255,32767,0.0,2127-15-31,0.0,0.16,26.24,0.0,0.0,0.0,0,4.828125,3,187,05:49,20:11,2025-05-12 03:43:16.290593,Città della Scienza,77.9,12.825607,13.12699,11.192861,9.034582,EU EEA Common AQI,63.2,11.293228,11.833776,7200,10.642858,100,100,58.5,9.382857,Very Low,63.1,11.5886345,100,1747020600,Very Low,8.954288,12.523156,Very Low,12.470772,56.1,13.457143,100,1747020600,11.728572
2025-05-12T03:43:27Z,236,29.857,70.6,62,58.7,3,1,355,87,0.0,255,32767,0.0,2127-15-31,0.0,0.16,26.24,0.0,0.0,0.0,0,4.828125,3,187,05:49,20:11,2025-05-12 03:43:27.353605,Città della Scienza,77.9,12.825607,13.12699,11.192861,9.034582,EU EEA Common AQI,63.2,11.293228,11.833776,7200,10.642858,100,100,58.5,9.382857,Very Low,63.1,11.5886345,100,1747020600,Very Low,8.954288,12.523156,Very Low,12.470772,56.1,13.457143,100,1747020600,11.728572
2025-05-12T03:43:38Z,236,29.854,70.6,62,58.7,2,2,342,87,0.0,255,32767,0.0,2127-15-31,0.0,0.16,26.24,0.0,0.0,0.0,0,4.828125,3,187,05:49,20:11,2025-05-12 03:43:38.459620,Città della Scienza,77.9,12.825607,13.12699,11.192861,9.034582,EU EEA Common AQI,63.2,11.293228,11.833776,7200,10.642858,100,100,58.5,9.382857,Very Low,63.1,11.5886345,100,1747020600,Very Low,8.954288,12.523156,Very Low,12.470772,56.1,13.457143,100,1747020600,11.728572
2025-05-12T03:43:49Z,236,29.854,70.6,62,58.7,3,2,355,87,0.0,255,32767,0.0,2127-15-31,0.0,0.16,26.24,0.0,0.0,0.0,0,4.828125,3,187,05:49,20:11,2025-05-12 03:43:49.540593,Città della Scienza,77.9,12.825607,13.12699,11.192861,9.034582,EU EEA Common AQI,63.2,11.293228,11.833776,7200,10.642858,100,100,58.5,9.382857,Very Low,63.1,11.5886345,100,1747020600,Very Low,8.954288,12.523156,Very Low,12.470772,56.1,13.457143,100,1747020600,11.728572
2025-05-12T03:44:00Z,236,29.854,70.6,62,58.7,2,2,348,87,0.0,255,32767,0.0,2127-15-31,0.0,0.16,26.24,0.0,0.0,0.0,0,4.828125,3,187,05:49,20:11,2025-05-12 03:44:00.667595,Città della Scienza,77.9,12.825607,13.12699,11.192861,9.034582,EU EEA Common AQI,63.2,11.293228,11.833776,7200,10.642858,100,100,58.5,9.382857,Very Low,63.1,11.5886345,100,1747020600,Very Low,8.954288,12.523156,Very Low,12.470772,56.1,13.457143,100,1747020600,11.728572
2025-05-12T03:44:11Z,236,29.854,70.6,62,58.7,3,2,349,87,0.0,255,32767,0.0,2127-15-31,0.0,0.16,26.24,0.0,0.0,0.0,0,4.828125,3,187,05:49,20:11,2025-05-12 03:44:11.743592,Città della Scienza,77.9,12.825607,13.12699,11.192861,9.034582,EU EEA Common AQI,63.2,11.293228,11.833776,7200,10.642858,100,100,58.5,9.382857,Very Low,63.1,11.5886345,100,1747020600,Very Low,8.954288,12.523156,Very Low,12.470772,56.1,13.457143,100,1747020600,11.728572
2025-05-12T03:44:22Z,236,29.854,70.6,62,58.7,3,2,355,87,0.0,255,32767,0.0,2127-15-31,0.0,0.16,26.24,0.0,0.0,0.0,0,4.828125,3,187,05:49,20:11,2025-05-12 03:44:22.787595,Città della Scienza,77.9,12.825607,13.12699,11.192861,9.034582,EU EEA Common AQI,63.2,11.293228,11.833776,7200,10.642858,100,100,58.5,9.382857,Very Low,63.1,11.5886345,100,1747020600,Very Low,8.954288,12.523156,Very Low,12.470772,56.1,13.457143,100,1747020600,11.728572
2025-05-12T03:44:34Z,236,29.856,70.6,62,58.7,3,2,331,87,0.0,255,32767,0.0,2127-15-31,0.0,0.16,26.24,0.0,0.0,0.0,0,4.828125,3,187,05:49,20:11,2025-05-12 03:44:33.855604,Città della Scienza,77.9,12.825607,13.12699,11.192861,9.034582,EU EEA Common AQI,63.2,11.293228,11.833776,7200,10.642858,100,100,58.5,9.382857,Very Low,63.1,11.5886345,100,1747020600,Very Low,8.954288,12.523156,Very Low,12.470772,56.1,13.457143,100,1747020600,11.728572
2025-05-12T03:44:45Z,236,29.856,70.6,62,58.7,4,2,333,87,0.0,255,32767,0.0,2127-15-31,0.0,0.16,26.24,0.0,0.0,0.0,0,4.828125,3,187,05:49,20:11,2025-05-12 03:44:44.973586,Città della Scienza,77.9,12.825607,13.12699,11.192861,9.034582,EU EEA Common AQI,63.2,11.293228,11.833776,7200,10.642858,100,100,58.5,9.382857,Very Low,63.1,11.5886345,100,1747020600,Very Low,8.954288,12.523156,Very Low,12.470772,56.1,13.457143,100,1747020600,11.728572
2025-05-12T03:44:56Z,236,29.856,70.6,62,58.7,3,2,333,87,0.0,255,32767,0.0,2127-15-31,0.0,0.16,26.24,0.0,0.0,0.0,0,4.828125,3,187,05:49,20:11,2025-05-12 03:44:56.104600,Città della Scienza,77.9,12.825607,13.12699,11.192861,9.034582,EU EEA Common AQI,63.2,11.293228,11.833776,7200,10.642858,100,100,58.5,9.382857,Very Low,63.1,11.5886345,100,1747020600,Very Low,8.954288,12.523156,Very Low,12.470772,56.1,13.457143,100,1747020600,11.728572
2025-05-12T03:45:07Z,236,29.856,70.6,62,58.8,4,2,345,87,0.0,255,32767,0.0,2127-15-31,0.0,0.16,26.24,0.0,0.0,0.0,0,4.828125,3,187,05:49,20:11,2025-05-12 03:45:07.213594,Città della Scienza,77.9,12.825607,13.12699,11.192861,9.034582,EU EEA Common AQI,63.2,11.293228,11.833776,7200,10.642858,100,100,58.5,9.382857,Very Low,63.1,11.5886345,100,1747020600,Very Low,8.954288,12.523156,Very Low,12.470772,56.1,13.457143,100,1747020600,11.728572
2025-05-12T03:45:18Z,236,29.856,70.6,62,58.8,3,2,346,87,0.0,255,32767,0.0,2127-15-31,0.0,0.16,26.24,0.0,0.0,0.0,0,4.828125,3,187,05:49,20:11,2025-05-12 03:45:18.324590,Città della Scienza,77.9,12.825607,13.12699,11.192861,9.034582,EU EEA Common AQI,63.2,11.293228,11.833776,7200,10.642858,100,100,58.5,9.382857,Very Low,63.1,11.5886345,100,1747020600,Very Low,8.954288,12.523156,Very Low,12.470772,56.1,13.457143,100,1747020600,11.728572
2025-05-12T03:45:29Z,236,29.856,70.6,62,58.7,4,2,355,87,0.0,255,32767,0.0,2127-15-31,0.0,0.16,26.24,0.0,0.0,0.0,0,4.828125,3,187,05:49,20:11,2025-05-12 03:45:29.393594,Città della Scienza,78.2,12.791307,13.033719,11.618352,9.130894,EU EEA Common AQI,62.7,11.413618,11.753521,7200,11.507246,100,100,58.1,10.365217,Very Low,62.7,11.573746,100,1747021500,Very Low,9.294682,12.596801,Very Low,12.807858,55.8,14.289855,100,1747021500,12.956522
2025-05-12T03:45:40Z,236,29.857,70.6,62,58.8,3,2,345,87,0.0,255,32767,0.0,2127-15-31,0.0,0.16,26.24,0.0,0.0,0.0,0,4.828125,3,187,05:49,20:11,2025-05-12 03:45:40.483595,Città della Scienza,78.2,12.791307,13.033719,11.618352,9.130894,EU EEA Common AQI,62.7,11.413618,11.753521,7200,11.507246,100,100,58.1,10.365217,Very Low,62.7,11.573746,100,1747021500,Very Low,9.294682,12.596801,Very Low,12.807858,55.8,14.289855,100,1747021500,12.956522
2025-05-12T03:45:51Z,236,29.857,70.6,62,58.8,3,2,330,87,0.0,255,32767,0.0,2127-15-31,0.0,0.16,26.24,0.0,0.0,0.0,0,4.828125,3,187,05:49,20:11,2025-05-12 03:45:51.575607,Città della Scienza,78.2,12.791307,13.033719,11.618352,9.130894,EU EEA Common AQI,62.7,11.413618,11.753521,7200,11.507246,100,100,58.1,10.365217,Very Low,62.7,11.573746,100,1747021500,Very Low,9.294682,12.596801,Very Low,12.807858,55.8,14.289855,100,1747021500,12.956522
2025-05-12T03:46:02Z,236,29.857,70.6,62,58.8,3,2,340,87,0.0,255,32767,0.0,2127-15-31,0.0,0.16,26.24,0.0,0.0,0.0,0,4.828125,3,187,05:49,20:11,2025-05-12 03:46:02.693598,Città della Scienza,78.2,12.791307,13.033719,11.618352,9.130894,EU EEA Common AQI,62.7,11.413618,11.753521,7200,11.507246,100,100,58.1,10.365217,Very Low,62.7,11.573746,100,1747021500,Very Low,9.294682,12.596801,Very Low,12.807858,55.8,14.289855,100,1747021500,12.956522
2025-05-12T03:46:13Z,236,29.857,70.6,62,58.7,3,2,344,87,0.0,255,32767,0.0,2127-15-31,0.0,0.16,26.24,0.0,0.0,0.0,0,4.828125,3,187,05:49,20:11,2025-05-12 03:46:13.788587,Città della Scienza,78.2,12.791307,13.033719,11.618352,9.130894,EU EEA Common AQI,62.7,11.413618,11.753521,7200,11.507246,100,100,58.1,10.365217,Very Low,62.7,11.573746,100,1747021500,Very Low,9.294682,12.596801,Very Low,12.807858,55.8,14.289855,100,1747021500,12.956522
2025-05-12T03:46:25Z,236,29.857,70.6,62,58.8,2,2,5,87,0.0,255,32767,0.0,2127-15-31,0.0,0.16,26.24,0.0,0.0,0.0,0,4.828125,3,187,05:49,20:11,2025-05-12 03:46:24.857592,Città della Scienza,78.2,12.791307,13.033719,11.618352,9.130894,EU EEA Common AQI,62.7,11.413618,11.753521,7200,11.507246,100,100,58.1,10.365217,Very Low,62.7,11.573746,100,1747021500,Very Low,9.294682,12.596801,Very Low,12.807858,55.8,14.289855,100,1747021500,12.956522
2025-05-12T03:46:36Z,236,29.857,70.6,62,58.8,3,2,355,87,0.0,255,32767,0.0,2127-15-31,0.0,0.16,26.24,0.0,0.0,0.0,0,4.828125,3,187,05:49,20:11,2025-05-12 03:46:35.968555,Città della Scienza,78.2,12.791307,13.033719,11.618352,9.130894,EU EEA Common AQI,62.7,11.413618,11.753521,7200,11.507246,100,100,58.1,10.365217,Very Low,62.7,11.573746,100,1747021500,Very Low,9.294682,12.596801,Very Low,12.807858,55.8,14.289855,100,1747021500,12.956522
2025-05-12T03:46:47Z,236,29.857,70.6,62,58.8,3,2,349,87,0.0,255,32767,0.0,2127-15-31,0.0,0.16,26.24,0.0,0.0,0.0,0,4.828125,3,187,05:49,20:11,2025-05-12 03:46:47.081593,Città della Scienza,78.2,12.791307,13.033719,11.618352,9.130894,EU EEA Common AQI,62.7,11.413618,11.753521,7200,11.507246,100,100,58.1,10.365217,Very Low,62.7,11.573746,100,1747021500,Very Low,9.294682,12.596801,Very Low,12.807858,55.8,14.289855,100,1747021500,12.956522
2025-05-12T03:46:58Z,236,29.857,70.6,62,58.8,3,2,355,87,0.0,255,32767,0.0,2127-15-31,0.0,0.16,26.24,0.0,0.0,0.0,0,4.828125,3,187,05:49,20:11,2025-05-12 03:46:58.154592,Città della Scienza,78.2,12.791307,13.033719,11.618352,9.130894,EU EEA Common AQI,62.7,11.413618,11.753521,7200,11.507246,100,100,58.1,10.365217,Very Low,62.7,11.573746,100,1747021500,Very Low,9.294682,12.596801,Very Low,12.807858,55.8,14.289855,100,1747021500,12.956522
2025-05-12T03:47:09Z,236,29.857,70.6,62,58.8,3,2,347,87,0.0,255,32767,0.0,2127-15-31,0.0,0.16,26.24,0.0,0.0,0.0,0,4.828125,3,187,05:49,20:11,2025-05-12 03:47:09.230590,Città della Scienza,78.2,12.791307,13.033719,11.618352,9.130894,EU EEA Common AQI,62.7,11.413618,11.753521,7200,11.507246,100,100,58.1,10.365217,Very Low,62.7,11.573746,100,1747021500,Very Low,9.294682,12.596801,Very Low,12.807858,55.8,14.289855,100,1747021500,12.956522
2025-05-12T03:47:20Z,236,29.857,70.6,62,58.8,3,2,355,87,0.0,255,32767,0.0,2127-15-31,0.0,0.16,26.24,0.0,0.0,0.0,0,4.828125,3,187,05:49,20:11,2025-05-12 03:47:20.277591,Città della Scienza,78.2,12.791307,13.033719,11.618352,9.130894,EU EEA Common AQI,62.7,11.413618,11.753521,7200,11.507246,100,100,58.1,10.365217,Very Low,62.7,11.573746,100,1747021500,Very Low,9.294682,12.596801,Very Low,12.807858,55.8,14.289855,100,1747021500,12.956522
2025-05-12T03:47:31Z,236,29.857,70.6,62,58.8,2,2,355,87,0.0,255,32767,0.0,2127-15-31,0.0,0.16,26.24,0.0,0.0,0.0,0,4.828125,3,187,05:49,20:11,2025-05-12 03:47:31.369617,Città della Scienza,78.2,12.791307,13.033719,11.618352,9.130894,EU EEA Common AQI,62.7,11.413618,11.753521,7200,11.507246,100,100,58.1,10.365217,Very Low,62.7,11.573746,100,1747021500,Very Low,9.294682,12.596801,Very Low,12.807858,55.8,14.289855,100,1747021500,12.956522
2025-05-12T03:47:42Z,236,29.857,70.5,62,58.8,2,3,355,87,0.0,255,32767,0.0,2127-15-31,0.0,0.16,26.24,0.0,0.0,0.0,0,4.828125,3,187,05:49,20:11,2025-05-12 03:47:42.446586,Città della Scienza,78.2,12.791307,13.033719,11.618352,9.130894,EU EEA Common AQI,62.7,11.413618,11.753521,7200,11.507246,100,100,58.1,10.365217,Very Low,62.7,11.573746,100,1747021500,Very Low,9.294682,12.596801,Very Low,12.807858,55.8,14.289855,100,1747021500,12.956522
2025-05-12T03:47:53Z,236,29.857,70.5,62,58.8,3,3,345,87,0.0,255,32767,0.0,2127-15-31,0.0,0.16,26.24,0.0,0.0,0.0,0,4.828125,3,187,05:49,20:11,2025-05-12 03:47:53.567588,Città della Scienza,78.2,12.791307,13.033719,11.618352,9.130894,EU EEA Common AQI,62.7,11.413618,11.753521,7200,11.507246,100,100,58.1,10.365217,Very Low,62.7,11.573746,100,1747021500,Very Low,9.294682,12.596801,Very Low,12.807858,55.8,14.289855,100,1747021500,12.956522
2025-05-12T03:48:04Z,236,29.857,70.5,62,58.8,3,3,340,87,0.0,255,32767,0.0,2127-15-31,0.0,0.16,26.24,0.0,0.0,0.0,0,4.828125,3,187,05:49,20:11,2025-05-12 03:48:04.655595,Città della Scienza,78.2,12.791307,13.033719,11.618352,9.130894,EU EEA Common AQI,62.7,11.413618,11.753521,7200,11.507246,100,100,58.1,10.365217,Very Low,62.7,11.573746,100,1747021500,Very Low,9.294682,12.596801,Very Low,12.807858,55.8,14.289855,100,1747021500,12.956522
2025-05-12T03:48:15Z,236,29.857,70.5,62,58.8,2,3,335,87,0.0,255,32767,0.0,2127-15-31,0.0,0.16,26.24,0.0,0.0,0.0,0,4.828125,3,187,05:49,20:11,2025-05-12 03:48:15.762597,Città della Scienza,78.2,12.791307,13.033719,11.618352,9.130894,EU EEA Common AQI,62.7,11.413618,11.753521,7200,11.507246,100,100,58.1,10.365217,Very Low,62.7,11.573746,100,1747021500,Very Low,9.294682,12.596801,Very Low,12.807858,55.8,14.289855,100,1747021500,12.956522
2025-05-12T03:48:27Z,236,29.857,70.5,62,58.8,2,3,344,87,0.0,255,32767,0.0,2127-15-31,0.0,0.16,26.24,0.0,0.0,0.0,0,4.828125,3,187,05:49,20:11,2025-05-12 03:48:26.833595,Città della Scienza,78.2,12.791307,13.033719,11.618352,9.130894,EU EEA Common AQI,62.7,11.413618,11.753521,7200,11.507246,100,100,58.1,10.365217,Very Low,62.7,11.573746,100,1747021500,Very Low,9.294682,12.596801,Very Low,12.807858,55.8,14.289855,100,1747021500,12.956522
2025-05-12T03:48:38Z,236,29.856,70.5,62,58.8,2,3,337,87,0.0,255,32767,0.0,2127-15-31,0.0,0.16,26.24,0.0,0.0,0.0,0,4.828125,3,187,05:49,20:11,2025-05-12 03:48:37.904595,Città della Scienza,78.2,12.791307,13.033719,11.618352,9.130894,EU EEA Common AQI,62.7,11.413618,11.753521,7200,11.507246,100,100,58.1,10.365217,Very Low,62.7,11.573746,100,1747021500,Very Low,9.294682,12.596801,Very Low,12.807858,55.8,14.289855,100,1747021500,12.956522
2025-05-12T03:48:49Z,236,29.856,70.5,62,58.8,2,3,337,87,0.0,255,32767,0.0,2127-15-31,0.0,0.16,26.24,0.0,0.0,0.0,0,4.828125,3,187,05:49,20:11,2025-05-12 03:48:48.994583,Città della Scienza,78.2,12.791307,13.033719,11.618352,9.130894,EU EEA Common AQI,62.7,11.413618,11.753521,7200,11.507246,100,100,58.1,10.365217,Very Low,62.7,11.573746,100,1747021500,Very Low,9.294682,12.596801,Very Low,12.807858,55.8,14.289855,100,1747021500,12.956522
2025-05-12T03:49:00Z,236,29.856,70.5,62,58.8,2,3,337,87,0.0,255,32767,0.0,2127-15-31,0.0,0.16,26.24,0.0,0.0,0.0,0,4.828125,3,187,05:49,20:11,2025-05-12 03:49:00.078599,Città della Scienza,78.2,12.791307,13.033719,11.618352,9.130894,EU EEA Common AQI,62.7,11.413618,11.753521,7200,11.507246,100,100,58.1,10.365217,Very Low,62.7,11.573746,100,1747021500,Very Low,9.294682,12.596801,Very Low,12.807858,55.8,14.289855,100,1747021500,12.956522
2025-05-12T03:49:11Z,236,29.856,70.5,62,58.8,3,3,337,87,0.0,255,32767,0.0,2127-15-31,0.0,0.16,26.24,0.0,0.0,0.0,0,4.828125,3,187,05:49,20:11,2025-05-12 03:49:11.147556,Città della Scienza,78.2,12.791307,13.033719,11.618352,9.130894,EU EEA Common AQI,62.7,11.413618,11.753521,7200,11.507246,100,100,58.1,10.365217,Very Low,62.7,11.573746,100,1747021500,Very Low,9.294682,12.596801,Very Low,12.807858,55.8,14.289855,100,1747021500,12.956522
2025-05-12T03:49:22Z,236,29.856,70.5,62,58.8,2,3,337,87,0.0,255,32767,0.0,2127-15-31,0.0,0.16,26.24,0.0,0.0,0.0,0,4.828125,3,187,05:49,20:11,2025-05-12 03:49:22.234591,Città della Scienza,78.2,12.791307,13.033719,11.618352,9.130894,EU EEA Common AQI,62.7,11.413618,11.753521,7200,11.507246,100,100,58.1,10.365217,Very Low,62.7,11.573746,100,1747021500,Very Low,9.294682,12.596801,Very Low,12.807858,55.8,14.289855,100,1747021500,12.956522
2025-05-12T03:49:33Z,236,29.856,70.5,62,58.8,2,3,337,87,0.0,255,32767,0.0,2127-15-31,0.0,0.16,26.24,0.0,0.0,0.0,0,4.828125,3,187,05:49,20:11,2025-05-12 03:49:33.335595,Città della Scienza,78.2,12.791307,13.033719,11.618352,9.130894,EU EEA Common AQI,62.7,11.413618,11.753521,7200,11.507246,100,100,58.1,10.365217,Very Low,62.7,11.573746,100,1747021500,Very Low,9.294682,12.596801,Very Low,12.807858,55.8,14.289855,100,1747021500,12.956522
2025-05-12T03:49:44Z,236,29.856,70.5,62,58.9,3,3,337,87,0.0,255,32767,0.0,2127-15-31,0.0,0.16,26.24,0.0,0.0,0.0,0,4.828125,3,187,05:49,20:11,2025-05-12 03:49:44.409596,Città della Scienza,78.2,12.791307,13.033719,11.618352,9.130894,EU EEA Common AQI,62.7,11.413618,11.753521,7200,11.507246,100,100,58.1,10.365217,Very Low,62.7,11.573746,100,1747021500,Very Low,9.294682,12.596801,Very Low,12.807858,55.8,14.289855,100,1747021500,12.956522
2025-05-12T03:49:55Z,236,29.856,70.5,62,58.8,2,3,355,87,0.0,255,32767,0.0,2127-15-31,0.0,0.16,26.24,0.0,0.0,0.0,0,4.828125,3,187,05:49,20:11,2025-05-12 03:49:55.534589,Città della Scienza,78.2,12.791307,13.033719,11.618352,9.130894,EU EEA Common AQI,62.7,11.413618,11.753521,7200,11.507246,100,100,58.1,10.365217,Very Low,62.7,11.573746,100,1747021500,Very Low,9.294682,12.596801,Very Low,12.807858,55.8,14.289855,100,1747021500,12.956522
2025-05-12T03:50:06Z,236,29.856,70.5,62,58.9,2,3,355,87,0.0,255,32767,0.0,2127-15-31,0.0,0.16,26.24,0.0,0.0,0.0,0,4.828125,3,187,05:49,20:11,2025-05-12 03:50:06.647595,Città della Scienza,78.2,12.791307,13.033719,11.618352,9.130894,EU EEA Common AQI,62.7,11.413618,11.753521,7200,11.507246,100,100,58.1,10.365217,Very Low,62.7,11.573746,100,1747021500,Very Low,9.294682,12.596801,Very Low,12.807858,55.8,14.289855,100,1747021500,12.956522
2025-05-12T03:50:17Z,236,29.856,70.5,62,58.9,3,3,355,87,0.0,255,32767,0.0,2127-15-31,0.0,0.16,26.24,0.0,0.0,0.0,0,4.828125,3,187,05:49,20:11,2025-05-12 03:50:17.718553,Città della Scienza,78.2,12.791307,13.033719,11.618352,9.130894,EU EEA Common AQI,62.7,11.413618,11.753521,7200,11.507246,100,100,58.1,10.365217,Very Low,62.7,11.573746,100,1747021500,Very Low,9.294682,12.596801,Very Low,12.807858,55.8,14.289855,100,1747021500,12.956522
2025-05-12T03:50:29Z,236,29.856,70.5,62,58.8,3,3,355,87,0.0,255,32767,0.0,2127-15-31,0.0,0.16,26.24,0.0,0.0,0.0,0,4.828125,3,187,05:49,20:11,2025-05-12 03:50:28.818557,Città della Scienza,78.2,12.791307,13.033719,11.618352,9.130894,EU EEA Common AQI,62.7,11.413618,11.753521,7200,11.507246,100,100,58.1,10.365217,Very Low,62.7,11.573746,100,1747021500,Very Low,9.294682,12.596801,Very Low,12.807858,55.8,14.289855,100,1747021500,12.956522
2025-05-12T03:50:40Z,236,29.857,70.5,62,58.9,2,3,355,87,0.0,255,32767,0.0,2127-15-31,0.0,0.16,26.24,0.0,0.0,0.0,0,4.828125,3,187,05:49,20:11,2025-05-12 03:50:39.922591,Città della Scienza,78.2,12.791307,13.033719,11.618352,9.130894,EU EEA Common AQI,62.7,11.413618,11.753521,7200,11.507246,100,100,58.1,10.365217,Very Low,62.7,11.573746,100,1747021500,Very Low,9.294682,12.596801,Very Low,12.807858,55.8,14.289855,100,1747021500,12.956522
2025-05-12T03:50:51Z,236,29.857,70.5,62,58.9,3,3,355,87,0.0,255,32767,0.0,2127-15-31,0.0,0.16,26.24,0.0,0.0,0.0,0,4.828125,3,187,05:49,20:11,2025-05-12 03:50:51.063584,Città della Scienza,78.2,12.791307,13.033719,11.618352,9.130894,EU EEA Common AQI,62.7,11.413618,11.753521,7200,11.507246,100,100,58.1,10.365217,Very Low,62.7,11.573746,100,1747021500,Very Low,9.294682,12.596801,Very Low,12.807858,55.8,14.289855,100,1747021500,12.956522
2025-05-12T03:51:02Z,236,29.857,70.5,62,58.9,2,3,355,87,0.0,255,32767,0.0,2127-15-31,0.0,0.16,26.24,0.0,0.0,0.0,0,4.828125,3,187,05:49,20:11,2025-05-12 03:51:02.107593,Città della Scienza,78.2,12.791307,13.033719,11.618352,9.130894,EU EEA Common AQI,62.7,11.413618,11.753521,7200,11.507246,100,100,58.1,10.365217,Very Low,62.7,11.573746,100,1747021500,Very Low,9.294682,12.596801,Very Low,12.807858,55.8,14.289855,100,1747021500,12.956522
2025-05-12T03:51:13Z,236,29.857,70.5,62,58.9,1,3,355,87,0.0,255,32767,0.0,2127-15-31,0.0,0.16,26.24,0.0,0.0,0.0,0,4.828125,3,187,05:49,20:11,2025-05-12 03:51:13.162599,Città della Scienza,78.2,12.791307,13.033719,11.618352,9.130894,EU EEA Common AQI,62.7,11.413618,11.753521,7200,11.507246,100,100,58.1,10.365217,Very Low,62.7,11.573746,100,1747021500,Very Low,9.294682,12.596801,Very Low,12.807858,55.8,14.289855,100,1747021500,12.956522
2025-05-12T03:51:24Z,236,29.857,70.5,62,58.9,1,3,355,87,0.0,255,32767,0.0,2127-15-31,0.0,0.16,26.24,0.0,0.0,0.0,0,4.828125,3,187,05:49,20:11,2025-05-12 03:51:24.272589,Città della Scienza,78.2,12.791307,13.033719,11.618352,9.130894,EU EEA Common AQI,62.7,11.413618,11.753521,7200,11.507246,100,100,58.1,10.365217,Very Low,62.7,11.573746,100,1747021500,Very Low,9.294682,12.596801,Very Low,12.807858,55.8,14.289855,100,1747021500,12.956522
2025-05-12T03:51:35Z,236,29.855,70.4,62,58.8,2,3,355,87,0.0,255,32767,0.0,2127-15-31,0.0,0.16,26.24,0.0,0.0,0.0,0,4.828125,3,187,05:49,20:11,2025-05-12 03:51:35.326594,Città della Scienza,78.2,12.791307,13.033719,11.618352,9.130894,EU EEA Common AQI,62.7,11.413618,11.753521,7200,11.507246,100,100,58.1,10.365217,Very Low,62.7,11.573746,100,1747021500,Very Low,9.294682,12.596801,Very Low,12.807858,55.8,14.289855,100,1747021500,12.956522
2025-05-12T03:51:46Z,236,29.855,70.4,62,58.8,2,3,355,87,0.0,255,32767,0.0,2127-15-31,0.0,0.16,26.24,0.0,0.0,0.0,0,4.828125,3,187,05:49,20:11,2025-05-12 03:51:46.401580,Città della Scienza,78.2,12.791307,13.033719,11.618352,9.130894,EU EEA Common AQI,62.7,11.413618,11.753521,7200,11.507246,100,100,58.1,10.365217,Very Low,62.7,11.573746,100,1747021500,Very Low,9.294682,12.596801,Very Low,12.807858,55.8,14.289855,100,1747021500,12.956522
2025-05-12T03:51:57Z,236,29.855,70.4,62,58.8,2,3,355,87,0.0,255,32767,0.0,2127-15-31,0.0,0.16,26.24,0.0,0.0,0.0,0,4.828125,3,187,05:49,20:11,2025-05-12 03:51:57.475590,Città della Scienza,78.2,12.791307,13.033719,11.618352,9.130894,EU EEA Common AQI,62.7,11.413618,11.753521,7200,11.507246,100,100,58.1,10.365217,Very Low,62.7,11.573746,100,1747021500,Very Low,9.294682,12.596801,Very Low,12.807858,55.8,14.289855,100,1747021500,12.956522
2025-05-12T03:52:08Z,236,29.855,70.4,62,58.8,2,3,355,87,0.0,255,32767,0.0,2127-15-31,0.0,0.16,26.24,0.0,0.0,0.0,0,4.828125,3,187,05:49,20:11,2025-05-12 03:52:08.552600,Città della Scienza,78.2,12.791307,13.033719,11.618352,9.130894,EU EEA Common AQI,62.7,11.413618,11.753521,7200,11.507246,100,100,58.1,10.365217,Very Low,62.7,11.573746,100,1747021500,Very Low,9.294682,12.596801,Very Low,12.807858,55.8,14.289855,100,1747021500,12.956522
2025-05-12T03:52:19Z,236,29.855,70.4,62,58.9,2,3,355,87,0.0,255,32767,0.0,2127-15-31,0.0,0.16,26.24,0.0,0.0,0.0,0,4.828125,3,187,05:49,20:11,2025-05-12 03:52:19.620598,Città della Scienza,78.2,12.791307,13.033719,11.618352,9.130894,EU EEA Common AQI,62.7,11.413618,11.753521,7200,11.507246,100,100,58.1,10.365217,Very Low,62.7,11.573746,100,1747021500,Very Low,9.294682,12.596801,Very Low,12.807858,55.8,14.289855,100,1747021500,12.956522
2025-05-12T03:52:30Z,236,29.855,70.4,62,58.9,2,3,355,87,0.0,255,32767,0.0,2127-15-31,0.0,0.16,26.24,0.0,0.0,0.0,0,4.828125,3,187,05:49,20:11,2025-05-12 03:52:30.728584,Città della Scienza,78.2,12.791307,13.033719,11.618352,9.130894,EU EEA Common AQI,62.7,11.413618,11.753521,7200,11.507246,100,100,58.1,10.365217,Very Low,62.7,11.573746,100,1747021500,Very Low,9.294682,12.596801,Very Low,12.807858,55.8,14.289855,100,1747021500,12.956522
2025-05-12T03:52:42Z,236,29.857,70.4,62,58.9,1,3,355,87,0.0,255,32767,0.0,2127-15-31,0.0,0.16,26.24,0.0,0.0,0.0,0,4.828125,3,187,05:49,20:11,2025-05-12 03:52:41.819594,Città della Scienza,78.2,12.791307,13.033719,11.618352,9.130894,EU EEA Common AQI,62.7,11.413618,11.753521,7200,11.507246,100,100,58.1,10.365217,Very Low,62.7,11.573746,100,1747021500,Very Low,9.294682,12.596801,Very Low,12.807858,55.8,14.289855,100,1747021500,12.956522
2025-05-12T03:52:53Z,236,29.857,70.4,62,58.8,1,3,355,87,0.0,255,32767,0.0,2127-15-31,0.0,0.16,26.24,0.0,0.0,0.0,0,4.828125,3,187,05:49,20:11,2025-05-12 03:52:52.892593,Città della Scienza,78.2,12.791307,13.033719,11.618352,9.130894,EU EEA Common AQI,62.7,11.413618,11.753521,7200,11.507246,100,100,58.1,10.365217,Very Low,62.7,11.573746,100,1747021500,Very Low,9.294682,12.596801,Very Low,12.807858,55.8,14.289855,100,1747021500,12.956522
2025-05-12T03:53:04Z,236,29.857,70.4,62,58.8,1,3,355,87,0.0,255,32767,0.0,2127-15-31,0.0,0.16,26.24,0.0,0.0,0.0,0,4.828125,3,187,05:49,20:11,2025-05-12 03:53:03.970554,Città della Scienza,78.2,12.791307,13.033719,11.618352,9.130894,EU EEA Common AQI,62.7,11.413618,11.753521,7200,11.507246,100,100,58.1,10.365217,Very Low,62.7,11.573746,100,1747021500,Very Low,9.294682,12.596801,Very Low,12.807858,55.8,14.289855,100,1747021500,12.956522
2025-05-12T03:53:15Z,236,29.857,70.4,62,58.8,0,3,355,87,0.0,255,32767,0.0,2127-15-31,0.0,0.16,26.24,0.0,0.0,0.0,0,4.828125,3,187,05:49,20:11,2025-05-12 03:53:15.059592,Città della Scienza,78.2,12.791307,13.033719,11.618352,9.130894,EU EEA Common AQI,62.7,11.413618,11.753521,7200,11.507246,100,100,58.1,10.365217,Very Low,62.7,11.573746,100,1747021500,Very Low,9.294682,12.596801,Very Low,12.807858,55.8,14.289855,100,1747021500,12.956522
2025-05-12T03:53:26Z,236,29.857,70.4,62,58.8,1,3,344,87,0.0,255,32767,0.0,2127-15-31,0.0,0.16,26.24,0.0,0.0,0.0,0,4.828125,3,187,05:49,20:11,2025-05-12 03:53:26.104591,Città della Scienza,78.2,12.791307,13.033719,11.618352,9.130894,EU EEA Common AQI,62.7,11.413618,11.753521,7200,11.507246,100,100,58.1,10.365217,Very Low,62.7,11.573746,100,1747021500,Very Low,9.294682,12.596801,Very Low,12.807858,55.8,14.289855,100,1747021500,12.956522
2025-05-12T03:53:37Z,236,29.858,70.4,62,58.8,1,2,341,87,0.0,255,32767,0.0,2127-15-31,0.0,0.16,26.24,0.0,0.0,0.0,0,4.828125,3,187,05:49,20:11,2025-05-12 03:53:37.216582,Città della Scienza,78.2,12.791307,13.033719,11.618352,9.130894,EU EEA Common AQI,62.7,11.413618,11.753521,7200,11.507246,100,100,58.1,10.365217,Very Low,62.7,11.573746,100,1747021500,Very Low,9.294682,12.596801,Very Low,12.807858,55.8,14.289855,100,1747021500,12.956522
2025-05-12T03:53:48Z,236,29.858,70.4,62,58.8,1,2,351,87,0.0,255,32767,0.0,2127-15-31,0.0,0.16,26.24,0.0,0.0,0.0,0,4.828125,3,187,05:49,20:11,2025-05-12 03:53:48.245593,Città della Scienza,78.2,12.791307,13.033719,11.618352,9.130894,EU EEA Common AQI,62.7,11.413618,11.753521,7200,11.507246,100,100,58.1,10.365217,Very Low,62.7,11.573746,100,1747021500,Very Low,9.294682,12.596801,Very Low,12.807858,55.8,14.289855,100,1747021500,12.956522
2025-05-12T03:53:59Z,236,29.858,70.4,62,58.8,1,2,351,87,0.0,255,32767,0.0,2127-15-31,0.0,0.16,26.24,0.0,0.0,0.0,0,4.828125,3,187,05:49,20:11,2025-05-12 03:53:59.326595,Città della Scienza,78.2,12.791307,13.033719,11.618352,9.130894,EU EEA Common AQI,62.7,11.413618,11.753521,7200,11.507246,100,100,58.1,10.365217,Very Low,62.7,11.573746,100,1747021500,Very Low,9.294682,12.596801,Very Low,12.807858,55.8,14.289855,100,1747021500,12.956522
2025-05-12T03:54:10Z,236,29.858,70.4,62,58.8,0,2,351,87,0.0,255,32767,0.0,2127-15-31,0.0,0.16,26.24,0.0,0.0,0.0,0,4.828125,3,187,05:49,20:11,2025-05-12 03:54:10.410596,Città della Scienza,78.2,12.791307,13.033719,11.618352,9.130894,EU EEA Common AQI,62.7,11.413618,11.753521,7200,11.507246,100,100,58.1,10.365217,Very Low,62.7,11.573746,100,1747021500,Very Low,9.294682,12.596801,Very Low,12.807858,55.8,14.289855,100,1747021500,12.956522
2025-05-12T03:54:21Z,236,29.858,70.4,62,58.8,1,2,351,87,0.0,255,32767,0.0,2127-15-31,0.0,0.16,26.24,0.0,0.0,0.0,0,4.828125,3,187,05:49,20:11,2025-05-12 03:54:21.472586,Città della Scienza,78.2,12.791307,13.033719,11.618352,9.130894,EU EEA Common AQI,62.7,11.413618,11.753521,7200,11.507246,100,100,58.1,10.365217,Very Low,62.7,11.573746,100,1747021500,Very Low,9.294682,12.596801,Very Low,12.807858,55.8,14.289855,100,1747021500,12.956522
2025-05-12T03:54:32Z,236,29.856,70.3,62,58.8,1,2,351,87,0.0,255,32767,0.0,2127-15-31,0.0,0.16,26.24,0.0,0.0,0.0,0,4.828125,3,187,05:49,20:11,2025-05-12 03:54:32.566588,Città della Scienza,78.2,12.791307,13.033719,11.618352,9.130894,EU EEA Common AQI,62.7,11.413618,11.753521,7200,11.507246,100,100,58.1,10.365217,Very Low,62.7,11.573746,100,1747021500,Very Low,9.294682,12.596801,Very Low,12.807858,55.8,14.289855,100,1747021500,12.956522
2025-05-12T03:54:43Z,236,29.856,70.3,62,58.8,2,2,351,87,0.0,255,32767,0.0,2127-15-31,0.0,0.16,26.24,0.0,0.0,0.0,0,4.828125,3,187,05:49,20:11,2025-05-12 03:54:43.700597,Città della Scienza,78.2,12.791307,13.033719,11.618352,9.130894,EU EEA Common AQI,62.7,11.413618,11.753521,7200,11.507246,100,100,58.1,10.365217,Very Low,62.7,11.573746,100,1747021500,Very Low,9.294682,12.596801,Very Low,12.807858,55.8,14.289855,100,1747021500,12.956522
2025-05-12T03:54:54Z,236,29.856,70.3,62,58.7,2,2,351,87,0.0,255,32767,0.0,2127-15-31,0.0,0.16,26.24,0.0,0.0,0.0,0,4.828125,3,187,05:49,20:11,2025-05-12 03:54:54.787591,Città della Scienza
2025-05-12T03:55:06Z,236,29.856,70.3,62,58.7,2,2,26,87,0.0,255,32767,0.0,2127-15-31,0.0,0.16,26.24,0.0,0.0,0.0,0,4.828125,3,187,05:49,20:11,2025-05-12 03:55:05.848592,Città della Scienza
2025-05-12T03:55:17Z,236,29.856,70.3,62,58.7,2,2,27,87,0.0,255,32767,0.0,2127-15-31,0.0,0.16,26.24,0.0,0.0,0.0,0,4.828125,3,187,05:49,20:11,2025-05-12 03:55:16.905595,Città della Scienza
2025-05-12T03:55:28Z,236,29.856,70.3,62,58.7,2,2,27,87,0.0,255,32767,0.0,2127-15-31,0.0,0.16,26.24,0.0,0.0,0.0,0,4.828125,3,187,05:49,20:11,2025-05-12 03:55:27.945590,Città della Scienza
2025-05-12T03:55:39Z,236,29.858,70.3,62,58.7,3,2,27,87,0.0,255,32767,0.0,2127-15-31,0.0,0.16,26.24,0.0,0.0,0.0,0,4.828125,3,187,05:49,20:11,2025-05-12 03:55:39.008599,Città della Scienza
2025-05-12T03:55:50Z,236,29.858,70.3,62,58.7,0,2,41,87,0.0,255,32767,0.0,2127-15-31,0.0,0.16,26.24,0.0,0.0,0.0,0,4.828125,3,187,05:49,20:11,2025-05-12 03:55:50.093611,Città della Scienza
2025-05-12T03:56:01Z,236,29.858,70.3,62,58.7,0,2,41,87,0.0,255,32767,0.0,2127-15-31,0.0,0.16,26.24,0.0,0.0,0.0,0,4.828125,3,187,05:49,20:11,2025-05-12 03:56:01.174595,Città della Scienza
2025-05-12T03:56:12Z,236,29.858,70.3,62,58.7,0,2,36,87,0.0,255,32767,0.0,2127-15-31,0.0,0.16,26.24,0.0,0.0,0.0,0,4.828125,3,187,05:49,20:11,2025-05-12 03:56:12.274593,Città della Scienza
2025-05-12T03:56:23Z,236,29.858,70.3,62,58.6,0,2,15,87,0.0,255,32767,0.0,2127-15-31,0.0,0.16,26.24,0.0,0.0,0.0,0,4.828125,3,187,05:49,20:11,2025-05-12 03:56:23.358600,Città della Scienza
2025-05-12T03:56:34Z,236,29.859,70.3,62,58.7,0,2,13,87,0.0,255,32767,0.0,2127-15-31,0.0,0.16,26.24,0.0,0.0,0.0,0,4.828125,3,187,05:49,20:11,2025-05-12 03:56:34.419590,Città della Scienza
2025-05-12T03:56:45Z,236,29.859,70.3,62,58.7,2,2,13,87,0.0,255,32767,0.0,2127-15-31,0.0,0.16,26.24,0.0,0.0,0.0,0,4.828125,3,187,05:49,20:11,2025-05-12 03:56:45.525591,Città della Scienza
2025-05-12T03:56:56Z,236,29.859,70.3,62,58.7,1,2,38,87,0.0,255,32767,0.0,2127-15-31,0.0,0.16,26.24,0.0,0.0,0.0,0,4.828125,3,187,05:49,20:11,2025-05-12 03:56:56.589591,Città della Scienza
2025-05-12T03:57:07Z,236,29.859,70.3,62,58.6,1,2,34,87,0.0,255,32767,0.0,2127-15-31,0.0,0.16,26.24,0.0,0.0,0.0,0,4.828125,3,187,05:49,20:11,2025-05-12 03:57:07.627601,Città della Scienza
2025-05-12T03:57:18Z,236,29.859,70.3,62,58.6,0,2,29,87,0.0,255,32767,0.0,2127-15-31,0.0,0.16,26.24,0.0,0.0,0.0,0,4.828125,3,187,05:49,20:11,2025-05-12 03:57:18.692595,Città della Scienza
2025-05-12T03:57:29Z,236,29.859,70.3,62,58.7,0,2,29,87,0.0,255,32767,0.0,2127-15-31,0.0,0.16,26.24,0.0,0.0,0.0,0,4.828125,3,187,05:49,20:11,2025-05-12 03:57:29.745594,Città della Scienza
2025-05-12T03:57:41Z,236,29.857,70.3,62,58.7,0,2,36,87,0.0,255,32767,0.0,2127-15-31,0.0,0.16,26.24,0.0,0.0,0.0,0,4.828125,3,187,05:49,20:11,2025-05-12 03:57:40.800553,Città della Scienza
2025-05-12T03:57:52Z,236,29.857,70.3,62,58.7,2,2,36,87,0.0,255,32767,0.0,2127-15-31,0.0,0.16,26.24,0.0,0.0,0.0,0,4.828125,3,187,05:49,20:11,2025-05-12 03:57:51.839596,Città della Scienza
2025-05-12T03:58:03Z,236,29.857,70.3,62,58.7,1,2,36,87,0.0,255,32767,0.0,2127-15-31,0.0,0.16,26.24,0.0,0.0,0.0,0,4.828125,3,187,05:49,20:11,2025-05-12 03:58:02.951586,Città della Scienza
2025-05-12T03:58:14Z,236,29.857,70.3,62,58.7,1,2,36,87,0.0,255,32767,0.0,2127-15-31,0.0,0.16,26.24,0.0,0.0,0.0,0,4.828125,3,187,05:49,20:11,2025-05-12 03:58:13.995591,Città della Scienza
2025-05-12T03:58:25Z,236,29.857,70.3,62,58.7,2,2,31,87,0.0,255,32767,0.0,2127-15-31,0.0,0.16,26.24,0.0,0.0,0.0,0,4.828125,3,187,05:49,20:11,2025-05-12 03:58:25.074567,Città della Scienza
2025-05-12T03:58:36Z,236,29.859,70.3,62,58.7,2,2,31,87,0.0,255,32767,0.0,2127-15-31,0.0,0.16,26.24,0.0,0.0,0.0,0,4.828125,3,187,05:49,20:11,2025-05-12 03:58:36.156596,Città della Scienza
2025-05-12T03:58:47Z,236,29.859,70.3,62,58.7,1,2,31,87,0.0,255,32767,0.0,2127-15-31,0.0,0.16,26.24,0.0,0.0,0.0,0,4.828125,3,187,05:49,20:11,2025-05-12 03:58:47.222592,Città della Scienza
2025-05-12T03:58:58Z,236,29.859,70.3,62,58.7,1,2,31,87,0.0,255,32767,0.0,2127-15-31,0.0,0.16,26.24,0.0,0.0,0.0,0,4.828125,3,187,05:49,20:11,2025-05-12 03:58:58.277558,Città della Scienza
2025-05-12T03:59:09Z,236,29.859,70.3,62,58.7,0,2,31,87,0.0,255,32767,0.0,2127-15-31,0.0,0.16,26.24,0.0,0.0,0.0,0,4.828125,3,187,05:49,20:11,2025-05-12 03:59:09.365595,Città della Scienza
2025-05-12T03:59:20Z,236,29.859,70.3,62,58.7,1,2,31,87,0.0,255,32767,0.0,2127-15-31,0.0,0.16,26.24,0.0,0.0,0.0,0,4.828125,3,187,05:49,20:11,2025-05-12 03:59:20.456594,Città della Scienza
2025-05-12T03:59:31Z,236,29.859,70.3,62,58.7,1,1,31,87,0.0,255,32767,0.0,2127-15-31,0.0,0.16,26.24,0.0,0.0,0.0,0,4.828125,3,187,05:49,20:11,2025-05-12 03:59:31.520593,Città della Scienza
2025-05-12T03:59:42Z,236,29.86,70.3,62,58.7,1,1,31,87,0.0,255,32767,0.0,2127-15-31,0.0,0.16,26.24,0.0,0.0,0.0,0,4.828125,3,187,05:49,20:11,2025-05-12 03:59:42.616596,Città della Scienza
2025-05-12T03:59:53Z,236,29.86,70.3,62,58.7,1,1,29,87,0.0,255,32767,0.0,2127-15-31,0.0,0.16,26.24,0.0,0.0,0.0,0,4.828125,3,187,05:49,20:11,2025-05-12 03:59:53.667597,Città della Scienza
2025-05-12T04:00:04Z,236,29.86,70.3,62,58.8,2,1,29,87,0.0,255,32767,0.0,2127-15-31,0.0,0.16,26.24,0.0,0.0,0.0,0,4.828125,3,187,05:49,20:11,2025-05-12 04:00:04.728558,Città della Scienza,78.2,12.791307,13.033719,11.618352,9.130894,EU EEA Common AQI,62.7,11.413618,11.753521,7200,11.507246,100,100,58.1,10.365217,Very Low,62.7,11.573746,100,1747021500,Very Low,9.294682,12.596801,Very Low,12.807858,55.8,14.289855,100,1747021500,12.956522
2025-05-12T04:00:29Z,236,29.86,70.3,62,58.8,2,1,33,87,0.0,255,32767,0.0,2127-15-31,0.0,0.16,26.24,0.0,0.0,0.0,0,4.828125,3,187,05:49,20:11,2025-05-12 04:00:29.328581,Città della Scienza,78.2,13.246345,12.982976,13.12512,9.721213,EU EEA Common AQI,62.9,12.151517,11.711746,7200,14.285714,100,100,58.3,13.588572,Very Low,62.8,12.023572,100,1747022400,Very Low,10.500095,13.354085,Very Low,14.357142,55.9,18.12857,100,1747022400,16.985714
2025-05-12T04:00:40Z,236,29.86,70.2,62,58.8,1,1,33,87,0.0,255,32767,0.0,2127-15-31,0.0,0.16,26.24,0.0,0.0,0.0,0,4.828125,6,45,05:49,20:11,2025-05-12 04:00:40.406556,Città della Scienza,78.2,13.246345,12.982976,13.12512,9.721213,EU EEA Common AQI,62.9,12.151517,11.711746,7200,14.285714,100,100,58.3,13.588572,Very Low,62.8,12.023572,100,1747022400,Very Low,10.500095,13.354085,Very Low,14.357142,55.9,18.12857,100,1747022400,16.985714
2025-05-12T04:00:51Z,236,29.86,70.2,62,58.8,1,1,33,87,0.0,255,32767,0.0,2127-15-31,0.0,0.16,26.24,0.0,0.0,0.0,0,4.828125,6,45,05:49,20:11,2025-05-12 04:00:51.490590,Città della Scienza,78.2,13.246345,12.982976,13.12512,9.721213,EU EEA Common AQI,62.9,12.151517,11.711746,7200,14.285714,100,100,58.3,13.588572,Very Low,62.8,12.023572,100,1747022400,Very Low,10.500095,13.354085,Very Low,14.357142,55.9,18.12857,100,1747022400,16.985714
2025-05-12T04:01:02Z,236,29.86,70.2,62,58.8,2,1,33,87,0.0,255,32767,0.0,2127-15-31,0.0,0.16,26.24,0.0,0.0,0.0,0,4.828125,6,45,05:49,20:11,2025-05-12 04:01:02.599553,Città della Scienza,78.2,13.246345,12.982976,13.12512,9.721213,EU EEA Common AQI,62.9,12.151517,11.711746,7200,14.285714,100,100,58.3,13.588572,Very Low,62.8,12.023572,100,1747022400,Very Low,10.500095,13.354085,Very Low,14.357142,55.9,18.12857,100,1747022400,16.985714
2025-05-12T04:01:13Z,236,29.86,70.2,62,58.8,1,1,32,87,0.0,255,32767,0.0,2127-15-31,0.0,0.16,26.24,0.0,0.0,0.0,0,4.828125,6,45,05:49,20:11,2025-05-12 04:01:13.701600,Città della Scienza,78.2,13.246345,12.982976,13.12512,9.721213,EU EEA Common AQI,62.9,12.151517,11.711746,7200,14.285714,100,100,58.3,13.588572,Very Low,62.8,12.023572,100,1747022400,Very Low,10.500095,13.354085,Very Low,14.357142,55.9,18.12857,100,1747022400,16.985714
2025-05-12T04:01:25Z,236,29.86,70.2,62,58.8,1,1,5,87,0.0,255,32767,0.0,2127-15-31,0.0,0.16,26.24,0.0,0.0,0.0,0,4.828125,6,45,05:49,20:11,2025-05-12 04:01:24.801595,Città della Scienza,78.2,13.246345,12.982976,13.12512,9.721213,EU EEA Common AQI,62.9,12.151517,11.711746,7200,14.285714,100,100,58.3,13.588572,Very Low,62.8,12.023572,100,1747022400,Very Low,10.500095,13.354085,Very Low,14.357142,55.9,18.12857,100,1747022400,16.985714
2025-05-12T04:01:36Z,236,29.86,70.2,62,58.8,1,1,360,87,0.0,255,32767,0.0,2127-15-31,0.0,0.16,26.24,0.0,0.0,0.0,0,4.828125,6,45,05:49,20:11,2025-05-12 04:01:35.872593,Città della Scienza,78.2,13.246345,12.982976,13.12512,9.721213,EU EEA Common AQI,62.9,12.151517,11.711746,7200,14.285714,100,100,58.3,13.588572,Very Low,62.8,12.023572,100,1747022400,Very Low,10.500095,13.354085,Very Low,14.357142,55.9,18.12857,100,1747022400,16.985714
2025-05-12T04:01:47Z,236,29.86,70.2,62,58.8,0,1,351,87,0.0,255,32767,0.0,2127-15-31,0.0,0.16,26.24,0.0,0.0,0.0,0,4.828125,6,45,05:49,20:11,2025-05-12 04:01:46.940597,Città della Scienza,78.2,13.246345,12.982976,13.12512,9.721213,EU EEA Common AQI,62.9,12.151517,11.711746,7200,14.285714,100,100,58.3,13.588572,Very Low,62.8,12.023572,100,1747022400,Very Low,10.500095,13.354085,Very Low,14.357142,55.9,18.12857,100,1747022400,16.985714
2025-05-12T04:01:58Z,236,29.86,70.2,62,58.9,2,1,11,87,0.0,255,32767,0.0,2127-15-31,0.0,0.16,26.24,0.0,0.0,0.0,0,4.828125,6,45,05:49,20:11,2025-05-12 04:01:58.065559,Città della Scienza,78.2,13.246345,12.982976,13.12512,9.721213,EU EEA Common AQI,62.9,12.151517,11.711746,7200,14.285714,100,100,58.3,13.588572,Very Low,62.8,12.023572,100,1747022400,Very Low,10.500095,13.354085,Very Low,14.357142,55.9,18.12857,100,1747022400,16.985714
2025-05-12T04:02:09Z,236,29.86,70.2,62,58.9,1,1,5,87,0.0,255,32767,0.0,2127-15-31,0.0,0.16,26.24,0.0,0.0,0.0,0,4.828125,6,45,05:49,20:11,2025-05-12 04:02:09.148603,Città della Scienza,78.2,13.246345,12.982976,13.12512,9.721213,EU EEA Common AQI,62.9,12.151517,11.711746,7200,14.285714,100,100,58.3,13.588572,Very Low,62.8,12.023572,100,1747022400,Very Low,10.500095,13.354085,Very Low,14.357142,55.9,18.12857,100,1747022400,16.985714
2025-05-12T04:02:20Z,236,29.86,70.2,62,58.9,0,1,9,87,0.0,255,32767,0.0,2127-15-31,0.0,0.16,26.24,0.0,0.0,0.0,0,4.828125,6,45,05:49,20:11,2025-05-12 04:02:20.225595,Città della Scienza,78.2,13.246345,12.982976,13.12512,9.721213,EU EEA Common AQI,62.9,12.151517,11.711746,7200,14.285714,100,100,58.3,13.588572,Very Low,62.8,12.023572,100,1747022400,Very Low,10.500095,13.354085,Very Low,14.357142,55.9,18.12857,100,1747022400,16.985714
2025-05-12T04:02:31Z,236,29.86,70.2,62,58.9,0,1,330,87,0.0,255,32767,0.0,2127-15-31,0.0,0.16,26.24,0.0,0.0,0.0,0,4.828125,6,45,05:49,20:11,2025-05-12 04:02:31.329558,Città della Scienza,78.2,13.246345,12.982976,13.12512,9.721213,EU EEA Common AQI,62.9,12.151517,11.711746,7200,14.285714,100,100,58.3,13.588572,Very Low,62.8,12.023572,100,1747022400,Very Low,10.500095,13.354085,Very Low,14.357142,55.9,18.12857,100,1747022400,16.985714
2025-05-12T04:02:42Z,236,29.86,70.2,62,58.9,0,1,342,87,0.0,255,32767,0.0,2127-15-31,0.0,0.16,26.24,0.0,0.0,0.0,0,4.828125,6,45,05:49,20:11,2025-05-12 04:02:42.416591,Città della Scienza,78.2,13.246345,12.982976,13.12512,9.721213,EU EEA Common AQI,62.9,12.151517,11.711746,7200,14.285714,100,100,58.3,13.588572,Very Low,62.8,12.023572,100,1747022400,Very Low,10.500095,13.354085,Very Low,14.357142,55.9,18.12857,100,1747022400,16.985714
2025-05-12T04:02:53Z,236,29.86,70.2,62,58.9,1,1,360,87,0.0,255,32767,0.0,2127-15-31,0.0,0.16,26.24,0.0,0.0,0.0,0,4.828125,6,45,05:49,20:11,2025-05-12 04:02:53.447606,Città della Scienza,78.2,13.246345,12.982976,13.12512,9.721213,EU EEA Common AQI,62.9,12.151517,11.711746,7200,14.285714,100,100,58.3,13.588572,Very Low,62.8,12.023572,100,1747022400,Very Low,10.500095,13.354085,Very Low,14.357142,55.9,18.12857,100,1747022400,16.985714
2025-05-12T04:03:04Z,236,29.86,70.2,62,58.9,1,1,360,87,0.0,255,32767,0.0,2127-15-31,0.0,0.16,26.24,0.0,0.0,0.0,0,4.828125,6,45,05:49,20:11,2025-05-12 04:03:04.532595,Città della Scienza,78.2,13.246345,12.982976,13.12512,9.721213,EU EEA Common AQI,62.9,12.151517,11.711746,7200,14.285714,100,100,58.3,13.588572,Very Low,62.8,12.023572,100,1747022400,Very Low,10.500095,13.354085,Very Low,14.357142,55.9,18.12857,100,1747022400,16.985714
2025-05-12T04:03:15Z,236,29.86,70.2,62,58.9,2,1,12,87,0.0,255,32767,0.0,2127-15-31,0.0,0.16,26.24,0.0,0.0,0.0,0,4.828125,6,45,05:49,20:11,2025-05-12 04:03:15.619597,Città della Scienza,78.2,13.246345,12.982976,13.12512,9.721213,EU EEA Common AQI,62.9,12.151517,11.711746,7200,14.285714,100,100,58.3,13.588572,Very Low,62.8,12.023572,100,1747022400,Very Low,10.500095,13.354085,Very Low,14.357142,55.9,18.12857,100,1747022400,16.985714
2025-05-12T04:03:26Z,236,29.86,70.2,62,58.9,1,1,35,87,0.0,255,32767,0.0,2127-15-31,0.0,0.16,26.24,0.0,0.0,0.0,0,4.828125,6,45,05:49,20:11,2025-05-12 04:03:26.722590,Città della Scienza,78.2,13.246345,12.982976,13.12512,9.721213,EU EEA Common AQI,62.9,12.151517,11.711746,7200,14.285714,100,100,58.3,13.588572,Very Low,62.8,12.023572,100,1747022400,Very Low,10.500095,13.354085,Very Low,14.357142,55.9,18.12857,100,1747022400,16.985714
2025-05-12T04:03:38Z,236,29.859,70.2,62,58.9,1,1,20,87,0.0,255,32767,0.0,2127-15-31,0.0,0.16,26.24,0.0,0.0,0.0,0,4.828125,6,45,05:49,20:11,2025-05-12 04:03:37.819590,Città della Scienza,78.2,13.246345,12.982976,13.12512,9.721213,EU EEA Common AQI,62.9,12.151517,11.711746,7200,14.285714,100,100,58.3,13.588572,Very Low,62.8,12.023572,100,1747022400,Very Low,10.500095,13.354085,Very Low,14.357142,55.9,18.12857,100,1747022400,16.985714
2025-05-12T04:03:49Z,236,29.859,70.2,62,59.0,1,1,18,87,0.0,255,32767,0.0,2127-15-31,0.0,0.16,26.24,0.0,0.0,0.0,0,4.828125,6,45,05:49,20:11,2025-05-12 04:03:48.846591,Città della Scienza,78.2,13.246345,12.982976,13.12512,9.721213,EU EEA Common AQI,62.9,12.151517,11.711746,7200,14.285714,100,100,58.3,13.588572,Very Low,62.8,12.023572,100,1747022400,Very Low,10.500095,13.354085,Very Low,14.357142,55.9,18.12857,100,1747022400,16.985714
2025-05-12T04:04:00Z,236,29.859,70.2,62,59.0,2,1,26,87,0.0,255,32767,0.0,2127-15-31,0.0,0.16,26.24,0.0,0.0,0.0,0,4.828125,6,45,05:49,20:11,2025-05-12 04:03:59.910606,Città della Scienza,78.2,13.246345,12.982976,13.12512,9.721213,EU EEA Common AQI,62.9,12.151517,11.711746,7200,14.285714,100,100,58.3,13.588572,Very Low,62.8,12.023572,100,1747022400,Very Low,10.500095,13.354085,Very Low,14.357142,55.9,18.12857,100,1747022400,16.985714
2025-05-12T04:04:11Z,236,29.859,70.2,62,59.0,1,1,26,87,0.0,255,32767,0.0,2127-15-31,0.0,0.16,26.24,0.0,0.0,0.0,0,4.828125,6,45,05:49,20:11,2025-05-12 04:04:11.008612,Città della Scienza,78.2,13.246345,12.982976,13.12512,9.721213,EU EEA Common AQI,62.9,12.151517,11.711746,7200,14.285714,100,100,58.3,13.588572,Very Low,62.8,12.023572,100,1747022400,Very Low,10.500095,13.354085,Very Low,14.357142,55.9,18.12857,100,1747022400,16.985714
2025-05-12T04:04:22Z,236,29.859,70.2,62,59.0,0,1,5,87,0.0,255,32767,0.0,2127-15-31,0.0,0.16,26.24,0.0,0.0,0.0,0,4.828125,6,45,05:49,20:11,2025-05-12 04:04:22.083583,Città della Scienza,78.2,13.246345,12.982976,13.12512,9.721213,EU EEA Common AQI,62.9,12.151517,11.711746,7200,14.285714,100,100,58.3,13.588572,Very Low,62.8,12.023572,100,1747022400,Very Low,10.500095,13.354085,Very Low,14.357142,55.9,18.12857,100,1747022400,16.985714
2025-05-12T04:04:33Z,236,29.859,70.2,62,59.0,0,1,360,87,0.0,255,32767,0.0,2127-15-31,0.0,0.16,26.24,0.0,0.0,0.0,0,4.828125,6,45,05:49,20:11,2025-05-12 04:04:33.151592,Città della Scienza,78.2,13.246345,12.982976,13.12512,9.721213,EU EEA Common AQI,62.9,12.151517,11.711746,7200,14.285714,100,100,58.3,13.588572,Very Low,62.8,12.023572,100,1747022400,Very Low,10.500095,13.354085,Very Low,14.357142,55.9,18.12857,100,1747022400,16.985714
2025-05-12T04:04:44Z,236,29.859,70.2,62,59.0,1,1,339,87,0.0,255,32767,0.0,2127-15-31,0.0,0.16,26.24,0.0,0.0,0.0,0,4.828125,6,45,05:49,20:11,2025-05-12 04:04:44.225587,Città della Scienza,78.2,13.246345,12.982976,13.12512,9.721213,EU EEA Common AQI,62.9,12.151517,11.711746,7200,14.285714,100,100,58.3,13.588572,Very Low,62.8,12.023572,100,1747022400,Very Low,10.500095,13.354085,Very Low,14.357142,55.9,18.12857,100,1747022400,16.985714
2025-05-12T04:04:55Z,236,29.859,70.2,62,59.0,0,1,5,87,0.0,255,32767,0.0,2127-15-31,0.0,0.16,26.24,0.0,0.0,0.0,0,4.828125,6,45,05:49,20:11,2025-05-12 04:04:55.340596,Città della Scienza,78.2,13.246345,12.982976,13.12512,9.721213,EU EEA Common AQI,62.9,12.151517,11.711746,7200,14.285714,100,100,58.3,13.588572,Very Low,62.8,12.023572,100,1747022400,Very Low,10.500095,13.354085,Very Low,14.357142,55.9,18.12857,100,1747022400,16.985714
2025-05-12T04:05:06Z,236,29.859,70.2,62,59.0,0,1,5,87,0.0,255,32767,0.0,2127-15-31,0.0,0.16,26.24,0.0,0.0,0.0,0,4.828125,6,45,05:49,20:11,2025-05-12 04:05:06.404593,Città della Scienza,78.2,13.246345,12.982976,13.12512,9.721213,EU EEA Common AQI,62.9,12.151517,11.711746,7200,14.285714,100,100,58.3,13.588572,Very Low,62.8,12.023572,100,1747022400,Very Low,10.500095,13.354085,Very Low,14.357142,55.9,18.12857,100,1747022400,16.985714
2025-05-12T04:05:17Z,236,29.859,70.2,62,59.0,2,1,22,87,0.0,255,32767,0.0,2127-15-31,0.0,0.16,26.24,0.0,0.0,0.0,0,4.828125,6,45,05:49,20:11,2025-05-12 04:05:17.470590,Città della Scienza,78.2,13.246345,12.982976,13.12512,9.721213,EU EEA Common AQI,62.9,12.151517,11.711746,7200,14.285714,100,100,58.3,13.588572,Very Low,62.8,12.023572,100,1747022400,Very Low,10.500095,13.354085,Very Low,14.357142,55.9,18.12857,100,1747022400,16.985714
2025-05-12T04:05:28Z,236,29.859,70.2,62,59.1,0,1,22,87,0.0,255,32767,0.0,2127-15-31,0.0,0.16,26.24,0.0,0.0,0.0,0,4.828125,6,45,05:49,20:11,2025-05-12 04:05:28.571591,Città della Scienza,78.2,13.246345,12.982976,13.12512,9.721213,EU EEA Common AQI,62.9,12.151517,11.711746,7200,14.285714,100,100,58.3,13.588572,Very Low,62.8,12.023572,100,1747022400,Very Low,10.500095,13.354085,Very Low,14.357142,55.9,18.12857,100,1747022400,16.985714
2025-05-12T04:05:39Z,236,29.86,70.2,62,59.1,1,1,20,87,0.0,255,32767,0.0,2127-15-31,0.0,0.16,26.24,0.0,0.0,0.0,0,4.828125,6,45,05:49,20:11,2025-05-12 04:05:39.698590,Città della Scienza,78.2,13.246345,12.982976,13.12512,9.721213,EU EEA Common AQI,62.9,12.151517,11.711746,7200,14.285714,100,100,58.3,13.588572,Very Low,62.8,12.023572,100,1747022400,Very Low,10.500095,13.354085,Very Low,14.357142,55.9,18.12857,100,1747022400,16.985714
2025-05-12T04:05:50Z,236,29.86,70.2,62,59.1,1,1,16,87,0.0,255,32767,0.0,2127-15-31,0.0,0.16,26.24,0.0,0.0,0.0,0,4.828125,6,45,05:49,20:11,2025-05-12 04:05:50.727588,Città della Scienza,78.2,13.246345,12.982976,13.12512,9.721213,EU EEA Common AQI,62.9,12.151517,11.711746,7200,14.285714,100,100,58.3,13.588572,Very Low,62.8,12.023572,100,1747022400,Very Low,10.500095,13.354085,Very Low,14.357142,55.9,18.12857,100,1747022400,16.985714
2025-05-12T04:06:02Z,236,29.86,70.2,62,59.1,1,1,15,87,0.0,255,32767,0.0,2127-15-31,0.0,0.16,26.24,0.0,0.0,0.0,0,4.828125,6,45,05:49,20:11,2025-05-12 04:06:01.821589,Città della Scienza,78.2,13.246345,12.982976,13.12512,9.721213,EU EEA Common AQI,62.9,12.151517,11.711746,7200,14.285714,100,100,58.3,13.588572,Very Low,62.8,12.023572,100,1747022400,Very Low,10.500095,13.354085,Very Low,14.357142,55.9,18.12857,100,1747022400,16.985714
2025-05-12T04:06:13Z,236,29.86,70.2,62,59.1,2,1,24,87,0.0,255,32767,0.0,2127-15-31,0.0,0.16,26.24,0.0,0.0,0.0,0,4.828125,6,45,05:49,20:11,2025-05-12 04:06:12.908610,Città della Scienza,78.2,13.246345,12.982976,13.12512,9.721213,EU EEA Common AQI,62.9,12.151517,11.711746,7200,14.285714,100,100,58.3,13.588572,Very Low,62.8,12.023572,100,1747022400,Very Low,10.500095,13.354085,Very Low,14.357142,55.9,18.12857,100,1747022400,16.985714
2025-05-12T04:06:24Z,236,29.86,70.2,62,59.1,1,1,17,87,0.0,255,32767,0.0,2127-15-31,0.0,0.16,26.24,0.0,0.0,0.0,0,4.828125,6,45,05:49,20:11,2025-05-12 04:06:23.979593,Città della Scienza,78.2,13.246345,12.982976,13.12512,9.721213,EU EEA Common AQI,62.9,12.151517,11.711746,7200,14.285714,100,100,58.3,13.588572,Very Low,62.8,12.023572,100,1747022400,Very Low,10.500095,13.354085,Very Low,14.357142,55.9,18.12857,100,1747022400,16.985714
2025-05-12T04:06:35Z,236,29.858,70.2,62,59.1,0,1,9,87,0.0,255,32767,0.0,2127-15-31,0.0,0.16,26.24,0.0,0.0,0.0,0,4.828125,6,45,05:49,20:11,2025-05-12 04:06:35.074584,Città della Scienza,78.2,13.246345,12.982976,13.12512,9.721213,EU EEA Common AQI,62.9,12.151517,11.711746,7200,14.285714,100,100,58.3,13.588572,Very Low,62.8,12.023572,100,1747022400,Very Low,10.500095,13.354085,Very Low,14.357142,55.9,18.12857,100,1747022400,16.985714
2025-05-12T04:06:46Z,236,29.858,70.2,62,59.1,1,1,13,87,0.0,255,32767,0.0,2127-15-31,0.0,0.16,26.24,0.0,0.0,0.0,0,4.828125,6,45,05:49,20:11,2025-05-12 04:06:46.196592,Città della Scienza,78.2,13.246345,12.982976,13.12512,9.721213,EU EEA Common AQI,62.9,12.151517,11.711746,7200,14.285714,100,100,58.3,13.588572,Very Low,62.8,12.023572,100,1747022400,Very Low,10.500095,13.354085,Very Low,14.357142,55.9,18.12857,100,1747022400,16.985714
2025-05-12T04:06:57Z,236,29.858,70.2,62,59.1,2,1,18,87,0.0,255,32767,0.0,2127-15-31,0.0,0.16,26.24,0.0,0.0,0.0,0,4.828125,6,45,05:49,20:11,2025-05-12 04:06:57.288596,Città della Scienza,78.2,13.246345,12.982976,13.12512,9.721213,EU EEA Common AQI,62.9,12.151517,11.711746,7200,14.285714,100,100,58.3,13.588572,Very Low,62.8,12.023572,100,1747022400,Very Low,10.500095,13.354085,Very Low,14.357142,55.9,18.12857,100,1747022400,16.985714
2025-05-12T04:07:08Z,236,29.858,70.2,62,59.1,1,1,15,87,0.0,255,32767,0.0,2127-15-31,0.0,0.16,26.24,0.0,0.0,0.0,0,4.828125,6,45,05:49,20:11,2025-05-12 04:07:08.421593,Città della Scienza,78.2,13.246345,12.982976,13.12512,9.721213,EU EEA Common AQI,62.9,12.151517,11.711746,7200,14.285714,100,100,58.3,13.588572,Very Low,62.8,12.023572,100,1747022400,Very Low,10.500095,13.354085,Very Low,14.357142,55.9,18.12857,100,1747022400,16.985714
2025-05-12T04:07:19Z,236,29.858,70.2,62,59.1,1,1,15,87,0.0,255,32767,0.0,2127-15-31,0.0,0.16,26.24,0.0,0.0,0.0,0,4.828125,6,45,05:49,20:11,2025-05-12 04:07:19.509592,Città della Scienza,78.2,13.246345,12.982976,13.12512,9.721213,EU EEA Common AQI,62.9,12.151517,11.711746,7200,14.285714,100,100,58.3,13.588572,Very Low,62.8,12.023572,100,1747022400,Very Low,10.500095,13.354085,Very Low,14.357142,55.9,18.12857,100,1747022400,16.985714
2025-05-12T04:07:30Z,236,29.858,70.2,62,59.1,2,1,15,87,0.0,255,32767,0.0,2127-15-31,0.0,0.16,26.24,0.0,0.0,0.0,0,4.828125,6,45,05:49,20:11,2025-05-12 04:07:30.589592,Città della Scienza,78.2,13.246345,12.982976,13.12512,9.721213,EU EEA Common AQI,62.9,12.151517,11.711746,7200,14.285714,100,100,58.3,13.588572,Very Low,62.8,12.023572,100,1747022400,Very Low,10.500095,13.354085,Very Low,14.357142,55.9,18.12857,100,1747022400,16.985714
2025-05-12T04:07:41Z,236,29.86,70.2,62,59.1,1,1,15,87,0.0,255,32767,0.0,2127-15-31,0.0,0.16,26.24,0.0,0.0,0.0,0,4.828125,6,45,05:49,20:11,2025-05-12 04:07:41.695592,Città della Scienza,78.2,13.246345,12.982976,13.12512,9.721213,EU EEA Common AQI,62.9,12.151517,11.711746,7200,14.285714,100,100,58.3,13.588572,Very Low,62.8,12.023572,100,1747022400,Very Low,10.500095,13.354085,Very Low,14.357142,55.9,18.12857,100,1747022400,16.985714
2025-05-12T04:07:52Z,236,29.86,70.2,62,59.1,2,1,15,87,0.0,255,32767,0.0,2127-15-31,0.0,0.16,26.24,0.0,0.0,0.0,0,4.828125,6,45,05:49,20:11,2025-05-12 04:07:52.771587,Città della Scienza,78.2,13.246345,12.982976,13.12512,9.721213,EU EEA Common AQI,62.9,12.151517,11.711746,7200,14.285714,100,100,58.3,13.588572,Very Low,62.8,12.023572,100,1747022400,Very Low,10.500095,13.354085,Very Low,14.357142,55.9,18.12857,100,1747022400,16.985714
2025-05-12T04:08:04Z,236,29.86,70.2,62,59.1,1,1,18,87,0.0,255,32767,0.0,2127-15-31,0.0,0.16,26.24,0.0,0.0,0.0,0,4.828125,6,45,05:49,20:11,2025-05-12 04:08:03.871590,Città della Scienza,78.2,13.246345,12.982976,13.12512,9.721213,EU EEA Common AQI,62.9,12.151517,11.711746,7200,14.285714,100,100,58.3,13.588572,Very Low,62.8,12.023572,100,1747022400,Very Low,10.500095,13.354085,Very Low,14.357142,55.9,18.12857,100,1747022400,16.985714
2025-05-12T04:08:15Z,236,29.86,70.2,62,59.1,0,1,18,87,0.0,255,32767,0.0,2127-15-31,0.0,0.16,26.24,0.0,0.0,0.0,0,4.828125,6,45,05:49,20:11,2025-05-12 04:08:14.954593,Città della Scienza,78.2,13.246345,12.982976,13.12512,9.721213,EU EEA Common AQI,62.9,12.151517,11.711746,7200,14.285714,100,100,58.3,13.588572,Very Low,62.8,12.023572,100,1747022400,Very Low,10.500095,13.354085,Very Low,14.357142,55.9,18.12857,100,1747022400,16.985714
2025-05-12T04:08:26Z,236,29.86,70.2,62,59.1,0,1,13,87,0.0,255,32767,0.0,2127-15-31,0.0,0.16,26.24,0.0,0.0,0.0,0,4.828125,6,45,05:49,20:11,2025-05-12 04:08:26.028591,Città della Scienza,78.2,13.246345,12.982976,13.12512,9.721213,EU EEA Common AQI,62.9,12.151517,11.711746,7200,14.285714,100,100,58.3,13.588572,Very Low,62.8,12.023572,100,1747022400,Very Low,10.500095,13.354085,Very Low,14.357142,55.9,18.12857,100,1747022400,16.985714
2025-05-12T04:08:37Z,236,29.862,70.2,62,59.1,1,1,5,87,0.0,255,32767,0.0,2127-15-31,0.0,0.16,26.24,0.0,0.0,0.0,0,4.828125,6,45,05:49,20:11,2025-05-12 04:08:37.104593,Città della Scienza,78.2,13.246345,12.982976,13.12512,9.721213,EU EEA Common AQI,62.9,12.151517,11.711746,7200,14.285714,100,100,58.3,13.588572,Very Low,62.8,12.023572,100,1747022400,Very Low,10.500095,13.354085,Very Low,14.357142,55.9,18.12857,100,1747022400,16.985714
2025-05-12T04:08:48Z,236,29.862,70.2,62,59.1,0,1,5,87,0.0,255,32767,0.0,2127-15-31,0.0,0.16,26.24,0.0,0.0,0.0,0,4.828125,6,45,05:49,20:11,2025-05-12 04:08:48.163592,Città della Scienza,78.2,13.246345,12.982976,13.12512,9.721213,EU EEA Common AQI,62.9,12.151517,11.711746,7200,14.285714,100,100,58.3,13.588572,Very Low,62.8,12.023572,100,1747022400,Very Low,10.500095,13.354085,Very Low,14.357142,55.9,18.12857,100,1747022400,16.985714
2025-05-12T04:08:59Z,236,29.862,70.2,62,59.1,0,1,5,87,0.0,255,32767,0.0,2127-15-31,0.0,0.16,26.24,0.0,0.0,0.0,0,4.828125,6,45,05:49,20:11,2025-05-12 04:08:59.231585,Città della Scienza,78.2,13.246345,12.982976,13.12512,9.721213,EU EEA Common AQI,62.9,12.151517,11.711746,7200,14.285714,100,100,58.3,13.588572,Very Low,62.8,12.023572,100,1747022400,Very Low,10.500095,13.354085,Very Low,14.357142,55.9,18.12857,100,1747022400,16.985714
2025-05-12T04:09:10Z,236,29.862,70.2,62,59.1,0,1,19,87,0.0,255,32767,0.0,2127-15-31,0.0,0.16,26.24,0.0,0.0,0.0,0,4.828125,6,45,05:49,20:11,2025-05-12 04:09:10.315586,Città della Scienza,78.2,13.246345,12.982976,13.12512,9.721213,EU EEA Common AQI,62.9,12.151517,11.711746,7200,14.285714,100,100,58.3,13.588572,Very Low,62.8,12.023572,100,1747022400,Very Low,10.500095,13.354085,Very Low,14.357142,55.9,18.12857,100,1747022400,16.985714
2025-05-12T04:09:21Z,236,29.862,70.2,62,59.1,2,1,19,87,0.0,255,32767,0.0,2127-15-31,0.0,0.16,26.24,0.0,0.0,0.0,0,4.828125,6,45,05:49,20:11,2025-05-12 04:09:21.412602,Città della Scienza,78.2,13.246345,12.982976,13.12512,9.721213,EU EEA Common AQI,62.9,12.151517,11.711746,7200,14.285714,100,100,58.3,13.588572,Very Low,62.8,12.023572,100,1747022400,Very Low,10.500095,13.354085,Very Low,14.357142,55.9,18.12857,100,1747022400,16.985714
2025-05-12T04:09:32Z,236,29.86,70.2,62,59.1,1,1,19,87,0.0,255,32767,0.0,2127-15-31,0.0,0.16,26.24,0.0,0.0,0.0,0,4.828125,6,45,05:49,20:11,2025-05-12 04:09:32.517595,Città della Scienza,78.2,13.246345,12.982976,13.12512,9.721213,EU EEA Common AQI,62.9,12.151517,11.711746,7200,14.285714,100,100,58.3,13.588572,Very Low,62.8,12.023572,100,1747022400,Very Low,10.500095,13.354085,Very Low,14.357142,55.9,18.12857,100,1747022400,16.985714
2025-05-12T04:09:43Z,236,29.86,70.2,62,59.1,0,1,19,87,0.0,255,32767,0.0,2127-15-31,0.0,0.16,26.24,0.0,0.0,0.0,0,4.828125,6,45,05:49,20:11,2025-05-12 04:09:43.618600,Città della Scienza,78.2,13.246345,12.982976,13.12512,9.721213,EU EEA Common AQI,62.9,12.151517,11.711746,7200,14.285714,100,100,58.3,13.588572,Very Low,62.8,12.023572,100,1747022400,Very Low,10.500095,13.354085,Very Low,14.357142,55.9,18.12857,100,1747022400,16.985714
2025-05-12T04:09:54Z,236,29.86,70.2,62,59.1,0,1,19,87,0.0,255,32767,0.0,2127-15-31,0.0,0.16,26.24,0.0,0.0,0.0,0,4.828125,6,45,05:49,20:11,2025-05-12 04:09:54.694589,Città della Scienza,78.2,13.246345,12.982976,13.12512,9.721213,EU EEA Common AQI,62.9,12.151517,11.711746,7200,14.285714,100,100,58.3,13.588572,Very Low,62.8,12.023572,100,1747022400,Very Low,10.500095,13.354085,Very Low,14.357142,55.9,18.12857,100,1747022400,16.985714
2025-05-12T04:10:06Z,236,29.86,70.2,62,59.1,0,1,19,87,0.0,255,32767,0.0,2127-15-31,0.0,0.16,26.24,0.0,0.0,0.0,0,4.828125,6,45,05:49,20:11,2025-05-12 04:10:05.823594,Città della Scienza,78.2,13.246345,12.982976,13.12512,9.721213,EU EEA Common AQI,62.9,12.151517,11.711746,7200,14.285714,100,100,58.3,13.588572,Very Low,62.8,12.023572,100,1747022400,Very Low,10.500095,13.354085,Very Low,14.357142,55.9,18.12857,100,1747022400,16.985714
2025-05-12T04:10:17Z,236,29.86,70.2,62,59.1,0,1,19,87,0.0,255,32767,0.0,2127-15-31,0.0,0.16,26.24,0.0,0.0,0.0,0,4.828125,6,45,05:49,20:11,2025-05-12 04:10:16.949614,Città della Scienza,78.2,13.246345,12.982976,13.12512,9.721213,EU EEA Common AQI,62.9,12.151517,11.711746,7200,14.285714,100,100,58.3,13.588572,Very Low,62.8,12.023572,100,1747022400,Very Low,10.500095,13.354085,Very Low,14.357142,55.9,18.12857,100,1747022400,16.985714
2025-05-12T04:10:28Z,236,29.86,70.2,62,59.1,2,1,19,87,0.0,255,32767,0.0,2127-15-31,0.0,0.16,26.24,0.0,0.0,0.0,0,4.828125,6,45,05:49,20:11,2025-05-12 04:10:28.025554,Città della Scienza,78.2,13.246345,12.982976,13.12512,9.721213,EU EEA Common AQI,62.9,12.151517,11.711746,7200,14.285714,100,100,58.3,13.588572,Very Low,62.8,12.023572,100,1747022400,Very Low,10.500095,13.354085,Very Low,14.357142,55.9,18.12857,100,1747022400,16.985714
2025-05-12T04:10:39Z,236,29.862,70.2,62,59.1,0,1,19,87,0.0,255,32767,0.0,2127-15-31,0.0,0.16,26.24,0.0,0.0,0.0,0,4.828125,6,45,05:49,20:11,2025-05-12 04:10:39.149591,Città della Scienza,78.2,13.246345,12.982976,13.12512,9.721213,EU EEA Common AQI,62.9,12.151517,11.711746,7200,14.285714,100,100,58.3,13.588572,Very Low,62.8,12.023572,100,1747022400,Very Low,10.500095,13.354085,Very Low,14.357142,55.9,18.12857,100,1747022400,16.985714
2025-05-12T04:10:50Z,236,29.862,70.2,62,59.1,0,1,19,87,0.0,255,32767,0.0,2127-15-31,0.0,0.16,26.24,0.0,0.0,0.0,0,4.828125,6,45,05:49,20:11,2025-05-12 04:10:50.274598,Città della Scienza,78.2,13.246345,12.982976,13.12512,9.721213,EU EEA Common AQI,62.9,12.151517,11.711746,7200,14.285714,100,100,58.3,13.588572,Very Low,62.8,12.023572,100,1747022400,Very Low,10.500095,13.354085,Very Low,14.357142,55.9,18.12857,100,1747022400,16.985714
2025-05-12T04:11:01Z,236,29.862,70.2,62,59.1,0,1,19,87,0.0,255,32767,0.0,2127-15-31,0.0,0.16,26.24,0.0,0.0,0.0,0,4.828125,6,45,05:49,20:11,2025-05-12 04:11:01.341602,Città della Scienza,78.2,13.246345,12.982976,13.12512,9.721213,EU EEA Common AQI,62.9,12.151517,11.711746,7200,14.285714,100,100,58.3,13.588572,Very Low,62.8,12.023572,100,1747022400,Very Low,10.500095,13.354085,Very Low,14.357142,55.9,18.12857,100,1747022400,16.985714
2025-05-12T04:11:12Z,236,29.862,70.2,62,59.1,2,1,19,87,0.0,255,32767,0.0,2127-15-31,0.0,0.16,26.24,0.0,0.0,0.0,0,4.828125,6,45,05:49,20:11,2025-05-12 04:11:12.479589,Città della Scienza,78.2,13.246345,12.982976,13.12512,9.721213,EU EEA Common AQI,62.9,12.151517,11.711746,7200,14.285714,100,100,58.3,13.588572,Very Low,62.8,12.023572,100,1747022400,Very Low,10.500095,13.354085,Very Low,14.357142,55.9,18.12857,100,1747022400,16.985714
2025-05-12T04:11:23Z,236,29.862,70.2,62,59.1,2,1,19,87,0.0,255,32767,0.0,2127-15-31,0.0,0.16,26.24,0.0,0.0,0.0,0,4.828125,6,45,05:49,20:11,2025-05-12 04:11:23.580590,Città della Scienza,78.2,13.246345,12.982976,13.12512,9.721213,EU EEA Common AQI,62.9,12.151517,11.711746,7200,14.285714,100,100,58.3,13.588572,Very Low,62.8,12.023572,100,1747022400,Very Low,10.500095,13.354085,Very Low,14.357142,55.9,18.12857,100,1747022400,16.985714
2025-05-12T04:11:34Z,236,29.862,70.2,62,59.1,0,1,19,87,0.0,255,32767,0.0,2127-15-31,0.0,0.16,26.24,0.0,0.0,0.0,0,4.828125,6,45,05:49,20:11,2025-05-12 04:11:34.676601,Città della Scienza,78.2,13.246345,12.982976,13.12512,9.721213,EU EEA Common AQI,62.9,12.151517,11.711746,7200,14.285714,100,100,58.3,13.588572,Very Low,62.8,12.023572,100,1747022400,Very Low,10.500095,13.354085,Very Low,14.357142,55.9,18.12857,100,1747022400,16.985714
2025-05-12T04:11:45Z,236,29.862,70.2,62,59.1,0,1,19,87,0.0,255,32767,0.0,2127-15-31,0.0,0.16,26.24,0.0,0.0,0.0,0,4.828125,6,45,05:49,20:11,2025-05-12 04:11:45.789663,Città della Scienza,78.2,13.246345,12.982976,13.12512,9.721213,EU EEA Common AQI,62.9,12.151517,11.711746,7200,14.285714,100,100,58.3,13.588572,Very Low,62.8,12.023572,100,1747022400,Very Low,10.500095,13.354085,Very Low,14.357142,55.9,18.12857,100,1747022400,16.985714
2025-05-12T04:11:57Z,236,29.862,70.2,62,59.2,0,1,19,87,0.0,255,32767,0.0,2127-15-31,0.0,0.16,26.24,0.0,0.0,0.0,0,4.828125,6,45,05:49,20:11,2025-05-12 04:11:56.830588,Città della Scienza,78.2,13.246345,12.982976,13.12512,9.721213,EU EEA Common AQI,62.9,12.151517,11.711746,7200,14.285714,100,100,58.3,13.588572,Very Low,62.8,12.023572,100,1747022400,Very Low,10.500095,13.354085,Very Low,14.357142,55.9,18.12857,100,1747022400,16.985714
2025-05-12T04:12:08Z,236,29.862,70.2,62,59.2,0,1,19,87,0.0,255,32767,0.0,2127-15-31,0.0,0.16,26.24,0.0,0.0,0.0,0,4.828125,6,45,05:49,20:11,2025-05-12 04:12:07.883595,Città della Scienza,78.2,13.246345,12.982976,13.12512,9.721213,EU EEA Common AQI,62.9,12.151517,11.711746,7200,14.285714,100,100,58.3,13.588572,Very Low,62.8,12.023572,100,1747022400,Very Low,10.500095,13.354085,Very Low,14.357142,55.9,18.12857,100,1747022400,16.985714
2025-05-12T04:12:19Z,236,29.862,70.2,62,59.2,0,1,19,87,0.0,255,32767,0.0,2127-15-31,0.0,0.16,26.24,0.0,0.0,0.0,0,4.828125,6,45,05:49,20:11,2025-05-12 04:12:18.976584,Città della Scienza,78.2,13.246345,12.982976,13.12512,9.721213,EU EEA Common AQI,62.9,12.151517,11.711746,7200,14.285714,100,100,58.3,13.588572,Very Low,62.8,12.023572,100,1747022400,Very Low,10.500095,13.354085,Very Low,14.357142,55.9,18.12857,100,1747022400,16.985714
2025-05-12T04:12:30Z,236,29.862,70.2,62,59.2,0,1,19,87,0.0,255,32767,0.0,2127-15-31,0.0,0.16,26.24,0.0,0.0,0.0,0,4.828125,6,45,05:49,20:11,2025-05-12 04:12:30.049589,Città della Scienza,78.2,13.246345,12.982976,13.12512,9.721213,EU EEA Common AQI,62.9,12.151517,11.711746,7200,14.285714,100,100,58.3,13.588572,Very Low,62.8,12.023572,100,1747022400,Very Low,10.500095,13.354085,Very Low,14.357142,55.9,18.12857,100,1747022400,16.985714
2025-05-12T04:12:41Z,236,29.862,70.2,62,59.2,1,1,19,87,0.0,255,32767,0.0,2127-15-31,0.0,0.16,26.24,0.0,0.0,0.0,0,4.828125,6,45,05:49,20:11,2025-05-12 04:12:41.096587,Città della Scienza,78.2,13.246345,12.982976,13.12512,9.721213,EU EEA Common AQI,62.9,12.151517,11.711746,7200,14.285714,100,100,58.3,13.588572,Very Low,62.8,12.023572,100,1747022400,Very Low,10.500095,13.354085,Very Low,14.357142,55.9,18.12857,100,1747022400,16.985714
2025-05-12T04:12:52Z,236,29.862,70.2,62,59.1,1,1,19,87,0.0,255,32767,0.0,2127-15-31,0.0,0.16,26.24,0.0,0.0,0.0,0,4.828125,6,45,05:49,20:11,2025-05-12 04:12:52.188585,Città della Scienza,78.2,13.246345,12.982976,13.12512,9.721213,EU EEA Common AQI,62.9,12.151517,11.711746,7200,14.285714,100,100,58.3,13.588572,Very Low,62.8,12.023572,100,1747022400,Very Low,10.500095,13.354085,Very Low,14.357142,55.9,18.12857,100,1747022400,16.985714
2025-05-12T04:13:03Z,236,29.862,70.2,62,59.2,1,1,19,87,0.0,255,32767,0.0,2127-15-31,0.0,0.16,26.24,0.0,0.0,0.0,0,4.828125,6,45,05:49,20:11,2025-05-12 04:13:03.278594,Città della Scienza,78.2,13.246345,12.982976,13.12512,9.721213,EU EEA Common AQI,62.9,12.151517,11.711746,7200,14.285714,100,100,58.3,13.588572,Very Low,62.8,12.023572,100,1747022400,Very Low,10.500095,13.354085,Very Low,14.357142,55.9,18.12857,100,1747022400,16.985714
2025-05-12T04:13:14Z,236,29.862,70.2,62,59.2,0,1,19,87,0.0,255,32767,0.0,2127-15-31,0.0,0.16,26.24,0.0,0.0,0.0,0,4.828125,6,45,05:49,20:11,2025-05-12 04:13:14.358609,Città della Scienza,78.2,13.246345,12.982976,13.12512,9.721213,EU EEA Common AQI,62.9,12.151517,11.711746,7200,14.285714,100,100,58.3,13.588572,Very Low,62.8,12.023572,100,1747022400,Very Low,10.500095,13.354085,Very Low,14.357142,55.9,18.12857,100,1747022400,16.985714
2025-05-12T04:13:25Z,236,29.862,70.2,62,59.2,0,1,19,87,0.0,255,32767,0.0,2127-15-31,0.0,0.16,26.24,0.0,0.0,0.0,0,4.828125,6,45,05:49,20:11,2025-05-12 04:13:25.477064,Città della Scienza,78.2,13.246345,12.982976,13.12512,9.721213,EU EEA Common AQI,62.9,12.151517,11.711746,7200,14.285714,100,100,58.3,13.588572,Very Low,62.8,12.023572,100,1747022400,Very Low,10.500095,13.354085,Very Low,14.357142,55.9,18.12857,100,1747022400,16.985714
2025-05-12T04:13:36Z,236,29.859,70.2,62,59.2,0,1,19,87,0.0,255,32767,0.0,2127-15-31,0.0,0.16,26.24,0.0,0.0,0.0,0,4.828125,6,45,05:49,20:11,2025-05-12 04:13:36.576594,Città della Scienza,78.2,13.246345,12.982976,13.12512,9.721213,EU EEA Common AQI,62.9,12.151517,11.711746,7200,14.285714,100,100,58.3,13.588572,Very Low,62.8,12.023572,100,1747022400,Very Low,10.500095,13.354085,Very Low,14.357142,55.9,18.12857,100,1747022400,16.985714
2025-05-12T04:13:47Z,236,29.859,70.2,62,59.2,0,1,19,87,0.0,255,32767,0.0,2127-15-31,0.0,0.16,26.24,0.0,0.0,0.0,0,4.828125,6,45,05:49,20:11,2025-05-12 04:13:47.629615,Città della Scienza,78.2,13.246345,12.982976,13.12512,9.721213,EU EEA Common AQI,62.9,12.151517,11.711746,7200,14.285714,100,100,58.3,13.588572,Very Low,62.8,12.023572,100,1747022400,Very Low,10.500095,13.354085,Very Low,14.357142,55.9,18.12857,100,1747022400,16.985714
2025-05-12T04:13:58Z,236,29.859,70.2,62,59.3,0,1,19,87,0.0,255,32767,0.0,2127-15-31,0.0,0.16,26.24,0.0,0.0,0.0,0,4.828125,6,45,05:49,20:11,2025-05-12 04:13:58.708599,Città della Scienza,78.2,13.246345,12.982976,13.12512,9.721213,EU EEA Common AQI,62.9,12.151517,11.711746,7200,14.285714,100,100,58.3,13.588572,Very Low,62.8,12.023572,100,1747022400,Very Low,10.500095,13.354085,Very Low,14.357142,55.9,18.12857,100,1747022400,16.985714
2025-05-12T04:14:10Z,236,29.859,70.2,62,59.2,0,1,19,87,0.0,255,32767,0.0,2127-15-31,0.0,0.16,26.24,0.0,0.0,0.0,0,4.828125,6,45,05:49,20:11,2025-05-12 04:14:09.810589,Città della Scienza,78.2,13.246345,12.982976,13.12512,9.721213,EU EEA Common AQI,62.9,12.151517,11.711746,7200,14.285714,100,100,58.3,13.588572,Very Low,62.8,12.023572,100,1747022400,Very Low,10.500095,13.354085,Very Low,14.357142,55.9,18.12857,100,1747022400,16.985714
2025-05-12T04:14:21Z,236,29.859,70.2,62,59.2,0,1,19,87,0.0,255,32767,0.0,2127-15-31,0.0,0.16,26.24,0.0,0.0,0.0,0,4.828125,6,45,05:49,20:11,2025-05-12 04:14:20.928589,Città della Scienza,78.2,13.246345,12.982976,13.12512,9.721213,EU EEA Common AQI,62.9,12.151517,11.711746,7200,14.285714,100,100,58.3,13.588572,Very Low,62.8,12.023572,100,1747022400,Very Low,10.500095,13.354085,Very Low,14.357142,55.9,18.12857,100,1747022400,16.985714
2025-05-12T04:14:32Z,236,29.86,70.1,62,59.2,0,1,19,87,0.0,255,32767,0.0,2127-15-31,0.0,0.16,26.24,0.0,0.0,0.0,0,4.828125,6,45,05:49,20:11,2025-05-12 04:14:32.067592,Città della Scienza,78.2,13.246345,12.982976,13.12512,9.721213,EU EEA Common AQI,62.9,12.151517,11.711746,7200,14.285714,100,100,58.3,13.588572,Very Low,62.8,12.023572,100,1747022400,Very Low,10.500095,13.354085,Very Low,14.357142,55.9,18.12857,100,1747022400,16.985714
2025-05-12T04:14:43Z,236,29.86,70.1,62,59.2,0,1,19,87,0.0,255,32767,0.0,2127-15-31,0.0,0.16,26.24,0.0,0.0,0.0,0,4.828125,6,45,05:49,20:11,2025-05-12 04:14:43.168596,Città della Scienza,78.2,13.246345,12.982976,13.12512,9.721213,EU EEA Common AQI,62.9,12.151517,11.711746,7200,14.285714,100,100,58.3,13.588572,Very Low,62.8,12.023572,100,1747022400,Very Low,10.500095,13.354085,Very Low,14.357142,55.9,18.12857,100,1747022400,16.985714
2025-05-12T04:14:54Z,236,29.86,70.1,62,59.3,0,1,19,87,0.0,255,32767,0.0,2127-15-31,0.0,0.16,26.24,0.0,0.0,0.0,0,4.828125,6,45,05:49,20:11,2025-05-12 04:14:54.298592,Città della Scienza,78.2,13.246345,12.982976,13.12512,9.721213,EU EEA Common AQI,62.9,12.151517,11.711746,7200,14.285714,100,100,58.3,13.588572,Very Low,62.8,12.023572,100,1747022400,Very Low,10.500095,13.354085,Very Low,14.357142,55.9,18.12857,100,1747022400,16.985714
2025-05-12T04:15:05Z,236,29.86,70.1,62,59.3,0,1,5,87,0.0,255,32767,0.0,2127-15-31,0.0,0.16,26.24,0.0,0.0,0.0,0,4.828125,6,45,05:49,20:11,2025-05-12 04:15:05.391560,Città della Scienza,78.2,13.246345,12.982976,13.12512,9.721213,EU EEA Common AQI,62.9,12.151517,11.711746,7200,14.285714,100,100,58.3,13.588572,Very Low,62.8,12.023572,100,1747022400,Very Low,10.500095,13.354085,Very Low,14.357142,55.9,18.12857,100,1747022400,16.985714
2025-05-12T04:15:16Z,236,29.86,70.1,62,59.2,1,1,360,87,0.0,255,32767,0.0,2127-15-31,0.0,0.16,26.24,0.0,0.0,0.0,0,4.828125,6,45,05:49,20:11,2025-05-12 04:15:16.440596,Città della Scienza,78.2,13.246345,12.982976,13.12512,9.721213,EU EEA Common AQI,62.9,12.151517,11.711746,7200,14.285714,100,100,58.3,13.588572,Very Low,62.8,12.023572,100,1747022400,Very Low,10.500095,13.354085,Very Low,14.357142,55.9,18.12857,100,1747022400,16.985714
2025-05-12T04:15:27Z,236,29.86,70.1,62,59.3,0,1,13,87,0.0,255,32767,0.0,2127-15-31,0.0,0.16,26.24,0.0,0.0,0.0,0,4.828125,6,45,05:49,20:11,2025-05-12 04:15:27.551589,Città della Scienza,78.9,13.822279,12.944809,14.889182,10.438468,EU EEA Common AQI,62.8,13.048086,11.681226,7200,17.086956,100,100,58.3,16.788406,Very Low,62.7,12.594214,100,1747023300,Very Low,11.9113455,14.275513,Very Low,16.129047,56.0,23.376812,100,1747023300,20.985508
2025-05-12T04:15:38Z,236,29.858,70.2,62,59.3,1,1,13,87,0.0,255,32767,0.0,2127-15-31,0.0,0.16,26.24,0.0,0.0,0.0,0,4.828125,6,45,05:49,20:11,2025-05-12 04:15:38.637585,Città della Scienza,78.9,13.822279,12.944809,14.889182,10.438468,EU EEA Common AQI,62.8,13.048086,11.681226,7200,17.086956,100,100,58.3,16.788406,Very Low,62.7,12.594214,100,1747023300,Very Low,11.9113455,14.275513,Very Low,16.129047,56.0,23.376812,100,1747023300,20.985508
2025-05-12T04:15:49Z,236,29.858,70.2,62,59.3,2,1,13,87,0.0,255,32767,0.0,2127-15-31,0.0,0.16,26.24,0.0,0.0,0.0,0,4.828125,6,45,05:49,20:11,2025-05-12 04:15:49.662594,Città della Scienza,78.9,13.822279,12.944809,14.889182,10.438468,EU EEA Common AQI,62.8,13.048086,11.681226,7200,17.086956,100,100,58.3,16.788406,Very Low,62.7,12.594214,100,1747023300,Very Low,11.9113455,14.275513,Very Low,16.129047,56.0,23.376812,100,1747023300,20.985508
2025-05-12T04:16:00Z,236,29.858,70.2,62,59.2,2,1,13,87,0.0,255,32767,0.0,2127-15-31,0.0,0.16,26.24,0.0,0.0,0.0,0,4.828125,6,45,05:49,20:11,2025-05-12 04:16:00.780587,Città della Scienza,78.9,13.822279,12.944809,14.889182,10.438468,EU EEA Common AQI,62.8,13.048086,11.681226,7200,17.086956,100,100,58.3,16.788406,Very Low,62.7,12.594214,100,1747023300,Very Low,11.9113455,14.275513,Very Low,16.129047,56.0,23.376812,100,1747023300,20.985508
2025-05-12T04:16:12Z,236,29.858,70.2,62,59.3,2,1,13,87,0.0,255,32767,0.0,2127-15-31,0.0,0.16,26.24,0.0,0.0,0.0,0,4.828125,6,45,05:49,20:11,2025-05-12 04:16:12.272603,Città della Scienza,78.9,13.822279,12.944809,14.889182,10.438468,EU EEA Common AQI,62.8,13.048086,11.681226,7200,17.086956,100,100,58.3,16.788406,Very Low,62.7,12.594214,100,1747023300,Very Low,11.9113455,14.275513,Very Low,16.129047,56.0,23.376812,100,1747023300,20.985508
2025-05-12T04:16:23Z,236,29.858,70.2,62,59.3,2,1,14,87,0.0,255,32767,0.0,2127-15-31,0.0,0.16,26.24,0.0,0.0,0.0,0,4.828125,6,45,05:49,20:11,2025-05-12 04:16:23.380596,Città della Scienza,78.9,13.822279,12.944809,14.889182,10.438468,EU EEA Common AQI,62.8,13.048086,11.681226,7200,17.086956,100,100,58.3,16.788406,Very Low,62.7,12.594214,100,1747023300,Very Low,11.9113455,14.275513,Very Low,16.129047,56.0,23.376812,100,1747023300,20.985508
2025-05-12T04:16:34Z,236,29.859,70.1,62,59.3,2,1,14,87,0.0,255,32767,0.0,2127-15-31,0.0,0.16,26.24,0.0,0.0,0.0,0,4.828125,6,45,05:49,20:11,2025-05-12 04:16:34.450588,Città della Scienza,78.9,13.822279,12.944809,14.889182,10.438468,EU EEA Common AQI,62.8,13.048086,11.681226,7200,17.086956,100,100,58.3,16.788406,Very Low,62.7,12.594214,100,1747023300,Very Low,11.9113455,14.275513,Very Low,16.129047,56.0,23.376812,100,1747023300,20.985508
2025-05-12T04:16:45Z,236,29.859,70.1,62,59.2,1,1,14,87,0.0,255,32767,0.0,2127-15-31,0.0,0.16,26.24,0.0,0.0,0.0,0,4.828125,6,45,05:49,20:11,2025-05-12 04:16:45.522603,Città della Scienza,78.9,13.822279,12.944809,14.889182,10.438468,EU EEA Common AQI,62.8,13.048086,11.681226,7200,17.086956,100,100,58.3,16.788406,Very Low,62.7,12.594214,100,1747023300,Very Low,11.9113455,14.275513,Very Low,16.129047,56.0,23.376812,100,1747023300,20.985508
2025-05-12T04:16:56Z,236,29.859,70.1,62,59.2,1,1,14,87,0.0,255,32767,0.0,2127-15-31,0.0,0.16,26.24,0.0,0.0,0.0,0,4.828125,6,45,05:49,20:11,2025-05-12 04:16:56.645589,Città della Scienza,78.9,13.822279,12.944809,14.889182,10.438468,EU EEA Common AQI,62.8,13.048086,11.681226,7200,17.086956,100,100,58.3,16.788406,Very Low,62.7,12.594214,100,1747023300,Very Low,11.9113455,14.275513,Very Low,16.129047,56.0,23.376812,100,1747023300,20.985508
2025-05-12T04:17:07Z,236,29.859,70.1,62,59.2,1,1,14,87,0.0,255,32767,0.0,2127-15-31,0.0,0.16,26.24,0.0,0.0,0.0,0,4.828125,6,45,05:49,20:11,2025-05-12 04:17:07.734588,Città della Scienza,78.9,13.822279,12.944809,14.889182,10.438468,EU EEA Common AQI,62.8,13.048086,11.681226,7200,17.086956,100,100,58.3,16.788406,Very Low,62.7,12.594214,100,1747023300,Very Low,11.9113455,14.275513,Very Low,16.129047,56.0,23.376812,100,1747023300,20.985508
2025-05-12T04:17:19Z,236,29.859,70.1,62,59.3,1,1,14,87,0.0,255,32767,0.0,2127-15-31,0.0,0.16,26.24,0.0,0.0,0.0,0,4.828125,6,45,05:49,20:11,2025-05-12 04:17:18.813598,Città della Scienza,78.9,13.822279,12.944809,14.889182,10.438468,EU EEA Common AQI,62.8,13.048086,11.681226,7200,17.086956,100,100,58.3,16.788406,Very Low,62.7,12.594214,100,1747023300,Very Low,11.9113455,14.275513,Very Low,16.129047,56.0,23.376812,100,1747023300,20.985508
2025-05-12T04:17:30Z,236,29.859,70.1,62,59.3,1,1,14,87,0.0,255,32767,0.0,2127-15-31,0.0,0.16,26.24,0.0,0.0,0.0,0,4.828125,6,45,05:49,20:11,2025-05-12 04:17:29.902588,Città della Scienza,78.9,13.822279,12.944809,14.889182,10.438468,EU EEA Common AQI,62.8,13.048086,11.681226,7200,17.086956,100,100,58.3,16.788406,Very Low,62.7,12.594214,100,1747023300,Very Low,11.9113455,14.275513,Very Low,16.129047,56.0,23.376812,100,1747023300,20.985508
2025-05-12T04:17:41Z,236,29.861,70.1,62,59.3,0,1,14,87,0.0,255,32767,0.0,2127-15-31,0.0,0.16,26.24,0.0,0.0,0.0,0,4.828125,6,45,05:49,20:11,2025-05-12 04:17:40.987583,Città della Scienza,78.9,13.822279,12.944809,14.889182,10.438468,EU EEA Common AQI,62.8,13.048086,11.681226,7200,17.086956,100,100,58.3,16.788406,Very Low,62.7,12.594214,100,1747023300,Very Low,11.9113455,14.275513,Very Low,16.129047,56.0,23.376812,100,1747023300,20.985508
2025-05-12T04:17:52Z,236,29.861,70.1,62,59.2,0,1,14,87,0.0,255,32767,0.0,2127-15-31,0.0,0.16,26.24,0.0,0.0,0.0,0,4.828125,6,45,05:49,20:11,2025-05-12 04:17:52.093593,Città della Scienza,78.9,13.822279,12.944809,14.889182,10.438468,EU EEA Common AQI,62.8,13.048086,11.681226,7200,17.086956,100,100,58.3,16.788406,Very Low,62.7,12.594214,100,1747023300,Very Low,11.9113455,14.275513,Very Low,16.129047,56.0,23.376812,100,1747023300,20.985508
2025-05-12T04:18:03Z,236,29.861,70.1,62,59.2,0,1,14,87,0.0,255,32767,0.0,2127-15-31,0.0,0.16,26.24,0.0,0.0,0.0,0,4.828125,6,45,05:49,20:11,2025-05-12 04:18:03.170591,Città della Scienza,78.9,13.822279,12.944809,14.889182,10.438468,EU EEA Common AQI,62.8,13.048086,11.681226,7200,17.086956,100,100,58.3,16.788406,Very Low,62.7,12.594214,100,1747023300,Very Low,11.9113455,14.275513,Very Low,16.129047,56.0,23.376812,100,1747023300,20.985508
2025-05-12T04:18:14Z,236,29.861,70.1,62,59.2,0,1,14,87,0.0,255,32767,0.0,2127-15-31,0.0,0.16,26.24,0.0,0.0,0.0,0,4.828125,6,45,05:49,20:11,2025-05-12 04:18:14.214545,Città della Scienza,78.9,13.822279,12.944809,14.889182,10.438468,EU EEA Common AQI,62.8,13.048086,11.681226,7200,17.086956,100,100,58.3,16.788406,Very Low,62.7,12.594214,100,1747023300,Very Low,11.9113455,14.275513,Very Low,16.129047,56.0,23.376812,100,1747023300,20.985508
2025-05-12T04:18:25Z,236,29.861,70.1,62,59.3,0,1,14,87,0.0,255,32767,0.0,2127-15-31,0.0,0.16,26.24,0.0,0.0,0.0,0,4.828125,6,45,05:49,20:11,2025-05-12 04:18:25.279588,Città della Scienza,78.9,13.822279,12.944809,14.889182,10.438468,EU EEA Common AQI,62.8,13.048086,11.681226,7200,17.086956,100,100,58.3,16.788406,Very Low,62.7,12.594214,100,1747023300,Very Low,11.9113455,14.275513,Very Low,16.129047,56.0,23.376812,100,1747023300,20.985508
2025-05-12T04:18:36Z,236,29.86,70.1,62,59.3,0,1,14,87,0.0,255,32767,0.0,2127-15-31,0.0,0.16,26.24,0.0,0.0,0.0,0,4.828125,6,45,05:49,20:11,2025-05-12 04:18:36.390565,Città della Scienza,78.9,13.822279,12.944809,14.889182,10.438468,EU EEA Common AQI,62.8,13.048086,11.681226,7200,17.086956,100,100,58.3,16.788406,Very Low,62.7,12.594214,100,1747023300,Very Low,11.9113455,14.275513,Very Low,16.129047,56.0,23.376812,100,1747023300,20.985508
2025-05-12T04:18:47Z,236,29.86,70.1,62,59.2,0,1,14,87,0.0,255,32767,0.0,2127-15-31,0.0,0.16,26.24,0.0,0.0,0.0,0,4.828125,6,45,05:49,20:11,2025-05-12 04:18:47.449594,Città della Scienza,78.9,13.822279,12.944809,14.889182,10.438468,EU EEA Common AQI,62.8,13.048086,11.681226,7200,17.086956,100,100,58.3,16.788406,Very Low,62.7,12.594214,100,1747023300,Very Low,11.9113455,14.275513,Very Low,16.129047,56.0,23.376812,100,1747023300,20.985508
2025-05-12T04:18:58Z,236,29.86,70.1,62,59.2,0,1,355,87,0.0,255,32767,0.0,2127-15-31,0.0,0.16,26.24,0.0,0.0,0.0,0,4.828125,6,45,05:49,20:11,2025-05-12 04:18:58.573597,Città della Scienza,78.9,13.822279,12.944809,14.889182,10.438468,EU EEA Common AQI,62.8,13.048086,11.681226,7200,17.086956,100,100,58.3,16.788406,Very Low,62.7,12.594214,100,1747023300,Very Low,11.9113455,14.275513,Very Low,16.129047,56.0,23.376812,100,1747023300,20.985508
2025-05-12T04:19:09Z,236,29.86,70.1,62,59.2,0,1,355,87,0.0,255,32767,0.0,2127-15-31,0.0,0.16,26.24,0.0,0.0,0.0,0,4.828125,6,45,05:49,20:11,2025-05-12 04:19:09.628599,Città della Scienza,78.9,13.822279,12.944809,14.889182,10.438468,EU EEA Common AQI,62.8,13.048086,11.681226,7200,17.086956,100,100,58.3,16.788406,Very Low,62.7,12.594214,100,1747023300,Very Low,11.9113455,14.275513,Very Low,16.129047,56.0,23.376812,100,1747023300,20.985508
2025-05-12T04:19:20Z,236,29.86,70.1,62,59.2,0,1,355,87,0.0,255,32767,0.0,2127-15-31,0.0,0.16,26.24,0.0,0.0,0.0,0,4.828125,6,45,05:49,20:11,2025-05-12 04:19:20.778677,Città della Scienza,78.9,13.822279,12.944809,14.889182,10.438468,EU EEA Common AQI,62.8,13.048086,11.681226,7200,17.086956,100,100,58.3,16.788406,Very Low,62.7,12.594214,100,1747023300,Very Low,11.9113455,14.275513,Very Low,16.129047,56.0,23.376812,100,1747023300,20.985508
2025-05-12T04:19:32Z,236,29.86,70.1,62,59.2,0,0,355,87,0.0,255,32767,0.0,2127-15-31,0.0,0.16,26.24,0.0,0.0,0.0,0,4.828125,6,45,05:49,20:11,2025-05-12 04:19:31.899596,Città della Scienza,78.9,13.822279,12.944809,14.889182,10.438468,EU EEA Common AQI,62.8,13.048086,11.681226,7200,17.086956,100,100,58.3,16.788406,Very Low,62.7,12.594214,100,1747023300,Very Low,11.9113455,14.275513,Very Low,16.129047,56.0,23.376812,100,1747023300,20.985508
2025-05-12T04:19:43Z,236,29.862,70.1,62,59.2,0,0,355,87,0.0,255,32767,0.0,2127-15-31,0.0,0.16,26.24,0.0,0.0,0.0,0,4.828125,6,45,05:49,20:11,2025-05-12 04:19:43.019589,Città della Scienza,78.9,13.822279,12.944809,14.889182,10.438468,EU EEA Common AQI,62.8,13.048086,11.681226,7200,17.086956,100,100,58.3,16.788406,Very Low,62.7,12.594214,100,1747023300,Very Low,11.9113455,14.275513,Very Low,16.129047,56.0,23.376812,100,1747023300,20.985508
2025-05-12T04:19:54Z,236,29.862,70.1,62,59.2,0,0,355,87,0.0,255,32767,0.0,2127-15-31,0.0,0.16,26.24,0.0,0.0,0.0,0,4.828125,6,45,05:49,20:11,2025-05-12 04:19:54.119600,Città della Scienza,78.9,13.822279,12.944809,14.889182,10.438468,EU EEA Common AQI,62.8,13.048086,11.681226,7200,17.086956,100,100,58.3,16.788406,Very Low,62.7,12.594214,100,1747023300,Very Low,11.9113455,14.275513,Very Low,16.129047,56.0,23.376812,100,1747023300,20.985508
2025-05-12T04:20:05Z,236,29.862,70.1,62,59.2,0,0,355,87,0.0,255,32767,0.0,2127-15-31,0.0,0.16,26.24,0.0,0.0,0.0,0,4.828125,6,45,05:49,20:11,2025-05-12 04:20:05.179596,Città della Scienza,78.9,13.822279,12.944809,14.889182,10.438468,EU EEA Common AQI,62.8,13.048086,11.681226,7200,17.086956,100,100,58.3,16.788406,Very Low,62.7,12.594214,100,1747023300,Very Low,11.9113455,14.275513,Very Low,16.129047,56.0,23.376812,100,1747023300,20.985508
2025-05-12T04:20:16Z,236,29.862,70.1,62,59.1,0,0,355,87,0.0,255,32767,0.0,2127-15-31,0.0,0.16,26.24,0.0,0.0,0.0,0,4.828125,6,45,05:49,20:11,2025-05-12 04:20:16.277590,Città della Scienza,78.9,13.822279,12.944809,14.889182,10.438468,EU EEA Common AQI,62.8,13.048086,11.681226,7200,17.086956,100,100,58.3,16.788406,Very Low,62.7,12.594214,100,1747023300,Very Low,11.9113455,14.275513,Very Low,16.129047,56.0,23.376812,100,1747023300,20.985508
2025-05-12T04:20:27Z,236,29.862,70.1,62,59.1,0,0,355,87,0.0,255,32767,0.0,2127-15-31,0.0,0.16,26.24,0.0,0.0,0.0,0,4.828125,6,45,05:49,20:11,2025-05-12 04:20:27.337592,Città della Scienza,78.9,13.822279,12.944809,14.889182,10.438468,EU EEA Common AQI,62.8,13.048086,11.681226,7200,17.086956,100,100,58.3,16.788406,Very Low,62.7,12.594214,100,1747023300,Very Low,11.9113455,14.275513,Very Low,16.129047,56.0,23.376812,100,1747023300,20.985508
2025-05-12T04:20:38Z,236,29.861,70.1,62,59.2,0,0,355,86,0.0,255,32767,0.0,2127-15-31,0.0,0.16,26.24,0.0,0.0,0.0,0,4.828125,6,45,05:49,20:11,2025-05-12 04:20:38.404591,Città della Scienza,78.9,13.822279,12.944809,14.889182,10.438468,EU EEA Common AQI,62.8,13.048086,11.681226,7200,17.086956,100,100,58.3,16.788406,Very Low,62.7,12.594214,100,1747023300,Very Low,11.9113455,14.275513,Very Low,16.129047,56.0,23.376812,100,1747023300,20.985508
2025-05-12T04:20:49Z,236,29.861,70.1,62,59.1,0,0,355,86,0.0,255,32767,0.0,2127-15-31,0.0,0.16,26.24,0.0,0.0,0.0,0,4.828125,6,45,05:49,20:11,2025-05-12 04:20:49.466594,Città della Scienza,78.9,13.822279,12.944809,14.889182,10.438468,EU EEA Common AQI,62.8,13.048086,11.681226,7200,17.086956,100,100,58.3,16.788406,Very Low,62.7,12.594214,100,1747023300,Very Low,11.9113455,14.275513,Very Low,16.129047,56.0,23.376812,100,1747023300,20.985508
2025-05-12T04:21:00Z,236,29.861,70.1,62,59.1,0,0,355,86,0.0,255,32767,0.0,2127-15-31,0.0,0.16,26.24,0.0,0.0,0.0,0,4.828125,6,45,05:49,20:11,2025-05-12 04:21:00.566590,Città della Scienza,78.9,13.822279,12.944809,14.889182,10.438468,EU EEA Common AQI,62.8,13.048086,11.681226,7200,17.086956,100,100,58.3,16.788406,Very Low,62.7,12.594214,100,1747023300,Very Low,11.9113455,14.275513,Very Low,16.129047,56.0,23.376812,100,1747023300,20.985508
2025-05-12T04:21:11Z,236,29.861,70.1,62,59.1,0,0,355,86,0.0,255,32767,0.0,2127-15-31,0.0,0.16,26.24,0.0,0.0,0.0,0,4.828125,6,45,05:49,20:11,2025-05-12 04:21:11.629606,Città della Scienza,78.9,13.822279,12.944809,14.889182,10.438468,EU EEA Common AQI,62.8,13.048086,11.681226,7200,17.086956,100,100,58.3,16.788406,Very Low,62.7,12.594214,100,1747023300,Very Low,11.9113455,14.275513,Very Low,16.129047,56.0,23.376812,100,1747023300,20.985508
2025-05-12T04:21:22Z,236,29.861,70.1,62,59.1,1,0,355,86,0.0,255,32767,0.0,2127-15-31,0.0,0.16,26.24,0.0,0.0,0.0,0,4.828125,6,45,05:49,20:11,2025-05-12 04:21:22.733601,Città della Scienza,78.9,13.822279,12.944809,14.889182,10.438468,EU EEA Common AQI,62.8,13.048086,11.681226,7200,17.086956,100,100,58.3,16.788406,Very Low,62.7,12.594214,100,1747023300,Very Low,11.9113455,14.275513,Very Low,16.129047,56.0,23.376812,100,1747023300,20.985508
2025-05-12T04:21:34Z,236,29.861,70.1,62,59.1,2,0,355,86,0.0,255,32767,0.0,2127-15-31,0.0,0.16,26.24,0.0,0.0,0.0,0,4.828125,6,45,05:49,20:11,2025-05-12 04:21:33.817591,Città della Scienza,78.9,13.822279,12.944809,14.889182,10.438468,EU EEA Common AQI,62.8,13.048086,11.681226,7200,17.086956,100,100,58.3,16.788406,Very Low,62.7,12.594214,100,1747023300,Very Low,11.9113455,14.275513,Very Low,16.129047,56.0,23.376812,100,1747023300,20.985508
2025-05-12T04:21:45Z,236,29.861,70.1,62,59.1,1,0,355,86,0.0,255,32767,0.0,2127-15-31,0.0,0.16,26.24,0.0,0.0,0.0,0,4.828125,6,45,05:49,20:11,2025-05-12 04:21:44.866558,Città della Scienza,78.9,13.822279,12.944809,14.889182,10.438468,EU EEA Common AQI,62.8,13.048086,11.681226,7200,17.086956,100,100,58.3,16.788406,Very Low,62.7,12.594214,100,1747023300,Very Low,11.9113455,14.275513,Very Low,16.129047,56.0,23.376812,100,1747023300,20.985508
2025-05-12T04:21:56Z,236,29.861,70.1,62,59.1,1,0,355,86,0.0,255,32767,0.0,2127-15-31,0.0,0.16,26.24,0.0,0.0,0.0,0,4.828125,6,45,05:49,20:11,2025-05-12 04:21:55.986595,Città della Scienza,78.9,13.822279,12.944809,14.889182,10.438468,EU EEA Common AQI,62.8,13.048086,11.681226,7200,17.086956,100,100,58.3,16.788406,Very Low,62.7,12.594214,100,1747023300,Very Low,11.9113455,14.275513,Very Low,16.129047,56.0,23.376812,100,1747023300,20.985508
2025-05-12T04:22:07Z,236,29.861,70.1,62,59.1,1,0,355,86,0.0,255,32767,0.0,2127-15-31,0.0,0.16,26.24,0.0,0.0,0.0,0,4.828125,6,45,05:49,20:11,2025-05-12 04:22:07.334551,Città della Scienza,78.9,13.822279,12.944809,14.889182,10.438468,EU EEA Common AQI,62.8,13.048086,11.681226,7200,17.086956,100,100,58.3,16.788406,Very Low,62.7,12.594214,100,1747023300,Very Low,11.9113455,14.275513,Very Low,16.129047,56.0,23.376812,100,1747023300,20.985508
2025-05-12T04:22:18Z,236,29.861,70.1,62,59.1,2,0,355,86,0.0,255,32767,0.0,2127-15-31,0.0,0.16,26.24,0.0,0.0,0.0,0,4.828125,6,45,05:49,20:11,2025-05-12 04:22:18.443594,Città della Scienza,78.9,13.822279,12.944809,14.889182,10.438468,EU EEA Common AQI,62.8,13.048086,11.681226,7200,17.086956,100,100,58.3,16.788406,Very Low,62.7,12.594214,100,1747023300,Very Low,11.9113455,14.275513,Very Low,16.129047,56.0,23.376812,100,1747023300,20.985508
2025-05-12T04:22:29Z,236,29.861,70.1,62,59.1,2,0,355,87,0.0,255,32767,0.0,2127-15-31,0.0,0.16,26.24,0.0,0.0,0.0,0,4.828125,6,45,05:49,20:11,2025-05-12 04:22:29.505592,Città della Scienza,78.9,13.822279,12.944809,14.889182,10.438468,EU EEA Common AQI,62.8,13.048086,11.681226,7200,17.086956,100,100,58.3,16.788406,Very Low,62.7,12.594214,100,1747023300,Very Low,11.9113455,14.275513,Very Low,16.129047,56.0,23.376812,100,1747023300,20.985508
2025-05-12T04:22:40Z,236,29.862,70.1,62,59.1,1,1,355,87,0.0,255,32767,0.0,2127-15-31,0.0,0.16,26.24,0.0,0.0,0.0,0,4.828125,6,45,05:49,20:11,2025-05-12 04:22:40.567603,Città della Scienza,78.9,13.822279,12.944809,14.889182,10.438468,EU EEA Common AQI,62.8,13.048086,11.681226,7200,17.086956,100,100,58.3,16.788406,Very Low,62.7,12.594214,100,1747023300,Very Low,11.9113455,14.275513,Very Low,16.129047,56.0,23.376812,100,1747023300,20.985508
2025-05-12T04:22:51Z,236,29.862,70.1,62,59.1,2,1,355,87,0.0,255,32767,0.0,2127-15-31,0.0,0.16,26.24,0.0,0.0,0.0,0,4.828125,6,45,05:49,20:11,2025-05-12 04:22:51.652589,Città della Scienza,78.9,13.822279,12.944809,14.889182,10.438468,EU EEA Common AQI,62.8,13.048086,11.681226,7200,17.086956,100,100,58.3,16.788406,Very Low,62.7,12.594214,100,1747023300,Very Low,11.9113455,14.275513,Very Low,16.129047,56.0,23.376812,100,1747023300,20.985508
2025-05-12T04:23:02Z,236,29.862,70.1,62,59.1,2,1,355,87,0.0,255,32767,0.0,2127-15-31,0.0,0.16,26.24,0.0,0.0,0.0,0,4.828125,6,45,05:49,20:11,2025-05-12 04:23:02.783592,Città della Scienza,78.9,13.822279,12.944809,14.889182,10.438468,EU EEA Common AQI,62.8,13.048086,11.681226,7200,17.086956,100,100,58.3,16.788406,Very Low,62.7,12.594214,100,1747023300,Very Low,11.9113455,14.275513,Very Low,16.129047,56.0,23.376812,100,1747023300,20.985508
2025-05-12T04:23:14Z,236,29.862,70.1,62,59.1,2,1,355,87,0.0,255,32767,0.0,2127-15-31,0.0,0.16,26.24,0.0,0.0,0.0,0,4.828125,6,45,05:49,20:11,2025-05-12 04:23:13.865604,Città della Scienza,78.9,13.822279,12.944809,14.889182,10.438468,EU EEA Common AQI,62.8,13.048086,11.681226,7200,17.086956,100,100,58.3,16.788406,Very Low,62.7,12.594214,100,1747023300,Very Low,11.9113455,14.275513,Very Low,16.129047,56.0,23.376812,100,1747023300,20.985508
2025-05-12T04:23:25Z,236,29.862,70.1,62,59.1,2,1,355,87,0.0,255,32767,0.0,2127-15-31,0.0,0.16,26.24,0.0,0.0,0.0,0,4.828125,6,45,05:49,20:11,2025-05-12 04:23:24.963596,Città della Scienza,78.9,13.822279,12.944809,14.889182,10.438468,EU EEA Common AQI,62.8,13.048086,11.681226,7200,17.086956,100,100,58.3,16.788406,Very Low,62.7,12.594214,100,1747023300,Very Low,11.9113455,14.275513,Very Low,16.129047,56.0,23.376812,100,1747023300,20.985508
2025-05-12T04:23:36Z,236,29.863,70.1,62,59.1,2,1,355,87,0.0,255,32767,0.0,2127-15-31,0.0,0.16,26.24,0.0,0.0,0.0,0,4.828125,6,45,05:49,20:11,2025-05-12 04:23:36.013591,Città della Scienza,78.9,13.822279,12.944809,14.889182,10.438468,EU EEA Common AQI,62.8,13.048086,11.681226,7200,17.086956,100,100,58.3,16.788406,Very Low,62.7,12.594214,100,1747023300,Very Low,11.9113455,14.275513,Very Low,16.129047,56.0,23.376812,100,1747023300,20.985508
2025-05-12T04:23:47Z,236,29.863,70.1,62,59.1,2,1,360,87,0.0,255,32767,0.0,2127-15-31,0.0,0.16,26.24,0.0,0.0,0.0,0,4.828125,6,45,05:49,20:11,2025-05-12 04:23:47.088603,Città della Scienza,78.9,13.822279,12.944809,14.889182,10.438468,EU EEA Common AQI,62.8,13.048086,11.681226,7200,17.086956,100,100,58.3,16.788406,Very Low,62.7,12.594214,100,1747023300,Very Low,11.9113455,14.275513,Very Low,16.129047,56.0,23.376812,100,1747023300,20.985508
2025-05-12T04:23:58Z,236,29.863,70.1,62,59.2,2,1,351,87,0.0,255,32767,0.0,2127-15-31,0.0,0.16,26.24,0.0,0.0,0.0,0,4.828125,6,45,05:49,20:11,2025-05-12 04:23:58.181590,Città della Scienza,78.9,13.822279,12.944809,14.889182,10.438468,EU EEA Common AQI,62.8,13.048086,11.681226,7200,17.086956,100,100,58.3,16.788406,Very Low,62.7,12.594214,100,1747023300,Very Low,11.9113455,14.275513,Very Low,16.129047,56.0,23.376812,100,1747023300,20.985508
2025-05-12T04:24:09Z,236,29.863,70.1,62,59.2,1,1,351,87,0.0,255,32767,0.0,2127-15-31,0.0,0.16,26.24,0.0,0.0,0.0,0,4.828125,6,45,05:49,20:11,2025-05-12 04:24:09.225593,Città della Scienza,78.9,13.822279,12.944809,14.889182,10.438468,EU EEA Common AQI,62.8,13.048086,11.681226,7200,17.086956,100,100,58.3,16.788406,Very Low,62.7,12.594214,100,1747023300,Very Low,11.9113455,14.275513,Very Low,16.129047,56.0,23.376812,100,1747023300,20.985508
2025-05-12T04:24:20Z,236,29.863,70.1,62,59.2,1,1,351,87,0.0,255,32767,0.0,2127-15-31,0.0,0.16,26.24,0.0,0.0,0.0,0,4.828125,6,45,05:49,20:11,2025-05-12 04:24:20.262589,Città della Scienza,78.9,13.822279,12.944809,14.889182,10.438468,EU EEA Common AQI,62.8,13.048086,11.681226,7200,17.086956,100,100,58.3,16.788406,Very Low,62.7,12.594214,100,1747023300,Very Low,11.9113455,14.275513,Very Low,16.129047,56.0,23.376812,100,1747023300,20.985508
2025-05-12T04:24:31Z,236,29.863,70.1,62,59.2,0,1,5,87,0.0,255,32767,0.0,2127-15-31,0.0,0.16,26.24,0.0,0.0,0.0,0,4.828125,6,45,05:49,20:11,2025-05-12 04:24:31.366592,Città della Scienza,78.9,13.822279,12.944809,14.889182,10.438468,EU EEA Common AQI,62.8,13.048086,11.681226,7200,17.086956,100,100,58.3,16.788406,Very Low,62.7,12.594214,100,1747023300,Very Low,11.9113455,14.275513,Very Low,16.129047,56.0,23.376812,100,1747023300,20.985508
2025-05-12T04:24:42Z,236,29.864,70.1,62,59.2,1,1,10,87,0.0,255,32767,0.0,2127-15-31,0.0,0.16,26.24,0.0,0.0,0.0,0,4.828125,6,45,05:49,20:11,2025-05-12 04:24:42.470596,Città della Scienza,78.9,13.822279,12.944809,14.889182,10.438468,EU EEA Common AQI,62.8,13.048086,11.681226,7200,17.086956,100,100,58.3,16.788406,Very Low,62.7,12.594214,100,1747023300,Very Low,11.9113455,14.275513,Very Low,16.129047,56.0,23.376812,100,1747023300,20.985508
2025-05-12T04:24:53Z,236,29.864,70.1,62,59.2,1,1,360,87,0.0,255,32767,0.0,2127-15-31,0.0,0.16,26.24,0.0,0.0,0.0,0,4.828125,6,45,05:49,20:11,2025-05-12 04:24:53.546593,Città della Scienza,78.9,13.822279,12.944809,14.889182,10.438468,EU EEA Common AQI,62.8,13.048086,11.681226,7200,17.086956,100,100,58.3,16.788406,Very Low,62.7,12.594214,100,1747023300,Very Low,11.9113455,14.275513,Very Low,16.129047,56.0,23.376812,100,1747023300,20.985508
2025-05-12T04:25:04Z,236,29.864,70.1,62,59.2,2,1,355,87,0.0,255,32767,0.0,2127-15-31,0.0,0.16,26.24,0.0,0.0,0.0,0,4.828125,6,45,05:49,20:11,2025-05-12 04:25:04.621600,Città della Scienza,78.9,13.822279,12.944809,14.889182,10.438468,EU EEA Common AQI,62.8,13.048086,11.681226,7200,17.086956,100,100,58.3,16.788406,Very Low,62.7,12.594214,100,1747023300,Very Low,11.9113455,14.275513,Very Low,16.129047,56.0,23.376812,100,1747023300,20.985508
2025-05-12T04:25:15Z,236,29.864,70.1,62,59.2,2,1,355,87,0.0,255,32767,0.0,2127-15-31,0.0,0.16,26.24,0.0,0.0,0.0,0,4.828125,6,45,05:49,20:11,2025-05-12 04:25:15.719647,Città della Scienza,78.9,13.822279,12.944809,14.889182,10.438468,EU EEA Common AQI,62.8,13.048086,11.681226,7200,17.086956,100,100,58.3,16.788406,Very Low,62.7,12.594214,100,1747023300,Very Low,11.9113455,14.275513,Very Low,16.129047,56.0,23.376812,100,1747023300,20.985508
2025-05-12T04:25:27Z,236,29.864,70.1,62,59.3,2,1,355,87,0.0,255,32767,0.0,2127-15-31,0.0,0.16,26.24,0.0,0.0,0.0,0,4.828125,6,45,05:49,20:11,2025-05-12 04:25:26.842600,Città della Scienza,78.9,13.822279,12.944809,14.889182,10.438468,EU EEA Common AQI,62.8,13.048086,11.681226,7200,17.086956,100,100,58.3,16.788406,Very Low,62.7,12.594214,100,1747023300,Very Low,11.9113455,14.275513,Very Low,16.129047,56.0,23.376812,100,1747023300,20.985508
2025-05-12T04:25:38Z,236,29.864,70.0,62,59.3,2,1,355,87,0.0,255,32767,0.0,2127-15-31,0.0,0.16,26.24,0.0,0.0,0.0,0,4.828125,6,45,05:49,20:11,2025-05-12 04:25:37.957591,Città della Scienza,78.9,13.822279,12.944809,14.889182,10.438468,EU EEA Common AQI,62.8,13.048086,11.681226,7200,17.086956,100,100,58.3,16.788406,Very Low,62.7,12.594214,100,1747023300,Very Low,11.9113455,14.275513,Very Low,16.129047,56.0,23.376812,100,1747023300,20.985508
2025-05-12T04:25:49Z,236,29.864,70.0,62,59.3,2,1,355,87,0.0,255,32767,0.0,2127-15-31,0.0,0.16,26.24,0.0,0.0,0.0,0,4.828125,6,45,05:49,20:11,2025-05-12 04:25:49.050587,Città della Scienza,78.9,13.822279,12.944809,14.889182,10.438468,EU EEA Common AQI,62.8,13.048086,11.681226,7200,17.086956,100,100,58.3,16.788406,Very Low,62.7,12.594214,100,1747023300,Very Low,11.9113455,14.275513,Very Low,16.129047,56.0,23.376812,100,1747023300,20.985508
2025-05-12T04:26:00Z,236,29.864,70.0,62,59.3,2,1,355,87,0.0,255,32767,0.0,2127-15-31,0.0,0.16,26.24,0.0,0.0,0.0,0,4.828125,6,45,05:49,20:11,2025-05-12 04:26:00.111602,Città della Scienza,78.9,13.822279,12.944809,14.889182,10.438468,EU EEA Common AQI,62.8,13.048086,11.681226,7200,17.086956,100,100,58.3,16.788406,Very Low,62.7,12.594214,100,1747023300,Very Low,11.9113455,14.275513,Very Low,16.129047,56.0,23.376812,100,1747023300,20.985508
2025-05-12T04:26:11Z,236,29.864,70.0,62,59.3,1,1,355,87,0.0,255,32767,0.0,2127-15-31,0.0,0.16,26.24,0.0,0.0,0.0,0,4.828125,6,45,05:49,20:11,2025-05-12 04:26:11.231592,Città della Scienza,78.9,13.822279,12.944809,14.889182,10.438468,EU EEA Common AQI,62.8,13.048086,11.681226,7200,17.086956,100,100,58.3,16.788406,Very Low,62.7,12.594214,100,1747023300,Very Low,11.9113455,14.275513,Very Low,16.129047,56.0,23.376812,100,1747023300,20.985508
2025-05-12T04:26:22Z,236,29.864,70.0,62,59.3,1,1,355,87,0.0,255,32767,0.0,2127-15-31,0.0,0.16,26.24,0.0,0.0,0.0,0,4.828125,6,45,05:49,20:11,2025-05-12 04:26:22.334591,Città della Scienza,78.9,13.822279,12.944809,14.889182,10.438468,EU EEA Common AQI,62.8,13.048086,11.681226,7200,17.086956,100,100,58.3,16.788406,Very Low,62.7,12.594214,100,1747023300,Very Low,11.9113455,14.275513,Very Low,16.129047,56.0,23.376812,100,1747023300,20.985508
2025-05-12T04:26:33Z,236,29.864,70.1,62,59.3,2,1,355,87,0.0,255,32767,0.0,2127-15-31,0.0,0.16,26.24,0.0,0.0,0.0,0,4.828125,6,45,05:49,20:11,2025-05-12 04:26:33.396606,Città della Scienza,78.9,13.822279,12.944809,14.889182,10.438468,EU EEA Common AQI,62.8,13.048086,11.681226,7200,17.086956,100,100,58.3,16.788406,Very Low,62.7,12.594214,100,1747023300,Very Low,11.9113455,14.275513,Very Low,16.129047,56.0,23.376812,100,1747023300,20.985508
2025-05-12T04:26:44Z,236,29.864,70.1,62,59.3,0,1,355,87,0.0,255,32767,0.0,2127-15-31,0.0,0.16,26.24,0.0,0.0,0.0,0,4.828125,6,45,05:49,20:11,2025-05-12 04:26:44.487596,Città della Scienza,78.9,13.822279,12.944809,14.889182,10.438468,EU EEA Common AQI,62.8,13.048086,11.681226,7200,17.086956,100,100,58.3,16.788406,Very Low,62.7,12.594214,100,1747023300,Very Low,11.9113455,14.275513,Very Low,16.129047,56.0,23.376812,100,1747023300,20.985508
2025-05-12T04:26:55Z,236,29.864,70.1,62,59.3,1,1,355,87,0.0,255,32767,0.0,2127-15-31,0.0,0.16,26.24,0.0,0.0,0.0,0,4.828125,6,45,05:49,20:11,2025-05-12 04:26:55.575601,Città della Scienza,78.9,13.822279,12.944809,14.889182,10.438468,EU EEA Common AQI,62.8,13.048086,11.681226,7200,17.086956,100,100,58.3,16.788406,Very Low,62.7,12.594214,100,1747023300,Very Low,11.9113455,14.275513,Very Low,16.129047,56.0,23.376812,100,1747023300,20.985508
2025-05-12T04:27:06Z,236,29.864,70.1,62,59.3,1,1,355,87,0.0,255,32767,0.0,2127-15-31,0.0,0.16,26.24,0.0,0.0,0.0,0,4.828125,6,45,05:49,20:11,2025-05-12 04:27:06.622597,Città della Scienza,78.9,13.822279,12.944809,14.889182,10.438468,EU EEA Common AQI,62.8,13.048086,11.681226,7200,17.086956,100,100,58.3,16.788406,Very Low,62.7,12.594214,100,1747023300,Very Low,11.9113455,14.275513,Very Low,16.129047,56.0,23.376812,100,1747023300,20.985508
2025-05-12T04:27:17Z,236,29.864,70.1,62,59.3,0,1,355,87,0.0,255,32767,0.0,2127-15-31,0.0,0.16,26.24,0.0,0.0,0.0,0,4.828125,6,45,05:49,20:11,2025-05-12 04:27:17.718594,Città della Scienza,78.9,13.822279,12.944809,14.889182,10.438468,EU EEA Common AQI,62.8,13.048086,11.681226,7200,17.086956,100,100,58.3,16.788406,Very Low,62.7,12.594214,100,1747023300,Very Low,11.9113455,14.275513,Very Low,16.129047,56.0,23.376812,100,1747023300,20.985508
2025-05-12T04:27:29Z,236,29.864,70.1,62,59.3,0,1,355,87,0.0,255,32767,0.0,2127-15-31,0.0,0.16,26.24,0.0,0.0,0.0,0,4.828125,6,45,05:49,20:11,2025-05-12 04:27:28.832598,Città della Scienza,78.9,13.822279,12.944809,14.889182,10.438468,EU EEA Common AQI,62.8,13.048086,11.681226,7200,17.086956,100,100,58.3,16.788406,Very Low,62.7,12.594214,100,1747023300,Very Low,11.9113455,14.275513,Very Low,16.129047,56.0,23.376812,100,1747023300,20.985508
2025-05-12T04:27:40Z,236,29.864,70.0,62,59.3,1,1,355,87,0.0,255,32767,0.0,2127-15-31,0.0,0.16,26.24,0.0,0.0,0.0,0,4.828125,6,45,05:49,20:11,2025-05-12 04:27:39.885600,Città della Scienza,78.9,13.822279,12.944809,14.889182,10.438468,EU EEA Common AQI,62.8,13.048086,11.681226,7200,17.086956,100,100,58.3,16.788406,Very Low,62.7,12.594214,100,1747023300,Very Low,11.9113455,14.275513,Very Low,16.129047,56.0,23.376812,100,1747023300,20.985508
2025-05-12T04:27:51Z,236,29.864,70.0,62,59.3,0,1,355,87,0.0,255,32767,0.0,2127-15-31,0.0,0.16,26.24,0.0,0.0,0.0,0,4.828125,6,45,05:49,20:11,2025-05-12 04:27:50.975596,Città della Scienza,78.9,13.822279,12.944809,14.889182,10.438468,EU EEA Common AQI,62.8,13.048086,11.681226,7200,17.086956,100,100,58.3,16.788406,Very Low,62.7,12.594214,100,1747023300,Very Low,11.9113455,14.275513,Very Low,16.129047,56.0,23.376812,100,1747023300,20.985508
2025-05-12T04:28:02Z,236,29.864,70.0,62,59.2,0,1,355,87,0.0,255,32767,0.0,2127-15-31,0.0,0.16,26.24,0.0,0.0,0.0,0,4.828125,6,45,05:49,20:11,2025-05-12 04:28:02.033552,Città della Scienza,78.9,13.822279,12.944809,14.889182,10.438468,EU EEA Common AQI,62.8,13.048086,11.681226,7200,17.086956,100,100,58.3,16.788406,Very Low,62.7,12.594214,100,1747023300,Very Low,11.9113455,14.275513,Very Low,16.129047,56.0,23.376812,100,1747023300,20.985508
2025-05-12T04:28:13Z,236,29.864,70.0,62,59.3,0,1,355,87,0.0,255,32767,0.0,2127-15-31,0.0,0.16,26.24,0.0,0.0,0.0,0,4.828125,6,45,05:49,20:11,2025-05-12 04:28:13.139593,Città della Scienza,78.9,13.822279,12.944809,14.889182,10.438468,EU EEA Common AQI,62.8,13.048086,11.681226,7200,17.086956,100,100,58.3,16.788406,Very Low,62.7,12.594214,100,1747023300,Very Low,11.9113455,14.275513,Very Low,16.129047,56.0,23.376812,100,1747023300,20.985508
2025-05-12T04:28:24Z,236,29.864,70.0,62,59.3,0,1,355,87,0.0,255,32767,0.0,2127-15-31,0.0,0.16,26.24,0.0,0.0,0.0,0,4.828125,6,45,05:49,20:11,2025-05-12 04:28:24.204590,Città della Scienza,78.9,13.822279,12.944809,14.889182,10.438468,EU EEA Common AQI,62.8,13.048086,11.681226,7200,17.086956,100,100,58.3,16.788406,Very Low,62.7,12.594214,100,1747023300,Very Low,11.9113455,14.275513,Very Low,16.129047,56.0,23.376812,100,1747023300,20.985508
2025-05-12T04:28:35Z,236,29.865,70.0,62,59.3,0,1,355,87,0.0,255,32767,0.0,2127-15-31,0.0,0.16,26.24,0.0,0.0,0.0,0,4.828125,6,45,05:49,20:11,2025-05-12 04:28:35.278593,Città della Scienza,78.9,13.822279,12.944809,14.889182,10.438468,EU EEA Common AQI,62.8,13.048086,11.681226,7200,17.086956,100,100,58.3,16.788406,Very Low,62.7,12.594214,100,1747023300,Very Low,11.9113455,14.275513,Very Low,16.129047,56.0,23.376812,100,1747023300,20.985508
2025-05-12T04:28:46Z,236,29.865,70.0,62,59.3,0,1,355,87,0.0,255,32767,0.0,2127-15-31,0.0,0.16,26.24,0.0,0.0,0.0,0,4.828125,6,45,05:49,20:11,2025-05-12 04:28:46.380609,Città della Scienza,78.9,13.822279,12.944809,14.889182,10.438468,EU EEA Common AQI,62.8,13.048086,11.681226,7200,17.086956,100,100,58.3,16.788406,Very Low,62.7,12.594214,100,1747023300,Very Low,11.9113455,14.275513,Very Low,16.129047,56.0,23.376812,100,1747023300,20.985508
2025-05-12T04:28:57Z,236,29.865,70.0,62,59.3,0,1,355,87,0.0,255,32767,0.0,2127-15-31,0.0,0.16,26.24,0.0,0.0,0.0,0,4.828125,6,45,05:49,20:11,2025-05-12 04:28:57.436594,Città della Scienza,78.9,13.822279,12.944809,14.889182,10.438468,EU EEA Common AQI,62.8,13.048086,11.681226,7200,17.086956,100,100,58.3,16.788406,Very Low,62.7,12.594214,100,1747023300,Very Low,11.9113455,14.275513,Very Low,16.129047,56.0,23.376812,100,1747023300,20.985508
2025-05-12T04:29:08Z,236,29.865,70.0,62,59.2,0,1,355,87,0.0,255,32767,0.0,2127-15-31,0.0,0.16,26.24,0.0,0.0,0.0,0,4.828125,6,45,05:49,20:11,2025-05-12 04:29:08.460591,Città della Scienza,78.9,13.822279,12.944809,14.889182,10.438468,EU EEA Common AQI,62.8,13.048086,11.681226,7200,17.086956,100,100,58.3,16.788406,Very Low,62.7,12.594214,100,1747023300,Very Low,11.9113455,14.275513,Very Low,16.129047,56.0,23.376812,100,1747023300,20.985508
2025-05-12T04:29:19Z,236,29.865,70.0,62,59.2,0,1,355,87,0.0,255,32767,0.0,2127-15-31,0.0,0.16,26.24,0.0,0.0,0.0,0,4.828125,6,45,05:49,20:11,2025-05-12 04:29:19.545589,Città della Scienza,78.9,13.822279,12.944809,14.889182,10.438468,EU EEA Common AQI,62.8,13.048086,11.681226,7200,17.086956,100,100,58.3,16.788406,Very Low,62.7,12.594214,100,1747023300,Very Low,11.9113455,14.275513,Very Low,16.129047,56.0,23.376812,100,1747023300,20.985508
2025-05-12T04:29:30Z,236,29.865,70.0,62,59.2,0,1,355,86,0.0,255,32767,0.0,2127-15-31,0.0,0.16,26.24,0.0,0.0,0.0,0,4.828125,6,45,05:49,20:11,2025-05-12 04:29:30.661599,Città della Scienza,78.9,13.822279,12.944809,14.889182,10.438468,EU EEA Common AQI,62.8,13.048086,11.681226,7200,17.086956,100,100,58.3,16.788406,Very Low,62.7,12.594214,100,1747023300,Very Low,11.9113455,14.275513,Very Low,16.129047,56.0,23.376812,100,1747023300,20.985508
2025-05-12T04:29:41Z,236,29.865,70.0,62,59.2,0,1,355,86,0.0,255,32767,0.0,2127-15-31,0.0,0.16,26.24,0.0,0.0,0.0,0,4.828125,6,45,05:49,20:11,2025-05-12 04:29:41.733600,Città della Scienza,78.9,13.822279,12.944809,14.889182,10.438468,EU EEA Common AQI,62.8,13.048086,11.681226,7200,17.086956,100,100,58.3,16.788406,Very Low,62.7,12.594214,100,1747023300,Very Low,11.9113455,14.275513,Very Low,16.129047,56.0,23.376812,100,1747023300,20.985508
2025-05-12T04:29:52Z,236,29.865,70.0,62,59.2,0,1,355,86,0.0,255,32767,0.0,2127-15-31,0.0,0.16,26.24,0.0,0.0,0.0,0,4.828125,6,45,05:49,20:11,2025-05-12 04:29:52.788595,Città della Scienza,78.9,13.822279,12.944809,14.889182,10.438468,EU EEA Common AQI,62.8,13.048086,11.681226,7200,17.086956,100,100,58.3,16.788406,Very Low,62.7,12.594214,100,1747023300,Very Low,11.9113455,14.275513,Very Low,16.129047,56.0,23.376812,100,1747023300,20.985508
2025-05-12T04:30:04Z,236,29.865,70.0,62,59.2,0,1,355,86,0.0,255,32767,0.0,2127-15-31,0.0,0.16,26.24,0.0,0.0,0.0,0,4.828125,6,45,05:49,20:11,2025-05-12 04:30:03.888593,Città della Scienza,78.9,13.822279,12.944809,14.889182,10.438468,EU EEA Common AQI,62.8,13.048086,11.681226,7200,17.086956,100,100,58.3,16.788406,Very Low,62.7,12.594214,100,1747023300,Very Low,11.9113455,14.275513,Very Low,16.129047,56.0,23.376812,100,1747023300,20.985508
2025-05-12T04:30:15Z,236,29.865,70.0,62,59.2,0,1,355,86,0.0,255,32767,0.0,2127-15-31,0.0,0.16,26.24,0.0,0.0,0.0,0,4.828125,6,45,05:49,20:11,2025-05-12 04:30:14.968591,Città della Scienza,78.9,13.822279,12.944809,14.889182,10.438468,EU EEA Common AQI,62.8,13.048086,11.681226,7200,17.086956,100,100,58.3,16.788406,Very Low,62.7,12.594214,100,1747023300,Very Low,11.9113455,14.275513,Very Low,16.129047,56.0,23.376812,100,1747023300,20.985508
2025-05-12T04:30:26Z,236,29.865,70.0,62,59.2,1,1,355,86,0.0,255,32767,0.0,2127-15-31,0.0,0.16,26.24,0.0,0.0,0.0,0,4.828125,6,45,05:49,20:11,2025-05-12 04:30:26.025596,Città della Scienza,78.1,14.478098,12.903652,16.917406,11.285645,EU EEA Common AQI,62.7,14.107057,11.648267,7200,16.73913,100,100,58.1,16.034782,Very Low,62.7,13.2168665,100,1747024200,Very Low,13.533924,15.399202,Very Low,18.27155,55.8,21.666666,100,1747024200,20.043478
2025-05-12T04:30:37Z,0,29.867,70.0,62,59.2,1,1,355,86,0.0,255,32767,0.0,2127-15-31,0.0,0.16,26.24,0.0,0.0,0.0,0,4.828125,6,45,05:49,20:11,2025-05-12 04:30:37.168594,Città della Scienza,78.1,14.478098,12.903652,16.917406,11.285645,EU EEA Common AQI,62.7,14.107057,11.648267,7200,16.73913,100,100,58.1,16.034782,Very Low,62.7,13.2168665,100,1747024200,Very Low,13.533924,15.399202,Very Low,18.27155,55.8,21.666666,100,1747024200,20.043478
2025-05-12T04:30:48Z,0,29.867,70.0,62,59.2,0,1,355,86,0.0,255,32767,0.0,2127-15-31,0.0,0.16,26.24,0.0,0.0,0.0,0,4.828125,6,45,05:49,20:11,2025-05-12 04:30:48.246591,Città della Scienza,78.1,14.478098,12.903652,16.917406,11.285645,EU EEA Common AQI,62.7,14.107057,11.648267,7200,16.73913,100,100,58.1,16.034782,Very Low,62.7,13.2168665,100,1747024200,Very Low,13.533924,15.399202,Very Low,18.27155,55.8,21.666666,100,1747024200,20.043478
2025-05-12T04:30:59Z,0,29.867,70.0,62,59.2,0,1,355,86,0.0,255,32767,0.0,2127-15-31,0.0,0.16,26.24,0.0,0.0,0.0,0,4.828125,6,45,05:49,20:11,2025-05-12 04:30:59.366596,Città della Scienza,78.1,14.478098,12.903652,16.917406,11.285645,EU EEA Common AQI,62.7,14.107057,11.648267,7200,16.73913,100,100,58.1,16.034782,Very Low,62.7,13.2168665,100,1747024200,Very Low,13.533924,15.399202,Very Low,18.27155,55.8,21.666666,100,1747024200,20.043478
2025-05-12T04:31:10Z,0,29.867,70.0,62,59.2,0,1,355,86,0.0,255,32767,0.0,2127-15-31,0.0,0.16,26.24,0.0,0.0,0.0,0,4.828125,6,45,05:49,20:11,2025-05-12 04:31:10.413597,Città della Scienza,78.1,14.478098,12.903652,16.917406,11.285645,EU EEA Common AQI,62.7,14.107057,11.648267,7200,16.73913,100,100,58.1,16.034782,Very Low,62.7,13.2168665,100,1747024200,Very Low,13.533924,15.399202,Very Low,18.27155,55.8,21.666666,100,1747024200,20.043478
2025-05-12T04:31:21Z,0,29.867,70.0,62,59.2,0,1,355,86,0.0,255,32767,0.0,2127-15-31,0.0,0.16,26.24,0.0,0.0,0.0,0,4.828125,6,45,05:49,20:11,2025-05-12 04:31:21.474594,Città della Scienza,78.1,14.478098,12.903652,16.917406,11.285645,EU EEA Common AQI,62.7,14.107057,11.648267,7200,16.73913,100,100,58.1,16.034782,Very Low,62.7,13.2168665,100,1747024200,Very Low,13.533924,15.399202,Very Low,18.27155,55.8,21.666666,100,1747024200,20.043478
2025-05-12T04:31:32Z,0,29.866,70.0,62,59.2,0,1,355,86,0.0,255,32767,0.0,2127-15-31,0.0,0.16,26.24,0.0,0.0,0.0,0,4.828125,6,45,05:49,20:11,2025-05-12 04:31:32.565585,Città della Scienza,78.1,14.478098,12.903652,16.917406,11.285645,EU EEA Common AQI,62.7,14.107057,11.648267,7200,16.73913,100,100,58.1,16.034782,Very Low,62.7,13.2168665,100,1747024200,Very Low,13.533924,15.399202,Very Low,18.27155,55.8,21.666666,100,1747024200,20.043478
2025-05-12T04:31:43Z,0,29.866,70.0,62,59.2,2,1,355,86,0.0,255,32767,0.0,2127-15-31,0.0,0.16,26.24,0.0,0.0,0.0,0,4.828125,6,45,05:49,20:11,2025-05-12 04:31:43.733595,Città della Scienza,78.1,14.478098,12.903652,16.917406,11.285645,EU EEA Common AQI,62.7,14.107057,11.648267,7200,16.73913,100,100,58.1,16.034782,Very Low,62.7,13.2168665,100,1747024200,Very Low,13.533924,15.399202,Very Low,18.27155,55.8,21.666666,100,1747024200,20.043478
2025-05-12T04:31:54Z,0,29.866,70.0,62,59.2,0,1,355,86,0.0,255,32767,0.0,2127-15-31,0.0,0.16,26.24,0.0,0.0,0.0,0,4.828125,6,45,05:49,20:11,2025-05-12 04:31:54.768590,Città della Scienza,78.1,14.478098,12.903652,16.917406,11.285645,EU EEA Common AQI,62.7,14.107057,11.648267,7200,16.73913,100,100,58.1,16.034782,Very Low,62.7,13.2168665,100,1747024200,Very Low,13.533924,15.399202,Very Low,18.27155,55.8,21.666666,100,1747024200,20.043478
2025-05-12T04:32:06Z,0,29.866,70.0,62,59.2,0,1,355,87,0.0,255,32767,0.0,2127-15-31,0.0,0.16,26.24,0.0,0.0,0.0,0,4.828125,6,45,05:49,20:11,2025-05-12 04:32:05.842606,Città della Scienza,78.1,14.478098,12.903652,16.917406,11.285645,EU EEA Common AQI,62.7,14.107057,11.648267,7200,16.73913,100,100,58.1,16.034782,Very Low,62.7,13.2168665,100,1747024200,Very Low,13.533924,15.399202,Very Low,18.27155,55.8,21.666666,100,1747024200,20.043478
2025-05-12T04:32:17Z,0,29.866,70.0,62,59.2,0,1,355,87,0.0,255,32767,0.0,2127-15-31,0.0,0.16,26.24,0.0,0.0,0.0,0,4.828125,6,45,05:49,20:11,2025-05-12 04:32:16.969594,Città della Scienza,78.1,14.478098,12.903652,16.917406,11.285645,EU EEA Common AQI,62.7,14.107057,11.648267,7200,16.73913,100,100,58.1,16.034782,Very Low,62.7,13.2168665,100,1747024200,Very Low,13.533924,15.399202,Very Low,18.27155,55.8,21.666666,100,1747024200,20.043478
2025-05-12T04:32:28Z,0,29.866,70.0,62,59.3,0,1,355,87,0.0,255,32767,0.0,2127-15-31,0.0,0.16,26.24,0.0,0.0,0.0,0,4.828125,6,45,05:49,20:11,2025-05-12 04:32:28.045593,Città della Scienza,78.1,14.478098,12.903652,16.917406,11.285645,EU EEA Common AQI,62.7,14.107057,11.648267,7200,16.73913,100,100,58.1,16.034782,Very Low,62.7,13.2168665,100,1747024200,Very Low,13.533924,15.399202,Very Low,18.27155,55.8,21.666666,100,1747024200,20.043478
2025-05-12T04:32:39Z,0,29.868,70.0,62,59.3,0,1,355,87,0.0,255,32767,0.0,2127-15-31,0.0,0.16,26.24,0.0,0.0,0.0,0,4.828125,6,45,05:49,20:11,2025-05-12 04:32:39.109598,Città della Scienza,78.1,14.478098,12.903652,16.917406,11.285645,EU EEA Common AQI,62.7,14.107057,11.648267,7200,16.73913,100,100,58.1,16.034782,Very Low,62.7,13.2168665,100,1747024200,Very Low,13.533924,15.399202,Very Low,18.27155,55.8,21.666666,100,1747024200,20.043478
2025-05-12T04:32:50Z,0,29.868,70.0,62,59.3,0,1,355,87,0.0,255,32767,0.0,2127-15-31,0.0,0.16,26.24,0.0,0.0,0.0,0,4.828125,6,45,05:49,20:11,2025-05-12 04:32:50.233591,Città della Scienza,78.1,14.478098,12.903652,16.917406,11.285645,EU EEA Common AQI,62.7,14.107057,11.648267,7200,16.73913,100,100,58.1,16.034782,Very Low,62.7,13.2168665,100,1747024200,Very Low,13.533924,15.399202,Very Low,18.27155,55.8,21.666666,100,1747024200,20.043478
2025-05-12T04:33:01Z,0,29.868,70.0,62,59.3,0,1,355,87,0.0,255,32767,0.0,2127-15-31,0.0,0.16,26.24,0.0,0.0,0.0,0,4.828125,6,45,05:49,20:11,2025-05-12 04:33:01.305601,Città della Scienza,78.1,14.478098,12.903652,16.917406,11.285645,EU EEA Common AQI,62.7,14.107057,11.648267,7200,16.73913,100,100,58.1,16.034782,Very Low,62.7,13.2168665,100,1747024200,Very Low,13.533924,15.399202,Very Low,18.27155,55.8,21.666666,100,1747024200,20.043478
2025-05-12T04:33:12Z,0,29.868,70.0,62,59.3,0,1,355,87,0.0,255,32767,0.0,2127-15-31,0.0,0.16,26.24,0.0,0.0,0.0,0,4.828125,6,45,05:49,20:11,2025-05-12 04:33:12.331590,Città della Scienza,78.1,14.478098,12.903652,16.917406,11.285645,EU EEA Common AQI,62.7,14.107057,11.648267,7200,16.73913,100,100,58.1,16.034782,Very Low,62.7,13.2168665,100,1747024200,Very Low,13.533924,15.399202,Very Low,18.27155,55.8,21.666666,100,1747024200,20.043478
2025-05-12T04:33:23Z,0,29.868,70.0,62,59.3,0,1,355,87,0.0,255,32767,0.0,2127-15-31,0.0,0.16,26.24,0.0,0.0,0.0,0,4.828125,6,45,05:49,20:11,2025-05-12 04:33:23.400590,Città della Scienza,78.1,14.478098,12.903652,16.917406,11.285645,EU EEA Common AQI,62.7,14.107057,11.648267,7200,16.73913,100,100,58.1,16.034782,Very Low,62.7,13.2168665,100,1747024200,Very Low,13.533924,15.399202,Very Low,18.27155,55.8,21.666666,100,1747024200,20.043478
2025-05-12T04:33:34Z,0,29.869,70.0,62,59.4,0,1,355,87,0.0,255,32767,0.0,2127-15-31,0.0,0.16,26.24,0.0,0.0,0.0,0,4.828125,6,45,05:49,20:11,2025-05-12 04:33:34.455605,Città della Scienza,78.1,14.478098,12.903652,16.917406,11.285645,EU EEA Common AQI,62.7,14.107057,11.648267,7200,16.73913,100,100,58.1,16.034782,Very Low,62.7,13.2168665,100,1747024200,Very Low,13.533924,15.399202,Very Low,18.27155,55.8,21.666666,100,1747024200,20.043478
2025-05-12T04:33:45Z,0,29.869,70.0,62,59.3,0,1,355,87,0.0,255,32767,0.0,2127-15-31,0.0,0.16,26.24,0.0,0.0,0.0,0,4.828125,6,45,05:49,20:11,2025-05-12 04:33:45.523592,Città della Scienza,78.1,14.478098,12.903652,16.917406,11.285645,EU EEA Common AQI,62.7,14.107057,11.648267,7200,16.73913,100,100,58.1,16.034782,Very Low,62.7,13.2168665,100,1747024200,Very Low,13.533924,15.399202,Very Low,18.27155,55.8,21.666666,100,1747024200,20.043478
2025-05-12T04:33:56Z,0,29.869,70.0,62,59.3,0,1,355,87,0.0,255,32767,0.0,2127-15-31,0.0,0.16,26.24,0.0,0.0,0.0,0,4.828125,6,45,05:49,20:11,2025-05-12 04:33:56.577592,Città della Scienza,78.1,14.478098,12.903652,16.917406,11.285645,EU EEA Common AQI,62.7,14.107057,11.648267,7200,16.73913,100,100,58.1,16.034782,Very Low,62.7,13.2168665,100,1747024200,Very Low,13.533924,15.399202,Very Low,18.27155,55.8,21.666666,100,1747024200,20.043478
2025-05-12T04:34:07Z,0,29.869,70.0,62,59.4,0,1,355,87,0.0,255,32767,0.0,2127-15-31,0.0,0.16,26.24,0.0,0.0,0.0,0,4.828125,6,45,05:49,20:11,2025-05-12 04:34:07.666601,Città della Scienza,78.1,14.478098,12.903652,16.917406,11.285645,EU EEA Common AQI,62.7,14.107057,11.648267,7200,16.73913,100,100,58.1,16.034782,Very Low,62.7,13.2168665,100,1747024200,Very Low,13.533924,15.399202,Very Low,18.27155,55.8,21.666666,100,1747024200,20.043478
2025-05-12T04:34:18Z,0,29.869,70.0,62,59.4,0,1,355,87,0.0,255,32767,0.0,2127-15-31,0.0,0.16,26.24,0.0,0.0,0.0,0,4.828125,6,45,05:49,20:11,2025-05-12 04:34:18.786602,Città della Scienza,78.1,14.478098,12.903652,16.917406,11.285645,EU EEA Common AQI,62.7,14.107057,11.648267,7200,16.73913,100,100,58.1,16.034782,Very Low,62.7,13.2168665,100,1747024200,Very Low,13.533924,15.399202,Very Low,18.27155,55.8,21.666666,100,1747024200,20.043478
2025-05-12T04:34:30Z,0,29.869,70.0,62,59.4,0,1,355,87,0.0,255,32767,0.0,2127-15-31,0.0,0.16,26.24,0.0,0.0,0.0,0,4.828125,6,45,05:49,20:11,2025-05-12 04:34:29.879599,Città della Scienza,78.1,14.478098,12.903652,16.917406,11.285645,EU EEA Common AQI,62.7,14.107057,11.648267,7200,16.73913,100,100,58.1,16.034782,Very Low,62.7,13.2168665,100,1747024200,Very Low,13.533924,15.399202,Very Low,18.27155,55.8,21.666666,100,1747024200,20.043478
2025-05-12T04:34:41Z,0,29.87,70.0,62,59.3,0,0,355,86,0.0,255,32767,0.0,2127-15-31,0.0,0.16,26.24,0.0,0.0,0.0,0,4.828125,6,45,05:49,20:11,2025-05-12 04:34:40.945630,Città della Scienza,78.1,14.478098,12.903652,16.917406,11.285645,EU EEA Common AQI,62.7,14.107057,11.648267,7200,16.73913,100,100,58.1,16.034782,Very Low,62.7,13.2168665,100,1747024200,Very Low,13.533924,15.399202,Very Low,18.27155,55.8,21.666666,100,1747024200,20.043478
2025-05-12T04:34:52Z,0,29.87,70.0,62,59.3,0,0,355,86,0.0,255,32767,0.0,2127-15-31,0.0,0.16,26.24,0.0,0.0,0.0,0,4.828125,6,45,05:49,20:11,2025-05-12 04:34:52.042589,Città della Scienza,78.1,14.478098,12.903652,16.917406,11.285645,EU EEA Common AQI,62.7,14.107057,11.648267,7200,16.73913,100,100,58.1,16.034782,Very Low,62.7,13.2168665,100,1747024200,Very Low,13.533924,15.399202,Very Low,18.27155,55.8,21.666666,100,1747024200,20.043478
2025-05-12T04:35:03Z,0,29.87,70.0,62,59.4,0,0,355,86,0.0,255,32767,0.0,2127-15-31,0.0,0.16,26.24,0.0,0.0,0.0,0,4.828125,6,45,05:49,20:11,2025-05-12 04:35:03.104591,Città della Scienza,78.1,14.478098,12.903652,16.917406,11.285645,EU EEA Common AQI,62.7,14.107057,11.648267,7200,16.73913,100,100,58.1,16.034782,Very Low,62.7,13.2168665,100,1747024200,Very Low,13.533924,15.399202,Very Low,18.27155,55.8,21.666666,100,1747024200,20.043478
2025-05-12T04:35:14Z,0,29.87,70.0,62,59.4,0,0,355,86,0.0,255,32767,0.0,2127-15-31,0.0,0.16,26.24,0.0,0.0,0.0,0,4.828125,6,45,05:49,20:11,2025-05-12 04:35:14.183588,Città della Scienza,78.1,14.478098,12.903652,16.917406,11.285645,EU EEA Common AQI,62.7,14.107057,11.648267,7200,16.73913,100,100,58.1,16.034782,Very Low,62.7,13.2168665,100,1747024200,Very Low,13.533924,15.399202,Very Low,18.27155,55.8,21.666666,100,1747024200,20.043478
2025-05-12T04:35:25Z,0,29.87,70.0,62,59.4,0,0,355,86,0.0,255,32767,0.0,2127-15-31,0.0,0.16,26.24,0.0,0.0,0.0,0,4.828125,6,45,05:49,20:11,2025-05-12 04:35:25.264592,Città della Scienza,78.1,14.478098,12.903652,16.917406,11.285645,EU EEA Common AQI,62.7,14.107057,11.648267,7200,16.73913,100,100,58.1,16.034782,Very Low,62.7,13.2168665,100,1747024200,Very Low,13.533924,15.399202,Very Low,18.27155,55.8,21.666666,100,1747024200,20.043478
2025-05-12T04:35:36Z,0,29.866,69.9,62,59.4,0,0,355,86,0.0,255,32767,0.0,2127-15-31,0.0,0.16,26.24,0.0,0.0,0.0,0,4.828125,6,45,05:49,20:11,2025-05-12 04:35:36.338824,Città della Scienza,78.1,14.478098,12.903652,16.917406,11.285645,EU EEA Common AQI,62.7,14.107057,11.648267,7200,16.73913,100,100,58.1,16.034782,Very Low,62.7,13.2168665,100,1747024200,Very Low,13.533924,15.399202,Very Low,18.27155,55.8,21.666666,100,1747024200,20.043478
2025-05-12T04:35:47Z,0,29.866,69.9,62,59.4,0,0,355,86,0.0,255,32767,0.0,2127-15-31,0.0,0.16,26.24,0.0,0.0,0.0,0,4.828125,6,45,05:49,20:11,2025-05-12 04:35:47.426591,Città della Scienza,78.1,14.478098,12.903652,16.917406,11.285645,EU EEA Common AQI,62.7,14.107057,11.648267,7200,16.73913,100,100,58.1,16.034782,Very Low,62.7,13.2168665,100,1747024200,Very Low,13.533924,15.399202,Very Low,18.27155,55.8,21.666666,100,1747024200,20.043478
2025-05-12T04:35:58Z,0,29.866,69.9,62,59.4,1,0,355,86,0.0,255,32767,0.0,2127-15-31,0.0,0.16,26.24,0.0,0.0,0.0,0,4.828125,6,45,05:49,20:11,2025-05-12 04:35:58.525582,Città della Scienza,78.1,14.478098,12.903652,16.917406,11.285645,EU EEA Common AQI,62.7,14.107057,11.648267,7200,16.73913,100,100,58.1,16.034782,Very Low,62.7,13.2168665,100,1747024200,Very Low,13.533924,15.399202,Very Low,18.27155,55.8,21.666666,100,1747024200,20.043478
2025-05-12T04:36:09Z,0,29.866,69.9,62,59.4,1,0,355,86,0.0,255,32767,0.0,2127-15-31,0.0,0.16,26.24,0.0,0.0,0.0,0,4.828125,6,45,05:49,20:11,2025-05-12 04:36:09.639605,Città della Scienza,78.1,14.478098,12.903652,16.917406,11.285645,EU EEA Common AQI,62.7,14.107057,11.648267,7200,16.73913,100,100,58.1,16.034782,Very Low,62.7,13.2168665,100,1747024200,Very Low,13.533924,15.399202,Very Low,18.27155,55.8,21.666666,100,1747024200,20.043478
2025-05-12T04:36:20Z,0,29.866,69.9,62,59.4,1,0,355,86,0.0,255,32767,0.0,2127-15-31,0.0,0.16,26.24,0.0,0.0,0.0,0,4.828125,6,45,05:49,20:11,2025-05-12 04:36:20.755591,Città della Scienza,78.1,14.478098,12.903652,16.917406,11.285645,EU EEA Common AQI,62.7,14.107057,11.648267,7200,16.73913,100,100,58.1,16.034782,Very Low,62.7,13.2168665,100,1747024200,Very Low,13.533924,15.399202,Very Low,18.27155,55.8,21.666666,100,1747024200,20.043478
2025-05-12T04:36:32Z,0,29.866,70.0,62,59.5,1,0,355,86,0.0,255,32767,0.0,2127-15-31,0.0,0.16,26.24,0.0,0.0,0.0,0,4.828125,6,45,05:49,20:11,2025-05-12 04:36:31.938593,Città della Scienza,78.1,14.478098,12.903652,16.917406,11.285645,EU EEA Common AQI,62.7,14.107057,11.648267,7200,16.73913,100,100,58.1,16.034782,Very Low,62.7,13.2168665,100,1747024200,Very Low,13.533924,15.399202,Very Low,18.27155,55.8,21.666666,100,1747024200,20.043478
2025-05-12T04:36:43Z,0,29.866,70.0,62,59.5,1,0,355,86,0.0,255,32767,0.0,2127-15-31,0.0,0.16,26.24,0.0,0.0,0.0,0,4.828125,6,45,05:49,20:11,2025-05-12 04:36:43.063596,Città della Scienza,78.1,14.478098,12.903652,16.917406,11.285645,EU EEA Common AQI,62.7,14.107057,11.648267,7200,16.73913,100,100,58.1,16.034782,Very Low,62.7,13.2168665,100,1747024200,Very Low,13.533924,15.399202,Very Low,18.27155,55.8,21.666666,100,1747024200,20.043478
2025-05-12T04:36:54Z,0,29.866,70.0,62,59.5,1,0,355,86,0.0,255,32767,0.0,2127-15-31,0.0,0.16,26.24,0.0,0.0,0.0,0,4.828125,6,45,05:49,20:11,2025-05-12 04:36:54.157590,Città della Scienza,78.1,14.478098,12.903652,16.917406,11.285645,EU EEA Common AQI,62.7,14.107057,11.648267,7200,16.73913,100,100,58.1,16.034782,Very Low,62.7,13.2168665,100,1747024200,Very Low,13.533924,15.399202,Very Low,18.27155,55.8,21.666666,100,1747024200,20.043478
2025-05-12T04:37:05Z,0,29.866,70.0,62,59.5,1,0,355,86,0.0,255,32767,0.0,2127-15-31,0.0,0.16,26.24,0.0,0.0,0.0,0,4.828125,6,45,05:49,20:11,2025-05-12 04:37:05.265591,Città della Scienza,78.1,14.478098,12.903652,16.917406,11.285645,EU EEA Common AQI,62.7,14.107057,11.648267,7200,16.73913,100,100,58.1,16.034782,Very Low,62.7,13.2168665,100,1747024200,Very Low,13.533924,15.399202,Very Low,18.27155,55.8,21.666666,100,1747024200,20.043478
2025-05-12T04:37:16Z,0,29.866,70.0,62,59.5,1,0,355,86,0.0,255,32767,0.0,2127-15-31,0.0,0.16,26.24,0.0,0.0,0.0,0,4.828125,6,45,05:49,20:11,2025-05-12 04:37:16.372598,Città della Scienza,78.1,14.478098,12.903652,16.917406,11.285645,EU EEA Common AQI,62.7,14.107057,11.648267,7200,16.73913,100,100,58.1,16.034782,Very Low,62.7,13.2168665,100,1747024200,Very Low,13.533924,15.399202,Very Low,18.27155,55.8,21.666666,100,1747024200,20.043478
2025-05-12T04:37:27Z,0,29.866,70.0,62,59.5,2,0,355,86,0.0,255,32767,0.0,2127-15-31,0.0,0.16,26.24,0.0,0.0,0.0,0,4.828125,6,45,05:49,20:11,2025-05-12 04:37:27.434593,Città della Scienza,78.1,14.478098,12.903652,16.917406,11.285645,EU EEA Common AQI,62.7,14.107057,11.648267,7200,16.73913,100,100,58.1,16.034782,Very Low,62.7,13.2168665,100,1747024200,Very Low,13.533924,15.399202,Very Low,18.27155,55.8,21.666666,100,1747024200,20.043478
2025-05-12T04:37:38Z,0,29.868,69.9,62,59.5,2,0,355,86,0.0,255,32767,0.0,2127-15-31,0.0,0.16,26.24,0.0,0.0,0.0,0,4.828125,6,45,05:49,20:11,2025-05-12 04:37:38.503591,Città della Scienza,78.1,14.478098,12.903652,16.917406,11.285645,EU EEA Common AQI,62.7,14.107057,11.648267,7200,16.73913,100,100,58.1,16.034782,Very Low,62.7,13.2168665,100,1747024200,Very Low,13.533924,15.399202,Very Low,18.27155,55.8,21.666666,100,1747024200,20.043478
2025-05-12T04:37:49Z,0,29.868,69.9,62,59.5,2,0,355,86,0.0,255,32767,0.0,2127-15-31,0.0,0.16,26.24,0.0,0.0,0.0,0,4.828125,6,45,05:49,20:11,2025-05-12 04:37:49.615592,Città della Scienza,78.1,14.478098,12.903652,16.917406,11.285645,EU EEA Common AQI,62.7,14.107057,11.648267,7200,16.73913,100,100,58.1,16.034782,Very Low,62.7,13.2168665,100,1747024200,Very Low,13.533924,15.399202,Very Low,18.27155,55.8,21.666666,100,1747024200,20.043478
2025-05-12T04:38:00Z,0,29.868,69.9,62,59.6,2,0,355,86,0.0,255,32767,0.0,2127-15-31,0.0,0.16,26.24,0.0,0.0,0.0,0,4.828125,6,45,05:49,20:11,2025-05-12 04:38:00.693589,Città della Scienza,78.1,14.478098,12.903652,16.917406,11.285645,EU EEA Common AQI,62.7,14.107057,11.648267,7200,16.73913,100,100,58.1,16.034782,Very Low,62.7,13.2168665,100,1747024200,Very Low,13.533924,15.399202,Very Low,18.27155,55.8,21.666666,100,1747024200,20.043478
2025-05-12T04:38:11Z,0,29.868,69.9,62,59.5,2,0,355,86,0.0,255,32767,0.0,2127-15-31,0.0,0.16,26.24,0.0,0.0,0.0,0,4.828125,6,45,05:49,20:11,2025-05-12 04:38:11.754607,Città della Scienza,78.1,14.478098,12.903652,16.917406,11.285645,EU EEA Common AQI,62.7,14.107057,11.648267,7200,16.73913,100,100,58.1,16.034782,Very Low,62.7,13.2168665,100,1747024200,Very Low,13.533924,15.399202,Very Low,18.27155,55.8,21.666666,100,1747024200,20.043478
2025-05-12T04:38:23Z,0,29.868,69.9,62,59.5,2,0,355,86,0.0,255,32767,0.0,2127-15-31,0.0,0.16,26.24,0.0,0.0,0.0,0,4.828125,6,45,05:49,20:11,2025-05-12 04:38:22.834592,Città della Scienza,78.1,14.478098,12.903652,16.917406,11.285645,EU EEA Common AQI,62.7,14.107057,11.648267,7200,16.73913,100,100,58.1,16.034782,Very Low,62.7,13.2168665,100,1747024200,Very Low,13.533924,15.399202,Very Low,18.27155,55.8,21.666666,100,1747024200,20.043478
2025-05-12T04:38:34Z,0,29.867,69.9,62,59.5,1,0,355,86,0.0,255,32767,0.0,2127-15-31,0.0,0.16,26.24,0.0,0.0,0.0,0,4.828125,6,45,05:49,20:11,2025-05-12 04:38:33.905590,Città della Scienza,78.1,14.478098,12.903652,16.917406,11.285645,EU EEA Common AQI,62.7,14.107057,11.648267,7200,16.73913,100,100,58.1,16.034782,Very Low,62.7,13.2168665,100,1747024200,Very Low,13.533924,15.399202,Very Low,18.27155,55.8,21.666666,100,1747024200,20.043478
2025-05-12T04:38:45Z,0,29.867,69.9,62,59.6,1,0,355,86,0.0,255,32767,0.0,2127-15-31,0.0,0.16,26.24,0.0,0.0,0.0,0,4.828125,6,45,05:49,20:11,2025-05-12 04:38:44.967591,Città della Scienza,78.1,14.478098,12.903652,16.917406,11.285645,EU EEA Common AQI,62.7,14.107057,11.648267,7200,16.73913,100,100,58.1,16.034782,Very Low,62.7,13.2168665,100,1747024200,Very Low,13.533924,15.399202,Very Low,18.27155,55.8,21.666666,100,1747024200,20.043478
2025-05-12T04:38:56Z,0,29.867,69.9,62,59.5,2,0,355,86,0.0,255,32767,0.0,2127-15-31,0.0,0.16,26.24,0.0,0.0,0.0,0,4.828125,6,45,05:49,20:11,2025-05-12 04:38:56.034604,Città della Scienza,78.1,14.478098,12.903652,16.917406,11.285645,EU EEA Common AQI,62.7,14.107057,11.648267,7200,16.73913,100,100,58.1,16.034782,Very Low,62.7,13.2168665,100,1747024200,Very Low,13.533924,15.399202,Very Low,18.27155,55.8,21.666666,100,1747024200,20.043478
2025-05-12T04:39:07Z,0,29.867,69.9,62,59.6,2,0,355,86,0.0,255,32767,0.0,2127-15-31,0.0,0.16,26.24,0.0,0.0,0.0,0,4.828125,6,45,05:49,20:11,2025-05-12 04:39:07.146594,Città della Scienza,78.1,14.478098,12.903652,16.917406,11.285645,EU EEA Common AQI,62.7,14.107057,11.648267,7200,16.73913,100,100,58.1,16.034782,Very Low,62.7,13.2168665,100,1747024200,Very Low,13.533924,15.399202,Very Low,18.27155,55.8,21.666666,100,1747024200,20.043478
2025-05-12T04:39:18Z,0,29.867,69.9,62,59.6,2,0,355,86,0.0,255,32767,0.0,2127-15-31,0.0,0.16,26.24,0.0,0.0,0.0,0,4.828125,6,45,05:49,20:11,2025-05-12 04:39:18.255592,Città della Scienza,78.1,14.478098,12.903652,16.917406,11.285645,EU EEA Common AQI,62.7,14.107057,11.648267,7200,16.73913,100,100,58.1,16.034782,Very Low,62.7,13.2168665,100,1747024200,Very Low,13.533924,15.399202,Very Low,18.27155,55.8,21.666666,100,1747024200,20.043478
2025-05-12T04:39:29Z,0,29.867,69.9,62,59.6,2,0,355,86,0.0,255,32767,0.0,2127-15-31,0.0,0.16,26.24,0.0,0.0,0.0,0,4.828125,6,45,05:49,20:11,2025-05-12 04:39:29.334591,Città della Scienza,78.1,14.478098,12.903652,16.917406,11.285645,EU EEA Common AQI,62.7,14.107057,11.648267,7200,16.73913,100,100,58.1,16.034782,Very Low,62.7,13.2168665,100,1747024200,Very Low,13.533924,15.399202,Very Low,18.27155,55.8,21.666666,100,1747024200,20.043478
2025-05-12T04:39:40Z,0,29.866,69.9,62,59.6,1,1,355,86,0.0,255,32767,0.0,2127-15-31,0.0,0.16,26.24,0.0,0.0,0.0,0,4.828125,6,45,05:49,20:11,2025-05-12 04:39:40.405598,Città della Scienza,78.1,14.478098,12.903652,16.917406,11.285645,EU EEA Common AQI,62.7,14.107057,11.648267,7200,16.73913,100,100,58.1,16.034782,Very Low,62.7,13.2168665,100,1747024200,Very Low,13.533924,15.399202,Very Low,18.27155,55.8,21.666666,100,1747024200,20.043478
2025-05-12T04:39:51Z,0,29.866,69.9,62,59.6,2,1,355,86,0.0,255,32767,0.0,2127-15-31,0.0,0.16,26.24,0.0,0.0,0.0,0,4.828125,6,45,05:49,20:11,2025-05-12 04:39:51.498589,Città della Scienza,78.1,14.478098,12.903652,16.917406,11.285645,EU EEA Common AQI,62.7,14.107057,11.648267,7200,16.73913,100,100,58.1,16.034782,Very Low,62.7,13.2168665,100,1747024200,Very Low,13.533924,15.399202,Very Low,18.27155,55.8,21.666666,100,1747024200,20.043478
2025-05-12T04:40:02Z,0,29.866,69.9,62,59.6,2,1,355,86,0.0,255,32767,0.0,2127-15-31,0.0,0.16,26.24,0.0,0.0,0.0,0,4.828125,6,45,05:49,20:11,2025-05-12 04:40:02.596593,Città della Scienza,78.1,14.478098,12.903652,16.917406,11.285645,EU EEA Common AQI,62.7,14.107057,11.648267,7200,16.73913,100,100,58.1,16.034782,Very Low,62.7,13.2168665,100,1747024200,Very Low,13.533924,15.399202,Very Low,18.27155,55.8,21.666666,100,1747024200,20.043478
2025-05-12T04:40:13Z,0,29.866,69.9,62,59.6,2,1,355,86,0.0,255,32767,0.0,2127-15-31,0.0,0.16,26.24,0.0,0.0,0.0,0,4.828125,6,45,05:49,20:11,2025-05-12 04:40:13.748594,Città della Scienza,78.1,14.478098,12.903652,16.917406,11.285645,EU EEA Common AQI,62.7,14.107057,11.648267,7200,16.73913,100,100,58.1,16.034782,Very Low,62.7,13.2168665,100,1747024200,Very Low,13.533924,15.399202,Very Low,18.27155,55.8,21.666666,100,1747024200,20.043478
2025-05-12T04:40:25Z,0,29.866,69.9,62,59.6,2,1,355,86,0.0,255,32767,0.0,2127-15-31,0.0,0.16,26.24,0.0,0.0,0.0,0,4.828125,6,45,05:49,20:11,2025-05-12 04:40:24.831555,Città della Scienza,78.1,14.478098,12.903652,16.917406,11.285645,EU EEA Common AQI,62.7,14.107057,11.648267,7200,16.73913,100,100,58.1,16.034782,Very Low,62.7,13.2168665,100,1747024200,Very Low,13.533924,15.399202,Very Low,18.27155,55.8,21.666666,100,1747024200,20.043478
2025-05-12T04:40:36Z,0,29.868,69.9,62,59.6,2,1,355,86,0.0,255,32767,0.0,2127-15-31,0.0,0.16,26.24,0.0,0.0,0.0,0,4.828125,6,45,05:49,20:11,2025-05-12 04:40:35.919590,Città della Scienza,78.1,14.478098,12.903652,16.917406,11.285645,EU EEA Common AQI,62.7,14.107057,11.648267,7200,16.73913,100,100,58.1,16.034782,Very Low,62.7,13.2168665,100,1747024200,Very Low,13.533924,15.399202,Very Low,18.27155,55.8,21.666666,100,1747024200,20.043478
2025-05-12T04:40:47Z,0,29.868,69.9,62,59.6,2,1,5,86,0.0,255,32767,0.0,2127-15-31,0.0,0.16,26.24,0.0,0.0,0.0,0,4.828125,6,45,05:49,20:11,2025-05-12 04:40:46.957597,Città della Scienza,78.1,14.478098,12.903652,16.917406,11.285645,EU EEA Common AQI,62.7,14.107057,11.648267,7200,16.73913,100,100,58.1,16.034782,Very Low,62.7,13.2168665,100,1747024200,Very Low,13.533924,15.399202,Very Low,18.27155,55.8,21.666666,100,1747024200,20.043478
2025-05-12T04:40:58Z,0,29.868,69.9,62,59.6,1,1,11,86,0.0,255,32767,0.0,2127-15-31,0.0,0.16,26.24,0.0,0.0,0.0,0,4.828125,6,45,05:49,20:11,2025-05-12 04:40:58.053596,Città della Scienza,78.1,14.478098,12.903652,16.917406,11.285645,EU EEA Common AQI,62.7,14.107057,11.648267,7200,16.73913,100,100,58.1,16.034782,Very Low,62.7,13.2168665,100,1747024200,Very Low,13.533924,15.399202,Very Low,18.27155,55.8,21.666666,100,1747024200,20.043478
2025-05-12T04:41:09Z,0,29.868,69.9,62,59.6,1,1,11,86,0.0,255,32767,0.0,2127-15-31,0.0,0.16,26.24,0.0,0.0,0.0,0,4.828125,6,45,05:49,20:11,2025-05-12 04:41:09.146589,Città della Scienza,78.1,14.478098,12.903652,16.917406,11.285645,EU EEA Common AQI,62.7,14.107057,11.648267,7200,16.73913,100,100,58.1,16.034782,Very Low,62.7,13.2168665,100,1747024200,Very Low,13.533924,15.399202,Very Low,18.27155,55.8,21.666666,100,1747024200,20.043478
2025-05-12T04:41:20Z,0,29.868,69.9,62,59.7,2,1,5,86,0.0,255,32767,0.0,2127-15-31,0.0,0.16,26.24,0.0,0.0,0.0,0,4.828125,6,45,05:49,20:11,2025-05-12 04:41:20.302587,Città della Scienza,78.1,14.478098,12.903652,16.917406,11.285645,EU EEA Common AQI,62.7,14.107057,11.648267,7200,16.73913,100,100,58.1,16.034782,Very Low,62.7,13.2168665,100,1747024200,Very Low,13.533924,15.399202,Very Low,18.27155,55.8,21.666666,100,1747024200,20.043478
2025-05-12T04:41:31Z,0,29.868,69.9,62,59.7,1,1,5,86,0.0,255,32767,0.0,2127-15-31,0.0,0.16,26.24,0.0,0.0,0.0,0,4.828125,6,45,05:49,20:11,2025-05-12 04:41:31.397599,Città della Scienza,78.1,14.478098,12.903652,16.917406,11.285645,EU EEA Common AQI,62.7,14.107057,11.648267,7200,16.73913,100,100,58.1,16.034782,Very Low,62.7,13.2168665,100,1747024200,Very Low,13.533924,15.399202,Very Low,18.27155,55.8,21.666666,100,1747024200,20.043478
2025-05-12T04:41:42Z,0,29.865,69.9,62,59.7,2,1,5,86,0.0,255,32767,0.0,2127-15-31,0.0,0.16,26.24,0.0,0.0,0.0,0,4.828125,6,45,05:49,20:11,2025-05-12 04:41:42.471587,Città della Scienza,78.1,14.478098,12.903652,16.917406,11.285645,EU EEA Common AQI,62.7,14.107057,11.648267,7200,16.73913,100,100,58.1,16.034782,Very Low,62.7,13.2168665,100,1747024200,Very Low,13.533924,15.399202,Very Low,18.27155,55.8,21.666666,100,1747024200,20.043478
2025-05-12T04:41:53Z,0,29.865,69.9,62,59.8,2,1,5,86,0.0,255,32767,0.0,2127-15-31,0.0,0.16,26.24,0.0,0.0,0.0,0,4.828125,6,45,05:49,20:11,2025-05-12 04:41:53.548551,Città della Scienza,78.1,14.478098,12.903652,16.917406,11.285645,EU EEA Common AQI,62.7,14.107057,11.648267,7200,16.73913,100,100,58.1,16.034782,Very Low,62.7,13.2168665,100,1747024200,Very Low,13.533924,15.399202,Very Low,18.27155,55.8,21.666666,100,1747024200,20.043478
2025-05-12T04:42:04Z,0,29.865,69.9,62,59.8,2,1,5,86,0.0,255,32767,0.0,2127-15-31,0.0,0.16,26.24,0.0,0.0,0.0,0,4.828125,6,45,05:49,20:11,2025-05-12 04:42:04.622590,Città della Scienza,78.1,14.478098,12.903652,16.917406,11.285645,EU EEA Common AQI,62.7,14.107057,11.648267,7200,16.73913,100,100,58.1,16.034782,Very Low,62.7,13.2168665,100,1747024200,Very Low,13.533924,15.399202,Very Low,18.27155,55.8,21.666666,100,1747024200,20.043478
2025-05-12T04:42:15Z,0,29.865,69.9,62,59.8,2,1,344,86,0.0,255,32767,0.0,2127-15-31,0.0,0.16,26.24,0.0,0.0,0.0,0,4.828125,6,45,05:49,20:11,2025-05-12 04:42:15.711572,Città della Scienza,78.1,14.478098,12.903652,16.917406,11.285645,EU EEA Common AQI,62.7,14.107057,11.648267,7200,16.73913,100,100,58.1,16.034782,Very Low,62.7,13.2168665,100,1747024200,Very Low,13.533924,15.399202,Very Low,18.27155,55.8,21.666666,100,1747024200,20.043478
2025-05-12T04:42:27Z,0,29.865,69.9,62,59.8,3,1,344,86,0.0,255,32767,0.0,2127-15-31,0.0,0.16,26.24,0.0,0.0,0.0,0,4.828125,6,45,05:49,20:11,2025-05-12 04:42:26.828596,Città della Scienza,78.1,14.478098,12.903652,16.917406,11.285645,EU EEA Common AQI,62.7,14.107057,11.648267,7200,16.73913,100,100,58.1,16.034782,Very Low,62.7,13.2168665,100,1747024200,Very Low,13.533924,15.399202,Very Low,18.27155,55.8,21.666666,100,1747024200,20.043478
2025-05-12T04:42:38Z,0,29.867,69.9,62,59.8,2,1,347,86,0.0,255,32767,0.0,2127-15-31,0.0,0.16,26.24,0.0,0.0,0.0,0,4.828125,6,45,05:49,20:11,2025-05-12 04:42:37.926601,Città della Scienza,78.1,14.478098,12.903652,16.917406,11.285645,EU EEA Common AQI,62.7,14.107057,11.648267,7200,16.73913,100,100,58.1,16.034782,Very Low,62.7,13.2168665,100,1747024200,Very Low,13.533924,15.399202,Very Low,18.27155,55.8,21.666666,100,1747024200,20.043478
2025-05-12T04:42:49Z,0,29.867,69.9,62,59.8,2,1,347,86,0.0,255,32767,0.0,2127-15-31,0.0,0.16,26.24,0.0,0.0,0.0,0,4.828125,6,45,05:49,20:11,2025-05-12 04:42:48.995591,Città della Scienza,78.1,14.478098,12.903652,16.917406,11.285645,EU EEA Common AQI,62.7,14.107057,11.648267,7200,16.73913,100,100,58.1,16.034782,Very Low,62.7,13.2168665,100,1747024200,Very Low,13.533924,15.399202,Very Low,18.27155,55.8,21.666666,100,1747024200,20.043478
2025-05-12T04:43:00Z,0,29.867,69.9,62,59.8,2,1,347,86,0.0,255,32767,0.0,2127-15-31,0.0,0.16,26.24,0.0,0.0,0.0,0,4.828125,6,45,05:49,20:11,2025-05-12 04:43:00.119599,Città della Scienza,78.1,14.478098,12.903652,16.917406,11.285645,EU EEA Common AQI,62.7,14.107057,11.648267,7200,16.73913,100,100,58.1,16.034782,Very Low,62.7,13.2168665,100,1747024200,Very Low,13.533924,15.399202,Very Low,18.27155,55.8,21.666666,100,1747024200,20.043478
2025-05-12T04:43:11Z,0,29.867,69.9,62,59.8,2,1,347,86,0.0,255,32767,0.0,2127-15-31,0.0,0.16,26.24,0.0,0.0,0.0,0,4.828125,6,45,05:49,20:11,2025-05-12 04:43:11.220555,Città della Scienza,78.1,14.478098,12.903652,16.917406,11.285645,EU EEA Common AQI,62.7,14.107057,11.648267,7200,16.73913,100,100,58.1,16.034782,Very Low,62.7,13.2168665,100,1747024200,Very Low,13.533924,15.399202,Very Low,18.27155,55.8,21.666666,100,1747024200,20.043478
2025-05-12T04:43:22Z,0,29.867,69.9,62,59.8,2,1,26,86,0.0,255,32767,0.0,2127-15-31,0.0,0.16,26.24,0.0,0.0,0.0,0,4.828125,6,45,05:49,20:11,2025-05-12 04:43:22.331552,Città della Scienza,78.1,14.478098,12.903652,16.917406,11.285645,EU EEA Common AQI,62.7,14.107057,11.648267,7200,16.73913,100,100,58.1,16.034782,Very Low,62.7,13.2168665,100,1747024200,Very Low,13.533924,15.399202,Very Low,18.27155,55.8,21.666666,100,1747024200,20.043478
2025-05-12T04:43:33Z,0,29.867,69.9,62,59.8,2,1,5,86,0.0,255,32767,0.0,2127-15-31,0.0,0.16,26.24,0.0,0.0,0.0,0,4.828125,6,45,05:49,20:11,2025-05-12 04:43:33.452591,Città della Scienza,78.1,14.478098,12.903652,16.917406,11.285645,EU EEA Common AQI,62.7,14.107057,11.648267,7200,16.73913,100,100,58.1,16.034782,Very Low,62.7,13.2168665,100,1747024200,Very Low,13.533924,15.399202,Very Low,18.27155,55.8,21.666666,100,1747024200,20.043478
2025-05-12T04:43:44Z,0,29.867,69.9,62,59.8,3,1,355,86,0.0,255,32767,0.0,2127-15-31,0.0,0.16,26.24,0.0,0.0,0.0,0,4.828125,6,45,05:49,20:11,2025-05-12 04:43:44.520585,Città della Scienza,78.1,14.478098,12.903652,16.917406,11.285645,EU EEA Common AQI,62.7,14.107057,11.648267,7200,16.73913,100,100,58.1,16.034782,Very Low,62.7,13.2168665,100,1747024200,Very Low,13.533924,15.399202,Very Low,18.27155,55.8,21.666666,100,1747024200,20.043478
2025-05-12T04:43:55Z,0,29.867,69.9,62,59.9,3,1,11,86,0.0,255,32767,0.0,2127-15-31,0.0,0.16,26.24,0.0,0.0,0.0,0,4.828125,6,45,05:49,20:11,2025-05-12 04:43:55.598592,Città della Scienza,78.1,14.478098,12.903652,16.917406,11.285645,EU EEA Common AQI,62.7,14.107057,11.648267,7200,16.73913,100,100,58.1,16.034782,Very Low,62.7,13.2168665,100,1747024200,Very Low,13.533924,15.399202,Very Low,18.27155,55.8,21.666666,100,1747024200,20.043478
2025-05-12T04:44:06Z,0,29.867,69.9,62,59.8,2,1,11,86,0.0,255,32767,0.0,2127-15-31,0.0,0.16,26.24,0.0,0.0,0.0,0,4.828125,6,45,05:49,20:11,2025-05-12 04:44:06.718593,Città della Scienza,78.1,14.478098,12.903652,16.917406,11.285645,EU EEA Common AQI,62.7,14.107057,11.648267,7200,16.73913,100,100,58.1,16.034782,Very Low,62.7,13.2168665,100,1747024200,Very Low,13.533924,15.399202,Very Low,18.27155,55.8,21.666666,100,1747024200,20.043478
2025-05-12T04:44:17Z,0,29.867,69.9,62,59.9,3,1,351,86,0.0,255,32767,0.0,2127-15-31,0.0,0.16,26.24,0.0,0.0,0.0,0,4.828125,6,45,05:49,20:11,2025-05-12 04:44:17.784607,Città della Scienza,78.1,14.478098,12.903652,16.917406,11.285645,EU EEA Common AQI,62.7,14.107057,11.648267,7200,16.73913,100,100,58.1,16.034782,Very Low,62.7,13.2168665,100,1747024200,Very Low,13.533924,15.399202,Very Low,18.27155,55.8,21.666666,100,1747024200,20.043478
2025-05-12T04:44:29Z,0,29.867,69.9,62,59.9,3,1,355,86,0.0,255,32767,0.0,2127-15-31,0.0,0.16,26.24,0.0,0.0,0.0,0,4.828125,6,45,05:49,20:11,2025-05-12 04:44:28.927594,Città della Scienza,78.1,14.478098,12.903652,16.917406,11.285645,EU EEA Common AQI,62.7,14.107057,11.648267,7200,16.73913,100,100,58.1,16.034782,Very Low,62.7,13.2168665,100,1747024200,Very Low,13.533924,15.399202,Very Low,18.27155,55.8,21.666666,100,1747024200,20.043478
2025-05-12T04:44:40Z,0,29.867,69.8,62,59.9,3,2,346,86,0.0,255,32767,0.0,2127-15-31,0.0,0.16,26.24,0.0,0.0,0.0,0,4.828125,6,45,05:49,20:11,2025-05-12 04:44:40.008589,Città della Scienza,78.1,14.478098,12.903652,16.917406,11.285645,EU EEA Common AQI,62.7,14.107057,11.648267,7200,16.73913,100,100,58.1,16.034782,Very Low,62.7,13.2168665,100,1747024200,Very Low,13.533924,15.399202,Very Low,18.27155,55.8,21.666666,100,1747024200,20.043478
2025-05-12T04:44:51Z,0,29.867,69.8,62,59.9,2,2,5,86,0.0,255,32767,0.0,2127-15-31,0.0,0.16,26.24,0.0,0.0,0.0,0,4.828125,6,45,05:49,20:11,2025-05-12 04:44:51.066598,Città della Scienza,78.1,14.478098,12.903652,16.917406,11.285645,EU EEA Common AQI,62.7,14.107057,11.648267,7200,16.73913,100,100,58.1,16.034782,Very Low,62.7,13.2168665,100,1747024200,Very Low,13.533924,15.399202,Very Low,18.27155,55.8,21.666666,100,1747024200,20.043478
2025-05-12T04:45:02Z,0,29.867,69.8,62,59.9,2,2,9,86,0.0,255,32767,0.0,2127-15-31,0.0,0.16,26.24,0.0,0.0,0.0,0,4.828125,6,45,05:49,20:11,2025-05-12 04:45:02.144593,Città della Scienza,78.1,14.478098,12.903652,16.917406,11.285645,EU EEA Common AQI,62.7,14.107057,11.648267,7200,16.73913,100,100,58.1,16.034782,Very Low,62.7,13.2168665,100,1747024200,Very Low,13.533924,15.399202,Very Low,18.27155,55.8,21.666666,100,1747024200,20.043478
2025-05-12T04:45:13Z,0,29.867,69.8,62,59.9,2,2,9,85,0.0,255,32767,0.0,2127-15-31,0.0,0.16,26.24,0.0,0.0,0.0,0,4.828125,6,45,05:49,20:11,2025-05-12 04:45:13.226588,Città della Scienza,78.1,14.478098,12.903652,16.917406,11.285645,EU EEA Common AQI,62.7,14.107057,11.648267,7200,16.73913,100,100,58.1,16.034782,Very Low,62.7,13.2168665,100,1747024200,Very Low,13.533924,15.399202,Very Low,18.27155,55.8,21.666666,100,1747024200,20.043478
2025-05-12T04:45:24Z,0,29.867,69.8,62,59.9,3,2,9,85,0.0,255,32767,0.0,2127-15-31,0.0,0.16,26.24,0.0,0.0,0.0,0,4.828125,6,45,05:49,20:11,2025-05-12 04:45:24.311589,Città della Scienza,77.0,15.73072,12.934194,20.407799,12.730309,EU EEA Common AQI,63.2,15.912887,11.670908,7200,22.147058,100,100,58.3,24.611763,Very Low,63.2,14.35312,100,1747025100,Very Low,16.326239,17.42087,Very Low,22.24025,55.9,33.691177,100,1747025100,30.764706
2025-05-12T04:45:35Z,0,29.866,69.8,62,59.9,2,2,9,85,0.0,255,32767,0.0,2127-15-31,0.0,0.16,26.24,0.0,0.0,0.0,0,4.828125,6,45,05:49,20:11,2025-05-12 04:45:35.339599,Città della Scienza,77.0,15.73072,12.934194,20.407799,12.730309,EU EEA Common AQI,63.2,15.912887,11.670908,7200,22.147058,100,100,58.3,24.611763,Very Low,63.2,14.35312,100,1747025100,Very Low,16.326239,17.42087,Very Low,22.24025,55.9,33.691177,100,1747025100,30.764706
2025-05-12T04:45:46Z,0,29.866,69.8,62,59.9,2,2,5,85,0.0,255,32767,0.0,2127-15-31,0.0,0.16,26.24,0.0,0.0,0.0,0,4.828125,6,45,05:49,20:11,2025-05-12 04:45:46.425600,Città della Scienza,77.0,15.73072,12.934194,20.407799,12.730309,EU EEA Common AQI,63.2,15.912887,11.670908,7200,22.147058,100,100,58.3,24.611763,Very Low,63.2,14.35312,100,1747025100,Very Low,16.326239,17.42087,Very Low,22.24025,55.9,33.691177,100,1747025100,30.764706
2025-05-12T04:45:57Z,0,29.866,69.8,62,60.0,2,2,15,85,0.0,255,32767,0.0,2127-15-31,0.0,0.16,26.24,0.0,0.0,0.0,0,4.828125,6,45,05:49,20:11,2025-05-12 04:45:57.495590,Città della Scienza,77.0,15.73072,12.934194,20.407799,12.730309,EU EEA Common AQI,63.2,15.912887,11.670908,7200,22.147058,100,100,58.3,24.611763,Very Low,63.2,14.35312,100,1747025100,Very Low,16.326239,17.42087,Very Low,22.24025,55.9,33.691177,100,1747025100,30.764706
2025-05-12T04:46:08Z,0,29.866,69.8,62,60.0,1,2,15,85,0.0,255,32767,0.0,2127-15-31,0.0,0.16,26.24,0.0,0.0,0.0,0,4.828125,6,45,05:49,20:11,2025-05-12 04:46:08.550592,Città della Scienza,77.0,15.73072,12.934194,20.407799,12.730309,EU EEA Common AQI,63.2,15.912887,11.670908,7200,22.147058,100,100,58.3,24.611763,Very Low,63.2,14.35312,100,1747025100,Very Low,16.326239,17.42087,Very Low,22.24025,55.9,33.691177,100,1747025100,30.764706
2025-05-12T04:46:19Z,0,29.866,69.8,62,60.0,1,2,5,85,0.0,255,32767,0.0,2127-15-31,0.0,0.16,26.24,0.0,0.0,0.0,0,4.828125,6,45,05:49,20:11,2025-05-12 04:46:19.629604,Città della Scienza,77.0,15.73072,12.934194,20.407799,12.730309,EU EEA Common AQI,63.2,15.912887,11.670908,7200,22.147058,100,100,58.3,24.611763,Very Low,63.2,14.35312,100,1747025100,Very Low,16.326239,17.42087,Very Low,22.24025,55.9,33.691177,100,1747025100,30.764706
2025-05-12T04:46:30Z,0,29.866,69.8,62,60.0,2,2,15,85,0.0,255,32767,0.0,2127-15-31,0.0,0.16,26.24,0.0,0.0,0.0,0,4.828125,6,45,05:49,20:11,2025-05-12 04:46:30.701596,Città della Scienza,77.0,15.73072,12.934194,20.407799,12.730309,EU EEA Common AQI,63.2,15.912887,11.670908,7200,22.147058,100,100,58.3,24.611763,Very Low,63.2,14.35312,100,1747025100,Very Low,16.326239,17.42087,Very Low,22.24025,55.9,33.691177,100,1747025100,30.764706
2025-05-12T04:46:41Z,0,29.868,69.8,62,60.0,2,2,15,85,0.0,255,32767,0.0,2127-15-31,0.0,0.16,26.24,0.0,0.0,0.0,0,4.828125,6,45,05:49,20:11,2025-05-12 04:46:41.789593,Città della Scienza,77.0,15.73072,12.934194,20.407799,12.730309,EU EEA Common AQI,63.2,15.912887,11.670908,7200,22.147058,100,100,58.3,24.611763,Very Low,63.2,14.35312,100,1747025100,Very Low,16.326239,17.42087,Very Low,22.24025,55.9,33.691177,100,1747025100,30.764706
2025-05-12T04:46:53Z,0,29.868,69.8,62,60.0,1,2,15,85,0.0,255,32767,0.0,2127-15-31,0.0,0.16,26.24,0.0,0.0,0.0,0,4.828125,6,45,05:49,20:11,2025-05-12 04:46:52.873597,Città della Scienza,77.0,15.73072,12.934194,20.407799,12.730309,EU EEA Common AQI,63.2,15.912887,11.670908,7200,22.147058,100,100,58.3,24.611763,Very Low,63.2,14.35312,100,1747025100,Very Low,16.326239,17.42087,Very Low,22.24025,55.9,33.691177,100,1747025100,30.764706
2025-05-12T04:47:04Z,0,29.868,69.8,62,60.0,3,2,5,85,0.0,255,32767,0.0,2127-15-31,0.0,0.16,26.24,0.0,0.0,0.0,0,4.828125,6,45,05:49,20:11,2025-05-12 04:47:03.987589,Città della Scienza,77.0,15.73072,12.934194,20.407799,12.730309,EU EEA Common AQI,63.2,15.912887,11.670908,7200,22.147058,100,100,58.3,24.611763,Very Low,63.2,14.35312,100,1747025100,Very Low,16.326239,17.42087,Very Low,22.24025,55.9,33.691177,100,1747025100,30.764706
2025-05-12T04:47:15Z,0,29.868,69.8,62,60.1,2,2,5,85,0.0,255,32767,0.0,2127-15-31,0.0,0.16,26.24,0.0,0.0,0.0,0,4.828125,6,45,05:49,20:11,2025-05-12 04:47:15.034589,Città della Scienza,77.0,15.73072,12.934194,20.407799,12.730309,EU EEA Common AQI,63.2,15.912887,11.670908,7200,22.147058,100,100,58.3,24.611763,Very Low,63.2,14.35312,100,1747025100,Very Low,16.326239,17.42087,Very Low,22.24025,55.9,33.691177,100,1747025100,30.764706
2025-05-12T04:47:26Z,0,29.868,69.8,62,60.1,2,2,360,85,0.0,255,32767,0.0,2127-15-31,0.0,0.16,26.24,0.0,0.0,0.0,0,4.828125,6,45,05:49,20:11,2025-05-12 04:47:26.121601,Città della Scienza,77.0,15.73072,12.934194,20.407799,12.730309,EU EEA Common AQI,63.2,15.912887,11.670908,7200,22.147058,100,100,58.3,24.611763,Very Low,63.2,14.35312,100,1747025100,Very Low,16.326239,17.42087,Very Low,22.24025,55.9,33.691177,100,1747025100,30.764706
2025-05-12T04:47:37Z,0,29.868,69.8,62,60.1,2,2,355,85,0.0,255,32767,0.0,2127-15-31,0.0,0.16,26.24,0.0,0.0,0.0,0,4.828125,6,45,05:49,20:11,2025-05-12 04:47:37.169597,Città della Scienza,77.0,15.73072,12.934194,20.407799,12.730309,EU EEA Common AQI,63.2,15.912887,11.670908,7200,22.147058,100,100,58.3,24.611763,Very Low,63.2,14.35312,100,1747025100,Very Low,16.326239,17.42087,Very Low,22.24025,55.9,33.691177,100,1747025100,30.764706
2025-05-12T04:47:48Z,0,29.868,69.8,62,60.1,2,2,349,85,0.0,255,32767,0.0,2127-15-31,0.0,0.16,26.24,0.0,0.0,0.0,0,4.828125,6,45,05:49,20:11,2025-05-12 04:47:48.224591,Città della Scienza,77.0,15.73072,12.934194,20.407799,12.730309,EU EEA Common AQI,63.2,15.912887,11.670908,7200,22.147058,100,100,58.3,24.611763,Very Low,63.2,14.35312,100,1747025100,Very Low,16.326239,17.42087,Very Low,22.24025,55.9,33.691177,100,1747025100,30.764706
2025-05-12T04:47:59Z,0,29.868,69.8,62,60.1,2,2,349,85,0.0,255,32767,0.0,2127-15-31,0.0,0.16,26.24,0.0,0.0,0.0,0,4.828125,6,45,05:49,20:11,2025-05-12 04:47:59.297591,Città della Scienza,77.0,15.73072,12.934194,20.407799,12.730309,EU EEA Common AQI,63.2,15.912887,11.670908,7200,22.147058,100,100,58.3,24.611763,Very Low,63.2,14.35312,100,1747025100,Very Low,16.326239,17.42087,Very Low,22.24025,55.9,33.691177,100,1747025100,30.764706
2025-05-12T04:48:10Z,0,29.868,69.8,62,60.2,2,2,360,85,0.0,255,32767,0.0,2127-15-31,0.0,0.16,26.24,0.0,0.0,0.0,0,4.828125,6,45,05:49,20:11,2025-05-12 04:48:10.378593,Città della Scienza,77.0,15.73072,12.934194,20.407799,12.730309,EU EEA Common AQI,63.2,15.912887,11.670908,7200,22.147058,100,100,58.3,24.611763,Very Low,63.2,14.35312,100,1747025100,Very Low,16.326239,17.42087,Very Low,22.24025,55.9,33.691177,100,1747025100,30.764706
2025-05-12T04:48:21Z,0,29.868,69.8,62,60.1,2,2,360,85,0.0,255,32767,0.0,2127-15-31,0.0,0.16,26.24,0.0,0.0,0.0,0,4.828125,6,45,05:49,20:11,2025-05-12 04:48:21.460598,Città della Scienza,77.0,15.73072,12.934194,20.407799,12.730309,EU EEA Common AQI,63.2,15.912887,11.670908,7200,22.147058,100,100,58.3,24.611763,Very Low,63.2,14.35312,100,1747025100,Very Low,16.326239,17.42087,Very Low,22.24025,55.9,33.691177,100,1747025100,30.764706
2025-05-12T04:48:32Z,0,29.867,69.8,62,60.2,1,2,360,85,0.0,255,32767,0.0,2127-15-31,0.0,0.16,26.24,0.0,0.0,0.0,0,4.828125,6,45,05:49,20:11,2025-05-12 04:48:32.523589,Città della Scienza,77.0,15.73072,12.934194,20.407799,12.730309,EU EEA Common AQI,63.2,15.912887,11.670908,7200,22.147058,100,100,58.3,24.611763,Very Low,63.2,14.35312,100,1747025100,Very Low,16.326239,17.42087,Very Low,22.24025,55.9,33.691177,100,1747025100,30.764706
2025-05-12T04:48:43Z,0,29.867,69.8,62,60.1,2,2,355,85,0.0,255,32767,0.0,2127-15-31,0.0,0.16,26.24,0.0,0.0,0.0,0,4.828125,6,45,05:49,20:11,2025-05-12 04:48:43.627627,Città della Scienza,77.0,15.73072,12.934194,20.407799,12.730309,EU EEA Common AQI,63.2,15.912887,11.670908,7200,22.147058,100,100,58.3,24.611763,Very Low,63.2,14.35312,100,1747025100,Very Low,16.326239,17.42087,Very Low,22.24025,55.9,33.691177,100,1747025100,30.764706
2025-05-12T04:48:54Z,0,29.867,69.8,62,60.2,2,2,355,85,0.0,255,32767,0.0,2127-15-31,0.0,0.16,26.24,0.0,0.0,0.0,0,4.828125,6,45,05:49,20:11,2025-05-12 04:48:54.700610,Città della Scienza,77.0,15.73072,12.934194,20.407799,12.730309,EU EEA Common AQI,63.2,15.912887,11.670908,7200,22.147058,100,100,58.3,24.611763,Very Low,63.2,14.35312,100,1747025100,Very Low,16.326239,17.42087,Very Low,22.24025,55.9,33.691177,100,1747025100,30.764706
2025-05-12T04:49:05Z,0,29.867,69.8,62,60.1,1,2,355,85,0.0,255,32767,0.0,2127-15-31,0.0,0.16,26.24,0.0,0.0,0.0,0,4.828125,6,45,05:49,20:11,2025-05-12 04:49:05.792582,Città della Scienza,77.0,15.73072,12.934194,20.407799,12.730309,EU EEA Common AQI,63.2,15.912887,11.670908,7200,22.147058,100,100,58.3,24.611763,Very Low,63.2,14.35312,100,1747025100,Very Low,16.326239,17.42087,Very Low,22.24025,55.9,33.691177,100,1747025100,30.764706
2025-05-12T04:49:17Z,0,29.867,69.8,62,60.2,2,2,355,85,0.0,255,32767,0.0,2127-15-31,0.0,0.16,26.24,0.0,0.0,0.0,0,4.828125,6,45,05:49,20:11,2025-05-12 04:49:16.896590,Città della Scienza,77.0,15.73072,12.934194,20.407799,12.730309,EU EEA Common AQI,63.2,15.912887,11.670908,7200,22.147058,100,100,58.3,24.611763,Very Low,63.2,14.35312,100,1747025100,Very Low,16.326239,17.42087,Very Low,22.24025,55.9,33.691177,100,1747025100,30.764706
2025-05-12T04:49:28Z,0,29.867,69.8,62,60.1,2,2,355,85,0.0,255,32767,0.0,2127-15-31,0.0,0.16,26.24,0.0,0.0,0.0,0,4.828125,6,45,05:49,20:11,2025-05-12 04:49:27.984593,Città della Scienza,77.0,15.73072,12.934194,20.407799,12.730309,EU EEA Common AQI,63.2,15.912887,11.670908,7200,22.147058,100,100,58.3,24.611763,Very Low,63.2,14.35312,100,1747025100,Very Low,16.326239,17.42087,Very Low,22.24025,55.9,33.691177,100,1747025100,30.764706
2025-05-12T04:49:39Z,0,29.866,69.8,62,60.1,1,2,355,85,0.0,255,32767,0.0,2127-15-31,0.0,0.16,26.24,0.0,0.0,0.0,0,4.828125,6,45,05:49,20:11,2025-05-12 04:49:39.147583,Città della Scienza,77.0,15.73072,12.934194,20.407799,12.730309,EU EEA Common AQI,63.2,15.912887,11.670908,7200,22.147058,100,100,58.3,24.611763,Very Low,63.2,14.35312,100,1747025100,Very Low,16.326239,17.42087,Very Low,22.24025,55.9,33.691177,100,1747025100,30.764706
2025-05-12T04:49:50Z,0,29.866,69.8,62,60.1,2,2,355,85,0.0,255,32767,0.0,2127-15-31,0.0,0.16,26.24,0.0,0.0,0.0,0,4.828125,6,45,05:49,20:11,2025-05-12 04:49:50.238589,Città della Scienza,77.0,15.73072,12.934194,20.407799,12.730309,EU EEA Common AQI,63.2,15.912887,11.670908,7200,22.147058,100,100,58.3,24.611763,Very Low,63.2,14.35312,100,1747025100,Very Low,16.326239,17.42087,Very Low,22.24025,55.9,33.691177,100,1747025100,30.764706
2025-05-12T04:50:01Z,0,29.866,69.8,62,60.2,1,2,355,85,0.0,255,32767,0.0,2127-15-31,0.0,0.16,26.24,0.0,0.0,0.0,0,4.828125,6,45,05:49,20:11,2025-05-12 04:50:01.388598,Città della Scienza,77.0,15.73072,12.934194,20.407799,12.730309,EU EEA Common AQI,63.2,15.912887,11.670908,7200,22.147058,100,100,58.3,24.611763,Very Low,63.2,14.35312,100,1747025100,Very Low,16.326239,17.42087,Very Low,22.24025,55.9,33.691177,100,1747025100,30.764706
2025-05-12T04:50:12Z,0,29.866,69.8,62,60.2,2,2,355,85,0.0,255,32767,0.0,2127-15-31,0.0,0.16,26.24,0.0,0.0,0.0,0,4.828125,6,45,05:49,20:11,2025-05-12 04:50:12.482592,Città della Scienza,77.0,15.73072,12.934194,20.407799,12.730309,EU EEA Common AQI,63.2,15.912887,11.670908,7200,22.147058,100,100,58.3,24.611763,Very Low,63.2,14.35312,100,1747025100,Very Low,16.326239,17.42087,Very Low,22.24025,55.9,33.691177,100,1747025100,30.764706
2025-05-12T04:50:23Z,0,29.866,69.8,62,60.2,1,2,355,85,0.0,255,32767,0.0,2127-15-31,0.0,0.16,26.24,0.0,0.0,0.0,0,4.828125,6,45,05:49,20:11,2025-05-12 04:50:23.561088,Città della Scienza,77.0,15.73072,12.934194,20.407799,12.730309,EU EEA Common AQI,63.2,15.912887,11.670908,7200,22.147058,100,100,58.3,24.611763,Very Low,63.2,14.35312,100,1747025100,Very Low,16.326239,17.42087,Very Low,22.24025,55.9,33.691177,100,1747025100,30.764706
2025-05-12T04:50:34Z,0,29.866,69.8,62,60.3,2,2,355,85,0.0,255,32767,0.0,2127-15-31,0.0,0.16,26.24,0.0,0.0,0.0,0,4.828125,6,45,05:49,20:11,2025-05-12 04:50:34.627598,Città della Scienza,77.0,15.73072,12.934194,20.407799,12.730309,EU EEA Common AQI,63.2,15.912887,11.670908,7200,22.147058,100,100,58.3,24.611763,Very Low,63.2,14.35312,100,1747025100,Very Low,16.326239,17.42087,Very Low,22.24025,55.9,33.691177,100,1747025100,30.764706
2025-05-12T04:50:45Z,0,29.866,69.8,62,60.3,2,2,350,85,0.0,255,32767,0.0,2127-15-31,0.0,0.16,26.24,0.0,0.0,0.0,0,4.828125,6,45,05:49,20:11,2025-05-12 04:50:45.733590,Città della Scienza,77.0,15.73072,12.934194,20.407799,12.730309,EU EEA Common AQI,63.2,15.912887,11.670908,7200,22.147058,100,100,58.3,24.611763,Very Low,63.2,14.35312,100,1747025100,Very Low,16.326239,17.42087,Very Low,22.24025,55.9,33.691177,100,1747025100,30.764706
2025-05-12T04:50:57Z,0,29.866,69.8,62,60.3,1,2,350,85,0.0,255,32767,0.0,2127-15-31,0.0,0.16,26.24,0.0,0.0,0.0,0,4.828125,6,45,05:49,20:11,2025-05-12 04:50:56.801595,Città della Scienza,77.0,15.73072,12.934194,20.407799,12.730309,EU EEA Common AQI,63.2,15.912887,11.670908,7200,22.147058,100,100,58.3,24.611763,Very Low,63.2,14.35312,100,1747025100,Very Low,16.326239,17.42087,Very Low,22.24025,55.9,33.691177,100,1747025100,30.764706
2025-05-12T04:51:08Z,0,29.866,69.8,62,60.2,1,2,350,85,0.0,255,32767,0.0,2127-15-31,0.0,0.16,26.24,0.0,0.0,0.0,0,4.828125,6,45,05:49,20:11,2025-05-12 04:51:07.872595,Città della Scienza,77.0,15.73072,12.934194,20.407799,12.730309,EU EEA Common AQI,63.2,15.912887,11.670908,7200,22.147058,100,100,58.3,24.611763,Very Low,63.2,14.35312,100,1747025100,Very Low,16.326239,17.42087,Very Low,22.24025,55.9,33.691177,100,1747025100,30.764706
2025-05-12T04:51:19Z,0,29.866,69.8,62,60.3,1,2,350,85,0.0,255,32767,0.0,2127-15-31,0.0,0.16,26.24,0.0,0.0,0.0,0,4.828125,6,45,05:49,20:11,2025-05-12 04:51:19.010590,Città della Scienza,77.0,15.73072,12.934194,20.407799,12.730309,EU EEA Common AQI,63.2,15.912887,11.670908,7200,22.147058,100,100,58.3,24.611763,Very Low,63.2,14.35312,100,1747025100,Very Low,16.326239,17.42087,Very Low,22.24025,55.9,33.691177,100,1747025100,30.764706
2025-05-12T04:51:30Z,0,29.866,69.8,62,60.2,1,2,350,85,0.0,255,32767,0.0,2127-15-31,0.0,0.16,26.24,0.0,0.0,0.0,0,4.828125,6,45,05:49,20:11,2025-05-12 04:51:30.099600,Città della Scienza,77.0,15.73072,12.934194,20.407799,12.730309,EU EEA Common AQI,63.2,15.912887,11.670908,7200,22.147058,100,100,58.3,24.611763,Very Low,63.2,14.35312,100,1747025100,Very Low,16.326239,17.42087,Very Low,22.24025,55.9,33.691177,100,1747025100,30.764706
2025-05-12T04:51:41Z,0,29.866,69.8,62,60.2,1,2,350,85,0.0,255,32767,0.0,2127-15-31,0.0,0.16,26.24,0.0,0.0,0.0,0,4.828125,6,45,05:49,20:11,2025-05-12 04:51:41.198594,Città della Scienza,77.0,15.73072,12.934194,20.407799,12.730309,EU EEA Common AQI,63.2,15.912887,11.670908,7200,22.147058,100,100,58.3,24.611763,Very Low,63.2,14.35312,100,1747025100,Very Low,16.326239,17.42087,Very Low,22.24025,55.9,33.691177,100,1747025100,30.764706
2025-05-12T04:51:52Z,0,29.866,69.8,62,60.2,1,2,350,85,0.0,255,32767,0.0,2127-15-31,0.0,0.16,26.24,0.0,0.0,0.0,0,4.828125,6,45,05:49,20:11,2025-05-12 04:51:52.263600,Città della Scienza,77.0,15.73072,12.934194,20.407799,12.730309,EU EEA Common AQI,63.2,15.912887,11.670908,7200,22.147058,100,100,58.3,24.611763,Very Low,63.2,14.35312,100,1747025100,Very Low,16.326239,17.42087,Very Low,22.24025,55.9,33.691177,100,1747025100,30.764706
2025-05-12T04:52:03Z,0,29.866,69.8,62,60.2,0,2,350,85,0.0,255,32767,0.0,2127-15-31,0.0,0.16,26.24,0.0,0.0,0.0,0,4.828125,6,45,05:49,20:11,2025-05-12 04:52:03.307553,Città della Scienza,77.0,15.73072,12.934194,20.407799,12.730309,EU EEA Common AQI,63.2,15.912887,11.670908,7200,22.147058,100,100,58.3,24.611763,Very Low,63.2,14.35312,100,1747025100,Very Low,16.326239,17.42087,Very Low,22.24025,55.9,33.691177,100,1747025100,30.764706
2025-05-12T04:52:14Z,0,29.866,69.8,62,60.3,1,2,350,84,0.0,255,32767,0.0,2127-15-31,0.0,0.16,26.24,0.0,0.0,0.0,0,4.828125,6,45,05:49,20:11,2025-05-12 04:52:14.400586,Città della Scienza,77.0,15.73072,12.934194,20.407799,12.730309,EU EEA Common AQI,63.2,15.912887,11.670908,7200,22.147058,100,100,58.3,24.611763,Very Low,63.2,14.35312,100,1747025100,Very Low,16.326239,17.42087,Very Low,22.24025,55.9,33.691177,100,1747025100,30.764706
2025-05-12T04:52:25Z,0,29.866,69.8,62,60.3,1,2,350,84,0.0,255,32767,0.0,2127-15-31,0.0,0.16,26.24,0.0,0.0,0.0,0,4.828125,6,45,05:49,20:11,2025-05-12 04:52:25.469600,Città della Scienza,77.0,15.73072,12.934194,20.407799,12.730309,EU EEA Common AQI,63.2,15.912887,11.670908,7200,22.147058,100,100,58.3,24.611763,Very Low,63.2,14.35312,100,1747025100,Very Low,16.326239,17.42087,Very Low,22.24025,55.9,33.691177,100,1747025100,30.764706
2025-05-12T04:52:36Z,0,29.869,69.8,62,60.3,0,2,350,84,0.0,255,32767,0.0,2127-15-31,0.0,0.16,26.24,0.0,0.0,0.0,0,4.828125,6,45,05:49,20:11,2025-05-12 04:52:36.562588,Città della Scienza,77.0,15.73072,12.934194,20.407799,12.730309,EU EEA Common AQI,63.2,15.912887,11.670908,7200,22.147058,100,100,58.3,24.611763,Very Low,63.2,14.35312,100,1747025100,Very Low,16.326239,17.42087,Very Low,22.24025,55.9,33.691177,100,1747025100,30.764706
2025-05-12T04:52:47Z,0,29.869,69.8,62,60.3,0,2,350,84,0.0,255,32767,0.0,2127-15-31,0.0,0.16,26.24,0.0,0.0,0.0,0,4.828125,6,45,05:49,20:11,2025-05-12 04:52:47.676595,Città della Scienza,77.0,15.73072,12.934194,20.407799,12.730309,EU EEA Common AQI,63.2,15.912887,11.670908,7200,22.147058,100,100,58.3,24.611763,Very Low,63.2,14.35312,100,1747025100,Very Low,16.326239,17.42087,Very Low,22.24025,55.9,33.691177,100,1747025100,30.764706
2025-05-12T04:52:58Z,0,29.869,69.8,62,60.3,0,2,350,84,0.0,255,32767,0.0,2127-15-31,0.0,0.16,26.24,0.0,0.0,0.0,0,4.828125,6,45,05:49,20:11,2025-05-12 04:52:58.783590,Città della Scienza,77.0,15.73072,12.934194,20.407799,12.730309,EU EEA Common AQI,63.2,15.912887,11.670908,7200,22.147058,100,100,58.3,24.611763,Very Low,63.2,14.35312,100,1747025100,Very Low,16.326239,17.42087,Very Low,22.24025,55.9,33.691177,100,1747025100,30.764706
2025-05-12T04:53:10Z,0,29.869,69.8,62,60.3,1,2,350,84,0.0,255,32767,0.0,2127-15-31,0.0,0.16,26.24,0.0,0.0,0.0,0,4.828125,6,45,05:49,20:11,2025-05-12 04:53:09.877595,Città della Scienza,77.0,15.73072,12.934194,20.407799,12.730309,EU EEA Common AQI,63.2,15.912887,11.670908,7200,22.147058,100,100,58.3,24.611763,Very Low,63.2,14.35312,100,1747025100,Very Low,16.326239,17.42087,Very Low,22.24025,55.9,33.691177,100,1747025100,30.764706
2025-05-12T04:53:21Z,0,29.869,69.8,62,60.3,0,2,350,84,0.0,255,32767,0.0,2127-15-31,0.0,0.16,26.24,0.0,0.0,0.0,0,4.828125,6,45,05:49,20:11,2025-05-12 04:53:20.999598,Città della Scienza,77.0,15.73072,12.934194,20.407799,12.730309,EU EEA Common AQI,63.2,15.912887,11.670908,7200,22.147058,100,100,58.3,24.611763,Very Low,63.2,14.35312,100,1747025100,Very Low,16.326239,17.42087,Very Low,22.24025,55.9,33.691177,100,1747025100,30.764706
2025-05-12T04:53:32Z,0,29.869,69.8,62,60.3,1,2,350,84,0.0,255,32767,0.0,2127-15-31,0.0,0.16,26.24,0.0,0.0,0.0,0,4.828125,6,45,05:49,20:11,2025-05-12 04:53:32.155600,Città della Scienza,77.0,15.73072,12.934194,20.407799,12.730309,EU EEA Common AQI,63.2,15.912887,11.670908,7200,22.147058,100,100,58.3,24.611763,Very Low,63.2,14.35312,100,1747025100,Very Low,16.326239,17.42087,Very Low,22.24025,55.9,33.691177,100,1747025100,30.764706
2025-05-12T04:53:43Z,0,29.869,69.8,62,60.3,0,2,350,84,0.0,255,32767,0.0,2127-15-31,0.0,0.16,26.24,0.0,0.0,0.0,0,4.828125,6,45,05:49,20:11,2025-05-12 04:53:43.228593,Città della Scienza,77.0,15.73072,12.934194,20.407799,12.730309,EU EEA Common AQI,63.2,15.912887,11.670908,7200,22.147058,100,100,58.3,24.611763,Very Low,63.2,14.35312,100,1747025100,Very Low,16.326239,17.42087,Very Low,22.24025,55.9,33.691177,100,1747025100,30.764706
2025-05-12T04:53:54Z,0,29.869,69.8,62,60.3,0,2,350,84,0.0,255,32767,0.0,2127-15-31,0.0,0.16,26.24,0.0,0.0,0.0,0,4.828125,6,45,05:49,20:11,2025-05-12 04:53:54.260589,Città della Scienza,77.0,15.73072,12.934194,20.407799,12.730309,EU EEA Common AQI,63.2,15.912887,11.670908,7200,22.147058,100,100,58.3,24.611763,Very Low,63.2,14.35312,100,1747025100,Very Low,16.326239,17.42087,Very Low,22.24025,55.9,33.691177,100,1747025100,30.764706
2025-05-12T04:54:05Z,0,29.869,69.8,62,60.3,0,2,350,84,0.0,255,32767,0.0,2127-15-31,0.0,0.16,26.24,0.0,0.0,0.0,0,4.828125,6,45,05:49,20:11,2025-05-12 04:54:05.336588,Città della Scienza,77.0,15.73072,12.934194,20.407799,12.730309,EU EEA Common AQI,63.2,15.912887,11.670908,7200,22.147058,100,100,58.3,24.611763,Very Low,63.2,14.35312,100,1747025100,Very Low,16.326239,17.42087,Very Low,22.24025,55.9,33.691177,100,1747025100,30.764706
2025-05-12T04:54:16Z,0,29.869,69.8,62,60.3,0,2,350,84,0.0,255,32767,0.0,2127-15-31,0.0,0.16,26.24,0.0,0.0,0.0,0,4.828125,6,45,05:49,20:11,2025-05-12 04:54:16.365593,Città della Scienza,77.0,15.73072,12.934194,20.407799,12.730309,EU EEA Common AQI,63.2,15.912887,11.670908,7200,22.147058,100,100,58.3,24.611763,Very Low,63.2,14.35312,100,1747025100,Very Low,16.326239,17.42087,Very Low,22.24025,55.9,33.691177,100,1747025100,30.764706
2025-05-12T04:54:27Z,0,29.869,69.8,62,60.4,1,2,350,84,0.0,255,32767,0.0,2127-15-31,0.0,0.16,26.24,0.0,0.0,0.0,0,4.828125,6,45,05:49,20:11,2025-05-12 04:54:27.441589,Città della Scienza,77.0,15.73072,12.934194,20.407799,12.730309,EU EEA Common AQI,63.2,15.912887,11.670908,7200,22.147058,100,100,58.3,24.611763,Very Low,63.2,14.35312,100,1747025100,Very Low,16.326239,17.42087,Very Low,22.24025,55.9,33.691177,100,1747025100,30.764706
2025-05-12T04:54:38Z,0,29.87,69.8,62,60.3,1,2,350,84,0.0,255,32767,0.0,2127-15-31,0.0,0.16,26.24,0.0,0.0,0.0,0,4.828125,6,45,05:49,20:11,2025-05-12 04:54:38.562589,Città della Scienza,77.0,15.73072,12.934194,20.407799,12.730309,EU EEA Common AQI,63.2,15.912887,11.670908,7200,22.147058,100,100,58.3,24.611763,Very Low,63.2,14.35312,100,1747025100,Very Low,16.326239,17.42087,Very Low,22.24025,55.9,33.691177,100,1747025100,30.764706
2025-05-12T04:54:49Z,0,29.87,69.8,62,60.3,0,2,350,84,0.0,255,32767,0.0,2127-15-31,0.0,0.16,26.24,0.0,0.0,0.0,0,4.828125,6,45,05:49,20:11,2025-05-12 04:54:49.660684,Città della Scienza
2025-05-12T04:55:00Z,0,29.87,69.8,62,60.3,0,2,350,84,0.0,255,32767,0.0,2127-15-31,0.0,0.16,26.24,0.0,0.0,0.0,0,4.828125,6,45,05:49,20:11,2025-05-12 04:55:00.739593,Città della Scienza
2025-05-12T04:55:11Z,0,29.87,69.8,62,60.3,0,2,350,84,0.0,255,32767,0.0,2127-15-31,0.0,0.16,26.24,0.0,0.0,0.0,0,4.828125,6,45,05:49,20:11,2025-05-12 04:55:11.777596,Città della Scienza
2025-05-12T04:55:23Z,0,29.87,69.8,62,60.3,0,2,350,84,0.0,255,32767,0.0,2127-15-31,0.0,0.16,26.24,0.0,0.0,0.0,0,4.828125,6,45,05:49,20:11,2025-05-12 04:55:22.872595,Città della Scienza
2025-05-12T04:55:34Z,0,29.869,69.8,62,60.3,0,1,350,84,0.0,255,32767,0.0,2127-15-31,0.0,0.16,26.24,0.0,0.0,0.0,0,4.828125,6,45,05:49,20:11,2025-05-12 04:55:33.937595,Città della Scienza
2025-05-12T04:55:45Z,0,29.869,69.8,62,60.4,0,1,350,84,0.0,255,32767,0.0,2127-15-31,0.0,0.16,26.24,0.0,0.0,0.0,0,4.828125,6,45,05:49,20:11,2025-05-12 04:55:45.016597,Città della Scienza
2025-05-12T04:55:56Z,0,29.869,69.8,62,60.4,0,1,350,84,0.0,255,32767,0.0,2127-15-31,0.0,0.16,26.24,0.0,0.0,0.0,0,4.828125,6,45,05:49,20:11,2025-05-12 04:55:56.083593,Città della Scienza
2025-05-12T04:56:07Z,0,29.869,69.8,62,60.4,1,1,350,84,0.0,255,32767,0.0,2127-15-31,0.0,0.16,26.24,0.0,0.0,0.0,0,4.828125,6,45,05:49,20:11,2025-05-12 04:56:07.174594,Città della Scienza
2025-05-12T04:56:18Z,0,29.869,69.8,62,60.4,0,1,350,84,0.0,255,32767,0.0,2127-15-31,0.0,0.16,26.24,0.0,0.0,0.0,0,4.828125,6,45,05:49,20:11,2025-05-12 04:56:18.218593,Città della Scienza
2025-05-12T04:56:29Z,0,29.869,69.8,62,60.4,0,1,350,84,0.0,255,32767,0.0,2127-15-31,0.0,0.16,26.24,0.0,0.0,0.0,0,4.828125,6,45,05:49,20:11,2025-05-12 04:56:29.282594,Città della Scienza
2025-05-12T04:56:40Z,0,29.868,69.8,62,60.4,0,1,350,84,0.0,255,32767,0.0,2127-15-31,0.0,0.16,26.24,0.0,0.0,0.0,0,4.828125,6,45,05:49,20:11,2025-05-12 04:56:40.325554,Città della Scienza
2025-05-12T04:56:51Z,0,29.868,69.8,62,60.5,0,1,350,84,0.0,255,32767,0.0,2127-15-31,0.0,0.16,26.24,0.0,0.0,0.0,0,4.828125,6,45,05:49,20:11,2025-05-12 04:56:51.425589,Città della Scienza
2025-05-12T04:57:02Z,0,29.868,69.8,62,60.5,1,1,350,84,0.0,255,32767,0.0,2127-15-31,0.0,0.16,26.24,0.0,0.0,0.0,0,4.828125,6,45,05:49,20:11,2025-05-12 04:57:02.524589,Città della Scienza
2025-05-12T04:57:13Z,0,29.868,69.8,62,60.5,0,1,350,84,0.0,255,32767,0.0,2127-15-31,0.0,0.16,26.24,0.0,0.0,0.0,0,4.828125,6,45,05:49,20:11,2025-05-12 04:57:13.633552,Città della Scienza
2025-05-12T04:57:24Z,0,29.868,69.8,62,60.5,0,1,350,84,0.0,255,32767,0.0,2127-15-31,0.0,0.16,26.24,0.0,0.0,0.0,0,4.828125,6,45,05:49,20:11,2025-05-12 04:57:24.685592,Città della Scienza
2025-05-12T04:57:35Z,0,29.868,69.8,62,60.5,0,1,350,84,0.0,255,32767,0.0,2127-15-31,0.0,0.16,26.24,0.0,0.0,0.0,0,4.828125,6,45,05:49,20:11,2025-05-12 04:57:35.745586,Città della Scienza
2025-05-12T04:57:47Z,0,29.868,69.8,62,60.5,0,1,350,84,0.0,255,32767,0.0,2127-15-31,0.0,0.16,26.24,0.0,0.0,0.0,0,4.828125,6,45,05:49,20:11,2025-05-12 04:57:46.817653,Città della Scienza
2025-05-12T04:57:58Z,0,29.868,69.8,62,60.5,0,1,350,84,0.0,255,32767,0.0,2127-15-31,0.0,0.16,26.24,0.0,0.0,0.0,0,4.828125,6,45,05:49,20:11,2025-05-12 04:57:57.884600,Città della Scienza
2025-05-12T04:58:09Z,0,29.868,69.8,62,60.5,0,1,350,84,0.0,255,32767,0.0,2127-15-31,0.0,0.16,26.24,0.0,0.0,0.0,0,4.828125,6,45,05:49,20:11,2025-05-12 04:58:08.928594,Città della Scienza
2025-05-12T04:58:20Z,0,29.868,69.8,62,60.6,0,1,350,84,0.0,255,32767,0.0,2127-15-31,0.0,0.16,26.24,0.0,0.0,0.0,0,4.828125,6,45,05:49,20:11,2025-05-12 04:58:19.970557,Città della Scienza
2025-05-12T04:58:31Z,0,29.868,69.8,62,60.7,0,1,350,84,0.0,255,32767,0.0,2127-15-31,0.0,0.16,26.24,0.0,0.0,0.0,0,4.828125,6,45,05:49,20:11,2025-05-12 04:58:31.079587,Città della Scienza
2025-05-12T04:58:42Z,0,29.866,69.8,62,60.6,1,1,350,84,0.0,255,32767,0.0,2127-15-31,0.0,0.16,26.24,0.0,0.0,0.0,0,4.828125,6,45,05:49,20:11,2025-05-12 04:58:42.119596,Città della Scienza
2025-05-12T04:58:53Z,0,29.866,69.8,62,60.6,0,1,350,84,0.0,255,32767,0.0,2127-15-31,0.0,0.16,26.24,0.0,0.0,0.0,0,4.828125,6,45,05:49,20:11,2025-05-12 04:58:53.225586,Città della Scienza
2025-05-12T04:59:04Z,0,29.866,69.8,62,60.7,0,1,350,84,0.0,255,32767,0.0,2127-15-31,0.0,0.16,26.24,0.0,0.0,0.0,0,4.828125,6,45,05:49,20:11,2025-05-12 04:59:04.295590,Città della Scienza
2025-05-12T04:59:15Z,0,29.866,69.8,62,60.7,0,1,350,84,0.0,255,32767,0.0,2127-15-31,0.0,0.16,26.24,0.0,0.0,0.0,0,4.828125,6,45,05:49,20:11,2025-05-12 04:59:15.352583,Città della Scienza
2025-05-12T04:59:26Z,0,29.866,69.8,62,60.7,1,1,350,84,0.0,255,32767,0.0,2127-15-31,0.0,0.16,26.24,0.0,0.0,0.0,0,4.828125,6,45,05:49,20:11,2025-05-12 04:59:26.433626,Città della Scienza
2025-05-12T04:59:37Z,0,29.869,69.8,62,60.8,1,1,350,84,0.0,255,32767,0.0,2127-15-31,0.0,0.16,26.24,0.0,0.0,0.0,0,4.828125,6,45,05:49,20:11,2025-05-12 04:59:37.518592,Città della Scienza
2025-05-12T04:59:48Z,0,29.869,69.8,62,60.8,0,1,350,84,0.0,255,32767,0.0,2127-15-31,0.0,0.16,26.24,0.0,0.0,0.0,0,4.828125,6,45,05:49,20:11,2025-05-12 04:59:48.573591,Città della Scienza
2025-05-12T04:59:59Z,0,29.869,69.8,62,60.8,0,1,350,84,0.0,255,32767,0.0,2127-15-31,0.0,0.16,26.24,0.0,0.0,0.0,0,4.828125,6,45,05:49,20:11,2025-05-12 04:59:59.649596,Città della Scienza,77.0,15.73072,12.934194,20.407799,12.730309,EU EEA Common AQI,63.2,15.912887,11.670908,7200,22.147058,100,100,58.3,24.611763,Very Low,63.2,14.35312,100,1747025100,Very Low,16.326239,17.42087,Very Low,22.24025,55.9,33.691177,100,1747025100,30.764706
2025-05-12T05:00:10Z,0,29.869,69.8,62,60.8,0,1,350,84,0.0,255,32767,0.0,2127-15-31,0.0,0.16,26.24,0.0,0.0,0.0,0,4.828125,6,45,05:49,20:11,2025-05-12 05:00:10.705593,Città della Scienza,77.0,15.73072,12.934194,20.407799,12.730309,EU EEA Common AQI,63.2,15.912887,11.670908,7200,22.147058,100,100,58.3,24.611763,Very Low,63.2,14.35312,100,1747025100,Very Low,16.326239,17.42087,Very Low,22.24025,55.9,33.691177,100,1747025100,30.764706
2025-05-12T05:00:21Z,0,29.869,69.8,62,60.8,0,1,350,84,0.0,255,32767,0.0,2127-15-31,0.0,0.16,26.24,0.0,0.0,0.0,0,4.828125,6,45,05:49,20:11,2025-05-12 05:00:21.775612,Città della Scienza,77.0,15.73072,12.934194,20.407799,12.730309,EU EEA Common AQI,63.2,15.912887,11.670908,7200,22.147058,100,100,58.3,24.611763,Very Low,63.2,14.35312,100,1747025100,Very Low,16.326239,17.42087,Very Low,22.24025,55.9,33.691177,100,1747025100,30.764706
2025-05-12T05:00:33Z,0,29.869,69.8,62,60.8,1,0,350,84,0.0,255,32767,0.0,2127-15-31,0.0,0.16,26.24,0.0,0.0,0.0,0,4.828125,6,45,05:49,20:11,2025-05-12 05:00:32.876615,Città della Scienza,77.1,16.93715,12.916418,22.550303,13.882697,EU EEA Common AQI,63.5,17.353373,11.663182,7200,18.028572,100,100,58.6,17.142857,Very Low,63.5,15.5076065,100,1747026000,Very Low,18.040241,18.937956,Very Low,24.516525,56.2,22.014286,100,1747026000,21.428572
2025-05-12T05:00:44Z,0,29.869,69.8,62,60.8,0,0,350,84,0.0,255,32767,0.0,2127-15-31,0.0,0.16,26.24,0.0,0.0,0.0,0,4.828125,6,45,05:49,20:11,2025-05-12 05:00:43.986588,Città della Scienza,77.1,16.93715,12.916418,22.550303,13.882697,EU EEA Common AQI,63.5,17.353373,11.663182,7200,18.028572,100,100,58.6,17.142857,Very Low,63.5,15.5076065,100,1747026000,Very Low,18.040241,18.937956,Very Low,24.516525,56.2,22.014286,100,1747026000,21.428572
2025-05-12T05:00:55Z,0,29.869,69.8,62,60.8,0,0,350,84,0.0,255,32767,0.0,2127-15-31,0.0,0.16,26.24,0.0,0.0,0.0,0,4.828125,6,45,05:49,20:11,2025-05-12 05:00:55.080591,Città della Scienza,77.1,16.93715,12.916418,22.550303,13.882697,EU EEA Common AQI,63.5,17.353373,11.663182,7200,18.028572,100,100,58.6,17.142857,Very Low,63.5,15.5076065,100,1747026000,Very Low,18.040241,18.937956,Very Low,24.516525,56.2,22.014286,100,1747026000,21.428572
2025-05-12T05:01:06Z,0,29.869,69.8,62,60.8,0,0,350,84,0.0,255,32767,0.0,2127-15-31,0.0,0.16,26.24,0.0,0.0,0.0,0,4.828125,6,45,05:49,20:11,2025-05-12 05:01:06.175553,Città della Scienza,77.1,16.93715,12.916418,22.550303,13.882697,EU EEA Common AQI,63.5,17.353373,11.663182,7200,18.028572,100,100,58.6,17.142857,Very Low,63.5,15.5076065,100,1747026000,Very Low,18.040241,18.937956,Very Low,24.516525,56.2,22.014286,100,1747026000,21.428572
2025-05-12T05:01:17Z,0,29.869,69.8,62,60.8,0,0,350,84,0.0,255,32767,0.0,2127-15-31,0.0,0.16,26.24,0.0,0.0,0.0,0,4.828125,6,45,05:49,20:11,2025-05-12 05:01:17.285584,Città della Scienza,77.1,16.93715,12.916418,22.550303,13.882697,EU EEA Common AQI,63.5,17.353373,11.663182,7200,18.028572,100,100,58.6,17.142857,Very Low,63.5,15.5076065,100,1747026000,Very Low,18.040241,18.937956,Very Low,24.516525,56.2,22.014286,100,1747026000,21.428572
2025-05-12T05:01:28Z,0,29.869,69.8,62,60.8,0,0,350,84,0.0,255,32767,0.0,2127-15-31,0.0,0.16,26.24,0.0,0.0,0.0,0,4.828125,6,45,05:49,20:11,2025-05-12 05:01:28.340594,Città della Scienza,77.1,16.93715,12.916418,22.550303,13.882697,EU EEA Common AQI,63.5,17.353373,11.663182,7200,18.028572,100,100,58.6,17.142857,Very Low,63.5,15.5076065,100,1747026000,Very Low,18.040241,18.937956,Very Low,24.516525,56.2,22.014286,100,1747026000,21.428572
2025-05-12T05:01:39Z,0,29.868,69.8,62,60.9,0,0,350,84,0.0,255,32767,0.0,2127-15-31,0.0,0.16,26.24,0.0,0.0,0.0,0,4.828125,6,45,05:49,20:11,2025-05-12 05:01:39.440595,Città della Scienza,77.1,16.93715,12.916418,22.550303,13.882697,EU EEA Common AQI,63.5,17.353373,11.663182,7200,18.028572,100,100,58.6,17.142857,Very Low,63.5,15.5076065,100,1747026000,Very Low,18.040241,18.937956,Very Low,24.516525,56.2,22.014286,100,1747026000,21.428572
2025-05-12T05:01:50Z,0,29.868,69.8,62,60.9,0,0,350,84,0.0,255,32767,0.0,2127-15-31,0.0,0.16,26.24,0.0,0.0,0.0,0,4.828125,6,45,05:49,20:11,2025-05-12 05:01:50.512589,Città della Scienza,77.1,16.93715,12.916418,22.550303,13.882697,EU EEA Common AQI,63.5,17.353373,11.663182,7200,18.028572,100,100,58.6,17.142857,Very Low,63.5,15.5076065,100,1747026000,Very Low,18.040241,18.937956,Very Low,24.516525,56.2,22.014286,100,1747026000,21.428572
2025-05-12T05:02:01Z,0,29.868,69.8,62,60.9,0,0,350,84,0.0,255,32767,0.0,2127-15-31,0.0,0.16,26.24,0.0,0.0,0.0,0,4.828125,6,45,05:49,20:11,2025-05-12 05:02:01.601592,Città della Scienza,77.1,16.93715,12.916418,22.550303,13.882697,EU EEA Common AQI,63.5,17.353373,11.663182,7200,18.028572,100,100,58.6,17.142857,Very Low,63.5,15.5076065,100,1747026000,Very Low,18.040241,18.937956,Very Low,24.516525,56.2,22.014286,100,1747026000,21.428572
2025-05-12T05:02:12Z,0,29.868,69.8,62,60.9,0,0,350,84,0.0,255,32767,0.0,2127-15-31,0.0,0.16,26.24,0.0,0.0,0.0,0,4.828125,6,45,05:49,20:11,2025-05-12 05:02:12.714585,Città della Scienza,77.1,16.93715,12.916418,22.550303,13.882697,EU EEA Common AQI,63.5,17.353373,11.663182,7200,18.028572,100,100,58.6,17.142857,Very Low,63.5,15.5076065,100,1747026000,Very Low,18.040241,18.937956,Very Low,24.516525,56.2,22.014286,100,1747026000,21.428572
2025-05-12T05:02:24Z,0,29.868,69.8,62,60.9,0,0,350,84,0.0,255,32767,0.0,2127-15-31,0.0,0.16,26.24,0.0,0.0,0.0,0,4.828125,6,45,05:49,20:11,2025-05-12 05:02:23.835589,Città della Scienza,77.1,16.93715,12.916418,22.550303,13.882697,EU EEA Common AQI,63.5,17.353373,11.663182,7200,18.028572,100,100,58.6,17.142857,Very Low,63.5,15.5076065,100,1747026000,Very Low,18.040241,18.937956,Very Low,24.516525,56.2,22.014286,100,1747026000,21.428572
2025-05-12T05:02:35Z,0,29.867,69.8,62,60.9,0,0,350,84,0.0,255,32767,0.0,2127-15-31,0.0,0.16,26.24,0.0,0.0,0.0,0,4.828125,6,45,05:49,20:11,2025-05-12 05:02:34.925596,Città della Scienza,77.1,16.93715,12.916418,22.550303,13.882697,EU EEA Common AQI,63.5,17.353373,11.663182,7200,18.028572,100,100,58.6,17.142857,Very Low,63.5,15.5076065,100,1747026000,Very Low,18.040241,18.937956,Very Low,24.516525,56.2,22.014286,100,1747026000,21.428572
2025-05-12T05:02:46Z,0,29.867,69.8,62,60.9,0,0,350,84,0.0,255,32767,0.0,2127-15-31,0.0,0.16,26.24,0.0,0.0,0.0,0,4.828125,6,45,05:49,20:11,2025-05-12 05:02:45.998589,Città della Scienza,77.1,16.93715,12.916418,22.550303,13.882697,EU EEA Common AQI,63.5,17.353373,11.663182,7200,18.028572,100,100,58.6,17.142857,Very Low,63.5,15.5076065,100,1747026000,Very Low,18.040241,18.937956,Very Low,24.516525,56.2,22.014286,100,1747026000,21.428572
2025-05-12T05:02:57Z,0,29.867,69.8,62,60.9,0,0,350,84,0.0,255,32767,0.0,2127-15-31,0.0,0.16,26.24,0.0,0.0,0.0,0,4.828125,6,45,05:49,20:11,2025-05-12 05:02:57.049592,Città della Scienza,77.1,16.93715,12.916418,22.550303,13.882697,EU EEA Common AQI,63.5,17.353373,11.663182,7200,18.028572,100,100,58.6,17.142857,Very Low,63.5,15.5076065,100,1747026000,Very Low,18.040241,18.937956,Very Low,24.516525,56.2,22.014286,100,1747026000,21.428572
2025-05-12T05:03:08Z,0,29.867,69.8,62,60.9,1,0,350,84,0.0,255,32767,0.0,2127-15-31,0.0,0.16,26.24,0.0,0.0,0.0,0,4.828125,6,45,05:49,20:11,2025-05-12 05:03:08.166587,Città della Scienza,77.1,16.93715,12.916418,22.550303,13.882697,EU EEA Common AQI,63.5,17.353373,11.663182,7200,18.028572,100,100,58.6,17.142857,Very Low,63.5,15.5076065,100,1747026000,Very Low,18.040241,18.937956,Very Low,24.516525,56.2,22.014286,100,1747026000,21.428572
2025-05-12T05:03:19Z,0,29.867,69.8,62,61.0,0,0,350,84,0.0,255,32767,0.0,2127-15-31,0.0,0.16,26.24,0.0,0.0,0.0,0,4.828125,6,45,05:49,20:11,2025-05-12 05:03:19.242593,Città della Scienza,77.1,16.93715,12.916418,22.550303,13.882697,EU EEA Common AQI,63.5,17.353373,11.663182,7200,18.028572,100,100,58.6,17.142857,Very Low,63.5,15.5076065,100,1747026000,Very Low,18.040241,18.937956,Very Low,24.516525,56.2,22.014286,100,1747026000,21.428572
2025-05-12T05:03:30Z,0,29.867,69.8,62,61.0,0,0,350,84,0.0,255,32767,0.0,2127-15-31,0.0,0.16,26.24,0.0,0.0,0.0,0,4.828125,6,45,05:49,20:11,2025-05-12 05:03:30.308592,Città della Scienza,77.1,16.93715,12.916418,22.550303,13.882697,EU EEA Common AQI,63.5,17.353373,11.663182,7200,18.028572,100,100,58.6,17.142857,Very Low,63.5,15.5076065,100,1747026000,Very Low,18.040241,18.937956,Very Low,24.516525,56.2,22.014286,100,1747026000,21.428572
2025-05-12T05:03:41Z,0,29.87,69.8,62,61.0,0,0,350,84,0.0,255,32767,0.0,2127-15-31,0.0,0.16,26.24,0.0,0.0,0.0,0,4.828125,6,45,05:49,20:11,2025-05-12 05:03:41.355596,Città della Scienza,77.1,16.93715,12.916418,22.550303,13.882697,EU EEA Common AQI,63.5,17.353373,11.663182,7200,18.028572,100,100,58.6,17.142857,Very Low,63.5,15.5076065,100,1747026000,Very Low,18.040241,18.937956,Very Low,24.516525,56.2,22.014286,100,1747026000,21.428572
2025-05-12T05:03:52Z,0,29.87,69.8,62,61.0,0,0,350,84,0.0,255,32767,0.0,2127-15-31,0.0,0.16,26.24,0.0,0.0,0.0,0,4.828125,6,45,05:49,20:11,2025-05-12 05:03:52.446589,Città della Scienza,77.1,16.93715,12.916418,22.550303,13.882697,EU EEA Common AQI,63.5,17.353373,11.663182,7200,18.028572,100,100,58.6,17.142857,Very Low,63.5,15.5076065,100,1747026000,Very Low,18.040241,18.937956,Very Low,24.516525,56.2,22.014286,100,1747026000,21.428572
2025-05-12T05:04:03Z,0,29.87,69.8,62,61.0,0,0,350,84,0.0,255,32767,0.0,2127-15-31,0.0,0.16,26.24,0.0,0.0,0.0,0,4.828125,6,45,05:49,20:11,2025-05-12 05:04:03.543601,Città della Scienza,77.1,16.93715,12.916418,22.550303,13.882697,EU EEA Common AQI,63.5,17.353373,11.663182,7200,18.028572,100,100,58.6,17.142857,Very Low,63.5,15.5076065,100,1747026000,Very Low,18.040241,18.937956,Very Low,24.516525,56.2,22.014286,100,1747026000,21.428572
2025-05-12T05:04:14Z,0,29.87,69.8,62,61.0,0,0,350,84,0.0,255,32767,0.0,2127-15-31,0.0,0.16,26.24,0.0,0.0,0.0,0,4.828125,6,45,05:49,20:11,2025-05-12 05:04:14.632593,Città della Scienza,77.1,16.93715,12.916418,22.550303,13.882697,EU EEA Common AQI,63.5,17.353373,11.663182,7200,18.028572,100,100,58.6,17.142857,Very Low,63.5,15.5076065,100,1747026000,Very Low,18.040241,18.937956,Very Low,24.516525,56.2,22.014286,100,1747026000,21.428572
2025-05-12T05:04:25Z,0,29.87,69.8,62,61.0,0,0,350,84,0.0,255,32767,0.0,2127-15-31,0.0,0.16,26.24,0.0,0.0,0.0,0,4.828125,6,45,05:49,20:11,2025-05-12 05:04:25.683590,Città della Scienza,77.1,16.93715,12.916418,22.550303,13.882697,EU EEA Common AQI,63.5,17.353373,11.663182,7200,18.028572,100,100,58.6,17.142857,Very Low,63.5,15.5076065,100,1747026000,Very Low,18.040241,18.937956,Very Low,24.516525,56.2,22.014286,100,1747026000,21.428572
2025-05-12T05:04:36Z,0,29.867,69.8,62,61.1,0,0,350,84,0.0,255,32767,0.0,2127-15-31,0.0,0.16,26.24,0.0,0.0,0.0,0,4.828125,6,45,05:49,20:11,2025-05-12 05:04:36.780587,Città della Scienza,77.1,16.93715,12.916418,22.550303,13.882697,EU EEA Common AQI,63.5,17.353373,11.663182,7200,18.028572,100,100,58.6,17.142857,Very Low,63.5,15.5076065,100,1747026000,Very Low,18.040241,18.937956,Very Low,24.516525,56.2,22.014286,100,1747026000,21.428572
2025-05-12T05:04:48Z,0,29.867,69.8,62,61.1,0,0,350,84,0.0,255,32767,0.0,2127-15-31,0.0,0.16,26.24,0.0,0.0,0.0,0,4.828125,6,45,05:49,20:11,2025-05-12 05:04:47.892590,Città della Scienza,77.1,16.93715,12.916418,22.550303,13.882697,EU EEA Common AQI,63.5,17.353373,11.663182,7200,18.028572,100,100,58.6,17.142857,Very Low,63.5,15.5076065,100,1747026000,Very Low,18.040241,18.937956,Very Low,24.516525,56.2,22.014286,100,1747026000,21.428572
2025-05-12T05:04:59Z,0,29.867,69.8,62,61.1,0,0,350,84,0.0,255,32767,0.0,2127-15-31,0.0,0.16,26.24,0.0,0.0,0.0,0,4.828125,6,45,05:49,20:11,2025-05-12 05:04:58.991598,Città della Scienza,77.1,16.93715,12.916418,22.550303,13.882697,EU EEA Common AQI,63.5,17.353373,11.663182,7200,18.028572,100,100,58.6,17.142857,Very Low,63.5,15.5076065,100,1747026000,Very Low,18.040241,18.937956,Very Low,24.516525,56.2,22.014286,100,1747026000,21.428572
2025-05-12T05:05:10Z,0,29.867,69.8,62,61.1,0,0,350,84,0.0,255,32767,0.0,2127-15-31,0.0,0.16,26.24,0.0,0.0,0.0,0,4.828125,6,45,05:49,20:11,2025-05-12 05:05:10.054590,Città della Scienza,77.1,16.93715,12.916418,22.550303,13.882697,EU EEA Common AQI,63.5,17.353373,11.663182,7200,18.028572,100,100,58.6,17.142857,Very Low,63.5,15.5076065,100,1747026000,Very Low,18.040241,18.937956,Very Low,24.516525,56.2,22.014286,100,1747026000,21.428572
2025-05-12T05:05:21Z,0,29.867,69.8,62,61.1,1,0,350,84,0.0,255,32767,0.0,2127-15-31,0.0,0.16,26.24,0.0,0.0,0.0,0,4.828125,6,45,05:49,20:11,2025-05-12 05:05:21.130589,Città della Scienza,77.1,16.93715,12.916418,22.550303,13.882697,EU EEA Common AQI,63.5,17.353373,11.663182,7200,18.028572,100,100,58.6,17.142857,Very Low,63.5,15.5076065,100,1747026000,Very Low,18.040241,18.937956,Very Low,24.516525,56.2,22.014286,100,1747026000,21.428572
2025-05-12T05:05:32Z,0,29.867,69.8,62,61.1,0,0,350,84,0.0,255,32767,0.0,2127-15-31,0.0,0.16,26.24,0.0,0.0,0.0,0,4.828125,6,45,05:49,20:11,2025-05-12 05:05:32.222594,Città della Scienza,77.1,16.93715,12.916418,22.550303,13.882697,EU EEA Common AQI,63.5,17.353373,11.663182,7200,18.028572,100,100,58.6,17.142857,Very Low,63.5,15.5076065,100,1747026000,Very Low,18.040241,18.937956,Very Low,24.516525,56.2,22.014286,100,1747026000,21.428572
2025-05-12T05:05:43Z,0,29.867,69.8,62,61.1,0,0,350,84,0.0,255,32767,0.0,2127-15-31,0.0,0.16,26.24,0.0,0.0,0.0,0,4.828125,6,45,05:49,20:11,2025-05-12 05:05:43.287591,Città della Scienza,77.1,16.93715,12.916418,22.550303,13.882697,EU EEA Common AQI,63.5,17.353373,11.663182,7200,18.028572,100,100,58.6,17.142857,Very Low,63.5,15.5076065,100,1747026000,Very Low,18.040241,18.937956,Very Low,24.516525,56.2,22.014286,100,1747026000,21.428572
2025-05-12T05:05:54Z,0,29.867,69.8,62,61.1,0,0,350,84,0.0,255,32767,0.0,2127-15-31,0.0,0.16,26.24,0.0,0.0,0.0,0,4.828125,6,45,05:49,20:11,2025-05-12 05:05:54.371604,Città della Scienza,77.1,16.93715,12.916418,22.550303,13.882697,EU EEA Common AQI,63.5,17.353373,11.663182,7200,18.028572,100,100,58.6,17.142857,Very Low,63.5,15.5076065,100,1747026000,Very Low,18.040241,18.937956,Very Low,24.516525,56.2,22.014286,100,1747026000,21.428572
2025-05-12T05:06:05Z,0,29.867,69.8,62,61.1,1,0,350,84,0.0,255,32767,0.0,2127-15-31,0.0,0.16,26.24,0.0,0.0,0.0,0,4.828125,6,45,05:49,20:11,2025-05-12 05:06:05.513587,Città della Scienza,77.1,16.93715,12.916418,22.550303,13.882697,EU EEA Common AQI,63.5,17.353373,11.663182,7200,18.028572,100,100,58.6,17.142857,Very Low,63.5,15.5076065,100,1747026000,Very Low,18.040241,18.937956,Very Low,24.516525,56.2,22.014286,100,1747026000,21.428572
2025-05-12T05:06:16Z,0,29.867,69.8,62,61.1,0,0,350,84,0.0,255,32767,0.0,2127-15-31,0.0,0.16,26.24,0.0,0.0,0.0,0,4.828125,6,45,05:49,20:11,2025-05-12 05:06:16.594589,Città della Scienza,77.1,16.93715,12.916418,22.550303,13.882697,EU EEA Common AQI,63.5,17.353373,11.663182,7200,18.028572,100,100,58.6,17.142857,Very Low,63.5,15.5076065,100,1747026000,Very Low,18.040241,18.937956,Very Low,24.516525,56.2,22.014286,100,1747026000,21.428572
2025-05-12T05:06:27Z,0,29.867,69.8,62,61.1,0,0,350,84,0.0,255,32767,0.0,2127-15-31,0.0,0.16,26.24,0.0,0.0,0.0,0,4.828125,6,45,05:49,20:11,2025-05-12 05:06:27.707590,Città della Scienza,77.1,16.93715,12.916418,22.550303,13.882697,EU EEA Common AQI,63.5,17.353373,11.663182,7200,18.028572,100,100,58.6,17.142857,Very Low,63.5,15.5076065,100,1747026000,Very Low,18.040241,18.937956,Very Low,24.516525,56.2,22.014286,100,1747026000,21.428572
2025-05-12T05:06:38Z,0,29.866,69.8,62,61.1,0,0,350,84,0.0,255,32767,0.0,2127-15-31,0.0,0.16,26.24,0.0,0.0,0.0,0,4.828125,6,45,05:49,20:11,2025-05-12 05:06:38.766585,Città della Scienza,77.1,16.93715,12.916418,22.550303,13.882697,EU EEA Common AQI,63.5,17.353373,11.663182,7200,18.028572,100,100,58.6,17.142857,Very Low,63.5,15.5076065,100,1747026000,Very Low,18.040241,18.937956,Very Low,24.516525,56.2,22.014286,100,1747026000,21.428572
2025-05-12T05:06:50Z,0,29.866,69.8,62,61.1,2,0,350,84,0.0,255,32767,0.0,2127-15-31,0.0,0.16,26.24,0.0,0.0,0.0,0,4.828125,6,45,05:49,20:11,2025-05-12 05:06:49.833586,Città della Scienza,77.1,16.93715,12.916418,22.550303,13.882697,EU EEA Common AQI,63.5,17.353373,11.663182,7200,18.028572,100,100,58.6,17.142857,Very Low,63.5,15.5076065,100,1747026000,Very Low,18.040241,18.937956,Very Low,24.516525,56.2,22.014286,100,1747026000,21.428572
2025-05-12T05:07:01Z,0,29.866,69.8,62,61.1,0,0,350,83,0.0,255,32767,0.0,2127-15-31,0.0,0.16,26.24,0.0,0.0,0.0,0,4.828125,6,45,05:49,20:11,2025-05-12 05:07:00.935588,Città della Scienza,77.1,16.93715,12.916418,22.550303,13.882697,EU EEA Common AQI,63.5,17.353373,11.663182,7200,18.028572,100,100,58.6,17.142857,Very Low,63.5,15.5076065,100,1747026000,Very Low,18.040241,18.937956,Very Low,24.516525,56.2,22.014286,100,1747026000,21.428572
2025-05-12T05:07:12Z,0,29.866,69.8,62,61.2,0,0,350,83,0.0,255,32767,0.0,2127-15-31,0.0,0.16,26.24,0.0,0.0,0.0,0,4.828125,6,45,05:49,20:11,2025-05-12 05:07:12.050587,Città della Scienza,77.1,16.93715,12.916418,22.550303,13.882697,EU EEA Common AQI,63.5,17.353373,11.663182,7200,18.028572,100,100,58.6,17.142857,Very Low,63.5,15.5076065,100,1747026000,Very Low,18.040241,18.937956,Very Low,24.516525,56.2,22.014286,100,1747026000,21.428572
2025-05-12T05:07:23Z,0,29.866,69.8,62,61.1,0,0,350,83,0.0,255,32767,0.0,2127-15-31,0.0,0.16,26.24,0.0,0.0,0.0,0,4.828125,6,45,05:49,20:11,2025-05-12 05:07:23.147583,Città della Scienza,77.1,16.93715,12.916418,22.550303,13.882697,EU EEA Common AQI,63.5,17.353373,11.663182,7200,18.028572,100,100,58.6,17.142857,Very Low,63.5,15.5076065,100,1747026000,Very Low,18.040241,18.937956,Very Low,24.516525,56.2,22.014286,100,1747026000,21.428572
2025-05-12T05:07:34Z,0,29.866,69.8,62,61.1,0,0,350,83,0.0,255,32767,0.0,2127-15-31,0.0,0.16,26.24,0.0,0.0,0.0,0,4.828125,6,45,05:49,20:11,2025-05-12 05:07:34.211587,Città della Scienza,77.1,16.93715,12.916418,22.550303,13.882697,EU EEA Common AQI,63.5,17.353373,11.663182,7200,18.028572,100,100,58.6,17.142857,Very Low,63.5,15.5076065,100,1747026000,Very Low,18.040241,18.937956,Very Low,24.516525,56.2,22.014286,100,1747026000,21.428572
2025-05-12T05:07:45Z,0,29.866,69.8,62,61.1,0,0,350,83,0.0,255,32767,0.0,2127-15-31,0.0,0.16,26.24,0.0,0.0,0.0,0,4.828125,6,45,05:49,20:11,2025-05-12 05:07:45.299588,Città della Scienza,77.1,16.93715,12.916418,22.550303,13.882697,EU EEA Common AQI,63.5,17.353373,11.663182,7200,18.028572,100,100,58.6,17.142857,Very Low,63.5,15.5076065,100,1747026000,Very Low,18.040241,18.937956,Very Low,24.516525,56.2,22.014286,100,1747026000,21.428572
2025-05-12T05:07:56Z,0,29.866,69.8,62,61.1,1,0,350,83,0.0,255,32767,0.0,2127-15-31,0.0,0.16,26.24,0.0,0.0,0.0,0,4.828125,6,45,05:49,20:11,2025-05-12 05:07:56.368596,Città della Scienza,77.1,16.93715,12.916418,22.550303,13.882697,EU EEA Common AQI,63.5,17.353373,11.663182,7200,18.028572,100,100,58.6,17.142857,Very Low,63.5,15.5076065,100,1747026000,Very Low,18.040241,18.937956,Very Low,24.516525,56.2,22.014286,100,1747026000,21.428572
2025-05-12T05:08:07Z,0,29.866,69.8,62,61.1,1,0,350,83,0.0,255,32767,0.0,2127-15-31,0.0,0.16,26.24,0.0,0.0,0.0,0,4.828125,6,45,05:49,20:11,2025-05-12 05:08:07.462590,Città della Scienza,77.1,16.93715,12.916418,22.550303,13.882697,EU EEA Common AQI,63.5,17.353373,11.663182,7200,18.028572,100,100,58.6,17.142857,Very Low,63.5,15.5076065,100,1747026000,Very Low,18.040241,18.937956,Very Low,24.516525,56.2,22.014286,100,1747026000,21.428572
2025-05-12T05:08:18Z,0,29.866,69.8,62,61.1,1,0,350,83,0.0,255,32767,0.0,2127-15-31,0.0,0.16,26.24,0.0,0.0,0.0,0,4.828125,6,45,05:49,20:11,2025-05-12 05:08:18.555590,Città della Scienza,77.1,16.93715,12.916418,22.550303,13.882697,EU EEA Common AQI,63.5,17.353373,11.663182,7200,18.028572,100,100,58.6,17.142857,Very Low,63.5,15.5076065,100,1747026000,Very Low,18.040241,18.937956,Very Low,24.516525,56.2,22.014286,100,1747026000,21.428572
2025-05-12T05:08:29Z,0,29.866,69.8,62,61.1,1,0,350,83,0.0,255,32767,0.0,2127-15-31,0.0,0.16,26.24,0.0,0.0,0.0,0,4.828125,6,45,05:49,20:11,2025-05-12 05:08:29.650591,Città della Scienza,77.1,16.93715,12.916418,22.550303,13.882697,EU EEA Common AQI,63.5,17.353373,11.663182,7200,18.028572,100,100,58.6,17.142857,Very Low,63.5,15.5076065,100,1747026000,Very Low,18.040241,18.937956,Very Low,24.516525,56.2,22.014286,100,1747026000,21.428572
2025-05-12T05:08:40Z,0,29.866,69.9,62,61.1,1,0,350,83,0.0,255,32767,0.0,2127-15-31,0.0,0.16,26.24,0.0,0.0,0.0,0,4.828125,6,45,05:49,20:11,2025-05-12 05:08:40.708592,Città della Scienza,77.1,16.93715,12.916418,22.550303,13.882697,EU EEA Common AQI,63.5,17.353373,11.663182,7200,18.028572,100,100,58.6,17.142857,Very Low,63.5,15.5076065,100,1747026000,Very Low,18.040241,18.937956,Very Low,24.516525,56.2,22.014286,100,1747026000,21.428572
2025-05-12T05:08:52Z,0,29.866,69.9,62,61.1,1,0,350,83,0.0,255,32767,0.0,2127-15-31,0.0,0.16,26.24,0.0,0.0,0.0,0,4.828125,6,45,05:49,20:11,2025-05-12 05:08:51.806590,Città della Scienza,77.1,16.93715,12.916418,22.550303,13.882697,EU EEA Common AQI,63.5,17.353373,11.663182,7200,18.028572,100,100,58.6,17.142857,Very Low,63.5,15.5076065,100,1747026000,Very Low,18.040241,18.937956,Very Low,24.516525,56.2,22.014286,100,1747026000,21.428572
2025-05-12T05:09:03Z,0,29.866,69.9,62,61.1,1,0,350,83,0.0,255,32767,0.0,2127-15-31,0.0,0.16,26.24,0.0,0.0,0.0,0,4.828125,6,45,05:49,20:11,2025-05-12 05:09:02.918596,Città della Scienza,77.1,16.93715,12.916418,22.550303,13.882697,EU EEA Common AQI,63.5,17.353373,11.663182,7200,18.028572,100,100,58.6,17.142857,Very Low,63.5,15.5076065,100,1747026000,Very Low,18.040241,18.937956,Very Low,24.516525,56.2,22.014286,100,1747026000,21.428572
2025-05-12T05:09:14Z,0,29.866,69.9,62,61.2,1,0,350,83,0.0,255,32767,0.0,2127-15-31,0.0,0.16,26.24,0.0,0.0,0.0,0,4.828125,6,45,05:49,20:11,2025-05-12 05:09:14.063602,Città della Scienza,77.1,16.93715,12.916418,22.550303,13.882697,EU EEA Common AQI,63.5,17.353373,11.663182,7200,18.028572,100,100,58.6,17.142857,Very Low,63.5,15.5076065,100,1747026000,Very Low,18.040241,18.937956,Very Low,24.516525,56.2,22.014286,100,1747026000,21.428572
2025-05-12T05:09:25Z,0,29.866,69.9,62,61.2,1,0,350,83,0.0,255,32767,0.0,2127-15-31,0.0,0.16,26.24,0.0,0.0,0.0,0,4.828125,6,45,05:49,20:11,2025-05-12 05:09:25.153586,Città della Scienza,77.1,16.93715,12.916418,22.550303,13.882697,EU EEA Common AQI,63.5,17.353373,11.663182,7200,18.028572,100,100,58.6,17.142857,Very Low,63.5,15.5076065,100,1747026000,Very Low,18.040241,18.937956,Very Low,24.516525,56.2,22.014286,100,1747026000,21.428572
2025-05-12T05:09:36Z,0,29.866,69.8,62,61.2,1,0,350,83,0.0,255,32767,0.0,2127-15-31,0.0,0.16,26.24,0.0,0.0,0.0,0,4.828125,6,45,05:49,20:11,2025-05-12 05:09:36.231587,Città della Scienza,77.1,16.93715,12.916418,22.550303,13.882697,EU EEA Common AQI,63.5,17.353373,11.663182,7200,18.028572,100,100,58.6,17.142857,Very Low,63.5,15.5076065,100,1747026000,Very Low,18.040241,18.937956,Very Low,24.516525,56.2,22.014286,100,1747026000,21.428572
2025-05-12T05:09:47Z,0,29.866,69.8,62,61.2,1,0,350,83,0.0,255,32767,0.0,2127-15-31,0.0,0.16,26.24,0.0,0.0,0.0,0,4.828125,6,45,05:49,20:11,2025-05-12 05:09:47.296587,Città della Scienza,77.1,16.93715,12.916418,22.550303,13.882697,EU EEA Common AQI,63.5,17.353373,11.663182,7200,18.028572,100,100,58.6,17.142857,Very Low,63.5,15.5076065,100,1747026000,Very Low,18.040241,18.937956,Very Low,24.516525,56.2,22.014286,100,1747026000,21.428572
2025-05-12T05:09:58Z,0,29.866,69.8,62,61.2,1,0,350,83,0.0,255,32767,0.0,2127-15-31,0.0,0.16,26.24,0.0,0.0,0.0,0,4.828125,6,45,05:49,20:11,2025-05-12 05:09:58.335599,Città della Scienza,77.1,16.93715,12.916418,22.550303,13.882697,EU EEA Common AQI,63.5,17.353373,11.663182,7200,18.028572,100,100,58.6,17.142857,Very Low,63.5,15.5076065,100,1747026000,Very Low,18.040241,18.937956,Very Low,24.516525,56.2,22.014286,100,1747026000,21.428572
2025-05-12T05:10:09Z,0,29.866,69.8,62,61.1,1,0,350,83,0.0,255,32767,0.0,2127-15-31,0.0,0.16,26.24,0.0,0.0,0.0,0,4.828125,6,45,05:49,20:11,2025-05-12 05:10:09.418595,Città della Scienza,77.1,16.93715,12.916418,22.550303,13.882697,EU EEA Common AQI,63.5,17.353373,11.663182,7200,18.028572,100,100,58.6,17.142857,Very Low,63.5,15.5076065,100,1747026000,Very Low,18.040241,18.937956,Very Low,24.516525,56.2,22.014286,100,1747026000,21.428572
2025-05-12T05:10:20Z,0,29.866,69.8,62,61.1,1,0,350,83,0.0,255,32767,0.0,2127-15-31,0.0,0.16,26.24,0.0,0.0,0.0,0,4.828125,6,45,05:49,20:11,2025-05-12 05:10:20.537588,Città della Scienza,77.1,16.93715,12.916418,22.550303,13.882697,EU EEA Common AQI,63.5,17.353373,11.663182,7200,18.028572,100,100,58.6,17.142857,Very Low,63.5,15.5076065,100,1747026000,Very Low,18.040241,18.937956,Very Low,24.516525,56.2,22.014286,100,1747026000,21.428572
2025-05-12T05:10:31Z,0,29.866,69.8,62,61.1,1,0,350,83,0.0,255,32767,0.0,2127-15-31,0.0,0.16,26.24,0.0,0.0,0.0,0,4.828125,6,45,05:49,20:11,2025-05-12 05:10:31.621603,Città della Scienza,77.1,16.93715,12.916418,22.550303,13.882697,EU EEA Common AQI,63.5,17.353373,11.663182,7200,18.028572,100,100,58.6,17.142857,Very Low,63.5,15.5076065,100,1747026000,Very Low,18.040241,18.937956,Very Low,24.516525,56.2,22.014286,100,1747026000,21.428572
2025-05-12T05:10:56Z,0,29.864,69.9,62,61.2,1,0,350,83,0.0,255,32767,0.0,2127-15-31,0.0,0.16,26.24,0.0,0.0,0.0,0,4.828125,6,45,05:49,20:11,2025-05-12 05:10:56.250584,Città della Scienza,77.1,16.93715,12.916418,22.550303,13.882697,EU EEA Common AQI,63.5,17.353373,11.663182,7200,18.028572,100,100,58.6,17.142857,Very Low,63.5,15.5076065,100,1747026000,Very Low,18.040241,18.937956,Very Low,24.516525,56.2,22.014286,100,1747026000,21.428572
2025-05-12T05:11:07Z,0,29.864,69.9,62,61.2,1,0,350,83,0.0,255,32767,0.0,2127-15-31,0.0,0.16,26.24,0.0,0.0,0.0,0,4.828125,6,45,05:49,20:11,2025-05-12 05:11:07.323604,Città della Scienza,77.1,16.93715,12.916418,22.550303,13.882697,EU EEA Common AQI,63.5,17.353373,11.663182,7200,18.028572,100,100,58.6,17.142857,Very Low,63.5,15.5076065,100,1747026000,Very Low,18.040241,18.937956,Very Low,24.516525,56.2,22.014286,100,1747026000,21.428572
2025-05-12T05:11:18Z,0,29.864,69.9,62,61.2,1,0,350,83,0.0,255,32767,0.0,2127-15-31,0.0,0.16,26.24,0.0,0.0,0.0,0,4.828125,6,45,05:49,20:11,2025-05-12 05:11:18.415590,Città della Scienza,77.1,16.93715,12.916418,22.550303,13.882697,EU EEA Common AQI,63.5,17.353373,11.663182,7200,18.028572,100,100,58.6,17.142857,Very Low,63.5,15.5076065,100,1747026000,Very Low,18.040241,18.937956,Very Low,24.516525,56.2,22.014286,100,1747026000,21.428572
2025-05-12T05:11:29Z,0,29.864,69.9,62,61.2,1,0,350,83,0.0,255,32767,0.0,2127-15-31,0.0,0.16,26.24,0.0,0.0,0.0,0,4.828125,6,45,05:49,20:11,2025-05-12 05:11:29.523593,Città della Scienza,77.1,16.93715,12.916418,22.550303,13.882697,EU EEA Common AQI,63.5,17.353373,11.663182,7200,18.028572,100,100,58.6,17.142857,Very Low,63.5,15.5076065,100,1747026000,Very Low,18.040241,18.937956,Very Low,24.516525,56.2,22.014286,100,1747026000,21.428572
2025-05-12T05:11:40Z,0,29.865,69.9,62,61.3,1,0,350,83,0.0,255,32767,0.0,2127-15-31,0.0,0.16,26.24,0.0,0.0,0.0,0,4.828125,6,45,05:49,20:11,2025-05-12 05:11:40.657588,Città della Scienza,77.1,16.93715,12.916418,22.550303,13.882697,EU EEA Common AQI,63.5,17.353373,11.663182,7200,18.028572,100,100,58.6,17.142857,Very Low,63.5,15.5076065,100,1747026000,Very Low,18.040241,18.937956,Very Low,24.516525,56.2,22.014286,100,1747026000,21.428572
2025-05-12T05:11:51Z,0,29.865,69.9,62,61.3,1,0,350,83,0.0,255,32767,0.0,2127-15-31,0.0,0.16,26.24,0.0,0.0,0.0,0,4.828125,6,45,05:49,20:11,2025-05-12 05:11:51.730595,Città della Scienza,77.1,16.93715,12.916418,22.550303,13.882697,EU EEA Common AQI,63.5,17.353373,11.663182,7200,18.028572,100,100,58.6,17.142857,Very Low,63.5,15.5076065,100,1747026000,Very Low,18.040241,18.937956,Very Low,24.516525,56.2,22.014286,100,1747026000,21.428572
2025-05-12T05:12:03Z,0,29.865,69.9,62,61.3,1,0,350,83,0.0,255,32767,0.0,2127-15-31,0.0,0.16,26.24,0.0,0.0,0.0,0,4.828125,6,45,05:49,20:11,2025-05-12 05:12:02.828586,Città della Scienza,77.1,16.93715,12.916418,22.550303,13.882697,EU EEA Common AQI,63.5,17.353373,11.663182,7200,18.028572,100,100,58.6,17.142857,Very Low,63.5,15.5076065,100,1747026000,Very Low,18.040241,18.937956,Very Low,24.516525,56.2,22.014286,100,1747026000,21.428572
2025-05-12T05:12:14Z,0,29.865,69.9,62,61.3,0,0,350,83,0.0,255,32767,0.0,2127-15-31,0.0,0.16,26.24,0.0,0.0,0.0,0,4.828125,6,45,05:49,20:11,2025-05-12 05:12:13.929588,Città della Scienza,77.1,16.93715,12.916418,22.550303,13.882697,EU EEA Common AQI,63.5,17.353373,11.663182,7200,18.028572,100,100,58.6,17.142857,Very Low,63.5,15.5076065,100,1747026000,Very Low,18.040241,18.937956,Very Low,24.516525,56.2,22.014286,100,1747026000,21.428572
2025-05-12T05:12:25Z,0,29.865,69.9,62,61.3,1,0,350,83,0.0,255,32767,0.0,2127-15-31,0.0,0.16,26.24,0.0,0.0,0.0,0,4.828125,6,45,05:49,20:11,2025-05-12 05:12:25.013556,Città della Scienza,77.1,16.93715,12.916418,22.550303,13.882697,EU EEA Common AQI,63.5,17.353373,11.663182,7200,18.028572,100,100,58.6,17.142857,Very Low,63.5,15.5076065,100,1747026000,Very Low,18.040241,18.937956,Very Low,24.516525,56.2,22.014286,100,1747026000,21.428572
2025-05-12T05:12:36Z,0,29.866,69.9,62,61.3,2,1,350,83,0.0,255,32767,0.0,2127-15-31,0.0,0.16,26.24,0.0,0.0,0.0,0,4.828125,6,45,05:49,20:11,2025-05-12 05:12:36.126592,Città della Scienza,77.1,16.93715,12.916418,22.550303,13.882697,EU EEA Common AQI,63.5,17.353373,11.663182,7200,18.028572,100,100,58.6,17.142857,Very Low,63.5,15.5076065,100,1747026000,Very Low,18.040241,18.937956,Very Low,24.516525,56.2,22.014286,100,1747026000,21.428572
2025-05-12T05:12:47Z,0,29.866,69.9,62,61.3,2,1,350,83,0.0,255,32767,0.0,2127-15-31,0.0,0.16,26.24,0.0,0.0,0.0,0,4.828125,6,45,05:49,20:11,2025-05-12 05:12:47.225590,Città della Scienza,77.1,16.93715,12.916418,22.550303,13.882697,EU EEA Common AQI,63.5,17.353373,11.663182,7200,18.028572,100,100,58.6,17.142857,Very Low,63.5,15.5076065,100,1747026000,Very Low,18.040241,18.937956,Very Low,24.516525,56.2,22.014286,100,1747026000,21.428572
2025-05-12T05:12:58Z,0,29.866,69.9,62,61.3,2,1,350,83,0.0,255,32767,0.0,2127-15-31,0.0,0.16,26.24,0.0,0.0,0.0,0,4.828125,6,45,05:49,20:11,2025-05-12 05:12:58.276597,Città della Scienza,77.1,16.93715,12.916418,22.550303,13.882697,EU EEA Common AQI,63.5,17.353373,11.663182,7200,18.028572,100,100,58.6,17.142857,Very Low,63.5,15.5076065,100,1747026000,Very Low,18.040241,18.937956,Very Low,24.516525,56.2,22.014286,100,1747026000,21.428572
2025-05-12T05:13:09Z,0,29.866,69.9,62,61.3,2,1,350,82,0.0,255,32767,0.0,2127-15-31,0.0,0.16,26.24,0.0,0.0,0.0,0,4.828125,6,45,05:49,20:11,2025-05-12 05:13:09.378599,Città della Scienza,77.1,16.93715,12.916418,22.550303,13.882697,EU EEA Common AQI,63.5,17.353373,11.663182,7200,18.028572,100,100,58.6,17.142857,Very Low,63.5,15.5076065,100,1747026000,Very Low,18.040241,18.937956,Very Low,24.516525,56.2,22.014286,100,1747026000,21.428572
2025-05-12T05:13:20Z,0,29.866,69.9,62,61.3,2,1,350,82,0.0,255,32767,0.0,2127-15-31,0.0,0.16,26.24,0.0,0.0,0.0,0,4.828125,6,45,05:49,20:11,2025-05-12 05:13:20.452587,Città della Scienza,77.1,16.93715,12.916418,22.550303,13.882697,EU EEA Common AQI,63.5,17.353373,11.663182,7200,18.028572,100,100,58.6,17.142857,Very Low,63.5,15.5076065,100,1747026000,Very Low,18.040241,18.937956,Very Low,24.516525,56.2,22.014286,100,1747026000,21.428572
2025-05-12T05:13:31Z,0,29.866,69.9,62,61.4,2,1,350,82,0.0,255,32767,0.0,2127-15-31,0.0,0.16,26.24,0.0,0.0,0.0,0,4.828125,6,45,05:49,20:11,2025-05-12 05:13:31.604594,Città della Scienza,77.1,16.93715,12.916418,22.550303,13.882697,EU EEA Common AQI,63.5,17.353373,11.663182,7200,18.028572,100,100,58.6,17.142857,Very Low,63.5,15.5076065,100,1747026000,Very Low,18.040241,18.937956,Very Low,24.516525,56.2,22.014286,100,1747026000,21.428572
2025-05-12T05:13:42Z,0,29.865,69.9,62,61.4,2,1,360,82,0.0,255,32767,0.0,2127-15-31,0.0,0.16,26.24,0.0,0.0,0.0,0,4.828125,6,45,05:49,20:11,2025-05-12 05:13:42.677429,Città della Scienza,77.1,16.93715,12.916418,22.550303,13.882697,EU EEA Common AQI,63.5,17.353373,11.663182,7200,18.028572,100,100,58.6,17.142857,Very Low,63.5,15.5076065,100,1747026000,Very Low,18.040241,18.937956,Very Low,24.516525,56.2,22.014286,100,1747026000,21.428572
2025-05-12T05:13:53Z,0,29.865,69.9,62,61.4,2,1,360,82,0.0,255,32767,0.0,2127-15-31,0.0,0.16,26.24,0.0,0.0,0.0,0,4.828125,6,45,05:49,20:11,2025-05-12 05:13:53.782592,Città della Scienza,77.1,16.93715,12.916418,22.550303,13.882697,EU EEA Common AQI,63.5,17.353373,11.663182,7200,18.028572,100,100,58.6,17.142857,Very Low,63.5,15.5076065,100,1747026000,Very Low,18.040241,18.937956,Very Low,24.516525,56.2,22.014286,100,1747026000,21.428572
2025-05-12T05:14:05Z,0,29.865,69.9,62,61.4,2,1,360,82,0.0,255,32767,0.0,2127-15-31,0.0,0.16,26.24,0.0,0.0,0.0,0,4.828125,6,45,05:49,20:11,2025-05-12 05:14:04.855597,Città della Scienza,77.1,16.93715,12.916418,22.550303,13.882697,EU EEA Common AQI,63.5,17.353373,11.663182,7200,18.028572,100,100,58.6,17.142857,Very Low,63.5,15.5076065,100,1747026000,Very Low,18.040241,18.937956,Very Low,24.516525,56.2,22.014286,100,1747026000,21.428572
2025-05-12T05:14:16Z,0,29.865,69.9,62,61.4,2,1,360,82,0.0,255,32767,0.0,2127-15-31,0.0,0.16,26.24,0.0,0.0,0.0,0,4.828125,6,45,05:49,20:11,2025-05-12 05:14:15.926588,Città della Scienza,77.1,16.93715,12.916418,22.550303,13.882697,EU EEA Common AQI,63.5,17.353373,11.663182,7200,18.028572,100,100,58.6,17.142857,Very Low,63.5,15.5076065,100,1747026000,Very Low,18.040241,18.937956,Very Low,24.516525,56.2,22.014286,100,1747026000,21.428572
2025-05-12T05:14:27Z,0,29.865,69.9,62,61.4,1,1,360,82,0.0,255,32767,0.0,2127-15-31,0.0,0.16,26.24,0.0,0.0,0.0,0,4.828125,6,45,05:49,20:11,2025-05-12 05:14:26.984588,Città della Scienza,77.1,16.93715,12.916418,22.550303,13.882697,EU EEA Common AQI,63.5,17.353373,11.663182,7200,18.028572,100,100,58.6,17.142857,Very Low,63.5,15.5076065,100,1747026000,Very Low,18.040241,18.937956,Very Low,24.516525,56.2,22.014286,100,1747026000,21.428572
2025-05-12T05:14:38Z,0,29.864,69.9,62,61.4,2,1,360,82,0.0,255,32767,0.0,2127-15-31,0.0,0.16,26.24,0.0,0.0,0.0,0,4.828125,6,45,05:49,20:11,2025-05-12 05:14:38.093597,Città della Scienza,77.1,16.93715,12.916418,22.550303,13.882697,EU EEA Common AQI,63.5,17.353373,11.663182,7200,18.028572,100,100,58.6,17.142857,Very Low,63.5,15.5076065,100,1747026000,Very Low,18.040241,18.937956,Very Low,24.516525,56.2,22.014286,100,1747026000,21.428572
2025-05-12T05:14:49Z,0,29.864,69.9,62,61.4,2,1,360,82,0.0,255,32767,0.0,2127-15-31,0.0,0.16,26.24,0.0,0.0,0.0,0,4.828125,6,45,05:49,20:11,2025-05-12 05:14:49.148590,Città della Scienza,77.1,16.93715,12.916418,22.550303,13.882697,EU EEA Common AQI,63.5,17.353373,11.663182,7200,18.028572,100,100,58.6,17.142857,Very Low,63.5,15.5076065,100,1747026000,Very Low,18.040241,18.937956,Very Low,24.516525,56.2,22.014286,100,1747026000,21.428572
2025-05-12T05:15:00Z,0,29.864,69.9,62,61.5,1,1,355,82,0.0,255,32767,0.0,2127-15-31,0.0,0.16,26.24,0.0,0.0,0.0,0,4.828125,6,45,05:49,20:11,2025-05-12 05:15:00.238640,Città della Scienza,77.1,16.93715,12.916418,22.550303,13.882697,EU EEA Common AQI,63.5,17.353373,11.663182,7200,18.028572,100,100,58.6,17.142857,Very Low,63.5,15.5076065,100,1747026000,Very Low,18.040241,18.937956,Very Low,24.516525,56.2,22.014286,100,1747026000,21.428572
2025-05-12T05:15:11Z,0,29.864,69.9,62,61.5,1,1,355,82,0.0,255,32767,0.0,2127-15-31,0.0,0.16,26.24,0.0,0.0,0.0,0,4.828125,6,45,05:49,20:11,2025-05-12 05:15:11.297584,Città della Scienza,77.1,16.93715,12.916418,22.550303,13.882697,EU EEA Common AQI,63.5,17.353373,11.663182,7200,18.028572,100,100,58.6,17.142857,Very Low,63.5,15.5076065,100,1747026000,Very Low,18.040241,18.937956,Very Low,24.516525,56.2,22.014286,100,1747026000,21.428572
2025-05-12T05:15:22Z,0,29.864,69.9,62,61.5,1,1,355,82,0.0,255,32767,0.0,2127-15-31,0.0,0.16,26.24,0.0,0.0,0.0,0,4.828125,6,45,05:49,20:11,2025-05-12 05:15:22.408590,Città della Scienza,77.1,16.93715,12.916418,22.550303,13.882697,EU EEA Common AQI,63.5,17.353373,11.663182,7200,18.028572,100,100,58.6,17.142857,Very Low,63.5,15.5076065,100,1747026000,Very Low,18.040241,18.937956,Very Low,24.516525,56.2,22.014286,100,1747026000,21.428572
2025-05-12T05:15:33Z,0,29.863,69.8,62,61.5,0,1,355,82,0.0,255,32767,0.0,2127-15-31,0.0,0.16,26.24,0.0,0.0,0.0,0,4.828125,6,45,05:49,20:11,2025-05-12 05:15:33.495596,Città della Scienza,75.2,17.856216,12.862704,23.322947,14.550471,EU EEA Common AQI,64.2,18.18809,11.61828,7200,20.485294,100,100,58.9,21.870586,Very Low,64.3,16.358139,100,1747026900,Very Low,18.658356,19.831474,Very Low,25.381884,56.2,28.529411,100,1747026900,27.338236
2025-05-12T05:15:44Z,0,29.863,69.8,62,61.6,0,1,355,82,0.0,255,32767,0.0,2127-15-31,0.0,0.16,26.24,0.0,0.0,0.0,0,4.828125,6,45,05:49,20:11,2025-05-12 05:15:44.616623,Città della Scienza,75.2,17.856216,12.862704,23.322947,14.550471,EU EEA Common AQI,64.2,18.18809,11.61828,7200,20.485294,100,100,58.9,21.870586,Very Low,64.3,16.358139,100,1747026900,Very Low,18.658356,19.831474,Very Low,25.381884,56.2,28.529411,100,1747026900,27.338236
2025-05-12T05:15:55Z,0,29.863,69.8,62,61.6,0,1,355,82,0.0,255,32767,0.0,2127-15-31,0.0,0.16,26.24,0.0,0.0,0.0,0,4.828125,6,45,05:49,20:11,2025-05-12 05:15:55.713594,Città della Scienza,75.2,17.856216,12.862704,23.322947,14.550471,EU EEA Common AQI,64.2,18.18809,11.61828,7200,20.485294,100,100,58.9,21.870586,Very Low,64.3,16.358139,100,1747026900,Very Low,18.658356,19.831474,Very Low,25.381884,56.2,28.529411,100,1747026900,27.338236
2025-05-12T05:16:06Z,0,29.863,69.8,62,61.6,0,1,355,82,0.0,255,32767,0.0,2127-15-31,0.0,0.16,26.24,0.0,0.0,0.0,0,4.828125,6,45,05:49,20:11,2025-05-12 05:16:06.784592,Città della Scienza,75.2,17.856216,12.862704,23.322947,14.550471,EU EEA Common AQI,64.2,18.18809,11.61828,7200,20.485294,100,100,58.9,21.870586,Very Low,64.3,16.358139,100,1747026900,Very Low,18.658356,19.831474,Very Low,25.381884,56.2,28.529411,100,1747026900,27.338236
2025-05-12T05:16:18Z,0,29.863,69.8,62,61.6,0,1,355,82,0.0,255,32767,0.0,2127-15-31,0.0,0.16,26.24,0.0,0.0,0.0,0,4.828125,6,45,05:49,20:11,2025-05-12 05:16:17.856603,Città della Scienza,75.2,17.856216,12.862704,23.322947,14.550471,EU EEA Common AQI,64.2,18.18809,11.61828,7200,20.485294,100,100,58.9,21.870586,Very Low,64.3,16.358139,100,1747026900,Very Low,18.658356,19.831474,Very Low,25.381884,56.2,28.529411,100,1747026900,27.338236
2025-05-12T05:16:29Z,0,29.863,69.8,62,61.6,0,1,355,82,0.0,255,32767,0.0,2127-15-31,0.0,0.16,26.24,0.0,0.0,0.0,0,4.828125,6,45,05:49,20:11,2025-05-12 05:16:28.968599,Città della Scienza,75.2,17.856216,12.862704,23.322947,14.550471,EU EEA Common AQI,64.2,18.18809,11.61828,7200,20.485294,100,100,58.9,21.870586,Very Low,64.3,16.358139,100,1747026900,Very Low,18.658356,19.831474,Very Low,25.381884,56.2,28.529411,100,1747026900,27.338236
2025-05-12T05:16:40Z,0,29.865,69.9,62,61.6,0,1,355,82,0.0,255,32767,0.0,2127-15-31,0.0,0.16,26.24,0.0,0.0,0.0,0,4.828125,6,45,05:49,20:11,2025-05-12 05:16:40.049594,Città della Scienza,75.2,17.856216,12.862704,23.322947,14.550471,EU EEA Common AQI,64.2,18.18809,11.61828,7200,20.485294,100,100,58.9,21.870586,Very Low,64.3,16.358139,100,1747026900,Very Low,18.658356,19.831474,Very Low,25.381884,56.2,28.529411,100,1747026900,27.338236
2025-05-12T05:16:51Z,0,29.865,69.9,62,61.6,2,1,355,82,0.0,255,32767,0.0,2127-15-31,0.0,0.16,26.24,0.0,0.0,0.0,0,4.828125,6,45,05:49,20:11,2025-05-12 05:16:51.109592,Città della Scienza,75.2,17.856216,12.862704,23.322947,14.550471,EU EEA Common AQI,64.2,18.18809,11.61828,7200,20.485294,100,100,58.9,21.870586,Very Low,64.3,16.358139,100,1747026900,Very Low,18.658356,19.831474,Very Low,25.381884,56.2,28.529411,100,1747026900,27.338236
2025-05-12T05:17:02Z,0,29.865,69.9,62,61.6,0,1,355,82,0.0,255,32767,0.0,2127-15-31,0.0,0.16,26.24,0.0,0.0,0.0,0,4.828125,6,45,05:49,20:11,2025-05-12 05:17:02.225593,Città della Scienza,75.2,17.856216,12.862704,23.322947,14.550471,EU EEA Common AQI,64.2,18.18809,11.61828,7200,20.485294,100,100,58.9,21.870586,Very Low,64.3,16.358139,100,1747026900,Very Low,18.658356,19.831474,Very Low,25.381884,56.2,28.529411,100,1747026900,27.338236
2025-05-12T05:17:13Z,0,29.865,69.9,62,61.6,0,1,355,82,0.0,255,32767,0.0,2127-15-31,0.0,0.16,26.24,0.0,0.0,0.0,0,4.828125,6,45,05:49,20:11,2025-05-12 05:17:13.303592,Città della Scienza,75.2,17.856216,12.862704,23.322947,14.550471,EU EEA Common AQI,64.2,18.18809,11.61828,7200,20.485294,100,100,58.9,21.870586,Very Low,64.3,16.358139,100,1747026900,Very Low,18.658356,19.831474,Very Low,25.381884,56.2,28.529411,100,1747026900,27.338236
2025-05-12T05:17:24Z,0,29.865,69.9,62,61.7,1,1,355,82,0.0,255,32767,0.0,2127-15-31,0.0,0.16,26.24,0.0,0.0,0.0,0,4.828125,6,45,05:49,20:11,2025-05-12 05:17:24.342588,Città della Scienza,75.2,17.856216,12.862704,23.322947,14.550471,EU EEA Common AQI,64.2,18.18809,11.61828,7200,20.485294,100,100,58.9,21.870586,Very Low,64.3,16.358139,100,1747026900,Very Low,18.658356,19.831474,Very Low,25.381884,56.2,28.529411,100,1747026900,27.338236
2025-05-12T05:17:35Z,0,29.864,69.9,62,61.7,0,1,355,82,0.0,255,32767,0.0,2127-15-31,0.0,0.16,26.24,0.0,0.0,0.0,0,4.828125,6,45,05:49,20:11,2025-05-12 05:17:35.403598,Città della Scienza,75.2,17.856216,12.862704,23.322947,14.550471,EU EEA Common AQI,64.2,18.18809,11.61828,7200,20.485294,100,100,58.9,21.870586,Very Low,64.3,16.358139,100,1747026900,Very Low,18.658356,19.831474,Very Low,25.381884,56.2,28.529411,100,1747026900,27.338236
2025-05-12T05:17:46Z,0,29.864,69.9,62,61.8,0,1,355,82,0.0,255,32767,0.0,2127-15-31,0.0,0.16,26.24,0.0,0.0,0.0,0,4.828125,6,45,05:49,20:11,2025-05-12 05:17:46.471593,Città della Scienza,75.2,17.856216,12.862704,23.322947,14.550471,EU EEA Common AQI,64.2,18.18809,11.61828,7200,20.485294,100,100,58.9,21.870586,Very Low,64.3,16.358139,100,1747026900,Very Low,18.658356,19.831474,Very Low,25.381884,56.2,28.529411,100,1747026900,27.338236
2025-05-12T05:17:57Z,0,29.864,69.9,62,61.8,0,1,355,82,0.0,255,32767,0.0,2127-15-31,0.0,0.16,26.24,0.0,0.0,0.0,0,4.828125,6,45,05:49,20:11,2025-05-12 05:17:57.529600,Città della Scienza,75.2,17.856216,12.862704,23.322947,14.550471,EU EEA Common AQI,64.2,18.18809,11.61828,7200,20.485294,100,100,58.9,21.870586,Very Low,64.3,16.358139,100,1747026900,Very Low,18.658356,19.831474,Very Low,25.381884,56.2,28.529411,100,1747026900,27.338236
2025-05-12T05:18:08Z,0,29.864,69.9,62,61.8,0,1,355,82,0.0,255,32767,0.0,2127-15-31,0.0,0.16,26.24,0.0,0.0,0.0,0,4.828125,6,45,05:49,20:11,2025-05-12 05:18:08.579589,Città della Scienza,75.2,17.856216,12.862704,23.322947,14.550471,EU EEA Common AQI,64.2,18.18809,11.61828,7200,20.485294,100,100,58.9,21.870586,Very Low,64.3,16.358139,100,1747026900,Very Low,18.658356,19.831474,Very Low,25.381884,56.2,28.529411,100,1747026900,27.338236
2025-05-12T05:18:19Z,0,29.864,69.9,62,61.8,0,1,355,82,0.0,255,32767,0.0,2127-15-31,0.0,0.16,26.24,0.0,0.0,0.0,0,4.828125,6,45,05:49,20:11,2025-05-12 05:18:19.678593,Città della Scienza,75.2,17.856216,12.862704,23.322947,14.550471,EU EEA Common AQI,64.2,18.18809,11.61828,7200,20.485294,100,100,58.9,21.870586,Very Low,64.3,16.358139,100,1747026900,Very Low,18.658356,19.831474,Very Low,25.381884,56.2,28.529411,100,1747026900,27.338236
2025-05-12T05:18:30Z,0,29.864,69.9,62,61.8,0,1,355,83,0.0,255,32767,0.0,2127-15-31,0.0,0.16,26.24,0.0,0.0,0.0,0,4.828125,6,45,05:49,20:11,2025-05-12 05:18:30.782592,Città della Scienza,75.2,17.856216,12.862704,23.322947,14.550471,EU EEA Common AQI,64.2,18.18809,11.61828,7200,20.485294,100,100,58.9,21.870586,Very Low,64.3,16.358139,100,1747026900,Very Low,18.658356,19.831474,Very Low,25.381884,56.2,28.529411,100,1747026900,27.338236
2025-05-12T05:18:42Z,0,29.864,69.9,62,61.8,0,1,355,83,0.0,255,32767,0.0,2127-15-31,0.0,0.16,26.24,0.0,0.0,0.0,0,4.828125,6,45,05:49,20:11,2025-05-12 05:18:41.836597,Città della Scienza,75.2,17.856216,12.862704,23.322947,14.550471,EU EEA Common AQI,64.2,18.18809,11.61828,7200,20.485294,100,100,58.9,21.870586,Very Low,64.3,16.358139,100,1747026900,Very Low,18.658356,19.831474,Very Low,25.381884,56.2,28.529411,100,1747026900,27.338236
2025-05-12T05:18:53Z,0,29.864,69.9,62,61.9,0,1,355,83,0.0,255,32767,0.0,2127-15-31,0.0,0.16,26.24,0.0,0.0,0.0,0,4.828125,6,45,05:49,20:11,2025-05-12 05:18:52.908594,Città della Scienza,75.2,17.856216,12.862704,23.322947,14.550471,EU EEA Common AQI,64.2,18.18809,11.61828,7200,20.485294,100,100,58.9,21.870586,Very Low,64.3,16.358139,100,1747026900,Very Low,18.658356,19.831474,Very Low,25.381884,56.2,28.529411,100,1747026900,27.338236
2025-05-12T05:19:04Z,0,29.864,69.9,62,61.8,0,1,355,83,0.0,255,32767,0.0,2127-15-31,0.0,0.16,26.24,0.0,0.0,0.0,0,4.828125,6,45,05:49,20:11,2025-05-12 05:19:03.978597,Città della Scienza,75.2,17.856216,12.862704,23.322947,14.550471,EU EEA Common AQI,64.2,18.18809,11.61828,7200,20.485294,100,100,58.9,21.870586,Very Low,64.3,16.358139,100,1747026900,Very Low,18.658356,19.831474,Very Low,25.381884,56.2,28.529411,100,1747026900,27.338236
2025-05-12T05:19:15Z,0,29.864,69.9,62,61.9,2,1,355,83,0.0,255,32767,0.0,2127-15-31,0.0,0.16,26.24,0.0,0.0,0.0,0,4.828125,6,45,05:49,20:11,2025-05-12 05:19:15.066601,Città della Scienza,75.2,17.856216,12.862704,23.322947,14.550471,EU EEA Common AQI,64.2,18.18809,11.61828,7200,20.485294,100,100,58.9,21.870586,Very Low,64.3,16.358139,100,1747026900,Very Low,18.658356,19.831474,Very Low,25.381884,56.2,28.529411,100,1747026900,27.338236
2025-05-12T05:19:26Z,0,29.864,69.9,62,61.9,0,1,355,83,0.0,255,32767,0.0,2127-15-31,0.0,0.16,26.24,0.0,0.0,0.0,0,4.828125,6,45,05:49,20:11,2025-05-12 05:19:26.111589,Città della Scienza,75.2,17.856216,12.862704,23.322947,14.550471,EU EEA Common AQI,64.2,18.18809,11.61828,7200,20.485294,100,100,58.9,21.870586,Very Low,64.3,16.358139,100,1747026900,Very Low,18.658356,19.831474,Very Low,25.381884,56.2,28.529411,100,1747026900,27.338236
2025-05-12T05:19:37Z,0,29.863,70.0,62,61.9,0,1,355,83,0.0,255,32767,0.0,2127-15-31,0.0,0.16,26.24,0.0,0.0,0.0,0,4.828125,6,45,05:49,20:11,2025-05-12 05:19:37.185593,Città della Scienza,75.2,17.856216,12.862704,23.322947,14.550471,EU EEA Common AQI,64.2,18.18809,11.61828,7200,20.485294,100,100,58.9,21.870586,Very Low,64.3,16.358139,100,1747026900,Very Low,18.658356,19.831474,Very Low,25.381884,56.2,28.529411,100,1747026900,27.338236
2025-05-12T05:19:48Z,0,29.863,70.0,62,61.9,0,1,355,83,0.0,255,32767,0.0,2127-15-31,0.0,0.16,26.24,0.0,0.0,0.0,0,4.828125,6,45,05:49,20:11,2025-05-12 05:19:48.282590,Città della Scienza,75.2,17.856216,12.862704,23.322947,14.550471,EU EEA Common AQI,64.2,18.18809,11.61828,7200,20.485294,100,100,58.9,21.870586,Very Low,64.3,16.358139,100,1747026900,Very Low,18.658356,19.831474,Very Low,25.381884,56.2,28.529411,100,1747026900,27.338236
2025-05-12T05:19:59Z,0,29.863,70.0,62,62.0,0,1,355,83,0.0,255,32767,0.0,2127-15-31,0.0,0.16,26.24,0.0,0.0,0.0,0,4.828125,6,45,05:49,20:11,2025-05-12 05:19:59.333593,Città della Scienza,75.2,17.856216,12.862704,23.322947,14.550471,EU EEA Common AQI,64.2,18.18809,11.61828,7200,20.485294,100,100,58.9,21.870586,Very Low,64.3,16.358139,100,1747026900,Very Low,18.658356,19.831474,Very Low,25.381884,56.2,28.529411,100,1747026900,27.338236
2025-05-12T05:20:10Z,0,29.863,70.0,62,62.0,0,1,355,83,0.0,255,32767,0.0,2127-15-31,0.0,0.16,26.24,0.0,0.0,0.0,0,4.828125,6,45,05:49,20:11,2025-05-12 05:20:10.392592,Città della Scienza,75.2,17.856216,12.862704,23.322947,14.550471,EU EEA Common AQI,64.2,18.18809,11.61828,7200,20.485294,100,100,58.9,21.870586,Very Low,64.3,16.358139,100,1747026900,Very Low,18.658356,19.831474,Very Low,25.381884,56.2,28.529411,100,1747026900,27.338236
2025-05-12T05:20:21Z,0,29.863,70.0,62,62.0,0,1,355,83,0.0,255,32767,0.0,2127-15-31,0.0,0.16,26.24,0.0,0.0,0.0,0,4.828125,6,45,05:49,20:11,2025-05-12 05:20:21.469603,Città della Scienza,75.2,17.856216,12.862704,23.322947,14.550471,EU EEA Common AQI,64.2,18.18809,11.61828,7200,20.485294,100,100,58.9,21.870586,Very Low,64.3,16.358139,100,1747026900,Very Low,18.658356,19.831474,Very Low,25.381884,56.2,28.529411,100,1747026900,27.338236
2025-05-12T05:20:32Z,0,29.864,69.9,62,62.0,0,1,355,83,0.0,255,32767,0.0,2127-15-31,0.0,0.16,26.24,0.0,0.0,0.0,0,4.828125,6,45,05:49,20:11,2025-05-12 05:20:32.548590,Città della Scienza,75.2,17.856216,12.862704,23.322947,14.550471,EU EEA Common AQI,64.2,18.18809,11.61828,7200,20.485294,100,100,58.9,21.870586,Very Low,64.3,16.358139,100,1747026900,Very Low,18.658356,19.831474,Very Low,25.381884,56.2,28.529411,100,1747026900,27.338236
2025-05-12T05:20:43Z,0,29.864,69.9,62,62.0,0,1,355,83,0.0,255,32767,0.0,2127-15-31,0.0,0.16,26.24,0.0,0.0,0.0,0,4.828125,6,45,05:49,20:11,2025-05-12 05:20:43.639595,Città della Scienza,75.2,17.856216,12.862704,23.322947,14.550471,EU EEA Common AQI,64.2,18.18809,11.61828,7200,20.485294,100,100,58.9,21.870586,Very Low,64.3,16.358139,100,1747026900,Very Low,18.658356,19.831474,Very Low,25.381884,56.2,28.529411,100,1747026900,27.338236
2025-05-12T05:20:54Z,0,29.864,69.9,62,62.0,0,1,355,83,0.0,255,32767,0.0,2127-15-31,0.0,0.16,26.24,0.0,0.0,0.0,0,4.828125,6,45,05:49,20:11,2025-05-12 05:20:54.760590,Città della Scienza,75.2,17.856216,12.862704,23.322947,14.550471,EU EEA Common AQI,64.2,18.18809,11.61828,7200,20.485294,100,100,58.9,21.870586,Very Low,64.3,16.358139,100,1747026900,Very Low,18.658356,19.831474,Very Low,25.381884,56.2,28.529411,100,1747026900,27.338236
2025-05-12T05:21:06Z,0,29.864,69.9,62,62.0,2,1,355,83,0.0,255,32767,0.0,2127-15-31,0.0,0.16,26.24,0.0,0.0,0.0,0,4.828125,6,45,05:49,20:11,2025-05-12 05:21:05.824601,Città della Scienza,75.2,17.856216,12.862704,23.322947,14.550471,EU EEA Common AQI,64.2,18.18809,11.61828,7200,20.485294,100,100,58.9,21.870586,Very Low,64.3,16.358139,100,1747026900,Very Low,18.658356,19.831474,Very Low,25.381884,56.2,28.529411,100,1747026900,27.338236
2025-05-12T05:21:17Z,0,29.864,69.9,62,62.0,1,1,355,83,0.0,255,32767,0.0,2127-15-31,0.0,0.16,26.24,0.0,0.0,0.0,0,4.828125,6,45,05:49,20:11,2025-05-12 05:21:16.925591,Città della Scienza,75.2,17.856216,12.862704,23.322947,14.550471,EU EEA Common AQI,64.2,18.18809,11.61828,7200,20.485294,100,100,58.9,21.870586,Very Low,64.3,16.358139,100,1747026900,Very Low,18.658356,19.831474,Very Low,25.381884,56.2,28.529411,100,1747026900,27.338236
2025-05-12T05:21:28Z,0,29.864,69.9,62,62.1,1,1,355,83,0.0,255,32767,0.0,2127-15-31,0.0,0.16,26.24,0.0,0.0,0.0,0,4.828125,6,45,05:49,20:11,2025-05-12 05:21:27.989593,Città della Scienza,75.2,17.856216,12.862704,23.322947,14.550471,EU EEA Common AQI,64.2,18.18809,11.61828,7200,20.485294,100,100,58.9,21.870586,Very Low,64.3,16.358139,100,1747026900,Very Low,18.658356,19.831474,Very Low,25.381884,56.2,28.529411,100,1747026900,27.338236
2025-05-12T05:21:39Z,0,29.864,70.0,62,62.1,1,1,355,83,0.0,255,32767,0.0,2127-15-31,0.0,0.16,26.24,0.0,0.0,0.0,0,4.828125,6,45,05:49,20:11,2025-05-12 05:21:39.063586,Città della Scienza,75.2,17.856216,12.862704,23.322947,14.550471,EU EEA Common AQI,64.2,18.18809,11.61828,7200,20.485294,100,100,58.9,21.870586,Very Low,64.3,16.358139,100,1747026900,Very Low,18.658356,19.831474,Very Low,25.381884,56.2,28.529411,100,1747026900,27.338236
2025-05-12T05:21:50Z,0,29.864,70.0,62,62.1,1,1,355,83,0.0,255,32767,0.0,2127-15-31,0.0,0.16,26.24,0.0,0.0,0.0,0,4.828125,6,45,05:49,20:11,2025-05-12 05:21:50.155613,Città della Scienza,75.2,17.856216,12.862704,23.322947,14.550471,EU EEA Common AQI,64.2,18.18809,11.61828,7200,20.485294,100,100,58.9,21.870586,Very Low,64.3,16.358139,100,1747026900,Very Low,18.658356,19.831474,Very Low,25.381884,56.2,28.529411,100,1747026900,27.338236
2025-05-12T05:22:01Z,0,29.864,70.0,62,62.1,1,1,355,82,0.0,255,32767,0.0,2127-15-31,0.0,0.16,26.24,0.0,0.0,0.0,0,4.828125,6,45,05:49,20:11,2025-05-12 05:22:01.257596,Città della Scienza,75.2,17.856216,12.862704,23.322947,14.550471,EU EEA Common AQI,64.2,18.18809,11.61828,7200,20.485294,100,100,58.9,21.870586,Very Low,64.3,16.358139,100,1747026900,Very Low,18.658356,19.831474,Very Low,25.381884,56.2,28.529411,100,1747026900,27.338236
2025-05-12T05:22:12Z,0,29.864,70.0,62,62.2,1,1,355,82,0.0,255,32767,0.0,2127-15-31,0.0,0.16,26.24,0.0,0.0,0.0,0,4.828125,6,45,05:49,20:11,2025-05-12 05:22:12.373596,Città della Scienza,75.2,17.856216,12.862704,23.322947,14.550471,EU EEA Common AQI,64.2,18.18809,11.61828,7200,20.485294,100,100,58.9,21.870586,Very Low,64.3,16.358139,100,1747026900,Very Low,18.658356,19.831474,Very Low,25.381884,56.2,28.529411,100,1747026900,27.338236
2025-05-12T05:22:23Z,0,29.864,70.0,62,62.2,0,1,355,82,0.0,255,32767,0.0,2127-15-31,0.0,0.16,26.24,0.0,0.0,0.0,0,4.828125,6,45,05:49,20:11,2025-05-12 05:22:23.453551,Città della Scienza,75.2,17.856216,12.862704,23.322947,14.550471,EU EEA Common AQI,64.2,18.18809,11.61828,7200,20.485294,100,100,58.9,21.870586,Very Low,64.3,16.358139,100,1747026900,Very Low,18.658356,19.831474,Very Low,25.381884,56.2,28.529411,100,1747026900,27.338236
2025-05-12T05:22:34Z,0,29.861,70.0,62,62.1,2,1,355,82,0.0,255,32767,0.0,2127-15-31,0.0,0.16,26.24,0.0,0.0,0.0,0,4.828125,6,45,05:49,20:11,2025-05-12 05:22:34.539596,Città della Scienza,75.2,17.856216,12.862704,23.322947,14.550471,EU EEA Common AQI,64.2,18.18809,11.61828,7200,20.485294,100,100,58.9,21.870586,Very Low,64.3,16.358139,100,1747026900,Very Low,18.658356,19.831474,Very Low,25.381884,56.2,28.529411,100,1747026900,27.338236
2025-05-12T05:22:45Z,0,29.861,70.0,62,62.1,1,1,355,82,0.0,255,32767,0.0,2127-15-31,0.0,0.16,26.24,0.0,0.0,0.0,0,4.828125,6,45,05:49,20:11,2025-05-12 05:22:45.600579,Città della Scienza,75.2,17.856216,12.862704,23.322947,14.550471,EU EEA Common AQI,64.2,18.18809,11.61828,7200,20.485294,100,100,58.9,21.870586,Very Low,64.3,16.358139,100,1747026900,Very Low,18.658356,19.831474,Very Low,25.381884,56.2,28.529411,100,1747026900,27.338236
2025-05-12T05:22:56Z,0,29.861,70.0,62,62.2,0,1,355,82,0.0,255,32767,0.0,2127-15-31,0.0,0.16,26.24,0.0,0.0,0.0,0,4.828125,6,45,05:49,20:11,2025-05-12 05:22:56.696596,Città della Scienza,75.2,17.856216,12.862704,23.322947,14.550471,EU EEA Common AQI,64.2,18.18809,11.61828,7200,20.485294,100,100,58.9,21.870586,Very Low,64.3,16.358139,100,1747026900,Very Low,18.658356,19.831474,Very Low,25.381884,56.2,28.529411,100,1747026900,27.338236
2025-05-12T05:23:07Z,0,29.861,70.0,62,62.2,0,1,355,82,0.0,255,32767,0.0,2127-15-31,0.0,0.16,26.24,0.0,0.0,0.0,0,4.828125,6,45,05:49,20:11,2025-05-12 05:23:07.762592,Città della Scienza,75.2,17.856216,12.862704,23.322947,14.550471,EU EEA Common AQI,64.2,18.18809,11.61828,7200,20.485294,100,100,58.9,21.870586,Very Low,64.3,16.358139,100,1747026900,Very Low,18.658356,19.831474,Very Low,25.381884,56.2,28.529411,100,1747026900,27.338236
2025-05-12T05:23:19Z,0,29.861,70.0,62,62.1,0,1,355,82,0.0,255,32767,0.0,2127-15-31,0.0,0.16,26.24,0.0,0.0,0.0,0,4.828125,6,45,05:49,20:11,2025-05-12 05:23:18.832591,Città della Scienza,75.2,17.856216,12.862704,23.322947,14.550471,EU EEA Common AQI,64.2,18.18809,11.61828,7200,20.485294,100,100,58.9,21.870586,Very Low,64.3,16.358139,100,1747026900,Very Low,18.658356,19.831474,Very Low,25.381884,56.2,28.529411,100,1747026900,27.338236
2025-05-12T05:23:30Z,0,29.861,70.0,62,62.1,0,1,355,82,0.0,255,32767,0.0,2127-15-31,0.0,0.16,26.24,0.0,0.0,0.0,0,4.828125,6,45,05:49,20:11,2025-05-12 05:23:29.882595,Città della Scienza,75.2,17.856216,12.862704,23.322947,14.550471,EU EEA Common AQI,64.2,18.18809,11.61828,7200,20.485294,100,100,58.9,21.870586,Very Low,64.3,16.358139,100,1747026900,Very Low,18.658356,19.831474,Very Low,25.381884,56.2,28.529411,100,1747026900,27.338236
2025-05-12T05:23:41Z,0,29.861,70.0,62,62.1,0,1,355,82,0.0,255,32767,0.0,2127-15-31,0.0,0.16,26.24,0.0,0.0,0.0,0,4.828125,6,45,05:49,20:11,2025-05-12 05:23:40.948600,Città della Scienza,75.2,17.856216,12.862704,23.322947,14.550471,EU EEA Common AQI,64.2,18.18809,11.61828,7200,20.485294,100,100,58.9,21.870586,Very Low,64.3,16.358139,100,1747026900,Very Low,18.658356,19.831474,Very Low,25.381884,56.2,28.529411,100,1747026900,27.338236
2025-05-12T05:23:52Z,0,29.861,70.0,62,62.2,0,1,355,82,0.0,255,32767,0.0,2127-15-31,0.0,0.16,26.24,0.0,0.0,0.0,0,4.828125,6,45,05:49,20:11,2025-05-12 05:23:51.972587,Città della Scienza,75.2,17.856216,12.862704,23.322947,14.550471,EU EEA Common AQI,64.2,18.18809,11.61828,7200,20.485294,100,100,58.9,21.870586,Very Low,64.3,16.358139,100,1747026900,Very Low,18.658356,19.831474,Very Low,25.381884,56.2,28.529411,100,1747026900,27.338236
2025-05-12T05:24:03Z,0,29.861,70.0,62,62.2,0,1,355,82,0.0,255,32767,0.0,2127-15-31,0.0,0.16,26.24,0.0,0.0,0.0,0,4.828125,6,45,05:49,20:11,2025-05-12 05:24:03.020591,Città della Scienza,75.2,17.856216,12.862704,23.322947,14.550471,EU EEA Common AQI,64.2,18.18809,11.61828,7200,20.485294,100,100,58.9,21.870586,Very Low,64.3,16.358139,100,1747026900,Very Low,18.658356,19.831474,Very Low,25.381884,56.2,28.529411,100,1747026900,27.338236
2025-05-12T05:24:14Z,0,29.861,70.0,62,62.2,0,1,355,82,0.0,255,32767,0.0,2127-15-31,0.0,0.16,26.24,0.0,0.0,0.0,0,4.828125,6,45,05:49,20:11,2025-05-12 05:24:14.087596,Città della Scienza,75.2,17.856216,12.862704,23.322947,14.550471,EU EEA Common AQI,64.2,18.18809,11.61828,7200,20.485294,100,100,58.9,21.870586,Very Low,64.3,16.358139,100,1747026900,Very Low,18.658356,19.831474,Very Low,25.381884,56.2,28.529411,100,1747026900,27.338236
2025-05-12T05:24:25Z,0,29.861,70.0,62,62.2,0,1,355,82,0.0,255,32767,0.0,2127-15-31,0.0,0.16,26.24,0.0,0.0,0.0,0,4.828125,6,45,05:49,20:11,2025-05-12 05:24:25.207590,Città della Scienza,75.2,17.856216,12.862704,23.322947,14.550471,EU EEA Common AQI,64.2,18.18809,11.61828,7200,20.485294,100,100,58.9,21.870586,Very Low,64.3,16.358139,100,1747026900,Very Low,18.658356,19.831474,Very Low,25.381884,56.2,28.529411,100,1747026900,27.338236
2025-05-12T05:24:36Z,0,29.862,70.1,62,62.2,0,0,355,82,0.0,255,32767,0.0,2127-15-31,0.0,0.16,26.24,0.0,0.0,0.0,0,4.828125,6,45,05:49,20:11,2025-05-12 05:24:36.342583,Città della Scienza,75.2,17.856216,12.862704,23.322947,14.550471,EU EEA Common AQI,64.2,18.18809,11.61828,7200,20.485294,100,100,58.9,21.870586,Very Low,64.3,16.358139,100,1747026900,Very Low,18.658356,19.831474,Very Low,25.381884,56.2,28.529411,100,1747026900,27.338236
2025-05-12T05:24:47Z,0,29.862,70.1,62,62.2,0,0,355,82,0.0,255,32767,0.0,2127-15-31,0.0,0.16,26.24,0.0,0.0,0.0,0,4.828125,6,45,05:49,20:11,2025-05-12 05:24:47.415590,Città della Scienza,75.2,17.856216,12.862704,23.322947,14.550471,EU EEA Common AQI,64.2,18.18809,11.61828,7200,20.485294,100,100,58.9,21.870586,Very Low,64.3,16.358139,100,1747026900,Very Low,18.658356,19.831474,Very Low,25.381884,56.2,28.529411,100,1747026900,27.338236
2025-05-12T05:24:58Z,0,29.862,70.1,62,62.2,0,0,355,82,0.0,255,32767,0.0,2127-15-31,0.0,0.16,26.24,0.0,0.0,0.0,0,4.828125,6,45,05:49,20:11,2025-05-12 05:24:58.497599,Città della Scienza,75.2,17.856216,12.862704,23.322947,14.550471,EU EEA Common AQI,64.2,18.18809,11.61828,7200,20.485294,100,100,58.9,21.870586,Very Low,64.3,16.358139,100,1747026900,Very Low,18.658356,19.831474,Very Low,25.381884,56.2,28.529411,100,1747026900,27.338236
2025-05-12T05:25:09Z,0,29.862,70.1,62,62.2,0,0,355,82,0.0,255,32767,0.0,2127-15-31,0.0,0.16,26.24,0.0,0.0,0.0,0,4.828125,6,45,05:49,20:11,2025-05-12 05:25:09.593591,Città della Scienza,75.2,17.856216,12.862704,23.322947,14.550471,EU EEA Common AQI,64.2,18.18809,11.61828,7200,20.485294,100,100,58.9,21.870586,Very Low,64.3,16.358139,100,1747026900,Very Low,18.658356,19.831474,Very Low,25.381884,56.2,28.529411,100,1747026900,27.338236
2025-05-12T05:25:20Z,0,29.862,70.1,62,62.2,0,0,355,82,0.0,255,32767,0.0,2127-15-31,0.0,0.16,26.24,0.0,0.0,0.0,0,4.828125,6,45,05:49,20:11,2025-05-12 05:25:20.686592,Città della Scienza,75.2,17.856216,12.862704,23.322947,14.550471,EU EEA Common AQI,64.2,18.18809,11.61828,7200,20.485294,100,100,58.9,21.870586,Very Low,64.3,16.358139,100,1747026900,Very Low,18.658356,19.831474,Very Low,25.381884,56.2,28.529411,100,1747026900,27.338236
2025-05-12T05:25:32Z,0,29.862,70.1,62,62.3,0,0,355,82,0.0,255,32767,0.0,2127-15-31,0.0,0.16,26.24,0.0,0.0,0.0,0,4.828125,6,45,05:49,20:11,2025-05-12 05:25:32.037590,Città della Scienza,75.2,17.856216,12.862704,23.322947,14.550471,EU EEA Common AQI,64.2,18.18809,11.61828,7200,20.485294,100,100,58.9,21.870586,Very Low,64.3,16.358139,100,1747026900,Very Low,18.658356,19.831474,Very Low,25.381884,56.2,28.529411,100,1747026900,27.338236
2025-05-12T05:25:43Z,0,29.862,70.1,62,62.3,0,0,355,82,0.0,255,32767,0.0,2127-15-31,0.0,0.16,26.24,0.0,0.0,0.0,0,4.828125,6,45,05:49,20:11,2025-05-12 05:25:43.088594,Città della Scienza,75.2,17.856216,12.862704,23.322947,14.550471,EU EEA Common AQI,64.2,18.18809,11.61828,7200,20.485294,100,100,58.9,21.870586,Very Low,64.3,16.358139,100,1747026900,Very Low,18.658356,19.831474,Very Low,25.381884,56.2,28.529411,100,1747026900,27.338236
2025-05-12T05:25:54Z,0,29.862,70.1,62,62.3,0,0,355,82,0.0,255,32767,0.0,2127-15-31,0.0,0.16,26.24,0.0,0.0,0.0,0,4.828125,6,45,05:49,20:11,2025-05-12 05:25:54.215605,Città della Scienza,75.2,17.856216,12.862704,23.322947,14.550471,EU EEA Common AQI,64.2,18.18809,11.61828,7200,20.485294,100,100,58.9,21.870586,Very Low,64.3,16.358139,100,1747026900,Very Low,18.658356,19.831474,Very Low,25.381884,56.2,28.529411,100,1747026900,27.338236
2025-05-12T05:26:05Z,0,29.862,70.1,62,62.3,0,0,355,82,0.0,255,32767,0.0,2127-15-31,0.0,0.16,26.24,0.0,0.0,0.0,0,4.828125,6,45,05:49,20:11,2025-05-12 05:26:05.292589,Città della Scienza,75.2,17.856216,12.862704,23.322947,14.550471,EU EEA Common AQI,64.2,18.18809,11.61828,7200,20.485294,100,100,58.9,21.870586,Very Low,64.3,16.358139,100,1747026900,Very Low,18.658356,19.831474,Very Low,25.381884,56.2,28.529411,100,1747026900,27.338236
2025-05-12T05:26:16Z,0,29.862,70.1,62,62.3,0,0,355,82,0.0,255,32767,0.0,2127-15-31,0.0,0.16,26.24,0.0,0.0,0.0,0,4.828125,6,45,05:49,20:11,2025-05-12 05:26:16.371603,Città della Scienza,75.2,17.856216,12.862704,23.322947,14.550471,EU EEA Common AQI,64.2,18.18809,11.61828,7200,20.485294,100,100,58.9,21.870586,Very Low,64.3,16.358139,100,1747026900,Very Low,18.658356,19.831474,Very Low,25.381884,56.2,28.529411,100,1747026900,27.338236
2025-05-12T05:26:27Z,0,29.862,70.1,62,62.3,0,0,355,82,0.0,255,32767,0.0,2127-15-31,0.0,0.16,26.24,0.0,0.0,0.0,0,4.828125,6,45,05:49,20:11,2025-05-12 05:26:27.478602,Città della Scienza,75.2,17.856216,12.862704,23.322947,14.550471,EU EEA Common AQI,64.2,18.18809,11.61828,7200,20.485294,100,100,58.9,21.870586,Very Low,64.3,16.358139,100,1747026900,Very Low,18.658356,19.831474,Very Low,25.381884,56.2,28.529411,100,1747026900,27.338236
2025-05-12T05:26:38Z,0,29.862,70.1,62,62.3,0,0,355,82,0.0,255,32767,0.0,2127-15-31,0.0,0.16,26.24,0.0,0.0,0.0,0,4.828125,6,45,05:49,20:11,2025-05-12 05:26:38.561559,Città della Scienza,75.2,17.856216,12.862704,23.322947,14.550471,EU EEA Common AQI,64.2,18.18809,11.61828,7200,20.485294,100,100,58.9,21.870586,Very Low,64.3,16.358139,100,1747026900,Very Low,18.658356,19.831474,Very Low,25.381884,56.2,28.529411,100,1747026900,27.338236
2025-05-12T05:26:49Z,0,29.862,70.1,62,62.4,0,0,355,82,0.0,255,32767,0.0,2127-15-31,0.0,0.16,26.24,0.0,0.0,0.0,0,4.828125,6,45,05:49,20:11,2025-05-12 05:26:49.618590,Città della Scienza,75.2,17.856216,12.862704,23.322947,14.550471,EU EEA Common AQI,64.2,18.18809,11.61828,7200,20.485294,100,100,58.9,21.870586,Very Low,64.3,16.358139,100,1747026900,Very Low,18.658356,19.831474,Very Low,25.381884,56.2,28.529411,100,1747026900,27.338236
2025-05-12T05:27:00Z,0,29.862,70.1,62,62.4,0,0,355,82,0.0,255,32767,0.0,2127-15-31,0.0,0.16,26.24,0.0,0.0,0.0,0,4.828125,6,45,05:49,20:11,2025-05-12 05:27:00.664055,Città della Scienza,75.2,17.856216,12.862704,23.322947,14.550471,EU EEA Common AQI,64.2,18.18809,11.61828,7200,20.485294,100,100,58.9,21.870586,Very Low,64.3,16.358139,100,1747026900,Very Low,18.658356,19.831474,Very Low,25.381884,56.2,28.529411,100,1747026900,27.338236
2025-05-12T05:27:11Z,0,29.862,70.1,62,62.4,0,0,355,82,0.0,255,32767,0.0,2127-15-31,0.0,0.16,26.24,0.0,0.0,0.0,0,4.828125,6,45,05:49,20:11,2025-05-12 05:27:11.761605,Città della Scienza,75.2,17.856216,12.862704,23.322947,14.550471,EU EEA Common AQI,64.2,18.18809,11.61828,7200,20.485294,100,100,58.9,21.870586,Very Low,64.3,16.358139,100,1747026900,Very Low,18.658356,19.831474,Very Low,25.381884,56.2,28.529411,100,1747026900,27.338236
2025-05-12T05:27:23Z,0,29.862,70.1,62,62.4,0,0,355,82,0.0,255,32767,0.0,2127-15-31,0.0,0.16,26.24,0.0,0.0,0.0,0,4.828125,6,45,05:49,20:11,2025-05-12 05:27:22.853584,Città della Scienza,75.2,17.856216,12.862704,23.322947,14.550471,EU EEA Common AQI,64.2,18.18809,11.61828,7200,20.485294,100,100,58.9,21.870586,Very Low,64.3,16.358139,100,1747026900,Very Low,18.658356,19.831474,Very Low,25.381884,56.2,28.529411,100,1747026900,27.338236
2025-05-12T05:27:34Z,0,29.865,70.2,62,62.4,0,0,355,82,0.0,255,32767,0.0,2127-15-31,0.0,0.16,26.24,0.0,0.0,0.0,0,4.828125,6,45,05:49,20:11,2025-05-12 05:27:33.932593,Città della Scienza,75.2,17.856216,12.862704,23.322947,14.550471,EU EEA Common AQI,64.2,18.18809,11.61828,7200,20.485294,100,100,58.9,21.870586,Very Low,64.3,16.358139,100,1747026900,Very Low,18.658356,19.831474,Very Low,25.381884,56.2,28.529411,100,1747026900,27.338236
2025-05-12T05:27:45Z,0,29.865,70.2,62,62.4,0,0,355,82,0.0,255,32767,0.0,2127-15-31,0.0,0.16,26.24,0.0,0.0,0.0,0,4.828125,6,45,05:49,20:11,2025-05-12 05:27:45.048589,Città della Scienza,75.2,17.856216,12.862704,23.322947,14.550471,EU EEA Common AQI,64.2,18.18809,11.61828,7200,20.485294,100,100,58.9,21.870586,Very Low,64.3,16.358139,100,1747026900,Very Low,18.658356,19.831474,Very Low,25.381884,56.2,28.529411,100,1747026900,27.338236
2025-05-12T05:27:56Z,0,29.865,70.2,62,62.5,0,0,355,82,0.0,255,32767,0.0,2127-15-31,0.0,0.16,26.24,0.0,0.0,0.0,0,4.828125,6,45,05:49,20:11,2025-05-12 05:27:56.125590,Città della Scienza,75.2,17.856216,12.862704,23.322947,14.550471,EU EEA Common AQI,64.2,18.18809,11.61828,7200,20.485294,100,100,58.9,21.870586,Very Low,64.3,16.358139,100,1747026900,Very Low,18.658356,19.831474,Very Low,25.381884,56.2,28.529411,100,1747026900,27.338236
2025-05-12T05:28:07Z,0,29.865,70.2,62,62.4,0,0,355,82,0.0,255,32767,0.0,2127-15-31,0.0,0.16,26.24,0.0,0.0,0.0,0,4.828125,6,45,05:49,20:11,2025-05-12 05:28:07.198559,Città della Scienza,75.2,17.856216,12.862704,23.322947,14.550471,EU EEA Common AQI,64.2,18.18809,11.61828,7200,20.485294,100,100,58.9,21.870586,Very Low,64.3,16.358139,100,1747026900,Very Low,18.658356,19.831474,Very Low,25.381884,56.2,28.529411,100,1747026900,27.338236
2025-05-12T05:28:18Z,0,29.865,70.2,62,62.5,0,0,355,82,0.0,255,32767,0.0,2127-15-31,0.0,0.16,26.24,0.0,0.0,0.0,0,4.828125,6,45,05:49,20:11,2025-05-12 05:28:18.284589,Città della Scienza,75.2,17.856216,12.862704,23.322947,14.550471,EU EEA Common AQI,64.2,18.18809,11.61828,7200,20.485294,100,100,58.9,21.870586,Very Low,64.3,16.358139,100,1747026900,Very Low,18.658356,19.831474,Very Low,25.381884,56.2,28.529411,100,1747026900,27.338236
2025-05-12T05:28:29Z,0,29.865,70.2,62,62.5,0,0,355,82,0.0,255,32767,0.0,2127-15-31,0.0,0.16,26.24,0.0,0.0,0.0,0,4.828125,6,45,05:49,20:11,2025-05-12 05:28:29.335588,Città della Scienza,75.2,17.856216,12.862704,23.322947,14.550471,EU EEA Common AQI,64.2,18.18809,11.61828,7200,20.485294,100,100,58.9,21.870586,Very Low,64.3,16.358139,100,1747026900,Very Low,18.658356,19.831474,Very Low,25.381884,56.2,28.529411,100,1747026900,27.338236
2025-05-12T05:28:40Z,0,29.864,70.2,62,62.5,0,0,355,82,0.0,255,32767,0.0,2127-15-31,0.0,0.16,26.24,0.0,0.0,0.0,0,4.828125,6,45,05:49,20:11,2025-05-12 05:28:40.389604,Città della Scienza,75.2,17.856216,12.862704,23.322947,14.550471,EU EEA Common AQI,64.2,18.18809,11.61828,7200,20.485294,100,100,58.9,21.870586,Very Low,64.3,16.358139,100,1747026900,Very Low,18.658356,19.831474,Very Low,25.381884,56.2,28.529411,100,1747026900,27.338236
2025-05-12T05:28:51Z,0,29.864,70.2,62,62.5,0,0,355,82,0.0,255,32767,0.0,2127-15-31,0.0,0.16,26.24,0.0,0.0,0.0,0,4.828125,6,45,05:49,20:11,2025-05-12 05:28:51.472603,Città della Scienza,75.2,17.856216,12.862704,23.322947,14.550471,EU EEA Common AQI,64.2,18.18809,11.61828,7200,20.485294,100,100,58.9,21.870586,Very Low,64.3,16.358139,100,1747026900,Very Low,18.658356,19.831474,Very Low,25.381884,56.2,28.529411,100,1747026900,27.338236
2025-05-12T05:29:02Z,0,29.864,70.2,62,62.5,0,0,355,82,0.0,255,32767,0.0,2127-15-31,0.0,0.16,26.24,0.0,0.0,0.0,0,4.828125,6,45,05:49,20:11,2025-05-12 05:29:02.537601,Città della Scienza,75.2,17.856216,12.862704,23.322947,14.550471,EU EEA Common AQI,64.2,18.18809,11.61828,7200,20.485294,100,100,58.9,21.870586,Very Low,64.3,16.358139,100,1747026900,Very Low,18.658356,19.831474,Very Low,25.381884,56.2,28.529411,100,1747026900,27.338236
2025-05-12T05:29:13Z,0,29.864,70.2,62,62.5,0,0,355,82,0.0,255,32767,0.0,2127-15-31,0.0,0.16,26.24,0.0,0.0,0.0,0,4.828125,6,45,05:49,20:11,2025-05-12 05:29:13.593593,Città della Scienza,75.2,17.856216,12.862704,23.322947,14.550471,EU EEA Common AQI,64.2,18.18809,11.61828,7200,20.485294,100,100,58.9,21.870586,Very Low,64.3,16.358139,100,1747026900,Very Low,18.658356,19.831474,Very Low,25.381884,56.2,28.529411,100,1747026900,27.338236
2025-05-12T05:29:24Z,0,29.864,70.2,62,62.5,0,0,355,82,0.0,255,32767,0.0,2127-15-31,0.0,0.16,26.24,0.0,0.0,0.0,0,4.828125,6,45,05:49,20:11,2025-05-12 05:29:24.667586,Città della Scienza,75.2,17.856216,12.862704,23.322947,14.550471,EU EEA Common AQI,64.2,18.18809,11.61828,7200,20.485294,100,100,58.9,21.870586,Very Low,64.3,16.358139,100,1747026900,Very Low,18.658356,19.831474,Very Low,25.381884,56.2,28.529411,100,1747026900,27.338236
2025-05-12T05:29:35Z,0,29.863,70.2,62,62.6,0,0,355,82,0.0,255,32767,0.0,2127-15-31,0.0,0.16,26.24,0.0,0.0,0.0,0,4.828125,6,45,05:49,20:11,2025-05-12 05:29:35.738597,Città della Scienza,75.2,17.856216,12.862704,23.322947,14.550471,EU EEA Common AQI,64.2,18.18809,11.61828,7200,20.485294,100,100,58.9,21.870586,Very Low,64.3,16.358139,100,1747026900,Very Low,18.658356,19.831474,Very Low,25.381884,56.2,28.529411,100,1747026900,27.338236
2025-05-12T05:29:46Z,0,29.863,70.2,62,62.5,0,0,355,82,0.0,255,32767,0.0,2127-15-31,0.0,0.16,26.24,0.0,0.0,0.0,0,4.828125,6,45,05:49,20:11,2025-05-12 05:29:46.773599,Città della Scienza,75.2,17.856216,12.862704,23.322947,14.550471,EU EEA Common AQI,64.2,18.18809,11.61828,7200,20.485294,100,100,58.9,21.870586,Very Low,64.3,16.358139,100,1747026900,Very Low,18.658356,19.831474,Very Low,25.381884,56.2,28.529411,100,1747026900,27.338236
2025-05-12T05:29:58Z,0,29.863,70.2,62,62.6,0,0,355,82,0.0,255,32767,0.0,2127-15-31,0.0,0.16,26.24,0.0,0.0,0.0,0,4.828125,6,45,05:49,20:11,2025-05-12 05:29:57.879595,Città della Scienza,75.2,17.856216,12.862704,23.322947,14.550471,EU EEA Common AQI,64.2,18.18809,11.61828,7200,20.485294,100,100,58.9,21.870586,Very Low,64.3,16.358139,100,1747026900,Very Low,18.658356,19.831474,Very Low,25.381884,56.2,28.529411,100,1747026900,27.338236
2025-05-12T05:30:09Z,0,29.863,70.2,62,62.6,0,0,355,82,0.0,255,32767,0.0,2127-15-31,0.0,0.16,26.24,0.0,0.0,0.0,0,4.828125,6,45,05:49,20:11,2025-05-12 05:30:08.954599,Città della Scienza,75.2,17.856216,12.862704,23.322947,14.550471,EU EEA Common AQI,64.2,18.18809,11.61828,7200,20.485294,100,100,58.9,21.870586,Very Low,64.3,16.358139,100,1747026900,Very Low,18.658356,19.831474,Very Low,25.381884,56.2,28.529411,100,1747026900,27.338236
2025-05-12T05:30:20Z,0,29.863,70.2,62,62.6,0,0,355,82,0.0,255,32767,0.0,2127-15-31,0.0,0.16,26.24,0.0,0.0,0.0,0,4.828125,6,45,05:49,20:11,2025-05-12 05:30:20.021609,Città della Scienza,75.2,17.856216,12.862704,23.322947,14.550471,EU EEA Common AQI,64.2,18.18809,11.61828,7200,20.485294,100,100,58.9,21.870586,Very Low,64.3,16.358139,100,1747026900,Very Low,18.658356,19.831474,Very Low,25.381884,56.2,28.529411,100,1747026900,27.338236
2025-05-12T05:30:31Z,0,29.863,70.2,62,62.6,0,0,355,82,0.0,255,32767,0.0,2127-15-31,0.0,0.16,26.24,0.0,0.0,0.0,0,4.828125,6,45,05:49,20:11,2025-05-12 05:30:31.079590,Città della Scienza,75.3,19.14256,12.838775,24.511353,15.449548,EU EEA Common AQI,64.9,19.311935,11.599152,7200,19.279411,100,100,59.4,20.847057,Very Low,64.8,17.521997,100,1747027800,Very Low,19.609081,21.075258,Very Low,26.74541,56.8,29.735294,100,1747027800,26.058823
2025-05-12T05:30:42Z,0,29.862,70.3,62,62.6,0,0,355,82,0.0,255,32767,0.0,2127-15-31,0.0,0.16,26.24,0.0,0.0,0.0,0,4.828125,6,45,05:49,20:11,2025-05-12 05:30:42.183594,Città della Scienza,75.3,19.14256,12.838775,24.511353,15.449548,EU EEA Common AQI,64.9,19.311935,11.599152,7200,19.279411,100,100,59.4,20.847057,Very Low,64.8,17.521997,100,1747027800,Very Low,19.609081,21.075258,Very Low,26.74541,56.8,29.735294,100,1747027800,26.058823
2025-05-12T05:30:53Z,0,29.862,70.3,62,62.6,1,0,355,82,0.0,255,32767,0.0,2127-15-31,0.0,0.16,26.24,0.0,0.0,0.0,0,4.828125,6,45,05:49,20:11,2025-05-12 05:30:53.262600,Città della Scienza,75.3,19.14256,12.838775,24.511353,15.449548,EU EEA Common AQI,64.9,19.311935,11.599152,7200,19.279411,100,100,59.4,20.847057,Very Low,64.8,17.521997,100,1747027800,Very Low,19.609081,21.075258,Very Low,26.74541,56.8,29.735294,100,1747027800,26.058823
2025-05-12T05:31:04Z,0,29.862,70.3,62,62.7,0,0,355,82,0.0,255,32767,0.0,2127-15-31,0.0,0.16,26.24,0.0,0.0,0.0,0,4.828125,6,45,05:49,20:11,2025-05-12 05:31:04.381595,Città della Scienza,75.3,19.14256,12.838775,24.511353,15.449548,EU EEA Common AQI,64.9,19.311935,11.599152,7200,19.279411,100,100,59.4,20.847057,Very Low,64.8,17.521997,100,1747027800,Very Low,19.609081,21.075258,Very Low,26.74541,56.8,29.735294,100,1747027800,26.058823
2025-05-12T05:31:15Z,0,29.862,70.3,62,62.6,0,0,355,82,0.0,255,32767,0.0,2127-15-31,0.0,0.16,26.24,0.0,0.0,0.0,0,4.828125,6,45,05:49,20:11,2025-05-12 05:31:15.481591,Città della Scienza,75.3,19.14256,12.838775,24.511353,15.449548,EU EEA Common AQI,64.9,19.311935,11.599152,7200,19.279411,100,100,59.4,20.847057,Very Low,64.8,17.521997,100,1747027800,Very Low,19.609081,21.075258,Very Low,26.74541,56.8,29.735294,100,1747027800,26.058823
2025-05-12T05:31:26Z,0,29.862,70.3,62,62.7,0,0,355,82,0.0,255,32767,0.0,2127-15-31,0.0,0.16,26.24,0.0,0.0,0.0,0,4.828125,6,45,05:49,20:11,2025-05-12 05:31:26.577589,Città della Scienza,75.3,19.14256,12.838775,24.511353,15.449548,EU EEA Common AQI,64.9,19.311935,11.599152,7200,19.279411,100,100,59.4,20.847057,Very Low,64.8,17.521997,100,1747027800,Very Low,19.609081,21.075258,Very Low,26.74541,56.8,29.735294,100,1747027800,26.058823
2025-05-12T05:31:37Z,0,29.862,70.3,62,62.7,0,0,355,82,0.0,255,32767,0.0,2127-15-31,0.0,0.16,26.24,0.0,0.0,0.0,0,4.828125,6,45,05:49,20:11,2025-05-12 05:31:37.677601,Città della Scienza,75.3,19.14256,12.838775,24.511353,15.449548,EU EEA Common AQI,64.9,19.311935,11.599152,7200,19.279411,100,100,59.4,20.847057,Very Low,64.8,17.521997,100,1747027800,Very Low,19.609081,21.075258,Very Low,26.74541,56.8,29.735294,100,1747027800,26.058823
2025-05-12T05:31:48Z,0,29.862,70.3,62,62.7,0,0,355,82,0.0,255,32767,0.0,2127-15-31,0.0,0.16,26.24,0.0,0.0,0.0,0,4.828125,6,45,05:49,20:11,2025-05-12 05:31:48.755591,Città della Scienza,75.3,19.14256,12.838775,24.511353,15.449548,EU EEA Common AQI,64.9,19.311935,11.599152,7200,19.279411,100,100,59.4,20.847057,Very Low,64.8,17.521997,100,1747027800,Very Low,19.609081,21.075258,Very Low,26.74541,56.8,29.735294,100,1747027800,26.058823
2025-05-12T05:32:00Z,0,29.862,70.3,62,62.7,0,0,355,82,0.0,255,32767,0.0,2127-15-31,0.0,0.16,26.24,0.0,0.0,0.0,0,4.828125,6,45,05:49,20:11,2025-05-12 05:31:59.843590,Città della Scienza,75.3,19.14256,12.838775,24.511353,15.449548,EU EEA Common AQI,64.9,19.311935,11.599152,7200,19.279411,100,100,59.4,20.847057,Very Low,64.8,17.521997,100,1747027800,Very Low,19.609081,21.075258,Very Low,26.74541,56.8,29.735294,100,1747027800,26.058823
2025-05-12T05:32:11Z,0,29.862,70.3,62,62.7,0,0,355,82,0.0,255,32767,0.0,2127-15-31,0.0,0.16,26.24,0.0,0.0,0.0,0,4.828125,6,45,05:49,20:11,2025-05-12 05:32:10.939618,Città della Scienza,75.3,19.14256,12.838775,24.511353,15.449548,EU EEA Common AQI,64.9,19.311935,11.599152,7200,19.279411,100,100,59.4,20.847057,Very Low,64.8,17.521997,100,1747027800,Very Low,19.609081,21.075258,Very Low,26.74541,56.8,29.735294,100,1747027800,26.058823
2025-05-12T05:32:22Z,0,29.862,70.3,62,62.7,0,0,355,81,0.0,255,32767,0.0,2127-15-31,0.0,0.16,26.24,0.0,0.0,0.0,0,4.828125,6,45,05:49,20:11,2025-05-12 05:32:22.013594,Città della Scienza,75.3,19.14256,12.838775,24.511353,15.449548,EU EEA Common AQI,64.9,19.311935,11.599152,7200,19.279411,100,100,59.4,20.847057,Very Low,64.8,17.521997,100,1747027800,Very Low,19.609081,21.075258,Very Low,26.74541,56.8,29.735294,100,1747027800,26.058823
2025-05-12T05:32:33Z,0,29.861,70.4,62,62.8,0,0,355,81,0.0,255,32767,0.0,2127-15-31,0.0,0.16,26.24,0.0,0.0,0.0,0,4.828125,6,45,05:49,20:11,2025-05-12 05:32:33.087600,Città della Scienza,75.3,19.14256,12.838775,24.511353,15.449548,EU EEA Common AQI,64.9,19.311935,11.599152,7200,19.279411,100,100,59.4,20.847057,Very Low,64.8,17.521997,100,1747027800,Very Low,19.609081,21.075258,Very Low,26.74541,56.8,29.735294,100,1747027800,26.058823
2025-05-12T05:32:44Z,0,29.861,70.4,62,62.8,0,0,355,81,0.0,255,32767,0.0,2127-15-31,0.0,0.16,26.24,0.0,0.0,0.0,0,4.828125,6,45,05:49,20:11,2025-05-12 05:32:44.181588,Città della Scienza,75.3,19.14256,12.838775,24.511353,15.449548,EU EEA Common AQI,64.9,19.311935,11.599152,7200,19.279411,100,100,59.4,20.847057,Very Low,64.8,17.521997,100,1747027800,Very Low,19.609081,21.075258,Very Low,26.74541,56.8,29.735294,100,1747027800,26.058823
2025-05-12T05:32:55Z,0,29.861,70.4,62,62.7,0,0,355,81,0.0,255,32767,0.0,2127-15-31,0.0,0.16,26.24,0.0,0.0,0.0,0,4.828125,6,45,05:49,20:11,2025-05-12 05:32:55.211592,Città della Scienza,75.3,19.14256,12.838775,24.511353,15.449548,EU EEA Common AQI,64.9,19.311935,11.599152,7200,19.279411,100,100,59.4,20.847057,Very Low,64.8,17.521997,100,1747027800,Very Low,19.609081,21.075258,Very Low,26.74541,56.8,29.735294,100,1747027800,26.058823
2025-05-12T05:33:06Z,0,29.861,70.4,62,62.7,0,0,355,81,0.0,255,32767,0.0,2127-15-31,0.0,0.16,26.24,0.0,0.0,0.0,0,4.828125,6,45,05:49,20:11,2025-05-12 05:33:06.275594,Città della Scienza,75.3,19.14256,12.838775,24.511353,15.449548,EU EEA Common AQI,64.9,19.311935,11.599152,7200,19.279411,100,100,59.4,20.847057,Very Low,64.8,17.521997,100,1747027800,Very Low,19.609081,21.075258,Very Low,26.74541,56.8,29.735294,100,1747027800,26.058823
2025-05-12T05:33:17Z,0,29.861,70.4,62,62.7,0,0,355,81,0.0,255,32767,0.0,2127-15-31,0.0,0.16,26.24,0.0,0.0,0.0,0,4.828125,6,45,05:49,20:11,2025-05-12 05:33:17.361593,Città della Scienza,75.3,19.14256,12.838775,24.511353,15.449548,EU EEA Common AQI,64.9,19.311935,11.599152,7200,19.279411,100,100,59.4,20.847057,Very Low,64.8,17.521997,100,1747027800,Very Low,19.609081,21.075258,Very Low,26.74541,56.8,29.735294,100,1747027800,26.058823
2025-05-12T05:33:28Z,0,29.861,70.4,62,62.9,0,0,355,81,0.0,255,32767,0.0,2127-15-31,0.0,0.16,26.24,0.0,0.0,0.0,0,4.828125,6,45,05:49,20:11,2025-05-12 05:33:28.436592,Città della Scienza,75.3,19.14256,12.838775,24.511353,15.449548,EU EEA Common AQI,64.9,19.311935,11.599152,7200,19.279411,100,100,59.4,20.847057,Very Low,64.8,17.521997,100,1747027800,Very Low,19.609081,21.075258,Very Low,26.74541,56.8,29.735294,100,1747027800,26.058823
2025-05-12T05:33:39Z,0,29.861,70.4,62,62.8,0,0,355,81,0.0,255,32767,0.0,2127-15-31,0.0,0.16,26.24,0.0,0.0,0.0,0,4.828125,6,45,05:49,20:11,2025-05-12 05:33:39.509599,Città della Scienza,75.3,19.14256,12.838775,24.511353,15.449548,EU EEA Common AQI,64.9,19.311935,11.599152,7200,19.279411,100,100,59.4,20.847057,Very Low,64.8,17.521997,100,1747027800,Very Low,19.609081,21.075258,Very Low,26.74541,56.8,29.735294,100,1747027800,26.058823
2025-05-12T05:33:50Z,0,29.861,70.4,62,62.9,0,0,355,81,0.0,255,32767,0.0,2127-15-31,0.0,0.16,26.24,0.0,0.0,0.0,0,4.828125,6,45,05:49,20:11,2025-05-12 05:33:50.562605,Città della Scienza,75.3,19.14256,12.838775,24.511353,15.449548,EU EEA Common AQI,64.9,19.311935,11.599152,7200,19.279411,100,100,59.4,20.847057,Very Low,64.8,17.521997,100,1747027800,Very Low,19.609081,21.075258,Very Low,26.74541,56.8,29.735294,100,1747027800,26.058823
2025-05-12T05:34:01Z,0,29.861,70.4,62,62.9,0,0,355,81,0.0,255,32767,0.0,2127-15-31,0.0,0.16,26.24,0.0,0.0,0.0,0,4.828125,6,45,05:49,20:11,2025-05-12 05:34:01.643602,Città della Scienza,75.3,19.14256,12.838775,24.511353,15.449548,EU EEA Common AQI,64.9,19.311935,11.599152,7200,19.279411,100,100,59.4,20.847057,Very Low,64.8,17.521997,100,1747027800,Very Low,19.609081,21.075258,Very Low,26.74541,56.8,29.735294,100,1747027800,26.058823
2025-05-12T05:34:12Z,0,29.861,70.4,62,62.9,0,0,355,81,0.0,255,32767,0.0,2127-15-31,0.0,0.16,26.24,0.0,0.0,0.0,0,4.828125,6,45,05:49,20:11,2025-05-12 05:34:12.707553,Città della Scienza,75.3,19.14256,12.838775,24.511353,15.449548,EU EEA Common AQI,64.9,19.311935,11.599152,7200,19.279411,100,100,59.4,20.847057,Very Low,64.8,17.521997,100,1747027800,Very Low,19.609081,21.075258,Very Low,26.74541,56.8,29.735294,100,1747027800,26.058823
2025-05-12T05:34:23Z,0,29.861,70.4,62,62.9,0,0,355,81,0.0,255,32767,0.0,2127-15-31,0.0,0.16,26.24,0.0,0.0,0.0,0,4.828125,6,45,05:49,20:11,2025-05-12 05:34:23.764597,Città della Scienza,75.3,19.14256,12.838775,24.511353,15.449548,EU EEA Common AQI,64.9,19.311935,11.599152,7200,19.279411,100,100,59.4,20.847057,Very Low,64.8,17.521997,100,1747027800,Very Low,19.609081,21.075258,Very Low,26.74541,56.8,29.735294,100,1747027800,26.058823
2025-05-12T05:34:35Z,0,29.863,70.4,62,63.0,0,0,355,81,0.0,255,32767,0.0,2127-15-31,0.0,0.16,26.24,0.0,0.0,0.0,0,4.828125,6,45,05:49,20:11,2025-05-12 05:34:34.876593,Città della Scienza,75.3,19.14256,12.838775,24.511353,15.449548,EU EEA Common AQI,64.9,19.311935,11.599152,7200,19.279411,100,100,59.4,20.847057,Very Low,64.8,17.521997,100,1747027800,Very Low,19.609081,21.075258,Very Low,26.74541,56.8,29.735294,100,1747027800,26.058823
2025-05-12T05:34:46Z,0,29.863,70.4,62,63.0,0,0,355,81,0.0,255,32767,0.0,2127-15-31,0.0,0.16,26.24,0.0,0.0,0.0,0,4.828125,6,45,05:49,20:11,2025-05-12 05:34:45.953595,Città della Scienza,75.3,19.14256,12.838775,24.511353,15.449548,EU EEA Common AQI,64.9,19.311935,11.599152,7200,19.279411,100,100,59.4,20.847057,Very Low,64.8,17.521997,100,1747027800,Very Low,19.609081,21.075258,Very Low,26.74541,56.8,29.735294,100,1747027800,26.058823
2025-05-12T05:34:57Z,0,29.863,70.4,62,62.9,0,0,355,81,0.0,255,32767,0.0,2127-15-31,0.0,0.16,26.24,0.0,0.0,0.0,0,4.828125,6,45,05:49,20:11,2025-05-12 05:34:57.049596,Città della Scienza,75.3,19.14256,12.838775,24.511353,15.449548,EU EEA Common AQI,64.9,19.311935,11.599152,7200,19.279411,100,100,59.4,20.847057,Very Low,64.8,17.521997,100,1747027800,Very Low,19.609081,21.075258,Very Low,26.74541,56.8,29.735294,100,1747027800,26.058823
2025-05-12T05:35:08Z,0,29.863,70.4,62,63.0,0,0,355,81,0.0,255,32767,0.0,2127-15-31,0.0,0.16,26.24,0.0,0.0,0.0,0,4.828125,6,45,05:49,20:11,2025-05-12 05:35:08.126555,Città della Scienza,75.3,19.14256,12.838775,24.511353,15.449548,EU EEA Common AQI,64.9,19.311935,11.599152,7200,19.279411,100,100,59.4,20.847057,Very Low,64.8,17.521997,100,1747027800,Very Low,19.609081,21.075258,Very Low,26.74541,56.8,29.735294,100,1747027800,26.058823
2025-05-12T05:35:19Z,0,29.863,70.4,62,63.1,0,0,355,81,0.0,255,32767,0.0,2127-15-31,0.0,0.16,26.24,0.0,0.0,0.0,0,4.828125,6,45,05:49,20:11,2025-05-12 05:35:19.238588,Città della Scienza,75.3,19.14256,12.838775,24.511353,15.449548,EU EEA Common AQI,64.9,19.311935,11.599152,7200,19.279411,100,100,59.4,20.847057,Very Low,64.8,17.521997,100,1747027800,Very Low,19.609081,21.075258,Very Low,26.74541,56.8,29.735294,100,1747027800,26.058823
2025-05-12T05:35:30Z,0,29.863,70.4,62,63.1,0,0,355,81,0.0,255,32767,0.0,2127-15-31,0.0,0.16,26.24,0.0,0.0,0.0,0,4.828125,6,45,05:49,20:11,2025-05-12 05:35:30.277584,Città della Scienza,75.3,19.14256,12.838775,24.511353,15.449548,EU EEA Common AQI,64.9,19.311935,11.599152,7200,19.279411,100,100,59.4,20.847057,Very Low,64.8,17.521997,100,1747027800,Very Low,19.609081,21.075258,Very Low,26.74541,56.8,29.735294,100,1747027800,26.058823
2025-05-12T05:35:41Z,0,29.863,70.5,62,63.1,0,0,355,81,0.0,255,32767,0.0,2127-15-31,0.0,0.16,26.24,0.0,0.0,0.0,0,4.828125,6,45,05:49,20:11,2025-05-12 05:35:41.392595,Città della Scienza,75.3,19.14256,12.838775,24.511353,15.449548,EU EEA Common AQI,64.9,19.311935,11.599152,7200,19.279411,100,100,59.4,20.847057,Very Low,64.8,17.521997,100,1747027800,Very Low,19.609081,21.075258,Very Low,26.74541,56.8,29.735294,100,1747027800,26.058823
2025-05-12T05:35:52Z,0,29.863,70.5,62,63.1,2,0,355,81,0.0,255,32767,0.0,2127-15-31,0.0,0.16,26.24,0.0,0.0,0.0,0,4.828125,6,45,05:49,20:11,2025-05-12 05:35:52.428589,Città della Scienza,75.3,19.14256,12.838775,24.511353,15.449548,EU EEA Common AQI,64.9,19.311935,11.599152,7200,19.279411,100,100,59.4,20.847057,Very Low,64.8,17.521997,100,1747027800,Very Low,19.609081,21.075258,Very Low,26.74541,56.8,29.735294,100,1747027800,26.058823
2025-05-12T05:36:03Z,0,29.863,70.5,62,63.2,0,0,355,81,0.0,255,32767,0.0,2127-15-31,0.0,0.16,26.24,0.0,0.0,0.0,0,4.828125,6,45,05:49,20:11,2025-05-12 05:36:03.458596,Città della Scienza,75.3,19.14256,12.838775,24.511353,15.449548,EU EEA Common AQI,64.9,19.311935,11.599152,7200,19.279411,100,100,59.4,20.847057,Very Low,64.8,17.521997,100,1747027800,Very Low,19.609081,21.075258,Very Low,26.74541,56.8,29.735294,100,1747027800,26.058823
2025-05-12T05:36:14Z,0,29.863,70.5,62,63.3,0,0,355,81,0.0,255,32767,0.0,2127-15-31,0.0,0.16,26.24,0.0,0.0,0.0,0,4.828125,6,45,05:49,20:11,2025-05-12 05:36:14.511593,Città della Scienza,75.3,19.14256,12.838775,24.511353,15.449548,EU EEA Common AQI,64.9,19.311935,11.599152,7200,19.279411,100,100,59.4,20.847057,Very Low,64.8,17.521997,100,1747027800,Very Low,19.609081,21.075258,Very Low,26.74541,56.8,29.735294,100,1747027800,26.058823
2025-05-12T05:36:25Z,0,29.863,70.5,62,63.3,0,0,355,81,0.0,255,32767,0.0,2127-15-31,0.0,0.16,26.24,0.0,0.0,0.0,0,4.828125,6,45,05:49,20:11,2025-05-12 05:36:25.566610,Città della Scienza,75.3,19.14256,12.838775,24.511353,15.449548,EU EEA Common AQI,64.9,19.311935,11.599152,7200,19.279411,100,100,59.4,20.847057,Very Low,64.8,17.521997,100,1747027800,Very Low,19.609081,21.075258,Very Low,26.74541,56.8,29.735294,100,1747027800,26.058823
2025-05-12T05:36:36Z,0,29.863,70.5,62,63.3,0,0,355,81,0.0,255,32767,0.0,2127-15-31,0.0,0.16,26.24,0.0,0.0,0.0,0,4.828125,6,45,05:49,20:11,2025-05-12 05:36:36.652555,Città della Scienza,75.3,19.14256,12.838775,24.511353,15.449548,EU EEA Common AQI,64.9,19.311935,11.599152,7200,19.279411,100,100,59.4,20.847057,Very Low,64.8,17.521997,100,1747027800,Very Low,19.609081,21.075258,Very Low,26.74541,56.8,29.735294,100,1747027800,26.058823
2025-05-12T05:36:47Z,0,29.863,70.5,62,63.3,0,0,355,81,0.0,255,32767,0.0,2127-15-31,0.0,0.16,26.24,0.0,0.0,0.0,0,4.828125,6,45,05:49,20:11,2025-05-12 05:36:47.747604,Città della Scienza,75.3,19.14256,12.838775,24.511353,15.449548,EU EEA Common AQI,64.9,19.311935,11.599152,7200,19.279411,100,100,59.4,20.847057,Very Low,64.8,17.521997,100,1747027800,Very Low,19.609081,21.075258,Very Low,26.74541,56.8,29.735294,100,1747027800,26.058823
2025-05-12T05:36:59Z,0,29.863,70.5,62,63.4,0,0,355,81,0.0,255,32767,0.0,2127-15-31,0.0,0.16,26.24,0.0,0.0,0.0,0,4.828125,6,45,05:49,20:11,2025-05-12 05:36:58.814590,Città della Scienza,75.3,19.14256,12.838775,24.511353,15.449548,EU EEA Common AQI,64.9,19.311935,11.599152,7200,19.279411,100,100,59.4,20.847057,Very Low,64.8,17.521997,100,1747027800,Very Low,19.609081,21.075258,Very Low,26.74541,56.8,29.735294,100,1747027800,26.058823
2025-05-12T05:37:10Z,0,29.863,70.5,62,63.4,0,0,355,81,0.0,255,32767,0.0,2127-15-31,0.0,0.16,26.24,0.0,0.0,0.0,0,4.828125,6,45,05:49,20:11,2025-05-12 05:37:09.895591,Città della Scienza,75.3,19.14256,12.838775,24.511353,15.449548,EU EEA Common AQI,64.9,19.311935,11.599152,7200,19.279411,100,100,59.4,20.847057,Very Low,64.8,17.521997,100,1747027800,Very Low,19.609081,21.075258,Very Low,26.74541,56.8,29.735294,100,1747027800,26.058823
2025-05-12T05:37:21Z,0,29.863,70.5,62,63.4,0,0,355,81,0.0,255,32767,0.0,2127-15-31,0.0,0.16,26.24,0.0,0.0,0.0,0,4.828125,6,45,05:49,20:11,2025-05-12 05:37:21.025585,Città della Scienza,75.3,19.14256,12.838775,24.511353,15.449548,EU EEA Common AQI,64.9,19.311935,11.599152,7200,19.279411,100,100,59.4,20.847057,Very Low,64.8,17.521997,100,1747027800,Very Low,19.609081,21.075258,Very Low,26.74541,56.8,29.735294,100,1747027800,26.058823
2025-05-12T05:37:32Z,0,29.863,70.5,62,63.5,0,0,355,81,0.0,255,32767,0.0,2127-15-31,0.0,0.16,26.24,0.0,0.0,0.0,0,4.828125,6,45,05:49,20:11,2025-05-12 05:37:32.087600,Città della Scienza,75.3,19.14256,12.838775,24.511353,15.449548,EU EEA Common AQI,64.9,19.311935,11.599152,7200,19.279411,100,100,59.4,20.847057,Very Low,64.8,17.521997,100,1747027800,Very Low,19.609081,21.075258,Very Low,26.74541,56.8,29.735294,100,1747027800,26.058823
2025-05-12T05:37:43Z,0,29.861,70.5,62,63.5,0,0,355,81,0.0,255,32767,0.0,2127-15-31,0.0,0.16,26.24,0.0,0.0,0.0,0,4.828125,6,45,05:49,20:11,2025-05-12 05:37:43.170609,Città della Scienza,75.3,19.14256,12.838775,24.511353,15.449548,EU EEA Common AQI,64.9,19.311935,11.599152,7200,19.279411,100,100,59.4,20.847057,Very Low,64.8,17.521997,100,1747027800,Very Low,19.609081,21.075258,Very Low,26.74541,56.8,29.735294,100,1747027800,26.058823
2025-05-12T05:37:54Z,0,29.861,70.5,62,63.6,0,0,355,81,0.0,255,32767,0.0,2127-15-31,0.0,0.16,26.24,0.0,0.0,0.0,0,4.828125,6,45,05:49,20:11,2025-05-12 05:37:54.235585,Città della Scienza,75.3,19.14256,12.838775,24.511353,15.449548,EU EEA Common AQI,64.9,19.311935,11.599152,7200,19.279411,100,100,59.4,20.847057,Very Low,64.8,17.521997,100,1747027800,Very Low,19.609081,21.075258,Very Low,26.74541,56.8,29.735294,100,1747027800,26.058823
2025-05-12T05:38:05Z,0,29.861,70.5,62,63.7,0,0,355,81,0.0,255,32767,0.0,2127-15-31,0.0,0.16,26.24,0.0,0.0,0.0,0,4.828125,6,45,05:49,20:11,2025-05-12 05:38:05.308589,Città della Scienza,75.3,19.14256,12.838775,24.511353,15.449548,EU EEA Common AQI,64.9,19.311935,11.599152,7200,19.279411,100,100,59.4,20.847057,Very Low,64.8,17.521997,100,1747027800,Very Low,19.609081,21.075258,Very Low,26.74541,56.8,29.735294,100,1747027800,26.058823
2025-05-12T05:38:16Z,0,29.861,70.5,62,63.7,0,0,355,81,0.0,255,32767,0.0,2127-15-31,0.0,0.16,26.24,0.0,0.0,0.0,0,4.828125,6,45,05:49,20:11,2025-05-12 05:38:16.370597,Città della Scienza,75.3,19.14256,12.838775,24.511353,15.449548,EU EEA Common AQI,64.9,19.311935,11.599152,7200,19.279411,100,100,59.4,20.847057,Very Low,64.8,17.521997,100,1747027800,Very Low,19.609081,21.075258,Very Low,26.74541,56.8,29.735294,100,1747027800,26.058823
2025-05-12T05:38:27Z,0,29.861,70.5,62,63.7,0,0,355,81,0.0,255,32767,0.0,2127-15-31,0.0,0.16,26.24,0.0,0.0,0.0,0,4.828125,6,45,05:49,20:11,2025-05-12 05:38:27.515588,Città della Scienza,75.3,19.14256,12.838775,24.511353,15.449548,EU EEA Common AQI,64.9,19.311935,11.599152,7200,19.279411,100,100,59.4,20.847057,Very Low,64.8,17.521997,100,1747027800,Very Low,19.609081,21.075258,Very Low,26.74541,56.8,29.735294,100,1747027800,26.058823
2025-05-12T05:38:38Z,0,29.862,70.6,62,63.7,0,0,355,80,0.0,255,32767,0.0,2127-15-31,0.0,0.16,26.24,0.0,0.0,0.0,0,4.828125,6,45,05:49,20:11,2025-05-12 05:38:38.576597,Città della Scienza,75.3,19.14256,12.838775,24.511353,15.449548,EU EEA Common AQI,64.9,19.311935,11.599152,7200,19.279411,100,100,59.4,20.847057,Very Low,64.8,17.521997,100,1747027800,Very Low,19.609081,21.075258,Very Low,26.74541,56.8,29.735294,100,1747027800,26.058823
2025-05-12T05:38:49Z,0,29.862,70.6,62,63.7,0,0,355,80,0.0,255,32767,0.0,2127-15-31,0.0,0.16,26.24,0.0,0.0,0.0,0,4.828125,6,45,05:49,20:11,2025-05-12 05:38:49.668595,Città della Scienza,75.3,19.14256,12.838775,24.511353,15.449548,EU EEA Common AQI,64.9,19.311935,11.599152,7200,19.279411,100,100,59.4,20.847057,Very Low,64.8,17.521997,100,1747027800,Very Low,19.609081,21.075258,Very Low,26.74541,56.8,29.735294,100,1747027800,26.058823
2025-05-12T05:39:00Z,0,29.862,70.6,62,63.8,0,0,355,80,0.0,255,32767,0.0,2127-15-31,0.0,0.16,26.24,0.0,0.0,0.0,0,4.828125,6,45,05:49,20:11,2025-05-12 05:39:00.714589,Città della Scienza,75.3,19.14256,12.838775,24.511353,15.449548,EU EEA Common AQI,64.9,19.311935,11.599152,7200,19.279411,100,100,59.4,20.847057,Very Low,64.8,17.521997,100,1747027800,Very Low,19.609081,21.075258,Very Low,26.74541,56.8,29.735294,100,1747027800,26.058823
2025-05-12T05:39:12Z,0,29.862,70.6,62,63.8,0,0,355,80,0.0,255,32767,0.0,2127-15-31,0.0,0.16,26.24,0.0,0.0,0.0,0,4.828125,6,45,05:49,20:11,2025-05-12 05:39:11.824600,Città della Scienza,75.3,19.14256,12.838775,24.511353,15.449548,EU EEA Common AQI,64.9,19.311935,11.599152,7200,19.279411,100,100,59.4,20.847057,Very Low,64.8,17.521997,100,1747027800,Very Low,19.609081,21.075258,Very Low,26.74541,56.8,29.735294,100,1747027800,26.058823
2025-05-12T05:39:23Z,0,29.862,70.6,62,63.9,0,0,355,80,0.0,255,32767,0.0,2127-15-31,0.0,0.16,26.24,0.0,0.0,0.0,0,4.828125,6,45,05:49,20:11,2025-05-12 05:39:22.948604,Città della Scienza,75.3,19.14256,12.838775,24.511353,15.449548,EU EEA Common AQI,64.9,19.311935,11.599152,7200,19.279411,100,100,59.4,20.847057,Very Low,64.8,17.521997,100,1747027800,Very Low,19.609081,21.075258,Very Low,26.74541,56.8,29.735294,100,1747027800,26.058823
2025-05-12T05:39:34Z,0,29.862,70.6,62,63.9,0,0,355,80,0.0,255,32767,0.0,2127-15-31,0.0,0.16,26.24,0.0,0.0,0.0,0,4.828125,6,45,05:49,20:11,2025-05-12 05:39:34.016696,Città della Scienza,75.3,19.14256,12.838775,24.511353,15.449548,EU EEA Common AQI,64.9,19.311935,11.599152,7200,19.279411,100,100,59.4,20.847057,Very Low,64.8,17.521997,100,1747027800,Very Low,19.609081,21.075258,Very Low,26.74541,56.8,29.735294,100,1747027800,26.058823
2025-05-12T05:39:45Z,0,29.862,70.6,62,63.9,0,0,355,80,0.0,255,32767,0.0,2127-15-31,0.0,0.16,26.24,0.0,0.0,0.0,0,4.828125,6,45,05:49,20:11,2025-05-12 05:39:45.085589,Città della Scienza,75.3,19.14256,12.838775,24.511353,15.449548,EU EEA Common AQI,64.9,19.311935,11.599152,7200,19.279411,100,100,59.4,20.847057,Very Low,64.8,17.521997,100,1747027800,Very Low,19.609081,21.075258,Very Low,26.74541,56.8,29.735294,100,1747027800,26.058823
2025-05-12T05:39:56Z,0,29.862,70.6,62,64.0,0,0,355,80,0.0,255,32767,0.0,2127-15-31,0.0,0.16,26.24,0.0,0.0,0.0,0,4.828125,6,45,05:49,20:11,2025-05-12 05:39:56.192593,Città della Scienza,75.3,19.14256,12.838775,24.511353,15.449548,EU EEA Common AQI,64.9,19.311935,11.599152,7200,19.279411,100,100,59.4,20.847057,Very Low,64.8,17.521997,100,1747027800,Very Low,19.609081,21.075258,Very Low,26.74541,56.8,29.735294,100,1747027800,26.058823
2025-05-12T05:40:07Z,0,29.862,70.6,62,64.0,0,0,355,80,0.0,255,32767,0.0,2127-15-31,0.0,0.16,26.24,0.0,0.0,0.0,0,4.828125,6,45,05:49,20:11,2025-05-12 05:40:07.275590,Città della Scienza,75.3,19.14256,12.838775,24.511353,15.449548,EU EEA Common AQI,64.9,19.311935,11.599152,7200,19.279411,100,100,59.4,20.847057,Very Low,64.8,17.521997,100,1747027800,Very Low,19.609081,21.075258,Very Low,26.74541,56.8,29.735294,100,1747027800,26.058823
2025-05-12T05:40:18Z,0,29.862,70.6,62,64.0,0,0,355,79,0.0,255,32767,0.0,2127-15-31,0.0,0.16,26.24,0.0,0.0,0.0,0,4.828125,6,45,05:49,20:11,2025-05-12 05:40:18.344594,Città della Scienza,75.3,19.14256,12.838775,24.511353,15.449548,EU EEA Common AQI,64.9,19.311935,11.599152,7200,19.279411,100,100,59.4,20.847057,Very Low,64.8,17.521997,100,1747027800,Very Low,19.609081,21.075258,Very Low,26.74541,56.8,29.735294,100,1747027800,26.058823
2025-05-12T05:40:29Z,0,29.862,70.6,62,64.1,0,0,355,79,0.0,255,32767,0.0,2127-15-31,0.0,0.16,26.24,0.0,0.0,0.0,0,4.828125,6,45,05:49,20:11,2025-05-12 05:40:29.437596,Città della Scienza,75.3,19.14256,12.838775,24.511353,15.449548,EU EEA Common AQI,64.9,19.311935,11.599152,7200,19.279411,100,100,59.4,20.847057,Very Low,64.8,17.521997,100,1747027800,Very Low,19.609081,21.075258,Very Low,26.74541,56.8,29.735294,100,1747027800,26.058823
2025-05-12T05:40:40Z,0,29.862,70.6,61,64.1,2,0,355,79,0.0,255,32767,0.0,2127-15-31,0.0,0.16,26.24,0.0,0.0,0.0,0,4.828125,6,45,05:49,20:11,2025-05-12 05:40:40.525585,Città della Scienza,75.3,19.14256,12.838775,24.511353,15.449548,EU EEA Common AQI,64.9,19.311935,11.599152,7200,19.279411,100,100,59.4,20.847057,Very Low,64.8,17.521997,100,1747027800,Very Low,19.609081,21.075258,Very Low,26.74541,56.8,29.735294,100,1747027800,26.058823
2025-05-12T05:40:51Z,0,29.862,70.6,61,64.1,0,0,355,79,0.0,255,32767,0.0,2127-15-31,0.0,0.16,26.24,0.0,0.0,0.0,0,4.828125,6,45,05:49,20:11,2025-05-12 05:40:51.601594,Città della Scienza,75.3,19.14256,12.838775,24.511353,15.449548,EU EEA Common AQI,64.9,19.311935,11.599152,7200,19.279411,100,100,59.4,20.847057,Very Low,64.8,17.521997,100,1747027800,Very Low,19.609081,21.075258,Very Low,26.74541,56.8,29.735294,100,1747027800,26.058823
2025-05-12T05:41:02Z,0,29.862,70.6,61,64.1,0,0,355,79,0.0,255,32767,0.0,2127-15-31,0.0,0.16,26.24,0.0,0.0,0.0,0,4.828125,6,45,05:49,20:11,2025-05-12 05:41:02.677590,Città della Scienza,75.3,19.14256,12.838775,24.511353,15.449548,EU EEA Common AQI,64.9,19.311935,11.599152,7200,19.279411,100,100,59.4,20.847057,Very Low,64.8,17.521997,100,1747027800,Very Low,19.609081,21.075258,Very Low,26.74541,56.8,29.735294,100,1747027800,26.058823
2025-05-12T05:41:13Z,0,29.862,70.6,61,64.2,0,0,355,79,0.0,255,32767,0.0,2127-15-31,0.0,0.16,26.24,0.0,0.0,0.0,0,4.828125,6,45,05:49,20:11,2025-05-12 05:41:13.743595,Città della Scienza,75.3,19.14256,12.838775,24.511353,15.449548,EU EEA Common AQI,64.9,19.311935,11.599152,7200,19.279411,100,100,59.4,20.847057,Very Low,64.8,17.521997,100,1747027800,Very Low,19.609081,21.075258,Very Low,26.74541,56.8,29.735294,100,1747027800,26.058823
2025-05-12T05:41:25Z,0,29.862,70.6,61,64.2,0,0,355,79,0.0,255,32767,0.0,2127-15-31,0.0,0.16,26.24,0.0,0.0,0.0,0,4.828125,6,45,05:49,20:11,2025-05-12 05:41:24.819604,Città della Scienza,75.3,19.14256,12.838775,24.511353,15.449548,EU EEA Common AQI,64.9,19.311935,11.599152,7200,19.279411,100,100,59.4,20.847057,Very Low,64.8,17.521997,100,1747027800,Very Low,19.609081,21.075258,Very Low,26.74541,56.8,29.735294,100,1747027800,26.058823
2025-05-12T05:41:36Z,0,29.862,70.7,61,64.2,0,0,355,79,0.0,255,32767,0.0,2127-15-31,0.0,0.16,26.24,0.0,0.0,0.0,0,4.828125,6,45,05:49,20:11,2025-05-12 05:41:35.875601,Città della Scienza,75.3,19.14256,12.838775,24.511353,15.449548,EU EEA Common AQI,64.9,19.311935,11.599152,7200,19.279411,100,100,59.4,20.847057,Very Low,64.8,17.521997,100,1747027800,Very Low,19.609081,21.075258,Very Low,26.74541,56.8,29.735294,100,1747027800,26.058823
2025-05-12T05:41:47Z,0,29.862,70.7,61,64.2,0,0,355,79,0.0,255,32767,0.0,2127-15-31,0.0,0.16,26.24,0.0,0.0,0.0,0,4.828125,6,45,05:49,20:11,2025-05-12 05:41:46.950613,Città della Scienza,75.3,19.14256,12.838775,24.511353,15.449548,EU EEA Common AQI,64.9,19.311935,11.599152,7200,19.279411,100,100,59.4,20.847057,Very Low,64.8,17.521997,100,1747027800,Very Low,19.609081,21.075258,Very Low,26.74541,56.8,29.735294,100,1747027800,26.058823
2025-05-12T05:41:58Z,0,29.862,70.7,61,64.3,0,0,355,79,0.0,255,32767,0.0,2127-15-31,0.0,0.16,26.24,0.0,0.0,0.0,0,4.828125,6,45,05:49,20:11,2025-05-12 05:41:58.025588,Città della Scienza,75.3,19.14256,12.838775,24.511353,15.449548,EU EEA Common AQI,64.9,19.311935,11.599152,7200,19.279411,100,100,59.4,20.847057,Very Low,64.8,17.521997,100,1747027800,Very Low,19.609081,21.075258,Very Low,26.74541,56.8,29.735294,100,1747027800,26.058823
2025-05-12T05:42:09Z,0,29.862,70.7,61,64.3,0,0,355,79,0.0,255,32767,0.0,2127-15-31,0.0,0.16,26.24,0.0,0.0,0.0,0,4.828125,6,45,05:49,20:11,2025-05-12 05:42:09.125598,Città della Scienza,75.3,19.14256,12.838775,24.511353,15.449548,EU EEA Common AQI,64.9,19.311935,11.599152,7200,19.279411,100,100,59.4,20.847057,Very Low,64.8,17.521997,100,1747027800,Very Low,19.609081,21.075258,Very Low,26.74541,56.8,29.735294,100,1747027800,26.058823
2025-05-12T05:42:20Z,0,29.862,70.7,61,64.3,0,0,355,79,0.0,255,32767,0.0,2127-15-31,0.0,0.16,26.24,0.0,0.0,0.0,0,4.828125,6,45,05:49,20:11,2025-05-12 05:42:20.219553,Città della Scienza,75.3,19.14256,12.838775,24.511353,15.449548,EU EEA Common AQI,64.9,19.311935,11.599152,7200,19.279411,100,100,59.4,20.847057,Very Low,64.8,17.521997,100,1747027800,Very Low,19.609081,21.075258,Very Low,26.74541,56.8,29.735294,100,1747027800,26.058823
2025-05-12T05:42:31Z,0,29.862,70.7,61,64.3,0,0,355,79,0.0,255,32767,0.0,2127-15-31,0.0,0.16,26.24,0.0,0.0,0.0,0,4.828125,6,45,05:49,20:11,2025-05-12 05:42:31.368609,Città della Scienza,75.3,19.14256,12.838775,24.511353,15.449548,EU EEA Common AQI,64.9,19.311935,11.599152,7200,19.279411,100,100,59.4,20.847057,Very Low,64.8,17.521997,100,1747027800,Very Low,19.609081,21.075258,Very Low,26.74541,56.8,29.735294,100,1747027800,26.058823
2025-05-12T05:42:42Z,0,29.864,70.8,61,64.3,0,0,355,79,0.0,255,32767,0.0,2127-15-31,0.0,0.16,26.24,0.0,0.0,0.0,0,4.828125,6,45,05:49,20:11,2025-05-12 05:42:42.429588,Città della Scienza,75.3,19.14256,12.838775,24.511353,15.449548,EU EEA Common AQI,64.9,19.311935,11.599152,7200,19.279411,100,100,59.4,20.847057,Very Low,64.8,17.521997,100,1747027800,Very Low,19.609081,21.075258,Very Low,26.74541,56.8,29.735294,100,1747027800,26.058823
2025-05-12T05:42:53Z,0,29.864,70.8,61,64.5,0,0,355,79,0.0,255,32767,0.0,2127-15-31,0.0,0.16,26.24,0.0,0.0,0.0,0,4.828125,6,45,05:49,20:11,2025-05-12 05:42:53.494607,Città della Scienza,75.3,19.14256,12.838775,24.511353,15.449548,EU EEA Common AQI,64.9,19.311935,11.599152,7200,19.279411,100,100,59.4,20.847057,Very Low,64.8,17.521997,100,1747027800,Very Low,19.609081,21.075258,Very Low,26.74541,56.8,29.735294,100,1747027800,26.058823
2025-05-12T05:43:04Z,0,29.864,70.8,61,64.5,0,0,355,79,0.0,255,32767,0.0,2127-15-31,0.0,0.16,26.24,0.0,0.0,0.0,0,4.828125,6,45,05:49,20:11,2025-05-12 05:43:04.553589,Città della Scienza,75.3,19.14256,12.838775,24.511353,15.449548,EU EEA Common AQI,64.9,19.311935,11.599152,7200,19.279411,100,100,59.4,20.847057,Very Low,64.8,17.521997,100,1747027800,Very Low,19.609081,21.075258,Very Low,26.74541,56.8,29.735294,100,1747027800,26.058823
2025-05-12T05:43:15Z,0,29.864,70.8,61,64.5,0,0,355,79,0.0,255,32767,0.0,2127-15-31,0.0,0.16,26.24,0.0,0.0,0.0,0,4.828125,6,45,05:49,20:11,2025-05-12 05:43:15.669615,Città della Scienza,75.3,19.14256,12.838775,24.511353,15.449548,EU EEA Common AQI,64.9,19.311935,11.599152,7200,19.279411,100,100,59.4,20.847057,Very Low,64.8,17.521997,100,1747027800,Very Low,19.609081,21.075258,Very Low,26.74541,56.8,29.735294,100,1747027800,26.058823
2025-05-12T05:43:26Z,0,29.864,70.8,61,64.5,1,0,355,79,0.0,255,32767,0.0,2127-15-31,0.0,0.16,26.24,0.0,0.0,0.0,0,4.828125,6,45,05:49,20:11,2025-05-12 05:43:26.775608,Città della Scienza,75.3,19.14256,12.838775,24.511353,15.449548,EU EEA Common AQI,64.9,19.311935,11.599152,7200,19.279411,100,100,59.4,20.847057,Very Low,64.8,17.521997,100,1747027800,Very Low,19.609081,21.075258,Very Low,26.74541,56.8,29.735294,100,1747027800,26.058823
2025-05-12T05:43:38Z,0,29.864,70.8,61,64.5,0,0,355,79,0.0,255,32767,0.0,2127-15-31,0.0,0.16,26.24,0.0,0.0,0.0,0,4.828125,6,45,05:49,20:11,2025-05-12 05:43:37.898588,Città della Scienza,75.3,19.14256,12.838775,24.511353,15.449548,EU EEA Common AQI,64.9,19.311935,11.599152,7200,19.279411,100,100,59.4,20.847057,Very Low,64.8,17.521997,100,1747027800,Very Low,19.609081,21.075258,Very Low,26.74541,56.8,29.735294,100,1747027800,26.058823
2025-05-12T05:43:49Z,0,29.864,70.8,61,64.5,0,0,355,78,0.0,255,32767,0.0,2127-15-31,0.0,0.16,26.24,0.0,0.0,0.0,0,4.828125,6,45,05:49,20:11,2025-05-12 05:43:48.976593,Città della Scienza,75.3,19.14256,12.838775,24.511353,15.449548,EU EEA Common AQI,64.9,19.311935,11.599152,7200,19.279411,100,100,59.4,20.847057,Very Low,64.8,17.521997,100,1747027800,Very Low,19.609081,21.075258,Very Low,26.74541,56.8,29.735294,100,1747027800,26.058823
2025-05-12T05:44:00Z,0,29.864,70.8,61,64.7,0,0,355,78,0.0,255,32767,0.0,2127-15-31,0.0,0.16,26.24,0.0,0.0,0.0,0,4.828125,6,45,05:49,20:11,2025-05-12 05:44:00.059598,Città della Scienza,75.3,19.14256,12.838775,24.511353,15.449548,EU EEA Common AQI,64.9,19.311935,11.599152,7200,19.279411,100,100,59.4,20.847057,Very Low,64.8,17.521997,100,1747027800,Very Low,19.609081,21.075258,Very Low,26.74541,56.8,29.735294,100,1747027800,26.058823
2025-05-12T05:44:11Z,0,29.864,70.8,61,64.7,0,0,355,78,0.0,255,32767,0.0,2127-15-31,0.0,0.16,26.24,0.0,0.0,0.0,0,4.828125,6,45,05:49,20:11,2025-05-12 05:44:11.116592,Città della Scienza,75.3,19.14256,12.838775,24.511353,15.449548,EU EEA Common AQI,64.9,19.311935,11.599152,7200,19.279411,100,100,59.4,20.847057,Very Low,64.8,17.521997,100,1747027800,Very Low,19.609081,21.075258,Very Low,26.74541,56.8,29.735294,100,1747027800,26.058823
2025-05-12T05:44:22Z,0,29.864,70.8,61,64.7,0,0,355,78,0.0,255,32767,0.0,2127-15-31,0.0,0.16,26.24,0.0,0.0,0.0,0,4.828125,6,45,05:49,20:11,2025-05-12 05:44:22.258618,Città della Scienza,75.3,19.14256,12.838775,24.511353,15.449548,EU EEA Common AQI,64.9,19.311935,11.599152,7200,19.279411,100,100,59.4,20.847057,Very Low,64.8,17.521997,100,1747027800,Very Low,19.609081,21.075258,Very Low,26.74541,56.8,29.735294,100,1747027800,26.058823
2025-05-12T05:44:33Z,0,29.862,70.8,61,64.8,0,0,355,78,0.0,255,32767,0.0,2127-15-31,0.0,0.16,26.24,0.0,0.0,0.0,0,4.828125,6,45,05:49,20:11,2025-05-12 05:44:33.360603,Città della Scienza,75.3,19.14256,12.838775,24.511353,15.449548,EU EEA Common AQI,64.9,19.311935,11.599152,7200,19.279411,100,100,59.4,20.847057,Very Low,64.8,17.521997,100,1747027800,Very Low,19.609081,21.075258,Very Low,26.74541,56.8,29.735294,100,1747027800,26.058823
2025-05-12T05:44:44Z,0,29.862,70.8,61,64.9,0,0,355,78,0.0,255,32767,0.0,2127-15-31,0.0,0.16,26.24,0.0,0.0,0.0,0,4.828125,6,45,05:49,20:11,2025-05-12 05:44:44.395609,Città della Scienza,75.3,19.14256,12.838775,24.511353,15.449548,EU EEA Common AQI,64.9,19.311935,11.599152,7200,19.279411,100,100,59.4,20.847057,Very Low,64.8,17.521997,100,1747027800,Very Low,19.609081,21.075258,Very Low,26.74541,56.8,29.735294,100,1747027800,26.058823
2025-05-12T05:44:55Z,0,29.862,70.8,61,64.9,0,0,355,78,0.0,255,32767,0.0,2127-15-31,0.0,0.16,26.24,0.0,0.0,0.0,0,4.828125,6,45,05:49,20:11,2025-05-12 05:44:55.467602,Città della Scienza,75.3,19.14256,12.838775,24.511353,15.449548,EU EEA Common AQI,64.9,19.311935,11.599152,7200,19.279411,100,100,59.4,20.847057,Very Low,64.8,17.521997,100,1747027800,Very Low,19.609081,21.075258,Very Low,26.74541,56.8,29.735294,100,1747027800,26.058823
2025-05-12T05:45:06Z,0,29.862,70.8,61,64.9,0,0,355,78,0.0,255,32767,0.0,2127-15-31,0.0,0.16,26.24,0.0,0.0,0.0,0,4.828125,6,45,05:49,20:11,2025-05-12 05:45:06.555593,Città della Scienza,75.3,19.14256,12.838775,24.511353,15.449548,EU EEA Common AQI,64.9,19.311935,11.599152,7200,19.279411,100,100,59.4,20.847057,Very Low,64.8,17.521997,100,1747027800,Very Low,19.609081,21.075258,Very Low,26.74541,56.8,29.735294,100,1747027800,26.058823
2025-05-12T05:45:17Z,0,29.862,70.8,61,64.9,0,0,355,78,0.0,255,32767,0.0,2127-15-31,0.0,0.16,26.24,0.0,0.0,0.0,0,4.828125,6,45,05:49,20:11,2025-05-12 05:45:17.645594,Città della Scienza,75.3,19.14256,12.838775,24.511353,15.449548,EU EEA Common AQI,64.9,19.311935,11.599152,7200,19.279411,100,100,59.4,20.847057,Very Low,64.8,17.521997,100,1747027800,Very Low,19.609081,21.075258,Very Low,26.74541,56.8,29.735294,100,1747027800,26.058823
2025-05-12T05:45:28Z,0,29.862,70.8,61,65.0,0,0,355,78,0.0,255,32767,0.0,2127-15-31,0.0,0.16,26.24,0.0,0.0,0.0,0,4.828125,6,45,05:49,20:11,2025-05-12 05:45:28.745594,Città della Scienza,72.0,20.180485,12.779512,23.580599,15.7994795,EU EEA Common AQI,65.7,19.74935,11.548603,7200,16.185715,100,100,59.4,15.28,Very Low,65.7,18.520445,100,1747028700,Very Low,18.86448,21.484104,Very Low,25.541748,56.4,20.614286,100,1747028700,19.1
2025-05-12T05:45:40Z,0,29.862,70.9,61,65.0,0,0,355,78,0.0,255,32767,0.0,2127-15-31,0.0,0.16,26.24,0.0,0.0,0.0,0,4.828125,6,45,05:49,20:11,2025-05-12 05:45:39.843599,Città della Scienza,72.0,20.180485,12.779512,23.580599,15.7994795,EU EEA Common AQI,65.7,19.74935,11.548603,7200,16.185715,100,100,59.4,15.28,Very Low,65.7,18.520445,100,1747028700,Very Low,18.86448,21.484104,Very Low,25.541748,56.4,20.614286,100,1747028700,19.1
2025-05-12T05:45:51Z,0,29.862,70.9,61,65.0,0,0,355,78,0.0,255,32767,0.0,2127-15-31,0.0,0.16,26.24,0.0,0.0,0.0,0,4.828125,6,45,05:49,20:11,2025-05-12 05:45:50.941584,Città della Scienza,72.0,20.180485,12.779512,23.580599,15.7994795,EU EEA Common AQI,65.7,19.74935,11.548603,7200,16.185715,100,100,59.4,15.28,Very Low,65.7,18.520445,100,1747028700,Very Low,18.86448,21.484104,Very Low,25.541748,56.4,20.614286,100,1747028700,19.1
2025-05-12T05:46:02Z,0,29.862,70.9,61,65.0,0,0,355,78,0.0,255,32767,0.0,2127-15-31,0.0,0.16,26.24,0.0,0.0,0.0,0,4.828125,6,45,05:49,20:11,2025-05-12 05:46:01.996587,Città della Scienza,72.0,20.180485,12.779512,23.580599,15.7994795,EU EEA Common AQI,65.7,19.74935,11.548603,7200,16.185715,100,100,59.4,15.28,Very Low,65.7,18.520445,100,1747028700,Very Low,18.86448,21.484104,Very Low,25.541748,56.4,20.614286,100,1747028700,19.1
2025-05-12T05:46:13Z,0,29.862,70.9,61,65.0,0,0,355,78,0.0,255,32767,0.0,2127-15-31,0.0,0.16,26.24,0.0,0.0,0.0,0,4.828125,6,45,05:49,20:11,2025-05-12 05:46:13.084590,Città della Scienza,72.0,20.180485,12.779512,23.580599,15.7994795,EU EEA Common AQI,65.7,19.74935,11.548603,7200,16.185715,100,100,59.4,15.28,Very Low,65.7,18.520445,100,1747028700,Very Low,18.86448,21.484104,Very Low,25.541748,56.4,20.614286,100,1747028700,19.1
2025-05-12T05:46:24Z,0,29.862,70.9,61,65.2,0,0,355,78,0.0,255,32767,0.0,2127-15-31,0.0,0.16,26.24,0.0,0.0,0.0,0,4.828125,6,45,05:49,20:11,2025-05-12 05:46:24.161603,Città della Scienza,72.0,20.180485,12.779512,23.580599,15.7994795,EU EEA Common AQI,65.7,19.74935,11.548603,7200,16.185715,100,100,59.4,15.28,Very Low,65.7,18.520445,100,1747028700,Very Low,18.86448,21.484104,Very Low,25.541748,56.4,20.614286,100,1747028700,19.1
2025-05-12T05:46:35Z,0,29.863,70.9,61,65.2,0,0,355,78,0.0,255,32767,0.0,2127-15-31,0.0,0.16,26.24,0.0,0.0,0.0,0,4.828125,6,45,05:49,20:11,2025-05-12 05:46:35.245594,Città della Scienza,72.0,20.180485,12.779512,23.580599,15.7994795,EU EEA Common AQI,65.7,19.74935,11.548603,7200,16.185715,100,100,59.4,15.28,Very Low,65.7,18.520445,100,1747028700,Very Low,18.86448,21.484104,Very Low,25.541748,56.4,20.614286,100,1747028700,19.1
2025-05-12T05:46:46Z,0,29.863,70.9,61,65.3,0,0,355,78,0.0,255,32767,0.0,2127-15-31,0.0,0.16,26.24,0.0,0.0,0.0,0,4.828125,6,45,05:49,20:11,2025-05-12 05:46:46.317591,Città della Scienza,72.0,20.180485,12.779512,23.580599,15.7994795,EU EEA Common AQI,65.7,19.74935,11.548603,7200,16.185715,100,100,59.4,15.28,Very Low,65.7,18.520445,100,1747028700,Very Low,18.86448,21.484104,Very Low,25.541748,56.4,20.614286,100,1747028700,19.1
2025-05-12T05:46:57Z,0,29.863,70.9,61,65.3,0,0,355,78,0.0,255,32767,0.0,2127-15-31,0.0,0.16,26.24,0.0,0.0,0.0,0,4.828125,6,45,05:49,20:11,2025-05-12 05:46:57.402605,Città della Scienza,72.0,20.180485,12.779512,23.580599,15.7994795,EU EEA Common AQI,65.7,19.74935,11.548603,7200,16.185715,100,100,59.4,15.28,Very Low,65.7,18.520445,100,1747028700,Very Low,18.86448,21.484104,Very Low,25.541748,56.4,20.614286,100,1747028700,19.1
2025-05-12T05:47:08Z,0,29.863,70.9,61,65.4,0,0,355,78,0.0,255,32767,0.0,2127-15-31,0.0,0.16,26.24,0.0,0.0,0.0,0,4.828125,6,45,05:49,20:11,2025-05-12 05:47:08.477584,Città della Scienza,72.0,20.180485,12.779512,23.580599,15.7994795,EU EEA Common AQI,65.7,19.74935,11.548603,7200,16.185715,100,100,59.4,15.28,Very Low,65.7,18.520445,100,1747028700,Very Low,18.86448,21.484104,Very Low,25.541748,56.4,20.614286,100,1747028700,19.1
2025-05-12T05:47:19Z,0,29.863,70.9,61,65.3,0,0,355,77,0.0,255,32767,0.0,2127-15-31,0.0,0.16,26.24,0.0,0.0,0.0,0,4.828125,6,45,05:49,20:11,2025-05-12 05:47:19.778587,Città della Scienza,72.0,20.180485,12.779512,23.580599,15.7994795,EU EEA Common AQI,65.7,19.74935,11.548603,7200,16.185715,100,100,59.4,15.28,Very Low,65.7,18.520445,100,1747028700,Very Low,18.86448,21.484104,Very Low,25.541748,56.4,20.614286,100,1747028700,19.1
2025-05-12T05:47:31Z,0,29.863,70.9,61,65.4,0,0,355,77,0.0,255,32767,0.0,2127-15-31,0.0,0.16,26.24,0.0,0.0,0.0,0,4.828125,6,45,05:49,20:11,2025-05-12 05:47:30.912605,Città della Scienza,72.0,20.180485,12.779512,23.580599,15.7994795,EU EEA Common AQI,65.7,19.74935,11.548603,7200,16.185715,100,100,59.4,15.28,Very Low,65.7,18.520445,100,1747028700,Very Low,18.86448,21.484104,Very Low,25.541748,56.4,20.614286,100,1747028700,19.1
2025-05-12T05:47:42Z,0,29.862,70.9,61,65.4,0,0,355,77,0.0,255,32767,0.0,2127-15-31,0.0,0.16,26.24,0.0,0.0,0.0,0,4.828125,6,45,05:49,20:11,2025-05-12 05:47:41.961590,Città della Scienza,72.0,20.180485,12.779512,23.580599,15.7994795,EU EEA Common AQI,65.7,19.74935,11.548603,7200,16.185715,100,100,59.4,15.28,Very Low,65.7,18.520445,100,1747028700,Very Low,18.86448,21.484104,Very Low,25.541748,56.4,20.614286,100,1747028700,19.1
2025-05-12T05:47:53Z,0,29.862,70.9,61,65.5,0,0,355,77,0.0,255,32767,0.0,2127-15-31,0.0,0.16,26.24,0.0,0.0,0.0,0,4.828125,6,45,05:49,20:11,2025-05-12 05:47:53.040600,Città della Scienza,72.0,20.180485,12.779512,23.580599,15.7994795,EU EEA Common AQI,65.7,19.74935,11.548603,7200,16.185715,100,100,59.4,15.28,Very Low,65.7,18.520445,100,1747028700,Very Low,18.86448,21.484104,Very Low,25.541748,56.4,20.614286,100,1747028700,19.1
2025-05-12T05:48:04Z,0,29.862,70.9,61,65.5,0,0,355,77,0.0,255,32767,0.0,2127-15-31,0.0,0.16,26.24,0.0,0.0,0.0,0,4.828125,6,45,05:49,20:11,2025-05-12 05:48:04.159590,Città della Scienza,72.0,20.180485,12.779512,23.580599,15.7994795,EU EEA Common AQI,65.7,19.74935,11.548603,7200,16.185715,100,100,59.4,15.28,Very Low,65.7,18.520445,100,1747028700,Very Low,18.86448,21.484104,Very Low,25.541748,56.4,20.614286,100,1747028700,19.1
2025-05-12T05:48:15Z,0,29.862,70.9,61,65.5,0,0,355,77,0.0,255,32767,0.0,2127-15-31,0.0,0.16,26.24,0.0,0.0,0.0,0,4.828125,6,45,05:49,20:11,2025-05-12 05:48:15.237602,Città della Scienza,72.0,20.180485,12.779512,23.580599,15.7994795,EU EEA Common AQI,65.7,19.74935,11.548603,7200,16.185715,100,100,59.4,15.28,Very Low,65.7,18.520445,100,1747028700,Very Low,18.86448,21.484104,Very Low,25.541748,56.4,20.614286,100,1747028700,19.1
2025-05-12T05:48:26Z,0,29.862,70.9,61,65.5,0,0,355,77,0.0,255,32767,0.0,2127-15-31,0.0,0.16,26.24,0.0,0.0,0.0,0,4.828125,6,45,05:49,20:11,2025-05-12 05:48:26.336596,Città della Scienza,72.0,20.180485,12.779512,23.580599,15.7994795,EU EEA Common AQI,65.7,19.74935,11.548603,7200,16.185715,100,100,59.4,15.28,Very Low,65.7,18.520445,100,1747028700,Very Low,18.86448,21.484104,Very Low,25.541748,56.4,20.614286,100,1747028700,19.1
2025-05-12T05:48:37Z,0,29.862,71.0,61,65.5,0,0,355,77,0.0,255,32767,0.0,2127-15-31,0.0,0.16,26.24,0.0,0.0,0.0,0,4.828125,6,45,05:49,20:11,2025-05-12 05:48:37.380504,Città della Scienza,72.0,20.180485,12.779512,23.580599,15.7994795,EU EEA Common AQI,65.7,19.74935,11.548603,7200,16.185715,100,100,59.4,15.28,Very Low,65.7,18.520445,100,1747028700,Very Low,18.86448,21.484104,Very Low,25.541748,56.4,20.614286,100,1747028700,19.1
2025-05-12T05:48:48Z,0,29.862,71.0,61,65.5,0,0,355,77,0.0,255,32767,0.0,2127-15-31,0.0,0.16,26.24,0.0,0.0,0.0,0,4.828125,6,45,05:49,20:11,2025-05-12 05:48:48.450591,Città della Scienza,72.0,20.180485,12.779512,23.580599,15.7994795,EU EEA Common AQI,65.7,19.74935,11.548603,7200,16.185715,100,100,59.4,15.28,Very Low,65.7,18.520445,100,1747028700,Very Low,18.86448,21.484104,Very Low,25.541748,56.4,20.614286,100,1747028700,19.1
2025-05-12T05:48:59Z,0,29.862,71.0,61,65.5,0,0,355,77,0.0,255,32767,0.0,2127-15-31,0.0,0.16,26.24,0.0,0.0,0.0,0,4.828125,6,45,05:49,20:11,2025-05-12 05:48:59.541594,Città della Scienza,72.0,20.180485,12.779512,23.580599,15.7994795,EU EEA Common AQI,65.7,19.74935,11.548603,7200,16.185715,100,100,59.4,15.28,Very Low,65.7,18.520445,100,1747028700,Very Low,18.86448,21.484104,Very Low,25.541748,56.4,20.614286,100,1747028700,19.1
2025-05-12T05:49:10Z,0,29.862,71.0,61,65.5,0,0,355,77,0.0,255,32767,0.0,2127-15-31,0.0,0.16,26.24,0.0,0.0,0.0,0,4.828125,6,45,05:49,20:11,2025-05-12 05:49:10.668596,Città della Scienza,72.0,20.180485,12.779512,23.580599,15.7994795,EU EEA Common AQI,65.7,19.74935,11.548603,7200,16.185715,100,100,59.4,15.28,Very Low,65.7,18.520445,100,1747028700,Very Low,18.86448,21.484104,Very Low,25.541748,56.4,20.614286,100,1747028700,19.1
2025-05-12T05:49:21Z,0,29.862,71.0,61,65.5,0,0,355,77,0.0,255,32767,0.0,2127-15-31,0.0,0.16,26.24,0.0,0.0,0.0,0,4.828125,6,45,05:49,20:11,2025-05-12 05:49:21.751601,Città della Scienza,72.0,20.180485,12.779512,23.580599,15.7994795,EU EEA Common AQI,65.7,19.74935,11.548603,7200,16.185715,100,100,59.4,15.28,Very Low,65.7,18.520445,100,1747028700,Very Low,18.86448,21.484104,Very Low,25.541748,56.4,20.614286,100,1747028700,19.1
2025-05-12T05:49:33Z,0,29.863,71.0,61,65.6,0,0,355,77,0.0,255,32767,0.0,2127-15-31,0.0,0.16,26.24,0.0,0.0,0.0,0,4.828125,6,45,05:49,20:11,2025-05-12 05:49:32.801590,Città della Scienza,72.0,20.180485,12.779512,23.580599,15.7994795,EU EEA Common AQI,65.7,19.74935,11.548603,7200,16.185715,100,100,59.4,15.28,Very Low,65.7,18.520445,100,1747028700,Very Low,18.86448,21.484104,Very Low,25.541748,56.4,20.614286,100,1747028700,19.1
2025-05-12T05:49:44Z,0,29.863,71.0,61,65.6,0,0,355,77,0.0,255,32767,0.0,2127-15-31,0.0,0.16,26.24,0.0,0.0,0.0,0,4.828125,6,45,05:49,20:11,2025-05-12 05:49:43.929596,Città della Scienza,72.0,20.180485,12.779512,23.580599,15.7994795,EU EEA Common AQI,65.7,19.74935,11.548603,7200,16.185715,100,100,59.4,15.28,Very Low,65.7,18.520445,100,1747028700,Very Low,18.86448,21.484104,Very Low,25.541748,56.4,20.614286,100,1747028700,19.1
2025-05-12T05:49:55Z,0,29.863,71.0,61,65.6,0,0,355,76,0.0,255,32767,0.0,2127-15-31,0.0,0.16,26.24,0.0,0.0,0.0,0,4.828125,6,45,05:49,20:11,2025-05-12 05:49:55.061589,Città della Scienza,72.0,20.180485,12.779512,23.580599,15.7994795,EU EEA Common AQI,65.7,19.74935,11.548603,7200,16.185715,100,100,59.4,15.28,Very Low,65.7,18.520445,100,1747028700,Very Low,18.86448,21.484104,Very Low,25.541748,56.4,20.614286,100,1747028700,19.1
2025-05-12T05:50:06Z,0,29.863,71.0,61,65.6,0,0,355,76,0.0,255,32767,0.0,2127-15-31,0.0,0.16,26.24,0.0,0.0,0.0,0,4.828125,6,45,05:49,20:11,2025-05-12 05:50:06.143601,Città della Scienza,72.0,20.180485,12.779512,23.580599,15.7994795,EU EEA Common AQI,65.7,19.74935,11.548603,7200,16.185715,100,100,59.4,15.28,Very Low,65.7,18.520445,100,1747028700,Very Low,18.86448,21.484104,Very Low,25.541748,56.4,20.614286,100,1747028700,19.1
2025-05-12T05:50:17Z,0,29.863,71.0,61,65.6,0,0,355,76,0.0,255,32767,0.0,2127-15-31,0.0,0.16,26.24,0.0,0.0,0.0,0,4.828125,6,45,05:49,20:11,2025-05-12 05:50:17.234591,Città della Scienza,72.0,20.180485,12.779512,23.580599,15.7994795,EU EEA Common AQI,65.7,19.74935,11.548603,7200,16.185715,100,100,59.4,15.28,Very Low,65.7,18.520445,100,1747028700,Very Low,18.86448,21.484104,Very Low,25.541748,56.4,20.614286,100,1747028700,19.1
2025-05-12T05:50:28Z,0,29.863,71.0,61,65.6,0,0,355,76,0.0,255,32767,0.0,2127-15-31,0.0,0.16,26.24,0.0,0.0,0.0,0,4.828125,6,45,05:49,20:11,2025-05-12 05:50:28.299595,Città della Scienza,72.0,20.180485,12.779512,23.580599,15.7994795,EU EEA Common AQI,65.7,19.74935,11.548603,7200,16.185715,100,100,59.4,15.28,Very Low,65.7,18.520445,100,1747028700,Very Low,18.86448,21.484104,Very Low,25.541748,56.4,20.614286,100,1747028700,19.1
2025-05-12T05:50:39Z,0,29.862,71.0,61,65.6,0,0,355,76,0.0,255,32767,0.0,2127-15-31,0.0,0.16,26.24,0.0,0.0,0.0,0,4.828125,6,45,05:49,20:11,2025-05-12 05:50:39.400593,Città della Scienza,72.0,20.180485,12.779512,23.580599,15.7994795,EU EEA Common AQI,65.7,19.74935,11.548603,7200,16.185715,100,100,59.4,15.28,Very Low,65.7,18.520445,100,1747028700,Very Low,18.86448,21.484104,Very Low,25.541748,56.4,20.614286,100,1747028700,19.1
2025-05-12T05:50:50Z,0,29.862,71.0,61,65.6,0,0,355,76,0.0,255,32767,0.0,2127-15-31,0.0,0.16,26.24,0.0,0.0,0.0,0,4.828125,6,45,05:49,20:11,2025-05-12 05:50:50.453592,Città della Scienza,72.0,20.180485,12.779512,23.580599,15.7994795,EU EEA Common AQI,65.7,19.74935,11.548603,7200,16.185715,100,100,59.4,15.28,Very Low,65.7,18.520445,100,1747028700,Very Low,18.86448,21.484104,Very Low,25.541748,56.4,20.614286,100,1747028700,19.1
2025-05-12T05:51:01Z,0,29.862,71.0,61,65.6,0,0,355,76,0.0,255,32767,0.0,2127-15-31,0.0,0.16,26.24,0.0,0.0,0.0,0,4.828125,6,45,05:49,20:11,2025-05-12 05:51:01.598554,Città della Scienza,72.0,20.180485,12.779512,23.580599,15.7994795,EU EEA Common AQI,65.7,19.74935,11.548603,7200,16.185715,100,100,59.4,15.28,Very Low,65.7,18.520445,100,1747028700,Very Low,18.86448,21.484104,Very Low,25.541748,56.4,20.614286,100,1747028700,19.1
2025-05-12T05:51:12Z,0,29.862,71.0,61,65.6,0,0,355,76,0.0,255,32767,0.0,2127-15-31,0.0,0.16,26.24,0.0,0.0,0.0,0,4.828125,6,45,05:49,20:11,2025-05-12 05:51:12.753589,Città della Scienza,72.0,20.180485,12.779512,23.580599,15.7994795,EU EEA Common AQI,65.7,19.74935,11.548603,7200,16.185715,100,100,59.4,15.28,Very Low,65.7,18.520445,100,1747028700,Very Low,18.86448,21.484104,Very Low,25.541748,56.4,20.614286,100,1747028700,19.1
2025-05-12T05:51:24Z,0,29.862,71.0,61,65.6,1,0,355,76,0.0,255,32767,0.0,2127-15-31,0.0,0.16,26.24,0.0,0.0,0.0,0,4.828125,6,45,05:49,20:11,2025-05-12 05:51:23.853592,Città della Scienza,72.0,20.180485,12.779512,23.580599,15.7994795,EU EEA Common AQI,65.7,19.74935,11.548603,7200,16.185715,100,100,59.4,15.28,Very Low,65.7,18.520445,100,1747028700,Very Low,18.86448,21.484104,Very Low,25.541748,56.4,20.614286,100,1747028700,19.1
2025-05-12T05:51:35Z,0,29.864,71.1,61,65.6,0,0,355,76,0.0,255,32767,0.0,2127-15-31,0.0,0.16,26.24,0.0,0.0,0.0,0,4.828125,6,45,05:49,20:11,2025-05-12 05:51:34.980595,Città della Scienza,72.0,20.180485,12.779512,23.580599,15.7994795,EU EEA Common AQI,65.7,19.74935,11.548603,7200,16.185715,100,100,59.4,15.28,Very Low,65.7,18.520445,100,1747028700,Very Low,18.86448,21.484104,Very Low,25.541748,56.4,20.614286,100,1747028700,19.1
2025-05-12T05:51:46Z,0,29.864,71.1,61,65.6,0,0,355,76,0.0,255,32767,0.0,2127-15-31,0.0,0.16,26.24,0.0,0.0,0.0,0,4.828125,6,45,05:49,20:11,2025-05-12 05:51:46.021589,Città della Scienza,72.0,20.180485,12.779512,23.580599,15.7994795,EU EEA Common AQI,65.7,19.74935,11.548603,7200,16.185715,100,100,59.4,15.28,Very Low,65.7,18.520445,100,1747028700,Very Low,18.86448,21.484104,Very Low,25.541748,56.4,20.614286,100,1747028700,19.1
2025-05-12T05:51:57Z,0,29.864,71.1,61,65.6,0,0,355,76,0.0,255,32767,0.0,2127-15-31,0.0,0.16,26.24,0.0,0.0,0.0,0,4.828125,6,45,05:49,20:11,2025-05-12 05:51:57.113592,Città della Scienza,72.0,20.180485,12.779512,23.580599,15.7994795,EU EEA Common AQI,65.7,19.74935,11.548603,7200,16.185715,100,100,59.4,15.28,Very Low,65.7,18.520445,100,1747028700,Very Low,18.86448,21.484104,Very Low,25.541748,56.4,20.614286,100,1747028700,19.1
2025-05-12T05:52:08Z,0,29.864,71.1,61,65.7,0,0,355,76,0.0,255,32767,0.0,2127-15-31,0.0,0.16,26.24,0.0,0.0,0.0,0,4.828125,6,45,05:49,20:11,2025-05-12 05:52:08.206589,Città della Scienza,72.0,20.180485,12.779512,23.580599,15.7994795,EU EEA Common AQI,65.7,19.74935,11.548603,7200,16.185715,100,100,59.4,15.28,Very Low,65.7,18.520445,100,1747028700,Very Low,18.86448,21.484104,Very Low,25.541748,56.4,20.614286,100,1747028700,19.1
2025-05-12T05:52:19Z,0,29.864,71.1,61,65.6,0,0,355,76,0.0,255,32767,0.0,2127-15-31,0.0,0.16,26.24,0.0,0.0,0.0,0,4.828125,6,45,05:49,20:11,2025-05-12 05:52:19.284592,Città della Scienza,72.0,20.180485,12.779512,23.580599,15.7994795,EU EEA Common AQI,65.7,19.74935,11.548603,7200,16.185715,100,100,59.4,15.28,Very Low,65.7,18.520445,100,1747028700,Very Low,18.86448,21.484104,Very Low,25.541748,56.4,20.614286,100,1747028700,19.1
2025-05-12T05:52:30Z,0,29.864,71.1,61,65.6,0,0,355,76,0.0,255,32767,0.0,2127-15-31,0.0,0.16,26.24,0.0,0.0,0.0,0,4.828125,6,45,05:49,20:11,2025-05-12 05:52:30.390596,Città della Scienza,72.0,20.180485,12.779512,23.580599,15.7994795,EU EEA Common AQI,65.7,19.74935,11.548603,7200,16.185715,100,100,59.4,15.28,Very Low,65.7,18.520445,100,1747028700,Very Low,18.86448,21.484104,Very Low,25.541748,56.4,20.614286,100,1747028700,19.1
2025-05-12T05:52:41Z,0,29.863,71.1,61,65.6,0,0,355,76,0.0,255,32767,0.0,2127-15-31,0.0,0.16,26.24,0.0,0.0,0.0,0,4.828125,6,45,05:49,20:11,2025-05-12 05:52:41.474599,Città della Scienza,72.0,20.180485,12.779512,23.580599,15.7994795,EU EEA Common AQI,65.7,19.74935,11.548603,7200,16.185715,100,100,59.4,15.28,Very Low,65.7,18.520445,100,1747028700,Very Low,18.86448,21.484104,Very Low,25.541748,56.4,20.614286,100,1747028700,19.1
2025-05-12T05:52:52Z,0,29.863,71.1,61,65.6,0,0,355,76,0.0,255,32767,0.0,2127-15-31,0.0,0.16,26.24,0.0,0.0,0.0,0,4.828125,6,45,05:49,20:11,2025-05-12 05:52:52.594618,Città della Scienza,72.0,20.180485,12.779512,23.580599,15.7994795,EU EEA Common AQI,65.7,19.74935,11.548603,7200,16.185715,100,100,59.4,15.28,Very Low,65.7,18.520445,100,1747028700,Very Low,18.86448,21.484104,Very Low,25.541748,56.4,20.614286,100,1747028700,19.1
2025-05-12T05:53:03Z,0,29.863,71.1,61,65.7,0,0,355,76,0.0,255,32767,0.0,2127-15-31,0.0,0.16,26.24,0.0,0.0,0.0,0,4.828125,6,45,05:49,20:11,2025-05-12 05:53:03.703593,Città della Scienza,72.0,20.180485,12.779512,23.580599,15.7994795,EU EEA Common AQI,65.7,19.74935,11.548603,7200,16.185715,100,100,59.4,15.28,Very Low,65.7,18.520445,100,1747028700,Very Low,18.86448,21.484104,Very Low,25.541748,56.4,20.614286,100,1747028700,19.1
2025-05-12T05:53:14Z,0,29.863,71.1,61,65.7,0,0,355,76,0.0,255,32767,0.0,2127-15-31,0.0,0.16,26.24,0.0,0.0,0.0,0,4.828125,6,45,05:49,20:11,2025-05-12 05:53:14.781590,Città della Scienza,72.0,20.180485,12.779512,23.580599,15.7994795,EU EEA Common AQI,65.7,19.74935,11.548603,7200,16.185715,100,100,59.4,15.28,Very Low,65.7,18.520445,100,1747028700,Very Low,18.86448,21.484104,Very Low,25.541748,56.4,20.614286,100,1747028700,19.1
2025-05-12T05:53:26Z,0,29.863,71.1,61,65.7,0,0,355,76,0.0,255,32767,0.0,2127-15-31,0.0,0.16,26.24,0.0,0.0,0.0,0,4.828125,6,45,05:49,20:11,2025-05-12 05:53:25.840587,Città della Scienza,72.0,20.180485,12.779512,23.580599,15.7994795,EU EEA Common AQI,65.7,19.74935,11.548603,7200,16.185715,100,100,59.4,15.28,Very Low,65.7,18.520445,100,1747028700,Very Low,18.86448,21.484104,Very Low,25.541748,56.4,20.614286,100,1747028700,19.1
2025-05-12T05:53:37Z,0,29.864,71.1,61,65.7,0,0,355,76,0.0,255,32767,0.0,2127-15-31,0.0,0.16,26.24,0.0,0.0,0.0,0,4.828125,6,45,05:49,20:11,2025-05-12 05:53:36.928586,Città della Scienza,72.0,20.180485,12.779512,23.580599,15.7994795,EU EEA Common AQI,65.7,19.74935,11.548603,7200,16.185715,100,100,59.4,15.28,Very Low,65.7,18.520445,100,1747028700,Very Low,18.86448,21.484104,Very Low,25.541748,56.4,20.614286,100,1747028700,19.1
2025-05-12T05:53:48Z,0,29.864,71.1,61,65.6,0,0,355,76,0.0,255,32767,0.0,2127-15-31,0.0,0.16,26.24,0.0,0.0,0.0,0,4.828125,6,45,05:49,20:11,2025-05-12 05:53:48.020596,Città della Scienza,72.0,20.180485,12.779512,23.580599,15.7994795,EU EEA Common AQI,65.7,19.74935,11.548603,7200,16.185715,100,100,59.4,15.28,Very Low,65.7,18.520445,100,1747028700,Very Low,18.86448,21.484104,Very Low,25.541748,56.4,20.614286,100,1747028700,19.1
2025-05-12T05:53:59Z,0,29.864,71.1,61,65.6,0,0,355,76,0.0,255,32767,0.0,2127-15-31,0.0,0.16,26.24,0.0,0.0,0.0,0,4.828125,6,45,05:49,20:11,2025-05-12 05:53:59.106591,Città della Scienza,72.0,20.180485,12.779512,23.580599,15.7994795,EU EEA Common AQI,65.7,19.74935,11.548603,7200,16.185715,100,100,59.4,15.28,Very Low,65.7,18.520445,100,1747028700,Very Low,18.86448,21.484104,Very Low,25.541748,56.4,20.614286,100,1747028700,19.1
2025-05-12T05:54:10Z,0,29.864,71.1,61,65.6,2,0,355,76,0.0,255,32767,0.0,2127-15-31,0.0,0.16,26.24,0.0,0.0,0.0,0,4.828125,6,45,05:49,20:11,2025-05-12 05:54:10.173583,Città della Scienza,72.0,20.180485,12.779512,23.580599,15.7994795,EU EEA Common AQI,65.7,19.74935,11.548603,7200,16.185715,100,100,59.4,15.28,Very Low,65.7,18.520445,100,1747028700,Very Low,18.86448,21.484104,Very Low,25.541748,56.4,20.614286,100,1747028700,19.1
2025-05-12T05:54:21Z,0,29.864,71.1,61,65.6,0,0,355,76,0.0,255,32767,0.0,2127-15-31,0.0,0.16,26.24,0.0,0.0,0.0,0,4.828125,6,45,05:49,20:11,2025-05-12 05:54:21.235591,Città della Scienza,72.0,20.180485,12.779512,23.580599,15.7994795,EU EEA Common AQI,65.7,19.74935,11.548603,7200,16.185715,100,100,59.4,15.28,Very Low,65.7,18.520445,100,1747028700,Very Low,18.86448,21.484104,Very Low,25.541748,56.4,20.614286,100,1747028700,19.1
2025-05-12T05:54:32Z,0,29.862,71.1,61,65.6,0,0,355,76,0.0,255,32767,0.0,2127-15-31,0.0,0.16,26.24,0.0,0.0,0.0,0,4.828125,6,45,05:49,20:11,2025-05-12 05:54:32.544597,Città della Scienza
2025-05-12T05:54:43Z,0,29.862,71.1,61,65.6,0,0,355,76,0.0,255,32767,0.0,2127-15-31,0.0,0.16,26.24,0.0,0.0,0.0,0,4.828125,6,45,05:49,20:11,2025-05-12 05:54:43.603597,Città della Scienza
2025-05-12T05:54:54Z,0,29.862,71.1,61,65.6,0,0,355,76,0.0,255,32767,0.0,2127-15-31,0.0,0.16,26.24,0.0,0.0,0.0,0,4.828125,6,45,05:49,20:11,2025-05-12 05:54:54.662555,Città della Scienza
2025-05-12T05:55:05Z,0,29.862,71.1,61,65.6,0,0,355,76,0.0,255,32767,0.0,2127-15-31,0.0,0.16,26.24,0.0,0.0,0.0,0,4.828125,6,45,05:49,20:11,2025-05-12 05:55:05.720591,Città della Scienza
2025-05-12T05:55:16Z,0,29.862,71.1,61,65.6,0,0,355,75,0.0,255,32767,0.0,2127-15-31,0.0,0.16,26.24,0.0,0.0,0.0,0,4.828125,6,45,05:49,20:11,2025-05-12 05:55:16.764582,Città della Scienza
2025-05-12T05:55:28Z,0,29.862,71.1,61,65.6,0,0,355,75,0.0,255,32767,0.0,2127-15-31,0.0,0.16,26.24,0.0,0.0,0.0,0,4.828125,6,45,05:49,20:11,2025-05-12 05:55:27.838591,Città della Scienza
2025-05-12T05:55:39Z,0,29.864,71.2,61,65.7,0,0,355,75,0.0,255,32767,0.0,2127-15-31,0.0,0.16,26.24,0.0,0.0,0.0,0,4.828125,6,45,05:49,20:11,2025-05-12 05:55:38.891592,Città della Scienza
2025-05-12T05:55:50Z,0,29.864,71.2,61,65.7,0,0,355,75,0.0,255,32767,0.0,2127-15-31,0.0,0.16,26.24,0.0,0.0,0.0,0,4.828125,6,45,05:49,20:11,2025-05-12 05:55:50.019599,Città della Scienza
2025-05-12T05:56:01Z,0,29.864,71.2,61,65.7,0,0,355,75,0.0,255,32767,0.0,2127-15-31,0.0,0.16,26.24,0.0,0.0,0.0,0,4.828125,6,45,05:49,20:11,2025-05-12 05:56:01.094584,Città della Scienza
2025-05-12T05:56:12Z,0,29.864,71.2,61,65.7,0,0,355,75,0.0,255,32767,0.0,2127-15-31,0.0,0.16,26.24,0.0,0.0,0.0,0,4.828125,6,45,05:49,20:11,2025-05-12 05:56:12.204601,Città della Scienza
2025-05-12T05:56:23Z,0,29.864,71.2,61,65.6,0,0,355,75,0.0,255,32767,0.0,2127-15-31,0.0,0.16,26.24,0.0,0.0,0.0,0,4.828125,6,45,05:49,20:11,2025-05-12 05:56:23.248597,Città della Scienza
2025-05-12T05:56:34Z,0,29.864,71.2,61,65.7,2,0,355,75,0.0,255,32767,0.0,2127-15-31,0.0,0.16,26.24,0.0,0.0,0.0,0,4.828125,6,45,05:49,20:11,2025-05-12 05:56:34.277592,Città della Scienza
2025-05-12T05:56:45Z,0,29.864,71.2,61,65.7,0,0,355,75,0.0,255,32767,0.0,2127-15-31,0.0,0.16,26.24,0.0,0.0,0.0,0,4.828125,6,45,05:49,20:11,2025-05-12 05:56:45.354591,Città della Scienza
2025-05-12T05:56:56Z,0,29.864,71.2,61,65.7,0,0,355,75,0.0,255,32767,0.0,2127-15-31,0.0,0.16,26.24,0.0,0.0,0.0,0,4.828125,6,45,05:49,20:11,2025-05-12 05:56:56.382601,Città della Scienza
2025-05-12T05:57:07Z,0,29.864,71.2,61,65.7,0,0,355,75,0.0,255,32767,0.0,2127-15-31,0.0,0.16,26.24,0.0,0.0,0.0,0,4.828125,6,45,05:49,20:11,2025-05-12 05:57:07.437600,Città della Scienza
2025-05-12T05:57:19Z,0,29.864,71.2,61,65.7,0,0,355,75,0.0,255,32767,0.0,2127-15-31,0.0,0.16,26.24,0.0,0.0,0.0,0,4.828125,6,45,05:49,20:11,2025-05-12 05:57:18.800592,Città della Scienza
2025-05-12T05:57:30Z,0,29.864,71.2,61,65.7,0,0,355,75,0.0,255,32767,0.0,2127-15-31,0.0,0.16,26.24,0.0,0.0,0.0,0,4.828125,6,45,05:49,20:11,2025-05-12 05:57:29.810588,Città della Scienza
2025-05-12T05:57:41Z,0,29.865,71.3,61,65.6,0,0,355,75,0.0,255,32767,0.0,2127-15-31,0.0,0.16,26.24,0.0,0.0,0.0,0,4.828125,6,45,05:49,20:11,2025-05-12 05:57:40.907554,Città della Scienza
2025-05-12T05:57:52Z,0,29.865,71.3,61,65.7,0,0,355,74,0.0,255,32767,0.0,2127-15-31,0.0,0.16,26.24,0.0,0.0,0.0,0,4.828125,6,45,05:49,20:11,2025-05-12 05:57:51.981584,Città della Scienza
2025-05-12T05:58:03Z,0,29.865,71.3,61,65.7,0,0,355,74,0.0,255,32767,0.0,2127-15-31,0.0,0.16,26.24,0.0,0.0,0.0,0,4.828125,6,45,05:49,20:11,2025-05-12 05:58:03.045586,Città della Scienza
2025-05-12T05:58:14Z,0,29.865,71.3,61,65.7,0,0,355,74,0.0,255,32767,0.0,2127-15-31,0.0,0.16,26.24,0.0,0.0,0.0,0,4.828125,6,45,05:49,20:11,2025-05-12 05:58:14.125596,Città della Scienza
2025-05-12T05:58:25Z,0,29.865,71.3,61,65.7,0,0,355,74,0.0,255,32767,0.0,2127-15-31,0.0,0.16,26.24,0.0,0.0,0.0,0,4.828125,6,45,05:49,20:11,2025-05-12 05:58:25.184588,Città della Scienza
2025-05-12T05:58:36Z,0,29.864,71.3,61,65.7,0,0,355,74,0.0,255,32767,0.0,2127-15-31,0.0,0.16,26.24,0.0,0.0,0.0,0,4.828125,6,45,05:49,20:11,2025-05-12 05:58:36.224595,Città della Scienza
2025-05-12T05:58:47Z,0,29.864,71.3,61,65.7,0,0,355,74,0.0,255,32767,0.0,2127-15-31,0.0,0.16,26.24,0.0,0.0,0.0,0,4.828125,6,45,05:49,20:11,2025-05-12 05:58:47.245611,Città della Scienza
2025-05-12T05:58:58Z,0,29.864,71.3,61,65.7,0,0,355,74,0.0,255,32767,0.0,2127-15-31,0.0,0.16,26.24,0.0,0.0,0.0,0,4.828125,6,45,05:49,20:11,2025-05-12 05:58:58.287593,Città della Scienza
2025-05-12T05:59:09Z,0,29.864,71.3,61,65.7,0,0,355,74,0.0,255,32767,0.0,2127-15-31,0.0,0.16,26.24,0.0,0.0,0.0,0,4.828125,6,45,05:49,20:11,2025-05-12 05:59:09.333553,Città della Scienza
2025-05-12T05:59:20Z,0,29.864,71.3,61,65.7,0,0,355,74,0.0,255,32767,0.0,2127-15-31,0.0,0.16,26.24,0.0,0.0,0.0,0,4.828125,6,45,05:49,20:11,2025-05-12 05:59:20.452594,Città della Scienza
2025-05-12T05:59:31Z,0,29.864,71.3,61,65.7,0,0,355,74,0.0,255,32767,0.0,2127-15-31,0.0,0.16,26.24,0.0,0.0,0.0,0,4.828125,6,45,05:49,20:11,2025-05-12 05:59:31.508595,Città della Scienza
2025-05-12T05:59:42Z,0,29.864,71.3,61,65.8,0,0,355,74,0.0,255,32767,0.0,2127-15-31,0.0,0.16,26.24,0.0,0.0,0.0,0,4.828125,6,45,05:49,20:11,2025-05-12 05:59:42.570590,Città della Scienza
2025-05-12T05:59:53Z,0,29.864,71.3,61,65.8,0,0,355,74,0.0,255,32767,0.0,2127-15-31,0.0,0.16,26.24,0.0,0.0,0.0,0,4.828125,6,45,05:49,20:11,2025-05-12 05:59:53.646590,Città della Scienza
2025-05-12T06:00:04Z,0,29.864,71.3,61,65.8,0,0,355,74,0.0,255,32767,0.0,2127-15-31,0.0,0.16,26.24,0.0,0.0,0.0,0,4.828125,6,45,05:49,20:11,2025-05-12 06:00:04.704597,Città della Scienza,72.0,20.180485,12.779512,23.580599,15.7994795,EU EEA Common AQI,65.7,19.74935,11.548603,7200,16.185715,100,100,59.4,15.28,Very Low,65.7,18.520445,100,1747028700,Very Low,18.86448,21.484104,Very Low,25.541748,56.4,20.614286,100,1747028700,19.1
2025-05-12T06:00:15Z,0,29.864,71.3,61,65.8,0,0,355,74,0.0,255,32767,0.0,2127-15-31,0.0,0.16,26.24,0.0,0.0,0.0,0,4.828125,6,45,05:49,20:11,2025-05-12 06:00:15.797599,Città della Scienza,72.0,20.180485,12.779512,23.580599,15.7994795,EU EEA Common AQI,65.7,19.74935,11.548603,7200,16.185715,100,100,59.4,15.28,Very Low,65.7,18.520445,100,1747028700,Very Low,18.86448,21.484104,Very Low,25.541748,56.4,20.614286,100,1747028700,19.1
2025-05-12T06:00:27Z,0,29.864,71.3,61,65.8,0,0,355,74,0.0,255,32767,0.0,2127-15-31,0.0,0.16,26.24,0.0,0.0,0.0,0,4.828125,6,45,05:49,20:11,2025-05-12 06:00:26.868601,Città della Scienza,70.6,20.912737,12.695546,21.999037,15.742879,EU EEA Common AQI,66.0,19.678598,11.474272,7200,14.362319,100,100,59.4,13.495651,Very Low,66.1,19.212946,100,1747029600,Very Low,17.59923,21.423012,Very Low,23.902914,56.3,18.333334,100,1747029600,16.869566
2025-05-12T06:00:38Z,0,29.866,71.3,61,65.8,0,0,355,74,0.0,255,32767,0.0,2127-15-31,0.0,0.16,26.24,0.0,0.0,0.0,0,4.828125,6,45,05:49,20:11,2025-05-12 06:00:37.931590,Città della Scienza,70.6,20.912737,12.695546,21.999037,15.742879,EU EEA Common AQI,66.0,19.678598,11.474272,7200,14.362319,100,100,59.4,13.495651,Very Low,66.1,19.212946,100,1747029600,Very Low,17.59923,21.423012,Very Low,23.902914,56.3,18.333334,100,1747029600,16.869566
2025-05-12T06:00:49Z,0,29.866,71.3,61,65.8,0,0,355,74,0.0,255,32767,0.0,2127-15-31,0.0,0.16,26.24,0.0,0.0,0.0,0,4.828125,6,45,05:49,20:11,2025-05-12 06:00:48.988602,Città della Scienza,70.6,20.912737,12.695546,21.999037,15.742879,EU EEA Common AQI,66.0,19.678598,11.474272,7200,14.362319,100,100,59.4,13.495651,Very Low,66.1,19.212946,100,1747029600,Very Low,17.59923,21.423012,Very Low,23.902914,56.3,18.333334,100,1747029600,16.869566
2025-05-12T06:01:00Z,0,29.866,71.3,61,65.8,0,0,355,74,0.0,255,32767,0.0,2127-15-31,0.0,0.16,26.24,0.0,0.0,0.0,0,4.828125,6,45,05:49,20:11,2025-05-12 06:01:00.073593,Città della Scienza,70.6,20.912737,12.695546,21.999037,15.742879,EU EEA Common AQI,66.0,19.678598,11.474272,7200,14.362319,100,100,59.4,13.495651,Very Low,66.1,19.212946,100,1747029600,Very Low,17.59923,21.423012,Very Low,23.902914,56.3,18.333334,100,1747029600,16.869566
2025-05-12T06:01:11Z,0,29.866,71.3,61,65.8,0,0,355,74,0.0,255,32767,0.0,2127-15-31,0.0,0.16,26.24,0.0,0.0,0.0,0,4.828125,6,45,05:49,20:11,2025-05-12 06:01:11.160590,Città della Scienza,70.6,20.912737,12.695546,21.999037,15.742879,EU EEA Common AQI,66.0,19.678598,11.474272,7200,14.362319,100,100,59.4,13.495651,Very Low,66.1,19.212946,100,1747029600,Very Low,17.59923,21.423012,Very Low,23.902914,56.3,18.333334,100,1747029600,16.869566
2025-05-12T06:01:22Z,0,29.866,71.3,61,65.8,0,0,355,74,0.0,255,32767,0.0,2127-15-31,0.0,0.16,26.24,0.0,0.0,0.0,0,4.828125,6,45,05:49,20:11,2025-05-12 06:01:22.269595,Città della Scienza,70.6,20.912737,12.695546,21.999037,15.742879,EU EEA Common AQI,66.0,19.678598,11.474272,7200,14.362319,100,100,59.4,13.495651,Very Low,66.1,19.212946,100,1747029600,Very Low,17.59923,21.423012,Very Low,23.902914,56.3,18.333334,100,1747029600,16.869566
2025-05-12T06:01:33Z,0,29.864,71.3,61,65.8,0,0,355,74,0.0,255,32767,0.0,2127-15-31,0.0,0.16,26.24,0.0,0.0,0.0,0,4.828125,6,45,05:49,20:11,2025-05-12 06:01:33.338588,Città della Scienza,70.6,20.912737,12.695546,21.999037,15.742879,EU EEA Common AQI,66.0,19.678598,11.474272,7200,14.362319,100,100,59.4,13.495651,Very Low,66.1,19.212946,100,1747029600,Very Low,17.59923,21.423012,Very Low,23.902914,56.3,18.333334,100,1747029600,16.869566
2025-05-12T06:01:44Z,0,29.864,71.3,61,65.8,0,0,355,74,0.0,255,32767,0.0,2127-15-31,0.0,0.16,26.24,0.0,0.0,0.0,0,4.828125,6,45,05:49,20:11,2025-05-12 06:01:44.409594,Città della Scienza,70.6,20.912737,12.695546,21.999037,15.742879,EU EEA Common AQI,66.0,19.678598,11.474272,7200,14.362319,100,100,59.4,13.495651,Very Low,66.1,19.212946,100,1747029600,Very Low,17.59923,21.423012,Very Low,23.902914,56.3,18.333334,100,1747029600,16.869566
2025-05-12T06:01:55Z,0,29.864,71.3,61,65.8,0,0,355,74,0.0,255,32767,0.0,2127-15-31,0.0,0.16,26.24,0.0,0.0,0.0,0,4.828125,6,45,05:49,20:11,2025-05-12 06:01:55.497595,Città della Scienza,70.6,20.912737,12.695546,21.999037,15.742879,EU EEA Common AQI,66.0,19.678598,11.474272,7200,14.362319,100,100,59.4,13.495651,Very Low,66.1,19.212946,100,1747029600,Very Low,17.59923,21.423012,Very Low,23.902914,56.3,18.333334,100,1747029600,16.869566
2025-05-12T06:02:06Z,0,29.864,71.3,61,65.8,0,0,355,74,0.0,255,32767,0.0,2127-15-31,0.0,0.16,26.24,0.0,0.0,0.0,0,4.828125,6,45,05:49,20:11,2025-05-12 06:02:06.627597,Città della Scienza,70.6,20.912737,12.695546,21.999037,15.742879,EU EEA Common AQI,66.0,19.678598,11.474272,7200,14.362319,100,100,59.4,13.495651,Very Low,66.1,19.212946,100,1747029600,Very Low,17.59923,21.423012,Very Low,23.902914,56.3,18.333334,100,1747029600,16.869566
2025-05-12T06:02:17Z,0,29.864,71.3,61,65.8,0,0,355,74,0.0,255,32767,0.0,2127-15-31,0.0,0.16,26.24,0.0,0.0,0.0,0,4.828125,6,45,05:49,20:11,2025-05-12 06:02:17.737595,Città della Scienza,70.6,20.912737,12.695546,21.999037,15.742879,EU EEA Common AQI,66.0,19.678598,11.474272,7200,14.362319,100,100,59.4,13.495651,Very Low,66.1,19.212946,100,1747029600,Very Low,17.59923,21.423012,Very Low,23.902914,56.3,18.333334,100,1747029600,16.869566
2025-05-12T06:02:29Z,0,29.864,71.3,61,65.8,0,0,355,74,0.0,255,32767,0.0,2127-15-31,0.0,0.16,26.24,0.0,0.0,0.0,0,4.828125,6,45,05:49,20:11,2025-05-12 06:02:28.813628,Città della Scienza,70.6,20.912737,12.695546,21.999037,15.742879,EU EEA Common AQI,66.0,19.678598,11.474272,7200,14.362319,100,100,59.4,13.495651,Very Low,66.1,19.212946,100,1747029600,Very Low,17.59923,21.423012,Very Low,23.902914,56.3,18.333334,100,1747029600,16.869566
2025-05-12T06:02:40Z,0,29.865,71.3,61,65.8,0,0,355,74,0.0,255,32767,0.0,2127-15-31,0.0,0.16,26.24,0.0,0.0,0.0,0,4.828125,6,45,05:49,20:11,2025-05-12 06:02:39.912630,Città della Scienza,70.6,20.912737,12.695546,21.999037,15.742879,EU EEA Common AQI,66.0,19.678598,11.474272,7200,14.362319,100,100,59.4,13.495651,Very Low,66.1,19.212946,100,1747029600,Very Low,17.59923,21.423012,Very Low,23.902914,56.3,18.333334,100,1747029600,16.869566
2025-05-12T06:02:51Z,0,29.865,71.3,61,65.8,0,0,355,74,0.0,255,32767,0.0,2127-15-31,0.0,0.16,26.24,0.0,0.0,0.0,0,4.828125,6,45,05:49,20:11,2025-05-12 06:02:50.989588,Città della Scienza,70.6,20.912737,12.695546,21.999037,15.742879,EU EEA Common AQI,66.0,19.678598,11.474272,7200,14.362319,100,100,59.4,13.495651,Very Low,66.1,19.212946,100,1747029600,Very Low,17.59923,21.423012,Very Low,23.902914,56.3,18.333334,100,1747029600,16.869566
2025-05-12T06:03:02Z,0,29.865,71.3,61,65.9,0,0,355,73,0.0,255,32767,0.0,2127-15-31,0.0,0.16,26.24,0.0,0.0,0.0,0,4.828125,6,45,05:49,20:11,2025-05-12 06:03:02.055598,Città della Scienza,70.6,20.912737,12.695546,21.999037,15.742879,EU EEA Common AQI,66.0,19.678598,11.474272,7200,14.362319,100,100,59.4,13.495651,Very Low,66.1,19.212946,100,1747029600,Very Low,17.59923,21.423012,Very Low,23.902914,56.3,18.333334,100,1747029600,16.869566
2025-05-12T06:03:13Z,0,29.865,71.3,61,65.8,0,0,355,73,0.0,255,32767,0.0,2127-15-31,0.0,0.16,26.24,0.0,0.0,0.0,0,4.828125,6,45,05:49,20:11,2025-05-12 06:03:13.147596,Città della Scienza,70.6,20.912737,12.695546,21.999037,15.742879,EU EEA Common AQI,66.0,19.678598,11.474272,7200,14.362319,100,100,59.4,13.495651,Very Low,66.1,19.212946,100,1747029600,Very Low,17.59923,21.423012,Very Low,23.902914,56.3,18.333334,100,1747029600,16.869566
2025-05-12T06:03:24Z,0,29.865,71.3,61,65.9,0,0,355,73,0.0,255,32767,0.0,2127-15-31,0.0,0.16,26.24,0.0,0.0,0.0,0,4.828125,6,45,05:49,20:11,2025-05-12 06:03:24.245588,Città della Scienza,70.6,20.912737,12.695546,21.999037,15.742879,EU EEA Common AQI,66.0,19.678598,11.474272,7200,14.362319,100,100,59.4,13.495651,Very Low,66.1,19.212946,100,1747029600,Very Low,17.59923,21.423012,Very Low,23.902914,56.3,18.333334,100,1747029600,16.869566
2025-05-12T06:03:35Z,0,29.863,71.4,61,65.9,0,0,355,73,0.0,255,32767,0.0,2127-15-31,0.0,0.16,26.24,0.0,0.0,0.0,0,4.828125,6,45,05:49,20:11,2025-05-12 06:03:35.274588,Città della Scienza,70.6,20.912737,12.695546,21.999037,15.742879,EU EEA Common AQI,66.0,19.678598,11.474272,7200,14.362319,100,100,59.4,13.495651,Very Low,66.1,19.212946,100,1747029600,Very Low,17.59923,21.423012,Very Low,23.902914,56.3,18.333334,100,1747029600,16.869566
2025-05-12T06:03:46Z,0,29.863,71.4,61,65.9,0,0,355,73,0.0,255,32767,0.0,2127-15-31,0.0,0.16,26.24,0.0,0.0,0.0,0,4.828125,6,45,05:49,20:11,2025-05-12 06:03:46.320552,Città della Scienza,70.6,20.912737,12.695546,21.999037,15.742879,EU EEA Common AQI,66.0,19.678598,11.474272,7200,14.362319,100,100,59.4,13.495651,Very Low,66.1,19.212946,100,1747029600,Very Low,17.59923,21.423012,Very Low,23.902914,56.3,18.333334,100,1747029600,16.869566
2025-05-12T06:03:57Z,0,29.863,71.4,61,65.9,0,0,355,73,0.0,255,32767,0.0,2127-15-31,0.0,0.16,26.24,0.0,0.0,0.0,0,4.828125,6,45,05:49,20:11,2025-05-12 06:03:57.400604,Città della Scienza,70.6,20.912737,12.695546,21.999037,15.742879,EU EEA Common AQI,66.0,19.678598,11.474272,7200,14.362319,100,100,59.4,13.495651,Very Low,66.1,19.212946,100,1747029600,Very Low,17.59923,21.423012,Very Low,23.902914,56.3,18.333334,100,1747029600,16.869566
2025-05-12T06:04:08Z,0,29.863,71.4,61,65.9,0,0,355,73,0.0,255,32767,0.0,2127-15-31,0.0,0.16,26.24,0.0,0.0,0.0,0,4.828125,6,45,05:49,20:11,2025-05-12 06:04:08.472593,Città della Scienza,70.6,20.912737,12.695546,21.999037,15.742879,EU EEA Common AQI,66.0,19.678598,11.474272,7200,14.362319,100,100,59.4,13.495651,Very Low,66.1,19.212946,100,1747029600,Very Low,17.59923,21.423012,Very Low,23.902914,56.3,18.333334,100,1747029600,16.869566
2025-05-12T06:04:19Z,0,29.863,71.4,61,65.8,0,0,355,73,0.0,255,32767,0.0,2127-15-31,0.0,0.16,26.24,0.0,0.0,0.0,0,4.828125,6,45,05:49,20:11,2025-05-12 06:04:19.561578,Città della Scienza,70.6,20.912737,12.695546,21.999037,15.742879,EU EEA Common AQI,66.0,19.678598,11.474272,7200,14.362319,100,100,59.4,13.495651,Very Low,66.1,19.212946,100,1747029600,Very Low,17.59923,21.423012,Very Low,23.902914,56.3,18.333334,100,1747029600,16.869566
2025-05-12T06:04:30Z,0,29.863,71.4,61,65.9,0,0,355,73,0.0,255,32767,0.0,2127-15-31,0.0,0.16,26.24,0.0,0.0,0.0,0,4.828125,6,45,05:49,20:11,2025-05-12 06:04:30.673607,Città della Scienza,70.6,20.912737,12.695546,21.999037,15.742879,EU EEA Common AQI,66.0,19.678598,11.474272,7200,14.362319,100,100,59.4,13.495651,Very Low,66.1,19.212946,100,1747029600,Very Low,17.59923,21.423012,Very Low,23.902914,56.3,18.333334,100,1747029600,16.869566
2025-05-12T06:04:41Z,0,29.863,71.4,61,65.9,0,0,355,73,0.0,255,32767,0.0,2127-15-31,0.0,0.16,26.24,0.0,0.0,0.0,0,4.828125,6,45,05:49,20:11,2025-05-12 06:04:41.746602,Città della Scienza,70.6,20.912737,12.695546,21.999037,15.742879,EU EEA Common AQI,66.0,19.678598,11.474272,7200,14.362319,100,100,59.4,13.495651,Very Low,66.1,19.212946,100,1747029600,Very Low,17.59923,21.423012,Very Low,23.902914,56.3,18.333334,100,1747029600,16.869566
2025-05-12T06:04:53Z,0,29.863,71.4,61,65.9,0,0,355,73,0.0,255,32767,0.0,2127-15-31,0.0,0.16,26.24,0.0,0.0,0.0,0,4.828125,6,45,05:49,20:11,2025-05-12 06:04:52.824590,Città della Scienza,70.6,20.912737,12.695546,21.999037,15.742879,EU EEA Common AQI,66.0,19.678598,11.474272,7200,14.362319,100,100,59.4,13.495651,Very Low,66.1,19.212946,100,1747029600,Very Low,17.59923,21.423012,Very Low,23.902914,56.3,18.333334,100,1747029600,16.869566
2025-05-12T06:05:04Z,0,29.863,71.4,61,65.9,0,0,355,73,0.0,255,32767,0.0,2127-15-31,0.0,0.16,26.24,0.0,0.0,0.0,0,4.828125,6,45,05:49,20:11,2025-05-12 06:05:03.895592,Città della Scienza,70.6,20.912737,12.695546,21.999037,15.742879,EU EEA Common AQI,66.0,19.678598,11.474272,7200,14.362319,100,100,59.4,13.495651,Very Low,66.1,19.212946,100,1747029600,Very Low,17.59923,21.423012,Very Low,23.902914,56.3,18.333334,100,1747029600,16.869566
2025-05-12T06:05:15Z,0,29.863,71.4,61,65.9,0,0,355,73,0.0,255,32767,0.0,2127-15-31,0.0,0.16,26.24,0.0,0.0,0.0,0,4.828125,6,45,05:49,20:11,2025-05-12 06:05:14.965588,Città della Scienza,70.6,20.912737,12.695546,21.999037,15.742879,EU EEA Common AQI,66.0,19.678598,11.474272,7200,14.362319,100,100,59.4,13.495651,Very Low,66.1,19.212946,100,1747029600,Very Low,17.59923,21.423012,Very Low,23.902914,56.3,18.333334,100,1747029600,16.869566
2025-05-12T06:05:26Z,0,29.863,71.4,61,65.8,0,0,355,73,0.0,255,32767,0.0,2127-15-31,0.0,0.16,26.24,0.0,0.0,0.0,0,4.828125,6,45,05:49,20:11,2025-05-12 06:05:26.039586,Città della Scienza,70.6,20.912737,12.695546,21.999037,15.742879,EU EEA Common AQI,66.0,19.678598,11.474272,7200,14.362319,100,100,59.4,13.495651,Very Low,66.1,19.212946,100,1747029600,Very Low,17.59923,21.423012,Very Low,23.902914,56.3,18.333334,100,1747029600,16.869566
2025-05-12T06:05:37Z,0,29.864,71.4,61,65.9,0,0,355,73,0.0,255,32767,0.0,2127-15-31,0.0,0.16,26.24,0.0,0.0,0.0,0,4.828125,6,45,05:49,20:11,2025-05-12 06:05:37.109555,Città della Scienza,70.6,20.912737,12.695546,21.999037,15.742879,EU EEA Common AQI,66.0,19.678598,11.474272,7200,14.362319,100,100,59.4,13.495651,Very Low,66.1,19.212946,100,1747029600,Very Low,17.59923,21.423012,Very Low,23.902914,56.3,18.333334,100,1747029600,16.869566
2025-05-12T06:05:48Z,0,29.864,71.4,61,65.9,0,0,355,73,0.0,255,32767,0.0,2127-15-31,0.0,0.16,26.24,0.0,0.0,0.0,0,4.828125,6,45,05:49,20:11,2025-05-12 06:05:48.158589,Città della Scienza,70.6,20.912737,12.695546,21.999037,15.742879,EU EEA Common AQI,66.0,19.678598,11.474272,7200,14.362319,100,100,59.4,13.495651,Very Low,66.1,19.212946,100,1747029600,Very Low,17.59923,21.423012,Very Low,23.902914,56.3,18.333334,100,1747029600,16.869566
2025-05-12T06:05:59Z,0,29.864,71.4,61,65.9,0,0,355,73,0.0,255,32767,0.0,2127-15-31,0.0,0.16,26.24,0.0,0.0,0.0,0,4.828125,6,45,05:49,20:11,2025-05-12 06:05:59.228598,Città della Scienza,70.6,20.912737,12.695546,21.999037,15.742879,EU EEA Common AQI,66.0,19.678598,11.474272,7200,14.362319,100,100,59.4,13.495651,Very Low,66.1,19.212946,100,1747029600,Very Low,17.59923,21.423012,Very Low,23.902914,56.3,18.333334,100,1747029600,16.869566
2025-05-12T06:06:10Z,0,29.864,71.4,61,65.9,0,0,355,73,0.0,255,32767,0.0,2127-15-31,0.0,0.16,26.24,0.0,0.0,0.0,0,4.828125,6,45,05:49,20:11,2025-05-12 06:06:10.309552,Città della Scienza,70.6,20.912737,12.695546,21.999037,15.742879,EU EEA Common AQI,66.0,19.678598,11.474272,7200,14.362319,100,100,59.4,13.495651,Very Low,66.1,19.212946,100,1747029600,Very Low,17.59923,21.423012,Very Low,23.902914,56.3,18.333334,100,1747029600,16.869566
2025-05-12T06:06:21Z,0,29.864,71.4,61,65.9,0,0,355,73,0.0,255,32767,0.0,2127-15-31,0.0,0.16,26.24,0.0,0.0,0.0,0,4.828125,6,45,05:49,20:11,2025-05-12 06:06:21.389597,Città della Scienza,70.6,20.912737,12.695546,21.999037,15.742879,EU EEA Common AQI,66.0,19.678598,11.474272,7200,14.362319,100,100,59.4,13.495651,Very Low,66.1,19.212946,100,1747029600,Very Low,17.59923,21.423012,Very Low,23.902914,56.3,18.333334,100,1747029600,16.869566
2025-05-12T06:06:32Z,0,29.865,71.5,61,65.9,0,0,355,74,0.0,255,32767,0.0,2127-15-31,0.0,0.16,26.24,0.0,0.0,0.0,0,4.828125,6,45,05:49,20:11,2025-05-12 06:06:32.450595,Città della Scienza,70.6,20.912737,12.695546,21.999037,15.742879,EU EEA Common AQI,66.0,19.678598,11.474272,7200,14.362319,100,100,59.4,13.495651,Very Low,66.1,19.212946,100,1747029600,Very Low,17.59923,21.423012,Very Low,23.902914,56.3,18.333334,100,1747029600,16.869566
2025-05-12T06:06:43Z,0,29.865,71.5,61,65.9,0,0,355,74,0.0,255,32767,0.0,2127-15-31,0.0,0.16,26.24,0.0,0.0,0.0,0,4.828125,6,45,05:49,20:11,2025-05-12 06:06:43.534588,Città della Scienza,70.6,20.912737,12.695546,21.999037,15.742879,EU EEA Common AQI,66.0,19.678598,11.474272,7200,14.362319,100,100,59.4,13.495651,Very Low,66.1,19.212946,100,1747029600,Very Low,17.59923,21.423012,Very Low,23.902914,56.3,18.333334,100,1747029600,16.869566
2025-05-12T06:06:54Z,0,29.865,71.5,61,66.0,0,0,355,74,0.0,255,32767,0.0,2127-15-31,0.0,0.16,26.24,0.0,0.0,0.0,0,4.828125,6,45,05:49,20:11,2025-05-12 06:06:54.602589,Città della Scienza,70.6,20.912737,12.695546,21.999037,15.742879,EU EEA Common AQI,66.0,19.678598,11.474272,7200,14.362319,100,100,59.4,13.495651,Very Low,66.1,19.212946,100,1747029600,Very Low,17.59923,21.423012,Very Low,23.902914,56.3,18.333334,100,1747029600,16.869566
2025-05-12T06:07:05Z,0,29.865,71.5,61,66.0,0,0,355,74,0.0,255,32767,0.0,2127-15-31,0.0,0.16,26.24,0.0,0.0,0.0,0,4.828125,6,45,05:49,20:11,2025-05-12 06:07:05.676594,Città della Scienza,70.6,20.912737,12.695546,21.999037,15.742879,EU EEA Common AQI,66.0,19.678598,11.474272,7200,14.362319,100,100,59.4,13.495651,Very Low,66.1,19.212946,100,1747029600,Very Low,17.59923,21.423012,Very Low,23.902914,56.3,18.333334,100,1747029600,16.869566
2025-05-12T06:07:16Z,0,29.865,71.5,61,66.0,0,0,355,74,0.0,255,32767,0.0,2127-15-31,0.0,0.16,26.24,0.0,0.0,0.0,0,4.828125,6,45,05:49,20:11,2025-05-12 06:07:16.740595,Città della Scienza,70.6,20.912737,12.695546,21.999037,15.742879,EU EEA Common AQI,66.0,19.678598,11.474272,7200,14.362319,100,100,59.4,13.495651,Very Low,66.1,19.212946,100,1747029600,Very Low,17.59923,21.423012,Very Low,23.902914,56.3,18.333334,100,1747029600,16.869566
2025-05-12T06:07:28Z,0,29.865,71.5,61,66.0,0,0,355,74,0.0,255,32767,0.0,2127-15-31,0.0,0.16,26.24,0.0,0.0,0.0,0,4.828125,6,45,05:49,20:11,2025-05-12 06:07:27.830592,Città della Scienza,70.6,20.912737,12.695546,21.999037,15.742879,EU EEA Common AQI,66.0,19.678598,11.474272,7200,14.362319,100,100,59.4,13.495651,Very Low,66.1,19.212946,100,1747029600,Very Low,17.59923,21.423012,Very Low,23.902914,56.3,18.333334,100,1747029600,16.869566
2025-05-12T06:07:39Z,0,29.864,71.4,61,66.1,0,0,355,74,0.0,255,32767,0.0,2127-15-31,0.0,0.16,26.24,0.0,0.0,0.0,0,4.828125,6,45,05:49,20:11,2025-05-12 06:07:38.921606,Città della Scienza,70.6,20.912737,12.695546,21.999037,15.742879,EU EEA Common AQI,66.0,19.678598,11.474272,7200,14.362319,100,100,59.4,13.495651,Very Low,66.1,19.212946,100,1747029600,Very Low,17.59923,21.423012,Very Low,23.902914,56.3,18.333334,100,1747029600,16.869566
2025-05-12T06:07:50Z,0,29.864,71.4,61,66.1,0,0,355,74,0.0,255,32767,0.0,2127-15-31,0.0,0.16,26.24,0.0,0.0,0.0,0,4.828125,6,45,05:49,20:11,2025-05-12 06:07:50.047588,Città della Scienza,70.6,20.912737,12.695546,21.999037,15.742879,EU EEA Common AQI,66.0,19.678598,11.474272,7200,14.362319,100,100,59.4,13.495651,Very Low,66.1,19.212946,100,1747029600,Very Low,17.59923,21.423012,Very Low,23.902914,56.3,18.333334,100,1747029600,16.869566
2025-05-12T06:08:01Z,0,29.864,71.4,61,66.1,0,0,355,74,0.0,255,32767,0.0,2127-15-31,0.0,0.16,26.24,0.0,0.0,0.0,0,4.828125,6,45,05:49,20:11,2025-05-12 06:08:01.151601,Città della Scienza,70.6,20.912737,12.695546,21.999037,15.742879,EU EEA Common AQI,66.0,19.678598,11.474272,7200,14.362319,100,100,59.4,13.495651,Very Low,66.1,19.212946,100,1747029600,Very Low,17.59923,21.423012,Very Low,23.902914,56.3,18.333334,100,1747029600,16.869566
2025-05-12T06:08:12Z,0,29.864,71.4,61,66.1,0,0,355,74,0.0,255,32767,0.0,2127-15-31,0.0,0.16,26.24,0.0,0.0,0.0,0,4.828125,6,45,05:49,20:11,2025-05-12 06:08:12.210589,Città della Scienza,70.6,20.912737,12.695546,21.999037,15.742879,EU EEA Common AQI,66.0,19.678598,11.474272,7200,14.362319,100,100,59.4,13.495651,Very Low,66.1,19.212946,100,1747029600,Very Low,17.59923,21.423012,Very Low,23.902914,56.3,18.333334,100,1747029600,16.869566
2025-05-12T06:08:23Z,0,29.864,71.4,61,66.1,0,0,355,74,0.0,255,32767,0.0,2127-15-31,0.0,0.16,26.24,0.0,0.0,0.0,0,4.828125,6,45,05:49,20:11,2025-05-12 06:08:23.285596,Città della Scienza,70.6,20.912737,12.695546,21.999037,15.742879,EU EEA Common AQI,66.0,19.678598,11.474272,7200,14.362319,100,100,59.4,13.495651,Very Low,66.1,19.212946,100,1747029600,Very Low,17.59923,21.423012,Very Low,23.902914,56.3,18.333334,100,1747029600,16.869566
2025-05-12T06:08:34Z,0,29.864,71.4,61,66.1,0,0,355,74,0.0,255,32767,0.0,2127-15-31,0.0,0.16,26.24,0.0,0.0,0.0,0,4.828125,6,45,05:49,20:11,2025-05-12 06:08:34.357530,Città della Scienza,70.6,20.912737,12.695546,21.999037,15.742879,EU EEA Common AQI,66.0,19.678598,11.474272,7200,14.362319,100,100,59.4,13.495651,Very Low,66.1,19.212946,100,1747029600,Very Low,17.59923,21.423012,Very Low,23.902914,56.3,18.333334,100,1747029600,16.869566
2025-05-12T06:08:45Z,0,29.864,71.4,61,66.2,0,0,355,74,0.0,255,32767,0.0,2127-15-31,0.0,0.16,26.24,0.0,0.0,0.0,0,4.828125,6,45,05:49,20:11,2025-05-12 06:08:45.436589,Città della Scienza,70.6,20.912737,12.695546,21.999037,15.742879,EU EEA Common AQI,66.0,19.678598,11.474272,7200,14.362319,100,100,59.4,13.495651,Very Low,66.1,19.212946,100,1747029600,Very Low,17.59923,21.423012,Very Low,23.902914,56.3,18.333334,100,1747029600,16.869566
2025-05-12T06:08:56Z,0,29.864,71.4,61,66.2,0,0,355,74,0.0,255,32767,0.0,2127-15-31,0.0,0.16,26.24,0.0,0.0,0.0,0,4.828125,6,45,05:49,20:11,2025-05-12 06:08:56.518585,Città della Scienza,70.6,20.912737,12.695546,21.999037,15.742879,EU EEA Common AQI,66.0,19.678598,11.474272,7200,14.362319,100,100,59.4,13.495651,Very Low,66.1,19.212946,100,1747029600,Very Low,17.59923,21.423012,Very Low,23.902914,56.3,18.333334,100,1747029600,16.869566
2025-05-12T06:09:07Z,0,29.864,71.4,61,66.2,0,0,355,74,0.0,255,32767,0.0,2127-15-31,0.0,0.16,26.24,0.0,0.0,0.0,0,4.828125,6,45,05:49,20:11,2025-05-12 06:09:07.607594,Città della Scienza,70.6,20.912737,12.695546,21.999037,15.742879,EU EEA Common AQI,66.0,19.678598,11.474272,7200,14.362319,100,100,59.4,13.495651,Very Low,66.1,19.212946,100,1747029600,Very Low,17.59923,21.423012,Very Low,23.902914,56.3,18.333334,100,1747029600,16.869566
2025-05-12T06:09:18Z,0,29.864,71.4,61,66.2,0,0,355,74,0.0,255,32767,0.0,2127-15-31,0.0,0.16,26.24,0.0,0.0,0.0,0,4.828125,6,45,05:49,20:11,2025-05-12 06:09:18.679592,Città della Scienza,70.6,20.912737,12.695546,21.999037,15.742879,EU EEA Common AQI,66.0,19.678598,11.474272,7200,14.362319,100,100,59.4,13.495651,Very Low,66.1,19.212946,100,1747029600,Very Low,17.59923,21.423012,Very Low,23.902914,56.3,18.333334,100,1747029600,16.869566
2025-05-12T06:09:29Z,0,29.864,71.4,61,66.3,0,0,355,74,0.0,255,32767,0.0,2127-15-31,0.0,0.16,26.24,0.0,0.0,0.0,0,4.828125,6,45,05:49,20:11,2025-05-12 06:09:29.707593,Città della Scienza,70.6,20.912737,12.695546,21.999037,15.742879,EU EEA Common AQI,66.0,19.678598,11.474272,7200,14.362319,100,100,59.4,13.495651,Very Low,66.1,19.212946,100,1747029600,Very Low,17.59923,21.423012,Very Low,23.902914,56.3,18.333334,100,1747029600,16.869566
2025-05-12T06:09:41Z,0,29.865,71.5,61,66.2,0,0,355,74,0.0,255,32767,0.0,2127-15-31,0.0,0.16,26.24,0.0,0.0,0.0,0,4.828125,6,45,05:49,20:11,2025-05-12 06:09:40.813587,Città della Scienza,70.6,20.912737,12.695546,21.999037,15.742879,EU EEA Common AQI,66.0,19.678598,11.474272,7200,14.362319,100,100,59.4,13.495651,Very Low,66.1,19.212946,100,1747029600,Very Low,17.59923,21.423012,Very Low,23.902914,56.3,18.333334,100,1747029600,16.869566
2025-05-12T06:09:52Z,0,29.865,71.5,61,66.2,0,0,355,74,0.0,255,32767,0.0,2127-15-31,0.0,0.16,26.24,0.0,0.0,0.0,0,4.828125,6,45,05:49,20:11,2025-05-12 06:09:51.866594,Città della Scienza,70.6,20.912737,12.695546,21.999037,15.742879,EU EEA Common AQI,66.0,19.678598,11.474272,7200,14.362319,100,100,59.4,13.495651,Very Low,66.1,19.212946,100,1747029600,Very Low,17.59923,21.423012,Very Low,23.902914,56.3,18.333334,100,1747029600,16.869566
2025-05-12T06:10:03Z,0,29.865,71.5,61,66.3,0,0,355,74,0.0,255,32767,0.0,2127-15-31,0.0,0.16,26.24,0.0,0.0,0.0,0,4.828125,6,45,05:49,20:11,2025-05-12 06:10:02.963591,Città della Scienza,70.6,20.912737,12.695546,21.999037,15.742879,EU EEA Common AQI,66.0,19.678598,11.474272,7200,14.362319,100,100,59.4,13.495651,Very Low,66.1,19.212946,100,1747029600,Very Low,17.59923,21.423012,Very Low,23.902914,56.3,18.333334,100,1747029600,16.869566
2025-05-12T06:10:14Z,0,29.865,71.5,61,66.3,0,0,355,74,0.0,255,32767,0.0,2127-15-31,0.0,0.16,26.24,0.0,0.0,0.0,0,4.828125,6,45,05:49,20:11,2025-05-12 06:10:14.056590,Città della Scienza,70.6,20.912737,12.695546,21.999037,15.742879,EU EEA Common AQI,66.0,19.678598,11.474272,7200,14.362319,100,100,59.4,13.495651,Very Low,66.1,19.212946,100,1747029600,Very Low,17.59923,21.423012,Very Low,23.902914,56.3,18.333334,100,1747029600,16.869566
2025-05-12T06:10:25Z,0,29.865,71.5,61,66.3,0,0,355,74,0.0,255,32767,0.0,2127-15-31,0.0,0.16,26.24,0.0,0.0,0.0,0,4.828125,6,45,05:49,20:11,2025-05-12 06:10:25.148588,Città della Scienza,70.6,20.912737,12.695546,21.999037,15.742879,EU EEA Common AQI,66.0,19.678598,11.474272,7200,14.362319,100,100,59.4,13.495651,Very Low,66.1,19.212946,100,1747029600,Very Low,17.59923,21.423012,Very Low,23.902914,56.3,18.333334,100,1747029600,16.869566
2025-05-12T06:10:36Z,0,29.864,71.5,61,66.3,0,0,355,74,0.0,255,32767,0.0,2127-15-31,0.0,0.16,26.24,0.0,0.0,0.0,0,4.828125,6,45,05:49,20:11,2025-05-12 06:10:36.217564,Città della Scienza,70.6,20.912737,12.695546,21.999037,15.742879,EU EEA Common AQI,66.0,19.678598,11.474272,7200,14.362319,100,100,59.4,13.495651,Very Low,66.1,19.212946,100,1747029600,Very Low,17.59923,21.423012,Very Low,23.902914,56.3,18.333334,100,1747029600,16.869566
2025-05-12T06:10:47Z,0,29.864,71.5,61,66.3,0,0,355,74,0.0,255,32767,0.0,2127-15-31,0.0,0.16,26.24,0.0,0.0,0.0,0,4.828125,6,45,05:49,20:11,2025-05-12 06:10:47.275588,Città della Scienza,70.6,20.912737,12.695546,21.999037,15.742879,EU EEA Common AQI,66.0,19.678598,11.474272,7200,14.362319,100,100,59.4,13.495651,Very Low,66.1,19.212946,100,1747029600,Very Low,17.59923,21.423012,Very Low,23.902914,56.3,18.333334,100,1747029600,16.869566
2025-05-12T06:10:58Z,0,29.864,71.5,61,66.3,0,0,355,74,0.0,255,32767,0.0,2127-15-31,0.0,0.16,26.24,0.0,0.0,0.0,0,4.828125,6,45,05:49,20:11,2025-05-12 06:10:58.325597,Città della Scienza,70.6,20.912737,12.695546,21.999037,15.742879,EU EEA Common AQI,66.0,19.678598,11.474272,7200,14.362319,100,100,59.4,13.495651,Very Low,66.1,19.212946,100,1747029600,Very Low,17.59923,21.423012,Very Low,23.902914,56.3,18.333334,100,1747029600,16.869566
2025-05-12T06:11:09Z,0,29.864,71.5,61,66.3,0,0,355,74,0.0,255,32767,0.0,2127-15-31,0.0,0.16,26.24,0.0,0.0,0.0,0,4.828125,6,45,05:49,20:11,2025-05-12 06:11:09.401588,Città della Scienza,70.6,20.912737,12.695546,21.999037,15.742879,EU EEA Common AQI,66.0,19.678598,11.474272,7200,14.362319,100,100,59.4,13.495651,Very Low,66.1,19.212946,100,1747029600,Very Low,17.59923,21.423012,Very Low,23.902914,56.3,18.333334,100,1747029600,16.869566
2025-05-12T06:11:20Z,0,29.864,71.5,61,66.4,1,0,355,74,0.0,255,32767,0.0,2127-15-31,0.0,0.16,26.24,0.0,0.0,0.0,0,4.828125,6,45,05:49,20:11,2025-05-12 06:11:20.512591,Città della Scienza,70.6,20.912737,12.695546,21.999037,15.742879,EU EEA Common AQI,66.0,19.678598,11.474272,7200,14.362319,100,100,59.4,13.495651,Very Low,66.1,19.212946,100,1747029600,Very Low,17.59923,21.423012,Very Low,23.902914,56.3,18.333334,100,1747029600,16.869566
2025-05-12T06:11:31Z,0,29.864,71.5,61,66.4,0,0,355,74,0.0,255,32767,0.0,2127-15-31,0.0,0.16,26.24,0.0,0.0,0.0,0,4.828125,6,45,05:49,20:11,2025-05-12 06:11:31.625598,Città della Scienza,70.6,20.912737,12.695546,21.999037,15.742879,EU EEA Common AQI,66.0,19.678598,11.474272,7200,14.362319,100,100,59.4,13.495651,Very Low,66.1,19.212946,100,1747029600,Very Low,17.59923,21.423012,Very Low,23.902914,56.3,18.333334,100,1747029600,16.869566
2025-05-12T06:11:42Z,0,29.863,71.5,61,66.4,2,0,355,74,0.0,255,32767,0.0,2127-15-31,0.0,0.16,26.24,0.0,0.0,0.0,0,4.828125,6,45,05:49,20:11,2025-05-12 06:11:42.703592,Città della Scienza,70.6,20.912737,12.695546,21.999037,15.742879,EU EEA Common AQI,66.0,19.678598,11.474272,7200,14.362319,100,100,59.4,13.495651,Very Low,66.1,19.212946,100,1747029600,Very Low,17.59923,21.423012,Very Low,23.902914,56.3,18.333334,100,1747029600,16.869566
2025-05-12T06:11:54Z,0,29.863,71.5,61,66.5,0,0,355,73,0.0,255,32767,0.0,2127-15-31,0.0,0.16,26.24,0.0,0.0,0.0,0,4.828125,6,45,05:49,20:11,2025-05-12 06:11:53.805590,Città della Scienza,70.6,20.912737,12.695546,21.999037,15.742879,EU EEA Common AQI,66.0,19.678598,11.474272,7200,14.362319,100,100,59.4,13.495651,Very Low,66.1,19.212946,100,1747029600,Very Low,17.59923,21.423012,Very Low,23.902914,56.3,18.333334,100,1747029600,16.869566
2025-05-12T06:12:05Z,0,29.863,71.5,61,66.5,0,0,355,73,0.0,255,32767,0.0,2127-15-31,0.0,0.16,26.24,0.0,0.0,0.0,0,4.828125,6,45,05:49,20:11,2025-05-12 06:12:04.857614,Città della Scienza,70.6,20.912737,12.695546,21.999037,15.742879,EU EEA Common AQI,66.0,19.678598,11.474272,7200,14.362319,100,100,59.4,13.495651,Very Low,66.1,19.212946,100,1747029600,Very Low,17.59923,21.423012,Very Low,23.902914,56.3,18.333334,100,1747029600,16.869566
2025-05-12T06:12:16Z,0,29.863,71.5,61,66.5,0,0,355,73,0.0,255,32767,0.0,2127-15-31,0.0,0.16,26.24,0.0,0.0,0.0,0,4.828125,6,45,05:49,20:11,2025-05-12 06:12:15.933596,Città della Scienza,70.6,20.912737,12.695546,21.999037,15.742879,EU EEA Common AQI,66.0,19.678598,11.474272,7200,14.362319,100,100,59.4,13.495651,Very Low,66.1,19.212946,100,1747029600,Very Low,17.59923,21.423012,Very Low,23.902914,56.3,18.333334,100,1747029600,16.869566
2025-05-12T06:12:27Z,0,29.863,71.5,61,66.5,0,0,355,73,0.0,255,32767,0.0,2127-15-31,0.0,0.16,26.24,0.0,0.0,0.0,0,4.828125,6,45,05:49,20:11,2025-05-12 06:12:27.064596,Città della Scienza,70.6,20.912737,12.695546,21.999037,15.742879,EU EEA Common AQI,66.0,19.678598,11.474272,7200,14.362319,100,100,59.4,13.495651,Very Low,66.1,19.212946,100,1747029600,Very Low,17.59923,21.423012,Very Low,23.902914,56.3,18.333334,100,1747029600,16.869566
2025-05-12T06:12:38Z,0,29.862,71.5,61,66.5,0,0,355,73,0.0,255,32767,0.0,2127-15-31,0.0,0.16,26.24,0.0,0.0,0.0,0,4.828125,6,45,05:49,20:11,2025-05-12 06:12:38.132601,Città della Scienza,70.6,20.912737,12.695546,21.999037,15.742879,EU EEA Common AQI,66.0,19.678598,11.474272,7200,14.362319,100,100,59.4,13.495651,Very Low,66.1,19.212946,100,1747029600,Very Low,17.59923,21.423012,Very Low,23.902914,56.3,18.333334,100,1747029600,16.869566
2025-05-12T06:12:49Z,0,29.862,71.5,61,66.5,0,0,355,73,0.0,255,32767,0.0,2127-15-31,0.0,0.16,26.24,0.0,0.0,0.0,0,4.828125,6,45,05:49,20:11,2025-05-12 06:12:49.231593,Città della Scienza,70.6,20.912737,12.695546,21.999037,15.742879,EU EEA Common AQI,66.0,19.678598,11.474272,7200,14.362319,100,100,59.4,13.495651,Very Low,66.1,19.212946,100,1747029600,Very Low,17.59923,21.423012,Very Low,23.902914,56.3,18.333334,100,1747029600,16.869566
2025-05-12T06:13:00Z,0,29.862,71.5,61,66.5,0,0,355,73,0.0,255,32767,0.0,2127-15-31,0.0,0.16,26.24,0.0,0.0,0.0,0,4.828125,6,45,05:49,20:11,2025-05-12 06:13:00.291600,Città della Scienza,70.6,20.912737,12.695546,21.999037,15.742879,EU EEA Common AQI,66.0,19.678598,11.474272,7200,14.362319,100,100,59.4,13.495651,Very Low,66.1,19.212946,100,1747029600,Very Low,17.59923,21.423012,Very Low,23.902914,56.3,18.333334,100,1747029600,16.869566
2025-05-12T06:13:11Z,0,29.862,71.5,61,66.5,0,0,355,73,0.0,255,32767,0.0,2127-15-31,0.0,0.16,26.24,0.0,0.0,0.0,0,4.828125,6,45,05:49,20:11,2025-05-12 06:13:11.360598,Città della Scienza,70.6,20.912737,12.695546,21.999037,15.742879,EU EEA Common AQI,66.0,19.678598,11.474272,7200,14.362319,100,100,59.4,13.495651,Very Low,66.1,19.212946,100,1747029600,Very Low,17.59923,21.423012,Very Low,23.902914,56.3,18.333334,100,1747029600,16.869566
2025-05-12T06:13:22Z,0,29.862,71.5,61,66.5,0,0,355,73,0.0,255,32767,0.0,2127-15-31,0.0,0.16,26.24,0.0,0.0,0.0,0,4.828125,6,45,05:49,20:11,2025-05-12 06:13:22.459590,Città della Scienza,70.6,20.912737,12.695546,21.999037,15.742879,EU EEA Common AQI,66.0,19.678598,11.474272,7200,14.362319,100,100,59.4,13.495651,Very Low,66.1,19.212946,100,1747029600,Very Low,17.59923,21.423012,Very Low,23.902914,56.3,18.333334,100,1747029600,16.869566
2025-05-12T06:13:33Z,0,29.863,71.5,61,66.5,1,0,355,73,0.0,255,32767,0.0,2127-15-31,0.0,0.16,26.24,0.0,0.0,0.0,0,4.828125,6,45,05:49,20:11,2025-05-12 06:13:33.593598,Città della Scienza,70.6,20.912737,12.695546,21.999037,15.742879,EU EEA Common AQI,66.0,19.678598,11.474272,7200,14.362319,100,100,59.4,13.495651,Very Low,66.1,19.212946,100,1747029600,Very Low,17.59923,21.423012,Very Low,23.902914,56.3,18.333334,100,1747029600,16.869566
2025-05-12T06:13:44Z,0,29.863,71.5,61,66.5,1,0,355,73,0.0,255,32767,0.0,2127-15-31,0.0,0.16,26.24,0.0,0.0,0.0,0,4.828125,6,45,05:49,20:11,2025-05-12 06:13:44.684591,Città della Scienza,70.6,20.912737,12.695546,21.999037,15.742879,EU EEA Common AQI,66.0,19.678598,11.474272,7200,14.362319,100,100,59.4,13.495651,Very Low,66.1,19.212946,100,1747029600,Very Low,17.59923,21.423012,Very Low,23.902914,56.3,18.333334,100,1747029600,16.869566
2025-05-12T06:13:55Z,0,29.863,71.5,61,66.5,1,0,355,73,0.0,255,32767,0.0,2127-15-31,0.0,0.16,26.24,0.0,0.0,0.0,0,4.828125,6,45,05:49,20:11,2025-05-12 06:13:55.757596,Città della Scienza,70.6,20.912737,12.695546,21.999037,15.742879,EU EEA Common AQI,66.0,19.678598,11.474272,7200,14.362319,100,100,59.4,13.495651,Very Low,66.1,19.212946,100,1747029600,Very Low,17.59923,21.423012,Very Low,23.902914,56.3,18.333334,100,1747029600,16.869566
2025-05-12T06:14:07Z,0,29.863,71.5,61,66.5,1,0,355,73,0.0,255,32767,0.0,2127-15-31,0.0,0.16,26.24,0.0,0.0,0.0,0,4.828125,6,45,05:49,20:11,2025-05-12 06:14:06.806610,Città della Scienza,70.6,20.912737,12.695546,21.999037,15.742879,EU EEA Common AQI,66.0,19.678598,11.474272,7200,14.362319,100,100,59.4,13.495651,Very Low,66.1,19.212946,100,1747029600,Very Low,17.59923,21.423012,Very Low,23.902914,56.3,18.333334,100,1747029600,16.869566
2025-05-12T06:14:18Z,0,29.863,71.5,61,66.5,1,0,355,73,0.0,255,32767,0.0,2127-15-31,0.0,0.16,26.24,0.0,0.0,0.0,0,4.828125,6,45,05:49,20:11,2025-05-12 06:14:17.844556,Città della Scienza,70.6,20.912737,12.695546,21.999037,15.742879,EU EEA Common AQI,66.0,19.678598,11.474272,7200,14.362319,100,100,59.4,13.495651,Very Low,66.1,19.212946,100,1747029600,Very Low,17.59923,21.423012,Very Low,23.902914,56.3,18.333334,100,1747029600,16.869566
2025-05-12T06:14:29Z,0,29.863,71.5,61,66.5,1,0,355,73,0.0,255,32767,0.0,2127-15-31,0.0,0.16,26.24,0.0,0.0,0.0,0,4.828125,6,45,05:49,20:11,2025-05-12 06:14:28.927594,Città della Scienza,70.6,20.912737,12.695546,21.999037,15.742879,EU EEA Common AQI,66.0,19.678598,11.474272,7200,14.362319,100,100,59.4,13.495651,Very Low,66.1,19.212946,100,1747029600,Very Low,17.59923,21.423012,Very Low,23.902914,56.3,18.333334,100,1747029600,16.869566
2025-05-12T06:14:40Z,0,29.862,71.6,61,66.5,1,0,355,73,0.0,255,32767,0.0,2127-15-31,0.0,0.16,26.24,0.0,0.0,0.0,0,4.828125,6,45,05:49,20:11,2025-05-12 06:14:40.036593,Città della Scienza,70.6,20.912737,12.695546,21.999037,15.742879,EU EEA Common AQI,66.0,19.678598,11.474272,7200,14.362319,100,100,59.4,13.495651,Very Low,66.1,19.212946,100,1747029600,Very Low,17.59923,21.423012,Very Low,23.902914,56.3,18.333334,100,1747029600,16.869566
2025-05-12T06:14:51Z,0,29.862,71.6,61,66.5,0,0,355,73,0.0,255,32767,0.0,2127-15-31,0.0,0.16,26.24,0.0,0.0,0.0,0,4.828125,6,45,05:49,20:11,2025-05-12 06:14:51.164601,Città della Scienza,70.6,20.912737,12.695546,21.999037,15.742879,EU EEA Common AQI,66.0,19.678598,11.474272,7200,14.362319,100,100,59.4,13.495651,Very Low,66.1,19.212946,100,1747029600,Very Low,17.59923,21.423012,Very Low,23.902914,56.3,18.333334,100,1747029600,16.869566
2025-05-12T06:15:02Z,0,29.862,71.6,61,66.5,1,0,355,73,0.0,255,32767,0.0,2127-15-31,0.0,0.16,26.24,0.0,0.0,0.0,0,4.828125,6,45,05:49,20:11,2025-05-12 06:15:02.247595,Città della Scienza,70.6,20.912737,12.695546,21.999037,15.742879,EU EEA Common AQI,66.0,19.678598,11.474272,7200,14.362319,100,100,59.4,13.495651,Very Low,66.1,19.212946,100,1747029600,Very Low,17.59923,21.423012,Very Low,23.902914,56.3,18.333334,100,1747029600,16.869566
2025-05-12T06:15:13Z,0,29.862,71.6,61,66.5,1,0,355,73,0.0,255,32767,0.0,2127-15-31,0.0,0.16,26.24,0.0,0.0,0.0,0,4.828125,6,45,05:49,20:11,2025-05-12 06:15:13.328597,Città della Scienza,70.6,20.912737,12.695546,21.999037,15.742879,EU EEA Common AQI,66.0,19.678598,11.474272,7200,14.362319,100,100,59.4,13.495651,Very Low,66.1,19.212946,100,1747029600,Very Low,17.59923,21.423012,Very Low,23.902914,56.3,18.333334,100,1747029600,16.869566
2025-05-12T06:15:24Z,0,29.862,71.6,61,66.5,1,0,355,73,0.0,255,32767,0.0,2127-15-31,0.0,0.16,26.24,0.0,0.0,0.0,0,4.828125,6,45,05:49,20:11,2025-05-12 06:15:24.392599,Città della Scienza,70.2,21.405714,12.607695,20.979532,15.66886,EU EEA Common AQI,66.5,19.586077,11.397086,7200,15.550725,100,100,59.6,15.721739,Very Low,66.5,19.72059,100,1747030500,Very Low,16.783625,21.287659,Very Low,22.738983,56.5,21.52174,100,1747030500,19.652174
2025-05-12T06:15:35Z,0,29.862,71.6,61,66.5,1,0,355,73,0.0,255,32767,0.0,2127-15-31,0.0,0.16,26.24,0.0,0.0,0.0,0,4.828125,6,45,05:49,20:11,2025-05-12 06:15:35.472588,Città della Scienza,70.2,21.405714,12.607695,20.979532,15.66886,EU EEA Common AQI,66.5,19.586077,11.397086,7200,15.550725,100,100,59.6,15.721739,Very Low,66.5,19.72059,100,1747030500,Very Low,16.783625,21.287659,Very Low,22.738983,56.5,21.52174,100,1747030500,19.652174
2025-05-12T06:15:46Z,0,29.862,71.6,61,66.4,0,0,355,73,0.0,255,32767,0.0,2127-15-31,0.0,0.16,26.24,0.0,0.0,0.0,0,4.828125,6,45,05:49,20:11,2025-05-12 06:15:46.552590,Città della Scienza,70.2,21.405714,12.607695,20.979532,15.66886,EU EEA Common AQI,66.5,19.586077,11.397086,7200,15.550725,100,100,59.6,15.721739,Very Low,66.5,19.72059,100,1747030500,Very Low,16.783625,21.287659,Very Low,22.738983,56.5,21.52174,100,1747030500,19.652174
2025-05-12T06:15:57Z,0,29.862,71.6,61,66.5,0,0,355,73,0.0,255,32767,0.0,2127-15-31,0.0,0.16,26.24,0.0,0.0,0.0,0,4.828125,6,45,05:49,20:11,2025-05-12 06:15:57.652589,Città della Scienza,70.2,21.405714,12.607695,20.979532,15.66886,EU EEA Common AQI,66.5,19.586077,11.397086,7200,15.550725,100,100,59.6,15.721739,Very Low,66.5,19.72059,100,1747030500,Very Low,16.783625,21.287659,Very Low,22.738983,56.5,21.52174,100,1747030500,19.652174
2025-05-12T06:16:08Z,0,29.862,71.6,61,66.4,0,0,355,73,0.0,255,32767,0.0,2127-15-31,0.0,0.16,26.24,0.0,0.0,0.0,0,4.828125,6,45,05:49,20:11,2025-05-12 06:16:08.757598,Città della Scienza,70.2,21.405714,12.607695,20.979532,15.66886,EU EEA Common AQI,66.5,19.586077,11.397086,7200,15.550725,100,100,59.6,15.721739,Very Low,66.5,19.72059,100,1747030500,Very Low,16.783625,21.287659,Very Low,22.738983,56.5,21.52174,100,1747030500,19.652174
2025-05-12T06:16:20Z,0,29.862,71.6,61,66.4,0,0,355,73,0.0,255,32767,0.0,2127-15-31,0.0,0.16,26.24,0.0,0.0,0.0,0,4.828125,6,45,05:49,20:11,2025-05-12 06:16:19.804601,Città della Scienza,70.2,21.405714,12.607695,20.979532,15.66886,EU EEA Common AQI,66.5,19.586077,11.397086,7200,15.550725,100,100,59.6,15.721739,Very Low,66.5,19.72059,100,1747030500,Very Low,16.783625,21.287659,Very Low,22.738983,56.5,21.52174,100,1747030500,19.652174
2025-05-12T06:16:31Z,0,29.862,71.6,61,66.4,0,0,355,73,0.0,255,32767,0.0,2127-15-31,0.0,0.16,26.24,0.0,0.0,0.0,0,4.828125,6,45,05:49,20:11,2025-05-12 06:16:30.859609,Città della Scienza,70.2,21.405714,12.607695,20.979532,15.66886,EU EEA Common AQI,66.5,19.586077,11.397086,7200,15.550725,100,100,59.6,15.721739,Very Low,66.5,19.72059,100,1747030500,Very Low,16.783625,21.287659,Very Low,22.738983,56.5,21.52174,100,1747030500,19.652174
2025-05-12T06:16:42Z,0,29.862,71.6,61,66.4,1,0,355,73,0.0,255,32767,0.0,2127-15-31,0.0,0.16,26.24,0.0,0.0,0.0,0,4.828125,6,45,05:49,20:11,2025-05-12 06:16:41.967601,Città della Scienza,70.2,21.405714,12.607695,20.979532,15.66886,EU EEA Common AQI,66.5,19.586077,11.397086,7200,15.550725,100,100,59.6,15.721739,Very Low,66.5,19.72059,100,1747030500,Very Low,16.783625,21.287659,Very Low,22.738983,56.5,21.52174,100,1747030500,19.652174
2025-05-12T06:16:53Z,0,29.862,71.6,61,66.3,0,0,355,73,0.0,255,32767,0.0,2127-15-31,0.0,0.16,26.24,0.0,0.0,0.0,0,4.828125,6,45,05:49,20:11,2025-05-12 06:16:53.068598,Città della Scienza,70.2,21.405714,12.607695,20.979532,15.66886,EU EEA Common AQI,66.5,19.586077,11.397086,7200,15.550725,100,100,59.6,15.721739,Very Low,66.5,19.72059,100,1747030500,Very Low,16.783625,21.287659,Very Low,22.738983,56.5,21.52174,100,1747030500,19.652174
2025-05-12T06:17:04Z,0,29.862,71.6,61,66.3,1,0,355,73,0.0,255,32767,0.0,2127-15-31,0.0,0.16,26.24,0.0,0.0,0.0,0,4.828125,6,45,05:49,20:11,2025-05-12 06:17:04.147591,Città della Scienza,70.2,21.405714,12.607695,20.979532,15.66886,EU EEA Common AQI,66.5,19.586077,11.397086,7200,15.550725,100,100,59.6,15.721739,Very Low,66.5,19.72059,100,1747030500,Very Low,16.783625,21.287659,Very Low,22.738983,56.5,21.52174,100,1747030500,19.652174
2025-05-12T06:17:15Z,0,29.862,71.6,61,66.3,1,0,355,73,0.0,255,32767,0.0,2127-15-31,0.0,0.16,26.24,0.0,0.0,0.0,0,4.828125,6,45,05:49,20:11,2025-05-12 06:17:15.206587,Città della Scienza,70.2,21.405714,12.607695,20.979532,15.66886,EU EEA Common AQI,66.5,19.586077,11.397086,7200,15.550725,100,100,59.6,15.721739,Very Low,66.5,19.72059,100,1747030500,Very Low,16.783625,21.287659,Very Low,22.738983,56.5,21.52174,100,1747030500,19.652174
2025-05-12T06:17:26Z,0,29.862,71.6,61,66.3,1,0,355,73,0.0,255,32767,0.0,2127-15-31,0.0,0.16,26.24,0.0,0.0,0.0,0,4.828125,6,45,05:49,20:11,2025-05-12 06:17:26.266556,Città della Scienza,70.2,21.405714,12.607695,20.979532,15.66886,EU EEA Common AQI,66.5,19.586077,11.397086,7200,15.550725,100,100,59.6,15.721739,Very Low,66.5,19.72059,100,1747030500,Very Low,16.783625,21.287659,Very Low,22.738983,56.5,21.52174,100,1747030500,19.652174
2025-05-12T06:17:37Z,0,29.861,71.6,61,66.3,0,0,355,73,0.0,255,32767,0.0,2127-15-31,0.0,0.16,26.24,0.0,0.0,0.0,0,4.828125,6,45,05:49,20:11,2025-05-12 06:17:37.335588,Città della Scienza,70.2,21.405714,12.607695,20.979532,15.66886,EU EEA Common AQI,66.5,19.586077,11.397086,7200,15.550725,100,100,59.6,15.721739,Very Low,66.5,19.72059,100,1747030500,Very Low,16.783625,21.287659,Very Low,22.738983,56.5,21.52174,100,1747030500,19.652174
2025-05-12T06:17:48Z,0,29.861,71.6,61,66.3,0,0,355,73,0.0,255,32767,0.0,2127-15-31,0.0,0.16,26.24,0.0,0.0,0.0,0,4.828125,6,45,05:49,20:11,2025-05-12 06:17:48.382602,Città della Scienza,70.2,21.405714,12.607695,20.979532,15.66886,EU EEA Common AQI,66.5,19.586077,11.397086,7200,15.550725,100,100,59.6,15.721739,Very Low,66.5,19.72059,100,1747030500,Very Low,16.783625,21.287659,Very Low,22.738983,56.5,21.52174,100,1747030500,19.652174
2025-05-12T06:17:59Z,0,29.861,71.6,61,66.3,0,0,355,73,0.0,255,32767,0.0,2127-15-31,0.0,0.16,26.24,0.0,0.0,0.0,0,4.828125,6,45,05:49,20:11,2025-05-12 06:17:59.435596,Città della Scienza,70.2,21.405714,12.607695,20.979532,15.66886,EU EEA Common AQI,66.5,19.586077,11.397086,7200,15.550725,100,100,59.6,15.721739,Very Low,66.5,19.72059,100,1747030500,Very Low,16.783625,21.287659,Very Low,22.738983,56.5,21.52174,100,1747030500,19.652174
2025-05-12T06:18:10Z,0,29.861,71.6,61,66.3,0,0,355,73,0.0,255,32767,0.0,2127-15-31,0.0,0.16,26.24,0.0,0.0,0.0,0,4.828125,6,45,05:49,20:11,2025-05-12 06:18:10.515589,Città della Scienza,70.2,21.405714,12.607695,20.979532,15.66886,EU EEA Common AQI,66.5,19.586077,11.397086,7200,15.550725,100,100,59.6,15.721739,Very Low,66.5,19.72059,100,1747030500,Very Low,16.783625,21.287659,Very Low,22.738983,56.5,21.52174,100,1747030500,19.652174
2025-05-12T06:18:21Z,0,29.861,71.6,61,66.3,0,0,355,73,0.0,255,32767,0.0,2127-15-31,0.0,0.16,26.24,0.0,0.0,0.0,0,4.828125,6,45,05:49,20:11,2025-05-12 06:18:21.607565,Città della Scienza,70.2,21.405714,12.607695,20.979532,15.66886,EU EEA Common AQI,66.5,19.586077,11.397086,7200,15.550725,100,100,59.6,15.721739,Very Low,66.5,19.72059,100,1747030500,Very Low,16.783625,21.287659,Very Low,22.738983,56.5,21.52174,100,1747030500,19.652174
2025-05-12T06:18:32Z,0,29.863,71.7,61,66.3,0,0,36,73,0.0,255,32767,0.0,2127-15-31,0.0,0.16,26.24,0.0,0.0,0.0,0,4.828125,6,45,05:49,20:11,2025-05-12 06:18:32.666591,Città della Scienza,70.2,21.405714,12.607695,20.979532,15.66886,EU EEA Common AQI,66.5,19.586077,11.397086,7200,15.550725,100,100,59.6,15.721739,Very Low,66.5,19.72059,100,1747030500,Very Low,16.783625,21.287659,Very Low,22.738983,56.5,21.52174,100,1747030500,19.652174
2025-05-12T06:18:43Z,0,29.863,71.7,61,66.4,0,0,36,73,0.0,255,32767,0.0,2127-15-31,0.0,0.16,26.24,0.0,0.0,0.0,0,4.828125,6,45,05:49,20:11,2025-05-12 06:18:43.729596,Città della Scienza,70.2,21.405714,12.607695,20.979532,15.66886,EU EEA Common AQI,66.5,19.586077,11.397086,7200,15.550725,100,100,59.6,15.721739,Very Low,66.5,19.72059,100,1747030500,Very Low,16.783625,21.287659,Very Low,22.738983,56.5,21.52174,100,1747030500,19.652174
2025-05-12T06:18:54Z,0,29.863,71.7,61,66.3,0,0,36,73,0.0,255,32767,0.0,2127-15-31,0.0,0.16,26.24,0.0,0.0,0.0,0,4.828125,6,45,05:49,20:11,2025-05-12 06:18:54.797589,Città della Scienza,70.2,21.405714,12.607695,20.979532,15.66886,EU EEA Common AQI,66.5,19.586077,11.397086,7200,15.550725,100,100,59.6,15.721739,Very Low,66.5,19.72059,100,1747030500,Very Low,16.783625,21.287659,Very Low,22.738983,56.5,21.52174,100,1747030500,19.652174
2025-05-12T06:19:06Z,0,29.863,71.7,61,66.3,0,0,36,73,0.0,255,32767,0.0,2127-15-31,0.0,0.16,26.24,0.0,0.0,0.0,0,4.828125,6,45,05:49,20:11,2025-05-12 06:19:05.898591,Città della Scienza,70.2,21.405714,12.607695,20.979532,15.66886,EU EEA Common AQI,66.5,19.586077,11.397086,7200,15.550725,100,100,59.6,15.721739,Very Low,66.5,19.72059,100,1747030500,Very Low,16.783625,21.287659,Very Low,22.738983,56.5,21.52174,100,1747030500,19.652174
2025-05-12T06:19:17Z,0,29.863,71.7,61,66.3,0,0,36,73,0.0,255,32767,0.0,2127-15-31,0.0,0.16,26.24,0.0,0.0,0.0,0,4.828125,6,45,05:49,20:11,2025-05-12 06:19:16.994598,Città della Scienza,70.2,21.405714,12.607695,20.979532,15.66886,EU EEA Common AQI,66.5,19.586077,11.397086,7200,15.550725,100,100,59.6,15.721739,Very Low,66.5,19.72059,100,1747030500,Very Low,16.783625,21.287659,Very Low,22.738983,56.5,21.52174,100,1747030500,19.652174
2025-05-12T06:19:28Z,0,29.863,71.7,61,66.3,0,0,36,73,0.0,255,32767,0.0,2127-15-31,0.0,0.16,26.24,0.0,0.0,0.0,0,4.828125,6,45,05:49,20:11,2025-05-12 06:19:28.072578,Città della Scienza,70.2,21.405714,12.607695,20.979532,15.66886,EU EEA Common AQI,66.5,19.586077,11.397086,7200,15.550725,100,100,59.6,15.721739,Very Low,66.5,19.72059,100,1747030500,Very Low,16.783625,21.287659,Very Low,22.738983,56.5,21.52174,100,1747030500,19.652174
2025-05-12T06:19:39Z,0,29.86,71.7,61,66.4,0,0,36,73,0.0,255,32767,0.0,2127-15-31,0.0,0.16,26.24,0.0,0.0,0.0,0,4.828125,6,45,05:49,20:11,2025-05-12 06:19:39.133603,Città della Scienza,70.2,21.405714,12.607695,20.979532,15.66886,EU EEA Common AQI,66.5,19.586077,11.397086,7200,15.550725,100,100,59.6,15.721739,Very Low,66.5,19.72059,100,1747030500,Very Low,16.783625,21.287659,Very Low,22.738983,56.5,21.52174,100,1747030500,19.652174
2025-05-12T06:19:50Z,0,29.86,71.7,61,66.3,0,0,36,73,0.0,255,32767,0.0,2127-15-31,0.0,0.16,26.24,0.0,0.0,0.0,0,4.828125,6,45,05:49,20:11,2025-05-12 06:19:50.193599,Città della Scienza,70.2,21.405714,12.607695,20.979532,15.66886,EU EEA Common AQI,66.5,19.586077,11.397086,7200,15.550725,100,100,59.6,15.721739,Very Low,66.5,19.72059,100,1747030500,Very Low,16.783625,21.287659,Very Low,22.738983,56.5,21.52174,100,1747030500,19.652174
2025-05-12T06:20:01Z,0,29.86,71.7,61,66.4,0,0,36,73,0.0,255,32767,0.0,2127-15-31,0.0,0.16,26.24,0.0,0.0,0.0,0,4.828125,6,45,05:49,20:11,2025-05-12 06:20:01.319593,Città della Scienza,70.2,21.405714,12.607695,20.979532,15.66886,EU EEA Common AQI,66.5,19.586077,11.397086,7200,15.550725,100,100,59.6,15.721739,Very Low,66.5,19.72059,100,1747030500,Very Low,16.783625,21.287659,Very Low,22.738983,56.5,21.52174,100,1747030500,19.652174
2025-05-12T06:20:12Z,0,29.86,71.7,61,66.4,0,0,36,73,0.0,255,32767,0.0,2127-15-31,0.0,0.16,26.24,0.0,0.0,0.0,0,4.828125,6,45,05:49,20:11,2025-05-12 06:20:12.422555,Città della Scienza,70.2,21.405714,12.607695,20.979532,15.66886,EU EEA Common AQI,66.5,19.586077,11.397086,7200,15.550725,100,100,59.6,15.721739,Very Low,66.5,19.72059,100,1747030500,Very Low,16.783625,21.287659,Very Low,22.738983,56.5,21.52174,100,1747030500,19.652174
2025-05-12T06:20:23Z,0,29.86,71.7,61,66.3,0,0,36,73,0.0,255,32767,0.0,2127-15-31,0.0,0.16,26.24,0.0,0.0,0.0,0,4.828125,6,45,05:49,20:11,2025-05-12 06:20:23.526604,Città della Scienza,70.2,21.405714,12.607695,20.979532,15.66886,EU EEA Common AQI,66.5,19.586077,11.397086,7200,15.550725,100,100,59.6,15.721739,Very Low,66.5,19.72059,100,1747030500,Very Low,16.783625,21.287659,Very Low,22.738983,56.5,21.52174,100,1747030500,19.652174
2025-05-12T06:20:34Z,0,29.86,71.7,61,66.3,0,0,36,73,0.0,255,32767,0.0,2127-15-31,0.0,0.16,26.24,0.0,0.0,0.0,0,4.828125,6,45,05:49,20:11,2025-05-12 06:20:34.626569,Città della Scienza,70.2,21.405714,12.607695,20.979532,15.66886,EU EEA Common AQI,66.5,19.586077,11.397086,7200,15.550725,100,100,59.6,15.721739,Very Low,66.5,19.72059,100,1747030500,Very Low,16.783625,21.287659,Very Low,22.738983,56.5,21.52174,100,1747030500,19.652174
2025-05-12T06:20:45Z,0,29.86,71.7,61,66.3,2,0,36,73,0.0,255,32767,0.0,2127-15-31,0.0,0.16,26.24,0.0,0.0,0.0,0,4.828125,6,45,05:49,20:11,2025-05-12 06:20:45.714595,Città della Scienza,70.2,21.405714,12.607695,20.979532,15.66886,EU EEA Common AQI,66.5,19.586077,11.397086,7200,15.550725,100,100,59.6,15.721739,Very Low,66.5,19.72059,100,1747030500,Very Low,16.783625,21.287659,Very Low,22.738983,56.5,21.52174,100,1747030500,19.652174
2025-05-12T06:20:56Z,0,29.86,71.7,61,66.3,0,0,36,73,0.0,255,32767,0.0,2127-15-31,0.0,0.16,26.24,0.0,0.0,0.0,0,4.828125,6,45,05:49,20:11,2025-05-12 06:20:56.791597,Città della Scienza,70.2,21.405714,12.607695,20.979532,15.66886,EU EEA Common AQI,66.5,19.586077,11.397086,7200,15.550725,100,100,59.6,15.721739,Very Low,66.5,19.72059,100,1747030500,Very Low,16.783625,21.287659,Very Low,22.738983,56.5,21.52174,100,1747030500,19.652174
2025-05-12T06:21:08Z,0,29.86,71.7,61,66.3,0,0,36,73,0.0,255,32767,0.0,2127-15-31,0.0,0.16,26.24,0.0,0.0,0.0,0,4.828125,6,45,05:49,20:11,2025-05-12 06:21:07.914624,Città della Scienza,70.2,21.405714,12.607695,20.979532,15.66886,EU EEA Common AQI,66.5,19.586077,11.397086,7200,15.550725,100,100,59.6,15.721739,Very Low,66.5,19.72059,100,1747030500,Very Low,16.783625,21.287659,Very Low,22.738983,56.5,21.52174,100,1747030500,19.652174
2025-05-12T06:21:19Z,0,29.86,71.7,61,66.3,1,0,36,73,0.0,255,32767,0.0,2127-15-31,0.0,0.16,26.24,0.0,0.0,0.0,0,4.828125,6,45,05:49,20:11,2025-05-12 06:21:18.995598,Città della Scienza,70.2,21.405714,12.607695,20.979532,15.66886,EU EEA Common AQI,66.5,19.586077,11.397086,7200,15.550725,100,100,59.6,15.721739,Very Low,66.5,19.72059,100,1747030500,Very Low,16.783625,21.287659,Very Low,22.738983,56.5,21.52174,100,1747030500,19.652174
2025-05-12T06:21:30Z,0,29.86,71.7,61,66.4,1,0,36,73,0.0,255,32767,0.0,2127-15-31,0.0,0.16,26.24,0.0,0.0,0.0,0,4.828125,6,45,05:49,20:11,2025-05-12 06:21:30.091594,Città della Scienza,70.2,21.405714,12.607695,20.979532,15.66886,EU EEA Common AQI,66.5,19.586077,11.397086,7200,15.550725,100,100,59.6,15.721739,Very Low,66.5,19.72059,100,1747030500,Very Low,16.783625,21.287659,Very Low,22.738983,56.5,21.52174,100,1747030500,19.652174
2025-05-12T06:21:41Z,0,29.86,71.7,61,66.3,0,0,36,73,0.0,255,32767,0.0,2127-15-31,0.0,0.16,26.24,0.0,0.0,0.0,0,4.828125,6,45,05:49,20:11,2025-05-12 06:21:41.163596,Città della Scienza,70.2,21.405714,12.607695,20.979532,15.66886,EU EEA Common AQI,66.5,19.586077,11.397086,7200,15.550725,100,100,59.6,15.721739,Very Low,66.5,19.72059,100,1747030500,Very Low,16.783625,21.287659,Very Low,22.738983,56.5,21.52174,100,1747030500,19.652174
2025-05-12T06:21:52Z,0,29.86,71.7,61,66.3,1,0,36,73,0.0,255,32767,0.0,2127-15-31,0.0,0.16,26.24,0.0,0.0,0.0,0,4.828125,6,45,05:49,20:11,2025-05-12 06:21:52.224590,Città della Scienza,70.2,21.405714,12.607695,20.979532,15.66886,EU EEA Common AQI,66.5,19.586077,11.397086,7200,15.550725,100,100,59.6,15.721739,Very Low,66.5,19.72059,100,1747030500,Very Low,16.783625,21.287659,Very Low,22.738983,56.5,21.52174,100,1747030500,19.652174
2025-05-12T06:22:03Z,0,29.86,71.7,61,66.4,0,0,36,73,0.0,255,32767,0.0,2127-15-31,0.0,0.16,26.24,0.0,0.0,0.0,0,4.828125,6,45,05:49,20:11,2025-05-12 06:22:03.297591,Città della Scienza,70.2,21.405714,12.607695,20.979532,15.66886,EU EEA Common AQI,66.5,19.586077,11.397086,7200,15.550725,100,100,59.6,15.721739,Very Low,66.5,19.72059,100,1747030500,Very Low,16.783625,21.287659,Very Low,22.738983,56.5,21.52174,100,1747030500,19.652174
2025-05-12T06:22:14Z,0,29.86,71.7,61,66.3,0,0,36,73,0.0,255,32767,0.0,2127-15-31,0.0,0.16,26.24,0.0,0.0,0.0,0,4.828125,6,45,05:49,20:11,2025-05-12 06:22:14.396593,Città della Scienza,70.2,21.405714,12.607695,20.979532,15.66886,EU EEA Common AQI,66.5,19.586077,11.397086,7200,15.550725,100,100,59.6,15.721739,Very Low,66.5,19.72059,100,1747030500,Very Low,16.783625,21.287659,Very Low,22.738983,56.5,21.52174,100,1747030500,19.652174
2025-05-12T06:22:25Z,0,29.86,71.7,61,66.3,1,0,36,73,0.0,255,32767,0.0,2127-15-31,0.0,0.16,26.24,0.0,0.0,0.0,0,4.828125,6,45,05:49,20:11,2025-05-12 06:22:25.489552,Città della Scienza,70.2,21.405714,12.607695,20.979532,15.66886,EU EEA Common AQI,66.5,19.586077,11.397086,7200,15.550725,100,100,59.6,15.721739,Very Low,66.5,19.72059,100,1747030500,Very Low,16.783625,21.287659,Very Low,22.738983,56.5,21.52174,100,1747030500,19.652174
2025-05-12T06:22:36Z,0,29.861,71.8,61,66.3,1,0,36,73,0.0,255,32767,0.0,2127-15-31,0.0,0.16,26.24,0.0,0.0,0.0,0,4.828125,6,45,05:49,20:11,2025-05-12 06:22:36.595589,Città della Scienza,70.2,21.405714,12.607695,20.979532,15.66886,EU EEA Common AQI,66.5,19.586077,11.397086,7200,15.550725,100,100,59.6,15.721739,Very Low,66.5,19.72059,100,1747030500,Very Low,16.783625,21.287659,Very Low,22.738983,56.5,21.52174,100,1747030500,19.652174
2025-05-12T06:22:47Z,0,29.861,71.8,61,66.3,0,0,36,73,0.0,255,32767,0.0,2127-15-31,0.0,0.16,26.24,0.0,0.0,0.0,0,4.828125,6,45,05:49,20:11,2025-05-12 06:22:47.668590,Città della Scienza,70.2,21.405714,12.607695,20.979532,15.66886,EU EEA Common AQI,66.5,19.586077,11.397086,7200,15.550725,100,100,59.6,15.721739,Very Low,66.5,19.72059,100,1747030500,Very Low,16.783625,21.287659,Very Low,22.738983,56.5,21.52174,100,1747030500,19.652174
2025-05-12T06:22:58Z,0,29.861,71.8,61,66.4,0,0,36,73,0.0,255,32767,0.0,2127-15-31,0.0,0.16,26.24,0.0,0.0,0.0,0,4.828125,6,45,05:49,20:11,2025-05-12 06:22:58.763597,Città della Scienza,70.2,21.405714,12.607695,20.979532,15.66886,EU EEA Common AQI,66.5,19.586077,11.397086,7200,15.550725,100,100,59.6,15.721739,Very Low,66.5,19.72059,100,1747030500,Very Low,16.783625,21.287659,Very Low,22.738983,56.5,21.52174,100,1747030500,19.652174
2025-05-12T06:23:10Z,0,29.861,71.8,61,66.3,1,0,36,73,0.0,255,32767,0.0,2127-15-31,0.0,0.16,26.24,0.0,0.0,0.0,0,4.828125,6,45,05:49,20:11,2025-05-12 06:23:09.852563,Città della Scienza,70.2,21.405714,12.607695,20.979532,15.66886,EU EEA Common AQI,66.5,19.586077,11.397086,7200,15.550725,100,100,59.6,15.721739,Very Low,66.5,19.72059,100,1747030500,Very Low,16.783625,21.287659,Very Low,22.738983,56.5,21.52174,100,1747030500,19.652174
2025-05-12T06:23:21Z,0,29.861,71.8,61,66.3,0,0,36,73,0.0,255,32767,0.0,2127-15-31,0.0,0.16,26.24,0.0,0.0,0.0,0,4.828125,6,45,05:49,20:11,2025-05-12 06:23:20.937591,Città della Scienza,70.2,21.405714,12.607695,20.979532,15.66886,EU EEA Common AQI,66.5,19.586077,11.397086,7200,15.550725,100,100,59.6,15.721739,Very Low,66.5,19.72059,100,1747030500,Very Low,16.783625,21.287659,Very Low,22.738983,56.5,21.52174,100,1747030500,19.652174
2025-05-12T06:23:32Z,0,29.861,71.8,61,66.4,0,0,355,73,0.0,255,32767,0.0,2127-15-31,0.0,0.16,26.24,0.0,0.0,0.0,0,4.828125,6,45,05:49,20:11,2025-05-12 06:23:32.199593,Città della Scienza,70.2,21.405714,12.607695,20.979532,15.66886,EU EEA Common AQI,66.5,19.586077,11.397086,7200,15.550725,100,100,59.6,15.721739,Very Low,66.5,19.72059,100,1747030500,Very Low,16.783625,21.287659,Very Low,22.738983,56.5,21.52174,100,1747030500,19.652174
2025-05-12T06:23:43Z,0,29.86,71.8,61,66.3,0,0,355,73,0.0,255,32767,0.0,2127-15-31,0.0,0.16,26.24,0.0,0.0,0.0,0,4.828125,6,45,05:49,20:11,2025-05-12 06:23:43.277598,Città della Scienza,70.2,21.405714,12.607695,20.979532,15.66886,EU EEA Common AQI,66.5,19.586077,11.397086,7200,15.550725,100,100,59.6,15.721739,Very Low,66.5,19.72059,100,1747030500,Very Low,16.783625,21.287659,Very Low,22.738983,56.5,21.52174,100,1747030500,19.652174
2025-05-12T06:23:54Z,0,29.86,71.8,61,66.4,1,0,355,73,0.0,255,32767,0.0,2127-15-31,0.0,0.16,26.24,0.0,0.0,0.0,0,4.828125,6,45,05:49,20:11,2025-05-12 06:23:54.307603,Città della Scienza,70.2,21.405714,12.607695,20.979532,15.66886,EU EEA Common AQI,66.5,19.586077,11.397086,7200,15.550725,100,100,59.6,15.721739,Very Low,66.5,19.72059,100,1747030500,Very Low,16.783625,21.287659,Very Low,22.738983,56.5,21.52174,100,1747030500,19.652174
2025-05-12T06:24:05Z,0,29.86,71.8,61,66.4,0,0,355,73,0.0,255,32767,0.0,2127-15-31,0.0,0.16,26.24,0.0,0.0,0.0,0,4.828125,6,45,05:49,20:11,2025-05-12 06:24:05.431595,Città della Scienza,70.2,21.405714,12.607695,20.979532,15.66886,EU EEA Common AQI,66.5,19.586077,11.397086,7200,15.550725,100,100,59.6,15.721739,Very Low,66.5,19.72059,100,1747030500,Very Low,16.783625,21.287659,Very Low,22.738983,56.5,21.52174,100,1747030500,19.652174
2025-05-12T06:24:16Z,0,29.86,71.8,61,66.4,0,0,355,73,0.0,255,32767,0.0,2127-15-31,0.0,0.16,26.24,0.0,0.0,0.0,0,4.828125,6,45,05:49,20:11,2025-05-12 06:24:16.489593,Città della Scienza,70.2,21.405714,12.607695,20.979532,15.66886,EU EEA Common AQI,66.5,19.586077,11.397086,7200,15.550725,100,100,59.6,15.721739,Very Low,66.5,19.72059,100,1747030500,Very Low,16.783625,21.287659,Very Low,22.738983,56.5,21.52174,100,1747030500,19.652174
2025-05-12T06:24:27Z,0,29.86,71.8,61,66.3,0,0,355,73,0.0,255,32767,0.0,2127-15-31,0.0,0.16,26.24,0.0,0.0,0.0,0,4.828125,6,45,05:49,20:11,2025-05-12 06:24:27.564593,Città della Scienza,70.2,21.405714,12.607695,20.979532,15.66886,EU EEA Common AQI,66.5,19.586077,11.397086,7200,15.550725,100,100,59.6,15.721739,Very Low,66.5,19.72059,100,1747030500,Very Low,16.783625,21.287659,Very Low,22.738983,56.5,21.52174,100,1747030500,19.652174
2025-05-12T06:24:38Z,0,29.861,71.8,61,66.4,0,0,355,73,0.0,255,32767,0.0,2127-15-31,0.0,0.16,26.24,0.0,0.0,0.0,0,4.828125,6,45,05:49,20:11,2025-05-12 06:24:38.658606,Città della Scienza,70.2,21.405714,12.607695,20.979532,15.66886,EU EEA Common AQI,66.5,19.586077,11.397086,7200,15.550725,100,100,59.6,15.721739,Very Low,66.5,19.72059,100,1747030500,Very Low,16.783625,21.287659,Very Low,22.738983,56.5,21.52174,100,1747030500,19.652174
2025-05-12T06:24:49Z,0,29.861,71.8,61,66.4,1,0,355,73,0.0,255,32767,0.0,2127-15-31,0.0,0.16,26.24,0.0,0.0,0.0,0,4.828125,6,45,05:49,20:11,2025-05-12 06:24:49.760601,Città della Scienza,70.2,21.405714,12.607695,20.979532,15.66886,EU EEA Common AQI,66.5,19.586077,11.397086,7200,15.550725,100,100,59.6,15.721739,Very Low,66.5,19.72059,100,1747030500,Very Low,16.783625,21.287659,Very Low,22.738983,56.5,21.52174,100,1747030500,19.652174
2025-05-12T06:25:01Z,0,29.861,71.8,61,66.4,1,0,329,73,0.0,255,32767,0.0,2127-15-31,0.0,0.16,26.24,0.0,0.0,0.0,0,4.828125,6,45,05:49,20:11,2025-05-12 06:25:00.819593,Città della Scienza,70.2,21.405714,12.607695,20.979532,15.66886,EU EEA Common AQI,66.5,19.586077,11.397086,7200,15.550725,100,100,59.6,15.721739,Very Low,66.5,19.72059,100,1747030500,Very Low,16.783625,21.287659,Very Low,22.738983,56.5,21.52174,100,1747030500,19.652174
2025-05-12T06:25:12Z,0,29.861,71.8,61,66.5,0,0,329,73,0.0,255,32767,0.0,2127-15-31,0.0,0.16,26.24,0.0,0.0,0.0,0,4.828125,6,45,05:49,20:11,2025-05-12 06:25:11.851258,Città della Scienza,70.2,21.405714,12.607695,20.979532,15.66886,EU EEA Common AQI,66.5,19.586077,11.397086,7200,15.550725,100,100,59.6,15.721739,Very Low,66.5,19.72059,100,1747030500,Very Low,16.783625,21.287659,Very Low,22.738983,56.5,21.52174,100,1747030500,19.652174
2025-05-12T06:25:23Z,0,29.861,71.8,61,66.4,1,0,329,73,0.0,255,32767,0.0,2127-15-31,0.0,0.16,26.24,0.0,0.0,0.0,0,4.828125,6,45,05:49,20:11,2025-05-12 06:25:22.928599,Città della Scienza,70.2,21.405714,12.607695,20.979532,15.66886,EU EEA Common AQI,66.5,19.586077,11.397086,7200,15.550725,100,100,59.6,15.721739,Very Low,66.5,19.72059,100,1747030500,Very Low,16.783625,21.287659,Very Low,22.738983,56.5,21.52174,100,1747030500,19.652174
2025-05-12T06:25:34Z,0,29.862,71.8,61,66.4,0,0,329,73,0.0,255,32767,0.0,2127-15-31,0.0,0.16,26.24,0.0,0.0,0.0,0,4.828125,6,45,05:49,20:11,2025-05-12 06:25:34.042593,Città della Scienza,70.2,21.405714,12.607695,20.979532,15.66886,EU EEA Common AQI,66.5,19.586077,11.397086,7200,15.550725,100,100,59.6,15.721739,Very Low,66.5,19.72059,100,1747030500,Very Low,16.783625,21.287659,Very Low,22.738983,56.5,21.52174,100,1747030500,19.652174
2025-05-12T06:25:45Z,0,29.862,71.8,61,66.4,1,0,329,73,0.0,255,32767,0.0,2127-15-31,0.0,0.16,26.24,0.0,0.0,0.0,0,4.828125,6,45,05:49,20:11,2025-05-12 06:25:45.109562,Città della Scienza,70.2,21.405714,12.607695,20.979532,15.66886,EU EEA Common AQI,66.5,19.586077,11.397086,7200,15.550725,100,100,59.6,15.721739,Very Low,66.5,19.72059,100,1747030500,Very Low,16.783625,21.287659,Very Low,22.738983,56.5,21.52174,100,1747030500,19.652174
2025-05-12T06:25:56Z,0,29.862,71.8,61,66.4,0,0,329,73,0.0,255,32767,0.0,2127-15-31,0.0,0.16,26.24,0.0,0.0,0.0,0,4.828125,6,45,05:49,20:11,2025-05-12 06:25:56.176592,Città della Scienza,70.2,21.405714,12.607695,20.979532,15.66886,EU EEA Common AQI,66.5,19.586077,11.397086,7200,15.550725,100,100,59.6,15.721739,Very Low,66.5,19.72059,100,1747030500,Very Low,16.783625,21.287659,Very Low,22.738983,56.5,21.52174,100,1747030500,19.652174
2025-05-12T06:26:07Z,0,29.862,71.8,61,66.5,1,0,55,73,0.0,255,32767,0.0,2127-15-31,0.0,0.16,26.24,0.0,0.0,0.0,0,4.828125,6,45,05:49,20:11,2025-05-12 06:26:07.252601,Città della Scienza,70.2,21.405714,12.607695,20.979532,15.66886,EU EEA Common AQI,66.5,19.586077,11.397086,7200,15.550725,100,100,59.6,15.721739,Very Low,66.5,19.72059,100,1747030500,Very Low,16.783625,21.287659,Very Low,22.738983,56.5,21.52174,100,1747030500,19.652174
2025-05-12T06:26:18Z,0,29.862,71.8,61,66.5,0,0,55,73,0.0,255,32767,0.0,2127-15-31,0.0,0.16,26.24,0.0,0.0,0.0,0,4.828125,6,45,05:49,20:11,2025-05-12 06:26:18.294597,Città della Scienza,70.2,21.405714,12.607695,20.979532,15.66886,EU EEA Common AQI,66.5,19.586077,11.397086,7200,15.550725,100,100,59.6,15.721739,Very Low,66.5,19.72059,100,1747030500,Very Low,16.783625,21.287659,Very Low,22.738983,56.5,21.52174,100,1747030500,19.652174
2025-05-12T06:26:29Z,0,29.862,71.8,61,66.5,1,0,94,73,0.0,255,32767,0.0,2127-15-31,0.0,0.16,26.24,0.0,0.0,0.0,0,4.828125,6,45,05:49,20:11,2025-05-12 06:26:29.400590,Città della Scienza,70.2,21.405714,12.607695,20.979532,15.66886,EU EEA Common AQI,66.5,19.586077,11.397086,7200,15.550725,100,100,59.6,15.721739,Very Low,66.5,19.72059,100,1747030500,Very Low,16.783625,21.287659,Very Low,22.738983,56.5,21.52174,100,1747030500,19.652174
2025-05-12T06:26:40Z,0,29.862,71.9,60,66.5,0,0,104,73,0.0,255,32767,0.0,2127-15-31,0.0,0.16,26.24,0.0,0.0,0.0,0,4.828125,6,45,05:49,20:11,2025-05-12 06:26:40.501589,Città della Scienza,70.2,21.405714,12.607695,20.979532,15.66886,EU EEA Common AQI,66.5,19.586077,11.397086,7200,15.550725,100,100,59.6,15.721739,Very Low,66.5,19.72059,100,1747030500,Very Low,16.783625,21.287659,Very Low,22.738983,56.5,21.52174,100,1747030500,19.652174
2025-05-12T06:26:51Z,0,29.862,71.9,60,66.5,1,0,202,73,0.0,255,32767,0.0,2127-15-31,0.0,0.16,26.24,0.0,0.0,0.0,0,4.828125,6,45,05:49,20:11,2025-05-12 06:26:51.581593,Città della Scienza,70.2,21.405714,12.607695,20.979532,15.66886,EU EEA Common AQI,66.5,19.586077,11.397086,7200,15.550725,100,100,59.6,15.721739,Very Low,66.5,19.72059,100,1747030500,Very Low,16.783625,21.287659,Very Low,22.738983,56.5,21.52174,100,1747030500,19.652174
2025-05-12T06:27:02Z,0,29.862,71.9,60,66.5,3,0,209,73,0.0,255,32767,0.0,2127-15-31,0.0,0.16,26.24,0.0,0.0,0.0,0,4.828125,6,45,05:49,20:11,2025-05-12 06:27:02.652592,Città della Scienza,70.2,21.405714,12.607695,20.979532,15.66886,EU EEA Common AQI,66.5,19.586077,11.397086,7200,15.550725,100,100,59.6,15.721739,Very Low,66.5,19.72059,100,1747030500,Very Low,16.783625,21.287659,Very Low,22.738983,56.5,21.52174,100,1747030500,19.652174
2025-05-12T06:27:13Z,0,29.862,71.9,60,66.5,2,0,191,73,0.0,255,32767,0.0,2127-15-31,0.0,0.16,26.24,0.0,0.0,0.0,0,4.828125,6,45,05:49,20:11,2025-05-12 06:27:13.759590,Città della Scienza,70.2,21.405714,12.607695,20.979532,15.66886,EU EEA Common AQI,66.5,19.586077,11.397086,7200,15.550725,100,100,59.6,15.721739,Very Low,66.5,19.72059,100,1747030500,Very Low,16.783625,21.287659,Very Low,22.738983,56.5,21.52174,100,1747030500,19.652174
2025-05-12T06:27:25Z,0,29.862,71.9,60,66.5,2,0,207,73,0.0,255,32767,0.0,2127-15-31,0.0,0.16,26.24,0.0,0.0,0.0,0,4.828125,6,45,05:49,20:11,2025-05-12 06:27:24.856598,Città della Scienza,70.2,21.405714,12.607695,20.979532,15.66886,EU EEA Common AQI,66.5,19.586077,11.397086,7200,15.550725,100,100,59.6,15.721739,Very Low,66.5,19.72059,100,1747030500,Very Low,16.783625,21.287659,Very Low,22.738983,56.5,21.52174,100,1747030500,19.652174
2025-05-12T06:27:36Z,0,29.862,71.9,60,66.5,2,0,215,72,0.0,255,32767,0.0,2127-15-31,0.0,0.16,26.24,0.0,0.0,0.0,0,4.828125,6,45,05:49,20:11,2025-05-12 06:27:35.951591,Città della Scienza,70.2,21.405714,12.607695,20.979532,15.66886,EU EEA Common AQI,66.5,19.586077,11.397086,7200,15.550725,100,100,59.6,15.721739,Very Low,66.5,19.72059,100,1747030500,Very Low,16.783625,21.287659,Very Low,22.738983,56.5,21.52174,100,1747030500,19.652174
2025-05-12T06:27:47Z,0,29.862,71.9,60,66.5,2,0,214,72,0.0,255,32767,0.0,2127-15-31,0.0,0.16,26.24,0.0,0.0,0.0,0,4.828125,6,45,05:49,20:11,2025-05-12 06:27:47.053591,Città della Scienza,70.2,21.405714,12.607695,20.979532,15.66886,EU EEA Common AQI,66.5,19.586077,11.397086,7200,15.550725,100,100,59.6,15.721739,Very Low,66.5,19.72059,100,1747030500,Very Low,16.783625,21.287659,Very Low,22.738983,56.5,21.52174,100,1747030500,19.652174
2025-05-12T06:27:58Z,0,29.862,71.9,60,66.5,2,0,207,72,0.0,255,32767,0.0,2127-15-31,0.0,0.16,26.24,0.0,0.0,0.0,0,4.828125,6,45,05:49,20:11,2025-05-12 06:27:58.133602,Città della Scienza,70.2,21.405714,12.607695,20.979532,15.66886,EU EEA Common AQI,66.5,19.586077,11.397086,7200,15.550725,100,100,59.6,15.721739,Very Low,66.5,19.72059,100,1747030500,Very Low,16.783625,21.287659,Very Low,22.738983,56.5,21.52174,100,1747030500,19.652174
2025-05-12T06:28:09Z,0,29.862,71.9,60,66.6,1,0,213,72,0.0,255,32767,0.0,2127-15-31,0.0,0.16,26.24,0.0,0.0,0.0,0,4.828125,6,45,05:49,20:11,2025-05-12 06:28:09.183588,Città della Scienza,70.2,21.405714,12.607695,20.979532,15.66886,EU EEA Common AQI,66.5,19.586077,11.397086,7200,15.550725,100,100,59.6,15.721739,Very Low,66.5,19.72059,100,1747030500,Very Low,16.783625,21.287659,Very Low,22.738983,56.5,21.52174,100,1747030500,19.652174
2025-05-12T06:28:20Z,0,29.862,71.9,60,66.5,2,0,210,72,0.0,255,32767,0.0,2127-15-31,0.0,0.16,26.24,0.0,0.0,0.0,0,4.828125,6,45,05:49,20:11,2025-05-12 06:28:20.266582,Città della Scienza,70.2,21.405714,12.607695,20.979532,15.66886,EU EEA Common AQI,66.5,19.586077,11.397086,7200,15.550725,100,100,59.6,15.721739,Very Low,66.5,19.72059,100,1747030500,Very Low,16.783625,21.287659,Very Low,22.738983,56.5,21.52174,100,1747030500,19.652174
2025-05-12T06:28:31Z,0,29.862,71.9,60,66.5,2,0,210,72,0.0,255,32767,0.0,2127-15-31,0.0,0.16,26.24,0.0,0.0,0.0,0,4.828125,6,45,05:49,20:11,2025-05-12 06:28:31.328553,Città della Scienza,70.2,21.405714,12.607695,20.979532,15.66886,EU EEA Common AQI,66.5,19.586077,11.397086,7200,15.550725,100,100,59.6,15.721739,Very Low,66.5,19.72059,100,1747030500,Very Low,16.783625,21.287659,Very Low,22.738983,56.5,21.52174,100,1747030500,19.652174
2025-05-12T06:28:42Z,0,29.862,71.9,60,66.5,2,0,192,72,0.0,255,32767,0.0,2127-15-31,0.0,0.16,26.24,0.0,0.0,0.0,0,4.828125,6,45,05:49,20:11,2025-05-12 06:28:42.389597,Città della Scienza,70.2,21.405714,12.607695,20.979532,15.66886,EU EEA Common AQI,66.5,19.586077,11.397086,7200,15.550725,100,100,59.6,15.721739,Very Low,66.5,19.72059,100,1747030500,Very Low,16.783625,21.287659,Very Low,22.738983,56.5,21.52174,100,1747030500,19.652174
2025-05-12T06:28:53Z,0,29.862,71.9,60,66.5,1,0,180,72,0.0,255,32767,0.0,2127-15-31,0.0,0.16,26.24,0.0,0.0,0.0,0,4.828125,6,45,05:49,20:11,2025-05-12 06:28:53.483597,Città della Scienza,70.2,21.405714,12.607695,20.979532,15.66886,EU EEA Common AQI,66.5,19.586077,11.397086,7200,15.550725,100,100,59.6,15.721739,Very Low,66.5,19.72059,100,1747030500,Very Low,16.783625,21.287659,Very Low,22.738983,56.5,21.52174,100,1747030500,19.652174
2025-05-12T06:29:04Z,0,29.862,71.9,60,66.5,0,0,180,72,0.0,255,32767,0.0,2127-15-31,0.0,0.16,26.24,0.0,0.0,0.0,0,4.828125,6,45,05:49,20:11,2025-05-12 06:29:04.590589,Città della Scienza,70.2,21.405714,12.607695,20.979532,15.66886,EU EEA Common AQI,66.5,19.586077,11.397086,7200,15.550725,100,100,59.6,15.721739,Very Low,66.5,19.72059,100,1747030500,Very Low,16.783625,21.287659,Very Low,22.738983,56.5,21.52174,100,1747030500,19.652174
2025-05-12T06:29:15Z,0,29.862,71.9,60,66.5,1,0,180,72,0.0,255,32767,0.0,2127-15-31,0.0,0.16,26.24,0.0,0.0,0.0,0,4.828125,6,45,05:49,20:11,2025-05-12 06:29:15.694595,Città della Scienza,70.2,21.405714,12.607695,20.979532,15.66886,EU EEA Common AQI,66.5,19.586077,11.397086,7200,15.550725,100,100,59.6,15.721739,Very Low,66.5,19.72059,100,1747030500,Very Low,16.783625,21.287659,Very Low,22.738983,56.5,21.52174,100,1747030500,19.652174
2025-05-12T06:29:27Z,0,29.862,71.9,60,66.5,0,0,180,72,0.0,255,32767,0.0,2127-15-31,0.0,0.16,26.24,0.0,0.0,0.0,0,4.828125,6,45,05:49,20:11,2025-05-12 06:29:26.806590,Città della Scienza,70.2,21.405714,12.607695,20.979532,15.66886,EU EEA Common AQI,66.5,19.586077,11.397086,7200,15.550725,100,100,59.6,15.721739,Very Low,66.5,19.72059,100,1747030500,Very Low,16.783625,21.287659,Very Low,22.738983,56.5,21.52174,100,1747030500,19.652174
2025-05-12T06:29:38Z,0,29.862,71.9,60,66.5,1,1,180,72,0.0,255,32767,0.0,2127-15-31,0.0,0.16,26.24,0.0,0.0,0.0,0,4.828125,6,45,05:49,20:11,2025-05-12 06:29:37.881591,Città della Scienza,70.2,21.405714,12.607695,20.979532,15.66886,EU EEA Common AQI,66.5,19.586077,11.397086,7200,15.550725,100,100,59.6,15.721739,Very Low,66.5,19.72059,100,1747030500,Very Low,16.783625,21.287659,Very Low,22.738983,56.5,21.52174,100,1747030500,19.652174
2025-05-12T06:29:49Z,0,29.862,71.9,60,66.5,1,1,203,72,0.0,255,32767,0.0,2127-15-31,0.0,0.16,26.24,0.0,0.0,0.0,0,4.828125,6,45,05:49,20:11,2025-05-12 06:29:48.944596,Città della Scienza,70.2,21.405714,12.607695,20.979532,15.66886,EU EEA Common AQI,66.5,19.586077,11.397086,7200,15.550725,100,100,59.6,15.721739,Very Low,66.5,19.72059,100,1747030500,Very Low,16.783625,21.287659,Very Low,22.738983,56.5,21.52174,100,1747030500,19.652174
2025-05-12T06:30:00Z,0,29.862,71.9,60,66.5,0,1,203,72,0.0,255,32767,0.0,2127-15-31,0.0,0.16,26.24,0.0,0.0,0.0,0,4.828125,6,45,05:49,20:11,2025-05-12 06:29:59.991593,Città della Scienza,70.2,21.405714,12.607695,20.979532,15.66886,EU EEA Common AQI,66.5,19.586077,11.397086,7200,15.550725,100,100,59.6,15.721739,Very Low,66.5,19.72059,100,1747030500,Very Low,16.783625,21.287659,Very Low,22.738983,56.5,21.52174,100,1747030500,19.652174
2025-05-12T06:30:11Z,0,29.862,71.9,60,66.5,1,1,215,72,0.0,255,32767,0.0,2127-15-31,0.0,0.16,26.24,0.0,0.0,0.0,0,4.828125,6,45,05:49,20:11,2025-05-12 06:30:11.098656,Città della Scienza,70.2,21.405714,12.607695,20.979532,15.66886,EU EEA Common AQI,66.5,19.586077,11.397086,7200,15.550725,100,100,59.6,15.721739,Very Low,66.5,19.72059,100,1747030500,Very Low,16.783625,21.287659,Very Low,22.738983,56.5,21.52174,100,1747030500,19.652174
2025-05-12T06:30:22Z,0,29.862,71.9,60,66.5,2,1,244,72,0.0,255,32767,0.0,2127-15-31,0.0,0.16,26.24,0.0,0.0,0.0,0,4.828125,6,45,05:49,20:11,2025-05-12 06:30:22.210559,Città della Scienza,69.7,21.946638,12.528806,19.304306,15.448141,EU EEA Common AQI,66.6,19.310177,11.325354,7200,14.666667,100,100,59.6,13.252173,Very Low,66.6,20.236399,100,1747031400,Very Low,15.443444,20.964647,Very Low,20.849651,56.4,17.289856,100,1747031400,16.565218
2025-05-12T06:30:33Z,0,29.863,71.9,60,66.5,1,1,279,72,0.0,255,32767,0.0,2127-15-31,0.0,0.16,26.24,0.0,0.0,0.0,0,4.828125,6,45,05:49,20:11,2025-05-12 06:30:33.274590,Città della Scienza,69.7,21.946638,12.528806,19.304306,15.448141,EU EEA Common AQI,66.6,19.310177,11.325354,7200,14.666667,100,100,59.6,13.252173,Very Low,66.6,20.236399,100,1747031400,Very Low,15.443444,20.964647,Very Low,20.849651,56.4,17.289856,100,1747031400,16.565218
2025-05-12T06:30:44Z,0,29.863,71.9,60,66.5,1,1,159,72,0.0,255,32767,0.0,2127-15-31,0.0,0.16,26.24,0.0,0.0,0.0,0,4.828125,6,45,05:49,20:11,2025-05-12 06:30:44.347606,Città della Scienza,69.7,21.946638,12.528806,19.304306,15.448141,EU EEA Common AQI,66.6,19.310177,11.325354,7200,14.666667,100,100,59.6,13.252173,Very Low,66.6,20.236399,100,1747031400,Very Low,15.443444,20.964647,Very Low,20.849651,56.4,17.289856,100,1747031400,16.565218
2025-05-12T06:30:55Z,0,29.863,71.9,60,66.5,2,1,211,72,0.0,255,32767,0.0,2127-15-31,0.0,0.16,26.24,0.0,0.0,0.0,0,4.828125,6,45,05:49,20:11,2025-05-12 06:30:55.468592,Città della Scienza,69.7,21.946638,12.528806,19.304306,15.448141,EU EEA Common AQI,66.6,19.310177,11.325354,7200,14.666667,100,100,59.6,13.252173,Very Low,66.6,20.236399,100,1747031400,Very Low,15.443444,20.964647,Very Low,20.849651,56.4,17.289856,100,1747031400,16.565218
2025-05-12T06:31:06Z,0,29.863,71.9,60,66.5,1,1,217,72,0.0,255,32767,0.0,2127-15-31,0.0,0.16,26.24,0.0,0.0,0.0,0,4.828125,6,45,05:49,20:11,2025-05-12 06:31:06.515554,Città della Scienza,69.7,21.946638,12.528806,19.304306,15.448141,EU EEA Common AQI,66.6,19.310177,11.325354,7200,14.666667,100,100,59.6,13.252173,Very Low,66.6,20.236399,100,1747031400,Very Low,15.443444,20.964647,Very Low,20.849651,56.4,17.289856,100,1747031400,16.565218
2025-05-12T06:31:17Z,0,29.863,71.9,60,66.6,0,1,212,72,0.0,255,32767,0.0,2127-15-31,0.0,0.16,26.24,0.0,0.0,0.0,0,4.828125,6,45,05:49,20:11,2025-05-12 06:31:17.602586,Città della Scienza,69.7,21.946638,12.528806,19.304306,15.448141,EU EEA Common AQI,66.6,19.310177,11.325354,7200,14.666667,100,100,59.6,13.252173,Very Low,66.6,20.236399,100,1747031400,Very Low,15.443444,20.964647,Very Low,20.849651,56.4,17.289856,100,1747031400,16.565218
2025-05-12T06:31:28Z,0,29.863,71.9,60,66.6,1,1,188,72,0.0,255,32767,0.0,2127-15-31,0.0,0.16,26.24,0.0,0.0,0.0,0,4.828125,6,45,05:49,20:11,2025-05-12 06:31:28.671588,Città della Scienza,69.7,21.946638,12.528806,19.304306,15.448141,EU EEA Common AQI,66.6,19.310177,11.325354,7200,14.666667,100,100,59.6,13.252173,Very Low,66.6,20.236399,100,1747031400,Very Low,15.443444,20.964647,Very Low,20.849651,56.4,17.289856,100,1747031400,16.565218
2025-05-12T06:31:39Z,0,29.862,71.9,60,66.5,1,1,198,72,0.0,255,32767,0.0,2127-15-31,0.0,0.16,26.24,0.0,0.0,0.0,0,4.828125,6,45,05:49,20:11,2025-05-12 06:31:39.796594,Città della Scienza,69.7,21.946638,12.528806,19.304306,15.448141,EU EEA Common AQI,66.6,19.310177,11.325354,7200,14.666667,100,100,59.6,13.252173,Very Low,66.6,20.236399,100,1747031400,Very Low,15.443444,20.964647,Very Low,20.849651,56.4,17.289856,100,1747031400,16.565218
2025-05-12T06:31:51Z,0,29.862,71.9,60,66.5,1,1,161,72,0.0,255,32767,0.0,2127-15-31,0.0,0.16,26.24,0.0,0.0,0.0,0,4.828125,6,45,05:49,20:11,2025-05-12 06:31:50.829621,Città della Scienza,69.7,21.946638,12.528806,19.304306,15.448141,EU EEA Common AQI,66.6,19.310177,11.325354,7200,14.666667,100,100,59.6,13.252173,Very Low,66.6,20.236399,100,1747031400,Very Low,15.443444,20.964647,Very Low,20.849651,56.4,17.289856,100,1747031400,16.565218
2025-05-12T06:32:02Z,0,29.862,71.9,60,66.5,1,1,207,72,0.0,255,32767,0.0,2127-15-31,0.0,0.16,26.24,0.0,0.0,0.0,0,4.828125,6,45,05:49,20:11,2025-05-12 06:32:01.894598,Città della Scienza,69.7,21.946638,12.528806,19.304306,15.448141,EU EEA Common AQI,66.6,19.310177,11.325354,7200,14.666667,100,100,59.6,13.252173,Very Low,66.6,20.236399,100,1747031400,Very Low,15.443444,20.964647,Very Low,20.849651,56.4,17.289856,100,1747031400,16.565218
2025-05-12T06:32:13Z,0,29.862,71.9,60,66.5,1,1,268,72,0.0,255,32767,0.0,2127-15-31,0.0,0.16,26.24,0.0,0.0,0.0,0,4.828125,6,45,05:49,20:11,2025-05-12 06:32:12.972586,Città della Scienza,69.7,21.946638,12.528806,19.304306,15.448141,EU EEA Common AQI,66.6,19.310177,11.325354,7200,14.666667,100,100,59.6,13.252173,Very Low,66.6,20.236399,100,1747031400,Very Low,15.443444,20.964647,Very Low,20.849651,56.4,17.289856,100,1747031400,16.565218
2025-05-12T06:32:24Z,0,29.862,71.9,60,66.5,2,1,236,72,0.0,255,32767,0.0,2127-15-31,0.0,0.16,26.24,0.0,0.0,0.0,0,4.828125,6,45,05:49,20:11,2025-05-12 06:32:24.070600,Città della Scienza,69.7,21.946638,12.528806,19.304306,15.448141,EU EEA Common AQI,66.6,19.310177,11.325354,7200,14.666667,100,100,59.6,13.252173,Very Low,66.6,20.236399,100,1747031400,Very Low,15.443444,20.964647,Very Low,20.849651,56.4,17.289856,100,1747031400,16.565218
2025-05-12T06:32:35Z,0,29.865,72.0,60,66.5,1,1,236,72,0.0,255,32767,0.0,2127-15-31,0.0,0.16,26.24,0.0,0.0,0.0,0,4.828125,6,45,05:49,20:11,2025-05-12 06:32:35.206600,Città della Scienza,69.7,21.946638,12.528806,19.304306,15.448141,EU EEA Common AQI,66.6,19.310177,11.325354,7200,14.666667,100,100,59.6,13.252173,Very Low,66.6,20.236399,100,1747031400,Very Low,15.443444,20.964647,Very Low,20.849651,56.4,17.289856,100,1747031400,16.565218
2025-05-12T06:32:46Z,0,29.865,72.0,60,66.5,3,1,234,71,0.0,255,32767,0.0,2127-15-31,0.0,0.16,26.24,0.0,0.0,0.0,0,4.828125,6,45,05:49,20:11,2025-05-12 06:32:46.300598,Città della Scienza,69.7,21.946638,12.528806,19.304306,15.448141,EU EEA Common AQI,66.6,19.310177,11.325354,7200,14.666667,100,100,59.6,13.252173,Very Low,66.6,20.236399,100,1747031400,Very Low,15.443444,20.964647,Very Low,20.849651,56.4,17.289856,100,1747031400,16.565218
2025-05-12T06:32:57Z,0,29.865,72.0,60,66.5,2,1,234,71,0.0,255,32767,0.0,2127-15-31,0.0,0.16,26.24,0.0,0.0,0.0,0,4.828125,6,45,05:49,20:11,2025-05-12 06:32:57.415601,Città della Scienza,69.7,21.946638,12.528806,19.304306,15.448141,EU EEA Common AQI,66.6,19.310177,11.325354,7200,14.666667,100,100,59.6,13.252173,Very Low,66.6,20.236399,100,1747031400,Very Low,15.443444,20.964647,Very Low,20.849651,56.4,17.289856,100,1747031400,16.565218
2025-05-12T06:33:08Z,0,29.865,72.0,60,66.5,3,1,234,71,0.0,255,32767,0.0,2127-15-31,0.0,0.16,26.24,0.0,0.0,0.0,0,4.828125,6,45,05:49,20:11,2025-05-12 06:33:08.459595,Città della Scienza,69.7,21.946638,12.528806,19.304306,15.448141,EU EEA Common AQI,66.6,19.310177,11.325354,7200,14.666667,100,100,59.6,13.252173,Very Low,66.6,20.236399,100,1747031400,Very Low,15.443444,20.964647,Very Low,20.849651,56.4,17.289856,100,1747031400,16.565218
2025-05-12T06:33:19Z,0,29.865,72.0,60,66.5,3,1,229,71,0.0,255,32767,0.0,2127-15-31,0.0,0.16,26.24,0.0,0.0,0.0,0,4.828125,6,45,05:49,20:11,2025-05-12 06:33:19.587612,Città della Scienza,69.7,21.946638,12.528806,19.304306,15.448141,EU EEA Common AQI,66.6,19.310177,11.325354,7200,14.666667,100,100,59.6,13.252173,Very Low,66.6,20.236399,100,1747031400,Very Low,15.443444,20.964647,Very Low,20.849651,56.4,17.289856,100,1747031400,16.565218
2025-05-12T06:33:31Z,0,29.865,72.0,60,66.5,2,1,229,71,0.0,255,32767,0.0,2127-15-31,0.0,0.16,26.24,0.0,0.0,0.0,0,4.828125,6,45,05:49,20:11,2025-05-12 06:33:30.887601,Città della Scienza,69.7,21.946638,12.528806,19.304306,15.448141,EU EEA Common AQI,66.6,19.310177,11.325354,7200,14.666667,100,100,59.6,13.252173,Very Low,66.6,20.236399,100,1747031400,Very Low,15.443444,20.964647,Very Low,20.849651,56.4,17.289856,100,1747031400,16.565218
2025-05-12T06:33:42Z,0,29.864,72.0,60,66.4,3,1,229,71,0.0,255,32767,0.0,2127-15-31,0.0,0.16,26.24,0.0,0.0,0.0,0,4.828125,6,45,05:49,20:11,2025-05-12 06:33:41.945591,Città della Scienza,69.7,21.946638,12.528806,19.304306,15.448141,EU EEA Common AQI,66.6,19.310177,11.325354,7200,14.666667,100,100,59.6,13.252173,Very Low,66.6,20.236399,100,1747031400,Very Low,15.443444,20.964647,Very Low,20.849651,56.4,17.289856,100,1747031400,16.565218
2025-05-12T06:33:53Z,0,29.864,72.0,60,66.4,2,1,229,71,0.0,255,32767,0.0,2127-15-31,0.0,0.16,26.24,0.0,0.0,0.0,0,4.828125,6,45,05:49,20:11,2025-05-12 06:33:53.027589,Città della Scienza,69.7,21.946638,12.528806,19.304306,15.448141,EU EEA Common AQI,66.6,19.310177,11.325354,7200,14.666667,100,100,59.6,13.252173,Very Low,66.6,20.236399,100,1747031400,Very Low,15.443444,20.964647,Very Low,20.849651,56.4,17.289856,100,1747031400,16.565218
2025-05-12T06:34:04Z,0,29.864,72.0,60,66.5,1,1,229,71,0.0,255,32767,0.0,2127-15-31,0.0,0.16,26.24,0.0,0.0,0.0,0,4.828125,6,45,05:49,20:11,2025-05-12 06:34:04.073589,Città della Scienza,69.7,21.946638,12.528806,19.304306,15.448141,EU EEA Common AQI,66.6,19.310177,11.325354,7200,14.666667,100,100,59.6,13.252173,Very Low,66.6,20.236399,100,1747031400,Very Low,15.443444,20.964647,Very Low,20.849651,56.4,17.289856,100,1747031400,16.565218
2025-05-12T06:34:15Z,0,29.864,72.0,60,66.3,2,1,241,71,0.0,255,32767,0.0,2127-15-31,0.0,0.16,26.24,0.0,0.0,0.0,0,4.828125,6,45,05:49,20:11,2025-05-12 06:34:15.145594,Città della Scienza,69.7,21.946638,12.528806,19.304306,15.448141,EU EEA Common AQI,66.6,19.310177,11.325354,7200,14.666667,100,100,59.6,13.252173,Very Low,66.6,20.236399,100,1747031400,Very Low,15.443444,20.964647,Very Low,20.849651,56.4,17.289856,100,1747031400,16.565218
2025-05-12T06:34:26Z,0,29.864,72.0,60,66.4,3,1,242,71,0.0,255,32767,0.0,2127-15-31,0.0,0.16,26.24,0.0,0.0,0.0,0,4.828125,6,45,05:49,20:11,2025-05-12 06:34:26.220592,Città della Scienza,69.7,21.946638,12.528806,19.304306,15.448141,EU EEA Common AQI,66.6,19.310177,11.325354,7200,14.666667,100,100,59.6,13.252173,Very Low,66.6,20.236399,100,1747031400,Very Low,15.443444,20.964647,Very Low,20.849651,56.4,17.289856,100,1747031400,16.565218
2025-05-12T06:34:37Z,0,29.864,72.0,60,66.3,3,1,226,71,0.0,255,32767,0.0,2127-15-31,0.0,0.16,26.24,0.0,0.0,0.0,0,4.828125,6,45,05:49,20:11,2025-05-12 06:34:37.299596,Città della Scienza,69.7,21.946638,12.528806,19.304306,15.448141,EU EEA Common AQI,66.6,19.310177,11.325354,7200,14.666667,100,100,59.6,13.252173,Very Low,66.6,20.236399,100,1747031400,Very Low,15.443444,20.964647,Very Low,20.849651,56.4,17.289856,100,1747031400,16.565218
2025-05-12T06:34:48Z,0,29.864,72.0,60,66.3,2,1,244,71,0.0,255,32767,0.0,2127-15-31,0.0,0.16,26.24,0.0,0.0,0.0,0,4.828125,6,45,05:49,20:11,2025-05-12 06:34:48.384602,Città della Scienza,69.7,21.946638,12.528806,19.304306,15.448141,EU EEA Common AQI,66.6,19.310177,11.325354,7200,14.666667,100,100,59.6,13.252173,Very Low,66.6,20.236399,100,1747031400,Very Low,15.443444,20.964647,Very Low,20.849651,56.4,17.289856,100,1747031400,16.565218
2025-05-12T06:34:59Z,0,29.864,72.0,60,66.3,2,1,245,71,0.0,255,32767,0.0,2127-15-31,0.0,0.16,26.24,0.0,0.0,0.0,0,4.828125,6,45,05:49,20:11,2025-05-12 06:34:59.484590,Città della Scienza,69.7,21.946638,12.528806,19.304306,15.448141,EU EEA Common AQI,66.6,19.310177,11.325354,7200,14.666667,100,100,59.6,13.252173,Very Low,66.6,20.236399,100,1747031400,Very Low,15.443444,20.964647,Very Low,20.849651,56.4,17.289856,100,1747031400,16.565218
2025-05-12T06:35:10Z,0,29.864,72.0,60,66.3,1,1,245,71,0.0,255,32767,0.0,2127-15-31,0.0,0.16,26.24,0.0,0.0,0.0,0,4.828125,6,45,05:49,20:11,2025-05-12 06:35:10.539594,Città della Scienza,69.7,21.946638,12.528806,19.304306,15.448141,EU EEA Common AQI,66.6,19.310177,11.325354,7200,14.666667,100,100,59.6,13.252173,Very Low,66.6,20.236399,100,1747031400,Very Low,15.443444,20.964647,Very Low,20.849651,56.4,17.289856,100,1747031400,16.565218
2025-05-12T06:35:21Z,0,29.864,72.0,60,66.3,2,1,245,71,0.0,255,32767,0.0,2127-15-31,0.0,0.16,26.24,0.0,0.0,0.0,0,4.828125,6,45,05:49,20:11,2025-05-12 06:35:21.616597,Città della Scienza,69.7,21.946638,12.528806,19.304306,15.448141,EU EEA Common AQI,66.6,19.310177,11.325354,7200,14.666667,100,100,59.6,13.252173,Very Low,66.6,20.236399,100,1747031400,Very Low,15.443444,20.964647,Very Low,20.849651,56.4,17.289856,100,1747031400,16.565218
2025-05-12T06:35:32Z,0,29.864,72.0,60,66.3,3,2,268,71,0.0,255,32767,0.0,2127-15-31,0.0,0.16,26.24,0.0,0.0,0.0,0,4.828125,6,45,05:49,20:11,2025-05-12 06:35:32.687594,Città della Scienza,69.7,21.946638,12.528806,19.304306,15.448141,EU EEA Common AQI,66.6,19.310177,11.325354,7200,14.666667,100,100,59.6,13.252173,Very Low,66.6,20.236399,100,1747031400,Very Low,15.443444,20.964647,Very Low,20.849651,56.4,17.289856,100,1747031400,16.565218
2025-05-12T06:35:43Z,0,29.864,72.0,60,66.2,3,2,258,71,0.0,255,32767,0.0,2127-15-31,0.0,0.16,26.24,0.0,0.0,0.0,0,4.828125,6,45,05:49,20:11,2025-05-12 06:35:43.790596,Città della Scienza,69.7,21.946638,12.528806,19.304306,15.448141,EU EEA Common AQI,66.6,19.310177,11.325354,7200,14.666667,100,100,59.6,13.252173,Very Low,66.6,20.236399,100,1747031400,Very Low,15.443444,20.964647,Very Low,20.849651,56.4,17.289856,100,1747031400,16.565218
2025-05-12T06:35:55Z,0,29.864,72.0,60,66.2,3,2,247,71,0.0,255,32767,0.0,2127-15-31,0.0,0.16,26.24,0.0,0.0,0.0,0,4.828125,6,45,05:49,20:11,2025-05-12 06:35:54.853563,Città della Scienza,69.7,21.946638,12.528806,19.304306,15.448141,EU EEA Common AQI,66.6,19.310177,11.325354,7200,14.666667,100,100,59.6,13.252173,Very Low,66.6,20.236399,100,1747031400,Very Low,15.443444,20.964647,Very Low,20.849651,56.4,17.289856,100,1747031400,16.565218
2025-05-12T06:36:06Z,0,29.864,72.0,60,66.1,3,2,227,71,0.0,255,32767,0.0,2127-15-31,0.0,0.16,26.24,0.0,0.0,0.0,0,4.828125,6,45,05:49,20:11,2025-05-12 06:36:05.921602,Città della Scienza,69.7,21.946638,12.528806,19.304306,15.448141,EU EEA Common AQI,66.6,19.310177,11.325354,7200,14.666667,100,100,59.6,13.252173,Very Low,66.6,20.236399,100,1747031400,Very Low,15.443444,20.964647,Very Low,20.849651,56.4,17.289856,100,1747031400,16.565218
2025-05-12T06:36:17Z,0,29.864,72.0,60,66.1,4,2,218,71,0.0,255,32767,0.0,2127-15-31,0.0,0.16,26.24,0.0,0.0,0.0,0,4.828125,6,45,05:49,20:11,2025-05-12 06:36:17.016588,Città della Scienza,69.7,21.946638,12.528806,19.304306,15.448141,EU EEA Common AQI,66.6,19.310177,11.325354,7200,14.666667,100,100,59.6,13.252173,Very Low,66.6,20.236399,100,1747031400,Very Low,15.443444,20.964647,Very Low,20.849651,56.4,17.289856,100,1747031400,16.565218
2025-05-12T06:36:28Z,0,29.864,72.0,60,66.1,2,2,186,71,0.0,255,32767,0.0,2127-15-31,0.0,0.16,26.24,0.0,0.0,0.0,0,4.828125,6,45,05:49,20:11,2025-05-12 06:36:28.096594,Città della Scienza,69.7,21.946638,12.528806,19.304306,15.448141,EU EEA Common AQI,66.6,19.310177,11.325354,7200,14.666667,100,100,59.6,13.252173,Very Low,66.6,20.236399,100,1747031400,Very Low,15.443444,20.964647,Very Low,20.849651,56.4,17.289856,100,1747031400,16.565218
2025-05-12T06:36:39Z,0,29.866,72.0,60,66.1,1,2,159,71,0.0,255,32767,0.0,2127-15-31,0.0,0.16,26.24,0.0,0.0,0.0,0,4.828125,6,45,05:49,20:11,2025-05-12 06:36:39.151592,Città della Scienza,69.7,21.946638,12.528806,19.304306,15.448141,EU EEA Common AQI,66.6,19.310177,11.325354,7200,14.666667,100,100,59.6,13.252173,Very Low,66.6,20.236399,100,1747031400,Very Low,15.443444,20.964647,Very Low,20.849651,56.4,17.289856,100,1747031400,16.565218
2025-05-12T06:36:50Z,0,29.866,72.0,60,66.1,2,2,215,71,0.0,255,32767,0.0,2127-15-31,0.0,0.16,26.24,0.0,0.0,0.0,0,4.828125,6,45,05:49,20:11,2025-05-12 06:36:50.234602,Città della Scienza,69.7,21.946638,12.528806,19.304306,15.448141,EU EEA Common AQI,66.6,19.310177,11.325354,7200,14.666667,100,100,59.6,13.252173,Very Low,66.6,20.236399,100,1747031400,Very Low,15.443444,20.964647,Very Low,20.849651,56.4,17.289856,100,1747031400,16.565218
2025-05-12T06:37:01Z,0,29.866,72.0,60,66.0,2,2,246,71,0.0,255,32767,0.0,2127-15-31,0.0,0.16,26.24,0.0,0.0,0.0,0,4.828125,6,45,05:49,20:11,2025-05-12 06:37:01.341590,Città della Scienza,69.7,21.946638,12.528806,19.304306,15.448141,EU EEA Common AQI,66.6,19.310177,11.325354,7200,14.666667,100,100,59.6,13.252173,Very Low,66.6,20.236399,100,1747031400,Very Low,15.443444,20.964647,Very Low,20.849651,56.4,17.289856,100,1747031400,16.565218
2025-05-12T06:37:12Z,0,29.866,72.0,60,66.0,3,2,244,71,0.0,255,32767,0.0,2127-15-31,0.0,0.16,26.24,0.0,0.0,0.0,0,4.828125,6,45,05:49,20:11,2025-05-12 06:37:12.484587,Città della Scienza,69.7,21.946638,12.528806,19.304306,15.448141,EU EEA Common AQI,66.6,19.310177,11.325354,7200,14.666667,100,100,59.6,13.252173,Very Low,66.6,20.236399,100,1747031400,Very Low,15.443444,20.964647,Very Low,20.849651,56.4,17.289856,100,1747031400,16.565218
2025-05-12T06:37:23Z,0,29.866,72.0,60,66.0,3,2,240,71,0.0,255,32767,0.0,2127-15-31,0.0,0.16,26.24,0.0,0.0,0.0,0,4.828125,6,45,05:49,20:11,2025-05-12 06:37:23.562592,Città della Scienza,69.7,21.946638,12.528806,19.304306,15.448141,EU EEA Common AQI,66.6,19.310177,11.325354,7200,14.666667,100,100,59.6,13.252173,Very Low,66.6,20.236399,100,1747031400,Very Low,15.443444,20.964647,Very Low,20.849651,56.4,17.289856,100,1747031400,16.565218
2025-05-12T06:37:34Z,0,29.865,72.0,60,66.0,3,2,240,71,0.0,255,32767,0.0,2127-15-31,0.0,0.16,26.24,0.0,0.0,0.0,0,4.828125,6,45,05:49,20:11,2025-05-12 06:37:34.661604,Città della Scienza,69.7,21.946638,12.528806,19.304306,15.448141,EU EEA Common AQI,66.6,19.310177,11.325354,7200,14.666667,100,100,59.6,13.252173,Very Low,66.6,20.236399,100,1747031400,Very Low,15.443444,20.964647,Very Low,20.849651,56.4,17.289856,100,1747031400,16.565218
2025-05-12T06:37:45Z,0,29.865,72.0,60,65.9,4,2,243,71,0.0,255,32767,0.0,2127-15-31,0.0,0.16,26.24,0.0,0.0,0.0,0,4.828125,6,45,05:49,20:11,2025-05-12 06:37:45.774559,Città della Scienza,69.7,21.946638,12.528806,19.304306,15.448141,EU EEA Common AQI,66.6,19.310177,11.325354,7200,14.666667,100,100,59.6,13.252173,Very Low,66.6,20.236399,100,1747031400,Very Low,15.443444,20.964647,Very Low,20.849651,56.4,17.289856,100,1747031400,16.565218
2025-05-12T06:37:57Z,0,29.865,72.0,60,65.8,4,2,233,71,0.0,255,32767,0.0,2127-15-31,0.0,0.16,26.24,0.0,0.0,0.0,0,4.828125,6,45,05:49,20:11,2025-05-12 06:37:56.873602,Città della Scienza,69.7,21.946638,12.528806,19.304306,15.448141,EU EEA Common AQI,66.6,19.310177,11.325354,7200,14.666667,100,100,59.6,13.252173,Very Low,66.6,20.236399,100,1747031400,Very Low,15.443444,20.964647,Very Low,20.849651,56.4,17.289856,100,1747031400,16.565218
2025-05-12T06:38:08Z,0,29.865,72.0,60,65.8,3,2,217,71,0.0,255,32767,0.0,2127-15-31,0.0,0.16,26.24,0.0,0.0,0.0,0,4.828125,6,45,05:49,20:11,2025-05-12 06:38:08.008587,Città della Scienza,69.7,21.946638,12.528806,19.304306,15.448141,EU EEA Common AQI,66.6,19.310177,11.325354,7200,14.666667,100,100,59.6,13.252173,Very Low,66.6,20.236399,100,1747031400,Very Low,15.443444,20.964647,Very Low,20.849651,56.4,17.289856,100,1747031400,16.565218
2025-05-12T06:38:19Z,0,29.865,72.0,60,65.8,2,2,217,71,0.0,255,32767,0.0,2127-15-31,0.0,0.16,26.24,0.0,0.0,0.0,0,4.828125,6,45,05:49,20:11,2025-05-12 06:38:19.097590,Città della Scienza,69.7,21.946638,12.528806,19.304306,15.448141,EU EEA Common AQI,66.6,19.310177,11.325354,7200,14.666667,100,100,59.6,13.252173,Very Low,66.6,20.236399,100,1747031400,Very Low,15.443444,20.964647,Very Low,20.849651,56.4,17.289856,100,1747031400,16.565218
2025-05-12T06:38:30Z,0,29.865,72.0,60,65.8,3,2,248,71,0.0,255,32767,0.0,2127-15-31,0.0,0.16,26.24,0.0,0.0,0.0,0,4.828125,6,45,05:49,20:11,2025-05-12 06:38:30.180600,Città della Scienza,69.7,21.946638,12.528806,19.304306,15.448141,EU EEA Common AQI,66.6,19.310177,11.325354,7200,14.666667,100,100,59.6,13.252173,Very Low,66.6,20.236399,100,1747031400,Very Low,15.443444,20.964647,Very Low,20.849651,56.4,17.289856,100,1747031400,16.565218
2025-05-12T06:38:41Z,0,29.865,72.0,60,65.8,3,2,246,71,0.0,255,32767,0.0,2127-15-31,0.0,0.16,26.24,0.0,0.0,0.0,0,4.828125,6,45,05:49,20:11,2025-05-12 06:38:41.233587,Città della Scienza,69.7,21.946638,12.528806,19.304306,15.448141,EU EEA Common AQI,66.6,19.310177,11.325354,7200,14.666667,100,100,59.6,13.252173,Very Low,66.6,20.236399,100,1747031400,Very Low,15.443444,20.964647,Very Low,20.849651,56.4,17.289856,100,1747031400,16.565218
2025-05-12T06:38:52Z,0,29.865,72.0,60,65.7,1,2,246,72,0.0,255,32767,0.0,2127-15-31,0.0,0.16,26.24,0.0,0.0,0.0,0,4.828125,6,45,05:49,20:11,2025-05-12 06:38:52.339603,Città della Scienza,69.7,21.946638,12.528806,19.304306,15.448141,EU EEA Common AQI,66.6,19.310177,11.325354,7200,14.666667,100,100,59.6,13.252173,Very Low,66.6,20.236399,100,1747031400,Very Low,15.443444,20.964647,Very Low,20.849651,56.4,17.289856,100,1747031400,16.565218
2025-05-12T06:39:03Z,0,29.865,72.0,60,65.7,3,2,242,72,0.0,255,32767,0.0,2127-15-31,0.0,0.16,26.24,0.0,0.0,0.0,0,4.828125,6,45,05:49,20:11,2025-05-12 06:39:03.431589,Città della Scienza,69.7,21.946638,12.528806,19.304306,15.448141,EU EEA Common AQI,66.6,19.310177,11.325354,7200,14.666667,100,100,59.6,13.252173,Very Low,66.6,20.236399,100,1747031400,Very Low,15.443444,20.964647,Very Low,20.849651,56.4,17.289856,100,1747031400,16.565218
2025-05-12T06:39:14Z,0,29.865,72.0,60,65.7,2,2,241,72,0.0,255,32767,0.0,2127-15-31,0.0,0.16,26.24,0.0,0.0,0.0,0,4.828125,6,45,05:49,20:11,2025-05-12 06:39:14.558594,Città della Scienza,69.7,21.946638,12.528806,19.304306,15.448141,EU EEA Common AQI,66.6,19.310177,11.325354,7200,14.666667,100,100,59.6,13.252173,Very Low,66.6,20.236399,100,1747031400,Very Low,15.443444,20.964647,Very Low,20.849651,56.4,17.289856,100,1747031400,16.565218
2025-05-12T06:39:25Z,0,29.865,72.0,60,65.6,2,2,235,72,0.0,255,32767,0.0,2127-15-31,0.0,0.16,26.24,0.0,0.0,0.0,0,4.828125,6,45,05:49,20:11,2025-05-12 06:39:25.655602,Città della Scienza,69.7,21.946638,12.528806,19.304306,15.448141,EU EEA Common AQI,66.6,19.310177,11.325354,7200,14.666667,100,100,59.6,13.252173,Very Low,66.6,20.236399,100,1747031400,Very Low,15.443444,20.964647,Very Low,20.849651,56.4,17.289856,100,1747031400,16.565218
2025-05-12T06:39:36Z,0,29.866,72.1,60,65.6,1,2,231,72,0.0,255,32767,0.0,2127-15-31,0.0,0.16,26.24,0.0,0.0,0.0,0,4.828125,6,45,05:49,20:11,2025-05-12 06:39:36.773609,Città della Scienza,69.7,21.946638,12.528806,19.304306,15.448141,EU EEA Common AQI,66.6,19.310177,11.325354,7200,14.666667,100,100,59.6,13.252173,Very Low,66.6,20.236399,100,1747031400,Very Low,15.443444,20.964647,Very Low,20.849651,56.4,17.289856,100,1747031400,16.565218
2025-05-12T06:39:48Z,0,29.866,72.1,60,65.6,2,2,226,73,0.0,255,32767,0.0,2127-15-31,0.0,0.16,26.24,0.0,0.0,0.0,0,4.828125,6,45,05:49,20:11,2025-05-12 06:39:47.856560,Città della Scienza,69.7,21.946638,12.528806,19.304306,15.448141,EU EEA Common AQI,66.6,19.310177,11.325354,7200,14.666667,100,100,59.6,13.252173,Very Low,66.6,20.236399,100,1747031400,Very Low,15.443444,20.964647,Very Low,20.849651,56.4,17.289856,100,1747031400,16.565218
2025-05-12T06:39:59Z,0,29.866,72.1,60,65.6,1,2,227,73,0.0,255,32767,0.0,2127-15-31,0.0,0.16,26.24,0.0,0.0,0.0,0,4.828125,6,45,05:49,20:11,2025-05-12 06:39:58.950590,Città della Scienza,69.7,21.946638,12.528806,19.304306,15.448141,EU EEA Common AQI,66.6,19.310177,11.325354,7200,14.666667,100,100,59.6,13.252173,Very Low,66.6,20.236399,100,1747031400,Very Low,15.443444,20.964647,Very Low,20.849651,56.4,17.289856,100,1747031400,16.565218
2025-05-12T06:40:10Z,0,29.866,72.1,60,65.6,1,2,227,73,0.0,255,32767,0.0,2127-15-31,0.0,0.16,26.24,0.0,0.0,0.0,0,4.828125,6,45,05:49,20:11,2025-05-12 06:40:10.040590,Città della Scienza,69.7,21.946638,12.528806,19.304306,15.448141,EU EEA Common AQI,66.6,19.310177,11.325354,7200,14.666667,100,100,59.6,13.252173,Very Low,66.6,20.236399,100,1747031400,Very Low,15.443444,20.964647,Very Low,20.849651,56.4,17.289856,100,1747031400,16.565218
2025-05-12T06:40:21Z,0,29.866,72.1,60,65.6,1,2,213,73,0.0,255,32767,0.0,2127-15-31,0.0,0.16,26.24,0.0,0.0,0.0,0,4.828125,6,45,05:49,20:11,2025-05-12 06:40:21.102559,Città della Scienza,69.7,21.946638,12.528806,19.304306,15.448141,EU EEA Common AQI,66.6,19.310177,11.325354,7200,14.666667,100,100,59.6,13.252173,Very Low,66.6,20.236399,100,1747031400,Very Low,15.443444,20.964647,Very Low,20.849651,56.4,17.289856,100,1747031400,16.565218
2025-05-12T06:40:32Z,0,29.866,72.0,60,65.6,2,2,251,73,0.0,255,32767,0.0,2127-15-31,0.0,0.16,26.24,0.0,0.0,0.0,0,4.828125,6,45,05:49,20:11,2025-05-12 06:40:32.238603,Città della Scienza,69.7,21.946638,12.528806,19.304306,15.448141,EU EEA Common AQI,66.6,19.310177,11.325354,7200,14.666667,100,100,59.6,13.252173,Very Low,66.6,20.236399,100,1747031400,Very Low,15.443444,20.964647,Very Low,20.849651,56.4,17.289856,100,1747031400,16.565218
2025-05-12T06:40:43Z,0,29.865,72.0,60,65.6,3,2,240,73,0.0,255,32767,0.0,2127-15-31,0.0,0.16,26.24,0.0,0.0,0.0,0,4.828125,6,45,05:49,20:11,2025-05-12 06:40:43.329594,Città della Scienza,69.7,21.946638,12.528806,19.304306,15.448141,EU EEA Common AQI,66.6,19.310177,11.325354,7200,14.666667,100,100,59.6,13.252173,Very Low,66.6,20.236399,100,1747031400,Very Low,15.443444,20.964647,Very Low,20.849651,56.4,17.289856,100,1747031400,16.565218
2025-05-12T06:40:54Z,0,29.865,72.0,60,65.6,3,2,215,73,0.0,255,32767,0.0,2127-15-31,0.0,0.16,26.24,0.0,0.0,0.0,0,4.828125,6,45,05:49,20:11,2025-05-12 06:40:54.378598,Città della Scienza,69.7,21.946638,12.528806,19.304306,15.448141,EU EEA Common AQI,66.6,19.310177,11.325354,7200,14.666667,100,100,59.6,13.252173,Very Low,66.6,20.236399,100,1747031400,Very Low,15.443444,20.964647,Very Low,20.849651,56.4,17.289856,100,1747031400,16.565218
2025-05-12T06:41:05Z,0,29.865,72.0,60,65.6,4,2,225,73,0.0,255,32767,0.0,2127-15-31,0.0,0.16,26.24,0.0,0.0,0.0,0,4.828125,6,45,05:49,20:11,2025-05-12 06:41:05.440596,Città della Scienza,69.7,21.946638,12.528806,19.304306,15.448141,EU EEA Common AQI,66.6,19.310177,11.325354,7200,14.666667,100,100,59.6,13.252173,Very Low,66.6,20.236399,100,1747031400,Very Low,15.443444,20.964647,Very Low,20.849651,56.4,17.289856,100,1747031400,16.565218
2025-05-12T06:41:16Z,0,29.865,72.0,60,65.6,4,2,211,73,0.0,255,32767,0.0,2127-15-31,0.0,0.16,26.24,0.0,0.0,0.0,0,4.828125,6,45,05:49,20:11,2025-05-12 06:41:16.524594,Città della Scienza,69.7,21.946638,12.528806,19.304306,15.448141,EU EEA Common AQI,66.6,19.310177,11.325354,7200,14.666667,100,100,59.6,13.252173,Very Low,66.6,20.236399,100,1747031400,Very Low,15.443444,20.964647,Very Low,20.849651,56.4,17.289856,100,1747031400,16.565218
2025-05-12T06:41:27Z,0,29.865,72.0,60,65.6,3,2,217,73,0.0,255,32767,0.0,2127-15-31,0.0,0.16,26.24,0.0,0.0,0.0,0,4.828125,6,45,05:49,20:11,2025-05-12 06:41:27.669601,Città della Scienza,69.7,21.946638,12.528806,19.304306,15.448141,EU EEA Common AQI,66.6,19.310177,11.325354,7200,14.666667,100,100,59.6,13.252173,Very Low,66.6,20.236399,100,1747031400,Very Low,15.443444,20.964647,Very Low,20.849651,56.4,17.289856,100,1747031400,16.565218
2025-05-12T06:41:38Z,0,29.867,72.0,60,65.5,2,2,225,73,0.0,255,32767,0.0,2127-15-31,0.0,0.16,26.24,0.0,0.0,0.0,0,4.828125,6,45,05:49,20:11,2025-05-12 06:41:38.749594,Città della Scienza,69.7,21.946638,12.528806,19.304306,15.448141,EU EEA Common AQI,66.6,19.310177,11.325354,7200,14.666667,100,100,59.6,13.252173,Very Low,66.6,20.236399,100,1747031400,Very Low,15.443444,20.964647,Very Low,20.849651,56.4,17.289856,100,1747031400,16.565218
2025-05-12T06:41:50Z,0,29.867,72.0,60,65.5,1,2,223,73,0.0,255,32767,0.0,2127-15-31,0.0,0.16,26.24,0.0,0.0,0.0,0,4.828125,6,45,05:49,20:11,2025-05-12 06:41:49.824594,Città della Scienza,69.7,21.946638,12.528806,19.304306,15.448141,EU EEA Common AQI,66.6,19.310177,11.325354,7200,14.666667,100,100,59.6,13.252173,Very Low,66.6,20.236399,100,1747031400,Very Low,15.443444,20.964647,Very Low,20.849651,56.4,17.289856,100,1747031400,16.565218
2025-05-12T06:42:01Z,0,29.867,72.0,60,65.5,4,2,227,73,0.0,255,32767,0.0,2127-15-31,0.0,0.16,26.24,0.0,0.0,0.0,0,4.828125,6,45,05:49,20:11,2025-05-12 06:42:00.916602,Città della Scienza,69.7,21.946638,12.528806,19.304306,15.448141,EU EEA Common AQI,66.6,19.310177,11.325354,7200,14.666667,100,100,59.6,13.252173,Very Low,66.6,20.236399,100,1747031400,Very Low,15.443444,20.964647,Very Low,20.849651,56.4,17.289856,100,1747031400,16.565218
2025-05-12T06:42:12Z,0,29.867,72.0,60,65.5,4,2,242,73,0.0,255,32767,0.0,2127-15-31,0.0,0.16,26.24,0.0,0.0,0.0,0,4.828125,6,45,05:49,20:11,2025-05-12 06:42:11.990602,Città della Scienza,69.7,21.946638,12.528806,19.304306,15.448141,EU EEA Common AQI,66.6,19.310177,11.325354,7200,14.666667,100,100,59.6,13.252173,Very Low,66.6,20.236399,100,1747031400,Very Low,15.443444,20.964647,Very Low,20.849651,56.4,17.289856,100,1747031400,16.565218
2025-05-12T06:42:23Z,0,29.867,72.0,60,65.5,2,2,204,73,0.0,255,32767,0.0,2127-15-31,0.0,0.16,26.24,0.0,0.0,0.0,0,4.828125,6,45,05:49,20:11,2025-05-12 06:42:23.086593,Città della Scienza,69.7,21.946638,12.528806,19.304306,15.448141,EU EEA Common AQI,66.6,19.310177,11.325354,7200,14.666667,100,100,59.6,13.252173,Very Low,66.6,20.236399,100,1747031400,Very Low,15.443444,20.964647,Very Low,20.849651,56.4,17.289856,100,1747031400,16.565218
2025-05-12T06:42:34Z,0,29.866,72.0,60,65.5,1,2,121,73,0.0,255,32767,0.0,2127-15-31,0.0,0.16,26.24,0.0,0.0,0.0,0,4.828125,6,45,05:49,20:11,2025-05-12 06:42:34.175596,Città della Scienza,69.7,21.946638,12.528806,19.304306,15.448141,EU EEA Common AQI,66.6,19.310177,11.325354,7200,14.666667,100,100,59.6,13.252173,Very Low,66.6,20.236399,100,1747031400,Very Low,15.443444,20.964647,Very Low,20.849651,56.4,17.289856,100,1747031400,16.565218
2025-05-12T06:42:45Z,0,29.866,72.0,60,65.5,2,2,242,73,0.0,255,32767,0.0,2127-15-31,0.0,0.16,26.24,0.0,0.0,0.0,0,4.828125,6,45,05:49,20:11,2025-05-12 06:42:45.235594,Città della Scienza,69.7,21.946638,12.528806,19.304306,15.448141,EU EEA Common AQI,66.6,19.310177,11.325354,7200,14.666667,100,100,59.6,13.252173,Very Low,66.6,20.236399,100,1747031400,Very Low,15.443444,20.964647,Very Low,20.849651,56.4,17.289856,100,1747031400,16.565218
2025-05-12T06:42:56Z,0,29.866,72.0,60,65.5,4,2,224,73,0.0,255,32767,0.0,2127-15-31,0.0,0.16,26.24,0.0,0.0,0.0,0,4.828125,6,45,05:49,20:11,2025-05-12 06:42:56.331591,Città della Scienza,69.7,21.946638,12.528806,19.304306,15.448141,EU EEA Common AQI,66.6,19.310177,11.325354,7200,14.666667,100,100,59.6,13.252173,Very Low,66.6,20.236399,100,1747031400,Very Low,15.443444,20.964647,Very Low,20.849651,56.4,17.289856,100,1747031400,16.565218
2025-05-12T06:43:07Z,0,29.866,72.0,60,65.5,3,2,217,73,0.0,255,32767,0.0,2127-15-31,0.0,0.16,26.24,0.0,0.0,0.0,0,4.828125,6,45,05:49,20:11,2025-05-12 06:43:07.402596,Città della Scienza,69.7,21.946638,12.528806,19.304306,15.448141,EU EEA Common AQI,66.6,19.310177,11.325354,7200,14.666667,100,100,59.6,13.252173,Very Low,66.6,20.236399,100,1747031400,Very Low,15.443444,20.964647,Very Low,20.849651,56.4,17.289856,100,1747031400,16.565218
2025-05-12T06:43:18Z,0,29.866,72.0,60,65.4,2,2,221,73,0.0,255,32767,0.0,2127-15-31,0.0,0.16,26.24,0.0,0.0,0.0,0,4.828125,6,45,05:49,20:11,2025-05-12 06:43:18.514589,Città della Scienza,69.7,21.946638,12.528806,19.304306,15.448141,EU EEA Common AQI,66.6,19.310177,11.325354,7200,14.666667,100,100,59.6,13.252173,Very Low,66.6,20.236399,100,1747031400,Very Low,15.443444,20.964647,Very Low,20.849651,56.4,17.289856,100,1747031400,16.565218
2025-05-12T06:43:29Z,0,29.866,72.0,60,65.5,2,2,174,73,0.0,255,32767,0.0,2127-15-31,0.0,0.16,26.24,0.0,0.0,0.0,0,4.828125,6,45,05:49,20:11,2025-05-12 06:43:29.595608,Città della Scienza,69.7,21.946638,12.528806,19.304306,15.448141,EU EEA Common AQI,66.6,19.310177,11.325354,7200,14.666667,100,100,59.6,13.252173,Very Low,66.6,20.236399,100,1747031400,Very Low,15.443444,20.964647,Very Low,20.849651,56.4,17.289856,100,1747031400,16.565218
2025-05-12T06:43:40Z,0,29.867,72.1,60,65.5,0,2,174,73,0.0,255,32767,0.0,2127-15-31,0.0,0.16,26.24,0.0,0.0,0.0,0,4.828125,6,45,05:49,20:11,2025-05-12 06:43:40.678597,Città della Scienza,69.7,21.946638,12.528806,19.304306,15.448141,EU EEA Common AQI,66.6,19.310177,11.325354,7200,14.666667,100,100,59.6,13.252173,Very Low,66.6,20.236399,100,1747031400,Very Low,15.443444,20.964647,Very Low,20.849651,56.4,17.289856,100,1747031400,16.565218
2025-05-12T06:43:51Z,0,29.867,72.1,60,65.5,2,2,186,73,0.0,255,32767,0.0,2127-15-31,0.0,0.16,26.24,0.0,0.0,0.0,0,4.828125,6,45,05:49,20:11,2025-05-12 06:43:51.782598,Città della Scienza,69.7,21.946638,12.528806,19.304306,15.448141,EU EEA Common AQI,66.6,19.310177,11.325354,7200,14.666667,100,100,59.6,13.252173,Very Low,66.6,20.236399,100,1747031400,Very Low,15.443444,20.964647,Very Low,20.849651,56.4,17.289856,100,1747031400,16.565218
2025-05-12T06:44:03Z,0,29.867,72.1,60,65.4,2,2,164,73,0.0,255,32767,0.0,2127-15-31,0.0,0.16,26.24,0.0,0.0,0.0,0,4.828125,6,45,05:49,20:11,2025-05-12 06:44:02.805596,Città della Scienza,69.7,21.946638,12.528806,19.304306,15.448141,EU EEA Common AQI,66.6,19.310177,11.325354,7200,14.666667,100,100,59.6,13.252173,Very Low,66.6,20.236399,100,1747031400,Very Low,15.443444,20.964647,Very Low,20.849651,56.4,17.289856,100,1747031400,16.565218
2025-05-12T06:44:14Z,0,29.867,72.1,60,65.5,2,2,209,73,0.0,255,32767,0.0,2127-15-31,0.0,0.16,26.24,0.0,0.0,0.0,0,4.828125,6,45,05:49,20:11,2025-05-12 06:44:13.923598,Città della Scienza,69.7,21.946638,12.528806,19.304306,15.448141,EU EEA Common AQI,66.6,19.310177,11.325354,7200,14.666667,100,100,59.6,13.252173,Very Low,66.6,20.236399,100,1747031400,Very Low,15.443444,20.964647,Very Low,20.849651,56.4,17.289856,100,1747031400,16.565218
2025-05-12T06:44:25Z,0,29.867,72.1,60,65.5,4,2,234,73,0.0,255,32767,0.0,2127-15-31,0.0,0.16,26.24,0.0,0.0,0.0,0,4.828125,6,45,05:49,20:11,2025-05-12 06:44:25.001598,Città della Scienza,69.7,21.946638,12.528806,19.304306,15.448141,EU EEA Common AQI,66.6,19.310177,11.325354,7200,14.666667,100,100,59.6,13.252173,Very Low,66.6,20.236399,100,1747031400,Very Low,15.443444,20.964647,Very Low,20.849651,56.4,17.289856,100,1747031400,16.565218
2025-05-12T06:44:36Z,0,29.867,72.0,60,65.5,4,2,213,73,0.0,255,32767,0.0,2127-15-31,0.0,0.16,26.24,0.0,0.0,0.0,0,4.828125,6,45,05:49,20:11,2025-05-12 06:44:36.140613,Città della Scienza,69.7,21.946638,12.528806,19.304306,15.448141,EU EEA Common AQI,66.6,19.310177,11.325354,7200,14.666667,100,100,59.6,13.252173,Very Low,66.6,20.236399,100,1747031400,Very Low,15.443444,20.964647,Very Low,20.849651,56.4,17.289856,100,1747031400,16.565218
2025-05-12T06:44:47Z,0,29.867,72.0,60,65.4,4,2,222,73,0.0,255,32767,0.0,2127-15-31,0.0,0.16,26.24,0.0,0.0,0.0,0,4.828125,6,45,05:49,20:11,2025-05-12 06:44:47.245596,Città della Scienza,69.7,21.946638,12.528806,19.304306,15.448141,EU EEA Common AQI,66.6,19.310177,11.325354,7200,14.666667,100,100,59.6,13.252173,Very Low,66.6,20.236399,100,1747031400,Very Low,15.443444,20.964647,Very Low,20.849651,56.4,17.289856,100,1747031400,16.565218
2025-05-12T06:44:58Z,0,29.867,72.0,60,65.4,3,2,217,73,0.0,255,32767,0.0,2127-15-31,0.0,0.16,26.24,0.0,0.0,0.0,0,4.828125,6,45,05:49,20:11,2025-05-12 06:44:58.384602,Città della Scienza,69.7,21.946638,12.528806,19.304306,15.448141,EU EEA Common AQI,66.6,19.310177,11.325354,7200,14.666667,100,100,59.6,13.252173,Very Low,66.6,20.236399,100,1747031400,Very Low,15.443444,20.964647,Very Low,20.849651,56.4,17.289856,100,1747031400,16.565218
2025-05-12T06:45:09Z,0,29.867,72.0,60,65.4,3,2,240,73,0.0,255,32767,0.0,2127-15-31,0.0,0.16,26.24,0.0,0.0,0.0,0,4.828125,6,45,05:49,20:11,2025-05-12 06:45:09.461589,Città della Scienza,69.7,21.946638,12.528806,19.304306,15.448141,EU EEA Common AQI,66.6,19.310177,11.325354,7200,14.666667,100,100,59.6,13.252173,Very Low,66.6,20.236399,100,1747031400,Very Low,15.443444,20.964647,Very Low,20.849651,56.4,17.289856,100,1747031400,16.565218
2025-05-12T06:45:20Z,0,29.867,72.0,60,65.4,2,2,217,73,0.0,255,32767,0.0,2127-15-31,0.0,0.16,26.24,0.0,0.0,0.0,0,4.828125,6,45,05:49,20:11,2025-05-12 06:45:20.630600,Città della Scienza,69.7,21.946638,12.528806,19.304306,15.448141,EU EEA Common AQI,66.6,19.310177,11.325354,7200,14.666667,100,100,59.6,13.252173,Very Low,66.6,20.236399,100,1747031400,Very Low,15.443444,20.964647,Very Low,20.849651,56.4,17.289856,100,1747031400,16.565218
2025-05-12T06:45:31Z,0,29.867,72.0,60,65.4,1,2,238,73,0.0,255,32767,0.0,2127-15-31,0.0,0.16,26.24,0.0,0.0,0.0,0,4.828125,6,45,05:49,20:11,2025-05-12 06:45:31.745607,Città della Scienza,68.3,22.170626,12.387891,17.345266,14.839277,EU EEA Common AQI,67.4,18.549097,11.20165,7200,11.914286,100,100,59.9,10.628571,Very Low,67.4,20.440048,100,1747032300,Very Low,13.876212,20.116257,Very Low,18.744595,56.5,15.342857,100,1747032300,13.285714
2025-05-12T06:45:42Z,0,29.865,72.1,60,65.4,1,2,218,73,0.0,255,32767,0.0,2127-15-31,0.0,0.16,26.24,0.0,0.0,0.0,0,4.828125,6,45,05:49,20:11,2025-05-12 06:45:42.789590,Città della Scienza,68.3,22.170626,12.387891,17.345266,14.839277,EU EEA Common AQI,67.4,18.549097,11.20165,7200,11.914286,100,100,59.9,10.628571,Very Low,67.4,20.440048,100,1747032300,Very Low,13.876212,20.116257,Very Low,18.744595,56.5,15.342857,100,1747032300,13.285714
2025-05-12T06:45:54Z,0,29.865,72.1,60,65.4,2,2,231,73,0.0,255,32767,0.0,2127-15-31,0.0,0.16,26.24,0.0,0.0,0.0,0,4.828125,6,45,05:49,20:11,2025-05-12 06:45:53.850583,Città della Scienza,68.3,22.170626,12.387891,17.345266,14.839277,EU EEA Common AQI,67.4,18.549097,11.20165,7200,11.914286,100,100,59.9,10.628571,Very Low,67.4,20.440048,100,1747032300,Very Low,13.876212,20.116257,Very Low,18.744595,56.5,15.342857,100,1747032300,13.285714
2025-05-12T06:46:05Z,0,29.865,72.1,60,65.3,2,2,221,73,0.0,255,32767,0.0,2127-15-31,0.0,0.16,26.24,0.0,0.0,0.0,0,4.828125,6,45,05:49,20:11,2025-05-12 06:46:04.946601,Città della Scienza,68.3,22.170626,12.387891,17.345266,14.839277,EU EEA Common AQI,67.4,18.549097,11.20165,7200,11.914286,100,100,59.9,10.628571,Very Low,67.4,20.440048,100,1747032300,Very Low,13.876212,20.116257,Very Low,18.744595,56.5,15.342857,100,1747032300,13.285714
2025-05-12T06:46:16Z,0,29.865,72.1,60,65.3,2,2,242,73,0.0,255,32767,0.0,2127-15-31,0.0,0.16,26.24,0.0,0.0,0.0,0,4.828125,6,45,05:49,20:11,2025-05-12 06:46:16.043589,Città della Scienza,68.3,22.170626,12.387891,17.345266,14.839277,EU EEA Common AQI,67.4,18.549097,11.20165,7200,11.914286,100,100,59.9,10.628571,Very Low,67.4,20.440048,100,1747032300,Very Low,13.876212,20.116257,Very Low,18.744595,56.5,15.342857,100,1747032300,13.285714
2025-05-12T06:46:27Z,0,29.865,72.1,60,65.3,2,2,219,73,0.0,255,32767,0.0,2127-15-31,0.0,0.16,26.24,0.0,0.0,0.0,0,4.828125,6,45,05:49,20:11,2025-05-12 06:46:27.128601,Città della Scienza,68.3,22.170626,12.387891,17.345266,14.839277,EU EEA Common AQI,67.4,18.549097,11.20165,7200,11.914286,100,100,59.9,10.628571,Very Low,67.4,20.440048,100,1747032300,Very Low,13.876212,20.116257,Very Low,18.744595,56.5,15.342857,100,1747032300,13.285714
2025-05-12T06:46:38Z,0,29.865,72.0,60,65.4,2,2,201,73,0.0,255,32767,0.0,2127-15-31,0.0,0.16,26.24,0.0,0.0,0.0,0,4.828125,6,45,05:49,20:11,2025-05-12 06:46:38.245590,Città della Scienza,68.3,22.170626,12.387891,17.345266,14.839277,EU EEA Common AQI,67.4,18.549097,11.20165,7200,11.914286,100,100,59.9,10.628571,Very Low,67.4,20.440048,100,1747032300,Very Low,13.876212,20.116257,Very Low,18.744595,56.5,15.342857,100,1747032300,13.285714
2025-05-12T06:46:49Z,0,29.865,72.0,60,65.3,2,2,223,73,0.0,255,32767,0.0,2127-15-31,0.0,0.16,26.24,0.0,0.0,0.0,0,4.828125,6,45,05:49,20:11,2025-05-12 06:46:49.298554,Città della Scienza,68.3,22.170626,12.387891,17.345266,14.839277,EU EEA Common AQI,67.4,18.549097,11.20165,7200,11.914286,100,100,59.9,10.628571,Very Low,67.4,20.440048,100,1747032300,Very Low,13.876212,20.116257,Very Low,18.744595,56.5,15.342857,100,1747032300,13.285714
2025-05-12T06:47:00Z,0,29.865,72.0,60,65.4,1,2,294,73,0.0,255,32767,0.0,2127-15-31,0.0,0.16,26.24,0.0,0.0,0.0,0,4.828125,6,45,05:49,20:11,2025-05-12 06:47:00.378604,Città della Scienza,68.3,22.170626,12.387891,17.345266,14.839277,EU EEA Common AQI,67.4,18.549097,11.20165,7200,11.914286,100,100,59.9,10.628571,Very Low,67.4,20.440048,100,1747032300,Very Low,13.876212,20.116257,Very Low,18.744595,56.5,15.342857,100,1747032300,13.285714
2025-05-12T06:47:11Z,0,29.865,72.0,60,65.4,1,2,288,73,0.0,255,32767,0.0,2127-15-31,0.0,0.16,26.24,0.0,0.0,0.0,0,4.828125,6,45,05:49,20:11,2025-05-12 06:47:11.465591,Città della Scienza,68.3,22.170626,12.387891,17.345266,14.839277,EU EEA Common AQI,67.4,18.549097,11.20165,7200,11.914286,100,100,59.9,10.628571,Very Low,67.4,20.440048,100,1747032300,Very Low,13.876212,20.116257,Very Low,18.744595,56.5,15.342857,100,1747032300,13.285714
2025-05-12T06:47:22Z,0,29.865,72.0,60,65.3,0,2,288,73,0.0,255,32767,0.0,2127-15-31,0.0,0.16,26.24,0.0,0.0,0.0,0,4.828125,6,45,05:49,20:11,2025-05-12 06:47:22.529585,Città della Scienza,68.3,22.170626,12.387891,17.345266,14.839277,EU EEA Common AQI,67.4,18.549097,11.20165,7200,11.914286,100,100,59.9,10.628571,Very Low,67.4,20.440048,100,1747032300,Very Low,13.876212,20.116257,Very Low,18.744595,56.5,15.342857,100,1747032300,13.285714
2025-05-12T06:47:33Z,0,29.868,72.0,60,65.3,2,2,252,73,0.0,255,32767,0.0,2127-15-31,0.0,0.16,26.24,0.0,0.0,0.0,0,4.828125,6,45,05:49,20:11,2025-05-12 06:47:33.618625,Città della Scienza,68.3,22.170626,12.387891,17.345266,14.839277,EU EEA Common AQI,67.4,18.549097,11.20165,7200,11.914286,100,100,59.9,10.628571,Very Low,67.4,20.440048,100,1747032300,Very Low,13.876212,20.116257,Very Low,18.744595,56.5,15.342857,100,1747032300,13.285714
2025-05-12T06:47:44Z,0,29.868,72.0,60,65.4,0,2,252,73,0.0,255,32767,0.0,2127-15-31,0.0,0.16,26.24,0.0,0.0,0.0,0,4.828125,6,45,05:49,20:11,2025-05-12 06:47:44.691592,Città della Scienza,68.3,22.170626,12.387891,17.345266,14.839277,EU EEA Common AQI,67.4,18.549097,11.20165,7200,11.914286,100,100,59.9,10.628571,Very Low,67.4,20.440048,100,1747032300,Very Low,13.876212,20.116257,Very Low,18.744595,56.5,15.342857,100,1747032300,13.285714
2025-05-12T06:47:55Z,0,29.868,72.0,60,65.4,1,2,252,73,0.0,255,32767,0.0,2127-15-31,0.0,0.16,26.24,0.0,0.0,0.0,0,4.828125,6,45,05:49,20:11,2025-05-12 06:47:55.774595,Città della Scienza,68.3,22.170626,12.387891,17.345266,14.839277,EU EEA Common AQI,67.4,18.549097,11.20165,7200,11.914286,100,100,59.9,10.628571,Very Low,67.4,20.440048,100,1747032300,Very Low,13.876212,20.116257,Very Low,18.744595,56.5,15.342857,100,1747032300,13.285714
2025-05-12T06:48:07Z,0,29.868,72.0,60,65.4,3,2,250,73,0.0,255,32767,0.0,2127-15-31,0.0,0.16,26.24,0.0,0.0,0.0,0,4.828125,6,45,05:49,20:11,2025-05-12 06:48:06.881590,Città della Scienza,68.3,22.170626,12.387891,17.345266,14.839277,EU EEA Common AQI,67.4,18.549097,11.20165,7200,11.914286,100,100,59.9,10.628571,Very Low,67.4,20.440048,100,1747032300,Very Low,13.876212,20.116257,Very Low,18.744595,56.5,15.342857,100,1747032300,13.285714
2025-05-12T06:48:18Z,0,29.868,72.0,60,65.4,2,2,267,73,0.0,255,32767,0.0,2127-15-31,0.0,0.16,26.24,0.0,0.0,0.0,0,4.828125,6,45,05:49,20:11,2025-05-12 06:48:17.958596,Città della Scienza,68.3,22.170626,12.387891,17.345266,14.839277,EU EEA Common AQI,67.4,18.549097,11.20165,7200,11.914286,100,100,59.9,10.628571,Very Low,67.4,20.440048,100,1747032300,Very Low,13.876212,20.116257,Very Low,18.744595,56.5,15.342857,100,1747032300,13.285714
2025-05-12T06:48:29Z,0,29.868,72.0,60,65.4,2,2,267,73,0.0,255,32767,0.0,2127-15-31,0.0,0.16,26.24,0.0,0.0,0.0,0,4.828125,6,45,05:49,20:11,2025-05-12 06:48:29.064592,Città della Scienza,68.3,22.170626,12.387891,17.345266,14.839277,EU EEA Common AQI,67.4,18.549097,11.20165,7200,11.914286,100,100,59.9,10.628571,Very Low,67.4,20.440048,100,1747032300,Very Low,13.876212,20.116257,Very Low,18.744595,56.5,15.342857,100,1747032300,13.285714
2025-05-12T06:48:40Z,0,29.865,72.1,60,65.3,1,2,222,73,0.0,255,32767,0.0,2127-15-31,0.0,0.16,26.24,0.0,0.0,0.0,0,4.828125,6,45,05:49,20:11,2025-05-12 06:48:40.151570,Città della Scienza,68.3,22.170626,12.387891,17.345266,14.839277,EU EEA Common AQI,67.4,18.549097,11.20165,7200,11.914286,100,100,59.9,10.628571,Very Low,67.4,20.440048,100,1747032300,Very Low,13.876212,20.116257,Very Low,18.744595,56.5,15.342857,100,1747032300,13.285714
2025-05-12T06:48:51Z,0,29.865,72.1,60,65.3,2,2,213,73,0.0,255,32767,0.0,2127-15-31,0.0,0.16,26.24,0.0,0.0,0.0,0,4.828125,6,45,05:49,20:11,2025-05-12 06:48:51.218591,Città della Scienza,68.3,22.170626,12.387891,17.345266,14.839277,EU EEA Common AQI,67.4,18.549097,11.20165,7200,11.914286,100,100,59.9,10.628571,Very Low,67.4,20.440048,100,1747032300,Very Low,13.876212,20.116257,Very Low,18.744595,56.5,15.342857,100,1747032300,13.285714
2025-05-12T06:49:02Z,0,29.865,72.1,60,65.4,1,2,215,73,0.0,255,32767,0.0,2127-15-31,0.0,0.16,26.24,0.0,0.0,0.0,0,4.828125,6,45,05:49,20:11,2025-05-12 06:49:02.291592,Città della Scienza,68.3,22.170626,12.387891,17.345266,14.839277,EU EEA Common AQI,67.4,18.549097,11.20165,7200,11.914286,100,100,59.9,10.628571,Very Low,67.4,20.440048,100,1747032300,Very Low,13.876212,20.116257,Very Low,18.744595,56.5,15.342857,100,1747032300,13.285714
2025-05-12T06:49:13Z,0,29.865,72.1,60,65.4,2,2,223,73,0.0,255,32767,0.0,2127-15-31,0.0,0.16,26.24,0.0,0.0,0.0,0,4.828125,6,45,05:49,20:11,2025-05-12 06:49:13.388588,Città della Scienza,68.3,22.170626,12.387891,17.345266,14.839277,EU EEA Common AQI,67.4,18.549097,11.20165,7200,11.914286,100,100,59.9,10.628571,Very Low,67.4,20.440048,100,1747032300,Very Low,13.876212,20.116257,Very Low,18.744595,56.5,15.342857,100,1747032300,13.285714
2025-05-12T06:49:24Z,0,29.865,72.1,60,65.4,0,2,214,73,0.0,255,32767,0.0,2127-15-31,0.0,0.16,26.24,0.0,0.0,0.0,0,4.828125,6,45,05:49,20:11,2025-05-12 06:49:24.466596,Città della Scienza,68.3,22.170626,12.387891,17.345266,14.839277,EU EEA Common AQI,67.4,18.549097,11.20165,7200,11.914286,100,100,59.9,10.628571,Very Low,67.4,20.440048,100,1747032300,Very Low,13.876212,20.116257,Very Low,18.744595,56.5,15.342857,100,1747032300,13.285714
2025-05-12T06:49:35Z,0,29.867,72.1,60,65.4,1,2,214,73,0.0,255,32767,0.0,2127-15-31,0.0,0.16,26.24,0.0,0.0,0.0,0,4.828125,6,45,05:49,20:11,2025-05-12 06:49:35.544598,Città della Scienza,68.3,22.170626,12.387891,17.345266,14.839277,EU EEA Common AQI,67.4,18.549097,11.20165,7200,11.914286,100,100,59.9,10.628571,Very Low,67.4,20.440048,100,1747032300,Very Low,13.876212,20.116257,Very Low,18.744595,56.5,15.342857,100,1747032300,13.285714
2025-05-12T06:49:46Z,0,29.867,72.1,60,65.4,2,2,238,73,0.0,255,32767,0.0,2127-15-31,0.0,0.16,26.24,0.0,0.0,0.0,0,4.828125,6,45,05:49,20:11,2025-05-12 06:49:46.620598,Città della Scienza,68.3,22.170626,12.387891,17.345266,14.839277,EU EEA Common AQI,67.4,18.549097,11.20165,7200,11.914286,100,100,59.9,10.628571,Very Low,67.4,20.440048,100,1747032300,Very Low,13.876212,20.116257,Very Low,18.744595,56.5,15.342857,100,1747032300,13.285714
2025-05-12T06:49:58Z,0,29.867,72.1,60,65.4,1,2,264,73,0.0,255,32767,0.0,2127-15-31,0.0,0.16,26.24,0.0,0.0,0.0,0,4.828125,6,45,05:49,20:11,2025-05-12 06:49:57.926601,Città della Scienza,68.3,22.170626,12.387891,17.345266,14.839277,EU EEA Common AQI,67.4,18.549097,11.20165,7200,11.914286,100,100,59.9,10.628571,Very Low,67.4,20.440048,100,1747032300,Very Low,13.876212,20.116257,Very Low,18.744595,56.5,15.342857,100,1747032300,13.285714
2025-05-12T06:50:09Z,0,29.867,72.1,60,65.4,2,2,264,73,0.0,255,32767,0.0,2127-15-31,0.0,0.16,26.24,0.0,0.0,0.0,0,4.828125,6,45,05:49,20:11,2025-05-12 06:50:09.043592,Città della Scienza,68.3,22.170626,12.387891,17.345266,14.839277,EU EEA Common AQI,67.4,18.549097,11.20165,7200,11.914286,100,100,59.9,10.628571,Very Low,67.4,20.440048,100,1747032300,Very Low,13.876212,20.116257,Very Low,18.744595,56.5,15.342857,100,1747032300,13.285714
2025-05-12T06:50:20Z,0,29.867,72.1,60,65.4,2,2,264,73,0.0,255,32767,0.0,2127-15-31,0.0,0.16,26.24,0.0,0.0,0.0,0,4.828125,6,45,05:49,20:11,2025-05-12 06:50:20.097592,Città della Scienza,68.3,22.170626,12.387891,17.345266,14.839277,EU EEA Common AQI,67.4,18.549097,11.20165,7200,11.914286,100,100,59.9,10.628571,Very Low,67.4,20.440048,100,1747032300,Very Low,13.876212,20.116257,Very Low,18.744595,56.5,15.342857,100,1747032300,13.285714
2025-05-12T06:50:31Z,0,29.867,72.1,60,65.4,2,2,264,73,0.0,255,32767,0.0,2127-15-31,0.0,0.16,26.24,0.0,0.0,0.0,0,4.828125,6,45,05:49,20:11,2025-05-12 06:50:31.152599,Città della Scienza,68.3,22.170626,12.387891,17.345266,14.839277,EU EEA Common AQI,67.4,18.549097,11.20165,7200,11.914286,100,100,59.9,10.628571,Very Low,67.4,20.440048,100,1747032300,Very Low,13.876212,20.116257,Very Low,18.744595,56.5,15.342857,100,1747032300,13.285714
2025-05-12T06:50:42Z,0,29.866,72.1,60,65.4,3,2,238,73,0.0,255,32767,0.0,2127-15-31,0.0,0.16,26.24,0.0,0.0,0.0,0,4.828125,6,45,05:49,20:11,2025-05-12 06:50:42.184553,Città della Scienza,68.3,22.170626,12.387891,17.345266,14.839277,EU EEA Common AQI,67.4,18.549097,11.20165,7200,11.914286,100,100,59.9,10.628571,Very Low,67.4,20.440048,100,1747032300,Very Low,13.876212,20.116257,Very Low,18.744595,56.5,15.342857,100,1747032300,13.285714
2025-05-12T06:50:53Z,0,29.866,72.1,60,65.4,3,2,248,73,0.0,255,32767,0.0,2127-15-31,0.0,0.16,26.24,0.0,0.0,0.0,0,4.828125,6,45,05:49,20:11,2025-05-12 06:50:53.262593,Città della Scienza,68.3,22.170626,12.387891,17.345266,14.839277,EU EEA Common AQI,67.4,18.549097,11.20165,7200,11.914286,100,100,59.9,10.628571,Very Low,67.4,20.440048,100,1747032300,Very Low,13.876212,20.116257,Very Low,18.744595,56.5,15.342857,100,1747032300,13.285714
2025-05-12T06:51:04Z,0,29.866,72.1,60,65.4,2,2,211,73,0.0,255,32767,0.0,2127-15-31,0.0,0.16,26.24,0.0,0.0,0.0,0,4.828125,6,45,05:49,20:11,2025-05-12 06:51:04.350595,Città della Scienza,68.3,22.170626,12.387891,17.345266,14.839277,EU EEA Common AQI,67.4,18.549097,11.20165,7200,11.914286,100,100,59.9,10.628571,Very Low,67.4,20.440048,100,1747032300,Very Low,13.876212,20.116257,Very Low,18.744595,56.5,15.342857,100,1747032300,13.285714
2025-05-12T06:51:15Z,0,29.866,72.1,60,65.4,1,2,236,73,0.0,255,32767,0.0,2127-15-31,0.0,0.16,26.24,0.0,0.0,0.0,0,4.828125,6,45,05:49,20:11,2025-05-12 06:51:15.419590,Città della Scienza,68.3,22.170626,12.387891,17.345266,14.839277,EU EEA Common AQI,67.4,18.549097,11.20165,7200,11.914286,100,100,59.9,10.628571,Very Low,67.4,20.440048,100,1747032300,Very Low,13.876212,20.116257,Very Low,18.744595,56.5,15.342857,100,1747032300,13.285714
2025-05-12T06:51:26Z,0,29.866,72.1,60,65.4,3,2,231,73,0.0,255,32767,0.0,2127-15-31,0.0,0.16,26.24,0.0,0.0,0.0,0,4.828125,6,45,05:49,20:11,2025-05-12 06:51:26.547590,Città della Scienza,68.3,22.170626,12.387891,17.345266,14.839277,EU EEA Common AQI,67.4,18.549097,11.20165,7200,11.914286,100,100,59.9,10.628571,Very Low,67.4,20.440048,100,1747032300,Very Low,13.876212,20.116257,Very Low,18.744595,56.5,15.342857,100,1747032300,13.285714
2025-05-12T06:51:37Z,0,29.866,72.1,60,65.5,3,2,211,73,0.0,255,32767,0.0,2127-15-31,0.0,0.16,26.24,0.0,0.0,0.0,0,4.828125,6,45,05:49,20:11,2025-05-12 06:51:37.665593,Città della Scienza,68.3,22.170626,12.387891,17.345266,14.839277,EU EEA Common AQI,67.4,18.549097,11.20165,7200,11.914286,100,100,59.9,10.628571,Very Low,67.4,20.440048,100,1747032300,Very Low,13.876212,20.116257,Very Low,18.744595,56.5,15.342857,100,1747032300,13.285714
2025-05-12T06:51:49Z,0,29.866,72.1,60,65.5,2,2,229,73,0.0,255,32767,0.0,2127-15-31,0.0,0.16,26.24,0.0,0.0,0.0,0,4.828125,6,45,05:49,20:11,2025-05-12 06:51:49.086595,Città della Scienza,68.3,22.170626,12.387891,17.345266,14.839277,EU EEA Common AQI,67.4,18.549097,11.20165,7200,11.914286,100,100,59.9,10.628571,Very Low,67.4,20.440048,100,1747032300,Very Low,13.876212,20.116257,Very Low,18.744595,56.5,15.342857,100,1747032300,13.285714
2025-05-12T06:52:00Z,0,29.866,72.1,60,65.5,1,2,224,73,0.0,255,32767,0.0,2127-15-31,0.0,0.16,26.24,0.0,0.0,0.0,0,4.828125,6,45,05:49,20:11,2025-05-12 06:52:00.211651,Città della Scienza,68.3,22.170626,12.387891,17.345266,14.839277,EU EEA Common AQI,67.4,18.549097,11.20165,7200,11.914286,100,100,59.9,10.628571,Very Low,67.4,20.440048,100,1747032300,Very Low,13.876212,20.116257,Very Low,18.744595,56.5,15.342857,100,1747032300,13.285714
2025-05-12T06:52:11Z,0,29.866,72.1,60,65.5,4,2,236,73,0.0,255,32767,0.0,2127-15-31,0.0,0.16,26.24,0.0,0.0,0.0,0,4.828125,6,45,05:49,20:11,2025-05-12 06:52:11.294589,Città della Scienza,68.3,22.170626,12.387891,17.345266,14.839277,EU EEA Common AQI,67.4,18.549097,11.20165,7200,11.914286,100,100,59.9,10.628571,Very Low,67.4,20.440048,100,1747032300,Very Low,13.876212,20.116257,Very Low,18.744595,56.5,15.342857,100,1747032300,13.285714
2025-05-12T06:52:22Z,0,29.866,72.1,60,65.5,4,2,220,73,0.0,255,32767,0.0,2127-15-31,0.0,0.16,26.24,0.0,0.0,0.0,0,4.828125,6,45,05:49,20:11,2025-05-12 06:52:22.346590,Città della Scienza,68.3,22.170626,12.387891,17.345266,14.839277,EU EEA Common AQI,67.4,18.549097,11.20165,7200,11.914286,100,100,59.9,10.628571,Very Low,67.4,20.440048,100,1747032300,Very Low,13.876212,20.116257,Very Low,18.744595,56.5,15.342857,100,1747032300,13.285714
2025-05-12T06:52:33Z,0,29.87,72.1,60,65.5,3,2,201,73,0.0,255,32767,0.0,2127-15-31,0.0,0.16,26.24,0.0,0.0,0.0,0,4.828125,6,45,05:49,20:11,2025-05-12 06:52:33.434596,Città della Scienza,68.3,22.170626,12.387891,17.345266,14.839277,EU EEA Common AQI,67.4,18.549097,11.20165,7200,11.914286,100,100,59.9,10.628571,Very Low,67.4,20.440048,100,1747032300,Very Low,13.876212,20.116257,Very Low,18.744595,56.5,15.342857,100,1747032300,13.285714
2025-05-12T06:52:44Z,0,29.87,72.1,60,65.5,2,2,281,73,0.0,255,32767,0.0,2127-15-31,0.0,0.16,26.24,0.0,0.0,0.0,0,4.828125,6,45,05:49,20:11,2025-05-12 06:52:44.540590,Città della Scienza,68.3,22.170626,12.387891,17.345266,14.839277,EU EEA Common AQI,67.4,18.549097,11.20165,7200,11.914286,100,100,59.9,10.628571,Very Low,67.4,20.440048,100,1747032300,Very Low,13.876212,20.116257,Very Low,18.744595,56.5,15.342857,100,1747032300,13.285714
2025-05-12T06:52:55Z,0,29.87,72.1,60,65.5,2,2,244,73,0.0,255,32767,0.0,2127-15-31,0.0,0.16,26.24,0.0,0.0,0.0,0,4.828125,6,45,05:49,20:11,2025-05-12 06:52:55.641592,Città della Scienza,68.3,22.170626,12.387891,17.345266,14.839277,EU EEA Common AQI,67.4,18.549097,11.20165,7200,11.914286,100,100,59.9,10.628571,Very Low,67.4,20.440048,100,1747032300,Very Low,13.876212,20.116257,Very Low,18.744595,56.5,15.342857,100,1747032300,13.285714
2025-05-12T06:53:06Z,0,29.87,72.1,60,65.5,2,2,210,73,0.0,255,32767,0.0,2127-15-31,0.0,0.16,26.24,0.0,0.0,0.0,0,4.828125,6,45,05:49,20:11,2025-05-12 06:53:06.706596,Città della Scienza,68.3,22.170626,12.387891,17.345266,14.839277,EU EEA Common AQI,67.4,18.549097,11.20165,7200,11.914286,100,100,59.9,10.628571,Very Low,67.4,20.440048,100,1747032300,Very Low,13.876212,20.116257,Very Low,18.744595,56.5,15.342857,100,1747032300,13.285714
2025-05-12T06:53:18Z,0,29.87,72.1,60,65.5,4,2,218,73,0.0,255,32767,0.0,2127-15-31,0.0,0.16,26.24,0.0,0.0,0.0,0,4.828125,6,45,05:49,20:11,2025-05-12 06:53:17.819603,Città della Scienza,68.3,22.170626,12.387891,17.345266,14.839277,EU EEA Common AQI,67.4,18.549097,11.20165,7200,11.914286,100,100,59.9,10.628571,Very Low,67.4,20.440048,100,1747032300,Very Low,13.876212,20.116257,Very Low,18.744595,56.5,15.342857,100,1747032300,13.285714
2025-05-12T06:53:29Z,0,29.87,72.1,60,65.4,2,2,223,73,0.0,255,32767,0.0,2127-15-31,0.0,0.16,26.24,0.0,0.0,0.0,0,4.828125,6,45,05:49,20:11,2025-05-12 06:53:28.911617,Città della Scienza,68.3,22.170626,12.387891,17.345266,14.839277,EU EEA Common AQI,67.4,18.549097,11.20165,7200,11.914286,100,100,59.9,10.628571,Very Low,67.4,20.440048,100,1747032300,Very Low,13.876212,20.116257,Very Low,18.744595,56.5,15.342857,100,1747032300,13.285714
2025-05-12T06:53:40Z,0,29.867,72.1,60,65.5,2,2,257,73,0.0,255,32767,0.0,2127-15-31,0.0,0.16,26.24,0.0,0.0,0.0,0,4.828125,6,45,05:49,20:11,2025-05-12 06:53:40.024596,Città della Scienza,68.3,22.170626,12.387891,17.345266,14.839277,EU EEA Common AQI,67.4,18.549097,11.20165,7200,11.914286,100,100,59.9,10.628571,Very Low,67.4,20.440048,100,1747032300,Very Low,13.876212,20.116257,Very Low,18.744595,56.5,15.342857,100,1747032300,13.285714
2025-05-12T06:53:51Z,0,29.867,72.1,60,65.5,1,2,241,73,0.0,255,32767,0.0,2127-15-31,0.0,0.16,26.24,0.0,0.0,0.0,0,4.828125,6,45,05:49,20:11,2025-05-12 06:53:51.090594,Città della Scienza,68.3,22.170626,12.387891,17.345266,14.839277,EU EEA Common AQI,67.4,18.549097,11.20165,7200,11.914286,100,100,59.9,10.628571,Very Low,67.4,20.440048,100,1747032300,Very Low,13.876212,20.116257,Very Low,18.744595,56.5,15.342857,100,1747032300,13.285714
2025-05-12T06:54:02Z,0,29.867,72.1,60,65.5,0,2,225,73,0.0,255,32767,0.0,2127-15-31,0.0,0.16,26.24,0.0,0.0,0.0,0,4.828125,6,45,05:49,20:11,2025-05-12 06:54:02.149605,Città della Scienza,68.3,22.170626,12.387891,17.345266,14.839277,EU EEA Common AQI,67.4,18.549097,11.20165,7200,11.914286,100,100,59.9,10.628571,Very Low,67.4,20.440048,100,1747032300,Very Low,13.876212,20.116257,Very Low,18.744595,56.5,15.342857,100,1747032300,13.285714
2025-05-12T06:54:13Z,0,29.867,72.1,60,65.5,2,2,240,73,0.0,255,32767,0.0,2127-15-31,0.0,0.16,26.24,0.0,0.0,0.0,0,4.828125,6,45,05:49,20:11,2025-05-12 06:54:13.240606,Città della Scienza
2025-05-12T06:54:24Z,0,29.867,72.1,60,65.5,3,2,217,73,0.0,255,32767,0.0,2127-15-31,0.0,0.16,26.24,0.0,0.0,0.0,0,4.828125,6,45,05:49,20:11,2025-05-12 06:54:24.329589,Città della Scienza
2025-05-12T06:54:35Z,0,29.867,72.1,60,65.5,4,2,227,73,0.0,255,32767,0.0,2127-15-31,0.0,0.16,26.24,0.0,0.0,0.0,0,4.828125,6,45,05:49,20:11,2025-05-12 06:54:35.373601,Città della Scienza
2025-05-12T06:54:46Z,0,29.867,72.1,60,65.4,3,2,192,73,0.0,255,32767,0.0,2127-15-31,0.0,0.16,26.24,0.0,0.0,0.0,0,4.828125,6,45,05:49,20:11,2025-05-12 06:54:46.470591,Città della Scienza
2025-05-12T06:54:57Z,0,29.867,72.1,60,65.4,4,2,208,73,0.0,255,32767,0.0,2127-15-31,0.0,0.16,26.24,0.0,0.0,0.0,0,4.828125,6,45,05:49,20:11,2025-05-12 06:54:57.520594,Città della Scienza
2025-05-12T06:55:08Z,0,29.867,72.1,60,65.4,2,2,186,73,0.0,255,32767,0.0,2127-15-31,0.0,0.16,26.24,0.0,0.0,0.0,0,4.828125,6,45,05:49,20:11,2025-05-12 06:55:08.571555,Città della Scienza
2025-05-12T06:55:19Z,0,29.867,72.1,60,65.4,2,2,215,73,0.0,255,32767,0.0,2127-15-31,0.0,0.16,26.24,0.0,0.0,0.0,0,4.828125,6,45,05:49,20:11,2025-05-12 06:55:19.649588,Città della Scienza
2025-05-12T06:55:30Z,0,29.867,72.1,60,65.4,3,2,242,73,0.0,255,32767,0.0,2127-15-31,0.0,0.16,26.24,0.0,0.0,0.0,0,4.828125,6,45,05:49,20:11,2025-05-12 06:55:30.728591,Città della Scienza
2025-05-12T06:55:42Z,0,29.868,72.1,60,65.4,3,2,220,73,0.0,255,32767,0.0,2127-15-31,0.0,0.16,26.24,0.0,0.0,0.0,0,4.828125,6,45,05:49,20:11,2025-05-12 06:55:41.802598,Città della Scienza
2025-05-12T06:55:53Z,0,29.868,72.1,60,65.4,3,2,215,73,0.0,255,32767,0.0,2127-15-31,0.0,0.16,26.24,0.0,0.0,0.0,0,4.828125,6,45,05:49,20:11,2025-05-12 06:55:52.859600,Città della Scienza
2025-05-12T06:56:04Z,0,29.868,72.1,60,65.4,1,2,215,73,0.0,255,32767,0.0,2127-15-31,0.0,0.16,26.24,0.0,0.0,0.0,0,4.828125,6,45,05:49,20:11,2025-05-12 06:56:03.975595,Città della Scienza
2025-05-12T06:56:15Z,0,29.868,72.1,60,65.4,2,2,208,73,0.0,255,32767,0.0,2127-15-31,0.0,0.16,26.24,0.0,0.0,0.0,0,4.828125,6,45,05:49,20:11,2025-05-12 06:56:15.062595,Città della Scienza
2025-05-12T06:56:26Z,0,29.868,72.1,60,65.4,5,2,220,74,0.0,255,32767,0.0,2127-15-31,0.0,0.16,26.24,0.0,0.0,0.0,0,4.828125,6,45,05:49,20:11,2025-05-12 06:56:26.079091,Città della Scienza
2025-05-12T06:56:37Z,0,29.868,72.1,60,65.4,2,2,184,74,0.0,255,32767,0.0,2127-15-31,0.0,0.16,26.24,0.0,0.0,0.0,0,4.828125,6,45,05:49,20:11,2025-05-12 06:56:37.139596,Città della Scienza
2025-05-12T06:56:48Z,0,29.868,72.1,60,65.4,1,2,216,74,0.0,255,32767,0.0,2127-15-31,0.0,0.16,26.24,0.0,0.0,0.0,0,4.828125,6,45,05:49,20:11,2025-05-12 06:56:48.204585,Città della Scienza
2025-05-12T06:56:59Z,0,29.868,72.1,60,65.5,2,2,187,74,0.0,255,32767,0.0,2127-15-31,0.0,0.16,26.24,0.0,0.0,0.0,0,4.828125,6,45,05:49,20:11,2025-05-12 06:56:59.302594,Città della Scienza
2025-05-12T06:57:10Z,0,29.868,72.1,60,65.5,3,2,212,74,0.0,255,32767,0.0,2127-15-31,0.0,0.16,26.24,0.0,0.0,0.0,0,4.828125,6,45,05:49,20:11,2025-05-12 06:57:10.404594,Città della Scienza
2025-05-12T06:57:21Z,0,29.868,72.1,60,65.5,2,2,220,74,0.0,255,32767,0.0,2127-15-31,0.0,0.16,26.24,0.0,0.0,0.0,0,4.828125,6,45,05:49,20:11,2025-05-12 06:57:21.473567,Città della Scienza
2025-05-12T06:57:32Z,0,29.87,72.1,60,65.5,2,2,233,74,0.0,255,32767,0.0,2127-15-31,0.0,0.16,26.24,0.0,0.0,0.0,0,4.828125,6,45,05:49,20:11,2025-05-12 06:57:32.538592,Città della Scienza
2025-05-12T06:57:43Z,0,29.87,72.1,60,65.5,1,2,188,74,0.0,255,32767,0.0,2127-15-31,0.0,0.16,26.24,0.0,0.0,0.0,0,4.828125,6,45,05:49,20:11,2025-05-12 06:57:43.618611,Città della Scienza
2025-05-12T06:57:54Z,0,29.87,72.1,60,65.5,1,2,193,74,0.0,255,32767,0.0,2127-15-31,0.0,0.16,26.24,0.0,0.0,0.0,0,4.828125,6,45,05:49,20:11,2025-05-12 06:57:54.684593,Città della Scienza
2025-05-12T06:58:05Z,0,29.87,72.1,60,65.5,2,2,211,74,0.0,255,32767,0.0,2127-15-31,0.0,0.16,26.24,0.0,0.0,0.0,0,4.828125,6,45,05:49,20:11,2025-05-12 06:58:05.742595,Città della Scienza
2025-05-12T06:58:17Z,0,29.87,72.1,60,65.5,4,2,216,74,0.0,255,32767,0.0,2127-15-31,0.0,0.16,26.24,0.0,0.0,0.0,0,4.828125,6,45,05:49,20:11,2025-05-12 06:58:16.799598,Città della Scienza
2025-05-12T06:58:28Z,0,29.87,72.1,60,65.5,3,2,211,74,0.0,255,32767,0.0,2127-15-31,0.0,0.16,26.24,0.0,0.0,0.0,0,4.828125,6,45,05:49,20:11,2025-05-12 06:58:27.878597,Città della Scienza
2025-05-12T06:58:39Z,0,29.867,72.1,60,65.5,2,2,261,74,0.0,255,32767,0.0,2127-15-31,0.0,0.16,26.24,0.0,0.0,0.0,0,4.828125,6,45,05:49,20:11,2025-05-12 06:58:38.942604,Città della Scienza
2025-05-12T06:58:50Z,0,29.867,72.1,60,65.5,1,2,220,74,0.0,255,32767,0.0,2127-15-31,0.0,0.16,26.24,0.0,0.0,0.0,0,4.828125,6,45,05:49,20:11,2025-05-12 06:58:50.027591,Città della Scienza
2025-05-12T06:59:01Z,0,29.867,72.1,60,65.6,2,2,217,74,0.0,255,32767,0.0,2127-15-31,0.0,0.16,26.24,0.0,0.0,0.0,0,4.828125,6,45,05:49,20:11,2025-05-12 06:59:01.135599,Città della Scienza
2025-05-12T06:59:12Z,0,29.867,72.1,60,65.5,3,2,227,74,0.0,255,32767,0.0,2127-15-31,0.0,0.16,26.24,0.0,0.0,0.0,0,4.828125,6,45,05:49,20:11,2025-05-12 06:59:12.233606,Città della Scienza
2025-05-12T06:59:23Z,0,29.867,72.1,60,65.5,5,2,229,74,0.0,255,32767,0.0,2127-15-31,0.0,0.16,26.24,0.0,0.0,0.0,0,4.828125,6,45,05:49,20:11,2025-05-12 06:59:23.298599,Città della Scienza
2025-05-12T06:59:34Z,0,29.866,72.1,60,65.5,4,2,225,74,0.0,255,32767,0.0,2127-15-31,0.0,0.16,26.24,0.0,0.0,0.0,0,4.828125,6,45,05:49,20:11,2025-05-12 06:59:34.362604,Città della Scienza
2025-05-12T06:59:45Z,0,29.866,72.1,60,65.6,4,2,228,74,0.0,255,32767,0.0,2127-15-31,0.0,0.16,26.24,0.0,0.0,0.0,0,4.828125,6,45,05:49,20:11,2025-05-12 06:59:45.429589,Città della Scienza
2025-05-12T06:59:56Z,0,29.866,72.1,60,65.6,4,2,250,73,0.0,255,32767,0.0,2127-15-31,0.0,0.16,26.24,0.0,0.0,0.0,0,4.828125,6,45,05:49,20:11,2025-05-12 06:59:56.483589,Città della Scienza
2025-05-12T07:00:07Z,0,29.866,72.1,60,65.5,3,2,276,73,0.0,255,32767,0.0,2127-15-31,0.0,0.16,26.24,0.0,0.0,0.0,0,4.828125,6,45,05:49,20:11,2025-05-12 07:00:07.575611,Città della Scienza,68.3,22.170626,12.387891,17.345266,14.839277,EU EEA Common AQI,67.4,18.549097,11.20165,7200,11.914286,100,100,59.9,10.628571,Very Low,67.4,20.440048,100,1747032300,Very Low,13.876212,20.116257,Very Low,18.744595,56.5,15.342857,100,1747032300,13.285714
2025-05-12T07:00:18Z,0,29.866,72.1,60,65.5,4,2,244,73,0.0,255,32767,0.0,2127-15-31,0.0,0.16,26.24,0.0,0.0,0.0,0,4.828125,6,45,05:49,20:11,2025-05-12 07:00:18.653583,Città della Scienza,68.3,22.170626,12.387891,17.345266,14.839277,EU EEA Common AQI,67.4,18.549097,11.20165,7200,11.914286,100,100,59.9,10.628571,Very Low,67.4,20.440048,100,1747032300,Very Low,13.876212,20.116257,Very Low,18.744595,56.5,15.342857,100,1747032300,13.285714
2025-05-12T07:00:29Z,0,29.866,72.1,60,65.5,4,2,248,73,0.0,255,32767,0.0,2127-15-31,0.0,0.16,26.24,0.0,0.0,0.0,0,4.828125,6,45,05:49,20:11,2025-05-12 07:00:29.734596,Città della Scienza,67.8,21.806902,12.202818,15.691162,14.149109,EU EEA Common AQI,67.8,17.686388,11.036044,7200,11.347826,100,100,60.1,10.063767,Very Low,67.7,20.074398,100,1747033200,Very Low,12.55293,19.223202,Very Low,17.020172,56.7,13.913043,100,1747033200,12.57971
2025-05-12T07:00:41Z,0,29.869,72.1,60,65.6,5,3,233,73,0.0,255,32767,0.0,2127-15-31,0.0,0.16,26.24,0.0,0.0,0.0,0,4.828125,6,45,05:49,20:11,2025-05-12 07:00:40.954590,Città della Scienza,67.8,21.806902,12.202818,15.691162,14.149109,EU EEA Common AQI,67.8,17.686388,11.036044,7200,11.347826,100,100,60.1,10.063767,Very Low,67.7,20.074398,100,1747033200,Very Low,12.55293,19.223202,Very Low,17.020172,56.7,13.913043,100,1747033200,12.57971
2025-05-12T07:00:52Z,0,29.869,72.1,60,65.6,4,3,230,73,0.0,255,32767,0.0,2127-15-31,0.0,0.16,26.24,0.0,0.0,0.0,0,4.828125,6,45,05:49,20:11,2025-05-12 07:00:52.053611,Città della Scienza,67.8,21.806902,12.202818,15.691162,14.149109,EU EEA Common AQI,67.8,17.686388,11.036044,7200,11.347826,100,100,60.1,10.063767,Very Low,67.7,20.074398,100,1747033200,Very Low,12.55293,19.223202,Very Low,17.020172,56.7,13.913043,100,1747033200,12.57971
2025-05-12T07:01:03Z,0,29.869,72.1,60,65.6,6,3,218,73,0.0,255,32767,0.0,2127-15-31,0.0,0.16,26.24,0.0,0.0,0.0,0,4.828125,6,45,05:49,20:11,2025-05-12 07:01:03.113590,Città della Scienza,67.8,21.806902,12.202818,15.691162,14.149109,EU EEA Common AQI,67.8,17.686388,11.036044,7200,11.347826,100,100,60.1,10.063767,Very Low,67.7,20.074398,100,1747033200,Very Low,12.55293,19.223202,Very Low,17.020172,56.7,13.913043,100,1747033200,12.57971
2025-05-12T07:01:14Z,0,29.869,72.1,60,65.6,2,3,231,73,0.0,255,32767,0.0,2127-15-31,0.0,0.16,26.24,0.0,0.0,0.0,0,4.828125,6,45,05:49,20:11,2025-05-12 07:01:14.171589,Città della Scienza,67.8,21.806902,12.202818,15.691162,14.149109,EU EEA Common AQI,67.8,17.686388,11.036044,7200,11.347826,100,100,60.1,10.063767,Very Low,67.7,20.074398,100,1747033200,Very Low,12.55293,19.223202,Very Low,17.020172,56.7,13.913043,100,1747033200,12.57971
2025-05-12T07:01:25Z,0,29.869,72.1,60,65.5,3,3,256,73,0.0,255,32767,0.0,2127-15-31,0.0,0.16,26.24,0.0,0.0,0.0,0,4.828125,6,45,05:49,20:11,2025-05-12 07:01:25.291600,Città della Scienza,67.8,21.806902,12.202818,15.691162,14.149109,EU EEA Common AQI,67.8,17.686388,11.036044,7200,11.347826,100,100,60.1,10.063767,Very Low,67.7,20.074398,100,1747033200,Very Low,12.55293,19.223202,Very Low,17.020172,56.7,13.913043,100,1747033200,12.57971
2025-05-12T07:01:36Z,0,29.869,72.1,60,65.6,5,3,256,73,0.0,255,32767,0.0,2127-15-31,0.0,0.16,26.24,0.0,0.0,0.0,0,4.828125,6,45,05:49,20:11,2025-05-12 07:01:36.336589,Città della Scienza,67.8,21.806902,12.202818,15.691162,14.149109,EU EEA Common AQI,67.8,17.686388,11.036044,7200,11.347826,100,100,60.1,10.063767,Very Low,67.7,20.074398,100,1747033200,Very Low,12.55293,19.223202,Very Low,17.020172,56.7,13.913043,100,1747033200,12.57971
2025-05-12T07:01:47Z,0,29.869,72.1,60,65.6,5,3,234,73,0.0,255,32767,0.0,2127-15-31,0.0,0.16,26.24,0.0,0.0,0.0,0,4.828125,6,45,05:49,20:11,2025-05-12 07:01:47.415600,Città della Scienza,67.8,21.806902,12.202818,15.691162,14.149109,EU EEA Common AQI,67.8,17.686388,11.036044,7200,11.347826,100,100,60.1,10.063767,Very Low,67.7,20.074398,100,1747033200,Very Low,12.55293,19.223202,Very Low,17.020172,56.7,13.913043,100,1747033200,12.57971
2025-05-12T07:01:58Z,0,29.869,72.1,60,65.6,5,3,221,73,0.0,255,32767,0.0,2127-15-31,0.0,0.16,26.24,0.0,0.0,0.0,0,4.828125,6,45,05:49,20:11,2025-05-12 07:01:58.527557,Città della Scienza,67.8,21.806902,12.202818,15.691162,14.149109,EU EEA Common AQI,67.8,17.686388,11.036044,7200,11.347826,100,100,60.1,10.063767,Very Low,67.7,20.074398,100,1747033200,Very Low,12.55293,19.223202,Very Low,17.020172,56.7,13.913043,100,1747033200,12.57971
2025-05-12T07:02:09Z,0,29.869,72.1,60,65.5,5,3,219,73,0.0,255,32767,0.0,2127-15-31,0.0,0.16,26.24,0.0,0.0,0.0,0,4.828125,6,45,05:49,20:11,2025-05-12 07:02:09.643593,Città della Scienza,67.8,21.806902,12.202818,15.691162,14.149109,EU EEA Common AQI,67.8,17.686388,11.036044,7200,11.347826,100,100,60.1,10.063767,Very Low,67.7,20.074398,100,1747033200,Very Low,12.55293,19.223202,Very Low,17.020172,56.7,13.913043,100,1747033200,12.57971
2025-05-12T07:02:20Z,0,29.869,72.1,60,65.5,4,3,238,73,0.0,255,32767,0.0,2127-15-31,0.0,0.16,26.24,0.0,0.0,0.0,0,4.828125,6,45,05:49,20:11,2025-05-12 07:02:20.731596,Città della Scienza,67.8,21.806902,12.202818,15.691162,14.149109,EU EEA Common AQI,67.8,17.686388,11.036044,7200,11.347826,100,100,60.1,10.063767,Very Low,67.7,20.074398,100,1747033200,Very Low,12.55293,19.223202,Very Low,17.020172,56.7,13.913043,100,1747033200,12.57971
2025-05-12T07:02:32Z,0,29.869,72.1,60,65.5,6,3,242,73,0.0,255,32767,0.0,2127-15-31,0.0,0.16,26.24,0.0,0.0,0.0,0,4.828125,6,45,05:49,20:11,2025-05-12 07:02:31.840594,Città della Scienza,67.8,21.806902,12.202818,15.691162,14.149109,EU EEA Common AQI,67.8,17.686388,11.036044,7200,11.347826,100,100,60.1,10.063767,Very Low,67.7,20.074398,100,1747033200,Very Low,12.55293,19.223202,Very Low,17.020172,56.7,13.913043,100,1747033200,12.57971
2025-05-12T07:02:43Z,0,29.868,72.1,60,65.5,4,3,244,73,0.0,255,32767,0.0,2127-15-31,0.0,0.16,26.24,0.0,0.0,0.0,0,4.828125,6,45,05:49,20:11,2025-05-12 07:02:42.964594,Città della Scienza,67.8,21.806902,12.202818,15.691162,14.149109,EU EEA Common AQI,67.8,17.686388,11.036044,7200,11.347826,100,100,60.1,10.063767,Very Low,67.7,20.074398,100,1747033200,Very Low,12.55293,19.223202,Very Low,17.020172,56.7,13.913043,100,1747033200,12.57971
2025-05-12T07:02:54Z,0,29.868,72.1,60,65.5,5,3,236,73,0.0,255,32767,0.0,2127-15-31,0.0,0.16,26.24,0.0,0.0,0.0,0,4.828125,6,45,05:49,20:11,2025-05-12 07:02:54.019589,Città della Scienza,67.8,21.806902,12.202818,15.691162,14.149109,EU EEA Common AQI,67.8,17.686388,11.036044,7200,11.347826,100,100,60.1,10.063767,Very Low,67.7,20.074398,100,1747033200,Very Low,12.55293,19.223202,Very Low,17.020172,56.7,13.913043,100,1747033200,12.57971
2025-05-12T07:03:05Z,0,29.868,72.1,60,65.5,4,3,269,73,0.0,255,32767,0.0,2127-15-31,0.0,0.16,26.24,0.0,0.0,0.0,0,4.828125,6,45,05:49,20:11,2025-05-12 07:03:05.185598,Città della Scienza,67.8,21.806902,12.202818,15.691162,14.149109,EU EEA Common AQI,67.8,17.686388,11.036044,7200,11.347826,100,100,60.1,10.063767,Very Low,67.7,20.074398,100,1747033200,Very Low,12.55293,19.223202,Very Low,17.020172,56.7,13.913043,100,1747033200,12.57971
2025-05-12T07:03:16Z,0,29.868,72.1,60,65.5,5,3,240,73,0.0,255,32767,0.0,2127-15-31,0.0,0.16,26.24,0.0,0.0,0.0,0,4.828125,6,45,05:49,20:11,2025-05-12 07:03:16.245597,Città della Scienza,67.8,21.806902,12.202818,15.691162,14.149109,EU EEA Common AQI,67.8,17.686388,11.036044,7200,11.347826,100,100,60.1,10.063767,Very Low,67.7,20.074398,100,1747033200,Very Low,12.55293,19.223202,Very Low,17.020172,56.7,13.913043,100,1747033200,12.57971
2025-05-12T07:03:27Z,0,29.868,72.1,60,65.5,5,3,241,73,0.0,255,32767,0.0,2127-15-31,0.0,0.16,26.24,0.0,0.0,0.0,0,4.828125,6,45,05:49,20:11,2025-05-12 07:03:27.320589,Città della Scienza,67.8,21.806902,12.202818,15.691162,14.149109,EU EEA Common AQI,67.8,17.686388,11.036044,7200,11.347826,100,100,60.1,10.063767,Very Low,67.7,20.074398,100,1747033200,Very Low,12.55293,19.223202,Very Low,17.020172,56.7,13.913043,100,1747033200,12.57971
2025-05-12T07:03:38Z,0,29.87,72.1,60,65.5,4,3,228,73,0.0,255,32767,0.0,2127-15-31,0.0,0.16,26.24,0.0,0.0,0.0,0,4.828125,6,45,05:49,20:11,2025-05-12 07:03:38.410595,Città della Scienza,67.8,21.806902,12.202818,15.691162,14.149109,EU EEA Common AQI,67.8,17.686388,11.036044,7200,11.347826,100,100,60.1,10.063767,Very Low,67.7,20.074398,100,1747033200,Very Low,12.55293,19.223202,Very Low,17.020172,56.7,13.913043,100,1747033200,12.57971
2025-05-12T07:03:49Z,0,29.87,72.1,60,65.4,4,3,273,73,0.0,255,32767,0.0,2127-15-31,0.0,0.16,26.24,0.0,0.0,0.0,0,4.828125,6,45,05:49,20:11,2025-05-12 07:03:49.498600,Città della Scienza,67.8,21.806902,12.202818,15.691162,14.149109,EU EEA Common AQI,67.8,17.686388,11.036044,7200,11.347826,100,100,60.1,10.063767,Very Low,67.7,20.074398,100,1747033200,Very Low,12.55293,19.223202,Very Low,17.020172,56.7,13.913043,100,1747033200,12.57971
2025-05-12T07:04:00Z,0,29.87,72.1,60,65.4,2,3,255,73,0.0,255,32767,0.0,2127-15-31,0.0,0.16,26.24,0.0,0.0,0.0,0,4.828125,6,45,05:49,20:11,2025-05-12 07:04:00.556599,Città della Scienza,67.8,21.806902,12.202818,15.691162,14.149109,EU EEA Common AQI,67.8,17.686388,11.036044,7200,11.347826,100,100,60.1,10.063767,Very Low,67.7,20.074398,100,1747033200,Very Low,12.55293,19.223202,Very Low,17.020172,56.7,13.913043,100,1747033200,12.57971
2025-05-12T07:04:11Z,0,29.87,72.1,60,65.4,3,3,219,73,0.0,255,32767,0.0,2127-15-31,0.0,0.16,26.24,0.0,0.0,0.0,0,4.828125,6,45,05:49,20:11,2025-05-12 07:04:11.633597,Città della Scienza,67.8,21.806902,12.202818,15.691162,14.149109,EU EEA Common AQI,67.8,17.686388,11.036044,7200,11.347826,100,100,60.1,10.063767,Very Low,67.7,20.074398,100,1747033200,Very Low,12.55293,19.223202,Very Low,17.020172,56.7,13.913043,100,1747033200,12.57971
2025-05-12T07:04:22Z,0,29.87,72.1,60,65.4,4,3,240,74,0.0,255,32767,0.0,2127-15-31,0.0,0.16,26.24,0.0,0.0,0.0,0,4.828125,6,45,05:49,20:11,2025-05-12 07:04:22.667599,Città della Scienza,67.8,21.806902,12.202818,15.691162,14.149109,EU EEA Common AQI,67.8,17.686388,11.036044,7200,11.347826,100,100,60.1,10.063767,Very Low,67.7,20.074398,100,1747033200,Very Low,12.55293,19.223202,Very Low,17.020172,56.7,13.913043,100,1747033200,12.57971
2025-05-12T07:04:33Z,0,29.869,72.2,60,65.4,4,3,260,74,0.0,255,32767,0.0,2127-15-31,0.0,0.16,26.24,0.0,0.0,0.0,0,4.828125,6,45,05:49,20:11,2025-05-12 07:04:33.760599,Città della Scienza,67.8,21.806902,12.202818,15.691162,14.149109,EU EEA Common AQI,67.8,17.686388,11.036044,7200,11.347826,100,100,60.1,10.063767,Very Low,67.7,20.074398,100,1747033200,Very Low,12.55293,19.223202,Very Low,17.020172,56.7,13.913043,100,1747033200,12.57971
2025-05-12T07:04:45Z,0,29.869,72.2,60,65.4,3,3,277,74,0.0,255,32767,0.0,2127-15-31,0.0,0.16,26.24,0.0,0.0,0.0,0,4.828125,6,45,05:49,20:11,2025-05-12 07:04:44.802574,Città della Scienza,67.8,21.806902,12.202818,15.691162,14.149109,EU EEA Common AQI,67.8,17.686388,11.036044,7200,11.347826,100,100,60.1,10.063767,Very Low,67.7,20.074398,100,1747033200,Very Low,12.55293,19.223202,Very Low,17.020172,56.7,13.913043,100,1747033200,12.57971
2025-05-12T07:04:56Z,0,29.869,72.2,60,65.4,4,3,246,74,0.0,255,32767,0.0,2127-15-31,0.0,0.16,26.24,0.0,0.0,0.0,0,4.828125,6,45,05:49,20:11,2025-05-12 07:04:55.898598,Città della Scienza,67.8,21.806902,12.202818,15.691162,14.149109,EU EEA Common AQI,67.8,17.686388,11.036044,7200,11.347826,100,100,60.1,10.063767,Very Low,67.7,20.074398,100,1747033200,Very Low,12.55293,19.223202,Very Low,17.020172,56.7,13.913043,100,1747033200,12.57971
2025-05-12T07:05:07Z,0,29.869,72.2,60,65.4,4,3,254,74,0.0,255,32767,0.0,2127-15-31,0.0,0.16,26.24,0.0,0.0,0.0,0,4.828125,6,45,05:49,20:11,2025-05-12 07:05:06.978595,Città della Scienza,67.8,21.806902,12.202818,15.691162,14.149109,EU EEA Common AQI,67.8,17.686388,11.036044,7200,11.347826,100,100,60.1,10.063767,Very Low,67.7,20.074398,100,1747033200,Very Low,12.55293,19.223202,Very Low,17.020172,56.7,13.913043,100,1747033200,12.57971
2025-05-12T07:05:18Z,0,29.869,72.2,60,65.4,4,3,214,74,0.0,255,32767,0.0,2127-15-31,0.0,0.16,26.24,0.0,0.0,0.0,0,4.828125,6,45,05:49,20:11,2025-05-12 07:05:18.061593,Città della Scienza,67.8,21.806902,12.202818,15.691162,14.149109,EU EEA Common AQI,67.8,17.686388,11.036044,7200,11.347826,100,100,60.1,10.063767,Very Low,67.7,20.074398,100,1747033200,Very Low,12.55293,19.223202,Very Low,17.020172,56.7,13.913043,100,1747033200,12.57971
2025-05-12T07:05:29Z,0,29.869,72.2,60,65.3,4,3,248,74,0.0,255,32767,0.0,2127-15-31,0.0,0.16,26.24,0.0,0.0,0.0,0,4.828125,6,45,05:49,20:11,2025-05-12 07:05:29.111599,Città della Scienza,67.8,21.806902,12.202818,15.691162,14.149109,EU EEA Common AQI,67.8,17.686388,11.036044,7200,11.347826,100,100,60.1,10.063767,Very Low,67.7,20.074398,100,1747033200,Very Low,12.55293,19.223202,Very Low,17.020172,56.7,13.913043,100,1747033200,12.57971
2025-05-12T07:05:40Z,0,29.87,72.1,60,65.4,3,3,250,74,0.0,255,32767,0.0,2127-15-31,0.0,0.16,26.24,0.0,0.0,0.0,0,4.828125,6,45,05:49,20:11,2025-05-12 07:05:40.218588,Città della Scienza,67.8,21.806902,12.202818,15.691162,14.149109,EU EEA Common AQI,67.8,17.686388,11.036044,7200,11.347826,100,100,60.1,10.063767,Very Low,67.7,20.074398,100,1747033200,Very Low,12.55293,19.223202,Very Low,17.020172,56.7,13.913043,100,1747033200,12.57971
2025-05-12T07:05:51Z,0,29.87,72.1,60,65.4,4,3,242,74,0.0,255,32767,0.0,2127-15-31,0.0,0.16,26.24,0.0,0.0,0.0,0,4.828125,6,45,05:49,20:11,2025-05-12 07:05:51.298605,Città della Scienza,67.8,21.806902,12.202818,15.691162,14.149109,EU EEA Common AQI,67.8,17.686388,11.036044,7200,11.347826,100,100,60.1,10.063767,Very Low,67.7,20.074398,100,1747033200,Very Low,12.55293,19.223202,Very Low,17.020172,56.7,13.913043,100,1747033200,12.57971
2025-05-12T07:06:02Z,0,29.87,72.1,60,65.4,6,3,193,74,0.0,255,32767,0.0,2127-15-31,0.0,0.16,26.24,0.0,0.0,0.0,0,4.828125,6,45,05:49,20:11,2025-05-12 07:06:02.343594,Città della Scienza,67.8,21.806902,12.202818,15.691162,14.149109,EU EEA Common AQI,67.8,17.686388,11.036044,7200,11.347826,100,100,60.1,10.063767,Very Low,67.7,20.074398,100,1747033200,Very Low,12.55293,19.223202,Very Low,17.020172,56.7,13.913043,100,1747033200,12.57971
2025-05-12T07:06:13Z,0,29.87,72.1,60,65.4,4,3,227,74,0.0,255,32767,0.0,2127-15-31,0.0,0.16,26.24,0.0,0.0,0.0,0,4.828125,6,45,05:49,20:11,2025-05-12 07:06:13.438601,Città della Scienza,67.8,21.806902,12.202818,15.691162,14.149109,EU EEA Common AQI,67.8,17.686388,11.036044,7200,11.347826,100,100,60.1,10.063767,Very Low,67.7,20.074398,100,1747033200,Very Low,12.55293,19.223202,Very Low,17.020172,56.7,13.913043,100,1747033200,12.57971
2025-05-12T07:06:24Z,0,29.87,72.1,60,65.3,5,3,213,74,0.0,255,32767,0.0,2127-15-31,0.0,0.16,26.24,0.0,0.0,0.0,0,4.828125,6,45,05:49,20:11,2025-05-12 07:06:24.482587,Città della Scienza,67.8,21.806902,12.202818,15.691162,14.149109,EU EEA Common AQI,67.8,17.686388,11.036044,7200,11.347826,100,100,60.1,10.063767,Very Low,67.7,20.074398,100,1747033200,Very Low,12.55293,19.223202,Very Low,17.020172,56.7,13.913043,100,1747033200,12.57971
2025-05-12T07:06:35Z,0,29.87,72.1,60,65.2,5,4,225,74,0.0,255,32767,0.0,2127-15-31,0.0,0.16,26.24,0.0,0.0,0.0,0,4.828125,6,45,05:49,20:11,2025-05-12 07:06:35.552585,Città della Scienza,67.8,21.806902,12.202818,15.691162,14.149109,EU EEA Common AQI,67.8,17.686388,11.036044,7200,11.347826,100,100,60.1,10.063767,Very Low,67.7,20.074398,100,1747033200,Very Low,12.55293,19.223202,Very Low,17.020172,56.7,13.913043,100,1747033200,12.57971
2025-05-12T07:06:46Z,0,29.87,72.1,60,65.3,5,4,217,74,0.0,255,32767,0.0,2127-15-31,0.0,0.16,26.24,0.0,0.0,0.0,0,4.828125,6,45,05:49,20:11,2025-05-12 07:06:46.704592,Città della Scienza,67.8,21.806902,12.202818,15.691162,14.149109,EU EEA Common AQI,67.8,17.686388,11.036044,7200,11.347826,100,100,60.1,10.063767,Very Low,67.7,20.074398,100,1747033200,Very Low,12.55293,19.223202,Very Low,17.020172,56.7,13.913043,100,1747033200,12.57971
2025-05-12T07:06:57Z,0,29.87,72.1,60,65.3,5,4,217,74,0.0,255,32767,0.0,2127-15-31,0.0,0.16,26.24,0.0,0.0,0.0,0,4.828125,6,45,05:49,20:11,2025-05-12 07:06:57.761592,Città della Scienza,67.8,21.806902,12.202818,15.691162,14.149109,EU EEA Common AQI,67.8,17.686388,11.036044,7200,11.347826,100,100,60.1,10.063767,Very Low,67.7,20.074398,100,1747033200,Very Low,12.55293,19.223202,Very Low,17.020172,56.7,13.913043,100,1747033200,12.57971
2025-05-12T07:07:09Z,0,29.87,72.1,60,65.3,5,4,216,74,0.0,255,32767,0.0,2127-15-31,0.0,0.16,26.24,0.0,0.0,0.0,0,4.828125,6,45,05:49,20:11,2025-05-12 07:07:08.846601,Città della Scienza,67.8,21.806902,12.202818,15.691162,14.149109,EU EEA Common AQI,67.8,17.686388,11.036044,7200,11.347826,100,100,60.1,10.063767,Very Low,67.7,20.074398,100,1747033200,Very Low,12.55293,19.223202,Very Low,17.020172,56.7,13.913043,100,1747033200,12.57971
2025-05-12T07:07:20Z,0,29.87,72.1,60,65.2,4,4,219,74,0.0,255,32767,0.0,2127-15-31,0.0,0.16,26.24,0.0,0.0,0.0,0,4.828125,6,45,05:49,20:11,2025-05-12 07:07:19.934595,Città della Scienza,67.8,21.806902,12.202818,15.691162,14.149109,EU EEA Common AQI,67.8,17.686388,11.036044,7200,11.347826,100,100,60.1,10.063767,Very Low,67.7,20.074398,100,1747033200,Very Low,12.55293,19.223202,Very Low,17.020172,56.7,13.913043,100,1747033200,12.57971
2025-05-12T07:07:31Z,0,29.87,72.1,60,65.3,5,4,232,74,0.0,255,32767,0.0,2127-15-31,0.0,0.16,26.24,0.0,0.0,0.0,0,4.828125,6,45,05:49,20:11,2025-05-12 07:07:31.017596,Città della Scienza,67.8,21.806902,12.202818,15.691162,14.149109,EU EEA Common AQI,67.8,17.686388,11.036044,7200,11.347826,100,100,60.1,10.063767,Very Low,67.7,20.074398,100,1747033200,Very Low,12.55293,19.223202,Very Low,17.020172,56.7,13.913043,100,1747033200,12.57971
2025-05-12T07:07:42Z,0,29.87,72.1,60,65.3,4,4,229,74,0.0,255,32767,0.0,2127-15-31,0.0,0.16,26.24,0.0,0.0,0.0,0,4.828125,6,45,05:49,20:11,2025-05-12 07:07:42.114600,Città della Scienza,67.8,21.806902,12.202818,15.691162,14.149109,EU EEA Common AQI,67.8,17.686388,11.036044,7200,11.347826,100,100,60.1,10.063767,Very Low,67.7,20.074398,100,1747033200,Very Low,12.55293,19.223202,Very Low,17.020172,56.7,13.913043,100,1747033200,12.57971
2025-05-12T07:07:53Z,0,29.87,72.1,60,65.2,6,4,232,74,0.0,255,32767,0.0,2127-15-31,0.0,0.16,26.24,0.0,0.0,0.0,0,4.828125,6,45,05:49,20:11,2025-05-12 07:07:53.209596,Città della Scienza,67.8,21.806902,12.202818,15.691162,14.149109,EU EEA Common AQI,67.8,17.686388,11.036044,7200,11.347826,100,100,60.1,10.063767,Very Low,67.7,20.074398,100,1747033200,Very Low,12.55293,19.223202,Very Low,17.020172,56.7,13.913043,100,1747033200,12.57971
2025-05-12T07:08:04Z,0,29.87,72.1,60,65.2,6,4,231,74,0.0,255,32767,0.0,2127-15-31,0.0,0.16,26.24,0.0,0.0,0.0,0,4.828125,6,45,05:49,20:11,2025-05-12 07:08:04.245603,Città della Scienza,67.8,21.806902,12.202818,15.691162,14.149109,EU EEA Common AQI,67.8,17.686388,11.036044,7200,11.347826,100,100,60.1,10.063767,Very Low,67.7,20.074398,100,1747033200,Very Low,12.55293,19.223202,Very Low,17.020172,56.7,13.913043,100,1747033200,12.57971
2025-05-12T07:08:15Z,0,29.87,72.1,60,65.2,6,4,223,74,0.0,255,32767,0.0,2127-15-31,0.0,0.16,26.24,0.0,0.0,0.0,0,4.828125,6,45,05:49,20:11,2025-05-12 07:08:15.313596,Città della Scienza,67.8,21.806902,12.202818,15.691162,14.149109,EU EEA Common AQI,67.8,17.686388,11.036044,7200,11.347826,100,100,60.1,10.063767,Very Low,67.7,20.074398,100,1747033200,Very Low,12.55293,19.223202,Very Low,17.020172,56.7,13.913043,100,1747033200,12.57971
2025-05-12T07:08:26Z,0,29.87,72.1,60,65.2,7,4,224,74,0.0,255,32767,0.0,2127-15-31,0.0,0.16,26.24,0.0,0.0,0.0,0,4.828125,6,45,05:49,20:11,2025-05-12 07:08:26.391602,Città della Scienza,67.8,21.806902,12.202818,15.691162,14.149109,EU EEA Common AQI,67.8,17.686388,11.036044,7200,11.347826,100,100,60.1,10.063767,Very Low,67.7,20.074398,100,1747033200,Very Low,12.55293,19.223202,Very Low,17.020172,56.7,13.913043,100,1747033200,12.57971
2025-05-12T07:08:37Z,0,29.87,72.1,60,65.2,6,4,220,74,0.0,255,32767,0.0,2127-15-31,0.0,0.16,26.24,0.0,0.0,0.0,0,4.828125,6,45,05:49,20:11,2025-05-12 07:08:37.453592,Città della Scienza,67.8,21.806902,12.202818,15.691162,14.149109,EU EEA Common AQI,67.8,17.686388,11.036044,7200,11.347826,100,100,60.1,10.063767,Very Low,67.7,20.074398,100,1747033200,Very Low,12.55293,19.223202,Very Low,17.020172,56.7,13.913043,100,1747033200,12.57971
2025-05-12T07:08:48Z,0,29.87,72.1,60,65.1,6,4,222,74,0.0,255,32767,0.0,2127-15-31,0.0,0.16,26.24,0.0,0.0,0.0,0,4.828125,6,45,05:49,20:11,2025-05-12 07:08:48.555586,Città della Scienza,67.8,21.806902,12.202818,15.691162,14.149109,EU EEA Common AQI,67.8,17.686388,11.036044,7200,11.347826,100,100,60.1,10.063767,Very Low,67.7,20.074398,100,1747033200,Very Low,12.55293,19.223202,Very Low,17.020172,56.7,13.913043,100,1747033200,12.57971
2025-05-12T07:08:59Z,0,29.87,72.1,60,65.1,5,4,248,74,0.0,255,32767,0.0,2127-15-31,0.0,0.16,26.24,0.0,0.0,0.0,0,4.828125,6,45,05:49,20:11,2025-05-12 07:08:59.669601,Città della Scienza,67.8,21.806902,12.202818,15.691162,14.149109,EU EEA Common AQI,67.8,17.686388,11.036044,7200,11.347826,100,100,60.1,10.063767,Very Low,67.7,20.074398,100,1747033200,Very Low,12.55293,19.223202,Very Low,17.020172,56.7,13.913043,100,1747033200,12.57971
2025-05-12T07:09:10Z,0,29.87,72.1,60,65.0,6,4,209,74,0.0,255,32767,0.0,2127-15-31,0.0,0.16,26.24,0.0,0.0,0.0,0,4.828125,6,45,05:49,20:11,2025-05-12 07:09:10.735586,Città della Scienza,67.8,21.806902,12.202818,15.691162,14.149109,EU EEA Common AQI,67.8,17.686388,11.036044,7200,11.347826,100,100,60.1,10.063767,Very Low,67.7,20.074398,100,1747033200,Very Low,12.55293,19.223202,Very Low,17.020172,56.7,13.913043,100,1747033200,12.57971
2025-05-12T07:09:22Z,0,29.87,72.1,60,65.0,6,4,207,74,0.0,255,32767,0.0,2127-15-31,0.0,0.16,26.24,0.0,0.0,0.0,0,4.828125,6,45,05:49,20:11,2025-05-12 07:09:21.812602,Città della Scienza,67.8,21.806902,12.202818,15.691162,14.149109,EU EEA Common AQI,67.8,17.686388,11.036044,7200,11.347826,100,100,60.1,10.063767,Very Low,67.7,20.074398,100,1747033200,Very Low,12.55293,19.223202,Very Low,17.020172,56.7,13.913043,100,1747033200,12.57971
2025-05-12T07:09:33Z,0,29.871,72.1,60,65.0,5,5,225,74,0.0,255,32767,0.0,2127-15-31,0.0,0.16,26.24,0.0,0.0,0.0,0,4.828125,6,45,05:49,20:11,2025-05-12 07:09:32.904592,Città della Scienza,67.8,21.806902,12.202818,15.691162,14.149109,EU EEA Common AQI,67.8,17.686388,11.036044,7200,11.347826,100,100,60.1,10.063767,Very Low,67.7,20.074398,100,1747033200,Very Low,12.55293,19.223202,Very Low,17.020172,56.7,13.913043,100,1747033200,12.57971
2025-05-12T07:09:44Z,0,29.871,72.1,60,65.0,6,5,267,74,0.0,255,32767,0.0,2127-15-31,0.0,0.16,26.24,0.0,0.0,0.0,0,4.828125,6,45,05:49,20:11,2025-05-12 07:09:44.009597,Città della Scienza,67.8,21.806902,12.202818,15.691162,14.149109,EU EEA Common AQI,67.8,17.686388,11.036044,7200,11.347826,100,100,60.1,10.063767,Very Low,67.7,20.074398,100,1747033200,Very Low,12.55293,19.223202,Very Low,17.020172,56.7,13.913043,100,1747033200,12.57971
2025-05-12T07:09:55Z,0,29.871,72.1,60,65.0,4,5,191,74,0.0,255,32767,0.0,2127-15-31,0.0,0.16,26.24,0.0,0.0,0.0,0,4.828125,6,45,05:49,20:11,2025-05-12 07:09:55.112594,Città della Scienza,67.8,21.806902,12.202818,15.691162,14.149109,EU EEA Common AQI,67.8,17.686388,11.036044,7200,11.347826,100,100,60.1,10.063767,Very Low,67.7,20.074398,100,1747033200,Very Low,12.55293,19.223202,Very Low,17.020172,56.7,13.913043,100,1747033200,12.57971
2025-05-12T07:10:06Z,0,29.871,72.1,60,65.0,4,5,241,74,0.0,255,32767,0.0,2127-15-31,0.0,0.16,26.24,0.0,0.0,0.0,0,4.828125,6,45,05:49,20:11,2025-05-12 07:10:06.212562,Città della Scienza,67.8,21.806902,12.202818,15.691162,14.149109,EU EEA Common AQI,67.8,17.686388,11.036044,7200,11.347826,100,100,60.1,10.063767,Very Low,67.7,20.074398,100,1747033200,Very Low,12.55293,19.223202,Very Low,17.020172,56.7,13.913043,100,1747033200,12.57971
2025-05-12T07:10:17Z,0,29.871,72.1,60,65.0,3,5,246,74,0.0,255,32767,0.0,2127-15-31,0.0,0.16,26.24,0.0,0.0,0.0,0,4.828125,6,45,05:49,20:11,2025-05-12 07:10:17.318590,Città della Scienza,67.8,21.806902,12.202818,15.691162,14.149109,EU EEA Common AQI,67.8,17.686388,11.036044,7200,11.347826,100,100,60.1,10.063767,Very Low,67.7,20.074398,100,1747033200,Very Low,12.55293,19.223202,Very Low,17.020172,56.7,13.913043,100,1747033200,12.57971
2025-05-12T07:10:28Z,0,29.871,72.1,60,65.0,4,5,176,74,0.0,255,32767,0.0,2127-15-31,0.0,0.16,26.24,0.0,0.0,0.0,0,4.828125,6,45,05:49,20:11,2025-05-12 07:10:28.389607,Città della Scienza,67.8,21.806902,12.202818,15.691162,14.149109,EU EEA Common AQI,67.8,17.686388,11.036044,7200,11.347826,100,100,60.1,10.063767,Very Low,67.7,20.074398,100,1747033200,Very Low,12.55293,19.223202,Very Low,17.020172,56.7,13.913043,100,1747033200,12.57971
2025-05-12T07:10:39Z,0,29.871,72.1,60,64.9,5,5,225,74,0.0,255,32767,0.0,2127-15-31,0.0,0.16,26.24,0.0,0.0,0.0,0,4.828125,6,45,05:49,20:11,2025-05-12 07:10:39.466591,Città della Scienza,67.8,21.806902,12.202818,15.691162,14.149109,EU EEA Common AQI,67.8,17.686388,11.036044,7200,11.347826,100,100,60.1,10.063767,Very Low,67.7,20.074398,100,1747033200,Very Low,12.55293,19.223202,Very Low,17.020172,56.7,13.913043,100,1747033200,12.57971
2025-05-12T07:10:50Z,0,29.871,72.1,60,64.9,6,5,214,74,0.0,255,32767,0.0,2127-15-31,0.0,0.16,26.24,0.0,0.0,0.0,0,4.828125,6,45,05:49,20:11,2025-05-12 07:10:50.564591,Città della Scienza,67.8,21.806902,12.202818,15.691162,14.149109,EU EEA Common AQI,67.8,17.686388,11.036044,7200,11.347826,100,100,60.1,10.063767,Very Low,67.7,20.074398,100,1747033200,Very Low,12.55293,19.223202,Very Low,17.020172,56.7,13.913043,100,1747033200,12.57971
2025-05-12T07:11:01Z,0,29.871,72.1,60,64.9,4,5,299,74,0.0,255,32767,0.0,2127-15-31,0.0,0.16,26.24,0.0,0.0,0.0,0,4.828125,6,45,05:49,20:11,2025-05-12 07:11:01.649599,Città della Scienza,67.8,21.806902,12.202818,15.691162,14.149109,EU EEA Common AQI,67.8,17.686388,11.036044,7200,11.347826,100,100,60.1,10.063767,Very Low,67.7,20.074398,100,1747033200,Very Low,12.55293,19.223202,Very Low,17.020172,56.7,13.913043,100,1747033200,12.57971
2025-05-12T07:11:12Z,0,29.871,72.1,60,64.9,6,5,223,74,0.0,255,32767,0.0,2127-15-31,0.0,0.16,26.24,0.0,0.0,0.0,0,4.828125,6,45,05:49,20:11,2025-05-12 07:11:12.730583,Città della Scienza,67.8,21.806902,12.202818,15.691162,14.149109,EU EEA Common AQI,67.8,17.686388,11.036044,7200,11.347826,100,100,60.1,10.063767,Very Low,67.7,20.074398,100,1747033200,Very Low,12.55293,19.223202,Very Low,17.020172,56.7,13.913043,100,1747033200,12.57971
2025-05-12T07:11:23Z,0,29.871,72.1,60,64.9,5,5,255,74,0.0,255,32767,0.0,2127-15-31,0.0,0.16,26.24,0.0,0.0,0.0,0,4.828125,6,45,05:49,20:11,2025-05-12 07:11:23.785595,Città della Scienza,67.8,21.806902,12.202818,15.691162,14.149109,EU EEA Common AQI,67.8,17.686388,11.036044,7200,11.347826,100,100,60.1,10.063767,Very Low,67.7,20.074398,100,1747033200,Very Low,12.55293,19.223202,Very Low,17.020172,56.7,13.913043,100,1747033200,12.57971
2025-05-12T07:11:35Z,0,29.87,72.1,60,64.9,6,5,234,74,0.0,255,32767,0.0,2127-15-31,0.0,0.16,26.24,0.0,0.0,0.0,0,4.828125,6,45,05:49,20:11,2025-05-12 07:11:34.861596,Città della Scienza,67.8,21.806902,12.202818,15.691162,14.149109,EU EEA Common AQI,67.8,17.686388,11.036044,7200,11.347826,100,100,60.1,10.063767,Very Low,67.7,20.074398,100,1747033200,Very Low,12.55293,19.223202,Very Low,17.020172,56.7,13.913043,100,1747033200,12.57971
2025-05-12T07:11:46Z,0,29.87,72.1,60,64.9,5,5,241,74,0.0,255,32767,0.0,2127-15-31,0.0,0.16,26.24,0.0,0.0,0.0,0,4.828125,6,45,05:49,20:11,2025-05-12 07:11:45.896588,Città della Scienza,67.8,21.806902,12.202818,15.691162,14.149109,EU EEA Common AQI,67.8,17.686388,11.036044,7200,11.347826,100,100,60.1,10.063767,Very Low,67.7,20.074398,100,1747033200,Very Low,12.55293,19.223202,Very Low,17.020172,56.7,13.913043,100,1747033200,12.57971
2025-05-12T07:11:57Z,0,29.87,72.1,60,64.9,5,5,215,74,0.0,255,32767,0.0,2127-15-31,0.0,0.16,26.24,0.0,0.0,0.0,0,4.828125,6,45,05:49,20:11,2025-05-12 07:11:56.954590,Città della Scienza,67.8,21.806902,12.202818,15.691162,14.149109,EU EEA Common AQI,67.8,17.686388,11.036044,7200,11.347826,100,100,60.1,10.063767,Very Low,67.7,20.074398,100,1747033200,Very Low,12.55293,19.223202,Very Low,17.020172,56.7,13.913043,100,1747033200,12.57971
2025-05-12T07:12:08Z,0,29.87,72.1,60,64.9,6,5,223,74,0.0,255,32767,0.0,2127-15-31,0.0,0.16,26.24,0.0,0.0,0.0,0,4.828125,6,45,05:49,20:11,2025-05-12 07:12:07.991594,Città della Scienza,67.8,21.806902,12.202818,15.691162,14.149109,EU EEA Common AQI,67.8,17.686388,11.036044,7200,11.347826,100,100,60.1,10.063767,Very Low,67.7,20.074398,100,1747033200,Very Low,12.55293,19.223202,Very Low,17.020172,56.7,13.913043,100,1747033200,12.57971
2025-05-12T07:12:19Z,0,29.87,72.1,60,64.8,5,5,222,74,0.0,255,32767,0.0,2127-15-31,0.0,0.16,26.24,0.0,0.0,0.0,0,4.828125,6,45,05:49,20:11,2025-05-12 07:12:19.075591,Città della Scienza,67.8,21.806902,12.202818,15.691162,14.149109,EU EEA Common AQI,67.8,17.686388,11.036044,7200,11.347826,100,100,60.1,10.063767,Very Low,67.7,20.074398,100,1747033200,Very Low,12.55293,19.223202,Very Low,17.020172,56.7,13.913043,100,1747033200,12.57971
2025-05-12T07:12:30Z,0,29.87,72.1,60,64.9,6,5,219,74,0.0,255,32767,0.0,2127-15-31,0.0,0.16,26.24,0.0,0.0,0.0,0,4.828125,6,45,05:49,20:11,2025-05-12 07:12:30.155557,Città della Scienza,67.8,21.806902,12.202818,15.691162,14.149109,EU EEA Common AQI,67.8,17.686388,11.036044,7200,11.347826,100,100,60.1,10.063767,Very Low,67.7,20.074398,100,1747033200,Very Low,12.55293,19.223202,Very Low,17.020172,56.7,13.913043,100,1747033200,12.57971
2025-05-12T07:12:41Z,0,29.872,72.1,60,64.9,6,5,222,74,0.0,255,32767,0.0,2127-15-31,0.0,0.16,26.24,0.0,0.0,0.0,0,4.828125,6,45,05:49,20:11,2025-05-12 07:12:41.208595,Città della Scienza,67.8,21.806902,12.202818,15.691162,14.149109,EU EEA Common AQI,67.8,17.686388,11.036044,7200,11.347826,100,100,60.1,10.063767,Very Low,67.7,20.074398,100,1747033200,Very Low,12.55293,19.223202,Very Low,17.020172,56.7,13.913043,100,1747033200,12.57971
2025-05-12T07:12:52Z,0,29.872,72.1,60,64.9,5,5,232,74,0.0,255,32767,0.0,2127-15-31,0.0,0.16,26.24,0.0,0.0,0.0,0,4.828125,6,45,05:49,20:11,2025-05-12 07:12:52.300594,Città della Scienza,67.8,21.806902,12.202818,15.691162,14.149109,EU EEA Common AQI,67.8,17.686388,11.036044,7200,11.347826,100,100,60.1,10.063767,Very Low,67.7,20.074398,100,1747033200,Very Low,12.55293,19.223202,Very Low,17.020172,56.7,13.913043,100,1747033200,12.57971
2025-05-12T07:13:03Z,0,29.872,72.1,60,64.8,5,5,190,74,0.0,255,32767,0.0,2127-15-31,0.0,0.16,26.24,0.0,0.0,0.0,0,4.828125,6,45,05:49,20:11,2025-05-12 07:13:03.427589,Città della Scienza,67.8,21.806902,12.202818,15.691162,14.149109,EU EEA Common AQI,67.8,17.686388,11.036044,7200,11.347826,100,100,60.1,10.063767,Very Low,67.7,20.074398,100,1747033200,Very Low,12.55293,19.223202,Very Low,17.020172,56.7,13.913043,100,1747033200,12.57971
2025-05-12T07:13:14Z,0,29.872,72.1,60,64.8,7,5,211,74,0.0,255,32767,0.0,2127-15-31,0.0,0.16,26.24,0.0,0.0,0.0,0,4.828125,6,45,05:49,20:11,2025-05-12 07:13:14.504591,Città della Scienza,67.8,21.806902,12.202818,15.691162,14.149109,EU EEA Common AQI,67.8,17.686388,11.036044,7200,11.347826,100,100,60.1,10.063767,Very Low,67.7,20.074398,100,1747033200,Very Low,12.55293,19.223202,Very Low,17.020172,56.7,13.913043,100,1747033200,12.57971
2025-05-12T07:13:25Z,0,29.872,72.1,60,64.8,5,5,220,74,0.0,255,32767,0.0,2127-15-31,0.0,0.16,26.24,0.0,0.0,0.0,0,4.828125,6,45,05:49,20:11,2025-05-12 07:13:25.599589,Città della Scienza,67.8,21.806902,12.202818,15.691162,14.149109,EU EEA Common AQI,67.8,17.686388,11.036044,7200,11.347826,100,100,60.1,10.063767,Very Low,67.7,20.074398,100,1747033200,Very Low,12.55293,19.223202,Very Low,17.020172,56.7,13.913043,100,1747033200,12.57971
2025-05-12T07:13:36Z,0,29.872,72.1,59,64.8,4,5,239,74,0.0,255,32767,0.0,2127-15-31,0.0,0.16,26.24,0.0,0.0,0.0,0,4.828125,6,45,05:49,20:11,2025-05-12 07:13:36.700605,Città della Scienza,67.8,21.806902,12.202818,15.691162,14.149109,EU EEA Common AQI,67.8,17.686388,11.036044,7200,11.347826,100,100,60.1,10.063767,Very Low,67.7,20.074398,100,1747033200,Very Low,12.55293,19.223202,Very Low,17.020172,56.7,13.913043,100,1747033200,12.57971
2025-05-12T07:13:48Z,0,29.872,72.1,59,64.8,2,5,246,74,0.0,255,32767,0.0,2127-15-31,0.0,0.16,26.24,0.0,0.0,0.0,0,4.828125,6,45,05:49,20:11,2025-05-12 07:13:47.828594,Città della Scienza,67.8,21.806902,12.202818,15.691162,14.149109,EU EEA Common AQI,67.8,17.686388,11.036044,7200,11.347826,100,100,60.1,10.063767,Very Low,67.7,20.074398,100,1747033200,Very Low,12.55293,19.223202,Very Low,17.020172,56.7,13.913043,100,1747033200,12.57971
2025-05-12T07:13:59Z,0,29.872,72.1,59,64.8,4,5,204,74,0.0,255,32767,0.0,2127-15-31,0.0,0.16,26.24,0.0,0.0,0.0,0,4.828125,6,45,05:49,20:11,2025-05-12 07:13:58.901556,Città della Scienza,67.8,21.806902,12.202818,15.691162,14.149109,EU EEA Common AQI,67.8,17.686388,11.036044,7200,11.347826,100,100,60.1,10.063767,Very Low,67.7,20.074398,100,1747033200,Very Low,12.55293,19.223202,Very Low,17.020172,56.7,13.913043,100,1747033200,12.57971
2025-05-12T07:14:10Z,0,29.872,72.1,59,64.7,2,5,245,74,0.0,255,32767,0.0,2127-15-31,0.0,0.16,26.24,0.0,0.0,0.0,0,4.828125,6,45,05:49,20:11,2025-05-12 07:14:09.967601,Città della Scienza,67.8,21.806902,12.202818,15.691162,14.149109,EU EEA Common AQI,67.8,17.686388,11.036044,7200,11.347826,100,100,60.1,10.063767,Very Low,67.7,20.074398,100,1747033200,Very Low,12.55293,19.223202,Very Low,17.020172,56.7,13.913043,100,1747033200,12.57971
2025-05-12T07:14:21Z,0,29.872,72.1,59,64.7,4,5,196,74,0.0,255,32767,0.0,2127-15-31,0.0,0.16,26.24,0.0,0.0,0.0,0,4.828125,6,45,05:49,20:11,2025-05-12 07:14:21.051593,Città della Scienza,67.8,21.806902,12.202818,15.691162,14.149109,EU EEA Common AQI,67.8,17.686388,11.036044,7200,11.347826,100,100,60.1,10.063767,Very Low,67.7,20.074398,100,1747033200,Very Low,12.55293,19.223202,Very Low,17.020172,56.7,13.913043,100,1747033200,12.57971
2025-05-12T07:14:32Z,0,29.872,72.1,59,64.7,4,5,217,74,0.0,255,32767,0.0,2127-15-31,0.0,0.16,26.24,0.0,0.0,0.0,0,4.828125,6,45,05:49,20:11,2025-05-12 07:14:32.300604,Città della Scienza,67.8,21.806902,12.202818,15.691162,14.149109,EU EEA Common AQI,67.8,17.686388,11.036044,7200,11.347826,100,100,60.1,10.063767,Very Low,67.7,20.074398,100,1747033200,Very Low,12.55293,19.223202,Very Low,17.020172,56.7,13.913043,100,1747033200,12.57971
2025-05-12T07:14:43Z,0,29.871,72.1,59,64.7,6,5,230,74,0.0,255,32767,0.0,2127-15-31,0.0,0.16,26.24,0.0,0.0,0.0,0,4.828125,6,45,05:49,20:11,2025-05-12 07:14:43.386596,Città della Scienza,67.8,21.806902,12.202818,15.691162,14.149109,EU EEA Common AQI,67.8,17.686388,11.036044,7200,11.347826,100,100,60.1,10.063767,Very Low,67.7,20.074398,100,1747033200,Very Low,12.55293,19.223202,Very Low,17.020172,56.7,13.913043,100,1747033200,12.57971
2025-05-12T07:14:54Z,0,29.871,72.1,59,64.7,5,5,220,74,0.0,255,32767,0.0,2127-15-31,0.0,0.16,26.24,0.0,0.0,0.0,0,4.828125,6,45,05:49,20:11,2025-05-12 07:14:54.465595,Città della Scienza,67.8,21.806902,12.202818,15.691162,14.149109,EU EEA Common AQI,67.8,17.686388,11.036044,7200,11.347826,100,100,60.1,10.063767,Very Low,67.7,20.074398,100,1747033200,Very Low,12.55293,19.223202,Very Low,17.020172,56.7,13.913043,100,1747033200,12.57971
2025-05-12T07:15:05Z,0,29.871,72.1,59,64.7,6,5,213,74,0.0,255,32767,0.0,2127-15-31,0.0,0.16,26.24,0.0,0.0,0.0,0,4.828125,6,45,05:49,20:11,2025-05-12 07:15:05.578594,Città della Scienza,67.8,21.806902,12.202818,15.691162,14.149109,EU EEA Common AQI,67.8,17.686388,11.036044,7200,11.347826,100,100,60.1,10.063767,Very Low,67.7,20.074398,100,1747033200,Very Low,12.55293,19.223202,Very Low,17.020172,56.7,13.913043,100,1747033200,12.57971
2025-05-12T07:15:16Z,0,29.871,72.1,59,64.7,5,5,209,74,0.0,255,32767,0.0,2127-15-31,0.0,0.16,26.24,0.0,0.0,0.0,0,4.828125,6,45,05:49,20:11,2025-05-12 07:15:16.679603,Città della Scienza,67.8,21.806902,12.202818,15.691162,14.149109,EU EEA Common AQI,67.8,17.686388,11.036044,7200,11.347826,100,100,60.1,10.063767,Very Low,67.7,20.074398,100,1747033200,Very Low,12.55293,19.223202,Very Low,17.020172,56.7,13.913043,100,1747033200,12.57971
2025-05-12T07:15:27Z,0,29.871,72.1,59,64.7,5,5,225,74,0.0,255,32767,0.0,2127-15-31,0.0,0.16,26.24,0.0,0.0,0.0,0,4.828125,6,45,05:49,20:11,2025-05-12 07:15:27.762558,Città della Scienza,66.4,21.195715,12.014946,14.295034,13.553441,EU EEA Common AQI,68.1,16.941803,10.871041,7200,10.57971,100,100,60.0,9.066666,Very Low,68.1,19.521826,100,1747034100,Very Low,11.436027,18.39581,Very Low,15.501319,56.4,11.797101,100,1747034100,11.333333
2025-05-12T07:15:39Z,0,29.871,72.1,59,64.7,7,5,233,74,0.0,255,32767,0.0,2127-15-31,0.0,0.16,26.24,0.0,0.0,0.0,0,4.828125,6,45,05:49,20:11,2025-05-12 07:15:38.858593,Città della Scienza,66.4,21.195715,12.014946,14.295034,13.553441,EU EEA Common AQI,68.1,16.941803,10.871041,7200,10.57971,100,100,60.0,9.066666,Very Low,68.1,19.521826,100,1747034100,Very Low,11.436027,18.39581,Very Low,15.501319,56.4,11.797101,100,1747034100,11.333333
2025-05-12T07:15:50Z,0,29.871,72.1,59,64.7,8,5,218,74,0.0,255,32767,0.0,2127-15-31,0.0,0.16,26.24,0.0,0.0,0.0,0,4.828125,6,45,05:49,20:11,2025-05-12 07:15:49.989588,Città della Scienza,66.4,21.195715,12.014946,14.295034,13.553441,EU EEA Common AQI,68.1,16.941803,10.871041,7200,10.57971,100,100,60.0,9.066666,Very Low,68.1,19.521826,100,1747034100,Very Low,11.436027,18.39581,Very Low,15.501319,56.4,11.797101,100,1747034100,11.333333
2025-05-12T07:16:01Z,0,29.871,72.1,59,64.7,5,5,218,74,0.0,255,32767,0.0,2127-15-31,0.0,0.16,26.24,0.0,0.0,0.0,0,4.828125,6,45,05:49,20:11,2025-05-12 07:16:01.063599,Città della Scienza,66.4,21.195715,12.014946,14.295034,13.553441,EU EEA Common AQI,68.1,16.941803,10.871041,7200,10.57971,100,100,60.0,9.066666,Very Low,68.1,19.521826,100,1747034100,Very Low,11.436027,18.39581,Very Low,15.501319,56.4,11.797101,100,1747034100,11.333333
2025-05-12T07:16:12Z,0,29.871,72.1,59,64.7,4,5,235,74,0.0,255,32767,0.0,2127-15-31,0.0,0.16,26.24,0.0,0.0,0.0,0,4.828125,6,45,05:49,20:11,2025-05-12 07:16:12.153591,Città della Scienza,66.4,21.195715,12.014946,14.295034,13.553441,EU EEA Common AQI,68.1,16.941803,10.871041,7200,10.57971,100,100,60.0,9.066666,Very Low,68.1,19.521826,100,1747034100,Very Low,11.436027,18.39581,Very Low,15.501319,56.4,11.797101,100,1747034100,11.333333
2025-05-12T07:16:23Z,0,29.871,72.1,59,64.7,5,5,192,74,0.0,255,32767,0.0,2127-15-31,0.0,0.16,26.24,0.0,0.0,0.0,0,4.828125,6,45,05:49,20:11,2025-05-12 07:16:23.256597,Città della Scienza,66.4,21.195715,12.014946,14.295034,13.553441,EU EEA Common AQI,68.1,16.941803,10.871041,7200,10.57971,100,100,60.0,9.066666,Very Low,68.1,19.521826,100,1747034100,Very Low,11.436027,18.39581,Very Low,15.501319,56.4,11.797101,100,1747034100,11.333333
2025-05-12T07:16:34Z,0,29.871,72.1,59,64.7,5,5,186,74,0.0,255,32767,0.0,2127-15-31,0.0,0.16,26.24,0.0,0.0,0.0,0,4.828125,6,45,05:49,20:11,2025-05-12 07:16:34.377602,Città della Scienza,66.4,21.195715,12.014946,14.295034,13.553441,EU EEA Common AQI,68.1,16.941803,10.871041,7200,10.57971,100,100,60.0,9.066666,Very Low,68.1,19.521826,100,1747034100,Very Low,11.436027,18.39581,Very Low,15.501319,56.4,11.797101,100,1747034100,11.333333
2025-05-12T07:16:45Z,0,29.871,72.1,59,64.7,4,5,212,74,0.0,255,32767,0.0,2127-15-31,0.0,0.16,26.24,0.0,0.0,0.0,0,4.828125,6,45,05:49,20:11,2025-05-12 07:16:45.421594,Città della Scienza,66.4,21.195715,12.014946,14.295034,13.553441,EU EEA Common AQI,68.1,16.941803,10.871041,7200,10.57971,100,100,60.0,9.066666,Very Low,68.1,19.521826,100,1747034100,Very Low,11.436027,18.39581,Very Low,15.501319,56.4,11.797101,100,1747034100,11.333333
2025-05-12T07:16:56Z,0,29.871,72.1,59,64.6,5,5,242,74,0.0,255,32767,0.0,2127-15-31,0.0,0.16,26.24,0.0,0.0,0.0,0,4.828125,6,45,05:49,20:11,2025-05-12 07:16:56.523588,Città della Scienza,66.4,21.195715,12.014946,14.295034,13.553441,EU EEA Common AQI,68.1,16.941803,10.871041,7200,10.57971,100,100,60.0,9.066666,Very Low,68.1,19.521826,100,1747034100,Very Low,11.436027,18.39581,Very Low,15.501319,56.4,11.797101,100,1747034100,11.333333
2025-05-12T07:17:07Z,0,29.871,72.1,59,64.7,2,5,244,74,0.0,255,32767,0.0,2127-15-31,0.0,0.16,26.24,0.0,0.0,0.0,0,4.828125,6,45,05:49,20:11,2025-05-12 07:17:07.648598,Città della Scienza,66.4,21.195715,12.014946,14.295034,13.553441,EU EEA Common AQI,68.1,16.941803,10.871041,7200,10.57971,100,100,60.0,9.066666,Very Low,68.1,19.521826,100,1747034100,Very Low,11.436027,18.39581,Very Low,15.501319,56.4,11.797101,100,1747034100,11.333333
2025-05-12T07:17:18Z,0,29.871,72.1,59,64.7,9,5,220,74,0.0,255,32767,0.0,2127-15-31,0.0,0.16,26.24,0.0,0.0,0.0,0,4.828125,6,45,05:49,20:11,2025-05-12 07:17:18.719607,Città della Scienza,66.4,21.195715,12.014946,14.295034,13.553441,EU EEA Common AQI,68.1,16.941803,10.871041,7200,10.57971,100,100,60.0,9.066666,Very Low,68.1,19.521826,100,1747034100,Very Low,11.436027,18.39581,Very Low,15.501319,56.4,11.797101,100,1747034100,11.333333
2025-05-12T07:17:30Z,0,29.871,72.1,59,64.7,8,5,224,74,0.0,255,32767,0.0,2127-15-31,0.0,0.16,26.24,0.0,0.0,0.0,0,4.828125,6,45,05:49,20:11,2025-05-12 07:17:29.819595,Città della Scienza,66.4,21.195715,12.014946,14.295034,13.553441,EU EEA Common AQI,68.1,16.941803,10.871041,7200,10.57971,100,100,60.0,9.066666,Very Low,68.1,19.521826,100,1747034100,Very Low,11.436027,18.39581,Very Low,15.501319,56.4,11.797101,100,1747034100,11.333333
2025-05-12T07:17:41Z,0,29.873,72.0,59,64.7,6,5,221,74,0.0,255,32767,0.0,2127-15-31,0.0,0.16,26.24,0.0,0.0,0.0,0,4.828125,6,45,05:49,20:11,2025-05-12 07:17:40.886612,Città della Scienza,66.4,21.195715,12.014946,14.295034,13.553441,EU EEA Common AQI,68.1,16.941803,10.871041,7200,10.57971,100,100,60.0,9.066666,Very Low,68.1,19.521826,100,1747034100,Very Low,11.436027,18.39581,Very Low,15.501319,56.4,11.797101,100,1747034100,11.333333
2025-05-12T07:17:52Z,0,29.873,72.0,59,64.7,4,5,196,74,0.0,255,32767,0.0,2127-15-31,0.0,0.16,26.24,0.0,0.0,0.0,0,4.828125,6,45,05:49,20:11,2025-05-12 07:17:51.913607,Città della Scienza,66.4,21.195715,12.014946,14.295034,13.553441,EU EEA Common AQI,68.1,16.941803,10.871041,7200,10.57971,100,100,60.0,9.066666,Very Low,68.1,19.521826,100,1747034100,Very Low,11.436027,18.39581,Very Low,15.501319,56.4,11.797101,100,1747034100,11.333333
2025-05-12T07:18:03Z,0,29.873,72.0,59,64.7,4,5,236,74,0.0,255,32767,0.0,2127-15-31,0.0,0.16,26.24,0.0,0.0,0.0,0,4.828125,6,45,05:49,20:11,2025-05-12 07:18:02.976591,Città della Scienza,66.4,21.195715,12.014946,14.295034,13.553441,EU EEA Common AQI,68.1,16.941803,10.871041,7200,10.57971,100,100,60.0,9.066666,Very Low,68.1,19.521826,100,1747034100,Very Low,11.436027,18.39581,Very Low,15.501319,56.4,11.797101,100,1747034100,11.333333
2025-05-12T07:18:14Z,0,29.873,72.0,59,64.7,7,5,207,74,0.0,255,32767,0.0,2127-15-31,0.0,0.16,26.24,0.0,0.0,0.0,0,4.828125,6,45,05:49,20:11,2025-05-12 07:18:14.082593,Città della Scienza,66.4,21.195715,12.014946,14.295034,13.553441,EU EEA Common AQI,68.1,16.941803,10.871041,7200,10.57971,100,100,60.0,9.066666,Very Low,68.1,19.521826,100,1747034100,Very Low,11.436027,18.39581,Very Low,15.501319,56.4,11.797101,100,1747034100,11.333333
2025-05-12T07:18:25Z,0,29.873,72.0,59,64.7,6,5,265,74,0.0,255,32767,0.0,2127-15-31,0.0,0.16,26.24,0.0,0.0,0.0,0,4.828125,6,45,05:49,20:11,2025-05-12 07:18:25.155589,Città della Scienza,66.4,21.195715,12.014946,14.295034,13.553441,EU EEA Common AQI,68.1,16.941803,10.871041,7200,10.57971,100,100,60.0,9.066666,Very Low,68.1,19.521826,100,1747034100,Very Low,11.436027,18.39581,Very Low,15.501319,56.4,11.797101,100,1747034100,11.333333
2025-05-12T07:18:36Z,0,29.873,72.1,59,64.7,3,5,258,74,0.0,255,32767,0.0,2127-15-31,0.0,0.16,26.24,0.0,0.0,0.0,0,4.828125,6,45,05:49,20:11,2025-05-12 07:18:36.226603,Città della Scienza,66.4,21.195715,12.014946,14.295034,13.553441,EU EEA Common AQI,68.1,16.941803,10.871041,7200,10.57971,100,100,60.0,9.066666,Very Low,68.1,19.521826,100,1747034100,Very Low,11.436027,18.39581,Very Low,15.501319,56.4,11.797101,100,1747034100,11.333333
2025-05-12T07:18:47Z,0,29.873,72.1,59,64.7,4,5,253,74,0.0,255,32767,0.0,2127-15-31,0.0,0.16,26.24,0.0,0.0,0.0,0,4.828125,6,45,05:49,20:11,2025-05-12 07:18:47.284587,Città della Scienza,66.4,21.195715,12.014946,14.295034,13.553441,EU EEA Common AQI,68.1,16.941803,10.871041,7200,10.57971,100,100,60.0,9.066666,Very Low,68.1,19.521826,100,1747034100,Very Low,11.436027,18.39581,Very Low,15.501319,56.4,11.797101,100,1747034100,11.333333
2025-05-12T07:18:58Z,0,29.873,72.1,59,64.7,6,5,211,74,0.0,255,32767,0.0,2127-15-31,0.0,0.16,26.24,0.0,0.0,0.0,0,4.828125,6,45,05:49,20:11,2025-05-12 07:18:58.355606,Città della Scienza,66.4,21.195715,12.014946,14.295034,13.553441,EU EEA Common AQI,68.1,16.941803,10.871041,7200,10.57971,100,100,60.0,9.066666,Very Low,68.1,19.521826,100,1747034100,Very Low,11.436027,18.39581,Very Low,15.501319,56.4,11.797101,100,1747034100,11.333333
2025-05-12T07:19:09Z,0,29.873,72.1,59,64.7,6,5,237,75,0.0,255,32767,0.0,2127-15-31,0.0,0.16,26.24,0.0,0.0,0.0,0,4.828125,6,45,05:49,20:11,2025-05-12 07:19:09.442609,Città della Scienza,66.4,21.195715,12.014946,14.295034,13.553441,EU EEA Common AQI,68.1,16.941803,10.871041,7200,10.57971,100,100,60.0,9.066666,Very Low,68.1,19.521826,100,1747034100,Very Low,11.436027,18.39581,Very Low,15.501319,56.4,11.797101,100,1747034100,11.333333
2025-05-12T07:19:20Z,0,29.873,72.1,59,64.7,6,5,226,75,0.0,255,32767,0.0,2127-15-31,0.0,0.16,26.24,0.0,0.0,0.0,0,4.828125,6,45,05:49,20:11,2025-05-12 07:19:20.523595,Città della Scienza,66.4,21.195715,12.014946,14.295034,13.553441,EU EEA Common AQI,68.1,16.941803,10.871041,7200,10.57971,100,100,60.0,9.066666,Very Low,68.1,19.521826,100,1747034100,Very Low,11.436027,18.39581,Very Low,15.501319,56.4,11.797101,100,1747034100,11.333333
2025-05-12T07:19:31Z,0,29.873,72.1,59,64.7,5,5,213,75,0.0,255,32767,0.0,2127-15-31,0.0,0.16,26.24,0.0,0.0,0.0,0,4.828125,6,45,05:49,20:11,2025-05-12 07:19:31.606601,Città della Scienza,66.4,21.195715,12.014946,14.295034,13.553441,EU EEA Common AQI,68.1,16.941803,10.871041,7200,10.57971,100,100,60.0,9.066666,Very Low,68.1,19.521826,100,1747034100,Very Low,11.436027,18.39581,Very Low,15.501319,56.4,11.797101,100,1747034100,11.333333
2025-05-12T07:19:42Z,0,29.875,72.0,59,64.7,3,5,294,75,0.0,255,32767,0.0,2127-15-31,0.0,0.16,26.24,0.0,0.0,0.0,0,4.828125,6,45,05:49,20:11,2025-05-12 07:19:42.692608,Città della Scienza,66.4,21.195715,12.014946,14.295034,13.553441,EU EEA Common AQI,68.1,16.941803,10.871041,7200,10.57971,100,100,60.0,9.066666,Very Low,68.1,19.521826,100,1747034100,Very Low,11.436027,18.39581,Very Low,15.501319,56.4,11.797101,100,1747034100,11.333333
2025-05-12T07:19:54Z,0,29.875,72.0,59,64.7,5,5,236,75,0.0,255,32767,0.0,2127-15-31,0.0,0.16,26.24,0.0,0.0,0.0,0,4.828125,6,45,05:49,20:11,2025-05-12 07:19:53.851613,Città della Scienza,66.4,21.195715,12.014946,14.295034,13.553441,EU EEA Common AQI,68.1,16.941803,10.871041,7200,10.57971,100,100,60.0,9.066666,Very Low,68.1,19.521826,100,1747034100,Very Low,11.436027,18.39581,Very Low,15.501319,56.4,11.797101,100,1747034100,11.333333
2025-05-12T07:20:05Z,0,29.875,72.0,59,64.7,4,5,191,75,0.0,255,32767,0.0,2127-15-31,0.0,0.16,26.24,0.0,0.0,0.0,0,4.828125,6,45,05:49,20:11,2025-05-12 07:20:04.929556,Città della Scienza,66.4,21.195715,12.014946,14.295034,13.553441,EU EEA Common AQI,68.1,16.941803,10.871041,7200,10.57971,100,100,60.0,9.066666,Very Low,68.1,19.521826,100,1747034100,Very Low,11.436027,18.39581,Very Low,15.501319,56.4,11.797101,100,1747034100,11.333333
2025-05-12T07:20:16Z,0,29.875,72.0,59,64.7,2,5,187,75,0.0,255,32767,0.0,2127-15-31,0.0,0.16,26.24,0.0,0.0,0.0,0,4.828125,6,45,05:49,20:11,2025-05-12 07:20:16.068593,Città della Scienza,66.4,21.195715,12.014946,14.295034,13.553441,EU EEA Common AQI,68.1,16.941803,10.871041,7200,10.57971,100,100,60.0,9.066666,Very Low,68.1,19.521826,100,1747034100,Very Low,11.436027,18.39581,Very Low,15.501319,56.4,11.797101,100,1747034100,11.333333
2025-05-12T07:20:27Z,0,29.875,72.0,59,64.7,3,5,206,75,0.0,255,32767,0.0,2127-15-31,0.0,0.16,26.24,0.0,0.0,0.0,0,4.828125,6,45,05:49,20:11,2025-05-12 07:20:27.149051,Città della Scienza,66.4,21.195715,12.014946,14.295034,13.553441,EU EEA Common AQI,68.1,16.941803,10.871041,7200,10.57971,100,100,60.0,9.066666,Very Low,68.1,19.521826,100,1747034100,Very Low,11.436027,18.39581,Very Low,15.501319,56.4,11.797101,100,1747034100,11.333333
2025-05-12T07:20:38Z,0,29.873,72.0,59,64.7,5,5,209,75,0.0,255,32767,0.0,2127-15-31,0.0,0.16,26.24,0.0,0.0,0.0,0,4.828125,6,45,05:49,20:11,2025-05-12 07:20:38.208595,Città della Scienza,66.4,21.195715,12.014946,14.295034,13.553441,EU EEA Common AQI,68.1,16.941803,10.871041,7200,10.57971,100,100,60.0,9.066666,Very Low,68.1,19.521826,100,1747034100,Very Low,11.436027,18.39581,Very Low,15.501319,56.4,11.797101,100,1747034100,11.333333
2025-05-12T07:20:49Z,0,29.873,72.0,59,64.7,5,5,205,75,0.0,255,32767,0.0,2127-15-31,0.0,0.16,26.24,0.0,0.0,0.0,0,4.828125,6,45,05:49,20:11,2025-05-12 07:20:49.320590,Città della Scienza,66.4,21.195715,12.014946,14.295034,13.553441,EU EEA Common AQI,68.1,16.941803,10.871041,7200,10.57971,100,100,60.0,9.066666,Very Low,68.1,19.521826,100,1747034100,Very Low,11.436027,18.39581,Very Low,15.501319,56.4,11.797101,100,1747034100,11.333333
2025-05-12T07:21:00Z,0,29.873,72.0,59,64.7,3,5,178,75,0.0,255,32767,0.0,2127-15-31,0.0,0.16,26.24,0.0,0.0,0.0,0,4.828125,6,45,05:49,20:11,2025-05-12 07:21:00.365597,Città della Scienza,66.4,21.195715,12.014946,14.295034,13.553441,EU EEA Common AQI,68.1,16.941803,10.871041,7200,10.57971,100,100,60.0,9.066666,Very Low,68.1,19.521826,100,1747034100,Very Low,11.436027,18.39581,Very Low,15.501319,56.4,11.797101,100,1747034100,11.333333
2025-05-12T07:21:11Z,0,29.873,72.0,59,64.7,4,5,188,75,0.0,255,32767,0.0,2127-15-31,0.0,0.16,26.24,0.0,0.0,0.0,0,4.828125,6,45,05:49,20:11,2025-05-12 07:21:11.450613,Città della Scienza,66.4,21.195715,12.014946,14.295034,13.553441,EU EEA Common AQI,68.1,16.941803,10.871041,7200,10.57971,100,100,60.0,9.066666,Very Low,68.1,19.521826,100,1747034100,Very Low,11.436027,18.39581,Very Low,15.501319,56.4,11.797101,100,1747034100,11.333333
2025-05-12T07:21:22Z,0,29.873,72.0,59,64.7,5,5,209,75,0.0,255,32767,0.0,2127-15-31,0.0,0.16,26.24,0.0,0.0,0.0,0,4.828125,6,45,05:49,20:11,2025-05-12 07:21:22.510590,Città della Scienza,66.4,21.195715,12.014946,14.295034,13.553441,EU EEA Common AQI,68.1,16.941803,10.871041,7200,10.57971,100,100,60.0,9.066666,Very Low,68.1,19.521826,100,1747034100,Very Low,11.436027,18.39581,Very Low,15.501319,56.4,11.797101,100,1747034100,11.333333
2025-05-12T07:21:33Z,0,29.875,72.0,59,64.7,4,5,225,75,0.0,255,32767,0.0,2127-15-31,0.0,0.16,26.24,0.0,0.0,0.0,0,4.828125,6,45,05:49,20:11,2025-05-12 07:21:33.606598,Città della Scienza,66.4,21.195715,12.014946,14.295034,13.553441,EU EEA Common AQI,68.1,16.941803,10.871041,7200,10.57971,100,100,60.0,9.066666,Very Low,68.1,19.521826,100,1747034100,Very Low,11.436027,18.39581,Very Low,15.501319,56.4,11.797101,100,1747034100,11.333333
2025-05-12T07:21:44Z,0,29.875,72.0,59,64.7,4,5,178,75,0.0,255,32767,0.0,2127-15-31,0.0,0.16,26.24,0.0,0.0,0.0,0,4.828125,6,45,05:49,20:11,2025-05-12 07:21:44.676597,Città della Scienza,66.4,21.195715,12.014946,14.295034,13.553441,EU EEA Common AQI,68.1,16.941803,10.871041,7200,10.57971,100,100,60.0,9.066666,Very Low,68.1,19.521826,100,1747034100,Very Low,11.436027,18.39581,Very Low,15.501319,56.4,11.797101,100,1747034100,11.333333
2025-05-12T07:21:55Z,0,29.875,72.0,59,64.7,2,5,161,75,0.0,255,32767,0.0,2127-15-31,0.0,0.16,26.24,0.0,0.0,0.0,0,4.828125,6,45,05:49,20:11,2025-05-12 07:21:55.774592,Città della Scienza,66.4,21.195715,12.014946,14.295034,13.553441,EU EEA Common AQI,68.1,16.941803,10.871041,7200,10.57971,100,100,60.0,9.066666,Very Low,68.1,19.521826,100,1747034100,Very Low,11.436027,18.39581,Very Low,15.501319,56.4,11.797101,100,1747034100,11.333333
2025-05-12T07:22:07Z,0,29.875,72.0,59,64.9,3,5,266,75,0.0,255,32767,0.0,2127-15-31,0.0,0.16,26.24,0.0,0.0,0.0,0,4.828125,6,45,05:49,20:11,2025-05-12 07:22:06.850590,Città della Scienza,66.4,21.195715,12.014946,14.295034,13.553441,EU EEA Common AQI,68.1,16.941803,10.871041,7200,10.57971,100,100,60.0,9.066666,Very Low,68.1,19.521826,100,1747034100,Very Low,11.436027,18.39581,Very Low,15.501319,56.4,11.797101,100,1747034100,11.333333
2025-05-12T07:22:18Z,0,29.875,72.0,59,64.8,5,5,220,75,0.0,255,32767,0.0,2127-15-31,0.0,0.16,26.24,0.0,0.0,0.0,0,4.828125,6,45,05:49,20:11,2025-05-12 07:22:17.936598,Città della Scienza,66.4,21.195715,12.014946,14.295034,13.553441,EU EEA Common AQI,68.1,16.941803,10.871041,7200,10.57971,100,100,60.0,9.066666,Very Low,68.1,19.521826,100,1747034100,Very Low,11.436027,18.39581,Very Low,15.501319,56.4,11.797101,100,1747034100,11.333333
2025-05-12T07:22:29Z,0,29.875,72.0,59,64.8,4,5,263,75,0.0,255,32767,0.0,2127-15-31,0.0,0.16,26.24,0.0,0.0,0.0,0,4.828125,6,45,05:49,20:11,2025-05-12 07:22:28.978607,Città della Scienza,66.4,21.195715,12.014946,14.295034,13.553441,EU EEA Common AQI,68.1,16.941803,10.871041,7200,10.57971,100,100,60.0,9.066666,Very Low,68.1,19.521826,100,1747034100,Very Low,11.436027,18.39581,Very Low,15.501319,56.4,11.797101,100,1747034100,11.333333
2025-05-12T07:22:40Z,0,29.877,72.0,59,64.9,5,5,218,75,0.0,255,32767,0.0,2127-15-31,0.0,0.16,26.24,0.0,0.0,0.0,0,4.828125,6,45,05:49,20:11,2025-05-12 07:22:40.038603,Città della Scienza,66.4,21.195715,12.014946,14.295034,13.553441,EU EEA Common AQI,68.1,16.941803,10.871041,7200,10.57971,100,100,60.0,9.066666,Very Low,68.1,19.521826,100,1747034100,Very Low,11.436027,18.39581,Very Low,15.501319,56.4,11.797101,100,1747034100,11.333333
2025-05-12T07:22:51Z,0,29.877,72.0,59,64.9,6,5,227,75,0.0,255,32767,0.0,2127-15-31,0.0,0.16,26.24,0.0,0.0,0.0,0,4.828125,6,45,05:49,20:11,2025-05-12 07:22:51.135559,Città della Scienza,66.4,21.195715,12.014946,14.295034,13.553441,EU EEA Common AQI,68.1,16.941803,10.871041,7200,10.57971,100,100,60.0,9.066666,Very Low,68.1,19.521826,100,1747034100,Very Low,11.436027,18.39581,Very Low,15.501319,56.4,11.797101,100,1747034100,11.333333
2025-05-12T07:23:02Z,0,29.877,72.0,59,64.9,3,5,200,75,0.0,255,32767,0.0,2127-15-31,0.0,0.16,26.24,0.0,0.0,0.0,0,4.828125,6,45,05:49,20:11,2025-05-12 07:23:02.175596,Città della Scienza,66.4,21.195715,12.014946,14.295034,13.553441,EU EEA Common AQI,68.1,16.941803,10.871041,7200,10.57971,100,100,60.0,9.066666,Very Low,68.1,19.521826,100,1747034100,Very Low,11.436027,18.39581,Very Low,15.501319,56.4,11.797101,100,1747034100,11.333333
2025-05-12T07:23:13Z,0,29.877,72.0,59,64.9,2,5,177,75,0.0,255,32767,0.0,2127-15-31,0.0,0.16,26.24,0.0,0.0,0.0,0,4.828125,6,45,05:49,20:11,2025-05-12 07:23:13.279592,Città della Scienza,66.4,21.195715,12.014946,14.295034,13.553441,EU EEA Common AQI,68.1,16.941803,10.871041,7200,10.57971,100,100,60.0,9.066666,Very Low,68.1,19.521826,100,1747034100,Very Low,11.436027,18.39581,Very Low,15.501319,56.4,11.797101,100,1747034100,11.333333
2025-05-12T07:23:24Z,0,29.877,72.0,59,64.9,3,5,175,75,0.0,255,32767,0.0,2127-15-31,0.0,0.16,26.24,0.0,0.0,0.0,0,4.828125,6,45,05:49,20:11,2025-05-12 07:23:24.349591,Città della Scienza,66.4,21.195715,12.014946,14.295034,13.553441,EU EEA Common AQI,68.1,16.941803,10.871041,7200,10.57971,100,100,60.0,9.066666,Very Low,68.1,19.521826,100,1747034100,Very Low,11.436027,18.39581,Very Low,15.501319,56.4,11.797101,100,1747034100,11.333333
2025-05-12T07:23:35Z,0,29.878,71.9,59,65.0,3,5,206,75,0.0,255,32767,0.0,2127-15-31,0.0,0.16,26.24,0.0,0.0,0.0,0,4.828125,6,45,05:49,20:11,2025-05-12 07:23:35.392600,Città della Scienza,66.4,21.195715,12.014946,14.295034,13.553441,EU EEA Common AQI,68.1,16.941803,10.871041,7200,10.57971,100,100,60.0,9.066666,Very Low,68.1,19.521826,100,1747034100,Very Low,11.436027,18.39581,Very Low,15.501319,56.4,11.797101,100,1747034100,11.333333
2025-05-12T07:23:46Z,0,29.878,71.9,59,64.9,4,5,184,75,0.0,255,32767,0.0,2127-15-31,0.0,0.16,26.24,0.0,0.0,0.0,0,4.828125,6,45,05:49,20:11,2025-05-12 07:23:46.472596,Città della Scienza,66.4,21.195715,12.014946,14.295034,13.553441,EU EEA Common AQI,68.1,16.941803,10.871041,7200,10.57971,100,100,60.0,9.066666,Very Low,68.1,19.521826,100,1747034100,Very Low,11.436027,18.39581,Very Low,15.501319,56.4,11.797101,100,1747034100,11.333333
2025-05-12T07:23:57Z,0,29.878,71.9,59,65.0,3,5,254,75,0.0,255,32767,0.0,2127-15-31,0.0,0.16,26.24,0.0,0.0,0.0,0,4.828125,6,45,05:49,20:11,2025-05-12 07:23:57.517599,Città della Scienza,66.4,21.195715,12.014946,14.295034,13.553441,EU EEA Common AQI,68.1,16.941803,10.871041,7200,10.57971,100,100,60.0,9.066666,Very Low,68.1,19.521826,100,1747034100,Very Low,11.436027,18.39581,Very Low,15.501319,56.4,11.797101,100,1747034100,11.333333
2025-05-12T07:24:08Z,0,29.878,71.9,59,65.0,4,5,237,75,0.0,255,32767,0.0,2127-15-31,0.0,0.16,26.24,0.0,0.0,0.0,0,4.828125,6,45,05:49,20:11,2025-05-12 07:24:08.573595,Città della Scienza,66.4,21.195715,12.014946,14.295034,13.553441,EU EEA Common AQI,68.1,16.941803,10.871041,7200,10.57971,100,100,60.0,9.066666,Very Low,68.1,19.521826,100,1747034100,Very Low,11.436027,18.39581,Very Low,15.501319,56.4,11.797101,100,1747034100,11.333333
2025-05-12T07:24:19Z,0,29.878,71.9,59,65.0,4,5,188,75,0.0,255,32767,0.0,2127-15-31,0.0,0.16,26.24,0.0,0.0,0.0,0,4.828125,6,45,05:49,20:11,2025-05-12 07:24:19.647559,Città della Scienza,66.4,21.195715,12.014946,14.295034,13.553441,EU EEA Common AQI,68.1,16.941803,10.871041,7200,10.57971,100,100,60.0,9.066666,Very Low,68.1,19.521826,100,1747034100,Very Low,11.436027,18.39581,Very Low,15.501319,56.4,11.797101,100,1747034100,11.333333
2025-05-12T07:24:30Z,0,29.878,71.9,59,65.0,3,5,173,75,0.0,255,32767,0.0,2127-15-31,0.0,0.16,26.24,0.0,0.0,0.0,0,4.828125,6,45,05:49,20:11,2025-05-12 07:24:30.760594,Città della Scienza,66.4,21.195715,12.014946,14.295034,13.553441,EU EEA Common AQI,68.1,16.941803,10.871041,7200,10.57971,100,100,60.0,9.066666,Very Low,68.1,19.521826,100,1747034100,Very Low,11.436027,18.39581,Very Low,15.501319,56.4,11.797101,100,1747034100,11.333333
2025-05-12T07:24:41Z,0,29.876,71.9,59,65.0,5,5,178,75,0.0,255,32767,0.0,2127-15-31,0.0,0.16,26.24,0.0,0.0,0.0,0,4.828125,6,45,05:49,20:11,2025-05-12 07:24:41.776125,Città della Scienza,66.4,21.195715,12.014946,14.295034,13.553441,EU EEA Common AQI,68.1,16.941803,10.871041,7200,10.57971,100,100,60.0,9.066666,Very Low,68.1,19.521826,100,1747034100,Very Low,11.436027,18.39581,Very Low,15.501319,56.4,11.797101,100,1747034100,11.333333
2025-05-12T07:24:53Z,0,29.876,71.9,59,65.0,2,5,181,75,0.0,255,32767,0.0,2127-15-31,0.0,0.16,26.24,0.0,0.0,0.0,0,4.828125,6,45,05:49,20:11,2025-05-12 07:24:52.891604,Città della Scienza,66.4,21.195715,12.014946,14.295034,13.553441,EU EEA Common AQI,68.1,16.941803,10.871041,7200,10.57971,100,100,60.0,9.066666,Very Low,68.1,19.521826,100,1747034100,Very Low,11.436027,18.39581,Very Low,15.501319,56.4,11.797101,100,1747034100,11.333333
2025-05-12T07:25:04Z,0,29.876,71.9,59,65.0,3,5,209,75,0.0,255,32767,0.0,2127-15-31,0.0,0.16,26.24,0.0,0.0,0.0,0,4.828125,6,45,05:49,20:11,2025-05-12 07:25:03.968652,Città della Scienza,66.4,21.195715,12.014946,14.295034,13.553441,EU EEA Common AQI,68.1,16.941803,10.871041,7200,10.57971,100,100,60.0,9.066666,Very Low,68.1,19.521826,100,1747034100,Very Low,11.436027,18.39581,Very Low,15.501319,56.4,11.797101,100,1747034100,11.333333
2025-05-12T07:25:15Z,0,29.876,71.9,59,65.0,5,5,217,75,0.0,255,32767,0.0,2127-15-31,0.0,0.16,26.24,0.0,0.0,0.0,0,4.828125,6,45,05:49,20:11,2025-05-12 07:25:15.048601,Città della Scienza,66.4,21.195715,12.014946,14.295034,13.553441,EU EEA Common AQI,68.1,16.941803,10.871041,7200,10.57971,100,100,60.0,9.066666,Very Low,68.1,19.521826,100,1747034100,Very Low,11.436027,18.39581,Very Low,15.501319,56.4,11.797101,100,1747034100,11.333333
2025-05-12T07:25:26Z,0,29.876,71.9,59,64.9,5,5,216,75,0.0,255,32767,0.0,2127-15-31,0.0,0.16,26.24,0.0,0.0,0.0,0,4.828125,6,45,05:49,20:11,2025-05-12 07:25:26.128600,Città della Scienza,66.4,21.195715,12.014946,14.295034,13.553441,EU EEA Common AQI,68.1,16.941803,10.871041,7200,10.57971,100,100,60.0,9.066666,Very Low,68.1,19.521826,100,1747034100,Very Low,11.436027,18.39581,Very Low,15.501319,56.4,11.797101,100,1747034100,11.333333
2025-05-12T07:25:37Z,0,29.877,71.9,59,64.9,7,5,228,75,0.0,255,32767,0.0,2127-15-31,0.0,0.16,26.24,0.0,0.0,0.0,0,4.828125,6,45,05:49,20:11,2025-05-12 07:25:37.202606,Città della Scienza,66.4,21.195715,12.014946,14.295034,13.553441,EU EEA Common AQI,68.1,16.941803,10.871041,7200,10.57971,100,100,60.0,9.066666,Very Low,68.1,19.521826,100,1747034100,Very Low,11.436027,18.39581,Very Low,15.501319,56.4,11.797101,100,1747034100,11.333333
2025-05-12T07:25:48Z,0,29.877,71.9,59,65.0,4,5,150,75,0.0,255,32767,0.0,2127-15-31,0.0,0.16,26.24,0.0,0.0,0.0,0,4.828125,6,45,05:49,20:11,2025-05-12 07:25:48.308594,Città della Scienza,66.4,21.195715,12.014946,14.295034,13.553441,EU EEA Common AQI,68.1,16.941803,10.871041,7200,10.57971,100,100,60.0,9.066666,Very Low,68.1,19.521826,100,1747034100,Very Low,11.436027,18.39581,Very Low,15.501319,56.4,11.797101,100,1747034100,11.333333
2025-05-12T07:25:59Z,0,29.877,71.9,59,65.0,2,5,178,75,0.0,255,32767,0.0,2127-15-31,0.0,0.16,26.24,0.0,0.0,0.0,0,4.828125,6,45,05:49,20:11,2025-05-12 07:25:59.383601,Città della Scienza,66.4,21.195715,12.014946,14.295034,13.553441,EU EEA Common AQI,68.1,16.941803,10.871041,7200,10.57971,100,100,60.0,9.066666,Very Low,68.1,19.521826,100,1747034100,Very Low,11.436027,18.39581,Very Low,15.501319,56.4,11.797101,100,1747034100,11.333333
2025-05-12T07:26:10Z,0,29.877,71.9,59,65.0,2,5,188,75,0.0,255,32767,0.0,2127-15-31,0.0,0.16,26.24,0.0,0.0,0.0,0,4.828125,6,45,05:49,20:11,2025-05-12 07:26:10.463565,Città della Scienza,66.4,21.195715,12.014946,14.295034,13.553441,EU EEA Common AQI,68.1,16.941803,10.871041,7200,10.57971,100,100,60.0,9.066666,Very Low,68.1,19.521826,100,1747034100,Very Low,11.436027,18.39581,Very Low,15.501319,56.4,11.797101,100,1747034100,11.333333
2025-05-12T07:26:21Z,0,29.877,71.9,59,65.0,5,5,196,75,0.0,255,32767,0.0,2127-15-31,0.0,0.16,26.24,0.0,0.0,0.0,0,4.828125,6,45,05:49,20:11,2025-05-12 07:26:21.525403,Città della Scienza,66.4,21.195715,12.014946,14.295034,13.553441,EU EEA Common AQI,68.1,16.941803,10.871041,7200,10.57971,100,100,60.0,9.066666,Very Low,68.1,19.521826,100,1747034100,Very Low,11.436027,18.39581,Very Low,15.501319,56.4,11.797101,100,1747034100,11.333333
2025-05-12T07:26:32Z,0,29.877,71.9,59,65.0,5,5,238,75,0.0,255,32767,0.0,2127-15-31,0.0,0.16,26.24,0.0,0.0,0.0,0,4.828125,6,45,05:49,20:11,2025-05-12 07:26:32.615600,Città della Scienza,66.4,21.195715,12.014946,14.295034,13.553441,EU EEA Common AQI,68.1,16.941803,10.871041,7200,10.57971,100,100,60.0,9.066666,Very Low,68.1,19.521826,100,1747034100,Very Low,11.436027,18.39581,Very Low,15.501319,56.4,11.797101,100,1747034100,11.333333
2025-05-12T07:26:43Z,0,29.877,71.9,59,65.0,2,5,206,75,0.0,255,32767,0.0,2127-15-31,0.0,0.16,26.24,0.0,0.0,0.0,0,4.828125,6,45,05:49,20:11,2025-05-12 07:26:43.718592,Città della Scienza,66.4,21.195715,12.014946,14.295034,13.553441,EU EEA Common AQI,68.1,16.941803,10.871041,7200,10.57971,100,100,60.0,9.066666,Very Low,68.1,19.521826,100,1747034100,Very Low,11.436027,18.39581,Very Low,15.501319,56.4,11.797101,100,1747034100,11.333333
2025-05-12T07:26:55Z,0,29.877,71.9,59,65.0,3,5,186,75,0.0,255,32767,0.0,2127-15-31,0.0,0.16,26.24,0.0,0.0,0.0,0,4.828125,6,45,05:49,20:11,2025-05-12 07:26:54.809606,Città della Scienza,66.4,21.195715,12.014946,14.295034,13.553441,EU EEA Common AQI,68.1,16.941803,10.871041,7200,10.57971,100,100,60.0,9.066666,Very Low,68.1,19.521826,100,1747034100,Very Low,11.436027,18.39581,Very Low,15.501319,56.4,11.797101,100,1747034100,11.333333
2025-05-12T07:27:06Z,0,29.877,71.9,59,65.0,7,5,206,75,0.0,255,32767,0.0,2127-15-31,0.0,0.16,26.24,0.0,0.0,0.0,0,4.828125,6,45,05:49,20:11,2025-05-12 07:27:05.881594,Città della Scienza,66.4,21.195715,12.014946,14.295034,13.553441,EU EEA Common AQI,68.1,16.941803,10.871041,7200,10.57971,100,100,60.0,9.066666,Very Low,68.1,19.521826,100,1747034100,Very Low,11.436027,18.39581,Very Low,15.501319,56.4,11.797101,100,1747034100,11.333333
2025-05-12T07:27:17Z,0,29.877,71.9,59,65.1,3,5,176,75,0.0,255,32767,0.0,2127-15-31,0.0,0.16,26.24,0.0,0.0,0.0,0,4.828125,6,45,05:49,20:11,2025-05-12 07:27:16.979593,Città della Scienza,66.4,21.195715,12.014946,14.295034,13.553441,EU EEA Common AQI,68.1,16.941803,10.871041,7200,10.57971,100,100,60.0,9.066666,Very Low,68.1,19.521826,100,1747034100,Very Low,11.436027,18.39581,Very Low,15.501319,56.4,11.797101,100,1747034100,11.333333
2025-05-12T07:27:28Z,0,29.877,71.9,59,65.0,3,5,184,75,0.0,255,32767,0.0,2127-15-31,0.0,0.16,26.24,0.0,0.0,0.0,0,4.828125,6,45,05:49,20:11,2025-05-12 07:27:28.044593,Città della Scienza,66.4,21.195715,12.014946,14.295034,13.553441,EU EEA Common AQI,68.1,16.941803,10.871041,7200,10.57971,100,100,60.0,9.066666,Very Low,68.1,19.521826,100,1747034100,Very Low,11.436027,18.39581,Very Low,15.501319,56.4,11.797101,100,1747034100,11.333333
2025-05-12T07:27:39Z,0,29.875,71.9,59,65.0,4,4,194,75,0.0,255,32767,0.0,2127-15-31,0.0,0.16,26.24,0.0,0.0,0.0,0,4.828125,6,45,05:49,20:11,2025-05-12 07:27:39.129600,Città della Scienza,66.4,21.195715,12.014946,14.295034,13.553441,EU EEA Common AQI,68.1,16.941803,10.871041,7200,10.57971,100,100,60.0,9.066666,Very Low,68.1,19.521826,100,1747034100,Very Low,11.436027,18.39581,Very Low,15.501319,56.4,11.797101,100,1747034100,11.333333
2025-05-12T07:27:50Z,0,29.875,71.9,59,65.0,4,4,215,75,0.0,255,32767,0.0,2127-15-31,0.0,0.16,26.24,0.0,0.0,0.0,0,4.828125,6,45,05:49,20:11,2025-05-12 07:27:50.205593,Città della Scienza,66.4,21.195715,12.014946,14.295034,13.553441,EU EEA Common AQI,68.1,16.941803,10.871041,7200,10.57971,100,100,60.0,9.066666,Very Low,68.1,19.521826,100,1747034100,Very Low,11.436027,18.39581,Very Low,15.501319,56.4,11.797101,100,1747034100,11.333333
2025-05-12T07:28:01Z,0,29.875,71.9,59,65.0,3,4,241,75,0.0,255,32767,0.0,2127-15-31,0.0,0.16,26.24,0.0,0.0,0.0,0,4.828125,6,45,05:49,20:11,2025-05-12 07:28:01.266617,Città della Scienza,66.4,21.195715,12.014946,14.295034,13.553441,EU EEA Common AQI,68.1,16.941803,10.871041,7200,10.57971,100,100,60.0,9.066666,Very Low,68.1,19.521826,100,1747034100,Very Low,11.436027,18.39581,Very Low,15.501319,56.4,11.797101,100,1747034100,11.333333
2025-05-12T07:28:12Z,0,29.875,71.9,59,65.0,5,4,221,75,0.0,255,32767,0.0,2127-15-31,0.0,0.16,26.24,0.0,0.0,0.0,0,4.828125,6,45,05:49,20:11,2025-05-12 07:28:12.319600,Città della Scienza,66.4,21.195715,12.014946,14.295034,13.553441,EU EEA Common AQI,68.1,16.941803,10.871041,7200,10.57971,100,100,60.0,9.066666,Very Low,68.1,19.521826,100,1747034100,Very Low,11.436027,18.39581,Very Low,15.501319,56.4,11.797101,100,1747034100,11.333333
2025-05-12T07:28:23Z,0,29.875,71.9,59,65.1,7,4,225,75,0.0,255,32767,0.0,2127-15-31,0.0,0.16,26.24,0.0,0.0,0.0,0,4.828125,6,45,05:49,20:11,2025-05-12 07:28:23.382596,Città della Scienza,66.4,21.195715,12.014946,14.295034,13.553441,EU EEA Common AQI,68.1,16.941803,10.871041,7200,10.57971,100,100,60.0,9.066666,Very Low,68.1,19.521826,100,1747034100,Very Low,11.436027,18.39581,Very Low,15.501319,56.4,11.797101,100,1747034100,11.333333
2025-05-12T07:28:34Z,0,29.878,71.9,59,65.1,8,4,240,75,0.0,255,32767,0.0,2127-15-31,0.0,0.16,26.24,0.0,0.0,0.0,0,4.828125,6,45,05:49,20:11,2025-05-12 07:28:34.481565,Città della Scienza,66.4,21.195715,12.014946,14.295034,13.553441,EU EEA Common AQI,68.1,16.941803,10.871041,7200,10.57971,100,100,60.0,9.066666,Very Low,68.1,19.521826,100,1747034100,Very Low,11.436027,18.39581,Very Low,15.501319,56.4,11.797101,100,1747034100,11.333333
2025-05-12T07:28:45Z,0,29.878,71.9,59,65.0,5,4,226,75,0.0,255,32767,0.0,2127-15-31,0.0,0.16,26.24,0.0,0.0,0.0,0,4.828125,6,45,05:49,20:11,2025-05-12 07:28:45.588594,Città della Scienza,66.4,21.195715,12.014946,14.295034,13.553441,EU EEA Common AQI,68.1,16.941803,10.871041,7200,10.57971,100,100,60.0,9.066666,Very Low,68.1,19.521826,100,1747034100,Very Low,11.436027,18.39581,Very Low,15.501319,56.4,11.797101,100,1747034100,11.333333
2025-05-12T07:28:56Z,0,29.878,71.9,59,65.1,2,4,196,75,0.0,255,32767,0.0,2127-15-31,0.0,0.16,26.24,0.0,0.0,0.0,0,4.828125,6,45,05:49,20:11,2025-05-12 07:28:56.706603,Città della Scienza,66.4,21.195715,12.014946,14.295034,13.553441,EU EEA Common AQI,68.1,16.941803,10.871041,7200,10.57971,100,100,60.0,9.066666,Very Low,68.1,19.521826,100,1747034100,Very Low,11.436027,18.39581,Very Low,15.501319,56.4,11.797101,100,1747034100,11.333333
2025-05-12T07:29:07Z,0,29.878,71.9,59,65.0,1,4,215,75,0.0,255,32767,0.0,2127-15-31,0.0,0.16,26.24,0.0,0.0,0.0,0,4.828125,6,45,05:49,20:11,2025-05-12 07:29:07.797598,Città della Scienza,66.4,21.195715,12.014946,14.295034,13.553441,EU EEA Common AQI,68.1,16.941803,10.871041,7200,10.57971,100,100,60.0,9.066666,Very Low,68.1,19.521826,100,1747034100,Very Low,11.436027,18.39581,Very Low,15.501319,56.4,11.797101,100,1747034100,11.333333
2025-05-12T07:29:19Z,0,29.878,71.9,59,65.1,6,4,228,75,0.0,255,32767,0.0,2127-15-31,0.0,0.16,26.24,0.0,0.0,0.0,0,4.828125,6,45,05:49,20:11,2025-05-12 07:29:18.852564,Città della Scienza,66.4,21.195715,12.014946,14.295034,13.553441,EU EEA Common AQI,68.1,16.941803,10.871041,7200,10.57971,100,100,60.0,9.066666,Very Low,68.1,19.521826,100,1747034100,Very Low,11.436027,18.39581,Very Low,15.501319,56.4,11.797101,100,1747034100,11.333333
2025-05-12T07:29:30Z,0,29.878,71.9,59,65.1,6,4,217,75,0.0,255,32767,0.0,2127-15-31,0.0,0.16,26.24,0.0,0.0,0.0,0,4.828125,6,45,05:49,20:11,2025-05-12 07:29:29.930597,Città della Scienza,66.4,21.195715,12.014946,14.295034,13.553441,EU EEA Common AQI,68.1,16.941803,10.871041,7200,10.57971,100,100,60.0,9.066666,Very Low,68.1,19.521826,100,1747034100,Very Low,11.436027,18.39581,Very Low,15.501319,56.4,11.797101,100,1747034100,11.333333
2025-05-12T07:29:41Z,0,29.876,71.9,59,65.1,4,4,236,75,0.0,255,32767,0.0,2127-15-31,0.0,0.16,26.24,0.0,0.0,0.0,0,4.828125,6,45,05:49,20:11,2025-05-12 07:29:40.995569,Città della Scienza,66.4,21.195715,12.014946,14.295034,13.553441,EU EEA Common AQI,68.1,16.941803,10.871041,7200,10.57971,100,100,60.0,9.066666,Very Low,68.1,19.521826,100,1747034100,Very Low,11.436027,18.39581,Very Low,15.501319,56.4,11.797101,100,1747034100,11.333333
2025-05-12T07:29:52Z,0,29.876,71.9,59,65.1,9,4,229,75,0.0,255,32767,0.0,2127-15-31,0.0,0.16,26.24,0.0,0.0,0.0,0,4.828125,6,45,05:49,20:11,2025-05-12 07:29:52.063595,Città della Scienza,66.4,21.195715,12.014946,14.295034,13.553441,EU EEA Common AQI,68.1,16.941803,10.871041,7200,10.57971,100,100,60.0,9.066666,Very Low,68.1,19.521826,100,1747034100,Very Low,11.436027,18.39581,Very Low,15.501319,56.4,11.797101,100,1747034100,11.333333
2025-05-12T07:30:03Z,0,29.876,71.9,59,65.1,5,4,209,75,0.0,255,32767,0.0,2127-15-31,0.0,0.16,26.24,0.0,0.0,0.0,0,4.828125,6,45,05:49,20:11,2025-05-12 07:30:03.140602,Città della Scienza,66.4,21.195715,12.014946,14.295034,13.553441,EU EEA Common AQI,68.1,16.941803,10.871041,7200,10.57971,100,100,60.0,9.066666,Very Low,68.1,19.521826,100,1747034100,Very Low,11.436027,18.39581,Very Low,15.501319,56.4,11.797101,100,1747034100,11.333333
2025-05-12T07:30:14Z,0,29.876,71.9,59,65.1,4,4,202,75,0.0,255,32767,0.0,2127-15-31,0.0,0.16,26.24,0.0,0.0,0.0,0,4.828125,6,45,05:49,20:11,2025-05-12 07:30:14.209593,Città della Scienza,66.4,21.195715,12.014946,14.295034,13.553441,EU EEA Common AQI,68.1,16.941803,10.871041,7200,10.57971,100,100,60.0,9.066666,Very Low,68.1,19.521826,100,1747034100,Very Low,11.436027,18.39581,Very Low,15.501319,56.4,11.797101,100,1747034100,11.333333
2025-05-12T07:30:25Z,0,29.876,71.9,59,65.1,4,4,163,75,0.0,255,32767,0.0,2127-15-31,0.0,0.16,26.24,0.0,0.0,0.0,0,4.828125,6,45,05:49,20:11,2025-05-12 07:30:25.274561,Città della Scienza,66.4,21.195715,12.014946,14.295034,13.553441,EU EEA Common AQI,68.1,16.941803,10.871041,7200,10.57971,100,100,60.0,9.066666,Very Low,68.1,19.521826,100,1747034100,Very Low,11.436027,18.39581,Very Low,15.501319,56.4,11.797101,100,1747034100,11.333333
2025-05-12T07:30:36Z,0,29.877,71.9,59,65.1,6,4,240,75,0.0,255,32767,0.0,2127-15-31,0.0,0.16,26.24,0.0,0.0,0.0,0,4.828125,6,45,05:49,20:11,2025-05-12 07:30:36.326592,Città della Scienza,68.9,20.592878,11.827474,13.103093,12.966104,EU EEA Common AQI,68.0,16.20763,10.705969,7200,14.842857,100,100,60.5,13.428572,Very Low,67.8,18.958775,100,1747035000,Very Low,10.482474,17.598457,Very Low,14.230161,57.3,18.471428,100,1747035000,16.785715
2025-05-12T07:30:47Z,0,29.877,71.9,59,65.1,3,4,204,75,0.0,255,32767,0.0,2127-15-31,0.0,0.16,26.24,0.0,0.0,0.0,0,4.828125,6,45,05:49,20:11,2025-05-12 07:30:47.368602,Città della Scienza,68.9,20.592878,11.827474,13.103093,12.966104,EU EEA Common AQI,68.0,16.20763,10.705969,7200,14.842857,100,100,60.5,13.428572,Very Low,67.8,18.958775,100,1747035000,Very Low,10.482474,17.598457,Very Low,14.230161,57.3,18.471428,100,1747035000,16.785715
2025-05-12T07:30:58Z,0,29.877,71.9,59,65.0,3,4,176,75,0.0,255,32767,0.0,2127-15-31,0.0,0.16,26.24,0.0,0.0,0.0,0,4.828125,6,45,05:49,20:11,2025-05-12 07:30:58.452556,Città della Scienza,68.9,20.592878,11.827474,13.103093,12.966104,EU EEA Common AQI,68.0,16.20763,10.705969,7200,14.842857,100,100,60.5,13.428572,Very Low,67.8,18.958775,100,1747035000,Very Low,10.482474,17.598457,Very Low,14.230161,57.3,18.471428,100,1747035000,16.785715
2025-05-12T07:31:09Z,0,29.877,71.9,59,65.0,4,4,179,75,0.0,255,32767,0.0,2127-15-31,0.0,0.16,26.24,0.0,0.0,0.0,0,4.828125,6,45,05:49,20:11,2025-05-12 07:31:09.547604,Città della Scienza,68.9,20.592878,11.827474,13.103093,12.966104,EU EEA Common AQI,68.0,16.20763,10.705969,7200,14.842857,100,100,60.5,13.428572,Very Low,67.8,18.958775,100,1747035000,Very Low,10.482474,17.598457,Very Low,14.230161,57.3,18.471428,100,1747035000,16.785715
2025-05-12T07:31:20Z,0,29.877,71.9,59,65.0,2,4,190,75,0.0,255,32767,0.0,2127-15-31,0.0,0.16,26.24,0.0,0.0,0.0,0,4.828125,6,45,05:49,20:11,2025-05-12 07:31:20.640609,Città della Scienza,68.9,20.592878,11.827474,13.103093,12.966104,EU EEA Common AQI,68.0,16.20763,10.705969,7200,14.842857,100,100,60.5,13.428572,Very Low,67.8,18.958775,100,1747035000,Very Low,10.482474,17.598457,Very Low,14.230161,57.3,18.471428,100,1747035000,16.785715
2025-05-12T07:31:31Z,0,29.877,71.9,59,65.0,5,4,251,75,0.0,255,32767,0.0,2127-15-31,0.0,0.16,26.24,0.0,0.0,0.0,0,4.828125,6,45,05:49,20:11,2025-05-12 07:31:31.709597,Città della Scienza,68.9,20.592878,11.827474,13.103093,12.966104,EU EEA Common AQI,68.0,16.20763,10.705969,7200,14.842857,100,100,60.5,13.428572,Very Low,67.8,18.958775,100,1747035000,Very Low,10.482474,17.598457,Very Low,14.230161,57.3,18.471428,100,1747035000,16.785715
2025-05-12T07:31:43Z,0,29.875,71.9,59,65.0,4,4,240,75,0.0,255,32767,0.0,2127-15-31,0.0,0.16,26.24,0.0,0.0,0.0,0,4.828125,6,45,05:49,20:11,2025-05-12 07:31:42.810600,Città della Scienza,68.9,20.592878,11.827474,13.103093,12.966104,EU EEA Common AQI,68.0,16.20763,10.705969,7200,14.842857,100,100,60.5,13.428572,Very Low,67.8,18.958775,100,1747035000,Very Low,10.482474,17.598457,Very Low,14.230161,57.3,18.471428,100,1747035000,16.785715
2025-05-12T07:31:54Z,0,29.875,71.9,59,65.1,6,4,218,75,0.0,255,32767,0.0,2127-15-31,0.0,0.16,26.24,0.0,0.0,0.0,0,4.828125,6,45,05:49,20:11,2025-05-12 07:31:53.841594,Città della Scienza,68.9,20.592878,11.827474,13.103093,12.966104,EU EEA Common AQI,68.0,16.20763,10.705969,7200,14.842857,100,100,60.5,13.428572,Very Low,67.8,18.958775,100,1747035000,Very Low,10.482474,17.598457,Very Low,14.230161,57.3,18.471428,100,1747035000,16.785715
2025-05-12T07:32:05Z,0,29.875,71.9,59,65.1,7,4,220,75,0.0,255,32767,0.0,2127-15-31,0.0,0.16,26.24,0.0,0.0,0.0,0,4.828125,6,45,05:49,20:11,2025-05-12 07:32:04.957594,Città della Scienza,68.9,20.592878,11.827474,13.103093,12.966104,EU EEA Common AQI,68.0,16.20763,10.705969,7200,14.842857,100,100,60.5,13.428572,Very Low,67.8,18.958775,100,1747035000,Very Low,10.482474,17.598457,Very Low,14.230161,57.3,18.471428,100,1747035000,16.785715
2025-05-12T07:32:16Z,0,29.875,71.9,59,65.1,8,4,224,75,0.0,255,32767,0.0,2127-15-31,0.0,0.16,26.24,0.0,0.0,0.0,0,4.828125,6,45,05:49,20:11,2025-05-12 07:32:16.041588,Città della Scienza,68.9,20.592878,11.827474,13.103093,12.966104,EU EEA Common AQI,68.0,16.20763,10.705969,7200,14.842857,100,100,60.5,13.428572,Very Low,67.8,18.958775,100,1747035000,Very Low,10.482474,17.598457,Very Low,14.230161,57.3,18.471428,100,1747035000,16.785715
2025-05-12T07:32:27Z,0,29.875,71.9,59,65.0,6,4,228,75,0.0,255,32767,0.0,2127-15-31,0.0,0.16,26.24,0.0,0.0,0.0,0,4.828125,6,45,05:49,20:11,2025-05-12 07:32:27.102611,Città della Scienza,68.9,20.592878,11.827474,13.103093,12.966104,EU EEA Common AQI,68.0,16.20763,10.705969,7200,14.842857,100,100,60.5,13.428572,Very Low,67.8,18.958775,100,1747035000,Very Low,10.482474,17.598457,Very Low,14.230161,57.3,18.471428,100,1747035000,16.785715
2025-05-12T07:32:38Z,0,29.877,71.9,59,65.0,8,5,173,75,0.0,255,32767,0.0,2127-15-31,0.0,0.16,26.24,0.0,0.0,0.0,0,4.828125,6,45,05:49,20:11,2025-05-12 07:32:38.171599,Città della Scienza,68.9,20.592878,11.827474,13.103093,12.966104,EU EEA Common AQI,68.0,16.20763,10.705969,7200,14.842857,100,100,60.5,13.428572,Very Low,67.8,18.958775,100,1747035000,Very Low,10.482474,17.598457,Very Low,14.230161,57.3,18.471428,100,1747035000,16.785715
2025-05-12T07:32:49Z,0,29.877,71.9,59,65.0,7,5,267,75,0.0,255,32767,0.0,2127-15-31,0.0,0.16,26.24,0.0,0.0,0.0,0,4.828125,6,45,05:49,20:11,2025-05-12 07:32:49.221594,Città della Scienza,68.9,20.592878,11.827474,13.103093,12.966104,EU EEA Common AQI,68.0,16.20763,10.705969,7200,14.842857,100,100,60.5,13.428572,Very Low,67.8,18.958775,100,1747035000,Very Low,10.482474,17.598457,Very Low,14.230161,57.3,18.471428,100,1747035000,16.785715
2025-05-12T07:33:00Z,0,29.877,71.9,59,65.0,7,5,234,75,0.0,255,32767,0.0,2127-15-31,0.0,0.16,26.24,0.0,0.0,0.0,0,4.828125,6,45,05:49,20:11,2025-05-12 07:33:00.267584,Città della Scienza,68.9,20.592878,11.827474,13.103093,12.966104,EU EEA Common AQI,68.0,16.20763,10.705969,7200,14.842857,100,100,60.5,13.428572,Very Low,67.8,18.958775,100,1747035000,Very Low,10.482474,17.598457,Very Low,14.230161,57.3,18.471428,100,1747035000,16.785715
2025-05-12T07:33:11Z,0,29.877,71.9,59,65.0,8,5,238,75,0.0,255,32767,0.0,2127-15-31,0.0,0.16,26.24,0.0,0.0,0.0,0,4.828125,6,45,05:49,20:11,2025-05-12 07:33:11.343615,Città della Scienza,68.9,20.592878,11.827474,13.103093,12.966104,EU EEA Common AQI,68.0,16.20763,10.705969,7200,14.842857,100,100,60.5,13.428572,Very Low,67.8,18.958775,100,1747035000,Very Low,10.482474,17.598457,Very Low,14.230161,57.3,18.471428,100,1747035000,16.785715
2025-05-12T07:33:22Z,0,29.877,71.9,59,65.0,8,5,221,75,0.0,255,32767,0.0,2127-15-31,0.0,0.16,26.24,0.0,0.0,0.0,0,4.828125,6,45,05:49,20:11,2025-05-12 07:33:22.449596,Città della Scienza,68.9,20.592878,11.827474,13.103093,12.966104,EU EEA Common AQI,68.0,16.20763,10.705969,7200,14.842857,100,100,60.5,13.428572,Very Low,67.8,18.958775,100,1747035000,Very Low,10.482474,17.598457,Very Low,14.230161,57.3,18.471428,100,1747035000,16.785715
2025-05-12T07:33:33Z,0,29.877,71.9,59,65.0,8,5,217,75,0.0,255,32767,0.0,2127-15-31,0.0,0.16,26.24,0.0,0.0,0.0,0,4.828125,6,45,05:49,20:11,2025-05-12 07:33:33.541599,Città della Scienza,68.9,20.592878,11.827474,13.103093,12.966104,EU EEA Common AQI,68.0,16.20763,10.705969,7200,14.842857,100,100,60.5,13.428572,Very Low,67.8,18.958775,100,1747035000,Very Low,10.482474,17.598457,Very Low,14.230161,57.3,18.471428,100,1747035000,16.785715
2025-05-12T07:33:44Z,0,29.877,71.9,59,65.0,8,5,243,75,0.0,255,32767,0.0,2127-15-31,0.0,0.16,26.24,0.0,0.0,0.0,0,4.828125,6,45,05:49,20:11,2025-05-12 07:33:44.641598,Città della Scienza,68.9,20.592878,11.827474,13.103093,12.966104,EU EEA Common AQI,68.0,16.20763,10.705969,7200,14.842857,100,100,60.5,13.428572,Very Low,67.8,18.958775,100,1747035000,Very Low,10.482474,17.598457,Very Low,14.230161,57.3,18.471428,100,1747035000,16.785715
2025-05-12T07:33:55Z,0,29.877,71.9,59,65.0,5,5,219,75,0.0,255,32767,0.0,2127-15-31,0.0,0.16,26.24,0.0,0.0,0.0,0,4.828125,6,45,05:49,20:11,2025-05-12 07:33:55.775594,Città della Scienza,68.9,20.592878,11.827474,13.103093,12.966104,EU EEA Common AQI,68.0,16.20763,10.705969,7200,14.842857,100,100,60.5,13.428572,Very Low,67.8,18.958775,100,1747035000,Very Low,10.482474,17.598457,Very Low,14.230161,57.3,18.471428,100,1747035000,16.785715
2025-05-12T07:34:07Z,0,29.877,71.9,59,65.0,8,5,238,76,0.0,255,32767,0.0,2127-15-31,0.0,0.16,26.24,0.0,0.0,0.0,0,4.828125,6,45,05:49,20:11,2025-05-12 07:34:06.879601,Città della Scienza,68.9,20.592878,11.827474,13.103093,12.966104,EU EEA Common AQI,68.0,16.20763,10.705969,7200,14.842857,100,100,60.5,13.428572,Very Low,67.8,18.958775,100,1747035000,Very Low,10.482474,17.598457,Very Low,14.230161,57.3,18.471428,100,1747035000,16.785715
2025-05-12T07:34:18Z,0,29.877,71.9,59,65.0,3,5,186,76,0.0,255,32767,0.0,2127-15-31,0.0,0.16,26.24,0.0,0.0,0.0,0,4.828125,6,45,05:49,20:11,2025-05-12 07:34:18.019583,Città della Scienza,68.9,20.592878,11.827474,13.103093,12.966104,EU EEA Common AQI,68.0,16.20763,10.705969,7200,14.842857,100,100,60.5,13.428572,Very Low,67.8,18.958775,100,1747035000,Very Low,10.482474,17.598457,Very Low,14.230161,57.3,18.471428,100,1747035000,16.785715
2025-05-12T07:34:29Z,0,29.877,71.9,59,65.0,3,5,212,76,0.0,255,32767,0.0,2127-15-31,0.0,0.16,26.24,0.0,0.0,0.0,0,4.828125,6,45,05:49,20:11,2025-05-12 07:34:29.089583,Città della Scienza,68.9,20.592878,11.827474,13.103093,12.966104,EU EEA Common AQI,68.0,16.20763,10.705969,7200,14.842857,100,100,60.5,13.428572,Very Low,67.8,18.958775,100,1747035000,Very Low,10.482474,17.598457,Very Low,14.230161,57.3,18.471428,100,1747035000,16.785715
2025-05-12T07:34:40Z,0,29.873,71.9,59,65.0,4,5,201,76,0.0,255,32767,0.0,2127-15-31,0.0,0.16,26.24,0.0,0.0,0.0,0,4.828125,6,45,05:49,20:11,2025-05-12 07:34:40.168610,Città della Scienza,68.9,20.592878,11.827474,13.103093,12.966104,EU EEA Common AQI,68.0,16.20763,10.705969,7200,14.842857,100,100,60.5,13.428572,Very Low,67.8,18.958775,100,1747035000,Very Low,10.482474,17.598457,Very Low,14.230161,57.3,18.471428,100,1747035000,16.785715
2025-05-12T07:34:51Z,0,29.873,71.9,59,65.0,3,5,221,76,0.0,255,32767,0.0,2127-15-31,0.0,0.16,26.24,0.0,0.0,0.0,0,4.828125,6,45,05:49,20:11,2025-05-12 07:34:51.272595,Città della Scienza,68.9,20.592878,11.827474,13.103093,12.966104,EU EEA Common AQI,68.0,16.20763,10.705969,7200,14.842857,100,100,60.5,13.428572,Very Low,67.8,18.958775,100,1747035000,Very Low,10.482474,17.598457,Very Low,14.230161,57.3,18.471428,100,1747035000,16.785715
2025-05-12T07:35:02Z,0,29.873,71.9,59,65.0,4,5,227,76,0.0,255,32767,0.0,2127-15-31,0.0,0.16,26.24,0.0,0.0,0.0,0,4.828125,6,45,05:49,20:11,2025-05-12 07:35:02.378595,Città della Scienza,68.9,20.592878,11.827474,13.103093,12.966104,EU EEA Common AQI,68.0,16.20763,10.705969,7200,14.842857,100,100,60.5,13.428572,Very Low,67.8,18.958775,100,1747035000,Very Low,10.482474,17.598457,Very Low,14.230161,57.3,18.471428,100,1747035000,16.785715
2025-05-12T07:35:13Z,0,29.873,71.9,59,65.0,3,5,209,76,0.0,255,32767,0.0,2127-15-31,0.0,0.16,26.24,0.0,0.0,0.0,0,4.828125,6,45,05:49,20:11,2025-05-12 07:35:13.457597,Città della Scienza,68.9,20.592878,11.827474,13.103093,12.966104,EU EEA Common AQI,68.0,16.20763,10.705969,7200,14.842857,100,100,60.5,13.428572,Very Low,67.8,18.958775,100,1747035000,Very Low,10.482474,17.598457,Very Low,14.230161,57.3,18.471428,100,1747035000,16.785715
2025-05-12T07:35:24Z,0,29.873,71.9,59,65.0,3,5,258,76,0.0,255,32767,0.0,2127-15-31,0.0,0.16,26.24,0.0,0.0,0.0,0,4.828125,6,45,05:49,20:11,2025-05-12 07:35:24.561595,Città della Scienza,68.9,20.592878,11.827474,13.103093,12.966104,EU EEA Common AQI,68.0,16.20763,10.705969,7200,14.842857,100,100,60.5,13.428572,Very Low,67.8,18.958775,100,1747035000,Very Low,10.482474,17.598457,Very Low,14.230161,57.3,18.471428,100,1747035000,16.785715
2025-05-12T07:35:35Z,0,29.877,71.8,59,65.0,5,5,213,76,0.0,255,32767,0.0,2127-15-31,0.0,0.16,26.24,0.0,0.0,0.0,0,4.828125,6,45,05:49,20:11,2025-05-12 07:35:35.605570,Città della Scienza,68.9,20.592878,11.827474,13.103093,12.966104,EU EEA Common AQI,68.0,16.20763,10.705969,7200,14.842857,100,100,60.5,13.428572,Very Low,67.8,18.958775,100,1747035000,Very Low,10.482474,17.598457,Very Low,14.230161,57.3,18.471428,100,1747035000,16.785715
2025-05-12T07:35:46Z,0,29.877,71.8,59,64.9,2,5,215,76,0.0,255,32767,0.0,2127-15-31,0.0,0.16,26.24,0.0,0.0,0.0,0,4.828125,6,45,05:49,20:11,2025-05-12 07:35:46.698580,Città della Scienza,68.9,20.592878,11.827474,13.103093,12.966104,EU EEA Common AQI,68.0,16.20763,10.705969,7200,14.842857,100,100,60.5,13.428572,Very Low,67.8,18.958775,100,1747035000,Very Low,10.482474,17.598457,Very Low,14.230161,57.3,18.471428,100,1747035000,16.785715
2025-05-12T07:35:57Z,0,29.877,71.8,59,65.0,3,5,200,76,0.0,255,32767,0.0,2127-15-31,0.0,0.16,26.24,0.0,0.0,0.0,0,4.828125,6,45,05:49,20:11,2025-05-12 07:35:57.743609,Città della Scienza,68.9,20.592878,11.827474,13.103093,12.966104,EU EEA Common AQI,68.0,16.20763,10.705969,7200,14.842857,100,100,60.5,13.428572,Very Low,67.8,18.958775,100,1747035000,Very Low,10.482474,17.598457,Very Low,14.230161,57.3,18.471428,100,1747035000,16.785715
2025-05-12T07:36:09Z,0,29.877,71.8,59,65.0,3,5,202,76,0.0,255,32767,0.0,2127-15-31,0.0,0.16,26.24,0.0,0.0,0.0,0,4.828125,6,45,05:49,20:11,2025-05-12 07:36:08.862597,Città della Scienza,68.9,20.592878,11.827474,13.103093,12.966104,EU EEA Common AQI,68.0,16.20763,10.705969,7200,14.842857,100,100,60.5,13.428572,Very Low,67.8,18.958775,100,1747035000,Very Low,10.482474,17.598457,Very Low,14.230161,57.3,18.471428,100,1747035000,16.785715
2025-05-12T07:36:20Z,0,29.877,71.8,59,65.0,3,5,201,76,0.0,255,32767,0.0,2127-15-31,0.0,0.16,26.24,0.0,0.0,0.0,0,4.828125,6,45,05:49,20:11,2025-05-12 07:36:19.924607,Città della Scienza,68.9,20.592878,11.827474,13.103093,12.966104,EU EEA Common AQI,68.0,16.20763,10.705969,7200,14.842857,100,100,60.5,13.428572,Very Low,67.8,18.958775,100,1747035000,Very Low,10.482474,17.598457,Very Low,14.230161,57.3,18.471428,100,1747035000,16.785715
2025-05-12T07:36:31Z,0,29.877,71.8,59,65.0,4,5,188,76,0.0,255,32767,0.0,2127-15-31,0.0,0.16,26.24,0.0,0.0,0.0,0,4.828125,6,45,05:49,20:11,2025-05-12 07:36:30.998603,Città della Scienza,68.9,20.592878,11.827474,13.103093,12.966104,EU EEA Common AQI,68.0,16.20763,10.705969,7200,14.842857,100,100,60.5,13.428572,Very Low,67.8,18.958775,100,1747035000,Very Low,10.482474,17.598457,Very Low,14.230161,57.3,18.471428,100,1747035000,16.785715
2025-05-12T07:36:42Z,0,29.874,71.9,59,65.0,5,5,201,76,0.0,255,32767,0.0,2127-15-31,0.0,0.16,26.24,0.0,0.0,0.0,0,4.828125,6,45,05:49,20:11,2025-05-12 07:36:42.078595,Città della Scienza,68.9,20.592878,11.827474,13.103093,12.966104,EU EEA Common AQI,68.0,16.20763,10.705969,7200,14.842857,100,100,60.5,13.428572,Very Low,67.8,18.958775,100,1747035000,Very Low,10.482474,17.598457,Very Low,14.230161,57.3,18.471428,100,1747035000,16.785715
2025-05-12T07:36:53Z,0,29.874,71.9,59,65.0,5,5,227,76,0.0,255,32767,0.0,2127-15-31,0.0,0.16,26.24,0.0,0.0,0.0,0,4.828125,6,45,05:49,20:11,2025-05-12 07:36:53.146601,Città della Scienza,68.9,20.592878,11.827474,13.103093,12.966104,EU EEA Common AQI,68.0,16.20763,10.705969,7200,14.842857,100,100,60.5,13.428572,Very Low,67.8,18.958775,100,1747035000,Very Low,10.482474,17.598457,Very Low,14.230161,57.3,18.471428,100,1747035000,16.785715
2025-05-12T07:37:04Z,0,29.874,71.9,59,65.0,7,5,225,76,0.0,255,32767,0.0,2127-15-31,0.0,0.16,26.24,0.0,0.0,0.0,0,4.828125,6,45,05:49,20:11,2025-05-12 07:37:04.246597,Città della Scienza,68.9,20.592878,11.827474,13.103093,12.966104,EU EEA Common AQI,68.0,16.20763,10.705969,7200,14.842857,100,100,60.5,13.428572,Very Low,67.8,18.958775,100,1747035000,Very Low,10.482474,17.598457,Very Low,14.230161,57.3,18.471428,100,1747035000,16.785715
2025-05-12T07:37:15Z,0,29.874,71.9,59,65.0,7,5,207,76,0.0,255,32767,0.0,2127-15-31,0.0,0.16,26.24,0.0,0.0,0.0,0,4.828125,6,45,05:49,20:11,2025-05-12 07:37:15.311605,Città della Scienza,68.9,20.592878,11.827474,13.103093,12.966104,EU EEA Common AQI,68.0,16.20763,10.705969,7200,14.842857,100,100,60.5,13.428572,Very Low,67.8,18.958775,100,1747035000,Very Low,10.482474,17.598457,Very Low,14.230161,57.3,18.471428,100,1747035000,16.785715
2025-05-12T07:37:26Z,0,29.874,71.9,59,65.0,5,5,216,76,0.0,255,32767,0.0,2127-15-31,0.0,0.16,26.24,0.0,0.0,0.0,0,4.828125,6,45,05:49,20:11,2025-05-12 07:37:26.411609,Città della Scienza,68.9,20.592878,11.827474,13.103093,12.966104,EU EEA Common AQI,68.0,16.20763,10.705969,7200,14.842857,100,100,60.5,13.428572,Very Low,67.8,18.958775,100,1747035000,Very Low,10.482474,17.598457,Very Low,14.230161,57.3,18.471428,100,1747035000,16.785715
2025-05-12T07:37:37Z,0,29.875,71.8,59,64.9,6,5,213,76,0.0,255,32767,0.0,2127-15-31,0.0,0.16,26.24,0.0,0.0,0.0,0,4.828125,6,45,05:49,20:11,2025-05-12 07:37:37.496595,Città della Scienza,68.9,20.592878,11.827474,13.103093,12.966104,EU EEA Common AQI,68.0,16.20763,10.705969,7200,14.842857,100,100,60.5,13.428572,Very Low,67.8,18.958775,100,1747035000,Very Low,10.482474,17.598457,Very Low,14.230161,57.3,18.471428,100,1747035000,16.785715
2025-05-12T07:37:48Z,0,29.875,71.8,59,64.9,5,5,236,76,0.0,255,32767,0.0,2127-15-31,0.0,0.16,26.24,0.0,0.0,0.0,0,4.828125,6,45,05:49,20:11,2025-05-12 07:37:48.552597,Città della Scienza,68.9,20.592878,11.827474,13.103093,12.966104,EU EEA Common AQI,68.0,16.20763,10.705969,7200,14.842857,100,100,60.5,13.428572,Very Low,67.8,18.958775,100,1747035000,Very Low,10.482474,17.598457,Very Low,14.230161,57.3,18.471428,100,1747035000,16.785715
2025-05-12T07:37:59Z,0,29.875,71.8,59,64.9,3,5,146,76,0.0,255,32767,0.0,2127-15-31,0.0,0.16,26.24,0.0,0.0,0.0,0,4.828125,6,45,05:49,20:11,2025-05-12 07:37:59.615611,Città della Scienza,68.9,20.592878,11.827474,13.103093,12.966104,EU EEA Common AQI,68.0,16.20763,10.705969,7200,14.842857,100,100,60.5,13.428572,Very Low,67.8,18.958775,100,1747035000,Very Low,10.482474,17.598457,Very Low,14.230161,57.3,18.471428,100,1747035000,16.785715
2025-05-12T07:38:10Z,0,29.875,71.8,59,64.9,4,5,266,76,0.0,255,32767,0.0,2127-15-31,0.0,0.16,26.24,0.0,0.0,0.0,0,4.828125,6,45,05:49,20:11,2025-05-12 07:38:10.694602,Città della Scienza,68.9,20.592878,11.827474,13.103093,12.966104,EU EEA Common AQI,68.0,16.20763,10.705969,7200,14.842857,100,100,60.5,13.428572,Very Low,67.8,18.958775,100,1747035000,Very Low,10.482474,17.598457,Very Low,14.230161,57.3,18.471428,100,1747035000,16.785715
2025-05-12T07:38:21Z,0,29.875,71.8,59,64.9,3,5,196,76,0.0,255,32767,0.0,2127-15-31,0.0,0.16,26.24,0.0,0.0,0.0,0,4.828125,6,45,05:49,20:11,2025-05-12 07:38:21.784603,Città della Scienza,68.9,20.592878,11.827474,13.103093,12.966104,EU EEA Common AQI,68.0,16.20763,10.705969,7200,14.842857,100,100,60.5,13.428572,Very Low,67.8,18.958775,100,1747035000,Very Low,10.482474,17.598457,Very Low,14.230161,57.3,18.471428,100,1747035000,16.785715
2025-05-12T07:38:33Z,0,29.874,71.8,59,65.0,2,5,217,76,0.0,255,32767,0.0,2127-15-31,0.0,0.16,26.24,0.0,0.0,0.0,0,4.828125,6,45,05:49,20:11,2025-05-12 07:38:32.845652,Città della Scienza,68.9,20.592878,11.827474,13.103093,12.966104,EU EEA Common AQI,68.0,16.20763,10.705969,7200,14.842857,100,100,60.5,13.428572,Very Low,67.8,18.958775,100,1747035000,Very Low,10.482474,17.598457,Very Low,14.230161,57.3,18.471428,100,1747035000,16.785715
2025-05-12T07:38:44Z,0,29.874,71.8,59,65.0,5,5,190,76,0.0,255,32767,0.0,2127-15-31,0.0,0.16,26.24,0.0,0.0,0.0,0,4.828125,6,45,05:49,20:11,2025-05-12 07:38:43.940600,Città della Scienza,68.9,20.592878,11.827474,13.103093,12.966104,EU EEA Common AQI,68.0,16.20763,10.705969,7200,14.842857,100,100,60.5,13.428572,Very Low,67.8,18.958775,100,1747035000,Very Low,10.482474,17.598457,Very Low,14.230161,57.3,18.471428,100,1747035000,16.785715
2025-05-12T07:38:55Z,0,29.874,71.8,59,65.0,3,5,196,76,0.0,255,32767,0.0,2127-15-31,0.0,0.16,26.24,0.0,0.0,0.0,0,4.828125,6,45,05:49,20:11,2025-05-12 07:38:55.031590,Città della Scienza,68.9,20.592878,11.827474,13.103093,12.966104,EU EEA Common AQI,68.0,16.20763,10.705969,7200,14.842857,100,100,60.5,13.428572,Very Low,67.8,18.958775,100,1747035000,Very Low,10.482474,17.598457,Very Low,14.230161,57.3,18.471428,100,1747035000,16.785715
2025-05-12T07:39:06Z,0,29.874,71.8,59,65.0,3,5,149,76,0.0,255,32767,0.0,2127-15-31,0.0,0.16,26.24,0.0,0.0,0.0,0,4.828125,6,45,05:49,20:11,2025-05-12 07:39:06.110591,Città della Scienza,68.9,20.592878,11.827474,13.103093,12.966104,EU EEA Common AQI,68.0,16.20763,10.705969,7200,14.842857,100,100,60.5,13.428572,Very Low,67.8,18.958775,100,1747035000,Very Low,10.482474,17.598457,Very Low,14.230161,57.3,18.471428,100,1747035000,16.785715
2025-05-12T07:39:17Z,0,29.874,71.8,59,64.9,5,5,204,76,0.0,255,32767,0.0,2127-15-31,0.0,0.16,26.24,0.0,0.0,0.0,0,4.828125,6,45,05:49,20:11,2025-05-12 07:39:17.181586,Città della Scienza,68.9,20.592878,11.827474,13.103093,12.966104,EU EEA Common AQI,68.0,16.20763,10.705969,7200,14.842857,100,100,60.5,13.428572,Very Low,67.8,18.958775,100,1747035000,Very Low,10.482474,17.598457,Very Low,14.230161,57.3,18.471428,100,1747035000,16.785715
2025-05-12T07:39:28Z,0,29.874,71.8,59,65.0,5,5,166,76,0.0,255,32767,0.0,2127-15-31,0.0,0.16,26.24,0.0,0.0,0.0,0,4.828125,6,45,05:49,20:11,2025-05-12 07:39:28.250602,Città della Scienza,68.9,20.592878,11.827474,13.103093,12.966104,EU EEA Common AQI,68.0,16.20763,10.705969,7200,14.842857,100,100,60.5,13.428572,Very Low,67.8,18.958775,100,1747035000,Very Low,10.482474,17.598457,Very Low,14.230161,57.3,18.471428,100,1747035000,16.785715
2025-05-12T07:39:39Z,0,29.873,71.8,59,65.0,5,5,252,76,0.0,255,32767,0.0,2127-15-31,0.0,0.16,26.24,0.0,0.0,0.0,0,4.828125,6,45,05:49,20:11,2025-05-12 07:39:39.325590,Città della Scienza,68.9,20.592878,11.827474,13.103093,12.966104,EU EEA Common AQI,68.0,16.20763,10.705969,7200,14.842857,100,100,60.5,13.428572,Very Low,67.8,18.958775,100,1747035000,Very Low,10.482474,17.598457,Very Low,14.230161,57.3,18.471428,100,1747035000,16.785715
2025-05-12T07:39:50Z,0,29.873,71.8,59,65.0,4,5,197,76,0.0,255,32767,0.0,2127-15-31,0.0,0.16,26.24,0.0,0.0,0.0,0,4.828125,6,45,05:49,20:11,2025-05-12 07:39:50.415587,Città della Scienza,68.9,20.592878,11.827474,13.103093,12.966104,EU EEA Common AQI,68.0,16.20763,10.705969,7200,14.842857,100,100,60.5,13.428572,Very Low,67.8,18.958775,100,1747035000,Very Low,10.482474,17.598457,Very Low,14.230161,57.3,18.471428,100,1747035000,16.785715
2025-05-12T07:40:01Z,0,29.873,71.8,59,65.0,4,5,203,76,0.0,255,32767,0.0,2127-15-31,0.0,0.16,26.24,0.0,0.0,0.0,0,4.828125,6,45,05:49,20:11,2025-05-12 07:40:01.505600,Città della Scienza,68.9,20.592878,11.827474,13.103093,12.966104,EU EEA Common AQI,68.0,16.20763,10.705969,7200,14.842857,100,100,60.5,13.428572,Very Low,67.8,18.958775,100,1747035000,Very Low,10.482474,17.598457,Very Low,14.230161,57.3,18.471428,100,1747035000,16.785715
2025-05-12T07:40:12Z,0,29.873,71.8,59,65.0,5,5,234,76,0.0,255,32767,0.0,2127-15-31,0.0,0.16,26.24,0.0,0.0,0.0,0,4.828125,6,45,05:49,20:11,2025-05-12 07:40:12.645599,Città della Scienza,68.9,20.592878,11.827474,13.103093,12.966104,EU EEA Common AQI,68.0,16.20763,10.705969,7200,14.842857,100,100,60.5,13.428572,Very Low,67.8,18.958775,100,1747035000,Very Low,10.482474,17.598457,Very Low,14.230161,57.3,18.471428,100,1747035000,16.785715
2025-05-12T07:40:23Z,0,29.873,71.8,59,65.0,4,5,213,76,0.0,255,32767,0.0,2127-15-31,0.0,0.16,26.24,0.0,0.0,0.0,0,4.828125,6,45,05:49,20:11,2025-05-12 07:40:23.746598,Città della Scienza,68.9,20.592878,11.827474,13.103093,12.966104,EU EEA Common AQI,68.0,16.20763,10.705969,7200,14.842857,100,100,60.5,13.428572,Very Low,67.8,18.958775,100,1747035000,Very Low,10.482474,17.598457,Very Low,14.230161,57.3,18.471428,100,1747035000,16.785715
2025-05-12T07:40:35Z,0,29.873,71.9,59,65.0,2,5,257,76,0.0,255,32767,0.0,2127-15-31,0.0,0.16,26.24,0.0,0.0,0.0,0,4.828125,6,45,05:49,20:11,2025-05-12 07:40:34.887596,Città della Scienza,68.9,20.592878,11.827474,13.103093,12.966104,EU EEA Common AQI,68.0,16.20763,10.705969,7200,14.842857,100,100,60.5,13.428572,Very Low,67.8,18.958775,100,1747035000,Very Low,10.482474,17.598457,Very Low,14.230161,57.3,18.471428,100,1747035000,16.785715
2025-05-12T07:40:46Z,0,29.873,71.9,59,65.0,3,5,223,76,0.0,255,32767,0.0,2127-15-31,0.0,0.16,26.24,0.0,0.0,0.0,0,4.828125,6,45,05:49,20:11,2025-05-12 07:40:45.952590,Città della Scienza,68.9,20.592878,11.827474,13.103093,12.966104,EU EEA Common AQI,68.0,16.20763,10.705969,7200,14.842857,100,100,60.5,13.428572,Very Low,67.8,18.958775,100,1747035000,Very Low,10.482474,17.598457,Very Low,14.230161,57.3,18.471428,100,1747035000,16.785715
2025-05-12T07:40:57Z,0,29.873,71.9,59,65.0,2,5,190,76,0.0,255,32767,0.0,2127-15-31,0.0,0.16,26.24,0.0,0.0,0.0,0,4.828125,6,45,05:49,20:11,2025-05-12 07:40:57.027601,Città della Scienza,68.9,20.592878,11.827474,13.103093,12.966104,EU EEA Common AQI,68.0,16.20763,10.705969,7200,14.842857,100,100,60.5,13.428572,Very Low,67.8,18.958775,100,1747035000,Very Low,10.482474,17.598457,Very Low,14.230161,57.3,18.471428,100,1747035000,16.785715
2025-05-12T07:41:08Z,0,29.873,71.9,59,65.0,2,5,231,76,0.0,255,32767,0.0,2127-15-31,0.0,0.16,26.24,0.0,0.0,0.0,0,4.828125,6,45,05:49,20:11,2025-05-12 07:41:08.091603,Città della Scienza,68.9,20.592878,11.827474,13.103093,12.966104,EU EEA Common AQI,68.0,16.20763,10.705969,7200,14.842857,100,100,60.5,13.428572,Very Low,67.8,18.958775,100,1747035000,Very Low,10.482474,17.598457,Very Low,14.230161,57.3,18.471428,100,1747035000,16.785715
2025-05-12T07:41:19Z,0,29.873,71.9,59,65.0,3,5,256,76,0.0,255,32767,0.0,2127-15-31,0.0,0.16,26.24,0.0,0.0,0.0,0,4.828125,6,45,05:49,20:11,2025-05-12 07:41:19.148596,Città della Scienza,68.9,20.592878,11.827474,13.103093,12.966104,EU EEA Common AQI,68.0,16.20763,10.705969,7200,14.842857,100,100,60.5,13.428572,Very Low,67.8,18.958775,100,1747035000,Very Low,10.482474,17.598457,Very Low,14.230161,57.3,18.471428,100,1747035000,16.785715
2025-05-12T07:41:30Z,0,29.873,71.9,59,65.1,3,5,247,76,0.0,255,32767,0.0,2127-15-31,0.0,0.16,26.24,0.0,0.0,0.0,0,4.828125,6,45,05:49,20:11,2025-05-12 07:41:30.255590,Città della Scienza,68.9,20.592878,11.827474,13.103093,12.966104,EU EEA Common AQI,68.0,16.20763,10.705969,7200,14.842857,100,100,60.5,13.428572,Very Low,67.8,18.958775,100,1747035000,Very Low,10.482474,17.598457,Very Low,14.230161,57.3,18.471428,100,1747035000,16.785715
2025-05-12T07:41:41Z,0,29.874,71.8,59,65.1,3,5,264,76,0.0,255,32767,0.0,2127-15-31,0.0,0.16,26.24,0.0,0.0,0.0,0,4.828125,6,45,05:49,20:11,2025-05-12 07:41:41.355597,Città della Scienza,68.9,20.592878,11.827474,13.103093,12.966104,EU EEA Common AQI,68.0,16.20763,10.705969,7200,14.842857,100,100,60.5,13.428572,Very Low,67.8,18.958775,100,1747035000,Very Low,10.482474,17.598457,Very Low,14.230161,57.3,18.471428,100,1747035000,16.785715
2025-05-12T07:41:52Z,0,29.874,71.8,59,65.1,2,5,234,77,0.0,255,32767,0.0,2127-15-31,0.0,0.16,26.24,0.0,0.0,0.0,0,4.828125,6,45,05:49,20:11,2025-05-12 07:41:52.434634,Città della Scienza,68.9,20.592878,11.827474,13.103093,12.966104,EU EEA Common AQI,68.0,16.20763,10.705969,7200,14.842857,100,100,60.5,13.428572,Very Low,67.8,18.958775,100,1747035000,Very Low,10.482474,17.598457,Very Low,14.230161,57.3,18.471428,100,1747035000,16.785715
2025-05-12T07:42:03Z,0,29.874,71.8,59,65.1,3,5,190,77,0.0,255,32767,0.0,2127-15-31,0.0,0.16,26.24,0.0,0.0,0.0,0,4.828125,6,45,05:49,20:11,2025-05-12 07:42:03.524592,Città della Scienza,68.9,20.592878,11.827474,13.103093,12.966104,EU EEA Common AQI,68.0,16.20763,10.705969,7200,14.842857,100,100,60.5,13.428572,Very Low,67.8,18.958775,100,1747035000,Very Low,10.482474,17.598457,Very Low,14.230161,57.3,18.471428,100,1747035000,16.785715
2025-05-12T07:42:14Z,0,29.874,71.8,59,65.1,4,5,232,77,0.0,255,32767,0.0,2127-15-31,0.0,0.16,26.24,0.0,0.0,0.0,0,4.828125,6,45,05:49,20:11,2025-05-12 07:42:14.596589,Città della Scienza,68.9,20.592878,11.827474,13.103093,12.966104,EU EEA Common AQI,68.0,16.20763,10.705969,7200,14.842857,100,100,60.5,13.428572,Very Low,67.8,18.958775,100,1747035000,Very Low,10.482474,17.598457,Very Low,14.230161,57.3,18.471428,100,1747035000,16.785715
2025-05-12T07:42:25Z,0,29.874,71.8,59,65.2,6,5,216,77,0.0,255,32767,0.0,2127-15-31,0.0,0.16,26.24,0.0,0.0,0.0,0,4.828125,6,45,05:49,20:11,2025-05-12 07:42:25.683592,Città della Scienza,68.9,20.592878,11.827474,13.103093,12.966104,EU EEA Common AQI,68.0,16.20763,10.705969,7200,14.842857,100,100,60.5,13.428572,Very Low,67.8,18.958775,100,1747035000,Very Low,10.482474,17.598457,Very Low,14.230161,57.3,18.471428,100,1747035000,16.785715
2025-05-12T07:42:37Z,0,29.873,71.8,59,65.2,4,4,266,77,0.0,255,32767,0.0,2127-15-31,0.0,0.16,26.24,0.0,0.0,0.0,0,4.828125,6,45,05:49,20:11,2025-05-12 07:42:37.046599,Città della Scienza,68.9,20.592878,11.827474,13.103093,12.966104,EU EEA Common AQI,68.0,16.20763,10.705969,7200,14.842857,100,100,60.5,13.428572,Very Low,67.8,18.958775,100,1747035000,Very Low,10.482474,17.598457,Very Low,14.230161,57.3,18.471428,100,1747035000,16.785715
2025-05-12T07:42:48Z,0,29.873,71.8,59,65.2,2,4,230,76,0.0,255,32767,0.0,2127-15-31,0.0,0.16,26.24,0.0,0.0,0.0,0,4.828125,6,45,05:49,20:11,2025-05-12 07:42:48.147604,Città della Scienza,68.9,20.592878,11.827474,13.103093,12.966104,EU EEA Common AQI,68.0,16.20763,10.705969,7200,14.842857,100,100,60.5,13.428572,Very Low,67.8,18.958775,100,1747035000,Very Low,10.482474,17.598457,Very Low,14.230161,57.3,18.471428,100,1747035000,16.785715
2025-05-12T07:42:59Z,0,29.873,71.8,59,65.2,4,4,217,76,0.0,255,32767,0.0,2127-15-31,0.0,0.16,26.24,0.0,0.0,0.0,0,4.828125,6,45,05:49,20:11,2025-05-12 07:42:59.280619,Città della Scienza,68.9,20.592878,11.827474,13.103093,12.966104,EU EEA Common AQI,68.0,16.20763,10.705969,7200,14.842857,100,100,60.5,13.428572,Very Low,67.8,18.958775,100,1747035000,Very Low,10.482474,17.598457,Very Low,14.230161,57.3,18.471428,100,1747035000,16.785715
2025-05-12T07:43:10Z,0,29.873,71.8,59,65.2,5,4,231,76,0.0,255,32767,0.0,2127-15-31,0.0,0.16,26.24,0.0,0.0,0.0,0,4.828125,6,45,05:49,20:11,2025-05-12 07:43:10.348598,Città della Scienza,68.9,20.592878,11.827474,13.103093,12.966104,EU EEA Common AQI,68.0,16.20763,10.705969,7200,14.842857,100,100,60.5,13.428572,Very Low,67.8,18.958775,100,1747035000,Very Low,10.482474,17.598457,Very Low,14.230161,57.3,18.471428,100,1747035000,16.785715
2025-05-12T07:43:21Z,0,29.873,71.8,59,65.2,7,4,234,76,0.0,255,32767,0.0,2127-15-31,0.0,0.16,26.24,0.0,0.0,0.0,0,4.828125,6,45,05:49,20:11,2025-05-12 07:43:21.454586,Città della Scienza,68.9,20.592878,11.827474,13.103093,12.966104,EU EEA Common AQI,68.0,16.20763,10.705969,7200,14.842857,100,100,60.5,13.428572,Very Low,67.8,18.958775,100,1747035000,Very Low,10.482474,17.598457,Very Low,14.230161,57.3,18.471428,100,1747035000,16.785715
2025-05-12T07:43:32Z,0,29.871,71.8,59,65.2,5,4,236,76,0.0,255,32767,0.0,2127-15-31,0.0,0.16,26.24,0.0,0.0,0.0,0,4.828125,6,45,05:49,20:11,2025-05-12 07:43:32.548591,Città della Scienza,68.9,20.592878,11.827474,13.103093,12.966104,EU EEA Common AQI,68.0,16.20763,10.705969,7200,14.842857,100,100,60.5,13.428572,Very Low,67.8,18.958775,100,1747035000,Very Low,10.482474,17.598457,Very Low,14.230161,57.3,18.471428,100,1747035000,16.785715
2025-05-12T07:43:43Z,0,29.871,71.8,59,65.2,2,4,244,76,0.0,255,32767,0.0,2127-15-31,0.0,0.16,26.24,0.0,0.0,0.0,0,4.828125,6,45,05:49,20:11,2025-05-12 07:43:43.628608,Città della Scienza,68.9,20.592878,11.827474,13.103093,12.966104,EU EEA Common AQI,68.0,16.20763,10.705969,7200,14.842857,100,100,60.5,13.428572,Very Low,67.8,18.958775,100,1747035000,Very Low,10.482474,17.598457,Very Low,14.230161,57.3,18.471428,100,1747035000,16.785715
2025-05-12T07:43:54Z,0,29.871,71.8,59,65.2,3,4,180,76,0.0,255,32767,0.0,2127-15-31,0.0,0.16,26.24,0.0,0.0,0.0,0,4.828125,6,45,05:49,20:11,2025-05-12 07:43:54.739588,Città della Scienza,68.9,20.592878,11.827474,13.103093,12.966104,EU EEA Common AQI,68.0,16.20763,10.705969,7200,14.842857,100,100,60.5,13.428572,Very Low,67.8,18.958775,100,1747035000,Very Low,10.482474,17.598457,Very Low,14.230161,57.3,18.471428,100,1747035000,16.785715
2025-05-12T07:44:06Z,0,29.871,71.8,59,65.2,1,4,222,76,0.0,255,32767,0.0,2127-15-31,0.0,0.16,26.24,0.0,0.0,0.0,0,4.828125,6,45,05:49,20:11,2025-05-12 07:44:05.799672,Città della Scienza,68.9,20.592878,11.827474,13.103093,12.966104,EU EEA Common AQI,68.0,16.20763,10.705969,7200,14.842857,100,100,60.5,13.428572,Very Low,67.8,18.958775,100,1747035000,Very Low,10.482474,17.598457,Very Low,14.230161,57.3,18.471428,100,1747035000,16.785715
2025-05-12T07:44:17Z,0,29.871,71.8,59,65.2,2,4,233,76,0.0,255,32767,0.0,2127-15-31,0.0,0.16,26.24,0.0,0.0,0.0,0,4.828125,6,45,05:49,20:11,2025-05-12 07:44:16.885625,Città della Scienza,68.9,20.592878,11.827474,13.103093,12.966104,EU EEA Common AQI,68.0,16.20763,10.705969,7200,14.842857,100,100,60.5,13.428572,Very Low,67.8,18.958775,100,1747035000,Very Low,10.482474,17.598457,Very Low,14.230161,57.3,18.471428,100,1747035000,16.785715
2025-05-12T07:44:28Z,0,29.871,71.8,59,65.2,3,4,223,76,0.0,255,32767,0.0,2127-15-31,0.0,0.16,26.24,0.0,0.0,0.0,0,4.828125,6,45,05:49,20:11,2025-05-12 07:44:27.946589,Città della Scienza,68.9,20.592878,11.827474,13.103093,12.966104,EU EEA Common AQI,68.0,16.20763,10.705969,7200,14.842857,100,100,60.5,13.428572,Very Low,67.8,18.958775,100,1747035000,Very Low,10.482474,17.598457,Very Low,14.230161,57.3,18.471428,100,1747035000,16.785715
2025-05-12T07:44:39Z,0,29.873,71.8,59,65.2,5,4,219,76,0.0,255,32767,0.0,2127-15-31,0.0,0.16,26.24,0.0,0.0,0.0,0,4.828125,6,45,05:49,20:11,2025-05-12 07:44:39.020601,Città della Scienza,68.9,20.592878,11.827474,13.103093,12.966104,EU EEA Common AQI,68.0,16.20763,10.705969,7200,14.842857,100,100,60.5,13.428572,Very Low,67.8,18.958775,100,1747035000,Very Low,10.482474,17.598457,Very Low,14.230161,57.3,18.471428,100,1747035000,16.785715
2025-05-12T07:44:50Z,0,29.873,71.8,59,65.2,5,4,225,76,0.0,255,32767,0.0,2127-15-31,0.0,0.16,26.24,0.0,0.0,0.0,0,4.828125,6,45,05:49,20:11,2025-05-12 07:44:50.067602,Città della Scienza,68.9,20.592878,11.827474,13.103093,12.966104,EU EEA Common AQI,68.0,16.20763,10.705969,7200,14.842857,100,100,60.5,13.428572,Very Low,67.8,18.958775,100,1747035000,Very Low,10.482474,17.598457,Very Low,14.230161,57.3,18.471428,100,1747035000,16.785715
2025-05-12T07:45:01Z,0,29.873,71.8,59,65.2,4,4,230,76,0.0,255,32767,0.0,2127-15-31,0.0,0.16,26.24,0.0,0.0,0.0,0,4.828125,6,45,05:49,20:11,2025-05-12 07:45:01.168599,Città della Scienza,68.9,20.592878,11.827474,13.103093,12.966104,EU EEA Common AQI,68.0,16.20763,10.705969,7200,14.842857,100,100,60.5,13.428572,Very Low,67.8,18.958775,100,1747035000,Very Low,10.482474,17.598457,Very Low,14.230161,57.3,18.471428,100,1747035000,16.785715
2025-05-12T07:45:12Z,0,29.873,71.8,59,65.2,6,4,228,76,0.0,255,32767,0.0,2127-15-31,0.0,0.16,26.24,0.0,0.0,0.0,0,4.828125,6,45,05:49,20:11,2025-05-12 07:45:12.269583,Città della Scienza,68.9,20.592878,11.827474,13.103093,12.966104,EU EEA Common AQI,68.0,16.20763,10.705969,7200,14.842857,100,100,60.5,13.428572,Very Low,67.8,18.958775,100,1747035000,Very Low,10.482474,17.598457,Very Low,14.230161,57.3,18.471428,100,1747035000,16.785715
2025-05-12T07:45:23Z,0,29.873,71.8,59,65.2,5,4,219,76,0.0,255,32767,0.0,2127-15-31,0.0,0.16,26.24,0.0,0.0,0.0,0,4.828125,6,45,05:49,20:11,2025-05-12 07:45:23.362601,Città della Scienza,68.9,20.592878,11.827474,13.103093,12.966104,EU EEA Common AQI,68.0,16.20763,10.705969,7200,14.842857,100,100,60.5,13.428572,Very Low,67.8,18.958775,100,1747035000,Very Low,10.482474,17.598457,Very Low,14.230161,57.3,18.471428,100,1747035000,16.785715
2025-05-12T07:45:34Z,0,29.873,71.8,59,65.3,3,4,241,76,0.0,255,32767,0.0,2127-15-31,0.0,0.16,26.24,0.0,0.0,0.0,0,4.828125,6,45,05:49,20:11,2025-05-12 07:45:34.409553,Città della Scienza,68.6,19.74477,11.70386,13.718398,12.907769,EU EEA Common AQI,68.6,16.134712,10.593399,7200,13.571428,100,100,60.9,12.205714,Very Low,68.4,18.204489,100,1747035900,Very Low,10.974718,17.54969,Very Low,14.9810505,57.6,15.7,100,1747035900,15.257143
2025-05-12T07:45:45Z,0,29.873,71.8,59,65.3,7,4,254,76,0.0,255,32767,0.0,2127-15-31,0.0,0.16,26.24,0.0,0.0,0.0,0,4.828125,6,45,05:49,20:11,2025-05-12 07:45:45.496557,Città della Scienza,68.6,19.74477,11.70386,13.718398,12.907769,EU EEA Common AQI,68.6,16.134712,10.593399,7200,13.571428,100,100,60.9,12.205714,Very Low,68.4,18.204489,100,1747035900,Very Low,10.974718,17.54969,Very Low,14.9810505,57.6,15.7,100,1747035900,15.257143
2025-05-12T07:45:56Z,0,29.873,71.8,59,65.3,5,4,234,76,0.0,255,32767,0.0,2127-15-31,0.0,0.16,26.24,0.0,0.0,0.0,0,4.828125,6,45,05:49,20:11,2025-05-12 07:45:56.553632,Città della Scienza,68.6,19.74477,11.70386,13.718398,12.907769,EU EEA Common AQI,68.6,16.134712,10.593399,7200,13.571428,100,100,60.9,12.205714,Very Low,68.4,18.204489,100,1747035900,Very Low,10.974718,17.54969,Very Low,14.9810505,57.6,15.7,100,1747035900,15.257143
2025-05-12T07:46:07Z,0,29.873,71.8,59,65.3,4,4,222,76,0.0,255,32767,0.0,2127-15-31,0.0,0.16,26.24,0.0,0.0,0.0,0,4.828125,6,45,05:49,20:11,2025-05-12 07:46:07.636610,Città della Scienza,68.6,19.74477,11.70386,13.718398,12.907769,EU EEA Common AQI,68.6,16.134712,10.593399,7200,13.571428,100,100,60.9,12.205714,Very Low,68.4,18.204489,100,1747035900,Very Low,10.974718,17.54969,Very Low,14.9810505,57.6,15.7,100,1747035900,15.257143
2025-05-12T07:46:18Z,0,29.873,71.8,59,65.2,5,4,218,76,0.0,255,32767,0.0,2127-15-31,0.0,0.16,26.24,0.0,0.0,0.0,0,4.828125,6,45,05:49,20:11,2025-05-12 07:46:18.694584,Città della Scienza,68.6,19.74477,11.70386,13.718398,12.907769,EU EEA Common AQI,68.6,16.134712,10.593399,7200,13.571428,100,100,60.9,12.205714,Very Low,68.4,18.204489,100,1747035900,Very Low,10.974718,17.54969,Very Low,14.9810505,57.6,15.7,100,1747035900,15.257143
2025-05-12T07:46:29Z,0,29.873,71.8,59,65.3,5,4,217,76,0.0,255,32767,0.0,2127-15-31,0.0,0.16,26.24,0.0,0.0,0.0,0,4.828125,6,45,05:49,20:11,2025-05-12 07:46:29.759591,Città della Scienza,68.6,19.74477,11.70386,13.718398,12.907769,EU EEA Common AQI,68.6,16.134712,10.593399,7200,13.571428,100,100,60.9,12.205714,Very Low,68.4,18.204489,100,1747035900,Very Low,10.974718,17.54969,Very Low,14.9810505,57.6,15.7,100,1747035900,15.257143
2025-05-12T07:46:41Z,0,29.875,71.8,59,65.2,4,4,207,76,0.0,255,32767,0.0,2127-15-31,0.0,0.16,26.24,0.0,0.0,0.0,0,4.828125,6,45,05:49,20:11,2025-05-12 07:46:40.873604,Città della Scienza,68.6,19.74477,11.70386,13.718398,12.907769,EU EEA Common AQI,68.6,16.134712,10.593399,7200,13.571428,100,100,60.9,12.205714,Very Low,68.4,18.204489,100,1747035900,Very Low,10.974718,17.54969,Very Low,14.9810505,57.6,15.7,100,1747035900,15.257143
2025-05-12T07:46:52Z,0,29.875,71.8,59,65.2,6,4,238,76,0.0,255,32767,0.0,2127-15-31,0.0,0.16,26.24,0.0,0.0,0.0,0,4.828125,6,45,05:49,20:11,2025-05-12 07:46:51.968585,Città della Scienza,68.6,19.74477,11.70386,13.718398,12.907769,EU EEA Common AQI,68.6,16.134712,10.593399,7200,13.571428,100,100,60.9,12.205714,Very Low,68.4,18.204489,100,1747035900,Very Low,10.974718,17.54969,Very Low,14.9810505,57.6,15.7,100,1747035900,15.257143
2025-05-12T07:47:03Z,0,29.875,71.8,59,65.2,5,4,215,76,0.0,255,32767,0.0,2127-15-31,0.0,0.16,26.24,0.0,0.0,0.0,0,4.828125,6,45,05:49,20:11,2025-05-12 07:47:03.051591,Città della Scienza,68.6,19.74477,11.70386,13.718398,12.907769,EU EEA Common AQI,68.6,16.134712,10.593399,7200,13.571428,100,100,60.9,12.205714,Very Low,68.4,18.204489,100,1747035900,Very Low,10.974718,17.54969,Very Low,14.9810505,57.6,15.7,100,1747035900,15.257143
2025-05-12T07:47:14Z,0,29.875,71.8,59,65.2,3,4,194,75,0.0,255,32767,0.0,2127-15-31,0.0,0.16,26.24,0.0,0.0,0.0,0,4.828125,6,45,05:49,20:11,2025-05-12 07:47:14.142599,Città della Scienza,68.6,19.74477,11.70386,13.718398,12.907769,EU EEA Common AQI,68.6,16.134712,10.593399,7200,13.571428,100,100,60.9,12.205714,Very Low,68.4,18.204489,100,1747035900,Very Low,10.974718,17.54969,Very Low,14.9810505,57.6,15.7,100,1747035900,15.257143
2025-05-12T07:47:25Z,0,29.875,71.8,59,65.2,2,4,212,75,0.0,255,32767,0.0,2127-15-31,0.0,0.16,26.24,0.0,0.0,0.0,0,4.828125,6,45,05:49,20:11,2025-05-12 07:47:25.223597,Città della Scienza,68.6,19.74477,11.70386,13.718398,12.907769,EU EEA Common AQI,68.6,16.134712,10.593399,7200,13.571428,100,100,60.9,12.205714,Very Low,68.4,18.204489,100,1747035900,Very Low,10.974718,17.54969,Very Low,14.9810505,57.6,15.7,100,1747035900,15.257143
2025-05-12T07:47:36Z,0,29.873,71.8,59,65.2,2,4,273,75,0.0,255,32767,0.0,2127-15-31,0.0,0.16,26.24,0.0,0.0,0.0,0,4.828125,6,45,05:49,20:11,2025-05-12 07:47:36.298585,Città della Scienza,68.6,19.74477,11.70386,13.718398,12.907769,EU EEA Common AQI,68.6,16.134712,10.593399,7200,13.571428,100,100,60.9,12.205714,Very Low,68.4,18.204489,100,1747035900,Very Low,10.974718,17.54969,Very Low,14.9810505,57.6,15.7,100,1747035900,15.257143
2025-05-12T07:47:47Z,0,29.873,71.8,59,65.2,2,4,181,75,0.0,255,32767,0.0,2127-15-31,0.0,0.16,26.24,0.0,0.0,0.0,0,4.828125,6,45,05:49,20:11,2025-05-12 07:47:47.367603,Città della Scienza,68.6,19.74477,11.70386,13.718398,12.907769,EU EEA Common AQI,68.6,16.134712,10.593399,7200,13.571428,100,100,60.9,12.205714,Very Low,68.4,18.204489,100,1747035900,Very Low,10.974718,17.54969,Very Low,14.9810505,57.6,15.7,100,1747035900,15.257143
2025-05-12T07:47:58Z,0,29.873,71.8,59,65.2,1,4,196,75,0.0,255,32767,0.0,2127-15-31,0.0,0.16,26.24,0.0,0.0,0.0,0,4.828125,6,45,05:49,20:11,2025-05-12 07:47:58.448598,Città della Scienza,68.6,19.74477,11.70386,13.718398,12.907769,EU EEA Common AQI,68.6,16.134712,10.593399,7200,13.571428,100,100,60.9,12.205714,Very Low,68.4,18.204489,100,1747035900,Very Low,10.974718,17.54969,Very Low,14.9810505,57.6,15.7,100,1747035900,15.257143
2025-05-12T07:48:09Z,0,29.873,71.8,59,65.4,1,4,227,75,0.0,255,32767,0.0,2127-15-31,0.0,0.16,26.24,0.0,0.0,0.0,0,4.828125,6,45,05:49,20:11,2025-05-12 07:48:09.515595,Città della Scienza,68.6,19.74477,11.70386,13.718398,12.907769,EU EEA Common AQI,68.6,16.134712,10.593399,7200,13.571428,100,100,60.9,12.205714,Very Low,68.4,18.204489,100,1747035900,Very Low,10.974718,17.54969,Very Low,14.9810505,57.6,15.7,100,1747035900,15.257143
2025-05-12T07:48:20Z,0,29.873,71.8,59,65.4,2,4,224,75,0.0,255,32767,0.0,2127-15-31,0.0,0.16,26.24,0.0,0.0,0.0,0,4.828125,6,45,05:49,20:11,2025-05-12 07:48:20.573602,Città della Scienza,68.6,19.74477,11.70386,13.718398,12.907769,EU EEA Common AQI,68.6,16.134712,10.593399,7200,13.571428,100,100,60.9,12.205714,Very Low,68.4,18.204489,100,1747035900,Very Low,10.974718,17.54969,Very Low,14.9810505,57.6,15.7,100,1747035900,15.257143
2025-05-12T07:48:31Z,0,29.873,71.8,59,65.4,3,4,214,75,0.0,255,32767,0.0,2127-15-31,0.0,0.16,26.24,0.0,0.0,0.0,0,4.828125,6,45,05:49,20:11,2025-05-12 07:48:31.639605,Città della Scienza,68.6,19.74477,11.70386,13.718398,12.907769,EU EEA Common AQI,68.6,16.134712,10.593399,7200,13.571428,100,100,60.9,12.205714,Very Low,68.4,18.204489,100,1747035900,Very Low,10.974718,17.54969,Very Low,14.9810505,57.6,15.7,100,1747035900,15.257143
2025-05-12T07:48:42Z,0,29.874,71.8,59,65.4,5,4,201,75,0.0,255,32767,0.0,2127-15-31,0.0,0.16,26.24,0.0,0.0,0.0,0,4.828125,6,45,05:49,20:11,2025-05-12 07:48:42.722598,Città della Scienza,68.6,19.74477,11.70386,13.718398,12.907769,EU EEA Common AQI,68.6,16.134712,10.593399,7200,13.571428,100,100,60.9,12.205714,Very Low,68.4,18.204489,100,1747035900,Very Low,10.974718,17.54969,Very Low,14.9810505,57.6,15.7,100,1747035900,15.257143
2025-05-12T07:48:54Z,0,29.874,71.8,59,65.4,4,4,221,75,0.0,255,32767,0.0,2127-15-31,0.0,0.16,26.24,0.0,0.0,0.0,0,4.828125,6,45,05:49,20:11,2025-05-12 07:48:53.823590,Città della Scienza,68.6,19.74477,11.70386,13.718398,12.907769,EU EEA Common AQI,68.6,16.134712,10.593399,7200,13.571428,100,100,60.9,12.205714,Very Low,68.4,18.204489,100,1747035900,Very Low,10.974718,17.54969,Very Low,14.9810505,57.6,15.7,100,1747035900,15.257143
2025-05-12T07:49:05Z,0,29.874,71.8,59,65.4,5,4,227,75,0.0,255,32767,0.0,2127-15-31,0.0,0.16,26.24,0.0,0.0,0.0,0,4.828125,6,45,05:49,20:11,2025-05-12 07:49:04.923595,Città della Scienza,68.6,19.74477,11.70386,13.718398,12.907769,EU EEA Common AQI,68.6,16.134712,10.593399,7200,13.571428,100,100,60.9,12.205714,Very Low,68.4,18.204489,100,1747035900,Very Low,10.974718,17.54969,Very Low,14.9810505,57.6,15.7,100,1747035900,15.257143
2025-05-12T07:49:16Z,0,29.874,71.8,59,65.4,4,4,235,75,0.0,255,32767,0.0,2127-15-31,0.0,0.16,26.24,0.0,0.0,0.0,0,4.828125,6,45,05:49,20:11,2025-05-12 07:49:15.983604,Città della Scienza,68.6,19.74477,11.70386,13.718398,12.907769,EU EEA Common AQI,68.6,16.134712,10.593399,7200,13.571428,100,100,60.9,12.205714,Very Low,68.4,18.204489,100,1747035900,Very Low,10.974718,17.54969,Very Low,14.9810505,57.6,15.7,100,1747035900,15.257143
2025-05-12T07:49:27Z,0,29.874,71.8,59,65.4,4,4,237,75,0.0,255,32767,0.0,2127-15-31,0.0,0.16,26.24,0.0,0.0,0.0,0,4.828125,6,45,05:49,20:11,2025-05-12 07:49:27.080600,Città della Scienza,68.6,19.74477,11.70386,13.718398,12.907769,EU EEA Common AQI,68.6,16.134712,10.593399,7200,13.571428,100,100,60.9,12.205714,Very Low,68.4,18.204489,100,1747035900,Very Low,10.974718,17.54969,Very Low,14.9810505,57.6,15.7,100,1747035900,15.257143
2025-05-12T07:49:38Z,0,29.876,71.9,59,65.4,3,4,231,75,0.0,255,32767,0.0,2127-15-31,0.0,0.16,26.24,0.0,0.0,0.0,0,4.828125,6,45,05:49,20:11,2025-05-12 07:49:38.136598,Città della Scienza,68.6,19.74477,11.70386,13.718398,12.907769,EU EEA Common AQI,68.6,16.134712,10.593399,7200,13.571428,100,100,60.9,12.205714,Very Low,68.4,18.204489,100,1747035900,Very Low,10.974718,17.54969,Very Low,14.9810505,57.6,15.7,100,1747035900,15.257143
2025-05-12T07:49:49Z,0,29.876,71.9,59,65.4,2,4,223,75,0.0,255,32767,0.0,2127-15-31,0.0,0.16,26.24,0.0,0.0,0.0,0,4.828125,6,45,05:49,20:11,2025-05-12 07:49:49.227590,Città della Scienza,68.6,19.74477,11.70386,13.718398,12.907769,EU EEA Common AQI,68.6,16.134712,10.593399,7200,13.571428,100,100,60.9,12.205714,Very Low,68.4,18.204489,100,1747035900,Very Low,10.974718,17.54969,Very Low,14.9810505,57.6,15.7,100,1747035900,15.257143
2025-05-12T07:50:00Z,0,29.876,71.9,59,65.4,3,4,242,75,0.0,255,32767,0.0,2127-15-31,0.0,0.16,26.24,0.0,0.0,0.0,0,4.828125,6,45,05:49,20:11,2025-05-12 07:50:00.296616,Città della Scienza,68.6,19.74477,11.70386,13.718398,12.907769,EU EEA Common AQI,68.6,16.134712,10.593399,7200,13.571428,100,100,60.9,12.205714,Very Low,68.4,18.204489,100,1747035900,Very Low,10.974718,17.54969,Very Low,14.9810505,57.6,15.7,100,1747035900,15.257143
2025-05-12T07:50:11Z,0,29.876,71.9,59,65.4,3,4,211,75,0.0,255,32767,0.0,2127-15-31,0.0,0.16,26.24,0.0,0.0,0.0,0,4.828125,6,45,05:49,20:11,2025-05-12 07:50:11.345590,Città della Scienza,68.6,19.74477,11.70386,13.718398,12.907769,EU EEA Common AQI,68.6,16.134712,10.593399,7200,13.571428,100,100,60.9,12.205714,Very Low,68.4,18.204489,100,1747035900,Very Low,10.974718,17.54969,Very Low,14.9810505,57.6,15.7,100,1747035900,15.257143
2025-05-12T07:50:22Z,0,29.876,71.9,59,65.5,2,4,234,75,0.0,255,32767,0.0,2127-15-31,0.0,0.16,26.24,0.0,0.0,0.0,0,4.828125,6,45,05:49,20:11,2025-05-12 07:50:22.392597,Città della Scienza,68.6,19.74477,11.70386,13.718398,12.907769,EU EEA Common AQI,68.6,16.134712,10.593399,7200,13.571428,100,100,60.9,12.205714,Very Low,68.4,18.204489,100,1747035900,Very Low,10.974718,17.54969,Very Low,14.9810505,57.6,15.7,100,1747035900,15.257143
2025-05-12T07:50:33Z,0,29.875,71.8,59,65.5,1,4,241,75,0.0,255,32767,0.0,2127-15-31,0.0,0.16,26.24,0.0,0.0,0.0,0,4.828125,6,45,05:49,20:11,2025-05-12 07:50:33.462595,Città della Scienza,68.6,19.74477,11.70386,13.718398,12.907769,EU EEA Common AQI,68.6,16.134712,10.593399,7200,13.571428,100,100,60.9,12.205714,Very Low,68.4,18.204489,100,1747035900,Very Low,10.974718,17.54969,Very Low,14.9810505,57.6,15.7,100,1747035900,15.257143
2025-05-12T07:50:44Z,0,29.875,71.8,59,65.6,0,4,185,75,0.0,255,32767,0.0,2127-15-31,0.0,0.16,26.24,0.0,0.0,0.0,0,4.828125,6,45,05:49,20:11,2025-05-12 07:50:44.518601,Città della Scienza,68.6,19.74477,11.70386,13.718398,12.907769,EU EEA Common AQI,68.6,16.134712,10.593399,7200,13.571428,100,100,60.9,12.205714,Very Low,68.4,18.204489,100,1747035900,Very Low,10.974718,17.54969,Very Low,14.9810505,57.6,15.7,100,1747035900,15.257143
2025-05-12T07:50:55Z,0,29.875,71.8,59,65.6,2,4,181,75,0.0,255,32767,0.0,2127-15-31,0.0,0.16,26.24,0.0,0.0,0.0,0,4.828125,6,45,05:49,20:11,2025-05-12 07:50:55.600597,Città della Scienza,68.6,19.74477,11.70386,13.718398,12.907769,EU EEA Common AQI,68.6,16.134712,10.593399,7200,13.571428,100,100,60.9,12.205714,Very Low,68.4,18.204489,100,1747035900,Very Low,10.974718,17.54969,Very Low,14.9810505,57.6,15.7,100,1747035900,15.257143
2025-05-12T07:51:06Z,0,29.875,71.8,59,65.6,3,4,200,75,0.0,255,32767,0.0,2127-15-31,0.0,0.16,26.24,0.0,0.0,0.0,0,4.828125,6,45,05:49,20:11,2025-05-12 07:51:06.710588,Città della Scienza,68.6,19.74477,11.70386,13.718398,12.907769,EU EEA Common AQI,68.6,16.134712,10.593399,7200,13.571428,100,100,60.9,12.205714,Very Low,68.4,18.204489,100,1747035900,Very Low,10.974718,17.54969,Very Low,14.9810505,57.6,15.7,100,1747035900,15.257143
2025-05-12T07:51:17Z,0,29.875,71.8,59,65.6,2,4,192,75,0.0,255,32767,0.0,2127-15-31,0.0,0.16,26.24,0.0,0.0,0.0,0,4.828125,6,45,05:49,20:11,2025-05-12 07:51:17.740597,Città della Scienza,68.6,19.74477,11.70386,13.718398,12.907769,EU EEA Common AQI,68.6,16.134712,10.593399,7200,13.571428,100,100,60.9,12.205714,Very Low,68.4,18.204489,100,1747035900,Very Low,10.974718,17.54969,Very Low,14.9810505,57.6,15.7,100,1747035900,15.257143
2025-05-12T07:51:29Z,0,29.875,71.8,59,65.6,2,4,236,75,0.0,255,32767,0.0,2127-15-31,0.0,0.16,26.24,0.0,0.0,0.0,0,4.828125,6,45,05:49,20:11,2025-05-12 07:51:28.873596,Città della Scienza,68.6,19.74477,11.70386,13.718398,12.907769,EU EEA Common AQI,68.6,16.134712,10.593399,7200,13.571428,100,100,60.9,12.205714,Very Low,68.4,18.204489,100,1747035900,Very Low,10.974718,17.54969,Very Low,14.9810505,57.6,15.7,100,1747035900,15.257143
2025-05-12T07:51:40Z,0,29.874,71.9,59,65.6,2,3,223,75,0.0,255,32767,0.0,2127-15-31,0.0,0.16,26.24,0.0,0.0,0.0,0,4.828125,6,45,05:49,20:11,2025-05-12 07:51:39.988556,Città della Scienza,68.6,19.74477,11.70386,13.718398,12.907769,EU EEA Common AQI,68.6,16.134712,10.593399,7200,13.571428,100,100,60.9,12.205714,Very Low,68.4,18.204489,100,1747035900,Very Low,10.974718,17.54969,Very Low,14.9810505,57.6,15.7,100,1747035900,15.257143
2025-05-12T07:51:51Z,0,29.874,71.9,59,65.7,4,3,191,75,0.0,255,32767,0.0,2127-15-31,0.0,0.16,26.24,0.0,0.0,0.0,0,4.828125,6,45,05:49,20:11,2025-05-12 07:51:51.084595,Città della Scienza,68.6,19.74477,11.70386,13.718398,12.907769,EU EEA Common AQI,68.6,16.134712,10.593399,7200,13.571428,100,100,60.9,12.205714,Very Low,68.4,18.204489,100,1747035900,Very Low,10.974718,17.54969,Very Low,14.9810505,57.6,15.7,100,1747035900,15.257143
2025-05-12T07:52:02Z,0,29.874,71.9,59,65.7,3,3,223,75,0.0,255,32767,0.0,2127-15-31,0.0,0.16,26.24,0.0,0.0,0.0,0,4.828125,6,45,05:49,20:11,2025-05-12 07:52:02.144598,Città della Scienza,68.6,19.74477,11.70386,13.718398,12.907769,EU EEA Common AQI,68.6,16.134712,10.593399,7200,13.571428,100,100,60.9,12.205714,Very Low,68.4,18.204489,100,1747035900,Very Low,10.974718,17.54969,Very Low,14.9810505,57.6,15.7,100,1747035900,15.257143
2025-05-12T07:52:13Z,0,29.874,71.9,59,65.7,4,3,224,75,0.0,255,32767,0.0,2127-15-31,0.0,0.16,26.24,0.0,0.0,0.0,0,4.828125,6,45,05:49,20:11,2025-05-12 07:52:13.304592,Città della Scienza,68.6,19.74477,11.70386,13.718398,12.907769,EU EEA Common AQI,68.6,16.134712,10.593399,7200,13.571428,100,100,60.9,12.205714,Very Low,68.4,18.204489,100,1747035900,Very Low,10.974718,17.54969,Very Low,14.9810505,57.6,15.7,100,1747035900,15.257143
2025-05-12T07:52:24Z,0,29.874,71.9,59,65.8,4,3,246,75,0.0,255,32767,0.0,2127-15-31,0.0,0.16,26.24,0.0,0.0,0.0,0,4.828125,6,45,05:49,20:11,2025-05-12 07:52:24.359597,Città della Scienza,68.6,19.74477,11.70386,13.718398,12.907769,EU EEA Common AQI,68.6,16.134712,10.593399,7200,13.571428,100,100,60.9,12.205714,Very Low,68.4,18.204489,100,1747035900,Very Low,10.974718,17.54969,Very Low,14.9810505,57.6,15.7,100,1747035900,15.257143
2025-05-12T07:52:35Z,0,29.874,71.8,59,65.8,4,3,229,75,0.0,255,32767,0.0,2127-15-31,0.0,0.16,26.24,0.0,0.0,0.0,0,4.828125,6,45,05:49,20:11,2025-05-12 07:52:35.450596,Città della Scienza,68.6,19.74477,11.70386,13.718398,12.907769,EU EEA Common AQI,68.6,16.134712,10.593399,7200,13.571428,100,100,60.9,12.205714,Very Low,68.4,18.204489,100,1747035900,Very Low,10.974718,17.54969,Very Low,14.9810505,57.6,15.7,100,1747035900,15.257143
2025-05-12T07:52:46Z,0,29.874,71.8,59,65.9,5,3,231,75,0.0,255,32767,0.0,2127-15-31,0.0,0.16,26.24,0.0,0.0,0.0,0,4.828125,6,45,05:49,20:11,2025-05-12 07:52:46.510587,Città della Scienza,68.6,19.74477,11.70386,13.718398,12.907769,EU EEA Common AQI,68.6,16.134712,10.593399,7200,13.571428,100,100,60.9,12.205714,Very Low,68.4,18.204489,100,1747035900,Very Low,10.974718,17.54969,Very Low,14.9810505,57.6,15.7,100,1747035900,15.257143
2025-05-12T07:52:57Z,0,29.874,71.8,59,65.9,5,3,246,75,0.0,255,32767,0.0,2127-15-31,0.0,0.16,26.24,0.0,0.0,0.0,0,4.828125,6,45,05:49,20:11,2025-05-12 07:52:57.605613,Città della Scienza,68.6,19.74477,11.70386,13.718398,12.907769,EU EEA Common AQI,68.6,16.134712,10.593399,7200,13.571428,100,100,60.9,12.205714,Very Low,68.4,18.204489,100,1747035900,Very Low,10.974718,17.54969,Very Low,14.9810505,57.6,15.7,100,1747035900,15.257143
2025-05-12T07:53:08Z,0,29.874,71.8,59,65.9,5,3,246,75,0.0,255,32767,0.0,2127-15-31,0.0,0.16,26.24,0.0,0.0,0.0,0,4.828125,6,45,05:49,20:11,2025-05-12 07:53:08.696591,Città della Scienza,68.6,19.74477,11.70386,13.718398,12.907769,EU EEA Common AQI,68.6,16.134712,10.593399,7200,13.571428,100,100,60.9,12.205714,Very Low,68.4,18.204489,100,1747035900,Very Low,10.974718,17.54969,Very Low,14.9810505,57.6,15.7,100,1747035900,15.257143
2025-05-12T07:53:20Z,0,29.874,71.8,59,65.8,4,3,248,74,0.0,255,32767,0.0,2127-15-31,0.0,0.16,26.24,0.0,0.0,0.0,0,4.828125,6,45,05:49,20:11,2025-05-12 07:53:19.831586,Città della Scienza,68.6,19.74477,11.70386,13.718398,12.907769,EU EEA Common AQI,68.6,16.134712,10.593399,7200,13.571428,100,100,60.9,12.205714,Very Low,68.4,18.204489,100,1747035900,Very Low,10.974718,17.54969,Very Low,14.9810505,57.6,15.7,100,1747035900,15.257143
2025-05-12T07:53:31Z,0,29.874,71.8,59,65.9,4,3,248,74,0.0,255,32767,0.0,2127-15-31,0.0,0.16,26.24,0.0,0.0,0.0,0,4.828125,6,45,05:49,20:11,2025-05-12 07:53:30.912602,Città della Scienza,68.6,19.74477,11.70386,13.718398,12.907769,EU EEA Common AQI,68.6,16.134712,10.593399,7200,13.571428,100,100,60.9,12.205714,Very Low,68.4,18.204489,100,1747035900,Very Low,10.974718,17.54969,Very Low,14.9810505,57.6,15.7,100,1747035900,15.257143
2025-05-12T07:53:42Z,0,29.875,71.8,59,65.9,6,3,232,74,0.0,255,32767,0.0,2127-15-31,0.0,0.16,26.24,0.0,0.0,0.0,0,4.828125,6,45,05:49,20:11,2025-05-12 07:53:41.980604,Città della Scienza,68.6,19.74477,11.70386,13.718398,12.907769,EU EEA Common AQI,68.6,16.134712,10.593399,7200,13.571428,100,100,60.9,12.205714,Very Low,68.4,18.204489,100,1747035900,Very Low,10.974718,17.54969,Very Low,14.9810505,57.6,15.7,100,1747035900,15.257143
2025-05-12T07:53:53Z,0,29.875,71.8,59,65.9,7,3,250,74,0.0,255,32767,0.0,2127-15-31,0.0,0.16,26.24,0.0,0.0,0.0,0,4.828125,6,45,05:49,20:11,2025-05-12 07:53:53.084600,Città della Scienza,68.6,19.74477,11.70386,13.718398,12.907769,EU EEA Common AQI,68.6,16.134712,10.593399,7200,13.571428,100,100,60.9,12.205714,Very Low,68.4,18.204489,100,1747035900,Very Low,10.974718,17.54969,Very Low,14.9810505,57.6,15.7,100,1747035900,15.257143
2025-05-12T07:54:04Z,0,29.875,71.8,59,65.9,4,3,215,74,0.0,255,32767,0.0,2127-15-31,0.0,0.16,26.24,0.0,0.0,0.0,0,4.828125,6,45,05:49,20:11,2025-05-12 07:54:04.245598,Città della Scienza,68.6,19.74477,11.70386,13.718398,12.907769,EU EEA Common AQI,68.6,16.134712,10.593399,7200,13.571428,100,100,60.9,12.205714,Very Low,68.4,18.204489,100,1747035900,Very Low,10.974718,17.54969,Very Low,14.9810505,57.6,15.7,100,1747035900,15.257143
2025-05-12T07:54:15Z,0,29.875,71.8,59,65.9,6,3,236,74,0.0,255,32767,0.0,2127-15-31,0.0,0.16,26.24,0.0,0.0,0.0,0,4.828125,6,45,05:49,20:11,2025-05-12 07:54:15.334586,Città della Scienza,68.6,19.74477,11.70386,13.718398,12.907769,EU EEA Common AQI,68.6,16.134712,10.593399,7200,13.571428,100,100,60.9,12.205714,Very Low,68.4,18.204489,100,1747035900,Very Low,10.974718,17.54969,Very Low,14.9810505,57.6,15.7,100,1747035900,15.257143
2025-05-12T07:54:26Z,0,29.875,71.8,59,65.9,4,3,240,74,0.0,255,32767,0.0,2127-15-31,0.0,0.16,26.24,0.0,0.0,0.0,0,4.828125,6,45,05:49,20:11,2025-05-12 07:54:26.473615,Città della Scienza,68.6,19.74477,11.70386,13.718398,12.907769,EU EEA Common AQI,68.6,16.134712,10.593399,7200,13.571428,100,100,60.9,12.205714,Very Low,68.4,18.204489,100,1747035900,Very Low,10.974718,17.54969,Very Low,14.9810505,57.6,15.7,100,1747035900,15.257143
2025-05-12T07:54:37Z,0,29.875,71.9,60,65.9,6,4,237,74,0.0,255,32767,0.0,2127-15-31,0.0,0.16,26.24,0.0,0.0,0.0,0,4.828125,6,45,05:49,20:11,2025-05-12 07:54:37.539593,Città della Scienza,68.6,19.74477,11.70386,13.718398,12.907769,EU EEA Common AQI,68.6,16.134712,10.593399,7200,13.571428,100,100,60.9,12.205714,Very Low,68.4,18.204489,100,1747035900,Very Low,10.974718,17.54969,Very Low,14.9810505,57.6,15.7,100,1747035900,15.257143
2025-05-12T07:54:48Z,0,29.875,71.9,60,65.9,5,4,232,74,0.0,255,32767,0.0,2127-15-31,0.0,0.16,26.24,0.0,0.0,0.0,0,4.828125,6,45,05:49,20:11,2025-05-12 07:54:48.652598,Città della Scienza
2025-05-12T07:54:59Z,0,29.875,71.9,60,65.9,3,4,270,74,0.0,255,32767,0.0,2127-15-31,0.0,0.16,26.24,0.0,0.0,0.0,0,4.828125,6,45,05:49,20:11,2025-05-12 07:54:59.714553,Città della Scienza
2025-05-12T07:55:10Z,0,29.875,71.9,60,65.9,5,4,242,74,0.0,255,32767,0.0,2127-15-31,0.0,0.16,26.24,0.0,0.0,0.0,0,4.828125,6,45,05:49,20:11,2025-05-12 07:55:10.758597,Città della Scienza
2025-05-12T07:55:22Z,0,29.875,71.9,60,65.9,7,4,248,74,0.0,255,32767,0.0,2127-15-31,0.0,0.16,26.24,0.0,0.0,0.0,0,4.828125,6,45,05:49,20:11,2025-05-12 07:55:21.825590,Città della Scienza
2025-05-12T07:55:33Z,0,29.875,71.9,59,65.9,4,4,242,74,0.0,255,32767,0.0,2127-15-31,0.0,0.16,26.24,0.0,0.0,0.0,0,4.828125,6,45,05:49,20:11,2025-05-12 07:55:32.908592,Città della Scienza
2025-05-12T07:55:44Z,0,29.875,71.9,59,65.9,5,4,237,74,0.0,255,32767,0.0,2127-15-31,0.0,0.16,26.24,0.0,0.0,0.0,0,4.828125,6,45,05:49,20:11,2025-05-12 07:55:43.995595,Città della Scienza
2025-05-12T07:55:55Z,0,29.875,71.9,59,65.9,4,4,259,74,0.0,255,32767,0.0,2127-15-31,0.0,0.16,26.24,0.0,0.0,0.0,0,4.828125,6,45,05:49,20:11,2025-05-12 07:55:55.038601,Città della Scienza
2025-05-12T07:56:06Z,0,29.875,71.9,59,65.8,4,4,244,74,0.0,255,32767,0.0,2127-15-31,0.0,0.16,26.24,0.0,0.0,0.0,0,4.828125,6,45,05:49,20:11,2025-05-12 07:56:06.097594,Città della Scienza
2025-05-12T07:56:17Z,0,29.875,71.9,59,65.8,7,4,253,74,0.0,255,32767,0.0,2127-15-31,0.0,0.16,26.24,0.0,0.0,0.0,0,4.828125,6,45,05:49,20:11,2025-05-12 07:56:17.187594,Città della Scienza
2025-05-12T07:56:28Z,0,29.875,71.9,59,65.9,7,4,232,74,0.0,255,32767,0.0,2127-15-31,0.0,0.16,26.24,0.0,0.0,0.0,0,4.828125,6,45,05:49,20:11,2025-05-12 07:56:28.277593,Città della Scienza
2025-05-12T07:56:39Z,0,29.873,71.9,60,65.8,5,4,237,74,0.0,255,32767,0.0,2127-15-31,0.0,0.16,26.24,0.0,0.0,0.0,0,4.828125,6,45,05:49,20:11,2025-05-12 07:56:39.342590,Città della Scienza
2025-05-12T07:56:50Z,0,29.873,71.9,60,65.8,4,4,280,74,0.0,255,32767,0.0,2127-15-31,0.0,0.16,26.24,0.0,0.0,0.0,0,4.828125,6,45,05:49,20:11,2025-05-12 07:56:50.377600,Città della Scienza
2025-05-12T07:57:01Z,0,29.873,71.9,60,65.8,8,4,253,74,0.0,255,32767,0.0,2127-15-31,0.0,0.16,26.24,0.0,0.0,0.0,0,4.828125,6,45,05:49,20:11,2025-05-12 07:57:01.448613,Città della Scienza
2025-05-12T07:57:12Z,0,29.873,71.9,60,65.7,6,4,239,74,0.0,255,32767,0.0,2127-15-31,0.0,0.16,26.24,0.0,0.0,0.0,0,4.828125,6,45,05:49,20:11,2025-05-12 07:57:12.491598,Città della Scienza
2025-05-12T07:57:23Z,0,29.873,71.9,60,65.8,8,4,246,74,0.0,255,32767,0.0,2127-15-31,0.0,0.16,26.24,0.0,0.0,0.0,0,4.828125,6,45,05:49,20:11,2025-05-12 07:57:23.582592,Città della Scienza
2025-05-12T07:57:34Z,0,29.875,71.9,60,65.7,7,4,246,74,0.0,255,32767,0.0,2127-15-31,0.0,0.16,26.24,0.0,0.0,0.0,0,4.828125,6,45,05:49,20:11,2025-05-12 07:57:34.627606,Città della Scienza
2025-05-12T07:57:45Z,0,29.875,71.9,60,65.7,5,4,245,74,0.0,255,32767,0.0,2127-15-31,0.0,0.16,26.24,0.0,0.0,0.0,0,4.828125,6,45,05:49,20:11,2025-05-12 07:57:45.698609,Città della Scienza
2025-05-12T07:57:56Z,0,29.875,71.9,60,65.7,5,4,232,74,0.0,255,32767,0.0,2127-15-31,0.0,0.16,26.24,0.0,0.0,0.0,0,4.828125,6,45,05:49,20:11,2025-05-12 07:57:56.749056,Città della Scienza
2025-05-12T07:58:08Z,0,29.875,71.9,60,65.7,6,4,241,74,0.0,255,32767,0.0,2127-15-31,0.0,0.16,26.24,0.0,0.0,0.0,0,4.828125,6,45,05:49,20:11,2025-05-12 07:58:07.824594,Città della Scienza
2025-05-12T07:58:19Z,0,29.875,71.9,60,65.6,5,4,250,74,0.0,255,32767,0.0,2127-15-31,0.0,0.16,26.24,0.0,0.0,0.0,0,4.828125,6,45,05:49,20:11,2025-05-12 07:58:18.890608,Città della Scienza
2025-05-12T07:58:30Z,0,29.875,71.9,60,65.6,5,4,246,74,0.0,255,32767,0.0,2127-15-31,0.0,0.16,26.24,0.0,0.0,0.0,0,4.828125,6,45,05:49,20:11,2025-05-12 07:58:29.944599,Città della Scienza
2025-05-12T07:58:41Z,0,29.875,71.9,60,65.6,7,4,246,74,0.0,255,32767,0.0,2127-15-31,0.0,0.16,26.24,0.0,0.0,0.0,0,4.828125,6,45,05:49,20:11,2025-05-12 07:58:41.057587,Città della Scienza
2025-05-12T07:58:52Z,0,29.875,71.9,60,65.6,5,4,245,74,0.0,255,32767,0.0,2127-15-31,0.0,0.16,26.24,0.0,0.0,0.0,0,4.828125,6,45,05:49,20:11,2025-05-12 07:58:52.111603,Città della Scienza
2025-05-12T07:59:03Z,0,29.875,71.9,60,65.5,5,4,240,74,0.0,255,32767,0.0,2127-15-31,0.0,0.16,26.24,0.0,0.0,0.0,0,4.828125,6,45,05:49,20:11,2025-05-12 07:59:03.175600,Città della Scienza
2025-05-12T07:59:14Z,0,29.875,71.9,60,65.5,4,4,246,74,0.0,255,32767,0.0,2127-15-31,0.0,0.16,26.24,0.0,0.0,0.0,0,4.828125,6,45,05:49,20:11,2025-05-12 07:59:14.239606,Città della Scienza
2025-05-12T07:59:25Z,0,29.875,71.9,60,65.5,7,4,250,74,0.0,255,32767,0.0,2127-15-31,0.0,0.16,26.24,0.0,0.0,0.0,0,4.828125,6,45,05:49,20:11,2025-05-12 07:59:25.346596,Città della Scienza
2025-05-12T07:59:36Z,0,29.875,71.9,60,65.5,8,5,238,74,0.0,255,32767,0.0,2127-15-31,0.0,0.16,26.24,0.0,0.0,0.0,0,4.828125,6,45,05:49,20:11,2025-05-12 07:59:36.409597,Città della Scienza
2025-05-12T07:59:47Z,0,29.875,71.9,60,65.5,4,5,238,74,0.0,255,32767,0.0,2127-15-31,0.0,0.16,26.24,0.0,0.0,0.0,0,4.828125,6,45,05:49,20:11,2025-05-12 07:59:47.485600,Città della Scienza
2025-05-12T07:59:58Z,0,29.875,71.9,60,65.4,7,5,219,74,0.0,255,32767,0.0,2127-15-31,0.0,0.16,26.24,0.0,0.0,0.0,0,4.828125,6,45,05:49,20:11,2025-05-12 07:59:58.547607,Città della Scienza
2025-05-12T08:00:09Z,0,29.875,71.9,60,65.4,6,5,229,74,0.0,255,32767,0.0,2127-15-31,0.0,0.16,26.24,0.0,0.0,0.0,0,4.828125,6,45,05:49,20:11,2025-05-12 08:00:09.606613,Città della Scienza,68.6,19.74477,11.70386,13.718398,12.907769,EU EEA Common AQI,68.6,16.134712,10.593399,7200,13.571428,100,100,60.9,12.205714,Very Low,68.4,18.204489,100,1747035900,Very Low,10.974718,17.54969,Very Low,14.9810505,57.6,15.7,100,1747035900,15.257143
2025-05-12T08:00:20Z,0,29.875,71.9,60,65.4,6,5,207,72,0.0,255,32767,0.0,2127-15-31,0.0,0.16,26.24,0.0,0.0,0.0,0,4.828125,6,45,05:49,20:11,2025-05-12 08:00:20.705561,Città della Scienza,68.6,19.74477,11.70386,13.718398,12.907769,EU EEA Common AQI,68.6,16.134712,10.593399,7200,13.571428,100,100,60.9,12.205714,Very Low,68.4,18.204489,100,1747035900,Very Low,10.974718,17.54969,Very Low,14.9810505,57.6,15.7,100,1747035900,15.257143
2025-05-12T08:00:31Z,0,29.875,71.9,60,65.3,8,5,238,72,0.0,255,32767,0.0,2127-15-31,0.0,0.16,26.24,0.0,0.0,0.0,0,4.828125,6,45,05:49,20:11,2025-05-12 08:00:31.763599,Città della Scienza,64.7,19.009453,11.597055,14.783298,12.988702,EU EEA Common AQI,69.2,16.235878,10.495777,7200,12.6285715,100,100,60.5,11.382857,Very Low,69.3,17.485819,100,1747036800,Very Low,11.826637,17.674025,Very Low,16.122631,56.8,16.885714,100,1747036800,14.228572
2025-05-12T08:00:43Z,0,29.874,71.9,60,65.3,4,5,248,72,0.0,255,32767,0.0,2127-15-31,0.0,0.16,26.24,0.0,0.0,0.0,0,4.828125,6,84,05:49,20:11,2025-05-12 08:00:42.837612,Città della Scienza,64.7,19.009453,11.597055,14.783298,12.988702,EU EEA Common AQI,69.2,16.235878,10.495777,7200,12.6285715,100,100,60.5,11.382857,Very Low,69.3,17.485819,100,1747036800,Very Low,11.826637,17.674025,Very Low,16.122631,56.8,16.885714,100,1747036800,14.228572
2025-05-12T08:00:54Z,0,29.874,71.9,60,65.4,8,5,261,72,0.0,255,32767,0.0,2127-15-31,0.0,0.16,26.24,0.0,0.0,0.0,0,4.828125,6,84,05:49,20:11,2025-05-12 08:00:53.969600,Città della Scienza,64.7,19.009453,11.597055,14.783298,12.988702,EU EEA Common AQI,69.2,16.235878,10.495777,7200,12.6285715,100,100,60.5,11.382857,Very Low,69.3,17.485819,100,1747036800,Very Low,11.826637,17.674025,Very Low,16.122631,56.8,16.885714,100,1747036800,14.228572
2025-05-12T08:01:05Z,0,29.874,71.9,60,65.3,7,5,237,72,0.0,255,32767,0.0,2127-15-31,0.0,0.16,26.24,0.0,0.0,0.0,0,4.828125,6,84,05:49,20:11,2025-05-12 08:01:05.062559,Città della Scienza,64.7,19.009453,11.597055,14.783298,12.988702,EU EEA Common AQI,69.2,16.235878,10.495777,7200,12.6285715,100,100,60.5,11.382857,Very Low,69.3,17.485819,100,1747036800,Very Low,11.826637,17.674025,Very Low,16.122631,56.8,16.885714,100,1747036800,14.228572
2025-05-12T08:01:16Z,0,29.874,71.9,60,65.3,6,5,240,72,0.0,255,32767,0.0,2127-15-31,0.0,0.16,26.24,0.0,0.0,0.0,0,4.828125,6,84,05:49,20:11,2025-05-12 08:01:16.131599,Città della Scienza,64.7,19.009453,11.597055,14.783298,12.988702,EU EEA Common AQI,69.2,16.235878,10.495777,7200,12.6285715,100,100,60.5,11.382857,Very Low,69.3,17.485819,100,1747036800,Very Low,11.826637,17.674025,Very Low,16.122631,56.8,16.885714,100,1747036800,14.228572
2025-05-12T08:01:27Z,0,29.874,71.9,60,65.3,4,5,261,72,0.0,255,32767,0.0,2127-15-31,0.0,0.16,26.24,0.0,0.0,0.0,0,4.828125,6,84,05:49,20:11,2025-05-12 08:01:27.239563,Città della Scienza,64.7,19.009453,11.597055,14.783298,12.988702,EU EEA Common AQI,69.2,16.235878,10.495777,7200,12.6285715,100,100,60.5,11.382857,Very Low,69.3,17.485819,100,1747036800,Very Low,11.826637,17.674025,Very Low,16.122631,56.8,16.885714,100,1747036800,14.228572
2025-05-12T08:01:38Z,0,29.875,71.9,60,65.3,6,5,228,72,0.0,255,32767,0.0,2127-15-31,0.0,0.16,26.24,0.0,0.0,0.0,0,4.828125,6,84,05:49,20:11,2025-05-12 08:01:38.271595,Città della Scienza,64.7,19.009453,11.597055,14.783298,12.988702,EU EEA Common AQI,69.2,16.235878,10.495777,7200,12.6285715,100,100,60.5,11.382857,Very Low,69.3,17.485819,100,1747036800,Very Low,11.826637,17.674025,Very Low,16.122631,56.8,16.885714,100,1747036800,14.228572
2025-05-12T08:01:49Z,0,29.875,71.9,60,65.2,5,5,238,72,0.0,255,32767,0.0,2127-15-31,0.0,0.16,26.24,0.0,0.0,0.0,0,4.828125,6,84,05:49,20:11,2025-05-12 08:01:49.309596,Città della Scienza,64.7,19.009453,11.597055,14.783298,12.988702,EU EEA Common AQI,69.2,16.235878,10.495777,7200,12.6285715,100,100,60.5,11.382857,Very Low,69.3,17.485819,100,1747036800,Very Low,11.826637,17.674025,Very Low,16.122631,56.8,16.885714,100,1747036800,14.228572
2025-05-12T08:02:00Z,0,29.875,71.9,60,65.2,7,5,246,72,0.0,255,32767,0.0,2127-15-31,0.0,0.16,26.24,0.0,0.0,0.0,0,4.828125,6,84,05:49,20:11,2025-05-12 08:02:00.420592,Città della Scienza,64.7,19.009453,11.597055,14.783298,12.988702,EU EEA Common AQI,69.2,16.235878,10.495777,7200,12.6285715,100,100,60.5,11.382857,Very Low,69.3,17.485819,100,1747036800,Very Low,11.826637,17.674025,Very Low,16.122631,56.8,16.885714,100,1747036800,14.228572
2025-05-12T08:02:11Z,0,29.875,71.9,60,65.2,5,5,236,72,0.0,255,32767,0.0,2127-15-31,0.0,0.16,26.24,0.0,0.0,0.0,0,4.828125,6,84,05:49,20:11,2025-05-12 08:02:11.518594,Città della Scienza,64.7,19.009453,11.597055,14.783298,12.988702,EU EEA Common AQI,69.2,16.235878,10.495777,7200,12.6285715,100,100,60.5,11.382857,Very Low,69.3,17.485819,100,1747036800,Very Low,11.826637,17.674025,Very Low,16.122631,56.8,16.885714,100,1747036800,14.228572
2025-05-12T08:02:22Z,0,29.875,71.9,60,65.2,5,5,243,72,0.0,255,32767,0.0,2127-15-31,0.0,0.16,26.24,0.0,0.0,0.0,0,4.828125,6,84,05:49,20:11,2025-05-12 08:02:22.584593,Città della Scienza,64.7,19.009453,11.597055,14.783298,12.988702,EU EEA Common AQI,69.2,16.235878,10.495777,7200,12.6285715,100,100,60.5,11.382857,Very Low,69.3,17.485819,100,1747036800,Very Low,11.826637,17.674025,Very Low,16.122631,56.8,16.885714,100,1747036800,14.228572
2025-05-12T08:02:33Z,0,29.875,72.0,60,65.2,7,6,246,72,0.0,255,32767,0.0,2127-15-31,0.0,0.16,26.24,0.0,0.0,0.0,0,4.828125,6,84,05:49,20:11,2025-05-12 08:02:33.660605,Città della Scienza,64.7,19.009453,11.597055,14.783298,12.988702,EU EEA Common AQI,69.2,16.235878,10.495777,7200,12.6285715,100,100,60.5,11.382857,Very Low,69.3,17.485819,100,1747036800,Very Low,11.826637,17.674025,Very Low,16.122631,56.8,16.885714,100,1747036800,14.228572
2025-05-12T08:02:44Z,0,29.875,72.0,60,65.2,6,6,231,72,0.0,255,32767,0.0,2127-15-31,0.0,0.16,26.24,0.0,0.0,0.0,0,4.828125,6,84,05:49,20:11,2025-05-12 08:02:44.731599,Città della Scienza,64.7,19.009453,11.597055,14.783298,12.988702,EU EEA Common AQI,69.2,16.235878,10.495777,7200,12.6285715,100,100,60.5,11.382857,Very Low,69.3,17.485819,100,1747036800,Very Low,11.826637,17.674025,Very Low,16.122631,56.8,16.885714,100,1747036800,14.228572
2025-05-12T08:02:55Z,0,29.875,72.0,60,65.2,8,6,242,72,0.0,255,32767,0.0,2127-15-31,0.0,0.16,26.24,0.0,0.0,0.0,0,4.828125,6,84,05:49,20:11,2025-05-12 08:02:55.787597,Città della Scienza,64.7,19.009453,11.597055,14.783298,12.988702,EU EEA Common AQI,69.2,16.235878,10.495777,7200,12.6285715,100,100,60.5,11.382857,Very Low,69.3,17.485819,100,1747036800,Very Low,11.826637,17.674025,Very Low,16.122631,56.8,16.885714,100,1747036800,14.228572
2025-05-12T08:03:07Z,0,29.875,72.0,60,65.2,6,6,241,72,0.0,255,32767,0.0,2127-15-31,0.0,0.16,26.24,0.0,0.0,0.0,0,4.828125,6,84,05:49,20:11,2025-05-12 08:03:06.845586,Città della Scienza,64.7,19.009453,11.597055,14.783298,12.988702,EU EEA Common AQI,69.2,16.235878,10.495777,7200,12.6285715,100,100,60.5,11.382857,Very Low,69.3,17.485819,100,1747036800,Very Low,11.826637,17.674025,Very Low,16.122631,56.8,16.885714,100,1747036800,14.228572
2025-05-12T08:03:18Z,0,29.875,72.0,60,65.2,5,6,255,72,0.0,255,32767,0.0,2127-15-31,0.0,0.16,26.24,0.0,0.0,0.0,0,4.828125,6,84,05:49,20:11,2025-05-12 08:03:17.909596,Città della Scienza,64.7,19.009453,11.597055,14.783298,12.988702,EU EEA Common AQI,69.2,16.235878,10.495777,7200,12.6285715,100,100,60.5,11.382857,Very Low,69.3,17.485819,100,1747036800,Very Low,11.826637,17.674025,Very Low,16.122631,56.8,16.885714,100,1747036800,14.228572
2025-05-12T08:03:29Z,0,29.875,72.0,60,65.2,5,6,248,72,0.0,255,32767,0.0,2127-15-31,0.0,0.16,26.24,0.0,0.0,0.0,0,4.828125,6,84,05:49,20:11,2025-05-12 08:03:29.000594,Città della Scienza,64.7,19.009453,11.597055,14.783298,12.988702,EU EEA Common AQI,69.2,16.235878,10.495777,7200,12.6285715,100,100,60.5,11.382857,Very Low,69.3,17.485819,100,1747036800,Very Low,11.826637,17.674025,Very Low,16.122631,56.8,16.885714,100,1747036800,14.228572
2025-05-12T08:03:40Z,0,29.875,71.9,59,65.1,5,6,253,72,0.0,255,32767,0.0,2127-15-31,0.0,0.16,26.24,0.0,0.0,0.0,0,4.828125,6,84,05:49,20:11,2025-05-12 08:03:40.085598,Città della Scienza,64.7,19.009453,11.597055,14.783298,12.988702,EU EEA Common AQI,69.2,16.235878,10.495777,7200,12.6285715,100,100,60.5,11.382857,Very Low,69.3,17.485819,100,1747036800,Very Low,11.826637,17.674025,Very Low,16.122631,56.8,16.885714,100,1747036800,14.228572
2025-05-12T08:03:51Z,0,29.875,71.9,59,65.1,4,6,234,72,0.0,255,32767,0.0,2127-15-31,0.0,0.16,26.24,0.0,0.0,0.0,0,4.828125,6,84,05:49,20:11,2025-05-12 08:03:51.136152,Città della Scienza,64.7,19.009453,11.597055,14.783298,12.988702,EU EEA Common AQI,69.2,16.235878,10.495777,7200,12.6285715,100,100,60.5,11.382857,Very Low,69.3,17.485819,100,1747036800,Very Low,11.826637,17.674025,Very Low,16.122631,56.8,16.885714,100,1747036800,14.228572
2025-05-12T08:04:02Z,0,29.875,71.9,59,65.2,6,6,238,72,0.0,255,32767,0.0,2127-15-31,0.0,0.16,26.24,0.0,0.0,0.0,0,4.828125,6,84,05:49,20:11,2025-05-12 08:04:02.221591,Città della Scienza,64.7,19.009453,11.597055,14.783298,12.988702,EU EEA Common AQI,69.2,16.235878,10.495777,7200,12.6285715,100,100,60.5,11.382857,Very Low,69.3,17.485819,100,1747036800,Very Low,11.826637,17.674025,Very Low,16.122631,56.8,16.885714,100,1747036800,14.228572
2025-05-12T08:04:13Z,0,29.875,71.9,59,65.2,5,6,232,72,0.0,255,32767,0.0,2127-15-31,0.0,0.16,26.24,0.0,0.0,0.0,0,4.828125,6,84,05:49,20:11,2025-05-12 08:04:13.319595,Città della Scienza,64.7,19.009453,11.597055,14.783298,12.988702,EU EEA Common AQI,69.2,16.235878,10.495777,7200,12.6285715,100,100,60.5,11.382857,Very Low,69.3,17.485819,100,1747036800,Very Low,11.826637,17.674025,Very Low,16.122631,56.8,16.885714,100,1747036800,14.228572
2025-05-12T08:04:24Z,0,29.875,71.9,59,65.2,5,6,233,72,0.0,255,32767,0.0,2127-15-31,0.0,0.16,26.24,0.0,0.0,0.0,0,4.828125,6,84,05:49,20:11,2025-05-12 08:04:24.411614,Città della Scienza,64.7,19.009453,11.597055,14.783298,12.988702,EU EEA Common AQI,69.2,16.235878,10.495777,7200,12.6285715,100,100,60.5,11.382857,Very Low,69.3,17.485819,100,1747036800,Very Low,11.826637,17.674025,Very Low,16.122631,56.8,16.885714,100,1747036800,14.228572
2025-05-12T08:04:35Z,0,29.877,72.0,59,65.2,6,6,225,72,0.0,255,32767,0.0,2127-15-31,0.0,0.16,26.24,0.0,0.0,0.0,0,4.828125,6,84,05:49,20:11,2025-05-12 08:04:35.490596,Città della Scienza,64.7,19.009453,11.597055,14.783298,12.988702,EU EEA Common AQI,69.2,16.235878,10.495777,7200,12.6285715,100,100,60.5,11.382857,Very Low,69.3,17.485819,100,1747036800,Very Low,11.826637,17.674025,Very Low,16.122631,56.8,16.885714,100,1747036800,14.228572
2025-05-12T08:04:46Z,0,29.877,72.0,59,65.2,8,6,242,73,0.0,255,32767,0.0,2127-15-31,0.0,0.16,26.24,0.0,0.0,0.0,0,4.828125,6,84,05:49,20:11,2025-05-12 08:04:46.574592,Città della Scienza,64.7,19.009453,11.597055,14.783298,12.988702,EU EEA Common AQI,69.2,16.235878,10.495777,7200,12.6285715,100,100,60.5,11.382857,Very Low,69.3,17.485819,100,1747036800,Very Low,11.826637,17.674025,Very Low,16.122631,56.8,16.885714,100,1747036800,14.228572
2025-05-12T08:04:57Z,0,29.877,72.0,59,65.2,7,6,249,73,0.0,255,32767,0.0,2127-15-31,0.0,0.16,26.24,0.0,0.0,0.0,0,4.828125,6,84,05:49,20:11,2025-05-12 08:04:57.683590,Città della Scienza,64.7,19.009453,11.597055,14.783298,12.988702,EU EEA Common AQI,69.2,16.235878,10.495777,7200,12.6285715,100,100,60.5,11.382857,Very Low,69.3,17.485819,100,1747036800,Very Low,11.826637,17.674025,Very Low,16.122631,56.8,16.885714,100,1747036800,14.228572
2025-05-12T08:05:08Z,0,29.877,72.0,59,65.2,8,6,242,73,0.0,255,32767,0.0,2127-15-31,0.0,0.16,26.24,0.0,0.0,0.0,0,4.828125,6,84,05:49,20:11,2025-05-12 08:05:08.751593,Città della Scienza,64.7,19.009453,11.597055,14.783298,12.988702,EU EEA Common AQI,69.2,16.235878,10.495777,7200,12.6285715,100,100,60.5,11.382857,Very Low,69.3,17.485819,100,1747036800,Very Low,11.826637,17.674025,Very Low,16.122631,56.8,16.885714,100,1747036800,14.228572
2025-05-12T08:05:20Z,0,29.877,72.0,59,65.2,6,6,241,73,0.0,255,32767,0.0,2127-15-31,0.0,0.16,26.24,0.0,0.0,0.0,0,4.828125,6,84,05:49,20:11,2025-05-12 08:05:20.101597,Città della Scienza,64.7,19.009453,11.597055,14.783298,12.988702,EU EEA Common AQI,69.2,16.235878,10.495777,7200,12.6285715,100,100,60.5,11.382857,Very Low,69.3,17.485819,100,1747036800,Very Low,11.826637,17.674025,Very Low,16.122631,56.8,16.885714,100,1747036800,14.228572
2025-05-12T08:05:31Z,0,29.877,72.0,59,65.2,5,6,245,73,0.0,255,32767,0.0,2127-15-31,0.0,0.16,26.24,0.0,0.0,0.0,0,4.828125,6,84,05:49,20:11,2025-05-12 08:05:31.186560,Città della Scienza,64.7,19.009453,11.597055,14.783298,12.988702,EU EEA Common AQI,69.2,16.235878,10.495777,7200,12.6285715,100,100,60.5,11.382857,Very Low,69.3,17.485819,100,1747036800,Very Low,11.826637,17.674025,Very Low,16.122631,56.8,16.885714,100,1747036800,14.228572
2025-05-12T08:05:42Z,0,29.874,72.0,59,65.2,6,6,234,73,0.0,255,32767,0.0,2127-15-31,0.0,0.16,26.24,0.0,0.0,0.0,0,4.828125,6,84,05:49,20:11,2025-05-12 08:05:42.275591,Città della Scienza,64.7,19.009453,11.597055,14.783298,12.988702,EU EEA Common AQI,69.2,16.235878,10.495777,7200,12.6285715,100,100,60.5,11.382857,Very Low,69.3,17.485819,100,1747036800,Very Low,11.826637,17.674025,Very Low,16.122631,56.8,16.885714,100,1747036800,14.228572
2025-05-12T08:05:53Z,0,29.874,72.0,59,65.2,5,6,233,73,0.0,255,32767,0.0,2127-15-31,0.0,0.16,26.24,0.0,0.0,0.0,0,4.828125,6,84,05:49,20:11,2025-05-12 08:05:53.336624,Città della Scienza,64.7,19.009453,11.597055,14.783298,12.988702,EU EEA Common AQI,69.2,16.235878,10.495777,7200,12.6285715,100,100,60.5,11.382857,Very Low,69.3,17.485819,100,1747036800,Very Low,11.826637,17.674025,Very Low,16.122631,56.8,16.885714,100,1747036800,14.228572
2025-05-12T08:06:04Z,0,29.874,72.0,59,65.3,4,6,239,73,0.0,255,32767,0.0,2127-15-31,0.0,0.16,26.24,0.0,0.0,0.0,0,4.828125,6,84,05:49,20:11,2025-05-12 08:06:04.388601,Città della Scienza,64.7,19.009453,11.597055,14.783298,12.988702,EU EEA Common AQI,69.2,16.235878,10.495777,7200,12.6285715,100,100,60.5,11.382857,Very Low,69.3,17.485819,100,1747036800,Very Low,11.826637,17.674025,Very Low,16.122631,56.8,16.885714,100,1747036800,14.228572
2025-05-12T08:06:15Z,0,29.874,72.0,59,65.3,7,6,230,73,0.0,255,32767,0.0,2127-15-31,0.0,0.16,26.24,0.0,0.0,0.0,0,4.828125,6,84,05:49,20:11,2025-05-12 08:06:15.478609,Città della Scienza,64.7,19.009453,11.597055,14.783298,12.988702,EU EEA Common AQI,69.2,16.235878,10.495777,7200,12.6285715,100,100,60.5,11.382857,Very Low,69.3,17.485819,100,1747036800,Very Low,11.826637,17.674025,Very Low,16.122631,56.8,16.885714,100,1747036800,14.228572
2025-05-12T08:06:26Z,0,29.874,72.0,59,65.3,5,6,254,74,0.0,255,32767,0.0,2127-15-31,0.0,0.16,26.24,0.0,0.0,0.0,0,4.828125,6,84,05:49,20:11,2025-05-12 08:06:26.568594,Città della Scienza,64.7,19.009453,11.597055,14.783298,12.988702,EU EEA Common AQI,69.2,16.235878,10.495777,7200,12.6285715,100,100,60.5,11.382857,Very Low,69.3,17.485819,100,1747036800,Very Low,11.826637,17.674025,Very Low,16.122631,56.8,16.885714,100,1747036800,14.228572
2025-05-12T08:06:37Z,0,29.875,72.0,59,65.2,7,6,227,74,0.0,255,32767,0.0,2127-15-31,0.0,0.16,26.24,0.0,0.0,0.0,0,4.828125,6,84,05:49,20:11,2025-05-12 08:06:37.686595,Città della Scienza,64.7,19.009453,11.597055,14.783298,12.988702,EU EEA Common AQI,69.2,16.235878,10.495777,7200,12.6285715,100,100,60.5,11.382857,Very Low,69.3,17.485819,100,1747036800,Very Low,11.826637,17.674025,Very Low,16.122631,56.8,16.885714,100,1747036800,14.228572
2025-05-12T08:06:48Z,0,29.875,72.0,59,65.3,9,6,238,74,0.0,255,32767,0.0,2127-15-31,0.0,0.16,26.24,0.0,0.0,0.0,0,4.828125,6,84,05:49,20:11,2025-05-12 08:06:48.772605,Città della Scienza,64.7,19.009453,11.597055,14.783298,12.988702,EU EEA Common AQI,69.2,16.235878,10.495777,7200,12.6285715,100,100,60.5,11.382857,Very Low,69.3,17.485819,100,1747036800,Very Low,11.826637,17.674025,Very Low,16.122631,56.8,16.885714,100,1747036800,14.228572
2025-05-12T08:06:59Z,0,29.875,72.0,59,65.2,7,6,254,74,0.0,255,32767,0.0,2127-15-31,0.0,0.16,26.24,0.0,0.0,0.0,0,4.828125,6,84,05:49,20:11,2025-05-12 08:06:59.797587,Città della Scienza,64.7,19.009453,11.597055,14.783298,12.988702,EU EEA Common AQI,69.2,16.235878,10.495777,7200,12.6285715,100,100,60.5,11.382857,Very Low,69.3,17.485819,100,1747036800,Very Low,11.826637,17.674025,Very Low,16.122631,56.8,16.885714,100,1747036800,14.228572
2025-05-12T08:07:11Z,0,29.875,72.0,59,65.2,7,6,249,74,0.0,255,32767,0.0,2127-15-31,0.0,0.16,26.24,0.0,0.0,0.0,0,4.828125,6,84,05:49,20:11,2025-05-12 08:07:10.862597,Città della Scienza,64.7,19.009453,11.597055,14.783298,12.988702,EU EEA Common AQI,69.2,16.235878,10.495777,7200,12.6285715,100,100,60.5,11.382857,Very Low,69.3,17.485819,100,1747036800,Very Low,11.826637,17.674025,Very Low,16.122631,56.8,16.885714,100,1747036800,14.228572
2025-05-12T08:07:22Z,0,29.875,72.0,59,65.2,7,6,248,74,0.0,255,32767,0.0,2127-15-31,0.0,0.16,26.24,0.0,0.0,0.0,0,4.828125,6,84,05:49,20:11,2025-05-12 08:07:21.934612,Città della Scienza,64.7,19.009453,11.597055,14.783298,12.988702,EU EEA Common AQI,69.2,16.235878,10.495777,7200,12.6285715,100,100,60.5,11.382857,Very Low,69.3,17.485819,100,1747036800,Very Low,11.826637,17.674025,Very Low,16.122631,56.8,16.885714,100,1747036800,14.228572
2025-05-12T08:07:33Z,0,29.875,72.0,59,65.2,5,6,248,74,0.0,255,32767,0.0,2127-15-31,0.0,0.16,26.24,0.0,0.0,0.0,0,4.828125,6,84,05:49,20:11,2025-05-12 08:07:33.044600,Città della Scienza,64.7,19.009453,11.597055,14.783298,12.988702,EU EEA Common AQI,69.2,16.235878,10.495777,7200,12.6285715,100,100,60.5,11.382857,Very Low,69.3,17.485819,100,1747036800,Very Low,11.826637,17.674025,Very Low,16.122631,56.8,16.885714,100,1747036800,14.228572
2025-05-12T08:07:44Z,0,29.875,72.0,59,65.2,8,6,239,74,0.0,255,32767,0.0,2127-15-31,0.0,0.16,26.24,0.0,0.0,0.0,0,4.828125,6,84,05:49,20:11,2025-05-12 08:07:44.138594,Città della Scienza,64.7,19.009453,11.597055,14.783298,12.988702,EU EEA Common AQI,69.2,16.235878,10.495777,7200,12.6285715,100,100,60.5,11.382857,Very Low,69.3,17.485819,100,1747036800,Very Low,11.826637,17.674025,Very Low,16.122631,56.8,16.885714,100,1747036800,14.228572
2025-05-12T08:07:55Z,0,29.875,72.0,59,65.2,8,6,244,74,0.0,255,32767,0.0,2127-15-31,0.0,0.16,26.24,0.0,0.0,0.0,0,4.828125,6,84,05:49,20:11,2025-05-12 08:07:55.230614,Città della Scienza,64.7,19.009453,11.597055,14.783298,12.988702,EU EEA Common AQI,69.2,16.235878,10.495777,7200,12.6285715,100,100,60.5,11.382857,Very Low,69.3,17.485819,100,1747036800,Very Low,11.826637,17.674025,Very Low,16.122631,56.8,16.885714,100,1747036800,14.228572
2025-05-12T08:08:06Z,0,29.875,72.0,59,65.2,5,6,252,74,0.0,255,32767,0.0,2127-15-31,0.0,0.16,26.24,0.0,0.0,0.0,0,4.828125,6,84,05:49,20:11,2025-05-12 08:08:06.327596,Città della Scienza,64.7,19.009453,11.597055,14.783298,12.988702,EU EEA Common AQI,69.2,16.235878,10.495777,7200,12.6285715,100,100,60.5,11.382857,Very Low,69.3,17.485819,100,1747036800,Very Low,11.826637,17.674025,Very Low,16.122631,56.8,16.885714,100,1747036800,14.228572
2025-05-12T08:08:17Z,0,29.875,72.0,59,65.2,8,6,242,74,0.0,255,32767,0.0,2127-15-31,0.0,0.16,26.24,0.0,0.0,0.0,0,4.828125,6,84,05:49,20:11,2025-05-12 08:08:17.397585,Città della Scienza,64.7,19.009453,11.597055,14.783298,12.988702,EU EEA Common AQI,69.2,16.235878,10.495777,7200,12.6285715,100,100,60.5,11.382857,Very Low,69.3,17.485819,100,1747036800,Very Low,11.826637,17.674025,Very Low,16.122631,56.8,16.885714,100,1747036800,14.228572
2025-05-12T08:08:28Z,0,29.875,72.0,59,65.2,6,6,220,74,0.0,255,32767,0.0,2127-15-31,0.0,0.16,26.24,0.0,0.0,0.0,0,4.828125,6,84,05:49,20:11,2025-05-12 08:08:28.495559,Città della Scienza,64.7,19.009453,11.597055,14.783298,12.988702,EU EEA Common AQI,69.2,16.235878,10.495777,7200,12.6285715,100,100,60.5,11.382857,Very Low,69.3,17.485819,100,1747036800,Very Low,11.826637,17.674025,Very Low,16.122631,56.8,16.885714,100,1747036800,14.228572
2025-05-12T08:08:39Z,0,29.876,72.0,59,65.1,8,6,244,74,0.0,255,32767,0.0,2127-15-31,0.0,0.16,26.24,0.0,0.0,0.0,0,4.828125,6,84,05:49,20:11,2025-05-12 08:08:39.621604,Città della Scienza,64.7,19.009453,11.597055,14.783298,12.988702,EU EEA Common AQI,69.2,16.235878,10.495777,7200,12.6285715,100,100,60.5,11.382857,Very Low,69.3,17.485819,100,1747036800,Very Low,11.826637,17.674025,Very Low,16.122631,56.8,16.885714,100,1747036800,14.228572
2025-05-12T08:08:50Z,0,29.876,72.0,59,65.1,7,6,249,74,0.0,255,32767,0.0,2127-15-31,0.0,0.16,26.24,0.0,0.0,0.0,0,4.828125,6,84,05:49,20:11,2025-05-12 08:08:50.738596,Città della Scienza,64.7,19.009453,11.597055,14.783298,12.988702,EU EEA Common AQI,69.2,16.235878,10.495777,7200,12.6285715,100,100,60.5,11.382857,Very Low,69.3,17.485819,100,1747036800,Very Low,11.826637,17.674025,Very Low,16.122631,56.8,16.885714,100,1747036800,14.228572
2025-05-12T08:09:02Z,0,29.876,72.0,59,65.1,8,6,238,74,0.0,255,32767,0.0,2127-15-31,0.0,0.16,26.24,0.0,0.0,0.0,0,4.828125,6,84,05:49,20:11,2025-05-12 08:09:01.827588,Città della Scienza,64.7,19.009453,11.597055,14.783298,12.988702,EU EEA Common AQI,69.2,16.235878,10.495777,7200,12.6285715,100,100,60.5,11.382857,Very Low,69.3,17.485819,100,1747036800,Very Low,11.826637,17.674025,Very Low,16.122631,56.8,16.885714,100,1747036800,14.228572
2025-05-12T08:09:13Z,0,29.876,72.0,59,65.1,9,6,248,74,0.0,255,32767,0.0,2127-15-31,0.0,0.16,26.24,0.0,0.0,0.0,0,4.828125,6,84,05:49,20:11,2025-05-12 08:09:12.906591,Città della Scienza,64.7,19.009453,11.597055,14.783298,12.988702,EU EEA Common AQI,69.2,16.235878,10.495777,7200,12.6285715,100,100,60.5,11.382857,Very Low,69.3,17.485819,100,1747036800,Very Low,11.826637,17.674025,Very Low,16.122631,56.8,16.885714,100,1747036800,14.228572
2025-05-12T08:09:24Z,0,29.876,72.0,59,65.2,5,6,225,74,0.0,255,32767,0.0,2127-15-31,0.0,0.16,26.24,0.0,0.0,0.0,0,4.828125,6,84,05:49,20:11,2025-05-12 08:09:23.985595,Città della Scienza,64.7,19.009453,11.597055,14.783298,12.988702,EU EEA Common AQI,69.2,16.235878,10.495777,7200,12.6285715,100,100,60.5,11.382857,Very Low,69.3,17.485819,100,1747036800,Very Low,11.826637,17.674025,Very Low,16.122631,56.8,16.885714,100,1747036800,14.228572
2025-05-12T08:09:35Z,0,29.875,72.0,59,65.1,5,6,232,74,0.0,255,32767,0.0,2127-15-31,0.0,0.16,26.24,0.0,0.0,0.0,0,4.828125,6,84,05:49,20:11,2025-05-12 08:09:35.060611,Città della Scienza,64.7,19.009453,11.597055,14.783298,12.988702,EU EEA Common AQI,69.2,16.235878,10.495777,7200,12.6285715,100,100,60.5,11.382857,Very Low,69.3,17.485819,100,1747036800,Very Low,11.826637,17.674025,Very Low,16.122631,56.8,16.885714,100,1747036800,14.228572
2025-05-12T08:09:46Z,0,29.875,72.0,59,65.1,5,6,224,74,0.0,255,32767,0.0,2127-15-31,0.0,0.16,26.24,0.0,0.0,0.0,0,4.828125,6,84,05:49,20:11,2025-05-12 08:09:46.137601,Città della Scienza,64.7,19.009453,11.597055,14.783298,12.988702,EU EEA Common AQI,69.2,16.235878,10.495777,7200,12.6285715,100,100,60.5,11.382857,Very Low,69.3,17.485819,100,1747036800,Very Low,11.826637,17.674025,Very Low,16.122631,56.8,16.885714,100,1747036800,14.228572
2025-05-12T08:09:57Z,0,29.875,72.0,59,65.1,7,6,250,74,0.0,255,32767,0.0,2127-15-31,0.0,0.16,26.24,0.0,0.0,0.0,0,4.828125,6,84,05:49,20:11,2025-05-12 08:09:57.213595,Città della Scienza,64.7,19.009453,11.597055,14.783298,12.988702,EU EEA Common AQI,69.2,16.235878,10.495777,7200,12.6285715,100,100,60.5,11.382857,Very Low,69.3,17.485819,100,1747036800,Very Low,11.826637,17.674025,Very Low,16.122631,56.8,16.885714,100,1747036800,14.228572
2025-05-12T08:10:08Z,0,29.875,72.0,59,65.1,6,6,225,74,0.0,255,32767,0.0,2127-15-31,0.0,0.16,26.24,0.0,0.0,0.0,0,4.828125,6,84,05:49,20:11,2025-05-12 08:10:08.273607,Città della Scienza,64.7,19.009453,11.597055,14.783298,12.988702,EU EEA Common AQI,69.2,16.235878,10.495777,7200,12.6285715,100,100,60.5,11.382857,Very Low,69.3,17.485819,100,1747036800,Very Low,11.826637,17.674025,Very Low,16.122631,56.8,16.885714,100,1747036800,14.228572
2025-05-12T08:10:19Z,0,29.875,72.0,59,65.1,4,6,242,74,0.0,255,32767,0.0,2127-15-31,0.0,0.16,26.24,0.0,0.0,0.0,0,4.828125,6,84,05:49,20:11,2025-05-12 08:10:19.401601,Città della Scienza,64.7,19.009453,11.597055,14.783298,12.988702,EU EEA Common AQI,69.2,16.235878,10.495777,7200,12.6285715,100,100,60.5,11.382857,Very Low,69.3,17.485819,100,1747036800,Very Low,11.826637,17.674025,Very Low,16.122631,56.8,16.885714,100,1747036800,14.228572
2025-05-12T08:10:30Z,0,29.875,72.0,59,65.1,8,6,252,74,0.0,255,32767,0.0,2127-15-31,0.0,0.16,26.24,0.0,0.0,0.0,0,4.828125,6,84,05:49,20:11,2025-05-12 08:10:30.521586,Città della Scienza,64.7,19.009453,11.597055,14.783298,12.988702,EU EEA Common AQI,69.2,16.235878,10.495777,7200,12.6285715,100,100,60.5,11.382857,Very Low,69.3,17.485819,100,1747036800,Very Low,11.826637,17.674025,Very Low,16.122631,56.8,16.885714,100,1747036800,14.228572
2025-05-12T08:10:41Z,0,29.875,72.0,59,65.1,7,6,249,74,0.0,255,32767,0.0,2127-15-31,0.0,0.16,26.24,0.0,0.0,0.0,0,4.828125,6,84,05:49,20:11,2025-05-12 08:10:41.594598,Città della Scienza,64.7,19.009453,11.597055,14.783298,12.988702,EU EEA Common AQI,69.2,16.235878,10.495777,7200,12.6285715,100,100,60.5,11.382857,Very Low,69.3,17.485819,100,1747036800,Very Low,11.826637,17.674025,Very Low,16.122631,56.8,16.885714,100,1747036800,14.228572
2025-05-12T08:10:52Z,0,29.875,72.0,59,65.2,7,6,250,74,0.0,255,32767,0.0,2127-15-31,0.0,0.16,26.24,0.0,0.0,0.0,0,4.828125,6,84,05:49,20:11,2025-05-12 08:10:52.670604,Città della Scienza,64.7,19.009453,11.597055,14.783298,12.988702,EU EEA Common AQI,69.2,16.235878,10.495777,7200,12.6285715,100,100,60.5,11.382857,Very Low,69.3,17.485819,100,1747036800,Very Low,11.826637,17.674025,Very Low,16.122631,56.8,16.885714,100,1747036800,14.228572
2025-05-12T08:11:03Z,0,29.875,72.0,59,65.2,7,6,232,74,0.0,255,32767,0.0,2127-15-31,0.0,0.16,26.24,0.0,0.0,0.0,0,4.828125,6,84,05:49,20:11,2025-05-12 08:11:03.754595,Città della Scienza,64.7,19.009453,11.597055,14.783298,12.988702,EU EEA Common AQI,69.2,16.235878,10.495777,7200,12.6285715,100,100,60.5,11.382857,Very Low,69.3,17.485819,100,1747036800,Very Low,11.826637,17.674025,Very Low,16.122631,56.8,16.885714,100,1747036800,14.228572
2025-05-12T08:11:15Z,0,29.875,72.0,59,65.2,7,6,231,74,0.0,255,32767,0.0,2127-15-31,0.0,0.16,26.24,0.0,0.0,0.0,0,4.828125,6,84,05:49,20:11,2025-05-12 08:11:14.864596,Città della Scienza,64.7,19.009453,11.597055,14.783298,12.988702,EU EEA Common AQI,69.2,16.235878,10.495777,7200,12.6285715,100,100,60.5,11.382857,Very Low,69.3,17.485819,100,1747036800,Very Low,11.826637,17.674025,Very Low,16.122631,56.8,16.885714,100,1747036800,14.228572
2025-05-12T08:11:26Z,0,29.875,72.0,59,65.2,7,6,246,74,0.0,255,32767,0.0,2127-15-31,0.0,0.16,26.24,0.0,0.0,0.0,0,4.828125,6,84,05:49,20:11,2025-05-12 08:11:25.962594,Città della Scienza,64.7,19.009453,11.597055,14.783298,12.988702,EU EEA Common AQI,69.2,16.235878,10.495777,7200,12.6285715,100,100,60.5,11.382857,Very Low,69.3,17.485819,100,1747036800,Very Low,11.826637,17.674025,Very Low,16.122631,56.8,16.885714,100,1747036800,14.228572
2025-05-12T08:11:37Z,0,29.875,72.0,59,65.2,9,6,244,74,0.0,255,32767,0.0,2127-15-31,0.0,0.16,26.24,0.0,0.0,0.0,0,4.828125,6,84,05:49,20:11,2025-05-12 08:11:37.070585,Città della Scienza,64.7,19.009453,11.597055,14.783298,12.988702,EU EEA Common AQI,69.2,16.235878,10.495777,7200,12.6285715,100,100,60.5,11.382857,Very Low,69.3,17.485819,100,1747036800,Very Low,11.826637,17.674025,Very Low,16.122631,56.8,16.885714,100,1747036800,14.228572
2025-05-12T08:11:48Z,0,29.875,72.0,59,65.1,4,6,240,74,0.0,255,32767,0.0,2127-15-31,0.0,0.16,26.24,0.0,0.0,0.0,0,4.828125,6,84,05:49,20:11,2025-05-12 08:11:48.167604,Città della Scienza,64.7,19.009453,11.597055,14.783298,12.988702,EU EEA Common AQI,69.2,16.235878,10.495777,7200,12.6285715,100,100,60.5,11.382857,Very Low,69.3,17.485819,100,1747036800,Very Low,11.826637,17.674025,Very Low,16.122631,56.8,16.885714,100,1747036800,14.228572
2025-05-12T08:11:59Z,0,29.875,72.0,59,65.2,8,6,245,74,0.0,255,32767,0.0,2127-15-31,0.0,0.16,26.24,0.0,0.0,0.0,0,4.828125,6,84,05:49,20:11,2025-05-12 08:11:59.286596,Città della Scienza,64.7,19.009453,11.597055,14.783298,12.988702,EU EEA Common AQI,69.2,16.235878,10.495777,7200,12.6285715,100,100,60.5,11.382857,Very Low,69.3,17.485819,100,1747036800,Very Low,11.826637,17.674025,Very Low,16.122631,56.8,16.885714,100,1747036800,14.228572
2025-05-12T08:12:10Z,0,29.875,72.0,59,65.2,9,6,242,74,0.0,255,32767,0.0,2127-15-31,0.0,0.16,26.24,0.0,0.0,0.0,0,4.828125,6,84,05:49,20:11,2025-05-12 08:12:10.323606,Città della Scienza,64.7,19.009453,11.597055,14.783298,12.988702,EU EEA Common AQI,69.2,16.235878,10.495777,7200,12.6285715,100,100,60.5,11.382857,Very Low,69.3,17.485819,100,1747036800,Very Low,11.826637,17.674025,Very Low,16.122631,56.8,16.885714,100,1747036800,14.228572
2025-05-12T08:12:21Z,0,29.875,72.0,59,65.1,8,6,244,74,0.0,255,32767,0.0,2127-15-31,0.0,0.16,26.24,0.0,0.0,0.0,0,4.828125,6,84,05:49,20:11,2025-05-12 08:12:21.377593,Città della Scienza,64.7,19.009453,11.597055,14.783298,12.988702,EU EEA Common AQI,69.2,16.235878,10.495777,7200,12.6285715,100,100,60.5,11.382857,Very Low,69.3,17.485819,100,1747036800,Very Low,11.826637,17.674025,Very Low,16.122631,56.8,16.885714,100,1747036800,14.228572
2025-05-12T08:12:32Z,0,29.875,72.0,59,65.1,6,6,229,74,0.0,255,32767,0.0,2127-15-31,0.0,0.16,26.24,0.0,0.0,0.0,0,4.828125,6,84,05:49,20:11,2025-05-12 08:12:32.449612,Città della Scienza,64.7,19.009453,11.597055,14.783298,12.988702,EU EEA Common AQI,69.2,16.235878,10.495777,7200,12.6285715,100,100,60.5,11.382857,Very Low,69.3,17.485819,100,1747036800,Very Low,11.826637,17.674025,Very Low,16.122631,56.8,16.885714,100,1747036800,14.228572
2025-05-12T08:12:43Z,0,29.876,72.0,59,65.2,9,6,236,74,0.0,255,32767,0.0,2127-15-31,0.0,0.16,26.24,0.0,0.0,0.0,0,4.828125,6,84,05:49,20:11,2025-05-12 08:12:43.482560,Città della Scienza,64.7,19.009453,11.597055,14.783298,12.988702,EU EEA Common AQI,69.2,16.235878,10.495777,7200,12.6285715,100,100,60.5,11.382857,Very Low,69.3,17.485819,100,1747036800,Very Low,11.826637,17.674025,Very Low,16.122631,56.8,16.885714,100,1747036800,14.228572
2025-05-12T08:12:54Z,0,29.876,72.0,59,65.1,8,6,239,74,0.0,255,32767,0.0,2127-15-31,0.0,0.16,26.24,0.0,0.0,0.0,0,4.828125,6,84,05:49,20:11,2025-05-12 08:12:54.488954,Città della Scienza,64.7,19.009453,11.597055,14.783298,12.988702,EU EEA Common AQI,69.2,16.235878,10.495777,7200,12.6285715,100,100,60.5,11.382857,Very Low,69.3,17.485819,100,1747036800,Very Low,11.826637,17.674025,Very Low,16.122631,56.8,16.885714,100,1747036800,14.228572
2025-05-12T08:13:05Z,0,29.876,72.0,59,65.1,6,6,260,74,0.0,255,32767,0.0,2127-15-31,0.0,0.16,26.24,0.0,0.0,0.0,0,4.828125,6,84,05:49,20:11,2025-05-12 08:13:05.560608,Città della Scienza,64.7,19.009453,11.597055,14.783298,12.988702,EU EEA Common AQI,69.2,16.235878,10.495777,7200,12.6285715,100,100,60.5,11.382857,Very Low,69.3,17.485819,100,1747036800,Very Low,11.826637,17.674025,Very Low,16.122631,56.8,16.885714,100,1747036800,14.228572
2025-05-12T08:13:16Z,0,29.876,72.0,59,65.1,6,6,228,74,0.0,255,32767,0.0,2127-15-31,0.0,0.16,26.24,0.0,0.0,0.0,0,4.828125,6,84,05:49,20:11,2025-05-12 08:13:16.647596,Città della Scienza,64.7,19.009453,11.597055,14.783298,12.988702,EU EEA Common AQI,69.2,16.235878,10.495777,7200,12.6285715,100,100,60.5,11.382857,Very Low,69.3,17.485819,100,1747036800,Very Low,11.826637,17.674025,Very Low,16.122631,56.8,16.885714,100,1747036800,14.228572
2025-05-12T08:13:27Z,0,29.876,72.0,59,65.0,6,6,237,74,0.0,255,32767,0.0,2127-15-31,0.0,0.16,26.24,0.0,0.0,0.0,0,4.828125,6,84,05:49,20:11,2025-05-12 08:13:27.726582,Città della Scienza,64.7,19.009453,11.597055,14.783298,12.988702,EU EEA Common AQI,69.2,16.235878,10.495777,7200,12.6285715,100,100,60.5,11.382857,Very Low,69.3,17.485819,100,1747036800,Very Low,11.826637,17.674025,Very Low,16.122631,56.8,16.885714,100,1747036800,14.228572
2025-05-12T08:13:39Z,0,29.873,72.1,59,65.0,7,6,233,74,0.0,255,32767,0.0,2127-15-31,0.0,0.16,26.24,0.0,0.0,0.0,0,4.828125,6,84,05:49,20:11,2025-05-12 08:13:38.809593,Città della Scienza,64.7,19.009453,11.597055,14.783298,12.988702,EU EEA Common AQI,69.2,16.235878,10.495777,7200,12.6285715,100,100,60.5,11.382857,Very Low,69.3,17.485819,100,1747036800,Very Low,11.826637,17.674025,Very Low,16.122631,56.8,16.885714,100,1747036800,14.228572
2025-05-12T08:13:50Z,0,29.873,72.1,59,65.0,6,6,236,74,0.0,255,32767,0.0,2127-15-31,0.0,0.16,26.24,0.0,0.0,0.0,0,4.828125,6,84,05:49,20:11,2025-05-12 08:13:49.939622,Città della Scienza,64.7,19.009453,11.597055,14.783298,12.988702,EU EEA Common AQI,69.2,16.235878,10.495777,7200,12.6285715,100,100,60.5,11.382857,Very Low,69.3,17.485819,100,1747036800,Very Low,11.826637,17.674025,Very Low,16.122631,56.8,16.885714,100,1747036800,14.228572
2025-05-12T08:14:01Z,0,29.873,72.1,59,65.0,7,6,248,74,0.0,255,32767,0.0,2127-15-31,0.0,0.16,26.24,0.0,0.0,0.0,0,4.828125,6,84,05:49,20:11,2025-05-12 08:14:01.044596,Città della Scienza,64.7,19.009453,11.597055,14.783298,12.988702,EU EEA Common AQI,69.2,16.235878,10.495777,7200,12.6285715,100,100,60.5,11.382857,Very Low,69.3,17.485819,100,1747036800,Very Low,11.826637,17.674025,Very Low,16.122631,56.8,16.885714,100,1747036800,14.228572
2025-05-12T08:14:12Z,0,29.873,72.1,59,65.0,9,6,241,74,0.0,255,32767,0.0,2127-15-31,0.0,0.16,26.24,0.0,0.0,0.0,0,4.828125,6,84,05:49,20:11,2025-05-12 08:14:12.140607,Città della Scienza,64.7,19.009453,11.597055,14.783298,12.988702,EU EEA Common AQI,69.2,16.235878,10.495777,7200,12.6285715,100,100,60.5,11.382857,Very Low,69.3,17.485819,100,1747036800,Very Low,11.826637,17.674025,Very Low,16.122631,56.8,16.885714,100,1747036800,14.228572
2025-05-12T08:14:23Z,0,29.873,72.1,59,65.0,7,6,234,74,0.0,255,32767,0.0,2127-15-31,0.0,0.16,26.24,0.0,0.0,0.0,0,4.828125,6,84,05:49,20:11,2025-05-12 08:14:23.218614,Città della Scienza,64.7,19.009453,11.597055,14.783298,12.988702,EU EEA Common AQI,69.2,16.235878,10.495777,7200,12.6285715,100,100,60.5,11.382857,Very Low,69.3,17.485819,100,1747036800,Very Low,11.826637,17.674025,Very Low,16.122631,56.8,16.885714,100,1747036800,14.228572
2025-05-12T08:14:34Z,0,29.875,72.1,59,65.0,7,7,214,74,0.0,255,32767,0.0,2127-15-31,0.0,0.16,26.24,0.0,0.0,0.0,0,4.828125,6,84,05:49,20:11,2025-05-12 08:14:34.248753,Città della Scienza,64.7,19.009453,11.597055,14.783298,12.988702,EU EEA Common AQI,69.2,16.235878,10.495777,7200,12.6285715,100,100,60.5,11.382857,Very Low,69.3,17.485819,100,1747036800,Very Low,11.826637,17.674025,Very Low,16.122631,56.8,16.885714,100,1747036800,14.228572
2025-05-12T08:14:45Z,0,29.875,72.1,59,65.0,8,7,230,74,0.0,255,32767,0.0,2127-15-31,0.0,0.16,26.24,0.0,0.0,0.0,0,4.828125,6,84,05:49,20:11,2025-05-12 08:14:45.323609,Città della Scienza,64.7,19.009453,11.597055,14.783298,12.988702,EU EEA Common AQI,69.2,16.235878,10.495777,7200,12.6285715,100,100,60.5,11.382857,Very Low,69.3,17.485819,100,1747036800,Very Low,11.826637,17.674025,Very Low,16.122631,56.8,16.885714,100,1747036800,14.228572
2025-05-12T08:14:56Z,0,29.875,72.1,59,65.0,7,7,250,74,0.0,255,32767,0.0,2127-15-31,0.0,0.16,26.24,0.0,0.0,0.0,0,4.828125,6,84,05:49,20:11,2025-05-12 08:14:56.414552,Città della Scienza,64.7,19.009453,11.597055,14.783298,12.988702,EU EEA Common AQI,69.2,16.235878,10.495777,7200,12.6285715,100,100,60.5,11.382857,Very Low,69.3,17.485819,100,1747036800,Very Low,11.826637,17.674025,Very Low,16.122631,56.8,16.885714,100,1747036800,14.228572
2025-05-12T08:15:07Z,0,29.875,72.1,59,65.0,8,7,227,74,0.0,255,32767,0.0,2127-15-31,0.0,0.16,26.24,0.0,0.0,0.0,0,4.828125,6,84,05:49,20:11,2025-05-12 08:15:07.499605,Città della Scienza,64.7,19.009453,11.597055,14.783298,12.988702,EU EEA Common AQI,69.2,16.235878,10.495777,7200,12.6285715,100,100,60.5,11.382857,Very Low,69.3,17.485819,100,1747036800,Very Low,11.826637,17.674025,Very Low,16.122631,56.8,16.885714,100,1747036800,14.228572
2025-05-12T08:15:18Z,0,29.875,72.1,59,65.0,7,7,211,74,0.0,255,32767,0.0,2127-15-31,0.0,0.16,26.24,0.0,0.0,0.0,0,4.828125,6,84,05:49,20:11,2025-05-12 08:15:18.576587,Città della Scienza,64.7,19.009453,11.597055,14.783298,12.988702,EU EEA Common AQI,69.2,16.235878,10.495777,7200,12.6285715,100,100,60.5,11.382857,Very Low,69.3,17.485819,100,1747036800,Very Low,11.826637,17.674025,Very Low,16.122631,56.8,16.885714,100,1747036800,14.228572
2025-05-12T08:15:29Z,0,29.875,72.1,59,65.0,7,7,265,74,0.0,255,32767,0.0,2127-15-31,0.0,0.16,26.24,0.0,0.0,0.0,0,4.828125,6,84,05:49,20:11,2025-05-12 08:15:29.687590,Città della Scienza,65.4,18.611725,11.494588,16.071325,13.206179,EU EEA Common AQI,69.4,16.507725,10.398383,7200,17.31884,100,100,60.9,16.498549,Very Low,69.4,17.110764,100,1747037700,Very Low,12.8570595,18.003916,Very Low,17.60951,57.3,22.73913,100,1747037700,20.623188
2025-05-12T08:15:40Z,0,29.873,72.0,59,65.0,8,7,259,74,0.0,255,32767,0.0,2127-15-31,0.0,0.16,26.24,0.0,0.0,0.0,0,4.828125,6,84,05:49,20:11,2025-05-12 08:15:40.779590,Città della Scienza,65.4,18.611725,11.494588,16.071325,13.206179,EU EEA Common AQI,69.4,16.507725,10.398383,7200,17.31884,100,100,60.9,16.498549,Very Low,69.4,17.110764,100,1747037700,Very Low,12.8570595,18.003916,Very Low,17.60951,57.3,22.73913,100,1747037700,20.623188
2025-05-12T08:15:52Z,0,29.873,72.0,59,65.0,7,7,269,74,0.0,255,32767,0.0,2127-15-31,0.0,0.16,26.24,0.0,0.0,0.0,0,4.828125,6,84,05:49,20:11,2025-05-12 08:15:51.817601,Città della Scienza,65.4,18.611725,11.494588,16.071325,13.206179,EU EEA Common AQI,69.4,16.507725,10.398383,7200,17.31884,100,100,60.9,16.498549,Very Low,69.4,17.110764,100,1747037700,Very Low,12.8570595,18.003916,Very Low,17.60951,57.3,22.73913,100,1747037700,20.623188
2025-05-12T08:16:03Z,0,29.873,72.0,59,65.0,6,7,242,75,0.0,255,32767,0.0,2127-15-31,0.0,0.16,26.24,0.0,0.0,0.0,0,4.828125,6,84,05:49,20:11,2025-05-12 08:16:02.897615,Città della Scienza,65.4,18.611725,11.494588,16.071325,13.206179,EU EEA Common AQI,69.4,16.507725,10.398383,7200,17.31884,100,100,60.9,16.498549,Very Low,69.4,17.110764,100,1747037700,Very Low,12.8570595,18.003916,Very Low,17.60951,57.3,22.73913,100,1747037700,20.623188
2025-05-12T08:16:14Z,0,29.873,72.0,59,65.0,4,7,260,75,0.0,255,32767,0.0,2127-15-31,0.0,0.16,26.24,0.0,0.0,0.0,0,4.828125,6,84,05:49,20:11,2025-05-12 08:16:13.989763,Città della Scienza,65.4,18.611725,11.494588,16.071325,13.206179,EU EEA Common AQI,69.4,16.507725,10.398383,7200,17.31884,100,100,60.9,16.498549,Very Low,69.4,17.110764,100,1747037700,Very Low,12.8570595,18.003916,Very Low,17.60951,57.3,22.73913,100,1747037700,20.623188
2025-05-12T08:16:25Z,0,29.873,72.0,59,65.0,9,7,244,75,0.0,255,32767,0.0,2127-15-31,0.0,0.16,26.24,0.0,0.0,0.0,0,4.828125,6,84,05:49,20:11,2025-05-12 08:16:25.102561,Città della Scienza,65.4,18.611725,11.494588,16.071325,13.206179,EU EEA Common AQI,69.4,16.507725,10.398383,7200,17.31884,100,100,60.9,16.498549,Very Low,69.4,17.110764,100,1747037700,Very Low,12.8570595,18.003916,Very Low,17.60951,57.3,22.73913,100,1747037700,20.623188
2025-05-12T08:16:36Z,0,29.873,72.1,59,65.0,7,7,246,75,0.0,255,32767,0.0,2127-15-31,0.0,0.16,26.24,0.0,0.0,0.0,0,4.828125,6,84,05:49,20:11,2025-05-12 08:16:36.219595,Città della Scienza,65.4,18.611725,11.494588,16.071325,13.206179,EU EEA Common AQI,69.4,16.507725,10.398383,7200,17.31884,100,100,60.9,16.498549,Very Low,69.4,17.110764,100,1747037700,Very Low,12.8570595,18.003916,Very Low,17.60951,57.3,22.73913,100,1747037700,20.623188
2025-05-12T08:16:47Z,0,29.873,72.1,59,65.0,8,7,246,75,0.0,255,32767,0.0,2127-15-31,0.0,0.16,26.24,0.0,0.0,0.0,0,4.828125,6,84,05:49,20:11,2025-05-12 08:16:47.249594,Città della Scienza,65.4,18.611725,11.494588,16.071325,13.206179,EU EEA Common AQI,69.4,16.507725,10.398383,7200,17.31884,100,100,60.9,16.498549,Very Low,69.4,17.110764,100,1747037700,Very Low,12.8570595,18.003916,Very Low,17.60951,57.3,22.73913,100,1747037700,20.623188
2025-05-12T08:16:58Z,0,29.873,72.1,59,65.0,10,7,237,74,0.0,255,32767,0.0,2127-15-31,0.0,0.16,26.24,0.0,0.0,0.0,0,4.828125,6,84,05:49,20:11,2025-05-12 08:16:58.370573,Città della Scienza,65.4,18.611725,11.494588,16.071325,13.206179,EU EEA Common AQI,69.4,16.507725,10.398383,7200,17.31884,100,100,60.9,16.498549,Very Low,69.4,17.110764,100,1747037700,Very Low,12.8570595,18.003916,Very Low,17.60951,57.3,22.73913,100,1747037700,20.623188
2025-05-12T08:17:09Z,0,29.873,72.1,59,65.0,8,7,222,74,0.0,255,32767,0.0,2127-15-31,0.0,0.16,26.24,0.0,0.0,0.0,0,4.828125,6,84,05:49,20:11,2025-05-12 08:17:09.467595,Città della Scienza,65.4,18.611725,11.494588,16.071325,13.206179,EU EEA Common AQI,69.4,16.507725,10.398383,7200,17.31884,100,100,60.9,16.498549,Very Low,69.4,17.110764,100,1747037700,Very Low,12.8570595,18.003916,Very Low,17.60951,57.3,22.73913,100,1747037700,20.623188
2025-05-12T08:17:20Z,0,29.873,72.1,59,65.0,8,7,240,74,0.0,255,32767,0.0,2127-15-31,0.0,0.16,26.24,0.0,0.0,0.0,0,4.828125,6,84,05:49,20:11,2025-05-12 08:17:20.593599,Città della Scienza,65.4,18.611725,11.494588,16.071325,13.206179,EU EEA Common AQI,69.4,16.507725,10.398383,7200,17.31884,100,100,60.9,16.498549,Very Low,69.4,17.110764,100,1747037700,Very Low,12.8570595,18.003916,Very Low,17.60951,57.3,22.73913,100,1747037700,20.623188
2025-05-12T08:17:31Z,0,29.873,72.1,59,65.0,9,7,234,74,0.0,255,32767,0.0,2127-15-31,0.0,0.16,26.24,0.0,0.0,0.0,0,4.828125,6,84,05:49,20:11,2025-05-12 08:17:31.665597,Città della Scienza,65.4,18.611725,11.494588,16.071325,13.206179,EU EEA Common AQI,69.4,16.507725,10.398383,7200,17.31884,100,100,60.9,16.498549,Very Low,69.4,17.110764,100,1747037700,Very Low,12.8570595,18.003916,Very Low,17.60951,57.3,22.73913,100,1747037700,20.623188
2025-05-12T08:17:42Z,0,29.875,72.1,59,65.0,9,7,238,74,0.0,255,32767,0.0,2127-15-31,0.0,0.16,26.24,0.0,0.0,0.0,0,4.828125,6,84,05:49,20:11,2025-05-12 08:17:42.792578,Città della Scienza,65.4,18.611725,11.494588,16.071325,13.206179,EU EEA Common AQI,69.4,16.507725,10.398383,7200,17.31884,100,100,60.9,16.498549,Very Low,69.4,17.110764,100,1747037700,Very Low,12.8570595,18.003916,Very Low,17.60951,57.3,22.73913,100,1747037700,20.623188
2025-05-12T08:17:54Z,0,29.875,72.1,59,65.0,9,7,246,74,0.0,255,32767,0.0,2127-15-31,0.0,0.16,26.24,0.0,0.0,0.0,0,4.828125,6,84,05:49,20:11,2025-05-12 08:17:53.930603,Città della Scienza,65.4,18.611725,11.494588,16.071325,13.206179,EU EEA Common AQI,69.4,16.507725,10.398383,7200,17.31884,100,100,60.9,16.498549,Very Low,69.4,17.110764,100,1747037700,Very Low,12.8570595,18.003916,Very Low,17.60951,57.3,22.73913,100,1747037700,20.623188
2025-05-12T08:18:05Z,0,29.875,72.1,59,65.0,9,7,246,74,0.0,255,32767,0.0,2127-15-31,0.0,0.16,26.24,0.0,0.0,0.0,0,4.828125,6,84,05:49,20:11,2025-05-12 08:18:04.991593,Città della Scienza,65.4,18.611725,11.494588,16.071325,13.206179,EU EEA Common AQI,69.4,16.507725,10.398383,7200,17.31884,100,100,60.9,16.498549,Very Low,69.4,17.110764,100,1747037700,Very Low,12.8570595,18.003916,Very Low,17.60951,57.3,22.73913,100,1747037700,20.623188
2025-05-12T08:18:16Z,0,29.875,72.1,59,65.0,10,7,241,74,0.0,255,32767,0.0,2127-15-31,0.0,0.16,26.24,0.0,0.0,0.0,0,4.828125,6,84,05:49,20:11,2025-05-12 08:18:16.076590,Città della Scienza,65.4,18.611725,11.494588,16.071325,13.206179,EU EEA Common AQI,69.4,16.507725,10.398383,7200,17.31884,100,100,60.9,16.498549,Very Low,69.4,17.110764,100,1747037700,Very Low,12.8570595,18.003916,Very Low,17.60951,57.3,22.73913,100,1747037700,20.623188
2025-05-12T08:18:27Z,0,29.875,72.1,59,65.0,9,7,240,74,0.0,255,32767,0.0,2127-15-31,0.0,0.16,26.24,0.0,0.0,0.0,0,4.828125,6,84,05:49,20:11,2025-05-12 08:18:27.175592,Città della Scienza,65.4,18.611725,11.494588,16.071325,13.206179,EU EEA Common AQI,69.4,16.507725,10.398383,7200,17.31884,100,100,60.9,16.498549,Very Low,69.4,17.110764,100,1747037700,Very Low,12.8570595,18.003916,Very Low,17.60951,57.3,22.73913,100,1747037700,20.623188
2025-05-12T08:18:38Z,0,29.875,72.1,59,65.0,8,7,238,74,0.0,255,32767,0.0,2127-15-31,0.0,0.16,26.24,0.0,0.0,0.0,0,4.828125,6,84,05:49,20:11,2025-05-12 08:18:38.256597,Città della Scienza,65.4,18.611725,11.494588,16.071325,13.206179,EU EEA Common AQI,69.4,16.507725,10.398383,7200,17.31884,100,100,60.9,16.498549,Very Low,69.4,17.110764,100,1747037700,Very Low,12.8570595,18.003916,Very Low,17.60951,57.3,22.73913,100,1747037700,20.623188
2025-05-12T08:18:49Z,0,29.875,72.1,59,64.9,9,7,244,74,0.0,255,32767,0.0,2127-15-31,0.0,0.16,26.24,0.0,0.0,0.0,0,4.828125,6,84,05:49,20:11,2025-05-12 08:18:49.318593,Città della Scienza,65.4,18.611725,11.494588,16.071325,13.206179,EU EEA Common AQI,69.4,16.507725,10.398383,7200,17.31884,100,100,60.9,16.498549,Very Low,69.4,17.110764,100,1747037700,Very Low,12.8570595,18.003916,Very Low,17.60951,57.3,22.73913,100,1747037700,20.623188
2025-05-12T08:19:00Z,0,29.875,72.1,59,64.9,9,7,240,74,0.0,255,32767,0.0,2127-15-31,0.0,0.16,26.24,0.0,0.0,0.0,0,4.828125,6,84,05:49,20:11,2025-05-12 08:19:00.393600,Città della Scienza,65.4,18.611725,11.494588,16.071325,13.206179,EU EEA Common AQI,69.4,16.507725,10.398383,7200,17.31884,100,100,60.9,16.498549,Very Low,69.4,17.110764,100,1747037700,Very Low,12.8570595,18.003916,Very Low,17.60951,57.3,22.73913,100,1747037700,20.623188
2025-05-12T08:19:11Z,0,29.875,72.1,59,64.9,9,7,242,74,0.0,255,32767,0.0,2127-15-31,0.0,0.16,26.24,0.0,0.0,0.0,0,4.828125,6,84,05:49,20:11,2025-05-12 08:19:11.496593,Città della Scienza,65.4,18.611725,11.494588,16.071325,13.206179,EU EEA Common AQI,69.4,16.507725,10.398383,7200,17.31884,100,100,60.9,16.498549,Very Low,69.4,17.110764,100,1747037700,Very Low,12.8570595,18.003916,Very Low,17.60951,57.3,22.73913,100,1747037700,20.623188
2025-05-12T08:19:22Z,0,29.875,72.1,59,64.9,7,7,244,74,0.0,255,32767,0.0,2127-15-31,0.0,0.16,26.24,0.0,0.0,0.0,0,4.828125,6,84,05:49,20:11,2025-05-12 08:19:22.585572,Città della Scienza,65.4,18.611725,11.494588,16.071325,13.206179,EU EEA Common AQI,69.4,16.507725,10.398383,7200,17.31884,100,100,60.9,16.498549,Very Low,69.4,17.110764,100,1747037700,Very Low,12.8570595,18.003916,Very Low,17.60951,57.3,22.73913,100,1747037700,20.623188
2025-05-12T08:19:33Z,0,29.875,72.1,59,64.9,8,8,230,74,0.0,255,32767,0.0,2127-15-31,0.0,0.16,26.24,0.0,0.0,0.0,0,4.828125,6,84,05:49,20:11,2025-05-12 08:19:33.696597,Città della Scienza,65.4,18.611725,11.494588,16.071325,13.206179,EU EEA Common AQI,69.4,16.507725,10.398383,7200,17.31884,100,100,60.9,16.498549,Very Low,69.4,17.110764,100,1747037700,Very Low,12.8570595,18.003916,Very Low,17.60951,57.3,22.73913,100,1747037700,20.623188
2025-05-12T08:19:44Z,0,29.875,72.1,59,64.9,9,8,242,74,0.0,255,32767,0.0,2127-15-31,0.0,0.16,26.24,0.0,0.0,0.0,0,4.828125,6,84,05:49,20:11,2025-05-12 08:19:44.775591,Città della Scienza,65.4,18.611725,11.494588,16.071325,13.206179,EU EEA Common AQI,69.4,16.507725,10.398383,7200,17.31884,100,100,60.9,16.498549,Very Low,69.4,17.110764,100,1747037700,Very Low,12.8570595,18.003916,Very Low,17.60951,57.3,22.73913,100,1747037700,20.623188
2025-05-12T08:19:56Z,0,29.875,72.1,59,64.9,9,8,248,74,0.0,255,32767,0.0,2127-15-31,0.0,0.16,26.24,0.0,0.0,0.0,0,4.828125,6,84,05:49,20:11,2025-05-12 08:19:55.867601,Città della Scienza,65.4,18.611725,11.494588,16.071325,13.206179,EU EEA Common AQI,69.4,16.507725,10.398383,7200,17.31884,100,100,60.9,16.498549,Very Low,69.4,17.110764,100,1747037700,Very Low,12.8570595,18.003916,Very Low,17.60951,57.3,22.73913,100,1747037700,20.623188
2025-05-12T08:20:07Z,0,29.875,72.1,59,64.9,8,8,246,74,0.0,255,32767,0.0,2127-15-31,0.0,0.16,26.24,0.0,0.0,0.0,0,4.828125,6,84,05:49,20:11,2025-05-12 08:20:06.960600,Città della Scienza,65.4,18.611725,11.494588,16.071325,13.206179,EU EEA Common AQI,69.4,16.507725,10.398383,7200,17.31884,100,100,60.9,16.498549,Very Low,69.4,17.110764,100,1747037700,Very Low,12.8570595,18.003916,Very Low,17.60951,57.3,22.73913,100,1747037700,20.623188
2025-05-12T08:20:18Z,0,29.875,72.1,59,64.9,8,8,242,74,0.0,255,32767,0.0,2127-15-31,0.0,0.16,26.24,0.0,0.0,0.0,0,4.828125,6,84,05:49,20:11,2025-05-12 08:20:17.993602,Città della Scienza,65.4,18.611725,11.494588,16.071325,13.206179,EU EEA Common AQI,69.4,16.507725,10.398383,7200,17.31884,100,100,60.9,16.498549,Very Low,69.4,17.110764,100,1747037700,Very Low,12.8570595,18.003916,Very Low,17.60951,57.3,22.73913,100,1747037700,20.623188
2025-05-12T08:20:29Z,0,29.875,72.1,59,64.9,7,8,266,74,0.0,255,32767,0.0,2127-15-31,0.0,0.16,26.24,0.0,0.0,0.0,0,4.828125,6,84,05:49,20:11,2025-05-12 08:20:29.081593,Città della Scienza,65.4,18.611725,11.494588,16.071325,13.206179,EU EEA Common AQI,69.4,16.507725,10.398383,7200,17.31884,100,100,60.9,16.498549,Very Low,69.4,17.110764,100,1747037700,Very Low,12.8570595,18.003916,Very Low,17.60951,57.3,22.73913,100,1747037700,20.623188
2025-05-12T08:20:40Z,0,29.875,72.1,59,64.9,10,8,246,74,0.0,255,32767,0.0,2127-15-31,0.0,0.16,26.24,0.0,0.0,0.0,0,4.828125,6,84,05:49,20:11,2025-05-12 08:20:40.152594,Città della Scienza,65.4,18.611725,11.494588,16.071325,13.206179,EU EEA Common AQI,69.4,16.507725,10.398383,7200,17.31884,100,100,60.9,16.498549,Very Low,69.4,17.110764,100,1747037700,Very Low,12.8570595,18.003916,Very Low,17.60951,57.3,22.73913,100,1747037700,20.623188
2025-05-12T08:20:51Z,0,29.875,72.1,59,64.8,9,8,253,74,0.0,255,32767,0.0,2127-15-31,0.0,0.16,26.24,0.0,0.0,0.0,0,4.828125,6,84,05:49,20:11,2025-05-12 08:20:51.245587,Città della Scienza,65.4,18.611725,11.494588,16.071325,13.206179,EU EEA Common AQI,69.4,16.507725,10.398383,7200,17.31884,100,100,60.9,16.498549,Very Low,69.4,17.110764,100,1747037700,Very Low,12.8570595,18.003916,Very Low,17.60951,57.3,22.73913,100,1747037700,20.623188
2025-05-12T08:21:02Z,0,29.875,72.1,59,64.8,8,8,253,74,0.0,255,32767,0.0,2127-15-31,0.0,0.16,26.24,0.0,0.0,0.0,0,4.828125,6,84,05:49,20:11,2025-05-12 08:21:02.328616,Città della Scienza,65.4,18.611725,11.494588,16.071325,13.206179,EU EEA Common AQI,69.4,16.507725,10.398383,7200,17.31884,100,100,60.9,16.498549,Very Low,69.4,17.110764,100,1747037700,Very Low,12.8570595,18.003916,Very Low,17.60951,57.3,22.73913,100,1747037700,20.623188
2025-05-12T08:21:13Z,0,29.875,72.1,59,64.8,6,8,228,74,0.0,255,32767,0.0,2127-15-31,0.0,0.16,26.24,0.0,0.0,0.0,0,4.828125,6,84,05:49,20:11,2025-05-12 08:21:13.460599,Città della Scienza,65.4,18.611725,11.494588,16.071325,13.206179,EU EEA Common AQI,69.4,16.507725,10.398383,7200,17.31884,100,100,60.9,16.498549,Very Low,69.4,17.110764,100,1747037700,Very Low,12.8570595,18.003916,Very Low,17.60951,57.3,22.73913,100,1747037700,20.623188
2025-05-12T08:21:24Z,0,29.875,72.1,59,64.9,7,8,247,74,0.0,255,32767,0.0,2127-15-31,0.0,0.16,26.24,0.0,0.0,0.0,0,4.828125,6,84,05:49,20:11,2025-05-12 08:21:24.535615,Città della Scienza,65.4,18.611725,11.494588,16.071325,13.206179,EU EEA Common AQI,69.4,16.507725,10.398383,7200,17.31884,100,100,60.9,16.498549,Very Low,69.4,17.110764,100,1747037700,Very Low,12.8570595,18.003916,Very Low,17.60951,57.3,22.73913,100,1747037700,20.623188
2025-05-12T08:21:35Z,0,29.873,72.1,59,64.9,9,8,237,74,0.0,255,32767,0.0,2127-15-31,0.0,0.16,26.24,0.0,0.0,0.0,0,4.828125,6,84,05:49,20:11,2025-05-12 08:21:35.610622,Città della Scienza,65.4,18.611725,11.494588,16.071325,13.206179,EU EEA Common AQI,69.4,16.507725,10.398383,7200,17.31884,100,100,60.9,16.498549,Very Low,69.4,17.110764,100,1747037700,Very Low,12.8570595,18.003916,Very Low,17.60951,57.3,22.73913,100,1747037700,20.623188
2025-05-12T08:21:46Z,0,29.873,72.1,59,64.9,9,8,244,74,0.0,255,32767,0.0,2127-15-31,0.0,0.16,26.24,0.0,0.0,0.0,0,4.828125,6,84,05:49,20:11,2025-05-12 08:21:46.704597,Città della Scienza,65.4,18.611725,11.494588,16.071325,13.206179,EU EEA Common AQI,69.4,16.507725,10.398383,7200,17.31884,100,100,60.9,16.498549,Very Low,69.4,17.110764,100,1747037700,Very Low,12.8570595,18.003916,Very Low,17.60951,57.3,22.73913,100,1747037700,20.623188
2025-05-12T08:21:58Z,0,29.873,72.1,59,64.9,8,8,242,74,0.0,255,32767,0.0,2127-15-31,0.0,0.16,26.24,0.0,0.0,0.0,0,4.828125,6,84,05:49,20:11,2025-05-12 08:21:57.826568,Città della Scienza,65.4,18.611725,11.494588,16.071325,13.206179,EU EEA Common AQI,69.4,16.507725,10.398383,7200,17.31884,100,100,60.9,16.498549,Very Low,69.4,17.110764,100,1747037700,Very Low,12.8570595,18.003916,Very Low,17.60951,57.3,22.73913,100,1747037700,20.623188
2025-05-12T08:22:09Z,0,29.873,72.1,59,64.9,9,8,244,74,0.0,255,32767,0.0,2127-15-31,0.0,0.16,26.24,0.0,0.0,0.0,0,4.828125,6,84,05:49,20:11,2025-05-12 08:22:08.887601,Città della Scienza,65.4,18.611725,11.494588,16.071325,13.206179,EU EEA Common AQI,69.4,16.507725,10.398383,7200,17.31884,100,100,60.9,16.498549,Very Low,69.4,17.110764,100,1747037700,Very Low,12.8570595,18.003916,Very Low,17.60951,57.3,22.73913,100,1747037700,20.623188
2025-05-12T08:22:20Z,0,29.873,72.1,59,64.9,10,8,238,74,0.0,255,32767,0.0,2127-15-31,0.0,0.16,26.24,0.0,0.0,0.0,0,4.828125,6,84,05:49,20:11,2025-05-12 08:22:19.918595,Città della Scienza,65.4,18.611725,11.494588,16.071325,13.206179,EU EEA Common AQI,69.4,16.507725,10.398383,7200,17.31884,100,100,60.9,16.498549,Very Low,69.4,17.110764,100,1747037700,Very Low,12.8570595,18.003916,Very Low,17.60951,57.3,22.73913,100,1747037700,20.623188
2025-05-12T08:22:31Z,0,29.873,72.1,59,64.9,7,8,221,74,0.0,255,32767,0.0,2127-15-31,0.0,0.16,26.24,0.0,0.0,0.0,0,4.828125,6,84,05:49,20:11,2025-05-12 08:22:31.007601,Città della Scienza,65.4,18.611725,11.494588,16.071325,13.206179,EU EEA Common AQI,69.4,16.507725,10.398383,7200,17.31884,100,100,60.9,16.498549,Very Low,69.4,17.110764,100,1747037700,Very Low,12.8570595,18.003916,Very Low,17.60951,57.3,22.73913,100,1747037700,20.623188
2025-05-12T08:22:42Z,0,29.875,72.1,59,64.9,9,8,246,74,0.0,255,32767,0.0,2127-15-31,0.0,0.16,26.24,0.0,0.0,0.0,0,4.828125,6,84,05:49,20:11,2025-05-12 08:22:42.086599,Città della Scienza,65.4,18.611725,11.494588,16.071325,13.206179,EU EEA Common AQI,69.4,16.507725,10.398383,7200,17.31884,100,100,60.9,16.498549,Very Low,69.4,17.110764,100,1747037700,Very Low,12.8570595,18.003916,Very Low,17.60951,57.3,22.73913,100,1747037700,20.623188
2025-05-12T08:22:53Z,0,29.875,72.1,59,64.9,6,8,240,74,0.0,255,32767,0.0,2127-15-31,0.0,0.16,26.24,0.0,0.0,0.0,0,4.828125,6,84,05:49,20:11,2025-05-12 08:22:53.137598,Città della Scienza,65.4,18.611725,11.494588,16.071325,13.206179,EU EEA Common AQI,69.4,16.507725,10.398383,7200,17.31884,100,100,60.9,16.498549,Very Low,69.4,17.110764,100,1747037700,Very Low,12.8570595,18.003916,Very Low,17.60951,57.3,22.73913,100,1747037700,20.623188
2025-05-12T08:23:04Z,0,29.875,72.1,59,64.9,5,8,234,74,0.0,255,32767,0.0,2127-15-31,0.0,0.16,26.24,0.0,0.0,0.0,0,4.828125,6,84,05:49,20:11,2025-05-12 08:23:04.184601,Città della Scienza,65.4,18.611725,11.494588,16.071325,13.206179,EU EEA Common AQI,69.4,16.507725,10.398383,7200,17.31884,100,100,60.9,16.498549,Very Low,69.4,17.110764,100,1747037700,Very Low,12.8570595,18.003916,Very Low,17.60951,57.3,22.73913,100,1747037700,20.623188
2025-05-12T08:23:15Z,0,29.875,72.1,59,64.9,8,8,250,74,0.0,255,32767,0.0,2127-15-31,0.0,0.16,26.24,0.0,0.0,0.0,0,4.828125,6,84,05:49,20:11,2025-05-12 08:23:15.243592,Città della Scienza,65.4,18.611725,11.494588,16.071325,13.206179,EU EEA Common AQI,69.4,16.507725,10.398383,7200,17.31884,100,100,60.9,16.498549,Very Low,69.4,17.110764,100,1747037700,Very Low,12.8570595,18.003916,Very Low,17.60951,57.3,22.73913,100,1747037700,20.623188
2025-05-12T08:23:26Z,0,29.875,72.1,59,64.9,8,8,266,74,0.0,255,32767,0.0,2127-15-31,0.0,0.16,26.24,0.0,0.0,0.0,0,4.828125,6,84,05:49,20:11,2025-05-12 08:23:26.320596,Città della Scienza,65.4,18.611725,11.494588,16.071325,13.206179,EU EEA Common AQI,69.4,16.507725,10.398383,7200,17.31884,100,100,60.9,16.498549,Very Low,69.4,17.110764,100,1747037700,Very Low,12.8570595,18.003916,Very Low,17.60951,57.3,22.73913,100,1747037700,20.623188
2025-05-12T08:23:37Z,0,29.876,72.1,59,64.9,9,8,248,74,0.0,255,32767,0.0,2127-15-31,0.0,0.16,26.24,0.0,0.0,0.0,0,4.828125,6,84,05:49,20:11,2025-05-12 08:23:37.423598,Città della Scienza,65.4,18.611725,11.494588,16.071325,13.206179,EU EEA Common AQI,69.4,16.507725,10.398383,7200,17.31884,100,100,60.9,16.498549,Very Low,69.4,17.110764,100,1747037700,Very Low,12.8570595,18.003916,Very Low,17.60951,57.3,22.73913,100,1747037700,20.623188
2025-05-12T08:23:49Z,0,29.876,72.1,59,64.9,8,8,256,74,0.0,255,32767,0.0,2127-15-31,0.0,0.16,26.24,0.0,0.0,0.0,0,4.828125,6,84,05:49,20:11,2025-05-12 08:23:48.986606,Città della Scienza,65.4,18.611725,11.494588,16.071325,13.206179,EU EEA Common AQI,69.4,16.507725,10.398383,7200,17.31884,100,100,60.9,16.498549,Very Low,69.4,17.110764,100,1747037700,Very Low,12.8570595,18.003916,Very Low,17.60951,57.3,22.73913,100,1747037700,20.623188
2025-05-12T08:24:00Z,0,29.876,72.1,59,64.9,9,8,240,74,0.0,255,32767,0.0,2127-15-31,0.0,0.16,26.24,0.0,0.0,0.0,0,4.828125,6,84,05:49,20:11,2025-05-12 08:24:00.094594,Città della Scienza,65.4,18.611725,11.494588,16.071325,13.206179,EU EEA Common AQI,69.4,16.507725,10.398383,7200,17.31884,100,100,60.9,16.498549,Very Low,69.4,17.110764,100,1747037700,Very Low,12.8570595,18.003916,Very Low,17.60951,57.3,22.73913,100,1747037700,20.623188
2025-05-12T08:24:11Z,0,29.876,72.1,59,64.9,9,8,238,74,0.0,255,32767,0.0,2127-15-31,0.0,0.16,26.24,0.0,0.0,0.0,0,4.828125,6,84,05:49,20:11,2025-05-12 08:24:11.194597,Città della Scienza,65.4,18.611725,11.494588,16.071325,13.206179,EU EEA Common AQI,69.4,16.507725,10.398383,7200,17.31884,100,100,60.9,16.498549,Very Low,69.4,17.110764,100,1747037700,Very Low,12.8570595,18.003916,Very Low,17.60951,57.3,22.73913,100,1747037700,20.623188
2025-05-12T08:24:22Z,0,29.876,72.1,59,64.9,8,8,252,74,0.0,255,32767,0.0,2127-15-31,0.0,0.16,26.24,0.0,0.0,0.0,0,4.828125,6,84,05:49,20:11,2025-05-12 08:24:22.284613,Città della Scienza,65.4,18.611725,11.494588,16.071325,13.206179,EU EEA Common AQI,69.4,16.507725,10.398383,7200,17.31884,100,100,60.9,16.498549,Very Low,69.4,17.110764,100,1747037700,Very Low,12.8570595,18.003916,Very Low,17.60951,57.3,22.73913,100,1747037700,20.623188
2025-05-12T08:24:33Z,0,29.876,72.1,59,64.9,10,8,239,74,0.0,255,32767,0.0,2127-15-31,0.0,0.16,26.24,0.0,0.0,0.0,0,4.828125,6,84,05:49,20:11,2025-05-12 08:24:33.326595,Città della Scienza,65.4,18.611725,11.494588,16.071325,13.206179,EU EEA Common AQI,69.4,16.507725,10.398383,7200,17.31884,100,100,60.9,16.498549,Very Low,69.4,17.110764,100,1747037700,Very Low,12.8570595,18.003916,Very Low,17.60951,57.3,22.73913,100,1747037700,20.623188
2025-05-12T08:24:44Z,0,29.876,72.1,59,64.9,8,8,238,74,0.0,255,32767,0.0,2127-15-31,0.0,0.16,26.24,0.0,0.0,0.0,0,4.828125,6,84,05:49,20:11,2025-05-12 08:24:44.397595,Città della Scienza,65.4,18.611725,11.494588,16.071325,13.206179,EU EEA Common AQI,69.4,16.507725,10.398383,7200,17.31884,100,100,60.9,16.498549,Very Low,69.4,17.110764,100,1747037700,Very Low,12.8570595,18.003916,Very Low,17.60951,57.3,22.73913,100,1747037700,20.623188
2025-05-12T08:24:55Z,0,29.876,72.1,59,64.9,8,8,247,74,0.0,255,32767,0.0,2127-15-31,0.0,0.16,26.24,0.0,0.0,0.0,0,4.828125,6,84,05:49,20:11,2025-05-12 08:24:55.482595,Città della Scienza,65.4,18.611725,11.494588,16.071325,13.206179,EU EEA Common AQI,69.4,16.507725,10.398383,7200,17.31884,100,100,60.9,16.498549,Very Low,69.4,17.110764,100,1747037700,Very Low,12.8570595,18.003916,Very Low,17.60951,57.3,22.73913,100,1747037700,20.623188
2025-05-12T08:25:06Z,0,29.876,72.1,59,64.9,9,8,223,74,0.0,255,32767,0.0,2127-15-31,0.0,0.16,26.24,0.0,0.0,0.0,0,4.828125,6,84,05:49,20:11,2025-05-12 08:25:06.519604,Città della Scienza,65.4,18.611725,11.494588,16.071325,13.206179,EU EEA Common AQI,69.4,16.507725,10.398383,7200,17.31884,100,100,60.9,16.498549,Very Low,69.4,17.110764,100,1747037700,Very Low,12.8570595,18.003916,Very Low,17.60951,57.3,22.73913,100,1747037700,20.623188
2025-05-12T08:25:17Z,0,29.876,72.1,59,64.9,9,8,240,74,0.0,255,32767,0.0,2127-15-31,0.0,0.16,26.24,0.0,0.0,0.0,0,4.828125,6,84,05:49,20:11,2025-05-12 08:25:17.622614,Città della Scienza,65.4,18.611725,11.494588,16.071325,13.206179,EU EEA Common AQI,69.4,16.507725,10.398383,7200,17.31884,100,100,60.9,16.498549,Very Low,69.4,17.110764,100,1747037700,Very Low,12.8570595,18.003916,Very Low,17.60951,57.3,22.73913,100,1747037700,20.623188
2025-05-12T08:25:28Z,0,29.876,72.1,59,64.9,9,8,238,74,0.0,255,32767,0.0,2127-15-31,0.0,0.16,26.24,0.0,0.0,0.0,0,4.828125,6,84,05:49,20:11,2025-05-12 08:25:28.703596,Città della Scienza,65.4,18.611725,11.494588,16.071325,13.206179,EU EEA Common AQI,69.4,16.507725,10.398383,7200,17.31884,100,100,60.9,16.498549,Very Low,69.4,17.110764,100,1747037700,Very Low,12.8570595,18.003916,Very Low,17.60951,57.3,22.73913,100,1747037700,20.623188
2025-05-12T08:25:39Z,0,29.878,72.1,59,64.9,8,8,223,74,0.0,255,32767,0.0,2127-15-31,0.0,0.16,26.24,0.0,0.0,0.0,0,4.828125,6,84,05:49,20:11,2025-05-12 08:25:39.741559,Città della Scienza,65.4,18.611725,11.494588,16.071325,13.206179,EU EEA Common AQI,69.4,16.507725,10.398383,7200,17.31884,100,100,60.9,16.498549,Very Low,69.4,17.110764,100,1747037700,Very Low,12.8570595,18.003916,Very Low,17.60951,57.3,22.73913,100,1747037700,20.623188
2025-05-12T08:25:51Z,0,29.878,72.1,59,64.9,6,8,238,74,0.0,255,32767,0.0,2127-15-31,0.0,0.16,26.24,0.0,0.0,0.0,0,4.828125,6,84,05:49,20:11,2025-05-12 08:25:50.826595,Città della Scienza,65.4,18.611725,11.494588,16.071325,13.206179,EU EEA Common AQI,69.4,16.507725,10.398383,7200,17.31884,100,100,60.9,16.498549,Very Low,69.4,17.110764,100,1747037700,Very Low,12.8570595,18.003916,Very Low,17.60951,57.3,22.73913,100,1747037700,20.623188
2025-05-12T08:26:02Z,0,29.878,72.1,59,64.9,8,8,244,74,0.0,255,32767,0.0,2127-15-31,0.0,0.16,26.24,0.0,0.0,0.0,0,4.828125,6,84,05:49,20:11,2025-05-12 08:26:01.937601,Città della Scienza,65.4,18.611725,11.494588,16.071325,13.206179,EU EEA Common AQI,69.4,16.507725,10.398383,7200,17.31884,100,100,60.9,16.498549,Very Low,69.4,17.110764,100,1747037700,Very Low,12.8570595,18.003916,Very Low,17.60951,57.3,22.73913,100,1747037700,20.623188
2025-05-12T08:26:13Z,0,29.878,72.1,59,64.9,8,8,257,74,0.0,255,32767,0.0,2127-15-31,0.0,0.16,26.24,0.0,0.0,0.0,0,4.828125,6,84,05:49,20:11,2025-05-12 08:26:13.039591,Città della Scienza,65.4,18.611725,11.494588,16.071325,13.206179,EU EEA Common AQI,69.4,16.507725,10.398383,7200,17.31884,100,100,60.9,16.498549,Very Low,69.4,17.110764,100,1747037700,Very Low,12.8570595,18.003916,Very Low,17.60951,57.3,22.73913,100,1747037700,20.623188
2025-05-12T08:26:24Z,0,29.878,72.1,59,64.9,9,8,246,74,0.0,255,32767,0.0,2127-15-31,0.0,0.16,26.24,0.0,0.0,0.0,0,4.828125,6,84,05:49,20:11,2025-05-12 08:26:24.098605,Città della Scienza,65.4,18.611725,11.494588,16.071325,13.206179,EU EEA Common AQI,69.4,16.507725,10.398383,7200,17.31884,100,100,60.9,16.498549,Very Low,69.4,17.110764,100,1747037700,Very Low,12.8570595,18.003916,Very Low,17.60951,57.3,22.73913,100,1747037700,20.623188
2025-05-12T08:26:35Z,0,29.876,72.2,59,64.9,9,9,238,74,0.0,255,32767,0.0,2127-15-31,0.0,0.16,26.24,0.0,0.0,0.0,0,4.828125,6,84,05:49,20:11,2025-05-12 08:26:35.193593,Città della Scienza,65.4,18.611725,11.494588,16.071325,13.206179,EU EEA Common AQI,69.4,16.507725,10.398383,7200,17.31884,100,100,60.9,16.498549,Very Low,69.4,17.110764,100,1747037700,Very Low,12.8570595,18.003916,Very Low,17.60951,57.3,22.73913,100,1747037700,20.623188
2025-05-12T08:26:46Z,0,29.876,72.2,59,64.9,10,9,249,74,0.0,255,32767,0.0,2127-15-31,0.0,0.16,26.24,0.0,0.0,0.0,0,4.828125,6,84,05:49,20:11,2025-05-12 08:26:46.244553,Città della Scienza,65.4,18.611725,11.494588,16.071325,13.206179,EU EEA Common AQI,69.4,16.507725,10.398383,7200,17.31884,100,100,60.9,16.498549,Very Low,69.4,17.110764,100,1747037700,Very Low,12.8570595,18.003916,Very Low,17.60951,57.3,22.73913,100,1747037700,20.623188
2025-05-12T08:26:57Z,0,29.876,72.2,59,64.9,7,9,245,74,0.0,255,32767,0.0,2127-15-31,0.0,0.16,26.24,0.0,0.0,0.0,0,4.828125,6,84,05:49,20:11,2025-05-12 08:26:57.290598,Città della Scienza,65.4,18.611725,11.494588,16.071325,13.206179,EU EEA Common AQI,69.4,16.507725,10.398383,7200,17.31884,100,100,60.9,16.498549,Very Low,69.4,17.110764,100,1747037700,Very Low,12.8570595,18.003916,Very Low,17.60951,57.3,22.73913,100,1747037700,20.623188
2025-05-12T08:27:08Z,0,29.876,72.2,59,64.9,8,9,250,74,0.0,255,32767,0.0,2127-15-31,0.0,0.16,26.24,0.0,0.0,0.0,0,4.828125,6,84,05:49,20:11,2025-05-12 08:27:08.403592,Città della Scienza,65.4,18.611725,11.494588,16.071325,13.206179,EU EEA Common AQI,69.4,16.507725,10.398383,7200,17.31884,100,100,60.9,16.498549,Very Low,69.4,17.110764,100,1747037700,Very Low,12.8570595,18.003916,Very Low,17.60951,57.3,22.73913,100,1747037700,20.623188
2025-05-12T08:27:19Z,0,29.876,72.2,59,65.0,5,9,255,74,0.0,255,32767,0.0,2127-15-31,0.0,0.16,26.24,0.0,0.0,0.0,0,4.828125,6,84,05:49,20:11,2025-05-12 08:27:19.495595,Città della Scienza,65.4,18.611725,11.494588,16.071325,13.206179,EU EEA Common AQI,69.4,16.507725,10.398383,7200,17.31884,100,100,60.9,16.498549,Very Low,69.4,17.110764,100,1747037700,Very Low,12.8570595,18.003916,Very Low,17.60951,57.3,22.73913,100,1747037700,20.623188
2025-05-12T08:27:30Z,0,29.876,72.2,59,65.0,11,9,240,74,0.0,255,32767,0.0,2127-15-31,0.0,0.16,26.24,0.0,0.0,0.0,0,4.828125,6,84,05:49,20:11,2025-05-12 08:27:30.596593,Città della Scienza,65.4,18.611725,11.494588,16.071325,13.206179,EU EEA Common AQI,69.4,16.507725,10.398383,7200,17.31884,100,100,60.9,16.498549,Very Low,69.4,17.110764,100,1747037700,Very Low,12.8570595,18.003916,Very Low,17.60951,57.3,22.73913,100,1747037700,20.623188
2025-05-12T08:27:41Z,0,29.877,72.1,59,64.9,8,9,251,74,0.0,255,32767,0.0,2127-15-31,0.0,0.16,26.24,0.0,0.0,0.0,0,4.828125,6,84,05:49,20:11,2025-05-12 08:27:41.681598,Città della Scienza,65.4,18.611725,11.494588,16.071325,13.206179,EU EEA Common AQI,69.4,16.507725,10.398383,7200,17.31884,100,100,60.9,16.498549,Very Low,69.4,17.110764,100,1747037700,Very Low,12.8570595,18.003916,Very Low,17.60951,57.3,22.73913,100,1747037700,20.623188
2025-05-12T08:27:52Z,0,29.877,72.1,59,65.0,6,9,236,74,0.0,255,32767,0.0,2127-15-31,0.0,0.16,26.24,0.0,0.0,0.0,0,4.828125,6,84,05:49,20:11,2025-05-12 08:27:52.760596,Città della Scienza,65.4,18.611725,11.494588,16.071325,13.206179,EU EEA Common AQI,69.4,16.507725,10.398383,7200,17.31884,100,100,60.9,16.498549,Very Low,69.4,17.110764,100,1747037700,Very Low,12.8570595,18.003916,Very Low,17.60951,57.3,22.73913,100,1747037700,20.623188
2025-05-12T08:28:04Z,0,29.877,72.1,59,65.0,9,9,250,74,0.0,255,32767,0.0,2127-15-31,0.0,0.16,26.24,0.0,0.0,0.0,0,4.828125,6,84,05:49,20:11,2025-05-12 08:28:03.829598,Città della Scienza,65.4,18.611725,11.494588,16.071325,13.206179,EU EEA Common AQI,69.4,16.507725,10.398383,7200,17.31884,100,100,60.9,16.498549,Very Low,69.4,17.110764,100,1747037700,Very Low,12.8570595,18.003916,Very Low,17.60951,57.3,22.73913,100,1747037700,20.623188
2025-05-12T08:28:15Z,0,29.877,72.1,59,65.0,8,9,250,74,0.0,255,32767,0.0,2127-15-31,0.0,0.16,26.24,0.0,0.0,0.0,0,4.828125,6,84,05:49,20:11,2025-05-12 08:28:14.943608,Città della Scienza,65.4,18.611725,11.494588,16.071325,13.206179,EU EEA Common AQI,69.4,16.507725,10.398383,7200,17.31884,100,100,60.9,16.498549,Very Low,69.4,17.110764,100,1747037700,Very Low,12.8570595,18.003916,Very Low,17.60951,57.3,22.73913,100,1747037700,20.623188
2025-05-12T08:28:26Z,0,29.877,72.1,59,65.0,7,9,261,74,0.0,255,32767,0.0,2127-15-31,0.0,0.16,26.24,0.0,0.0,0.0,0,4.828125,6,84,05:49,20:11,2025-05-12 08:28:26.018590,Città della Scienza,65.4,18.611725,11.494588,16.071325,13.206179,EU EEA Common AQI,69.4,16.507725,10.398383,7200,17.31884,100,100,60.9,16.498549,Very Low,69.4,17.110764,100,1747037700,Very Low,12.8570595,18.003916,Very Low,17.60951,57.3,22.73913,100,1747037700,20.623188
2025-05-12T08:28:37Z,0,29.876,72.1,59,65.0,6,8,227,74,0.0,255,32767,0.0,2127-15-31,0.0,0.16,26.24,0.0,0.0,0.0,0,4.828125,6,84,05:49,20:11,2025-05-12 08:28:37.112601,Città della Scienza,65.4,18.611725,11.494588,16.071325,13.206179,EU EEA Common AQI,69.4,16.507725,10.398383,7200,17.31884,100,100,60.9,16.498549,Very Low,69.4,17.110764,100,1747037700,Very Low,12.8570595,18.003916,Very Low,17.60951,57.3,22.73913,100,1747037700,20.623188
2025-05-12T08:28:48Z,0,29.876,72.1,59,65.1,7,8,223,74,0.0,255,32767,0.0,2127-15-31,0.0,0.16,26.24,0.0,0.0,0.0,0,4.828125,6,84,05:49,20:11,2025-05-12 08:28:48.168603,Città della Scienza,65.4,18.611725,11.494588,16.071325,13.206179,EU EEA Common AQI,69.4,16.507725,10.398383,7200,17.31884,100,100,60.9,16.498549,Very Low,69.4,17.110764,100,1747037700,Very Low,12.8570595,18.003916,Very Low,17.60951,57.3,22.73913,100,1747037700,20.623188
2025-05-12T08:28:59Z,0,29.876,72.1,59,65.1,10,8,236,74,0.0,255,32767,0.0,2127-15-31,0.0,0.16,26.24,0.0,0.0,0.0,0,4.828125,6,84,05:49,20:11,2025-05-12 08:28:59.240597,Città della Scienza,65.4,18.611725,11.494588,16.071325,13.206179,EU EEA Common AQI,69.4,16.507725,10.398383,7200,17.31884,100,100,60.9,16.498549,Very Low,69.4,17.110764,100,1747037700,Very Low,12.8570595,18.003916,Very Low,17.60951,57.3,22.73913,100,1747037700,20.623188
2025-05-12T08:29:10Z,0,29.876,72.1,59,65.1,11,8,238,74,0.0,255,32767,0.0,2127-15-31,0.0,0.16,26.24,0.0,0.0,0.0,0,4.828125,6,84,05:49,20:11,2025-05-12 08:29:10.331593,Città della Scienza,65.4,18.611725,11.494588,16.071325,13.206179,EU EEA Common AQI,69.4,16.507725,10.398383,7200,17.31884,100,100,60.9,16.498549,Very Low,69.4,17.110764,100,1747037700,Very Low,12.8570595,18.003916,Very Low,17.60951,57.3,22.73913,100,1747037700,20.623188
2025-05-12T08:29:21Z,0,29.876,72.1,59,65.1,10,8,240,74,0.0,255,32767,0.0,2127-15-31,0.0,0.16,26.24,0.0,0.0,0.0,0,4.828125,6,84,05:49,20:11,2025-05-12 08:29:21.571561,Città della Scienza,65.4,18.611725,11.494588,16.071325,13.206179,EU EEA Common AQI,69.4,16.507725,10.398383,7200,17.31884,100,100,60.9,16.498549,Very Low,69.4,17.110764,100,1747037700,Very Low,12.8570595,18.003916,Very Low,17.60951,57.3,22.73913,100,1747037700,20.623188
2025-05-12T08:29:32Z,0,29.878,72.1,59,65.0,10,8,243,74,0.0,255,32767,0.0,2127-15-31,0.0,0.16,26.24,0.0,0.0,0.0,0,4.828125,6,84,05:49,20:11,2025-05-12 08:29:32.665604,Città della Scienza,65.4,18.611725,11.494588,16.071325,13.206179,EU EEA Common AQI,69.4,16.507725,10.398383,7200,17.31884,100,100,60.9,16.498549,Very Low,69.4,17.110764,100,1747037700,Very Low,12.8570595,18.003916,Very Low,17.60951,57.3,22.73913,100,1747037700,20.623188
2025-05-12T08:29:43Z,0,29.878,72.1,59,65.0,8,8,242,74,0.0,255,32767,0.0,2127-15-31,0.0,0.16,26.24,0.0,0.0,0.0,0,4.828125,6,84,05:49,20:11,2025-05-12 08:29:43.767623,Città della Scienza,65.4,18.611725,11.494588,16.071325,13.206179,EU EEA Common AQI,69.4,16.507725,10.398383,7200,17.31884,100,100,60.9,16.498549,Very Low,69.4,17.110764,100,1747037700,Very Low,12.8570595,18.003916,Very Low,17.60951,57.3,22.73913,100,1747037700,20.623188
2025-05-12T08:29:55Z,0,29.878,72.1,59,65.0,9,8,242,74,0.0,255,32767,0.0,2127-15-31,0.0,0.16,26.24,0.0,0.0,0.0,0,4.828125,6,84,05:49,20:11,2025-05-12 08:29:54.911608,Città della Scienza,65.4,18.611725,11.494588,16.071325,13.206179,EU EEA Common AQI,69.4,16.507725,10.398383,7200,17.31884,100,100,60.9,16.498549,Very Low,69.4,17.110764,100,1747037700,Very Low,12.8570595,18.003916,Very Low,17.60951,57.3,22.73913,100,1747037700,20.623188
2025-05-12T08:30:06Z,0,29.878,72.1,59,65.0,9,8,235,74,0.0,255,32767,0.0,2127-15-31,0.0,0.16,26.24,0.0,0.0,0.0,0,4.828125,6,84,05:49,20:11,2025-05-12 08:30:05.970593,Città della Scienza,65.4,18.611725,11.494588,16.071325,13.206179,EU EEA Common AQI,69.4,16.507725,10.398383,7200,17.31884,100,100,60.9,16.498549,Very Low,69.4,17.110764,100,1747037700,Very Low,12.8570595,18.003916,Very Low,17.60951,57.3,22.73913,100,1747037700,20.623188
2025-05-12T08:30:17Z,0,29.878,72.1,59,65.0,10,8,243,74,0.0,255,32767,0.0,2127-15-31,0.0,0.16,26.24,0.0,0.0,0.0,0,4.828125,6,84,05:49,20:11,2025-05-12 08:30:17.068601,Città della Scienza,65.4,18.611725,11.494588,16.071325,13.206179,EU EEA Common AQI,69.4,16.507725,10.398383,7200,17.31884,100,100,60.9,16.498549,Very Low,69.4,17.110764,100,1747037700,Very Low,12.8570595,18.003916,Very Low,17.60951,57.3,22.73913,100,1747037700,20.623188
2025-05-12T08:30:28Z,0,29.878,72.1,59,65.0,9,8,248,74,0.0,255,32767,0.0,2127-15-31,0.0,0.16,26.24,0.0,0.0,0.0,0,4.828125,6,84,05:49,20:11,2025-05-12 08:30:28.150612,Città della Scienza,65.3,18.070398,11.403694,17.507696,13.487229,EU EEA Common AQI,68.9,16.859037,10.315457,7200,16.536232,100,100,60.3,15.733333,Very Low,68.8,16.63447,100,1747038600,Very Low,14.006157,18.37274,Very Low,19.14406,56.7,22.884058,100,1747038600,19.666666
2025-05-12T08:30:39Z,0,29.877,72.1,59,65.0,8,9,245,74,0.0,255,32767,0.0,2127-15-31,0.0,0.16,26.24,0.0,0.0,0.0,0,4.828125,6,84,05:49,20:11,2025-05-12 08:30:39.236591,Città della Scienza,65.3,18.070398,11.403694,17.507696,13.487229,EU EEA Common AQI,68.9,16.859037,10.315457,7200,16.536232,100,100,60.3,15.733333,Very Low,68.8,16.63447,100,1747038600,Very Low,14.006157,18.37274,Very Low,19.14406,56.7,22.884058,100,1747038600,19.666666
2025-05-12T08:30:50Z,0,29.877,72.1,59,65.0,9,9,244,74,0.0,255,32767,0.0,2127-15-31,0.0,0.16,26.24,0.0,0.0,0.0,0,4.828125,6,84,05:49,20:11,2025-05-12 08:30:50.319592,Città della Scienza,65.3,18.070398,11.403694,17.507696,13.487229,EU EEA Common AQI,68.9,16.859037,10.315457,7200,16.536232,100,100,60.3,15.733333,Very Low,68.8,16.63447,100,1747038600,Very Low,14.006157,18.37274,Very Low,19.14406,56.7,22.884058,100,1747038600,19.666666
2025-05-12T08:31:01Z,0,29.877,72.1,59,64.9,8,9,242,74,0.0,255,32767,0.0,2127-15-31,0.0,0.16,26.24,0.0,0.0,0.0,0,4.828125,6,84,05:49,20:11,2025-05-12 08:31:01.412609,Città della Scienza,65.3,18.070398,11.403694,17.507696,13.487229,EU EEA Common AQI,68.9,16.859037,10.315457,7200,16.536232,100,100,60.3,15.733333,Very Low,68.8,16.63447,100,1747038600,Very Low,14.006157,18.37274,Very Low,19.14406,56.7,22.884058,100,1747038600,19.666666
2025-05-12T08:31:12Z,0,29.877,72.1,59,64.9,9,9,234,74,0.0,255,32767,0.0,2127-15-31,0.0,0.16,26.24,0.0,0.0,0.0,0,4.828125,6,84,05:49,20:11,2025-05-12 08:31:12.592594,Città della Scienza,65.3,18.070398,11.403694,17.507696,13.487229,EU EEA Common AQI,68.9,16.859037,10.315457,7200,16.536232,100,100,60.3,15.733333,Very Low,68.8,16.63447,100,1747038600,Very Low,14.006157,18.37274,Very Low,19.14406,56.7,22.884058,100,1747038600,19.666666
2025-05-12T08:31:23Z,0,29.877,72.1,59,64.9,9,9,246,74,0.0,255,32767,0.0,2127-15-31,0.0,0.16,26.24,0.0,0.0,0.0,0,4.828125,6,84,05:49,20:11,2025-05-12 08:31:23.691594,Città della Scienza,65.3,18.070398,11.403694,17.507696,13.487229,EU EEA Common AQI,68.9,16.859037,10.315457,7200,16.536232,100,100,60.3,15.733333,Very Low,68.8,16.63447,100,1747038600,Very Low,14.006157,18.37274,Very Low,19.14406,56.7,22.884058,100,1747038600,19.666666
2025-05-12T08:31:34Z,0,29.876,72.1,59,64.9,9,9,235,74,0.0,255,32767,0.0,2127-15-31,0.0,0.16,26.24,0.0,0.0,0.0,0,4.828125,6,84,05:49,20:11,2025-05-12 08:31:34.764582,Città della Scienza,65.3,18.070398,11.403694,17.507696,13.487229,EU EEA Common AQI,68.9,16.859037,10.315457,7200,16.536232,100,100,60.3,15.733333,Very Low,68.8,16.63447,100,1747038600,Very Low,14.006157,18.37274,Very Low,19.14406,56.7,22.884058,100,1747038600,19.666666
2025-05-12T08:31:46Z,0,29.876,72.1,59,65.0,11,9,240,74,0.0,255,32767,0.0,2127-15-31,0.0,0.16,26.24,0.0,0.0,0.0,0,4.828125,6,84,05:49,20:11,2025-05-12 08:31:45.843656,Città della Scienza,65.3,18.070398,11.403694,17.507696,13.487229,EU EEA Common AQI,68.9,16.859037,10.315457,7200,16.536232,100,100,60.3,15.733333,Very Low,68.8,16.63447,100,1747038600,Very Low,14.006157,18.37274,Very Low,19.14406,56.7,22.884058,100,1747038600,19.666666
2025-05-12T08:31:57Z,0,29.876,72.1,59,64.9,11,9,236,74,0.0,255,32767,0.0,2127-15-31,0.0,0.16,26.24,0.0,0.0,0.0,0,4.828125,6,84,05:49,20:11,2025-05-12 08:31:56.930589,Città della Scienza,65.3,18.070398,11.403694,17.507696,13.487229,EU EEA Common AQI,68.9,16.859037,10.315457,7200,16.536232,100,100,60.3,15.733333,Very Low,68.8,16.63447,100,1747038600,Very Low,14.006157,18.37274,Very Low,19.14406,56.7,22.884058,100,1747038600,19.666666
2025-05-12T08:32:08Z,0,29.876,72.1,59,64.9,11,9,256,74,0.0,255,32767,0.0,2127-15-31,0.0,0.16,26.24,0.0,0.0,0.0,0,4.828125,6,84,05:49,20:11,2025-05-12 08:32:08.019593,Città della Scienza,65.3,18.070398,11.403694,17.507696,13.487229,EU EEA Common AQI,68.9,16.859037,10.315457,7200,16.536232,100,100,60.3,15.733333,Very Low,68.8,16.63447,100,1747038600,Very Low,14.006157,18.37274,Very Low,19.14406,56.7,22.884058,100,1747038600,19.666666
2025-05-12T08:32:19Z,0,29.876,72.1,59,64.9,7,9,248,74,0.0,255,32767,0.0,2127-15-31,0.0,0.16,26.24,0.0,0.0,0.0,0,4.828125,6,84,05:49,20:11,2025-05-12 08:32:19.098595,Città della Scienza,65.3,18.070398,11.403694,17.507696,13.487229,EU EEA Common AQI,68.9,16.859037,10.315457,7200,16.536232,100,100,60.3,15.733333,Very Low,68.8,16.63447,100,1747038600,Very Low,14.006157,18.37274,Very Low,19.14406,56.7,22.884058,100,1747038600,19.666666
2025-05-12T08:32:30Z,0,29.876,72.1,59,64.9,8,9,263,74,0.0,255,32767,0.0,2127-15-31,0.0,0.16,26.24,0.0,0.0,0.0,0,4.828125,6,84,05:49,20:11,2025-05-12 08:32:30.178604,Città della Scienza,65.3,18.070398,11.403694,17.507696,13.487229,EU EEA Common AQI,68.9,16.859037,10.315457,7200,16.536232,100,100,60.3,15.733333,Very Low,68.8,16.63447,100,1747038600,Very Low,14.006157,18.37274,Very Low,19.14406,56.7,22.884058,100,1747038600,19.666666
2025-05-12T08:32:41Z,0,29.877,72.2,59,64.9,5,9,228,74,0.0,255,32767,0.0,2127-15-31,0.0,0.16,26.24,0.0,0.0,0.0,0,4.828125,6,84,05:49,20:11,2025-05-12 08:32:41.264598,Città della Scienza,65.3,18.070398,11.403694,17.507696,13.487229,EU EEA Common AQI,68.9,16.859037,10.315457,7200,16.536232,100,100,60.3,15.733333,Very Low,68.8,16.63447,100,1747038600,Very Low,14.006157,18.37274,Very Low,19.14406,56.7,22.884058,100,1747038600,19.666666
2025-05-12T08:32:52Z,0,29.877,72.2,59,64.9,11,9,230,74,0.0,255,32767,0.0,2127-15-31,0.0,0.16,26.24,0.0,0.0,0.0,0,4.828125,6,84,05:49,20:11,2025-05-12 08:32:52.377614,Città della Scienza,65.3,18.070398,11.403694,17.507696,13.487229,EU EEA Common AQI,68.9,16.859037,10.315457,7200,16.536232,100,100,60.3,15.733333,Very Low,68.8,16.63447,100,1747038600,Very Low,14.006157,18.37274,Very Low,19.14406,56.7,22.884058,100,1747038600,19.666666
2025-05-12T08:33:03Z,0,29.877,72.2,59,64.9,10,9,257,74,0.0,255,32767,0.0,2127-15-31,0.0,0.16,26.24,0.0,0.0,0.0,0,4.828125,6,84,05:49,20:11,2025-05-12 08:33:03.418605,Città della Scienza,65.3,18.070398,11.403694,17.507696,13.487229,EU EEA Common AQI,68.9,16.859037,10.315457,7200,16.536232,100,100,60.3,15.733333,Very Low,68.8,16.63447,100,1747038600,Very Low,14.006157,18.37274,Very Low,19.14406,56.7,22.884058,100,1747038600,19.666666
2025-05-12T08:33:14Z,0,29.877,72.2,59,64.9,11,9,260,74,0.0,255,32767,0.0,2127-15-31,0.0,0.16,26.24,0.0,0.0,0.0,0,4.828125,6,84,05:49,20:11,2025-05-12 08:33:14.529556,Città della Scienza,65.3,18.070398,11.403694,17.507696,13.487229,EU EEA Common AQI,68.9,16.859037,10.315457,7200,16.536232,100,100,60.3,15.733333,Very Low,68.8,16.63447,100,1747038600,Very Low,14.006157,18.37274,Very Low,19.14406,56.7,22.884058,100,1747038600,19.666666
2025-05-12T08:33:25Z,0,29.877,72.2,59,64.9,10,9,241,74,0.0,255,32767,0.0,2127-15-31,0.0,0.16,26.24,0.0,0.0,0.0,0,4.828125,6,84,05:49,20:11,2025-05-12 08:33:25.696589,Città della Scienza,65.3,18.070398,11.403694,17.507696,13.487229,EU EEA Common AQI,68.9,16.859037,10.315457,7200,16.536232,100,100,60.3,15.733333,Very Low,68.8,16.63447,100,1747038600,Very Low,14.006157,18.37274,Very Low,19.14406,56.7,22.884058,100,1747038600,19.666666
2025-05-12T08:33:36Z,0,29.878,72.2,59,64.9,10,9,244,74,0.0,255,32767,0.0,2127-15-31,0.0,0.16,26.24,0.0,0.0,0.0,0,4.828125,6,84,05:49,20:11,2025-05-12 08:33:36.775594,Città della Scienza,65.3,18.070398,11.403694,17.507696,13.487229,EU EEA Common AQI,68.9,16.859037,10.315457,7200,16.536232,100,100,60.3,15.733333,Very Low,68.8,16.63447,100,1747038600,Very Low,14.006157,18.37274,Very Low,19.14406,56.7,22.884058,100,1747038600,19.666666
2025-05-12T08:33:48Z,0,29.878,72.2,59,64.9,8,9,245,74,0.0,255,32767,0.0,2127-15-31,0.0,0.16,26.24,0.0,0.0,0.0,0,4.828125,6,84,05:49,20:11,2025-05-12 08:33:47.822601,Città della Scienza,65.3,18.070398,11.403694,17.507696,13.487229,EU EEA Common AQI,68.9,16.859037,10.315457,7200,16.536232,100,100,60.3,15.733333,Very Low,68.8,16.63447,100,1747038600,Very Low,14.006157,18.37274,Very Low,19.14406,56.7,22.884058,100,1747038600,19.666666
2025-05-12T08:33:59Z,0,29.878,72.2,59,64.9,10,9,244,74,0.0,255,32767,0.0,2127-15-31,0.0,0.16,26.24,0.0,0.0,0.0,0,4.828125,6,84,05:49,20:11,2025-05-12 08:33:58.878604,Città della Scienza,65.3,18.070398,11.403694,17.507696,13.487229,EU EEA Common AQI,68.9,16.859037,10.315457,7200,16.536232,100,100,60.3,15.733333,Very Low,68.8,16.63447,100,1747038600,Very Low,14.006157,18.37274,Very Low,19.14406,56.7,22.884058,100,1747038600,19.666666
2025-05-12T08:34:10Z,0,29.878,72.2,59,64.9,8,9,241,74,0.0,255,32767,0.0,2127-15-31,0.0,0.16,26.24,0.0,0.0,0.0,0,4.828125,6,84,05:49,20:11,2025-05-12 08:34:09.932599,Città della Scienza,65.3,18.070398,11.403694,17.507696,13.487229,EU EEA Common AQI,68.9,16.859037,10.315457,7200,16.536232,100,100,60.3,15.733333,Very Low,68.8,16.63447,100,1747038600,Very Low,14.006157,18.37274,Very Low,19.14406,56.7,22.884058,100,1747038600,19.666666
2025-05-12T08:34:21Z,0,29.878,72.2,59,64.9,8,9,232,74,0.0,255,32767,0.0,2127-15-31,0.0,0.16,26.24,0.0,0.0,0.0,0,4.828125,6,84,05:49,20:11,2025-05-12 08:34:21.021596,Città della Scienza,65.3,18.070398,11.403694,17.507696,13.487229,EU EEA Common AQI,68.9,16.859037,10.315457,7200,16.536232,100,100,60.3,15.733333,Very Low,68.8,16.63447,100,1747038600,Very Low,14.006157,18.37274,Very Low,19.14406,56.7,22.884058,100,1747038600,19.666666
2025-05-12T08:34:32Z,0,29.878,72.2,59,64.9,11,9,242,74,0.0,255,32767,0.0,2127-15-31,0.0,0.16,26.24,0.0,0.0,0.0,0,4.828125,6,84,05:49,20:11,2025-05-12 08:34:32.107589,Città della Scienza,65.3,18.070398,11.403694,17.507696,13.487229,EU EEA Common AQI,68.9,16.859037,10.315457,7200,16.536232,100,100,60.3,15.733333,Very Low,68.8,16.63447,100,1747038600,Very Low,14.006157,18.37274,Very Low,19.14406,56.7,22.884058,100,1747038600,19.666666
2025-05-12T08:34:43Z,0,29.875,72.2,59,64.9,10,9,234,74,0.0,255,32767,0.0,2127-15-31,0.0,0.16,26.24,0.0,0.0,0.0,0,4.828125,6,84,05:49,20:11,2025-05-12 08:34:43.177594,Città della Scienza,65.3,18.070398,11.403694,17.507696,13.487229,EU EEA Common AQI,68.9,16.859037,10.315457,7200,16.536232,100,100,60.3,15.733333,Very Low,68.8,16.63447,100,1747038600,Very Low,14.006157,18.37274,Very Low,19.14406,56.7,22.884058,100,1747038600,19.666666
2025-05-12T08:34:54Z,0,29.875,72.2,59,64.9,9,9,246,74,0.0,255,32767,0.0,2127-15-31,0.0,0.16,26.24,0.0,0.0,0.0,0,4.828125,6,84,05:49,20:11,2025-05-12 08:34:54.255597,Città della Scienza,65.3,18.070398,11.403694,17.507696,13.487229,EU EEA Common AQI,68.9,16.859037,10.315457,7200,16.536232,100,100,60.3,15.733333,Very Low,68.8,16.63447,100,1747038600,Very Low,14.006157,18.37274,Very Low,19.14406,56.7,22.884058,100,1747038600,19.666666
2025-05-12T08:35:05Z,0,29.875,72.2,59,64.9,8,9,232,74,0.0,255,32767,0.0,2127-15-31,0.0,0.16,26.24,0.0,0.0,0.0,0,4.828125,6,84,05:49,20:11,2025-05-12 08:35:05.346912,Città della Scienza,65.3,18.070398,11.403694,17.507696,13.487229,EU EEA Common AQI,68.9,16.859037,10.315457,7200,16.536232,100,100,60.3,15.733333,Very Low,68.8,16.63447,100,1747038600,Very Low,14.006157,18.37274,Very Low,19.14406,56.7,22.884058,100,1747038600,19.666666
2025-05-12T08:35:16Z,0,29.875,72.2,59,64.9,10,9,234,74,0.0,255,32767,0.0,2127-15-31,0.0,0.16,26.24,0.0,0.0,0.0,0,4.828125,6,84,05:49,20:11,2025-05-12 08:35:16.451582,Città della Scienza,65.3,18.070398,11.403694,17.507696,13.487229,EU EEA Common AQI,68.9,16.859037,10.315457,7200,16.536232,100,100,60.3,15.733333,Very Low,68.8,16.63447,100,1747038600,Very Low,14.006157,18.37274,Very Low,19.14406,56.7,22.884058,100,1747038600,19.666666
2025-05-12T08:35:27Z,0,29.875,72.2,59,64.9,10,9,260,74,0.0,255,32767,0.0,2127-15-31,0.0,0.16,26.24,0.0,0.0,0.0,0,4.828125,6,84,05:49,20:11,2025-05-12 08:35:27.534596,Città della Scienza,65.3,18.070398,11.403694,17.507696,13.487229,EU EEA Common AQI,68.9,16.859037,10.315457,7200,16.536232,100,100,60.3,15.733333,Very Low,68.8,16.63447,100,1747038600,Very Low,14.006157,18.37274,Very Low,19.14406,56.7,22.884058,100,1747038600,19.666666
2025-05-12T08:35:39Z,0,29.876,72.2,59,64.8,10,9,244,74,0.0,255,32767,0.0,2127-15-31,0.0,0.16,26.24,0.0,0.0,0.0,0,4.828125,6,84,05:49,20:11,2025-05-12 08:35:39.037591,Città della Scienza,65.3,18.070398,11.403694,17.507696,13.487229,EU EEA Common AQI,68.9,16.859037,10.315457,7200,16.536232,100,100,60.3,15.733333,Very Low,68.8,16.63447,100,1747038600,Very Low,14.006157,18.37274,Very Low,19.14406,56.7,22.884058,100,1747038600,19.666666
2025-05-12T08:35:50Z,0,29.876,72.2,59,64.9,11,9,266,74,0.0,255,32767,0.0,2127-15-31,0.0,0.16,26.24,0.0,0.0,0.0,0,4.828125,6,84,05:49,20:11,2025-05-12 08:35:50.423599,Città della Scienza,65.3,18.070398,11.403694,17.507696,13.487229,EU EEA Common AQI,68.9,16.859037,10.315457,7200,16.536232,100,100,60.3,15.733333,Very Low,68.8,16.63447,100,1747038600,Very Low,14.006157,18.37274,Very Low,19.14406,56.7,22.884058,100,1747038600,19.666666
2025-05-12T08:36:01Z,0,29.876,72.2,59,64.9,10,9,242,74,0.0,255,32767,0.0,2127-15-31,0.0,0.16,26.24,0.0,0.0,0.0,0,4.828125,6,84,05:49,20:11,2025-05-12 08:36:01.498598,Città della Scienza,65.3,18.070398,11.403694,17.507696,13.487229,EU EEA Common AQI,68.9,16.859037,10.315457,7200,16.536232,100,100,60.3,15.733333,Very Low,68.8,16.63447,100,1747038600,Very Low,14.006157,18.37274,Very Low,19.14406,56.7,22.884058,100,1747038600,19.666666
2025-05-12T08:36:12Z,0,29.876,72.2,59,64.8,9,9,237,73,0.0,255,32767,0.0,2127-15-31,0.0,0.16,26.24,0.0,0.0,0.0,0,4.828125,6,84,05:49,20:11,2025-05-12 08:36:12.597593,Città della Scienza,65.3,18.070398,11.403694,17.507696,13.487229,EU EEA Common AQI,68.9,16.859037,10.315457,7200,16.536232,100,100,60.3,15.733333,Very Low,68.8,16.63447,100,1747038600,Very Low,14.006157,18.37274,Very Low,19.14406,56.7,22.884058,100,1747038600,19.666666
2025-05-12T08:36:23Z,0,29.876,72.2,59,64.8,10,9,247,73,0.0,255,32767,0.0,2127-15-31,0.0,0.16,26.24,0.0,0.0,0.0,0,4.828125,6,84,05:49,20:11,2025-05-12 08:36:23.697592,Città della Scienza,65.3,18.070398,11.403694,17.507696,13.487229,EU EEA Common AQI,68.9,16.859037,10.315457,7200,16.536232,100,100,60.3,15.733333,Very Low,68.8,16.63447,100,1747038600,Very Low,14.006157,18.37274,Very Low,19.14406,56.7,22.884058,100,1747038600,19.666666
2025-05-12T08:36:34Z,0,29.875,72.2,59,64.7,10,9,240,73,0.0,255,32767,0.0,2127-15-31,0.0,0.16,26.24,0.0,0.0,0.0,0,4.828125,6,84,05:49,20:11,2025-05-12 08:36:34.770596,Città della Scienza,65.3,18.070398,11.403694,17.507696,13.487229,EU EEA Common AQI,68.9,16.859037,10.315457,7200,16.536232,100,100,60.3,15.733333,Very Low,68.8,16.63447,100,1747038600,Very Low,14.006157,18.37274,Very Low,19.14406,56.7,22.884058,100,1747038600,19.666666
2025-05-12T08:36:46Z,0,29.875,72.2,59,64.7,9,9,246,73,0.0,255,32767,0.0,2127-15-31,0.0,0.16,26.24,0.0,0.0,0.0,0,4.828125,6,84,05:49,20:11,2025-05-12 08:36:45.849610,Città della Scienza,65.3,18.070398,11.403694,17.507696,13.487229,EU EEA Common AQI,68.9,16.859037,10.315457,7200,16.536232,100,100,60.3,15.733333,Very Low,68.8,16.63447,100,1747038600,Very Low,14.006157,18.37274,Very Low,19.14406,56.7,22.884058,100,1747038600,19.666666
2025-05-12T08:36:57Z,0,29.875,72.2,59,64.8,8,9,244,73,0.0,255,32767,0.0,2127-15-31,0.0,0.16,26.24,0.0,0.0,0.0,0,4.828125,6,84,05:49,20:11,2025-05-12 08:36:56.926585,Città della Scienza,65.3,18.070398,11.403694,17.507696,13.487229,EU EEA Common AQI,68.9,16.859037,10.315457,7200,16.536232,100,100,60.3,15.733333,Very Low,68.8,16.63447,100,1747038600,Very Low,14.006157,18.37274,Very Low,19.14406,56.7,22.884058,100,1747038600,19.666666
2025-05-12T08:37:08Z,0,29.875,72.2,59,64.8,7,9,252,73,0.0,255,32767,0.0,2127-15-31,0.0,0.16,26.24,0.0,0.0,0.0,0,4.828125,6,84,05:49,20:11,2025-05-12 08:37:07.997593,Città della Scienza,65.3,18.070398,11.403694,17.507696,13.487229,EU EEA Common AQI,68.9,16.859037,10.315457,7200,16.536232,100,100,60.3,15.733333,Very Low,68.8,16.63447,100,1747038600,Very Low,14.006157,18.37274,Very Low,19.14406,56.7,22.884058,100,1747038600,19.666666
2025-05-12T08:37:19Z,0,29.875,72.2,59,64.9,9,9,236,73,0.0,255,32767,0.0,2127-15-31,0.0,0.16,26.24,0.0,0.0,0.0,0,4.828125,6,84,05:49,20:11,2025-05-12 08:37:19.115636,Città della Scienza,65.3,18.070398,11.403694,17.507696,13.487229,EU EEA Common AQI,68.9,16.859037,10.315457,7200,16.536232,100,100,60.3,15.733333,Very Low,68.8,16.63447,100,1747038600,Very Low,14.006157,18.37274,Very Low,19.14406,56.7,22.884058,100,1747038600,19.666666
2025-05-12T08:37:30Z,0,29.875,72.2,59,64.9,9,9,235,73,0.0,255,32767,0.0,2127-15-31,0.0,0.16,26.24,0.0,0.0,0.0,0,4.828125,6,84,05:49,20:11,2025-05-12 08:37:30.198594,Città della Scienza,65.3,18.070398,11.403694,17.507696,13.487229,EU EEA Common AQI,68.9,16.859037,10.315457,7200,16.536232,100,100,60.3,15.733333,Very Low,68.8,16.63447,100,1747038600,Very Low,14.006157,18.37274,Very Low,19.14406,56.7,22.884058,100,1747038600,19.666666
2025-05-12T08:37:41Z,0,29.878,72.2,59,64.9,10,9,237,73,0.0,255,32767,0.0,2127-15-31,0.0,0.16,26.24,0.0,0.0,0.0,0,4.828125,6,84,05:49,20:11,2025-05-12 08:37:41.268606,Città della Scienza,65.3,18.070398,11.403694,17.507696,13.487229,EU EEA Common AQI,68.9,16.859037,10.315457,7200,16.536232,100,100,60.3,15.733333,Very Low,68.8,16.63447,100,1747038600,Very Low,14.006157,18.37274,Very Low,19.14406,56.7,22.884058,100,1747038600,19.666666
2025-05-12T08:37:52Z,0,29.878,72.2,59,64.8,9,9,240,74,0.0,255,32767,0.0,2127-15-31,0.0,0.16,26.24,0.0,0.0,0.0,0,4.828125,6,84,05:49,20:11,2025-05-12 08:37:52.350584,Città della Scienza,65.3,18.070398,11.403694,17.507696,13.487229,EU EEA Common AQI,68.9,16.859037,10.315457,7200,16.536232,100,100,60.3,15.733333,Very Low,68.8,16.63447,100,1747038600,Very Low,14.006157,18.37274,Very Low,19.14406,56.7,22.884058,100,1747038600,19.666666
2025-05-12T08:38:03Z,0,29.878,72.2,59,64.8,10,9,242,74,0.0,255,32767,0.0,2127-15-31,0.0,0.16,26.24,0.0,0.0,0.0,0,4.828125,6,84,05:49,20:11,2025-05-12 08:38:03.467595,Città della Scienza,65.3,18.070398,11.403694,17.507696,13.487229,EU EEA Common AQI,68.9,16.859037,10.315457,7200,16.536232,100,100,60.3,15.733333,Very Low,68.8,16.63447,100,1747038600,Very Low,14.006157,18.37274,Very Low,19.14406,56.7,22.884058,100,1747038600,19.666666
2025-05-12T08:38:14Z,0,29.878,72.2,59,64.9,9,9,248,74,0.0,255,32767,0.0,2127-15-31,0.0,0.16,26.24,0.0,0.0,0.0,0,4.828125,6,84,05:49,20:11,2025-05-12 08:38:14.551585,Città della Scienza,65.3,18.070398,11.403694,17.507696,13.487229,EU EEA Common AQI,68.9,16.859037,10.315457,7200,16.536232,100,100,60.3,15.733333,Very Low,68.8,16.63447,100,1747038600,Very Low,14.006157,18.37274,Very Low,19.14406,56.7,22.884058,100,1747038600,19.666666
2025-05-12T08:38:25Z,0,29.878,72.2,59,64.8,9,9,228,74,0.0,255,32767,0.0,2127-15-31,0.0,0.16,26.24,0.0,0.0,0.0,0,4.828125,6,84,05:49,20:11,2025-05-12 08:38:25.613605,Città della Scienza,65.3,18.070398,11.403694,17.507696,13.487229,EU EEA Common AQI,68.9,16.859037,10.315457,7200,16.536232,100,100,60.3,15.733333,Very Low,68.8,16.63447,100,1747038600,Very Low,14.006157,18.37274,Very Low,19.14406,56.7,22.884058,100,1747038600,19.666666
2025-05-12T08:38:37Z,0,29.875,72.2,59,64.8,5,9,239,74,0.0,255,32767,0.0,2127-15-31,0.0,0.16,26.24,0.0,0.0,0.0,0,4.828125,6,84,05:49,20:11,2025-05-12 08:38:36.928585,Città della Scienza,65.3,18.070398,11.403694,17.507696,13.487229,EU EEA Common AQI,68.9,16.859037,10.315457,7200,16.536232,100,100,60.3,15.733333,Very Low,68.8,16.63447,100,1747038600,Very Low,14.006157,18.37274,Very Low,19.14406,56.7,22.884058,100,1747038600,19.666666
2025-05-12T08:38:48Z,0,29.875,72.2,59,64.8,9,9,248,74,0.0,255,32767,0.0,2127-15-31,0.0,0.16,26.24,0.0,0.0,0.0,0,4.828125,6,84,05:49,20:11,2025-05-12 08:38:48.018592,Città della Scienza,65.3,18.070398,11.403694,17.507696,13.487229,EU EEA Common AQI,68.9,16.859037,10.315457,7200,16.536232,100,100,60.3,15.733333,Very Low,68.8,16.63447,100,1747038600,Very Low,14.006157,18.37274,Very Low,19.14406,56.7,22.884058,100,1747038600,19.666666
2025-05-12T08:38:59Z,0,29.875,72.2,59,64.9,8,9,239,74,0.0,255,32767,0.0,2127-15-31,0.0,0.16,26.24,0.0,0.0,0.0,0,4.828125,6,84,05:49,20:11,2025-05-12 08:38:59.088569,Città della Scienza,65.3,18.070398,11.403694,17.507696,13.487229,EU EEA Common AQI,68.9,16.859037,10.315457,7200,16.536232,100,100,60.3,15.733333,Very Low,68.8,16.63447,100,1747038600,Very Low,14.006157,18.37274,Very Low,19.14406,56.7,22.884058,100,1747038600,19.666666
2025-05-12T08:39:10Z,0,29.875,72.2,59,64.9,9,9,236,74,0.0,255,32767,0.0,2127-15-31,0.0,0.16,26.24,0.0,0.0,0.0,0,4.828125,6,84,05:49,20:11,2025-05-12 08:39:10.206594,Città della Scienza,65.3,18.070398,11.403694,17.507696,13.487229,EU EEA Common AQI,68.9,16.859037,10.315457,7200,16.536232,100,100,60.3,15.733333,Very Low,68.8,16.63447,100,1747038600,Very Low,14.006157,18.37274,Very Low,19.14406,56.7,22.884058,100,1747038600,19.666666
2025-05-12T08:39:21Z,0,29.875,72.2,59,64.9,9,9,242,74,0.0,255,32767,0.0,2127-15-31,0.0,0.16,26.24,0.0,0.0,0.0,0,4.828125,6,84,05:49,20:11,2025-05-12 08:39:21.277589,Città della Scienza,65.3,18.070398,11.403694,17.507696,13.487229,EU EEA Common AQI,68.9,16.859037,10.315457,7200,16.536232,100,100,60.3,15.733333,Very Low,68.8,16.63447,100,1747038600,Very Low,14.006157,18.37274,Very Low,19.14406,56.7,22.884058,100,1747038600,19.666666
2025-05-12T08:39:32Z,0,29.875,72.3,59,64.9,10,9,248,74,0.0,255,32767,0.0,2127-15-31,0.0,0.16,26.24,0.0,0.0,0.0,0,4.828125,6,84,05:49,20:11,2025-05-12 08:39:32.501590,Città della Scienza,65.3,18.070398,11.403694,17.507696,13.487229,EU EEA Common AQI,68.9,16.859037,10.315457,7200,16.536232,100,100,60.3,15.733333,Very Low,68.8,16.63447,100,1747038600,Very Low,14.006157,18.37274,Very Low,19.14406,56.7,22.884058,100,1747038600,19.666666
2025-05-12T08:39:43Z,0,29.877,72.3,59,64.8,10,9,250,74,0.0,255,32767,0.0,2127-15-31,0.0,0.16,26.24,0.0,0.0,0.0,0,4.828125,6,84,05:49,20:11,2025-05-12 08:39:43.569587,Città della Scienza,65.3,18.070398,11.403694,17.507696,13.487229,EU EEA Common AQI,68.9,16.859037,10.315457,7200,16.536232,100,100,60.3,15.733333,Very Low,68.8,16.63447,100,1747038600,Very Low,14.006157,18.37274,Very Low,19.14406,56.7,22.884058,100,1747038600,19.666666
2025-05-12T08:39:54Z,0,29.877,72.3,59,64.9,9,9,249,74,0.0,255,32767,0.0,2127-15-31,0.0,0.16,26.24,0.0,0.0,0.0,0,4.828125,6,84,05:49,20:11,2025-05-12 08:39:54.659598,Città della Scienza,65.3,18.070398,11.403694,17.507696,13.487229,EU EEA Common AQI,68.9,16.859037,10.315457,7200,16.536232,100,100,60.3,15.733333,Very Low,68.8,16.63447,100,1747038600,Very Low,14.006157,18.37274,Very Low,19.14406,56.7,22.884058,100,1747038600,19.666666
2025-05-12T08:40:05Z,0,29.877,72.3,59,64.9,10,9,236,74,0.0,255,32767,0.0,2127-15-31,0.0,0.16,26.24,0.0,0.0,0.0,0,4.828125,6,84,05:49,20:11,2025-05-12 08:40:05.712586,Città della Scienza,65.3,18.070398,11.403694,17.507696,13.487229,EU EEA Common AQI,68.9,16.859037,10.315457,7200,16.536232,100,100,60.3,15.733333,Very Low,68.8,16.63447,100,1747038600,Very Low,14.006157,18.37274,Very Low,19.14406,56.7,22.884058,100,1747038600,19.666666
2025-05-12T08:40:16Z,0,29.877,72.3,59,64.9,10,9,244,74,0.0,255,32767,0.0,2127-15-31,0.0,0.16,26.24,0.0,0.0,0.0,0,4.828125,6,84,05:49,20:11,2025-05-12 08:40:16.791616,Città della Scienza,65.3,18.070398,11.403694,17.507696,13.487229,EU EEA Common AQI,68.9,16.859037,10.315457,7200,16.536232,100,100,60.3,15.733333,Very Low,68.8,16.63447,100,1747038600,Very Low,14.006157,18.37274,Very Low,19.14406,56.7,22.884058,100,1747038600,19.666666
2025-05-12T08:40:28Z,0,29.877,72.3,59,64.8,9,9,244,74,0.0,255,32767,0.0,2127-15-31,0.0,0.16,26.24,0.0,0.0,0.0,0,4.828125,6,84,05:49,20:11,2025-05-12 08:40:27.861584,Città della Scienza,65.3,18.070398,11.403694,17.507696,13.487229,EU EEA Common AQI,68.9,16.859037,10.315457,7200,16.536232,100,100,60.3,15.733333,Very Low,68.8,16.63447,100,1747038600,Very Low,14.006157,18.37274,Very Low,19.14406,56.7,22.884058,100,1747038600,19.666666
2025-05-12T08:40:39Z,0,29.878,72.3,59,64.8,10,9,247,73,0.0,255,32767,0.0,2127-15-31,0.0,0.16,26.24,0.0,0.0,0.0,0,4.828125,6,84,05:49,20:11,2025-05-12 08:40:38.897593,Città della Scienza,65.3,18.070398,11.403694,17.507696,13.487229,EU EEA Common AQI,68.9,16.859037,10.315457,7200,16.536232,100,100,60.3,15.733333,Very Low,68.8,16.63447,100,1747038600,Very Low,14.006157,18.37274,Very Low,19.14406,56.7,22.884058,100,1747038600,19.666666
2025-05-12T08:40:50Z,0,29.878,72.3,59,64.8,9,9,241,73,0.0,255,32767,0.0,2127-15-31,0.0,0.16,26.24,0.0,0.0,0.0,0,4.828125,6,84,05:49,20:11,2025-05-12 08:40:49.965555,Città della Scienza,65.3,18.070398,11.403694,17.507696,13.487229,EU EEA Common AQI,68.9,16.859037,10.315457,7200,16.536232,100,100,60.3,15.733333,Very Low,68.8,16.63447,100,1747038600,Very Low,14.006157,18.37274,Very Low,19.14406,56.7,22.884058,100,1747038600,19.666666
2025-05-12T08:41:01Z,0,29.878,72.3,59,64.8,9,9,234,73,0.0,255,32767,0.0,2127-15-31,0.0,0.16,26.24,0.0,0.0,0.0,0,4.828125,6,84,05:49,20:11,2025-05-12 08:41:01.087597,Città della Scienza,65.3,18.070398,11.403694,17.507696,13.487229,EU EEA Common AQI,68.9,16.859037,10.315457,7200,16.536232,100,100,60.3,15.733333,Very Low,68.8,16.63447,100,1747038600,Very Low,14.006157,18.37274,Very Low,19.14406,56.7,22.884058,100,1747038600,19.666666
2025-05-12T08:41:12Z,0,29.878,72.3,59,64.8,8,9,233,73,0.0,255,32767,0.0,2127-15-31,0.0,0.16,26.24,0.0,0.0,0.0,0,4.828125,6,84,05:49,20:11,2025-05-12 08:41:12.182595,Città della Scienza,65.3,18.070398,11.403694,17.507696,13.487229,EU EEA Common AQI,68.9,16.859037,10.315457,7200,16.536232,100,100,60.3,15.733333,Very Low,68.8,16.63447,100,1747038600,Very Low,14.006157,18.37274,Very Low,19.14406,56.7,22.884058,100,1747038600,19.666666
2025-05-12T08:41:23Z,0,29.878,72.3,59,64.9,9,9,230,73,0.0,255,32767,0.0,2127-15-31,0.0,0.16,26.24,0.0,0.0,0.0,0,4.828125,6,84,05:49,20:11,2025-05-12 08:41:23.266594,Città della Scienza,65.3,18.070398,11.403694,17.507696,13.487229,EU EEA Common AQI,68.9,16.859037,10.315457,7200,16.536232,100,100,60.3,15.733333,Very Low,68.8,16.63447,100,1747038600,Very Low,14.006157,18.37274,Very Low,19.14406,56.7,22.884058,100,1747038600,19.666666
2025-05-12T08:41:34Z,0,29.878,72.2,59,64.9,9,9,234,73,0.0,255,32767,0.0,2127-15-31,0.0,0.16,26.24,0.0,0.0,0.0,0,4.828125,6,84,05:49,20:11,2025-05-12 08:41:34.396587,Città della Scienza,65.3,18.070398,11.403694,17.507696,13.487229,EU EEA Common AQI,68.9,16.859037,10.315457,7200,16.536232,100,100,60.3,15.733333,Very Low,68.8,16.63447,100,1747038600,Very Low,14.006157,18.37274,Very Low,19.14406,56.7,22.884058,100,1747038600,19.666666
2025-05-12T08:41:45Z,0,29.878,72.2,59,64.9,10,9,243,73,0.0,255,32767,0.0,2127-15-31,0.0,0.16,26.24,0.0,0.0,0.0,0,4.828125,6,84,05:49,20:11,2025-05-12 08:41:45.442593,Città della Scienza,65.3,18.070398,11.403694,17.507696,13.487229,EU EEA Common AQI,68.9,16.859037,10.315457,7200,16.536232,100,100,60.3,15.733333,Very Low,68.8,16.63447,100,1747038600,Very Low,14.006157,18.37274,Very Low,19.14406,56.7,22.884058,100,1747038600,19.666666
2025-05-12T08:41:56Z,0,29.878,72.2,59,64.9,10,9,243,73,0.0,255,32767,0.0,2127-15-31,0.0,0.16,26.24,0.0,0.0,0.0,0,4.828125,6,84,05:49,20:11,2025-05-12 08:41:56.536592,Città della Scienza,65.3,18.070398,11.403694,17.507696,13.487229,EU EEA Common AQI,68.9,16.859037,10.315457,7200,16.536232,100,100,60.3,15.733333,Very Low,68.8,16.63447,100,1747038600,Very Low,14.006157,18.37274,Very Low,19.14406,56.7,22.884058,100,1747038600,19.666666
2025-05-12T08:42:07Z,0,29.878,72.2,59,64.9,10,9,246,73,0.0,255,32767,0.0,2127-15-31,0.0,0.16,26.24,0.0,0.0,0.0,0,4.828125,6,84,05:49,20:11,2025-05-12 08:42:07.611598,Città della Scienza,65.3,18.070398,11.403694,17.507696,13.487229,EU EEA Common AQI,68.9,16.859037,10.315457,7200,16.536232,100,100,60.3,15.733333,Very Low,68.8,16.63447,100,1747038600,Very Low,14.006157,18.37274,Very Low,19.14406,56.7,22.884058,100,1747038600,19.666666
2025-05-12T08:42:18Z,0,29.878,72.2,59,64.9,9,9,247,74,0.0,255,32767,0.0,2127-15-31,0.0,0.16,26.24,0.0,0.0,0.0,0,4.828125,6,84,05:49,20:11,2025-05-12 08:42:18.710597,Città della Scienza,65.3,18.070398,11.403694,17.507696,13.487229,EU EEA Common AQI,68.9,16.859037,10.315457,7200,16.536232,100,100,60.3,15.733333,Very Low,68.8,16.63447,100,1747038600,Very Low,14.006157,18.37274,Very Low,19.14406,56.7,22.884058,100,1747038600,19.666666
2025-05-12T08:42:29Z,0,29.878,72.2,59,64.9,10,9,242,74,0.0,255,32767,0.0,2127-15-31,0.0,0.16,26.24,0.0,0.0,0.0,0,4.828125,6,84,05:49,20:11,2025-05-12 08:42:29.758594,Città della Scienza,65.3,18.070398,11.403694,17.507696,13.487229,EU EEA Common AQI,68.9,16.859037,10.315457,7200,16.536232,100,100,60.3,15.733333,Very Low,68.8,16.63447,100,1747038600,Very Low,14.006157,18.37274,Very Low,19.14406,56.7,22.884058,100,1747038600,19.666666
2025-05-12T08:42:41Z,0,29.878,72.2,59,64.9,7,9,245,74,0.0,255,32767,0.0,2127-15-31,0.0,0.16,26.24,0.0,0.0,0.0,0,4.828125,6,84,05:49,20:11,2025-05-12 08:42:40.836586,Città della Scienza,65.3,18.070398,11.403694,17.507696,13.487229,EU EEA Common AQI,68.9,16.859037,10.315457,7200,16.536232,100,100,60.3,15.733333,Very Low,68.8,16.63447,100,1747038600,Very Low,14.006157,18.37274,Very Low,19.14406,56.7,22.884058,100,1747038600,19.666666
2025-05-12T08:42:52Z,0,29.878,72.2,59,64.9,10,9,234,74,0.0,255,32767,0.0,2127-15-31,0.0,0.16,26.24,0.0,0.0,0.0,0,4.828125,6,84,05:49,20:11,2025-05-12 08:42:51.921562,Città della Scienza,65.3,18.070398,11.403694,17.507696,13.487229,EU EEA Common AQI,68.9,16.859037,10.315457,7200,16.536232,100,100,60.3,15.733333,Very Low,68.8,16.63447,100,1747038600,Very Low,14.006157,18.37274,Very Low,19.14406,56.7,22.884058,100,1747038600,19.666666
2025-05-12T08:43:03Z,0,29.878,72.2,59,64.9,10,9,235,74,0.0,255,32767,0.0,2127-15-31,0.0,0.16,26.24,0.0,0.0,0.0,0,4.828125,6,84,05:49,20:11,2025-05-12 08:43:02.995587,Città della Scienza,65.3,18.070398,11.403694,17.507696,13.487229,EU EEA Common AQI,68.9,16.859037,10.315457,7200,16.536232,100,100,60.3,15.733333,Very Low,68.8,16.63447,100,1747038600,Very Low,14.006157,18.37274,Very Low,19.14406,56.7,22.884058,100,1747038600,19.666666
2025-05-12T08:43:14Z,0,29.878,72.2,59,64.9,10,9,267,74,0.0,255,32767,0.0,2127-15-31,0.0,0.16,26.24,0.0,0.0,0.0,0,4.828125,6,84,05:49,20:11,2025-05-12 08:43:14.087608,Città della Scienza,65.3,18.070398,11.403694,17.507696,13.487229,EU EEA Common AQI,68.9,16.859037,10.315457,7200,16.536232,100,100,60.3,15.733333,Very Low,68.8,16.63447,100,1747038600,Very Low,14.006157,18.37274,Very Low,19.14406,56.7,22.884058,100,1747038600,19.666666
2025-05-12T08:43:25Z,0,29.878,72.2,59,64.9,9,9,244,74,0.0,255,32767,0.0,2127-15-31,0.0,0.16,26.24,0.0,0.0,0.0,0,4.828125,6,84,05:49,20:11,2025-05-12 08:43:25.212592,Città della Scienza,65.3,18.070398,11.403694,17.507696,13.487229,EU EEA Common AQI,68.9,16.859037,10.315457,7200,16.536232,100,100,60.3,15.733333,Very Low,68.8,16.63447,100,1747038600,Very Low,14.006157,18.37274,Very Low,19.14406,56.7,22.884058,100,1747038600,19.666666
2025-05-12T08:43:36Z,0,29.877,72.3,59,64.9,6,9,267,74,0.0,255,32767,0.0,2127-15-31,0.0,0.16,26.24,0.0,0.0,0.0,0,4.828125,6,84,05:49,20:11,2025-05-12 08:43:36.289594,Città della Scienza,65.3,18.070398,11.403694,17.507696,13.487229,EU EEA Common AQI,68.9,16.859037,10.315457,7200,16.536232,100,100,60.3,15.733333,Very Low,68.8,16.63447,100,1747038600,Very Low,14.006157,18.37274,Very Low,19.14406,56.7,22.884058,100,1747038600,19.666666
2025-05-12T08:43:47Z,0,29.877,72.3,59,64.9,9,9,241,74,0.0,255,32767,0.0,2127-15-31,0.0,0.16,26.24,0.0,0.0,0.0,0,4.828125,6,84,05:49,20:11,2025-05-12 08:43:47.369599,Città della Scienza,65.3,18.070398,11.403694,17.507696,13.487229,EU EEA Common AQI,68.9,16.859037,10.315457,7200,16.536232,100,100,60.3,15.733333,Very Low,68.8,16.63447,100,1747038600,Very Low,14.006157,18.37274,Very Low,19.14406,56.7,22.884058,100,1747038600,19.666666
2025-05-12T08:43:58Z,0,29.877,72.3,59,64.9,8,9,246,74,0.0,255,32767,0.0,2127-15-31,0.0,0.16,26.24,0.0,0.0,0.0,0,4.828125,6,84,05:49,20:11,2025-05-12 08:43:58.422583,Città della Scienza,65.3,18.070398,11.403694,17.507696,13.487229,EU EEA Common AQI,68.9,16.859037,10.315457,7200,16.536232,100,100,60.3,15.733333,Very Low,68.8,16.63447,100,1747038600,Very Low,14.006157,18.37274,Very Low,19.14406,56.7,22.884058,100,1747038600,19.666666
2025-05-12T08:44:09Z,0,29.877,72.3,59,64.9,10,9,231,74,0.0,255,32767,0.0,2127-15-31,0.0,0.16,26.24,0.0,0.0,0.0,0,4.828125,6,84,05:49,20:11,2025-05-12 08:44:09.495594,Città della Scienza,65.3,18.070398,11.403694,17.507696,13.487229,EU EEA Common AQI,68.9,16.859037,10.315457,7200,16.536232,100,100,60.3,15.733333,Very Low,68.8,16.63447,100,1747038600,Very Low,14.006157,18.37274,Very Low,19.14406,56.7,22.884058,100,1747038600,19.666666
2025-05-12T08:44:20Z,0,29.877,72.3,59,64.9,10,9,249,74,0.0,255,32767,0.0,2127-15-31,0.0,0.16,26.24,0.0,0.0,0.0,0,4.828125,6,84,05:49,20:11,2025-05-12 08:44:20.600591,Città della Scienza,65.3,18.070398,11.403694,17.507696,13.487229,EU EEA Common AQI,68.9,16.859037,10.315457,7200,16.536232,100,100,60.3,15.733333,Very Low,68.8,16.63447,100,1747038600,Very Low,14.006157,18.37274,Very Low,19.14406,56.7,22.884058,100,1747038600,19.666666
2025-05-12T08:44:31Z,0,29.877,72.3,59,64.9,10,9,242,74,0.0,255,32767,0.0,2127-15-31,0.0,0.16,26.24,0.0,0.0,0.0,0,4.828125,6,84,05:49,20:11,2025-05-12 08:44:31.723656,Città della Scienza,65.3,18.070398,11.403694,17.507696,13.487229,EU EEA Common AQI,68.9,16.859037,10.315457,7200,16.536232,100,100,60.3,15.733333,Very Low,68.8,16.63447,100,1747038600,Very Low,14.006157,18.37274,Very Low,19.14406,56.7,22.884058,100,1747038600,19.666666
2025-05-12T08:44:43Z,0,29.877,72.3,59,64.9,10,9,237,74,0.0,255,32767,0.0,2127-15-31,0.0,0.16,26.24,0.0,0.0,0.0,0,4.828125,6,84,05:49,20:11,2025-05-12 08:44:42.817594,Città della Scienza,65.3,18.070398,11.403694,17.507696,13.487229,EU EEA Common AQI,68.9,16.859037,10.315457,7200,16.536232,100,100,60.3,15.733333,Very Low,68.8,16.63447,100,1747038600,Very Low,14.006157,18.37274,Very Low,19.14406,56.7,22.884058,100,1747038600,19.666666
2025-05-12T08:44:54Z,0,29.877,72.3,59,64.8,8,9,232,73,0.0,255,32767,0.0,2127-15-31,0.0,0.16,26.24,0.0,0.0,0.0,0,4.828125,6,84,05:49,20:11,2025-05-12 08:44:53.909600,Città della Scienza,65.3,18.070398,11.403694,17.507696,13.487229,EU EEA Common AQI,68.9,16.859037,10.315457,7200,16.536232,100,100,60.3,15.733333,Very Low,68.8,16.63447,100,1747038600,Very Low,14.006157,18.37274,Very Low,19.14406,56.7,22.884058,100,1747038600,19.666666
2025-05-12T08:45:05Z,0,29.877,72.3,59,64.9,8,9,240,73,0.0,255,32767,0.0,2127-15-31,0.0,0.16,26.24,0.0,0.0,0.0,0,4.828125,6,84,05:49,20:11,2025-05-12 08:45:04.977596,Città della Scienza,65.3,18.070398,11.403694,17.507696,13.487229,EU EEA Common AQI,68.9,16.859037,10.315457,7200,16.536232,100,100,60.3,15.733333,Very Low,68.8,16.63447,100,1747038600,Very Low,14.006157,18.37274,Very Low,19.14406,56.7,22.884058,100,1747038600,19.666666
2025-05-12T08:45:16Z,0,29.877,72.3,59,64.9,11,9,240,73,0.0,255,32767,0.0,2127-15-31,0.0,0.16,26.24,0.0,0.0,0.0,0,4.828125,6,84,05:49,20:11,2025-05-12 08:45:16.014595,Città della Scienza,65.3,18.070398,11.403694,17.507696,13.487229,EU EEA Common AQI,68.9,16.859037,10.315457,7200,16.536232,100,100,60.3,15.733333,Very Low,68.8,16.63447,100,1747038600,Very Low,14.006157,18.37274,Very Low,19.14406,56.7,22.884058,100,1747038600,19.666666
2025-05-12T08:45:27Z,0,29.877,72.3,59,64.9,11,9,248,73,0.0,255,32767,0.0,2127-15-31,0.0,0.16,26.24,0.0,0.0,0.0,0,4.828125,6,84,05:49,20:11,2025-05-12 08:45:27.097597,Città della Scienza,63.9,17.4996,11.322165,17.221687,13.343674,EU EEA Common AQI,68.5,16.679594,10.23907,7200,10.695652,100,100,59.8,10.017391,Very Low,68.6,16.093515,100,1747039500,Very Low,13.777349,18.165476,Very Low,18.778313,55.9,14.478261,100,1747039500,12.521739
2025-05-12T08:45:38Z,0,29.878,72.3,59,64.9,8,9,242,73,0.0,255,32767,0.0,2127-15-31,0.0,0.16,26.24,0.0,0.0,0.0,0,4.828125,6,84,05:49,20:11,2025-05-12 08:45:38.212556,Città della Scienza,63.9,17.4996,11.322165,17.221687,13.343674,EU EEA Common AQI,68.5,16.679594,10.23907,7200,10.695652,100,100,59.8,10.017391,Very Low,68.6,16.093515,100,1747039500,Very Low,13.777349,18.165476,Very Low,18.778313,55.9,14.478261,100,1747039500,12.521739
2025-05-12T08:45:49Z,0,29.878,72.3,59,64.9,10,9,232,73,0.0,255,32767,0.0,2127-15-31,0.0,0.16,26.24,0.0,0.0,0.0,0,4.828125,6,84,05:49,20:11,2025-05-12 08:45:49.350595,Città della Scienza,63.9,17.4996,11.322165,17.221687,13.343674,EU EEA Common AQI,68.5,16.679594,10.23907,7200,10.695652,100,100,59.8,10.017391,Very Low,68.6,16.093515,100,1747039500,Very Low,13.777349,18.165476,Very Low,18.778313,55.9,14.478261,100,1747039500,12.521739
2025-05-12T08:46:00Z,0,29.878,72.3,59,64.9,9,9,239,73,0.0,255,32767,0.0,2127-15-31,0.0,0.16,26.24,0.0,0.0,0.0,0,4.828125,6,84,05:49,20:11,2025-05-12 08:46:00.440593,Città della Scienza,63.9,17.4996,11.322165,17.221687,13.343674,EU EEA Common AQI,68.5,16.679594,10.23907,7200,10.695652,100,100,59.8,10.017391,Very Low,68.6,16.093515,100,1747039500,Very Low,13.777349,18.165476,Very Low,18.778313,55.9,14.478261,100,1747039500,12.521739
2025-05-12T08:46:11Z,0,29.878,72.3,59,64.9,9,9,242,73,0.0,255,32767,0.0,2127-15-31,0.0,0.16,26.24,0.0,0.0,0.0,0,4.828125,6,84,05:49,20:11,2025-05-12 08:46:11.519590,Città della Scienza,63.9,17.4996,11.322165,17.221687,13.343674,EU EEA Common AQI,68.5,16.679594,10.23907,7200,10.695652,100,100,59.8,10.017391,Very Low,68.6,16.093515,100,1747039500,Very Low,13.777349,18.165476,Very Low,18.778313,55.9,14.478261,100,1747039500,12.521739
2025-05-12T08:46:22Z,0,29.878,72.3,59,64.9,10,9,234,73,0.0,255,32767,0.0,2127-15-31,0.0,0.16,26.24,0.0,0.0,0.0,0,4.828125,6,84,05:49,20:11,2025-05-12 08:46:22.571686,Città della Scienza,63.9,17.4996,11.322165,17.221687,13.343674,EU EEA Common AQI,68.5,16.679594,10.23907,7200,10.695652,100,100,59.8,10.017391,Very Low,68.6,16.093515,100,1747039500,Very Low,13.777349,18.165476,Very Low,18.778313,55.9,14.478261,100,1747039500,12.521739
2025-05-12T08:46:33Z,0,29.877,72.3,59,64.9,9,9,234,73,0.0,255,32767,0.0,2127-15-31,0.0,0.16,26.24,0.0,0.0,0.0,0,4.828125,6,84,05:49,20:11,2025-05-12 08:46:33.686596,Città della Scienza,63.9,17.4996,11.322165,17.221687,13.343674,EU EEA Common AQI,68.5,16.679594,10.23907,7200,10.695652,100,100,59.8,10.017391,Very Low,68.6,16.093515,100,1747039500,Very Low,13.777349,18.165476,Very Low,18.778313,55.9,14.478261,100,1747039500,12.521739
2025-05-12T08:46:44Z,0,29.877,72.3,59,64.9,8,9,265,73,0.0,255,32767,0.0,2127-15-31,0.0,0.16,26.24,0.0,0.0,0.0,0,4.828125,6,84,05:49,20:11,2025-05-12 08:46:44.797589,Città della Scienza,63.9,17.4996,11.322165,17.221687,13.343674,EU EEA Common AQI,68.5,16.679594,10.23907,7200,10.695652,100,100,59.8,10.017391,Very Low,68.6,16.093515,100,1747039500,Very Low,13.777349,18.165476,Very Low,18.778313,55.9,14.478261,100,1747039500,12.521739
2025-05-12T08:46:56Z,0,29.877,72.3,59,64.9,10,9,238,73,0.0,255,32767,0.0,2127-15-31,0.0,0.16,26.24,0.0,0.0,0.0,0,4.828125,6,84,05:49,20:11,2025-05-12 08:46:55.935561,Città della Scienza,63.9,17.4996,11.322165,17.221687,13.343674,EU EEA Common AQI,68.5,16.679594,10.23907,7200,10.695652,100,100,59.8,10.017391,Very Low,68.6,16.093515,100,1747039500,Very Low,13.777349,18.165476,Very Low,18.778313,55.9,14.478261,100,1747039500,12.521739
2025-05-12T08:47:07Z,0,29.877,72.3,59,64.9,9,9,242,73,0.0,255,32767,0.0,2127-15-31,0.0,0.16,26.24,0.0,0.0,0.0,0,4.828125,6,84,05:49,20:11,2025-05-12 08:47:07.049586,Città della Scienza,63.9,17.4996,11.322165,17.221687,13.343674,EU EEA Common AQI,68.5,16.679594,10.23907,7200,10.695652,100,100,59.8,10.017391,Very Low,68.6,16.093515,100,1747039500,Very Low,13.777349,18.165476,Very Low,18.778313,55.9,14.478261,100,1747039500,12.521739
2025-05-12T08:47:18Z,0,29.877,72.3,59,64.9,8,9,242,73,0.0,255,32767,0.0,2127-15-31,0.0,0.16,26.24,0.0,0.0,0.0,0,4.828125,6,84,05:49,20:11,2025-05-12 08:47:18.113600,Città della Scienza,63.9,17.4996,11.322165,17.221687,13.343674,EU EEA Common AQI,68.5,16.679594,10.23907,7200,10.695652,100,100,59.8,10.017391,Very Low,68.6,16.093515,100,1747039500,Very Low,13.777349,18.165476,Very Low,18.778313,55.9,14.478261,100,1747039500,12.521739
2025-05-12T08:47:29Z,0,29.877,72.3,59,64.9,8,9,211,73,0.0,255,32767,0.0,2127-15-31,0.0,0.16,26.24,0.0,0.0,0.0,0,4.828125,6,84,05:49,20:11,2025-05-12 08:47:29.163575,Città della Scienza,63.9,17.4996,11.322165,17.221687,13.343674,EU EEA Common AQI,68.5,16.679594,10.23907,7200,10.695652,100,100,59.8,10.017391,Very Low,68.6,16.093515,100,1747039500,Very Low,13.777349,18.165476,Very Low,18.778313,55.9,14.478261,100,1747039500,12.521739
2025-05-12T08:47:40Z,0,29.877,72.3,59,65.0,10,9,242,73,0.0,255,32767,0.0,2127-15-31,0.0,0.16,26.24,0.0,0.0,0.0,0,4.828125,6,84,05:49,20:11,2025-05-12 08:47:40.246588,Città della Scienza,63.9,17.4996,11.322165,17.221687,13.343674,EU EEA Common AQI,68.5,16.679594,10.23907,7200,10.695652,100,100,59.8,10.017391,Very Low,68.6,16.093515,100,1747039500,Very Low,13.777349,18.165476,Very Low,18.778313,55.9,14.478261,100,1747039500,12.521739
2025-05-12T08:47:51Z,0,29.877,72.3,59,64.9,8,9,248,73,0.0,255,32767,0.0,2127-15-31,0.0,0.16,26.24,0.0,0.0,0.0,0,4.828125,6,84,05:49,20:11,2025-05-12 08:47:51.334593,Città della Scienza,63.9,17.4996,11.322165,17.221687,13.343674,EU EEA Common AQI,68.5,16.679594,10.23907,7200,10.695652,100,100,59.8,10.017391,Very Low,68.6,16.093515,100,1747039500,Very Low,13.777349,18.165476,Very Low,18.778313,55.9,14.478261,100,1747039500,12.521739
2025-05-12T08:48:02Z,0,29.877,72.3,59,64.9,10,9,238,73,0.0,255,32767,0.0,2127-15-31,0.0,0.16,26.24,0.0,0.0,0.0,0,4.828125,6,84,05:49,20:11,2025-05-12 08:48:02.427595,Città della Scienza,63.9,17.4996,11.322165,17.221687,13.343674,EU EEA Common AQI,68.5,16.679594,10.23907,7200,10.695652,100,100,59.8,10.017391,Very Low,68.6,16.093515,100,1747039500,Very Low,13.777349,18.165476,Very Low,18.778313,55.9,14.478261,100,1747039500,12.521739
2025-05-12T08:48:13Z,0,29.877,72.3,59,64.9,8,9,229,73,0.0,255,32767,0.0,2127-15-31,0.0,0.16,26.24,0.0,0.0,0.0,0,4.828125,6,84,05:49,20:11,2025-05-12 08:48:13.478588,Città della Scienza,63.9,17.4996,11.322165,17.221687,13.343674,EU EEA Common AQI,68.5,16.679594,10.23907,7200,10.695652,100,100,59.8,10.017391,Very Low,68.6,16.093515,100,1747039500,Very Low,13.777349,18.165476,Very Low,18.778313,55.9,14.478261,100,1747039500,12.521739
2025-05-12T08:48:24Z,0,29.877,72.3,59,64.9,11,9,241,73,0.0,255,32767,0.0,2127-15-31,0.0,0.16,26.24,0.0,0.0,0.0,0,4.828125,6,84,05:49,20:11,2025-05-12 08:48:24.538596,Città della Scienza,63.9,17.4996,11.322165,17.221687,13.343674,EU EEA Common AQI,68.5,16.679594,10.23907,7200,10.695652,100,100,59.8,10.017391,Very Low,68.6,16.093515,100,1747039500,Very Low,13.777349,18.165476,Very Low,18.778313,55.9,14.478261,100,1747039500,12.521739
2025-05-12T08:48:35Z,0,29.878,72.3,59,64.9,11,9,239,73,0.0,255,32767,0.0,2127-15-31,0.0,0.16,26.24,0.0,0.0,0.0,0,4.828125,6,84,05:49,20:11,2025-05-12 08:48:35.609598,Città della Scienza,63.9,17.4996,11.322165,17.221687,13.343674,EU EEA Common AQI,68.5,16.679594,10.23907,7200,10.695652,100,100,59.8,10.017391,Very Low,68.6,16.093515,100,1747039500,Very Low,13.777349,18.165476,Very Low,18.778313,55.9,14.478261,100,1747039500,12.521739
2025-05-12T08:48:46Z,0,29.878,72.3,59,65.0,11,9,246,73,0.0,255,32767,0.0,2127-15-31,0.0,0.16,26.24,0.0,0.0,0.0,0,4.828125,6,84,05:49,20:11,2025-05-12 08:48:46.692563,Città della Scienza,63.9,17.4996,11.322165,17.221687,13.343674,EU EEA Common AQI,68.5,16.679594,10.23907,7200,10.695652,100,100,59.8,10.017391,Very Low,68.6,16.093515,100,1747039500,Very Low,13.777349,18.165476,Very Low,18.778313,55.9,14.478261,100,1747039500,12.521739
2025-05-12T08:48:57Z,0,29.878,72.3,59,64.9,11,9,238,73,0.0,255,32767,0.0,2127-15-31,0.0,0.16,26.24,0.0,0.0,0.0,0,4.828125,6,84,05:49,20:11,2025-05-12 08:48:57.793603,Città della Scienza,63.9,17.4996,11.322165,17.221687,13.343674,EU EEA Common AQI,68.5,16.679594,10.23907,7200,10.695652,100,100,59.8,10.017391,Very Low,68.6,16.093515,100,1747039500,Very Low,13.777349,18.165476,Very Low,18.778313,55.9,14.478261,100,1747039500,12.521739
2025-05-12T08:49:09Z,0,29.878,72.3,59,64.9,10,9,248,73,0.0,255,32767,0.0,2127-15-31,0.0,0.16,26.24,0.0,0.0,0.0,0,4.828125,6,84,05:49,20:11,2025-05-12 08:49:08.886605,Città della Scienza,63.9,17.4996,11.322165,17.221687,13.343674,EU EEA Common AQI,68.5,16.679594,10.23907,7200,10.695652,100,100,59.8,10.017391,Very Low,68.6,16.093515,100,1747039500,Very Low,13.777349,18.165476,Very Low,18.778313,55.9,14.478261,100,1747039500,12.521739
2025-05-12T08:49:20Z,0,29.878,72.3,59,65.0,9,9,243,73,0.0,255,32767,0.0,2127-15-31,0.0,0.16,26.24,0.0,0.0,0.0,0,4.828125,6,84,05:49,20:11,2025-05-12 08:49:19.941599,Città della Scienza,63.9,17.4996,11.322165,17.221687,13.343674,EU EEA Common AQI,68.5,16.679594,10.23907,7200,10.695652,100,100,59.8,10.017391,Very Low,68.6,16.093515,100,1747039500,Very Low,13.777349,18.165476,Very Low,18.778313,55.9,14.478261,100,1747039500,12.521739
2025-05-12T08:49:31Z,0,29.878,72.3,59,65.0,11,9,234,73,0.0,255,32767,0.0,2127-15-31,0.0,0.16,26.24,0.0,0.0,0.0,0,4.828125,6,84,05:49,20:11,2025-05-12 08:49:31.047595,Città della Scienza,63.9,17.4996,11.322165,17.221687,13.343674,EU EEA Common AQI,68.5,16.679594,10.23907,7200,10.695652,100,100,59.8,10.017391,Very Low,68.6,16.093515,100,1747039500,Very Low,13.777349,18.165476,Very Low,18.778313,55.9,14.478261,100,1747039500,12.521739
2025-05-12T08:49:42Z,0,29.876,72.3,59,64.9,10,9,232,73,0.0,255,32767,0.0,2127-15-31,0.0,0.16,26.24,0.0,0.0,0.0,0,4.828125,6,84,05:49,20:11,2025-05-12 08:49:42.131598,Città della Scienza,63.9,17.4996,11.322165,17.221687,13.343674,EU EEA Common AQI,68.5,16.679594,10.23907,7200,10.695652,100,100,59.8,10.017391,Very Low,68.6,16.093515,100,1747039500,Very Low,13.777349,18.165476,Very Low,18.778313,55.9,14.478261,100,1747039500,12.521739
2025-05-12T08:49:53Z,0,29.876,72.3,59,64.9,11,9,243,73,0.0,255,32767,0.0,2127-15-31,0.0,0.16,26.24,0.0,0.0,0.0,0,4.828125,6,84,05:49,20:11,2025-05-12 08:49:53.262599,Città della Scienza,63.9,17.4996,11.322165,17.221687,13.343674,EU EEA Common AQI,68.5,16.679594,10.23907,7200,10.695652,100,100,59.8,10.017391,Very Low,68.6,16.093515,100,1747039500,Very Low,13.777349,18.165476,Very Low,18.778313,55.9,14.478261,100,1747039500,12.521739
2025-05-12T08:50:04Z,0,29.876,72.3,59,64.9,7,9,232,73,0.0,255,32767,0.0,2127-15-31,0.0,0.16,26.24,0.0,0.0,0.0,0,4.828125,6,84,05:49,20:11,2025-05-12 08:50:04.346556,Città della Scienza,63.9,17.4996,11.322165,17.221687,13.343674,EU EEA Common AQI,68.5,16.679594,10.23907,7200,10.695652,100,100,59.8,10.017391,Very Low,68.6,16.093515,100,1747039500,Very Low,13.777349,18.165476,Very Low,18.778313,55.9,14.478261,100,1747039500,12.521739
2025-05-12T08:50:15Z,0,29.876,72.3,59,64.9,10,9,231,73,0.0,255,32767,0.0,2127-15-31,0.0,0.16,26.24,0.0,0.0,0.0,0,4.828125,6,84,05:49,20:11,2025-05-12 08:50:15.398589,Città della Scienza,63.9,17.4996,11.322165,17.221687,13.343674,EU EEA Common AQI,68.5,16.679594,10.23907,7200,10.695652,100,100,59.8,10.017391,Very Low,68.6,16.093515,100,1747039500,Very Low,13.777349,18.165476,Very Low,18.778313,55.9,14.478261,100,1747039500,12.521739
2025-05-12T08:50:26Z,0,29.876,72.3,59,64.9,7,9,266,73,0.0,255,32767,0.0,2127-15-31,0.0,0.16,26.24,0.0,0.0,0.0,0,4.828125,6,84,05:49,20:11,2025-05-12 08:50:26.470592,Città della Scienza,63.9,17.4996,11.322165,17.221687,13.343674,EU EEA Common AQI,68.5,16.679594,10.23907,7200,10.695652,100,100,59.8,10.017391,Very Low,68.6,16.093515,100,1747039500,Very Low,13.777349,18.165476,Very Low,18.778313,55.9,14.478261,100,1747039500,12.521739
2025-05-12T08:50:37Z,0,29.877,72.3,59,64.9,8,9,228,73,0.0,255,32767,0.0,2127-15-31,0.0,0.16,26.24,0.0,0.0,0.0,0,4.828125,6,84,05:49,20:11,2025-05-12 08:50:37.547626,Città della Scienza,63.9,17.4996,11.322165,17.221687,13.343674,EU EEA Common AQI,68.5,16.679594,10.23907,7200,10.695652,100,100,59.8,10.017391,Very Low,68.6,16.093515,100,1747039500,Very Low,13.777349,18.165476,Very Low,18.778313,55.9,14.478261,100,1747039500,12.521739
2025-05-12T08:50:48Z,0,29.877,72.3,59,64.9,11,9,234,73,0.0,255,32767,0.0,2127-15-31,0.0,0.16,26.24,0.0,0.0,0.0,0,4.828125,6,84,05:49,20:11,2025-05-12 08:50:48.619602,Città della Scienza,63.9,17.4996,11.322165,17.221687,13.343674,EU EEA Common AQI,68.5,16.679594,10.23907,7200,10.695652,100,100,59.8,10.017391,Very Low,68.6,16.093515,100,1747039500,Very Low,13.777349,18.165476,Very Low,18.778313,55.9,14.478261,100,1747039500,12.521739
2025-05-12T08:50:59Z,0,29.877,72.3,59,64.9,11,9,237,73,0.0,255,32767,0.0,2127-15-31,0.0,0.16,26.24,0.0,0.0,0.0,0,4.828125,6,84,05:49,20:11,2025-05-12 08:50:59.680566,Città della Scienza,63.9,17.4996,11.322165,17.221687,13.343674,EU EEA Common AQI,68.5,16.679594,10.23907,7200,10.695652,100,100,59.8,10.017391,Very Low,68.6,16.093515,100,1747039500,Very Low,13.777349,18.165476,Very Low,18.778313,55.9,14.478261,100,1747039500,12.521739
2025-05-12T08:51:10Z,0,29.877,72.3,59,64.9,10,9,240,73,0.0,255,32767,0.0,2127-15-31,0.0,0.16,26.24,0.0,0.0,0.0,0,4.828125,6,84,05:49,20:11,2025-05-12 08:51:10.787568,Città della Scienza,63.9,17.4996,11.322165,17.221687,13.343674,EU EEA Common AQI,68.5,16.679594,10.23907,7200,10.695652,100,100,59.8,10.017391,Very Low,68.6,16.093515,100,1747039500,Very Low,13.777349,18.165476,Very Low,18.778313,55.9,14.478261,100,1747039500,12.521739
2025-05-12T08:51:22Z,0,29.877,72.3,59,64.9,11,9,248,73,0.0,255,32767,0.0,2127-15-31,0.0,0.16,26.24,0.0,0.0,0.0,0,4.828125,6,84,05:49,20:11,2025-05-12 08:51:21.913618,Città della Scienza,63.9,17.4996,11.322165,17.221687,13.343674,EU EEA Common AQI,68.5,16.679594,10.23907,7200,10.695652,100,100,59.8,10.017391,Very Low,68.6,16.093515,100,1747039500,Very Low,13.777349,18.165476,Very Low,18.778313,55.9,14.478261,100,1747039500,12.521739
2025-05-12T08:51:33Z,0,29.876,72.4,59,64.9,12,10,239,73,0.0,255,32767,0.0,2127-15-31,0.0,0.16,26.24,0.0,0.0,0.0,0,4.828125,6,84,05:49,20:11,2025-05-12 08:51:32.987590,Città della Scienza,63.9,17.4996,11.322165,17.221687,13.343674,EU EEA Common AQI,68.5,16.679594,10.23907,7200,10.695652,100,100,59.8,10.017391,Very Low,68.6,16.093515,100,1747039500,Very Low,13.777349,18.165476,Very Low,18.778313,55.9,14.478261,100,1747039500,12.521739
2025-05-12T08:51:44Z,0,29.876,72.4,59,64.9,11,10,236,73,0.0,255,32767,0.0,2127-15-31,0.0,0.16,26.24,0.0,0.0,0.0,0,4.828125,6,84,05:49,20:11,2025-05-12 08:51:44.073594,Città della Scienza,63.9,17.4996,11.322165,17.221687,13.343674,EU EEA Common AQI,68.5,16.679594,10.23907,7200,10.695652,100,100,59.8,10.017391,Very Low,68.6,16.093515,100,1747039500,Very Low,13.777349,18.165476,Very Low,18.778313,55.9,14.478261,100,1747039500,12.521739
2025-05-12T08:51:55Z,0,29.876,72.4,59,64.9,10,10,254,72,0.0,255,32767,0.0,2127-15-31,0.0,0.16,26.24,0.0,0.0,0.0,0,4.828125,6,84,05:49,20:11,2025-05-12 08:51:55.150618,Città della Scienza,63.9,17.4996,11.322165,17.221687,13.343674,EU EEA Common AQI,68.5,16.679594,10.23907,7200,10.695652,100,100,59.8,10.017391,Very Low,68.6,16.093515,100,1747039500,Very Low,13.777349,18.165476,Very Low,18.778313,55.9,14.478261,100,1747039500,12.521739
2025-05-12T08:52:06Z,0,29.876,72.4,59,64.9,10,10,238,72,0.0,255,32767,0.0,2127-15-31,0.0,0.16,26.24,0.0,0.0,0.0,0,4.828125,6,84,05:49,20:11,2025-05-12 08:52:06.199585,Città della Scienza,63.9,17.4996,11.322165,17.221687,13.343674,EU EEA Common AQI,68.5,16.679594,10.23907,7200,10.695652,100,100,59.8,10.017391,Very Low,68.6,16.093515,100,1747039500,Very Low,13.777349,18.165476,Very Low,18.778313,55.9,14.478261,100,1747039500,12.521739
2025-05-12T08:52:17Z,0,29.876,72.4,59,64.9,6,10,230,72,0.0,255,32767,0.0,2127-15-31,0.0,0.16,26.24,0.0,0.0,0.0,0,4.828125,6,84,05:49,20:11,2025-05-12 08:52:17.260549,Città della Scienza,63.9,17.4996,11.322165,17.221687,13.343674,EU EEA Common AQI,68.5,16.679594,10.23907,7200,10.695652,100,100,59.8,10.017391,Very Low,68.6,16.093515,100,1747039500,Very Low,13.777349,18.165476,Very Low,18.778313,55.9,14.478261,100,1747039500,12.521739
2025-05-12T08:52:28Z,0,29.876,72.4,59,64.9,8,10,240,72,0.0,255,32767,0.0,2127-15-31,0.0,0.16,26.24,0.0,0.0,0.0,0,4.828125,6,84,05:49,20:11,2025-05-12 08:52:28.364600,Città della Scienza,63.9,17.4996,11.322165,17.221687,13.343674,EU EEA Common AQI,68.5,16.679594,10.23907,7200,10.695652,100,100,59.8,10.017391,Very Low,68.6,16.093515,100,1747039500,Very Low,13.777349,18.165476,Very Low,18.778313,55.9,14.478261,100,1747039500,12.521739
2025-05-12T08:52:39Z,0,29.878,72.3,59,64.9,8,10,225,72,0.0,255,32767,0.0,2127-15-31,0.0,0.16,26.24,0.0,0.0,0.0,0,4.828125,6,84,05:49,20:11,2025-05-12 08:52:39.458596,Città della Scienza,63.9,17.4996,11.322165,17.221687,13.343674,EU EEA Common AQI,68.5,16.679594,10.23907,7200,10.695652,100,100,59.8,10.017391,Very Low,68.6,16.093515,100,1747039500,Very Low,13.777349,18.165476,Very Low,18.778313,55.9,14.478261,100,1747039500,12.521739
2025-05-12T08:52:50Z,0,29.878,72.3,59,64.9,8,10,250,73,0.0,255,32767,0.0,2127-15-31,0.0,0.16,26.24,0.0,0.0,0.0,0,4.828125,6,84,05:49,20:11,2025-05-12 08:52:50.569609,Città della Scienza,63.9,17.4996,11.322165,17.221687,13.343674,EU EEA Common AQI,68.5,16.679594,10.23907,7200,10.695652,100,100,59.8,10.017391,Very Low,68.6,16.093515,100,1747039500,Very Low,13.777349,18.165476,Very Low,18.778313,55.9,14.478261,100,1747039500,12.521739
2025-05-12T08:53:01Z,0,29.878,72.3,59,65.0,9,10,224,73,0.0,255,32767,0.0,2127-15-31,0.0,0.16,26.24,0.0,0.0,0.0,0,4.828125,6,84,05:49,20:11,2025-05-12 08:53:01.675591,Città della Scienza,63.9,17.4996,11.322165,17.221687,13.343674,EU EEA Common AQI,68.5,16.679594,10.23907,7200,10.695652,100,100,59.8,10.017391,Very Low,68.6,16.093515,100,1747039500,Very Low,13.777349,18.165476,Very Low,18.778313,55.9,14.478261,100,1747039500,12.521739
2025-05-12T08:53:12Z,0,29.878,72.3,59,65.0,10,10,244,73,0.0,255,32767,0.0,2127-15-31,0.0,0.16,26.24,0.0,0.0,0.0,0,4.828125,6,84,05:49,20:11,2025-05-12 08:53:12.756602,Città della Scienza,63.9,17.4996,11.322165,17.221687,13.343674,EU EEA Common AQI,68.5,16.679594,10.23907,7200,10.695652,100,100,59.8,10.017391,Very Low,68.6,16.093515,100,1747039500,Very Low,13.777349,18.165476,Very Low,18.778313,55.9,14.478261,100,1747039500,12.521739
2025-05-12T08:53:24Z,0,29.878,72.3,59,65.0,11,10,240,73,0.0,255,32767,0.0,2127-15-31,0.0,0.16,26.24,0.0,0.0,0.0,0,4.828125,6,84,05:49,20:11,2025-05-12 08:53:23.846611,Città della Scienza,63.9,17.4996,11.322165,17.221687,13.343674,EU EEA Common AQI,68.5,16.679594,10.23907,7200,10.695652,100,100,59.8,10.017391,Very Low,68.6,16.093515,100,1747039500,Very Low,13.777349,18.165476,Very Low,18.778313,55.9,14.478261,100,1747039500,12.521739
2025-05-12T08:53:35Z,0,29.879,72.3,59,65.0,5,10,241,73,0.0,255,32767,0.0,2127-15-31,0.0,0.16,26.24,0.0,0.0,0.0,0,4.828125,6,84,05:49,20:11,2025-05-12 08:53:34.942608,Città della Scienza,63.9,17.4996,11.322165,17.221687,13.343674,EU EEA Common AQI,68.5,16.679594,10.23907,7200,10.695652,100,100,59.8,10.017391,Very Low,68.6,16.093515,100,1747039500,Very Low,13.777349,18.165476,Very Low,18.778313,55.9,14.478261,100,1747039500,12.521739
2025-05-12T08:53:46Z,0,29.879,72.3,59,65.0,7,10,215,73,0.0,255,32767,0.0,2127-15-31,0.0,0.16,26.24,0.0,0.0,0.0,0,4.828125,6,84,05:49,20:11,2025-05-12 08:53:46.025591,Città della Scienza,63.9,17.4996,11.322165,17.221687,13.343674,EU EEA Common AQI,68.5,16.679594,10.23907,7200,10.695652,100,100,59.8,10.017391,Very Low,68.6,16.093515,100,1747039500,Very Low,13.777349,18.165476,Very Low,18.778313,55.9,14.478261,100,1747039500,12.521739
2025-05-12T08:53:57Z,0,29.879,72.3,59,65.0,9,10,265,73,0.0,255,32767,0.0,2127-15-31,0.0,0.16,26.24,0.0,0.0,0.0,0,4.828125,6,84,05:49,20:11,2025-05-12 08:53:57.104618,Città della Scienza,63.9,17.4996,11.322165,17.221687,13.343674,EU EEA Common AQI,68.5,16.679594,10.23907,7200,10.695652,100,100,59.8,10.017391,Very Low,68.6,16.093515,100,1747039500,Very Low,13.777349,18.165476,Very Low,18.778313,55.9,14.478261,100,1747039500,12.521739
2025-05-12T08:54:08Z,0,29.879,72.3,59,65.0,10,10,236,73,0.0,255,32767,0.0,2127-15-31,0.0,0.16,26.24,0.0,0.0,0.0,0,4.828125,6,84,05:49,20:11,2025-05-12 08:54:08.158567,Città della Scienza,63.9,17.4996,11.322165,17.221687,13.343674,EU EEA Common AQI,68.5,16.679594,10.23907,7200,10.695652,100,100,59.8,10.017391,Very Low,68.6,16.093515,100,1747039500,Very Low,13.777349,18.165476,Very Low,18.778313,55.9,14.478261,100,1747039500,12.521739
2025-05-12T08:54:19Z,0,29.879,72.3,59,65.0,11,10,236,73,0.0,255,32767,0.0,2127-15-31,0.0,0.16,26.24,0.0,0.0,0.0,0,4.828125,6,84,05:49,20:11,2025-05-12 08:54:19.202606,Città della Scienza,63.9,17.4996,11.322165,17.221687,13.343674,EU EEA Common AQI,68.5,16.679594,10.23907,7200,10.695652,100,100,59.8,10.017391,Very Low,68.6,16.093515,100,1747039500,Very Low,13.777349,18.165476,Very Low,18.778313,55.9,14.478261,100,1747039500,12.521739
2025-05-12T08:54:30Z,0,29.879,72.3,59,65.0,8,10,256,72,0.0,255,32767,0.0,2127-15-31,0.0,0.16,26.24,0.0,0.0,0.0,0,4.828125,6,84,05:49,20:11,2025-05-12 08:54:30.268600,Città della Scienza,63.9,17.4996,11.322165,17.221687,13.343674,EU EEA Common AQI,68.5,16.679594,10.23907,7200,10.695652,100,100,59.8,10.017391,Very Low,68.6,16.093515,100,1747039500,Very Low,13.777349,18.165476,Very Low,18.778313,55.9,14.478261,100,1747039500,12.521739
2025-05-12T08:54:41Z,0,29.875,72.3,59,65.0,9,9,228,72,0.0,255,32767,0.0,2127-15-31,0.0,0.16,26.24,0.0,0.0,0.0,0,4.828125,6,84,05:49,20:11,2025-05-12 08:54:41.419590,Città della Scienza,63.9,17.4996,11.322165,17.221687,13.343674,EU EEA Common AQI,68.5,16.679594,10.23907,7200,10.695652,100,100,59.8,10.017391,Very Low,68.6,16.093515,100,1747039500,Very Low,13.777349,18.165476,Very Low,18.778313,55.9,14.478261,100,1747039500,12.521739
2025-05-12T08:54:52Z,0,29.875,72.3,59,65.0,7,9,259,72,0.0,255,32767,0.0,2127-15-31,0.0,0.16,26.24,0.0,0.0,0.0,0,4.828125,6,84,05:49,20:11,2025-05-12 08:54:52.520594,Città della Scienza,63.9,17.4996,11.322165,17.221687,13.343674,EU EEA Common AQI,68.5,16.679594,10.23907,7200,10.695652,100,100,59.8,10.017391,Very Low,68.6,16.093515,100,1747039500,Very Low,13.777349,18.165476,Very Low,18.778313,55.9,14.478261,100,1747039500,12.521739
2025-05-12T08:55:03Z,0,29.875,72.3,59,65.0,10,9,236,72,0.0,255,32767,0.0,2127-15-31,0.0,0.16,26.24,0.0,0.0,0.0,0,4.828125,6,84,05:49,20:11,2025-05-12 08:55:03.656600,Città della Scienza,63.9,17.4996,11.322165,17.221687,13.343674,EU EEA Common AQI,68.5,16.679594,10.23907,7200,10.695652,100,100,59.8,10.017391,Very Low,68.6,16.093515,100,1747039500,Very Low,13.777349,18.165476,Very Low,18.778313,55.9,14.478261,100,1747039500,12.521739
2025-05-12T08:55:14Z,0,29.875,72.3,59,65.0,9,9,236,72,0.0,255,32767,0.0,2127-15-31,0.0,0.16,26.24,0.0,0.0,0.0,0,4.828125,6,84,05:49,20:11,2025-05-12 08:55:14.695601,Città della Scienza,63.9,17.4996,11.322165,17.221687,13.343674,EU EEA Common AQI,68.5,16.679594,10.23907,7200,10.695652,100,100,59.8,10.017391,Very Low,68.6,16.093515,100,1747039500,Very Low,13.777349,18.165476,Very Low,18.778313,55.9,14.478261,100,1747039500,12.521739
2025-05-12T08:55:25Z,0,29.875,72.3,59,65.0,8,9,225,72,0.0,255,32767,0.0,2127-15-31,0.0,0.16,26.24,0.0,0.0,0.0,0,4.828125,6,84,05:49,20:11,2025-05-12 08:55:25.744612,Città della Scienza,63.9,17.4996,11.322165,17.221687,13.343674,EU EEA Common AQI,68.5,16.679594,10.23907,7200,10.695652,100,100,59.8,10.017391,Very Low,68.6,16.093515,100,1747039500,Very Low,13.777349,18.165476,Very Low,18.778313,55.9,14.478261,100,1747039500,12.521739
2025-05-12T08:55:37Z,0,29.876,72.3,59,65.1,10,9,232,72,0.0,255,32767,0.0,2127-15-31,0.0,0.16,26.24,0.0,0.0,0.0,0,4.828125,6,84,05:49,20:11,2025-05-12 08:55:36.810596,Città della Scienza,63.9,17.4996,11.322165,17.221687,13.343674,EU EEA Common AQI,68.5,16.679594,10.23907,7200,10.695652,100,100,59.8,10.017391,Very Low,68.6,16.093515,100,1747039500,Very Low,13.777349,18.165476,Very Low,18.778313,55.9,14.478261,100,1747039500,12.521739
2025-05-12T08:55:48Z,0,29.876,72.3,59,65.0,7,9,228,72,0.0,255,32767,0.0,2127-15-31,0.0,0.16,26.24,0.0,0.0,0.0,0,4.828125,6,84,05:49,20:11,2025-05-12 08:55:47.921590,Città della Scienza
2025-05-12T08:55:59Z,0,29.876,72.3,59,65.1,7,9,236,72,0.0,255,32767,0.0,2127-15-31,0.0,0.16,26.24,0.0,0.0,0.0,0,4.828125,6,84,05:49,20:11,2025-05-12 08:55:58.995603,Città della Scienza
2025-05-12T08:56:10Z,0,29.876,72.3,59,65.1,9,9,223,72,0.0,255,32767,0.0,2127-15-31,0.0,0.16,26.24,0.0,0.0,0.0,0,4.828125,6,84,05:49,20:11,2025-05-12 08:56:10.082597,Città della Scienza
2025-05-12T08:56:21Z,0,29.876,72.3,59,65.1,9,9,223,73,0.0,255,32767,0.0,2127-15-31,0.0,0.16,26.24,0.0,0.0,0.0,0,4.828125,6,84,05:49,20:11,2025-05-12 08:56:21.160592,Città della Scienza
2025-05-12T08:56:32Z,0,29.876,72.3,59,65.2,8,9,248,73,0.0,255,32767,0.0,2127-15-31,0.0,0.16,26.24,0.0,0.0,0.0,0,4.828125,6,84,05:49,20:11,2025-05-12 08:56:32.183619,Città della Scienza
2025-05-12T08:56:43Z,0,29.878,72.4,59,65.2,10,9,240,73,0.0,255,32767,0.0,2127-15-31,0.0,0.16,26.24,0.0,0.0,0.0,0,4.828125,6,84,05:49,20:11,2025-05-12 08:56:43.267597,Città della Scienza
2025-05-12T08:56:54Z,0,29.878,72.4,59,65.2,11,9,254,73,0.0,255,32767,0.0,2127-15-31,0.0,0.16,26.24,0.0,0.0,0.0,0,4.828125,6,84,05:49,20:11,2025-05-12 08:56:54.294617,Città della Scienza
2025-05-12T08:57:05Z,0,29.878,72.4,59,65.1,8,9,227,73,0.0,255,32767,0.0,2127-15-31,0.0,0.16,26.24,0.0,0.0,0.0,0,4.828125,6,84,05:49,20:11,2025-05-12 08:57:05.354609,Città della Scienza
2025-05-12T08:57:16Z,0,29.878,72.4,59,65.2,5,9,250,73,0.0,255,32767,0.0,2127-15-31,0.0,0.16,26.24,0.0,0.0,0.0,0,4.828125,6,84,05:49,20:11,2025-05-12 08:57:16.427592,Città della Scienza
2025-05-12T08:57:27Z,0,29.878,72.4,59,65.2,10,9,246,73,0.0,255,32767,0.0,2127-15-31,0.0,0.16,26.24,0.0,0.0,0.0,0,4.828125,6,84,05:49,20:11,2025-05-12 08:57:27.495616,Città della Scienza
2025-05-12T08:57:38Z,0,29.878,72.4,59,65.2,10,9,241,73,0.0,255,32767,0.0,2127-15-31,0.0,0.16,26.24,0.0,0.0,0.0,0,4.828125,6,84,05:49,20:11,2025-05-12 08:57:38.529561,Città della Scienza
2025-05-12T08:57:49Z,0,29.878,72.4,59,65.2,12,9,236,73,0.0,255,32767,0.0,2127-15-31,0.0,0.16,26.24,0.0,0.0,0.0,0,4.828125,6,84,05:49,20:11,2025-05-12 08:57:49.630602,Città della Scienza
2025-05-12T08:58:00Z,0,29.878,72.4,59,65.2,10,9,234,72,0.0,255,32767,0.0,2127-15-31,0.0,0.16,26.24,0.0,0.0,0.0,0,4.828125,6,84,05:49,20:11,2025-05-12 08:58:00.709596,Città della Scienza
2025-05-12T08:58:12Z,0,29.878,72.4,59,65.2,7,9,253,72,0.0,255,32767,0.0,2127-15-31,0.0,0.16,26.24,0.0,0.0,0.0,0,4.828125,6,84,05:49,20:11,2025-05-12 08:58:11.840600,Città della Scienza
2025-05-12T08:58:23Z,0,29.878,72.4,59,65.1,8,9,223,72,0.0,255,32767,0.0,2127-15-31,0.0,0.16,26.24,0.0,0.0,0.0,0,4.828125,6,84,05:49,20:11,2025-05-12 08:58:22.891565,Città della Scienza
2025-05-12T08:58:34Z,0,29.878,72.4,59,65.2,7,9,255,72,0.0,255,32767,0.0,2127-15-31,0.0,0.16,26.24,0.0,0.0,0.0,0,4.828125,6,84,05:49,20:11,2025-05-12 08:58:33.951598,Città della Scienza
2025-05-12T08:58:45Z,0,29.878,72.4,59,65.2,9,9,248,72,0.0,255,32767,0.0,2127-15-31,0.0,0.16,26.24,0.0,0.0,0.0,0,4.828125,6,84,05:49,20:11,2025-05-12 08:58:45.032598,Città della Scienza
2025-05-12T08:58:56Z,0,29.878,72.4,59,65.2,9,9,234,73,0.0,255,32767,0.0,2127-15-31,0.0,0.16,26.24,0.0,0.0,0.0,0,4.828125,6,84,05:49,20:11,2025-05-12 08:58:56.107611,Città della Scienza
2025-05-12T08:59:07Z,0,29.878,72.4,59,65.2,9,9,234,73,0.0,255,32767,0.0,2127-15-31,0.0,0.16,26.24,0.0,0.0,0.0,0,4.828125,6,84,05:49,20:11,2025-05-12 08:59:07.146567,Città della Scienza
2025-05-12T08:59:18Z,0,29.878,72.4,59,65.2,9,9,236,73,0.0,255,32767,0.0,2127-15-31,0.0,0.16,26.24,0.0,0.0,0.0,0,4.828125,6,84,05:49,20:11,2025-05-12 08:59:18.230603,Città della Scienza
2025-05-12T08:59:29Z,0,29.878,72.4,59,65.2,4,9,213,73,0.0,255,32767,0.0,2127-15-31,0.0,0.16,26.24,0.0,0.0,0.0,0,4.828125,6,84,05:49,20:11,2025-05-12 08:59:29.293598,Città della Scienza
2025-05-12T08:59:40Z,0,29.878,72.4,59,65.2,7,9,261,73,0.0,255,32767,0.0,2127-15-31,0.0,0.16,26.24,0.0,0.0,0.0,0,4.828125,6,84,05:49,20:11,2025-05-12 08:59:40.336598,Città della Scienza
2025-05-12T08:59:51Z,0,29.878,72.4,59,65.2,11,9,234,73,0.0,255,32767,0.0,2127-15-31,0.0,0.16,26.24,0.0,0.0,0.0,0,4.828125,6,84,05:49,20:11,2025-05-12 08:59:51.373591,Città della Scienza
2025-05-12T09:00:02Z,0,29.878,72.4,59,65.2,6,9,234,73,0.0,255,32767,0.0,2127-15-31,0.0,0.16,26.24,0.0,0.0,0.0,0,4.828125,6,84,05:49,20:11,2025-05-12 09:00:02.451604,Città della Scienza,63.9,17.4996,11.322165,17.221687,13.343674,EU EEA Common AQI,68.5,16.679594,10.23907,7200,10.695652,100,100,59.8,10.017391,Very Low,68.6,16.093515,100,1747039500,Very Low,13.777349,18.165476,Very Low,18.778313,55.9,14.478261,100,1747039500,12.521739
2025-05-12T09:00:13Z,0,29.878,72.4,59,65.2,5,9,247,73,0.0,255,32767,0.0,2127-15-31,0.0,0.16,26.24,0.0,0.0,0.0,0,4.828125,6,84,05:49,20:11,2025-05-12 09:00:13.546600,Città della Scienza,63.9,17.4996,11.322165,17.221687,13.343674,EU EEA Common AQI,68.5,16.679594,10.23907,7200,10.695652,100,100,59.8,10.017391,Very Low,68.6,16.093515,100,1747039500,Very Low,13.777349,18.165476,Very Low,18.778313,55.9,14.478261,100,1747039500,12.521739
2025-05-12T09:00:24Z,0,29.878,72.4,59,65.2,10,9,243,73,0.0,255,32767,0.0,2127-15-31,0.0,0.16,26.24,0.0,0.0,0.0,0,4.828125,6,84,05:49,20:11,2025-05-12 09:00:24.603616,Città della Scienza,63.9,17.4996,11.322165,17.221687,13.343674,EU EEA Common AQI,68.5,16.679594,10.23907,7200,10.695652,100,100,59.8,10.017391,Very Low,68.6,16.093515,100,1747039500,Very Low,13.777349,18.165476,Very Low,18.778313,55.9,14.478261,100,1747039500,12.521739
2025-05-12T09:00:35Z,0,29.878,72.3,59,65.2,10,9,258,73,0.0,255,32767,0.0,2127-15-31,0.0,0.16,26.24,0.0,0.0,0.0,0,4.828125,6,84,05:49,20:11,2025-05-12 09:00:35.686510,Città della Scienza,65.7,17.005844,11.197608,16.506247,13.097912,EU EEA Common AQI,68.6,16.37239,10.127662,7200,12.144928,100,100,60.2,11.026087,Very Low,68.5,15.659889,100,1747040400,Very Low,13.204996,17.776299,Very Low,17.87578,56.6,16.42029,100,1747040400,13.782609
2025-05-12T09:00:46Z,0,29.878,72.3,59,65.2,11,9,242,72,0.0,255,32767,0.0,2127-15-31,0.0,0.16,26.24,0.0,0.0,0.0,0,4.828125,6,84,05:49,20:11,2025-05-12 09:00:46.740560,Città della Scienza,65.7,17.005844,11.197608,16.506247,13.097912,EU EEA Common AQI,68.6,16.37239,10.127662,7200,12.144928,100,100,60.2,11.026087,Very Low,68.5,15.659889,100,1747040400,Very Low,13.204996,17.776299,Very Low,17.87578,56.6,16.42029,100,1747040400,13.782609
2025-05-12T09:00:57Z,0,29.878,72.3,59,65.2,10,9,234,72,0.0,255,32767,0.0,2127-15-31,0.0,0.16,26.24,0.0,0.0,0.0,0,4.828125,6,84,05:49,20:11,2025-05-12 09:00:57.792617,Città della Scienza,65.7,17.005844,11.197608,16.506247,13.097912,EU EEA Common AQI,68.6,16.37239,10.127662,7200,12.144928,100,100,60.2,11.026087,Very Low,68.5,15.659889,100,1747040400,Very Low,13.204996,17.776299,Very Low,17.87578,56.6,16.42029,100,1747040400,13.782609
2025-05-12T09:01:09Z,0,29.878,72.3,59,65.2,10,9,220,72,0.0,255,32767,0.0,2127-15-31,0.0,0.16,26.24,0.0,0.0,0.0,0,4.828125,6,84,05:49,20:11,2025-05-12 09:01:08.887599,Città della Scienza,65.7,17.005844,11.197608,16.506247,13.097912,EU EEA Common AQI,68.6,16.37239,10.127662,7200,12.144928,100,100,60.2,11.026087,Very Low,68.5,15.659889,100,1747040400,Very Low,13.204996,17.776299,Very Low,17.87578,56.6,16.42029,100,1747040400,13.782609
2025-05-12T09:01:20Z,0,29.878,72.3,59,65.2,8,9,251,72,0.0,255,32767,0.0,2127-15-31,0.0,0.16,26.24,0.0,0.0,0.0,0,4.828125,6,84,05:49,20:11,2025-05-12 09:01:20.014592,Città della Scienza,65.7,17.005844,11.197608,16.506247,13.097912,EU EEA Common AQI,68.6,16.37239,10.127662,7200,12.144928,100,100,60.2,11.026087,Very Low,68.5,15.659889,100,1747040400,Very Low,13.204996,17.776299,Very Low,17.87578,56.6,16.42029,100,1747040400,13.782609
2025-05-12T09:01:31Z,0,29.878,72.3,59,65.3,8,9,261,72,0.0,255,32767,0.0,2127-15-31,0.0,0.16,26.24,0.0,0.0,0.0,0,4.828125,6,84,05:49,20:11,2025-05-12 09:01:31.127601,Città della Scienza,65.7,17.005844,11.197608,16.506247,13.097912,EU EEA Common AQI,68.6,16.37239,10.127662,7200,12.144928,100,100,60.2,11.026087,Very Low,68.5,15.659889,100,1747040400,Very Low,13.204996,17.776299,Very Low,17.87578,56.6,16.42029,100,1747040400,13.782609
2025-05-12T09:01:42Z,0,29.88,72.4,59,65.2,11,9,234,72,0.0,255,32767,0.0,2127-15-31,0.0,0.16,26.24,0.0,0.0,0.0,0,4.828125,6,84,05:49,20:11,2025-05-12 09:01:42.176589,Città della Scienza,65.7,17.005844,11.197608,16.506247,13.097912,EU EEA Common AQI,68.6,16.37239,10.127662,7200,12.144928,100,100,60.2,11.026087,Very Low,68.5,15.659889,100,1747040400,Very Low,13.204996,17.776299,Very Low,17.87578,56.6,16.42029,100,1747040400,13.782609
2025-05-12T09:01:53Z,0,29.88,72.4,59,65.2,11,9,237,72,0.0,255,32767,0.0,2127-15-31,0.0,0.16,26.24,0.0,0.0,0.0,0,4.828125,6,84,05:49,20:11,2025-05-12 09:01:53.246555,Città della Scienza,65.7,17.005844,11.197608,16.506247,13.097912,EU EEA Common AQI,68.6,16.37239,10.127662,7200,12.144928,100,100,60.2,11.026087,Very Low,68.5,15.659889,100,1747040400,Very Low,13.204996,17.776299,Very Low,17.87578,56.6,16.42029,100,1747040400,13.782609
2025-05-12T09:02:04Z,0,29.88,72.4,59,65.2,10,9,237,72,0.0,255,32767,0.0,2127-15-31,0.0,0.16,26.24,0.0,0.0,0.0,0,4.828125,6,84,05:49,20:11,2025-05-12 09:02:04.323602,Città della Scienza,65.7,17.005844,11.197608,16.506247,13.097912,EU EEA Common AQI,68.6,16.37239,10.127662,7200,12.144928,100,100,60.2,11.026087,Very Low,68.5,15.659889,100,1747040400,Very Low,13.204996,17.776299,Very Low,17.87578,56.6,16.42029,100,1747040400,13.782609
2025-05-12T09:02:15Z,0,29.88,72.4,59,65.2,9,9,256,72,0.0,255,32767,0.0,2127-15-31,0.0,0.16,26.24,0.0,0.0,0.0,0,4.828125,6,84,05:49,20:11,2025-05-12 09:02:15.369598,Città della Scienza,65.7,17.005844,11.197608,16.506247,13.097912,EU EEA Common AQI,68.6,16.37239,10.127662,7200,12.144928,100,100,60.2,11.026087,Very Low,68.5,15.659889,100,1747040400,Very Low,13.204996,17.776299,Very Low,17.87578,56.6,16.42029,100,1747040400,13.782609
2025-05-12T09:02:26Z,0,29.88,72.4,59,65.3,11,9,234,72,0.0,255,32767,0.0,2127-15-31,0.0,0.16,26.24,0.0,0.0,0.0,0,4.828125,6,84,05:49,20:11,2025-05-12 09:02:26.433599,Città della Scienza,65.7,17.005844,11.197608,16.506247,13.097912,EU EEA Common AQI,68.6,16.37239,10.127662,7200,12.144928,100,100,60.2,11.026087,Very Low,68.5,15.659889,100,1747040400,Very Low,13.204996,17.776299,Very Low,17.87578,56.6,16.42029,100,1747040400,13.782609
2025-05-12T09:02:37Z,0,29.878,72.4,59,65.2,10,9,232,72,0.0,255,32767,0.0,2127-15-31,0.0,0.16,26.24,0.0,0.0,0.0,0,4.828125,6,84,05:49,20:11,2025-05-12 09:02:37.533597,Città della Scienza,65.7,17.005844,11.197608,16.506247,13.097912,EU EEA Common AQI,68.6,16.37239,10.127662,7200,12.144928,100,100,60.2,11.026087,Very Low,68.5,15.659889,100,1747040400,Very Low,13.204996,17.776299,Very Low,17.87578,56.6,16.42029,100,1747040400,13.782609
2025-05-12T09:02:48Z,0,29.878,72.4,59,65.2,10,9,249,72,0.0,255,32767,0.0,2127-15-31,0.0,0.16,26.24,0.0,0.0,0.0,0,4.828125,6,84,05:49,20:11,2025-05-12 09:02:48.588612,Città della Scienza,65.7,17.005844,11.197608,16.506247,13.097912,EU EEA Common AQI,68.6,16.37239,10.127662,7200,12.144928,100,100,60.2,11.026087,Very Low,68.5,15.659889,100,1747040400,Very Low,13.204996,17.776299,Very Low,17.87578,56.6,16.42029,100,1747040400,13.782609
2025-05-12T09:02:59Z,0,29.878,72.4,59,65.2,9,9,245,72,0.0,255,32767,0.0,2127-15-31,0.0,0.16,26.24,0.0,0.0,0.0,0,4.828125,6,84,05:49,20:11,2025-05-12 09:02:59.658597,Città della Scienza,65.7,17.005844,11.197608,16.506247,13.097912,EU EEA Common AQI,68.6,16.37239,10.127662,7200,12.144928,100,100,60.2,11.026087,Very Low,68.5,15.659889,100,1747040400,Very Low,13.204996,17.776299,Very Low,17.87578,56.6,16.42029,100,1747040400,13.782609
2025-05-12T09:03:10Z,0,29.878,72.4,59,65.2,10,9,236,72,0.0,255,32767,0.0,2127-15-31,0.0,0.16,26.24,0.0,0.0,0.0,0,4.828125,6,84,05:49,20:11,2025-05-12 09:03:10.725591,Città della Scienza,65.7,17.005844,11.197608,16.506247,13.097912,EU EEA Common AQI,68.6,16.37239,10.127662,7200,12.144928,100,100,60.2,11.026087,Very Low,68.5,15.659889,100,1747040400,Very Low,13.204996,17.776299,Very Low,17.87578,56.6,16.42029,100,1747040400,13.782609
2025-05-12T09:03:22Z,0,29.878,72.4,59,65.2,10,9,244,72,0.0,255,32767,0.0,2127-15-31,0.0,0.16,26.24,0.0,0.0,0.0,0,4.828125,6,84,05:49,20:11,2025-05-12 09:03:21.839590,Città della Scienza,65.7,17.005844,11.197608,16.506247,13.097912,EU EEA Common AQI,68.6,16.37239,10.127662,7200,12.144928,100,100,60.2,11.026087,Very Low,68.5,15.659889,100,1747040400,Very Low,13.204996,17.776299,Very Low,17.87578,56.6,16.42029,100,1747040400,13.782609
2025-05-12T09:03:33Z,0,29.879,72.4,59,65.2,9,9,242,72,0.0,255,32767,0.0,2127-15-31,0.0,0.16,26.24,0.0,0.0,0.0,0,4.828125,6,84,05:49,20:11,2025-05-12 09:03:32.914590,Città della Scienza,65.7,17.005844,11.197608,16.506247,13.097912,EU EEA Common AQI,68.6,16.37239,10.127662,7200,12.144928,100,100,60.2,11.026087,Very Low,68.5,15.659889,100,1747040400,Very Low,13.204996,17.776299,Very Low,17.87578,56.6,16.42029,100,1747040400,13.782609
2025-05-12T09:03:44Z,0,29.879,72.4,59,65.2,9,9,258,72,0.0,255,32767,0.0,2127-15-31,0.0,0.16,26.24,0.0,0.0,0.0,0,4.828125,6,84,05:49,20:11,2025-05-12 09:03:44.042612,Città della Scienza,65.7,17.005844,11.197608,16.506247,13.097912,EU EEA Common AQI,68.6,16.37239,10.127662,7200,12.144928,100,100,60.2,11.026087,Very Low,68.5,15.659889,100,1747040400,Very Low,13.204996,17.776299,Very Low,17.87578,56.6,16.42029,100,1747040400,13.782609
2025-05-12T09:03:55Z,0,29.879,72.4,59,65.2,9,9,270,72,0.0,255,32767,0.0,2127-15-31,0.0,0.16,26.24,0.0,0.0,0.0,0,4.828125,6,84,05:49,20:11,2025-05-12 09:03:55.133593,Città della Scienza,65.7,17.005844,11.197608,16.506247,13.097912,EU EEA Common AQI,68.6,16.37239,10.127662,7200,12.144928,100,100,60.2,11.026087,Very Low,68.5,15.659889,100,1747040400,Very Low,13.204996,17.776299,Very Low,17.87578,56.6,16.42029,100,1747040400,13.782609
2025-05-12T09:04:06Z,0,29.879,72.4,59,65.2,8,9,248,72,0.0,255,32767,0.0,2127-15-31,0.0,0.16,26.24,0.0,0.0,0.0,0,4.828125,6,84,05:49,20:11,2025-05-12 09:04:06.242610,Città della Scienza,65.7,17.005844,11.197608,16.506247,13.097912,EU EEA Common AQI,68.6,16.37239,10.127662,7200,12.144928,100,100,60.2,11.026087,Very Low,68.5,15.659889,100,1747040400,Very Low,13.204996,17.776299,Very Low,17.87578,56.6,16.42029,100,1747040400,13.782609
2025-05-12T09:04:17Z,0,29.879,72.4,59,65.2,5,9,250,72,0.0,255,32767,0.0,2127-15-31,0.0,0.16,26.24,0.0,0.0,0.0,0,4.828125,6,84,05:49,20:11,2025-05-12 09:04:17.340602,Città della Scienza,65.7,17.005844,11.197608,16.506247,13.097912,EU EEA Common AQI,68.6,16.37239,10.127662,7200,12.144928,100,100,60.2,11.026087,Very Low,68.5,15.659889,100,1747040400,Very Low,13.204996,17.776299,Very Low,17.87578,56.6,16.42029,100,1747040400,13.782609
2025-05-12T09:04:28Z,0,29.879,72.4,59,65.2,10,9,237,72,0.0,255,32767,0.0,2127-15-31,0.0,0.16,26.24,0.0,0.0,0.0,0,4.828125,6,84,05:49,20:11,2025-05-12 09:04:28.422598,Città della Scienza,65.7,17.005844,11.197608,16.506247,13.097912,EU EEA Common AQI,68.6,16.37239,10.127662,7200,12.144928,100,100,60.2,11.026087,Very Low,68.5,15.659889,100,1747040400,Very Low,13.204996,17.776299,Very Low,17.87578,56.6,16.42029,100,1747040400,13.782609
2025-05-12T09:04:39Z,0,29.879,72.4,59,65.2,6,9,227,72,0.0,255,32767,0.0,2127-15-31,0.0,0.16,26.24,0.0,0.0,0.0,0,4.828125,6,84,05:49,20:11,2025-05-12 09:04:39.546605,Città della Scienza,65.7,17.005844,11.197608,16.506247,13.097912,EU EEA Common AQI,68.6,16.37239,10.127662,7200,12.144928,100,100,60.2,11.026087,Very Low,68.5,15.659889,100,1747040400,Very Low,13.204996,17.776299,Very Low,17.87578,56.6,16.42029,100,1747040400,13.782609
2025-05-12T09:04:50Z,0,29.879,72.4,59,65.2,8,9,249,72,0.0,255,32767,0.0,2127-15-31,0.0,0.16,26.24,0.0,0.0,0.0,0,4.828125,6,84,05:49,20:11,2025-05-12 09:04:50.622592,Città della Scienza,65.7,17.005844,11.197608,16.506247,13.097912,EU EEA Common AQI,68.6,16.37239,10.127662,7200,12.144928,100,100,60.2,11.026087,Very Low,68.5,15.659889,100,1747040400,Very Low,13.204996,17.776299,Very Low,17.87578,56.6,16.42029,100,1747040400,13.782609
2025-05-12T09:05:01Z,0,29.879,72.4,59,65.3,9,9,240,72,0.0,255,32767,0.0,2127-15-31,0.0,0.16,26.24,0.0,0.0,0.0,0,4.828125,6,84,05:49,20:11,2025-05-12 09:05:01.681592,Città della Scienza,65.7,17.005844,11.197608,16.506247,13.097912,EU EEA Common AQI,68.6,16.37239,10.127662,7200,12.144928,100,100,60.2,11.026087,Very Low,68.5,15.659889,100,1747040400,Very Low,13.204996,17.776299,Very Low,17.87578,56.6,16.42029,100,1747040400,13.782609
2025-05-12T09:05:12Z,0,29.879,72.4,59,65.3,9,9,269,72,0.0,255,32767,0.0,2127-15-31,0.0,0.16,26.24,0.0,0.0,0.0,0,4.828125,6,84,05:49,20:11,2025-05-12 09:05:12.758582,Città della Scienza,65.7,17.005844,11.197608,16.506247,13.097912,EU EEA Common AQI,68.6,16.37239,10.127662,7200,12.144928,100,100,60.2,11.026087,Very Low,68.5,15.659889,100,1747040400,Very Low,13.204996,17.776299,Very Low,17.87578,56.6,16.42029,100,1747040400,13.782609
2025-05-12T09:05:24Z,0,29.879,72.4,59,65.3,9,9,249,72,0.0,255,32767,0.0,2127-15-31,0.0,0.16,26.24,0.0,0.0,0.0,0,4.828125,6,84,05:49,20:11,2025-05-12 09:05:23.872591,Città della Scienza,65.7,17.005844,11.197608,16.506247,13.097912,EU EEA Common AQI,68.6,16.37239,10.127662,7200,12.144928,100,100,60.2,11.026087,Very Low,68.5,15.659889,100,1747040400,Very Low,13.204996,17.776299,Very Low,17.87578,56.6,16.42029,100,1747040400,13.782609
2025-05-12T09:05:35Z,0,29.879,72.4,59,65.3,8,9,223,72,0.0,255,32767,0.0,2127-15-31,0.0,0.16,26.24,0.0,0.0,0.0,0,4.828125,6,84,05:49,20:11,2025-05-12 09:05:34.917597,Città della Scienza,65.7,17.005844,11.197608,16.506247,13.097912,EU EEA Common AQI,68.6,16.37239,10.127662,7200,12.144928,100,100,60.2,11.026087,Very Low,68.5,15.659889,100,1747040400,Very Low,13.204996,17.776299,Very Low,17.87578,56.6,16.42029,100,1747040400,13.782609
2025-05-12T09:05:46Z,0,29.879,72.4,59,65.4,7,9,248,72,0.0,255,32767,0.0,2127-15-31,0.0,0.16,26.24,0.0,0.0,0.0,0,4.828125,6,84,05:49,20:11,2025-05-12 09:05:46.040585,Città della Scienza,65.7,17.005844,11.197608,16.506247,13.097912,EU EEA Common AQI,68.6,16.37239,10.127662,7200,12.144928,100,100,60.2,11.026087,Very Low,68.5,15.659889,100,1747040400,Very Low,13.204996,17.776299,Very Low,17.87578,56.6,16.42029,100,1747040400,13.782609
2025-05-12T09:05:57Z,0,29.879,72.4,59,65.4,10,9,235,72,0.0,255,32767,0.0,2127-15-31,0.0,0.16,26.24,0.0,0.0,0.0,0,4.828125,6,84,05:49,20:11,2025-05-12 09:05:57.124601,Città della Scienza,65.7,17.005844,11.197608,16.506247,13.097912,EU EEA Common AQI,68.6,16.37239,10.127662,7200,12.144928,100,100,60.2,11.026087,Very Low,68.5,15.659889,100,1747040400,Very Low,13.204996,17.776299,Very Low,17.87578,56.6,16.42029,100,1747040400,13.782609
2025-05-12T09:06:08Z,0,29.879,72.4,59,65.5,10,9,245,72,0.0,255,32767,0.0,2127-15-31,0.0,0.16,26.24,0.0,0.0,0.0,0,4.828125,6,84,05:49,20:11,2025-05-12 09:06:08.174593,Città della Scienza,65.7,17.005844,11.197608,16.506247,13.097912,EU EEA Common AQI,68.6,16.37239,10.127662,7200,12.144928,100,100,60.2,11.026087,Very Low,68.5,15.659889,100,1747040400,Very Low,13.204996,17.776299,Very Low,17.87578,56.6,16.42029,100,1747040400,13.782609
2025-05-12T09:06:19Z,0,29.879,72.4,59,65.5,9,9,252,72,0.0,255,32767,0.0,2127-15-31,0.0,0.16,26.24,0.0,0.0,0.0,0,4.828125,6,84,05:49,20:11,2025-05-12 09:06:19.235620,Città della Scienza,65.7,17.005844,11.197608,16.506247,13.097912,EU EEA Common AQI,68.6,16.37239,10.127662,7200,12.144928,100,100,60.2,11.026087,Very Low,68.5,15.659889,100,1747040400,Very Low,13.204996,17.776299,Very Low,17.87578,56.6,16.42029,100,1747040400,13.782609
2025-05-12T09:06:30Z,0,29.879,72.4,59,65.5,10,9,251,72,0.0,255,32767,0.0,2127-15-31,0.0,0.16,26.24,0.0,0.0,0.0,0,4.828125,6,84,05:49,20:11,2025-05-12 09:06:30.303596,Città della Scienza,65.7,17.005844,11.197608,16.506247,13.097912,EU EEA Common AQI,68.6,16.37239,10.127662,7200,12.144928,100,100,60.2,11.026087,Very Low,68.5,15.659889,100,1747040400,Very Low,13.204996,17.776299,Very Low,17.87578,56.6,16.42029,100,1747040400,13.782609
2025-05-12T09:06:41Z,0,29.881,72.4,59,65.5,9,9,241,72,0.0,255,32767,0.0,2127-15-31,0.0,0.16,26.24,0.0,0.0,0.0,0,4.828125,6,84,05:49,20:11,2025-05-12 09:06:41.368597,Città della Scienza,65.7,17.005844,11.197608,16.506247,13.097912,EU EEA Common AQI,68.6,16.37239,10.127662,7200,12.144928,100,100,60.2,11.026087,Very Low,68.5,15.659889,100,1747040400,Very Low,13.204996,17.776299,Very Low,17.87578,56.6,16.42029,100,1747040400,13.782609
2025-05-12T09:06:52Z,0,29.881,72.4,59,65.5,9,9,259,73,0.0,255,32767,0.0,2127-15-31,0.0,0.16,26.24,0.0,0.0,0.0,0,4.828125,6,84,05:49,20:11,2025-05-12 09:06:52.473592,Città della Scienza,65.7,17.005844,11.197608,16.506247,13.097912,EU EEA Common AQI,68.6,16.37239,10.127662,7200,12.144928,100,100,60.2,11.026087,Very Low,68.5,15.659889,100,1747040400,Very Low,13.204996,17.776299,Very Low,17.87578,56.6,16.42029,100,1747040400,13.782609
2025-05-12T09:07:03Z,0,29.881,72.4,59,65.5,8,9,261,73,0.0,255,32767,0.0,2127-15-31,0.0,0.16,26.24,0.0,0.0,0.0,0,4.828125,6,84,05:49,20:11,2025-05-12 09:07:03.576610,Città della Scienza,65.7,17.005844,11.197608,16.506247,13.097912,EU EEA Common AQI,68.6,16.37239,10.127662,7200,12.144928,100,100,60.2,11.026087,Very Low,68.5,15.659889,100,1747040400,Very Low,13.204996,17.776299,Very Low,17.87578,56.6,16.42029,100,1747040400,13.782609
2025-05-12T09:07:14Z,0,29.881,72.4,59,65.5,8,9,229,73,0.0,255,32767,0.0,2127-15-31,0.0,0.16,26.24,0.0,0.0,0.0,0,4.828125,6,84,05:49,20:11,2025-05-12 09:07:14.665600,Città della Scienza,65.7,17.005844,11.197608,16.506247,13.097912,EU EEA Common AQI,68.6,16.37239,10.127662,7200,12.144928,100,100,60.2,11.026087,Very Low,68.5,15.659889,100,1747040400,Very Low,13.204996,17.776299,Very Low,17.87578,56.6,16.42029,100,1747040400,13.782609
2025-05-12T09:07:25Z,0,29.881,72.4,59,65.6,10,9,242,73,0.0,255,32767,0.0,2127-15-31,0.0,0.16,26.24,0.0,0.0,0.0,0,4.828125,6,84,05:49,20:11,2025-05-12 09:07:25.761593,Città della Scienza,65.7,17.005844,11.197608,16.506247,13.097912,EU EEA Common AQI,68.6,16.37239,10.127662,7200,12.144928,100,100,60.2,11.026087,Very Low,68.5,15.659889,100,1747040400,Very Low,13.204996,17.776299,Very Low,17.87578,56.6,16.42029,100,1747040400,13.782609
2025-05-12T09:07:37Z,0,29.881,72.4,59,65.5,9,9,270,72,0.0,255,32767,0.0,2127-15-31,0.0,0.16,26.24,0.0,0.0,0.0,0,4.828125,6,84,05:49,20:11,2025-05-12 09:07:36.843609,Città della Scienza,65.7,17.005844,11.197608,16.506247,13.097912,EU EEA Common AQI,68.6,16.37239,10.127662,7200,12.144928,100,100,60.2,11.026087,Very Low,68.5,15.659889,100,1747040400,Very Low,13.204996,17.776299,Very Low,17.87578,56.6,16.42029,100,1747040400,13.782609
2025-05-12T09:07:48Z,0,29.881,72.4,59,65.6,10,9,239,72,0.0,255,32767,0.0,2127-15-31,0.0,0.16,26.24,0.0,0.0,0.0,0,4.828125,6,84,05:49,20:11,2025-05-12 09:07:47.935601,Città della Scienza,65.7,17.005844,11.197608,16.506247,13.097912,EU EEA Common AQI,68.6,16.37239,10.127662,7200,12.144928,100,100,60.2,11.026087,Very Low,68.5,15.659889,100,1747040400,Very Low,13.204996,17.776299,Very Low,17.87578,56.6,16.42029,100,1747040400,13.782609
2025-05-12T09:07:59Z,0,29.881,72.4,59,65.5,8,9,242,72,0.0,255,32767,0.0,2127-15-31,0.0,0.16,26.24,0.0,0.0,0.0,0,4.828125,6,84,05:49,20:11,2025-05-12 09:07:59.043594,Città della Scienza,65.7,17.005844,11.197608,16.506247,13.097912,EU EEA Common AQI,68.6,16.37239,10.127662,7200,12.144928,100,100,60.2,11.026087,Very Low,68.5,15.659889,100,1747040400,Very Low,13.204996,17.776299,Very Low,17.87578,56.6,16.42029,100,1747040400,13.782609
2025-05-12T09:08:10Z,0,29.881,72.4,59,65.5,11,9,232,72,0.0,255,32767,0.0,2127-15-31,0.0,0.16,26.24,0.0,0.0,0.0,0,4.828125,6,84,05:49,20:11,2025-05-12 09:08:10.128601,Città della Scienza,65.7,17.005844,11.197608,16.506247,13.097912,EU EEA Common AQI,68.6,16.37239,10.127662,7200,12.144928,100,100,60.2,11.026087,Very Low,68.5,15.659889,100,1747040400,Very Low,13.204996,17.776299,Very Low,17.87578,56.6,16.42029,100,1747040400,13.782609
2025-05-12T09:08:21Z,0,29.881,72.4,59,65.5,9,9,252,72,0.0,255,32767,0.0,2127-15-31,0.0,0.16,26.24,0.0,0.0,0.0,0,4.828125,6,84,05:49,20:11,2025-05-12 09:08:21.223593,Città della Scienza,65.7,17.005844,11.197608,16.506247,13.097912,EU EEA Common AQI,68.6,16.37239,10.127662,7200,12.144928,100,100,60.2,11.026087,Very Low,68.5,15.659889,100,1747040400,Very Low,13.204996,17.776299,Very Low,17.87578,56.6,16.42029,100,1747040400,13.782609
2025-05-12T09:08:32Z,0,29.881,72.4,58,65.5,7,9,232,72,0.0,255,32767,0.0,2127-15-31,0.0,0.16,26.24,0.0,0.0,0.0,0,4.828125,6,84,05:49,20:11,2025-05-12 09:08:32.563593,Città della Scienza,65.7,17.005844,11.197608,16.506247,13.097912,EU EEA Common AQI,68.6,16.37239,10.127662,7200,12.144928,100,100,60.2,11.026087,Very Low,68.5,15.659889,100,1747040400,Very Low,13.204996,17.776299,Very Low,17.87578,56.6,16.42029,100,1747040400,13.782609
2025-05-12T09:08:43Z,0,29.88,72.4,58,65.5,5,9,254,72,0.0,255,32767,0.0,2127-15-31,0.0,0.16,26.24,0.0,0.0,0.0,0,4.828125,6,84,05:49,20:11,2025-05-12 09:08:43.663588,Città della Scienza,65.7,17.005844,11.197608,16.506247,13.097912,EU EEA Common AQI,68.6,16.37239,10.127662,7200,12.144928,100,100,60.2,11.026087,Very Low,68.5,15.659889,100,1747040400,Very Low,13.204996,17.776299,Very Low,17.87578,56.6,16.42029,100,1747040400,13.782609
2025-05-12T09:08:54Z,0,29.88,72.4,58,65.5,4,9,265,72,0.0,255,32767,0.0,2127-15-31,0.0,0.16,26.24,0.0,0.0,0.0,0,4.828125,6,84,05:49,20:11,2025-05-12 09:08:54.761589,Città della Scienza,65.7,17.005844,11.197608,16.506247,13.097912,EU EEA Common AQI,68.6,16.37239,10.127662,7200,12.144928,100,100,60.2,11.026087,Very Low,68.5,15.659889,100,1747040400,Very Low,13.204996,17.776299,Very Low,17.87578,56.6,16.42029,100,1747040400,13.782609
2025-05-12T09:09:06Z,0,29.88,72.4,58,65.5,8,9,250,72,0.0,255,32767,0.0,2127-15-31,0.0,0.16,26.24,0.0,0.0,0.0,0,4.828125,6,84,05:49,20:11,2025-05-12 09:09:05.871622,Città della Scienza,65.7,17.005844,11.197608,16.506247,13.097912,EU EEA Common AQI,68.6,16.37239,10.127662,7200,12.144928,100,100,60.2,11.026087,Very Low,68.5,15.659889,100,1747040400,Very Low,13.204996,17.776299,Very Low,17.87578,56.6,16.42029,100,1747040400,13.782609
2025-05-12T09:09:17Z,0,29.88,72.4,58,65.6,12,9,229,72,0.0,255,32767,0.0,2127-15-31,0.0,0.16,26.24,0.0,0.0,0.0,0,4.828125,6,84,05:49,20:11,2025-05-12 09:09:17.000605,Città della Scienza,65.7,17.005844,11.197608,16.506247,13.097912,EU EEA Common AQI,68.6,16.37239,10.127662,7200,12.144928,100,100,60.2,11.026087,Very Low,68.5,15.659889,100,1747040400,Very Low,13.204996,17.776299,Very Low,17.87578,56.6,16.42029,100,1747040400,13.782609
2025-05-12T09:09:28Z,0,29.88,72.4,58,65.6,7,9,257,72,0.0,255,32767,0.0,2127-15-31,0.0,0.16,26.24,0.0,0.0,0.0,0,4.828125,6,84,05:49,20:11,2025-05-12 09:09:28.111609,Città della Scienza,65.7,17.005844,11.197608,16.506247,13.097912,EU EEA Common AQI,68.6,16.37239,10.127662,7200,12.144928,100,100,60.2,11.026087,Very Low,68.5,15.659889,100,1747040400,Very Low,13.204996,17.776299,Very Low,17.87578,56.6,16.42029,100,1747040400,13.782609
2025-05-12T09:09:39Z,0,29.881,72.4,58,65.5,9,9,239,72,0.0,255,32767,0.0,2127-15-31,0.0,0.16,26.24,0.0,0.0,0.0,0,4.828125,6,84,05:49,20:11,2025-05-12 09:09:39.225587,Città della Scienza,65.7,17.005844,11.197608,16.506247,13.097912,EU EEA Common AQI,68.6,16.37239,10.127662,7200,12.144928,100,100,60.2,11.026087,Very Low,68.5,15.659889,100,1747040400,Very Low,13.204996,17.776299,Very Low,17.87578,56.6,16.42029,100,1747040400,13.782609
2025-05-12T09:09:50Z,0,29.881,72.4,58,65.5,8,9,248,72,0.0,255,32767,0.0,2127-15-31,0.0,0.16,26.24,0.0,0.0,0.0,0,4.828125,6,84,05:49,20:11,2025-05-12 09:09:50.258624,Città della Scienza,65.7,17.005844,11.197608,16.506247,13.097912,EU EEA Common AQI,68.6,16.37239,10.127662,7200,12.144928,100,100,60.2,11.026087,Very Low,68.5,15.659889,100,1747040400,Very Low,13.204996,17.776299,Very Low,17.87578,56.6,16.42029,100,1747040400,13.782609
2025-05-12T09:10:01Z,0,29.881,72.4,58,65.6,9,9,235,72,0.0,255,32767,0.0,2127-15-31,0.0,0.16,26.24,0.0,0.0,0.0,0,4.828125,6,84,05:49,20:11,2025-05-12 09:10:01.324550,Città della Scienza,65.7,17.005844,11.197608,16.506247,13.097912,EU EEA Common AQI,68.6,16.37239,10.127662,7200,12.144928,100,100,60.2,11.026087,Very Low,68.5,15.659889,100,1747040400,Very Low,13.204996,17.776299,Very Low,17.87578,56.6,16.42029,100,1747040400,13.782609
2025-05-12T09:10:12Z,0,29.881,72.4,58,65.6,9,9,244,72,0.0,255,32767,0.0,2127-15-31,0.0,0.16,26.24,0.0,0.0,0.0,0,4.828125,6,84,05:49,20:11,2025-05-12 09:10:12.436605,Città della Scienza,65.7,17.005844,11.197608,16.506247,13.097912,EU EEA Common AQI,68.6,16.37239,10.127662,7200,12.144928,100,100,60.2,11.026087,Very Low,68.5,15.659889,100,1747040400,Very Low,13.204996,17.776299,Very Low,17.87578,56.6,16.42029,100,1747040400,13.782609
2025-05-12T09:10:23Z,0,29.881,72.4,58,65.6,8,9,254,72,0.0,255,32767,0.0,2127-15-31,0.0,0.16,26.24,0.0,0.0,0.0,0,4.828125,6,84,05:49,20:11,2025-05-12 09:10:23.524599,Città della Scienza,65.7,17.005844,11.197608,16.506247,13.097912,EU EEA Common AQI,68.6,16.37239,10.127662,7200,12.144928,100,100,60.2,11.026087,Very Low,68.5,15.659889,100,1747040400,Very Low,13.204996,17.776299,Very Low,17.87578,56.6,16.42029,100,1747040400,13.782609
2025-05-12T09:10:34Z,0,29.879,72.4,58,65.6,10,9,239,72,0.0,255,32767,0.0,2127-15-31,0.0,0.16,26.24,0.0,0.0,0.0,0,4.828125,6,84,05:49,20:11,2025-05-12 09:10:34.648612,Città della Scienza,65.7,17.005844,11.197608,16.506247,13.097912,EU EEA Common AQI,68.6,16.37239,10.127662,7200,12.144928,100,100,60.2,11.026087,Very Low,68.5,15.659889,100,1747040400,Very Low,13.204996,17.776299,Very Low,17.87578,56.6,16.42029,100,1747040400,13.782609
2025-05-12T09:10:45Z,0,29.879,72.4,58,65.6,8,9,246,72,0.0,255,32767,0.0,2127-15-31,0.0,0.16,26.24,0.0,0.0,0.0,0,4.828125,6,84,05:49,20:11,2025-05-12 09:10:45.765552,Città della Scienza,65.7,17.005844,11.197608,16.506247,13.097912,EU EEA Common AQI,68.6,16.37239,10.127662,7200,12.144928,100,100,60.2,11.026087,Very Low,68.5,15.659889,100,1747040400,Very Low,13.204996,17.776299,Very Low,17.87578,56.6,16.42029,100,1747040400,13.782609
2025-05-12T09:10:57Z,0,29.879,72.4,58,65.5,9,9,240,72,0.0,255,32767,0.0,2127-15-31,0.0,0.16,26.24,0.0,0.0,0.0,0,4.828125,6,84,05:49,20:11,2025-05-12 09:10:56.848588,Città della Scienza,65.7,17.005844,11.197608,16.506247,13.097912,EU EEA Common AQI,68.6,16.37239,10.127662,7200,12.144928,100,100,60.2,11.026087,Very Low,68.5,15.659889,100,1747040400,Very Low,13.204996,17.776299,Very Low,17.87578,56.6,16.42029,100,1747040400,13.782609
2025-05-12T09:11:08Z,0,29.879,72.4,58,65.6,11,9,248,72,0.0,255,32767,0.0,2127-15-31,0.0,0.16,26.24,0.0,0.0,0.0,0,4.828125,6,84,05:49,20:11,2025-05-12 09:11:07.905599,Città della Scienza,65.7,17.005844,11.197608,16.506247,13.097912,EU EEA Common AQI,68.6,16.37239,10.127662,7200,12.144928,100,100,60.2,11.026087,Very Low,68.5,15.659889,100,1747040400,Very Low,13.204996,17.776299,Very Low,17.87578,56.6,16.42029,100,1747040400,13.782609
2025-05-12T09:11:19Z,0,29.879,72.4,58,65.5,11,9,247,72,0.0,255,32767,0.0,2127-15-31,0.0,0.16,26.24,0.0,0.0,0.0,0,4.828125,6,84,05:49,20:11,2025-05-12 09:11:19.017591,Città della Scienza,65.7,17.005844,11.197608,16.506247,13.097912,EU EEA Common AQI,68.6,16.37239,10.127662,7200,12.144928,100,100,60.2,11.026087,Very Low,68.5,15.659889,100,1747040400,Very Low,13.204996,17.776299,Very Low,17.87578,56.6,16.42029,100,1747040400,13.782609
2025-05-12T09:11:30Z,0,29.879,72.4,58,65.5,10,9,245,72,0.0,255,32767,0.0,2127-15-31,0.0,0.16,26.24,0.0,0.0,0.0,0,4.828125,6,84,05:49,20:11,2025-05-12 09:11:30.092607,Città della Scienza,65.7,17.005844,11.197608,16.506247,13.097912,EU EEA Common AQI,68.6,16.37239,10.127662,7200,12.144928,100,100,60.2,11.026087,Very Low,68.5,15.659889,100,1747040400,Very Low,13.204996,17.776299,Very Low,17.87578,56.6,16.42029,100,1747040400,13.782609
2025-05-12T09:11:41Z,0,29.882,72.4,58,65.5,8,9,221,72,0.0,255,32767,0.0,2127-15-31,0.0,0.16,26.24,0.0,0.0,0.0,0,4.828125,6,84,05:49,20:11,2025-05-12 09:11:41.212597,Città della Scienza,65.7,17.005844,11.197608,16.506247,13.097912,EU EEA Common AQI,68.6,16.37239,10.127662,7200,12.144928,100,100,60.2,11.026087,Very Low,68.5,15.659889,100,1747040400,Very Low,13.204996,17.776299,Very Low,17.87578,56.6,16.42029,100,1747040400,13.782609
2025-05-12T09:11:52Z,0,29.882,72.4,58,65.5,10,9,232,72,0.0,255,32767,0.0,2127-15-31,0.0,0.16,26.24,0.0,0.0,0.0,0,4.828125,6,84,05:49,20:11,2025-05-12 09:11:52.290594,Città della Scienza,65.7,17.005844,11.197608,16.506247,13.097912,EU EEA Common AQI,68.6,16.37239,10.127662,7200,12.144928,100,100,60.2,11.026087,Very Low,68.5,15.659889,100,1747040400,Very Low,13.204996,17.776299,Very Low,17.87578,56.6,16.42029,100,1747040400,13.782609
2025-05-12T09:12:03Z,0,29.882,72.4,58,65.5,8,9,267,72,0.0,255,32767,0.0,2127-15-31,0.0,0.16,26.24,0.0,0.0,0.0,0,4.828125,6,84,05:49,20:11,2025-05-12 09:12:03.361566,Città della Scienza,65.7,17.005844,11.197608,16.506247,13.097912,EU EEA Common AQI,68.6,16.37239,10.127662,7200,12.144928,100,100,60.2,11.026087,Very Low,68.5,15.659889,100,1747040400,Very Low,13.204996,17.776299,Very Low,17.87578,56.6,16.42029,100,1747040400,13.782609
2025-05-12T09:12:14Z,0,29.882,72.4,58,65.5,10,9,242,72,0.0,255,32767,0.0,2127-15-31,0.0,0.16,26.24,0.0,0.0,0.0,0,4.828125,6,84,05:49,20:11,2025-05-12 09:12:14.456593,Città della Scienza,65.7,17.005844,11.197608,16.506247,13.097912,EU EEA Common AQI,68.6,16.37239,10.127662,7200,12.144928,100,100,60.2,11.026087,Very Low,68.5,15.659889,100,1747040400,Very Low,13.204996,17.776299,Very Low,17.87578,56.6,16.42029,100,1747040400,13.782609
2025-05-12T09:12:25Z,0,29.882,72.4,58,65.5,9,9,250,72,0.0,255,32767,0.0,2127-15-31,0.0,0.16,26.24,0.0,0.0,0.0,0,4.828125,6,84,05:49,20:11,2025-05-12 09:12:25.535594,Città della Scienza,65.7,17.005844,11.197608,16.506247,13.097912,EU EEA Common AQI,68.6,16.37239,10.127662,7200,12.144928,100,100,60.2,11.026087,Very Low,68.5,15.659889,100,1747040400,Very Low,13.204996,17.776299,Very Low,17.87578,56.6,16.42029,100,1747040400,13.782609
2025-05-12T09:12:36Z,0,29.88,72.5,58,65.5,5,9,255,72,0.0,255,32767,0.0,2127-15-31,0.0,0.16,26.24,0.0,0.0,0.0,0,4.828125,6,84,05:49,20:11,2025-05-12 09:12:36.630593,Città della Scienza,65.7,17.005844,11.197608,16.506247,13.097912,EU EEA Common AQI,68.6,16.37239,10.127662,7200,12.144928,100,100,60.2,11.026087,Very Low,68.5,15.659889,100,1747040400,Very Low,13.204996,17.776299,Very Low,17.87578,56.6,16.42029,100,1747040400,13.782609
2025-05-12T09:12:47Z,0,29.88,72.5,58,65.5,10,9,232,72,0.0,255,32767,0.0,2127-15-31,0.0,0.16,26.24,0.0,0.0,0.0,0,4.828125,6,84,05:49,20:11,2025-05-12 09:12:47.708595,Città della Scienza,65.7,17.005844,11.197608,16.506247,13.097912,EU EEA Common AQI,68.6,16.37239,10.127662,7200,12.144928,100,100,60.2,11.026087,Very Low,68.5,15.659889,100,1747040400,Very Low,13.204996,17.776299,Very Low,17.87578,56.6,16.42029,100,1747040400,13.782609
2025-05-12T09:12:58Z,0,29.88,72.5,58,65.5,7,9,227,73,0.0,255,32767,0.0,2127-15-31,0.0,0.16,26.24,0.0,0.0,0.0,0,4.828125,6,84,05:49,20:11,2025-05-12 09:12:58.789601,Città della Scienza,65.7,17.005844,11.197608,16.506247,13.097912,EU EEA Common AQI,68.6,16.37239,10.127662,7200,12.144928,100,100,60.2,11.026087,Very Low,68.5,15.659889,100,1747040400,Very Low,13.204996,17.776299,Very Low,17.87578,56.6,16.42029,100,1747040400,13.782609
2025-05-12T09:13:10Z,0,29.88,72.5,58,65.5,11,9,244,73,0.0,255,32767,0.0,2127-15-31,0.0,0.16,26.24,0.0,0.0,0.0,0,4.828125,6,84,05:49,20:11,2025-05-12 09:13:09.865563,Città della Scienza,65.7,17.005844,11.197608,16.506247,13.097912,EU EEA Common AQI,68.6,16.37239,10.127662,7200,12.144928,100,100,60.2,11.026087,Very Low,68.5,15.659889,100,1747040400,Very Low,13.204996,17.776299,Very Low,17.87578,56.6,16.42029,100,1747040400,13.782609
2025-05-12T09:13:21Z,0,29.88,72.5,58,65.5,5,9,203,73,0.0,255,32767,0.0,2127-15-31,0.0,0.16,26.24,0.0,0.0,0.0,0,4.828125,6,84,05:49,20:11,2025-05-12 09:13:20.967598,Città della Scienza,65.7,17.005844,11.197608,16.506247,13.097912,EU EEA Common AQI,68.6,16.37239,10.127662,7200,12.144928,100,100,60.2,11.026087,Very Low,68.5,15.659889,100,1747040400,Very Low,13.204996,17.776299,Very Low,17.87578,56.6,16.42029,100,1747040400,13.782609
2025-05-12T09:13:32Z,0,29.88,72.5,58,65.5,11,9,236,73,0.0,255,32767,0.0,2127-15-31,0.0,0.16,26.24,0.0,0.0,0.0,0,4.828125,6,84,05:49,20:11,2025-05-12 09:13:32.054562,Città della Scienza,65.7,17.005844,11.197608,16.506247,13.097912,EU EEA Common AQI,68.6,16.37239,10.127662,7200,12.144928,100,100,60.2,11.026087,Very Low,68.5,15.659889,100,1747040400,Very Low,13.204996,17.776299,Very Low,17.87578,56.6,16.42029,100,1747040400,13.782609
2025-05-12T09:13:43Z,0,29.882,72.4,58,65.5,11,9,244,73,0.0,255,32767,0.0,2127-15-31,0.0,0.16,26.24,0.0,0.0,0.0,0,4.828125,6,84,05:49,20:11,2025-05-12 09:13:43.121577,Città della Scienza,65.7,17.005844,11.197608,16.506247,13.097912,EU EEA Common AQI,68.6,16.37239,10.127662,7200,12.144928,100,100,60.2,11.026087,Very Low,68.5,15.659889,100,1747040400,Very Low,13.204996,17.776299,Very Low,17.87578,56.6,16.42029,100,1747040400,13.782609
2025-05-12T09:13:54Z,0,29.882,72.4,58,65.6,10,9,236,73,0.0,255,32767,0.0,2127-15-31,0.0,0.16,26.24,0.0,0.0,0.0,0,4.828125,6,84,05:49,20:11,2025-05-12 09:13:54.218598,Città della Scienza,65.7,17.005844,11.197608,16.506247,13.097912,EU EEA Common AQI,68.6,16.37239,10.127662,7200,12.144928,100,100,60.2,11.026087,Very Low,68.5,15.659889,100,1747040400,Very Low,13.204996,17.776299,Very Low,17.87578,56.6,16.42029,100,1747040400,13.782609
2025-05-12T09:14:05Z,0,29.882,72.4,58,65.6,9,9,260,73,0.0,255,32767,0.0,2127-15-31,0.0,0.16,26.24,0.0,0.0,0.0,0,4.828125,6,84,05:49,20:11,2025-05-12 09:14:05.278591,Città della Scienza,65.7,17.005844,11.197608,16.506247,13.097912,EU EEA Common AQI,68.6,16.37239,10.127662,7200,12.144928,100,100,60.2,11.026087,Very Low,68.5,15.659889,100,1747040400,Very Low,13.204996,17.776299,Very Low,17.87578,56.6,16.42029,100,1747040400,13.782609
2025-05-12T09:14:16Z,0,29.882,72.4,58,65.6,11,9,248,73,0.0,255,32767,0.0,2127-15-31,0.0,0.16,26.24,0.0,0.0,0.0,0,4.828125,6,84,05:49,20:11,2025-05-12 09:14:16.348599,Città della Scienza,65.7,17.005844,11.197608,16.506247,13.097912,EU EEA Common AQI,68.6,16.37239,10.127662,7200,12.144928,100,100,60.2,11.026087,Very Low,68.5,15.659889,100,1747040400,Very Low,13.204996,17.776299,Very Low,17.87578,56.6,16.42029,100,1747040400,13.782609
2025-05-12T09:14:27Z,0,29.882,72.4,58,65.5,10,9,248,73,0.0,255,32767,0.0,2127-15-31,0.0,0.16,26.24,0.0,0.0,0.0,0,4.828125,6,84,05:49,20:11,2025-05-12 09:14:27.433591,Città della Scienza,65.7,17.005844,11.197608,16.506247,13.097912,EU EEA Common AQI,68.6,16.37239,10.127662,7200,12.144928,100,100,60.2,11.026087,Very Low,68.5,15.659889,100,1747040400,Very Low,13.204996,17.776299,Very Low,17.87578,56.6,16.42029,100,1747040400,13.782609
2025-05-12T09:14:38Z,0,29.88,72.4,58,65.5,9,9,250,73,0.0,255,32767,0.0,2127-15-31,0.0,0.16,26.24,0.0,0.0,0.0,0,4.828125,6,84,05:49,20:11,2025-05-12 09:14:38.492584,Città della Scienza,65.7,17.005844,11.197608,16.506247,13.097912,EU EEA Common AQI,68.6,16.37239,10.127662,7200,12.144928,100,100,60.2,11.026087,Very Low,68.5,15.659889,100,1747040400,Very Low,13.204996,17.776299,Very Low,17.87578,56.6,16.42029,100,1747040400,13.782609
2025-05-12T09:14:49Z,0,29.88,72.4,58,65.5,12,9,229,73,0.0,255,32767,0.0,2127-15-31,0.0,0.16,26.24,0.0,0.0,0.0,0,4.828125,6,84,05:49,20:11,2025-05-12 09:14:49.586612,Città della Scienza,65.7,17.005844,11.197608,16.506247,13.097912,EU EEA Common AQI,68.6,16.37239,10.127662,7200,12.144928,100,100,60.2,11.026087,Very Low,68.5,15.659889,100,1747040400,Very Low,13.204996,17.776299,Very Low,17.87578,56.6,16.42029,100,1747040400,13.782609
2025-05-12T09:15:00Z,0,29.88,72.4,58,65.5,11,9,234,73,0.0,255,32767,0.0,2127-15-31,0.0,0.16,26.24,0.0,0.0,0.0,0,4.828125,6,84,05:49,20:11,2025-05-12 09:15:00.647560,Città della Scienza,65.7,17.005844,11.197608,16.506247,13.097912,EU EEA Common AQI,68.6,16.37239,10.127662,7200,12.144928,100,100,60.2,11.026087,Very Low,68.5,15.659889,100,1747040400,Very Low,13.204996,17.776299,Very Low,17.87578,56.6,16.42029,100,1747040400,13.782609
2025-05-12T09:15:11Z,0,29.88,72.4,58,65.5,5,9,240,73,0.0,255,32767,0.0,2127-15-31,0.0,0.16,26.24,0.0,0.0,0.0,0,4.828125,6,84,05:49,20:11,2025-05-12 09:15:11.739617,Città della Scienza,65.7,17.005844,11.197608,16.506247,13.097912,EU EEA Common AQI,68.6,16.37239,10.127662,7200,12.144928,100,100,60.2,11.026087,Very Low,68.5,15.659889,100,1747040400,Very Low,13.204996,17.776299,Very Low,17.87578,56.6,16.42029,100,1747040400,13.782609
2025-05-12T09:15:22Z,0,29.88,72.4,58,65.5,8,9,239,73,0.0,255,32767,0.0,2127-15-31,0.0,0.16,26.24,0.0,0.0,0.0,0,4.828125,6,84,05:49,20:11,2025-05-12 09:15:22.794585,Città della Scienza,65.7,17.005844,11.197608,16.506247,13.097912,EU EEA Common AQI,68.6,16.37239,10.127662,7200,12.144928,100,100,60.2,11.026087,Very Low,68.5,15.659889,100,1747040400,Very Low,13.204996,17.776299,Very Low,17.87578,56.6,16.42029,100,1747040400,13.782609
2025-05-12T09:15:34Z,0,29.881,72.4,58,65.4,9,9,240,73,0.0,255,32767,0.0,2127-15-31,0.0,0.16,26.24,0.0,0.0,0.0,0,4.828125,6,84,05:49,20:11,2025-05-12 09:15:33.866596,Città della Scienza,64.8,16.565325,11.063745,15.304849,12.725965,EU EEA Common AQI,69.0,15.907455,9.999111,7200,13.914286,100,100,60.4,12.594285,Very Low,69.1,15.223378,100,1747041300,Very Low,12.243878,17.296394,Very Low,16.586414,56.7,16.514286,100,1747041300,15.742857
2025-05-12T09:15:45Z,0,29.881,72.4,58,65.4,10,9,233,73,0.0,255,32767,0.0,2127-15-31,0.0,0.16,26.24,0.0,0.0,0.0,0,4.828125,6,84,05:49,20:11,2025-05-12 09:15:44.936589,Città della Scienza,64.8,16.565325,11.063745,15.304849,12.725965,EU EEA Common AQI,69.0,15.907455,9.999111,7200,13.914286,100,100,60.4,12.594285,Very Low,69.1,15.223378,100,1747041300,Very Low,12.243878,17.296394,Very Low,16.586414,56.7,16.514286,100,1747041300,15.742857
2025-05-12T09:15:56Z,0,29.881,72.4,58,65.4,11,9,232,73,0.0,255,32767,0.0,2127-15-31,0.0,0.16,26.24,0.0,0.0,0.0,0,4.828125,6,84,05:49,20:11,2025-05-12 09:15:56.058592,Città della Scienza,64.8,16.565325,11.063745,15.304849,12.725965,EU EEA Common AQI,69.0,15.907455,9.999111,7200,13.914286,100,100,60.4,12.594285,Very Low,69.1,15.223378,100,1747041300,Very Low,12.243878,17.296394,Very Low,16.586414,56.7,16.514286,100,1747041300,15.742857
2025-05-12T09:16:12Z,0,29.881,72.4,58,65.3,10,9,235,73,0.0,255,32767,0.0,2127-15-31,0.0,0.16,26.24,0.0,0.0,0.0,0,4.828125,6,84,05:49,20:11,2025-05-12 09:16:12.167589,Città della Scienza,64.8,16.565325,11.063745,15.304849,12.725965,EU EEA Common AQI,69.0,15.907455,9.999111,7200,13.914286,100,100,60.4,12.594285,Very Low,69.1,15.223378,100,1747041300,Very Low,12.243878,17.296394,Very Low,16.586414,56.7,16.514286,100,1747041300,15.742857
2025-05-12T09:16:23Z,0,29.881,72.4,58,65.4,8,9,254,73,0.0,255,32767,0.0,2127-15-31,0.0,0.16,26.24,0.0,0.0,0.0,0,4.828125,6,84,05:49,20:11,2025-05-12 09:16:23.212608,Città della Scienza,64.8,16.565325,11.063745,15.304849,12.725965,EU EEA Common AQI,69.0,15.907455,9.999111,7200,13.914286,100,100,60.4,12.594285,Very Low,69.1,15.223378,100,1747041300,Very Low,12.243878,17.296394,Very Low,16.586414,56.7,16.514286,100,1747041300,15.742857
2025-05-12T09:16:34Z,0,29.88,72.4,58,65.4,10,9,252,73,0.0,255,32767,0.0,2127-15-31,0.0,0.16,26.24,0.0,0.0,0.0,0,4.828125,6,84,05:49,20:11,2025-05-12 09:16:34.331586,Città della Scienza,64.8,16.565325,11.063745,15.304849,12.725965,EU EEA Common AQI,69.0,15.907455,9.999111,7200,13.914286,100,100,60.4,12.594285,Very Low,69.1,15.223378,100,1747041300,Very Low,12.243878,17.296394,Very Low,16.586414,56.7,16.514286,100,1747041300,15.742857
2025-05-12T09:16:45Z,0,29.88,72.4,58,65.4,5,9,257,73,0.0,255,32767,0.0,2127-15-31,0.0,0.16,26.24,0.0,0.0,0.0,0,4.828125,6,84,05:49,20:11,2025-05-12 09:16:45.476598,Città della Scienza,64.8,16.565325,11.063745,15.304849,12.725965,EU EEA Common AQI,69.0,15.907455,9.999111,7200,13.914286,100,100,60.4,12.594285,Very Low,69.1,15.223378,100,1747041300,Very Low,12.243878,17.296394,Very Low,16.586414,56.7,16.514286,100,1747041300,15.742857
2025-05-12T09:16:56Z,0,29.88,72.4,58,65.4,10,9,234,73,0.0,255,32767,0.0,2127-15-31,0.0,0.16,26.24,0.0,0.0,0.0,0,4.828125,6,84,05:49,20:11,2025-05-12 09:16:56.535589,Città della Scienza,64.8,16.565325,11.063745,15.304849,12.725965,EU EEA Common AQI,69.0,15.907455,9.999111,7200,13.914286,100,100,60.4,12.594285,Very Low,69.1,15.223378,100,1747041300,Very Low,12.243878,17.296394,Very Low,16.586414,56.7,16.514286,100,1747041300,15.742857
2025-05-12T09:17:07Z,0,29.88,72.4,58,65.3,9,9,262,73,0.0,255,32767,0.0,2127-15-31,0.0,0.16,26.24,0.0,0.0,0.0,0,4.828125,6,84,05:49,20:11,2025-05-12 09:17:07.595618,Città della Scienza,64.8,16.565325,11.063745,15.304849,12.725965,EU EEA Common AQI,69.0,15.907455,9.999111,7200,13.914286,100,100,60.4,12.594285,Very Low,69.1,15.223378,100,1747041300,Very Low,12.243878,17.296394,Very Low,16.586414,56.7,16.514286,100,1747041300,15.742857
2025-05-12T09:17:18Z,0,29.88,72.4,58,65.2,9,9,244,73,0.0,255,32767,0.0,2127-15-31,0.0,0.16,26.24,0.0,0.0,0.0,0,4.828125,6,84,05:49,20:11,2025-05-12 09:17:18.667595,Città della Scienza,64.8,16.565325,11.063745,15.304849,12.725965,EU EEA Common AQI,69.0,15.907455,9.999111,7200,13.914286,100,100,60.4,12.594285,Very Low,69.1,15.223378,100,1747041300,Very Low,12.243878,17.296394,Very Low,16.586414,56.7,16.514286,100,1747041300,15.742857
2025-05-12T09:17:29Z,0,29.88,72.4,58,65.3,8,9,222,73,0.0,255,32767,0.0,2127-15-31,0.0,0.16,26.24,0.0,0.0,0.0,0,4.828125,6,84,05:49,20:11,2025-05-12 09:17:29.751559,Città della Scienza,64.8,16.565325,11.063745,15.304849,12.725965,EU EEA Common AQI,69.0,15.907455,9.999111,7200,13.914286,100,100,60.4,12.594285,Very Low,69.1,15.223378,100,1747041300,Very Low,12.243878,17.296394,Very Low,16.586414,56.7,16.514286,100,1747041300,15.742857
2025-05-12T09:17:40Z,0,29.879,72.5,58,65.3,9,9,240,73,0.0,255,32767,0.0,2127-15-31,0.0,0.16,26.24,0.0,0.0,0.0,0,4.828125,6,84,05:49,20:11,2025-05-12 09:17:40.788594,Città della Scienza,64.8,16.565325,11.063745,15.304849,12.725965,EU EEA Common AQI,69.0,15.907455,9.999111,7200,13.914286,100,100,60.4,12.594285,Very Low,69.1,15.223378,100,1747041300,Very Low,12.243878,17.296394,Very Low,16.586414,56.7,16.514286,100,1747041300,15.742857
2025-05-12T09:17:52Z,0,29.879,72.5,58,65.3,10,9,250,73,0.0,255,32767,0.0,2127-15-31,0.0,0.16,26.24,0.0,0.0,0.0,0,4.828125,6,84,05:49,20:11,2025-05-12 09:17:51.911591,Città della Scienza,64.8,16.565325,11.063745,15.304849,12.725965,EU EEA Common AQI,69.0,15.907455,9.999111,7200,13.914286,100,100,60.4,12.594285,Very Low,69.1,15.223378,100,1747041300,Very Low,12.243878,17.296394,Very Low,16.586414,56.7,16.514286,100,1747041300,15.742857
2025-05-12T09:18:03Z,0,29.879,72.5,58,65.3,7,9,210,73,0.0,255,32767,0.0,2127-15-31,0.0,0.16,26.24,0.0,0.0,0.0,0,4.828125,6,84,05:49,20:11,2025-05-12 09:18:02.968607,Città della Scienza,64.8,16.565325,11.063745,15.304849,12.725965,EU EEA Common AQI,69.0,15.907455,9.999111,7200,13.914286,100,100,60.4,12.594285,Very Low,69.1,15.223378,100,1747041300,Very Low,12.243878,17.296394,Very Low,16.586414,56.7,16.514286,100,1747041300,15.742857
2025-05-12T09:18:14Z,0,29.879,72.5,58,65.3,9,9,239,73,0.0,255,32767,0.0,2127-15-31,0.0,0.16,26.24,0.0,0.0,0.0,0,4.828125,6,84,05:49,20:11,2025-05-12 09:18:14.263605,Città della Scienza,64.8,16.565325,11.063745,15.304849,12.725965,EU EEA Common AQI,69.0,15.907455,9.999111,7200,13.914286,100,100,60.4,12.594285,Very Low,69.1,15.223378,100,1747041300,Very Low,12.243878,17.296394,Very Low,16.586414,56.7,16.514286,100,1747041300,15.742857
2025-05-12T09:18:25Z,0,29.879,72.5,58,65.3,9,9,250,73,0.0,255,32767,0.0,2127-15-31,0.0,0.16,26.24,0.0,0.0,0.0,0,4.828125,6,84,05:49,20:11,2025-05-12 09:18:25.309589,Città della Scienza,64.8,16.565325,11.063745,15.304849,12.725965,EU EEA Common AQI,69.0,15.907455,9.999111,7200,13.914286,100,100,60.4,12.594285,Very Low,69.1,15.223378,100,1747041300,Very Low,12.243878,17.296394,Very Low,16.586414,56.7,16.514286,100,1747041300,15.742857
2025-05-12T09:18:36Z,0,29.878,72.5,58,65.3,8,9,194,73,0.0,255,32767,0.0,2127-15-31,0.0,0.16,26.24,0.0,0.0,0.0,0,4.828125,6,84,05:49,20:11,2025-05-12 09:18:36.369592,Città della Scienza,64.8,16.565325,11.063745,15.304849,12.725965,EU EEA Common AQI,69.0,15.907455,9.999111,7200,13.914286,100,100,60.4,12.594285,Very Low,69.1,15.223378,100,1747041300,Very Low,12.243878,17.296394,Very Low,16.586414,56.7,16.514286,100,1747041300,15.742857
2025-05-12T09:18:47Z,0,29.878,72.5,58,65.2,10,9,237,73,0.0,255,32767,0.0,2127-15-31,0.0,0.16,26.24,0.0,0.0,0.0,0,4.828125,6,84,05:49,20:11,2025-05-12 09:18:47.446592,Città della Scienza,64.8,16.565325,11.063745,15.304849,12.725965,EU EEA Common AQI,69.0,15.907455,9.999111,7200,13.914286,100,100,60.4,12.594285,Very Low,69.1,15.223378,100,1747041300,Very Low,12.243878,17.296394,Very Low,16.586414,56.7,16.514286,100,1747041300,15.742857
2025-05-12T09:18:58Z,0,29.878,72.5,58,65.3,10,9,232,73,0.0,255,32767,0.0,2127-15-31,0.0,0.16,26.24,0.0,0.0,0.0,0,4.828125,6,84,05:49,20:11,2025-05-12 09:18:58.539601,Città della Scienza,64.8,16.565325,11.063745,15.304849,12.725965,EU EEA Common AQI,69.0,15.907455,9.999111,7200,13.914286,100,100,60.4,12.594285,Very Low,69.1,15.223378,100,1747041300,Very Low,12.243878,17.296394,Very Low,16.586414,56.7,16.514286,100,1747041300,15.742857
2025-05-12T09:19:09Z,0,29.878,72.5,58,65.3,8,9,227,73,0.0,255,32767,0.0,2127-15-31,0.0,0.16,26.24,0.0,0.0,0.0,0,4.828125,6,84,05:49,20:11,2025-05-12 09:19:09.632623,Città della Scienza,64.8,16.565325,11.063745,15.304849,12.725965,EU EEA Common AQI,69.0,15.907455,9.999111,7200,13.914286,100,100,60.4,12.594285,Very Low,69.1,15.223378,100,1747041300,Very Low,12.243878,17.296394,Very Low,16.586414,56.7,16.514286,100,1747041300,15.742857
2025-05-12T09:19:20Z,0,29.878,72.5,58,65.3,5,9,207,73,0.0,255,32767,0.0,2127-15-31,0.0,0.16,26.24,0.0,0.0,0.0,0,4.828125,6,84,05:49,20:11,2025-05-12 09:19:20.695590,Città della Scienza,64.8,16.565325,11.063745,15.304849,12.725965,EU EEA Common AQI,69.0,15.907455,9.999111,7200,13.914286,100,100,60.4,12.594285,Very Low,69.1,15.223378,100,1747041300,Very Low,12.243878,17.296394,Very Low,16.586414,56.7,16.514286,100,1747041300,15.742857
2025-05-12T09:19:31Z,0,29.878,72.5,58,65.3,3,9,258,73,0.0,255,32767,0.0,2127-15-31,0.0,0.16,26.24,0.0,0.0,0.0,0,4.828125,6,84,05:49,20:11,2025-05-12 09:19:31.790640,Città della Scienza,64.8,16.565325,11.063745,15.304849,12.725965,EU EEA Common AQI,69.0,15.907455,9.999111,7200,13.914286,100,100,60.4,12.594285,Very Low,69.1,15.223378,100,1747041300,Very Low,12.243878,17.296394,Very Low,16.586414,56.7,16.514286,100,1747041300,15.742857
2025-05-12T09:19:43Z,0,29.879,72.4,58,65.4,8,9,227,73,0.0,255,32767,0.0,2127-15-31,0.0,0.16,26.24,0.0,0.0,0.0,0,4.828125,6,84,05:49,20:11,2025-05-12 09:19:42.879612,Città della Scienza,64.8,16.565325,11.063745,15.304849,12.725965,EU EEA Common AQI,69.0,15.907455,9.999111,7200,13.914286,100,100,60.4,12.594285,Very Low,69.1,15.223378,100,1747041300,Very Low,12.243878,17.296394,Very Low,16.586414,56.7,16.514286,100,1747041300,15.742857
2025-05-12T09:19:54Z,0,29.879,72.4,58,65.3,10,9,243,73,0.0,255,32767,0.0,2127-15-31,0.0,0.16,26.24,0.0,0.0,0.0,0,4.828125,6,84,05:49,20:11,2025-05-12 09:19:53.949604,Città della Scienza,64.8,16.565325,11.063745,15.304849,12.725965,EU EEA Common AQI,69.0,15.907455,9.999111,7200,13.914286,100,100,60.4,12.594285,Very Low,69.1,15.223378,100,1747041300,Very Low,12.243878,17.296394,Very Low,16.586414,56.7,16.514286,100,1747041300,15.742857
2025-05-12T09:20:05Z,0,29.879,72.4,58,65.3,8,9,241,73,0.0,255,32767,0.0,2127-15-31,0.0,0.16,26.24,0.0,0.0,0.0,0,4.828125,6,84,05:49,20:11,2025-05-12 09:20:05.030609,Città della Scienza,64.8,16.565325,11.063745,15.304849,12.725965,EU EEA Common AQI,69.0,15.907455,9.999111,7200,13.914286,100,100,60.4,12.594285,Very Low,69.1,15.223378,100,1747041300,Very Low,12.243878,17.296394,Very Low,16.586414,56.7,16.514286,100,1747041300,15.742857
2025-05-12T09:20:16Z,0,29.879,72.4,58,65.3,11,9,239,73,0.0,255,32767,0.0,2127-15-31,0.0,0.16,26.24,0.0,0.0,0.0,0,4.828125,6,84,05:49,20:11,2025-05-12 09:20:16.146596,Città della Scienza,64.8,16.565325,11.063745,15.304849,12.725965,EU EEA Common AQI,69.0,15.907455,9.999111,7200,13.914286,100,100,60.4,12.594285,Very Low,69.1,15.223378,100,1747041300,Very Low,12.243878,17.296394,Very Low,16.586414,56.7,16.514286,100,1747041300,15.742857
2025-05-12T09:20:27Z,0,29.879,72.4,58,65.4,8,9,232,73,0.0,255,32767,0.0,2127-15-31,0.0,0.16,26.24,0.0,0.0,0.0,0,4.828125,6,84,05:49,20:11,2025-05-12 09:20:27.234574,Città della Scienza,64.8,16.565325,11.063745,15.304849,12.725965,EU EEA Common AQI,69.0,15.907455,9.999111,7200,13.914286,100,100,60.4,12.594285,Very Low,69.1,15.223378,100,1747041300,Very Low,12.243878,17.296394,Very Low,16.586414,56.7,16.514286,100,1747041300,15.742857
2025-05-12T09:20:38Z,0,29.879,72.5,58,65.3,10,9,236,73,0.0,255,32767,0.0,2127-15-31,0.0,0.16,26.24,0.0,0.0,0.0,0,4.828125,6,84,05:49,20:11,2025-05-12 09:20:38.291628,Città della Scienza,64.8,16.565325,11.063745,15.304849,12.725965,EU EEA Common AQI,69.0,15.907455,9.999111,7200,13.914286,100,100,60.4,12.594285,Very Low,69.1,15.223378,100,1747041300,Very Low,12.243878,17.296394,Very Low,16.586414,56.7,16.514286,100,1747041300,15.742857
2025-05-12T09:20:49Z,0,29.879,72.5,58,65.3,8,9,202,73,0.0,255,32767,0.0,2127-15-31,0.0,0.16,26.24,0.0,0.0,0.0,0,4.828125,6,84,05:49,20:11,2025-05-12 09:20:49.354618,Città della Scienza,64.8,16.565325,11.063745,15.304849,12.725965,EU EEA Common AQI,69.0,15.907455,9.999111,7200,13.914286,100,100,60.4,12.594285,Very Low,69.1,15.223378,100,1747041300,Very Low,12.243878,17.296394,Very Low,16.586414,56.7,16.514286,100,1747041300,15.742857
2025-05-12T09:21:00Z,0,29.879,72.5,58,65.3,8,9,240,73,0.0,255,32767,0.0,2127-15-31,0.0,0.16,26.24,0.0,0.0,0.0,0,4.828125,6,84,05:49,20:11,2025-05-12 09:21:00.436601,Città della Scienza,64.8,16.565325,11.063745,15.304849,12.725965,EU EEA Common AQI,69.0,15.907455,9.999111,7200,13.914286,100,100,60.4,12.594285,Very Low,69.1,15.223378,100,1747041300,Very Low,12.243878,17.296394,Very Low,16.586414,56.7,16.514286,100,1747041300,15.742857
2025-05-12T09:21:11Z,0,29.879,72.5,58,65.3,8,9,254,73,0.0,255,32767,0.0,2127-15-31,0.0,0.16,26.24,0.0,0.0,0.0,0,4.828125,6,84,05:49,20:11,2025-05-12 09:21:11.508571,Città della Scienza,64.8,16.565325,11.063745,15.304849,12.725965,EU EEA Common AQI,69.0,15.907455,9.999111,7200,13.914286,100,100,60.4,12.594285,Very Low,69.1,15.223378,100,1747041300,Very Low,12.243878,17.296394,Very Low,16.586414,56.7,16.514286,100,1747041300,15.742857
2025-05-12T09:21:22Z,0,29.879,72.5,58,65.2,9,9,238,73,0.0,255,32767,0.0,2127-15-31,0.0,0.16,26.24,0.0,0.0,0.0,0,4.828125,6,84,05:49,20:11,2025-05-12 09:21:22.614596,Città della Scienza,64.8,16.565325,11.063745,15.304849,12.725965,EU EEA Common AQI,69.0,15.907455,9.999111,7200,13.914286,100,100,60.4,12.594285,Very Low,69.1,15.223378,100,1747041300,Very Low,12.243878,17.296394,Very Low,16.586414,56.7,16.514286,100,1747041300,15.742857
2025-05-12T09:21:33Z,0,29.879,72.4,58,65.3,9,9,238,73,0.0,255,32767,0.0,2127-15-31,0.0,0.16,26.24,0.0,0.0,0.0,0,4.828125,6,84,05:49,20:11,2025-05-12 09:21:33.653618,Città della Scienza,64.8,16.565325,11.063745,15.304849,12.725965,EU EEA Common AQI,69.0,15.907455,9.999111,7200,13.914286,100,100,60.4,12.594285,Very Low,69.1,15.223378,100,1747041300,Very Low,12.243878,17.296394,Very Low,16.586414,56.7,16.514286,100,1747041300,15.742857
2025-05-12T09:21:44Z,0,29.879,72.4,58,65.3,11,9,235,73,0.0,255,32767,0.0,2127-15-31,0.0,0.16,26.24,0.0,0.0,0.0,0,4.828125,6,84,05:49,20:11,2025-05-12 09:21:44.754595,Città della Scienza,64.8,16.565325,11.063745,15.304849,12.725965,EU EEA Common AQI,69.0,15.907455,9.999111,7200,13.914286,100,100,60.4,12.594285,Very Low,69.1,15.223378,100,1747041300,Very Low,12.243878,17.296394,Very Low,16.586414,56.7,16.514286,100,1747041300,15.742857
2025-05-12T09:21:56Z,0,29.879,72.4,58,65.3,10,9,232,73,0.0,255,32767,0.0,2127-15-31,0.0,0.16,26.24,0.0,0.0,0.0,0,4.828125,6,84,05:49,20:11,2025-05-12 09:21:55.839594,Città della Scienza,64.8,16.565325,11.063745,15.304849,12.725965,EU EEA Common AQI,69.0,15.907455,9.999111,7200,13.914286,100,100,60.4,12.594285,Very Low,69.1,15.223378,100,1747041300,Very Low,12.243878,17.296394,Very Low,16.586414,56.7,16.514286,100,1747041300,15.742857
2025-05-12T09:22:07Z,0,29.879,72.4,58,65.2,8,9,229,73,0.0,255,32767,0.0,2127-15-31,0.0,0.16,26.24,0.0,0.0,0.0,0,4.828125,6,84,05:49,20:11,2025-05-12 09:22:06.921602,Città della Scienza,64.8,16.565325,11.063745,15.304849,12.725965,EU EEA Common AQI,69.0,15.907455,9.999111,7200,13.914286,100,100,60.4,12.594285,Very Low,69.1,15.223378,100,1747041300,Very Low,12.243878,17.296394,Very Low,16.586414,56.7,16.514286,100,1747041300,15.742857
2025-05-12T09:22:18Z,0,29.879,72.4,58,65.2,9,9,240,73,0.0,255,32767,0.0,2127-15-31,0.0,0.16,26.24,0.0,0.0,0.0,0,4.828125,6,84,05:49,20:11,2025-05-12 09:22:18.005592,Città della Scienza,64.8,16.565325,11.063745,15.304849,12.725965,EU EEA Common AQI,69.0,15.907455,9.999111,7200,13.914286,100,100,60.4,12.594285,Very Low,69.1,15.223378,100,1747041300,Very Low,12.243878,17.296394,Very Low,16.586414,56.7,16.514286,100,1747041300,15.742857
2025-05-12T09:22:29Z,0,29.879,72.4,58,65.2,7,9,222,73,0.0,255,32767,0.0,2127-15-31,0.0,0.16,26.24,0.0,0.0,0.0,0,4.828125,6,84,05:49,20:11,2025-05-12 09:22:29.130601,Città della Scienza,64.8,16.565325,11.063745,15.304849,12.725965,EU EEA Common AQI,69.0,15.907455,9.999111,7200,13.914286,100,100,60.4,12.594285,Very Low,69.1,15.223378,100,1747041300,Very Low,12.243878,17.296394,Very Low,16.586414,56.7,16.514286,100,1747041300,15.742857
2025-05-12T09:22:40Z,0,29.879,72.4,58,65.2,10,9,222,73,0.0,255,32767,0.0,2127-15-31,0.0,0.16,26.24,0.0,0.0,0.0,0,4.828125,6,84,05:49,20:11,2025-05-12 09:22:40.185611,Città della Scienza,64.8,16.565325,11.063745,15.304849,12.725965,EU EEA Common AQI,69.0,15.907455,9.999111,7200,13.914286,100,100,60.4,12.594285,Very Low,69.1,15.223378,100,1747041300,Very Low,12.243878,17.296394,Very Low,16.586414,56.7,16.514286,100,1747041300,15.742857
2025-05-12T09:22:51Z,0,29.879,72.4,58,65.2,8,9,224,73,0.0,255,32767,0.0,2127-15-31,0.0,0.16,26.24,0.0,0.0,0.0,0,4.828125,6,84,05:49,20:11,2025-05-12 09:22:51.275593,Città della Scienza,64.8,16.565325,11.063745,15.304849,12.725965,EU EEA Common AQI,69.0,15.907455,9.999111,7200,13.914286,100,100,60.4,12.594285,Very Low,69.1,15.223378,100,1747041300,Very Low,12.243878,17.296394,Very Low,16.586414,56.7,16.514286,100,1747041300,15.742857
2025-05-12T09:23:02Z,0,29.879,72.4,58,65.3,8,9,258,73,0.0,255,32767,0.0,2127-15-31,0.0,0.16,26.24,0.0,0.0,0.0,0,4.828125,6,84,05:49,20:11,2025-05-12 09:23:02.386605,Città della Scienza,64.8,16.565325,11.063745,15.304849,12.725965,EU EEA Common AQI,69.0,15.907455,9.999111,7200,13.914286,100,100,60.4,12.594285,Very Low,69.1,15.223378,100,1747041300,Very Low,12.243878,17.296394,Very Low,16.586414,56.7,16.514286,100,1747041300,15.742857
2025-05-12T09:23:13Z,0,29.879,72.4,58,65.2,6,9,261,73,0.0,255,32767,0.0,2127-15-31,0.0,0.16,26.24,0.0,0.0,0.0,0,4.828125,6,84,05:49,20:11,2025-05-12 09:23:13.471616,Città della Scienza,64.8,16.565325,11.063745,15.304849,12.725965,EU EEA Common AQI,69.0,15.907455,9.999111,7200,13.914286,100,100,60.4,12.594285,Very Low,69.1,15.223378,100,1747041300,Very Low,12.243878,17.296394,Very Low,16.586414,56.7,16.514286,100,1747041300,15.742857
2025-05-12T09:23:24Z,0,29.879,72.4,58,65.3,7,9,252,73,0.0,255,32767,0.0,2127-15-31,0.0,0.16,26.24,0.0,0.0,0.0,0,4.828125,6,84,05:49,20:11,2025-05-12 09:23:24.538597,Città della Scienza,64.8,16.565325,11.063745,15.304849,12.725965,EU EEA Common AQI,69.0,15.907455,9.999111,7200,13.914286,100,100,60.4,12.594285,Very Low,69.1,15.223378,100,1747041300,Very Low,12.243878,17.296394,Very Low,16.586414,56.7,16.514286,100,1747041300,15.742857
2025-05-12T09:23:35Z,0,29.878,72.5,58,65.3,9,9,236,73,0.0,255,32767,0.0,2127-15-31,0.0,0.16,26.24,0.0,0.0,0.0,0,4.828125,6,84,05:49,20:11,2025-05-12 09:23:35.638609,Città della Scienza,64.8,16.565325,11.063745,15.304849,12.725965,EU EEA Common AQI,69.0,15.907455,9.999111,7200,13.914286,100,100,60.4,12.594285,Very Low,69.1,15.223378,100,1747041300,Very Low,12.243878,17.296394,Very Low,16.586414,56.7,16.514286,100,1747041300,15.742857
2025-05-12T09:23:46Z,0,29.878,72.5,58,65.2,7,9,213,73,0.0,255,32767,0.0,2127-15-31,0.0,0.16,26.24,0.0,0.0,0.0,0,4.828125,6,84,05:49,20:11,2025-05-12 09:23:46.751599,Città della Scienza,64.8,16.565325,11.063745,15.304849,12.725965,EU EEA Common AQI,69.0,15.907455,9.999111,7200,13.914286,100,100,60.4,12.594285,Very Low,69.1,15.223378,100,1747041300,Very Low,12.243878,17.296394,Very Low,16.586414,56.7,16.514286,100,1747041300,15.742857
2025-05-12T09:23:58Z,0,29.878,72.5,58,65.2,8,9,242,73,0.0,255,32767,0.0,2127-15-31,0.0,0.16,26.24,0.0,0.0,0.0,0,4.828125,6,84,05:49,20:11,2025-05-12 09:23:57.892601,Città della Scienza,64.8,16.565325,11.063745,15.304849,12.725965,EU EEA Common AQI,69.0,15.907455,9.999111,7200,13.914286,100,100,60.4,12.594285,Very Low,69.1,15.223378,100,1747041300,Very Low,12.243878,17.296394,Very Low,16.586414,56.7,16.514286,100,1747041300,15.742857
2025-05-12T09:24:09Z,0,29.878,72.5,58,65.2,8,9,248,73,0.0,255,32767,0.0,2127-15-31,0.0,0.16,26.24,0.0,0.0,0.0,0,4.828125,6,84,05:49,20:11,2025-05-12 09:24:08.981562,Città della Scienza,64.8,16.565325,11.063745,15.304849,12.725965,EU EEA Common AQI,69.0,15.907455,9.999111,7200,13.914286,100,100,60.4,12.594285,Very Low,69.1,15.223378,100,1747041300,Very Low,12.243878,17.296394,Very Low,16.586414,56.7,16.514286,100,1747041300,15.742857
2025-05-12T09:24:20Z,0,29.878,72.5,58,65.3,10,9,259,73,0.0,255,32767,0.0,2127-15-31,0.0,0.16,26.24,0.0,0.0,0.0,0,4.828125,6,84,05:49,20:11,2025-05-12 09:24:20.090604,Città della Scienza,64.8,16.565325,11.063745,15.304849,12.725965,EU EEA Common AQI,69.0,15.907455,9.999111,7200,13.914286,100,100,60.4,12.594285,Very Low,69.1,15.223378,100,1747041300,Very Low,12.243878,17.296394,Very Low,16.586414,56.7,16.514286,100,1747041300,15.742857
2025-05-12T09:24:31Z,0,29.878,72.5,58,65.3,8,9,246,73,0.0,255,32767,0.0,2127-15-31,0.0,0.16,26.24,0.0,0.0,0.0,0,4.828125,6,84,05:49,20:11,2025-05-12 09:24:31.178598,Città della Scienza,64.8,16.565325,11.063745,15.304849,12.725965,EU EEA Common AQI,69.0,15.907455,9.999111,7200,13.914286,100,100,60.4,12.594285,Very Low,69.1,15.223378,100,1747041300,Very Low,12.243878,17.296394,Very Low,16.586414,56.7,16.514286,100,1747041300,15.742857
2025-05-12T09:24:42Z,0,29.88,72.5,58,65.3,8,8,248,73,0.0,255,32767,0.0,2127-15-31,0.0,0.16,26.24,0.0,0.0,0.0,0,4.828125,6,84,05:49,20:11,2025-05-12 09:24:42.258591,Città della Scienza,64.8,16.565325,11.063745,15.304849,12.725965,EU EEA Common AQI,69.0,15.907455,9.999111,7200,13.914286,100,100,60.4,12.594285,Very Low,69.1,15.223378,100,1747041300,Very Low,12.243878,17.296394,Very Low,16.586414,56.7,16.514286,100,1747041300,15.742857
2025-05-12T09:24:53Z,0,29.88,72.5,58,65.4,10,8,234,73,0.0,255,32767,0.0,2127-15-31,0.0,0.16,26.24,0.0,0.0,0.0,0,4.828125,6,84,05:49,20:11,2025-05-12 09:24:53.337591,Città della Scienza,64.8,16.565325,11.063745,15.304849,12.725965,EU EEA Common AQI,69.0,15.907455,9.999111,7200,13.914286,100,100,60.4,12.594285,Very Low,69.1,15.223378,100,1747041300,Very Low,12.243878,17.296394,Very Low,16.586414,56.7,16.514286,100,1747041300,15.742857
2025-05-12T09:25:04Z,0,29.88,72.5,58,65.3,8,8,213,73,0.0,255,32767,0.0,2127-15-31,0.0,0.16,26.24,0.0,0.0,0.0,0,4.828125,6,84,05:49,20:11,2025-05-12 09:25:04.415591,Città della Scienza,64.8,16.565325,11.063745,15.304849,12.725965,EU EEA Common AQI,69.0,15.907455,9.999111,7200,13.914286,100,100,60.4,12.594285,Very Low,69.1,15.223378,100,1747041300,Very Low,12.243878,17.296394,Very Low,16.586414,56.7,16.514286,100,1747041300,15.742857
2025-05-12T09:25:15Z,0,29.88,72.5,58,65.3,7,8,227,73,0.0,255,32767,0.0,2127-15-31,0.0,0.16,26.24,0.0,0.0,0.0,0,4.828125,6,84,05:49,20:11,2025-05-12 09:25:15.491614,Città della Scienza,64.8,16.565325,11.063745,15.304849,12.725965,EU EEA Common AQI,69.0,15.907455,9.999111,7200,13.914286,100,100,60.4,12.594285,Very Low,69.1,15.223378,100,1747041300,Very Low,12.243878,17.296394,Very Low,16.586414,56.7,16.514286,100,1747041300,15.742857
2025-05-12T09:25:26Z,0,29.88,72.5,58,65.3,10,8,237,73,0.0,255,32767,0.0,2127-15-31,0.0,0.16,26.24,0.0,0.0,0.0,0,4.828125,6,84,05:49,20:11,2025-05-12 09:25:26.537606,Città della Scienza,64.8,16.565325,11.063745,15.304849,12.725965,EU EEA Common AQI,69.0,15.907455,9.999111,7200,13.914286,100,100,60.4,12.594285,Very Low,69.1,15.223378,100,1747041300,Very Low,12.243878,17.296394,Very Low,16.586414,56.7,16.514286,100,1747041300,15.742857
2025-05-12T09:25:37Z,0,29.877,72.5,58,65.3,8,8,226,73,0.0,255,32767,0.0,2127-15-31,0.0,0.16,26.24,0.0,0.0,0.0,0,4.828125,6,84,05:49,20:11,2025-05-12 09:25:37.635606,Città della Scienza,64.8,16.565325,11.063745,15.304849,12.725965,EU EEA Common AQI,69.0,15.907455,9.999111,7200,13.914286,100,100,60.4,12.594285,Very Low,69.1,15.223378,100,1747041300,Very Low,12.243878,17.296394,Very Low,16.586414,56.7,16.514286,100,1747041300,15.742857
2025-05-12T09:25:48Z,0,29.877,72.5,58,65.3,8,8,248,73,0.0,255,32767,0.0,2127-15-31,0.0,0.16,26.24,0.0,0.0,0.0,0,4.828125,6,84,05:49,20:11,2025-05-12 09:25:48.712598,Città della Scienza,64.8,16.565325,11.063745,15.304849,12.725965,EU EEA Common AQI,69.0,15.907455,9.999111,7200,13.914286,100,100,60.4,12.594285,Very Low,69.1,15.223378,100,1747041300,Very Low,12.243878,17.296394,Very Low,16.586414,56.7,16.514286,100,1747041300,15.742857
2025-05-12T09:26:00Z,0,29.877,72.5,58,65.3,10,8,236,73,0.0,255,32767,0.0,2127-15-31,0.0,0.16,26.24,0.0,0.0,0.0,0,4.828125,6,84,05:49,20:11,2025-05-12 09:25:59.804630,Città della Scienza,64.8,16.565325,11.063745,15.304849,12.725965,EU EEA Common AQI,69.0,15.907455,9.999111,7200,13.914286,100,100,60.4,12.594285,Very Low,69.1,15.223378,100,1747041300,Very Low,12.243878,17.296394,Very Low,16.586414,56.7,16.514286,100,1747041300,15.742857
2025-05-12T09:26:11Z,0,29.877,72.5,58,65.3,4,8,265,73,0.0,255,32767,0.0,2127-15-31,0.0,0.16,26.24,0.0,0.0,0.0,0,4.828125,6,84,05:49,20:11,2025-05-12 09:26:10.871603,Città della Scienza,64.8,16.565325,11.063745,15.304849,12.725965,EU EEA Common AQI,69.0,15.907455,9.999111,7200,13.914286,100,100,60.4,12.594285,Very Low,69.1,15.223378,100,1747041300,Very Low,12.243878,17.296394,Very Low,16.586414,56.7,16.514286,100,1747041300,15.742857
2025-05-12T09:26:22Z,0,29.877,72.5,58,65.4,10,8,236,73,0.0,255,32767,0.0,2127-15-31,0.0,0.16,26.24,0.0,0.0,0.0,0,4.828125,6,84,05:49,20:11,2025-05-12 09:26:21.973596,Città della Scienza,64.8,16.565325,11.063745,15.304849,12.725965,EU EEA Common AQI,69.0,15.907455,9.999111,7200,13.914286,100,100,60.4,12.594285,Very Low,69.1,15.223378,100,1747041300,Very Low,12.243878,17.296394,Very Low,16.586414,56.7,16.514286,100,1747041300,15.742857
2025-05-12T09:26:33Z,0,29.878,72.5,58,65.4,6,8,229,73,0.0,255,32767,0.0,2127-15-31,0.0,0.16,26.24,0.0,0.0,0.0,0,4.828125,6,84,05:49,20:11,2025-05-12 09:26:33.061594,Città della Scienza,64.8,16.565325,11.063745,15.304849,12.725965,EU EEA Common AQI,69.0,15.907455,9.999111,7200,13.914286,100,100,60.4,12.594285,Very Low,69.1,15.223378,100,1747041300,Very Low,12.243878,17.296394,Very Low,16.586414,56.7,16.514286,100,1747041300,15.742857
2025-05-12T09:26:44Z,0,29.878,72.5,58,65.4,10,8,244,73,0.0,255,32767,0.0,2127-15-31,0.0,0.16,26.24,0.0,0.0,0.0,0,4.828125,6,84,05:49,20:11,2025-05-12 09:26:44.135599,Città della Scienza,64.8,16.565325,11.063745,15.304849,12.725965,EU EEA Common AQI,69.0,15.907455,9.999111,7200,13.914286,100,100,60.4,12.594285,Very Low,69.1,15.223378,100,1747041300,Very Low,12.243878,17.296394,Very Low,16.586414,56.7,16.514286,100,1747041300,15.742857
2025-05-12T09:26:55Z,0,29.878,72.5,58,65.3,4,8,253,73,0.0,255,32767,0.0,2127-15-31,0.0,0.16,26.24,0.0,0.0,0.0,0,4.828125,6,84,05:49,20:11,2025-05-12 09:26:55.208594,Città della Scienza,64.8,16.565325,11.063745,15.304849,12.725965,EU EEA Common AQI,69.0,15.907455,9.999111,7200,13.914286,100,100,60.4,12.594285,Very Low,69.1,15.223378,100,1747041300,Very Low,12.243878,17.296394,Very Low,16.586414,56.7,16.514286,100,1747041300,15.742857
2025-05-12T09:27:06Z,0,29.878,72.5,58,65.3,10,8,232,73,0.0,255,32767,0.0,2127-15-31,0.0,0.16,26.24,0.0,0.0,0.0,0,4.828125,6,84,05:49,20:11,2025-05-12 09:27:06.250599,Città della Scienza,64.8,16.565325,11.063745,15.304849,12.725965,EU EEA Common AQI,69.0,15.907455,9.999111,7200,13.914286,100,100,60.4,12.594285,Very Low,69.1,15.223378,100,1747041300,Very Low,12.243878,17.296394,Very Low,16.586414,56.7,16.514286,100,1747041300,15.742857
2025-05-12T09:27:17Z,0,29.878,72.5,58,65.4,8,8,225,73,0.0,255,32767,0.0,2127-15-31,0.0,0.16,26.24,0.0,0.0,0.0,0,4.828125,6,84,05:49,20:11,2025-05-12 09:27:17.329589,Città della Scienza,64.8,16.565325,11.063745,15.304849,12.725965,EU EEA Common AQI,69.0,15.907455,9.999111,7200,13.914286,100,100,60.4,12.594285,Very Low,69.1,15.223378,100,1747041300,Very Low,12.243878,17.296394,Very Low,16.586414,56.7,16.514286,100,1747041300,15.742857
2025-05-12T09:27:28Z,0,29.878,72.5,58,65.3,4,8,257,73,0.0,255,32767,0.0,2127-15-31,0.0,0.16,26.24,0.0,0.0,0.0,0,4.828125,6,84,05:49,20:11,2025-05-12 09:27:28.459602,Città della Scienza,64.8,16.565325,11.063745,15.304849,12.725965,EU EEA Common AQI,69.0,15.907455,9.999111,7200,13.914286,100,100,60.4,12.594285,Very Low,69.1,15.223378,100,1747041300,Very Low,12.243878,17.296394,Very Low,16.586414,56.7,16.514286,100,1747041300,15.742857
2025-05-12T09:27:39Z,0,29.879,72.5,58,65.4,9,8,234,73,0.0,255,32767,0.0,2127-15-31,0.0,0.16,26.24,0.0,0.0,0.0,0,4.828125,6,84,05:49,20:11,2025-05-12 09:27:39.508593,Città della Scienza,64.8,16.565325,11.063745,15.304849,12.725965,EU EEA Common AQI,69.0,15.907455,9.999111,7200,13.914286,100,100,60.4,12.594285,Very Low,69.1,15.223378,100,1747041300,Very Low,12.243878,17.296394,Very Low,16.586414,56.7,16.514286,100,1747041300,15.742857
2025-05-12T09:27:50Z,0,29.879,72.5,58,65.4,9,8,230,73,0.0,255,32767,0.0,2127-15-31,0.0,0.16,26.24,0.0,0.0,0.0,0,4.828125,6,84,05:49,20:11,2025-05-12 09:27:50.585604,Città della Scienza,64.8,16.565325,11.063745,15.304849,12.725965,EU EEA Common AQI,69.0,15.907455,9.999111,7200,13.914286,100,100,60.4,12.594285,Very Low,69.1,15.223378,100,1747041300,Very Low,12.243878,17.296394,Very Low,16.586414,56.7,16.514286,100,1747041300,15.742857
2025-05-12T09:28:01Z,0,29.879,72.5,58,65.4,7,8,221,73,0.0,255,32767,0.0,2127-15-31,0.0,0.16,26.24,0.0,0.0,0.0,0,4.828125,6,84,05:49,20:11,2025-05-12 09:28:01.653598,Città della Scienza,64.8,16.565325,11.063745,15.304849,12.725965,EU EEA Common AQI,69.0,15.907455,9.999111,7200,13.914286,100,100,60.4,12.594285,Very Low,69.1,15.223378,100,1747041300,Very Low,12.243878,17.296394,Very Low,16.586414,56.7,16.514286,100,1747041300,15.742857
2025-05-12T09:28:12Z,0,29.879,72.5,58,65.4,4,8,236,73,0.0,255,32767,0.0,2127-15-31,0.0,0.16,26.24,0.0,0.0,0.0,0,4.828125,6,84,05:49,20:11,2025-05-12 09:28:12.754608,Città della Scienza,64.8,16.565325,11.063745,15.304849,12.725965,EU EEA Common AQI,69.0,15.907455,9.999111,7200,13.914286,100,100,60.4,12.594285,Very Low,69.1,15.223378,100,1747041300,Very Low,12.243878,17.296394,Very Low,16.586414,56.7,16.514286,100,1747041300,15.742857
2025-05-12T09:28:24Z,0,29.879,72.5,58,65.4,7,8,235,73,0.0,255,32767,0.0,2127-15-31,0.0,0.16,26.24,0.0,0.0,0.0,0,4.828125,6,84,05:49,20:11,2025-05-12 09:28:23.816595,Città della Scienza,64.8,16.565325,11.063745,15.304849,12.725965,EU EEA Common AQI,69.0,15.907455,9.999111,7200,13.914286,100,100,60.4,12.594285,Very Low,69.1,15.223378,100,1747041300,Very Low,12.243878,17.296394,Very Low,16.586414,56.7,16.514286,100,1747041300,15.742857
2025-05-12T09:28:35Z,0,29.877,72.5,58,65.4,8,8,242,73,0.0,255,32767,0.0,2127-15-31,0.0,0.16,26.24,0.0,0.0,0.0,0,4.828125,6,84,05:49,20:11,2025-05-12 09:28:34.904593,Città della Scienza,64.8,16.565325,11.063745,15.304849,12.725965,EU EEA Common AQI,69.0,15.907455,9.999111,7200,13.914286,100,100,60.4,12.594285,Very Low,69.1,15.223378,100,1747041300,Very Low,12.243878,17.296394,Very Low,16.586414,56.7,16.514286,100,1747041300,15.742857
2025-05-12T09:28:46Z,0,29.877,72.5,58,65.4,10,8,247,73,0.0,255,32767,0.0,2127-15-31,0.0,0.16,26.24,0.0,0.0,0.0,0,4.828125,6,84,05:49,20:11,2025-05-12 09:28:46.024599,Città della Scienza,64.8,16.565325,11.063745,15.304849,12.725965,EU EEA Common AQI,69.0,15.907455,9.999111,7200,13.914286,100,100,60.4,12.594285,Very Low,69.1,15.223378,100,1747041300,Very Low,12.243878,17.296394,Very Low,16.586414,56.7,16.514286,100,1747041300,15.742857
2025-05-12T09:28:57Z,0,29.877,72.5,58,65.4,7,8,234,73,0.0,255,32767,0.0,2127-15-31,0.0,0.16,26.24,0.0,0.0,0.0,0,4.828125,6,84,05:49,20:11,2025-05-12 09:28:57.100571,Città della Scienza,64.8,16.565325,11.063745,15.304849,12.725965,EU EEA Common AQI,69.0,15.907455,9.999111,7200,13.914286,100,100,60.4,12.594285,Very Low,69.1,15.223378,100,1747041300,Very Low,12.243878,17.296394,Very Low,16.586414,56.7,16.514286,100,1747041300,15.742857
2025-05-12T09:29:08Z,0,29.877,72.5,58,65.4,9,8,237,73,0.0,255,32767,0.0,2127-15-31,0.0,0.16,26.24,0.0,0.0,0.0,0,4.828125,6,84,05:49,20:11,2025-05-12 09:29:08.224555,Città della Scienza,64.8,16.565325,11.063745,15.304849,12.725965,EU EEA Common AQI,69.0,15.907455,9.999111,7200,13.914286,100,100,60.4,12.594285,Very Low,69.1,15.223378,100,1747041300,Very Low,12.243878,17.296394,Very Low,16.586414,56.7,16.514286,100,1747041300,15.742857
2025-05-12T09:29:19Z,0,29.877,72.5,58,65.5,5,8,246,73,0.0,255,32767,0.0,2127-15-31,0.0,0.16,26.24,0.0,0.0,0.0,0,4.828125,6,84,05:49,20:11,2025-05-12 09:29:19.321591,Città della Scienza,64.8,16.565325,11.063745,15.304849,12.725965,EU EEA Common AQI,69.0,15.907455,9.999111,7200,13.914286,100,100,60.4,12.594285,Very Low,69.1,15.223378,100,1747041300,Very Low,12.243878,17.296394,Very Low,16.586414,56.7,16.514286,100,1747041300,15.742857
2025-05-12T09:29:30Z,0,29.877,72.5,58,65.5,7,8,236,73,0.0,255,32767,0.0,2127-15-31,0.0,0.16,26.24,0.0,0.0,0.0,0,4.828125,6,84,05:49,20:11,2025-05-12 09:29:30.367598,Città della Scienza,64.8,16.565325,11.063745,15.304849,12.725965,EU EEA Common AQI,69.0,15.907455,9.999111,7200,13.914286,100,100,60.4,12.594285,Very Low,69.1,15.223378,100,1747041300,Very Low,12.243878,17.296394,Very Low,16.586414,56.7,16.514286,100,1747041300,15.742857
2025-05-12T09:29:41Z,0,29.876,72.5,58,65.5,9,8,238,73,0.0,255,32767,0.0,2127-15-31,0.0,0.16,26.24,0.0,0.0,0.0,0,4.828125,6,84,05:49,20:11,2025-05-12 09:29:41.437602,Città della Scienza,64.8,16.565325,11.063745,15.304849,12.725965,EU EEA Common AQI,69.0,15.907455,9.999111,7200,13.914286,100,100,60.4,12.594285,Very Low,69.1,15.223378,100,1747041300,Very Low,12.243878,17.296394,Very Low,16.586414,56.7,16.514286,100,1747041300,15.742857
2025-05-12T09:29:52Z,0,29.876,72.5,58,65.4,7,8,277,73,0.0,255,32767,0.0,2127-15-31,0.0,0.16,26.24,0.0,0.0,0.0,0,4.828125,6,84,05:49,20:11,2025-05-12 09:29:52.540593,Città della Scienza,64.8,16.565325,11.063745,15.304849,12.725965,EU EEA Common AQI,69.0,15.907455,9.999111,7200,13.914286,100,100,60.4,12.594285,Very Low,69.1,15.223378,100,1747041300,Very Low,12.243878,17.296394,Very Low,16.586414,56.7,16.514286,100,1747041300,15.742857
2025-05-12T09:30:03Z,0,29.876,72.5,58,65.5,8,8,254,73,0.0,255,32767,0.0,2127-15-31,0.0,0.16,26.24,0.0,0.0,0.0,0,4.828125,6,84,05:49,20:11,2025-05-12 09:30:03.614632,Città della Scienza,64.8,16.565325,11.063745,15.304849,12.725965,EU EEA Common AQI,69.0,15.907455,9.999111,7200,13.914286,100,100,60.4,12.594285,Very Low,69.1,15.223378,100,1747041300,Very Low,12.243878,17.296394,Very Low,16.586414,56.7,16.514286,100,1747041300,15.742857
2025-05-12T09:30:14Z,0,29.876,72.5,58,65.5,4,8,225,73,0.0,255,32767,0.0,2127-15-31,0.0,0.16,26.24,0.0,0.0,0.0,0,4.828125,6,84,05:49,20:11,2025-05-12 09:30:14.741594,Città della Scienza,64.8,16.565325,11.063745,15.304849,12.725965,EU EEA Common AQI,69.0,15.907455,9.999111,7200,13.914286,100,100,60.4,12.594285,Very Low,69.1,15.223378,100,1747041300,Very Low,12.243878,17.296394,Very Low,16.586414,56.7,16.514286,100,1747041300,15.742857
2025-05-12T09:30:26Z,0,29.876,72.5,58,65.5,8,8,243,74,0.0,255,32767,0.0,2127-15-31,0.0,0.16,26.24,0.0,0.0,0.0,0,4.828125,6,84,05:49,20:11,2025-05-12 09:30:25.813612,Città della Scienza,64.6,16.424616,10.9813175,14.736261,12.638914,EU EEA Common AQI,69.3,15.798644,9.9248295,7200,16.89855,100,100,60.6,15.849276,Very Low,69.4,15.113317,100,1747042200,Very Low,11.789008,17.141207,Very Low,15.907607,57.0,21.057972,100,1747042200,19.811594
2025-05-12T09:30:37Z,0,29.877,72.5,58,65.5,5,8,224,74,0.0,255,32767,0.0,2127-15-31,0.0,0.16,26.24,0.0,0.0,0.0,0,4.828125,6,84,05:49,20:11,2025-05-12 09:30:36.859612,Città della Scienza,64.6,16.424616,10.9813175,14.736261,12.638914,EU EEA Common AQI,69.3,15.798644,9.9248295,7200,16.89855,100,100,60.6,15.849276,Very Low,69.4,15.113317,100,1747042200,Very Low,11.789008,17.141207,Very Low,15.907607,57.0,21.057972,100,1747042200,19.811594
2025-05-12T09:30:48Z,0,29.877,72.5,58,65.6,7,8,263,74,0.0,255,32767,0.0,2127-15-31,0.0,0.16,26.24,0.0,0.0,0.0,0,4.828125,6,84,05:49,20:11,2025-05-12 09:30:47.892609,Città della Scienza,64.6,16.424616,10.9813175,14.736261,12.638914,EU EEA Common AQI,69.3,15.798644,9.9248295,7200,16.89855,100,100,60.6,15.849276,Very Low,69.4,15.113317,100,1747042200,Very Low,11.789008,17.141207,Very Low,15.907607,57.0,21.057972,100,1747042200,19.811594
2025-05-12T09:30:59Z,0,29.877,72.5,58,65.6,5,8,226,74,0.0,255,32767,0.0,2127-15-31,0.0,0.16,26.24,0.0,0.0,0.0,0,4.828125,6,84,05:49,20:11,2025-05-12 09:30:58.979561,Città della Scienza,64.6,16.424616,10.9813175,14.736261,12.638914,EU EEA Common AQI,69.3,15.798644,9.9248295,7200,16.89855,100,100,60.6,15.849276,Very Low,69.4,15.113317,100,1747042200,Very Low,11.789008,17.141207,Very Low,15.907607,57.0,21.057972,100,1747042200,19.811594
2025-05-12T09:31:10Z,0,29.877,72.5,58,65.6,8,8,267,74,0.0,255,32767,0.0,2127-15-31,0.0,0.16,26.24,0.0,0.0,0.0,0,4.828125,6,84,05:49,20:11,2025-05-12 09:31:10.074592,Città della Scienza,64.6,16.424616,10.9813175,14.736261,12.638914,EU EEA Common AQI,69.3,15.798644,9.9248295,7200,16.89855,100,100,60.6,15.849276,Very Low,69.4,15.113317,100,1747042200,Very Low,11.789008,17.141207,Very Low,15.907607,57.0,21.057972,100,1747042200,19.811594
2025-05-12T09:31:21Z,0,29.877,72.5,58,65.6,6,8,240,73,0.0,255,32767,0.0,2127-15-31,0.0,0.16,26.24,0.0,0.0,0.0,0,4.828125,6,84,05:49,20:11,2025-05-12 09:31:21.161604,Città della Scienza,64.6,16.424616,10.9813175,14.736261,12.638914,EU EEA Common AQI,69.3,15.798644,9.9248295,7200,16.89855,100,100,60.6,15.849276,Very Low,69.4,15.113317,100,1747042200,Very Low,11.789008,17.141207,Very Low,15.907607,57.0,21.057972,100,1747042200,19.811594
2025-05-12T09:31:32Z,0,29.877,72.5,58,65.7,5,8,249,73,0.0,255,32767,0.0,2127-15-31,0.0,0.16,26.24,0.0,0.0,0.0,0,4.828125,6,84,05:49,20:11,2025-05-12 09:31:32.229595,Città della Scienza,64.6,16.424616,10.9813175,14.736261,12.638914,EU EEA Common AQI,69.3,15.798644,9.9248295,7200,16.89855,100,100,60.6,15.849276,Very Low,69.4,15.113317,100,1747042200,Very Low,11.789008,17.141207,Very Low,15.907607,57.0,21.057972,100,1747042200,19.811594
2025-05-12T09:31:43Z,0,29.877,72.5,58,65.8,5,8,231,73,0.0,255,32767,0.0,2127-15-31,0.0,0.16,26.24,0.0,0.0,0.0,0,4.828125,6,84,05:49,20:11,2025-05-12 09:31:43.344596,Città della Scienza,64.6,16.424616,10.9813175,14.736261,12.638914,EU EEA Common AQI,69.3,15.798644,9.9248295,7200,16.89855,100,100,60.6,15.849276,Very Low,69.4,15.113317,100,1747042200,Very Low,11.789008,17.141207,Very Low,15.907607,57.0,21.057972,100,1747042200,19.811594
2025-05-12T09:31:54Z,0,29.877,72.5,58,65.8,9,8,237,73,0.0,255,32767,0.0,2127-15-31,0.0,0.16,26.24,0.0,0.0,0.0,0,4.828125,6,84,05:49,20:11,2025-05-12 09:31:54.431587,Città della Scienza,64.6,16.424616,10.9813175,14.736261,12.638914,EU EEA Common AQI,69.3,15.798644,9.9248295,7200,16.89855,100,100,60.6,15.849276,Very Low,69.4,15.113317,100,1747042200,Very Low,11.789008,17.141207,Very Low,15.907607,57.0,21.057972,100,1747042200,19.811594
2025-05-12T09:32:05Z,0,29.877,72.5,58,65.8,6,8,225,73,0.0,255,32767,0.0,2127-15-31,0.0,0.16,26.24,0.0,0.0,0.0,0,4.828125,6,84,05:49,20:11,2025-05-12 09:32:05.532602,Città della Scienza,64.6,16.424616,10.9813175,14.736261,12.638914,EU EEA Common AQI,69.3,15.798644,9.9248295,7200,16.89855,100,100,60.6,15.849276,Very Low,69.4,15.113317,100,1747042200,Very Low,11.789008,17.141207,Very Low,15.907607,57.0,21.057972,100,1747042200,19.811594
2025-05-12T09:32:16Z,0,29.877,72.5,58,65.8,8,8,232,73,0.0,255,32767,0.0,2127-15-31,0.0,0.16,26.24,0.0,0.0,0.0,0,4.828125,6,84,05:49,20:11,2025-05-12 09:32:16.641604,Città della Scienza,64.6,16.424616,10.9813175,14.736261,12.638914,EU EEA Common AQI,69.3,15.798644,9.9248295,7200,16.89855,100,100,60.6,15.849276,Very Low,69.4,15.113317,100,1747042200,Very Low,11.789008,17.141207,Very Low,15.907607,57.0,21.057972,100,1747042200,19.811594
2025-05-12T09:32:27Z,0,29.877,72.5,58,65.8,5,8,232,73,0.0,255,32767,0.0,2127-15-31,0.0,0.16,26.24,0.0,0.0,0.0,0,4.828125,6,84,05:49,20:11,2025-05-12 09:32:27.760621,Città della Scienza,64.6,16.424616,10.9813175,14.736261,12.638914,EU EEA Common AQI,69.3,15.798644,9.9248295,7200,16.89855,100,100,60.6,15.849276,Very Low,69.4,15.113317,100,1747042200,Very Low,11.789008,17.141207,Very Low,15.907607,57.0,21.057972,100,1747042200,19.811594
2025-05-12T09:32:39Z,0,29.875,72.5,58,65.9,4,8,209,73,0.0,255,32767,0.0,2127-15-31,0.0,0.16,26.24,0.0,0.0,0.0,0,4.828125,6,84,05:49,20:11,2025-05-12 09:32:38.849592,Città della Scienza,64.6,16.424616,10.9813175,14.736261,12.638914,EU EEA Common AQI,69.3,15.798644,9.9248295,7200,16.89855,100,100,60.6,15.849276,Very Low,69.4,15.113317,100,1747042200,Very Low,11.789008,17.141207,Very Low,15.907607,57.0,21.057972,100,1747042200,19.811594
2025-05-12T09:32:50Z,0,29.875,72.5,58,65.9,6,8,213,73,0.0,255,32767,0.0,2127-15-31,0.0,0.16,26.24,0.0,0.0,0.0,0,4.828125,6,84,05:49,20:11,2025-05-12 09:32:49.914620,Città della Scienza,64.6,16.424616,10.9813175,14.736261,12.638914,EU EEA Common AQI,69.3,15.798644,9.9248295,7200,16.89855,100,100,60.6,15.849276,Very Low,69.4,15.113317,100,1747042200,Very Low,11.789008,17.141207,Very Low,15.907607,57.0,21.057972,100,1747042200,19.811594
2025-05-12T09:33:01Z,0,29.875,72.5,58,65.9,5,8,232,73,0.0,255,32767,0.0,2127-15-31,0.0,0.16,26.24,0.0,0.0,0.0,0,4.828125,6,84,05:49,20:11,2025-05-12 09:33:00.992587,Città della Scienza,64.6,16.424616,10.9813175,14.736261,12.638914,EU EEA Common AQI,69.3,15.798644,9.9248295,7200,16.89855,100,100,60.6,15.849276,Very Low,69.4,15.113317,100,1747042200,Very Low,11.789008,17.141207,Very Low,15.907607,57.0,21.057972,100,1747042200,19.811594
2025-05-12T09:33:12Z,0,29.875,72.5,58,65.9,10,8,247,73,0.0,255,32767,0.0,2127-15-31,0.0,0.16,26.24,0.0,0.0,0.0,0,4.828125,6,84,05:49,20:11,2025-05-12 09:33:12.086589,Città della Scienza,64.6,16.424616,10.9813175,14.736261,12.638914,EU EEA Common AQI,69.3,15.798644,9.9248295,7200,16.89855,100,100,60.6,15.849276,Very Low,69.4,15.113317,100,1747042200,Very Low,11.789008,17.141207,Very Low,15.907607,57.0,21.057972,100,1747042200,19.811594
2025-05-12T09:33:23Z,0,29.875,72.5,58,65.9,8,8,261,73,0.0,255,32767,0.0,2127-15-31,0.0,0.16,26.24,0.0,0.0,0.0,0,4.828125,6,84,05:49,20:11,2025-05-12 09:33:23.165597,Città della Scienza,64.6,16.424616,10.9813175,14.736261,12.638914,EU EEA Common AQI,69.3,15.798644,9.9248295,7200,16.89855,100,100,60.6,15.849276,Very Low,69.4,15.113317,100,1747042200,Very Low,11.789008,17.141207,Very Low,15.907607,57.0,21.057972,100,1747042200,19.811594
2025-05-12T09:33:34Z,0,29.876,72.6,58,66.0,8,7,220,73,0.0,255,32767,0.0,2127-15-31,0.0,0.16,26.24,0.0,0.0,0.0,0,4.828125,6,84,05:49,20:11,2025-05-12 09:33:34.230588,Città della Scienza,64.6,16.424616,10.9813175,14.736261,12.638914,EU EEA Common AQI,69.3,15.798644,9.9248295,7200,16.89855,100,100,60.6,15.849276,Very Low,69.4,15.113317,100,1747042200,Very Low,11.789008,17.141207,Very Low,15.907607,57.0,21.057972,100,1747042200,19.811594
2025-05-12T09:33:45Z,0,29.876,72.6,58,65.9,11,7,231,73,0.0,255,32767,0.0,2127-15-31,0.0,0.16,26.24,0.0,0.0,0.0,0,4.828125,6,84,05:49,20:11,2025-05-12 09:33:45.323584,Città della Scienza,64.6,16.424616,10.9813175,14.736261,12.638914,EU EEA Common AQI,69.3,15.798644,9.9248295,7200,16.89855,100,100,60.6,15.849276,Very Low,69.4,15.113317,100,1747042200,Very Low,11.789008,17.141207,Very Low,15.907607,57.0,21.057972,100,1747042200,19.811594
2025-05-12T09:33:56Z,0,29.876,72.6,58,65.9,8,7,229,73,0.0,255,32767,0.0,2127-15-31,0.0,0.16,26.24,0.0,0.0,0.0,0,4.828125,6,84,05:49,20:11,2025-05-12 09:33:56.399600,Città della Scienza,64.6,16.424616,10.9813175,14.736261,12.638914,EU EEA Common AQI,69.3,15.798644,9.9248295,7200,16.89855,100,100,60.6,15.849276,Very Low,69.4,15.113317,100,1747042200,Very Low,11.789008,17.141207,Very Low,15.907607,57.0,21.057972,100,1747042200,19.811594
2025-05-12T09:34:07Z,0,29.876,72.6,58,66.0,9,7,240,73,0.0,255,32767,0.0,2127-15-31,0.0,0.16,26.24,0.0,0.0,0.0,0,4.828125,6,84,05:49,20:11,2025-05-12 09:34:07.493595,Città della Scienza,64.6,16.424616,10.9813175,14.736261,12.638914,EU EEA Common AQI,69.3,15.798644,9.9248295,7200,16.89855,100,100,60.6,15.849276,Very Low,69.4,15.113317,100,1747042200,Very Low,11.789008,17.141207,Very Low,15.907607,57.0,21.057972,100,1747042200,19.811594
2025-05-12T09:34:18Z,0,29.876,72.6,58,66.0,5,7,234,73,0.0,255,32767,0.0,2127-15-31,0.0,0.16,26.24,0.0,0.0,0.0,0,4.828125,6,84,05:49,20:11,2025-05-12 09:34:18.567593,Città della Scienza,64.6,16.424616,10.9813175,14.736261,12.638914,EU EEA Common AQI,69.3,15.798644,9.9248295,7200,16.89855,100,100,60.6,15.849276,Very Low,69.4,15.113317,100,1747042200,Very Low,11.789008,17.141207,Very Low,15.907607,57.0,21.057972,100,1747042200,19.811594
2025-05-12T09:34:29Z,0,29.876,72.6,58,66.0,6,7,236,73,0.0,255,32767,0.0,2127-15-31,0.0,0.16,26.24,0.0,0.0,0.0,0,4.828125,6,84,05:49,20:11,2025-05-12 09:34:29.638602,Città della Scienza,64.6,16.424616,10.9813175,14.736261,12.638914,EU EEA Common AQI,69.3,15.798644,9.9248295,7200,16.89855,100,100,60.6,15.849276,Very Low,69.4,15.113317,100,1747042200,Very Low,11.789008,17.141207,Very Low,15.907607,57.0,21.057972,100,1747042200,19.811594
2025-05-12T09:34:40Z,0,29.877,72.6,58,66.0,5,7,253,73,0.0,255,32767,0.0,2127-15-31,0.0,0.16,26.24,0.0,0.0,0.0,0,4.828125,6,84,05:49,20:11,2025-05-12 09:34:40.739605,Città della Scienza,64.6,16.424616,10.9813175,14.736261,12.638914,EU EEA Common AQI,69.3,15.798644,9.9248295,7200,16.89855,100,100,60.6,15.849276,Very Low,69.4,15.113317,100,1747042200,Very Low,11.789008,17.141207,Very Low,15.907607,57.0,21.057972,100,1747042200,19.811594
2025-05-12T09:34:51Z,0,29.877,72.6,58,66.0,5,7,233,74,0.0,255,32767,0.0,2127-15-31,0.0,0.16,26.24,0.0,0.0,0.0,0,4.828125,6,84,05:49,20:11,2025-05-12 09:34:51.792599,Città della Scienza,64.6,16.424616,10.9813175,14.736261,12.638914,EU EEA Common AQI,69.3,15.798644,9.9248295,7200,16.89855,100,100,60.6,15.849276,Very Low,69.4,15.113317,100,1747042200,Very Low,11.789008,17.141207,Very Low,15.907607,57.0,21.057972,100,1747042200,19.811594
2025-05-12T09:35:03Z,0,29.877,72.6,58,66.1,8,7,241,74,0.0,255,32767,0.0,2127-15-31,0.0,0.16,26.24,0.0,0.0,0.0,0,4.828125,6,84,05:49,20:11,2025-05-12 09:35:02.871601,Città della Scienza,64.6,16.424616,10.9813175,14.736261,12.638914,EU EEA Common AQI,69.3,15.798644,9.9248295,7200,16.89855,100,100,60.6,15.849276,Very Low,69.4,15.113317,100,1747042200,Very Low,11.789008,17.141207,Very Low,15.907607,57.0,21.057972,100,1747042200,19.811594
2025-05-12T09:35:14Z,0,29.877,72.6,58,66.0,7,7,250,74,0.0,255,32767,0.0,2127-15-31,0.0,0.16,26.24,0.0,0.0,0.0,0,4.828125,6,84,05:49,20:11,2025-05-12 09:35:13.957597,Città della Scienza,64.6,16.424616,10.9813175,14.736261,12.638914,EU EEA Common AQI,69.3,15.798644,9.9248295,7200,16.89855,100,100,60.6,15.849276,Very Low,69.4,15.113317,100,1747042200,Very Low,11.789008,17.141207,Very Low,15.907607,57.0,21.057972,100,1747042200,19.811594
2025-05-12T09:35:25Z,0,29.877,72.6,58,66.0,6,7,239,74,0.0,255,32767,0.0,2127-15-31,0.0,0.16,26.24,0.0,0.0,0.0,0,4.828125,6,84,05:49,20:11,2025-05-12 09:35:25.024604,Città della Scienza,64.6,16.424616,10.9813175,14.736261,12.638914,EU EEA Common AQI,69.3,15.798644,9.9248295,7200,16.89855,100,100,60.6,15.849276,Very Low,69.4,15.113317,100,1747042200,Very Low,11.789008,17.141207,Very Low,15.907607,57.0,21.057972,100,1747042200,19.811594
2025-05-12T09:35:36Z,0,29.876,72.6,58,66.0,9,7,258,73,0.0,255,32767,0.0,2127-15-31,0.0,0.16,26.24,0.0,0.0,0.0,0,4.828125,6,84,05:49,20:11,2025-05-12 09:35:36.144596,Città della Scienza,64.6,16.424616,10.9813175,14.736261,12.638914,EU EEA Common AQI,69.3,15.798644,9.9248295,7200,16.89855,100,100,60.6,15.849276,Very Low,69.4,15.113317,100,1747042200,Very Low,11.789008,17.141207,Very Low,15.907607,57.0,21.057972,100,1747042200,19.811594
2025-05-12T09:35:47Z,0,29.876,72.6,58,66.0,7,7,200,73,0.0,255,32767,0.0,2127-15-31,0.0,0.16,26.24,0.0,0.0,0.0,0,4.828125,6,84,05:49,20:11,2025-05-12 09:35:47.265591,Città della Scienza,64.6,16.424616,10.9813175,14.736261,12.638914,EU EEA Common AQI,69.3,15.798644,9.9248295,7200,16.89855,100,100,60.6,15.849276,Very Low,69.4,15.113317,100,1747042200,Very Low,11.789008,17.141207,Very Low,15.907607,57.0,21.057972,100,1747042200,19.811594
2025-05-12T09:35:58Z,0,29.876,72.6,58,66.0,4,7,239,73,0.0,255,32767,0.0,2127-15-31,0.0,0.16,26.24,0.0,0.0,0.0,0,4.828125,6,84,05:49,20:11,2025-05-12 09:35:58.323594,Città della Scienza,64.6,16.424616,10.9813175,14.736261,12.638914,EU EEA Common AQI,69.3,15.798644,9.9248295,7200,16.89855,100,100,60.6,15.849276,Very Low,69.4,15.113317,100,1747042200,Very Low,11.789008,17.141207,Very Low,15.907607,57.0,21.057972,100,1747042200,19.811594
2025-05-12T09:36:09Z,0,29.876,72.6,58,66.0,6,7,238,73,0.0,255,32767,0.0,2127-15-31,0.0,0.16,26.24,0.0,0.0,0.0,0,4.828125,6,84,05:49,20:11,2025-05-12 09:36:09.405596,Città della Scienza,64.6,16.424616,10.9813175,14.736261,12.638914,EU EEA Common AQI,69.3,15.798644,9.9248295,7200,16.89855,100,100,60.6,15.849276,Very Low,69.4,15.113317,100,1747042200,Very Low,11.789008,17.141207,Very Low,15.907607,57.0,21.057972,100,1747042200,19.811594
2025-05-12T09:36:20Z,0,29.876,72.6,58,66.0,6,7,232,73,0.0,255,32767,0.0,2127-15-31,0.0,0.16,26.24,0.0,0.0,0.0,0,4.828125,6,84,05:49,20:11,2025-05-12 09:36:20.495619,Città della Scienza,64.6,16.424616,10.9813175,14.736261,12.638914,EU EEA Common AQI,69.3,15.798644,9.9248295,7200,16.89855,100,100,60.6,15.849276,Very Low,69.4,15.113317,100,1747042200,Very Low,11.789008,17.141207,Very Low,15.907607,57.0,21.057972,100,1747042200,19.811594
2025-05-12T09:36:31Z,0,29.876,72.6,58,66.0,6,7,218,73,0.0,255,32767,0.0,2127-15-31,0.0,0.16,26.24,0.0,0.0,0.0,0,4.828125,6,84,05:49,20:11,2025-05-12 09:36:31.594614,Città della Scienza,64.6,16.424616,10.9813175,14.736261,12.638914,EU EEA Common AQI,69.3,15.798644,9.9248295,7200,16.89855,100,100,60.6,15.849276,Very Low,69.4,15.113317,100,1747042200,Very Low,11.789008,17.141207,Very Low,15.907607,57.0,21.057972,100,1747042200,19.811594
2025-05-12T09:36:42Z,0,29.876,72.6,58,66.1,8,7,238,73,0.0,255,32767,0.0,2127-15-31,0.0,0.16,26.24,0.0,0.0,0.0,0,4.828125,6,84,05:49,20:11,2025-05-12 09:36:42.667590,Città della Scienza,64.6,16.424616,10.9813175,14.736261,12.638914,EU EEA Common AQI,69.3,15.798644,9.9248295,7200,16.89855,100,100,60.6,15.849276,Very Low,69.4,15.113317,100,1747042200,Very Low,11.789008,17.141207,Very Low,15.907607,57.0,21.057972,100,1747042200,19.811594
2025-05-12T09:36:53Z,0,29.876,72.6,58,66.1,10,7,233,73,0.0,255,32767,0.0,2127-15-31,0.0,0.16,26.24,0.0,0.0,0.0,0,4.828125,6,84,05:49,20:11,2025-05-12 09:36:53.765606,Città della Scienza,64.6,16.424616,10.9813175,14.736261,12.638914,EU EEA Common AQI,69.3,15.798644,9.9248295,7200,16.89855,100,100,60.6,15.849276,Very Low,69.4,15.113317,100,1747042200,Very Low,11.789008,17.141207,Very Low,15.907607,57.0,21.057972,100,1747042200,19.811594
2025-05-12T09:37:05Z,0,29.876,72.6,58,66.1,8,7,244,73,0.0,255,32767,0.0,2127-15-31,0.0,0.16,26.24,0.0,0.0,0.0,0,4.828125,6,84,05:49,20:11,2025-05-12 09:37:04.860595,Città della Scienza,64.6,16.424616,10.9813175,14.736261,12.638914,EU EEA Common AQI,69.3,15.798644,9.9248295,7200,16.89855,100,100,60.6,15.849276,Very Low,69.4,15.113317,100,1747042200,Very Low,11.789008,17.141207,Very Low,15.907607,57.0,21.057972,100,1747042200,19.811594
2025-05-12T09:37:16Z,0,29.876,72.6,58,66.1,4,7,217,73,0.0,255,32767,0.0,2127-15-31,0.0,0.16,26.24,0.0,0.0,0.0,0,4.828125,6,84,05:49,20:11,2025-05-12 09:37:15.919598,Città della Scienza,64.6,16.424616,10.9813175,14.736261,12.638914,EU EEA Common AQI,69.3,15.798644,9.9248295,7200,16.89855,100,100,60.6,15.849276,Very Low,69.4,15.113317,100,1747042200,Very Low,11.789008,17.141207,Very Low,15.907607,57.0,21.057972,100,1747042200,19.811594
2025-05-12T09:37:27Z,0,29.876,72.6,58,66.1,3,7,250,73,0.0,255,32767,0.0,2127-15-31,0.0,0.16,26.24,0.0,0.0,0.0,0,4.828125,6,84,05:49,20:11,2025-05-12 09:37:26.994604,Città della Scienza,64.6,16.424616,10.9813175,14.736261,12.638914,EU EEA Common AQI,69.3,15.798644,9.9248295,7200,16.89855,100,100,60.6,15.849276,Very Low,69.4,15.113317,100,1747042200,Very Low,11.789008,17.141207,Very Low,15.907607,57.0,21.057972,100,1747042200,19.811594
2025-05-12T09:37:38Z,0,29.876,72.6,58,66.2,4,7,237,73,0.0,255,32767,0.0,2127-15-31,0.0,0.16,26.24,0.0,0.0,0.0,0,4.828125,6,84,05:49,20:11,2025-05-12 09:37:38.036595,Città della Scienza,64.6,16.424616,10.9813175,14.736261,12.638914,EU EEA Common AQI,69.3,15.798644,9.9248295,7200,16.89855,100,100,60.6,15.849276,Very Low,69.4,15.113317,100,1747042200,Very Low,11.789008,17.141207,Very Low,15.907607,57.0,21.057972,100,1747042200,19.811594
2025-05-12T09:37:49Z,0,29.876,72.6,58,66.2,7,7,247,73,0.0,255,32767,0.0,2127-15-31,0.0,0.16,26.24,0.0,0.0,0.0,0,4.828125,6,84,05:49,20:11,2025-05-12 09:37:49.125598,Città della Scienza,64.6,16.424616,10.9813175,14.736261,12.638914,EU EEA Common AQI,69.3,15.798644,9.9248295,7200,16.89855,100,100,60.6,15.849276,Very Low,69.4,15.113317,100,1747042200,Very Low,11.789008,17.141207,Very Low,15.907607,57.0,21.057972,100,1747042200,19.811594
2025-05-12T09:38:00Z,0,29.876,72.6,58,66.3,7,7,236,73,0.0,255,32767,0.0,2127-15-31,0.0,0.16,26.24,0.0,0.0,0.0,0,4.828125,6,84,05:49,20:11,2025-05-12 09:38:00.180588,Città della Scienza,64.6,16.424616,10.9813175,14.736261,12.638914,EU EEA Common AQI,69.3,15.798644,9.9248295,7200,16.89855,100,100,60.6,15.849276,Very Low,69.4,15.113317,100,1747042200,Very Low,11.789008,17.141207,Very Low,15.907607,57.0,21.057972,100,1747042200,19.811594
2025-05-12T09:38:11Z,0,29.876,72.6,58,66.2,6,7,211,73,0.0,255,32767,0.0,2127-15-31,0.0,0.16,26.24,0.0,0.0,0.0,0,4.828125,6,84,05:49,20:11,2025-05-12 09:38:11.308597,Città della Scienza,64.6,16.424616,10.9813175,14.736261,12.638914,EU EEA Common AQI,69.3,15.798644,9.9248295,7200,16.89855,100,100,60.6,15.849276,Very Low,69.4,15.113317,100,1747042200,Very Low,11.789008,17.141207,Very Low,15.907607,57.0,21.057972,100,1747042200,19.811594
2025-05-12T09:38:22Z,0,29.876,72.6,58,66.3,7,7,267,73,0.0,255,32767,0.0,2127-15-31,0.0,0.16,26.24,0.0,0.0,0.0,0,4.828125,6,84,05:49,20:11,2025-05-12 09:38:22.379598,Città della Scienza,64.6,16.424616,10.9813175,14.736261,12.638914,EU EEA Common AQI,69.3,15.798644,9.9248295,7200,16.89855,100,100,60.6,15.849276,Very Low,69.4,15.113317,100,1747042200,Very Low,11.789008,17.141207,Very Low,15.907607,57.0,21.057972,100,1747042200,19.811594
2025-05-12T09:38:33Z,0,29.875,72.6,58,66.3,4,7,263,73,0.0,255,32767,0.0,2127-15-31,0.0,0.16,26.24,0.0,0.0,0.0,0,4.828125,6,84,05:49,20:11,2025-05-12 09:38:33.511593,Città della Scienza,64.6,16.424616,10.9813175,14.736261,12.638914,EU EEA Common AQI,69.3,15.798644,9.9248295,7200,16.89855,100,100,60.6,15.849276,Very Low,69.4,15.113317,100,1747042200,Very Low,11.789008,17.141207,Very Low,15.907607,57.0,21.057972,100,1747042200,19.811594
2025-05-12T09:38:44Z,0,29.875,72.6,58,66.3,3,7,252,73,0.0,255,32767,0.0,2127-15-31,0.0,0.16,26.24,0.0,0.0,0.0,0,4.828125,6,84,05:49,20:11,2025-05-12 09:38:44.602602,Città della Scienza,64.6,16.424616,10.9813175,14.736261,12.638914,EU EEA Common AQI,69.3,15.798644,9.9248295,7200,16.89855,100,100,60.6,15.849276,Very Low,69.4,15.113317,100,1747042200,Very Low,11.789008,17.141207,Very Low,15.907607,57.0,21.057972,100,1747042200,19.811594
2025-05-12T09:38:55Z,0,29.875,72.6,58,66.3,9,7,236,73,0.0,255,32767,0.0,2127-15-31,0.0,0.16,26.24,0.0,0.0,0.0,0,4.828125,6,84,05:49,20:11,2025-05-12 09:38:55.655598,Città della Scienza,64.6,16.424616,10.9813175,14.736261,12.638914,EU EEA Common AQI,69.3,15.798644,9.9248295,7200,16.89855,100,100,60.6,15.849276,Very Low,69.4,15.113317,100,1747042200,Very Low,11.789008,17.141207,Very Low,15.907607,57.0,21.057972,100,1747042200,19.811594
2025-05-12T09:39:06Z,0,29.875,72.6,58,66.3,6,7,229,73,0.0,255,32767,0.0,2127-15-31,0.0,0.16,26.24,0.0,0.0,0.0,0,4.828125,6,84,05:49,20:11,2025-05-12 09:39:06.736595,Città della Scienza,64.6,16.424616,10.9813175,14.736261,12.638914,EU EEA Common AQI,69.3,15.798644,9.9248295,7200,16.89855,100,100,60.6,15.849276,Very Low,69.4,15.113317,100,1747042200,Very Low,11.789008,17.141207,Very Low,15.907607,57.0,21.057972,100,1747042200,19.811594
2025-05-12T09:39:17Z,0,29.875,72.6,58,66.3,7,7,271,73,0.0,255,32767,0.0,2127-15-31,0.0,0.16,26.24,0.0,0.0,0.0,0,4.828125,6,84,05:49,20:11,2025-05-12 09:39:17.795601,Città della Scienza,64.6,16.424616,10.9813175,14.736261,12.638914,EU EEA Common AQI,69.3,15.798644,9.9248295,7200,16.89855,100,100,60.6,15.849276,Very Low,69.4,15.113317,100,1747042200,Very Low,11.789008,17.141207,Very Low,15.907607,57.0,21.057972,100,1747042200,19.811594
2025-05-12T09:39:29Z,0,29.875,72.6,58,66.3,8,7,250,73,0.0,255,32767,0.0,2127-15-31,0.0,0.16,26.24,0.0,0.0,0.0,0,4.828125,6,84,05:49,20:11,2025-05-12 09:39:28.898593,Città della Scienza,64.6,16.424616,10.9813175,14.736261,12.638914,EU EEA Common AQI,69.3,15.798644,9.9248295,7200,16.89855,100,100,60.6,15.849276,Very Low,69.4,15.113317,100,1747042200,Very Low,11.789008,17.141207,Very Low,15.907607,57.0,21.057972,100,1747042200,19.811594
2025-05-12T09:39:40Z,0,29.877,72.6,58,66.3,4,7,275,73,0.0,255,32767,0.0,2127-15-31,0.0,0.16,26.24,0.0,0.0,0.0,0,4.828125,6,84,05:49,20:11,2025-05-12 09:39:39.993596,Città della Scienza,64.6,16.424616,10.9813175,14.736261,12.638914,EU EEA Common AQI,69.3,15.798644,9.9248295,7200,16.89855,100,100,60.6,15.849276,Very Low,69.4,15.113317,100,1747042200,Very Low,11.789008,17.141207,Very Low,15.907607,57.0,21.057972,100,1747042200,19.811594
2025-05-12T09:40:04Z,0,29.877,72.6,58,66.3,4,7,222,73,0.0,255,32767,0.0,2127-15-31,0.0,0.16,26.24,0.0,0.0,0.0,0,4.828125,6,84,05:49,20:11,2025-05-12 09:40:04.623605,Città della Scienza,64.6,16.424616,10.9813175,14.736261,12.638914,EU EEA Common AQI,69.3,15.798644,9.9248295,7200,16.89855,100,100,60.6,15.849276,Very Low,69.4,15.113317,100,1747042200,Very Low,11.789008,17.141207,Very Low,15.907607,57.0,21.057972,100,1747042200,19.811594
2025-05-12T09:40:15Z,0,29.877,72.6,58,66.3,6,7,223,73,0.0,255,32767,0.0,2127-15-31,0.0,0.16,26.24,0.0,0.0,0.0,0,4.828125,6,84,05:49,20:11,2025-05-12 09:40:15.713601,Città della Scienza,64.6,16.424616,10.9813175,14.736261,12.638914,EU EEA Common AQI,69.3,15.798644,9.9248295,7200,16.89855,100,100,60.6,15.849276,Very Low,69.4,15.113317,100,1747042200,Very Low,11.789008,17.141207,Very Low,15.907607,57.0,21.057972,100,1747042200,19.811594
2025-05-12T09:40:27Z,0,29.877,72.6,58,66.4,6,7,265,73,0.0,255,32767,0.0,2127-15-31,0.0,0.16,26.24,0.0,0.0,0.0,0,4.828125,6,84,05:49,20:11,2025-05-12 09:40:26.824591,Città della Scienza,64.6,16.424616,10.9813175,14.736261,12.638914,EU EEA Common AQI,69.3,15.798644,9.9248295,7200,16.89855,100,100,60.6,15.849276,Very Low,69.4,15.113317,100,1747042200,Very Low,11.789008,17.141207,Very Low,15.907607,57.0,21.057972,100,1747042200,19.811594
2025-05-12T09:40:38Z,0,29.876,72.6,58,66.4,5,6,195,73,0.0,255,32767,0.0,2127-15-31,0.0,0.16,26.24,0.0,0.0,0.0,0,4.828125,6,84,05:49,20:11,2025-05-12 09:40:37.895597,Città della Scienza,64.6,16.424616,10.9813175,14.736261,12.638914,EU EEA Common AQI,69.3,15.798644,9.9248295,7200,16.89855,100,100,60.6,15.849276,Very Low,69.4,15.113317,100,1747042200,Very Low,11.789008,17.141207,Very Low,15.907607,57.0,21.057972,100,1747042200,19.811594
2025-05-12T09:40:49Z,0,29.876,72.6,58,66.4,4,6,242,73,0.0,255,32767,0.0,2127-15-31,0.0,0.16,26.24,0.0,0.0,0.0,0,4.828125,6,84,05:49,20:11,2025-05-12 09:40:48.970597,Città della Scienza,64.6,16.424616,10.9813175,14.736261,12.638914,EU EEA Common AQI,69.3,15.798644,9.9248295,7200,16.89855,100,100,60.6,15.849276,Very Low,69.4,15.113317,100,1747042200,Very Low,11.789008,17.141207,Very Low,15.907607,57.0,21.057972,100,1747042200,19.811594
2025-05-12T09:41:00Z,0,29.876,72.6,58,66.4,5,6,215,73,0.0,255,32767,0.0,2127-15-31,0.0,0.16,26.24,0.0,0.0,0.0,0,4.828125,6,84,05:49,20:11,2025-05-12 09:41:00.066605,Città della Scienza,64.6,16.424616,10.9813175,14.736261,12.638914,EU EEA Common AQI,69.3,15.798644,9.9248295,7200,16.89855,100,100,60.6,15.849276,Very Low,69.4,15.113317,100,1747042200,Very Low,11.789008,17.141207,Very Low,15.907607,57.0,21.057972,100,1747042200,19.811594
2025-05-12T09:41:11Z,0,29.876,72.6,58,66.5,5,6,241,73,0.0,255,32767,0.0,2127-15-31,0.0,0.16,26.24,0.0,0.0,0.0,0,4.828125,6,84,05:49,20:11,2025-05-12 09:41:11.109598,Città della Scienza,64.6,16.424616,10.9813175,14.736261,12.638914,EU EEA Common AQI,69.3,15.798644,9.9248295,7200,16.89855,100,100,60.6,15.849276,Very Low,69.4,15.113317,100,1747042200,Very Low,11.789008,17.141207,Very Low,15.907607,57.0,21.057972,100,1747042200,19.811594
2025-05-12T09:41:22Z,0,29.876,72.6,58,66.5,8,6,231,73,0.0,255,32767,0.0,2127-15-31,0.0,0.16,26.24,0.0,0.0,0.0,0,4.828125,6,84,05:49,20:11,2025-05-12 09:41:22.246599,Città della Scienza,64.6,16.424616,10.9813175,14.736261,12.638914,EU EEA Common AQI,69.3,15.798644,9.9248295,7200,16.89855,100,100,60.6,15.849276,Very Low,69.4,15.113317,100,1747042200,Very Low,11.789008,17.141207,Very Low,15.907607,57.0,21.057972,100,1747042200,19.811594
2025-05-12T09:41:33Z,0,29.875,72.7,58,66.5,6,6,234,73,0.0,255,32767,0.0,2127-15-31,0.0,0.16,26.24,0.0,0.0,0.0,0,4.828125,6,84,05:49,20:11,2025-05-12 09:41:33.338584,Città della Scienza,64.6,16.424616,10.9813175,14.736261,12.638914,EU EEA Common AQI,69.3,15.798644,9.9248295,7200,16.89855,100,100,60.6,15.849276,Very Low,69.4,15.113317,100,1747042200,Very Low,11.789008,17.141207,Very Low,15.907607,57.0,21.057972,100,1747042200,19.811594
2025-05-12T09:41:44Z,0,29.875,72.7,58,66.5,5,6,243,72,0.0,255,32767,0.0,2127-15-31,0.0,0.16,26.24,0.0,0.0,0.0,0,4.828125,6,84,05:49,20:11,2025-05-12 09:41:44.384606,Città della Scienza,64.6,16.424616,10.9813175,14.736261,12.638914,EU EEA Common AQI,69.3,15.798644,9.9248295,7200,16.89855,100,100,60.6,15.849276,Very Low,69.4,15.113317,100,1747042200,Very Low,11.789008,17.141207,Very Low,15.907607,57.0,21.057972,100,1747042200,19.811594
2025-05-12T09:41:55Z,0,29.875,72.7,58,66.5,4,6,213,72,0.0,255,32767,0.0,2127-15-31,0.0,0.16,26.24,0.0,0.0,0.0,0,4.828125,6,84,05:49,20:11,2025-05-12 09:41:55.466619,Città della Scienza,64.6,16.424616,10.9813175,14.736261,12.638914,EU EEA Common AQI,69.3,15.798644,9.9248295,7200,16.89855,100,100,60.6,15.849276,Very Low,69.4,15.113317,100,1747042200,Very Low,11.789008,17.141207,Very Low,15.907607,57.0,21.057972,100,1747042200,19.811594
2025-05-12T09:42:06Z,0,29.875,72.7,58,66.5,8,6,246,72,0.0,255,32767,0.0,2127-15-31,0.0,0.16,26.24,0.0,0.0,0.0,0,4.828125,6,84,05:49,20:11,2025-05-12 09:42:06.552614,Città della Scienza,64.6,16.424616,10.9813175,14.736261,12.638914,EU EEA Common AQI,69.3,15.798644,9.9248295,7200,16.89855,100,100,60.6,15.849276,Very Low,69.4,15.113317,100,1747042200,Very Low,11.789008,17.141207,Very Low,15.907607,57.0,21.057972,100,1747042200,19.811594
2025-05-12T09:42:17Z,0,29.875,72.7,58,66.5,8,6,255,72,0.0,255,32767,0.0,2127-15-31,0.0,0.16,26.24,0.0,0.0,0.0,0,4.828125,6,84,05:49,20:11,2025-05-12 09:42:17.653591,Città della Scienza,64.6,16.424616,10.9813175,14.736261,12.638914,EU EEA Common AQI,69.3,15.798644,9.9248295,7200,16.89855,100,100,60.6,15.849276,Very Low,69.4,15.113317,100,1747042200,Very Low,11.789008,17.141207,Very Low,15.907607,57.0,21.057972,100,1747042200,19.811594
2025-05-12T09:42:28Z,0,29.875,72.7,58,66.5,7,6,230,72,0.0,255,32767,0.0,2127-15-31,0.0,0.16,26.24,0.0,0.0,0.0,0,4.828125,6,84,05:49,20:11,2025-05-12 09:42:28.717617,Città della Scienza,64.6,16.424616,10.9813175,14.736261,12.638914,EU EEA Common AQI,69.3,15.798644,9.9248295,7200,16.89855,100,100,60.6,15.849276,Very Low,69.4,15.113317,100,1747042200,Very Low,11.789008,17.141207,Very Low,15.907607,57.0,21.057972,100,1747042200,19.811594
2025-05-12T09:42:40Z,0,29.876,72.7,58,66.5,5,6,216,72,0.0,255,32767,0.0,2127-15-31,0.0,0.16,26.24,0.0,0.0,0.0,0,4.828125,6,84,05:49,20:11,2025-05-12 09:42:39.808602,Città della Scienza,64.6,16.424616,10.9813175,14.736261,12.638914,EU EEA Common AQI,69.3,15.798644,9.9248295,7200,16.89855,100,100,60.6,15.849276,Very Low,69.4,15.113317,100,1747042200,Very Low,11.789008,17.141207,Very Low,15.907607,57.0,21.057972,100,1747042200,19.811594
2025-05-12T09:42:51Z,0,29.876,72.7,58,66.5,5,6,232,72,0.0,255,32767,0.0,2127-15-31,0.0,0.16,26.24,0.0,0.0,0.0,0,4.828125,6,84,05:49,20:11,2025-05-12 09:42:50.906617,Città della Scienza,64.6,16.424616,10.9813175,14.736261,12.638914,EU EEA Common AQI,69.3,15.798644,9.9248295,7200,16.89855,100,100,60.6,15.849276,Very Low,69.4,15.113317,100,1747042200,Very Low,11.789008,17.141207,Very Low,15.907607,57.0,21.057972,100,1747042200,19.811594
2025-05-12T09:43:02Z,0,29.876,72.7,58,66.4,9,6,248,72,0.0,255,32767,0.0,2127-15-31,0.0,0.16,26.24,0.0,0.0,0.0,0,4.828125,6,84,05:49,20:11,2025-05-12 09:43:02.073609,Città della Scienza,64.6,16.424616,10.9813175,14.736261,12.638914,EU EEA Common AQI,69.3,15.798644,9.9248295,7200,16.89855,100,100,60.6,15.849276,Very Low,69.4,15.113317,100,1747042200,Very Low,11.789008,17.141207,Very Low,15.907607,57.0,21.057972,100,1747042200,19.811594
2025-05-12T09:43:13Z,0,29.876,72.7,58,66.4,6,6,239,72,0.0,255,32767,0.0,2127-15-31,0.0,0.16,26.24,0.0,0.0,0.0,0,4.828125,6,84,05:49,20:11,2025-05-12 09:43:13.191592,Città della Scienza,64.6,16.424616,10.9813175,14.736261,12.638914,EU EEA Common AQI,69.3,15.798644,9.9248295,7200,16.89855,100,100,60.6,15.849276,Very Low,69.4,15.113317,100,1747042200,Very Low,11.789008,17.141207,Very Low,15.907607,57.0,21.057972,100,1747042200,19.811594
2025-05-12T09:43:24Z,0,29.876,72.7,58,66.3,8,6,242,72,0.0,255,32767,0.0,2127-15-31,0.0,0.16,26.24,0.0,0.0,0.0,0,4.828125,6,84,05:49,20:11,2025-05-12 09:43:24.219596,Città della Scienza,64.6,16.424616,10.9813175,14.736261,12.638914,EU EEA Common AQI,69.3,15.798644,9.9248295,7200,16.89855,100,100,60.6,15.849276,Very Low,69.4,15.113317,100,1747042200,Very Low,11.789008,17.141207,Very Low,15.907607,57.0,21.057972,100,1747042200,19.811594
2025-05-12T09:43:35Z,0,29.877,72.7,58,66.4,9,6,240,72,0.0,255,32767,0.0,2127-15-31,0.0,0.16,26.24,0.0,0.0,0.0,0,4.828125,6,84,05:49,20:11,2025-05-12 09:43:35.312597,Città della Scienza,64.6,16.424616,10.9813175,14.736261,12.638914,EU EEA Common AQI,69.3,15.798644,9.9248295,7200,16.89855,100,100,60.6,15.849276,Very Low,69.4,15.113317,100,1747042200,Very Low,11.789008,17.141207,Very Low,15.907607,57.0,21.057972,100,1747042200,19.811594
2025-05-12T09:43:46Z,0,29.877,72.7,58,66.3,7,6,218,72,0.0,255,32767,0.0,2127-15-31,0.0,0.16,26.24,0.0,0.0,0.0,0,4.828125,6,84,05:49,20:11,2025-05-12 09:43:46.388596,Città della Scienza,64.6,16.424616,10.9813175,14.736261,12.638914,EU EEA Common AQI,69.3,15.798644,9.9248295,7200,16.89855,100,100,60.6,15.849276,Very Low,69.4,15.113317,100,1747042200,Very Low,11.789008,17.141207,Very Low,15.907607,57.0,21.057972,100,1747042200,19.811594
2025-05-12T09:43:57Z,0,29.877,72.7,58,66.3,6,6,229,72,0.0,255,32767,0.0,2127-15-31,0.0,0.16,26.24,0.0,0.0,0.0,0,4.828125,6,84,05:49,20:11,2025-05-12 09:43:57.460596,Città della Scienza,64.6,16.424616,10.9813175,14.736261,12.638914,EU EEA Common AQI,69.3,15.798644,9.9248295,7200,16.89855,100,100,60.6,15.849276,Very Low,69.4,15.113317,100,1747042200,Very Low,11.789008,17.141207,Very Low,15.907607,57.0,21.057972,100,1747042200,19.811594
2025-05-12T09:44:08Z,0,29.877,72.7,58,66.4,8,6,240,72,0.0,255,32767,0.0,2127-15-31,0.0,0.16,26.24,0.0,0.0,0.0,0,4.828125,6,84,05:49,20:11,2025-05-12 09:44:08.493607,Città della Scienza,64.6,16.424616,10.9813175,14.736261,12.638914,EU EEA Common AQI,69.3,15.798644,9.9248295,7200,16.89855,100,100,60.6,15.849276,Very Low,69.4,15.113317,100,1747042200,Very Low,11.789008,17.141207,Very Low,15.907607,57.0,21.057972,100,1747042200,19.811594
2025-05-12T09:44:19Z,0,29.877,72.7,58,66.3,7,6,257,72,0.0,255,32767,0.0,2127-15-31,0.0,0.16,26.24,0.0,0.0,0.0,0,4.828125,6,84,05:49,20:11,2025-05-12 09:44:19.587597,Città della Scienza,64.6,16.424616,10.9813175,14.736261,12.638914,EU EEA Common AQI,69.3,15.798644,9.9248295,7200,16.89855,100,100,60.6,15.849276,Very Low,69.4,15.113317,100,1747042200,Very Low,11.789008,17.141207,Very Low,15.907607,57.0,21.057972,100,1747042200,19.811594
2025-05-12T09:44:30Z,0,29.877,72.7,58,66.3,7,6,246,72,0.0,255,32767,0.0,2127-15-31,0.0,0.16,26.24,0.0,0.0,0.0,0,4.828125,6,84,05:49,20:11,2025-05-12 09:44:30.669603,Città della Scienza,64.6,16.424616,10.9813175,14.736261,12.638914,EU EEA Common AQI,69.3,15.798644,9.9248295,7200,16.89855,100,100,60.6,15.849276,Very Low,69.4,15.113317,100,1747042200,Very Low,11.789008,17.141207,Very Low,15.907607,57.0,21.057972,100,1747042200,19.811594
2025-05-12T09:44:41Z,0,29.876,72.7,58,66.3,6,6,228,72,0.0,255,32767,0.0,2127-15-31,0.0,0.16,26.24,0.0,0.0,0.0,0,4.828125,6,84,05:49,20:11,2025-05-12 09:44:41.767607,Città della Scienza,64.6,16.424616,10.9813175,14.736261,12.638914,EU EEA Common AQI,69.3,15.798644,9.9248295,7200,16.89855,100,100,60.6,15.849276,Very Low,69.4,15.113317,100,1747042200,Very Low,11.789008,17.141207,Very Low,15.907607,57.0,21.057972,100,1747042200,19.811594
2025-05-12T09:44:53Z,0,29.876,72.7,58,66.3,9,6,237,72,0.0,255,32767,0.0,2127-15-31,0.0,0.16,26.24,0.0,0.0,0.0,0,4.828125,6,84,05:49,20:11,2025-05-12 09:44:52.848606,Città della Scienza,64.6,16.424616,10.9813175,14.736261,12.638914,EU EEA Common AQI,69.3,15.798644,9.9248295,7200,16.89855,100,100,60.6,15.849276,Very Low,69.4,15.113317,100,1747042200,Very Low,11.789008,17.141207,Very Low,15.907607,57.0,21.057972,100,1747042200,19.811594
2025-05-12T09:45:04Z,0,29.876,72.7,58,66.2,7,6,228,72,0.0,255,32767,0.0,2127-15-31,0.0,0.16,26.24,0.0,0.0,0.0,0,4.828125,6,84,05:49,20:11,2025-05-12 09:45:03.912601,Città della Scienza,64.6,16.424616,10.9813175,14.736261,12.638914,EU EEA Common AQI,69.3,15.798644,9.9248295,7200,16.89855,100,100,60.6,15.849276,Very Low,69.4,15.113317,100,1747042200,Very Low,11.789008,17.141207,Very Low,15.907607,57.0,21.057972,100,1747042200,19.811594
2025-05-12T09:45:15Z,0,29.876,72.7,58,66.2,7,6,234,72,0.0,255,32767,0.0,2127-15-31,0.0,0.16,26.24,0.0,0.0,0.0,0,4.828125,6,84,05:49,20:11,2025-05-12 09:45:14.987560,Città della Scienza,64.6,16.424616,10.9813175,14.736261,12.638914,EU EEA Common AQI,69.3,15.798644,9.9248295,7200,16.89855,100,100,60.6,15.849276,Very Low,69.4,15.113317,100,1747042200,Very Low,11.789008,17.141207,Very Low,15.907607,57.0,21.057972,100,1747042200,19.811594
2025-05-12T09:45:26Z,0,29.876,72.7,58,66.2,7,6,260,72,0.0,255,32767,0.0,2127-15-31,0.0,0.16,26.24,0.0,0.0,0.0,0,4.828125,6,84,05:49,20:11,2025-05-12 09:45:26.364611,Città della Scienza,63.8,17.027061,10.987532,15.963719,13.058152,EU EEA Common AQI,69.8,16.322691,9.928156,7200,16.376812,100,100,61.0,15.443478,Very Low,70.1,15.633146,100,1747043100,Very Low,12.770975,17.747108,Very Low,17.326527,57.3,20.231884,100,1747043100,19.304348
2025-05-12T09:45:37Z,0,29.875,72.7,58,66.2,7,6,231,72,0.0,255,32767,0.0,2127-15-31,0.0,0.16,26.24,0.0,0.0,0.0,0,4.828125,6,84,05:49,20:11,2025-05-12 09:45:37.429578,Città della Scienza,63.8,17.027061,10.987532,15.963719,13.058152,EU EEA Common AQI,69.8,16.322691,9.928156,7200,16.376812,100,100,61.0,15.443478,Very Low,70.1,15.633146,100,1747043100,Very Low,12.770975,17.747108,Very Low,17.326527,57.3,20.231884,100,1747043100,19.304348
2025-05-12T09:45:48Z,0,29.875,72.7,58,66.2,6,6,211,72,0.0,255,32767,0.0,2127-15-31,0.0,0.16,26.24,0.0,0.0,0.0,0,4.828125,6,84,05:49,20:11,2025-05-12 09:45:48.510596,Città della Scienza,63.8,17.027061,10.987532,15.963719,13.058152,EU EEA Common AQI,69.8,16.322691,9.928156,7200,16.376812,100,100,61.0,15.443478,Very Low,70.1,15.633146,100,1747043100,Very Low,12.770975,17.747108,Very Low,17.326527,57.3,20.231884,100,1747043100,19.304348
2025-05-12T09:45:59Z,0,29.875,72.7,58,66.2,7,6,250,72,0.0,255,32767,0.0,2127-15-31,0.0,0.16,26.24,0.0,0.0,0.0,0,4.828125,6,84,05:49,20:11,2025-05-12 09:45:59.578597,Città della Scienza,63.8,17.027061,10.987532,15.963719,13.058152,EU EEA Common AQI,69.8,16.322691,9.928156,7200,16.376812,100,100,61.0,15.443478,Very Low,70.1,15.633146,100,1747043100,Very Low,12.770975,17.747108,Very Low,17.326527,57.3,20.231884,100,1747043100,19.304348
2025-05-12T09:46:10Z,0,29.875,72.7,58,66.1,4,6,246,72,0.0,255,32767,0.0,2127-15-31,0.0,0.16,26.24,0.0,0.0,0.0,0,4.828125,6,84,05:49,20:11,2025-05-12 09:46:10.662587,Città della Scienza,63.8,17.027061,10.987532,15.963719,13.058152,EU EEA Common AQI,69.8,16.322691,9.928156,7200,16.376812,100,100,61.0,15.443478,Very Low,70.1,15.633146,100,1747043100,Very Low,12.770975,17.747108,Very Low,17.326527,57.3,20.231884,100,1747043100,19.304348
2025-05-12T09:46:21Z,0,29.875,72.7,58,66.2,5,6,234,72,0.0,255,32767,0.0,2127-15-31,0.0,0.16,26.24,0.0,0.0,0.0,0,4.828125,6,84,05:49,20:11,2025-05-12 09:46:21.723595,Città della Scienza,63.8,17.027061,10.987532,15.963719,13.058152,EU EEA Common AQI,69.8,16.322691,9.928156,7200,16.376812,100,100,61.0,15.443478,Very Low,70.1,15.633146,100,1747043100,Very Low,12.770975,17.747108,Very Low,17.326527,57.3,20.231884,100,1747043100,19.304348
2025-05-12T09:46:33Z,0,29.875,72.8,58,66.2,5,6,229,72,0.0,255,32767,0.0,2127-15-31,0.0,0.16,26.24,0.0,0.0,0.0,0,4.828125,6,84,05:49,20:11,2025-05-12 09:46:32.831598,Città della Scienza,63.8,17.027061,10.987532,15.963719,13.058152,EU EEA Common AQI,69.8,16.322691,9.928156,7200,16.376812,100,100,61.0,15.443478,Very Low,70.1,15.633146,100,1747043100,Very Low,12.770975,17.747108,Very Low,17.326527,57.3,20.231884,100,1747043100,19.304348
2025-05-12T09:46:44Z,0,29.875,72.8,58,66.1,6,6,198,72,0.0,255,32767,0.0,2127-15-31,0.0,0.16,26.24,0.0,0.0,0.0,0,4.828125,6,84,05:49,20:11,2025-05-12 09:46:43.946596,Città della Scienza,63.8,17.027061,10.987532,15.963719,13.058152,EU EEA Common AQI,69.8,16.322691,9.928156,7200,16.376812,100,100,61.0,15.443478,Very Low,70.1,15.633146,100,1747043100,Very Low,12.770975,17.747108,Very Low,17.326527,57.3,20.231884,100,1747043100,19.304348
2025-05-12T09:46:55Z,0,29.875,72.8,58,66.2,5,6,244,72,0.0,255,32767,0.0,2127-15-31,0.0,0.16,26.24,0.0,0.0,0.0,0,4.828125,6,84,05:49,20:11,2025-05-12 09:46:55.030604,Città della Scienza,63.8,17.027061,10.987532,15.963719,13.058152,EU EEA Common AQI,69.8,16.322691,9.928156,7200,16.376812,100,100,61.0,15.443478,Very Low,70.1,15.633146,100,1747043100,Very Low,12.770975,17.747108,Very Low,17.326527,57.3,20.231884,100,1747043100,19.304348
2025-05-12T09:47:06Z,0,29.875,72.8,58,66.3,8,6,224,72,0.0,255,32767,0.0,2127-15-31,0.0,0.16,26.24,0.0,0.0,0.0,0,4.828125,6,84,05:49,20:11,2025-05-12 09:47:06.190593,Città della Scienza,63.8,17.027061,10.987532,15.963719,13.058152,EU EEA Common AQI,69.8,16.322691,9.928156,7200,16.376812,100,100,61.0,15.443478,Very Low,70.1,15.633146,100,1747043100,Very Low,12.770975,17.747108,Very Low,17.326527,57.3,20.231884,100,1747043100,19.304348
2025-05-12T09:47:17Z,0,29.875,72.8,58,66.3,8,6,232,72,0.0,255,32767,0.0,2127-15-31,0.0,0.16,26.24,0.0,0.0,0.0,0,4.828125,6,84,05:49,20:11,2025-05-12 09:47:17.288590,Città della Scienza,63.8,17.027061,10.987532,15.963719,13.058152,EU EEA Common AQI,69.8,16.322691,9.928156,7200,16.376812,100,100,61.0,15.443478,Very Low,70.1,15.633146,100,1747043100,Very Low,12.770975,17.747108,Very Low,17.326527,57.3,20.231884,100,1747043100,19.304348
2025-05-12T09:47:28Z,0,29.875,72.8,58,66.3,6,6,227,72,0.0,255,32767,0.0,2127-15-31,0.0,0.16,26.24,0.0,0.0,0.0,0,4.828125,6,84,05:49,20:11,2025-05-12 09:47:28.400595,Città della Scienza,63.8,17.027061,10.987532,15.963719,13.058152,EU EEA Common AQI,69.8,16.322691,9.928156,7200,16.376812,100,100,61.0,15.443478,Very Low,70.1,15.633146,100,1747043100,Very Low,12.770975,17.747108,Very Low,17.326527,57.3,20.231884,100,1747043100,19.304348
2025-05-12T09:47:39Z,0,29.877,72.8,58,66.2,4,6,220,72,0.0,255,32767,0.0,2127-15-31,0.0,0.16,26.24,0.0,0.0,0.0,0,4.828125,6,84,05:49,20:11,2025-05-12 09:47:39.501566,Città della Scienza,63.8,17.027061,10.987532,15.963719,13.058152,EU EEA Common AQI,69.8,16.322691,9.928156,7200,16.376812,100,100,61.0,15.443478,Very Low,70.1,15.633146,100,1747043100,Very Low,12.770975,17.747108,Very Low,17.326527,57.3,20.231884,100,1747043100,19.304348
2025-05-12T09:47:50Z,0,29.877,72.8,58,66.3,5,6,234,72,0.0,255,32767,0.0,2127-15-31,0.0,0.16,26.24,0.0,0.0,0.0,0,4.828125,6,84,05:49,20:11,2025-05-12 09:47:50.552595,Città della Scienza,63.8,17.027061,10.987532,15.963719,13.058152,EU EEA Common AQI,69.8,16.322691,9.928156,7200,16.376812,100,100,61.0,15.443478,Very Low,70.1,15.633146,100,1747043100,Very Low,12.770975,17.747108,Very Low,17.326527,57.3,20.231884,100,1747043100,19.304348
2025-05-12T09:48:01Z,0,29.877,72.8,58,66.3,10,6,231,72,0.0,255,32767,0.0,2127-15-31,0.0,0.16,26.24,0.0,0.0,0.0,0,4.828125,6,84,05:49,20:11,2025-05-12 09:48:01.655598,Città della Scienza,63.8,17.027061,10.987532,15.963719,13.058152,EU EEA Common AQI,69.8,16.322691,9.928156,7200,16.376812,100,100,61.0,15.443478,Very Low,70.1,15.633146,100,1747043100,Very Low,12.770975,17.747108,Very Low,17.326527,57.3,20.231884,100,1747043100,19.304348
2025-05-12T09:48:12Z,0,29.877,72.8,58,66.3,8,6,230,72,0.0,255,32767,0.0,2127-15-31,0.0,0.16,26.24,0.0,0.0,0.0,0,4.828125,6,84,05:49,20:11,2025-05-12 09:48:12.737595,Città della Scienza,63.8,17.027061,10.987532,15.963719,13.058152,EU EEA Common AQI,69.8,16.322691,9.928156,7200,16.376812,100,100,61.0,15.443478,Very Low,70.1,15.633146,100,1747043100,Very Low,12.770975,17.747108,Very Low,17.326527,57.3,20.231884,100,1747043100,19.304348
2025-05-12T09:48:24Z,0,29.877,72.8,58,66.3,7,6,250,72,0.0,255,32767,0.0,2127-15-31,0.0,0.16,26.24,0.0,0.0,0.0,0,4.828125,6,84,05:49,20:11,2025-05-12 09:48:23.836605,Città della Scienza,63.8,17.027061,10.987532,15.963719,13.058152,EU EEA Common AQI,69.8,16.322691,9.928156,7200,16.376812,100,100,61.0,15.443478,Very Low,70.1,15.633146,100,1747043100,Very Low,12.770975,17.747108,Very Low,17.326527,57.3,20.231884,100,1747043100,19.304348
2025-05-12T09:48:35Z,0,29.876,72.7,58,66.3,4,7,263,72,0.0,255,32767,0.0,2127-15-31,0.0,0.16,26.24,0.0,0.0,0.0,0,4.828125,6,84,05:49,20:11,2025-05-12 09:48:34.934601,Città della Scienza,63.8,17.027061,10.987532,15.963719,13.058152,EU EEA Common AQI,69.8,16.322691,9.928156,7200,16.376812,100,100,61.0,15.443478,Very Low,70.1,15.633146,100,1747043100,Very Low,12.770975,17.747108,Very Low,17.326527,57.3,20.231884,100,1747043100,19.304348
2025-05-12T09:48:46Z,0,29.876,72.7,58,66.3,8,7,246,72,0.0,255,32767,0.0,2127-15-31,0.0,0.16,26.24,0.0,0.0,0.0,0,4.828125,6,84,05:49,20:11,2025-05-12 09:48:46.020593,Città della Scienza,63.8,17.027061,10.987532,15.963719,13.058152,EU EEA Common AQI,69.8,16.322691,9.928156,7200,16.376812,100,100,61.0,15.443478,Very Low,70.1,15.633146,100,1747043100,Very Low,12.770975,17.747108,Very Low,17.326527,57.3,20.231884,100,1747043100,19.304348
2025-05-12T09:48:57Z,0,29.876,72.7,58,66.3,7,7,246,72,0.0,255,32767,0.0,2127-15-31,0.0,0.16,26.24,0.0,0.0,0.0,0,4.828125,6,84,05:49,20:11,2025-05-12 09:48:57.068589,Città della Scienza,63.8,17.027061,10.987532,15.963719,13.058152,EU EEA Common AQI,69.8,16.322691,9.928156,7200,16.376812,100,100,61.0,15.443478,Very Low,70.1,15.633146,100,1747043100,Very Low,12.770975,17.747108,Very Low,17.326527,57.3,20.231884,100,1747043100,19.304348
2025-05-12T09:49:08Z,0,29.876,72.7,58,66.3,6,7,263,72,0.0,255,32767,0.0,2127-15-31,0.0,0.16,26.24,0.0,0.0,0.0,0,4.828125,6,84,05:49,20:11,2025-05-12 09:49:08.174626,Città della Scienza,63.8,17.027061,10.987532,15.963719,13.058152,EU EEA Common AQI,69.8,16.322691,9.928156,7200,16.376812,100,100,61.0,15.443478,Very Low,70.1,15.633146,100,1747043100,Very Low,12.770975,17.747108,Very Low,17.326527,57.3,20.231884,100,1747043100,19.304348
2025-05-12T09:49:19Z,0,29.876,72.7,58,66.3,9,7,236,72,0.0,255,32767,0.0,2127-15-31,0.0,0.16,26.24,0.0,0.0,0.0,0,4.828125,6,84,05:49,20:11,2025-05-12 09:49:19.267608,Città della Scienza,63.8,17.027061,10.987532,15.963719,13.058152,EU EEA Common AQI,69.8,16.322691,9.928156,7200,16.376812,100,100,61.0,15.443478,Very Low,70.1,15.633146,100,1747043100,Very Low,12.770975,17.747108,Very Low,17.326527,57.3,20.231884,100,1747043100,19.304348
2025-05-12T09:49:30Z,0,29.876,72.7,58,66.3,8,7,292,72,0.0,255,32767,0.0,2127-15-31,0.0,0.16,26.24,0.0,0.0,0.0,0,4.828125,6,84,05:49,20:11,2025-05-12 09:49:30.375594,Città della Scienza,63.8,17.027061,10.987532,15.963719,13.058152,EU EEA Common AQI,69.8,16.322691,9.928156,7200,16.376812,100,100,61.0,15.443478,Very Low,70.1,15.633146,100,1747043100,Very Low,12.770975,17.747108,Very Low,17.326527,57.3,20.231884,100,1747043100,19.304348
2025-05-12T09:49:41Z,0,29.876,72.8,58,66.3,10,7,242,71,0.0,255,32767,0.0,2127-15-31,0.0,0.16,26.24,0.0,0.0,0.0,0,4.828125,6,84,05:49,20:11,2025-05-12 09:49:41.445595,Città della Scienza,63.8,17.027061,10.987532,15.963719,13.058152,EU EEA Common AQI,69.8,16.322691,9.928156,7200,16.376812,100,100,61.0,15.443478,Very Low,70.1,15.633146,100,1747043100,Very Low,12.770975,17.747108,Very Low,17.326527,57.3,20.231884,100,1747043100,19.304348
2025-05-12T09:49:52Z,0,29.876,72.8,58,66.3,6,7,238,71,0.0,255,32767,0.0,2127-15-31,0.0,0.16,26.24,0.0,0.0,0.0,0,4.828125,6,84,05:49,20:11,2025-05-12 09:49:52.533610,Città della Scienza,63.8,17.027061,10.987532,15.963719,13.058152,EU EEA Common AQI,69.8,16.322691,9.928156,7200,16.376812,100,100,61.0,15.443478,Very Low,70.1,15.633146,100,1747043100,Very Low,12.770975,17.747108,Very Low,17.326527,57.3,20.231884,100,1747043100,19.304348
2025-05-12T09:50:03Z,0,29.876,72.8,58,66.3,8,7,243,71,0.0,255,32767,0.0,2127-15-31,0.0,0.16,26.24,0.0,0.0,0.0,0,4.828125,6,84,05:49,20:11,2025-05-12 09:50:03.632600,Città della Scienza,63.8,17.027061,10.987532,15.963719,13.058152,EU EEA Common AQI,69.8,16.322691,9.928156,7200,16.376812,100,100,61.0,15.443478,Very Low,70.1,15.633146,100,1747043100,Very Low,12.770975,17.747108,Very Low,17.326527,57.3,20.231884,100,1747043100,19.304348
2025-05-12T09:50:14Z,0,29.876,72.8,58,66.2,9,7,238,71,0.0,255,32767,0.0,2127-15-31,0.0,0.16,26.24,0.0,0.0,0.0,0,4.828125,6,84,05:49,20:11,2025-05-12 09:50:14.723608,Città della Scienza,63.8,17.027061,10.987532,15.963719,13.058152,EU EEA Common AQI,69.8,16.322691,9.928156,7200,16.376812,100,100,61.0,15.443478,Very Low,70.1,15.633146,100,1747043100,Very Low,12.770975,17.747108,Very Low,17.326527,57.3,20.231884,100,1747043100,19.304348
2025-05-12T09:50:26Z,0,29.876,72.8,58,66.2,7,7,259,71,0.0,255,32767,0.0,2127-15-31,0.0,0.16,26.24,0.0,0.0,0.0,0,4.828125,6,84,05:49,20:11,2025-05-12 09:50:25.864626,Città della Scienza,63.8,17.027061,10.987532,15.963719,13.058152,EU EEA Common AQI,69.8,16.322691,9.928156,7200,16.376812,100,100,61.0,15.443478,Very Low,70.1,15.633146,100,1747043100,Very Low,12.770975,17.747108,Very Low,17.326527,57.3,20.231884,100,1747043100,19.304348
2025-05-12T09:50:37Z,0,29.875,72.8,58,66.2,7,7,274,71,0.0,255,32767,0.0,2127-15-31,0.0,0.16,26.24,0.0,0.0,0.0,0,4.828125,6,84,05:49,20:11,2025-05-12 09:50:36.968555,Città della Scienza,63.8,17.027061,10.987532,15.963719,13.058152,EU EEA Common AQI,69.8,16.322691,9.928156,7200,16.376812,100,100,61.0,15.443478,Very Low,70.1,15.633146,100,1747043100,Very Low,12.770975,17.747108,Very Low,17.326527,57.3,20.231884,100,1747043100,19.304348
2025-05-12T09:50:48Z,0,29.875,72.8,58,66.2,6,7,238,71,0.0,255,32767,0.0,2127-15-31,0.0,0.16,26.24,0.0,0.0,0.0,0,4.828125,6,84,05:49,20:11,2025-05-12 09:50:48.023598,Città della Scienza,63.8,17.027061,10.987532,15.963719,13.058152,EU EEA Common AQI,69.8,16.322691,9.928156,7200,16.376812,100,100,61.0,15.443478,Very Low,70.1,15.633146,100,1747043100,Very Low,12.770975,17.747108,Very Low,17.326527,57.3,20.231884,100,1747043100,19.304348
2025-05-12T09:50:59Z,0,29.875,72.8,58,66.2,5,7,304,71,0.0,255,32767,0.0,2127-15-31,0.0,0.16,26.24,0.0,0.0,0.0,0,4.828125,6,84,05:49,20:11,2025-05-12 09:50:59.101596,Città della Scienza,63.8,17.027061,10.987532,15.963719,13.058152,EU EEA Common AQI,69.8,16.322691,9.928156,7200,16.376812,100,100,61.0,15.443478,Very Low,70.1,15.633146,100,1747043100,Very Low,12.770975,17.747108,Very Low,17.326527,57.3,20.231884,100,1747043100,19.304348
2025-05-12T09:51:10Z,0,29.875,72.8,58,66.3,8,7,225,71,0.0,255,32767,0.0,2127-15-31,0.0,0.16,26.24,0.0,0.0,0.0,0,4.828125,6,84,05:49,20:11,2025-05-12 09:51:10.130101,Città della Scienza,63.8,17.027061,10.987532,15.963719,13.058152,EU EEA Common AQI,69.8,16.322691,9.928156,7200,16.376812,100,100,61.0,15.443478,Very Low,70.1,15.633146,100,1747043100,Very Low,12.770975,17.747108,Very Low,17.326527,57.3,20.231884,100,1747043100,19.304348
2025-05-12T09:51:21Z,0,29.875,72.8,58,66.3,10,7,232,72,0.0,255,32767,0.0,2127-15-31,0.0,0.16,26.24,0.0,0.0,0.0,0,4.828125,6,84,05:49,20:11,2025-05-12 09:51:21.241610,Città della Scienza,63.8,17.027061,10.987532,15.963719,13.058152,EU EEA Common AQI,69.8,16.322691,9.928156,7200,16.376812,100,100,61.0,15.443478,Very Low,70.1,15.633146,100,1747043100,Very Low,12.770975,17.747108,Very Low,17.326527,57.3,20.231884,100,1747043100,19.304348
2025-05-12T09:51:32Z,0,29.875,72.8,58,66.3,8,7,227,72,0.0,255,32767,0.0,2127-15-31,0.0,0.16,26.24,0.0,0.0,0.0,0,4.828125,6,84,05:49,20:11,2025-05-12 09:51:32.336596,Città della Scienza,63.8,17.027061,10.987532,15.963719,13.058152,EU EEA Common AQI,69.8,16.322691,9.928156,7200,16.376812,100,100,61.0,15.443478,Very Low,70.1,15.633146,100,1747043100,Very Low,12.770975,17.747108,Very Low,17.326527,57.3,20.231884,100,1747043100,19.304348
2025-05-12T09:51:43Z,0,29.874,72.8,58,66.3,7,7,262,72,0.0,255,32767,0.0,2127-15-31,0.0,0.16,26.24,0.0,0.0,0.0,0,4.828125,6,84,05:49,20:11,2025-05-12 09:51:43.428595,Città della Scienza,63.8,17.027061,10.987532,15.963719,13.058152,EU EEA Common AQI,69.8,16.322691,9.928156,7200,16.376812,100,100,61.0,15.443478,Very Low,70.1,15.633146,100,1747043100,Very Low,12.770975,17.747108,Very Low,17.326527,57.3,20.231884,100,1747043100,19.304348
2025-05-12T09:51:54Z,0,29.874,72.8,58,66.3,5,7,209,72,0.0,255,32767,0.0,2127-15-31,0.0,0.16,26.24,0.0,0.0,0.0,0,4.828125,6,84,05:49,20:11,2025-05-12 09:51:54.501600,Città della Scienza,63.8,17.027061,10.987532,15.963719,13.058152,EU EEA Common AQI,69.8,16.322691,9.928156,7200,16.376812,100,100,61.0,15.443478,Very Low,70.1,15.633146,100,1747043100,Very Low,12.770975,17.747108,Very Low,17.326527,57.3,20.231884,100,1747043100,19.304348
2025-05-12T09:52:05Z,0,29.874,72.8,58,66.2,7,7,284,72,0.0,255,32767,0.0,2127-15-31,0.0,0.16,26.24,0.0,0.0,0.0,0,4.828125,6,84,05:49,20:11,2025-05-12 09:52:05.595621,Città della Scienza,63.8,17.027061,10.987532,15.963719,13.058152,EU EEA Common AQI,69.8,16.322691,9.928156,7200,16.376812,100,100,61.0,15.443478,Very Low,70.1,15.633146,100,1747043100,Very Low,12.770975,17.747108,Very Low,17.326527,57.3,20.231884,100,1747043100,19.304348
2025-05-12T09:52:16Z,0,29.874,72.8,58,66.2,6,7,229,71,0.0,255,32767,0.0,2127-15-31,0.0,0.16,26.24,0.0,0.0,0.0,0,4.828125,6,84,05:49,20:11,2025-05-12 09:52:16.631561,Città della Scienza,63.8,17.027061,10.987532,15.963719,13.058152,EU EEA Common AQI,69.8,16.322691,9.928156,7200,16.376812,100,100,61.0,15.443478,Very Low,70.1,15.633146,100,1747043100,Very Low,12.770975,17.747108,Very Low,17.326527,57.3,20.231884,100,1747043100,19.304348
2025-05-12T09:52:27Z,0,29.874,72.8,58,66.3,9,7,261,71,0.0,255,32767,0.0,2127-15-31,0.0,0.16,26.24,0.0,0.0,0.0,0,4.828125,6,84,05:49,20:11,2025-05-12 09:52:27.693601,Città della Scienza,63.8,17.027061,10.987532,15.963719,13.058152,EU EEA Common AQI,69.8,16.322691,9.928156,7200,16.376812,100,100,61.0,15.443478,Very Low,70.1,15.633146,100,1747043100,Very Low,12.770975,17.747108,Very Low,17.326527,57.3,20.231884,100,1747043100,19.304348
2025-05-12T09:52:38Z,0,29.877,72.8,58,66.3,9,7,250,71,0.0,255,32767,0.0,2127-15-31,0.0,0.16,26.24,0.0,0.0,0.0,0,4.828125,6,84,05:49,20:11,2025-05-12 09:52:38.763591,Città della Scienza,63.8,17.027061,10.987532,15.963719,13.058152,EU EEA Common AQI,69.8,16.322691,9.928156,7200,16.376812,100,100,61.0,15.443478,Very Low,70.1,15.633146,100,1747043100,Very Low,12.770975,17.747108,Very Low,17.326527,57.3,20.231884,100,1747043100,19.304348
2025-05-12T09:52:50Z,0,29.877,72.8,58,66.3,5,7,243,71,0.0,255,32767,0.0,2127-15-31,0.0,0.16,26.24,0.0,0.0,0.0,0,4.828125,6,84,05:49,20:11,2025-05-12 09:52:49.822556,Città della Scienza,63.8,17.027061,10.987532,15.963719,13.058152,EU EEA Common AQI,69.8,16.322691,9.928156,7200,16.376812,100,100,61.0,15.443478,Very Low,70.1,15.633146,100,1747043100,Very Low,12.770975,17.747108,Very Low,17.326527,57.3,20.231884,100,1747043100,19.304348
2025-05-12T09:53:01Z,0,29.877,72.8,58,66.3,9,7,222,71,0.0,255,32767,0.0,2127-15-31,0.0,0.16,26.24,0.0,0.0,0.0,0,4.828125,6,84,05:49,20:11,2025-05-12 09:53:00.890570,Città della Scienza,63.8,17.027061,10.987532,15.963719,13.058152,EU EEA Common AQI,69.8,16.322691,9.928156,7200,16.376812,100,100,61.0,15.443478,Very Low,70.1,15.633146,100,1747043100,Very Low,12.770975,17.747108,Very Low,17.326527,57.3,20.231884,100,1747043100,19.304348
2025-05-12T09:53:12Z,0,29.877,72.8,58,66.3,9,7,230,71,0.0,255,32767,0.0,2127-15-31,0.0,0.16,26.24,0.0,0.0,0.0,0,4.828125,6,84,05:49,20:11,2025-05-12 09:53:11.947558,Città della Scienza,63.8,17.027061,10.987532,15.963719,13.058152,EU EEA Common AQI,69.8,16.322691,9.928156,7200,16.376812,100,100,61.0,15.443478,Very Low,70.1,15.633146,100,1747043100,Very Low,12.770975,17.747108,Very Low,17.326527,57.3,20.231884,100,1747043100,19.304348
2025-05-12T09:53:23Z,0,29.877,72.8,58,66.3,9,7,241,71,0.0,255,32767,0.0,2127-15-31,0.0,0.16,26.24,0.0,0.0,0.0,0,4.828125,6,84,05:49,20:11,2025-05-12 09:53:22.999595,Città della Scienza,63.8,17.027061,10.987532,15.963719,13.058152,EU EEA Common AQI,69.8,16.322691,9.928156,7200,16.376812,100,100,61.0,15.443478,Very Low,70.1,15.633146,100,1747043100,Very Low,12.770975,17.747108,Very Low,17.326527,57.3,20.231884,100,1747043100,19.304348
2025-05-12T09:53:34Z,0,29.877,72.9,58,66.3,8,7,241,71,0.0,255,32767,0.0,2127-15-31,0.0,0.16,26.24,0.0,0.0,0.0,0,4.828125,6,84,05:49,20:11,2025-05-12 09:53:34.111594,Città della Scienza
2025-05-12T09:53:45Z,0,29.877,72.9,58,66.3,3,7,237,71,0.0,255,32767,0.0,2127-15-31,0.0,0.16,26.24,0.0,0.0,0.0,0,4.828125,6,84,05:49,20:11,2025-05-12 09:53:45.164594,Città della Scienza
2025-05-12T09:53:56Z,0,29.877,72.9,58,66.3,1,7,226,71,0.0,255,32767,0.0,2127-15-31,0.0,0.16,26.24,0.0,0.0,0.0,0,4.828125,6,84,05:49,20:11,2025-05-12 09:53:56.245595,Città della Scienza
2025-05-12T09:54:07Z,0,29.877,72.9,58,66.3,6,7,229,71,0.0,255,32767,0.0,2127-15-31,0.0,0.16,26.24,0.0,0.0,0.0,0,4.828125,6,84,05:49,20:11,2025-05-12 09:54:07.301594,Città della Scienza
2025-05-12T09:54:18Z,0,29.877,72.9,58,66.3,8,7,253,71,0.0,255,32767,0.0,2127-15-31,0.0,0.16,26.24,0.0,0.0,0.0,0,4.828125,6,84,05:49,20:11,2025-05-12 09:54:18.351584,Città della Scienza
2025-05-12T09:54:29Z,0,29.877,72.9,58,66.3,9,7,236,71,0.0,255,32767,0.0,2127-15-31,0.0,0.16,26.24,0.0,0.0,0.0,0,4.828125,6,84,05:49,20:11,2025-05-12 09:54:29.370595,Città della Scienza
2025-05-12T09:54:40Z,0,29.873,72.9,58,66.3,7,7,205,71,0.0,255,32767,0.0,2127-15-31,0.0,0.16,26.24,0.0,0.0,0.0,0,4.828125,6,84,05:49,20:11,2025-05-12 09:54:40.394585,Città della Scienza
2025-05-12T09:54:51Z,0,29.873,72.9,58,66.3,9,7,238,71,0.0,255,32767,0.0,2127-15-31,0.0,0.16,26.24,0.0,0.0,0.0,0,4.828125,6,84,05:49,20:11,2025-05-12 09:54:51.495593,Città della Scienza
2025-05-12T09:55:02Z,0,29.873,72.9,58,66.4,7,7,226,71,0.0,255,32767,0.0,2127-15-31,0.0,0.16,26.24,0.0,0.0,0.0,0,4.828125,6,84,05:49,20:11,2025-05-12 09:55:02.593605,Città della Scienza
2025-05-12T09:55:13Z,0,29.873,72.9,58,66.3,6,7,221,71,0.0,255,32767,0.0,2127-15-31,0.0,0.16,26.24,0.0,0.0,0.0,0,4.828125,6,84,05:49,20:11,2025-05-12 09:55:13.698599,Città della Scienza
2025-05-12T09:55:24Z,0,29.873,72.9,58,66.4,8,7,232,71,0.0,255,32767,0.0,2127-15-31,0.0,0.16,26.24,0.0,0.0,0.0,0,4.828125,6,84,05:49,20:11,2025-05-12 09:55:24.745597,Città della Scienza
2025-05-12T09:55:36Z,0,29.874,72.9,58,66.4,7,7,248,71,0.0,255,32767,0.0,2127-15-31,0.0,0.16,26.24,0.0,0.0,0.0,0,4.828125,6,84,05:49,20:11,2025-05-12 09:55:35.818603,Città della Scienza
2025-05-12T09:55:47Z,0,29.874,72.9,58,66.3,8,7,240,71,0.0,255,32767,0.0,2127-15-31,0.0,0.16,26.24,0.0,0.0,0.0,0,4.828125,6,84,05:49,20:11,2025-05-12 09:55:46.865616,Città della Scienza
2025-05-12T09:55:58Z,0,29.874,72.9,58,66.3,9,7,242,71,0.0,255,32767,0.0,2127-15-31,0.0,0.16,26.24,0.0,0.0,0.0,0,4.828125,6,84,05:49,20:11,2025-05-12 09:55:57.920611,Città della Scienza
2025-05-12T09:56:09Z,0,29.874,72.9,58,66.3,8,7,241,71,0.0,255,32767,0.0,2127-15-31,0.0,0.16,26.24,0.0,0.0,0.0,0,4.828125,6,84,05:49,20:11,2025-05-12 09:56:09.008603,Città della Scienza
2025-05-12T09:56:20Z,0,29.874,72.9,58,66.3,8,7,242,71,0.0,255,32767,0.0,2127-15-31,0.0,0.16,26.24,0.0,0.0,0.0,0,4.828125,6,84,05:49,20:11,2025-05-12 09:56:20.049594,Città della Scienza
2025-05-12T09:56:31Z,0,29.874,72.9,58,66.3,8,7,246,71,0.0,255,32767,0.0,2127-15-31,0.0,0.16,26.24,0.0,0.0,0.0,0,4.828125,6,84,05:49,20:11,2025-05-12 09:56:31.153609,Città della Scienza
2025-05-12T09:56:42Z,0,29.874,72.9,58,66.3,8,7,246,71,0.0,255,32767,0.0,2127-15-31,0.0,0.16,26.24,0.0,0.0,0.0,0,4.828125,6,84,05:49,20:11,2025-05-12 09:56:42.241577,Città della Scienza
2025-05-12T09:56:53Z,0,29.874,72.9,58,66.3,5,7,235,71,0.0,255,32767,0.0,2127-15-31,0.0,0.16,26.24,0.0,0.0,0.0,0,4.828125,6,84,05:49,20:11,2025-05-12 09:56:53.308586,Città della Scienza
2025-05-12T09:57:04Z,0,29.874,72.9,58,66.3,8,7,238,71,0.0,255,32767,0.0,2127-15-31,0.0,0.16,26.24,0.0,0.0,0.0,0,4.828125,6,84,05:49,20:11,2025-05-12 09:57:04.393592,Città della Scienza
2025-05-12T09:57:15Z,0,29.874,72.9,58,66.3,6,7,238,71,0.0,255,32767,0.0,2127-15-31,0.0,0.16,26.24,0.0,0.0,0.0,0,4.828125,6,84,05:49,20:11,2025-05-12 09:57:15.478614,Città della Scienza
2025-05-12T09:57:26Z,0,29.874,72.9,58,66.3,5,7,238,71,0.0,255,32767,0.0,2127-15-31,0.0,0.16,26.24,0.0,0.0,0.0,0,4.828125,6,84,05:49,20:11,2025-05-12 09:57:26.544595,Città della Scienza
2025-05-12T09:57:37Z,0,29.873,72.9,58,66.3,10,7,261,71,0.0,255,32767,0.0,2127-15-31,0.0,0.16,26.24,0.0,0.0,0.0,0,4.828125,6,84,05:49,20:11,2025-05-12 09:57:37.607606,Città della Scienza
2025-05-12T09:57:48Z,0,29.873,72.9,58,66.4,8,7,243,71,0.0,255,32767,0.0,2127-15-31,0.0,0.16,26.24,0.0,0.0,0.0,0,4.828125,6,84,05:49,20:11,2025-05-12 09:57:48.625619,Città della Scienza
2025-05-12T09:57:59Z,0,29.873,72.9,58,66.4,8,7,246,71,0.0,255,32767,0.0,2127-15-31,0.0,0.16,26.24,0.0,0.0,0.0,0,4.828125,6,84,05:49,20:11,2025-05-12 09:57:59.732602,Città della Scienza
2025-05-12T09:58:10Z,0,29.873,72.9,58,66.4,9,7,241,71,0.0,255,32767,0.0,2127-15-31,0.0,0.16,26.24,0.0,0.0,0.0,0,4.828125,6,84,05:49,20:11,2025-05-12 09:58:10.793597,Città della Scienza
2025-05-12T09:58:22Z,0,29.873,72.9,58,66.5,9,7,243,71,0.0,255,32767,0.0,2127-15-31,0.0,0.16,26.24,0.0,0.0,0.0,0,4.828125,6,84,05:49,20:11,2025-05-12 09:58:21.807613,Città della Scienza
2025-05-12T09:58:33Z,0,29.874,73.0,58,66.4,9,7,242,71,0.0,255,32767,0.0,2127-15-31,0.0,0.16,26.24,0.0,0.0,0.0,0,4.828125,6,84,05:49,20:11,2025-05-12 09:58:33.114610,Città della Scienza
2025-05-12T09:58:44Z,0,29.874,73.0,58,66.4,9,7,249,71,0.0,255,32767,0.0,2127-15-31,0.0,0.16,26.24,0.0,0.0,0.0,0,4.828125,6,84,05:49,20:11,2025-05-12 09:58:44.220597,Città della Scienza
2025-05-12T09:58:55Z,0,29.874,73.0,58,66.4,9,7,246,71,0.0,255,32767,0.0,2127-15-31,0.0,0.16,26.24,0.0,0.0,0.0,0,4.828125,6,84,05:49,20:11,2025-05-12 09:58:55.318602,Città della Scienza
2025-05-12T09:59:06Z,0,29.874,73.0,58,66.4,8,7,246,71,0.0,255,32767,0.0,2127-15-31,0.0,0.16,26.24,0.0,0.0,0.0,0,4.828125,6,84,05:49,20:11,2025-05-12 09:59:06.381599,Città della Scienza
2025-05-12T09:59:17Z,0,29.874,73.0,58,66.5,6,7,216,71,0.0,255,32767,0.0,2127-15-31,0.0,0.16,26.24,0.0,0.0,0.0,0,4.828125,6,84,05:49,20:11,2025-05-12 09:59:17.436606,Città della Scienza
2025-05-12T09:59:28Z,0,29.874,73.0,58,66.5,6,7,229,71,0.0,255,32767,0.0,2127-15-31,0.0,0.16,26.24,0.0,0.0,0.0,0,4.828125,6,84,05:49,20:11,2025-05-12 09:59:28.478615,Città della Scienza
2025-05-12T09:59:39Z,0,29.875,73.0,58,66.5,6,8,237,71,0.0,255,32767,0.0,2127-15-31,0.0,0.16,26.24,0.0,0.0,0.0,0,4.828125,6,84,05:49,20:11,2025-05-12 09:59:39.559605,Città della Scienza
2025-05-12T09:59:50Z,0,29.875,73.0,58,66.5,9,8,244,71,0.0,255,32767,0.0,2127-15-31,0.0,0.16,26.24,0.0,0.0,0.0,0,4.828125,6,84,05:49,20:11,2025-05-12 09:59:50.619623,Città della Scienza
2025-05-12T10:00:01Z,0,29.875,73.0,58,66.5,8,8,238,71,0.0,255,32767,0.0,2127-15-31,0.0,0.16,26.24,0.0,0.0,0.0,0,4.828125,6,84,05:49,20:11,2025-05-12 10:00:01.659596,Città della Scienza,63.8,17.027061,10.987532,15.963719,13.058152,EU EEA Common AQI,69.8,16.322691,9.928156,7200,16.376812,100,100,61.0,15.443478,Very Low,70.1,15.633146,100,1747043100,Very Low,12.770975,17.747108,Very Low,17.326527,57.3,20.231884,100,1747043100,19.304348
2025-05-12T10:00:13Z,0,29.875,73.0,58,66.5,8,8,248,71,0.0,255,32767,0.0,2127-15-31,0.0,0.16,26.24,0.0,0.0,0.0,0,4.828125,6,84,05:49,20:11,2025-05-12 10:00:12.938605,Città della Scienza,63.8,17.027061,10.987532,15.963719,13.058152,EU EEA Common AQI,69.8,16.322691,9.928156,7200,16.376812,100,100,61.0,15.443478,Very Low,70.1,15.633146,100,1747043100,Very Low,12.770975,17.747108,Very Low,17.326527,57.3,20.231884,100,1747043100,19.304348
2025-05-12T10:00:24Z,0,29.875,73.0,58,66.5,9,8,244,71,0.0,255,32767,0.0,2127-15-31,0.0,0.16,26.24,0.0,0.0,0.0,0,4.828125,6,84,05:49,20:11,2025-05-12 10:00:24.001261,Città della Scienza,63.8,17.027061,10.987532,15.963719,13.058152,EU EEA Common AQI,69.8,16.322691,9.928156,7200,16.376812,100,100,61.0,15.443478,Very Low,70.1,15.633146,100,1747043100,Very Low,12.770975,17.747108,Very Low,17.326527,57.3,20.231884,100,1747043100,19.304348
2025-05-12T10:00:35Z,0,29.873,73.0,58,66.5,7,8,250,71,0.0,255,32767,0.0,2127-15-31,0.0,0.16,26.24,0.0,0.0,0.0,0,4.828125,6,84,05:49,20:11,2025-05-12 10:00:35.075626,Città della Scienza,62.9,17.343475,10.97931,16.555395,13.171929,EU EEA Common AQI,70.1,16.464912,9.920036,7200,12.885715,100,100,60.9,11.977142,Very Low,70.3,15.947798,100,1747044000,Very Low,13.244315,17.906063,Very Low,18.033646,57.1,16.357143,100,1747044000,14.971429
2025-05-12T10:00:46Z,0,29.873,73.0,58,66.5,9,8,238,71,0.0,255,32767,0.0,2127-15-31,0.0,0.16,26.24,0.0,0.0,0.0,0,4.828125,6,84,05:49,20:11,2025-05-12 10:00:46.160612,Città della Scienza,62.9,17.343475,10.97931,16.555395,13.171929,EU EEA Common AQI,70.1,16.464912,9.920036,7200,12.885715,100,100,60.9,11.977142,Very Low,70.3,15.947798,100,1747044000,Very Low,13.244315,17.906063,Very Low,18.033646,57.1,16.357143,100,1747044000,14.971429
2025-05-12T10:00:57Z,0,29.873,73.0,58,66.4,4,8,231,71,0.0,255,32767,0.0,2127-15-31,0.0,0.16,26.24,0.0,0.0,0.0,0,4.828125,6,84,05:49,20:11,2025-05-12 10:00:57.223602,Città della Scienza,62.9,17.343475,10.97931,16.555395,13.171929,EU EEA Common AQI,70.1,16.464912,9.920036,7200,12.885715,100,100,60.9,11.977142,Very Low,70.3,15.947798,100,1747044000,Very Low,13.244315,17.906063,Very Low,18.033646,57.1,16.357143,100,1747044000,14.971429
2025-05-12T10:01:08Z,0,29.873,73.0,58,66.5,8,8,269,71,0.0,255,32767,0.0,2127-15-31,0.0,0.16,26.24,0.0,0.0,0.0,0,4.828125,6,84,05:49,20:11,2025-05-12 10:01:08.273600,Città della Scienza,62.9,17.343475,10.97931,16.555395,13.171929,EU EEA Common AQI,70.1,16.464912,9.920036,7200,12.885715,100,100,60.9,11.977142,Very Low,70.3,15.947798,100,1747044000,Very Low,13.244315,17.906063,Very Low,18.033646,57.1,16.357143,100,1747044000,14.971429
2025-05-12T10:01:19Z,0,29.873,73.0,58,66.5,8,8,257,71,0.0,255,32767,0.0,2127-15-31,0.0,0.16,26.24,0.0,0.0,0.0,0,4.828125,6,84,05:49,20:11,2025-05-12 10:01:19.378636,Città della Scienza,62.9,17.343475,10.97931,16.555395,13.171929,EU EEA Common AQI,70.1,16.464912,9.920036,7200,12.885715,100,100,60.9,11.977142,Very Low,70.3,15.947798,100,1747044000,Very Low,13.244315,17.906063,Very Low,18.033646,57.1,16.357143,100,1747044000,14.971429
2025-05-12T10:01:30Z,0,29.873,73.0,58,66.5,9,8,236,71,0.0,255,32767,0.0,2127-15-31,0.0,0.16,26.24,0.0,0.0,0.0,0,4.828125,6,84,05:49,20:11,2025-05-12 10:01:30.491603,Città della Scienza,62.9,17.343475,10.97931,16.555395,13.171929,EU EEA Common AQI,70.1,16.464912,9.920036,7200,12.885715,100,100,60.9,11.977142,Very Low,70.3,15.947798,100,1747044000,Very Low,13.244315,17.906063,Very Low,18.033646,57.1,16.357143,100,1747044000,14.971429
2025-05-12T10:01:41Z,0,29.873,73.0,58,66.4,9,8,236,71,0.0,255,32767,0.0,2127-15-31,0.0,0.16,26.24,0.0,0.0,0.0,0,4.828125,6,84,05:49,20:11,2025-05-12 10:01:41.579604,Città della Scienza,62.9,17.343475,10.97931,16.555395,13.171929,EU EEA Common AQI,70.1,16.464912,9.920036,7200,12.885715,100,100,60.9,11.977142,Very Low,70.3,15.947798,100,1747044000,Very Low,13.244315,17.906063,Very Low,18.033646,57.1,16.357143,100,1747044000,14.971429
2025-05-12T10:01:52Z,0,29.873,73.0,58,66.5,5,8,227,71,0.0,255,32767,0.0,2127-15-31,0.0,0.16,26.24,0.0,0.0,0.0,0,4.828125,6,84,05:49,20:11,2025-05-12 10:01:52.691594,Città della Scienza,62.9,17.343475,10.97931,16.555395,13.171929,EU EEA Common AQI,70.1,16.464912,9.920036,7200,12.885715,100,100,60.9,11.977142,Very Low,70.3,15.947798,100,1747044000,Very Low,13.244315,17.906063,Very Low,18.033646,57.1,16.357143,100,1747044000,14.971429
2025-05-12T10:02:04Z,0,29.873,73.0,58,66.5,10,8,240,71,0.0,255,32767,0.0,2127-15-31,0.0,0.16,26.24,0.0,0.0,0.0,0,4.828125,6,84,05:49,20:11,2025-05-12 10:02:03.812598,Città della Scienza,62.9,17.343475,10.97931,16.555395,13.171929,EU EEA Common AQI,70.1,16.464912,9.920036,7200,12.885715,100,100,60.9,11.977142,Very Low,70.3,15.947798,100,1747044000,Very Low,13.244315,17.906063,Very Low,18.033646,57.1,16.357143,100,1747044000,14.971429
2025-05-12T10:02:15Z,0,29.873,73.0,58,66.5,10,8,232,71,0.0,255,32767,0.0,2127-15-31,0.0,0.16,26.24,0.0,0.0,0.0,0,4.828125,6,84,05:49,20:11,2025-05-12 10:02:14.911573,Città della Scienza,62.9,17.343475,10.97931,16.555395,13.171929,EU EEA Common AQI,70.1,16.464912,9.920036,7200,12.885715,100,100,60.9,11.977142,Very Low,70.3,15.947798,100,1747044000,Very Low,13.244315,17.906063,Very Low,18.033646,57.1,16.357143,100,1747044000,14.971429
2025-05-12T10:02:26Z,0,29.873,73.0,58,66.4,9,8,240,71,0.0,255,32767,0.0,2127-15-31,0.0,0.16,26.24,0.0,0.0,0.0,0,4.828125,6,84,05:49,20:11,2025-05-12 10:02:25.983604,Città della Scienza,62.9,17.343475,10.97931,16.555395,13.171929,EU EEA Common AQI,70.1,16.464912,9.920036,7200,12.885715,100,100,60.9,11.977142,Very Low,70.3,15.947798,100,1747044000,Very Low,13.244315,17.906063,Very Low,18.033646,57.1,16.357143,100,1747044000,14.971429
2025-05-12T10:02:37Z,0,29.874,73.0,58,66.4,6,8,225,71,0.0,255,32767,0.0,2127-15-31,0.0,0.16,26.24,0.0,0.0,0.0,0,4.828125,6,84,05:49,20:11,2025-05-12 10:02:37.097592,Città della Scienza,62.9,17.343475,10.97931,16.555395,13.171929,EU EEA Common AQI,70.1,16.464912,9.920036,7200,12.885715,100,100,60.9,11.977142,Very Low,70.3,15.947798,100,1747044000,Very Low,13.244315,17.906063,Very Low,18.033646,57.1,16.357143,100,1747044000,14.971429
2025-05-12T10:02:48Z,0,29.874,73.0,58,66.4,8,8,233,71,0.0,255,32767,0.0,2127-15-31,0.0,0.16,26.24,0.0,0.0,0.0,0,4.828125,6,84,05:49,20:11,2025-05-12 10:02:48.201605,Città della Scienza,62.9,17.343475,10.97931,16.555395,13.171929,EU EEA Common AQI,70.1,16.464912,9.920036,7200,12.885715,100,100,60.9,11.977142,Very Low,70.3,15.947798,100,1747044000,Very Low,13.244315,17.906063,Very Low,18.033646,57.1,16.357143,100,1747044000,14.971429
2025-05-12T10:02:59Z,0,29.874,73.0,58,66.4,7,8,260,71,0.0,255,32767,0.0,2127-15-31,0.0,0.16,26.24,0.0,0.0,0.0,0,4.828125,6,84,05:49,20:11,2025-05-12 10:02:59.353608,Città della Scienza,62.9,17.343475,10.97931,16.555395,13.171929,EU EEA Common AQI,70.1,16.464912,9.920036,7200,12.885715,100,100,60.9,11.977142,Very Low,70.3,15.947798,100,1747044000,Very Low,13.244315,17.906063,Very Low,18.033646,57.1,16.357143,100,1747044000,14.971429
2025-05-12T10:03:10Z,0,29.874,73.0,58,66.4,9,8,252,71,0.0,255,32767,0.0,2127-15-31,0.0,0.16,26.24,0.0,0.0,0.0,0,4.828125,6,84,05:49,20:11,2025-05-12 10:03:10.450603,Città della Scienza,62.9,17.343475,10.97931,16.555395,13.171929,EU EEA Common AQI,70.1,16.464912,9.920036,7200,12.885715,100,100,60.9,11.977142,Very Low,70.3,15.947798,100,1747044000,Very Low,13.244315,17.906063,Very Low,18.033646,57.1,16.357143,100,1747044000,14.971429
2025-05-12T10:03:21Z,0,29.874,73.0,58,66.4,4,8,251,71,0.0,255,32767,0.0,2127-15-31,0.0,0.16,26.24,0.0,0.0,0.0,0,4.828125,6,84,05:49,20:11,2025-05-12 10:03:21.538608,Città della Scienza,62.9,17.343475,10.97931,16.555395,13.171929,EU EEA Common AQI,70.1,16.464912,9.920036,7200,12.885715,100,100,60.9,11.977142,Very Low,70.3,15.947798,100,1747044000,Very Low,13.244315,17.906063,Very Low,18.033646,57.1,16.357143,100,1747044000,14.971429
2025-05-12T10:03:32Z,0,29.874,73.0,58,66.5,10,8,238,71,0.0,255,32767,0.0,2127-15-31,0.0,0.16,26.24,0.0,0.0,0.0,0,4.828125,6,84,05:49,20:11,2025-05-12 10:03:32.699626,Città della Scienza,62.9,17.343475,10.97931,16.555395,13.171929,EU EEA Common AQI,70.1,16.464912,9.920036,7200,12.885715,100,100,60.9,11.977142,Very Low,70.3,15.947798,100,1747044000,Very Low,13.244315,17.906063,Very Low,18.033646,57.1,16.357143,100,1747044000,14.971429
2025-05-12T10:03:43Z,0,29.873,73.0,58,66.5,7,8,259,70,0.0,255,32767,0.0,2127-15-31,0.0,0.16,26.24,0.0,0.0,0.0,0,4.828125,6,84,05:49,20:11,2025-05-12 10:03:43.772598,Città della Scienza,62.9,17.343475,10.97931,16.555395,13.171929,EU EEA Common AQI,70.1,16.464912,9.920036,7200,12.885715,100,100,60.9,11.977142,Very Low,70.3,15.947798,100,1747044000,Very Low,13.244315,17.906063,Very Low,18.033646,57.1,16.357143,100,1747044000,14.971429
2025-05-12T10:03:55Z,0,29.873,73.0,58,66.4,8,8,225,70,0.0,255,32767,0.0,2127-15-31,0.0,0.16,26.24,0.0,0.0,0.0,0,4.828125,6,84,05:49,20:11,2025-05-12 10:03:54.879588,Città della Scienza,62.9,17.343475,10.97931,16.555395,13.171929,EU EEA Common AQI,70.1,16.464912,9.920036,7200,12.885715,100,100,60.9,11.977142,Very Low,70.3,15.947798,100,1747044000,Very Low,13.244315,17.906063,Very Low,18.033646,57.1,16.357143,100,1747044000,14.971429
2025-05-12T10:04:06Z,0,29.873,73.0,58,66.4,8,8,233,70,0.0,255,32767,0.0,2127-15-31,0.0,0.16,26.24,0.0,0.0,0.0,0,4.828125,6,84,05:49,20:11,2025-05-12 10:04:05.940589,Città della Scienza,62.9,17.343475,10.97931,16.555395,13.171929,EU EEA Common AQI,70.1,16.464912,9.920036,7200,12.885715,100,100,60.9,11.977142,Very Low,70.3,15.947798,100,1747044000,Very Low,13.244315,17.906063,Very Low,18.033646,57.1,16.357143,100,1747044000,14.971429
2025-05-12T10:04:17Z,0,29.873,73.0,58,66.4,6,8,265,70,0.0,255,32767,0.0,2127-15-31,0.0,0.16,26.24,0.0,0.0,0.0,0,4.828125,6,84,05:49,20:11,2025-05-12 10:04:17.020598,Città della Scienza,62.9,17.343475,10.97931,16.555395,13.171929,EU EEA Common AQI,70.1,16.464912,9.920036,7200,12.885715,100,100,60.9,11.977142,Very Low,70.3,15.947798,100,1747044000,Very Low,13.244315,17.906063,Very Low,18.033646,57.1,16.357143,100,1747044000,14.971429
2025-05-12T10:04:28Z,0,29.873,73.0,58,66.5,8,8,231,70,0.0,255,32767,0.0,2127-15-31,0.0,0.16,26.24,0.0,0.0,0.0,0,4.828125,6,84,05:49,20:11,2025-05-12 10:04:28.075603,Città della Scienza,62.9,17.343475,10.97931,16.555395,13.171929,EU EEA Common AQI,70.1,16.464912,9.920036,7200,12.885715,100,100,60.9,11.977142,Very Low,70.3,15.947798,100,1747044000,Very Low,13.244315,17.906063,Very Low,18.033646,57.1,16.357143,100,1747044000,14.971429
2025-05-12T10:04:39Z,0,29.875,73.1,58,66.5,6,8,237,70,0.0,255,32767,0.0,2127-15-31,0.0,0.16,26.24,0.0,0.0,0.0,0,4.828125,6,84,05:49,20:11,2025-05-12 10:04:39.209599,Città della Scienza,62.9,17.343475,10.97931,16.555395,13.171929,EU EEA Common AQI,70.1,16.464912,9.920036,7200,12.885715,100,100,60.9,11.977142,Very Low,70.3,15.947798,100,1747044000,Very Low,13.244315,17.906063,Very Low,18.033646,57.1,16.357143,100,1747044000,14.971429
2025-05-12T10:04:50Z,0,29.875,73.1,58,66.5,7,8,223,70,0.0,255,32767,0.0,2127-15-31,0.0,0.16,26.24,0.0,0.0,0.0,0,4.828125,6,84,05:49,20:11,2025-05-12 10:04:50.307598,Città della Scienza,62.9,17.343475,10.97931,16.555395,13.171929,EU EEA Common AQI,70.1,16.464912,9.920036,7200,12.885715,100,100,60.9,11.977142,Very Low,70.3,15.947798,100,1747044000,Very Low,13.244315,17.906063,Very Low,18.033646,57.1,16.357143,100,1747044000,14.971429
2025-05-12T10:05:01Z,0,29.875,73.1,58,66.5,11,8,241,70,0.0,255,32767,0.0,2127-15-31,0.0,0.16,26.24,0.0,0.0,0.0,0,4.828125,6,84,05:49,20:11,2025-05-12 10:05:01.415604,Città della Scienza,62.9,17.343475,10.97931,16.555395,13.171929,EU EEA Common AQI,70.1,16.464912,9.920036,7200,12.885715,100,100,60.9,11.977142,Very Low,70.3,15.947798,100,1747044000,Very Low,13.244315,17.906063,Very Low,18.033646,57.1,16.357143,100,1747044000,14.971429
2025-05-12T10:05:12Z,0,29.875,73.1,58,66.5,10,8,238,70,0.0,255,32767,0.0,2127-15-31,0.0,0.16,26.24,0.0,0.0,0.0,0,4.828125,6,84,05:49,20:11,2025-05-12 10:05:12.527591,Città della Scienza,62.9,17.343475,10.97931,16.555395,13.171929,EU EEA Common AQI,70.1,16.464912,9.920036,7200,12.885715,100,100,60.9,11.977142,Very Low,70.3,15.947798,100,1747044000,Very Low,13.244315,17.906063,Very Low,18.033646,57.1,16.357143,100,1747044000,14.971429
2025-05-12T10:05:23Z,0,29.875,73.1,58,66.5,6,8,219,70,0.0,255,32767,0.0,2127-15-31,0.0,0.16,26.24,0.0,0.0,0.0,0,4.828125,6,84,05:49,20:11,2025-05-12 10:05:23.583562,Città della Scienza,62.9,17.343475,10.97931,16.555395,13.171929,EU EEA Common AQI,70.1,16.464912,9.920036,7200,12.885715,100,100,60.9,11.977142,Very Low,70.3,15.947798,100,1747044000,Very Low,13.244315,17.906063,Very Low,18.033646,57.1,16.357143,100,1747044000,14.971429
2025-05-12T10:05:34Z,0,29.874,73.1,58,66.5,8,8,252,70,0.0,255,32767,0.0,2127-15-31,0.0,0.16,26.24,0.0,0.0,0.0,0,4.828125,6,84,05:49,20:11,2025-05-12 10:05:34.720599,Città della Scienza,62.9,17.343475,10.97931,16.555395,13.171929,EU EEA Common AQI,70.1,16.464912,9.920036,7200,12.885715,100,100,60.9,11.977142,Very Low,70.3,15.947798,100,1747044000,Very Low,13.244315,17.906063,Very Low,18.033646,57.1,16.357143,100,1747044000,14.971429
2025-05-12T10:05:45Z,0,29.874,73.1,58,66.5,10,8,233,70,0.0,255,32767,0.0,2127-15-31,0.0,0.16,26.24,0.0,0.0,0.0,0,4.828125,6,84,05:49,20:11,2025-05-12 10:05:45.758599,Città della Scienza,62.9,17.343475,10.97931,16.555395,13.171929,EU EEA Common AQI,70.1,16.464912,9.920036,7200,12.885715,100,100,60.9,11.977142,Very Low,70.3,15.947798,100,1747044000,Very Low,13.244315,17.906063,Very Low,18.033646,57.1,16.357143,100,1747044000,14.971429
2025-05-12T10:05:57Z,0,29.874,73.1,58,66.5,8,8,247,70,0.0,255,32767,0.0,2127-15-31,0.0,0.16,26.24,0.0,0.0,0.0,0,4.828125,6,84,05:49,20:11,2025-05-12 10:05:56.827612,Città della Scienza,62.9,17.343475,10.97931,16.555395,13.171929,EU EEA Common AQI,70.1,16.464912,9.920036,7200,12.885715,100,100,60.9,11.977142,Very Low,70.3,15.947798,100,1747044000,Very Low,13.244315,17.906063,Very Low,18.033646,57.1,16.357143,100,1747044000,14.971429
2025-05-12T10:06:08Z,0,29.874,73.1,58,66.5,9,8,250,70,0.0,255,32767,0.0,2127-15-31,0.0,0.16,26.24,0.0,0.0,0.0,0,4.828125,6,84,05:49,20:11,2025-05-12 10:06:07.948595,Città della Scienza,62.9,17.343475,10.97931,16.555395,13.171929,EU EEA Common AQI,70.1,16.464912,9.920036,7200,12.885715,100,100,60.9,11.977142,Very Low,70.3,15.947798,100,1747044000,Very Low,13.244315,17.906063,Very Low,18.033646,57.1,16.357143,100,1747044000,14.971429
2025-05-12T10:06:19Z,0,29.874,73.1,58,66.5,8,8,224,71,0.0,255,32767,0.0,2127-15-31,0.0,0.16,26.24,0.0,0.0,0.0,0,4.828125,6,84,05:49,20:11,2025-05-12 10:06:19.010599,Città della Scienza,62.9,17.343475,10.97931,16.555395,13.171929,EU EEA Common AQI,70.1,16.464912,9.920036,7200,12.885715,100,100,60.9,11.977142,Very Low,70.3,15.947798,100,1747044000,Very Low,13.244315,17.906063,Very Low,18.033646,57.1,16.357143,100,1747044000,14.971429
2025-05-12T10:06:30Z,0,29.874,73.1,58,66.6,9,8,227,71,0.0,255,32767,0.0,2127-15-31,0.0,0.16,26.24,0.0,0.0,0.0,0,4.828125,6,84,05:49,20:11,2025-05-12 10:06:30.091595,Città della Scienza,62.9,17.343475,10.97931,16.555395,13.171929,EU EEA Common AQI,70.1,16.464912,9.920036,7200,12.885715,100,100,60.9,11.977142,Very Low,70.3,15.947798,100,1747044000,Very Low,13.244315,17.906063,Very Low,18.033646,57.1,16.357143,100,1747044000,14.971429
2025-05-12T10:06:41Z,0,29.875,73.1,58,66.6,9,8,228,71,0.0,255,32767,0.0,2127-15-31,0.0,0.16,26.24,0.0,0.0,0.0,0,4.828125,6,84,05:49,20:11,2025-05-12 10:06:41.158607,Città della Scienza,62.9,17.343475,10.97931,16.555395,13.171929,EU EEA Common AQI,70.1,16.464912,9.920036,7200,12.885715,100,100,60.9,11.977142,Very Low,70.3,15.947798,100,1747044000,Very Low,13.244315,17.906063,Very Low,18.033646,57.1,16.357143,100,1747044000,14.971429
2025-05-12T10:06:52Z,0,29.875,73.1,58,66.6,9,8,240,71,0.0,255,32767,0.0,2127-15-31,0.0,0.16,26.24,0.0,0.0,0.0,0,4.828125,6,84,05:49,20:11,2025-05-12 10:06:52.278621,Città della Scienza,62.9,17.343475,10.97931,16.555395,13.171929,EU EEA Common AQI,70.1,16.464912,9.920036,7200,12.885715,100,100,60.9,11.977142,Very Low,70.3,15.947798,100,1747044000,Very Low,13.244315,17.906063,Very Low,18.033646,57.1,16.357143,100,1747044000,14.971429
2025-05-12T10:07:03Z,0,29.875,73.1,58,66.5,8,8,247,71,0.0,255,32767,0.0,2127-15-31,0.0,0.16,26.24,0.0,0.0,0.0,0,4.828125,6,84,05:49,20:11,2025-05-12 10:07:03.305592,Città della Scienza,62.9,17.343475,10.97931,16.555395,13.171929,EU EEA Common AQI,70.1,16.464912,9.920036,7200,12.885715,100,100,60.9,11.977142,Very Low,70.3,15.947798,100,1747044000,Very Low,13.244315,17.906063,Very Low,18.033646,57.1,16.357143,100,1747044000,14.971429
2025-05-12T10:07:14Z,0,29.875,73.1,58,66.6,11,8,244,70,0.0,255,32767,0.0,2127-15-31,0.0,0.16,26.24,0.0,0.0,0.0,0,4.828125,6,84,05:49,20:11,2025-05-12 10:07:14.379611,Città della Scienza,62.9,17.343475,10.97931,16.555395,13.171929,EU EEA Common AQI,70.1,16.464912,9.920036,7200,12.885715,100,100,60.9,11.977142,Very Low,70.3,15.947798,100,1747044000,Very Low,13.244315,17.906063,Very Low,18.033646,57.1,16.357143,100,1747044000,14.971429
2025-05-12T10:07:25Z,0,29.875,73.1,58,66.6,8,8,247,70,0.0,255,32767,0.0,2127-15-31,0.0,0.16,26.24,0.0,0.0,0.0,0,4.828125,6,84,05:49,20:11,2025-05-12 10:07:25.436621,Città della Scienza,62.9,17.343475,10.97931,16.555395,13.171929,EU EEA Common AQI,70.1,16.464912,9.920036,7200,12.885715,100,100,60.9,11.977142,Very Low,70.3,15.947798,100,1747044000,Very Low,13.244315,17.906063,Very Low,18.033646,57.1,16.357143,100,1747044000,14.971429
2025-05-12T10:07:36Z,0,29.874,73.1,58,66.5,10,8,238,70,0.0,255,32767,0.0,2127-15-31,0.0,0.16,26.24,0.0,0.0,0.0,0,4.828125,6,84,05:49,20:11,2025-05-12 10:07:36.532610,Città della Scienza,62.9,17.343475,10.97931,16.555395,13.171929,EU EEA Common AQI,70.1,16.464912,9.920036,7200,12.885715,100,100,60.9,11.977142,Very Low,70.3,15.947798,100,1747044000,Very Low,13.244315,17.906063,Very Low,18.033646,57.1,16.357143,100,1747044000,14.971429
2025-05-12T10:07:47Z,0,29.874,73.1,58,66.5,7,8,253,70,0.0,255,32767,0.0,2127-15-31,0.0,0.16,26.24,0.0,0.0,0.0,0,4.828125,6,84,05:49,20:11,2025-05-12 10:07:47.612612,Città della Scienza,62.9,17.343475,10.97931,16.555395,13.171929,EU EEA Common AQI,70.1,16.464912,9.920036,7200,12.885715,100,100,60.9,11.977142,Very Low,70.3,15.947798,100,1747044000,Very Low,13.244315,17.906063,Very Low,18.033646,57.1,16.357143,100,1747044000,14.971429
2025-05-12T10:07:58Z,0,29.874,73.1,58,66.5,8,8,238,70,0.0,255,32767,0.0,2127-15-31,0.0,0.16,26.24,0.0,0.0,0.0,0,4.828125,6,84,05:49,20:11,2025-05-12 10:07:58.703594,Città della Scienza,62.9,17.343475,10.97931,16.555395,13.171929,EU EEA Common AQI,70.1,16.464912,9.920036,7200,12.885715,100,100,60.9,11.977142,Very Low,70.3,15.947798,100,1747044000,Very Low,13.244315,17.906063,Very Low,18.033646,57.1,16.357143,100,1747044000,14.971429
2025-05-12T10:08:09Z,0,29.874,73.1,58,66.6,9,8,244,70,0.0,255,32767,0.0,2127-15-31,0.0,0.16,26.24,0.0,0.0,0.0,0,4.828125,6,84,05:49,20:11,2025-05-12 10:08:09.790595,Città della Scienza,62.9,17.343475,10.97931,16.555395,13.171929,EU EEA Common AQI,70.1,16.464912,9.920036,7200,12.885715,100,100,60.9,11.977142,Very Low,70.3,15.947798,100,1747044000,Very Low,13.244315,17.906063,Very Low,18.033646,57.1,16.357143,100,1747044000,14.971429
2025-05-12T10:08:21Z,0,29.874,73.1,58,66.6,8,8,242,70,0.0,255,32767,0.0,2127-15-31,0.0,0.16,26.24,0.0,0.0,0.0,0,4.828125,6,84,05:49,20:11,2025-05-12 10:08:20.880620,Città della Scienza,62.9,17.343475,10.97931,16.555395,13.171929,EU EEA Common AQI,70.1,16.464912,9.920036,7200,12.885715,100,100,60.9,11.977142,Very Low,70.3,15.947798,100,1747044000,Very Low,13.244315,17.906063,Very Low,18.033646,57.1,16.357143,100,1747044000,14.971429
2025-05-12T10:08:32Z,0,29.874,73.1,58,66.6,9,8,239,70,0.0,255,32767,0.0,2127-15-31,0.0,0.16,26.24,0.0,0.0,0.0,0,4.828125,6,84,05:49,20:11,2025-05-12 10:08:32.008595,Città della Scienza,62.9,17.343475,10.97931,16.555395,13.171929,EU EEA Common AQI,70.1,16.464912,9.920036,7200,12.885715,100,100,60.9,11.977142,Very Low,70.3,15.947798,100,1747044000,Very Low,13.244315,17.906063,Very Low,18.033646,57.1,16.357143,100,1747044000,14.971429
2025-05-12T10:08:43Z,0,29.873,73.2,58,66.6,9,8,221,70,0.0,255,32767,0.0,2127-15-31,0.0,0.16,26.24,0.0,0.0,0.0,0,4.828125,6,84,05:49,20:11,2025-05-12 10:08:43.103602,Città della Scienza,62.9,17.343475,10.97931,16.555395,13.171929,EU EEA Common AQI,70.1,16.464912,9.920036,7200,12.885715,100,100,60.9,11.977142,Very Low,70.3,15.947798,100,1747044000,Very Low,13.244315,17.906063,Very Low,18.033646,57.1,16.357143,100,1747044000,14.971429
2025-05-12T10:08:54Z,0,29.873,73.2,58,66.6,9,8,236,70,0.0,255,32767,0.0,2127-15-31,0.0,0.16,26.24,0.0,0.0,0.0,0,4.828125,6,84,05:49,20:11,2025-05-12 10:08:54.200585,Città della Scienza,62.9,17.343475,10.97931,16.555395,13.171929,EU EEA Common AQI,70.1,16.464912,9.920036,7200,12.885715,100,100,60.9,11.977142,Very Low,70.3,15.947798,100,1747044000,Very Low,13.244315,17.906063,Very Low,18.033646,57.1,16.357143,100,1747044000,14.971429
2025-05-12T10:09:05Z,0,29.873,73.2,58,66.6,8,8,233,70,0.0,255,32767,0.0,2127-15-31,0.0,0.16,26.24,0.0,0.0,0.0,0,4.828125,6,84,05:49,20:11,2025-05-12 10:09:05.248591,Città della Scienza,62.9,17.343475,10.97931,16.555395,13.171929,EU EEA Common AQI,70.1,16.464912,9.920036,7200,12.885715,100,100,60.9,11.977142,Very Low,70.3,15.947798,100,1747044000,Very Low,13.244315,17.906063,Very Low,18.033646,57.1,16.357143,100,1747044000,14.971429
2025-05-12T10:09:16Z,0,29.873,73.2,58,66.6,7,8,222,70,0.0,255,32767,0.0,2127-15-31,0.0,0.16,26.24,0.0,0.0,0.0,0,4.828125,6,84,05:49,20:11,2025-05-12 10:09:16.336595,Città della Scienza,62.9,17.343475,10.97931,16.555395,13.171929,EU EEA Common AQI,70.1,16.464912,9.920036,7200,12.885715,100,100,60.9,11.977142,Very Low,70.3,15.947798,100,1747044000,Very Low,13.244315,17.906063,Very Low,18.033646,57.1,16.357143,100,1747044000,14.971429
2025-05-12T10:09:27Z,0,29.873,73.2,58,66.6,8,8,245,70,0.0,255,32767,0.0,2127-15-31,0.0,0.16,26.24,0.0,0.0,0.0,0,4.828125,6,84,05:49,20:11,2025-05-12 10:09:27.377254,Città della Scienza,62.9,17.343475,10.97931,16.555395,13.171929,EU EEA Common AQI,70.1,16.464912,9.920036,7200,12.885715,100,100,60.9,11.977142,Very Low,70.3,15.947798,100,1747044000,Very Low,13.244315,17.906063,Very Low,18.033646,57.1,16.357143,100,1747044000,14.971429
2025-05-12T10:09:38Z,0,29.872,73.2,58,66.6,9,8,245,70,0.0,255,32767,0.0,2127-15-31,0.0,0.16,26.24,0.0,0.0,0.0,0,4.828125,6,84,05:49,20:11,2025-05-12 10:09:38.476566,Città della Scienza,62.9,17.343475,10.97931,16.555395,13.171929,EU EEA Common AQI,70.1,16.464912,9.920036,7200,12.885715,100,100,60.9,11.977142,Very Low,70.3,15.947798,100,1747044000,Very Low,13.244315,17.906063,Very Low,18.033646,57.1,16.357143,100,1747044000,14.971429
2025-05-12T10:09:49Z,0,29.872,73.2,58,66.7,9,8,234,71,0.0,255,32767,0.0,2127-15-31,0.0,0.16,26.24,0.0,0.0,0.0,0,4.828125,6,84,05:49,20:11,2025-05-12 10:09:49.579596,Città della Scienza,62.9,17.343475,10.97931,16.555395,13.171929,EU EEA Common AQI,70.1,16.464912,9.920036,7200,12.885715,100,100,60.9,11.977142,Very Low,70.3,15.947798,100,1747044000,Very Low,13.244315,17.906063,Very Low,18.033646,57.1,16.357143,100,1747044000,14.971429
2025-05-12T10:10:00Z,0,29.872,73.2,58,66.7,10,8,247,71,0.0,255,32767,0.0,2127-15-31,0.0,0.16,26.24,0.0,0.0,0.0,0,4.828125,6,84,05:49,20:11,2025-05-12 10:10:00.670589,Città della Scienza,62.9,17.343475,10.97931,16.555395,13.171929,EU EEA Common AQI,70.1,16.464912,9.920036,7200,12.885715,100,100,60.9,11.977142,Very Low,70.3,15.947798,100,1747044000,Very Low,13.244315,17.906063,Very Low,18.033646,57.1,16.357143,100,1747044000,14.971429
2025-05-12T10:10:11Z,0,29.872,73.2,58,66.7,9,8,240,71,0.0,255,32767,0.0,2127-15-31,0.0,0.16,26.24,0.0,0.0,0.0,0,4.828125,6,84,05:49,20:11,2025-05-12 10:10:11.723603,Città della Scienza,62.9,17.343475,10.97931,16.555395,13.171929,EU EEA Common AQI,70.1,16.464912,9.920036,7200,12.885715,100,100,60.9,11.977142,Very Low,70.3,15.947798,100,1747044000,Very Low,13.244315,17.906063,Very Low,18.033646,57.1,16.357143,100,1747044000,14.971429
2025-05-12T10:10:22Z,0,29.872,73.2,58,66.7,8,8,242,71,0.0,255,32767,0.0,2127-15-31,0.0,0.16,26.24,0.0,0.0,0.0,0,4.828125,6,84,05:49,20:11,2025-05-12 10:10:22.788582,Città della Scienza,62.9,17.343475,10.97931,16.555395,13.171929,EU EEA Common AQI,70.1,16.464912,9.920036,7200,12.885715,100,100,60.9,11.977142,Very Low,70.3,15.947798,100,1747044000,Very Low,13.244315,17.906063,Very Low,18.033646,57.1,16.357143,100,1747044000,14.971429
2025-05-12T10:10:34Z,0,29.874,73.2,58,66.7,8,8,258,71,0.0,255,32767,0.0,2127-15-31,0.0,0.16,26.24,0.0,0.0,0.0,0,4.828125,6,84,05:49,20:11,2025-05-12 10:10:34.147612,Città della Scienza,62.9,17.343475,10.97931,16.555395,13.171929,EU EEA Common AQI,70.1,16.464912,9.920036,7200,12.885715,100,100,60.9,11.977142,Very Low,70.3,15.947798,100,1747044000,Very Low,13.244315,17.906063,Very Low,18.033646,57.1,16.357143,100,1747044000,14.971429
2025-05-12T10:10:45Z,0,29.874,73.2,58,66.7,8,8,242,71,0.0,255,32767,0.0,2127-15-31,0.0,0.16,26.24,0.0,0.0,0.0,0,4.828125,6,84,05:49,20:11,2025-05-12 10:10:45.238599,Città della Scienza,62.9,17.343475,10.97931,16.555395,13.171929,EU EEA Common AQI,70.1,16.464912,9.920036,7200,12.885715,100,100,60.9,11.977142,Very Low,70.3,15.947798,100,1747044000,Very Low,13.244315,17.906063,Very Low,18.033646,57.1,16.357143,100,1747044000,14.971429
2025-05-12T10:10:56Z,0,29.874,73.2,58,66.7,7,8,257,71,0.0,255,32767,0.0,2127-15-31,0.0,0.16,26.24,0.0,0.0,0.0,0,4.828125,6,84,05:49,20:11,2025-05-12 10:10:56.366571,Città della Scienza,62.9,17.343475,10.97931,16.555395,13.171929,EU EEA Common AQI,70.1,16.464912,9.920036,7200,12.885715,100,100,60.9,11.977142,Very Low,70.3,15.947798,100,1747044000,Very Low,13.244315,17.906063,Very Low,18.033646,57.1,16.357143,100,1747044000,14.971429
2025-05-12T10:11:07Z,0,29.874,73.2,58,66.7,9,8,246,71,0.0,255,32767,0.0,2127-15-31,0.0,0.16,26.24,0.0,0.0,0.0,0,4.828125,6,84,05:49,20:11,2025-05-12 10:11:07.526594,Città della Scienza,62.9,17.343475,10.97931,16.555395,13.171929,EU EEA Common AQI,70.1,16.464912,9.920036,7200,12.885715,100,100,60.9,11.977142,Very Low,70.3,15.947798,100,1747044000,Very Low,13.244315,17.906063,Very Low,18.033646,57.1,16.357143,100,1747044000,14.971429
2025-05-12T10:11:18Z,0,29.874,73.2,58,66.7,10,8,241,71,0.0,255,32767,0.0,2127-15-31,0.0,0.16,26.24,0.0,0.0,0.0,0,4.828125,6,84,05:49,20:11,2025-05-12 10:11:18.607627,Città della Scienza,62.9,17.343475,10.97931,16.555395,13.171929,EU EEA Common AQI,70.1,16.464912,9.920036,7200,12.885715,100,100,60.9,11.977142,Very Low,70.3,15.947798,100,1747044000,Very Low,13.244315,17.906063,Very Low,18.033646,57.1,16.357143,100,1747044000,14.971429
2025-05-12T10:11:29Z,0,29.874,73.2,58,66.7,9,8,227,70,0.0,255,32767,0.0,2127-15-31,0.0,0.16,26.24,0.0,0.0,0.0,0,4.828125,6,84,05:49,20:11,2025-05-12 10:11:29.698593,Città della Scienza,62.9,17.343475,10.97931,16.555395,13.171929,EU EEA Common AQI,70.1,16.464912,9.920036,7200,12.885715,100,100,60.9,11.977142,Very Low,70.3,15.947798,100,1747044000,Very Low,13.244315,17.906063,Very Low,18.033646,57.1,16.357143,100,1747044000,14.971429
2025-05-12T10:11:40Z,0,29.873,73.2,58,66.7,5,8,240,70,0.0,255,32767,0.0,2127-15-31,0.0,0.16,26.24,0.0,0.0,0.0,0,4.828125,6,84,05:49,20:11,2025-05-12 10:11:40.760592,Città della Scienza,62.9,17.343475,10.97931,16.555395,13.171929,EU EEA Common AQI,70.1,16.464912,9.920036,7200,12.885715,100,100,60.9,11.977142,Very Low,70.3,15.947798,100,1747044000,Very Low,13.244315,17.906063,Very Low,18.033646,57.1,16.357143,100,1747044000,14.971429
2025-05-12T10:11:52Z,0,29.873,73.2,58,66.7,8,8,221,70,0.0,255,32767,0.0,2127-15-31,0.0,0.16,26.24,0.0,0.0,0.0,0,4.828125,6,84,05:49,20:11,2025-05-12 10:11:51.848598,Città della Scienza,62.9,17.343475,10.97931,16.555395,13.171929,EU EEA Common AQI,70.1,16.464912,9.920036,7200,12.885715,100,100,60.9,11.977142,Very Low,70.3,15.947798,100,1747044000,Very Low,13.244315,17.906063,Very Low,18.033646,57.1,16.357143,100,1747044000,14.971429
2025-05-12T10:12:03Z,0,29.873,73.2,58,66.7,7,8,228,70,0.0,255,32767,0.0,2127-15-31,0.0,0.16,26.24,0.0,0.0,0.0,0,4.828125,6,84,05:49,20:11,2025-05-12 10:12:02.893593,Città della Scienza,62.9,17.343475,10.97931,16.555395,13.171929,EU EEA Common AQI,70.1,16.464912,9.920036,7200,12.885715,100,100,60.9,11.977142,Very Low,70.3,15.947798,100,1747044000,Very Low,13.244315,17.906063,Very Low,18.033646,57.1,16.357143,100,1747044000,14.971429
2025-05-12T10:12:14Z,0,29.873,73.2,58,66.7,5,8,252,70,0.0,255,32767,0.0,2127-15-31,0.0,0.16,26.24,0.0,0.0,0.0,0,4.828125,6,84,05:49,20:11,2025-05-12 10:12:13.975604,Città della Scienza,62.9,17.343475,10.97931,16.555395,13.171929,EU EEA Common AQI,70.1,16.464912,9.920036,7200,12.885715,100,100,60.9,11.977142,Very Low,70.3,15.947798,100,1747044000,Very Low,13.244315,17.906063,Very Low,18.033646,57.1,16.357143,100,1747044000,14.971429
2025-05-12T10:12:25Z,0,29.873,73.2,58,66.7,8,8,259,71,0.0,255,32767,0.0,2127-15-31,0.0,0.16,26.24,0.0,0.0,0.0,0,4.828125,6,84,05:49,20:11,2025-05-12 10:12:25.065591,Città della Scienza,62.9,17.343475,10.97931,16.555395,13.171929,EU EEA Common AQI,70.1,16.464912,9.920036,7200,12.885715,100,100,60.9,11.977142,Very Low,70.3,15.947798,100,1747044000,Very Low,13.244315,17.906063,Very Low,18.033646,57.1,16.357143,100,1747044000,14.971429
2025-05-12T10:12:36Z,0,29.872,73.2,58,66.7,8,8,240,71,0.0,255,32767,0.0,2127-15-31,0.0,0.16,26.24,0.0,0.0,0.0,0,4.828125,6,84,05:49,20:11,2025-05-12 10:12:36.169604,Città della Scienza,62.9,17.343475,10.97931,16.555395,13.171929,EU EEA Common AQI,70.1,16.464912,9.920036,7200,12.885715,100,100,60.9,11.977142,Very Low,70.3,15.947798,100,1747044000,Very Low,13.244315,17.906063,Very Low,18.033646,57.1,16.357143,100,1747044000,14.971429
2025-05-12T10:12:47Z,0,29.872,73.2,58,66.8,8,8,267,71,0.0,255,32767,0.0,2127-15-31,0.0,0.16,26.24,0.0,0.0,0.0,0,4.828125,6,84,05:49,20:11,2025-05-12 10:12:47.245596,Città della Scienza,62.9,17.343475,10.97931,16.555395,13.171929,EU EEA Common AQI,70.1,16.464912,9.920036,7200,12.885715,100,100,60.9,11.977142,Very Low,70.3,15.947798,100,1747044000,Very Low,13.244315,17.906063,Very Low,18.033646,57.1,16.357143,100,1747044000,14.971429
2025-05-12T10:12:58Z,0,29.872,73.2,58,66.8,7,8,252,71,0.0,255,32767,0.0,2127-15-31,0.0,0.16,26.24,0.0,0.0,0.0,0,4.828125,6,84,05:49,20:11,2025-05-12 10:12:58.317594,Città della Scienza,62.9,17.343475,10.97931,16.555395,13.171929,EU EEA Common AQI,70.1,16.464912,9.920036,7200,12.885715,100,100,60.9,11.977142,Very Low,70.3,15.947798,100,1747044000,Very Low,13.244315,17.906063,Very Low,18.033646,57.1,16.357143,100,1747044000,14.971429
2025-05-12T10:13:09Z,0,29.872,73.2,58,66.8,8,8,249,71,0.0,255,32767,0.0,2127-15-31,0.0,0.16,26.24,0.0,0.0,0.0,0,4.828125,6,84,05:49,20:11,2025-05-12 10:13:09.369611,Città della Scienza,62.9,17.343475,10.97931,16.555395,13.171929,EU EEA Common AQI,70.1,16.464912,9.920036,7200,12.885715,100,100,60.9,11.977142,Very Low,70.3,15.947798,100,1747044000,Very Low,13.244315,17.906063,Very Low,18.033646,57.1,16.357143,100,1747044000,14.971429
2025-05-12T10:13:20Z,0,29.872,73.2,58,66.8,4,8,210,71,0.0,255,32767,0.0,2127-15-31,0.0,0.16,26.24,0.0,0.0,0.0,0,4.828125,6,84,05:49,20:11,2025-05-12 10:13:20.469601,Città della Scienza,62.9,17.343475,10.97931,16.555395,13.171929,EU EEA Common AQI,70.1,16.464912,9.920036,7200,12.885715,100,100,60.9,11.977142,Very Low,70.3,15.947798,100,1747044000,Very Low,13.244315,17.906063,Very Low,18.033646,57.1,16.357143,100,1747044000,14.971429
2025-05-12T10:13:32Z,0,29.872,73.2,58,66.8,6,8,219,71,0.0,255,32767,0.0,2127-15-31,0.0,0.16,26.24,0.0,0.0,0.0,0,4.828125,6,84,05:49,20:11,2025-05-12 10:13:31.871600,Città della Scienza,62.9,17.343475,10.97931,16.555395,13.171929,EU EEA Common AQI,70.1,16.464912,9.920036,7200,12.885715,100,100,60.9,11.977142,Very Low,70.3,15.947798,100,1747044000,Very Low,13.244315,17.906063,Very Low,18.033646,57.1,16.357143,100,1747044000,14.971429
2025-05-12T10:13:43Z,0,29.873,73.2,58,66.8,9,8,225,71,0.0,255,32767,0.0,2127-15-31,0.0,0.16,26.24,0.0,0.0,0.0,0,4.828125,6,84,05:49,20:11,2025-05-12 10:13:42.923595,Città della Scienza,62.9,17.343475,10.97931,16.555395,13.171929,EU EEA Common AQI,70.1,16.464912,9.920036,7200,12.885715,100,100,60.9,11.977142,Very Low,70.3,15.947798,100,1747044000,Very Low,13.244315,17.906063,Very Low,18.033646,57.1,16.357143,100,1747044000,14.971429
2025-05-12T10:13:54Z,0,29.873,73.2,58,66.9,6,8,219,71,0.0,255,32767,0.0,2127-15-31,0.0,0.16,26.24,0.0,0.0,0.0,0,4.828125,6,84,05:49,20:11,2025-05-12 10:13:53.970613,Città della Scienza,62.9,17.343475,10.97931,16.555395,13.171929,EU EEA Common AQI,70.1,16.464912,9.920036,7200,12.885715,100,100,60.9,11.977142,Very Low,70.3,15.947798,100,1747044000,Very Low,13.244315,17.906063,Very Low,18.033646,57.1,16.357143,100,1747044000,14.971429
2025-05-12T10:14:05Z,0,29.873,73.2,58,66.9,6,8,227,71,0.0,255,32767,0.0,2127-15-31,0.0,0.16,26.24,0.0,0.0,0.0,0,4.828125,6,84,05:49,20:11,2025-05-12 10:14:05.052598,Città della Scienza,62.9,17.343475,10.97931,16.555395,13.171929,EU EEA Common AQI,70.1,16.464912,9.920036,7200,12.885715,100,100,60.9,11.977142,Very Low,70.3,15.947798,100,1747044000,Very Low,13.244315,17.906063,Very Low,18.033646,57.1,16.357143,100,1747044000,14.971429
2025-05-12T10:14:16Z,0,29.873,73.2,58,66.9,10,8,238,71,0.0,255,32767,0.0,2127-15-31,0.0,0.16,26.24,0.0,0.0,0.0,0,4.828125,6,84,05:49,20:11,2025-05-12 10:14:16.195600,Città della Scienza,62.9,17.343475,10.97931,16.555395,13.171929,EU EEA Common AQI,70.1,16.464912,9.920036,7200,12.885715,100,100,60.9,11.977142,Very Low,70.3,15.947798,100,1747044000,Very Low,13.244315,17.906063,Very Low,18.033646,57.1,16.357143,100,1747044000,14.971429
2025-05-12T10:14:27Z,0,29.873,73.2,58,66.9,7,8,262,71,0.0,255,32767,0.0,2127-15-31,0.0,0.16,26.24,0.0,0.0,0.0,0,4.828125,6,84,05:49,20:11,2025-05-12 10:14:27.270599,Città della Scienza,62.9,17.343475,10.97931,16.555395,13.171929,EU EEA Common AQI,70.1,16.464912,9.920036,7200,12.885715,100,100,60.9,11.977142,Very Low,70.3,15.947798,100,1747044000,Very Low,13.244315,17.906063,Very Low,18.033646,57.1,16.357143,100,1747044000,14.971429
2025-05-12T10:14:38Z,0,29.873,73.3,58,66.9,10,8,239,71,0.0,255,32767,0.0,2127-15-31,0.0,0.16,26.24,0.0,0.0,0.0,0,4.828125,6,84,05:49,20:11,2025-05-12 10:14:38.338595,Città della Scienza,62.9,17.343475,10.97931,16.555395,13.171929,EU EEA Common AQI,70.1,16.464912,9.920036,7200,12.885715,100,100,60.9,11.977142,Very Low,70.3,15.947798,100,1747044000,Very Low,13.244315,17.906063,Very Low,18.033646,57.1,16.357143,100,1747044000,14.971429
2025-05-12T10:14:49Z,0,29.873,73.3,58,66.9,9,8,237,71,0.0,255,32767,0.0,2127-15-31,0.0,0.16,26.24,0.0,0.0,0.0,0,4.828125,6,84,05:49,20:11,2025-05-12 10:14:49.436601,Città della Scienza,62.9,17.343475,10.97931,16.555395,13.171929,EU EEA Common AQI,70.1,16.464912,9.920036,7200,12.885715,100,100,60.9,11.977142,Very Low,70.3,15.947798,100,1747044000,Very Low,13.244315,17.906063,Very Low,18.033646,57.1,16.357143,100,1747044000,14.971429
2025-05-12T10:15:00Z,0,29.873,73.3,58,66.9,8,8,256,71,0.0,255,32767,0.0,2127-15-31,0.0,0.16,26.24,0.0,0.0,0.0,0,4.828125,6,84,05:49,20:11,2025-05-12 10:15:00.511610,Città della Scienza,62.9,17.343475,10.97931,16.555395,13.171929,EU EEA Common AQI,70.1,16.464912,9.920036,7200,12.885715,100,100,60.9,11.977142,Very Low,70.3,15.947798,100,1747044000,Very Low,13.244315,17.906063,Very Low,18.033646,57.1,16.357143,100,1747044000,14.971429
2025-05-12T10:15:11Z,0,29.873,73.3,58,66.9,6,8,279,71,0.0,255,32767,0.0,2127-15-31,0.0,0.16,26.24,0.0,0.0,0.0,0,4.828125,6,84,05:49,20:11,2025-05-12 10:15:11.686608,Città della Scienza,62.9,17.343475,10.97931,16.555395,13.171929,EU EEA Common AQI,70.1,16.464912,9.920036,7200,12.885715,100,100,60.9,11.977142,Very Low,70.3,15.947798,100,1747044000,Very Low,13.244315,17.906063,Very Low,18.033646,57.1,16.357143,100,1747044000,14.971429
2025-05-12T10:15:22Z,0,29.873,73.3,58,66.9,9,8,239,71,0.0,255,32767,0.0,2127-15-31,0.0,0.16,26.24,0.0,0.0,0.0,0,4.828125,6,84,05:49,20:11,2025-05-12 10:15:22.755613,Città della Scienza,62.9,17.343475,10.97931,16.555395,13.171929,EU EEA Common AQI,70.1,16.464912,9.920036,7200,12.885715,100,100,60.9,11.977142,Very Low,70.3,15.947798,100,1747044000,Very Low,13.244315,17.906063,Very Low,18.033646,57.1,16.357143,100,1747044000,14.971429
2025-05-12T10:15:34Z,0,29.873,73.3,58,66.8,6,8,232,71,0.0,255,32767,0.0,2127-15-31,0.0,0.16,26.24,0.0,0.0,0.0,0,4.828125,6,84,05:49,20:11,2025-05-12 10:15:33.817596,Città della Scienza,61.6,17.543678,10.967931,16.993988,13.161392,EU EEA Common AQI,70.7,16.45174,9.911706,7200,12.376812,100,100,61.1,11.257971,Very Low,71.0,16.122908,100,1747044900,Very Low,13.59519,17.8676,Very Low,18.436644,57.1,15.173913,100,1747044900,14.072464
2025-05-12T10:15:45Z,0,29.873,73.3,58,66.9,7,8,265,71,0.0,255,32767,0.0,2127-15-31,0.0,0.16,26.24,0.0,0.0,0.0,0,4.828125,6,84,05:49,20:11,2025-05-12 10:15:44.889599,Città della Scienza,61.6,17.543678,10.967931,16.993988,13.161392,EU EEA Common AQI,70.7,16.45174,9.911706,7200,12.376812,100,100,61.1,11.257971,Very Low,71.0,16.122908,100,1747044900,Very Low,13.59519,17.8676,Very Low,18.436644,57.1,15.173913,100,1747044900,14.072464
2025-05-12T10:15:56Z,0,29.873,73.3,58,66.9,7,8,271,71,0.0,255,32767,0.0,2127-15-31,0.0,0.16,26.24,0.0,0.0,0.0,0,4.828125,6,84,05:49,20:11,2025-05-12 10:15:55.968678,Città della Scienza,61.6,17.543678,10.967931,16.993988,13.161392,EU EEA Common AQI,70.7,16.45174,9.911706,7200,12.376812,100,100,61.1,11.257971,Very Low,71.0,16.122908,100,1747044900,Very Low,13.59519,17.8676,Very Low,18.436644,57.1,15.173913,100,1747044900,14.072464
2025-05-12T10:16:07Z,0,29.873,73.3,58,66.9,10,8,241,71,0.0,255,32767,0.0,2127-15-31,0.0,0.16,26.24,0.0,0.0,0.0,0,4.828125,6,84,05:49,20:11,2025-05-12 10:16:07.054607,Città della Scienza,61.6,17.543678,10.967931,16.993988,13.161392,EU EEA Common AQI,70.7,16.45174,9.911706,7200,12.376812,100,100,61.1,11.257971,Very Low,71.0,16.122908,100,1747044900,Very Low,13.59519,17.8676,Very Low,18.436644,57.1,15.173913,100,1747044900,14.072464
2025-05-12T10:16:18Z,0,29.873,73.3,58,66.9,10,8,238,71,0.0,255,32767,0.0,2127-15-31,0.0,0.16,26.24,0.0,0.0,0.0,0,4.828125,6,84,05:49,20:11,2025-05-12 10:16:18.149595,Città della Scienza,61.6,17.543678,10.967931,16.993988,13.161392,EU EEA Common AQI,70.7,16.45174,9.911706,7200,12.376812,100,100,61.1,11.257971,Very Low,71.0,16.122908,100,1747044900,Very Low,13.59519,17.8676,Very Low,18.436644,57.1,15.173913,100,1747044900,14.072464
2025-05-12T10:16:29Z,0,29.873,73.3,58,67.0,10,8,236,71,0.0,255,32767,0.0,2127-15-31,0.0,0.16,26.24,0.0,0.0,0.0,0,4.828125,6,84,05:49,20:11,2025-05-12 10:16:29.235605,Città della Scienza,61.6,17.543678,10.967931,16.993988,13.161392,EU EEA Common AQI,70.7,16.45174,9.911706,7200,12.376812,100,100,61.1,11.257971,Very Low,71.0,16.122908,100,1747044900,Very Low,13.59519,17.8676,Very Low,18.436644,57.1,15.173913,100,1747044900,14.072464
2025-05-12T10:16:40Z,0,29.873,73.3,58,66.9,9,8,244,71,0.0,255,32767,0.0,2127-15-31,0.0,0.16,26.24,0.0,0.0,0.0,0,4.828125,6,84,05:49,20:11,2025-05-12 10:16:40.313591,Città della Scienza,61.6,17.543678,10.967931,16.993988,13.161392,EU EEA Common AQI,70.7,16.45174,9.911706,7200,12.376812,100,100,61.1,11.257971,Very Low,71.0,16.122908,100,1747044900,Very Low,13.59519,17.8676,Very Low,18.436644,57.1,15.173913,100,1747044900,14.072464
2025-05-12T10:16:51Z,0,29.873,73.3,58,66.9,6,8,238,71,0.0,255,32767,0.0,2127-15-31,0.0,0.16,26.24,0.0,0.0,0.0,0,4.828125,6,84,05:49,20:11,2025-05-12 10:16:51.413591,Città della Scienza,61.6,17.543678,10.967931,16.993988,13.161392,EU EEA Common AQI,70.7,16.45174,9.911706,7200,12.376812,100,100,61.1,11.257971,Very Low,71.0,16.122908,100,1747044900,Very Low,13.59519,17.8676,Very Low,18.436644,57.1,15.173913,100,1747044900,14.072464
2025-05-12T10:17:02Z,0,29.873,73.3,58,66.9,9,8,236,71,0.0,255,32767,0.0,2127-15-31,0.0,0.16,26.24,0.0,0.0,0.0,0,4.828125,6,84,05:49,20:11,2025-05-12 10:17:02.512622,Città della Scienza,61.6,17.543678,10.967931,16.993988,13.161392,EU EEA Common AQI,70.7,16.45174,9.911706,7200,12.376812,100,100,61.1,11.257971,Very Low,71.0,16.122908,100,1747044900,Very Low,13.59519,17.8676,Very Low,18.436644,57.1,15.173913,100,1747044900,14.072464
2025-05-12T10:17:13Z,0,29.873,73.3,58,66.9,9,8,244,71,0.0,255,32767,0.0,2127-15-31,0.0,0.16,26.24,0.0,0.0,0.0,0,4.828125,6,84,05:49,20:11,2025-05-12 10:17:13.610594,Città della Scienza,61.6,17.543678,10.967931,16.993988,13.161392,EU EEA Common AQI,70.7,16.45174,9.911706,7200,12.376812,100,100,61.1,11.257971,Very Low,71.0,16.122908,100,1747044900,Very Low,13.59519,17.8676,Very Low,18.436644,57.1,15.173913,100,1747044900,14.072464
2025-05-12T10:17:24Z,0,29.873,73.3,58,66.9,10,8,238,71,0.0,255,32767,0.0,2127-15-31,0.0,0.16,26.24,0.0,0.0,0.0,0,4.828125,6,84,05:49,20:11,2025-05-12 10:17:24.728607,Città della Scienza,61.6,17.543678,10.967931,16.993988,13.161392,EU EEA Common AQI,70.7,16.45174,9.911706,7200,12.376812,100,100,61.1,11.257971,Very Low,71.0,16.122908,100,1747044900,Very Low,13.59519,17.8676,Very Low,18.436644,57.1,15.173913,100,1747044900,14.072464
2025-05-12T10:17:36Z,0,29.872,73.3,58,66.9,9,8,234,71,0.0,255,32767,0.0,2127-15-31,0.0,0.16,26.24,0.0,0.0,0.0,0,4.828125,6,84,05:49,20:11,2025-05-12 10:17:35.864602,Città della Scienza,61.6,17.543678,10.967931,16.993988,13.161392,EU EEA Common AQI,70.7,16.45174,9.911706,7200,12.376812,100,100,61.1,11.257971,Very Low,71.0,16.122908,100,1747044900,Very Low,13.59519,17.8676,Very Low,18.436644,57.1,15.173913,100,1747044900,14.072464
2025-05-12T10:17:47Z,0,29.872,73.3,58,66.9,9,8,236,71,0.0,255,32767,0.0,2127-15-31,0.0,0.16,26.24,0.0,0.0,0.0,0,4.828125,6,84,05:49,20:11,2025-05-12 10:17:46.939590,Città della Scienza,61.6,17.543678,10.967931,16.993988,13.161392,EU EEA Common AQI,70.7,16.45174,9.911706,7200,12.376812,100,100,61.1,11.257971,Very Low,71.0,16.122908,100,1747044900,Very Low,13.59519,17.8676,Very Low,18.436644,57.1,15.173913,100,1747044900,14.072464
2025-05-12T10:17:58Z,0,29.872,73.3,58,66.8,10,8,242,71,0.0,255,32767,0.0,2127-15-31,0.0,0.16,26.24,0.0,0.0,0.0,0,4.828125,6,84,05:49,20:11,2025-05-12 10:17:58.068618,Città della Scienza,61.6,17.543678,10.967931,16.993988,13.161392,EU EEA Common AQI,70.7,16.45174,9.911706,7200,12.376812,100,100,61.1,11.257971,Very Low,71.0,16.122908,100,1747044900,Very Low,13.59519,17.8676,Very Low,18.436644,57.1,15.173913,100,1747044900,14.072464
2025-05-12T10:18:09Z,0,29.872,73.3,58,66.8,10,8,233,71,0.0,255,32767,0.0,2127-15-31,0.0,0.16,26.24,0.0,0.0,0.0,0,4.828125,6,84,05:49,20:11,2025-05-12 10:18:09.164595,Città della Scienza,61.6,17.543678,10.967931,16.993988,13.161392,EU EEA Common AQI,70.7,16.45174,9.911706,7200,12.376812,100,100,61.1,11.257971,Very Low,71.0,16.122908,100,1747044900,Very Low,13.59519,17.8676,Very Low,18.436644,57.1,15.173913,100,1747044900,14.072464
2025-05-12T10:18:20Z,0,29.872,73.3,58,66.8,10,8,234,71,0.0,255,32767,0.0,2127-15-31,0.0,0.16,26.24,0.0,0.0,0.0,0,4.828125,6,84,05:49,20:11,2025-05-12 10:18:20.228871,Città della Scienza,61.6,17.543678,10.967931,16.993988,13.161392,EU EEA Common AQI,70.7,16.45174,9.911706,7200,12.376812,100,100,61.1,11.257971,Very Low,71.0,16.122908,100,1747044900,Very Low,13.59519,17.8676,Very Low,18.436644,57.1,15.173913,100,1747044900,14.072464
2025-05-12T10:18:31Z,0,29.872,73.3,58,66.8,6,8,273,69,0.0,255,32767,0.0,2127-15-31,0.0,0.16,26.24,0.0,0.0,0.0,0,4.828125,6,84,05:49,20:11,2025-05-12 10:18:31.329596,Città della Scienza,61.6,17.543678,10.967931,16.993988,13.161392,EU EEA Common AQI,70.7,16.45174,9.911706,7200,12.376812,100,100,61.1,11.257971,Very Low,71.0,16.122908,100,1747044900,Very Low,13.59519,17.8676,Very Low,18.436644,57.1,15.173913,100,1747044900,14.072464
2025-05-12T10:18:42Z,0,29.871,73.3,57,66.8,10,8,236,69,0.0,255,32767,0.0,2127-15-31,0.0,0.16,26.24,0.0,0.0,0.0,0,4.828125,6,84,05:49,20:11,2025-05-12 10:18:42.437591,Città della Scienza,61.6,17.543678,10.967931,16.993988,13.161392,EU EEA Common AQI,70.7,16.45174,9.911706,7200,12.376812,100,100,61.1,11.257971,Very Low,71.0,16.122908,100,1747044900,Very Low,13.59519,17.8676,Very Low,18.436644,57.1,15.173913,100,1747044900,14.072464
2025-05-12T10:18:53Z,0,29.871,73.3,57,66.8,8,8,225,69,0.0,255,32767,0.0,2127-15-31,0.0,0.16,26.24,0.0,0.0,0.0,0,4.828125,6,84,05:49,20:11,2025-05-12 10:18:53.516585,Città della Scienza,61.6,17.543678,10.967931,16.993988,13.161392,EU EEA Common AQI,70.7,16.45174,9.911706,7200,12.376812,100,100,61.1,11.257971,Very Low,71.0,16.122908,100,1747044900,Very Low,13.59519,17.8676,Very Low,18.436644,57.1,15.173913,100,1747044900,14.072464
2025-05-12T10:19:04Z,0,29.871,73.3,57,66.8,7,8,252,69,0.0,255,32767,0.0,2127-15-31,0.0,0.16,26.24,0.0,0.0,0.0,0,4.828125,6,84,05:49,20:11,2025-05-12 10:19:04.580597,Città della Scienza,61.6,17.543678,10.967931,16.993988,13.161392,EU EEA Common AQI,70.7,16.45174,9.911706,7200,12.376812,100,100,61.1,11.257971,Very Low,71.0,16.122908,100,1747044900,Very Low,13.59519,17.8676,Very Low,18.436644,57.1,15.173913,100,1747044900,14.072464
2025-05-12T10:19:15Z,0,29.871,73.3,57,66.8,9,8,240,69,0.0,255,32767,0.0,2127-15-31,0.0,0.16,26.24,0.0,0.0,0.0,0,4.828125,6,84,05:49,20:11,2025-05-12 10:19:15.690604,Città della Scienza,61.6,17.543678,10.967931,16.993988,13.161392,EU EEA Common AQI,70.7,16.45174,9.911706,7200,12.376812,100,100,61.1,11.257971,Very Low,71.0,16.122908,100,1747044900,Very Low,13.59519,17.8676,Very Low,18.436644,57.1,15.173913,100,1747044900,14.072464
2025-05-12T10:19:27Z,0,29.871,73.3,57,66.8,10,8,236,70,0.0,255,32767,0.0,2127-15-31,0.0,0.16,26.24,0.0,0.0,0.0,0,4.828125,6,84,05:49,20:11,2025-05-12 10:19:26.805597,Città della Scienza,61.6,17.543678,10.967931,16.993988,13.161392,EU EEA Common AQI,70.7,16.45174,9.911706,7200,12.376812,100,100,61.1,11.257971,Very Low,71.0,16.122908,100,1747044900,Very Low,13.59519,17.8676,Very Low,18.436644,57.1,15.173913,100,1747044900,14.072464
2025-05-12T10:19:38Z,0,29.873,73.3,57,66.8,8,8,227,70,0.0,255,32767,0.0,2127-15-31,0.0,0.16,26.24,0.0,0.0,0.0,0,4.828125,6,84,05:49,20:11,2025-05-12 10:19:37.927597,Città della Scienza,61.6,17.543678,10.967931,16.993988,13.161392,EU EEA Common AQI,70.7,16.45174,9.911706,7200,12.376812,100,100,61.1,11.257971,Very Low,71.0,16.122908,100,1747044900,Very Low,13.59519,17.8676,Very Low,18.436644,57.1,15.173913,100,1747044900,14.072464
2025-05-12T10:19:49Z,0,29.873,73.3,57,66.8,13,8,235,70,0.0,255,32767,0.0,2127-15-31,0.0,0.16,26.24,0.0,0.0,0.0,0,4.828125,6,84,05:49,20:11,2025-05-12 10:19:49.026591,Città della Scienza,61.6,17.543678,10.967931,16.993988,13.161392,EU EEA Common AQI,70.7,16.45174,9.911706,7200,12.376812,100,100,61.1,11.257971,Very Low,71.0,16.122908,100,1747044900,Very Low,13.59519,17.8676,Very Low,18.436644,57.1,15.173913,100,1747044900,14.072464
2025-05-12T10:20:00Z,0,29.873,73.3,57,66.8,11,8,240,70,0.0,255,32767,0.0,2127-15-31,0.0,0.16,26.24,0.0,0.0,0.0,0,4.828125,6,84,05:49,20:11,2025-05-12 10:20:00.126607,Città della Scienza,61.6,17.543678,10.967931,16.993988,13.161392,EU EEA Common AQI,70.7,16.45174,9.911706,7200,12.376812,100,100,61.1,11.257971,Very Low,71.0,16.122908,100,1747044900,Very Low,13.59519,17.8676,Very Low,18.436644,57.1,15.173913,100,1747044900,14.072464
2025-05-12T10:20:11Z,0,29.873,73.3,57,66.8,10,8,247,70,0.0,255,32767,0.0,2127-15-31,0.0,0.16,26.24,0.0,0.0,0.0,0,4.828125,6,84,05:49,20:11,2025-05-12 10:20:11.202619,Città della Scienza,61.6,17.543678,10.967931,16.993988,13.161392,EU EEA Common AQI,70.7,16.45174,9.911706,7200,12.376812,100,100,61.1,11.257971,Very Low,71.0,16.122908,100,1747044900,Very Low,13.59519,17.8676,Very Low,18.436644,57.1,15.173913,100,1747044900,14.072464
2025-05-12T10:20:22Z,0,29.873,73.3,57,66.7,12,8,232,70,0.0,255,32767,0.0,2127-15-31,0.0,0.16,26.24,0.0,0.0,0.0,0,4.828125,6,84,05:49,20:11,2025-05-12 10:20:22.261610,Città della Scienza,61.6,17.543678,10.967931,16.993988,13.161392,EU EEA Common AQI,70.7,16.45174,9.911706,7200,12.376812,100,100,61.1,11.257971,Very Low,71.0,16.122908,100,1747044900,Very Low,13.59519,17.8676,Very Low,18.436644,57.1,15.173913,100,1747044900,14.072464
2025-05-12T10:20:33Z,0,29.873,73.3,57,66.8,9,8,247,70,0.0,255,32767,0.0,2127-15-31,0.0,0.16,26.24,0.0,0.0,0.0,0,4.828125,6,84,05:49,20:11,2025-05-12 10:20:33.316603,Città della Scienza,61.6,17.543678,10.967931,16.993988,13.161392,EU EEA Common AQI,70.7,16.45174,9.911706,7200,12.376812,100,100,61.1,11.257971,Very Low,71.0,16.122908,100,1747044900,Very Low,13.59519,17.8676,Very Low,18.436644,57.1,15.173913,100,1747044900,14.072464
2025-05-12T10:20:44Z,0,29.873,73.3,57,66.8,10,8,226,70,0.0,255,32767,0.0,2127-15-31,0.0,0.16,26.24,0.0,0.0,0.0,0,4.828125,6,84,05:49,20:11,2025-05-12 10:20:44.428593,Città della Scienza,61.6,17.543678,10.967931,16.993988,13.161392,EU EEA Common AQI,70.7,16.45174,9.911706,7200,12.376812,100,100,61.1,11.257971,Very Low,71.0,16.122908,100,1747044900,Very Low,13.59519,17.8676,Very Low,18.436644,57.1,15.173913,100,1747044900,14.072464
2025-05-12T10:20:55Z,0,29.873,73.3,57,66.7,10,8,219,70,0.0,255,32767,0.0,2127-15-31,0.0,0.16,26.24,0.0,0.0,0.0,0,4.828125,6,84,05:49,20:11,2025-05-12 10:20:55.515605,Città della Scienza,61.6,17.543678,10.967931,16.993988,13.161392,EU EEA Common AQI,70.7,16.45174,9.911706,7200,12.376812,100,100,61.1,11.257971,Very Low,71.0,16.122908,100,1747044900,Very Low,13.59519,17.8676,Very Low,18.436644,57.1,15.173913,100,1747044900,14.072464
2025-05-12T10:21:06Z,0,29.873,73.3,57,66.7,10,8,234,70,0.0,255,32767,0.0,2127-15-31,0.0,0.16,26.24,0.0,0.0,0.0,0,4.828125,6,84,05:49,20:11,2025-05-12 10:21:06.613592,Città della Scienza,61.6,17.543678,10.967931,16.993988,13.161392,EU EEA Common AQI,70.7,16.45174,9.911706,7200,12.376812,100,100,61.1,11.257971,Very Low,71.0,16.122908,100,1747044900,Very Low,13.59519,17.8676,Very Low,18.436644,57.1,15.173913,100,1747044900,14.072464
2025-05-12T10:21:17Z,0,29.873,73.3,57,66.7,10,8,242,70,0.0,255,32767,0.0,2127-15-31,0.0,0.16,26.24,0.0,0.0,0.0,0,4.828125,6,84,05:49,20:11,2025-05-12 10:21:17.688595,Città della Scienza,61.6,17.543678,10.967931,16.993988,13.161392,EU EEA Common AQI,70.7,16.45174,9.911706,7200,12.376812,100,100,61.1,11.257971,Very Low,71.0,16.122908,100,1747044900,Very Low,13.59519,17.8676,Very Low,18.436644,57.1,15.173913,100,1747044900,14.072464
2025-05-12T10:21:29Z,0,29.873,73.3,57,66.7,9,8,225,70,0.0,255,32767,0.0,2127-15-31,0.0,0.16,26.24,0.0,0.0,0.0,0,4.828125,6,84,05:49,20:11,2025-05-12 10:21:28.813593,Città della Scienza,61.6,17.543678,10.967931,16.993988,13.161392,EU EEA Common AQI,70.7,16.45174,9.911706,7200,12.376812,100,100,61.1,11.257971,Very Low,71.0,16.122908,100,1747044900,Very Low,13.59519,17.8676,Very Low,18.436644,57.1,15.173913,100,1747044900,14.072464
2025-05-12T10:21:40Z,0,29.872,73.3,57,66.7,11,8,245,70,0.0,255,32767,0.0,2127-15-31,0.0,0.16,26.24,0.0,0.0,0.0,0,4.828125,6,84,05:49,20:11,2025-05-12 10:21:39.906590,Città della Scienza,61.6,17.543678,10.967931,16.993988,13.161392,EU EEA Common AQI,70.7,16.45174,9.911706,7200,12.376812,100,100,61.1,11.257971,Very Low,71.0,16.122908,100,1747044900,Very Low,13.59519,17.8676,Very Low,18.436644,57.1,15.173913,100,1747044900,14.072464
2025-05-12T10:21:51Z,0,29.872,73.3,57,66.7,9,8,244,70,0.0,255,32767,0.0,2127-15-31,0.0,0.16,26.24,0.0,0.0,0.0,0,4.828125,6,84,05:49,20:11,2025-05-12 10:21:50.996594,Città della Scienza,61.6,17.543678,10.967931,16.993988,13.161392,EU EEA Common AQI,70.7,16.45174,9.911706,7200,12.376812,100,100,61.1,11.257971,Very Low,71.0,16.122908,100,1747044900,Very Low,13.59519,17.8676,Very Low,18.436644,57.1,15.173913,100,1747044900,14.072464
2025-05-12T10:22:02Z,0,29.872,73.3,57,66.7,8,8,276,70,0.0,255,32767,0.0,2127-15-31,0.0,0.16,26.24,0.0,0.0,0.0,0,4.828125,6,84,05:49,20:11,2025-05-12 10:22:02.088591,Città della Scienza,61.6,17.543678,10.967931,16.993988,13.161392,EU EEA Common AQI,70.7,16.45174,9.911706,7200,12.376812,100,100,61.1,11.257971,Very Low,71.0,16.122908,100,1747044900,Very Low,13.59519,17.8676,Very Low,18.436644,57.1,15.173913,100,1747044900,14.072464
2025-05-12T10:22:13Z,0,29.872,73.3,57,66.7,8,8,247,70,0.0,255,32767,0.0,2127-15-31,0.0,0.16,26.24,0.0,0.0,0.0,0,4.828125,6,84,05:49,20:11,2025-05-12 10:22:13.149596,Città della Scienza,61.6,17.543678,10.967931,16.993988,13.161392,EU EEA Common AQI,70.7,16.45174,9.911706,7200,12.376812,100,100,61.1,11.257971,Very Low,71.0,16.122908,100,1747044900,Very Low,13.59519,17.8676,Very Low,18.436644,57.1,15.173913,100,1747044900,14.072464
2025-05-12T10:22:24Z,0,29.872,73.3,57,66.7,11,8,232,70,0.0,255,32767,0.0,2127-15-31,0.0,0.16,26.24,0.0,0.0,0.0,0,4.828125,6,84,05:49,20:11,2025-05-12 10:22:24.232569,Città della Scienza,61.6,17.543678,10.967931,16.993988,13.161392,EU EEA Common AQI,70.7,16.45174,9.911706,7200,12.376812,100,100,61.1,11.257971,Very Low,71.0,16.122908,100,1747044900,Very Low,13.59519,17.8676,Very Low,18.436644,57.1,15.173913,100,1747044900,14.072464
2025-05-12T10:22:35Z,0,29.871,73.3,57,66.7,10,9,236,70,0.0,255,32767,0.0,2127-15-31,0.0,0.16,26.24,0.0,0.0,0.0,0,4.828125,6,84,05:49,20:11,2025-05-12 10:22:35.338601,Città della Scienza,61.6,17.543678,10.967931,16.993988,13.161392,EU EEA Common AQI,70.7,16.45174,9.911706,7200,12.376812,100,100,61.1,11.257971,Very Low,71.0,16.122908,100,1747044900,Very Low,13.59519,17.8676,Very Low,18.436644,57.1,15.173913,100,1747044900,14.072464
2025-05-12T10:22:46Z,0,29.871,73.3,57,66.7,9,9,230,70,0.0,255,32767,0.0,2127-15-31,0.0,0.16,26.24,0.0,0.0,0.0,0,4.828125,6,84,05:49,20:11,2025-05-12 10:22:46.414590,Città della Scienza,61.6,17.543678,10.967931,16.993988,13.161392,EU EEA Common AQI,70.7,16.45174,9.911706,7200,12.376812,100,100,61.1,11.257971,Very Low,71.0,16.122908,100,1747044900,Very Low,13.59519,17.8676,Very Low,18.436644,57.1,15.173913,100,1747044900,14.072464
2025-05-12T10:22:57Z,0,29.871,73.3,57,66.7,10,9,235,69,0.0,255,32767,0.0,2127-15-31,0.0,0.16,26.24,0.0,0.0,0.0,0,4.828125,6,84,05:49,20:11,2025-05-12 10:22:57.523594,Città della Scienza,61.6,17.543678,10.967931,16.993988,13.161392,EU EEA Common AQI,70.7,16.45174,9.911706,7200,12.376812,100,100,61.1,11.257971,Very Low,71.0,16.122908,100,1747044900,Very Low,13.59519,17.8676,Very Low,18.436644,57.1,15.173913,100,1747044900,14.072464
2025-05-12T10:23:08Z,0,29.871,73.3,57,66.7,10,9,227,69,0.0,255,32767,0.0,2127-15-31,0.0,0.16,26.24,0.0,0.0,0.0,0,4.828125,6,84,05:49,20:11,2025-05-12 10:23:08.552604,Città della Scienza,61.6,17.543678,10.967931,16.993988,13.161392,EU EEA Common AQI,70.7,16.45174,9.911706,7200,12.376812,100,100,61.1,11.257971,Very Low,71.0,16.122908,100,1747044900,Very Low,13.59519,17.8676,Very Low,18.436644,57.1,15.173913,100,1747044900,14.072464
2025-05-12T10:23:19Z,0,29.871,73.3,57,66.8,5,9,253,69,0.0,255,32767,0.0,2127-15-31,0.0,0.16,26.24,0.0,0.0,0.0,0,4.828125,6,84,05:49,20:11,2025-05-12 10:23:19.667570,Città della Scienza,61.6,17.543678,10.967931,16.993988,13.161392,EU EEA Common AQI,70.7,16.45174,9.911706,7200,12.376812,100,100,61.1,11.257971,Very Low,71.0,16.122908,100,1747044900,Very Low,13.59519,17.8676,Very Low,18.436644,57.1,15.173913,100,1747044900,14.072464
2025-05-12T10:23:30Z,0,29.871,73.3,57,66.8,8,9,229,69,0.0,255,32767,0.0,2127-15-31,0.0,0.16,26.24,0.0,0.0,0.0,0,4.828125,6,84,05:49,20:11,2025-05-12 10:23:30.776591,Città della Scienza,61.6,17.543678,10.967931,16.993988,13.161392,EU EEA Common AQI,70.7,16.45174,9.911706,7200,12.376812,100,100,61.1,11.257971,Very Low,71.0,16.122908,100,1747044900,Very Low,13.59519,17.8676,Very Low,18.436644,57.1,15.173913,100,1747044900,14.072464
2025-05-12T10:23:42Z,0,29.871,73.3,57,66.8,9,9,258,69,0.0,255,32767,0.0,2127-15-31,0.0,0.16,26.24,0.0,0.0,0.0,0,4.828125,6,84,05:49,20:11,2025-05-12 10:23:41.857604,Città della Scienza,61.6,17.543678,10.967931,16.993988,13.161392,EU EEA Common AQI,70.7,16.45174,9.911706,7200,12.376812,100,100,61.1,11.257971,Very Low,71.0,16.122908,100,1747044900,Very Low,13.59519,17.8676,Very Low,18.436644,57.1,15.173913,100,1747044900,14.072464
2025-05-12T10:23:53Z,0,29.871,73.3,57,66.8,7,9,232,70,0.0,255,32767,0.0,2127-15-31,0.0,0.16,26.24,0.0,0.0,0.0,0,4.828125,6,84,05:49,20:11,2025-05-12 10:23:52.940591,Città della Scienza,61.6,17.543678,10.967931,16.993988,13.161392,EU EEA Common AQI,70.7,16.45174,9.911706,7200,12.376812,100,100,61.1,11.257971,Very Low,71.0,16.122908,100,1747044900,Very Low,13.59519,17.8676,Very Low,18.436644,57.1,15.173913,100,1747044900,14.072464
2025-05-12T10:24:04Z,0,29.871,73.3,57,66.8,8,9,238,70,0.0,255,32767,0.0,2127-15-31,0.0,0.16,26.24,0.0,0.0,0.0,0,4.828125,6,84,05:49,20:11,2025-05-12 10:24:04.015607,Città della Scienza,61.6,17.543678,10.967931,16.993988,13.161392,EU EEA Common AQI,70.7,16.45174,9.911706,7200,12.376812,100,100,61.1,11.257971,Very Low,71.0,16.122908,100,1747044900,Very Low,13.59519,17.8676,Very Low,18.436644,57.1,15.173913,100,1747044900,14.072464
2025-05-12T10:24:15Z,0,29.871,73.3,57,66.8,10,9,234,70,0.0,255,32767,0.0,2127-15-31,0.0,0.16,26.24,0.0,0.0,0.0,0,4.828125,6,84,05:49,20:11,2025-05-12 10:24:15.088589,Città della Scienza,61.6,17.543678,10.967931,16.993988,13.161392,EU EEA Common AQI,70.7,16.45174,9.911706,7200,12.376812,100,100,61.1,11.257971,Very Low,71.0,16.122908,100,1747044900,Very Low,13.59519,17.8676,Very Low,18.436644,57.1,15.173913,100,1747044900,14.072464
2025-05-12T10:24:26Z,0,29.871,73.3,57,66.8,11,9,237,70,0.0,255,32767,0.0,2127-15-31,0.0,0.16,26.24,0.0,0.0,0.0,0,4.828125,6,84,05:49,20:11,2025-05-12 10:24:26.131594,Città della Scienza,61.6,17.543678,10.967931,16.993988,13.161392,EU EEA Common AQI,70.7,16.45174,9.911706,7200,12.376812,100,100,61.1,11.257971,Very Low,71.0,16.122908,100,1747044900,Very Low,13.59519,17.8676,Very Low,18.436644,57.1,15.173913,100,1747044900,14.072464
2025-05-12T10:24:37Z,0,29.87,73.3,57,66.8,7,9,209,70,0.0,255,32767,0.0,2127-15-31,0.0,0.16,26.24,0.0,0.0,0.0,0,4.828125,6,84,05:49,20:11,2025-05-12 10:24:37.205590,Città della Scienza,61.6,17.543678,10.967931,16.993988,13.161392,EU EEA Common AQI,70.7,16.45174,9.911706,7200,12.376812,100,100,61.1,11.257971,Very Low,71.0,16.122908,100,1747044900,Very Low,13.59519,17.8676,Very Low,18.436644,57.1,15.173913,100,1747044900,14.072464
2025-05-12T10:24:48Z,0,29.87,73.3,57,66.9,7,9,282,70,0.0,255,32767,0.0,2127-15-31,0.0,0.16,26.24,0.0,0.0,0.0,0,4.828125,6,84,05:49,20:11,2025-05-12 10:24:48.268610,Città della Scienza,61.6,17.543678,10.967931,16.993988,13.161392,EU EEA Common AQI,70.7,16.45174,9.911706,7200,12.376812,100,100,61.1,11.257971,Very Low,71.0,16.122908,100,1747044900,Very Low,13.59519,17.8676,Very Low,18.436644,57.1,15.173913,100,1747044900,14.072464
2025-05-12T10:24:59Z,0,29.87,73.3,57,66.8,8,9,250,70,0.0,255,32767,0.0,2127-15-31,0.0,0.16,26.24,0.0,0.0,0.0,0,4.828125,6,84,05:49,20:11,2025-05-12 10:24:59.334596,Città della Scienza,61.6,17.543678,10.967931,16.993988,13.161392,EU EEA Common AQI,70.7,16.45174,9.911706,7200,12.376812,100,100,61.1,11.257971,Very Low,71.0,16.122908,100,1747044900,Very Low,13.59519,17.8676,Very Low,18.436644,57.1,15.173913,100,1747044900,14.072464
2025-05-12T10:25:10Z,0,29.87,73.3,57,66.8,10,9,239,70,0.0,255,32767,0.0,2127-15-31,0.0,0.16,26.24,0.0,0.0,0.0,0,4.828125,6,84,05:49,20:11,2025-05-12 10:25:10.445573,Città della Scienza,61.6,17.543678,10.967931,16.993988,13.161392,EU EEA Common AQI,70.7,16.45174,9.911706,7200,12.376812,100,100,61.1,11.257971,Very Low,71.0,16.122908,100,1747044900,Very Low,13.59519,17.8676,Very Low,18.436644,57.1,15.173913,100,1747044900,14.072464
2025-05-12T10:25:21Z,0,29.87,73.3,57,66.9,6,9,236,70,0.0,255,32767,0.0,2127-15-31,0.0,0.16,26.24,0.0,0.0,0.0,0,4.828125,6,84,05:49,20:11,2025-05-12 10:25:21.528604,Città della Scienza,61.6,17.543678,10.967931,16.993988,13.161392,EU EEA Common AQI,70.7,16.45174,9.911706,7200,12.376812,100,100,61.1,11.257971,Very Low,71.0,16.122908,100,1747044900,Very Low,13.59519,17.8676,Very Low,18.436644,57.1,15.173913,100,1747044900,14.072464
2025-05-12T10:25:32Z,0,29.87,73.4,57,66.9,10,9,244,70,0.0,255,32767,0.0,2127-15-31,0.0,0.16,26.24,0.0,0.0,0.0,0,4.828125,6,84,05:49,20:11,2025-05-12 10:25:32.754572,Città della Scienza,61.6,17.543678,10.967931,16.993988,13.161392,EU EEA Common AQI,70.7,16.45174,9.911706,7200,12.376812,100,100,61.1,11.257971,Very Low,71.0,16.122908,100,1747044900,Very Low,13.59519,17.8676,Very Low,18.436644,57.1,15.173913,100,1747044900,14.072464
2025-05-12T10:25:44Z,0,29.872,73.4,57,66.9,10,9,250,70,0.0,255,32767,0.0,2127-15-31,0.0,0.16,26.24,0.0,0.0,0.0,0,4.828125,6,84,05:49,20:11,2025-05-12 10:25:43.845580,Città della Scienza,61.6,17.543678,10.967931,16.993988,13.161392,EU EEA Common AQI,70.7,16.45174,9.911706,7200,12.376812,100,100,61.1,11.257971,Very Low,71.0,16.122908,100,1747044900,Very Low,13.59519,17.8676,Very Low,18.436644,57.1,15.173913,100,1747044900,14.072464
2025-05-12T10:25:55Z,0,29.872,73.4,57,66.9,10,9,251,70,0.0,255,32767,0.0,2127-15-31,0.0,0.16,26.24,0.0,0.0,0.0,0,4.828125,6,84,05:49,20:11,2025-05-12 10:25:54.905602,Città della Scienza,61.6,17.543678,10.967931,16.993988,13.161392,EU EEA Common AQI,70.7,16.45174,9.911706,7200,12.376812,100,100,61.1,11.257971,Very Low,71.0,16.122908,100,1747044900,Very Low,13.59519,17.8676,Very Low,18.436644,57.1,15.173913,100,1747044900,14.072464
2025-05-12T10:26:06Z,0,29.872,73.4,57,66.9,10,9,244,70,0.0,255,32767,0.0,2127-15-31,0.0,0.16,26.24,0.0,0.0,0.0,0,4.828125,6,84,05:49,20:11,2025-05-12 10:26:05.984597,Città della Scienza,61.6,17.543678,10.967931,16.993988,13.161392,EU EEA Common AQI,70.7,16.45174,9.911706,7200,12.376812,100,100,61.1,11.257971,Very Low,71.0,16.122908,100,1747044900,Very Low,13.59519,17.8676,Very Low,18.436644,57.1,15.173913,100,1747044900,14.072464
2025-05-12T10:26:17Z,0,29.872,73.4,57,66.9,8,9,258,70,0.0,255,32767,0.0,2127-15-31,0.0,0.16,26.24,0.0,0.0,0.0,0,4.828125,6,84,05:49,20:11,2025-05-12 10:26:17.063562,Città della Scienza,61.6,17.543678,10.967931,16.993988,13.161392,EU EEA Common AQI,70.7,16.45174,9.911706,7200,12.376812,100,100,61.1,11.257971,Very Low,71.0,16.122908,100,1747044900,Very Low,13.59519,17.8676,Very Low,18.436644,57.1,15.173913,100,1747044900,14.072464
2025-05-12T10:26:28Z,0,29.872,73.4,57,66.9,9,9,240,70,0.0,255,32767,0.0,2127-15-31,0.0,0.16,26.24,0.0,0.0,0.0,0,4.828125,6,84,05:49,20:11,2025-05-12 10:26:28.102567,Città della Scienza,61.6,17.543678,10.967931,16.993988,13.161392,EU EEA Common AQI,70.7,16.45174,9.911706,7200,12.376812,100,100,61.1,11.257971,Very Low,71.0,16.122908,100,1747044900,Very Low,13.59519,17.8676,Very Low,18.436644,57.1,15.173913,100,1747044900,14.072464
2025-05-12T10:26:39Z,0,29.873,73.4,57,67.0,8,9,229,70,0.0,255,32767,0.0,2127-15-31,0.0,0.16,26.24,0.0,0.0,0.0,0,4.828125,6,84,05:49,20:11,2025-05-12 10:26:39.212588,Città della Scienza,61.6,17.543678,10.967931,16.993988,13.161392,EU EEA Common AQI,70.7,16.45174,9.911706,7200,12.376812,100,100,61.1,11.257971,Very Low,71.0,16.122908,100,1747044900,Very Low,13.59519,17.8676,Very Low,18.436644,57.1,15.173913,100,1747044900,14.072464
2025-05-12T10:26:50Z,0,29.873,73.4,57,67.0,7,9,271,70,0.0,255,32767,0.0,2127-15-31,0.0,0.16,26.24,0.0,0.0,0.0,0,4.828125,6,84,05:49,20:11,2025-05-12 10:26:50.317593,Città della Scienza,61.6,17.543678,10.967931,16.993988,13.161392,EU EEA Common AQI,70.7,16.45174,9.911706,7200,12.376812,100,100,61.1,11.257971,Very Low,71.0,16.122908,100,1747044900,Very Low,13.59519,17.8676,Very Low,18.436644,57.1,15.173913,100,1747044900,14.072464
2025-05-12T10:27:01Z,0,29.873,73.4,57,67.0,7,9,250,70,0.0,255,32767,0.0,2127-15-31,0.0,0.16,26.24,0.0,0.0,0.0,0,4.828125,6,84,05:49,20:11,2025-05-12 10:27:01.360591,Città della Scienza,61.6,17.543678,10.967931,16.993988,13.161392,EU EEA Common AQI,70.7,16.45174,9.911706,7200,12.376812,100,100,61.1,11.257971,Very Low,71.0,16.122908,100,1747044900,Very Low,13.59519,17.8676,Very Low,18.436644,57.1,15.173913,100,1747044900,14.072464
2025-05-12T10:27:12Z,0,29.873,73.4,57,67.0,6,9,232,70,0.0,255,32767,0.0,2127-15-31,0.0,0.16,26.24,0.0,0.0,0.0,0,4.828125,6,84,05:49,20:11,2025-05-12 10:27:12.446595,Città della Scienza,61.6,17.543678,10.967931,16.993988,13.161392,EU EEA Common AQI,70.7,16.45174,9.911706,7200,12.376812,100,100,61.1,11.257971,Very Low,71.0,16.122908,100,1747044900,Very Low,13.59519,17.8676,Very Low,18.436644,57.1,15.173913,100,1747044900,14.072464
2025-05-12T10:27:23Z,0,29.873,73.4,57,67.0,6,9,230,70,0.0,255,32767,0.0,2127-15-31,0.0,0.16,26.24,0.0,0.0,0.0,0,4.828125,6,84,05:49,20:11,2025-05-12 10:27:23.513614,Città della Scienza,61.6,17.543678,10.967931,16.993988,13.161392,EU EEA Common AQI,70.7,16.45174,9.911706,7200,12.376812,100,100,61.1,11.257971,Very Low,71.0,16.122908,100,1747044900,Very Low,13.59519,17.8676,Very Low,18.436644,57.1,15.173913,100,1747044900,14.072464
2025-05-12T10:27:34Z,0,29.872,73.4,57,67.0,5,9,242,70,0.0,255,32767,0.0,2127-15-31,0.0,0.16,26.24,0.0,0.0,0.0,0,4.828125,6,84,05:49,20:11,2025-05-12 10:27:34.606612,Città della Scienza,61.6,17.543678,10.967931,16.993988,13.161392,EU EEA Common AQI,70.7,16.45174,9.911706,7200,12.376812,100,100,61.1,11.257971,Very Low,71.0,16.122908,100,1747044900,Very Low,13.59519,17.8676,Very Low,18.436644,57.1,15.173913,100,1747044900,14.072464
2025-05-12T10:27:45Z,0,29.872,73.4,57,67.0,9,9,246,70,0.0,255,32767,0.0,2127-15-31,0.0,0.16,26.24,0.0,0.0,0.0,0,4.828125,6,84,05:49,20:11,2025-05-12 10:27:45.695593,Città della Scienza,61.6,17.543678,10.967931,16.993988,13.161392,EU EEA Common AQI,70.7,16.45174,9.911706,7200,12.376812,100,100,61.1,11.257971,Very Low,71.0,16.122908,100,1747044900,Very Low,13.59519,17.8676,Very Low,18.436644,57.1,15.173913,100,1747044900,14.072464
2025-05-12T10:27:56Z,0,29.872,73.4,57,67.1,8,9,244,70,0.0,255,32767,0.0,2127-15-31,0.0,0.16,26.24,0.0,0.0,0.0,0,4.828125,6,84,05:49,20:11,2025-05-12 10:27:56.778600,Città della Scienza,61.6,17.543678,10.967931,16.993988,13.161392,EU EEA Common AQI,70.7,16.45174,9.911706,7200,12.376812,100,100,61.1,11.257971,Very Low,71.0,16.122908,100,1747044900,Very Low,13.59519,17.8676,Very Low,18.436644,57.1,15.173913,100,1747044900,14.072464
2025-05-12T10:28:08Z,0,29.872,73.4,57,67.1,9,9,248,70,0.0,255,32767,0.0,2127-15-31,0.0,0.16,26.24,0.0,0.0,0.0,0,4.828125,6,84,05:49,20:11,2025-05-12 10:28:07.898609,Città della Scienza,61.6,17.543678,10.967931,16.993988,13.161392,EU EEA Common AQI,70.7,16.45174,9.911706,7200,12.376812,100,100,61.1,11.257971,Very Low,71.0,16.122908,100,1747044900,Very Low,13.59519,17.8676,Very Low,18.436644,57.1,15.173913,100,1747044900,14.072464
2025-05-12T10:28:19Z,0,29.872,73.4,57,67.1,7,9,278,70,0.0,255,32767,0.0,2127-15-31,0.0,0.16,26.24,0.0,0.0,0.0,0,4.828125,6,84,05:49,20:11,2025-05-12 10:28:18.954596,Città della Scienza,61.6,17.543678,10.967931,16.993988,13.161392,EU EEA Common AQI,70.7,16.45174,9.911706,7200,12.376812,100,100,61.1,11.257971,Very Low,71.0,16.122908,100,1747044900,Very Low,13.59519,17.8676,Very Low,18.436644,57.1,15.173913,100,1747044900,14.072464
2025-05-12T10:28:30Z,0,29.872,73.4,57,67.1,9,9,249,70,0.0,255,32767,0.0,2127-15-31,0.0,0.16,26.24,0.0,0.0,0.0,0,4.828125,6,84,05:49,20:11,2025-05-12 10:28:30.058601,Città della Scienza,61.6,17.543678,10.967931,16.993988,13.161392,EU EEA Common AQI,70.7,16.45174,9.911706,7200,12.376812,100,100,61.1,11.257971,Very Low,71.0,16.122908,100,1747044900,Very Low,13.59519,17.8676,Very Low,18.436644,57.1,15.173913,100,1747044900,14.072464
2025-05-12T10:28:41Z,0,29.87,73.4,57,67.1,9,9,247,70,0.0,255,32767,0.0,2127-15-31,0.0,0.16,26.24,0.0,0.0,0.0,0,4.828125,6,84,05:49,20:11,2025-05-12 10:28:41.102606,Città della Scienza,61.6,17.543678,10.967931,16.993988,13.161392,EU EEA Common AQI,70.7,16.45174,9.911706,7200,12.376812,100,100,61.1,11.257971,Very Low,71.0,16.122908,100,1747044900,Very Low,13.59519,17.8676,Very Low,18.436644,57.1,15.173913,100,1747044900,14.072464
2025-05-12T10:28:52Z,0,29.87,73.4,57,67.1,9,9,246,70,0.0,255,32767,0.0,2127-15-31,0.0,0.16,26.24,0.0,0.0,0.0,0,4.828125,6,84,05:49,20:11,2025-05-12 10:28:52.201598,Città della Scienza,61.6,17.543678,10.967931,16.993988,13.161392,EU EEA Common AQI,70.7,16.45174,9.911706,7200,12.376812,100,100,61.1,11.257971,Very Low,71.0,16.122908,100,1747044900,Very Low,13.59519,17.8676,Very Low,18.436644,57.1,15.173913,100,1747044900,14.072464
2025-05-12T10:29:03Z,0,29.87,73.4,57,67.2,9,9,245,70,0.0,255,32767,0.0,2127-15-31,0.0,0.16,26.24,0.0,0.0,0.0,0,4.828125,6,84,05:49,20:11,2025-05-12 10:29:03.308597,Città della Scienza,61.6,17.543678,10.967931,16.993988,13.161392,EU EEA Common AQI,70.7,16.45174,9.911706,7200,12.376812,100,100,61.1,11.257971,Very Low,71.0,16.122908,100,1747044900,Very Low,13.59519,17.8676,Very Low,18.436644,57.1,15.173913,100,1747044900,14.072464
2025-05-12T10:29:14Z,0,29.87,73.4,57,67.2,7,9,232,70,0.0,255,32767,0.0,2127-15-31,0.0,0.16,26.24,0.0,0.0,0.0,0,4.828125,6,84,05:49,20:11,2025-05-12 10:29:14.380603,Città della Scienza,61.6,17.543678,10.967931,16.993988,13.161392,EU EEA Common AQI,70.7,16.45174,9.911706,7200,12.376812,100,100,61.1,11.257971,Very Low,71.0,16.122908,100,1747044900,Very Low,13.59519,17.8676,Very Low,18.436644,57.1,15.173913,100,1747044900,14.072464
2025-05-12T10:29:25Z,0,29.87,73.4,57,67.2,6,9,233,70,0.0,255,32767,0.0,2127-15-31,0.0,0.16,26.24,0.0,0.0,0.0,0,4.828125,6,84,05:49,20:11,2025-05-12 10:29:25.454599,Città della Scienza,61.6,17.543678,10.967931,16.993988,13.161392,EU EEA Common AQI,70.7,16.45174,9.911706,7200,12.376812,100,100,61.1,11.257971,Very Low,71.0,16.122908,100,1747044900,Very Low,13.59519,17.8676,Very Low,18.436644,57.1,15.173913,100,1747044900,14.072464
2025-05-12T10:29:36Z,0,29.872,73.4,57,67.1,9,9,246,70,0.0,255,32767,0.0,2127-15-31,0.0,0.16,26.24,0.0,0.0,0.0,0,4.828125,6,84,05:49,20:11,2025-05-12 10:29:36.564605,Città della Scienza,61.6,17.543678,10.967931,16.993988,13.161392,EU EEA Common AQI,70.7,16.45174,9.911706,7200,12.376812,100,100,61.1,11.257971,Very Low,71.0,16.122908,100,1747044900,Very Low,13.59519,17.8676,Very Low,18.436644,57.1,15.173913,100,1747044900,14.072464
2025-05-12T10:29:47Z,0,29.872,73.4,57,67.2,5,9,229,70,0.0,255,32767,0.0,2127-15-31,0.0,0.16,26.24,0.0,0.0,0.0,0,4.828125,6,84,05:49,20:11,2025-05-12 10:29:47.679601,Città della Scienza,61.6,17.543678,10.967931,16.993988,13.161392,EU EEA Common AQI,70.7,16.45174,9.911706,7200,12.376812,100,100,61.1,11.257971,Very Low,71.0,16.122908,100,1747044900,Very Low,13.59519,17.8676,Very Low,18.436644,57.1,15.173913,100,1747044900,14.072464
2025-05-12T10:29:58Z,0,29.872,73.4,57,67.2,8,9,246,70,0.0,255,32767,0.0,2127-15-31,0.0,0.16,26.24,0.0,0.0,0.0,0,4.828125,6,84,05:49,20:11,2025-05-12 10:29:58.732609,Città della Scienza,61.6,17.543678,10.967931,16.993988,13.161392,EU EEA Common AQI,70.7,16.45174,9.911706,7200,12.376812,100,100,61.1,11.257971,Very Low,71.0,16.122908,100,1747044900,Very Low,13.59519,17.8676,Very Low,18.436644,57.1,15.173913,100,1747044900,14.072464
2025-05-12T10:30:10Z,0,29.872,73.4,57,67.2,9,9,238,70,0.0,255,32767,0.0,2127-15-31,0.0,0.16,26.24,0.0,0.0,0.0,0,4.828125,6,84,05:49,20:11,2025-05-12 10:30:09.804604,Città della Scienza,61.6,17.543678,10.967931,16.993988,13.161392,EU EEA Common AQI,70.7,16.45174,9.911706,7200,12.376812,100,100,61.1,11.257971,Very Low,71.0,16.122908,100,1747044900,Very Low,13.59519,17.8676,Very Low,18.436644,57.1,15.173913,100,1747044900,14.072464
2025-05-12T10:30:21Z,0,29.872,73.4,57,67.2,9,9,234,70,0.0,255,32767,0.0,2127-15-31,0.0,0.16,26.24,0.0,0.0,0.0,0,4.828125,6,84,05:49,20:11,2025-05-12 10:30:20.906620,Città della Scienza,61.6,17.543678,10.967931,16.993988,13.161392,EU EEA Common AQI,70.7,16.45174,9.911706,7200,12.376812,100,100,61.1,11.257971,Very Low,71.0,16.122908,100,1747044900,Very Low,13.59519,17.8676,Very Low,18.436644,57.1,15.173913,100,1747044900,14.072464
2025-05-12T10:30:32Z,0,29.872,73.4,57,67.2,6,9,240,70,0.0,255,32767,0.0,2127-15-31,0.0,0.16,26.24,0.0,0.0,0.0,0,4.828125,6,84,05:49,20:11,2025-05-12 10:30:31.967557,Città della Scienza,61.1,17.450352,10.93917,15.895748,12.678454,EU EEA Common AQI,70.5,15.848069,9.88693,7200,12.246377,100,100,60.8,11.33913,Very Low,70.8,16.045565,100,1747045800,Very Low,12.7165985,17.222979,Very Low,17.302906,56.7,14.782609,100,1747045800,14.173913
2025-05-12T10:30:43Z,0,29.871,73.4,57,67.2,6,9,240,70,0.0,255,32767,0.0,2127-15-31,0.0,0.16,26.24,0.0,0.0,0.0,0,4.828125,6,84,05:49,20:11,2025-05-12 10:30:43.087598,Città della Scienza,61.1,17.450352,10.93917,15.895748,12.678454,EU EEA Common AQI,70.5,15.848069,9.88693,7200,12.246377,100,100,60.8,11.33913,Very Low,70.8,16.045565,100,1747045800,Very Low,12.7165985,17.222979,Very Low,17.302906,56.7,14.782609,100,1747045800,14.173913
2025-05-12T10:30:54Z,0,29.871,73.4,57,67.2,8,9,238,69,0.0,255,32767,0.0,2127-15-31,0.0,0.16,26.24,0.0,0.0,0.0,0,4.828125,6,84,05:49,20:11,2025-05-12 10:30:54.168599,Città della Scienza,61.1,17.450352,10.93917,15.895748,12.678454,EU EEA Common AQI,70.5,15.848069,9.88693,7200,12.246377,100,100,60.8,11.33913,Very Low,70.8,16.045565,100,1747045800,Very Low,12.7165985,17.222979,Very Low,17.302906,56.7,14.782609,100,1747045800,14.173913
2025-05-12T10:31:05Z,0,29.871,73.4,57,67.2,9,9,236,69,0.0,255,32767,0.0,2127-15-31,0.0,0.16,26.24,0.0,0.0,0.0,0,4.828125,6,84,05:49,20:11,2025-05-12 10:31:05.259604,Città della Scienza,61.1,17.450352,10.93917,15.895748,12.678454,EU EEA Common AQI,70.5,15.848069,9.88693,7200,12.246377,100,100,60.8,11.33913,Very Low,70.8,16.045565,100,1747045800,Very Low,12.7165985,17.222979,Very Low,17.302906,56.7,14.782609,100,1747045800,14.173913
2025-05-12T10:31:16Z,0,29.871,73.4,57,67.2,8,9,242,69,0.0,255,32767,0.0,2127-15-31,0.0,0.16,26.24,0.0,0.0,0.0,0,4.828125,6,84,05:49,20:11,2025-05-12 10:31:16.326598,Città della Scienza,61.1,17.450352,10.93917,15.895748,12.678454,EU EEA Common AQI,70.5,15.848069,9.88693,7200,12.246377,100,100,60.8,11.33913,Very Low,70.8,16.045565,100,1747045800,Very Low,12.7165985,17.222979,Very Low,17.302906,56.7,14.782609,100,1747045800,14.173913
2025-05-12T10:31:27Z,0,29.871,73.4,57,67.2,8,9,242,69,0.0,255,32767,0.0,2127-15-31,0.0,0.16,26.24,0.0,0.0,0.0,0,4.828125,6,84,05:49,20:11,2025-05-12 10:31:27.412584,Città della Scienza,61.1,17.450352,10.93917,15.895748,12.678454,EU EEA Common AQI,70.5,15.848069,9.88693,7200,12.246377,100,100,60.8,11.33913,Very Low,70.8,16.045565,100,1747045800,Very Low,12.7165985,17.222979,Very Low,17.302906,56.7,14.782609,100,1747045800,14.173913
2025-05-12T10:31:38Z,0,29.872,73.4,57,67.2,9,9,234,69,0.0,255,32767,0.0,2127-15-31,0.0,0.16,26.24,0.0,0.0,0.0,0,4.828125,6,84,05:49,20:11,2025-05-12 10:31:38.451616,Città della Scienza,61.1,17.450352,10.93917,15.895748,12.678454,EU EEA Common AQI,70.5,15.848069,9.88693,7200,12.246377,100,100,60.8,11.33913,Very Low,70.8,16.045565,100,1747045800,Very Low,12.7165985,17.222979,Very Low,17.302906,56.7,14.782609,100,1747045800,14.173913
2025-05-12T10:31:49Z,0,29.872,73.4,57,67.2,7,9,248,69,0.0,255,32767,0.0,2127-15-31,0.0,0.16,26.24,0.0,0.0,0.0,0,4.828125,6,84,05:49,20:11,2025-05-12 10:31:49.526592,Città della Scienza,61.1,17.450352,10.93917,15.895748,12.678454,EU EEA Common AQI,70.5,15.848069,9.88693,7200,12.246377,100,100,60.8,11.33913,Very Low,70.8,16.045565,100,1747045800,Very Low,12.7165985,17.222979,Very Low,17.302906,56.7,14.782609,100,1747045800,14.173913
2025-05-12T10:32:00Z,0,29.872,73.4,57,67.2,8,9,240,69,0.0,255,32767,0.0,2127-15-31,0.0,0.16,26.24,0.0,0.0,0.0,0,4.828125,6,84,05:49,20:11,2025-05-12 10:32:00.589596,Città della Scienza,61.1,17.450352,10.93917,15.895748,12.678454,EU EEA Common AQI,70.5,15.848069,9.88693,7200,12.246377,100,100,60.8,11.33913,Very Low,70.8,16.045565,100,1747045800,Very Low,12.7165985,17.222979,Very Low,17.302906,56.7,14.782609,100,1747045800,14.173913
2025-05-12T10:32:11Z,0,29.872,73.4,57,67.2,7,9,229,69,0.0,255,32767,0.0,2127-15-31,0.0,0.16,26.24,0.0,0.0,0.0,0,4.828125,6,84,05:49,20:11,2025-05-12 10:32:11.684596,Città della Scienza,61.1,17.450352,10.93917,15.895748,12.678454,EU EEA Common AQI,70.5,15.848069,9.88693,7200,12.246377,100,100,60.8,11.33913,Very Low,70.8,16.045565,100,1747045800,Very Low,12.7165985,17.222979,Very Low,17.302906,56.7,14.782609,100,1747045800,14.173913
2025-05-12T10:32:22Z,0,29.872,73.4,57,67.2,9,9,240,69,0.0,255,32767,0.0,2127-15-31,0.0,0.16,26.24,0.0,0.0,0.0,0,4.828125,6,84,05:49,20:11,2025-05-12 10:32:22.797595,Città della Scienza,61.1,17.450352,10.93917,15.895748,12.678454,EU EEA Common AQI,70.5,15.848069,9.88693,7200,12.246377,100,100,60.8,11.33913,Very Low,70.8,16.045565,100,1747045800,Very Low,12.7165985,17.222979,Very Low,17.302906,56.7,14.782609,100,1747045800,14.173913
2025-05-12T10:32:34Z,0,29.872,73.4,57,67.2,9,8,246,70,0.0,255,32767,0.0,2127-15-31,0.0,0.16,26.24,0.0,0.0,0.0,0,4.828125,6,84,05:49,20:11,2025-05-12 10:32:33.896593,Città della Scienza,61.1,17.450352,10.93917,15.895748,12.678454,EU EEA Common AQI,70.5,15.848069,9.88693,7200,12.246377,100,100,60.8,11.33913,Very Low,70.8,16.045565,100,1747045800,Very Low,12.7165985,17.222979,Very Low,17.302906,56.7,14.782609,100,1747045800,14.173913
2025-05-12T10:32:45Z,0,29.872,73.4,57,67.2,10,8,236,70,0.0,255,32767,0.0,2127-15-31,0.0,0.16,26.24,0.0,0.0,0.0,0,4.828125,6,84,05:49,20:11,2025-05-12 10:32:44.963604,Città della Scienza,61.1,17.450352,10.93917,15.895748,12.678454,EU EEA Common AQI,70.5,15.848069,9.88693,7200,12.246377,100,100,60.8,11.33913,Very Low,70.8,16.045565,100,1747045800,Very Low,12.7165985,17.222979,Very Low,17.302906,56.7,14.782609,100,1747045800,14.173913
2025-05-12T10:32:56Z,0,29.872,73.4,57,67.2,9,8,238,70,0.0,255,32767,0.0,2127-15-31,0.0,0.16,26.24,0.0,0.0,0.0,0,4.828125,6,84,05:49,20:11,2025-05-12 10:32:56.034570,Città della Scienza,61.1,17.450352,10.93917,15.895748,12.678454,EU EEA Common AQI,70.5,15.848069,9.88693,7200,12.246377,100,100,60.8,11.33913,Very Low,70.8,16.045565,100,1747045800,Very Low,12.7165985,17.222979,Very Low,17.302906,56.7,14.782609,100,1747045800,14.173913
2025-05-12T10:33:07Z,0,29.872,73.4,57,67.2,8,8,242,70,0.0,255,32767,0.0,2127-15-31,0.0,0.16,26.24,0.0,0.0,0.0,0,4.828125,6,84,05:49,20:11,2025-05-12 10:33:07.132609,Città della Scienza,61.1,17.450352,10.93917,15.895748,12.678454,EU EEA Common AQI,70.5,15.848069,9.88693,7200,12.246377,100,100,60.8,11.33913,Very Low,70.8,16.045565,100,1747045800,Very Low,12.7165985,17.222979,Very Low,17.302906,56.7,14.782609,100,1747045800,14.173913
2025-05-12T10:33:18Z,0,29.872,73.4,57,67.2,7,8,225,70,0.0,255,32767,0.0,2127-15-31,0.0,0.16,26.24,0.0,0.0,0.0,0,4.828125,6,84,05:49,20:11,2025-05-12 10:33:18.199595,Città della Scienza,61.1,17.450352,10.93917,15.895748,12.678454,EU EEA Common AQI,70.5,15.848069,9.88693,7200,12.246377,100,100,60.8,11.33913,Very Low,70.8,16.045565,100,1747045800,Very Low,12.7165985,17.222979,Very Low,17.302906,56.7,14.782609,100,1747045800,14.173913
2025-05-12T10:33:29Z,0,29.872,73.4,57,67.2,8,8,242,70,0.0,255,32767,0.0,2127-15-31,0.0,0.16,26.24,0.0,0.0,0.0,0,4.828125,6,84,05:49,20:11,2025-05-12 10:33:29.281601,Città della Scienza,61.1,17.450352,10.93917,15.895748,12.678454,EU EEA Common AQI,70.5,15.848069,9.88693,7200,12.246377,100,100,60.8,11.33913,Very Low,70.8,16.045565,100,1747045800,Very Low,12.7165985,17.222979,Very Low,17.302906,56.7,14.782609,100,1747045800,14.173913
2025-05-12T10:33:40Z,0,29.871,73.4,57,67.2,7,8,235,70,0.0,255,32767,0.0,2127-15-31,0.0,0.16,26.24,0.0,0.0,0.0,0,4.828125,6,84,05:49,20:11,2025-05-12 10:33:40.386604,Città della Scienza,61.1,17.450352,10.93917,15.895748,12.678454,EU EEA Common AQI,70.5,15.848069,9.88693,7200,12.246377,100,100,60.8,11.33913,Very Low,70.8,16.045565,100,1747045800,Very Low,12.7165985,17.222979,Very Low,17.302906,56.7,14.782609,100,1747045800,14.173913
2025-05-12T10:33:51Z,0,29.871,73.4,57,67.2,4,8,236,70,0.0,255,32767,0.0,2127-15-31,0.0,0.16,26.24,0.0,0.0,0.0,0,4.828125,6,84,05:49,20:11,2025-05-12 10:33:51.457591,Città della Scienza,61.1,17.450352,10.93917,15.895748,12.678454,EU EEA Common AQI,70.5,15.848069,9.88693,7200,12.246377,100,100,60.8,11.33913,Very Low,70.8,16.045565,100,1747045800,Very Low,12.7165985,17.222979,Very Low,17.302906,56.7,14.782609,100,1747045800,14.173913
2025-05-12T10:34:02Z,0,29.871,73.4,57,67.2,7,8,234,70,0.0,255,32767,0.0,2127-15-31,0.0,0.16,26.24,0.0,0.0,0.0,0,4.828125,6,84,05:49,20:11,2025-05-12 10:34:02.511591,Città della Scienza,61.1,17.450352,10.93917,15.895748,12.678454,EU EEA Common AQI,70.5,15.848069,9.88693,7200,12.246377,100,100,60.8,11.33913,Very Low,70.8,16.045565,100,1747045800,Very Low,12.7165985,17.222979,Very Low,17.302906,56.7,14.782609,100,1747045800,14.173913
2025-05-12T10:34:13Z,0,29.871,73.4,57,67.2,8,8,273,70,0.0,255,32767,0.0,2127-15-31,0.0,0.16,26.24,0.0,0.0,0.0,0,4.828125,6,84,05:49,20:11,2025-05-12 10:34:13.604596,Città della Scienza,61.1,17.450352,10.93917,15.895748,12.678454,EU EEA Common AQI,70.5,15.848069,9.88693,7200,12.246377,100,100,60.8,11.33913,Very Low,70.8,16.045565,100,1747045800,Very Low,12.7165985,17.222979,Very Low,17.302906,56.7,14.782609,100,1747045800,14.173913
2025-05-12T10:34:24Z,0,29.871,73.4,57,67.2,7,8,246,70,0.0,255,32767,0.0,2127-15-31,0.0,0.16,26.24,0.0,0.0,0.0,0,4.828125,6,84,05:49,20:11,2025-05-12 10:34:24.675595,Città della Scienza,61.1,17.450352,10.93917,15.895748,12.678454,EU EEA Common AQI,70.5,15.848069,9.88693,7200,12.246377,100,100,60.8,11.33913,Very Low,70.8,16.045565,100,1747045800,Very Low,12.7165985,17.222979,Very Low,17.302906,56.7,14.782609,100,1747045800,14.173913
2025-05-12T10:34:35Z,0,29.87,73.4,57,67.3,9,8,239,70,0.0,255,32767,0.0,2127-15-31,0.0,0.16,26.24,0.0,0.0,0.0,0,4.828125,6,84,05:49,20:11,2025-05-12 10:34:35.785607,Città della Scienza,61.1,17.450352,10.93917,15.895748,12.678454,EU EEA Common AQI,70.5,15.848069,9.88693,7200,12.246377,100,100,60.8,11.33913,Very Low,70.8,16.045565,100,1747045800,Very Low,12.7165985,17.222979,Very Low,17.302906,56.7,14.782609,100,1747045800,14.173913
2025-05-12T10:34:47Z,0,29.87,73.4,57,67.3,7,8,254,70,0.0,255,32767,0.0,2127-15-31,0.0,0.16,26.24,0.0,0.0,0.0,0,4.828125,6,84,05:49,20:11,2025-05-12 10:34:46.891611,Città della Scienza,61.1,17.450352,10.93917,15.895748,12.678454,EU EEA Common AQI,70.5,15.848069,9.88693,7200,12.246377,100,100,60.8,11.33913,Very Low,70.8,16.045565,100,1747045800,Very Low,12.7165985,17.222979,Very Low,17.302906,56.7,14.782609,100,1747045800,14.173913
2025-05-12T10:34:58Z,0,29.87,73.4,57,67.3,7,8,272,70,0.0,255,32767,0.0,2127-15-31,0.0,0.16,26.24,0.0,0.0,0.0,0,4.828125,6,84,05:49,20:11,2025-05-12 10:34:57.954603,Città della Scienza,61.1,17.450352,10.93917,15.895748,12.678454,EU EEA Common AQI,70.5,15.848069,9.88693,7200,12.246377,100,100,60.8,11.33913,Very Low,70.8,16.045565,100,1747045800,Very Low,12.7165985,17.222979,Very Low,17.302906,56.7,14.782609,100,1747045800,14.173913
2025-05-12T10:35:09Z,0,29.87,73.4,57,67.3,8,8,240,70,0.0,255,32767,0.0,2127-15-31,0.0,0.16,26.24,0.0,0.0,0.0,0,4.828125,6,84,05:49,20:11,2025-05-12 10:35:09.025600,Città della Scienza,61.1,17.450352,10.93917,15.895748,12.678454,EU EEA Common AQI,70.5,15.848069,9.88693,7200,12.246377,100,100,60.8,11.33913,Very Low,70.8,16.045565,100,1747045800,Very Low,12.7165985,17.222979,Very Low,17.302906,56.7,14.782609,100,1747045800,14.173913
2025-05-12T10:35:20Z,0,29.87,73.4,57,67.3,6,8,269,70,0.0,255,32767,0.0,2127-15-31,0.0,0.16,26.24,0.0,0.0,0.0,0,4.828125,6,84,05:49,20:11,2025-05-12 10:35:20.099595,Città della Scienza,61.1,17.450352,10.93917,15.895748,12.678454,EU EEA Common AQI,70.5,15.848069,9.88693,7200,12.246377,100,100,60.8,11.33913,Very Low,70.8,16.045565,100,1747045800,Very Low,12.7165985,17.222979,Very Low,17.302906,56.7,14.782609,100,1747045800,14.173913
2025-05-12T10:35:32Z,0,29.87,73.4,57,67.3,4,8,233,70,0.0,255,32767,0.0,2127-15-31,0.0,0.16,26.24,0.0,0.0,0.0,0,4.828125,6,84,05:49,20:11,2025-05-12 10:35:31.835590,Città della Scienza,61.1,17.450352,10.93917,15.895748,12.678454,EU EEA Common AQI,70.5,15.848069,9.88693,7200,12.246377,100,100,60.8,11.33913,Very Low,70.8,16.045565,100,1747045800,Very Low,12.7165985,17.222979,Very Low,17.302906,56.7,14.782609,100,1747045800,14.173913
2025-05-12T10:35:43Z,0,29.87,73.4,57,67.2,9,8,242,70,0.0,255,32767,0.0,2127-15-31,0.0,0.16,26.24,0.0,0.0,0.0,0,4.828125,6,84,05:49,20:11,2025-05-12 10:35:42.953607,Città della Scienza,61.1,17.450352,10.93917,15.895748,12.678454,EU EEA Common AQI,70.5,15.848069,9.88693,7200,12.246377,100,100,60.8,11.33913,Very Low,70.8,16.045565,100,1747045800,Very Low,12.7165985,17.222979,Very Low,17.302906,56.7,14.782609,100,1747045800,14.173913
2025-05-12T10:35:54Z,0,29.87,73.4,57,67.3,9,8,240,70,0.0,255,32767,0.0,2127-15-31,0.0,0.16,26.24,0.0,0.0,0.0,0,4.828125,6,84,05:49,20:11,2025-05-12 10:35:54.000600,Città della Scienza,61.1,17.450352,10.93917,15.895748,12.678454,EU EEA Common AQI,70.5,15.848069,9.88693,7200,12.246377,100,100,60.8,11.33913,Very Low,70.8,16.045565,100,1747045800,Very Low,12.7165985,17.222979,Very Low,17.302906,56.7,14.782609,100,1747045800,14.173913
2025-05-12T10:36:05Z,0,29.87,73.4,57,67.2,9,8,245,69,0.0,255,32767,0.0,2127-15-31,0.0,0.16,26.24,0.0,0.0,0.0,0,4.828125,6,84,05:49,20:11,2025-05-12 10:36:05.096598,Città della Scienza,61.1,17.450352,10.93917,15.895748,12.678454,EU EEA Common AQI,70.5,15.848069,9.88693,7200,12.246377,100,100,60.8,11.33913,Very Low,70.8,16.045565,100,1747045800,Very Low,12.7165985,17.222979,Very Low,17.302906,56.7,14.782609,100,1747045800,14.173913
2025-05-12T10:36:16Z,0,29.87,73.4,57,67.3,6,8,240,69,0.0,255,32767,0.0,2127-15-31,0.0,0.16,26.24,0.0,0.0,0.0,0,4.828125,6,84,05:49,20:11,2025-05-12 10:36:16.193594,Città della Scienza,61.1,17.450352,10.93917,15.895748,12.678454,EU EEA Common AQI,70.5,15.848069,9.88693,7200,12.246377,100,100,60.8,11.33913,Very Low,70.8,16.045565,100,1747045800,Very Low,12.7165985,17.222979,Very Low,17.302906,56.7,14.782609,100,1747045800,14.173913
2025-05-12T10:36:27Z,0,29.87,73.4,57,67.3,8,8,262,69,0.0,255,32767,0.0,2127-15-31,0.0,0.16,26.24,0.0,0.0,0.0,0,4.828125,6,84,05:49,20:11,2025-05-12 10:36:27.299559,Città della Scienza,61.1,17.450352,10.93917,15.895748,12.678454,EU EEA Common AQI,70.5,15.848069,9.88693,7200,12.246377,100,100,60.8,11.33913,Very Low,70.8,16.045565,100,1747045800,Very Low,12.7165985,17.222979,Very Low,17.302906,56.7,14.782609,100,1747045800,14.173913
2025-05-12T10:36:38Z,0,29.872,73.4,57,67.3,7,8,226,69,0.0,255,32767,0.0,2127-15-31,0.0,0.16,26.24,0.0,0.0,0.0,0,4.828125,6,84,05:49,20:11,2025-05-12 10:36:38.390600,Città della Scienza,61.1,17.450352,10.93917,15.895748,12.678454,EU EEA Common AQI,70.5,15.848069,9.88693,7200,12.246377,100,100,60.8,11.33913,Very Low,70.8,16.045565,100,1747045800,Very Low,12.7165985,17.222979,Very Low,17.302906,56.7,14.782609,100,1747045800,14.173913
2025-05-12T10:36:49Z,0,29.872,73.4,57,67.3,5,8,249,69,0.0,255,32767,0.0,2127-15-31,0.0,0.16,26.24,0.0,0.0,0.0,0,4.828125,6,84,05:49,20:11,2025-05-12 10:36:49.495597,Città della Scienza,61.1,17.450352,10.93917,15.895748,12.678454,EU EEA Common AQI,70.5,15.848069,9.88693,7200,12.246377,100,100,60.8,11.33913,Very Low,70.8,16.045565,100,1747045800,Very Low,12.7165985,17.222979,Very Low,17.302906,56.7,14.782609,100,1747045800,14.173913
2025-05-12T10:37:00Z,0,29.872,73.4,57,67.4,9,8,237,69,0.0,255,32767,0.0,2127-15-31,0.0,0.16,26.24,0.0,0.0,0.0,0,4.828125,6,84,05:49,20:11,2025-05-12 10:37:00.612564,Città della Scienza,61.1,17.450352,10.93917,15.895748,12.678454,EU EEA Common AQI,70.5,15.848069,9.88693,7200,12.246377,100,100,60.8,11.33913,Very Low,70.8,16.045565,100,1747045800,Very Low,12.7165985,17.222979,Very Low,17.302906,56.7,14.782609,100,1747045800,14.173913
2025-05-12T10:37:11Z,0,29.872,73.4,57,67.4,9,8,242,69,0.0,255,32767,0.0,2127-15-31,0.0,0.16,26.24,0.0,0.0,0.0,0,4.828125,6,84,05:49,20:11,2025-05-12 10:37:11.705607,Città della Scienza,61.1,17.450352,10.93917,15.895748,12.678454,EU EEA Common AQI,70.5,15.848069,9.88693,7200,12.246377,100,100,60.8,11.33913,Very Low,70.8,16.045565,100,1747045800,Very Low,12.7165985,17.222979,Very Low,17.302906,56.7,14.782609,100,1747045800,14.173913
2025-05-12T10:37:22Z,0,29.872,73.4,57,67.4,9,8,234,69,0.0,255,32767,0.0,2127-15-31,0.0,0.16,26.24,0.0,0.0,0.0,0,4.828125,6,84,05:49,20:11,2025-05-12 10:37:22.794592,Città della Scienza,61.1,17.450352,10.93917,15.895748,12.678454,EU EEA Common AQI,70.5,15.848069,9.88693,7200,12.246377,100,100,60.8,11.33913,Very Low,70.8,16.045565,100,1747045800,Very Low,12.7165985,17.222979,Very Low,17.302906,56.7,14.782609,100,1747045800,14.173913
2025-05-12T10:37:34Z,0,29.87,73.5,57,67.3,8,8,248,69,0.0,255,32767,0.0,2127-15-31,0.0,0.16,26.24,0.0,0.0,0.0,0,4.828125,6,84,05:49,20:11,2025-05-12 10:37:33.877604,Città della Scienza,61.1,17.450352,10.93917,15.895748,12.678454,EU EEA Common AQI,70.5,15.848069,9.88693,7200,12.246377,100,100,60.8,11.33913,Very Low,70.8,16.045565,100,1747045800,Very Low,12.7165985,17.222979,Very Low,17.302906,56.7,14.782609,100,1747045800,14.173913
2025-05-12T10:37:45Z,0,29.87,73.5,57,67.3,8,8,232,69,0.0,255,32767,0.0,2127-15-31,0.0,0.16,26.24,0.0,0.0,0.0,0,4.828125,6,84,05:49,20:11,2025-05-12 10:37:44.958592,Città della Scienza,61.1,17.450352,10.93917,15.895748,12.678454,EU EEA Common AQI,70.5,15.848069,9.88693,7200,12.246377,100,100,60.8,11.33913,Very Low,70.8,16.045565,100,1747045800,Very Low,12.7165985,17.222979,Very Low,17.302906,56.7,14.782609,100,1747045800,14.173913
2025-05-12T10:37:56Z,0,29.87,73.5,57,67.3,8,8,227,69,0.0,255,32767,0.0,2127-15-31,0.0,0.16,26.24,0.0,0.0,0.0,0,4.828125,6,84,05:49,20:11,2025-05-12 10:37:56.041594,Città della Scienza,61.1,17.450352,10.93917,15.895748,12.678454,EU EEA Common AQI,70.5,15.848069,9.88693,7200,12.246377,100,100,60.8,11.33913,Very Low,70.8,16.045565,100,1747045800,Very Low,12.7165985,17.222979,Very Low,17.302906,56.7,14.782609,100,1747045800,14.173913
2025-05-12T10:38:07Z,0,29.87,73.5,57,67.4,8,8,240,69,0.0,255,32767,0.0,2127-15-31,0.0,0.16,26.24,0.0,0.0,0.0,0,4.828125,6,84,05:49,20:11,2025-05-12 10:38:07.121603,Città della Scienza,61.1,17.450352,10.93917,15.895748,12.678454,EU EEA Common AQI,70.5,15.848069,9.88693,7200,12.246377,100,100,60.8,11.33913,Very Low,70.8,16.045565,100,1747045800,Very Low,12.7165985,17.222979,Very Low,17.302906,56.7,14.782609,100,1747045800,14.173913
2025-05-12T10:38:18Z,0,29.87,73.5,57,67.4,10,8,232,69,0.0,255,32767,0.0,2127-15-31,0.0,0.16,26.24,0.0,0.0,0.0,0,4.828125,6,84,05:49,20:11,2025-05-12 10:38:18.219596,Città della Scienza,61.1,17.450352,10.93917,15.895748,12.678454,EU EEA Common AQI,70.5,15.848069,9.88693,7200,12.246377,100,100,60.8,11.33913,Very Low,70.8,16.045565,100,1747045800,Very Low,12.7165985,17.222979,Very Low,17.302906,56.7,14.782609,100,1747045800,14.173913
2025-05-12T10:38:29Z,0,29.87,73.5,57,67.3,9,8,246,69,0.0,255,32767,0.0,2127-15-31,0.0,0.16,26.24,0.0,0.0,0.0,0,4.828125,6,84,05:49,20:11,2025-05-12 10:38:29.297586,Città della Scienza,61.1,17.450352,10.93917,15.895748,12.678454,EU EEA Common AQI,70.5,15.848069,9.88693,7200,12.246377,100,100,60.8,11.33913,Very Low,70.8,16.045565,100,1747045800,Very Low,12.7165985,17.222979,Very Low,17.302906,56.7,14.782609,100,1747045800,14.173913
2025-05-12T10:38:40Z,0,29.872,73.5,57,67.3,8,8,233,69,0.0,255,32767,0.0,2127-15-31,0.0,0.16,26.24,0.0,0.0,0.0,0,4.828125,6,84,05:49,20:11,2025-05-12 10:38:40.376600,Città della Scienza,61.1,17.450352,10.93917,15.895748,12.678454,EU EEA Common AQI,70.5,15.848069,9.88693,7200,12.246377,100,100,60.8,11.33913,Very Low,70.8,16.045565,100,1747045800,Very Low,12.7165985,17.222979,Very Low,17.302906,56.7,14.782609,100,1747045800,14.173913
2025-05-12T10:38:51Z,0,29.872,73.5,57,67.3,9,8,242,69,0.0,255,32767,0.0,2127-15-31,0.0,0.16,26.24,0.0,0.0,0.0,0,4.828125,6,84,05:49,20:11,2025-05-12 10:38:51.473593,Città della Scienza,61.1,17.450352,10.93917,15.895748,12.678454,EU EEA Common AQI,70.5,15.848069,9.88693,7200,12.246377,100,100,60.8,11.33913,Very Low,70.8,16.045565,100,1747045800,Very Low,12.7165985,17.222979,Very Low,17.302906,56.7,14.782609,100,1747045800,14.173913
2025-05-12T10:39:02Z,0,29.872,73.5,57,67.3,8,8,240,69,0.0,255,32767,0.0,2127-15-31,0.0,0.16,26.24,0.0,0.0,0.0,0,4.828125,6,84,05:49,20:11,2025-05-12 10:39:02.519639,Città della Scienza,61.1,17.450352,10.93917,15.895748,12.678454,EU EEA Common AQI,70.5,15.848069,9.88693,7200,12.246377,100,100,60.8,11.33913,Very Low,70.8,16.045565,100,1747045800,Very Low,12.7165985,17.222979,Very Low,17.302906,56.7,14.782609,100,1747045800,14.173913
2025-05-12T10:39:13Z,0,29.872,73.5,57,67.3,9,8,238,69,0.0,255,32767,0.0,2127-15-31,0.0,0.16,26.24,0.0,0.0,0.0,0,4.828125,6,84,05:49,20:11,2025-05-12 10:39:13.627599,Città della Scienza,61.1,17.450352,10.93917,15.895748,12.678454,EU EEA Common AQI,70.5,15.848069,9.88693,7200,12.246377,100,100,60.8,11.33913,Very Low,70.8,16.045565,100,1747045800,Very Low,12.7165985,17.222979,Very Low,17.302906,56.7,14.782609,100,1747045800,14.173913
2025-05-12T10:39:24Z,0,29.872,73.5,57,67.3,9,8,240,69,0.0,255,32767,0.0,2127-15-31,0.0,0.16,26.24,0.0,0.0,0.0,0,4.828125,6,84,05:49,20:11,2025-05-12 10:39:24.724600,Città della Scienza,61.1,17.450352,10.93917,15.895748,12.678454,EU EEA Common AQI,70.5,15.848069,9.88693,7200,12.246377,100,100,60.8,11.33913,Very Low,70.8,16.045565,100,1747045800,Very Low,12.7165985,17.222979,Very Low,17.302906,56.7,14.782609,100,1747045800,14.173913
2025-05-12T10:39:35Z,0,29.873,73.5,57,67.3,9,8,244,69,0.0,255,32767,0.0,2127-15-31,0.0,0.16,26.24,0.0,0.0,0.0,0,4.828125,6,84,05:49,20:11,2025-05-12 10:39:35.774603,Città della Scienza,61.1,17.450352,10.93917,15.895748,12.678454,EU EEA Common AQI,70.5,15.848069,9.88693,7200,12.246377,100,100,60.8,11.33913,Very Low,70.8,16.045565,100,1747045800,Very Low,12.7165985,17.222979,Very Low,17.302906,56.7,14.782609,100,1747045800,14.173913
2025-05-12T10:39:47Z,0,29.873,73.5,57,67.3,9,8,240,69,0.0,255,32767,0.0,2127-15-31,0.0,0.16,26.24,0.0,0.0,0.0,0,4.828125,6,84,05:49,20:11,2025-05-12 10:39:46.868573,Città della Scienza,61.1,17.450352,10.93917,15.895748,12.678454,EU EEA Common AQI,70.5,15.848069,9.88693,7200,12.246377,100,100,60.8,11.33913,Very Low,70.8,16.045565,100,1747045800,Very Low,12.7165985,17.222979,Very Low,17.302906,56.7,14.782609,100,1747045800,14.173913
2025-05-12T10:39:58Z,0,29.873,73.5,57,67.3,9,8,255,69,0.0,255,32767,0.0,2127-15-31,0.0,0.16,26.24,0.0,0.0,0.0,0,4.828125,6,84,05:49,20:11,2025-05-12 10:39:57.985594,Città della Scienza,61.1,17.450352,10.93917,15.895748,12.678454,EU EEA Common AQI,70.5,15.848069,9.88693,7200,12.246377,100,100,60.8,11.33913,Very Low,70.8,16.045565,100,1747045800,Very Low,12.7165985,17.222979,Very Low,17.302906,56.7,14.782609,100,1747045800,14.173913
2025-05-12T10:40:09Z,0,29.873,73.5,57,67.2,10,8,231,69,0.0,255,32767,0.0,2127-15-31,0.0,0.16,26.24,0.0,0.0,0.0,0,4.828125,6,84,05:49,20:11,2025-05-12 10:40:09.077595,Città della Scienza,61.1,17.450352,10.93917,15.895748,12.678454,EU EEA Common AQI,70.5,15.848069,9.88693,7200,12.246377,100,100,60.8,11.33913,Very Low,70.8,16.045565,100,1747045800,Very Low,12.7165985,17.222979,Very Low,17.302906,56.7,14.782609,100,1747045800,14.173913
2025-05-12T10:40:20Z,0,29.873,73.5,57,67.3,9,8,236,69,0.0,255,32767,0.0,2127-15-31,0.0,0.16,26.24,0.0,0.0,0.0,0,4.828125,6,84,05:49,20:11,2025-05-12 10:40:20.147598,Città della Scienza,61.1,17.450352,10.93917,15.895748,12.678454,EU EEA Common AQI,70.5,15.848069,9.88693,7200,12.246377,100,100,60.8,11.33913,Very Low,70.8,16.045565,100,1747045800,Very Low,12.7165985,17.222979,Very Low,17.302906,56.7,14.782609,100,1747045800,14.173913
2025-05-12T10:40:31Z,0,29.873,73.5,57,67.2,9,8,242,69,0.0,255,32767,0.0,2127-15-31,0.0,0.16,26.24,0.0,0.0,0.0,0,4.828125,6,84,05:49,20:11,2025-05-12 10:40:31.241594,Città della Scienza,61.1,17.450352,10.93917,15.895748,12.678454,EU EEA Common AQI,70.5,15.848069,9.88693,7200,12.246377,100,100,60.8,11.33913,Very Low,70.8,16.045565,100,1747045800,Very Low,12.7165985,17.222979,Very Low,17.302906,56.7,14.782609,100,1747045800,14.173913
2025-05-12T10:40:42Z,0,29.872,73.6,57,67.2,9,8,239,69,0.0,255,32767,0.0,2127-15-31,0.0,0.16,26.24,0.0,0.0,0.0,0,4.828125,6,84,05:49,20:11,2025-05-12 10:40:42.306611,Città della Scienza,61.1,17.450352,10.93917,15.895748,12.678454,EU EEA Common AQI,70.5,15.848069,9.88693,7200,12.246377,100,100,60.8,11.33913,Very Low,70.8,16.045565,100,1747045800,Very Low,12.7165985,17.222979,Very Low,17.302906,56.7,14.782609,100,1747045800,14.173913
2025-05-12T10:40:53Z,0,29.872,73.6,57,67.2,9,8,243,69,0.0,255,32767,0.0,2127-15-31,0.0,0.16,26.24,0.0,0.0,0.0,0,4.828125,6,84,05:49,20:11,2025-05-12 10:40:53.403600,Città della Scienza,61.1,17.450352,10.93917,15.895748,12.678454,EU EEA Common AQI,70.5,15.848069,9.88693,7200,12.246377,100,100,60.8,11.33913,Very Low,70.8,16.045565,100,1747045800,Very Low,12.7165985,17.222979,Very Low,17.302906,56.7,14.782609,100,1747045800,14.173913
2025-05-12T10:41:04Z,0,29.872,73.6,57,67.2,9,8,242,69,0.0,255,32767,0.0,2127-15-31,0.0,0.16,26.24,0.0,0.0,0.0,0,4.828125,6,84,05:49,20:11,2025-05-12 10:41:04.514591,Città della Scienza,61.1,17.450352,10.93917,15.895748,12.678454,EU EEA Common AQI,70.5,15.848069,9.88693,7200,12.246377,100,100,60.8,11.33913,Very Low,70.8,16.045565,100,1747045800,Very Low,12.7165985,17.222979,Very Low,17.302906,56.7,14.782609,100,1747045800,14.173913
2025-05-12T10:41:15Z,0,29.872,73.6,57,67.2,7,8,254,69,0.0,255,32767,0.0,2127-15-31,0.0,0.16,26.24,0.0,0.0,0.0,0,4.828125,6,84,05:49,20:11,2025-05-12 10:41:15.585608,Città della Scienza,61.1,17.450352,10.93917,15.895748,12.678454,EU EEA Common AQI,70.5,15.848069,9.88693,7200,12.246377,100,100,60.8,11.33913,Very Low,70.8,16.045565,100,1747045800,Very Low,12.7165985,17.222979,Very Low,17.302906,56.7,14.782609,100,1747045800,14.173913
2025-05-12T10:41:26Z,0,29.872,73.6,57,67.2,5,8,254,69,0.0,255,32767,0.0,2127-15-31,0.0,0.16,26.24,0.0,0.0,0.0,0,4.828125,6,84,05:49,20:11,2025-05-12 10:41:26.659596,Città della Scienza,61.1,17.450352,10.93917,15.895748,12.678454,EU EEA Common AQI,70.5,15.848069,9.88693,7200,12.246377,100,100,60.8,11.33913,Very Low,70.8,16.045565,100,1747045800,Very Low,12.7165985,17.222979,Very Low,17.302906,56.7,14.782609,100,1747045800,14.173913
2025-05-12T10:41:37Z,0,29.874,73.6,57,67.2,8,8,246,69,0.0,255,32767,0.0,2127-15-31,0.0,0.16,26.24,0.0,0.0,0.0,0,4.828125,6,84,05:49,20:11,2025-05-12 10:41:37.757591,Città della Scienza,61.1,17.450352,10.93917,15.895748,12.678454,EU EEA Common AQI,70.5,15.848069,9.88693,7200,12.246377,100,100,60.8,11.33913,Very Low,70.8,16.045565,100,1747045800,Very Low,12.7165985,17.222979,Very Low,17.302906,56.7,14.782609,100,1747045800,14.173913
2025-05-12T10:41:49Z,0,29.874,73.6,57,67.2,9,8,238,69,0.0,255,32767,0.0,2127-15-31,0.0,0.16,26.24,0.0,0.0,0.0,0,4.828125,6,84,05:49,20:11,2025-05-12 10:41:48.839601,Città della Scienza,61.1,17.450352,10.93917,15.895748,12.678454,EU EEA Common AQI,70.5,15.848069,9.88693,7200,12.246377,100,100,60.8,11.33913,Very Low,70.8,16.045565,100,1747045800,Very Low,12.7165985,17.222979,Very Low,17.302906,56.7,14.782609,100,1747045800,14.173913
2025-05-12T10:42:00Z,0,29.874,73.6,57,67.3,9,8,236,69,0.0,255,32767,0.0,2127-15-31,0.0,0.16,26.24,0.0,0.0,0.0,0,4.828125,6,84,05:49,20:11,2025-05-12 10:41:59.954597,Città della Scienza,61.1,17.450352,10.93917,15.895748,12.678454,EU EEA Common AQI,70.5,15.848069,9.88693,7200,12.246377,100,100,60.8,11.33913,Very Low,70.8,16.045565,100,1747045800,Very Low,12.7165985,17.222979,Very Low,17.302906,56.7,14.782609,100,1747045800,14.173913
2025-05-12T10:42:11Z,0,29.874,73.6,57,67.3,7,8,237,69,0.0,255,32767,0.0,2127-15-31,0.0,0.16,26.24,0.0,0.0,0.0,0,4.828125,6,84,05:49,20:11,2025-05-12 10:42:11.072602,Città della Scienza,61.1,17.450352,10.93917,15.895748,12.678454,EU EEA Common AQI,70.5,15.848069,9.88693,7200,12.246377,100,100,60.8,11.33913,Very Low,70.8,16.045565,100,1747045800,Very Low,12.7165985,17.222979,Very Low,17.302906,56.7,14.782609,100,1747045800,14.173913
2025-05-12T10:42:22Z,0,29.874,73.6,57,67.3,8,8,257,69,0.0,255,32767,0.0,2127-15-31,0.0,0.16,26.24,0.0,0.0,0.0,0,4.828125,6,84,05:49,20:11,2025-05-12 10:42:22.125560,Città della Scienza,61.1,17.450352,10.93917,15.895748,12.678454,EU EEA Common AQI,70.5,15.848069,9.88693,7200,12.246377,100,100,60.8,11.33913,Very Low,70.8,16.045565,100,1747045800,Very Low,12.7165985,17.222979,Very Low,17.302906,56.7,14.782609,100,1747045800,14.173913
2025-05-12T10:42:33Z,0,29.874,73.6,57,67.3,9,8,238,69,0.0,255,32767,0.0,2127-15-31,0.0,0.16,26.24,0.0,0.0,0.0,0,4.828125,6,84,05:49,20:11,2025-05-12 10:42:33.205595,Città della Scienza,61.1,17.450352,10.93917,15.895748,12.678454,EU EEA Common AQI,70.5,15.848069,9.88693,7200,12.246377,100,100,60.8,11.33913,Very Low,70.8,16.045565,100,1747045800,Very Low,12.7165985,17.222979,Very Low,17.302906,56.7,14.782609,100,1747045800,14.173913
2025-05-12T10:42:44Z,0,29.874,73.6,57,67.3,10,8,243,69,0.0,255,32767,0.0,2127-15-31,0.0,0.16,26.24,0.0,0.0,0.0,0,4.828125,6,84,05:49,20:11,2025-05-12 10:42:44.294595,Città della Scienza,61.1,17.450352,10.93917,15.895748,12.678454,EU EEA Common AQI,70.5,15.848069,9.88693,7200,12.246377,100,100,60.8,11.33913,Very Low,70.8,16.045565,100,1747045800,Very Low,12.7165985,17.222979,Very Low,17.302906,56.7,14.782609,100,1747045800,14.173913
2025-05-12T10:42:55Z,0,29.874,73.6,57,67.4,11,8,238,69,0.0,255,32767,0.0,2127-15-31,0.0,0.16,26.24,0.0,0.0,0.0,0,4.828125,6,84,05:49,20:11,2025-05-12 10:42:55.366609,Città della Scienza,61.1,17.450352,10.93917,15.895748,12.678454,EU EEA Common AQI,70.5,15.848069,9.88693,7200,12.246377,100,100,60.8,11.33913,Very Low,70.8,16.045565,100,1747045800,Very Low,12.7165985,17.222979,Very Low,17.302906,56.7,14.782609,100,1747045800,14.173913
2025-05-12T10:43:06Z,0,29.874,73.6,57,67.4,11,8,241,70,0.0,255,32767,0.0,2127-15-31,0.0,0.16,26.24,0.0,0.0,0.0,0,4.828125,6,84,05:49,20:11,2025-05-12 10:43:06.464603,Città della Scienza,61.1,17.450352,10.93917,15.895748,12.678454,EU EEA Common AQI,70.5,15.848069,9.88693,7200,12.246377,100,100,60.8,11.33913,Very Low,70.8,16.045565,100,1747045800,Very Low,12.7165985,17.222979,Very Low,17.302906,56.7,14.782609,100,1747045800,14.173913
2025-05-12T10:43:17Z,0,29.874,73.6,57,67.3,11,8,225,70,0.0,255,32767,0.0,2127-15-31,0.0,0.16,26.24,0.0,0.0,0.0,0,4.828125,6,84,05:49,20:11,2025-05-12 10:43:17.578594,Città della Scienza,61.1,17.450352,10.93917,15.895748,12.678454,EU EEA Common AQI,70.5,15.848069,9.88693,7200,12.246377,100,100,60.8,11.33913,Very Low,70.8,16.045565,100,1747045800,Very Low,12.7165985,17.222979,Very Low,17.302906,56.7,14.782609,100,1747045800,14.173913
2025-05-12T10:43:28Z,0,29.874,73.6,57,67.3,11,8,238,70,0.0,255,32767,0.0,2127-15-31,0.0,0.16,26.24,0.0,0.0,0.0,0,4.828125,6,84,05:49,20:11,2025-05-12 10:43:28.652612,Città della Scienza,61.1,17.450352,10.93917,15.895748,12.678454,EU EEA Common AQI,70.5,15.848069,9.88693,7200,12.246377,100,100,60.8,11.33913,Very Low,70.8,16.045565,100,1747045800,Very Low,12.7165985,17.222979,Very Low,17.302906,56.7,14.782609,100,1747045800,14.173913
2025-05-12T10:43:39Z,0,29.874,73.6,57,67.3,9,8,246,70,0.0,255,32767,0.0,2127-15-31,0.0,0.16,26.24,0.0,0.0,0.0,0,4.828125,6,84,05:49,20:11,2025-05-12 10:43:39.744601,Città della Scienza,61.1,17.450352,10.93917,15.895748,12.678454,EU EEA Common AQI,70.5,15.848069,9.88693,7200,12.246377,100,100,60.8,11.33913,Very Low,70.8,16.045565,100,1747045800,Very Low,12.7165985,17.222979,Very Low,17.302906,56.7,14.782609,100,1747045800,14.173913
2025-05-12T10:43:51Z,0,29.874,73.6,57,67.3,8,8,244,69,0.0,255,32767,0.0,2127-15-31,0.0,0.16,26.24,0.0,0.0,0.0,0,4.828125,6,84,05:49,20:11,2025-05-12 10:43:50.837595,Città della Scienza,61.1,17.450352,10.93917,15.895748,12.678454,EU EEA Common AQI,70.5,15.848069,9.88693,7200,12.246377,100,100,60.8,11.33913,Very Low,70.8,16.045565,100,1747045800,Very Low,12.7165985,17.222979,Very Low,17.302906,56.7,14.782609,100,1747045800,14.173913
2025-05-12T10:44:02Z,0,29.874,73.6,57,67.3,10,8,237,69,0.0,255,32767,0.0,2127-15-31,0.0,0.16,26.24,0.0,0.0,0.0,0,4.828125,6,84,05:49,20:11,2025-05-12 10:44:01.906594,Città della Scienza,61.1,17.450352,10.93917,15.895748,12.678454,EU EEA Common AQI,70.5,15.848069,9.88693,7200,12.246377,100,100,60.8,11.33913,Very Low,70.8,16.045565,100,1747045800,Very Low,12.7165985,17.222979,Very Low,17.302906,56.7,14.782609,100,1747045800,14.173913
2025-05-12T10:44:13Z,0,29.874,73.6,57,67.3,10,8,232,69,0.0,255,32767,0.0,2127-15-31,0.0,0.16,26.24,0.0,0.0,0.0,0,4.828125,6,84,05:49,20:11,2025-05-12 10:44:12.968588,Città della Scienza,61.1,17.450352,10.93917,15.895748,12.678454,EU EEA Common AQI,70.5,15.848069,9.88693,7200,12.246377,100,100,60.8,11.33913,Very Low,70.8,16.045565,100,1747045800,Very Low,12.7165985,17.222979,Very Low,17.302906,56.7,14.782609,100,1747045800,14.173913
2025-05-12T10:44:24Z,0,29.874,73.6,57,67.3,9,8,251,69,0.0,255,32767,0.0,2127-15-31,0.0,0.16,26.24,0.0,0.0,0.0,0,4.828125,6,84,05:49,20:11,2025-05-12 10:44:24.096590,Città della Scienza,61.1,17.450352,10.93917,15.895748,12.678454,EU EEA Common AQI,70.5,15.848069,9.88693,7200,12.246377,100,100,60.8,11.33913,Very Low,70.8,16.045565,100,1747045800,Very Low,12.7165985,17.222979,Very Low,17.302906,56.7,14.782609,100,1747045800,14.173913
2025-05-12T10:44:35Z,0,29.873,73.7,57,67.3,9,9,252,69,0.0,255,32767,0.0,2127-15-31,0.0,0.16,26.24,0.0,0.0,0.0,0,4.828125,6,84,05:49,20:11,2025-05-12 10:44:35.164599,Città della Scienza,61.1,17.450352,10.93917,15.895748,12.678454,EU EEA Common AQI,70.5,15.848069,9.88693,7200,12.246377,100,100,60.8,11.33913,Very Low,70.8,16.045565,100,1747045800,Very Low,12.7165985,17.222979,Very Low,17.302906,56.7,14.782609,100,1747045800,14.173913
2025-05-12T10:44:46Z,0,29.873,73.7,57,67.3,10,9,243,69,0.0,255,32767,0.0,2127-15-31,0.0,0.16,26.24,0.0,0.0,0.0,0,4.828125,6,84,05:49,20:11,2025-05-12 10:44:46.220597,Città della Scienza,61.1,17.450352,10.93917,15.895748,12.678454,EU EEA Common AQI,70.5,15.848069,9.88693,7200,12.246377,100,100,60.8,11.33913,Very Low,70.8,16.045565,100,1747045800,Very Low,12.7165985,17.222979,Very Low,17.302906,56.7,14.782609,100,1747045800,14.173913
2025-05-12T10:44:57Z,0,29.873,73.7,57,67.3,10,9,240,69,0.0,255,32767,0.0,2127-15-31,0.0,0.16,26.24,0.0,0.0,0.0,0,4.828125,6,84,05:49,20:11,2025-05-12 10:44:57.245592,Città della Scienza,61.1,17.450352,10.93917,15.895748,12.678454,EU EEA Common AQI,70.5,15.848069,9.88693,7200,12.246377,100,100,60.8,11.33913,Very Low,70.8,16.045565,100,1747045800,Very Low,12.7165985,17.222979,Very Low,17.302906,56.7,14.782609,100,1747045800,14.173913
2025-05-12T10:45:08Z,0,29.873,73.7,57,67.3,9,9,239,69,0.0,255,32767,0.0,2127-15-31,0.0,0.16,26.24,0.0,0.0,0.0,0,4.828125,6,84,05:49,20:11,2025-05-12 10:45:08.314592,Città della Scienza,61.1,17.450352,10.93917,15.895748,12.678454,EU EEA Common AQI,70.5,15.848069,9.88693,7200,12.246377,100,100,60.8,11.33913,Very Low,70.8,16.045565,100,1747045800,Very Low,12.7165985,17.222979,Very Low,17.302906,56.7,14.782609,100,1747045800,14.173913
2025-05-12T10:45:19Z,0,29.873,73.7,57,67.3,10,9,240,69,0.0,255,32767,0.0,2127-15-31,0.0,0.16,26.24,0.0,0.0,0.0,0,4.828125,6,84,05:49,20:11,2025-05-12 10:45:19.422556,Città della Scienza,61.1,17.450352,10.93917,15.895748,12.678454,EU EEA Common AQI,70.5,15.848069,9.88693,7200,12.246377,100,100,60.8,11.33913,Very Low,70.8,16.045565,100,1747045800,Very Low,12.7165985,17.222979,Very Low,17.302906,56.7,14.782609,100,1747045800,14.173913
2025-05-12T10:45:30Z,0,29.873,73.7,57,67.3,9,9,236,69,0.0,255,32767,0.0,2127-15-31,0.0,0.16,26.24,0.0,0.0,0.0,0,4.828125,6,84,05:49,20:11,2025-05-12 10:45:30.497599,Città della Scienza,62.3,17.168869,10.955033,14.230566,12.221809,EU EEA Common AQI,70.9,15.277262,9.901864,7200,13.043478,100,100,61.4,12.313043,Very Low,71.1,15.804228,100,1747046700,Very Low,11.384452,16.576921,Very Low,15.40547,57.6,18.942028,100,1747046700,15.391304
2025-05-12T10:45:41Z,0,29.871,73.6,57,67.3,10,9,242,69,0.0,255,32767,0.0,2127-15-31,0.0,0.16,26.24,0.0,0.0,0.0,0,4.828125,6,84,05:49,20:11,2025-05-12 10:45:41.554598,Città della Scienza,62.3,17.168869,10.955033,14.230566,12.221809,EU EEA Common AQI,70.9,15.277262,9.901864,7200,13.043478,100,100,61.4,12.313043,Very Low,71.1,15.804228,100,1747046700,Very Low,11.384452,16.576921,Very Low,15.40547,57.6,18.942028,100,1747046700,15.391304
2025-05-12T10:45:52Z,0,29.871,73.6,57,67.3,10,9,233,69,0.0,255,32767,0.0,2127-15-31,0.0,0.16,26.24,0.0,0.0,0.0,0,4.828125,6,84,05:49,20:11,2025-05-12 10:45:52.665597,Città della Scienza,62.3,17.168869,10.955033,14.230566,12.221809,EU EEA Common AQI,70.9,15.277262,9.901864,7200,13.043478,100,100,61.4,12.313043,Very Low,71.1,15.804228,100,1747046700,Very Low,11.384452,16.576921,Very Low,15.40547,57.6,18.942028,100,1747046700,15.391304
2025-05-12T10:46:03Z,0,29.871,73.6,57,67.2,8,9,245,69,0.0,255,32767,0.0,2127-15-31,0.0,0.16,26.24,0.0,0.0,0.0,0,4.828125,6,84,05:49,20:11,2025-05-12 10:46:03.743595,Città della Scienza,62.3,17.168869,10.955033,14.230566,12.221809,EU EEA Common AQI,70.9,15.277262,9.901864,7200,13.043478,100,100,61.4,12.313043,Very Low,71.1,15.804228,100,1747046700,Very Low,11.384452,16.576921,Very Low,15.40547,57.6,18.942028,100,1747046700,15.391304
2025-05-12T10:46:15Z,0,29.871,73.6,57,67.3,8,9,246,69,0.0,255,32767,0.0,2127-15-31,0.0,0.16,26.24,0.0,0.0,0.0,0,4.828125,6,84,05:49,20:11,2025-05-12 10:46:14.895598,Città della Scienza,62.3,17.168869,10.955033,14.230566,12.221809,EU EEA Common AQI,70.9,15.277262,9.901864,7200,13.043478,100,100,61.4,12.313043,Very Low,71.1,15.804228,100,1747046700,Very Low,11.384452,16.576921,Very Low,15.40547,57.6,18.942028,100,1747046700,15.391304
2025-05-12T10:46:26Z,0,29.871,73.6,57,67.3,8,9,223,69,0.0,255,32767,0.0,2127-15-31,0.0,0.16,26.24,0.0,0.0,0.0,0,4.828125,6,84,05:49,20:11,2025-05-12 10:46:25.963599,Città della Scienza,62.3,17.168869,10.955033,14.230566,12.221809,EU EEA Common AQI,70.9,15.277262,9.901864,7200,13.043478,100,100,61.4,12.313043,Very Low,71.1,15.804228,100,1747046700,Very Low,11.384452,16.576921,Very Low,15.40547,57.6,18.942028,100,1747046700,15.391304
2025-05-12T10:46:37Z,0,29.873,73.7,57,67.3,7,9,250,70,0.0,255,32767,0.0,2127-15-31,0.0,0.16,26.24,0.0,0.0,0.0,0,4.828125,6,84,05:49,20:11,2025-05-12 10:46:37.071601,Città della Scienza,62.3,17.168869,10.955033,14.230566,12.221809,EU EEA Common AQI,70.9,15.277262,9.901864,7200,13.043478,100,100,61.4,12.313043,Very Low,71.1,15.804228,100,1747046700,Very Low,11.384452,16.576921,Very Low,15.40547,57.6,18.942028,100,1747046700,15.391304
2025-05-12T10:46:48Z,0,29.873,73.7,57,67.3,7,9,229,70,0.0,255,32767,0.0,2127-15-31,0.0,0.16,26.24,0.0,0.0,0.0,0,4.828125,6,84,05:49,20:11,2025-05-12 10:46:48.146600,Città della Scienza,62.3,17.168869,10.955033,14.230566,12.221809,EU EEA Common AQI,70.9,15.277262,9.901864,7200,13.043478,100,100,61.4,12.313043,Very Low,71.1,15.804228,100,1747046700,Very Low,11.384452,16.576921,Very Low,15.40547,57.6,18.942028,100,1747046700,15.391304
2025-05-12T10:46:59Z,0,29.873,73.7,57,67.3,7,9,232,70,0.0,255,32767,0.0,2127-15-31,0.0,0.16,26.24,0.0,0.0,0.0,0,4.828125,6,84,05:49,20:11,2025-05-12 10:46:59.239571,Città della Scienza,62.3,17.168869,10.955033,14.230566,12.221809,EU EEA Common AQI,70.9,15.277262,9.901864,7200,13.043478,100,100,61.4,12.313043,Very Low,71.1,15.804228,100,1747046700,Very Low,11.384452,16.576921,Very Low,15.40547,57.6,18.942028,100,1747046700,15.391304
2025-05-12T10:47:10Z,0,29.873,73.7,57,67.3,6,9,240,70,0.0,255,32767,0.0,2127-15-31,0.0,0.16,26.24,0.0,0.0,0.0,0,4.828125,6,84,05:49,20:11,2025-05-12 10:47:10.310557,Città della Scienza,62.3,17.168869,10.955033,14.230566,12.221809,EU EEA Common AQI,70.9,15.277262,9.901864,7200,13.043478,100,100,61.4,12.313043,Very Low,71.1,15.804228,100,1747046700,Very Low,11.384452,16.576921,Very Low,15.40547,57.6,18.942028,100,1747046700,15.391304
2025-05-12T10:47:21Z,0,29.873,73.7,57,67.4,11,9,237,70,0.0,255,32767,0.0,2127-15-31,0.0,0.16,26.24,0.0,0.0,0.0,0,4.828125,6,84,05:49,20:11,2025-05-12 10:47:21.364596,Città della Scienza,62.3,17.168869,10.955033,14.230566,12.221809,EU EEA Common AQI,70.9,15.277262,9.901864,7200,13.043478,100,100,61.4,12.313043,Very Low,71.1,15.804228,100,1747046700,Very Low,11.384452,16.576921,Very Low,15.40547,57.6,18.942028,100,1747046700,15.391304
2025-05-12T10:47:32Z,0,29.873,73.7,57,67.4,10,9,244,70,0.0,255,32767,0.0,2127-15-31,0.0,0.16,26.24,0.0,0.0,0.0,0,4.828125,6,84,05:49,20:11,2025-05-12 10:47:32.442596,Città della Scienza,62.3,17.168869,10.955033,14.230566,12.221809,EU EEA Common AQI,70.9,15.277262,9.901864,7200,13.043478,100,100,61.4,12.313043,Very Low,71.1,15.804228,100,1747046700,Very Low,11.384452,16.576921,Very Low,15.40547,57.6,18.942028,100,1747046700,15.391304
2025-05-12T10:47:43Z,0,29.87,73.7,57,67.4,10,9,240,70,0.0,255,32767,0.0,2127-15-31,0.0,0.16,26.24,0.0,0.0,0.0,0,4.828125,6,84,05:49,20:11,2025-05-12 10:47:43.510592,Città della Scienza,62.3,17.168869,10.955033,14.230566,12.221809,EU EEA Common AQI,70.9,15.277262,9.901864,7200,13.043478,100,100,61.4,12.313043,Very Low,71.1,15.804228,100,1747046700,Very Low,11.384452,16.576921,Very Low,15.40547,57.6,18.942028,100,1747046700,15.391304
2025-05-12T10:47:54Z,0,29.87,73.7,57,67.4,9,9,244,70,0.0,255,32767,0.0,2127-15-31,0.0,0.16,26.24,0.0,0.0,0.0,0,4.828125,6,84,05:49,20:11,2025-05-12 10:47:54.599611,Città della Scienza,62.3,17.168869,10.955033,14.230566,12.221809,EU EEA Common AQI,70.9,15.277262,9.901864,7200,13.043478,100,100,61.4,12.313043,Very Low,71.1,15.804228,100,1747046700,Very Low,11.384452,16.576921,Very Low,15.40547,57.6,18.942028,100,1747046700,15.391304
2025-05-12T10:48:05Z,0,29.87,73.7,57,67.4,9,9,246,70,0.0,255,32767,0.0,2127-15-31,0.0,0.16,26.24,0.0,0.0,0.0,0,4.828125,6,84,05:49,20:11,2025-05-12 10:48:05.674587,Città della Scienza,62.3,17.168869,10.955033,14.230566,12.221809,EU EEA Common AQI,70.9,15.277262,9.901864,7200,13.043478,100,100,61.4,12.313043,Very Low,71.1,15.804228,100,1747046700,Very Low,11.384452,16.576921,Very Low,15.40547,57.6,18.942028,100,1747046700,15.391304
2025-05-12T10:48:16Z,0,29.87,73.7,57,67.5,8,9,249,69,0.0,255,32767,0.0,2127-15-31,0.0,0.16,26.24,0.0,0.0,0.0,0,4.828125,6,84,05:49,20:11,2025-05-12 10:48:16.760594,Città della Scienza,62.3,17.168869,10.955033,14.230566,12.221809,EU EEA Common AQI,70.9,15.277262,9.901864,7200,13.043478,100,100,61.4,12.313043,Very Low,71.1,15.804228,100,1747046700,Very Low,11.384452,16.576921,Very Low,15.40547,57.6,18.942028,100,1747046700,15.391304
2025-05-12T10:48:28Z,0,29.87,73.7,57,67.4,8,9,245,69,0.0,255,32767,0.0,2127-15-31,0.0,0.16,26.24,0.0,0.0,0.0,0,4.828125,6,84,05:49,20:11,2025-05-12 10:48:27.834565,Città della Scienza,62.3,17.168869,10.955033,14.230566,12.221809,EU EEA Common AQI,70.9,15.277262,9.901864,7200,13.043478,100,100,61.4,12.313043,Very Low,71.1,15.804228,100,1747046700,Very Low,11.384452,16.576921,Very Low,15.40547,57.6,18.942028,100,1747046700,15.391304
2025-05-12T10:48:39Z,0,29.872,73.7,57,67.4,10,9,239,69,0.0,255,32767,0.0,2127-15-31,0.0,0.16,26.24,0.0,0.0,0.0,0,4.828125,6,84,05:49,20:11,2025-05-12 10:48:38.931594,Città della Scienza,62.3,17.168869,10.955033,14.230566,12.221809,EU EEA Common AQI,70.9,15.277262,9.901864,7200,13.043478,100,100,61.4,12.313043,Very Low,71.1,15.804228,100,1747046700,Very Low,11.384452,16.576921,Very Low,15.40547,57.6,18.942028,100,1747046700,15.391304
2025-05-12T10:48:50Z,0,29.872,73.7,57,67.4,9,9,236,69,0.0,255,32767,0.0,2127-15-31,0.0,0.16,26.24,0.0,0.0,0.0,0,4.828125,6,84,05:49,20:11,2025-05-12 10:48:50.029589,Città della Scienza,62.3,17.168869,10.955033,14.230566,12.221809,EU EEA Common AQI,70.9,15.277262,9.901864,7200,13.043478,100,100,61.4,12.313043,Very Low,71.1,15.804228,100,1747046700,Very Low,11.384452,16.576921,Very Low,15.40547,57.6,18.942028,100,1747046700,15.391304
2025-05-12T10:49:01Z,0,29.872,73.7,57,67.5,7,9,236,69,0.0,255,32767,0.0,2127-15-31,0.0,0.16,26.24,0.0,0.0,0.0,0,4.828125,6,84,05:49,20:11,2025-05-12 10:49:01.096596,Città della Scienza,62.3,17.168869,10.955033,14.230566,12.221809,EU EEA Common AQI,70.9,15.277262,9.901864,7200,13.043478,100,100,61.4,12.313043,Very Low,71.1,15.804228,100,1747046700,Very Low,11.384452,16.576921,Very Low,15.40547,57.6,18.942028,100,1747046700,15.391304
2025-05-12T10:49:12Z,0,29.872,73.7,57,67.4,10,9,244,70,0.0,255,32767,0.0,2127-15-31,0.0,0.16,26.24,0.0,0.0,0.0,0,4.828125,6,84,05:49,20:11,2025-05-12 10:49:12.189613,Città della Scienza,62.3,17.168869,10.955033,14.230566,12.221809,EU EEA Common AQI,70.9,15.277262,9.901864,7200,13.043478,100,100,61.4,12.313043,Very Low,71.1,15.804228,100,1747046700,Very Low,11.384452,16.576921,Very Low,15.40547,57.6,18.942028,100,1747046700,15.391304
2025-05-12T10:49:23Z,0,29.872,73.7,57,67.5,10,9,237,70,0.0,255,32767,0.0,2127-15-31,0.0,0.16,26.24,0.0,0.0,0.0,0,4.828125,6,84,05:49,20:11,2025-05-12 10:49:23.284597,Città della Scienza,62.3,17.168869,10.955033,14.230566,12.221809,EU EEA Common AQI,70.9,15.277262,9.901864,7200,13.043478,100,100,61.4,12.313043,Very Low,71.1,15.804228,100,1747046700,Very Low,11.384452,16.576921,Very Low,15.40547,57.6,18.942028,100,1747046700,15.391304
2025-05-12T10:49:34Z,0,29.872,73.7,57,67.5,8,9,257,70,0.0,255,32767,0.0,2127-15-31,0.0,0.16,26.24,0.0,0.0,0.0,0,4.828125,6,84,05:49,20:11,2025-05-12 10:49:34.335562,Città della Scienza,62.3,17.168869,10.955033,14.230566,12.221809,EU EEA Common AQI,70.9,15.277262,9.901864,7200,13.043478,100,100,61.4,12.313043,Very Low,71.1,15.804228,100,1747046700,Very Low,11.384452,16.576921,Very Low,15.40547,57.6,18.942028,100,1747046700,15.391304
2025-05-12T10:49:45Z,0,29.872,73.7,57,67.5,10,9,242,70,0.0,255,32767,0.0,2127-15-31,0.0,0.16,26.24,0.0,0.0,0.0,0,4.828125,6,84,05:49,20:11,2025-05-12 10:49:45.387609,Città della Scienza,62.3,17.168869,10.955033,14.230566,12.221809,EU EEA Common AQI,70.9,15.277262,9.901864,7200,13.043478,100,100,61.4,12.313043,Very Low,71.1,15.804228,100,1747046700,Very Low,11.384452,16.576921,Very Low,15.40547,57.6,18.942028,100,1747046700,15.391304
2025-05-12T10:49:56Z,0,29.872,73.7,57,67.4,7,9,248,70,0.0,255,32767,0.0,2127-15-31,0.0,0.16,26.24,0.0,0.0,0.0,0,4.828125,6,84,05:49,20:11,2025-05-12 10:49:56.489581,Città della Scienza,62.3,17.168869,10.955033,14.230566,12.221809,EU EEA Common AQI,70.9,15.277262,9.901864,7200,13.043478,100,100,61.4,12.313043,Very Low,71.1,15.804228,100,1747046700,Very Low,11.384452,16.576921,Very Low,15.40547,57.6,18.942028,100,1747046700,15.391304
2025-05-12T10:50:07Z,0,29.872,73.7,57,67.4,9,9,234,70,0.0,255,32767,0.0,2127-15-31,0.0,0.16,26.24,0.0,0.0,0.0,0,4.828125,6,84,05:49,20:11,2025-05-12 10:50:07.637619,Città della Scienza,62.3,17.168869,10.955033,14.230566,12.221809,EU EEA Common AQI,70.9,15.277262,9.901864,7200,13.043478,100,100,61.4,12.313043,Very Low,71.1,15.804228,100,1747046700,Very Low,11.384452,16.576921,Very Low,15.40547,57.6,18.942028,100,1747046700,15.391304
2025-05-12T10:50:18Z,0,29.872,73.7,57,67.4,8,9,249,70,0.0,255,32767,0.0,2127-15-31,0.0,0.16,26.24,0.0,0.0,0.0,0,4.828125,6,84,05:49,20:11,2025-05-12 10:50:18.733611,Città della Scienza,62.3,17.168869,10.955033,14.230566,12.221809,EU EEA Common AQI,70.9,15.277262,9.901864,7200,13.043478,100,100,61.4,12.313043,Very Low,71.1,15.804228,100,1747046700,Very Low,11.384452,16.576921,Very Low,15.40547,57.6,18.942028,100,1747046700,15.391304
2025-05-12T10:50:30Z,0,29.872,73.7,57,67.4,8,9,219,70,0.0,255,32767,0.0,2127-15-31,0.0,0.16,26.24,0.0,0.0,0.0,0,4.828125,6,84,05:49,20:11,2025-05-12 10:50:29.832596,Città della Scienza,62.3,17.168869,10.955033,14.230566,12.221809,EU EEA Common AQI,70.9,15.277262,9.901864,7200,13.043478,100,100,61.4,12.313043,Very Low,71.1,15.804228,100,1747046700,Very Low,11.384452,16.576921,Very Low,15.40547,57.6,18.942028,100,1747046700,15.391304
2025-05-12T10:50:41Z,0,29.872,73.7,57,67.4,6,9,241,70,0.0,255,32767,0.0,2127-15-31,0.0,0.16,26.24,0.0,0.0,0.0,0,4.828125,6,84,05:49,20:11,2025-05-12 10:50:40.905593,Città della Scienza,62.3,17.168869,10.955033,14.230566,12.221809,EU EEA Common AQI,70.9,15.277262,9.901864,7200,13.043478,100,100,61.4,12.313043,Very Low,71.1,15.804228,100,1747046700,Very Low,11.384452,16.576921,Very Low,15.40547,57.6,18.942028,100,1747046700,15.391304
2025-05-12T10:50:52Z,0,29.872,73.7,57,67.4,6,9,233,70,0.0,255,32767,0.0,2127-15-31,0.0,0.16,26.24,0.0,0.0,0.0,0,4.828125,6,84,05:49,20:11,2025-05-12 10:50:51.969587,Città della Scienza,62.3,17.168869,10.955033,14.230566,12.221809,EU EEA Common AQI,70.9,15.277262,9.901864,7200,13.043478,100,100,61.4,12.313043,Very Low,71.1,15.804228,100,1747046700,Very Low,11.384452,16.576921,Very Low,15.40547,57.6,18.942028,100,1747046700,15.391304
2025-05-12T10:51:03Z,0,29.872,73.7,57,67.4,4,9,230,70,0.0,255,32767,0.0,2127-15-31,0.0,0.16,26.24,0.0,0.0,0.0,0,4.828125,6,84,05:49,20:11,2025-05-12 10:51:03.047591,Città della Scienza,62.3,17.168869,10.955033,14.230566,12.221809,EU EEA Common AQI,70.9,15.277262,9.901864,7200,13.043478,100,100,61.4,12.313043,Very Low,71.1,15.804228,100,1747046700,Very Low,11.384452,16.576921,Very Low,15.40547,57.6,18.942028,100,1747046700,15.391304
2025-05-12T10:51:14Z,0,29.872,73.7,57,67.4,8,9,230,70,0.0,255,32767,0.0,2127-15-31,0.0,0.16,26.24,0.0,0.0,0.0,0,4.828125,6,84,05:49,20:11,2025-05-12 10:51:14.129603,Città della Scienza,62.3,17.168869,10.955033,14.230566,12.221809,EU EEA Common AQI,70.9,15.277262,9.901864,7200,13.043478,100,100,61.4,12.313043,Very Low,71.1,15.804228,100,1747046700,Very Low,11.384452,16.576921,Very Low,15.40547,57.6,18.942028,100,1747046700,15.391304
2025-05-12T10:51:25Z,0,29.872,73.7,57,67.5,7,9,248,70,0.0,255,32767,0.0,2127-15-31,0.0,0.16,26.24,0.0,0.0,0.0,0,4.828125,6,84,05:49,20:11,2025-05-12 10:51:25.216603,Città della Scienza,62.3,17.168869,10.955033,14.230566,12.221809,EU EEA Common AQI,70.9,15.277262,9.901864,7200,13.043478,100,100,61.4,12.313043,Very Low,71.1,15.804228,100,1747046700,Very Low,11.384452,16.576921,Very Low,15.40547,57.6,18.942028,100,1747046700,15.391304
2025-05-12T10:51:36Z,0,29.87,73.8,57,67.5,6,9,261,70,0.0,255,32767,0.0,2127-15-31,0.0,0.16,26.24,0.0,0.0,0.0,0,4.828125,6,84,05:49,20:11,2025-05-12 10:51:36.337594,Città della Scienza,62.3,17.168869,10.955033,14.230566,12.221809,EU EEA Common AQI,70.9,15.277262,9.901864,7200,13.043478,100,100,61.4,12.313043,Very Low,71.1,15.804228,100,1747046700,Very Low,11.384452,16.576921,Very Low,15.40547,57.6,18.942028,100,1747046700,15.391304
2025-05-12T10:51:47Z,0,29.87,73.8,57,67.5,5,9,246,70,0.0,255,32767,0.0,2127-15-31,0.0,0.16,26.24,0.0,0.0,0.0,0,4.828125,6,84,05:49,20:11,2025-05-12 10:51:47.390608,Città della Scienza,62.3,17.168869,10.955033,14.230566,12.221809,EU EEA Common AQI,70.9,15.277262,9.901864,7200,13.043478,100,100,61.4,12.313043,Very Low,71.1,15.804228,100,1747046700,Very Low,11.384452,16.576921,Very Low,15.40547,57.6,18.942028,100,1747046700,15.391304
2025-05-12T10:51:58Z,0,29.87,73.8,57,67.6,7,9,249,70,0.0,255,32767,0.0,2127-15-31,0.0,0.16,26.24,0.0,0.0,0.0,0,4.828125,6,84,05:49,20:11,2025-05-12 10:51:58.458607,Città della Scienza,62.3,17.168869,10.955033,14.230566,12.221809,EU EEA Common AQI,70.9,15.277262,9.901864,7200,13.043478,100,100,61.4,12.313043,Very Low,71.1,15.804228,100,1747046700,Very Low,11.384452,16.576921,Very Low,15.40547,57.6,18.942028,100,1747046700,15.391304
2025-05-12T10:52:09Z,0,29.87,73.8,57,67.6,6,9,238,70,0.0,255,32767,0.0,2127-15-31,0.0,0.16,26.24,0.0,0.0,0.0,0,4.828125,6,84,05:49,20:11,2025-05-12 10:52:09.536618,Città della Scienza,62.3,17.168869,10.955033,14.230566,12.221809,EU EEA Common AQI,70.9,15.277262,9.901864,7200,13.043478,100,100,61.4,12.313043,Very Low,71.1,15.804228,100,1747046700,Very Low,11.384452,16.576921,Very Low,15.40547,57.6,18.942028,100,1747046700,15.391304
2025-05-12T10:52:20Z,0,29.87,73.8,57,67.6,8,9,247,70,0.0,255,32767,0.0,2127-15-31,0.0,0.16,26.24,0.0,0.0,0.0,0,4.828125,6,84,05:49,20:11,2025-05-12 10:52:20.611605,Città della Scienza,62.3,17.168869,10.955033,14.230566,12.221809,EU EEA Common AQI,70.9,15.277262,9.901864,7200,13.043478,100,100,61.4,12.313043,Very Low,71.1,15.804228,100,1747046700,Very Low,11.384452,16.576921,Very Low,15.40547,57.6,18.942028,100,1747046700,15.391304
2025-05-12T10:52:31Z,0,29.87,73.8,57,67.6,8,9,279,70,0.0,255,32767,0.0,2127-15-31,0.0,0.16,26.24,0.0,0.0,0.0,0,4.828125,6,84,05:49,20:11,2025-05-12 10:52:31.659592,Città della Scienza,62.3,17.168869,10.955033,14.230566,12.221809,EU EEA Common AQI,70.9,15.277262,9.901864,7200,13.043478,100,100,61.4,12.313043,Very Low,71.1,15.804228,100,1747046700,Very Low,11.384452,16.576921,Very Low,15.40547,57.6,18.942028,100,1747046700,15.391304
2025-05-12T10:52:42Z,0,29.87,73.8,57,67.6,9,9,252,70,0.0,255,32767,0.0,2127-15-31,0.0,0.16,26.24,0.0,0.0,0.0,0,4.828125,6,84,05:49,20:11,2025-05-12 10:52:42.756591,Città della Scienza,62.3,17.168869,10.955033,14.230566,12.221809,EU EEA Common AQI,70.9,15.277262,9.901864,7200,13.043478,100,100,61.4,12.313043,Very Low,71.1,15.804228,100,1747046700,Very Low,11.384452,16.576921,Very Low,15.40547,57.6,18.942028,100,1747046700,15.391304
2025-05-12T10:52:54Z,0,29.87,73.8,57,67.6,10,9,240,70,0.0,255,32767,0.0,2127-15-31,0.0,0.16,26.24,0.0,0.0,0.0,0,4.828125,6,84,05:49,20:11,2025-05-12 10:52:53.859600,Città della Scienza,62.3,17.168869,10.955033,14.230566,12.221809,EU EEA Common AQI,70.9,15.277262,9.901864,7200,13.043478,100,100,61.4,12.313043,Very Low,71.1,15.804228,100,1747046700,Very Low,11.384452,16.576921,Very Low,15.40547,57.6,18.942028,100,1747046700,15.391304
2025-05-12T10:53:05Z,0,29.87,73.8,57,67.6,10,9,240,70,0.0,255,32767,0.0,2127-15-31,0.0,0.16,26.24,0.0,0.0,0.0,0,4.828125,6,84,05:49,20:11,2025-05-12 10:53:04.923597,Città della Scienza,62.3,17.168869,10.955033,14.230566,12.221809,EU EEA Common AQI,70.9,15.277262,9.901864,7200,13.043478,100,100,61.4,12.313043,Very Low,71.1,15.804228,100,1747046700,Very Low,11.384452,16.576921,Very Low,15.40547,57.6,18.942028,100,1747046700,15.391304
2025-05-12T10:53:16Z,0,29.87,73.8,57,67.6,8,9,284,70,0.0,255,32767,0.0,2127-15-31,0.0,0.16,26.24,0.0,0.0,0.0,0,4.828125,6,84,05:49,20:11,2025-05-12 10:53:15.981594,Città della Scienza,62.3,17.168869,10.955033,14.230566,12.221809,EU EEA Common AQI,70.9,15.277262,9.901864,7200,13.043478,100,100,61.4,12.313043,Very Low,71.1,15.804228,100,1747046700,Very Low,11.384452,16.576921,Very Low,15.40547,57.6,18.942028,100,1747046700,15.391304
2025-05-12T10:53:27Z,0,29.87,73.8,57,67.6,8,9,238,70,0.0,255,32767,0.0,2127-15-31,0.0,0.16,26.24,0.0,0.0,0.0,0,4.828125,6,84,05:49,20:11,2025-05-12 10:53:27.053593,Città della Scienza,62.3,17.168869,10.955033,14.230566,12.221809,EU EEA Common AQI,70.9,15.277262,9.901864,7200,13.043478,100,100,61.4,12.313043,Very Low,71.1,15.804228,100,1747046700,Very Low,11.384452,16.576921,Very Low,15.40547,57.6,18.942028,100,1747046700,15.391304
2025-05-12T10:53:38Z,0,29.87,73.8,57,67.6,10,8,238,68,0.0,255,32767,0.0,2127-15-31,0.0,0.16,26.24,0.0,0.0,0.0,0,4.828125,6,84,05:49,20:11,2025-05-12 10:53:38.127601,Città della Scienza,62.3,17.168869,10.955033,14.230566,12.221809,EU EEA Common AQI,70.9,15.277262,9.901864,7200,13.043478,100,100,61.4,12.313043,Very Low,71.1,15.804228,100,1747046700,Very Low,11.384452,16.576921,Very Low,15.40547,57.6,18.942028,100,1747046700,15.391304
2025-05-12T10:53:49Z,0,29.87,73.8,57,67.6,6,8,234,68,0.0,255,32767,0.0,2127-15-31,0.0,0.16,26.24,0.0,0.0,0.0,0,4.828125,6,84,05:49,20:11,2025-05-12 10:53:49.242608,Città della Scienza,62.3,17.168869,10.955033,14.230566,12.221809,EU EEA Common AQI,70.9,15.277262,9.901864,7200,13.043478,100,100,61.4,12.313043,Very Low,71.1,15.804228,100,1747046700,Very Low,11.384452,16.576921,Very Low,15.40547,57.6,18.942028,100,1747046700,15.391304
2025-05-12T10:54:00Z,0,29.87,73.8,57,67.6,9,8,239,68,0.0,255,32767,0.0,2127-15-31,0.0,0.16,26.24,0.0,0.0,0.0,0,4.828125,6,84,05:49,20:11,2025-05-12 10:54:00.357606,Città della Scienza,62.3,17.168869,10.955033,14.230566,12.221809,EU EEA Common AQI,70.9,15.277262,9.901864,7200,13.043478,100,100,61.4,12.313043,Very Low,71.1,15.804228,100,1747046700,Very Low,11.384452,16.576921,Very Low,15.40547,57.6,18.942028,100,1747046700,15.391304
2025-05-12T10:54:11Z,0,29.87,73.8,57,67.6,8,8,245,68,0.0,255,32767,0.0,2127-15-31,0.0,0.16,26.24,0.0,0.0,0.0,0,4.828125,6,84,05:49,20:11,2025-05-12 10:54:11.460578,Città della Scienza,62.3,17.168869,10.955033,14.230566,12.221809,EU EEA Common AQI,70.9,15.277262,9.901864,7200,13.043478,100,100,61.4,12.313043,Very Low,71.1,15.804228,100,1747046700,Very Low,11.384452,16.576921,Very Low,15.40547,57.6,18.942028,100,1747046700,15.391304
2025-05-12T10:54:22Z,0,29.87,73.8,57,67.6,8,8,238,68,0.0,255,32767,0.0,2127-15-31,0.0,0.16,26.24,0.0,0.0,0.0,0,4.828125,6,84,05:49,20:11,2025-05-12 10:54:22.511595,Città della Scienza,62.3,17.168869,10.955033,14.230566,12.221809,EU EEA Common AQI,70.9,15.277262,9.901864,7200,13.043478,100,100,61.4,12.313043,Very Low,71.1,15.804228,100,1747046700,Very Low,11.384452,16.576921,Very Low,15.40547,57.6,18.942028,100,1747046700,15.391304
2025-05-12T10:54:33Z,0,29.87,73.9,57,67.6,6,8,233,68,0.0,255,32767,0.0,2127-15-31,0.0,0.16,26.24,0.0,0.0,0.0,0,4.828125,6,84,05:49,20:11,2025-05-12 10:54:33.663607,Città della Scienza,62.3,17.168869,10.955033,14.230566,12.221809,EU EEA Common AQI,70.9,15.277262,9.901864,7200,13.043478,100,100,61.4,12.313043,Very Low,71.1,15.804228,100,1747046700,Very Low,11.384452,16.576921,Very Low,15.40547,57.6,18.942028,100,1747046700,15.391304
2025-05-12T10:54:44Z,0,29.87,73.9,57,67.6,8,8,246,68,0.0,255,32767,0.0,2127-15-31,0.0,0.16,26.24,0.0,0.0,0.0,0,4.828125,6,84,05:49,20:11,2025-05-12 10:54:44.745596,Città della Scienza,62.3,17.168869,10.955033,14.230566,12.221809,EU EEA Common AQI,70.9,15.277262,9.901864,7200,13.043478,100,100,61.4,12.313043,Very Low,71.1,15.804228,100,1747046700,Very Low,11.384452,16.576921,Very Low,15.40547,57.6,18.942028,100,1747046700,15.391304
2025-05-12T10:54:56Z,0,29.87,73.9,57,67.6,8,8,240,68,0.0,255,32767,0.0,2127-15-31,0.0,0.16,26.24,0.0,0.0,0.0,0,4.828125,6,84,05:49,20:11,2025-05-12 10:54:55.888610,Città della Scienza
2025-05-12T10:55:07Z,0,29.87,73.9,57,67.6,8,8,253,68,0.0,255,32767,0.0,2127-15-31,0.0,0.16,26.24,0.0,0.0,0.0,0,4.828125,6,84,05:49,20:11,2025-05-12 10:55:06.964596,Città della Scienza
2025-05-12T10:55:18Z,0,29.87,73.9,57,67.6,6,8,227,68,0.0,255,32767,0.0,2127-15-31,0.0,0.16,26.24,0.0,0.0,0.0,0,4.828125,6,84,05:49,20:11,2025-05-12 10:55:18.037589,Città della Scienza
2025-05-12T10:55:29Z,0,29.87,73.9,57,67.6,6,8,234,68,0.0,255,32767,0.0,2127-15-31,0.0,0.16,26.24,0.0,0.0,0.0,0,4.828125,6,84,05:49,20:11,2025-05-12 10:55:29.127601,Città della Scienza
2025-05-12T10:55:40Z,0,29.871,73.9,57,67.6,10,8,240,68,0.0,255,32767,0.0,2127-15-31,0.0,0.16,26.24,0.0,0.0,0.0,0,4.828125,6,84,05:49,20:11,2025-05-12 10:55:40.229596,Città della Scienza
2025-05-12T10:55:51Z,0,29.871,73.9,57,67.6,6,8,230,68,0.0,255,32767,0.0,2127-15-31,0.0,0.16,26.24,0.0,0.0,0.0,0,4.828125,6,84,05:49,20:11,2025-05-12 10:55:51.355601,Città della Scienza
2025-05-12T10:56:02Z,0,29.871,73.9,57,67.6,9,8,241,68,0.0,255,32767,0.0,2127-15-31,0.0,0.16,26.24,0.0,0.0,0.0,0,4.828125,6,84,05:49,20:11,2025-05-12 10:56:02.402593,Città della Scienza
2025-05-12T10:56:13Z,0,29.871,73.9,57,67.6,7,8,225,68,0.0,255,32767,0.0,2127-15-31,0.0,0.16,26.24,0.0,0.0,0.0,0,4.828125,6,84,05:49,20:11,2025-05-12 10:56:13.449067,Città della Scienza
2025-05-12T10:56:24Z,0,29.871,73.9,57,67.6,7,8,263,68,0.0,255,32767,0.0,2127-15-31,0.0,0.16,26.24,0.0,0.0,0.0,0,4.828125,6,84,05:49,20:11,2025-05-12 10:56:24.496592,Città della Scienza
2025-05-12T10:56:35Z,0,29.87,73.9,57,67.6,11,8,230,68,0.0,255,32767,0.0,2127-15-31,0.0,0.16,26.24,0.0,0.0,0.0,0,4.828125,6,84,05:49,20:11,2025-05-12 10:56:35.589596,Città della Scienza
2025-05-12T10:56:46Z,0,29.87,73.9,57,67.6,9,8,236,68,0.0,255,32767,0.0,2127-15-31,0.0,0.16,26.24,0.0,0.0,0.0,0,4.828125,6,84,05:49,20:11,2025-05-12 10:56:46.676597,Città della Scienza
2025-05-12T10:56:57Z,0,29.87,73.9,57,67.6,8,8,223,68,0.0,255,32767,0.0,2127-15-31,0.0,0.16,26.24,0.0,0.0,0.0,0,4.828125,6,84,05:49,20:11,2025-05-12 10:56:57.762607,Città della Scienza
2025-05-12T10:57:09Z,0,29.87,73.9,57,67.6,7,8,228,68,0.0,255,32767,0.0,2127-15-31,0.0,0.16,26.24,0.0,0.0,0.0,0,4.828125,6,84,05:49,20:11,2025-05-12 10:57:08.822599,Città della Scienza
2025-05-12T10:57:20Z,0,29.87,73.9,57,67.6,6,8,239,68,0.0,255,32767,0.0,2127-15-31,0.0,0.16,26.24,0.0,0.0,0.0,0,4.828125,6,84,05:49,20:11,2025-05-12 10:57:19.879604,Città della Scienza
2025-05-12T10:57:31Z,0,29.87,73.9,57,67.6,7,8,235,68,0.0,255,32767,0.0,2127-15-31,0.0,0.16,26.24,0.0,0.0,0.0,0,4.828125,6,84,05:49,20:11,2025-05-12 10:57:30.942599,Città della Scienza
2025-05-12T10:57:42Z,0,29.87,73.9,57,67.6,9,8,236,68,0.0,255,32767,0.0,2127-15-31,0.0,0.16,26.24,0.0,0.0,0.0,0,4.828125,6,84,05:49,20:11,2025-05-12 10:57:42.029608,Città della Scienza
2025-05-12T10:57:53Z,0,29.87,73.9,57,67.6,9,8,238,68,0.0,255,32767,0.0,2127-15-31,0.0,0.16,26.24,0.0,0.0,0.0,0,4.828125,6,84,05:49,20:11,2025-05-12 10:57:53.128603,Città della Scienza
2025-05-12T10:58:04Z,0,29.87,73.9,57,67.6,6,8,240,68,0.0,255,32767,0.0,2127-15-31,0.0,0.16,26.24,0.0,0.0,0.0,0,4.828125,6,84,05:49,20:11,2025-05-12 10:58:04.238566,Città della Scienza
2025-05-12T10:58:15Z,0,29.87,73.9,57,67.6,7,8,222,68,0.0,255,32767,0.0,2127-15-31,0.0,0.16,26.24,0.0,0.0,0.0,0,4.828125,6,84,05:49,20:11,2025-05-12 10:58:15.304596,Città della Scienza
2025-05-12T10:58:26Z,0,29.87,73.9,57,67.6,8,8,238,68,0.0,255,32767,0.0,2127-15-31,0.0,0.16,26.24,0.0,0.0,0.0,0,4.828125,6,84,05:49,20:11,2025-05-12 10:58:26.364610,Città della Scienza
2025-05-12T10:58:37Z,0,29.871,74.0,57,67.7,8,8,240,68,0.0,255,32767,0.0,2127-15-31,0.0,0.16,26.24,0.0,0.0,0.0,0,4.828125,6,84,05:49,20:11,2025-05-12 10:58:37.446656,Città della Scienza
2025-05-12T10:58:48Z,0,29.871,74.0,57,67.7,8,8,246,68,0.0,255,32767,0.0,2127-15-31,0.0,0.16,26.24,0.0,0.0,0.0,0,4.828125,6,84,05:49,20:11,2025-05-12 10:58:48.754588,Città della Scienza
2025-05-12T10:59:00Z,0,29.871,74.0,57,67.7,7,8,234,68,0.0,255,32767,0.0,2127-15-31,0.0,0.16,26.24,0.0,0.0,0.0,0,4.828125,6,84,05:49,20:11,2025-05-12 10:58:59.834597,Città della Scienza
2025-05-12T10:59:11Z,0,29.871,74.0,57,67.7,8,8,256,68,0.0,255,32767,0.0,2127-15-31,0.0,0.16,26.24,0.0,0.0,0.0,0,4.828125,6,84,05:49,20:11,2025-05-12 10:59:10.915621,Città della Scienza
2025-05-12T10:59:22Z,0,29.871,74.0,57,67.7,11,8,232,68,0.0,255,32767,0.0,2127-15-31,0.0,0.16,26.24,0.0,0.0,0.0,0,4.828125,6,84,05:49,20:11,2025-05-12 10:59:22.026594,Città della Scienza
2025-05-12T10:59:33Z,0,29.868,74.0,57,67.7,9,8,236,68,0.0,255,32767,0.0,2127-15-31,0.0,0.16,26.24,0.0,0.0,0.0,0,4.828125,6,84,05:49,20:11,2025-05-12 10:59:33.071598,Città della Scienza
2025-05-12T10:59:44Z,0,29.868,74.0,57,67.7,8,8,248,69,0.0,255,32767,0.0,2127-15-31,0.0,0.16,26.24,0.0,0.0,0.0,0,4.828125,6,84,05:49,20:11,2025-05-12 10:59:44.125599,Città della Scienza
2025-05-12T10:59:55Z,0,29.868,74.0,57,67.7,9,8,240,69,0.0,255,32767,0.0,2127-15-31,0.0,0.16,26.24,0.0,0.0,0.0,0,4.828125,6,84,05:49,20:11,2025-05-12 10:59:55.177593,Città della Scienza
2025-05-12T11:00:06Z,0,29.868,74.0,57,67.7,9,8,244,69,0.0,255,32767,0.0,2127-15-31,0.0,0.16,26.24,0.0,0.0,0.0,0,4.828125,6,84,05:49,20:11,2025-05-12 11:00:06.224598,Città della Scienza,62.3,17.168869,10.955033,14.230566,12.221809,EU EEA Common AQI,70.9,15.277262,9.901864,7200,13.043478,100,100,61.4,12.313043,Very Low,71.1,15.804228,100,1747046700,Very Low,11.384452,16.576921,Very Low,15.40547,57.6,18.942028,100,1747046700,15.391304
2025-05-12T11:00:17Z,0,29.868,74.0,57,67.7,9,8,261,69,0.0,255,32767,0.0,2127-15-31,0.0,0.16,26.24,0.0,0.0,0.0,0,4.828125,6,84,05:49,20:11,2025-05-12 11:00:17.335590,Città della Scienza,62.3,17.168869,10.955033,14.230566,12.221809,EU EEA Common AQI,70.9,15.277262,9.901864,7200,13.043478,100,100,61.4,12.313043,Very Low,71.1,15.804228,100,1747046700,Very Low,11.384452,16.576921,Very Low,15.40547,57.6,18.942028,100,1747046700,15.391304
2025-05-12T11:00:28Z,0,29.868,74.0,57,67.7,9,8,240,69,0.0,255,32767,0.0,2127-15-31,0.0,0.16,26.24,0.0,0.0,0.0,0,4.828125,6,84,05:49,20:11,2025-05-12 11:00:28.414592,Città della Scienza,61.1,16.972378,11.02035,13.786177,12.100927,EU EEA Common AQI,71.2,15.12616,9.9602375,7200,11.405797,100,100,61.3,10.028985,Very Low,71.4,15.615132,100,1747047600,Very Low,11.028941,16.458815,Very Low,15.010319,57.3,13.086957,100,1747047600,12.536232
2025-05-12T11:00:39Z,0,29.867,74.0,57,67.6,9,8,242,69,0.0,255,32767,0.0,2127-15-31,0.0,0.16,26.24,0.0,0.0,0.0,0,4.828125,6,84,05:49,20:11,2025-05-12 11:00:39.519603,Città della Scienza,61.1,16.972378,11.02035,13.786177,12.100927,EU EEA Common AQI,71.2,15.12616,9.9602375,7200,11.405797,100,100,61.3,10.028985,Very Low,71.4,15.615132,100,1747047600,Very Low,11.028941,16.458815,Very Low,15.010319,57.3,13.086957,100,1747047600,12.536232
2025-05-12T11:00:50Z,0,29.867,74.0,57,67.6,8,8,221,69,0.0,255,32767,0.0,2127-15-31,0.0,0.16,26.24,0.0,0.0,0.0,0,4.828125,6,84,05:49,20:11,2025-05-12 11:00:50.597599,Città della Scienza,61.1,16.972378,11.02035,13.786177,12.100927,EU EEA Common AQI,71.2,15.12616,9.9602375,7200,11.405797,100,100,61.3,10.028985,Very Low,71.4,15.615132,100,1747047600,Very Low,11.028941,16.458815,Very Low,15.010319,57.3,13.086957,100,1747047600,12.536232
2025-05-12T11:01:01Z,0,29.867,74.0,57,67.7,8,8,229,69,0.0,255,32767,0.0,2127-15-31,0.0,0.16,26.24,0.0,0.0,0.0,0,4.828125,6,84,05:49,20:11,2025-05-12 11:01:01.668588,Città della Scienza,61.1,16.972378,11.02035,13.786177,12.100927,EU EEA Common AQI,71.2,15.12616,9.9602375,7200,11.405797,100,100,61.3,10.028985,Very Low,71.4,15.615132,100,1747047600,Very Low,11.028941,16.458815,Very Low,15.010319,57.3,13.086957,100,1747047600,12.536232
2025-05-12T11:01:12Z,0,29.867,74.0,57,67.7,8,8,239,69,0.0,255,32767,0.0,2127-15-31,0.0,0.16,26.24,0.0,0.0,0.0,0,4.828125,6,84,05:49,20:11,2025-05-12 11:01:12.696720,Città della Scienza,61.1,16.972378,11.02035,13.786177,12.100927,EU EEA Common AQI,71.2,15.12616,9.9602375,7200,11.405797,100,100,61.3,10.028985,Very Low,71.4,15.615132,100,1747047600,Very Low,11.028941,16.458815,Very Low,15.010319,57.3,13.086957,100,1747047600,12.536232
2025-05-12T11:01:24Z,0,29.867,74.0,57,67.7,4,8,260,69,0.0,255,32767,0.0,2127-15-31,0.0,0.16,26.24,0.0,0.0,0.0,0,4.828125,6,84,05:49,20:11,2025-05-12 11:01:24.011594,Città della Scienza,61.1,16.972378,11.02035,13.786177,12.100927,EU EEA Common AQI,71.2,15.12616,9.9602375,7200,11.405797,100,100,61.3,10.028985,Very Low,71.4,15.615132,100,1747047600,Very Low,11.028941,16.458815,Very Low,15.010319,57.3,13.086957,100,1747047600,12.536232
2025-05-12T11:01:35Z,0,29.869,74.0,57,67.7,7,8,249,69,0.0,255,32767,0.0,2127-15-31,0.0,0.16,26.24,0.0,0.0,0.0,0,4.828125,6,84,05:49,20:11,2025-05-12 11:01:35.106568,Città della Scienza,61.1,16.972378,11.02035,13.786177,12.100927,EU EEA Common AQI,71.2,15.12616,9.9602375,7200,11.405797,100,100,61.3,10.028985,Very Low,71.4,15.615132,100,1747047600,Very Low,11.028941,16.458815,Very Low,15.010319,57.3,13.086957,100,1747047600,12.536232
2025-05-12T11:01:46Z,0,29.869,74.0,57,67.7,6,8,259,69,0.0,255,32767,0.0,2127-15-31,0.0,0.16,26.24,0.0,0.0,0.0,0,4.828125,6,84,05:49,20:11,2025-05-12 11:01:46.165616,Città della Scienza,61.1,16.972378,11.02035,13.786177,12.100927,EU EEA Common AQI,71.2,15.12616,9.9602375,7200,11.405797,100,100,61.3,10.028985,Very Low,71.4,15.615132,100,1747047600,Very Low,11.028941,16.458815,Very Low,15.010319,57.3,13.086957,100,1747047600,12.536232
2025-05-12T11:01:57Z,0,29.869,74.0,57,67.8,8,8,253,69,0.0,255,32767,0.0,2127-15-31,0.0,0.16,26.24,0.0,0.0,0.0,0,4.828125,6,84,05:49,20:11,2025-05-12 11:01:57.216625,Città della Scienza,61.1,16.972378,11.02035,13.786177,12.100927,EU EEA Common AQI,71.2,15.12616,9.9602375,7200,11.405797,100,100,61.3,10.028985,Very Low,71.4,15.615132,100,1747047600,Very Low,11.028941,16.458815,Very Low,15.010319,57.3,13.086957,100,1747047600,12.536232
2025-05-12T11:02:08Z,0,29.869,74.0,57,67.8,9,8,229,69,0.0,255,32767,0.0,2127-15-31,0.0,0.16,26.24,0.0,0.0,0.0,0,4.828125,6,84,05:49,20:11,2025-05-12 11:02:08.267591,Città della Scienza,61.1,16.972378,11.02035,13.786177,12.100927,EU EEA Common AQI,71.2,15.12616,9.9602375,7200,11.405797,100,100,61.3,10.028985,Very Low,71.4,15.615132,100,1747047600,Very Low,11.028941,16.458815,Very Low,15.010319,57.3,13.086957,100,1747047600,12.536232
2025-05-12T11:02:19Z,0,29.869,74.0,57,67.8,9,8,236,69,0.0,255,32767,0.0,2127-15-31,0.0,0.16,26.24,0.0,0.0,0.0,0,4.828125,6,84,05:49,20:11,2025-05-12 11:02:19.307588,Città della Scienza,61.1,16.972378,11.02035,13.786177,12.100927,EU EEA Common AQI,71.2,15.12616,9.9602375,7200,11.405797,100,100,61.3,10.028985,Very Low,71.4,15.615132,100,1747047600,Very Low,11.028941,16.458815,Very Low,15.010319,57.3,13.086957,100,1747047600,12.536232
2025-05-12T11:02:30Z,0,29.869,74.0,57,67.8,8,8,240,69,0.0,255,32767,0.0,2127-15-31,0.0,0.16,26.24,0.0,0.0,0.0,0,4.828125,6,84,05:49,20:11,2025-05-12 11:02:30.467578,Città della Scienza,61.1,16.972378,11.02035,13.786177,12.100927,EU EEA Common AQI,71.2,15.12616,9.9602375,7200,11.405797,100,100,61.3,10.028985,Very Low,71.4,15.615132,100,1747047600,Very Low,11.028941,16.458815,Very Low,15.010319,57.3,13.086957,100,1747047600,12.536232
2025-05-12T11:02:41Z,0,29.87,74.1,57,67.9,8,8,241,69,0.0,255,32767,0.0,2127-15-31,0.0,0.16,26.24,0.0,0.0,0.0,0,4.828125,6,84,05:49,20:11,2025-05-12 11:02:41.535596,Città della Scienza,61.1,16.972378,11.02035,13.786177,12.100927,EU EEA Common AQI,71.2,15.12616,9.9602375,7200,11.405797,100,100,61.3,10.028985,Very Low,71.4,15.615132,100,1747047600,Very Low,11.028941,16.458815,Very Low,15.010319,57.3,13.086957,100,1747047600,12.536232
2025-05-12T11:02:52Z,0,29.87,74.1,57,67.8,9,8,242,69,0.0,255,32767,0.0,2127-15-31,0.0,0.16,26.24,0.0,0.0,0.0,0,4.828125,6,84,05:49,20:11,2025-05-12 11:02:52.615603,Città della Scienza,61.1,16.972378,11.02035,13.786177,12.100927,EU EEA Common AQI,71.2,15.12616,9.9602375,7200,11.405797,100,100,61.3,10.028985,Very Low,71.4,15.615132,100,1747047600,Very Low,11.028941,16.458815,Very Low,15.010319,57.3,13.086957,100,1747047600,12.536232
2025-05-12T11:03:03Z,0,29.87,74.1,57,67.9,9,8,240,69,0.0,255,32767,0.0,2127-15-31,0.0,0.16,26.24,0.0,0.0,0.0,0,4.828125,6,84,05:49,20:11,2025-05-12 11:03:03.694593,Città della Scienza,61.1,16.972378,11.02035,13.786177,12.100927,EU EEA Common AQI,71.2,15.12616,9.9602375,7200,11.405797,100,100,61.3,10.028985,Very Low,71.4,15.615132,100,1747047600,Very Low,11.028941,16.458815,Very Low,15.010319,57.3,13.086957,100,1747047600,12.536232
2025-05-12T11:03:15Z,0,29.87,74.1,57,67.9,9,8,245,67,0.0,255,32767,0.0,2127-15-31,0.0,0.16,26.24,0.0,0.0,0.0,0,4.828125,6,84,05:49,20:11,2025-05-12 11:03:14.823557,Città della Scienza,61.1,16.972378,11.02035,13.786177,12.100927,EU EEA Common AQI,71.2,15.12616,9.9602375,7200,11.405797,100,100,61.3,10.028985,Very Low,71.4,15.615132,100,1747047600,Very Low,11.028941,16.458815,Very Low,15.010319,57.3,13.086957,100,1747047600,12.536232
2025-05-12T11:03:26Z,0,29.87,74.1,57,67.9,8,8,228,67,0.0,255,32767,0.0,2127-15-31,0.0,0.16,26.24,0.0,0.0,0.0,0,4.828125,6,84,05:49,20:11,2025-05-12 11:03:25.906597,Città della Scienza,61.1,16.972378,11.02035,13.786177,12.100927,EU EEA Common AQI,71.2,15.12616,9.9602375,7200,11.405797,100,100,61.3,10.028985,Very Low,71.4,15.615132,100,1747047600,Very Low,11.028941,16.458815,Very Low,15.010319,57.3,13.086957,100,1747047600,12.536232
2025-05-12T11:03:37Z,0,29.87,74.0,57,67.8,8,8,227,67,0.0,255,32767,0.0,2127-15-31,0.0,0.16,26.24,0.0,0.0,0.0,0,4.828125,6,84,05:49,20:11,2025-05-12 11:03:36.980596,Città della Scienza,61.1,16.972378,11.02035,13.786177,12.100927,EU EEA Common AQI,71.2,15.12616,9.9602375,7200,11.405797,100,100,61.3,10.028985,Very Low,71.4,15.615132,100,1747047600,Very Low,11.028941,16.458815,Very Low,15.010319,57.3,13.086957,100,1747047600,12.536232
2025-05-12T11:03:48Z,0,29.87,74.0,57,67.9,9,8,235,67,0.0,255,32767,0.0,2127-15-31,0.0,0.16,26.24,0.0,0.0,0.0,0,4.828125,6,84,05:49,20:11,2025-05-12 11:03:48.099596,Città della Scienza,61.1,16.972378,11.02035,13.786177,12.100927,EU EEA Common AQI,71.2,15.12616,9.9602375,7200,11.405797,100,100,61.3,10.028985,Very Low,71.4,15.615132,100,1747047600,Very Low,11.028941,16.458815,Very Low,15.010319,57.3,13.086957,100,1747047600,12.536232
2025-05-12T11:03:59Z,0,29.87,74.0,57,67.9,9,8,240,68,0.0,255,32767,0.0,2127-15-31,0.0,0.16,26.24,0.0,0.0,0.0,0,4.828125,6,84,05:49,20:11,2025-05-12 11:03:59.187598,Città della Scienza,61.1,16.972378,11.02035,13.786177,12.100927,EU EEA Common AQI,71.2,15.12616,9.9602375,7200,11.405797,100,100,61.3,10.028985,Very Low,71.4,15.615132,100,1747047600,Very Low,11.028941,16.458815,Very Low,15.010319,57.3,13.086957,100,1747047600,12.536232
2025-05-12T11:04:10Z,0,29.87,74.0,57,67.9,9,8,223,68,0.0,255,32767,0.0,2127-15-31,0.0,0.16,26.24,0.0,0.0,0.0,0,4.828125,6,84,05:49,20:11,2025-05-12 11:04:10.259591,Città della Scienza,61.1,16.972378,11.02035,13.786177,12.100927,EU EEA Common AQI,71.2,15.12616,9.9602375,7200,11.405797,100,100,61.3,10.028985,Very Low,71.4,15.615132,100,1747047600,Very Low,11.028941,16.458815,Very Low,15.010319,57.3,13.086957,100,1747047600,12.536232
2025-05-12T11:04:21Z,0,29.87,74.0,57,67.9,10,8,233,68,0.0,255,32767,0.0,2127-15-31,0.0,0.16,26.24,0.0,0.0,0.0,0,4.828125,6,84,05:49,20:11,2025-05-12 11:04:21.331578,Città della Scienza,61.1,16.972378,11.02035,13.786177,12.100927,EU EEA Common AQI,71.2,15.12616,9.9602375,7200,11.405797,100,100,61.3,10.028985,Very Low,71.4,15.615132,100,1747047600,Very Low,11.028941,16.458815,Very Low,15.010319,57.3,13.086957,100,1747047600,12.536232
2025-05-12T11:04:32Z,0,29.87,74.0,57,67.9,8,8,226,68,0.0,255,32767,0.0,2127-15-31,0.0,0.16,26.24,0.0,0.0,0.0,0,4.828125,6,84,05:49,20:11,2025-05-12 11:04:32.398608,Città della Scienza,61.1,16.972378,11.02035,13.786177,12.100927,EU EEA Common AQI,71.2,15.12616,9.9602375,7200,11.405797,100,100,61.3,10.028985,Very Low,71.4,15.615132,100,1747047600,Very Low,11.028941,16.458815,Very Low,15.010319,57.3,13.086957,100,1747047600,12.536232
2025-05-12T11:04:43Z,0,29.866,74.1,57,67.9,7,8,255,68,0.0,255,32767,0.0,2127-15-31,0.0,0.16,26.24,0.0,0.0,0.0,0,4.828125,6,84,05:49,20:11,2025-05-12 11:04:43.507592,Città della Scienza,61.1,16.972378,11.02035,13.786177,12.100927,EU EEA Common AQI,71.2,15.12616,9.9602375,7200,11.405797,100,100,61.3,10.028985,Very Low,71.4,15.615132,100,1747047600,Very Low,11.028941,16.458815,Very Low,15.010319,57.3,13.086957,100,1747047600,12.536232
2025-05-12T11:04:54Z,0,29.866,74.1,57,67.9,8,8,266,69,0.0,255,32767,0.0,2127-15-31,0.0,0.16,26.24,0.0,0.0,0.0,0,4.828125,6,84,05:49,20:11,2025-05-12 11:04:54.600604,Città della Scienza,61.1,16.972378,11.02035,13.786177,12.100927,EU EEA Common AQI,71.2,15.12616,9.9602375,7200,11.405797,100,100,61.3,10.028985,Very Low,71.4,15.615132,100,1747047600,Very Low,11.028941,16.458815,Very Low,15.010319,57.3,13.086957,100,1747047600,12.536232
2025-05-12T11:05:05Z,0,29.866,74.1,57,67.9,7,8,260,69,0.0,255,32767,0.0,2127-15-31,0.0,0.16,26.24,0.0,0.0,0.0,0,4.828125,6,84,05:49,20:11,2025-05-12 11:05:05.688601,Città della Scienza,61.1,16.972378,11.02035,13.786177,12.100927,EU EEA Common AQI,71.2,15.12616,9.9602375,7200,11.405797,100,100,61.3,10.028985,Very Low,71.4,15.615132,100,1747047600,Very Low,11.028941,16.458815,Very Low,15.010319,57.3,13.086957,100,1747047600,12.536232
2025-05-12T11:05:16Z,0,29.866,74.1,57,67.9,7,8,231,69,0.0,255,32767,0.0,2127-15-31,0.0,0.16,26.24,0.0,0.0,0.0,0,4.828125,6,84,05:49,20:11,2025-05-12 11:05:16.744612,Città della Scienza,61.1,16.972378,11.02035,13.786177,12.100927,EU EEA Common AQI,71.2,15.12616,9.9602375,7200,11.405797,100,100,61.3,10.028985,Very Low,71.4,15.615132,100,1747047600,Very Low,11.028941,16.458815,Very Low,15.010319,57.3,13.086957,100,1747047600,12.536232
2025-05-12T11:05:28Z,0,29.866,74.1,57,67.9,7,8,246,69,0.0,255,32767,0.0,2127-15-31,0.0,0.16,26.24,0.0,0.0,0.0,0,4.828125,6,84,05:49,20:11,2025-05-12 11:05:27.845595,Città della Scienza,61.1,16.972378,11.02035,13.786177,12.100927,EU EEA Common AQI,71.2,15.12616,9.9602375,7200,11.405797,100,100,61.3,10.028985,Very Low,71.4,15.615132,100,1747047600,Very Low,11.028941,16.458815,Very Low,15.010319,57.3,13.086957,100,1747047600,12.536232
2025-05-12T11:05:39Z,0,29.866,74.1,57,67.9,9,8,252,69,0.0,255,32767,0.0,2127-15-31,0.0,0.16,26.24,0.0,0.0,0.0,0,4.828125,6,84,05:49,20:11,2025-05-12 11:05:38.946577,Città della Scienza,61.1,16.972378,11.02035,13.786177,12.100927,EU EEA Common AQI,71.2,15.12616,9.9602375,7200,11.405797,100,100,61.3,10.028985,Very Low,71.4,15.615132,100,1747047600,Very Low,11.028941,16.458815,Very Low,15.010319,57.3,13.086957,100,1747047600,12.536232
2025-05-12T11:05:50Z,0,29.866,74.1,57,68.0,8,8,257,69,0.0,255,32767,0.0,2127-15-31,0.0,0.16,26.24,0.0,0.0,0.0,0,4.828125,6,84,05:49,20:11,2025-05-12 11:05:50.017598,Città della Scienza,61.1,16.972378,11.02035,13.786177,12.100927,EU EEA Common AQI,71.2,15.12616,9.9602375,7200,11.405797,100,100,61.3,10.028985,Very Low,71.4,15.615132,100,1747047600,Very Low,11.028941,16.458815,Very Low,15.010319,57.3,13.086957,100,1747047600,12.536232
2025-05-12T11:06:01Z,0,29.866,74.1,57,68.0,11,8,246,69,0.0,255,32767,0.0,2127-15-31,0.0,0.16,26.24,0.0,0.0,0.0,0,4.828125,6,84,05:49,20:11,2025-05-12 11:06:01.085613,Città della Scienza,61.1,16.972378,11.02035,13.786177,12.100927,EU EEA Common AQI,71.2,15.12616,9.9602375,7200,11.405797,100,100,61.3,10.028985,Very Low,71.4,15.615132,100,1747047600,Very Low,11.028941,16.458815,Very Low,15.010319,57.3,13.086957,100,1747047600,12.536232
2025-05-12T11:06:12Z,0,29.866,74.1,57,67.9,11,8,242,69,0.0,255,32767,0.0,2127-15-31,0.0,0.16,26.24,0.0,0.0,0.0,0,4.828125,6,84,05:49,20:11,2025-05-12 11:06:12.526609,Città della Scienza,61.1,16.972378,11.02035,13.786177,12.100927,EU EEA Common AQI,71.2,15.12616,9.9602375,7200,11.405797,100,100,61.3,10.028985,Very Low,71.4,15.615132,100,1747047600,Very Low,11.028941,16.458815,Very Low,15.010319,57.3,13.086957,100,1747047600,12.536232
2025-05-12T11:06:23Z,0,29.866,74.1,57,67.9,9,8,249,69,0.0,255,32767,0.0,2127-15-31,0.0,0.16,26.24,0.0,0.0,0.0,0,4.828125,6,84,05:49,20:11,2025-05-12 11:06:23.650607,Città della Scienza,61.1,16.972378,11.02035,13.786177,12.100927,EU EEA Common AQI,71.2,15.12616,9.9602375,7200,11.405797,100,100,61.3,10.028985,Very Low,71.4,15.615132,100,1747047600,Very Low,11.028941,16.458815,Very Low,15.010319,57.3,13.086957,100,1747047600,12.536232
2025-05-12T11:06:34Z,0,29.868,74.1,57,67.9,10,8,243,69,0.0,255,32767,0.0,2127-15-31,0.0,0.16,26.24,0.0,0.0,0.0,0,4.828125,6,84,05:49,20:11,2025-05-12 11:06:34.728616,Città della Scienza,61.1,16.972378,11.02035,13.786177,12.100927,EU EEA Common AQI,71.2,15.12616,9.9602375,7200,11.405797,100,100,61.3,10.028985,Very Low,71.4,15.615132,100,1747047600,Very Low,11.028941,16.458815,Very Low,15.010319,57.3,13.086957,100,1747047600,12.536232
2025-05-12T11:06:46Z,0,29.868,74.1,57,67.9,7,8,228,68,0.0,255,32767,0.0,2127-15-31,0.0,0.16,26.24,0.0,0.0,0.0,0,4.828125,6,84,05:49,20:11,2025-05-12 11:06:45.808594,Città della Scienza,61.1,16.972378,11.02035,13.786177,12.100927,EU EEA Common AQI,71.2,15.12616,9.9602375,7200,11.405797,100,100,61.3,10.028985,Very Low,71.4,15.615132,100,1747047600,Very Low,11.028941,16.458815,Very Low,15.010319,57.3,13.086957,100,1747047600,12.536232
2025-05-12T11:06:57Z,0,29.868,74.1,57,67.9,10,8,252,68,0.0,255,32767,0.0,2127-15-31,0.0,0.16,26.24,0.0,0.0,0.0,0,4.828125,6,84,05:49,20:11,2025-05-12 11:06:56.881606,Città della Scienza,61.1,16.972378,11.02035,13.786177,12.100927,EU EEA Common AQI,71.2,15.12616,9.9602375,7200,11.405797,100,100,61.3,10.028985,Very Low,71.4,15.615132,100,1747047600,Very Low,11.028941,16.458815,Very Low,15.010319,57.3,13.086957,100,1747047600,12.536232
2025-05-12T11:07:08Z,0,29.868,74.1,57,67.9,6,8,263,68,0.0,255,32767,0.0,2127-15-31,0.0,0.16,26.24,0.0,0.0,0.0,0,4.828125,6,84,05:49,20:11,2025-05-12 11:07:07.950604,Città della Scienza,61.1,16.972378,11.02035,13.786177,12.100927,EU EEA Common AQI,71.2,15.12616,9.9602375,7200,11.405797,100,100,61.3,10.028985,Very Low,71.4,15.615132,100,1747047600,Very Low,11.028941,16.458815,Very Low,15.010319,57.3,13.086957,100,1747047600,12.536232
2025-05-12T11:07:19Z,0,29.868,74.1,57,67.9,8,8,238,68,0.0,255,32767,0.0,2127-15-31,0.0,0.16,26.24,0.0,0.0,0.0,0,4.828125,6,84,05:49,20:11,2025-05-12 11:07:19.001594,Città della Scienza,61.1,16.972378,11.02035,13.786177,12.100927,EU EEA Common AQI,71.2,15.12616,9.9602375,7200,11.405797,100,100,61.3,10.028985,Very Low,71.4,15.615132,100,1747047600,Very Low,11.028941,16.458815,Very Low,15.010319,57.3,13.086957,100,1747047600,12.536232
2025-05-12T11:07:30Z,0,29.868,74.1,57,67.9,4,8,215,69,0.0,255,32767,0.0,2127-15-31,0.0,0.16,26.24,0.0,0.0,0.0,0,4.828125,6,84,05:49,20:11,2025-05-12 11:07:30.076596,Città della Scienza,61.1,16.972378,11.02035,13.786177,12.100927,EU EEA Common AQI,71.2,15.12616,9.9602375,7200,11.405797,100,100,61.3,10.028985,Very Low,71.4,15.615132,100,1747047600,Very Low,11.028941,16.458815,Very Low,15.010319,57.3,13.086957,100,1747047600,12.536232
2025-05-12T11:07:41Z,0,29.867,74.2,56,67.9,9,8,240,69,0.0,255,32767,0.0,2127-15-31,0.0,0.16,26.24,0.0,0.0,0.0,0,4.828125,6,84,05:49,20:11,2025-05-12 11:07:41.167599,Città della Scienza,61.1,16.972378,11.02035,13.786177,12.100927,EU EEA Common AQI,71.2,15.12616,9.9602375,7200,11.405797,100,100,61.3,10.028985,Very Low,71.4,15.615132,100,1747047600,Very Low,11.028941,16.458815,Very Low,15.010319,57.3,13.086957,100,1747047600,12.536232
2025-05-12T11:07:52Z,0,29.867,74.2,56,67.9,9,8,238,69,0.0,255,32767,0.0,2127-15-31,0.0,0.16,26.24,0.0,0.0,0.0,0,4.828125,6,84,05:49,20:11,2025-05-12 11:07:52.245606,Città della Scienza,61.1,16.972378,11.02035,13.786177,12.100927,EU EEA Common AQI,71.2,15.12616,9.9602375,7200,11.405797,100,100,61.3,10.028985,Very Low,71.4,15.615132,100,1747047600,Very Low,11.028941,16.458815,Very Low,15.010319,57.3,13.086957,100,1747047600,12.536232
2025-05-12T11:08:03Z,0,29.867,74.2,56,67.9,9,8,238,69,0.0,255,32767,0.0,2127-15-31,0.0,0.16,26.24,0.0,0.0,0.0,0,4.828125,6,84,05:49,20:11,2025-05-12 11:08:03.315565,Città della Scienza,61.1,16.972378,11.02035,13.786177,12.100927,EU EEA Common AQI,71.2,15.12616,9.9602375,7200,11.405797,100,100,61.3,10.028985,Very Low,71.4,15.615132,100,1747047600,Very Low,11.028941,16.458815,Very Low,15.010319,57.3,13.086957,100,1747047600,12.536232
2025-05-12T11:08:14Z,0,29.867,74.2,56,67.9,8,8,257,69,0.0,255,32767,0.0,2127-15-31,0.0,0.16,26.24,0.0,0.0,0.0,0,4.828125,6,84,05:49,20:11,2025-05-12 11:08:14.434602,Città della Scienza,61.1,16.972378,11.02035,13.786177,12.100927,EU EEA Common AQI,71.2,15.12616,9.9602375,7200,11.405797,100,100,61.3,10.028985,Very Low,71.4,15.615132,100,1747047600,Very Low,11.028941,16.458815,Very Low,15.010319,57.3,13.086957,100,1747047600,12.536232
2025-05-12T11:08:25Z,0,29.867,74.2,56,67.9,9,8,271,69,0.0,255,32767,0.0,2127-15-31,0.0,0.16,26.24,0.0,0.0,0.0,0,4.828125,6,84,05:49,20:11,2025-05-12 11:08:25.519595,Città della Scienza,61.1,16.972378,11.02035,13.786177,12.100927,EU EEA Common AQI,71.2,15.12616,9.9602375,7200,11.405797,100,100,61.3,10.028985,Very Low,71.4,15.615132,100,1747047600,Very Low,11.028941,16.458815,Very Low,15.010319,57.3,13.086957,100,1747047600,12.536232
2025-05-12T11:08:36Z,0,29.868,74.2,56,67.9,9,8,228,69,0.0,255,32767,0.0,2127-15-31,0.0,0.16,26.24,0.0,0.0,0.0,0,4.828125,6,84,05:49,20:11,2025-05-12 11:08:36.619596,Città della Scienza,61.1,16.972378,11.02035,13.786177,12.100927,EU EEA Common AQI,71.2,15.12616,9.9602375,7200,11.405797,100,100,61.3,10.028985,Very Low,71.4,15.615132,100,1747047600,Very Low,11.028941,16.458815,Very Low,15.010319,57.3,13.086957,100,1747047600,12.536232
2025-05-12T11:08:47Z,0,29.868,74.2,56,67.9,9,8,238,69,0.0,255,32767,0.0,2127-15-31,0.0,0.16,26.24,0.0,0.0,0.0,0,4.828125,6,84,05:49,20:11,2025-05-12 11:08:47.656557,Città della Scienza,61.1,16.972378,11.02035,13.786177,12.100927,EU EEA Common AQI,71.2,15.12616,9.9602375,7200,11.405797,100,100,61.3,10.028985,Very Low,71.4,15.615132,100,1747047600,Very Low,11.028941,16.458815,Very Low,15.010319,57.3,13.086957,100,1747047600,12.536232
2025-05-12T11:08:59Z,0,29.868,74.2,56,67.9,8,8,241,69,0.0,255,32767,0.0,2127-15-31,0.0,0.16,26.24,0.0,0.0,0.0,0,4.828125,6,84,05:49,20:11,2025-05-12 11:08:58.801610,Città della Scienza,61.1,16.972378,11.02035,13.786177,12.100927,EU EEA Common AQI,71.2,15.12616,9.9602375,7200,11.405797,100,100,61.3,10.028985,Very Low,71.4,15.615132,100,1747047600,Very Low,11.028941,16.458815,Very Low,15.010319,57.3,13.086957,100,1747047600,12.536232
2025-05-12T11:09:10Z,0,29.868,74.2,56,67.9,10,8,244,69,0.0,255,32767,0.0,2127-15-31,0.0,0.16,26.24,0.0,0.0,0.0,0,4.828125,6,84,05:49,20:11,2025-05-12 11:09:09.903560,Città della Scienza,61.1,16.972378,11.02035,13.786177,12.100927,EU EEA Common AQI,71.2,15.12616,9.9602375,7200,11.405797,100,100,61.3,10.028985,Very Low,71.4,15.615132,100,1747047600,Very Low,11.028941,16.458815,Very Low,15.010319,57.3,13.086957,100,1747047600,12.536232
2025-05-12T11:09:21Z,0,29.868,74.2,56,67.9,8,8,240,69,0.0,255,32767,0.0,2127-15-31,0.0,0.16,26.24,0.0,0.0,0.0,0,4.828125,6,84,05:49,20:11,2025-05-12 11:09:21.005592,Città della Scienza,61.1,16.972378,11.02035,13.786177,12.100927,EU EEA Common AQI,71.2,15.12616,9.9602375,7200,11.405797,100,100,61.3,10.028985,Very Low,71.4,15.615132,100,1747047600,Very Low,11.028941,16.458815,Very Low,15.010319,57.3,13.086957,100,1747047600,12.536232
2025-05-12T11:09:32Z,0,29.868,74.2,56,67.9,9,8,237,69,0.0,255,32767,0.0,2127-15-31,0.0,0.16,26.24,0.0,0.0,0.0,0,4.828125,6,84,05:49,20:11,2025-05-12 11:09:32.112594,Città della Scienza,61.1,16.972378,11.02035,13.786177,12.100927,EU EEA Common AQI,71.2,15.12616,9.9602375,7200,11.405797,100,100,61.3,10.028985,Very Low,71.4,15.615132,100,1747047600,Very Low,11.028941,16.458815,Very Low,15.010319,57.3,13.086957,100,1747047600,12.536232
2025-05-12T11:09:43Z,0,29.867,74.2,56,67.9,10,8,240,69,0.0,255,32767,0.0,2127-15-31,0.0,0.16,26.24,0.0,0.0,0.0,0,4.828125,6,84,05:49,20:11,2025-05-12 11:09:43.198597,Città della Scienza,61.1,16.972378,11.02035,13.786177,12.100927,EU EEA Common AQI,71.2,15.12616,9.9602375,7200,11.405797,100,100,61.3,10.028985,Very Low,71.4,15.615132,100,1747047600,Very Low,11.028941,16.458815,Very Low,15.010319,57.3,13.086957,100,1747047600,12.536232
2025-05-12T11:09:54Z,0,29.867,74.2,56,67.8,11,8,240,69,0.0,255,32767,0.0,2127-15-31,0.0,0.16,26.24,0.0,0.0,0.0,0,4.828125,6,84,05:49,20:11,2025-05-12 11:09:54.344605,Città della Scienza,61.1,16.972378,11.02035,13.786177,12.100927,EU EEA Common AQI,71.2,15.12616,9.9602375,7200,11.405797,100,100,61.3,10.028985,Very Low,71.4,15.615132,100,1747047600,Very Low,11.028941,16.458815,Very Low,15.010319,57.3,13.086957,100,1747047600,12.536232
2025-05-12T11:10:05Z,0,29.867,74.2,56,67.9,7,8,254,69,0.0,255,32767,0.0,2127-15-31,0.0,0.16,26.24,0.0,0.0,0.0,0,4.828125,6,84,05:49,20:11,2025-05-12 11:10:05.438594,Città della Scienza,61.1,16.972378,11.02035,13.786177,12.100927,EU EEA Common AQI,71.2,15.12616,9.9602375,7200,11.405797,100,100,61.3,10.028985,Very Low,71.4,15.615132,100,1747047600,Very Low,11.028941,16.458815,Very Low,15.010319,57.3,13.086957,100,1747047600,12.536232
2025-05-12T11:10:16Z,0,29.867,74.2,56,67.8,10,8,274,69,0.0,255,32767,0.0,2127-15-31,0.0,0.16,26.24,0.0,0.0,0.0,0,4.828125,6,84,05:49,20:11,2025-05-12 11:10:16.537603,Città della Scienza,61.1,16.972378,11.02035,13.786177,12.100927,EU EEA Common AQI,71.2,15.12616,9.9602375,7200,11.405797,100,100,61.3,10.028985,Very Low,71.4,15.615132,100,1747047600,Very Low,11.028941,16.458815,Very Low,15.010319,57.3,13.086957,100,1747047600,12.536232
2025-05-12T11:10:27Z,0,29.867,74.2,56,67.8,10,8,240,69,0.0,255,32767,0.0,2127-15-31,0.0,0.16,26.24,0.0,0.0,0.0,0,4.828125,6,84,05:49,20:11,2025-05-12 11:10:27.614564,Città della Scienza,61.1,16.972378,11.02035,13.786177,12.100927,EU EEA Common AQI,71.2,15.12616,9.9602375,7200,11.405797,100,100,61.3,10.028985,Very Low,71.4,15.615132,100,1747047600,Very Low,11.028941,16.458815,Very Low,15.010319,57.3,13.086957,100,1747047600,12.536232
2025-05-12T11:10:38Z,0,29.864,74.2,56,67.8,11,8,240,69,0.0,255,32767,0.0,2127-15-31,0.0,0.16,26.24,0.0,0.0,0.0,0,4.828125,6,84,05:49,20:11,2025-05-12 11:10:38.669555,Città della Scienza,61.1,16.972378,11.02035,13.786177,12.100927,EU EEA Common AQI,71.2,15.12616,9.9602375,7200,11.405797,100,100,61.3,10.028985,Very Low,71.4,15.615132,100,1747047600,Very Low,11.028941,16.458815,Very Low,15.010319,57.3,13.086957,100,1747047600,12.536232
2025-05-12T11:10:49Z,0,29.864,74.2,56,67.7,11,8,240,69,0.0,255,32767,0.0,2127-15-31,0.0,0.16,26.24,0.0,0.0,0.0,0,4.828125,6,84,05:49,20:11,2025-05-12 11:10:49.770558,Città della Scienza,61.1,16.972378,11.02035,13.786177,12.100927,EU EEA Common AQI,71.2,15.12616,9.9602375,7200,11.405797,100,100,61.3,10.028985,Very Low,71.4,15.615132,100,1747047600,Very Low,11.028941,16.458815,Very Low,15.010319,57.3,13.086957,100,1747047600,12.536232
2025-05-12T11:11:01Z,0,29.864,74.2,56,67.7,9,8,267,69,0.0,255,32767,0.0,2127-15-31,0.0,0.16,26.24,0.0,0.0,0.0,0,4.828125,6,84,05:49,20:11,2025-05-12 11:11:00.875610,Città della Scienza,61.1,16.972378,11.02035,13.786177,12.100927,EU EEA Common AQI,71.2,15.12616,9.9602375,7200,11.405797,100,100,61.3,10.028985,Very Low,71.4,15.615132,100,1747047600,Very Low,11.028941,16.458815,Very Low,15.010319,57.3,13.086957,100,1747047600,12.536232
2025-05-12T11:11:12Z,0,29.864,74.2,56,67.7,10,8,239,69,0.0,255,32767,0.0,2127-15-31,0.0,0.16,26.24,0.0,0.0,0.0,0,4.828125,6,84,05:49,20:11,2025-05-12 11:11:11.954602,Città della Scienza,61.1,16.972378,11.02035,13.786177,12.100927,EU EEA Common AQI,71.2,15.12616,9.9602375,7200,11.405797,100,100,61.3,10.028985,Very Low,71.4,15.615132,100,1747047600,Very Low,11.028941,16.458815,Very Low,15.010319,57.3,13.086957,100,1747047600,12.536232
2025-05-12T11:11:23Z,0,29.864,74.2,56,67.7,12,8,244,69,0.0,255,32767,0.0,2127-15-31,0.0,0.16,26.24,0.0,0.0,0.0,0,4.828125,6,84,05:49,20:11,2025-05-12 11:11:23.042594,Città della Scienza,61.1,16.972378,11.02035,13.786177,12.100927,EU EEA Common AQI,71.2,15.12616,9.9602375,7200,11.405797,100,100,61.3,10.028985,Very Low,71.4,15.615132,100,1747047600,Very Low,11.028941,16.458815,Very Low,15.010319,57.3,13.086957,100,1747047600,12.536232
2025-05-12T11:11:34Z,0,29.866,74.3,56,67.6,10,9,241,69,0.0,255,32767,0.0,2127-15-31,0.0,0.16,26.24,0.0,0.0,0.0,0,4.828125,6,84,05:49,20:11,2025-05-12 11:11:34.117601,Città della Scienza,61.1,16.972378,11.02035,13.786177,12.100927,EU EEA Common AQI,71.2,15.12616,9.9602375,7200,11.405797,100,100,61.3,10.028985,Very Low,71.4,15.615132,100,1747047600,Very Low,11.028941,16.458815,Very Low,15.010319,57.3,13.086957,100,1747047600,12.536232
2025-05-12T11:11:45Z,0,29.866,74.3,56,67.6,10,9,246,69,0.0,255,32767,0.0,2127-15-31,0.0,0.16,26.24,0.0,0.0,0.0,0,4.828125,6,84,05:49,20:11,2025-05-12 11:11:45.170574,Città della Scienza,61.1,16.972378,11.02035,13.786177,12.100927,EU EEA Common AQI,71.2,15.12616,9.9602375,7200,11.405797,100,100,61.3,10.028985,Very Low,71.4,15.615132,100,1747047600,Very Low,11.028941,16.458815,Very Low,15.010319,57.3,13.086957,100,1747047600,12.536232
2025-05-12T11:11:56Z,0,29.866,74.3,56,67.6,9,9,246,69,0.0,255,32767,0.0,2127-15-31,0.0,0.16,26.24,0.0,0.0,0.0,0,4.828125,6,84,05:49,20:11,2025-05-12 11:11:56.243600,Città della Scienza,61.1,16.972378,11.02035,13.786177,12.100927,EU EEA Common AQI,71.2,15.12616,9.9602375,7200,11.405797,100,100,61.3,10.028985,Very Low,71.4,15.615132,100,1747047600,Very Low,11.028941,16.458815,Very Low,15.010319,57.3,13.086957,100,1747047600,12.536232
2025-05-12T11:12:07Z,0,29.866,74.3,56,67.6,8,9,243,69,0.0,255,32767,0.0,2127-15-31,0.0,0.16,26.24,0.0,0.0,0.0,0,4.828125,6,84,05:49,20:11,2025-05-12 11:12:07.309597,Città della Scienza,61.1,16.972378,11.02035,13.786177,12.100927,EU EEA Common AQI,71.2,15.12616,9.9602375,7200,11.405797,100,100,61.3,10.028985,Very Low,71.4,15.615132,100,1747047600,Very Low,11.028941,16.458815,Very Low,15.010319,57.3,13.086957,100,1747047600,12.536232
2025-05-12T11:12:18Z,0,29.866,74.3,56,67.6,9,9,239,69,0.0,255,32767,0.0,2127-15-31,0.0,0.16,26.24,0.0,0.0,0.0,0,4.828125,6,84,05:49,20:11,2025-05-12 11:12:18.368596,Città della Scienza,61.1,16.972378,11.02035,13.786177,12.100927,EU EEA Common AQI,71.2,15.12616,9.9602375,7200,11.405797,100,100,61.3,10.028985,Very Low,71.4,15.615132,100,1747047600,Very Low,11.028941,16.458815,Very Low,15.010319,57.3,13.086957,100,1747047600,12.536232
2025-05-12T11:12:29Z,0,29.866,74.3,56,67.6,11,9,236,69,0.0,255,32767,0.0,2127-15-31,0.0,0.16,26.24,0.0,0.0,0.0,0,4.828125,6,84,05:49,20:11,2025-05-12 11:12:29.463598,Città della Scienza,61.1,16.972378,11.02035,13.786177,12.100927,EU EEA Common AQI,71.2,15.12616,9.9602375,7200,11.405797,100,100,61.3,10.028985,Very Low,71.4,15.615132,100,1747047600,Very Low,11.028941,16.458815,Very Low,15.010319,57.3,13.086957,100,1747047600,12.536232
2025-05-12T11:12:40Z,0,29.864,74.3,56,67.6,11,9,238,69,0.0,255,32767,0.0,2127-15-31,0.0,0.16,26.24,0.0,0.0,0.0,0,4.828125,6,84,05:49,20:11,2025-05-12 11:12:40.582598,Città della Scienza,61.1,16.972378,11.02035,13.786177,12.100927,EU EEA Common AQI,71.2,15.12616,9.9602375,7200,11.405797,100,100,61.3,10.028985,Very Low,71.4,15.615132,100,1747047600,Very Low,11.028941,16.458815,Very Low,15.010319,57.3,13.086957,100,1747047600,12.536232
2025-05-12T11:12:51Z,0,29.864,74.3,56,67.6,11,9,246,69,0.0,255,32767,0.0,2127-15-31,0.0,0.16,26.24,0.0,0.0,0.0,0,4.828125,6,84,05:49,20:11,2025-05-12 11:12:51.677601,Città della Scienza,61.1,16.972378,11.02035,13.786177,12.100927,EU EEA Common AQI,71.2,15.12616,9.9602375,7200,11.405797,100,100,61.3,10.028985,Very Low,71.4,15.615132,100,1747047600,Very Low,11.028941,16.458815,Very Low,15.010319,57.3,13.086957,100,1747047600,12.536232
2025-05-12T11:13:02Z,0,29.864,74.3,56,67.6,10,9,242,69,0.0,255,32767,0.0,2127-15-31,0.0,0.16,26.24,0.0,0.0,0.0,0,4.828125,6,84,05:49,20:11,2025-05-12 11:13:02.749588,Città della Scienza,61.1,16.972378,11.02035,13.786177,12.100927,EU EEA Common AQI,71.2,15.12616,9.9602375,7200,11.405797,100,100,61.3,10.028985,Very Low,71.4,15.615132,100,1747047600,Very Low,11.028941,16.458815,Very Low,15.010319,57.3,13.086957,100,1747047600,12.536232
2025-05-12T11:13:14Z,0,29.864,74.3,56,67.6,10,9,241,69,0.0,255,32767,0.0,2127-15-31,0.0,0.16,26.24,0.0,0.0,0.0,0,4.828125,6,84,05:49,20:11,2025-05-12 11:13:13.803593,Città della Scienza,61.1,16.972378,11.02035,13.786177,12.100927,EU EEA Common AQI,71.2,15.12616,9.9602375,7200,11.405797,100,100,61.3,10.028985,Very Low,71.4,15.615132,100,1747047600,Very Low,11.028941,16.458815,Very Low,15.010319,57.3,13.086957,100,1747047600,12.536232
2025-05-12T11:13:25Z,0,29.864,74.3,56,67.6,10,9,242,69,0.0,255,32767,0.0,2127-15-31,0.0,0.16,26.24,0.0,0.0,0.0,0,4.828125,6,84,05:49,20:11,2025-05-12 11:13:24.917604,Città della Scienza,61.1,16.972378,11.02035,13.786177,12.100927,EU EEA Common AQI,71.2,15.12616,9.9602375,7200,11.405797,100,100,61.3,10.028985,Very Low,71.4,15.615132,100,1747047600,Very Low,11.028941,16.458815,Very Low,15.010319,57.3,13.086957,100,1747047600,12.536232
2025-05-12T11:13:36Z,0,29.867,74.3,56,67.6,6,9,234,69,0.0,255,32767,0.0,2127-15-31,0.0,0.16,26.24,0.0,0.0,0.0,0,4.828125,6,84,05:49,20:11,2025-05-12 11:13:35.996595,Città della Scienza,61.1,16.972378,11.02035,13.786177,12.100927,EU EEA Common AQI,71.2,15.12616,9.9602375,7200,11.405797,100,100,61.3,10.028985,Very Low,71.4,15.615132,100,1747047600,Very Low,11.028941,16.458815,Very Low,15.010319,57.3,13.086957,100,1747047600,12.536232
2025-05-12T11:13:47Z,0,29.867,74.3,56,67.6,10,9,244,69,0.0,255,32767,0.0,2127-15-31,0.0,0.16,26.24,0.0,0.0,0.0,0,4.828125,6,84,05:49,20:11,2025-05-12 11:13:47.088593,Città della Scienza,61.1,16.972378,11.02035,13.786177,12.100927,EU EEA Common AQI,71.2,15.12616,9.9602375,7200,11.405797,100,100,61.3,10.028985,Very Low,71.4,15.615132,100,1747047600,Very Low,11.028941,16.458815,Very Low,15.010319,57.3,13.086957,100,1747047600,12.536232
2025-05-12T11:13:58Z,0,29.867,74.3,56,67.6,11,9,243,69,0.0,255,32767,0.0,2127-15-31,0.0,0.16,26.24,0.0,0.0,0.0,0,4.828125,6,84,05:49,20:11,2025-05-12 11:13:58.171611,Città della Scienza,61.1,16.972378,11.02035,13.786177,12.100927,EU EEA Common AQI,71.2,15.12616,9.9602375,7200,11.405797,100,100,61.3,10.028985,Very Low,71.4,15.615132,100,1747047600,Very Low,11.028941,16.458815,Very Low,15.010319,57.3,13.086957,100,1747047600,12.536232
2025-05-12T11:14:10Z,0,29.867,74.3,56,67.5,9,9,244,69,0.0,255,32767,0.0,2127-15-31,0.0,0.16,26.24,0.0,0.0,0.0,0,4.828125,6,84,05:49,20:11,2025-05-12 11:14:10.386600,Città della Scienza,61.1,16.972378,11.02035,13.786177,12.100927,EU EEA Common AQI,71.2,15.12616,9.9602375,7200,11.405797,100,100,61.3,10.028985,Very Low,71.4,15.615132,100,1747047600,Very Low,11.028941,16.458815,Very Low,15.010319,57.3,13.086957,100,1747047600,12.536232
2025-05-12T11:14:21Z,0,29.867,74.3,56,67.5,7,9,234,69,0.0,255,32767,0.0,2127-15-31,0.0,0.16,26.24,0.0,0.0,0.0,0,4.828125,6,84,05:49,20:11,2025-05-12 11:14:21.426590,Città della Scienza,61.1,16.972378,11.02035,13.786177,12.100927,EU EEA Common AQI,71.2,15.12616,9.9602375,7200,11.405797,100,100,61.3,10.028985,Very Low,71.4,15.615132,100,1747047600,Very Low,11.028941,16.458815,Very Low,15.010319,57.3,13.086957,100,1747047600,12.536232
2025-05-12T11:14:32Z,0,29.867,74.3,56,67.5,10,9,242,70,0.0,255,32767,0.0,2127-15-31,0.0,0.16,26.24,0.0,0.0,0.0,0,4.828125,6,84,05:49,20:11,2025-05-12 11:14:32.503595,Città della Scienza,61.1,16.972378,11.02035,13.786177,12.100927,EU EEA Common AQI,71.2,15.12616,9.9602375,7200,11.405797,100,100,61.3,10.028985,Very Low,71.4,15.615132,100,1747047600,Very Low,11.028941,16.458815,Very Low,15.010319,57.3,13.086957,100,1747047600,12.536232
2025-05-12T11:14:43Z,0,29.864,74.3,56,67.5,6,9,271,70,0.0,255,32767,0.0,2127-15-31,0.0,0.16,26.24,0.0,0.0,0.0,0,4.828125,6,84,05:49,20:11,2025-05-12 11:14:43.595603,Città della Scienza,61.1,16.972378,11.02035,13.786177,12.100927,EU EEA Common AQI,71.2,15.12616,9.9602375,7200,11.405797,100,100,61.3,10.028985,Very Low,71.4,15.615132,100,1747047600,Very Low,11.028941,16.458815,Very Low,15.010319,57.3,13.086957,100,1747047600,12.536232
2025-05-12T11:14:54Z,0,29.864,74.3,56,67.6,11,9,232,70,0.0,255,32767,0.0,2127-15-31,0.0,0.16,26.24,0.0,0.0,0.0,0,4.828125,6,84,05:49,20:11,2025-05-12 11:14:54.687607,Città della Scienza,61.1,16.972378,11.02035,13.786177,12.100927,EU EEA Common AQI,71.2,15.12616,9.9602375,7200,11.405797,100,100,61.3,10.028985,Very Low,71.4,15.615132,100,1747047600,Very Low,11.028941,16.458815,Very Low,15.010319,57.3,13.086957,100,1747047600,12.536232
2025-05-12T11:15:05Z,0,29.864,74.3,56,67.6,9,9,246,70,0.0,255,32767,0.0,2127-15-31,0.0,0.16,26.24,0.0,0.0,0.0,0,4.828125,6,84,05:49,20:11,2025-05-12 11:15:05.766596,Città della Scienza,61.1,16.972378,11.02035,13.786177,12.100927,EU EEA Common AQI,71.2,15.12616,9.9602375,7200,11.405797,100,100,61.3,10.028985,Very Low,71.4,15.615132,100,1747047600,Very Low,11.028941,16.458815,Very Low,15.010319,57.3,13.086957,100,1747047600,12.536232
2025-05-12T11:15:17Z,0,29.864,74.3,56,67.6,10,9,252,70,0.0,255,32767,0.0,2127-15-31,0.0,0.16,26.24,0.0,0.0,0.0,0,4.828125,6,84,05:49,20:11,2025-05-12 11:15:16.806599,Città della Scienza,61.1,16.972378,11.02035,13.786177,12.100927,EU EEA Common AQI,71.2,15.12616,9.9602375,7200,11.405797,100,100,61.3,10.028985,Very Low,71.4,15.615132,100,1747047600,Very Low,11.028941,16.458815,Very Low,15.010319,57.3,13.086957,100,1747047600,12.536232
2025-05-12T11:15:28Z,0,29.864,74.3,56,67.6,10,9,244,70,0.0,255,32767,0.0,2127-15-31,0.0,0.16,26.24,0.0,0.0,0.0,0,4.828125,6,84,05:49,20:11,2025-05-12 11:15:27.935557,Città della Scienza,62.4,16.455578,11.036935,13.153994,11.842702,EU EEA Common AQI,71.6,14.803378,9.977951,7200,9.115942,100,100,61.9,8.405796,Very Low,71.6,15.149432,100,1747048500,Very Low,10.523194,16.108568,Very Low,14.348525,58.1,11.028986,100,1747048500,10.507246
2025-05-12T11:15:39Z,0,29.864,74.3,56,67.6,7,9,234,70,0.0,255,32767,0.0,2127-15-31,0.0,0.16,26.24,0.0,0.0,0.0,0,4.828125,6,84,05:49,20:11,2025-05-12 11:15:39.026597,Città della Scienza,62.4,16.455578,11.036935,13.153994,11.842702,EU EEA Common AQI,71.6,14.803378,9.977951,7200,9.115942,100,100,61.9,8.405796,Very Low,71.6,15.149432,100,1747048500,Very Low,10.523194,16.108568,Very Low,14.348525,58.1,11.028986,100,1747048500,10.507246
2025-05-12T11:15:50Z,0,29.864,74.3,56,67.6,11,9,240,70,0.0,255,32767,0.0,2127-15-31,0.0,0.16,26.24,0.0,0.0,0.0,0,4.828125,6,84,05:49,20:11,2025-05-12 11:15:50.062598,Città della Scienza,62.4,16.455578,11.036935,13.153994,11.842702,EU EEA Common AQI,71.6,14.803378,9.977951,7200,9.115942,100,100,61.9,8.405796,Very Low,71.6,15.149432,100,1747048500,Very Low,10.523194,16.108568,Very Low,14.348525,58.1,11.028986,100,1747048500,10.507246
2025-05-12T11:16:01Z,0,29.864,74.3,56,67.6,10,9,241,70,0.0,255,32767,0.0,2127-15-31,0.0,0.16,26.24,0.0,0.0,0.0,0,4.828125,6,84,05:49,20:11,2025-05-12 11:16:01.164600,Città della Scienza,62.4,16.455578,11.036935,13.153994,11.842702,EU EEA Common AQI,71.6,14.803378,9.977951,7200,9.115942,100,100,61.9,8.405796,Very Low,71.6,15.149432,100,1747048500,Very Low,10.523194,16.108568,Very Low,14.348525,58.1,11.028986,100,1747048500,10.507246
2025-05-12T11:16:12Z,0,29.864,74.3,56,67.6,10,9,250,70,0.0,255,32767,0.0,2127-15-31,0.0,0.16,26.24,0.0,0.0,0.0,0,4.828125,6,84,05:49,20:11,2025-05-12 11:16:12.279605,Città della Scienza,62.4,16.455578,11.036935,13.153994,11.842702,EU EEA Common AQI,71.6,14.803378,9.977951,7200,9.115942,100,100,61.9,8.405796,Very Low,71.6,15.149432,100,1747048500,Very Low,10.523194,16.108568,Very Low,14.348525,58.1,11.028986,100,1747048500,10.507246
2025-05-12T11:16:23Z,0,29.864,74.3,56,67.6,10,9,231,69,0.0,255,32767,0.0,2127-15-31,0.0,0.16,26.24,0.0,0.0,0.0,0,4.828125,6,84,05:49,20:11,2025-05-12 11:16:23.340584,Città della Scienza,62.4,16.455578,11.036935,13.153994,11.842702,EU EEA Common AQI,71.6,14.803378,9.977951,7200,9.115942,100,100,61.9,8.405796,Very Low,71.6,15.149432,100,1747048500,Very Low,10.523194,16.108568,Very Low,14.348525,58.1,11.028986,100,1747048500,10.507246
2025-05-12T11:16:34Z,0,29.863,74.4,56,67.6,9,9,246,69,0.0,255,32767,0.0,2127-15-31,0.0,0.16,26.24,0.0,0.0,0.0,0,4.828125,6,84,05:49,20:11,2025-05-12 11:16:34.377590,Città della Scienza,62.4,16.455578,11.036935,13.153994,11.842702,EU EEA Common AQI,71.6,14.803378,9.977951,7200,9.115942,100,100,61.9,8.405796,Very Low,71.6,15.149432,100,1747048500,Very Low,10.523194,16.108568,Very Low,14.348525,58.1,11.028986,100,1747048500,10.507246
2025-05-12T11:16:45Z,0,29.863,74.4,56,67.6,11,9,247,69,0.0,255,32767,0.0,2127-15-31,0.0,0.16,26.24,0.0,0.0,0.0,0,4.828125,6,84,05:49,20:11,2025-05-12 11:16:45.401596,Città della Scienza,62.4,16.455578,11.036935,13.153994,11.842702,EU EEA Common AQI,71.6,14.803378,9.977951,7200,9.115942,100,100,61.9,8.405796,Very Low,71.6,15.149432,100,1747048500,Very Low,10.523194,16.108568,Very Low,14.348525,58.1,11.028986,100,1747048500,10.507246
2025-05-12T11:16:56Z,0,29.863,74.4,56,67.5,11,9,240,69,0.0,255,32767,0.0,2127-15-31,0.0,0.16,26.24,0.0,0.0,0.0,0,4.828125,6,84,05:49,20:11,2025-05-12 11:16:56.475615,Città della Scienza,62.4,16.455578,11.036935,13.153994,11.842702,EU EEA Common AQI,71.6,14.803378,9.977951,7200,9.115942,100,100,61.9,8.405796,Very Low,71.6,15.149432,100,1747048500,Very Low,10.523194,16.108568,Very Low,14.348525,58.1,11.028986,100,1747048500,10.507246
2025-05-12T11:17:07Z,0,29.863,74.4,56,67.6,12,9,242,70,0.0,255,32767,0.0,2127-15-31,0.0,0.16,26.24,0.0,0.0,0.0,0,4.828125,6,84,05:49,20:11,2025-05-12 11:17:07.549585,Città della Scienza,62.4,16.455578,11.036935,13.153994,11.842702,EU EEA Common AQI,71.6,14.803378,9.977951,7200,9.115942,100,100,61.9,8.405796,Very Low,71.6,15.149432,100,1747048500,Very Low,10.523194,16.108568,Very Low,14.348525,58.1,11.028986,100,1747048500,10.507246
2025-05-12T11:17:18Z,0,29.863,74.4,56,67.6,10,9,234,70,0.0,255,32767,0.0,2127-15-31,0.0,0.16,26.24,0.0,0.0,0.0,0,4.828125,6,84,05:49,20:11,2025-05-12 11:17:18.640617,Città della Scienza,62.4,16.455578,11.036935,13.153994,11.842702,EU EEA Common AQI,71.6,14.803378,9.977951,7200,9.115942,100,100,61.9,8.405796,Very Low,71.6,15.149432,100,1747048500,Very Low,10.523194,16.108568,Very Low,14.348525,58.1,11.028986,100,1747048500,10.507246
2025-05-12T11:17:29Z,0,29.863,74.4,56,67.5,9,9,248,70,0.0,255,32767,0.0,2127-15-31,0.0,0.16,26.24,0.0,0.0,0.0,0,4.828125,6,84,05:49,20:11,2025-05-12 11:17:29.708595,Città della Scienza,62.4,16.455578,11.036935,13.153994,11.842702,EU EEA Common AQI,71.6,14.803378,9.977951,7200,9.115942,100,100,61.9,8.405796,Very Low,71.6,15.149432,100,1747048500,Very Low,10.523194,16.108568,Very Low,14.348525,58.1,11.028986,100,1747048500,10.507246
2025-05-12T11:17:40Z,0,29.865,74.3,56,67.5,10,10,240,70,0.0,255,32767,0.0,2127-15-31,0.0,0.16,26.24,0.0,0.0,0.0,0,4.828125,6,84,05:49,20:11,2025-05-12 11:17:40.786603,Città della Scienza,62.4,16.455578,11.036935,13.153994,11.842702,EU EEA Common AQI,71.6,14.803378,9.977951,7200,9.115942,100,100,61.9,8.405796,Very Low,71.6,15.149432,100,1747048500,Very Low,10.523194,16.108568,Very Low,14.348525,58.1,11.028986,100,1747048500,10.507246
2025-05-12T11:17:52Z,0,29.865,74.3,56,67.6,7,10,236,70,0.0,255,32767,0.0,2127-15-31,0.0,0.16,26.24,0.0,0.0,0.0,0,4.828125,6,84,05:49,20:11,2025-05-12 11:17:51.887602,Città della Scienza,62.4,16.455578,11.036935,13.153994,11.842702,EU EEA Common AQI,71.6,14.803378,9.977951,7200,9.115942,100,100,61.9,8.405796,Very Low,71.6,15.149432,100,1747048500,Very Low,10.523194,16.108568,Very Low,14.348525,58.1,11.028986,100,1747048500,10.507246
2025-05-12T11:18:03Z,0,29.865,74.3,56,67.6,8,10,267,70,0.0,255,32767,0.0,2127-15-31,0.0,0.16,26.24,0.0,0.0,0.0,0,4.828125,6,84,05:49,20:11,2025-05-12 11:18:02.991591,Città della Scienza,62.4,16.455578,11.036935,13.153994,11.842702,EU EEA Common AQI,71.6,14.803378,9.977951,7200,9.115942,100,100,61.9,8.405796,Very Low,71.6,15.149432,100,1747048500,Very Low,10.523194,16.108568,Very Low,14.348525,58.1,11.028986,100,1747048500,10.507246
2025-05-12T11:18:14Z,0,29.865,74.3,56,67.6,10,10,251,70,0.0,255,32767,0.0,2127-15-31,0.0,0.16,26.24,0.0,0.0,0.0,0,4.828125,6,84,05:49,20:11,2025-05-12 11:18:14.082563,Città della Scienza,62.4,16.455578,11.036935,13.153994,11.842702,EU EEA Common AQI,71.6,14.803378,9.977951,7200,9.115942,100,100,61.9,8.405796,Very Low,71.6,15.149432,100,1747048500,Very Low,10.523194,16.108568,Very Low,14.348525,58.1,11.028986,100,1747048500,10.507246
2025-05-12T11:18:25Z,0,29.865,74.3,56,67.6,10,10,242,70,0.0,255,32767,0.0,2127-15-31,0.0,0.16,26.24,0.0,0.0,0.0,0,4.828125,6,84,05:49,20:11,2025-05-12 11:18:25.178596,Città della Scienza,62.4,16.455578,11.036935,13.153994,11.842702,EU EEA Common AQI,71.6,14.803378,9.977951,7200,9.115942,100,100,61.9,8.405796,Very Low,71.6,15.149432,100,1747048500,Very Low,10.523194,16.108568,Very Low,14.348525,58.1,11.028986,100,1747048500,10.507246
2025-05-12T11:18:36Z,0,29.865,74.3,56,67.6,11,10,240,70,0.0,255,32767,0.0,2127-15-31,0.0,0.16,26.24,0.0,0.0,0.0,0,4.828125,6,84,05:49,20:11,2025-05-12 11:18:36.240584,Città della Scienza,62.4,16.455578,11.036935,13.153994,11.842702,EU EEA Common AQI,71.6,14.803378,9.977951,7200,9.115942,100,100,61.9,8.405796,Very Low,71.6,15.149432,100,1747048500,Very Low,10.523194,16.108568,Very Low,14.348525,58.1,11.028986,100,1747048500,10.507246
2025-05-12T11:18:47Z,0,29.865,74.3,56,67.6,11,10,250,70,0.0,255,32767,0.0,2127-15-31,0.0,0.16,26.24,0.0,0.0,0.0,0,4.828125,6,84,05:49,20:11,2025-05-12 11:18:47.304559,Città della Scienza,62.4,16.455578,11.036935,13.153994,11.842702,EU EEA Common AQI,71.6,14.803378,9.977951,7200,9.115942,100,100,61.9,8.405796,Very Low,71.6,15.149432,100,1747048500,Very Low,10.523194,16.108568,Very Low,14.348525,58.1,11.028986,100,1747048500,10.507246
2025-05-12T11:18:58Z,0,29.865,74.3,56,67.6,9,10,223,70,0.0,255,32767,0.0,2127-15-31,0.0,0.16,26.24,0.0,0.0,0.0,0,4.828125,6,84,05:49,20:11,2025-05-12 11:18:58.369600,Città della Scienza,62.4,16.455578,11.036935,13.153994,11.842702,EU EEA Common AQI,71.6,14.803378,9.977951,7200,9.115942,100,100,61.9,8.405796,Very Low,71.6,15.149432,100,1747048500,Very Low,10.523194,16.108568,Very Low,14.348525,58.1,11.028986,100,1747048500,10.507246
2025-05-12T11:19:09Z,0,29.865,74.3,56,67.7,10,10,252,70,0.0,255,32767,0.0,2127-15-31,0.0,0.16,26.24,0.0,0.0,0.0,0,4.828125,6,84,05:49,20:11,2025-05-12 11:19:09.475589,Città della Scienza,62.4,16.455578,11.036935,13.153994,11.842702,EU EEA Common AQI,71.6,14.803378,9.977951,7200,9.115942,100,100,61.9,8.405796,Very Low,71.6,15.149432,100,1747048500,Very Low,10.523194,16.108568,Very Low,14.348525,58.1,11.028986,100,1747048500,10.507246
2025-05-12T11:19:20Z,0,29.865,74.3,56,67.6,11,10,245,70,0.0,255,32767,0.0,2127-15-31,0.0,0.16,26.24,0.0,0.0,0.0,0,4.828125,6,84,05:49,20:11,2025-05-12 11:19:20.599591,Città della Scienza,62.4,16.455578,11.036935,13.153994,11.842702,EU EEA Common AQI,71.6,14.803378,9.977951,7200,9.115942,100,100,61.9,8.405796,Very Low,71.6,15.149432,100,1747048500,Very Low,10.523194,16.108568,Very Low,14.348525,58.1,11.028986,100,1747048500,10.507246
2025-05-12T11:19:31Z,0,29.865,74.3,56,67.6,12,10,243,70,0.0,255,32767,0.0,2127-15-31,0.0,0.16,26.24,0.0,0.0,0.0,0,4.828125,6,84,05:49,20:11,2025-05-12 11:19:31.706618,Città della Scienza,62.4,16.455578,11.036935,13.153994,11.842702,EU EEA Common AQI,71.6,14.803378,9.977951,7200,9.115942,100,100,61.9,8.405796,Very Low,71.6,15.149432,100,1747048500,Very Low,10.523194,16.108568,Very Low,14.348525,58.1,11.028986,100,1747048500,10.507246
2025-05-12T11:19:43Z,0,29.864,74.4,56,67.6,11,10,235,70,0.0,255,32767,0.0,2127-15-31,0.0,0.16,26.24,0.0,0.0,0.0,0,4.828125,6,84,05:49,20:11,2025-05-12 11:19:42.828600,Città della Scienza,62.4,16.455578,11.036935,13.153994,11.842702,EU EEA Common AQI,71.6,14.803378,9.977951,7200,9.115942,100,100,61.9,8.405796,Very Low,71.6,15.149432,100,1747048500,Very Low,10.523194,16.108568,Very Low,14.348525,58.1,11.028986,100,1747048500,10.507246
2025-05-12T11:19:54Z,0,29.864,74.4,56,67.6,13,10,248,70,0.0,255,32767,0.0,2127-15-31,0.0,0.16,26.24,0.0,0.0,0.0,0,4.828125,6,84,05:49,20:11,2025-05-12 11:19:53.925592,Città della Scienza,62.4,16.455578,11.036935,13.153994,11.842702,EU EEA Common AQI,71.6,14.803378,9.977951,7200,9.115942,100,100,61.9,8.405796,Very Low,71.6,15.149432,100,1747048500,Very Low,10.523194,16.108568,Very Low,14.348525,58.1,11.028986,100,1747048500,10.507246
2025-05-12T11:20:05Z,0,29.864,74.4,56,67.6,13,10,236,70,0.0,255,32767,0.0,2127-15-31,0.0,0.16,26.24,0.0,0.0,0.0,0,4.828125,6,84,05:49,20:11,2025-05-12 11:20:05.023600,Città della Scienza,62.4,16.455578,11.036935,13.153994,11.842702,EU EEA Common AQI,71.6,14.803378,9.977951,7200,9.115942,100,100,61.9,8.405796,Very Low,71.6,15.149432,100,1747048500,Very Low,10.523194,16.108568,Very Low,14.348525,58.1,11.028986,100,1747048500,10.507246
2025-05-12T11:20:16Z,0,29.864,74.4,56,67.6,10,10,238,70,0.0,255,32767,0.0,2127-15-31,0.0,0.16,26.24,0.0,0.0,0.0,0,4.828125,6,84,05:49,20:11,2025-05-12 11:20:16.094594,Città della Scienza,62.4,16.455578,11.036935,13.153994,11.842702,EU EEA Common AQI,71.6,14.803378,9.977951,7200,9.115942,100,100,61.9,8.405796,Very Low,71.6,15.149432,100,1747048500,Very Low,10.523194,16.108568,Very Low,14.348525,58.1,11.028986,100,1747048500,10.507246
2025-05-12T11:20:27Z,0,29.864,74.4,56,67.6,8,10,224,70,0.0,255,32767,0.0,2127-15-31,0.0,0.16,26.24,0.0,0.0,0.0,0,4.828125,6,84,05:49,20:11,2025-05-12 11:20:27.167602,Città della Scienza,62.4,16.455578,11.036935,13.153994,11.842702,EU EEA Common AQI,71.6,14.803378,9.977951,7200,9.115942,100,100,61.9,8.405796,Very Low,71.6,15.149432,100,1747048500,Very Low,10.523194,16.108568,Very Low,14.348525,58.1,11.028986,100,1747048500,10.507246
2025-05-12T11:20:38Z,0,29.864,74.4,56,67.6,10,10,236,70,0.0,255,32767,0.0,2127-15-31,0.0,0.16,26.24,0.0,0.0,0.0,0,4.828125,6,84,05:49,20:11,2025-05-12 11:20:38.257562,Città della Scienza,62.4,16.455578,11.036935,13.153994,11.842702,EU EEA Common AQI,71.6,14.803378,9.977951,7200,9.115942,100,100,61.9,8.405796,Very Low,71.6,15.149432,100,1747048500,Very Low,10.523194,16.108568,Very Low,14.348525,58.1,11.028986,100,1747048500,10.507246
2025-05-12T11:20:49Z,0,29.864,74.4,56,67.6,10,10,234,70,0.0,255,32767,0.0,2127-15-31,0.0,0.16,26.24,0.0,0.0,0.0,0,4.828125,6,84,05:49,20:11,2025-05-12 11:20:49.401594,Città della Scienza,62.4,16.455578,11.036935,13.153994,11.842702,EU EEA Common AQI,71.6,14.803378,9.977951,7200,9.115942,100,100,61.9,8.405796,Very Low,71.6,15.149432,100,1747048500,Very Low,10.523194,16.108568,Very Low,14.348525,58.1,11.028986,100,1747048500,10.507246
2025-05-12T11:21:00Z,0,29.864,74.4,56,67.6,10,10,245,70,0.0,255,32767,0.0,2127-15-31,0.0,0.16,26.24,0.0,0.0,0.0,0,4.828125,6,84,05:49,20:11,2025-05-12 11:21:00.508608,Città della Scienza,62.4,16.455578,11.036935,13.153994,11.842702,EU EEA Common AQI,71.6,14.803378,9.977951,7200,9.115942,100,100,61.9,8.405796,Very Low,71.6,15.149432,100,1747048500,Very Low,10.523194,16.108568,Very Low,14.348525,58.1,11.028986,100,1747048500,10.507246
2025-05-12T11:21:11Z,0,29.864,74.4,56,67.6,10,10,247,70,0.0,255,32767,0.0,2127-15-31,0.0,0.16,26.24,0.0,0.0,0.0,0,4.828125,6,84,05:49,20:11,2025-05-12 11:21:11.608620,Città della Scienza,62.4,16.455578,11.036935,13.153994,11.842702,EU EEA Common AQI,71.6,14.803378,9.977951,7200,9.115942,100,100,61.9,8.405796,Very Low,71.6,15.149432,100,1747048500,Very Low,10.523194,16.108568,Very Low,14.348525,58.1,11.028986,100,1747048500,10.507246
2025-05-12T11:21:22Z,0,29.864,74.4,56,67.6,9,10,250,70,0.0,255,32767,0.0,2127-15-31,0.0,0.16,26.24,0.0,0.0,0.0,0,4.828125,6,84,05:49,20:11,2025-05-12 11:21:22.706562,Città della Scienza,62.4,16.455578,11.036935,13.153994,11.842702,EU EEA Common AQI,71.6,14.803378,9.977951,7200,9.115942,100,100,61.9,8.405796,Very Low,71.6,15.149432,100,1747048500,Very Low,10.523194,16.108568,Very Low,14.348525,58.1,11.028986,100,1747048500,10.507246
2025-05-12T11:21:34Z,0,29.866,74.4,56,67.6,9,10,230,70,0.0,255,32767,0.0,2127-15-31,0.0,0.16,26.24,0.0,0.0,0.0,0,4.828125,6,84,05:49,20:11,2025-05-12 11:21:33.819591,Città della Scienza,62.4,16.455578,11.036935,13.153994,11.842702,EU EEA Common AQI,71.6,14.803378,9.977951,7200,9.115942,100,100,61.9,8.405796,Very Low,71.6,15.149432,100,1747048500,Very Low,10.523194,16.108568,Very Low,14.348525,58.1,11.028986,100,1747048500,10.507246
2025-05-12T11:21:45Z,0,29.866,74.4,56,67.6,9,10,254,70,0.0,255,32767,0.0,2127-15-31,0.0,0.16,26.24,0.0,0.0,0.0,0,4.828125,6,84,05:49,20:11,2025-05-12 11:21:44.907606,Città della Scienza,62.4,16.455578,11.036935,13.153994,11.842702,EU EEA Common AQI,71.6,14.803378,9.977951,7200,9.115942,100,100,61.9,8.405796,Very Low,71.6,15.149432,100,1747048500,Very Low,10.523194,16.108568,Very Low,14.348525,58.1,11.028986,100,1747048500,10.507246
2025-05-12T11:21:56Z,0,29.866,74.4,56,67.6,10,10,239,70,0.0,255,32767,0.0,2127-15-31,0.0,0.16,26.24,0.0,0.0,0.0,0,4.828125,6,84,05:49,20:11,2025-05-12 11:21:55.990622,Città della Scienza,62.4,16.455578,11.036935,13.153994,11.842702,EU EEA Common AQI,71.6,14.803378,9.977951,7200,9.115942,100,100,61.9,8.405796,Very Low,71.6,15.149432,100,1747048500,Very Low,10.523194,16.108568,Very Low,14.348525,58.1,11.028986,100,1747048500,10.507246
2025-05-12T11:22:07Z,0,29.866,74.4,56,67.6,10,10,242,70,0.0,255,32767,0.0,2127-15-31,0.0,0.16,26.24,0.0,0.0,0.0,0,4.828125,6,84,05:49,20:11,2025-05-12 11:22:07.058551,Città della Scienza,62.4,16.455578,11.036935,13.153994,11.842702,EU EEA Common AQI,71.6,14.803378,9.977951,7200,9.115942,100,100,61.9,8.405796,Very Low,71.6,15.149432,100,1747048500,Very Low,10.523194,16.108568,Very Low,14.348525,58.1,11.028986,100,1747048500,10.507246
2025-05-12T11:22:18Z,0,29.866,74.4,56,67.6,9,10,244,70,0.0,255,32767,0.0,2127-15-31,0.0,0.16,26.24,0.0,0.0,0.0,0,4.828125,6,84,05:49,20:11,2025-05-12 11:22:18.115596,Città della Scienza,62.4,16.455578,11.036935,13.153994,11.842702,EU EEA Common AQI,71.6,14.803378,9.977951,7200,9.115942,100,100,61.9,8.405796,Very Low,71.6,15.149432,100,1747048500,Very Low,10.523194,16.108568,Very Low,14.348525,58.1,11.028986,100,1747048500,10.507246
2025-05-12T11:22:29Z,0,29.866,74.4,56,67.6,11,10,254,70,0.0,255,32767,0.0,2127-15-31,0.0,0.16,26.24,0.0,0.0,0.0,0,4.828125,6,84,05:49,20:11,2025-05-12 11:22:29.245602,Città della Scienza,62.4,16.455578,11.036935,13.153994,11.842702,EU EEA Common AQI,71.6,14.803378,9.977951,7200,9.115942,100,100,61.9,8.405796,Very Low,71.6,15.149432,100,1747048500,Very Low,10.523194,16.108568,Very Low,14.348525,58.1,11.028986,100,1747048500,10.507246
2025-05-12T11:22:40Z,0,29.865,74.4,56,67.6,8,10,255,70,0.0,255,32767,0.0,2127-15-31,0.0,0.16,26.24,0.0,0.0,0.0,0,4.828125,6,84,05:49,20:11,2025-05-12 11:22:40.557573,Città della Scienza,62.4,16.455578,11.036935,13.153994,11.842702,EU EEA Common AQI,71.6,14.803378,9.977951,7200,9.115942,100,100,61.9,8.405796,Very Low,71.6,15.149432,100,1747048500,Very Low,10.523194,16.108568,Very Low,14.348525,58.1,11.028986,100,1747048500,10.507246
2025-05-12T11:22:51Z,0,29.865,74.4,56,67.6,8,10,252,70,0.0,255,32767,0.0,2127-15-31,0.0,0.16,26.24,0.0,0.0,0.0,0,4.828125,6,84,05:49,20:11,2025-05-12 11:22:51.624593,Città della Scienza,62.4,16.455578,11.036935,13.153994,11.842702,EU EEA Common AQI,71.6,14.803378,9.977951,7200,9.115942,100,100,61.9,8.405796,Very Low,71.6,15.149432,100,1747048500,Very Low,10.523194,16.108568,Very Low,14.348525,58.1,11.028986,100,1747048500,10.507246
2025-05-12T11:23:02Z,0,29.865,74.4,56,67.7,9,10,252,70,0.0,255,32767,0.0,2127-15-31,0.0,0.16,26.24,0.0,0.0,0.0,0,4.828125,6,84,05:49,20:11,2025-05-12 11:23:02.739580,Città della Scienza,62.4,16.455578,11.036935,13.153994,11.842702,EU EEA Common AQI,71.6,14.803378,9.977951,7200,9.115942,100,100,61.9,8.405796,Very Low,71.6,15.149432,100,1747048500,Very Low,10.523194,16.108568,Very Low,14.348525,58.1,11.028986,100,1747048500,10.507246
2025-05-12T11:23:14Z,0,29.865,74.4,56,67.7,9,10,248,70,0.0,255,32767,0.0,2127-15-31,0.0,0.16,26.24,0.0,0.0,0.0,0,4.828125,6,84,05:49,20:11,2025-05-12 11:23:13.845570,Città della Scienza,62.4,16.455578,11.036935,13.153994,11.842702,EU EEA Common AQI,71.6,14.803378,9.977951,7200,9.115942,100,100,61.9,8.405796,Very Low,71.6,15.149432,100,1747048500,Very Low,10.523194,16.108568,Very Low,14.348525,58.1,11.028986,100,1747048500,10.507246
2025-05-12T11:23:25Z,0,29.865,74.4,56,67.6,8,10,242,70,0.0,255,32767,0.0,2127-15-31,0.0,0.16,26.24,0.0,0.0,0.0,0,4.828125,6,84,05:49,20:11,2025-05-12 11:23:24.884605,Città della Scienza,62.4,16.455578,11.036935,13.153994,11.842702,EU EEA Common AQI,71.6,14.803378,9.977951,7200,9.115942,100,100,61.9,8.405796,Very Low,71.6,15.149432,100,1747048500,Very Low,10.523194,16.108568,Very Low,14.348525,58.1,11.028986,100,1747048500,10.507246
2025-05-12T11:23:36Z,0,29.862,74.5,56,67.7,10,10,242,70,0.0,255,32767,0.0,2127-15-31,0.0,0.16,26.24,0.0,0.0,0.0,0,4.828125,6,84,05:49,20:11,2025-05-12 11:23:36.012605,Città della Scienza,62.4,16.455578,11.036935,13.153994,11.842702,EU EEA Common AQI,71.6,14.803378,9.977951,7200,9.115942,100,100,61.9,8.405796,Very Low,71.6,15.149432,100,1747048500,Very Low,10.523194,16.108568,Very Low,14.348525,58.1,11.028986,100,1747048500,10.507246
2025-05-12T11:23:47Z,0,29.862,74.5,56,67.7,9,10,252,70,0.0,255,32767,0.0,2127-15-31,0.0,0.16,26.24,0.0,0.0,0.0,0,4.828125,6,84,05:49,20:11,2025-05-12 11:23:47.070594,Città della Scienza,62.4,16.455578,11.036935,13.153994,11.842702,EU EEA Common AQI,71.6,14.803378,9.977951,7200,9.115942,100,100,61.9,8.405796,Very Low,71.6,15.149432,100,1747048500,Very Low,10.523194,16.108568,Very Low,14.348525,58.1,11.028986,100,1747048500,10.507246
2025-05-12T11:23:58Z,0,29.862,74.5,56,67.7,10,10,254,70,0.0,255,32767,0.0,2127-15-31,0.0,0.16,26.24,0.0,0.0,0.0,0,4.828125,6,84,05:49,20:11,2025-05-12 11:23:58.168564,Città della Scienza,62.4,16.455578,11.036935,13.153994,11.842702,EU EEA Common AQI,71.6,14.803378,9.977951,7200,9.115942,100,100,61.9,8.405796,Very Low,71.6,15.149432,100,1747048500,Very Low,10.523194,16.108568,Very Low,14.348525,58.1,11.028986,100,1747048500,10.507246
2025-05-12T11:24:09Z,0,29.862,74.5,56,67.7,6,10,236,70,0.0,255,32767,0.0,2127-15-31,0.0,0.16,26.24,0.0,0.0,0.0,0,4.828125,6,84,05:49,20:11,2025-05-12 11:24:09.212600,Città della Scienza,62.4,16.455578,11.036935,13.153994,11.842702,EU EEA Common AQI,71.6,14.803378,9.977951,7200,9.115942,100,100,61.9,8.405796,Very Low,71.6,15.149432,100,1747048500,Very Low,10.523194,16.108568,Very Low,14.348525,58.1,11.028986,100,1747048500,10.507246
2025-05-12T11:24:20Z,0,29.862,74.5,56,67.7,9,10,240,70,0.0,255,32767,0.0,2127-15-31,0.0,0.16,26.24,0.0,0.0,0.0,0,4.828125,6,84,05:49,20:11,2025-05-12 11:24:20.345587,Città della Scienza,62.4,16.455578,11.036935,13.153994,11.842702,EU EEA Common AQI,71.6,14.803378,9.977951,7200,9.115942,100,100,61.9,8.405796,Very Low,71.6,15.149432,100,1747048500,Very Low,10.523194,16.108568,Very Low,14.348525,58.1,11.028986,100,1747048500,10.507246
2025-05-12T11:24:31Z,0,29.862,74.5,56,67.7,10,10,242,70,0.0,255,32767,0.0,2127-15-31,0.0,0.16,26.24,0.0,0.0,0.0,0,4.828125,6,84,05:49,20:11,2025-05-12 11:24:31.449599,Città della Scienza,62.4,16.455578,11.036935,13.153994,11.842702,EU EEA Common AQI,71.6,14.803378,9.977951,7200,9.115942,100,100,61.9,8.405796,Very Low,71.6,15.149432,100,1747048500,Very Low,10.523194,16.108568,Very Low,14.348525,58.1,11.028986,100,1747048500,10.507246
2025-05-12T11:24:42Z,0,29.862,74.5,56,67.7,11,10,229,70,0.0,255,32767,0.0,2127-15-31,0.0,0.16,26.24,0.0,0.0,0.0,0,4.828125,6,84,05:49,20:11,2025-05-12 11:24:42.539598,Città della Scienza,62.4,16.455578,11.036935,13.153994,11.842702,EU EEA Common AQI,71.6,14.803378,9.977951,7200,9.115942,100,100,61.9,8.405796,Very Low,71.6,15.149432,100,1747048500,Very Low,10.523194,16.108568,Very Low,14.348525,58.1,11.028986,100,1747048500,10.507246
2025-05-12T11:24:53Z,0,29.862,74.5,56,67.7,12,10,237,70,0.0,255,32767,0.0,2127-15-31,0.0,0.16,26.24,0.0,0.0,0.0,0,4.828125,6,84,05:49,20:11,2025-05-12 11:24:53.625595,Città della Scienza,62.4,16.455578,11.036935,13.153994,11.842702,EU EEA Common AQI,71.6,14.803378,9.977951,7200,9.115942,100,100,61.9,8.405796,Very Low,71.6,15.149432,100,1747048500,Very Low,10.523194,16.108568,Very Low,14.348525,58.1,11.028986,100,1747048500,10.507246
2025-05-12T11:25:04Z,0,29.862,74.5,56,67.8,9,10,221,70,0.0,255,32767,0.0,2127-15-31,0.0,0.16,26.24,0.0,0.0,0.0,0,4.828125,6,84,05:49,20:11,2025-05-12 11:25:04.674592,Città della Scienza,62.4,16.455578,11.036935,13.153994,11.842702,EU EEA Common AQI,71.6,14.803378,9.977951,7200,9.115942,100,100,61.9,8.405796,Very Low,71.6,15.149432,100,1747048500,Very Low,10.523194,16.108568,Very Low,14.348525,58.1,11.028986,100,1747048500,10.507246
2025-05-12T11:25:15Z,0,29.862,74.5,56,67.8,9,10,234,70,0.0,255,32767,0.0,2127-15-31,0.0,0.16,26.24,0.0,0.0,0.0,0,4.828125,6,84,05:49,20:11,2025-05-12 11:25:15.751608,Città della Scienza,62.4,16.455578,11.036935,13.153994,11.842702,EU EEA Common AQI,71.6,14.803378,9.977951,7200,9.115942,100,100,61.9,8.405796,Very Low,71.6,15.149432,100,1747048500,Very Low,10.523194,16.108568,Very Low,14.348525,58.1,11.028986,100,1747048500,10.507246
2025-05-12T11:25:27Z,0,29.862,74.5,56,67.8,8,10,230,70,0.0,255,32767,0.0,2127-15-31,0.0,0.16,26.24,0.0,0.0,0.0,0,4.828125,6,84,05:49,20:11,2025-05-12 11:25:26.840596,Città della Scienza,62.4,16.455578,11.036935,13.153994,11.842702,EU EEA Common AQI,71.6,14.803378,9.977951,7200,9.115942,100,100,61.9,8.405796,Very Low,71.6,15.149432,100,1747048500,Very Low,10.523194,16.108568,Very Low,14.348525,58.1,11.028986,100,1747048500,10.507246
2025-05-12T11:25:38Z,0,29.862,74.4,56,67.9,6,10,240,70,0.0,255,32767,0.0,2127-15-31,0.0,0.16,26.24,0.0,0.0,0.0,0,4.828125,6,84,05:49,20:11,2025-05-12 11:25:37.878603,Città della Scienza,62.4,16.455578,11.036935,13.153994,11.842702,EU EEA Common AQI,71.6,14.803378,9.977951,7200,9.115942,100,100,61.9,8.405796,Very Low,71.6,15.149432,100,1747048500,Very Low,10.523194,16.108568,Very Low,14.348525,58.1,11.028986,100,1747048500,10.507246
2025-05-12T11:25:49Z,0,29.862,74.4,56,67.8,9,10,246,70,0.0,255,32767,0.0,2127-15-31,0.0,0.16,26.24,0.0,0.0,0.0,0,4.828125,6,84,05:49,20:11,2025-05-12 11:25:48.903590,Città della Scienza,62.4,16.455578,11.036935,13.153994,11.842702,EU EEA Common AQI,71.6,14.803378,9.977951,7200,9.115942,100,100,61.9,8.405796,Very Low,71.6,15.149432,100,1747048500,Very Low,10.523194,16.108568,Very Low,14.348525,58.1,11.028986,100,1747048500,10.507246
2025-05-12T11:26:00Z,0,29.862,74.4,56,67.8,9,10,243,70,0.0,255,32767,0.0,2127-15-31,0.0,0.16,26.24,0.0,0.0,0.0,0,4.828125,6,84,05:49,20:11,2025-05-12 11:25:59.979610,Città della Scienza,62.4,16.455578,11.036935,13.153994,11.842702,EU EEA Common AQI,71.6,14.803378,9.977951,7200,9.115942,100,100,61.9,8.405796,Very Low,71.6,15.149432,100,1747048500,Very Low,10.523194,16.108568,Very Low,14.348525,58.1,11.028986,100,1747048500,10.507246
2025-05-12T11:26:11Z,0,29.862,74.4,56,67.8,8,10,243,70,0.0,255,32767,0.0,2127-15-31,0.0,0.16,26.24,0.0,0.0,0.0,0,4.828125,6,84,05:49,20:11,2025-05-12 11:26:11.057571,Città della Scienza,62.4,16.455578,11.036935,13.153994,11.842702,EU EEA Common AQI,71.6,14.803378,9.977951,7200,9.115942,100,100,61.9,8.405796,Very Low,71.6,15.149432,100,1747048500,Very Low,10.523194,16.108568,Very Low,14.348525,58.1,11.028986,100,1747048500,10.507246
2025-05-12T11:26:22Z,0,29.862,74.4,56,67.8,7,10,234,70,0.0,255,32767,0.0,2127-15-31,0.0,0.16,26.24,0.0,0.0,0.0,0,4.828125,6,84,05:49,20:11,2025-05-12 11:26:22.135604,Città della Scienza,62.4,16.455578,11.036935,13.153994,11.842702,EU EEA Common AQI,71.6,14.803378,9.977951,7200,9.115942,100,100,61.9,8.405796,Very Low,71.6,15.149432,100,1747048500,Very Low,10.523194,16.108568,Very Low,14.348525,58.1,11.028986,100,1747048500,10.507246
2025-05-12T11:26:33Z,0,29.863,74.5,56,67.9,11,10,238,70,0.0,255,32767,0.0,2127-15-31,0.0,0.16,26.24,0.0,0.0,0.0,0,4.828125,6,84,05:49,20:11,2025-05-12 11:26:33.246588,Città della Scienza,62.4,16.455578,11.036935,13.153994,11.842702,EU EEA Common AQI,71.6,14.803378,9.977951,7200,9.115942,100,100,61.9,8.405796,Very Low,71.6,15.149432,100,1747048500,Very Low,10.523194,16.108568,Very Low,14.348525,58.1,11.028986,100,1747048500,10.507246
2025-05-12T11:26:58Z,0,29.863,74.5,56,67.9,8,10,255,70,0.0,255,32767,0.0,2127-15-31,0.0,0.16,26.24,0.0,0.0,0.0,0,4.828125,6,84,05:49,20:11,2025-05-12 11:26:57.873593,Città della Scienza,62.4,16.455578,11.036935,13.153994,11.842702,EU EEA Common AQI,71.6,14.803378,9.977951,7200,9.115942,100,100,61.9,8.405796,Very Low,71.6,15.149432,100,1747048500,Very Low,10.523194,16.108568,Very Low,14.348525,58.1,11.028986,100,1747048500,10.507246
2025-05-12T11:27:09Z,0,29.863,74.5,56,67.9,11,10,248,70,0.0,255,32767,0.0,2127-15-31,0.0,0.16,26.24,0.0,0.0,0.0,0,4.828125,6,84,05:49,20:11,2025-05-12 11:27:08.986591,Città della Scienza,62.4,16.455578,11.036935,13.153994,11.842702,EU EEA Common AQI,71.6,14.803378,9.977951,7200,9.115942,100,100,61.9,8.405796,Very Low,71.6,15.149432,100,1747048500,Very Low,10.523194,16.108568,Very Low,14.348525,58.1,11.028986,100,1747048500,10.507246
2025-05-12T11:27:20Z,0,29.863,74.5,56,67.9,9,10,269,70,0.0,255,32767,0.0,2127-15-31,0.0,0.16,26.24,0.0,0.0,0.0,0,4.828125,6,84,05:49,20:11,2025-05-12 11:27:20.047620,Città della Scienza,62.4,16.455578,11.036935,13.153994,11.842702,EU EEA Common AQI,71.6,14.803378,9.977951,7200,9.115942,100,100,61.9,8.405796,Very Low,71.6,15.149432,100,1747048500,Very Low,10.523194,16.108568,Very Low,14.348525,58.1,11.028986,100,1747048500,10.507246
2025-05-12T11:27:31Z,0,29.863,74.5,56,67.9,9,10,248,70,0.0,255,32767,0.0,2127-15-31,0.0,0.16,26.24,0.0,0.0,0.0,0,4.828125,6,84,05:49,20:11,2025-05-12 11:27:31.104558,Città della Scienza,62.4,16.455578,11.036935,13.153994,11.842702,EU EEA Common AQI,71.6,14.803378,9.977951,7200,9.115942,100,100,61.9,8.405796,Very Low,71.6,15.149432,100,1747048500,Very Low,10.523194,16.108568,Very Low,14.348525,58.1,11.028986,100,1747048500,10.507246
2025-05-12T11:27:42Z,0,29.862,74.5,56,67.9,8,9,245,70,0.0,255,32767,0.0,2127-15-31,0.0,0.16,26.24,0.0,0.0,0.0,0,4.828125,6,84,05:49,20:11,2025-05-12 11:27:42.234596,Città della Scienza,62.4,16.455578,11.036935,13.153994,11.842702,EU EEA Common AQI,71.6,14.803378,9.977951,7200,9.115942,100,100,61.9,8.405796,Very Low,71.6,15.149432,100,1747048500,Very Low,10.523194,16.108568,Very Low,14.348525,58.1,11.028986,100,1747048500,10.507246
2025-05-12T11:27:53Z,0,29.862,74.5,56,67.9,10,9,248,70,0.0,255,32767,0.0,2127-15-31,0.0,0.16,26.24,0.0,0.0,0.0,0,4.828125,6,84,05:49,20:11,2025-05-12 11:27:53.351600,Città della Scienza,62.4,16.455578,11.036935,13.153994,11.842702,EU EEA Common AQI,71.6,14.803378,9.977951,7200,9.115942,100,100,61.9,8.405796,Very Low,71.6,15.149432,100,1747048500,Very Low,10.523194,16.108568,Very Low,14.348525,58.1,11.028986,100,1747048500,10.507246
2025-05-12T11:28:04Z,0,29.862,74.5,56,67.9,5,9,245,70,0.0,255,32767,0.0,2127-15-31,0.0,0.16,26.24,0.0,0.0,0.0,0,4.828125,6,84,05:49,20:11,2025-05-12 11:28:04.404561,Città della Scienza,62.4,16.455578,11.036935,13.153994,11.842702,EU EEA Common AQI,71.6,14.803378,9.977951,7200,9.115942,100,100,61.9,8.405796,Very Low,71.6,15.149432,100,1747048500,Very Low,10.523194,16.108568,Very Low,14.348525,58.1,11.028986,100,1747048500,10.507246
2025-05-12T11:28:15Z,0,29.862,74.5,56,67.9,8,9,230,70,0.0,255,32767,0.0,2127-15-31,0.0,0.16,26.24,0.0,0.0,0.0,0,4.828125,6,84,05:49,20:11,2025-05-12 11:28:15.511592,Città della Scienza,62.4,16.455578,11.036935,13.153994,11.842702,EU EEA Common AQI,71.6,14.803378,9.977951,7200,9.115942,100,100,61.9,8.405796,Very Low,71.6,15.149432,100,1747048500,Very Low,10.523194,16.108568,Very Low,14.348525,58.1,11.028986,100,1747048500,10.507246
2025-05-12T11:28:26Z,0,29.862,74.5,56,67.9,11,9,246,70,0.0,255,32767,0.0,2127-15-31,0.0,0.16,26.24,0.0,0.0,0.0,0,4.828125,6,84,05:49,20:11,2025-05-12 11:28:26.594612,Città della Scienza,62.4,16.455578,11.036935,13.153994,11.842702,EU EEA Common AQI,71.6,14.803378,9.977951,7200,9.115942,100,100,61.9,8.405796,Very Low,71.6,15.149432,100,1747048500,Very Low,10.523194,16.108568,Very Low,14.348525,58.1,11.028986,100,1747048500,10.507246
2025-05-12T11:28:37Z,0,29.864,74.5,56,67.9,9,9,244,70,0.0,255,32767,0.0,2127-15-31,0.0,0.16,26.24,0.0,0.0,0.0,0,4.828125,6,84,05:49,20:11,2025-05-12 11:28:37.662581,Città della Scienza,62.4,16.455578,11.036935,13.153994,11.842702,EU EEA Common AQI,71.6,14.803378,9.977951,7200,9.115942,100,100,61.9,8.405796,Very Low,71.6,15.149432,100,1747048500,Very Low,10.523194,16.108568,Very Low,14.348525,58.1,11.028986,100,1747048500,10.507246
2025-05-12T11:28:48Z,0,29.864,74.5,56,67.9,11,9,246,70,0.0,255,32767,0.0,2127-15-31,0.0,0.16,26.24,0.0,0.0,0.0,0,4.828125,6,84,05:49,20:11,2025-05-12 11:28:48.753600,Città della Scienza,62.4,16.455578,11.036935,13.153994,11.842702,EU EEA Common AQI,71.6,14.803378,9.977951,7200,9.115942,100,100,61.9,8.405796,Very Low,71.6,15.149432,100,1747048500,Very Low,10.523194,16.108568,Very Low,14.348525,58.1,11.028986,100,1747048500,10.507246
2025-05-12T11:29:00Z,0,29.864,74.5,56,67.9,11,9,244,70,0.0,255,32767,0.0,2127-15-31,0.0,0.16,26.24,0.0,0.0,0.0,0,4.828125,6,84,05:49,20:11,2025-05-12 11:28:59.865599,Città della Scienza,62.4,16.455578,11.036935,13.153994,11.842702,EU EEA Common AQI,71.6,14.803378,9.977951,7200,9.115942,100,100,61.9,8.405796,Very Low,71.6,15.149432,100,1747048500,Very Low,10.523194,16.108568,Very Low,14.348525,58.1,11.028986,100,1747048500,10.507246
2025-05-12T11:29:11Z,0,29.864,74.5,56,67.9,11,9,242,70,0.0,255,32767,0.0,2127-15-31,0.0,0.16,26.24,0.0,0.0,0.0,0,4.828125,6,84,05:49,20:11,2025-05-12 11:29:10.956661,Città della Scienza,62.4,16.455578,11.036935,13.153994,11.842702,EU EEA Common AQI,71.6,14.803378,9.977951,7200,9.115942,100,100,61.9,8.405796,Very Low,71.6,15.149432,100,1747048500,Very Low,10.523194,16.108568,Very Low,14.348525,58.1,11.028986,100,1747048500,10.507246
2025-05-12T11:29:22Z,0,29.864,74.5,56,67.9,7,9,230,70,0.0,255,32767,0.0,2127-15-31,0.0,0.16,26.24,0.0,0.0,0.0,0,4.828125,6,84,05:49,20:11,2025-05-12 11:29:22.086607,Città della Scienza,62.4,16.455578,11.036935,13.153994,11.842702,EU EEA Common AQI,71.6,14.803378,9.977951,7200,9.115942,100,100,61.9,8.405796,Very Low,71.6,15.149432,100,1747048500,Very Low,10.523194,16.108568,Very Low,14.348525,58.1,11.028986,100,1747048500,10.507246
2025-05-12T11:29:33Z,0,29.862,74.5,56,67.9,11,9,240,70,0.0,255,32767,0.0,2127-15-31,0.0,0.16,26.24,0.0,0.0,0.0,0,4.828125,6,84,05:49,20:11,2025-05-12 11:29:33.157594,Città della Scienza,62.4,16.455578,11.036935,13.153994,11.842702,EU EEA Common AQI,71.6,14.803378,9.977951,7200,9.115942,100,100,61.9,8.405796,Very Low,71.6,15.149432,100,1747048500,Very Low,10.523194,16.108568,Very Low,14.348525,58.1,11.028986,100,1747048500,10.507246
2025-05-12T11:29:44Z,0,29.862,74.5,56,67.9,10,9,249,70,0.0,255,32767,0.0,2127-15-31,0.0,0.16,26.24,0.0,0.0,0.0,0,4.828125,6,84,05:49,20:11,2025-05-12 11:29:44.255587,Città della Scienza,62.4,16.455578,11.036935,13.153994,11.842702,EU EEA Common AQI,71.6,14.803378,9.977951,7200,9.115942,100,100,61.9,8.405796,Very Low,71.6,15.149432,100,1747048500,Very Low,10.523194,16.108568,Very Low,14.348525,58.1,11.028986,100,1747048500,10.507246
2025-05-12T11:29:55Z,0,29.862,74.5,56,67.9,8,9,229,70,0.0,255,32767,0.0,2127-15-31,0.0,0.16,26.24,0.0,0.0,0.0,0,4.828125,6,84,05:49,20:11,2025-05-12 11:29:55.572592,Città della Scienza,62.4,16.455578,11.036935,13.153994,11.842702,EU EEA Common AQI,71.6,14.803378,9.977951,7200,9.115942,100,100,61.9,8.405796,Very Low,71.6,15.149432,100,1747048500,Very Low,10.523194,16.108568,Very Low,14.348525,58.1,11.028986,100,1747048500,10.507246
2025-05-12T11:30:06Z,0,29.862,74.5,56,67.9,10,9,246,70,0.0,255,32767,0.0,2127-15-31,0.0,0.16,26.24,0.0,0.0,0.0,0,4.828125,6,84,05:49,20:11,2025-05-12 11:30:06.677560,Città della Scienza,62.4,16.455578,11.036935,13.153994,11.842702,EU EEA Common AQI,71.6,14.803378,9.977951,7200,9.115942,100,100,61.9,8.405796,Very Low,71.6,15.149432,100,1747048500,Very Low,10.523194,16.108568,Very Low,14.348525,58.1,11.028986,100,1747048500,10.507246
2025-05-12T11:30:17Z,0,29.862,74.5,56,67.9,9,9,240,70,0.0,255,32767,0.0,2127-15-31,0.0,0.16,26.24,0.0,0.0,0.0,0,4.828125,6,84,05:49,20:11,2025-05-12 11:30:17.756586,Città della Scienza,62.4,16.455578,11.036935,13.153994,11.842702,EU EEA Common AQI,71.6,14.803378,9.977951,7200,9.115942,100,100,61.9,8.405796,Very Low,71.6,15.149432,100,1747048500,Very Low,10.523194,16.108568,Very Low,14.348525,58.1,11.028986,100,1747048500,10.507246
2025-05-12T11:30:29Z,0,29.862,74.5,56,67.9,12,9,251,70,0.0,255,32767,0.0,2127-15-31,0.0,0.16,26.24,0.0,0.0,0.0,0,4.828125,6,84,05:49,20:11,2025-05-12 11:30:28.871598,Città della Scienza,61.7,15.66376,11.036546,12.601199,11.380001,EU EEA Common AQI,71.5,14.225001,9.980089,7200,9.357142,100,100,61.6,7.828571,Very Low,71.6,14.41016,100,1747049400,Very Low,10.080958,15.5037,Very Low,13.783693,57.7,11.957143,100,1747049400,9.785714
2025-05-12T11:30:40Z,0,29.861,74.5,56,67.9,7,9,246,70,0.0,255,32767,0.0,2127-15-31,0.0,0.16,26.24,0.0,0.0,0.0,0,4.828125,6,84,05:49,20:11,2025-05-12 11:30:39.987593,Città della Scienza,61.7,15.66376,11.036546,12.601199,11.380001,EU EEA Common AQI,71.5,14.225001,9.980089,7200,9.357142,100,100,61.6,7.828571,Very Low,71.6,14.41016,100,1747049400,Very Low,10.080958,15.5037,Very Low,13.783693,57.7,11.957143,100,1747049400,9.785714
2025-05-12T11:30:51Z,0,29.861,74.5,56,67.9,13,9,242,70,0.0,255,32767,0.0,2127-15-31,0.0,0.16,26.24,0.0,0.0,0.0,0,4.828125,6,84,05:49,20:11,2025-05-12 11:30:51.106597,Città della Scienza,61.7,15.66376,11.036546,12.601199,11.380001,EU EEA Common AQI,71.5,14.225001,9.980089,7200,9.357142,100,100,61.6,7.828571,Very Low,71.6,14.41016,100,1747049400,Very Low,10.080958,15.5037,Very Low,13.783693,57.7,11.957143,100,1747049400,9.785714
2025-05-12T11:31:02Z,0,29.861,74.5,56,67.9,11,9,248,70,0.0,255,32767,0.0,2127-15-31,0.0,0.16,26.24,0.0,0.0,0.0,0,4.828125,6,84,05:49,20:11,2025-05-12 11:31:02.174606,Città della Scienza,61.7,15.66376,11.036546,12.601199,11.380001,EU EEA Common AQI,71.5,14.225001,9.980089,7200,9.357142,100,100,61.6,7.828571,Very Low,71.6,14.41016,100,1747049400,Very Low,10.080958,15.5037,Very Low,13.783693,57.7,11.957143,100,1747049400,9.785714
2025-05-12T11:31:13Z,0,29.861,74.5,56,67.9,9,9,244,70,0.0,255,32767,0.0,2127-15-31,0.0,0.16,26.24,0.0,0.0,0.0,0,4.828125,6,84,05:49,20:11,2025-05-12 11:31:13.235568,Città della Scienza,61.7,15.66376,11.036546,12.601199,11.380001,EU EEA Common AQI,71.5,14.225001,9.980089,7200,9.357142,100,100,61.6,7.828571,Very Low,71.6,14.41016,100,1747049400,Very Low,10.080958,15.5037,Very Low,13.783693,57.7,11.957143,100,1747049400,9.785714
2025-05-12T11:31:24Z,0,29.861,74.5,56,67.8,10,9,240,70,0.0,255,32767,0.0,2127-15-31,0.0,0.16,26.24,0.0,0.0,0.0,0,4.828125,6,84,05:49,20:11,2025-05-12 11:31:24.295605,Città della Scienza,61.7,15.66376,11.036546,12.601199,11.380001,EU EEA Common AQI,71.5,14.225001,9.980089,7200,9.357142,100,100,61.6,7.828571,Very Low,71.6,14.41016,100,1747049400,Very Low,10.080958,15.5037,Very Low,13.783693,57.7,11.957143,100,1747049400,9.785714
2025-05-12T11:31:35Z,0,29.861,74.6,56,67.7,12,9,242,70,0.0,255,32767,0.0,2127-15-31,0.0,0.16,26.24,0.0,0.0,0.0,0,4.828125,6,84,05:49,20:11,2025-05-12 11:31:35.406604,Città della Scienza,61.7,15.66376,11.036546,12.601199,11.380001,EU EEA Common AQI,71.5,14.225001,9.980089,7200,9.357142,100,100,61.6,7.828571,Very Low,71.6,14.41016,100,1747049400,Very Low,10.080958,15.5037,Very Low,13.783693,57.7,11.957143,100,1747049400,9.785714
2025-05-12T11:31:46Z,0,29.861,74.6,56,67.8,11,9,241,70,0.0,255,32767,0.0,2127-15-31,0.0,0.16,26.24,0.0,0.0,0.0,0,4.828125,6,84,05:49,20:11,2025-05-12 11:31:46.507601,Città della Scienza,61.7,15.66376,11.036546,12.601199,11.380001,EU EEA Common AQI,71.5,14.225001,9.980089,7200,9.357142,100,100,61.6,7.828571,Very Low,71.6,14.41016,100,1747049400,Very Low,10.080958,15.5037,Very Low,13.783693,57.7,11.957143,100,1747049400,9.785714
2025-05-12T11:31:57Z,0,29.861,74.6,56,67.8,12,9,235,70,0.0,255,32767,0.0,2127-15-31,0.0,0.16,26.24,0.0,0.0,0.0,0,4.828125,6,84,05:49,20:11,2025-05-12 11:31:57.553593,Città della Scienza,61.7,15.66376,11.036546,12.601199,11.380001,EU EEA Common AQI,71.5,14.225001,9.980089,7200,9.357142,100,100,61.6,7.828571,Very Low,71.6,14.41016,100,1747049400,Very Low,10.080958,15.5037,Very Low,13.783693,57.7,11.957143,100,1747049400,9.785714
2025-05-12T11:32:09Z,0,29.861,74.6,56,67.7,10,9,238,70,0.0,255,32767,0.0,2127-15-31,0.0,0.16,26.24,0.0,0.0,0.0,0,4.828125,6,84,05:49,20:11,2025-05-12 11:32:08.828602,Città della Scienza,61.7,15.66376,11.036546,12.601199,11.380001,EU EEA Common AQI,71.5,14.225001,9.980089,7200,9.357142,100,100,61.6,7.828571,Very Low,71.6,14.41016,100,1747049400,Very Low,10.080958,15.5037,Very Low,13.783693,57.7,11.957143,100,1747049400,9.785714
2025-05-12T11:32:20Z,0,29.861,74.6,56,67.7,9,9,248,70,0.0,255,32767,0.0,2127-15-31,0.0,0.16,26.24,0.0,0.0,0.0,0,4.828125,6,84,05:49,20:11,2025-05-12 11:32:19.913594,Città della Scienza,61.7,15.66376,11.036546,12.601199,11.380001,EU EEA Common AQI,71.5,14.225001,9.980089,7200,9.357142,100,100,61.6,7.828571,Very Low,71.6,14.41016,100,1747049400,Very Low,10.080958,15.5037,Very Low,13.783693,57.7,11.957143,100,1747049400,9.785714
2025-05-12T11:32:31Z,0,29.861,74.6,56,67.7,10,9,257,70,0.0,255,32767,0.0,2127-15-31,0.0,0.16,26.24,0.0,0.0,0.0,0,4.828125,6,84,05:49,20:11,2025-05-12 11:32:31.021592,Città della Scienza,61.7,15.66376,11.036546,12.601199,11.380001,EU EEA Common AQI,71.5,14.225001,9.980089,7200,9.357142,100,100,61.6,7.828571,Very Low,71.6,14.41016,100,1747049400,Very Low,10.080958,15.5037,Very Low,13.783693,57.7,11.957143,100,1747049400,9.785714
2025-05-12T11:32:42Z,0,29.863,74.6,56,67.7,5,9,257,70,0.0,255,32767,0.0,2127-15-31,0.0,0.16,26.24,0.0,0.0,0.0,0,4.828125,6,84,05:49,20:11,2025-05-12 11:32:42.059596,Città della Scienza,61.7,15.66376,11.036546,12.601199,11.380001,EU EEA Common AQI,71.5,14.225001,9.980089,7200,9.357142,100,100,61.6,7.828571,Very Low,71.6,14.41016,100,1747049400,Very Low,10.080958,15.5037,Very Low,13.783693,57.7,11.957143,100,1747049400,9.785714
2025-05-12T11:32:53Z,0,29.863,74.6,56,67.7,11,9,242,70,0.0,255,32767,0.0,2127-15-31,0.0,0.16,26.24,0.0,0.0,0.0,0,4.828125,6,84,05:49,20:11,2025-05-12 11:32:53.150681,Città della Scienza,61.7,15.66376,11.036546,12.601199,11.380001,EU EEA Common AQI,71.5,14.225001,9.980089,7200,9.357142,100,100,61.6,7.828571,Very Low,71.6,14.41016,100,1747049400,Very Low,10.080958,15.5037,Very Low,13.783693,57.7,11.957143,100,1747049400,9.785714
2025-05-12T11:33:04Z,0,29.863,74.6,56,67.7,11,9,242,70,0.0,255,32767,0.0,2127-15-31,0.0,0.16,26.24,0.0,0.0,0.0,0,4.828125,6,84,05:49,20:11,2025-05-12 11:33:04.271610,Città della Scienza,61.7,15.66376,11.036546,12.601199,11.380001,EU EEA Common AQI,71.5,14.225001,9.980089,7200,9.357142,100,100,61.6,7.828571,Very Low,71.6,14.41016,100,1747049400,Very Low,10.080958,15.5037,Very Low,13.783693,57.7,11.957143,100,1747049400,9.785714
2025-05-12T11:33:15Z,0,29.863,74.6,56,67.6,11,9,242,70,0.0,255,32767,0.0,2127-15-31,0.0,0.16,26.24,0.0,0.0,0.0,0,4.828125,6,84,05:49,20:11,2025-05-12 11:33:15.323587,Città della Scienza,61.7,15.66376,11.036546,12.601199,11.380001,EU EEA Common AQI,71.5,14.225001,9.980089,7200,9.357142,100,100,61.6,7.828571,Very Low,71.6,14.41016,100,1747049400,Very Low,10.080958,15.5037,Very Low,13.783693,57.7,11.957143,100,1747049400,9.785714
2025-05-12T11:33:26Z,0,29.863,74.6,56,67.6,9,9,240,70,0.0,255,32767,0.0,2127-15-31,0.0,0.16,26.24,0.0,0.0,0.0,0,4.828125,6,84,05:49,20:11,2025-05-12 11:33:26.422600,Città della Scienza,61.7,15.66376,11.036546,12.601199,11.380001,EU EEA Common AQI,71.5,14.225001,9.980089,7200,9.357142,100,100,61.6,7.828571,Very Low,71.6,14.41016,100,1747049400,Very Low,10.080958,15.5037,Very Low,13.783693,57.7,11.957143,100,1747049400,9.785714
2025-05-12T11:33:37Z,0,29.862,74.6,56,67.6,7,10,233,70,0.0,255,32767,0.0,2127-15-31,0.0,0.16,26.24,0.0,0.0,0.0,0,4.828125,6,84,05:49,20:11,2025-05-12 11:33:37.588599,Città della Scienza,61.7,15.66376,11.036546,12.601199,11.380001,EU EEA Common AQI,71.5,14.225001,9.980089,7200,9.357142,100,100,61.6,7.828571,Very Low,71.6,14.41016,100,1747049400,Very Low,10.080958,15.5037,Very Low,13.783693,57.7,11.957143,100,1747049400,9.785714
2025-05-12T11:33:48Z,0,29.862,74.6,56,67.6,10,10,223,70,0.0,255,32767,0.0,2127-15-31,0.0,0.16,26.24,0.0,0.0,0.0,0,4.828125,6,84,05:49,20:11,2025-05-12 11:33:48.698615,Città della Scienza,61.7,15.66376,11.036546,12.601199,11.380001,EU EEA Common AQI,71.5,14.225001,9.980089,7200,9.357142,100,100,61.6,7.828571,Very Low,71.6,14.41016,100,1747049400,Very Low,10.080958,15.5037,Very Low,13.783693,57.7,11.957143,100,1747049400,9.785714
2025-05-12T11:34:00Z,0,29.862,74.6,56,67.6,9,10,262,70,0.0,255,32767,0.0,2127-15-31,0.0,0.16,26.24,0.0,0.0,0.0,0,4.828125,6,84,05:49,20:11,2025-05-12 11:33:59.808594,Città della Scienza,61.7,15.66376,11.036546,12.601199,11.380001,EU EEA Common AQI,71.5,14.225001,9.980089,7200,9.357142,100,100,61.6,7.828571,Very Low,71.6,14.41016,100,1747049400,Very Low,10.080958,15.5037,Very Low,13.783693,57.7,11.957143,100,1747049400,9.785714
2025-05-12T11:34:11Z,0,29.862,74.6,56,67.6,9,10,252,70,0.0,255,32767,0.0,2127-15-31,0.0,0.16,26.24,0.0,0.0,0.0,0,4.828125,6,84,05:49,20:11,2025-05-12 11:34:10.921596,Città della Scienza,61.7,15.66376,11.036546,12.601199,11.380001,EU EEA Common AQI,71.5,14.225001,9.980089,7200,9.357142,100,100,61.6,7.828571,Very Low,71.6,14.41016,100,1747049400,Very Low,10.080958,15.5037,Very Low,13.783693,57.7,11.957143,100,1747049400,9.785714
2025-05-12T11:34:22Z,0,29.862,74.6,56,67.6,10,10,240,70,0.0,255,32767,0.0,2127-15-31,0.0,0.16,26.24,0.0,0.0,0.0,0,4.828125,6,84,05:49,20:11,2025-05-12 11:34:21.995593,Città della Scienza,61.7,15.66376,11.036546,12.601199,11.380001,EU EEA Common AQI,71.5,14.225001,9.980089,7200,9.357142,100,100,61.6,7.828571,Very Low,71.6,14.41016,100,1747049400,Very Low,10.080958,15.5037,Very Low,13.783693,57.7,11.957143,100,1747049400,9.785714
2025-05-12T11:34:33Z,0,29.86,74.6,56,67.6,8,10,229,70,0.0,255,32767,0.0,2127-15-31,0.0,0.16,26.24,0.0,0.0,0.0,0,4.828125,6,84,05:49,20:11,2025-05-12 11:34:33.083595,Città della Scienza,61.7,15.66376,11.036546,12.601199,11.380001,EU EEA Common AQI,71.5,14.225001,9.980089,7200,9.357142,100,100,61.6,7.828571,Very Low,71.6,14.41016,100,1747049400,Very Low,10.080958,15.5037,Very Low,13.783693,57.7,11.957143,100,1747049400,9.785714
2025-05-12T11:34:44Z,0,29.86,74.6,56,67.6,8,10,240,70,0.0,255,32767,0.0,2127-15-31,0.0,0.16,26.24,0.0,0.0,0.0,0,4.828125,6,84,05:49,20:11,2025-05-12 11:34:44.214605,Città della Scienza,61.7,15.66376,11.036546,12.601199,11.380001,EU EEA Common AQI,71.5,14.225001,9.980089,7200,9.357142,100,100,61.6,7.828571,Very Low,71.6,14.41016,100,1747049400,Very Low,10.080958,15.5037,Very Low,13.783693,57.7,11.957143,100,1747049400,9.785714
2025-05-12T11:34:55Z,0,29.86,74.6,56,67.7,10,10,250,70,0.0,255,32767,0.0,2127-15-31,0.0,0.16,26.24,0.0,0.0,0.0,0,4.828125,6,84,05:49,20:11,2025-05-12 11:34:55.287586,Città della Scienza,61.7,15.66376,11.036546,12.601199,11.380001,EU EEA Common AQI,71.5,14.225001,9.980089,7200,9.357142,100,100,61.6,7.828571,Very Low,71.6,14.41016,100,1747049400,Very Low,10.080958,15.5037,Very Low,13.783693,57.7,11.957143,100,1747049400,9.785714
2025-05-12T11:35:06Z,0,29.86,74.6,56,67.7,9,10,246,70,0.0,255,32767,0.0,2127-15-31,0.0,0.16,26.24,0.0,0.0,0.0,0,4.828125,6,84,05:49,20:11,2025-05-12 11:35:06.349592,Città della Scienza,61.7,15.66376,11.036546,12.601199,11.380001,EU EEA Common AQI,71.5,14.225001,9.980089,7200,9.357142,100,100,61.6,7.828571,Very Low,71.6,14.41016,100,1747049400,Very Low,10.080958,15.5037,Very Low,13.783693,57.7,11.957143,100,1747049400,9.785714
2025-05-12T11:35:17Z,0,29.86,74.6,56,67.7,10,10,246,70,0.0,255,32767,0.0,2127-15-31,0.0,0.16,26.24,0.0,0.0,0.0,0,4.828125,6,84,05:49,20:11,2025-05-12 11:35:17.415595,Città della Scienza,61.7,15.66376,11.036546,12.601199,11.380001,EU EEA Common AQI,71.5,14.225001,9.980089,7200,9.357142,100,100,61.6,7.828571,Very Low,71.6,14.41016,100,1747049400,Very Low,10.080958,15.5037,Very Low,13.783693,57.7,11.957143,100,1747049400,9.785714
2025-05-12T11:35:28Z,0,29.86,74.6,56,67.7,12,10,241,70,0.0,255,32767,0.0,2127-15-31,0.0,0.16,26.24,0.0,0.0,0.0,0,4.828125,6,84,05:49,20:11,2025-05-12 11:35:28.544596,Città della Scienza,61.7,15.66376,11.036546,12.601199,11.380001,EU EEA Common AQI,71.5,14.225001,9.980089,7200,9.357142,100,100,61.6,7.828571,Very Low,71.6,14.41016,100,1747049400,Very Low,10.080958,15.5037,Very Low,13.783693,57.7,11.957143,100,1747049400,9.785714
2025-05-12T11:35:39Z,0,29.86,74.6,56,67.6,11,10,246,70,0.0,255,32767,0.0,2127-15-31,0.0,0.16,26.24,0.0,0.0,0.0,0,4.828125,6,84,05:49,20:11,2025-05-12 11:35:39.641601,Città della Scienza,61.7,15.66376,11.036546,12.601199,11.380001,EU EEA Common AQI,71.5,14.225001,9.980089,7200,9.357142,100,100,61.6,7.828571,Very Low,71.6,14.41016,100,1747049400,Very Low,10.080958,15.5037,Very Low,13.783693,57.7,11.957143,100,1747049400,9.785714
2025-05-12T11:35:50Z,0,29.86,74.6,56,67.6,11,10,248,70,0.0,255,32767,0.0,2127-15-31,0.0,0.16,26.24,0.0,0.0,0.0,0,4.828125,6,84,05:49,20:11,2025-05-12 11:35:50.752596,Città della Scienza,61.7,15.66376,11.036546,12.601199,11.380001,EU EEA Common AQI,71.5,14.225001,9.980089,7200,9.357142,100,100,61.6,7.828571,Very Low,71.6,14.41016,100,1747049400,Very Low,10.080958,15.5037,Very Low,13.783693,57.7,11.957143,100,1747049400,9.785714
2025-05-12T11:36:02Z,0,29.86,74.6,56,67.6,10,10,236,70,0.0,255,32767,0.0,2127-15-31,0.0,0.16,26.24,0.0,0.0,0.0,0,4.828125,6,84,05:49,20:11,2025-05-12 11:36:01.803596,Città della Scienza,61.7,15.66376,11.036546,12.601199,11.380001,EU EEA Common AQI,71.5,14.225001,9.980089,7200,9.357142,100,100,61.6,7.828571,Very Low,71.6,14.41016,100,1747049400,Very Low,10.080958,15.5037,Very Low,13.783693,57.7,11.957143,100,1747049400,9.785714
2025-05-12T11:36:13Z,0,29.86,74.6,56,67.6,10,10,246,70,0.0,255,32767,0.0,2127-15-31,0.0,0.16,26.24,0.0,0.0,0.0,0,4.828125,6,84,05:49,20:11,2025-05-12 11:36:12.888607,Città della Scienza,61.7,15.66376,11.036546,12.601199,11.380001,EU EEA Common AQI,71.5,14.225001,9.980089,7200,9.357142,100,100,61.6,7.828571,Very Low,71.6,14.41016,100,1747049400,Very Low,10.080958,15.5037,Very Low,13.783693,57.7,11.957143,100,1747049400,9.785714
2025-05-12T11:36:24Z,0,29.86,74.6,56,67.6,10,10,248,69,0.0,255,32767,0.0,2127-15-31,0.0,0.16,26.24,0.0,0.0,0.0,0,4.828125,6,84,05:49,20:11,2025-05-12 11:36:24.017591,Città della Scienza,61.7,15.66376,11.036546,12.601199,11.380001,EU EEA Common AQI,71.5,14.225001,9.980089,7200,9.357142,100,100,61.6,7.828571,Very Low,71.6,14.41016,100,1747049400,Very Low,10.080958,15.5037,Very Low,13.783693,57.7,11.957143,100,1747049400,9.785714
2025-05-12T11:36:35Z,0,29.861,74.6,56,67.6,10,10,238,69,0.0,255,32767,0.0,2127-15-31,0.0,0.16,26.24,0.0,0.0,0.0,0,4.828125,6,84,05:49,20:11,2025-05-12 11:36:35.078593,Città della Scienza,61.7,15.66376,11.036546,12.601199,11.380001,EU EEA Common AQI,71.5,14.225001,9.980089,7200,9.357142,100,100,61.6,7.828571,Very Low,71.6,14.41016,100,1747049400,Very Low,10.080958,15.5037,Very Low,13.783693,57.7,11.957143,100,1747049400,9.785714
2025-05-12T11:36:46Z,0,29.861,74.6,56,67.6,12,10,245,69,0.0,255,32767,0.0,2127-15-31,0.0,0.16,26.24,0.0,0.0,0.0,0,4.828125,6,84,05:49,20:11,2025-05-12 11:36:46.168559,Città della Scienza,61.7,15.66376,11.036546,12.601199,11.380001,EU EEA Common AQI,71.5,14.225001,9.980089,7200,9.357142,100,100,61.6,7.828571,Very Low,71.6,14.41016,100,1747049400,Very Low,10.080958,15.5037,Very Low,13.783693,57.7,11.957143,100,1747049400,9.785714
2025-05-12T11:36:57Z,0,29.861,74.6,56,67.6,12,10,246,69,0.0,255,32767,0.0,2127-15-31,0.0,0.16,26.24,0.0,0.0,0.0,0,4.828125,6,84,05:49,20:11,2025-05-12 11:36:57.244593,Città della Scienza,61.7,15.66376,11.036546,12.601199,11.380001,EU EEA Common AQI,71.5,14.225001,9.980089,7200,9.357142,100,100,61.6,7.828571,Very Low,71.6,14.41016,100,1747049400,Very Low,10.080958,15.5037,Very Low,13.783693,57.7,11.957143,100,1747049400,9.785714
2025-05-12T11:37:08Z,0,29.861,74.6,56,67.6,10,10,236,69,0.0,255,32767,0.0,2127-15-31,0.0,0.16,26.24,0.0,0.0,0.0,0,4.828125,6,84,05:49,20:11,2025-05-12 11:37:08.296553,Città della Scienza,61.7,15.66376,11.036546,12.601199,11.380001,EU EEA Common AQI,71.5,14.225001,9.980089,7200,9.357142,100,100,61.6,7.828571,Very Low,71.6,14.41016,100,1747049400,Very Low,10.080958,15.5037,Very Low,13.783693,57.7,11.957143,100,1747049400,9.785714
2025-05-12T11:37:19Z,0,29.861,74.6,56,67.7,8,10,250,69,0.0,255,32767,0.0,2127-15-31,0.0,0.16,26.24,0.0,0.0,0.0,0,4.828125,6,84,05:49,20:11,2025-05-12 11:37:19.393600,Città della Scienza,61.7,15.66376,11.036546,12.601199,11.380001,EU EEA Common AQI,71.5,14.225001,9.980089,7200,9.357142,100,100,61.6,7.828571,Very Low,71.6,14.41016,100,1747049400,Very Low,10.080958,15.5037,Very Low,13.783693,57.7,11.957143,100,1747049400,9.785714
2025-05-12T11:37:30Z,0,29.861,74.6,56,67.6,9,10,238,69,0.0,255,32767,0.0,2127-15-31,0.0,0.16,26.24,0.0,0.0,0.0,0,4.828125,6,84,05:49,20:11,2025-05-12 11:37:30.462598,Città della Scienza,61.7,15.66376,11.036546,12.601199,11.380001,EU EEA Common AQI,71.5,14.225001,9.980089,7200,9.357142,100,100,61.6,7.828571,Very Low,71.6,14.41016,100,1747049400,Very Low,10.080958,15.5037,Very Low,13.783693,57.7,11.957143,100,1747049400,9.785714
2025-05-12T11:37:41Z,0,29.862,74.6,56,67.6,7,10,248,69,0.0,255,32767,0.0,2127-15-31,0.0,0.16,26.24,0.0,0.0,0.0,0,4.828125,6,84,05:49,20:11,2025-05-12 11:37:41.582597,Città della Scienza,61.7,15.66376,11.036546,12.601199,11.380001,EU EEA Common AQI,71.5,14.225001,9.980089,7200,9.357142,100,100,61.6,7.828571,Very Low,71.6,14.41016,100,1747049400,Very Low,10.080958,15.5037,Very Low,13.783693,57.7,11.957143,100,1747049400,9.785714
2025-05-12T11:37:52Z,0,29.862,74.6,56,67.6,11,10,244,69,0.0,255,32767,0.0,2127-15-31,0.0,0.16,26.24,0.0,0.0,0.0,0,4.828125,6,84,05:49,20:11,2025-05-12 11:37:52.656591,Città della Scienza,61.7,15.66376,11.036546,12.601199,11.380001,EU EEA Common AQI,71.5,14.225001,9.980089,7200,9.357142,100,100,61.6,7.828571,Very Low,71.6,14.41016,100,1747049400,Very Low,10.080958,15.5037,Very Low,13.783693,57.7,11.957143,100,1747049400,9.785714
2025-05-12T11:38:03Z,0,29.862,74.6,56,67.7,9,10,244,69,0.0,255,32767,0.0,2127-15-31,0.0,0.16,26.24,0.0,0.0,0.0,0,4.828125,6,84,05:49,20:11,2025-05-12 11:38:03.736600,Città della Scienza,61.7,15.66376,11.036546,12.601199,11.380001,EU EEA Common AQI,71.5,14.225001,9.980089,7200,9.357142,100,100,61.6,7.828571,Very Low,71.6,14.41016,100,1747049400,Very Low,10.080958,15.5037,Very Low,13.783693,57.7,11.957143,100,1747049400,9.785714
2025-05-12T11:38:15Z,0,29.862,74.6,56,67.7,12,10,253,69,0.0,255,32767,0.0,2127-15-31,0.0,0.16,26.24,0.0,0.0,0.0,0,4.828125,6,84,05:49,20:11,2025-05-12 11:38:14.813560,Città della Scienza,61.7,15.66376,11.036546,12.601199,11.380001,EU EEA Common AQI,71.5,14.225001,9.980089,7200,9.357142,100,100,61.6,7.828571,Very Low,71.6,14.41016,100,1747049400,Very Low,10.080958,15.5037,Very Low,13.783693,57.7,11.957143,100,1747049400,9.785714
2025-05-12T11:38:26Z,0,29.862,74.6,56,67.7,11,10,240,69,0.0,255,32767,0.0,2127-15-31,0.0,0.16,26.24,0.0,0.0,0.0,0,4.828125,6,84,05:49,20:11,2025-05-12 11:38:25.897597,Città della Scienza,61.7,15.66376,11.036546,12.601199,11.380001,EU EEA Common AQI,71.5,14.225001,9.980089,7200,9.357142,100,100,61.6,7.828571,Very Low,71.6,14.41016,100,1747049400,Very Low,10.080958,15.5037,Very Low,13.783693,57.7,11.957143,100,1747049400,9.785714
2025-05-12T11:38:37Z,0,29.862,74.6,56,67.6,12,10,242,69,0.0,255,32767,0.0,2127-15-31,0.0,0.16,26.24,0.0,0.0,0.0,0,4.828125,6,84,05:49,20:11,2025-05-12 11:38:36.984552,Città della Scienza,61.7,15.66376,11.036546,12.601199,11.380001,EU EEA Common AQI,71.5,14.225001,9.980089,7200,9.357142,100,100,61.6,7.828571,Very Low,71.6,14.41016,100,1747049400,Very Low,10.080958,15.5037,Very Low,13.783693,57.7,11.957143,100,1747049400,9.785714
2025-05-12T11:38:48Z,0,29.862,74.6,56,67.6,10,10,234,69,0.0,255,32767,0.0,2127-15-31,0.0,0.16,26.24,0.0,0.0,0.0,0,4.828125,6,84,05:49,20:11,2025-05-12 11:38:48.079611,Città della Scienza,61.7,15.66376,11.036546,12.601199,11.380001,EU EEA Common AQI,71.5,14.225001,9.980089,7200,9.357142,100,100,61.6,7.828571,Very Low,71.6,14.41016,100,1747049400,Very Low,10.080958,15.5037,Very Low,13.783693,57.7,11.957143,100,1747049400,9.785714
2025-05-12T11:38:59Z,0,29.862,74.6,56,67.7,9,10,240,69,0.0,255,32767,0.0,2127-15-31,0.0,0.16,26.24,0.0,0.0,0.0,0,4.828125,6,84,05:49,20:11,2025-05-12 11:38:59.110606,Città della Scienza,61.7,15.66376,11.036546,12.601199,11.380001,EU EEA Common AQI,71.5,14.225001,9.980089,7200,9.357142,100,100,61.6,7.828571,Very Low,71.6,14.41016,100,1747049400,Very Low,10.080958,15.5037,Very Low,13.783693,57.7,11.957143,100,1747049400,9.785714
2025-05-12T11:39:10Z,0,29.862,74.6,56,67.6,10,10,242,69,0.0,255,32767,0.0,2127-15-31,0.0,0.16,26.24,0.0,0.0,0.0,0,4.828125,6,84,05:49,20:11,2025-05-12 11:39:10.237593,Città della Scienza,61.7,15.66376,11.036546,12.601199,11.380001,EU EEA Common AQI,71.5,14.225001,9.980089,7200,9.357142,100,100,61.6,7.828571,Very Low,71.6,14.41016,100,1747049400,Very Low,10.080958,15.5037,Very Low,13.783693,57.7,11.957143,100,1747049400,9.785714
2025-05-12T11:39:21Z,0,29.862,74.6,56,67.6,10,10,246,69,0.0,255,32767,0.0,2127-15-31,0.0,0.16,26.24,0.0,0.0,0.0,0,4.828125,6,84,05:49,20:11,2025-05-12 11:39:21.354591,Città della Scienza,61.7,15.66376,11.036546,12.601199,11.380001,EU EEA Common AQI,71.5,14.225001,9.980089,7200,9.357142,100,100,61.6,7.828571,Very Low,71.6,14.41016,100,1747049400,Very Low,10.080958,15.5037,Very Low,13.783693,57.7,11.957143,100,1747049400,9.785714
2025-05-12T11:39:32Z,0,29.862,74.6,56,67.7,11,10,244,69,0.0,255,32767,0.0,2127-15-31,0.0,0.16,26.24,0.0,0.0,0.0,0,4.828125,6,84,05:49,20:11,2025-05-12 11:39:32.443560,Città della Scienza,61.7,15.66376,11.036546,12.601199,11.380001,EU EEA Common AQI,71.5,14.225001,9.980089,7200,9.357142,100,100,61.6,7.828571,Very Low,71.6,14.41016,100,1747049400,Very Low,10.080958,15.5037,Very Low,13.783693,57.7,11.957143,100,1747049400,9.785714
2025-05-12T11:39:43Z,0,29.86,74.7,56,67.6,10,10,246,69,0.0,255,32767,0.0,2127-15-31,0.0,0.16,26.24,0.0,0.0,0.0,0,4.828125,6,84,05:49,20:11,2025-05-12 11:39:43.575602,Città della Scienza,61.7,15.66376,11.036546,12.601199,11.380001,EU EEA Common AQI,71.5,14.225001,9.980089,7200,9.357142,100,100,61.6,7.828571,Very Low,71.6,14.41016,100,1747049400,Very Low,10.080958,15.5037,Very Low,13.783693,57.7,11.957143,100,1747049400,9.785714
2025-05-12T11:39:54Z,0,29.86,74.7,56,67.7,10,10,241,69,0.0,255,32767,0.0,2127-15-31,0.0,0.16,26.24,0.0,0.0,0.0,0,4.828125,6,84,05:49,20:11,2025-05-12 11:39:54.641592,Città della Scienza,61.7,15.66376,11.036546,12.601199,11.380001,EU EEA Common AQI,71.5,14.225001,9.980089,7200,9.357142,100,100,61.6,7.828571,Very Low,71.6,14.41016,100,1747049400,Very Low,10.080958,15.5037,Very Low,13.783693,57.7,11.957143,100,1747049400,9.785714
2025-05-12T11:40:05Z,0,29.86,74.7,56,67.7,7,10,253,69,0.0,255,32767,0.0,2127-15-31,0.0,0.16,26.24,0.0,0.0,0.0,0,4.828125,6,84,05:49,20:11,2025-05-12 11:40:05.698607,Città della Scienza,61.7,15.66376,11.036546,12.601199,11.380001,EU EEA Common AQI,71.5,14.225001,9.980089,7200,9.357142,100,100,61.6,7.828571,Very Low,71.6,14.41016,100,1747049400,Very Low,10.080958,15.5037,Very Low,13.783693,57.7,11.957143,100,1747049400,9.785714
2025-05-12T11:40:16Z,0,29.86,74.7,56,67.6,9,10,244,69,0.0,255,32767,0.0,2127-15-31,0.0,0.16,26.24,0.0,0.0,0.0,0,4.828125,6,84,05:49,20:11,2025-05-12 11:40:16.783126,Città della Scienza,61.7,15.66376,11.036546,12.601199,11.380001,EU EEA Common AQI,71.5,14.225001,9.980089,7200,9.357142,100,100,61.6,7.828571,Very Low,71.6,14.41016,100,1747049400,Very Low,10.080958,15.5037,Very Low,13.783693,57.7,11.957143,100,1747049400,9.785714
2025-05-12T11:40:28Z,0,29.86,74.7,56,67.7,11,10,242,69,0.0,255,32767,0.0,2127-15-31,0.0,0.16,26.24,0.0,0.0,0.0,0,4.828125,6,84,05:49,20:11,2025-05-12 11:40:27.838600,Città della Scienza,61.7,15.66376,11.036546,12.601199,11.380001,EU EEA Common AQI,71.5,14.225001,9.980089,7200,9.357142,100,100,61.6,7.828571,Very Low,71.6,14.41016,100,1747049400,Very Low,10.080958,15.5037,Very Low,13.783693,57.7,11.957143,100,1747049400,9.785714
2025-05-12T11:40:39Z,0,29.859,74.7,56,67.7,9,10,242,69,0.0,255,32767,0.0,2127-15-31,0.0,0.16,26.24,0.0,0.0,0.0,0,4.828125,6,84,05:49,20:11,2025-05-12 11:40:38.906590,Città della Scienza,61.7,15.66376,11.036546,12.601199,11.380001,EU EEA Common AQI,71.5,14.225001,9.980089,7200,9.357142,100,100,61.6,7.828571,Very Low,71.6,14.41016,100,1747049400,Very Low,10.080958,15.5037,Very Low,13.783693,57.7,11.957143,100,1747049400,9.785714
2025-05-12T11:40:50Z,0,29.859,74.7,56,67.7,11,10,242,70,0.0,255,32767,0.0,2127-15-31,0.0,0.16,26.24,0.0,0.0,0.0,0,4.828125,6,84,05:49,20:11,2025-05-12 11:40:50.013582,Città della Scienza,61.7,15.66376,11.036546,12.601199,11.380001,EU EEA Common AQI,71.5,14.225001,9.980089,7200,9.357142,100,100,61.6,7.828571,Very Low,71.6,14.41016,100,1747049400,Very Low,10.080958,15.5037,Very Low,13.783693,57.7,11.957143,100,1747049400,9.785714
2025-05-12T11:41:01Z,0,29.859,74.7,56,67.7,7,10,229,70,0.0,255,32767,0.0,2127-15-31,0.0,0.16,26.24,0.0,0.0,0.0,0,4.828125,6,84,05:49,20:11,2025-05-12 11:41:01.126606,Città della Scienza,61.7,15.66376,11.036546,12.601199,11.380001,EU EEA Common AQI,71.5,14.225001,9.980089,7200,9.357142,100,100,61.6,7.828571,Very Low,71.6,14.41016,100,1747049400,Very Low,10.080958,15.5037,Very Low,13.783693,57.7,11.957143,100,1747049400,9.785714
2025-05-12T11:41:12Z,0,29.859,74.7,56,67.8,10,10,236,70,0.0,255,32767,0.0,2127-15-31,0.0,0.16,26.24,0.0,0.0,0.0,0,4.828125,6,84,05:49,20:11,2025-05-12 11:41:12.256592,Città della Scienza,61.7,15.66376,11.036546,12.601199,11.380001,EU EEA Common AQI,71.5,14.225001,9.980089,7200,9.357142,100,100,61.6,7.828571,Very Low,71.6,14.41016,100,1747049400,Very Low,10.080958,15.5037,Very Low,13.783693,57.7,11.957143,100,1747049400,9.785714
2025-05-12T11:41:23Z,0,29.859,74.7,56,67.8,12,10,244,70,0.0,255,32767,0.0,2127-15-31,0.0,0.16,26.24,0.0,0.0,0.0,0,4.828125,6,84,05:49,20:11,2025-05-12 11:41:23.329558,Città della Scienza,61.7,15.66376,11.036546,12.601199,11.380001,EU EEA Common AQI,71.5,14.225001,9.980089,7200,9.357142,100,100,61.6,7.828571,Very Low,71.6,14.41016,100,1747049400,Very Low,10.080958,15.5037,Very Low,13.783693,57.7,11.957143,100,1747049400,9.785714
2025-05-12T11:41:34Z,0,29.862,74.7,56,67.8,11,10,244,70,0.0,255,32767,0.0,2127-15-31,0.0,0.16,26.24,0.0,0.0,0.0,0,4.828125,6,84,05:49,20:11,2025-05-12 11:41:34.404572,Città della Scienza,61.7,15.66376,11.036546,12.601199,11.380001,EU EEA Common AQI,71.5,14.225001,9.980089,7200,9.357142,100,100,61.6,7.828571,Very Low,71.6,14.41016,100,1747049400,Very Low,10.080958,15.5037,Very Low,13.783693,57.7,11.957143,100,1747049400,9.785714
2025-05-12T11:41:45Z,0,29.862,74.7,56,67.7,12,10,244,70,0.0,255,32767,0.0,2127-15-31,0.0,0.16,26.24,0.0,0.0,0.0,0,4.828125,6,84,05:49,20:11,2025-05-12 11:41:45.497595,Città della Scienza,61.7,15.66376,11.036546,12.601199,11.380001,EU EEA Common AQI,71.5,14.225001,9.980089,7200,9.357142,100,100,61.6,7.828571,Very Low,71.6,14.41016,100,1747049400,Very Low,10.080958,15.5037,Very Low,13.783693,57.7,11.957143,100,1747049400,9.785714
2025-05-12T11:41:56Z,0,29.862,74.7,56,67.8,10,10,231,70,0.0,255,32767,0.0,2127-15-31,0.0,0.16,26.24,0.0,0.0,0.0,0,4.828125,6,84,05:49,20:11,2025-05-12 11:41:56.615616,Città della Scienza,61.7,15.66376,11.036546,12.601199,11.380001,EU EEA Common AQI,71.5,14.225001,9.980089,7200,9.357142,100,100,61.6,7.828571,Very Low,71.6,14.41016,100,1747049400,Very Low,10.080958,15.5037,Very Low,13.783693,57.7,11.957143,100,1747049400,9.785714
2025-05-12T11:42:07Z,0,29.862,74.7,56,67.7,10,10,249,70,0.0,255,32767,0.0,2127-15-31,0.0,0.16,26.24,0.0,0.0,0.0,0,4.828125,6,84,05:49,20:11,2025-05-12 11:42:07.726600,Città della Scienza,61.7,15.66376,11.036546,12.601199,11.380001,EU EEA Common AQI,71.5,14.225001,9.980089,7200,9.357142,100,100,61.6,7.828571,Very Low,71.6,14.41016,100,1747049400,Very Low,10.080958,15.5037,Very Low,13.783693,57.7,11.957143,100,1747049400,9.785714
2025-05-12T11:42:18Z,0,29.862,74.7,56,67.7,12,10,265,70,0.0,255,32767,0.0,2127-15-31,0.0,0.16,26.24,0.0,0.0,0.0,0,4.828125,6,84,05:49,20:11,2025-05-12 11:42:18.788596,Città della Scienza,61.7,15.66376,11.036546,12.601199,11.380001,EU EEA Common AQI,71.5,14.225001,9.980089,7200,9.357142,100,100,61.6,7.828571,Very Low,71.6,14.41016,100,1747049400,Very Low,10.080958,15.5037,Very Low,13.783693,57.7,11.957143,100,1747049400,9.785714
2025-05-12T11:42:30Z,0,29.862,74.7,56,67.7,12,10,251,70,0.0,255,32767,0.0,2127-15-31,0.0,0.16,26.24,0.0,0.0,0.0,0,4.828125,6,84,05:49,20:11,2025-05-12 11:42:29.852593,Città della Scienza,61.7,15.66376,11.036546,12.601199,11.380001,EU EEA Common AQI,71.5,14.225001,9.980089,7200,9.357142,100,100,61.6,7.828571,Very Low,71.6,14.41016,100,1747049400,Very Low,10.080958,15.5037,Very Low,13.783693,57.7,11.957143,100,1747049400,9.785714
2025-05-12T11:42:41Z,0,29.86,74.7,56,67.7,13,10,244,70,0.0,255,32767,0.0,2127-15-31,0.0,0.16,26.24,0.0,0.0,0.0,0,4.828125,6,84,05:49,20:11,2025-05-12 11:42:40.961593,Città della Scienza,61.7,15.66376,11.036546,12.601199,11.380001,EU EEA Common AQI,71.5,14.225001,9.980089,7200,9.357142,100,100,61.6,7.828571,Very Low,71.6,14.41016,100,1747049400,Very Low,10.080958,15.5037,Very Low,13.783693,57.7,11.957143,100,1747049400,9.785714
2025-05-12T11:42:52Z,0,29.86,74.7,56,67.7,11,10,234,70,0.0,255,32767,0.0,2127-15-31,0.0,0.16,26.24,0.0,0.0,0.0,0,4.828125,6,84,05:49,20:11,2025-05-12 11:42:52.089590,Città della Scienza,61.7,15.66376,11.036546,12.601199,11.380001,EU EEA Common AQI,71.5,14.225001,9.980089,7200,9.357142,100,100,61.6,7.828571,Very Low,71.6,14.41016,100,1747049400,Very Low,10.080958,15.5037,Very Low,13.783693,57.7,11.957143,100,1747049400,9.785714
2025-05-12T11:43:03Z,0,29.86,74.7,56,67.7,12,10,242,70,0.0,255,32767,0.0,2127-15-31,0.0,0.16,26.24,0.0,0.0,0.0,0,4.828125,6,84,05:49,20:11,2025-05-12 11:43:03.207613,Città della Scienza,61.7,15.66376,11.036546,12.601199,11.380001,EU EEA Common AQI,71.5,14.225001,9.980089,7200,9.357142,100,100,61.6,7.828571,Very Low,71.6,14.41016,100,1747049400,Very Low,10.080958,15.5037,Very Low,13.783693,57.7,11.957143,100,1747049400,9.785714
2025-05-12T11:43:14Z,0,29.86,74.7,56,67.7,11,10,242,70,0.0,255,32767,0.0,2127-15-31,0.0,0.16,26.24,0.0,0.0,0.0,0,4.828125,6,84,05:49,20:11,2025-05-12 11:43:14.324593,Città della Scienza,61.7,15.66376,11.036546,12.601199,11.380001,EU EEA Common AQI,71.5,14.225001,9.980089,7200,9.357142,100,100,61.6,7.828571,Very Low,71.6,14.41016,100,1747049400,Very Low,10.080958,15.5037,Very Low,13.783693,57.7,11.957143,100,1747049400,9.785714
2025-05-12T11:43:25Z,0,29.86,74.7,56,67.7,11,10,244,69,0.0,255,32767,0.0,2127-15-31,0.0,0.16,26.24,0.0,0.0,0.0,0,4.828125,6,84,05:49,20:11,2025-05-12 11:43:25.416595,Città della Scienza,61.7,15.66376,11.036546,12.601199,11.380001,EU EEA Common AQI,71.5,14.225001,9.980089,7200,9.357142,100,100,61.6,7.828571,Very Low,71.6,14.41016,100,1747049400,Very Low,10.080958,15.5037,Very Low,13.783693,57.7,11.957143,100,1747049400,9.785714
2025-05-12T11:43:36Z,0,29.859,74.7,56,67.7,12,10,234,69,0.0,255,32767,0.0,2127-15-31,0.0,0.16,26.24,0.0,0.0,0.0,0,4.828125,6,84,05:49,20:11,2025-05-12 11:43:36.495593,Città della Scienza,61.7,15.66376,11.036546,12.601199,11.380001,EU EEA Common AQI,71.5,14.225001,9.980089,7200,9.357142,100,100,61.6,7.828571,Very Low,71.6,14.41016,100,1747049400,Very Low,10.080958,15.5037,Very Low,13.783693,57.7,11.957143,100,1747049400,9.785714
2025-05-12T11:43:47Z,0,29.859,74.7,56,67.7,9,10,244,69,0.0,255,32767,0.0,2127-15-31,0.0,0.16,26.24,0.0,0.0,0.0,0,4.828125,6,84,05:49,20:11,2025-05-12 11:43:47.547586,Città della Scienza,61.7,15.66376,11.036546,12.601199,11.380001,EU EEA Common AQI,71.5,14.225001,9.980089,7200,9.357142,100,100,61.6,7.828571,Very Low,71.6,14.41016,100,1747049400,Very Low,10.080958,15.5037,Very Low,13.783693,57.7,11.957143,100,1747049400,9.785714
2025-05-12T11:43:58Z,0,29.859,74.7,56,67.6,8,10,242,69,0.0,255,32767,0.0,2127-15-31,0.0,0.16,26.24,0.0,0.0,0.0,0,4.828125,6,84,05:49,20:11,2025-05-12 11:43:58.629567,Città della Scienza,61.7,15.66376,11.036546,12.601199,11.380001,EU EEA Common AQI,71.5,14.225001,9.980089,7200,9.357142,100,100,61.6,7.828571,Very Low,71.6,14.41016,100,1747049400,Very Low,10.080958,15.5037,Very Low,13.783693,57.7,11.957143,100,1747049400,9.785714
2025-05-12T11:44:09Z,0,29.859,74.7,56,67.6,12,10,243,69,0.0,255,32767,0.0,2127-15-31,0.0,0.16,26.24,0.0,0.0,0.0,0,4.828125,6,84,05:49,20:11,2025-05-12 11:44:09.753600,Città della Scienza,61.7,15.66376,11.036546,12.601199,11.380001,EU EEA Common AQI,71.5,14.225001,9.980089,7200,9.357142,100,100,61.6,7.828571,Very Low,71.6,14.41016,100,1747049400,Very Low,10.080958,15.5037,Very Low,13.783693,57.7,11.957143,100,1747049400,9.785714
2025-05-12T11:44:21Z,0,29.859,74.7,56,67.7,12,10,244,69,0.0,255,32767,0.0,2127-15-31,0.0,0.16,26.24,0.0,0.0,0.0,0,4.828125,6,84,05:49,20:11,2025-05-12 11:44:20.853600,Città della Scienza,61.7,15.66376,11.036546,12.601199,11.380001,EU EEA Common AQI,71.5,14.225001,9.980089,7200,9.357142,100,100,61.6,7.828571,Very Low,71.6,14.41016,100,1747049400,Very Low,10.080958,15.5037,Very Low,13.783693,57.7,11.957143,100,1747049400,9.785714
2025-05-12T11:44:32Z,0,29.859,74.7,56,67.6,12,10,248,69,0.0,255,32767,0.0,2127-15-31,0.0,0.16,26.24,0.0,0.0,0.0,0,4.828125,6,84,05:49,20:11,2025-05-12 11:44:31.926606,Città della Scienza,61.7,15.66376,11.036546,12.601199,11.380001,EU EEA Common AQI,71.5,14.225001,9.980089,7200,9.357142,100,100,61.6,7.828571,Very Low,71.6,14.41016,100,1747049400,Very Low,10.080958,15.5037,Very Low,13.783693,57.7,11.957143,100,1747049400,9.785714
2025-05-12T11:44:43Z,0,29.86,74.7,56,67.6,11,10,241,69,0.0,255,32767,0.0,2127-15-31,0.0,0.16,26.24,0.0,0.0,0.0,0,4.828125,6,84,05:49,20:11,2025-05-12 11:44:43.074589,Città della Scienza,61.7,15.66376,11.036546,12.601199,11.380001,EU EEA Common AQI,71.5,14.225001,9.980089,7200,9.357142,100,100,61.6,7.828571,Very Low,71.6,14.41016,100,1747049400,Very Low,10.080958,15.5037,Very Low,13.783693,57.7,11.957143,100,1747049400,9.785714
2025-05-12T11:44:54Z,0,29.86,74.7,56,67.6,11,10,236,69,0.0,255,32767,0.0,2127-15-31,0.0,0.16,26.24,0.0,0.0,0.0,0,4.828125,6,84,05:49,20:11,2025-05-12 11:44:54.182588,Città della Scienza,61.7,15.66376,11.036546,12.601199,11.380001,EU EEA Common AQI,71.5,14.225001,9.980089,7200,9.357142,100,100,61.6,7.828571,Very Low,71.6,14.41016,100,1747049400,Very Low,10.080958,15.5037,Very Low,13.783693,57.7,11.957143,100,1747049400,9.785714
2025-05-12T11:45:05Z,0,29.86,74.7,56,67.6,12,10,239,69,0.0,255,32767,0.0,2127-15-31,0.0,0.16,26.24,0.0,0.0,0.0,0,4.828125,6,84,05:49,20:11,2025-05-12 11:45:05.245591,Città della Scienza,61.7,15.66376,11.036546,12.601199,11.380001,EU EEA Common AQI,71.5,14.225001,9.980089,7200,9.357142,100,100,61.6,7.828571,Very Low,71.6,14.41016,100,1747049400,Very Low,10.080958,15.5037,Very Low,13.783693,57.7,11.957143,100,1747049400,9.785714
2025-05-12T11:45:16Z,0,29.86,74.7,56,67.6,11,10,244,69,0.0,255,32767,0.0,2127-15-31,0.0,0.16,26.24,0.0,0.0,0.0,0,4.828125,6,84,05:49,20:11,2025-05-12 11:45:16.287592,Città della Scienza,61.7,15.66376,11.036546,12.601199,11.380001,EU EEA Common AQI,71.5,14.225001,9.980089,7200,9.357142,100,100,61.6,7.828571,Very Low,71.6,14.41016,100,1747049400,Very Low,10.080958,15.5037,Very Low,13.783693,57.7,11.957143,100,1747049400,9.785714
2025-05-12T11:45:27Z,0,29.86,74.7,56,67.6,12,10,244,69,0.0,255,32767,0.0,2127-15-31,0.0,0.16,26.24,0.0,0.0,0.0,0,4.828125,6,84,05:49,20:11,2025-05-12 11:45:27.342604,Città della Scienza,60.4,15.128369,11.059354,11.471603,10.699657,EU EEA Common AQI,71.7,13.374573,10.001988,7200,8.585714,100,100,61.5,7.4171424,Very Low,71.8,13.886667,100,1747050300,Very Low,9.177282,14.618221,Very Low,12.659238,57.4,10.214286,100,1747050300,9.271428
2025-05-12T11:45:38Z,0,29.86,74.7,56,67.6,12,11,246,69,0.0,255,32767,0.0,2127-15-31,0.0,0.16,26.24,0.0,0.0,0.0,0,4.828125,6,84,05:49,20:11,2025-05-12 11:45:38.423557,Città della Scienza,60.4,15.128369,11.059354,11.471603,10.699657,EU EEA Common AQI,71.7,13.374573,10.001988,7200,8.585714,100,100,61.5,7.4171424,Very Low,71.8,13.886667,100,1747050300,Very Low,9.177282,14.618221,Very Low,12.659238,57.4,10.214286,100,1747050300,9.271428
2025-05-12T11:45:49Z,0,29.86,74.7,56,67.6,9,11,223,69,0.0,255,32767,0.0,2127-15-31,0.0,0.16,26.24,0.0,0.0,0.0,0,4.828125,6,84,05:49,20:11,2025-05-12 11:45:49.546594,Città della Scienza,60.4,15.128369,11.059354,11.471603,10.699657,EU EEA Common AQI,71.7,13.374573,10.001988,7200,8.585714,100,100,61.5,7.4171424,Very Low,71.8,13.886667,100,1747050300,Very Low,9.177282,14.618221,Very Low,12.659238,57.4,10.214286,100,1747050300,9.271428
2025-05-12T11:46:00Z,0,29.86,74.7,56,67.6,10,11,245,69,0.0,255,32767,0.0,2127-15-31,0.0,0.16,26.24,0.0,0.0,0.0,0,4.828125,6,84,05:49,20:11,2025-05-12 11:46:00.637116,Città della Scienza,60.4,15.128369,11.059354,11.471603,10.699657,EU EEA Common AQI,71.7,13.374573,10.001988,7200,8.585714,100,100,61.5,7.4171424,Very Low,71.8,13.886667,100,1747050300,Very Low,9.177282,14.618221,Very Low,12.659238,57.4,10.214286,100,1747050300,9.271428
2025-05-12T11:46:11Z,0,29.86,74.7,56,67.6,13,11,236,69,0.0,255,32767,0.0,2127-15-31,0.0,0.16,26.24,0.0,0.0,0.0,0,4.828125,6,84,05:49,20:11,2025-05-12 11:46:11.705599,Città della Scienza,60.4,15.128369,11.059354,11.471603,10.699657,EU EEA Common AQI,71.7,13.374573,10.001988,7200,8.585714,100,100,61.5,7.4171424,Very Low,71.8,13.886667,100,1747050300,Very Low,9.177282,14.618221,Very Low,12.659238,57.4,10.214286,100,1747050300,9.271428
2025-05-12T11:46:22Z,0,29.86,74.7,56,67.6,9,11,228,69,0.0,255,32767,0.0,2127-15-31,0.0,0.16,26.24,0.0,0.0,0.0,0,4.828125,6,84,05:49,20:11,2025-05-12 11:46:22.763589,Città della Scienza,60.4,15.128369,11.059354,11.471603,10.699657,EU EEA Common AQI,71.7,13.374573,10.001988,7200,8.585714,100,100,61.5,7.4171424,Very Low,71.8,13.886667,100,1747050300,Very Low,9.177282,14.618221,Very Low,12.659238,57.4,10.214286,100,1747050300,9.271428
2025-05-12T11:46:34Z,0,29.862,74.7,56,67.6,9,11,246,69,0.0,255,32767,0.0,2127-15-31,0.0,0.16,26.24,0.0,0.0,0.0,0,4.828125,6,84,05:49,20:11,2025-05-12 11:46:33.831611,Città della Scienza,60.4,15.128369,11.059354,11.471603,10.699657,EU EEA Common AQI,71.7,13.374573,10.001988,7200,8.585714,100,100,61.5,7.4171424,Very Low,71.8,13.886667,100,1747050300,Very Low,9.177282,14.618221,Very Low,12.659238,57.4,10.214286,100,1747050300,9.271428
2025-05-12T11:46:45Z,0,29.862,74.7,56,67.6,10,11,253,69,0.0,255,32767,0.0,2127-15-31,0.0,0.16,26.24,0.0,0.0,0.0,0,4.828125,6,84,05:49,20:11,2025-05-12 11:46:44.932591,Città della Scienza,60.4,15.128369,11.059354,11.471603,10.699657,EU EEA Common AQI,71.7,13.374573,10.001988,7200,8.585714,100,100,61.5,7.4171424,Very Low,71.8,13.886667,100,1747050300,Very Low,9.177282,14.618221,Very Low,12.659238,57.4,10.214286,100,1747050300,9.271428
2025-05-12T11:46:56Z,0,29.862,74.7,56,67.6,12,11,240,69,0.0,255,32767,0.0,2127-15-31,0.0,0.16,26.24,0.0,0.0,0.0,0,4.828125,6,84,05:49,20:11,2025-05-12 11:46:56.031607,Città della Scienza,60.4,15.128369,11.059354,11.471603,10.699657,EU EEA Common AQI,71.7,13.374573,10.001988,7200,8.585714,100,100,61.5,7.4171424,Very Low,71.8,13.886667,100,1747050300,Very Low,9.177282,14.618221,Very Low,12.659238,57.4,10.214286,100,1747050300,9.271428
2025-05-12T11:47:07Z,0,29.862,74.7,56,67.7,12,11,252,69,0.0,255,32767,0.0,2127-15-31,0.0,0.16,26.24,0.0,0.0,0.0,0,4.828125,6,84,05:49,20:11,2025-05-12 11:47:07.129565,Città della Scienza,60.4,15.128369,11.059354,11.471603,10.699657,EU EEA Common AQI,71.7,13.374573,10.001988,7200,8.585714,100,100,61.5,7.4171424,Very Low,71.8,13.886667,100,1747050300,Very Low,9.177282,14.618221,Very Low,12.659238,57.4,10.214286,100,1747050300,9.271428
2025-05-12T11:47:18Z,0,29.862,74.7,56,67.7,9,11,238,69,0.0,255,32767,0.0,2127-15-31,0.0,0.16,26.24,0.0,0.0,0.0,0,4.828125,6,84,05:49,20:11,2025-05-12 11:47:18.235591,Città della Scienza,60.4,15.128369,11.059354,11.471603,10.699657,EU EEA Common AQI,71.7,13.374573,10.001988,7200,8.585714,100,100,61.5,7.4171424,Very Low,71.8,13.886667,100,1747050300,Very Low,9.177282,14.618221,Very Low,12.659238,57.4,10.214286,100,1747050300,9.271428
2025-05-12T11:47:29Z,0,29.862,74.7,56,67.6,10,11,236,69,0.0,255,32767,0.0,2127-15-31,0.0,0.16,26.24,0.0,0.0,0.0,0,4.828125,6,84,05:49,20:11,2025-05-12 11:47:29.321598,Città della Scienza,60.4,15.128369,11.059354,11.471603,10.699657,EU EEA Common AQI,71.7,13.374573,10.001988,7200,8.585714,100,100,61.5,7.4171424,Very Low,71.8,13.886667,100,1747050300,Very Low,9.177282,14.618221,Very Low,12.659238,57.4,10.214286,100,1747050300,9.271428
2025-05-12T11:47:40Z,0,29.861,74.7,56,67.6,11,11,240,69,0.0,255,32767,0.0,2127-15-31,0.0,0.16,26.24,0.0,0.0,0.0,0,4.828125,6,84,05:49,20:11,2025-05-12 11:47:40.372600,Città della Scienza,60.4,15.128369,11.059354,11.471603,10.699657,EU EEA Common AQI,71.7,13.374573,10.001988,7200,8.585714,100,100,61.5,7.4171424,Very Low,71.8,13.886667,100,1747050300,Very Low,9.177282,14.618221,Very Low,12.659238,57.4,10.214286,100,1747050300,9.271428
2025-05-12T11:47:51Z,0,29.861,74.7,56,67.7,12,11,244,69,0.0,255,32767,0.0,2127-15-31,0.0,0.16,26.24,0.0,0.0,0.0,0,4.828125,6,84,05:49,20:11,2025-05-12 11:47:51.473562,Città della Scienza,60.4,15.128369,11.059354,11.471603,10.699657,EU EEA Common AQI,71.7,13.374573,10.001988,7200,8.585714,100,100,61.5,7.4171424,Very Low,71.8,13.886667,100,1747050300,Very Low,9.177282,14.618221,Very Low,12.659238,57.4,10.214286,100,1747050300,9.271428
2025-05-12T11:48:02Z,0,29.861,74.7,56,67.7,11,11,234,69,0.0,255,32767,0.0,2127-15-31,0.0,0.16,26.24,0.0,0.0,0.0,0,4.828125,6,84,05:49,20:11,2025-05-12 11:48:02.583596,Città della Scienza,60.4,15.128369,11.059354,11.471603,10.699657,EU EEA Common AQI,71.7,13.374573,10.001988,7200,8.585714,100,100,61.5,7.4171424,Very Low,71.8,13.886667,100,1747050300,Very Low,9.177282,14.618221,Very Low,12.659238,57.4,10.214286,100,1747050300,9.271428
2025-05-12T11:48:13Z,0,29.861,74.7,56,67.6,10,11,244,69,0.0,255,32767,0.0,2127-15-31,0.0,0.16,26.24,0.0,0.0,0.0,0,4.828125,6,84,05:49,20:11,2025-05-12 11:48:13.637575,Città della Scienza,60.4,15.128369,11.059354,11.471603,10.699657,EU EEA Common AQI,71.7,13.374573,10.001988,7200,8.585714,100,100,61.5,7.4171424,Very Low,71.8,13.886667,100,1747050300,Very Low,9.177282,14.618221,Very Low,12.659238,57.4,10.214286,100,1747050300,9.271428
2025-05-12T11:48:24Z,0,29.861,74.7,56,67.6,10,11,248,69,0.0,255,32767,0.0,2127-15-31,0.0,0.16,26.24,0.0,0.0,0.0,0,4.828125,6,84,05:49,20:11,2025-05-12 11:48:24.727560,Città della Scienza,60.4,15.128369,11.059354,11.471603,10.699657,EU EEA Common AQI,71.7,13.374573,10.001988,7200,8.585714,100,100,61.5,7.4171424,Very Low,71.8,13.886667,100,1747050300,Very Low,9.177282,14.618221,Very Low,12.659238,57.4,10.214286,100,1747050300,9.271428
2025-05-12T11:48:35Z,0,29.86,74.8,56,67.7,8,11,227,69,0.0,255,32767,0.0,2127-15-31,0.0,0.16,26.24,0.0,0.0,0.0,0,4.828125,6,84,05:49,20:11,2025-05-12 11:48:35.798602,Città della Scienza,60.4,15.128369,11.059354,11.471603,10.699657,EU EEA Common AQI,71.7,13.374573,10.001988,7200,8.585714,100,100,61.5,7.4171424,Very Low,71.8,13.886667,100,1747050300,Very Low,9.177282,14.618221,Very Low,12.659238,57.4,10.214286,100,1747050300,9.271428
2025-05-12T11:48:47Z,0,29.86,74.8,56,67.7,8,11,241,69,0.0,255,32767,0.0,2127-15-31,0.0,0.16,26.24,0.0,0.0,0.0,0,4.828125,6,84,05:49,20:11,2025-05-12 11:48:46.850612,Città della Scienza,60.4,15.128369,11.059354,11.471603,10.699657,EU EEA Common AQI,71.7,13.374573,10.001988,7200,8.585714,100,100,61.5,7.4171424,Very Low,71.8,13.886667,100,1747050300,Very Low,9.177282,14.618221,Very Low,12.659238,57.4,10.214286,100,1747050300,9.271428
2025-05-12T11:48:58Z,0,29.86,74.8,56,67.7,11,11,232,69,0.0,255,32767,0.0,2127-15-31,0.0,0.16,26.24,0.0,0.0,0.0,0,4.828125,6,84,05:49,20:11,2025-05-12 11:48:57.888626,Città della Scienza,60.4,15.128369,11.059354,11.471603,10.699657,EU EEA Common AQI,71.7,13.374573,10.001988,7200,8.585714,100,100,61.5,7.4171424,Very Low,71.8,13.886667,100,1747050300,Very Low,9.177282,14.618221,Very Low,12.659238,57.4,10.214286,100,1747050300,9.271428
2025-05-12T11:49:09Z,0,29.86,74.8,56,67.7,9,11,237,69,0.0,255,32767,0.0,2127-15-31,0.0,0.16,26.24,0.0,0.0,0.0,0,4.828125,6,84,05:49,20:11,2025-05-12 11:49:09.004598,Città della Scienza,60.4,15.128369,11.059354,11.471603,10.699657,EU EEA Common AQI,71.7,13.374573,10.001988,7200,8.585714,100,100,61.5,7.4171424,Very Low,71.8,13.886667,100,1747050300,Very Low,9.177282,14.618221,Very Low,12.659238,57.4,10.214286,100,1747050300,9.271428
2025-05-12T11:49:20Z,0,29.86,74.8,56,67.7,7,11,250,69,0.0,255,32767,0.0,2127-15-31,0.0,0.16,26.24,0.0,0.0,0.0,0,4.828125,6,84,05:49,20:11,2025-05-12 11:49:20.063591,Città della Scienza,60.4,15.128369,11.059354,11.471603,10.699657,EU EEA Common AQI,71.7,13.374573,10.001988,7200,8.585714,100,100,61.5,7.4171424,Very Low,71.8,13.886667,100,1747050300,Very Low,9.177282,14.618221,Very Low,12.659238,57.4,10.214286,100,1747050300,9.271428
2025-05-12T11:49:31Z,0,29.86,74.8,56,67.8,9,11,254,70,0.0,255,32767,0.0,2127-15-31,0.0,0.16,26.24,0.0,0.0,0.0,0,4.828125,6,84,05:49,20:11,2025-05-12 11:49:31.192598,Città della Scienza,60.4,15.128369,11.059354,11.471603,10.699657,EU EEA Common AQI,71.7,13.374573,10.001988,7200,8.585714,100,100,61.5,7.4171424,Very Low,71.8,13.886667,100,1747050300,Very Low,9.177282,14.618221,Very Low,12.659238,57.4,10.214286,100,1747050300,9.271428
2025-05-12T11:49:42Z,0,29.862,74.8,56,67.8,10,11,242,70,0.0,255,32767,0.0,2127-15-31,0.0,0.16,26.24,0.0,0.0,0.0,0,4.828125,6,84,05:49,20:11,2025-05-12 11:49:42.294592,Città della Scienza,60.4,15.128369,11.059354,11.471603,10.699657,EU EEA Common AQI,71.7,13.374573,10.001988,7200,8.585714,100,100,61.5,7.4171424,Very Low,71.8,13.886667,100,1747050300,Very Low,9.177282,14.618221,Very Low,12.659238,57.4,10.214286,100,1747050300,9.271428
2025-05-12T11:49:53Z,0,29.862,74.8,56,67.8,6,11,235,70,0.0,255,32767,0.0,2127-15-31,0.0,0.16,26.24,0.0,0.0,0.0,0,4.828125,6,84,05:49,20:11,2025-05-12 11:49:53.395604,Città della Scienza,60.4,15.128369,11.059354,11.471603,10.699657,EU EEA Common AQI,71.7,13.374573,10.001988,7200,8.585714,100,100,61.5,7.4171424,Very Low,71.8,13.886667,100,1747050300,Very Low,9.177282,14.618221,Very Low,12.659238,57.4,10.214286,100,1747050300,9.271428
2025-05-12T11:50:04Z,0,29.862,74.8,56,67.9,13,11,244,70,0.0,255,32767,0.0,2127-15-31,0.0,0.16,26.24,0.0,0.0,0.0,0,4.828125,6,84,05:49,20:11,2025-05-12 11:50:04.460601,Città della Scienza,60.4,15.128369,11.059354,11.471603,10.699657,EU EEA Common AQI,71.7,13.374573,10.001988,7200,8.585714,100,100,61.5,7.4171424,Very Low,71.8,13.886667,100,1747050300,Very Low,9.177282,14.618221,Very Low,12.659238,57.4,10.214286,100,1747050300,9.271428
2025-05-12T11:50:15Z,0,29.862,74.8,56,67.9,10,11,247,70,0.0,255,32767,0.0,2127-15-31,0.0,0.16,26.24,0.0,0.0,0.0,0,4.828125,6,84,05:49,20:11,2025-05-12 11:50:15.530596,Città della Scienza,60.4,15.128369,11.059354,11.471603,10.699657,EU EEA Common AQI,71.7,13.374573,10.001988,7200,8.585714,100,100,61.5,7.4171424,Very Low,71.8,13.886667,100,1747050300,Very Low,9.177282,14.618221,Very Low,12.659238,57.4,10.214286,100,1747050300,9.271428
2025-05-12T11:50:26Z,0,29.862,74.8,56,67.9,11,11,239,70,0.0,255,32767,0.0,2127-15-31,0.0,0.16,26.24,0.0,0.0,0.0,0,4.828125,6,84,05:49,20:11,2025-05-12 11:50:26.626600,Città della Scienza,60.4,15.128369,11.059354,11.471603,10.699657,EU EEA Common AQI,71.7,13.374573,10.001988,7200,8.585714,100,100,61.5,7.4171424,Very Low,71.8,13.886667,100,1747050300,Very Low,9.177282,14.618221,Very Low,12.659238,57.4,10.214286,100,1747050300,9.271428
2025-05-12T11:50:37Z,0,29.86,74.8,56,67.9,10,10,250,70,0.0,255,32767,0.0,2127-15-31,0.0,0.16,26.24,0.0,0.0,0.0,0,4.828125,6,84,05:49,20:11,2025-05-12 11:50:37.755592,Città della Scienza,60.4,15.128369,11.059354,11.471603,10.699657,EU EEA Common AQI,71.7,13.374573,10.001988,7200,8.585714,100,100,61.5,7.4171424,Very Low,71.8,13.886667,100,1747050300,Very Low,9.177282,14.618221,Very Low,12.659238,57.4,10.214286,100,1747050300,9.271428
2025-05-12T11:50:49Z,0,29.86,74.8,56,67.9,11,10,240,70,0.0,255,32767,0.0,2127-15-31,0.0,0.16,26.24,0.0,0.0,0.0,0,4.828125,6,84,05:49,20:11,2025-05-12 11:50:48.830592,Città della Scienza,60.4,15.128369,11.059354,11.471603,10.699657,EU EEA Common AQI,71.7,13.374573,10.001988,7200,8.585714,100,100,61.5,7.4171424,Very Low,71.8,13.886667,100,1747050300,Very Low,9.177282,14.618221,Very Low,12.659238,57.4,10.214286,100,1747050300,9.271428
2025-05-12T11:51:00Z,0,29.86,74.8,56,67.9,11,10,240,70,0.0,255,32767,0.0,2127-15-31,0.0,0.16,26.24,0.0,0.0,0.0,0,4.828125,6,84,05:49,20:11,2025-05-12 11:50:59.882287,Città della Scienza,60.4,15.128369,11.059354,11.471603,10.699657,EU EEA Common AQI,71.7,13.374573,10.001988,7200,8.585714,100,100,61.5,7.4171424,Very Low,71.8,13.886667,100,1747050300,Very Low,9.177282,14.618221,Very Low,12.659238,57.4,10.214286,100,1747050300,9.271428
2025-05-12T11:51:11Z,0,29.86,74.8,56,67.9,10,10,249,70,0.0,255,32767,0.0,2127-15-31,0.0,0.16,26.24,0.0,0.0,0.0,0,4.828125,6,84,05:49,20:11,2025-05-12 11:51:10.991655,Città della Scienza,60.4,15.128369,11.059354,11.471603,10.699657,EU EEA Common AQI,71.7,13.374573,10.001988,7200,8.585714,100,100,61.5,7.4171424,Very Low,71.8,13.886667,100,1747050300,Very Low,9.177282,14.618221,Very Low,12.659238,57.4,10.214286,100,1747050300,9.271428
2025-05-12T11:51:22Z,0,29.86,74.8,56,67.9,11,10,242,69,0.0,255,32767,0.0,2127-15-31,0.0,0.16,26.24,0.0,0.0,0.0,0,4.828125,6,84,05:49,20:11,2025-05-12 11:51:22.073601,Città della Scienza,60.4,15.128369,11.059354,11.471603,10.699657,EU EEA Common AQI,71.7,13.374573,10.001988,7200,8.585714,100,100,61.5,7.4171424,Very Low,71.8,13.886667,100,1747050300,Very Low,9.177282,14.618221,Very Low,12.659238,57.4,10.214286,100,1747050300,9.271428
2025-05-12T11:51:33Z,0,29.861,74.8,56,67.9,7,10,234,69,0.0,255,32767,0.0,2127-15-31,0.0,0.16,26.24,0.0,0.0,0.0,0,4.828125,6,84,05:49,20:11,2025-05-12 11:51:33.160597,Città della Scienza,60.4,15.128369,11.059354,11.471603,10.699657,EU EEA Common AQI,71.7,13.374573,10.001988,7200,8.585714,100,100,61.5,7.4171424,Very Low,71.8,13.886667,100,1747050300,Very Low,9.177282,14.618221,Very Low,12.659238,57.4,10.214286,100,1747050300,9.271428
2025-05-12T11:51:44Z,0,29.861,74.8,56,67.9,11,10,252,69,0.0,255,32767,0.0,2127-15-31,0.0,0.16,26.24,0.0,0.0,0.0,0,4.828125,6,84,05:49,20:11,2025-05-12 11:51:44.197583,Città della Scienza,60.4,15.128369,11.059354,11.471603,10.699657,EU EEA Common AQI,71.7,13.374573,10.001988,7200,8.585714,100,100,61.5,7.4171424,Very Low,71.8,13.886667,100,1747050300,Very Low,9.177282,14.618221,Very Low,12.659238,57.4,10.214286,100,1747050300,9.271428
2025-05-12T11:51:55Z,0,29.861,74.8,56,67.9,11,10,244,69,0.0,255,32767,0.0,2127-15-31,0.0,0.16,26.24,0.0,0.0,0.0,0,4.828125,6,84,05:49,20:11,2025-05-12 11:51:55.285593,Città della Scienza,60.4,15.128369,11.059354,11.471603,10.699657,EU EEA Common AQI,71.7,13.374573,10.001988,7200,8.585714,100,100,61.5,7.4171424,Very Low,71.8,13.886667,100,1747050300,Very Low,9.177282,14.618221,Very Low,12.659238,57.4,10.214286,100,1747050300,9.271428
2025-05-12T11:52:06Z,0,29.861,74.8,56,67.9,10,10,251,69,0.0,255,32767,0.0,2127-15-31,0.0,0.16,26.24,0.0,0.0,0.0,0,4.828125,6,84,05:49,20:11,2025-05-12 11:52:06.374601,Città della Scienza,60.4,15.128369,11.059354,11.471603,10.699657,EU EEA Common AQI,71.7,13.374573,10.001988,7200,8.585714,100,100,61.5,7.4171424,Very Low,71.8,13.886667,100,1747050300,Very Low,9.177282,14.618221,Very Low,12.659238,57.4,10.214286,100,1747050300,9.271428
2025-05-12T11:52:17Z,0,29.861,74.8,56,67.9,10,10,231,69,0.0,255,32767,0.0,2127-15-31,0.0,0.16,26.24,0.0,0.0,0.0,0,4.828125,6,84,05:49,20:11,2025-05-12 11:52:17.456602,Città della Scienza,60.4,15.128369,11.059354,11.471603,10.699657,EU EEA Common AQI,71.7,13.374573,10.001988,7200,8.585714,100,100,61.5,7.4171424,Very Low,71.8,13.886667,100,1747050300,Very Low,9.177282,14.618221,Very Low,12.659238,57.4,10.214286,100,1747050300,9.271428
2025-05-12T11:52:28Z,0,29.861,74.8,56,67.9,11,10,235,69,0.0,255,32767,0.0,2127-15-31,0.0,0.16,26.24,0.0,0.0,0.0,0,4.828125,6,84,05:49,20:11,2025-05-12 11:52:28.507605,Città della Scienza,60.4,15.128369,11.059354,11.471603,10.699657,EU EEA Common AQI,71.7,13.374573,10.001988,7200,8.585714,100,100,61.5,7.4171424,Very Low,71.8,13.886667,100,1747050300,Very Low,9.177282,14.618221,Very Low,12.659238,57.4,10.214286,100,1747050300,9.271428
2025-05-12T11:52:39Z,0,29.861,74.8,56,67.8,9,10,242,69,0.0,255,32767,0.0,2127-15-31,0.0,0.16,26.24,0.0,0.0,0.0,0,4.828125,6,84,05:49,20:11,2025-05-12 11:52:39.613614,Città della Scienza,60.4,15.128369,11.059354,11.471603,10.699657,EU EEA Common AQI,71.7,13.374573,10.001988,7200,8.585714,100,100,61.5,7.4171424,Very Low,71.8,13.886667,100,1747050300,Very Low,9.177282,14.618221,Very Low,12.659238,57.4,10.214286,100,1747050300,9.271428
2025-05-12T11:52:50Z,0,29.861,74.8,56,67.8,12,10,250,69,0.0,255,32767,0.0,2127-15-31,0.0,0.16,26.24,0.0,0.0,0.0,0,4.828125,6,84,05:49,20:11,2025-05-12 11:52:50.686602,Città della Scienza,60.4,15.128369,11.059354,11.471603,10.699657,EU EEA Common AQI,71.7,13.374573,10.001988,7200,8.585714,100,100,61.5,7.4171424,Very Low,71.8,13.886667,100,1747050300,Very Low,9.177282,14.618221,Very Low,12.659238,57.4,10.214286,100,1747050300,9.271428
2025-05-12T11:53:01Z,0,29.861,74.8,56,67.9,12,10,237,69,0.0,255,32767,0.0,2127-15-31,0.0,0.16,26.24,0.0,0.0,0.0,0,4.828125,6,84,05:49,20:11,2025-05-12 11:53:01.769566,Città della Scienza,60.4,15.128369,11.059354,11.471603,10.699657,EU EEA Common AQI,71.7,13.374573,10.001988,7200,8.585714,100,100,61.5,7.4171424,Very Low,71.8,13.886667,100,1747050300,Very Low,9.177282,14.618221,Very Low,12.659238,57.4,10.214286,100,1747050300,9.271428
2025-05-12T11:53:13Z,0,29.861,74.8,56,67.9,13,10,246,69,0.0,255,32767,0.0,2127-15-31,0.0,0.16,26.24,0.0,0.0,0.0,0,4.828125,6,84,05:49,20:11,2025-05-12 11:53:12.847566,Città della Scienza,60.4,15.128369,11.059354,11.471603,10.699657,EU EEA Common AQI,71.7,13.374573,10.001988,7200,8.585714,100,100,61.5,7.4171424,Very Low,71.8,13.886667,100,1747050300,Very Low,9.177282,14.618221,Very Low,12.659238,57.4,10.214286,100,1747050300,9.271428
2025-05-12T11:53:24Z,0,29.861,74.8,56,67.8,11,10,246,69,0.0,255,32767,0.0,2127-15-31,0.0,0.16,26.24,0.0,0.0,0.0,0,4.828125,6,84,05:49,20:11,2025-05-12 11:53:23.912551,Città della Scienza,60.4,15.128369,11.059354,11.471603,10.699657,EU EEA Common AQI,71.7,13.374573,10.001988,7200,8.585714,100,100,61.5,7.4171424,Very Low,71.8,13.886667,100,1747050300,Very Low,9.177282,14.618221,Very Low,12.659238,57.4,10.214286,100,1747050300,9.271428
2025-05-12T11:53:35Z,0,29.86,74.8,56,67.8,12,10,242,69,0.0,255,32767,0.0,2127-15-31,0.0,0.16,26.24,0.0,0.0,0.0,0,4.828125,6,84,05:49,20:11,2025-05-12 11:53:35.030565,Città della Scienza,60.4,15.128369,11.059354,11.471603,10.699657,EU EEA Common AQI,71.7,13.374573,10.001988,7200,8.585714,100,100,61.5,7.4171424,Very Low,71.8,13.886667,100,1747050300,Very Low,9.177282,14.618221,Very Low,12.659238,57.4,10.214286,100,1747050300,9.271428
2025-05-12T11:53:46Z,0,29.86,74.8,56,67.8,13,10,250,69,0.0,255,32767,0.0,2127-15-31,0.0,0.16,26.24,0.0,0.0,0.0,0,4.828125,6,84,05:49,20:11,2025-05-12 11:53:46.103562,Città della Scienza,60.4,15.128369,11.059354,11.471603,10.699657,EU EEA Common AQI,71.7,13.374573,10.001988,7200,8.585714,100,100,61.5,7.4171424,Very Low,71.8,13.886667,100,1747050300,Very Low,9.177282,14.618221,Very Low,12.659238,57.4,10.214286,100,1747050300,9.271428
2025-05-12T11:53:57Z,0,29.86,74.8,56,67.8,14,10,238,69,0.0,255,32767,0.0,2127-15-31,0.0,0.16,26.24,0.0,0.0,0.0,0,4.828125,6,84,05:49,20:11,2025-05-12 11:53:57.196559,Città della Scienza,60.4,15.128369,11.059354,11.471603,10.699657,EU EEA Common AQI,71.7,13.374573,10.001988,7200,8.585714,100,100,61.5,7.4171424,Very Low,71.8,13.886667,100,1747050300,Very Low,9.177282,14.618221,Very Low,12.659238,57.4,10.214286,100,1747050300,9.271428
2025-05-12T11:54:08Z,0,29.86,74.8,56,67.7,12,10,242,69,0.0,255,32767,0.0,2127-15-31,0.0,0.16,26.24,0.0,0.0,0.0,0,4.828125,6,84,05:49,20:11,2025-05-12 11:54:08.291590,Città della Scienza,60.4,15.128369,11.059354,11.471603,10.699657,EU EEA Common AQI,71.7,13.374573,10.001988,7200,8.585714,100,100,61.5,7.4171424,Very Low,71.8,13.886667,100,1747050300,Very Low,9.177282,14.618221,Very Low,12.659238,57.4,10.214286,100,1747050300,9.271428
2025-05-12T11:54:19Z,0,29.86,74.8,56,67.7,15,10,250,69,0.0,255,32767,0.0,2127-15-31,0.0,0.16,26.24,0.0,0.0,0.0,0,4.828125,6,84,05:49,20:11,2025-05-12 11:54:19.348589,Città della Scienza,60.4,15.128369,11.059354,11.471603,10.699657,EU EEA Common AQI,71.7,13.374573,10.001988,7200,8.585714,100,100,61.5,7.4171424,Very Low,71.8,13.886667,100,1747050300,Very Low,9.177282,14.618221,Very Low,12.659238,57.4,10.214286,100,1747050300,9.271428
2025-05-12T11:54:30Z,0,29.86,74.8,56,67.6,12,10,240,69,0.0,255,32767,0.0,2127-15-31,0.0,0.16,26.24,0.0,0.0,0.0,0,4.828125,6,84,05:49,20:11,2025-05-12 11:54:30.461603,Città della Scienza
2025-05-12T11:54:41Z,0,29.861,74.8,56,67.7,10,11,242,69,0.0,255,32767,0.0,2127-15-31,0.0,0.16,26.24,0.0,0.0,0.0,0,4.828125,6,84,05:49,20:11,2025-05-12 11:54:41.496594,Città della Scienza
2025-05-12T11:54:52Z,0,29.861,74.8,56,67.6,13,11,250,69,0.0,255,32767,0.0,2127-15-31,0.0,0.16,26.24,0.0,0.0,0.0,0,4.828125,6,84,05:49,20:11,2025-05-12 11:54:52.623599,Città della Scienza
2025-05-12T11:55:03Z,0,29.861,74.8,56,67.6,13,11,249,69,0.0,255,32767,0.0,2127-15-31,0.0,0.16,26.24,0.0,0.0,0.0,0,4.828125,6,84,05:49,20:11,2025-05-12 11:55:03.655596,Città della Scienza
2025-05-12T11:55:14Z,0,29.861,74.8,56,67.6,12,11,253,69,0.0,255,32767,0.0,2127-15-31,0.0,0.16,26.24,0.0,0.0,0.0,0,4.828125,6,84,05:49,20:11,2025-05-12 11:55:14.718559,Città della Scienza
2025-05-12T11:55:25Z,0,29.861,74.8,56,67.6,10,11,259,69,0.0,255,32767,0.0,2127-15-31,0.0,0.16,26.24,0.0,0.0,0.0,0,4.828125,6,84,05:49,20:11,2025-05-12 11:55:25.790607,Città della Scienza
2025-05-12T11:55:37Z,0,29.86,74.9,56,67.6,8,11,258,70,0.0,255,32767,0.0,2127-15-31,0.0,0.16,26.24,0.0,0.0,0.0,0,4.828125,6,84,05:49,20:11,2025-05-12 11:55:36.905597,Città della Scienza
2025-05-12T11:55:48Z,0,29.86,74.9,56,67.6,13,11,242,70,0.0,255,32767,0.0,2127-15-31,0.0,0.16,26.24,0.0,0.0,0.0,0,4.828125,6,84,05:49,20:11,2025-05-12 11:55:47.939597,Città della Scienza
2025-05-12T11:55:59Z,0,29.86,74.9,56,67.6,12,11,242,70,0.0,255,32767,0.0,2127-15-31,0.0,0.16,26.24,0.0,0.0,0.0,0,4.828125,6,84,05:49,20:11,2025-05-12 11:55:59.015598,Città della Scienza
2025-05-12T11:56:10Z,0,29.86,74.9,56,67.6,9,11,241,70,0.0,255,32767,0.0,2127-15-31,0.0,0.16,26.24,0.0,0.0,0.0,0,4.828125,6,84,05:49,20:11,2025-05-12 11:56:10.027601,Città della Scienza
2025-05-12T11:56:21Z,0,29.86,74.9,56,67.6,13,11,248,70,0.0,255,32767,0.0,2127-15-31,0.0,0.16,26.24,0.0,0.0,0.0,0,4.828125,6,84,05:49,20:11,2025-05-12 11:56:21.112597,Città della Scienza
2025-05-12T11:56:32Z,0,29.86,74.9,56,67.6,11,11,277,70,0.0,255,32767,0.0,2127-15-31,0.0,0.16,26.24,0.0,0.0,0.0,0,4.828125,6,84,05:49,20:11,2025-05-12 11:56:32.182594,Città della Scienza
2025-05-12T11:56:43Z,0,29.86,74.8,56,67.6,11,11,246,70,0.0,255,32767,0.0,2127-15-31,0.0,0.16,26.24,0.0,0.0,0.0,0,4.828125,6,84,05:49,20:11,2025-05-12 11:56:43.251589,Città della Scienza
2025-05-12T11:56:54Z,0,29.86,74.8,56,67.6,10,11,231,70,0.0,255,32767,0.0,2127-15-31,0.0,0.16,26.24,0.0,0.0,0.0,0,4.828125,6,84,05:49,20:11,2025-05-12 11:56:54.349602,Città della Scienza
2025-05-12T11:57:05Z,0,29.86,74.8,56,67.6,11,11,250,70,0.0,255,32767,0.0,2127-15-31,0.0,0.16,26.24,0.0,0.0,0.0,0,4.828125,6,84,05:49,20:11,2025-05-12 11:57:05.412593,Città della Scienza
2025-05-12T11:57:16Z,0,29.86,74.8,56,67.6,11,11,242,70,0.0,255,32767,0.0,2127-15-31,0.0,0.16,26.24,0.0,0.0,0.0,0,4.828125,6,84,05:49,20:11,2025-05-12 11:57:16.443590,Città della Scienza
2025-05-12T11:57:27Z,0,29.86,74.8,56,67.6,12,11,240,70,0.0,255,32767,0.0,2127-15-31,0.0,0.16,26.24,0.0,0.0,0.0,0,4.828125,6,84,05:49,20:11,2025-05-12 11:57:27.495595,Città della Scienza
2025-05-12T11:57:38Z,0,29.86,74.9,56,67.6,9,11,238,70,0.0,255,32767,0.0,2127-15-31,0.0,0.16,26.24,0.0,0.0,0.0,0,4.828125,6,84,05:49,20:11,2025-05-12 11:57:38.556595,Città della Scienza
2025-05-12T11:57:49Z,0,29.86,74.9,56,67.6,10,11,247,70,0.0,255,32767,0.0,2127-15-31,0.0,0.16,26.24,0.0,0.0,0.0,0,4.828125,6,84,05:49,20:11,2025-05-12 11:57:49.655595,Città della Scienza
2025-05-12T11:58:00Z,0,29.86,74.9,56,67.6,12,11,242,70,0.0,255,32767,0.0,2127-15-31,0.0,0.16,26.24,0.0,0.0,0.0,0,4.828125,6,84,05:49,20:11,2025-05-12 11:58:00.731629,Città della Scienza
2025-05-12T11:58:12Z,0,29.86,74.9,56,67.6,13,11,246,70,0.0,255,32767,0.0,2127-15-31,0.0,0.16,26.24,0.0,0.0,0.0,0,4.828125,6,84,05:49,20:11,2025-05-12 11:58:11.805595,Città della Scienza
2025-05-12T11:58:23Z,0,29.86,74.9,56,67.6,11,11,229,70,0.0,255,32767,0.0,2127-15-31,0.0,0.16,26.24,0.0,0.0,0.0,0,4.828125,6,84,05:49,20:11,2025-05-12 11:58:22.885582,Città della Scienza
2025-05-12T11:58:34Z,0,29.862,74.8,56,67.6,11,11,246,70,0.0,255,32767,0.0,2127-15-31,0.0,0.16,26.24,0.0,0.0,0.0,0,4.828125,6,84,05:49,20:11,2025-05-12 11:58:33.984597,Città della Scienza
2025-05-12T11:58:45Z,0,29.862,74.8,56,67.6,12,11,248,70,0.0,255,32767,0.0,2127-15-31,0.0,0.16,26.24,0.0,0.0,0.0,0,4.828125,6,84,05:49,20:11,2025-05-12 11:58:45.028590,Città della Scienza
2025-05-12T11:58:56Z,0,29.862,74.8,56,67.6,10,11,250,70,0.0,255,32767,0.0,2127-15-31,0.0,0.16,26.24,0.0,0.0,0.0,0,4.828125,6,84,05:49,20:11,2025-05-12 11:58:56.087580,Città della Scienza
2025-05-12T11:59:07Z,0,29.862,74.8,56,67.6,9,11,257,70,0.0,255,32767,0.0,2127-15-31,0.0,0.16,26.24,0.0,0.0,0.0,0,4.828125,6,84,05:49,20:11,2025-05-12 11:59:07.174597,Città della Scienza
2025-05-12T11:59:18Z,0,29.862,74.8,56,67.6,11,11,244,70,0.0,255,32767,0.0,2127-15-31,0.0,0.16,26.24,0.0,0.0,0.0,0,4.828125,6,84,05:49,20:11,2025-05-12 11:59:18.240605,Città della Scienza
2025-05-12T11:59:29Z,0,29.862,74.8,56,67.7,9,11,245,70,0.0,255,32767,0.0,2127-15-31,0.0,0.16,26.24,0.0,0.0,0.0,0,4.828125,6,84,05:49,20:11,2025-05-12 11:59:29.340589,Città della Scienza
2025-05-12T11:59:40Z,0,29.861,74.8,56,67.7,11,11,261,70,0.0,255,32767,0.0,2127-15-31,0.0,0.16,26.24,0.0,0.0,0.0,0,4.828125,6,84,05:49,20:11,2025-05-12 11:59:40.433592,Città della Scienza
2025-05-12T11:59:51Z,0,29.861,74.8,56,67.7,13,11,246,70,0.0,255,32767,0.0,2127-15-31,0.0,0.16,26.24,0.0,0.0,0.0,0,4.828125,6,84,05:49,20:11,2025-05-12 11:59:51.503594,Città della Scienza
2025-05-12T12:00:02Z,0,29.861,74.8,56,67.7,13,11,240,70,0.0,255,32767,0.0,2127-15-31,0.0,0.16,26.24,0.0,0.0,0.0,0,4.828125,6,84,05:49,20:11,2025-05-12 12:00:02.554595,Città della Scienza,60.4,15.128369,11.059354,11.471603,10.699657,EU EEA Common AQI,71.7,13.374573,10.001988,7200,8.585714,100,100,61.5,7.4171424,Very Low,71.8,13.886667,100,1747050300,Very Low,9.177282,14.618221,Very Low,12.659238,57.4,10.214286,100,1747050300,9.271428
2025-05-12T12:00:13Z,0,29.861,74.8,56,67.7,13,11,254,70,0.0,255,32767,0.0,2127-15-31,0.0,0.16,26.24,0.0,0.0,0.0,0,4.828125,6,84,05:49,20:11,2025-05-12 12:00:13.641600,Città della Scienza,60.4,15.128369,11.059354,11.471603,10.699657,EU EEA Common AQI,71.7,13.374573,10.001988,7200,8.585714,100,100,61.5,7.4171424,Very Low,71.8,13.886667,100,1747050300,Very Low,9.177282,14.618221,Very Low,12.659238,57.4,10.214286,100,1747050300,9.271428
2025-05-12T12:00:24Z,0,29.861,74.8,56,67.7,13,11,236,70,0.0,255,32767,0.0,2127-15-31,0.0,0.16,26.24,0.0,0.0,0.0,0,4.828125,6,84,05:49,20:11,2025-05-12 12:00:24.720655,Città della Scienza,59.3,14.734885,11.107738,10.107998,10.093538,EU EEA Common AQI,72.5,12.616923,10.049703,7200,7.521739,100,100,61.7,6.828985,Very Low,72.5,13.479286,100,1747051200,Very Low,8.086398,13.815803,Very Low,11.173132,57.5,10.942029,100,1747051200,8.536232
2025-05-12T12:00:36Z,0,29.861,74.9,56,67.7,10,11,240,70,0.0,255,32767,0.0,2127-15-31,0.0,0.16,26.24,0.0,0.0,0.0,0,4.828125,6,84,05:49,20:11,2025-05-12 12:00:35.844598,Città della Scienza,59.3,14.734885,11.107738,10.107998,10.093538,EU EEA Common AQI,72.5,12.616923,10.049703,7200,7.521739,100,100,61.7,6.828985,Very Low,72.5,13.479286,100,1747051200,Very Low,8.086398,13.815803,Very Low,11.173132,57.5,10.942029,100,1747051200,8.536232
2025-05-12T12:00:47Z,0,29.861,74.9,56,67.7,12,11,242,70,0.0,255,32767,0.0,2127-15-31,0.0,0.16,26.24,0.0,0.0,0.0,0,4.828125,6,84,05:49,20:11,2025-05-12 12:00:46.915593,Città della Scienza,59.3,14.734885,11.107738,10.107998,10.093538,EU EEA Common AQI,72.5,12.616923,10.049703,7200,7.521739,100,100,61.7,6.828985,Very Low,72.5,13.479286,100,1747051200,Very Low,8.086398,13.815803,Very Low,11.173132,57.5,10.942029,100,1747051200,8.536232
2025-05-12T12:00:58Z,0,29.861,74.9,56,67.7,12,11,252,70,0.0,255,32767,0.0,2127-15-31,0.0,0.16,26.24,0.0,0.0,0.0,0,4.828125,6,84,05:49,20:11,2025-05-12 12:00:57.963601,Città della Scienza,59.3,14.734885,11.107738,10.107998,10.093538,EU EEA Common AQI,72.5,12.616923,10.049703,7200,7.521739,100,100,61.7,6.828985,Very Low,72.5,13.479286,100,1747051200,Very Low,8.086398,13.815803,Very Low,11.173132,57.5,10.942029,100,1747051200,8.536232
2025-05-12T12:01:09Z,0,29.861,74.9,56,67.7,11,11,236,70,0.0,255,32767,0.0,2127-15-31,0.0,0.16,26.24,0.0,0.0,0.0,0,4.828125,6,84,05:49,20:11,2025-05-12 12:01:09.004594,Città della Scienza,59.3,14.734885,11.107738,10.107998,10.093538,EU EEA Common AQI,72.5,12.616923,10.049703,7200,7.521739,100,100,61.7,6.828985,Very Low,72.5,13.479286,100,1747051200,Very Low,8.086398,13.815803,Very Low,11.173132,57.5,10.942029,100,1747051200,8.536232
2025-05-12T12:01:20Z,0,29.861,74.9,56,67.7,10,11,252,70,0.0,255,32767,0.0,2127-15-31,0.0,0.16,26.24,0.0,0.0,0.0,0,4.828125,6,84,05:49,20:11,2025-05-12 12:01:20.027593,Città della Scienza,59.3,14.734885,11.107738,10.107998,10.093538,EU EEA Common AQI,72.5,12.616923,10.049703,7200,7.521739,100,100,61.7,6.828985,Very Low,72.5,13.479286,100,1747051200,Very Low,8.086398,13.815803,Very Low,11.173132,57.5,10.942029,100,1747051200,8.536232
2025-05-12T12:01:31Z,0,29.861,74.9,56,67.7,8,11,250,70,0.0,255,32767,0.0,2127-15-31,0.0,0.16,26.24,0.0,0.0,0.0,0,4.828125,6,84,05:49,20:11,2025-05-12 12:01:31.137594,Città della Scienza,59.3,14.734885,11.107738,10.107998,10.093538,EU EEA Common AQI,72.5,12.616923,10.049703,7200,7.521739,100,100,61.7,6.828985,Very Low,72.5,13.479286,100,1747051200,Very Low,8.086398,13.815803,Very Low,11.173132,57.5,10.942029,100,1747051200,8.536232
2025-05-12T12:01:42Z,0,29.858,74.8,56,67.7,11,11,265,70,0.0,255,32767,0.0,2127-15-31,0.0,0.16,26.24,0.0,0.0,0.0,0,4.828125,6,84,05:49,20:11,2025-05-12 12:01:42.201593,Città della Scienza,59.3,14.734885,11.107738,10.107998,10.093538,EU EEA Common AQI,72.5,12.616923,10.049703,7200,7.521739,100,100,61.7,6.828985,Very Low,72.5,13.479286,100,1747051200,Very Low,8.086398,13.815803,Very Low,11.173132,57.5,10.942029,100,1747051200,8.536232
2025-05-12T12:01:53Z,0,29.858,74.8,56,67.7,9,11,230,70,0.0,255,32767,0.0,2127-15-31,0.0,0.16,26.24,0.0,0.0,0.0,0,4.828125,6,84,05:49,20:11,2025-05-12 12:01:53.297598,Città della Scienza,59.3,14.734885,11.107738,10.107998,10.093538,EU EEA Common AQI,72.5,12.616923,10.049703,7200,7.521739,100,100,61.7,6.828985,Very Low,72.5,13.479286,100,1747051200,Very Low,8.086398,13.815803,Very Low,11.173132,57.5,10.942029,100,1747051200,8.536232
2025-05-12T12:02:04Z,0,29.858,74.8,56,67.8,6,11,221,70,0.0,255,32767,0.0,2127-15-31,0.0,0.16,26.24,0.0,0.0,0.0,0,4.828125,6,84,05:49,20:11,2025-05-12 12:02:04.366597,Città della Scienza,59.3,14.734885,11.107738,10.107998,10.093538,EU EEA Common AQI,72.5,12.616923,10.049703,7200,7.521739,100,100,61.7,6.828985,Very Low,72.5,13.479286,100,1747051200,Very Low,8.086398,13.815803,Very Low,11.173132,57.5,10.942029,100,1747051200,8.536232
2025-05-12T12:02:15Z,0,29.858,74.8,56,67.8,11,11,238,70,0.0,255,32767,0.0,2127-15-31,0.0,0.16,26.24,0.0,0.0,0.0,0,4.828125,6,84,05:49,20:11,2025-05-12 12:02:15.438594,Città della Scienza,59.3,14.734885,11.107738,10.107998,10.093538,EU EEA Common AQI,72.5,12.616923,10.049703,7200,7.521739,100,100,61.7,6.828985,Very Low,72.5,13.479286,100,1747051200,Very Low,8.086398,13.815803,Very Low,11.173132,57.5,10.942029,100,1747051200,8.536232
2025-05-12T12:02:26Z,0,29.858,74.8,56,67.8,10,11,239,70,0.0,255,32767,0.0,2127-15-31,0.0,0.16,26.24,0.0,0.0,0.0,0,4.828125,6,84,05:49,20:11,2025-05-12 12:02:26.527598,Città della Scienza,59.3,14.734885,11.107738,10.107998,10.093538,EU EEA Common AQI,72.5,12.616923,10.049703,7200,7.521739,100,100,61.7,6.828985,Very Low,72.5,13.479286,100,1747051200,Very Low,8.086398,13.815803,Very Low,11.173132,57.5,10.942029,100,1747051200,8.536232
2025-05-12T12:02:37Z,0,29.859,74.8,56,67.8,9,11,239,69,0.0,255,32767,0.0,2127-15-31,0.0,0.16,26.24,0.0,0.0,0.0,0,4.81640625,6,84,05:49,20:11,2025-05-12 12:02:37.600569,Città della Scienza,59.3,14.734885,11.107738,10.107998,10.093538,EU EEA Common AQI,72.5,12.616923,10.049703,7200,7.521739,100,100,61.7,6.828985,Very Low,72.5,13.479286,100,1747051200,Very Low,8.086398,13.815803,Very Low,11.173132,57.5,10.942029,100,1747051200,8.536232
2025-05-12T12:02:48Z,0,29.859,74.8,56,67.8,12,11,271,69,0.0,255,32767,0.0,2127-15-31,0.0,0.16,26.24,0.0,0.0,0.0,0,4.81640625,6,84,05:49,20:11,2025-05-12 12:02:48.631695,Città della Scienza,59.3,14.734885,11.107738,10.107998,10.093538,EU EEA Common AQI,72.5,12.616923,10.049703,7200,7.521739,100,100,61.7,6.828985,Very Low,72.5,13.479286,100,1747051200,Very Low,8.086398,13.815803,Very Low,11.173132,57.5,10.942029,100,1747051200,8.536232
2025-05-12T12:02:59Z,0,29.859,74.8,56,67.8,10,11,246,69,0.0,255,32767,0.0,2127-15-31,0.0,0.16,26.24,0.0,0.0,0.0,0,4.81640625,6,84,05:49,20:11,2025-05-12 12:02:59.717589,Città della Scienza,59.3,14.734885,11.107738,10.107998,10.093538,EU EEA Common AQI,72.5,12.616923,10.049703,7200,7.521739,100,100,61.7,6.828985,Very Low,72.5,13.479286,100,1747051200,Very Low,8.086398,13.815803,Very Low,11.173132,57.5,10.942029,100,1747051200,8.536232
2025-05-12T12:03:11Z,0,29.859,74.8,56,67.8,8,11,247,69,0.0,255,32767,0.0,2127-15-31,0.0,0.16,26.24,0.0,0.0,0.0,0,4.81640625,6,84,05:49,20:11,2025-05-12 12:03:10.816599,Città della Scienza,59.3,14.734885,11.107738,10.107998,10.093538,EU EEA Common AQI,72.5,12.616923,10.049703,7200,7.521739,100,100,61.7,6.828985,Very Low,72.5,13.479286,100,1747051200,Very Low,8.086398,13.815803,Very Low,11.173132,57.5,10.942029,100,1747051200,8.536232
2025-05-12T12:03:22Z,0,29.859,74.8,56,67.8,12,11,248,69,0.0,255,32767,0.0,2127-15-31,0.0,0.16,26.24,0.0,0.0,0.0,0,4.81640625,6,84,05:49,20:11,2025-05-12 12:03:21.888608,Città della Scienza,59.3,14.734885,11.107738,10.107998,10.093538,EU EEA Common AQI,72.5,12.616923,10.049703,7200,7.521739,100,100,61.7,6.828985,Very Low,72.5,13.479286,100,1747051200,Very Low,8.086398,13.815803,Very Low,11.173132,57.5,10.942029,100,1747051200,8.536232
2025-05-12T12:03:33Z,0,29.859,74.8,56,67.9,11,11,255,69,0.0,255,32767,0.0,2127-15-31,0.0,0.16,26.24,0.0,0.0,0.0,0,4.828125,6,84,05:49,20:11,2025-05-12 12:03:32.996596,Città della Scienza,59.3,14.734885,11.107738,10.107998,10.093538,EU EEA Common AQI,72.5,12.616923,10.049703,7200,7.521739,100,100,61.7,6.828985,Very Low,72.5,13.479286,100,1747051200,Very Low,8.086398,13.815803,Very Low,11.173132,57.5,10.942029,100,1747051200,8.536232
2025-05-12T12:03:44Z,0,29.859,74.8,56,67.9,12,11,233,69,0.0,255,32767,0.0,2127-15-31,0.0,0.16,26.24,0.0,0.0,0.0,0,4.828125,6,84,05:49,20:11,2025-05-12 12:03:44.095591,Città della Scienza,59.3,14.734885,11.107738,10.107998,10.093538,EU EEA Common AQI,72.5,12.616923,10.049703,7200,7.521739,100,100,61.7,6.828985,Very Low,72.5,13.479286,100,1747051200,Very Low,8.086398,13.815803,Very Low,11.173132,57.5,10.942029,100,1747051200,8.536232
2025-05-12T12:03:55Z,0,29.859,74.8,56,67.9,11,11,236,69,0.0,255,32767,0.0,2127-15-31,0.0,0.16,26.24,0.0,0.0,0.0,0,4.828125,6,84,05:49,20:11,2025-05-12 12:03:55.173601,Città della Scienza,59.3,14.734885,11.107738,10.107998,10.093538,EU EEA Common AQI,72.5,12.616923,10.049703,7200,7.521739,100,100,61.7,6.828985,Very Low,72.5,13.479286,100,1747051200,Very Low,8.086398,13.815803,Very Low,11.173132,57.5,10.942029,100,1747051200,8.536232
2025-05-12T12:04:06Z,0,29.859,74.8,56,67.9,11,11,269,69,0.0,255,32767,0.0,2127-15-31,0.0,0.16,26.24,0.0,0.0,0.0,0,4.828125,6,84,05:49,20:11,2025-05-12 12:04:06.309619,Città della Scienza,59.3,14.734885,11.107738,10.107998,10.093538,EU EEA Common AQI,72.5,12.616923,10.049703,7200,7.521739,100,100,61.7,6.828985,Very Low,72.5,13.479286,100,1747051200,Very Low,8.086398,13.815803,Very Low,11.173132,57.5,10.942029,100,1747051200,8.536232
2025-05-12T12:04:17Z,0,29.859,74.8,56,67.9,10,11,245,69,0.0,255,32767,0.0,2127-15-31,0.0,0.16,26.24,0.0,0.0,0.0,0,4.828125,6,84,05:49,20:11,2025-05-12 12:04:17.406594,Città della Scienza,59.3,14.734885,11.107738,10.107998,10.093538,EU EEA Common AQI,72.5,12.616923,10.049703,7200,7.521739,100,100,61.7,6.828985,Very Low,72.5,13.479286,100,1747051200,Very Low,8.086398,13.815803,Very Low,11.173132,57.5,10.942029,100,1747051200,8.536232
2025-05-12T12:04:28Z,0,29.859,74.8,56,67.9,11,11,235,70,0.0,255,32767,0.0,2127-15-31,0.0,0.16,26.24,0.0,0.0,0.0,0,4.828125,6,84,05:49,20:11,2025-05-12 12:04:28.471596,Città della Scienza,59.3,14.734885,11.107738,10.107998,10.093538,EU EEA Common AQI,72.5,12.616923,10.049703,7200,7.521739,100,100,61.7,6.828985,Very Low,72.5,13.479286,100,1747051200,Very Low,8.086398,13.815803,Very Low,11.173132,57.5,10.942029,100,1747051200,8.536232
2025-05-12T12:04:39Z,0,29.859,74.8,56,67.9,10,11,250,70,0.0,255,32767,0.0,2127-15-31,0.0,0.16,26.24,0.0,0.0,0.0,0,4.828125,6,84,05:49,20:11,2025-05-12 12:04:39.547575,Città della Scienza,59.3,14.734885,11.107738,10.107998,10.093538,EU EEA Common AQI,72.5,12.616923,10.049703,7200,7.521739,100,100,61.7,6.828985,Very Low,72.5,13.479286,100,1747051200,Very Low,8.086398,13.815803,Very Low,11.173132,57.5,10.942029,100,1747051200,8.536232
2025-05-12T12:04:50Z,0,29.859,74.8,56,67.9,11,11,252,70,0.0,255,32767,0.0,2127-15-31,0.0,0.16,26.24,0.0,0.0,0.0,0,4.828125,6,84,05:49,20:11,2025-05-12 12:04:50.660595,Città della Scienza,59.3,14.734885,11.107738,10.107998,10.093538,EU EEA Common AQI,72.5,12.616923,10.049703,7200,7.521739,100,100,61.7,6.828985,Very Low,72.5,13.479286,100,1747051200,Very Low,8.086398,13.815803,Very Low,11.173132,57.5,10.942029,100,1747051200,8.536232
2025-05-12T12:05:01Z,0,29.859,74.8,56,67.9,9,11,236,70,0.0,255,32767,0.0,2127-15-31,0.0,0.16,26.24,0.0,0.0,0.0,0,4.828125,6,84,05:49,20:11,2025-05-12 12:05:01.738618,Città della Scienza,59.3,14.734885,11.107738,10.107998,10.093538,EU EEA Common AQI,72.5,12.616923,10.049703,7200,7.521739,100,100,61.7,6.828985,Very Low,72.5,13.479286,100,1747051200,Very Low,8.086398,13.815803,Very Low,11.173132,57.5,10.942029,100,1747051200,8.536232
2025-05-12T12:05:13Z,0,29.859,74.8,56,68.0,11,11,260,70,0.0,255,32767,0.0,2127-15-31,0.0,0.16,26.24,0.0,0.0,0.0,0,4.828125,6,84,05:49,20:11,2025-05-12 12:05:12.837615,Città della Scienza,59.3,14.734885,11.107738,10.107998,10.093538,EU EEA Common AQI,72.5,12.616923,10.049703,7200,7.521739,100,100,61.7,6.828985,Very Low,72.5,13.479286,100,1747051200,Very Low,8.086398,13.815803,Very Low,11.173132,57.5,10.942029,100,1747051200,8.536232
2025-05-12T12:05:24Z,0,29.859,74.8,56,68.0,10,11,247,70,0.0,255,32767,0.0,2127-15-31,0.0,0.16,26.24,0.0,0.0,0.0,0,4.828125,6,84,05:49,20:11,2025-05-12 12:05:23.923608,Città della Scienza,59.3,14.734885,11.107738,10.107998,10.093538,EU EEA Common AQI,72.5,12.616923,10.049703,7200,7.521739,100,100,61.7,6.828985,Very Low,72.5,13.479286,100,1747051200,Very Low,8.086398,13.815803,Very Low,11.173132,57.5,10.942029,100,1747051200,8.536232
2025-05-12T12:05:35Z,0,29.858,74.8,56,68.0,10,11,242,70,0.0,255,32767,0.0,2127-15-31,0.0,0.16,26.24,0.0,0.0,0.0,0,4.828125,6,84,05:49,20:11,2025-05-12 12:05:34.992604,Città della Scienza,59.3,14.734885,11.107738,10.107998,10.093538,EU EEA Common AQI,72.5,12.616923,10.049703,7200,7.521739,100,100,61.7,6.828985,Very Low,72.5,13.479286,100,1747051200,Very Low,8.086398,13.815803,Very Low,11.173132,57.5,10.942029,100,1747051200,8.536232
2025-05-12T12:05:46Z,0,29.858,74.8,56,68.0,10,11,237,70,0.0,255,32767,0.0,2127-15-31,0.0,0.16,26.24,0.0,0.0,0.0,0,4.828125,6,84,05:49,20:11,2025-05-12 12:05:46.087610,Città della Scienza,59.3,14.734885,11.107738,10.107998,10.093538,EU EEA Common AQI,72.5,12.616923,10.049703,7200,7.521739,100,100,61.7,6.828985,Very Low,72.5,13.479286,100,1747051200,Very Low,8.086398,13.815803,Very Low,11.173132,57.5,10.942029,100,1747051200,8.536232
2025-05-12T12:05:57Z,0,29.858,74.8,56,68.0,13,11,234,70,0.0,255,32767,0.0,2127-15-31,0.0,0.16,26.24,0.0,0.0,0.0,0,4.828125,6,84,05:49,20:11,2025-05-12 12:05:57.160597,Città della Scienza,59.3,14.734885,11.107738,10.107998,10.093538,EU EEA Common AQI,72.5,12.616923,10.049703,7200,7.521739,100,100,61.7,6.828985,Very Low,72.5,13.479286,100,1747051200,Very Low,8.086398,13.815803,Very Low,11.173132,57.5,10.942029,100,1747051200,8.536232
2025-05-12T12:06:08Z,0,29.858,74.8,56,68.1,13,11,239,70,0.0,255,32767,0.0,2127-15-31,0.0,0.16,26.24,0.0,0.0,0.0,0,4.828125,6,84,05:49,20:11,2025-05-12 12:06:08.403604,Città della Scienza,59.3,14.734885,11.107738,10.107998,10.093538,EU EEA Common AQI,72.5,12.616923,10.049703,7200,7.521739,100,100,61.7,6.828985,Very Low,72.5,13.479286,100,1747051200,Very Low,8.086398,13.815803,Very Low,11.173132,57.5,10.942029,100,1747051200,8.536232
2025-05-12T12:06:19Z,0,29.858,74.8,56,68.0,13,11,244,70,0.0,255,32767,0.0,2127-15-31,0.0,0.16,26.24,0.0,0.0,0.0,0,4.828125,6,84,05:49,20:11,2025-05-12 12:06:19.498598,Città della Scienza,59.3,14.734885,11.107738,10.107998,10.093538,EU EEA Common AQI,72.5,12.616923,10.049703,7200,7.521739,100,100,61.7,6.828985,Very Low,72.5,13.479286,100,1747051200,Very Low,8.086398,13.815803,Very Low,11.173132,57.5,10.942029,100,1747051200,8.536232
2025-05-12T12:06:30Z,0,29.858,74.8,56,68.0,11,11,239,70,0.0,255,32767,0.0,2127-15-31,0.0,0.16,26.24,0.0,0.0,0.0,0,4.828125,6,84,05:49,20:11,2025-05-12 12:06:30.605569,Città della Scienza,59.3,14.734885,11.107738,10.107998,10.093538,EU EEA Common AQI,72.5,12.616923,10.049703,7200,7.521739,100,100,61.7,6.828985,Very Low,72.5,13.479286,100,1747051200,Very Low,8.086398,13.815803,Very Low,11.173132,57.5,10.942029,100,1747051200,8.536232
2025-05-12T12:06:42Z,0,29.858,74.8,56,68.0,12,11,258,70,0.0,255,32767,0.0,2127-15-31,0.0,0.16,26.24,0.0,0.0,0.0,0,4.828125,6,84,05:49,20:11,2025-05-12 12:06:41.904582,Città della Scienza,59.3,14.734885,11.107738,10.107998,10.093538,EU EEA Common AQI,72.5,12.616923,10.049703,7200,7.521739,100,100,61.7,6.828985,Very Low,72.5,13.479286,100,1747051200,Very Low,8.086398,13.815803,Very Low,11.173132,57.5,10.942029,100,1747051200,8.536232
2025-05-12T12:06:53Z,0,29.858,74.8,56,68.0,12,11,238,70,0.0,255,32767,0.0,2127-15-31,0.0,0.16,26.24,0.0,0.0,0.0,0,4.828125,6,84,05:49,20:11,2025-05-12 12:06:52.986593,Città della Scienza,59.3,14.734885,11.107738,10.107998,10.093538,EU EEA Common AQI,72.5,12.616923,10.049703,7200,7.521739,100,100,61.7,6.828985,Very Low,72.5,13.479286,100,1747051200,Very Low,8.086398,13.815803,Very Low,11.173132,57.5,10.942029,100,1747051200,8.536232
2025-05-12T12:07:04Z,0,29.858,74.8,56,68.0,11,11,243,70,0.0,255,32767,0.0,2127-15-31,0.0,0.16,26.24,0.0,0.0,0.0,0,4.828125,6,84,05:49,20:11,2025-05-12 12:07:04.038611,Città della Scienza,59.3,14.734885,11.107738,10.107998,10.093538,EU EEA Common AQI,72.5,12.616923,10.049703,7200,7.521739,100,100,61.7,6.828985,Very Low,72.5,13.479286,100,1747051200,Very Low,8.086398,13.815803,Very Low,11.173132,57.5,10.942029,100,1747051200,8.536232
2025-05-12T12:07:15Z,0,29.858,74.8,56,68.0,7,11,233,70,0.0,255,32767,0.0,2127-15-31,0.0,0.16,26.24,0.0,0.0,0.0,0,4.828125,6,84,05:49,20:11,2025-05-12 12:07:15.110565,Città della Scienza,59.3,14.734885,11.107738,10.107998,10.093538,EU EEA Common AQI,72.5,12.616923,10.049703,7200,7.521739,100,100,61.7,6.828985,Very Low,72.5,13.479286,100,1747051200,Very Low,8.086398,13.815803,Very Low,11.173132,57.5,10.942029,100,1747051200,8.536232
2025-05-12T12:07:26Z,0,29.858,74.8,56,68.0,10,11,238,70,0.0,255,32767,0.0,2127-15-31,0.0,0.16,26.24,0.0,0.0,0.0,0,4.828125,6,84,05:49,20:11,2025-05-12 12:07:26.219593,Città della Scienza,59.3,14.734885,11.107738,10.107998,10.093538,EU EEA Common AQI,72.5,12.616923,10.049703,7200,7.521739,100,100,61.7,6.828985,Very Low,72.5,13.479286,100,1747051200,Very Low,8.086398,13.815803,Very Low,11.173132,57.5,10.942029,100,1747051200,8.536232
2025-05-12T12:07:37Z,0,29.858,74.9,56,68.0,10,11,242,70,0.0,255,32767,0.0,2127-15-31,0.0,0.16,26.24,0.0,0.0,0.0,0,4.828125,6,84,05:49,20:11,2025-05-12 12:07:37.310598,Città della Scienza,59.3,14.734885,11.107738,10.107998,10.093538,EU EEA Common AQI,72.5,12.616923,10.049703,7200,7.521739,100,100,61.7,6.828985,Very Low,72.5,13.479286,100,1747051200,Very Low,8.086398,13.815803,Very Low,11.173132,57.5,10.942029,100,1747051200,8.536232
2025-05-12T12:07:48Z,0,29.858,74.9,56,68.0,10,11,248,70,0.0,255,32767,0.0,2127-15-31,0.0,0.16,26.24,0.0,0.0,0.0,0,4.828125,6,84,05:49,20:11,2025-05-12 12:07:48.390608,Città della Scienza,59.3,14.734885,11.107738,10.107998,10.093538,EU EEA Common AQI,72.5,12.616923,10.049703,7200,7.521739,100,100,61.7,6.828985,Very Low,72.5,13.479286,100,1747051200,Very Low,8.086398,13.815803,Very Low,11.173132,57.5,10.942029,100,1747051200,8.536232
2025-05-12T12:07:59Z,0,29.858,74.9,56,68.0,12,11,244,70,0.0,255,32767,0.0,2127-15-31,0.0,0.16,26.24,0.0,0.0,0.0,0,4.828125,6,84,05:49,20:11,2025-05-12 12:07:59.478590,Città della Scienza,59.3,14.734885,11.107738,10.107998,10.093538,EU EEA Common AQI,72.5,12.616923,10.049703,7200,7.521739,100,100,61.7,6.828985,Very Low,72.5,13.479286,100,1747051200,Very Low,8.086398,13.815803,Very Low,11.173132,57.5,10.942029,100,1747051200,8.536232
2025-05-12T12:08:10Z,0,29.858,74.9,56,68.0,10,11,244,70,0.0,255,32767,0.0,2127-15-31,0.0,0.16,26.24,0.0,0.0,0.0,0,4.828125,6,84,05:49,20:11,2025-05-12 12:08:10.588620,Città della Scienza,59.3,14.734885,11.107738,10.107998,10.093538,EU EEA Common AQI,72.5,12.616923,10.049703,7200,7.521739,100,100,61.7,6.828985,Very Low,72.5,13.479286,100,1747051200,Very Low,8.086398,13.815803,Very Low,11.173132,57.5,10.942029,100,1747051200,8.536232
2025-05-12T12:08:21Z,0,29.858,74.9,56,68.0,10,11,239,70,0.0,255,32767,0.0,2127-15-31,0.0,0.16,26.24,0.0,0.0,0.0,0,4.828125,6,84,05:49,20:11,2025-05-12 12:08:21.705597,Città della Scienza,59.3,14.734885,11.107738,10.107998,10.093538,EU EEA Common AQI,72.5,12.616923,10.049703,7200,7.521739,100,100,61.7,6.828985,Very Low,72.5,13.479286,100,1747051200,Very Low,8.086398,13.815803,Very Low,11.173132,57.5,10.942029,100,1747051200,8.536232
2025-05-12T12:08:33Z,0,29.858,74.9,56,68.1,10,11,240,70,0.0,255,32767,0.0,2127-15-31,0.0,0.16,26.24,0.0,0.0,0.0,0,4.828125,6,84,05:49,20:11,2025-05-12 12:08:32.979598,Città della Scienza,59.3,14.734885,11.107738,10.107998,10.093538,EU EEA Common AQI,72.5,12.616923,10.049703,7200,7.521739,100,100,61.7,6.828985,Very Low,72.5,13.479286,100,1747051200,Very Low,8.086398,13.815803,Very Low,11.173132,57.5,10.942029,100,1747051200,8.536232
2025-05-12T12:08:44Z,0,29.86,74.9,56,68.0,11,11,256,70,0.0,255,32767,0.0,2127-15-31,0.0,0.16,26.24,0.0,0.0,0.0,0,4.828125,6,84,05:49,20:11,2025-05-12 12:08:44.070594,Città della Scienza,59.3,14.734885,11.107738,10.107998,10.093538,EU EEA Common AQI,72.5,12.616923,10.049703,7200,7.521739,100,100,61.7,6.828985,Very Low,72.5,13.479286,100,1747051200,Very Low,8.086398,13.815803,Very Low,11.173132,57.5,10.942029,100,1747051200,8.536232
2025-05-12T12:08:55Z,0,29.86,74.9,56,68.0,10,11,245,70,0.0,255,32767,0.0,2127-15-31,0.0,0.16,26.24,0.0,0.0,0.0,0,4.828125,6,84,05:49,20:11,2025-05-12 12:08:55.176599,Città della Scienza,59.3,14.734885,11.107738,10.107998,10.093538,EU EEA Common AQI,72.5,12.616923,10.049703,7200,7.521739,100,100,61.7,6.828985,Very Low,72.5,13.479286,100,1747051200,Very Low,8.086398,13.815803,Very Low,11.173132,57.5,10.942029,100,1747051200,8.536232
2025-05-12T12:09:06Z,0,29.86,74.9,56,68.0,12,11,236,70,0.0,255,32767,0.0,2127-15-31,0.0,0.16,26.24,0.0,0.0,0.0,0,4.828125,6,84,05:49,20:11,2025-05-12 12:09:06.229604,Città della Scienza,59.3,14.734885,11.107738,10.107998,10.093538,EU EEA Common AQI,72.5,12.616923,10.049703,7200,7.521739,100,100,61.7,6.828985,Very Low,72.5,13.479286,100,1747051200,Very Low,8.086398,13.815803,Very Low,11.173132,57.5,10.942029,100,1747051200,8.536232
2025-05-12T12:09:17Z,0,29.86,74.9,56,68.1,13,11,240,70,0.0,255,32767,0.0,2127-15-31,0.0,0.16,26.24,0.0,0.0,0.0,0,4.828125,6,84,05:49,20:11,2025-05-12 12:09:17.311601,Città della Scienza,59.3,14.734885,11.107738,10.107998,10.093538,EU EEA Common AQI,72.5,12.616923,10.049703,7200,7.521739,100,100,61.7,6.828985,Very Low,72.5,13.479286,100,1747051200,Very Low,8.086398,13.815803,Very Low,11.173132,57.5,10.942029,100,1747051200,8.536232
2025-05-12T12:09:28Z,0,29.86,74.9,56,68.1,11,11,277,70,0.0,255,32767,0.0,2127-15-31,0.0,0.16,26.24,0.0,0.0,0.0,0,4.828125,6,84,05:49,20:11,2025-05-12 12:09:28.406588,Città della Scienza,59.3,14.734885,11.107738,10.107998,10.093538,EU EEA Common AQI,72.5,12.616923,10.049703,7200,7.521739,100,100,61.7,6.828985,Very Low,72.5,13.479286,100,1747051200,Very Low,8.086398,13.815803,Very Low,11.173132,57.5,10.942029,100,1747051200,8.536232
2025-05-12T12:09:39Z,0,29.858,74.9,56,68.1,11,11,240,70,0.0,255,32767,0.0,2127-15-31,0.0,0.16,26.24,0.0,0.0,0.0,0,4.828125,6,84,05:49,20:11,2025-05-12 12:09:39.536591,Città della Scienza,59.3,14.734885,11.107738,10.107998,10.093538,EU EEA Common AQI,72.5,12.616923,10.049703,7200,7.521739,100,100,61.7,6.828985,Very Low,72.5,13.479286,100,1747051200,Very Low,8.086398,13.815803,Very Low,11.173132,57.5,10.942029,100,1747051200,8.536232
2025-05-12T12:09:50Z,0,29.858,74.9,56,68.1,14,11,235,70,0.0,255,32767,0.0,2127-15-31,0.0,0.16,26.24,0.0,0.0,0.0,0,4.828125,6,84,05:49,20:11,2025-05-12 12:09:50.610625,Città della Scienza,59.3,14.734885,11.107738,10.107998,10.093538,EU EEA Common AQI,72.5,12.616923,10.049703,7200,7.521739,100,100,61.7,6.828985,Very Low,72.5,13.479286,100,1747051200,Very Low,8.086398,13.815803,Very Low,11.173132,57.5,10.942029,100,1747051200,8.536232
2025-05-12T12:10:01Z,0,29.858,74.9,56,68.1,11,11,237,70,0.0,255,32767,0.0,2127-15-31,0.0,0.16,26.24,0.0,0.0,0.0,0,4.828125,6,84,05:49,20:11,2025-05-12 12:10:01.700570,Città della Scienza,59.3,14.734885,11.107738,10.107998,10.093538,EU EEA Common AQI,72.5,12.616923,10.049703,7200,7.521739,100,100,61.7,6.828985,Very Low,72.5,13.479286,100,1747051200,Very Low,8.086398,13.815803,Very Low,11.173132,57.5,10.942029,100,1747051200,8.536232
2025-05-12T12:10:13Z,0,29.858,74.9,56,68.1,13,11,242,70,0.0,255,32767,0.0,2127-15-31,0.0,0.16,26.24,0.0,0.0,0.0,0,4.828125,6,84,05:49,20:11,2025-05-12 12:10:12.837602,Città della Scienza,59.3,14.734885,11.107738,10.107998,10.093538,EU EEA Common AQI,72.5,12.616923,10.049703,7200,7.521739,100,100,61.7,6.828985,Very Low,72.5,13.479286,100,1747051200,Very Low,8.086398,13.815803,Very Low,11.173132,57.5,10.942029,100,1747051200,8.536232
2025-05-12T12:10:24Z,0,29.858,74.9,56,68.1,11,11,217,70,0.0,255,32767,0.0,2127-15-31,0.0,0.16,26.24,0.0,0.0,0.0,0,4.828125,6,84,05:49,20:11,2025-05-12 12:10:23.950617,Città della Scienza,59.3,14.734885,11.107738,10.107998,10.093538,EU EEA Common AQI,72.5,12.616923,10.049703,7200,7.521739,100,100,61.7,6.828985,Very Low,72.5,13.479286,100,1747051200,Very Low,8.086398,13.815803,Very Low,11.173132,57.5,10.942029,100,1747051200,8.536232
2025-05-12T12:10:35Z,0,29.857,74.8,56,68.1,10,11,238,71,0.0,255,32767,0.0,2127-15-31,0.0,0.16,26.24,0.0,0.0,0.0,0,4.828125,6,84,05:49,20:11,2025-05-12 12:10:35.045596,Città della Scienza,59.3,14.734885,11.107738,10.107998,10.093538,EU EEA Common AQI,72.5,12.616923,10.049703,7200,7.521739,100,100,61.7,6.828985,Very Low,72.5,13.479286,100,1747051200,Very Low,8.086398,13.815803,Very Low,11.173132,57.5,10.942029,100,1747051200,8.536232
2025-05-12T12:10:46Z,0,29.857,74.8,56,68.1,11,11,249,71,0.0,255,32767,0.0,2127-15-31,0.0,0.16,26.24,0.0,0.0,0.0,0,4.828125,6,84,05:49,20:11,2025-05-12 12:10:46.097597,Città della Scienza,59.3,14.734885,11.107738,10.107998,10.093538,EU EEA Common AQI,72.5,12.616923,10.049703,7200,7.521739,100,100,61.7,6.828985,Very Low,72.5,13.479286,100,1747051200,Very Low,8.086398,13.815803,Very Low,11.173132,57.5,10.942029,100,1747051200,8.536232
2025-05-12T12:10:57Z,0,29.857,74.8,56,68.1,14,11,249,71,0.0,255,32767,0.0,2127-15-31,0.0,0.16,26.24,0.0,0.0,0.0,0,4.828125,6,84,05:49,20:11,2025-05-12 12:10:57.217612,Città della Scienza,59.3,14.734885,11.107738,10.107998,10.093538,EU EEA Common AQI,72.5,12.616923,10.049703,7200,7.521739,100,100,61.7,6.828985,Very Low,72.5,13.479286,100,1747051200,Very Low,8.086398,13.815803,Very Low,11.173132,57.5,10.942029,100,1747051200,8.536232
2025-05-12T12:11:08Z,0,29.857,74.8,56,68.1,12,11,236,71,0.0,255,32767,0.0,2127-15-31,0.0,0.16,26.24,0.0,0.0,0.0,0,4.828125,6,84,05:49,20:11,2025-05-12 12:11:08.282591,Città della Scienza,59.3,14.734885,11.107738,10.107998,10.093538,EU EEA Common AQI,72.5,12.616923,10.049703,7200,7.521739,100,100,61.7,6.828985,Very Low,72.5,13.479286,100,1747051200,Very Low,8.086398,13.815803,Very Low,11.173132,57.5,10.942029,100,1747051200,8.536232
2025-05-12T12:11:19Z,0,29.857,74.8,56,68.0,14,11,239,71,0.0,255,32767,0.0,2127-15-31,0.0,0.16,26.24,0.0,0.0,0.0,0,4.828125,6,84,05:49,20:11,2025-05-12 12:11:19.353575,Città della Scienza,59.3,14.734885,11.107738,10.107998,10.093538,EU EEA Common AQI,72.5,12.616923,10.049703,7200,7.521739,100,100,61.7,6.828985,Very Low,72.5,13.479286,100,1747051200,Very Low,8.086398,13.815803,Very Low,11.173132,57.5,10.942029,100,1747051200,8.536232
2025-05-12T12:11:30Z,0,29.857,74.8,56,67.9,10,11,246,70,0.0,255,32767,0.0,2127-15-31,0.0,0.16,26.24,0.0,0.0,0.0,0,4.828125,6,84,05:49,20:11,2025-05-12 12:11:30.466591,Città della Scienza,59.3,14.734885,11.107738,10.107998,10.093538,EU EEA Common AQI,72.5,12.616923,10.049703,7200,7.521739,100,100,61.7,6.828985,Very Low,72.5,13.479286,100,1747051200,Very Low,8.086398,13.815803,Very Low,11.173132,57.5,10.942029,100,1747051200,8.536232
2025-05-12T12:11:41Z,0,29.857,74.8,56,68.0,12,11,244,70,0.0,255,32767,0.0,2127-15-31,0.0,0.16,26.24,0.0,0.0,0.0,0,4.828125,6,84,05:49,20:11,2025-05-12 12:11:41.490600,Città della Scienza,59.3,14.734885,11.107738,10.107998,10.093538,EU EEA Common AQI,72.5,12.616923,10.049703,7200,7.521739,100,100,61.7,6.828985,Very Low,72.5,13.479286,100,1747051200,Very Low,8.086398,13.815803,Very Low,11.173132,57.5,10.942029,100,1747051200,8.536232
2025-05-12T12:11:52Z,0,29.857,74.8,56,67.9,9,11,223,70,0.0,255,32767,0.0,2127-15-31,0.0,0.16,26.24,0.0,0.0,0.0,0,4.828125,6,84,05:49,20:11,2025-05-12 12:11:52.573597,Città della Scienza,59.3,14.734885,11.107738,10.107998,10.093538,EU EEA Common AQI,72.5,12.616923,10.049703,7200,7.521739,100,100,61.7,6.828985,Very Low,72.5,13.479286,100,1747051200,Very Low,8.086398,13.815803,Very Low,11.173132,57.5,10.942029,100,1747051200,8.536232
2025-05-12T12:12:03Z,0,29.857,74.8,56,67.9,11,11,252,70,0.0,255,32767,0.0,2127-15-31,0.0,0.16,26.24,0.0,0.0,0.0,0,4.828125,6,84,05:49,20:11,2025-05-12 12:12:03.662622,Città della Scienza,59.3,14.734885,11.107738,10.107998,10.093538,EU EEA Common AQI,72.5,12.616923,10.049703,7200,7.521739,100,100,61.7,6.828985,Very Low,72.5,13.479286,100,1747051200,Very Low,8.086398,13.815803,Very Low,11.173132,57.5,10.942029,100,1747051200,8.536232
2025-05-12T12:12:14Z,0,29.857,74.8,56,67.9,12,11,235,69,0.0,255,32767,0.0,2127-15-31,0.0,0.16,26.24,0.0,0.0,0.0,0,4.828125,6,84,05:49,20:11,2025-05-12 12:12:14.714599,Città della Scienza,59.3,14.734885,11.107738,10.107998,10.093538,EU EEA Common AQI,72.5,12.616923,10.049703,7200,7.521739,100,100,61.7,6.828985,Very Low,72.5,13.479286,100,1747051200,Very Low,8.086398,13.815803,Very Low,11.173132,57.5,10.942029,100,1747051200,8.536232
2025-05-12T12:12:25Z,0,29.857,74.8,56,67.9,12,11,243,69,0.0,255,32767,0.0,2127-15-31,0.0,0.16,26.24,0.0,0.0,0.0,0,4.828125,6,84,05:49,20:11,2025-05-12 12:12:25.775596,Città della Scienza,59.3,14.734885,11.107738,10.107998,10.093538,EU EEA Common AQI,72.5,12.616923,10.049703,7200,7.521739,100,100,61.7,6.828985,Very Low,72.5,13.479286,100,1747051200,Very Low,8.086398,13.815803,Very Low,11.173132,57.5,10.942029,100,1747051200,8.536232
2025-05-12T12:12:37Z,0,29.858,74.9,56,67.9,12,11,224,69,0.0,255,32767,0.0,2127-15-31,0.0,0.16,26.24,0.0,0.0,0.0,0,4.828125,6,84,05:49,20:11,2025-05-12 12:12:36.862607,Città della Scienza,59.3,14.734885,11.107738,10.107998,10.093538,EU EEA Common AQI,72.5,12.616923,10.049703,7200,7.521739,100,100,61.7,6.828985,Very Low,72.5,13.479286,100,1747051200,Very Low,8.086398,13.815803,Very Low,11.173132,57.5,10.942029,100,1747051200,8.536232
2025-05-12T12:12:48Z,0,29.858,74.9,56,67.9,11,11,251,69,0.0,255,32767,0.0,2127-15-31,0.0,0.16,26.24,0.0,0.0,0.0,0,4.828125,6,84,05:49,20:11,2025-05-12 12:12:47.955595,Città della Scienza,59.3,14.734885,11.107738,10.107998,10.093538,EU EEA Common AQI,72.5,12.616923,10.049703,7200,7.521739,100,100,61.7,6.828985,Very Low,72.5,13.479286,100,1747051200,Very Low,8.086398,13.815803,Very Low,11.173132,57.5,10.942029,100,1747051200,8.536232
2025-05-12T12:12:59Z,0,29.858,74.9,56,67.9,13,11,242,69,0.0,255,32767,0.0,2127-15-31,0.0,0.16,26.24,0.0,0.0,0.0,0,4.828125,6,84,05:49,20:11,2025-05-12 12:12:59.043595,Città della Scienza,59.3,14.734885,11.107738,10.107998,10.093538,EU EEA Common AQI,72.5,12.616923,10.049703,7200,7.521739,100,100,61.7,6.828985,Very Low,72.5,13.479286,100,1747051200,Very Low,8.086398,13.815803,Very Low,11.173132,57.5,10.942029,100,1747051200,8.536232
2025-05-12T12:13:10Z,0,29.858,74.9,56,67.9,12,11,235,70,0.0,255,32767,0.0,2127-15-31,0.0,0.16,26.24,0.0,0.0,0.0,0,4.828125,6,84,05:49,20:11,2025-05-12 12:13:10.125604,Città della Scienza,59.3,14.734885,11.107738,10.107998,10.093538,EU EEA Common AQI,72.5,12.616923,10.049703,7200,7.521739,100,100,61.7,6.828985,Very Low,72.5,13.479286,100,1747051200,Very Low,8.086398,13.815803,Very Low,11.173132,57.5,10.942029,100,1747051200,8.536232
2025-05-12T12:13:21Z,0,29.858,74.9,56,67.9,11,11,241,70,0.0,255,32767,0.0,2127-15-31,0.0,0.16,26.24,0.0,0.0,0.0,0,4.828125,6,84,05:49,20:11,2025-05-12 12:13:21.221601,Città della Scienza,59.3,14.734885,11.107738,10.107998,10.093538,EU EEA Common AQI,72.5,12.616923,10.049703,7200,7.521739,100,100,61.7,6.828985,Very Low,72.5,13.479286,100,1747051200,Very Low,8.086398,13.815803,Very Low,11.173132,57.5,10.942029,100,1747051200,8.536232
2025-05-12T12:13:32Z,0,29.858,74.9,56,67.9,10,11,255,70,0.0,255,32767,0.0,2127-15-31,0.0,0.16,26.24,0.0,0.0,0.0,0,4.828125,6,84,05:49,20:11,2025-05-12 12:13:32.316590,Città della Scienza,59.3,14.734885,11.107738,10.107998,10.093538,EU EEA Common AQI,72.5,12.616923,10.049703,7200,7.521739,100,100,61.7,6.828985,Very Low,72.5,13.479286,100,1747051200,Very Low,8.086398,13.815803,Very Low,11.173132,57.5,10.942029,100,1747051200,8.536232
2025-05-12T12:13:43Z,0,29.859,74.9,56,67.9,7,11,219,70,0.0,255,32767,0.0,2127-15-31,0.0,0.16,26.24,0.0,0.0,0.0,0,4.828125,6,84,05:49,20:11,2025-05-12 12:13:43.384614,Città della Scienza,59.3,14.734885,11.107738,10.107998,10.093538,EU EEA Common AQI,72.5,12.616923,10.049703,7200,7.521739,100,100,61.7,6.828985,Very Low,72.5,13.479286,100,1747051200,Very Low,8.086398,13.815803,Very Low,11.173132,57.5,10.942029,100,1747051200,8.536232
2025-05-12T12:13:54Z,0,29.859,74.9,56,67.9,10,11,236,70,0.0,255,32767,0.0,2127-15-31,0.0,0.16,26.24,0.0,0.0,0.0,0,4.828125,6,84,05:49,20:11,2025-05-12 12:13:54.461593,Città della Scienza,59.3,14.734885,11.107738,10.107998,10.093538,EU EEA Common AQI,72.5,12.616923,10.049703,7200,7.521739,100,100,61.7,6.828985,Very Low,72.5,13.479286,100,1747051200,Very Low,8.086398,13.815803,Very Low,11.173132,57.5,10.942029,100,1747051200,8.536232
2025-05-12T12:14:05Z,0,29.859,74.9,56,67.9,10,11,244,71,0.0,255,32767,0.0,2127-15-31,0.0,0.16,26.24,0.0,0.0,0.0,0,4.828125,6,84,05:49,20:11,2025-05-12 12:14:05.527596,Città della Scienza,59.3,14.734885,11.107738,10.107998,10.093538,EU EEA Common AQI,72.5,12.616923,10.049703,7200,7.521739,100,100,61.7,6.828985,Very Low,72.5,13.479286,100,1747051200,Very Low,8.086398,13.815803,Very Low,11.173132,57.5,10.942029,100,1747051200,8.536232
2025-05-12T12:14:16Z,0,29.859,74.9,56,67.9,15,11,237,71,0.0,255,32767,0.0,2127-15-31,0.0,0.16,26.24,0.0,0.0,0.0,0,4.828125,6,84,05:49,20:11,2025-05-12 12:14:16.608616,Città della Scienza,59.3,14.734885,11.107738,10.107998,10.093538,EU EEA Common AQI,72.5,12.616923,10.049703,7200,7.521739,100,100,61.7,6.828985,Very Low,72.5,13.479286,100,1747051200,Very Low,8.086398,13.815803,Very Low,11.173132,57.5,10.942029,100,1747051200,8.536232
2025-05-12T12:14:27Z,0,29.859,74.9,56,67.9,14,11,241,71,0.0,255,32767,0.0,2127-15-31,0.0,0.16,26.24,0.0,0.0,0.0,0,4.828125,6,84,05:49,20:11,2025-05-12 12:14:27.706602,Città della Scienza,59.3,14.734885,11.107738,10.107998,10.093538,EU EEA Common AQI,72.5,12.616923,10.049703,7200,7.521739,100,100,61.7,6.828985,Very Low,72.5,13.479286,100,1747051200,Very Low,8.086398,13.815803,Very Low,11.173132,57.5,10.942029,100,1747051200,8.536232
2025-05-12T12:14:39Z,0,29.856,74.9,56,67.9,12,11,232,71,0.0,255,32767,0.0,2127-15-31,0.0,0.16,26.24,0.0,0.0,0.0,0,4.828125,6,84,05:49,20:11,2025-05-12 12:14:38.806591,Città della Scienza,59.3,14.734885,11.107738,10.107998,10.093538,EU EEA Common AQI,72.5,12.616923,10.049703,7200,7.521739,100,100,61.7,6.828985,Very Low,72.5,13.479286,100,1747051200,Very Low,8.086398,13.815803,Very Low,11.173132,57.5,10.942029,100,1747051200,8.536232
2025-05-12T12:14:50Z,0,29.856,74.9,56,67.9,9,11,258,71,0.0,255,32767,0.0,2127-15-31,0.0,0.16,26.24,0.0,0.0,0.0,0,4.828125,6,84,05:49,20:11,2025-05-12 12:14:49.884623,Città della Scienza,59.3,14.734885,11.107738,10.107998,10.093538,EU EEA Common AQI,72.5,12.616923,10.049703,7200,7.521739,100,100,61.7,6.828985,Very Low,72.5,13.479286,100,1747051200,Very Low,8.086398,13.815803,Very Low,11.173132,57.5,10.942029,100,1747051200,8.536232
2025-05-12T12:15:01Z,0,29.856,74.9,56,67.9,9,11,234,71,0.0,255,32767,0.0,2127-15-31,0.0,0.16,26.24,0.0,0.0,0.0,0,4.828125,6,84,05:49,20:11,2025-05-12 12:15:00.963594,Città della Scienza,59.3,14.734885,11.107738,10.107998,10.093538,EU EEA Common AQI,72.5,12.616923,10.049703,7200,7.521739,100,100,61.7,6.828985,Very Low,72.5,13.479286,100,1747051200,Very Low,8.086398,13.815803,Very Low,11.173132,57.5,10.942029,100,1747051200,8.536232
2025-05-12T12:15:12Z,0,29.856,74.9,56,67.9,10,11,264,71,0.0,255,32767,0.0,2127-15-31,0.0,0.16,26.24,0.0,0.0,0.0,0,4.828125,6,84,05:49,20:11,2025-05-12 12:15:12.032595,Città della Scienza,59.3,14.734885,11.107738,10.107998,10.093538,EU EEA Common AQI,72.5,12.616923,10.049703,7200,7.521739,100,100,61.7,6.828985,Very Low,72.5,13.479286,100,1747051200,Very Low,8.086398,13.815803,Very Low,11.173132,57.5,10.942029,100,1747051200,8.536232
2025-05-12T12:15:23Z,0,29.856,74.9,56,67.9,12,11,247,71,0.0,255,32767,0.0,2127-15-31,0.0,0.16,26.24,0.0,0.0,0.0,0,4.828125,6,84,05:49,20:11,2025-05-12 12:15:23.096591,Città della Scienza,59.3,14.734885,11.107738,10.107998,10.093538,EU EEA Common AQI,72.5,12.616923,10.049703,7200,7.521739,100,100,61.7,6.828985,Very Low,72.5,13.479286,100,1747051200,Very Low,8.086398,13.815803,Very Low,11.173132,57.5,10.942029,100,1747051200,8.536232
2025-05-12T12:15:34Z,236,29.857,74.9,56,67.9,9,11,224,71,0.0,255,32767,0.0,2127-15-31,0.0,0.16,26.24,0.0,0.0,0.0,0,4.828125,6,84,05:49,20:11,2025-05-12 12:15:34.178598,Città della Scienza,60.3,14.408317,11.150426,9.451281,9.701598,EU EEA Common AQI,72.5,12.126998,10.09377,7200,9.1285715,100,100,61.9,8.091428,Very Low,72.4,13.194323,100,1747052100,Very Low,7.5610237,13.282448,Very Low,10.4570265,57.9,10.828571,100,1747052100,10.114285
2025-05-12T12:15:45Z,236,29.857,74.9,56,67.9,12,11,253,71,0.0,255,32767,0.0,2127-15-31,0.0,0.16,26.24,0.0,0.0,0.0,0,4.828125,6,84,05:49,20:11,2025-05-12 12:15:45.257586,Città della Scienza,60.3,14.408317,11.150426,9.451281,9.701598,EU EEA Common AQI,72.5,12.126998,10.09377,7200,9.1285715,100,100,61.9,8.091428,Very Low,72.4,13.194323,100,1747052100,Very Low,7.5610237,13.282448,Very Low,10.4570265,57.9,10.828571,100,1747052100,10.114285
2025-05-12T12:15:56Z,236,29.857,74.9,56,67.9,13,11,248,71,0.0,255,32767,0.0,2127-15-31,0.0,0.16,26.24,0.0,0.0,0.0,0,4.828125,6,84,05:49,20:11,2025-05-12 12:15:56.336593,Città della Scienza,60.3,14.408317,11.150426,9.451281,9.701598,EU EEA Common AQI,72.5,12.126998,10.09377,7200,9.1285715,100,100,61.9,8.091428,Very Low,72.4,13.194323,100,1747052100,Very Low,7.5610237,13.282448,Very Low,10.4570265,57.9,10.828571,100,1747052100,10.114285
2025-05-12T12:16:07Z,236,29.857,74.9,56,67.9,10,11,253,71,0.0,255,32767,0.0,2127-15-31,0.0,0.16,26.24,0.0,0.0,0.0,0,4.828125,6,84,05:49,20:11,2025-05-12 12:16:07.434610,Città della Scienza,60.3,14.408317,11.150426,9.451281,9.701598,EU EEA Common AQI,72.5,12.126998,10.09377,7200,9.1285715,100,100,61.9,8.091428,Very Low,72.4,13.194323,100,1747052100,Very Low,7.5610237,13.282448,Very Low,10.4570265,57.9,10.828571,100,1747052100,10.114285
2025-05-12T12:16:18Z,236,29.857,74.9,56,67.9,13,11,240,71,0.0,255,32767,0.0,2127-15-31,0.0,0.16,26.24,0.0,0.0,0.0,0,4.828125,6,84,05:49,20:11,2025-05-12 12:16:18.535599,Città della Scienza,60.3,14.408317,11.150426,9.451281,9.701598,EU EEA Common AQI,72.5,12.126998,10.09377,7200,9.1285715,100,100,61.9,8.091428,Very Low,72.4,13.194323,100,1747052100,Very Low,7.5610237,13.282448,Very Low,10.4570265,57.9,10.828571,100,1747052100,10.114285
2025-05-12T12:16:29Z,236,29.857,74.9,56,67.8,13,11,244,71,0.0,255,32767,0.0,2127-15-31,0.0,0.16,26.24,0.0,0.0,0.0,0,4.828125,6,84,05:49,20:11,2025-05-12 12:16:29.607614,Città della Scienza,60.3,14.408317,11.150426,9.451281,9.701598,EU EEA Common AQI,72.5,12.126998,10.09377,7200,9.1285715,100,100,61.9,8.091428,Very Low,72.4,13.194323,100,1747052100,Very Low,7.5610237,13.282448,Very Low,10.4570265,57.9,10.828571,100,1747052100,10.114285
2025-05-12T12:16:40Z,236,29.857,74.9,56,67.8,10,11,246,71,0.0,255,32767,0.0,2127-15-31,0.0,0.16,26.24,0.0,0.0,0.0,0,4.828125,6,84,05:49,20:11,2025-05-12 12:16:40.723598,Città della Scienza,60.3,14.408317,11.150426,9.451281,9.701598,EU EEA Common AQI,72.5,12.126998,10.09377,7200,9.1285715,100,100,61.9,8.091428,Very Low,72.4,13.194323,100,1747052100,Very Low,7.5610237,13.282448,Very Low,10.4570265,57.9,10.828571,100,1747052100,10.114285
2025-05-12T12:16:52Z,236,29.857,74.9,56,67.8,9,11,240,71,0.0,255,32767,0.0,2127-15-31,0.0,0.16,26.24,0.0,0.0,0.0,0,4.828125,6,84,05:49,20:11,2025-05-12 12:16:51.802595,Città della Scienza,60.3,14.408317,11.150426,9.451281,9.701598,EU EEA Common AQI,72.5,12.126998,10.09377,7200,9.1285715,100,100,61.9,8.091428,Very Low,72.4,13.194323,100,1747052100,Very Low,7.5610237,13.282448,Very Low,10.4570265,57.9,10.828571,100,1747052100,10.114285
2025-05-12T12:17:03Z,236,29.857,74.9,56,67.8,13,11,239,71,0.0,255,32767,0.0,2127-15-31,0.0,0.16,26.24,0.0,0.0,0.0,0,4.828125,6,84,05:49,20:11,2025-05-12 12:17:02.860594,Città della Scienza,60.3,14.408317,11.150426,9.451281,9.701598,EU EEA Common AQI,72.5,12.126998,10.09377,7200,9.1285715,100,100,61.9,8.091428,Very Low,72.4,13.194323,100,1747052100,Very Low,7.5610237,13.282448,Very Low,10.4570265,57.9,10.828571,100,1747052100,10.114285
2025-05-12T12:17:14Z,236,29.857,74.9,56,67.8,14,11,244,71,0.0,255,32767,0.0,2127-15-31,0.0,0.16,26.24,0.0,0.0,0.0,0,4.828125,6,84,05:49,20:11,2025-05-12 12:17:13.953600,Città della Scienza,60.3,14.408317,11.150426,9.451281,9.701598,EU EEA Common AQI,72.5,12.126998,10.09377,7200,9.1285715,100,100,61.9,8.091428,Very Low,72.4,13.194323,100,1747052100,Very Low,7.5610237,13.282448,Very Low,10.4570265,57.9,10.828571,100,1747052100,10.114285
2025-05-12T12:17:25Z,236,29.857,74.9,56,67.8,13,11,256,71,0.0,255,32767,0.0,2127-15-31,0.0,0.16,26.24,0.0,0.0,0.0,0,4.828125,6,84,05:49,20:11,2025-05-12 12:17:25.042590,Città della Scienza,60.3,14.408317,11.150426,9.451281,9.701598,EU EEA Common AQI,72.5,12.126998,10.09377,7200,9.1285715,100,100,61.9,8.091428,Very Low,72.4,13.194323,100,1747052100,Very Low,7.5610237,13.282448,Very Low,10.4570265,57.9,10.828571,100,1747052100,10.114285
2025-05-12T12:17:36Z,236,29.856,74.9,56,67.8,14,11,244,71,0.0,255,32767,0.0,2127-15-31,0.0,0.16,26.24,0.0,0.0,0.0,0,4.828125,6,84,05:49,20:11,2025-05-12 12:17:36.123587,Città della Scienza,60.3,14.408317,11.150426,9.451281,9.701598,EU EEA Common AQI,72.5,12.126998,10.09377,7200,9.1285715,100,100,61.9,8.091428,Very Low,72.4,13.194323,100,1747052100,Very Low,7.5610237,13.282448,Very Low,10.4570265,57.9,10.828571,100,1747052100,10.114285
2025-05-12T12:17:47Z,236,29.856,74.9,56,67.7,13,11,242,71,0.0,255,32767,0.0,2127-15-31,0.0,0.16,26.24,0.0,0.0,0.0,0,4.828125,6,84,05:49,20:11,2025-05-12 12:17:47.233603,Città della Scienza,60.3,14.408317,11.150426,9.451281,9.701598,EU EEA Common AQI,72.5,12.126998,10.09377,7200,9.1285715,100,100,61.9,8.091428,Very Low,72.4,13.194323,100,1747052100,Very Low,7.5610237,13.282448,Very Low,10.4570265,57.9,10.828571,100,1747052100,10.114285
2025-05-12T12:17:58Z,236,29.856,74.9,56,67.7,14,11,232,71,0.0,255,32767,0.0,2127-15-31,0.0,0.16,26.24,0.0,0.0,0.0,0,4.828125,6,84,05:49,20:11,2025-05-12 12:17:58.317595,Città della Scienza,60.3,14.408317,11.150426,9.451281,9.701598,EU EEA Common AQI,72.5,12.126998,10.09377,7200,9.1285715,100,100,61.9,8.091428,Very Low,72.4,13.194323,100,1747052100,Very Low,7.5610237,13.282448,Very Low,10.4570265,57.9,10.828571,100,1747052100,10.114285
2025-05-12T12:18:09Z,236,29.856,74.9,56,67.7,11,11,252,71,0.0,255,32767,0.0,2127-15-31,0.0,0.16,26.24,0.0,0.0,0.0,0,4.828125,6,84,05:49,20:11,2025-05-12 12:18:09.380609,Città della Scienza,60.3,14.408317,11.150426,9.451281,9.701598,EU EEA Common AQI,72.5,12.126998,10.09377,7200,9.1285715,100,100,61.9,8.091428,Very Low,72.4,13.194323,100,1747052100,Very Low,7.5610237,13.282448,Very Low,10.4570265,57.9,10.828571,100,1747052100,10.114285
2025-05-12T12:18:20Z,236,29.856,74.9,56,67.7,11,11,236,71,0.0,255,32767,0.0,2127-15-31,0.0,0.16,26.24,0.0,0.0,0.0,0,4.828125,6,84,05:49,20:11,2025-05-12 12:18:20.467586,Città della Scienza,60.3,14.408317,11.150426,9.451281,9.701598,EU EEA Common AQI,72.5,12.126998,10.09377,7200,9.1285715,100,100,61.9,8.091428,Very Low,72.4,13.194323,100,1747052100,Very Low,7.5610237,13.282448,Very Low,10.4570265,57.9,10.828571,100,1747052100,10.114285
2025-05-12T12:18:31Z,236,29.856,74.9,56,67.7,13,11,257,71,0.0,255,32767,0.0,2127-15-31,0.0,0.16,26.24,0.0,0.0,0.0,0,4.828125,6,84,05:49,20:11,2025-05-12 12:18:31.528599,Città della Scienza,60.3,14.408317,11.150426,9.451281,9.701598,EU EEA Common AQI,72.5,12.126998,10.09377,7200,9.1285715,100,100,61.9,8.091428,Very Low,72.4,13.194323,100,1747052100,Very Low,7.5610237,13.282448,Very Low,10.4570265,57.9,10.828571,100,1747052100,10.114285
2025-05-12T12:18:42Z,236,29.855,74.9,56,67.7,10,12,244,71,0.0,255,32767,0.0,2127-15-31,0.0,0.16,26.24,0.0,0.0,0.0,0,4.828125,6,84,05:49,20:11,2025-05-12 12:18:42.583604,Città della Scienza,60.3,14.408317,11.150426,9.451281,9.701598,EU EEA Common AQI,72.5,12.126998,10.09377,7200,9.1285715,100,100,61.9,8.091428,Very Low,72.4,13.194323,100,1747052100,Very Low,7.5610237,13.282448,Very Low,10.4570265,57.9,10.828571,100,1747052100,10.114285
2025-05-12T12:18:53Z,236,29.855,74.9,56,67.6,12,12,257,71,0.0,255,32767,0.0,2127-15-31,0.0,0.16,26.24,0.0,0.0,0.0,0,4.828125,6,84,05:49,20:11,2025-05-12 12:18:53.629599,Città della Scienza,60.3,14.408317,11.150426,9.451281,9.701598,EU EEA Common AQI,72.5,12.126998,10.09377,7200,9.1285715,100,100,61.9,8.091428,Very Low,72.4,13.194323,100,1747052100,Very Low,7.5610237,13.282448,Very Low,10.4570265,57.9,10.828571,100,1747052100,10.114285
2025-05-12T12:19:04Z,236,29.855,74.9,56,67.6,11,12,238,71,0.0,255,32767,0.0,2127-15-31,0.0,0.16,26.24,0.0,0.0,0.0,0,4.828125,6,84,05:49,20:11,2025-05-12 12:19:04.709600,Città della Scienza,60.3,14.408317,11.150426,9.451281,9.701598,EU EEA Common AQI,72.5,12.126998,10.09377,7200,9.1285715,100,100,61.9,8.091428,Very Low,72.4,13.194323,100,1747052100,Very Low,7.5610237,13.282448,Very Low,10.4570265,57.9,10.828571,100,1747052100,10.114285
2025-05-12T12:19:16Z,236,29.855,74.9,56,67.6,13,12,245,70,0.0,255,32767,0.0,2127-15-31,0.0,0.16,26.24,0.0,0.0,0.0,0,4.828125,6,84,05:49,20:11,2025-05-12 12:19:15.805589,Città della Scienza,60.3,14.408317,11.150426,9.451281,9.701598,EU EEA Common AQI,72.5,12.126998,10.09377,7200,9.1285715,100,100,61.9,8.091428,Very Low,72.4,13.194323,100,1747052100,Very Low,7.5610237,13.282448,Very Low,10.4570265,57.9,10.828571,100,1747052100,10.114285
2025-05-12T12:19:27Z,236,29.855,74.9,56,67.6,11,12,243,70,0.0,255,32767,0.0,2127-15-31,0.0,0.16,26.24,0.0,0.0,0.0,0,4.828125,6,84,05:49,20:11,2025-05-12 12:19:26.882601,Città della Scienza,60.3,14.408317,11.150426,9.451281,9.701598,EU EEA Common AQI,72.5,12.126998,10.09377,7200,9.1285715,100,100,61.9,8.091428,Very Low,72.4,13.194323,100,1747052100,Very Low,7.5610237,13.282448,Very Low,10.4570265,57.9,10.828571,100,1747052100,10.114285
2025-05-12T12:19:38Z,236,29.857,74.9,56,67.7,12,12,237,70,0.0,255,32767,0.0,2127-15-31,0.0,0.16,26.24,0.0,0.0,0.0,0,4.828125,6,84,05:49,20:11,2025-05-12 12:19:37.995600,Città della Scienza,60.3,14.408317,11.150426,9.451281,9.701598,EU EEA Common AQI,72.5,12.126998,10.09377,7200,9.1285715,100,100,61.9,8.091428,Very Low,72.4,13.194323,100,1747052100,Very Low,7.5610237,13.282448,Very Low,10.4570265,57.9,10.828571,100,1747052100,10.114285
2025-05-12T12:19:49Z,236,29.857,74.9,56,67.7,12,12,242,70,0.0,255,32767,0.0,2127-15-31,0.0,0.16,26.24,0.0,0.0,0.0,0,4.828125,6,84,05:49,20:11,2025-05-12 12:19:49.094584,Città della Scienza,60.3,14.408317,11.150426,9.451281,9.701598,EU EEA Common AQI,72.5,12.126998,10.09377,7200,9.1285715,100,100,61.9,8.091428,Very Low,72.4,13.194323,100,1747052100,Very Low,7.5610237,13.282448,Very Low,10.4570265,57.9,10.828571,100,1747052100,10.114285
2025-05-12T12:20:00Z,236,29.857,74.9,56,67.7,10,12,238,70,0.0,255,32767,0.0,2127-15-31,0.0,0.16,26.24,0.0,0.0,0.0,0,4.828125,6,84,05:49,20:11,2025-05-12 12:20:00.192601,Città della Scienza,60.3,14.408317,11.150426,9.451281,9.701598,EU EEA Common AQI,72.5,12.126998,10.09377,7200,9.1285715,100,100,61.9,8.091428,Very Low,72.4,13.194323,100,1747052100,Very Low,7.5610237,13.282448,Very Low,10.4570265,57.9,10.828571,100,1747052100,10.114285
2025-05-12T12:20:11Z,236,29.857,74.9,56,67.7,11,12,244,71,0.0,255,32767,0.0,2127-15-31,0.0,0.16,26.24,0.0,0.0,0.0,0,4.828125,6,84,05:49,20:11,2025-05-12 12:20:11.258597,Città della Scienza,60.3,14.408317,11.150426,9.451281,9.701598,EU EEA Common AQI,72.5,12.126998,10.09377,7200,9.1285715,100,100,61.9,8.091428,Very Low,72.4,13.194323,100,1747052100,Very Low,7.5610237,13.282448,Very Low,10.4570265,57.9,10.828571,100,1747052100,10.114285
2025-05-12T12:20:22Z,236,29.857,74.9,56,67.7,9,12,237,71,0.0,255,32767,0.0,2127-15-31,0.0,0.16,26.24,0.0,0.0,0.0,0,4.828125,6,84,05:49,20:11,2025-05-12 12:20:22.333600,Città della Scienza,60.3,14.408317,11.150426,9.451281,9.701598,EU EEA Common AQI,72.5,12.126998,10.09377,7200,9.1285715,100,100,61.9,8.091428,Very Low,72.4,13.194323,100,1747052100,Very Low,7.5610237,13.282448,Very Low,10.4570265,57.9,10.828571,100,1747052100,10.114285
2025-05-12T12:20:33Z,236,29.858,74.9,56,67.8,12,12,259,71,0.0,255,32767,0.0,2127-15-31,0.0,0.16,26.24,0.0,0.0,0.0,0,4.828125,6,84,05:49,20:11,2025-05-12 12:20:33.409610,Città della Scienza,60.3,14.408317,11.150426,9.451281,9.701598,EU EEA Common AQI,72.5,12.126998,10.09377,7200,9.1285715,100,100,61.9,8.091428,Very Low,72.4,13.194323,100,1747052100,Very Low,7.5610237,13.282448,Very Low,10.4570265,57.9,10.828571,100,1747052100,10.114285
2025-05-12T12:20:44Z,236,29.858,74.9,56,67.8,14,12,240,71,0.0,255,32767,0.0,2127-15-31,0.0,0.16,26.24,0.0,0.0,0.0,0,4.828125,6,84,05:49,20:11,2025-05-12 12:20:44.498597,Città della Scienza,60.3,14.408317,11.150426,9.451281,9.701598,EU EEA Common AQI,72.5,12.126998,10.09377,7200,9.1285715,100,100,61.9,8.091428,Very Low,72.4,13.194323,100,1747052100,Very Low,7.5610237,13.282448,Very Low,10.4570265,57.9,10.828571,100,1747052100,10.114285
2025-05-12T12:20:55Z,236,29.858,74.9,56,67.8,13,12,239,71,0.0,255,32767,0.0,2127-15-31,0.0,0.16,26.24,0.0,0.0,0.0,0,4.828125,6,84,05:49,20:11,2025-05-12 12:20:55.606601,Città della Scienza,60.3,14.408317,11.150426,9.451281,9.701598,EU EEA Common AQI,72.5,12.126998,10.09377,7200,9.1285715,100,100,61.9,8.091428,Very Low,72.4,13.194323,100,1747052100,Very Low,7.5610237,13.282448,Very Low,10.4570265,57.9,10.828571,100,1747052100,10.114285
2025-05-12T12:21:06Z,236,29.858,74.9,56,67.8,13,12,254,70,0.0,255,32767,0.0,2127-15-31,0.0,0.16,26.24,0.0,0.0,0.0,0,4.828125,6,84,05:49,20:11,2025-05-12 12:21:06.710604,Città della Scienza,60.3,14.408317,11.150426,9.451281,9.701598,EU EEA Common AQI,72.5,12.126998,10.09377,7200,9.1285715,100,100,61.9,8.091428,Very Low,72.4,13.194323,100,1747052100,Very Low,7.5610237,13.282448,Very Low,10.4570265,57.9,10.828571,100,1747052100,10.114285
2025-05-12T12:21:18Z,236,29.858,74.9,56,67.7,12,12,250,70,0.0,255,32767,0.0,2127-15-31,0.0,0.16,26.24,0.0,0.0,0.0,0,4.828125,6,84,05:49,20:11,2025-05-12 12:21:17.831599,Città della Scienza,60.3,14.408317,11.150426,9.451281,9.701598,EU EEA Common AQI,72.5,12.126998,10.09377,7200,9.1285715,100,100,61.9,8.091428,Very Low,72.4,13.194323,100,1747052100,Very Low,7.5610237,13.282448,Very Low,10.4570265,57.9,10.828571,100,1747052100,10.114285
2025-05-12T12:21:29Z,236,29.858,74.9,56,67.8,14,12,238,70,0.0,255,32767,0.0,2127-15-31,0.0,0.16,26.24,0.0,0.0,0.0,0,4.828125,6,84,05:49,20:11,2025-05-12 12:21:28.912593,Città della Scienza,60.3,14.408317,11.150426,9.451281,9.701598,EU EEA Common AQI,72.5,12.126998,10.09377,7200,9.1285715,100,100,61.9,8.091428,Very Low,72.4,13.194323,100,1747052100,Very Low,7.5610237,13.282448,Very Low,10.4570265,57.9,10.828571,100,1747052100,10.114285
2025-05-12T12:21:40Z,236,29.856,74.9,56,67.8,15,12,232,70,0.0,255,32767,0.0,2127-15-31,0.0,0.16,26.24,0.0,0.0,0.0,0,4.828125,6,84,05:49,20:11,2025-05-12 12:21:39.987065,Città della Scienza,60.3,14.408317,11.150426,9.451281,9.701598,EU EEA Common AQI,72.5,12.126998,10.09377,7200,9.1285715,100,100,61.9,8.091428,Very Low,72.4,13.194323,100,1747052100,Very Low,7.5610237,13.282448,Very Low,10.4570265,57.9,10.828571,100,1747052100,10.114285
2025-05-12T12:21:51Z,236,29.856,74.9,56,67.8,14,12,231,70,0.0,255,32767,0.0,2127-15-31,0.0,0.16,26.24,0.0,0.0,0.0,0,4.828125,6,84,05:49,20:11,2025-05-12 12:21:51.127601,Città della Scienza,60.3,14.408317,11.150426,9.451281,9.701598,EU EEA Common AQI,72.5,12.126998,10.09377,7200,9.1285715,100,100,61.9,8.091428,Very Low,72.4,13.194323,100,1747052100,Very Low,7.5610237,13.282448,Very Low,10.4570265,57.9,10.828571,100,1747052100,10.114285
2025-05-12T12:22:02Z,236,29.856,74.9,56,67.7,14,12,250,70,0.0,255,32767,0.0,2127-15-31,0.0,0.16,26.24,0.0,0.0,0.0,0,4.828125,6,84,05:49,20:11,2025-05-12 12:22:02.184604,Città della Scienza,60.3,14.408317,11.150426,9.451281,9.701598,EU EEA Common AQI,72.5,12.126998,10.09377,7200,9.1285715,100,100,61.9,8.091428,Very Low,72.4,13.194323,100,1747052100,Very Low,7.5610237,13.282448,Very Low,10.4570265,57.9,10.828571,100,1747052100,10.114285
2025-05-12T12:22:13Z,236,29.856,74.9,56,67.7,13,12,236,70,0.0,255,32767,0.0,2127-15-31,0.0,0.16,26.24,0.0,0.0,0.0,0,4.828125,6,84,05:49,20:11,2025-05-12 12:22:13.266594,Città della Scienza,60.3,14.408317,11.150426,9.451281,9.701598,EU EEA Common AQI,72.5,12.126998,10.09377,7200,9.1285715,100,100,61.9,8.091428,Very Low,72.4,13.194323,100,1747052100,Very Low,7.5610237,13.282448,Very Low,10.4570265,57.9,10.828571,100,1747052100,10.114285
2025-05-12T12:22:24Z,236,29.856,74.9,56,67.7,12,12,240,70,0.0,255,32767,0.0,2127-15-31,0.0,0.16,26.24,0.0,0.0,0.0,0,4.828125,6,84,05:49,20:11,2025-05-12 12:22:24.330599,Città della Scienza,60.3,14.408317,11.150426,9.451281,9.701598,EU EEA Common AQI,72.5,12.126998,10.09377,7200,9.1285715,100,100,61.9,8.091428,Very Low,72.4,13.194323,100,1747052100,Very Low,7.5610237,13.282448,Very Low,10.4570265,57.9,10.828571,100,1747052100,10.114285
2025-05-12T12:22:35Z,236,29.858,74.9,56,67.7,13,12,232,70,0.0,255,32767,0.0,2127-15-31,0.0,0.16,26.24,0.0,0.0,0.0,0,4.828125,6,84,05:49,20:11,2025-05-12 12:22:35.430583,Città della Scienza,60.3,14.408317,11.150426,9.451281,9.701598,EU EEA Common AQI,72.5,12.126998,10.09377,7200,9.1285715,100,100,61.9,8.091428,Very Low,72.4,13.194323,100,1747052100,Very Low,7.5610237,13.282448,Very Low,10.4570265,57.9,10.828571,100,1747052100,10.114285
2025-05-12T12:22:46Z,236,29.858,74.9,56,67.7,12,12,242,70,0.0,255,32767,0.0,2127-15-31,0.0,0.16,26.24,0.0,0.0,0.0,0,4.828125,6,84,05:49,20:11,2025-05-12 12:22:46.496590,Città della Scienza,60.3,14.408317,11.150426,9.451281,9.701598,EU EEA Common AQI,72.5,12.126998,10.09377,7200,9.1285715,100,100,61.9,8.091428,Very Low,72.4,13.194323,100,1747052100,Very Low,7.5610237,13.282448,Very Low,10.4570265,57.9,10.828571,100,1747052100,10.114285
2025-05-12T12:22:57Z,236,29.858,74.9,56,67.7,13,12,244,70,0.0,255,32767,0.0,2127-15-31,0.0,0.16,26.24,0.0,0.0,0.0,0,4.828125,6,84,05:49,20:11,2025-05-12 12:22:57.566597,Città della Scienza,60.3,14.408317,11.150426,9.451281,9.701598,EU EEA Common AQI,72.5,12.126998,10.09377,7200,9.1285715,100,100,61.9,8.091428,Very Low,72.4,13.194323,100,1747052100,Very Low,7.5610237,13.282448,Very Low,10.4570265,57.9,10.828571,100,1747052100,10.114285
2025-05-12T12:23:08Z,236,29.858,74.9,56,67.6,13,12,243,70,0.0,255,32767,0.0,2127-15-31,0.0,0.16,26.24,0.0,0.0,0.0,0,4.828125,6,84,05:49,20:11,2025-05-12 12:23:08.610618,Città della Scienza,60.3,14.408317,11.150426,9.451281,9.701598,EU EEA Common AQI,72.5,12.126998,10.09377,7200,9.1285715,100,100,61.9,8.091428,Very Low,72.4,13.194323,100,1747052100,Very Low,7.5610237,13.282448,Very Low,10.4570265,57.9,10.828571,100,1747052100,10.114285
2025-05-12T12:23:19Z,236,29.858,74.9,56,67.6,10,12,242,70,0.0,255,32767,0.0,2127-15-31,0.0,0.16,26.24,0.0,0.0,0.0,0,4.828125,6,84,05:49,20:11,2025-05-12 12:23:19.712599,Città della Scienza,60.3,14.408317,11.150426,9.451281,9.701598,EU EEA Common AQI,72.5,12.126998,10.09377,7200,9.1285715,100,100,61.9,8.091428,Very Low,72.4,13.194323,100,1747052100,Very Low,7.5610237,13.282448,Very Low,10.4570265,57.9,10.828571,100,1747052100,10.114285
2025-05-12T12:23:30Z,236,29.858,74.9,56,67.6,12,12,251,70,0.0,255,32767,0.0,2127-15-31,0.0,0.16,26.24,0.0,0.0,0.0,0,4.828125,6,84,05:49,20:11,2025-05-12 12:23:30.794588,Città della Scienza,60.3,14.408317,11.150426,9.451281,9.701598,EU EEA Common AQI,72.5,12.126998,10.09377,7200,9.1285715,100,100,61.9,8.091428,Very Low,72.4,13.194323,100,1747052100,Very Low,7.5610237,13.282448,Very Low,10.4570265,57.9,10.828571,100,1747052100,10.114285
2025-05-12T12:23:42Z,236,29.857,74.9,56,67.6,10,12,244,70,0.0,255,32767,0.0,2127-15-31,0.0,0.16,26.24,0.0,0.0,0.0,0,4.828125,6,84,05:49,20:11,2025-05-12 12:23:41.866597,Città della Scienza,60.3,14.408317,11.150426,9.451281,9.701598,EU EEA Common AQI,72.5,12.126998,10.09377,7200,9.1285715,100,100,61.9,8.091428,Very Low,72.4,13.194323,100,1747052100,Very Low,7.5610237,13.282448,Very Low,10.4570265,57.9,10.828571,100,1747052100,10.114285
2025-05-12T12:23:53Z,236,29.857,74.9,56,67.6,11,12,245,70,0.0,255,32767,0.0,2127-15-31,0.0,0.16,26.24,0.0,0.0,0.0,0,4.828125,6,84,05:49,20:11,2025-05-12 12:23:52.931556,Città della Scienza,60.3,14.408317,11.150426,9.451281,9.701598,EU EEA Common AQI,72.5,12.126998,10.09377,7200,9.1285715,100,100,61.9,8.091428,Very Low,72.4,13.194323,100,1747052100,Very Low,7.5610237,13.282448,Very Low,10.4570265,57.9,10.828571,100,1747052100,10.114285
2025-05-12T12:24:04Z,236,29.857,74.9,56,67.6,9,12,242,70,0.0,255,32767,0.0,2127-15-31,0.0,0.16,26.24,0.0,0.0,0.0,0,4.828125,6,84,05:49,20:11,2025-05-12 12:24:04.053594,Città della Scienza,60.3,14.408317,11.150426,9.451281,9.701598,EU EEA Common AQI,72.5,12.126998,10.09377,7200,9.1285715,100,100,61.9,8.091428,Very Low,72.4,13.194323,100,1747052100,Very Low,7.5610237,13.282448,Very Low,10.4570265,57.9,10.828571,100,1747052100,10.114285
2025-05-12T12:24:15Z,236,29.857,74.9,56,67.6,9,12,271,70,0.0,255,32767,0.0,2127-15-31,0.0,0.16,26.24,0.0,0.0,0.0,0,4.828125,6,84,05:49,20:11,2025-05-12 12:24:15.146599,Città della Scienza,60.3,14.408317,11.150426,9.451281,9.701598,EU EEA Common AQI,72.5,12.126998,10.09377,7200,9.1285715,100,100,61.9,8.091428,Very Low,72.4,13.194323,100,1747052100,Very Low,7.5610237,13.282448,Very Low,10.4570265,57.9,10.828571,100,1747052100,10.114285
2025-05-12T12:24:26Z,236,29.857,74.9,56,67.6,10,12,259,70,0.0,255,32767,0.0,2127-15-31,0.0,0.16,26.24,0.0,0.0,0.0,0,4.828125,6,84,05:49,20:11,2025-05-12 12:24:26.216602,Città della Scienza,60.3,14.408317,11.150426,9.451281,9.701598,EU EEA Common AQI,72.5,12.126998,10.09377,7200,9.1285715,100,100,61.9,8.091428,Very Low,72.4,13.194323,100,1747052100,Very Low,7.5610237,13.282448,Very Low,10.4570265,57.9,10.828571,100,1747052100,10.114285
2025-05-12T12:24:37Z,236,29.857,74.9,56,67.6,9,12,244,70,0.0,255,32767,0.0,2127-15-31,0.0,0.16,26.24,0.0,0.0,0.0,0,4.828125,6,84,05:49,20:11,2025-05-12 12:24:37.281594,Città della Scienza,60.3,14.408317,11.150426,9.451281,9.701598,EU EEA Common AQI,72.5,12.126998,10.09377,7200,9.1285715,100,100,61.9,8.091428,Very Low,72.4,13.194323,100,1747052100,Very Low,7.5610237,13.282448,Very Low,10.4570265,57.9,10.828571,100,1747052100,10.114285
2025-05-12T12:24:48Z,236,29.857,74.9,56,67.7,10,12,240,70,0.0,255,32767,0.0,2127-15-31,0.0,0.16,26.24,0.0,0.0,0.0,0,4.828125,6,84,05:49,20:11,2025-05-12 12:24:48.323589,Città della Scienza,60.3,14.408317,11.150426,9.451281,9.701598,EU EEA Common AQI,72.5,12.126998,10.09377,7200,9.1285715,100,100,61.9,8.091428,Very Low,72.4,13.194323,100,1747052100,Very Low,7.5610237,13.282448,Very Low,10.4570265,57.9,10.828571,100,1747052100,10.114285
2025-05-12T12:24:59Z,236,29.857,74.9,56,67.7,8,12,243,70,0.0,255,32767,0.0,2127-15-31,0.0,0.16,26.24,0.0,0.0,0.0,0,4.828125,6,84,05:49,20:11,2025-05-12 12:24:59.410586,Città della Scienza,60.3,14.408317,11.150426,9.451281,9.701598,EU EEA Common AQI,72.5,12.126998,10.09377,7200,9.1285715,100,100,61.9,8.091428,Very Low,72.4,13.194323,100,1747052100,Very Low,7.5610237,13.282448,Very Low,10.4570265,57.9,10.828571,100,1747052100,10.114285
2025-05-12T12:25:10Z,236,29.857,74.9,56,67.7,10,12,248,70,0.0,255,32767,0.0,2127-15-31,0.0,0.16,26.24,0.0,0.0,0.0,0,4.828125,6,84,05:49,20:11,2025-05-12 12:25:10.504605,Città della Scienza,60.3,14.408317,11.150426,9.451281,9.701598,EU EEA Common AQI,72.5,12.126998,10.09377,7200,9.1285715,100,100,61.9,8.091428,Very Low,72.4,13.194323,100,1747052100,Very Low,7.5610237,13.282448,Very Low,10.4570265,57.9,10.828571,100,1747052100,10.114285
2025-05-12T12:25:21Z,236,29.857,74.9,56,67.8,10,12,246,71,0.0,255,32767,0.0,2127-15-31,0.0,0.16,26.24,0.0,0.0,0.0,0,4.828125,6,84,05:49,20:11,2025-05-12 12:25:21.579630,Città della Scienza,60.3,14.408317,11.150426,9.451281,9.701598,EU EEA Common AQI,72.5,12.126998,10.09377,7200,9.1285715,100,100,61.9,8.091428,Very Low,72.4,13.194323,100,1747052100,Very Low,7.5610237,13.282448,Very Low,10.4570265,57.9,10.828571,100,1747052100,10.114285
2025-05-12T12:25:32Z,236,29.857,74.9,56,67.8,10,12,239,71,0.0,255,32767,0.0,2127-15-31,0.0,0.16,26.24,0.0,0.0,0.0,0,4.828125,6,84,05:49,20:11,2025-05-12 12:25:32.657601,Città della Scienza,60.3,14.408317,11.150426,9.451281,9.701598,EU EEA Common AQI,72.5,12.126998,10.09377,7200,9.1285715,100,100,61.9,8.091428,Very Low,72.4,13.194323,100,1747052100,Very Low,7.5610237,13.282448,Very Low,10.4570265,57.9,10.828571,100,1747052100,10.114285
2025-05-12T12:25:43Z,236,29.859,75.0,56,67.8,13,12,236,71,0.0,255,32767,0.0,2127-15-31,0.0,0.16,26.24,0.0,0.0,0.0,0,4.828125,6,84,05:49,20:11,2025-05-12 12:25:43.747597,Città della Scienza,60.3,14.408317,11.150426,9.451281,9.701598,EU EEA Common AQI,72.5,12.126998,10.09377,7200,9.1285715,100,100,61.9,8.091428,Very Low,72.4,13.194323,100,1747052100,Very Low,7.5610237,13.282448,Very Low,10.4570265,57.9,10.828571,100,1747052100,10.114285
2025-05-12T12:25:55Z,236,29.859,75.0,56,67.8,10,12,239,71,0.0,255,32767,0.0,2127-15-31,0.0,0.16,26.24,0.0,0.0,0.0,0,4.828125,6,84,05:49,20:11,2025-05-12 12:25:54.856603,Città della Scienza,60.3,14.408317,11.150426,9.451281,9.701598,EU EEA Common AQI,72.5,12.126998,10.09377,7200,9.1285715,100,100,61.9,8.091428,Very Low,72.4,13.194323,100,1747052100,Very Low,7.5610237,13.282448,Very Low,10.4570265,57.9,10.828571,100,1747052100,10.114285
2025-05-12T12:26:06Z,236,29.859,75.0,56,67.8,11,12,249,71,0.0,255,32767,0.0,2127-15-31,0.0,0.16,26.24,0.0,0.0,0.0,0,4.828125,6,84,05:49,20:11,2025-05-12 12:26:05.903564,Città della Scienza,60.3,14.408317,11.150426,9.451281,9.701598,EU EEA Common AQI,72.5,12.126998,10.09377,7200,9.1285715,100,100,61.9,8.091428,Very Low,72.4,13.194323,100,1747052100,Very Low,7.5610237,13.282448,Very Low,10.4570265,57.9,10.828571,100,1747052100,10.114285
2025-05-12T12:26:17Z,236,29.859,75.0,56,67.9,8,12,246,71,0.0,255,32767,0.0,2127-15-31,0.0,0.16,26.24,0.0,0.0,0.0,0,4.828125,6,84,05:49,20:11,2025-05-12 12:26:16.999609,Città della Scienza,60.3,14.408317,11.150426,9.451281,9.701598,EU EEA Common AQI,72.5,12.126998,10.09377,7200,9.1285715,100,100,61.9,8.091428,Very Low,72.4,13.194323,100,1747052100,Very Low,7.5610237,13.282448,Very Low,10.4570265,57.9,10.828571,100,1747052100,10.114285
2025-05-12T12:26:28Z,236,29.859,75.0,56,67.9,12,12,250,71,0.0,255,32767,0.0,2127-15-31,0.0,0.16,26.24,0.0,0.0,0.0,0,4.828125,6,84,05:49,20:11,2025-05-12 12:26:28.045607,Città della Scienza,60.3,14.408317,11.150426,9.451281,9.701598,EU EEA Common AQI,72.5,12.126998,10.09377,7200,9.1285715,100,100,61.9,8.091428,Very Low,72.4,13.194323,100,1747052100,Very Low,7.5610237,13.282448,Very Low,10.4570265,57.9,10.828571,100,1747052100,10.114285
2025-05-12T12:26:39Z,236,29.858,75.0,56,67.9,10,11,248,71,0.0,255,32767,0.0,2127-15-31,0.0,0.16,26.24,0.0,0.0,0.0,0,4.828125,6,84,05:49,20:11,2025-05-12 12:26:39.138605,Città della Scienza,60.3,14.408317,11.150426,9.451281,9.701598,EU EEA Common AQI,72.5,12.126998,10.09377,7200,9.1285715,100,100,61.9,8.091428,Very Low,72.4,13.194323,100,1747052100,Very Low,7.5610237,13.282448,Very Low,10.4570265,57.9,10.828571,100,1747052100,10.114285
2025-05-12T12:26:50Z,236,29.858,75.0,56,67.9,9,11,277,71,0.0,255,32767,0.0,2127-15-31,0.0,0.16,26.24,0.0,0.0,0.0,0,4.828125,6,84,05:49,20:11,2025-05-12 12:26:50.205596,Città della Scienza,60.3,14.408317,11.150426,9.451281,9.701598,EU EEA Common AQI,72.5,12.126998,10.09377,7200,9.1285715,100,100,61.9,8.091428,Very Low,72.4,13.194323,100,1747052100,Very Low,7.5610237,13.282448,Very Low,10.4570265,57.9,10.828571,100,1747052100,10.114285
2025-05-12T12:27:01Z,236,29.858,75.0,56,67.9,9,11,242,71,0.0,255,32767,0.0,2127-15-31,0.0,0.16,26.24,0.0,0.0,0.0,0,4.828125,6,84,05:49,20:11,2025-05-12 12:27:01.276589,Città della Scienza,60.3,14.408317,11.150426,9.451281,9.701598,EU EEA Common AQI,72.5,12.126998,10.09377,7200,9.1285715,100,100,61.9,8.091428,Very Low,72.4,13.194323,100,1747052100,Very Low,7.5610237,13.282448,Very Low,10.4570265,57.9,10.828571,100,1747052100,10.114285
2025-05-12T12:27:12Z,236,29.858,75.0,56,67.9,11,11,244,71,0.0,255,32767,0.0,2127-15-31,0.0,0.16,26.24,0.0,0.0,0.0,0,4.828125,6,84,05:49,20:11,2025-05-12 12:27:12.384604,Città della Scienza,60.3,14.408317,11.150426,9.451281,9.701598,EU EEA Common AQI,72.5,12.126998,10.09377,7200,9.1285715,100,100,61.9,8.091428,Very Low,72.4,13.194323,100,1747052100,Very Low,7.5610237,13.282448,Very Low,10.4570265,57.9,10.828571,100,1747052100,10.114285
2025-05-12T12:27:23Z,236,29.858,75.0,56,67.9,8,11,248,71,0.0,255,32767,0.0,2127-15-31,0.0,0.16,26.24,0.0,0.0,0.0,0,4.828125,6,84,05:49,20:11,2025-05-12 12:27:23.446593,Città della Scienza,60.3,14.408317,11.150426,9.451281,9.701598,EU EEA Common AQI,72.5,12.126998,10.09377,7200,9.1285715,100,100,61.9,8.091428,Very Low,72.4,13.194323,100,1747052100,Very Low,7.5610237,13.282448,Very Low,10.4570265,57.9,10.828571,100,1747052100,10.114285
2025-05-12T12:27:34Z,236,29.857,74.9,56,68.0,12,11,249,71,0.0,255,32767,0.0,2127-15-31,0.0,0.16,26.24,0.0,0.0,0.0,0,4.828125,6,84,05:49,20:11,2025-05-12 12:27:34.510585,Città della Scienza,60.3,14.408317,11.150426,9.451281,9.701598,EU EEA Common AQI,72.5,12.126998,10.09377,7200,9.1285715,100,100,61.9,8.091428,Very Low,72.4,13.194323,100,1747052100,Very Low,7.5610237,13.282448,Very Low,10.4570265,57.9,10.828571,100,1747052100,10.114285
2025-05-12T12:27:45Z,236,29.857,74.9,56,68.0,13,11,251,71,0.0,255,32767,0.0,2127-15-31,0.0,0.16,26.24,0.0,0.0,0.0,0,4.828125,6,84,05:49,20:11,2025-05-12 12:27:45.624608,Città della Scienza,60.3,14.408317,11.150426,9.451281,9.701598,EU EEA Common AQI,72.5,12.126998,10.09377,7200,9.1285715,100,100,61.9,8.091428,Very Low,72.4,13.194323,100,1747052100,Very Low,7.5610237,13.282448,Very Low,10.4570265,57.9,10.828571,100,1747052100,10.114285
2025-05-12T12:27:56Z,236,29.857,74.9,56,68.0,12,11,240,71,0.0,255,32767,0.0,2127-15-31,0.0,0.16,26.24,0.0,0.0,0.0,0,4.828125,6,84,05:49,20:11,2025-05-12 12:27:56.698580,Città della Scienza,60.3,14.408317,11.150426,9.451281,9.701598,EU EEA Common AQI,72.5,12.126998,10.09377,7200,9.1285715,100,100,61.9,8.091428,Very Low,72.4,13.194323,100,1747052100,Very Low,7.5610237,13.282448,Very Low,10.4570265,57.9,10.828571,100,1747052100,10.114285
2025-05-12T12:28:08Z,236,29.857,74.9,56,68.0,13,11,241,70,0.0,255,32767,0.0,2127-15-31,0.0,0.16,26.24,0.0,0.0,0.0,0,4.828125,6,84,05:49,20:11,2025-05-12 12:28:07.819600,Città della Scienza,60.3,14.408317,11.150426,9.451281,9.701598,EU EEA Common AQI,72.5,12.126998,10.09377,7200,9.1285715,100,100,61.9,8.091428,Very Low,72.4,13.194323,100,1747052100,Very Low,7.5610237,13.282448,Very Low,10.4570265,57.9,10.828571,100,1747052100,10.114285
2025-05-12T12:28:19Z,236,29.857,74.9,56,67.9,11,11,233,70,0.0,255,32767,0.0,2127-15-31,0.0,0.16,26.24,0.0,0.0,0.0,0,4.828125,6,84,05:49,20:11,2025-05-12 12:28:18.890606,Città della Scienza,60.3,14.408317,11.150426,9.451281,9.701598,EU EEA Common AQI,72.5,12.126998,10.09377,7200,9.1285715,100,100,61.9,8.091428,Very Low,72.4,13.194323,100,1747052100,Very Low,7.5610237,13.282448,Very Low,10.4570265,57.9,10.828571,100,1747052100,10.114285
2025-05-12T12:28:30Z,236,29.857,74.9,56,67.9,12,11,247,70,0.0,255,32767,0.0,2127-15-31,0.0,0.16,26.24,0.0,0.0,0.0,0,4.828125,6,84,05:49,20:11,2025-05-12 12:28:30.010608,Città della Scienza,60.3,14.408317,11.150426,9.451281,9.701598,EU EEA Common AQI,72.5,12.126998,10.09377,7200,9.1285715,100,100,61.9,8.091428,Very Low,72.4,13.194323,100,1747052100,Very Low,7.5610237,13.282448,Very Low,10.4570265,57.9,10.828571,100,1747052100,10.114285
2025-05-12T12:28:41Z,236,29.86,74.9,56,67.9,14,11,241,70,0.0,255,32767,0.0,2127-15-31,0.0,0.16,26.24,0.0,0.0,0.0,0,4.828125,6,84,05:49,20:11,2025-05-12 12:28:41.088608,Città della Scienza,60.3,14.408317,11.150426,9.451281,9.701598,EU EEA Common AQI,72.5,12.126998,10.09377,7200,9.1285715,100,100,61.9,8.091428,Very Low,72.4,13.194323,100,1747052100,Very Low,7.5610237,13.282448,Very Low,10.4570265,57.9,10.828571,100,1747052100,10.114285
2025-05-12T12:28:52Z,236,29.86,74.9,56,67.9,11,11,256,69,0.0,255,32767,0.0,2127-15-31,0.0,0.16,26.24,0.0,0.0,0.0,0,4.828125,6,84,05:49,20:11,2025-05-12 12:28:52.167585,Città della Scienza,60.3,14.408317,11.150426,9.451281,9.701598,EU EEA Common AQI,72.5,12.126998,10.09377,7200,9.1285715,100,100,61.9,8.091428,Very Low,72.4,13.194323,100,1747052100,Very Low,7.5610237,13.282448,Very Low,10.4570265,57.9,10.828571,100,1747052100,10.114285
2025-05-12T12:29:03Z,236,29.86,74.9,56,67.9,11,11,253,69,0.0,255,32767,0.0,2127-15-31,0.0,0.16,26.24,0.0,0.0,0.0,0,4.828125,6,84,05:49,20:11,2025-05-12 12:29:03.273598,Città della Scienza,60.3,14.408317,11.150426,9.451281,9.701598,EU EEA Common AQI,72.5,12.126998,10.09377,7200,9.1285715,100,100,61.9,8.091428,Very Low,72.4,13.194323,100,1747052100,Very Low,7.5610237,13.282448,Very Low,10.4570265,57.9,10.828571,100,1747052100,10.114285
2025-05-12T12:29:14Z,236,29.86,74.9,56,67.9,10,11,253,69,0.0,255,32767,0.0,2127-15-31,0.0,0.16,26.24,0.0,0.0,0.0,0,4.828125,6,84,05:49,20:11,2025-05-12 12:29:14.456590,Città della Scienza,60.3,14.408317,11.150426,9.451281,9.701598,EU EEA Common AQI,72.5,12.126998,10.09377,7200,9.1285715,100,100,61.9,8.091428,Very Low,72.4,13.194323,100,1747052100,Very Low,7.5610237,13.282448,Very Low,10.4570265,57.9,10.828571,100,1747052100,10.114285
2025-05-12T12:29:25Z,236,29.86,74.9,56,67.9,10,11,252,69,0.0,255,32767,0.0,2127-15-31,0.0,0.16,26.24,0.0,0.0,0.0,0,4.828125,6,84,05:49,20:11,2025-05-12 12:29:25.531591,Città della Scienza,60.3,14.408317,11.150426,9.451281,9.701598,EU EEA Common AQI,72.5,12.126998,10.09377,7200,9.1285715,100,100,61.9,8.091428,Very Low,72.4,13.194323,100,1747052100,Very Low,7.5610237,13.282448,Very Low,10.4570265,57.9,10.828571,100,1747052100,10.114285
2025-05-12T12:29:36Z,236,29.86,74.9,56,67.9,11,11,245,69,0.0,255,32767,0.0,2127-15-31,0.0,0.16,26.24,0.0,0.0,0.0,0,4.828125,6,84,05:49,20:11,2025-05-12 12:29:36.637600,Città della Scienza,60.3,14.408317,11.150426,9.451281,9.701598,EU EEA Common AQI,72.5,12.126998,10.09377,7200,9.1285715,100,100,61.9,8.091428,Very Low,72.4,13.194323,100,1747052100,Very Low,7.5610237,13.282448,Very Low,10.4570265,57.9,10.828571,100,1747052100,10.114285
2025-05-12T12:29:47Z,236,29.86,74.9,56,67.9,9,11,252,69,0.0,255,32767,0.0,2127-15-31,0.0,0.16,26.24,0.0,0.0,0.0,0,4.828125,6,84,05:49,20:11,2025-05-12 12:29:47.688602,Città della Scienza,60.3,14.408317,11.150426,9.451281,9.701598,EU EEA Common AQI,72.5,12.126998,10.09377,7200,9.1285715,100,100,61.9,8.091428,Very Low,72.4,13.194323,100,1747052100,Very Low,7.5610237,13.282448,Very Low,10.4570265,57.9,10.828571,100,1747052100,10.114285
2025-05-12T12:29:58Z,236,29.86,74.9,56,67.9,11,11,263,69,0.0,255,32767,0.0,2127-15-31,0.0,0.16,26.24,0.0,0.0,0.0,0,4.828125,6,84,05:49,20:11,2025-05-12 12:29:58.710587,Città della Scienza,60.3,14.408317,11.150426,9.451281,9.701598,EU EEA Common AQI,72.5,12.126998,10.09377,7200,9.1285715,100,100,61.9,8.091428,Very Low,72.4,13.194323,100,1747052100,Very Low,7.5610237,13.282448,Very Low,10.4570265,57.9,10.828571,100,1747052100,10.114285
2025-05-12T12:30:09Z,236,29.86,74.9,56,67.9,10,11,249,69,0.0,255,32767,0.0,2127-15-31,0.0,0.16,26.24,0.0,0.0,0.0,0,4.828125,6,84,05:49,20:11,2025-05-12 12:30:09.779596,Città della Scienza,60.3,14.408317,11.150426,9.451281,9.701598,EU EEA Common AQI,72.5,12.126998,10.09377,7200,9.1285715,100,100,61.9,8.091428,Very Low,72.4,13.194323,100,1747052100,Very Low,7.5610237,13.282448,Very Low,10.4570265,57.9,10.828571,100,1747052100,10.114285
2025-05-12T12:30:21Z,236,29.86,74.9,56,67.9,13,11,252,69,0.0,255,32767,0.0,2127-15-31,0.0,0.16,26.24,0.0,0.0,0.0,0,4.828125,6,84,05:49,20:11,2025-05-12 12:30:20.806599,Città della Scienza,60.3,14.408317,11.150426,9.451281,9.701598,EU EEA Common AQI,72.5,12.126998,10.09377,7200,9.1285715,100,100,61.9,8.091428,Very Low,72.4,13.194323,100,1747052100,Very Low,7.5610237,13.282448,Very Low,10.4570265,57.9,10.828571,100,1747052100,10.114285
2025-05-12T12:30:32Z,236,29.86,74.9,56,67.9,10,11,231,69,0.0,255,32767,0.0,2127-15-31,0.0,0.16,26.24,0.0,0.0,0.0,0,4.828125,6,84,05:49,20:11,2025-05-12 12:30:31.937599,Città della Scienza,59.0,13.703278,11.1974325,9.022983,9.29886,EU EEA Common AQI,73.2,11.623574,10.13656,7200,7.7391305,100,100,62.0,6.4695654,Very Low,73.1,12.502798,100,1747053000,Very Low,7.218385,12.769121,Very Low,10.035432,57.9,9.797101,100,1747053000,8.086957
2025-05-12T12:30:43Z,0,29.859,75.0,55,67.9,11,11,244,69,0.0,255,32767,0.0,2127-15-31,0.0,0.16,26.24,0.0,0.0,0.0,0,4.828125,6,84,05:49,20:11,2025-05-12 12:30:42.988595,Città della Scienza,59.0,13.703278,11.1974325,9.022983,9.29886,EU EEA Common AQI,73.2,11.623574,10.13656,7200,7.7391305,100,100,62.0,6.4695654,Very Low,73.1,12.502798,100,1747053000,Very Low,7.218385,12.769121,Very Low,10.035432,57.9,9.797101,100,1747053000,8.086957
2025-05-12T12:30:54Z,0,29.859,75.0,55,68.0,10,11,245,69,0.0,255,32767,0.0,2127-15-31,0.0,0.16,26.24,0.0,0.0,0.0,0,4.828125,6,84,05:49,20:11,2025-05-12 12:30:54.055601,Città della Scienza,59.0,13.703278,11.1974325,9.022983,9.29886,EU EEA Common AQI,73.2,11.623574,10.13656,7200,7.7391305,100,100,62.0,6.4695654,Very Low,73.1,12.502798,100,1747053000,Very Low,7.218385,12.769121,Very Low,10.035432,57.9,9.797101,100,1747053000,8.086957
2025-05-12T12:31:05Z,0,29.859,75.0,55,68.0,13,11,246,69,0.0,255,32767,0.0,2127-15-31,0.0,0.16,26.24,0.0,0.0,0.0,0,4.828125,6,84,05:49,20:11,2025-05-12 12:31:05.148608,Città della Scienza,59.0,13.703278,11.1974325,9.022983,9.29886,EU EEA Common AQI,73.2,11.623574,10.13656,7200,7.7391305,100,100,62.0,6.4695654,Very Low,73.1,12.502798,100,1747053000,Very Low,7.218385,12.769121,Very Low,10.035432,57.9,9.797101,100,1747053000,8.086957
2025-05-12T12:31:16Z,0,29.859,75.0,55,68.0,11,11,245,69,0.0,255,32767,0.0,2127-15-31,0.0,0.16,26.24,0.0,0.0,0.0,0,4.828125,6,84,05:49,20:11,2025-05-12 12:31:16.225554,Città della Scienza,59.0,13.703278,11.1974325,9.022983,9.29886,EU EEA Common AQI,73.2,11.623574,10.13656,7200,7.7391305,100,100,62.0,6.4695654,Very Low,73.1,12.502798,100,1747053000,Very Low,7.218385,12.769121,Very Low,10.035432,57.9,9.797101,100,1747053000,8.086957
2025-05-12T12:31:27Z,0,29.859,75.0,55,68.0,9,11,246,69,0.0,255,32767,0.0,2127-15-31,0.0,0.16,26.24,0.0,0.0,0.0,0,4.828125,6,84,05:49,20:11,2025-05-12 12:31:27.301601,Città della Scienza,59.0,13.703278,11.1974325,9.022983,9.29886,EU EEA Common AQI,73.2,11.623574,10.13656,7200,7.7391305,100,100,62.0,6.4695654,Very Low,73.1,12.502798,100,1747053000,Very Low,7.218385,12.769121,Very Low,10.035432,57.9,9.797101,100,1747053000,8.086957
2025-05-12T12:31:38Z,0,29.86,74.9,55,67.9,11,11,235,69,0.0,255,32767,0.0,2127-15-31,0.0,0.16,26.24,0.0,0.0,0.0,0,4.828125,6,84,05:49,20:11,2025-05-12 12:31:38.414606,Città della Scienza,59.0,13.703278,11.1974325,9.022983,9.29886,EU EEA Common AQI,73.2,11.623574,10.13656,7200,7.7391305,100,100,62.0,6.4695654,Very Low,73.1,12.502798,100,1747053000,Very Low,7.218385,12.769121,Very Low,10.035432,57.9,9.797101,100,1747053000,8.086957
2025-05-12T12:31:49Z,0,29.86,74.9,55,67.9,9,11,246,69,0.0,255,32767,0.0,2127-15-31,0.0,0.16,26.24,0.0,0.0,0.0,0,4.828125,6,84,05:49,20:11,2025-05-12 12:31:49.523599,Città della Scienza,59.0,13.703278,11.1974325,9.022983,9.29886,EU EEA Common AQI,73.2,11.623574,10.13656,7200,7.7391305,100,100,62.0,6.4695654,Very Low,73.1,12.502798,100,1747053000,Very Low,7.218385,12.769121,Very Low,10.035432,57.9,9.797101,100,1747053000,8.086957
2025-05-12T12:32:00Z,0,29.86,74.9,55,68.0,10,11,236,69,0.0,255,32767,0.0,2127-15-31,0.0,0.16,26.24,0.0,0.0,0.0,0,4.828125,6,84,05:49,20:11,2025-05-12 12:32:00.574597,Città della Scienza,59.0,13.703278,11.1974325,9.022983,9.29886,EU EEA Common AQI,73.2,11.623574,10.13656,7200,7.7391305,100,100,62.0,6.4695654,Very Low,73.1,12.502798,100,1747053000,Very Low,7.218385,12.769121,Very Low,10.035432,57.9,9.797101,100,1747053000,8.086957
2025-05-12T12:32:11Z,0,29.86,74.9,55,68.0,9,11,265,69,0.0,255,32767,0.0,2127-15-31,0.0,0.16,26.24,0.0,0.0,0.0,0,4.828125,6,84,05:49,20:11,2025-05-12 12:32:11.674594,Città della Scienza,59.0,13.703278,11.1974325,9.022983,9.29886,EU EEA Common AQI,73.2,11.623574,10.13656,7200,7.7391305,100,100,62.0,6.4695654,Very Low,73.1,12.502798,100,1747053000,Very Low,7.218385,12.769121,Very Low,10.035432,57.9,9.797101,100,1747053000,8.086957
2025-05-12T12:32:22Z,0,29.86,74.9,55,68.0,11,11,259,69,0.0,255,32767,0.0,2127-15-31,0.0,0.16,26.24,0.0,0.0,0.0,0,4.828125,6,84,05:49,20:11,2025-05-12 12:32:22.711593,Città della Scienza,59.0,13.703278,11.1974325,9.022983,9.29886,EU EEA Common AQI,73.2,11.623574,10.13656,7200,7.7391305,100,100,62.0,6.4695654,Very Low,73.1,12.502798,100,1747053000,Very Low,7.218385,12.769121,Very Low,10.035432,57.9,9.797101,100,1747053000,8.086957
2025-05-12T12:32:33Z,0,29.859,75.0,55,68.1,9,11,244,69,0.0,255,32767,0.0,2127-15-31,0.0,0.16,26.24,0.0,0.0,0.0,0,4.828125,6,84,05:49,20:11,2025-05-12 12:32:33.778611,Città della Scienza,59.0,13.703278,11.1974325,9.022983,9.29886,EU EEA Common AQI,73.2,11.623574,10.13656,7200,7.7391305,100,100,62.0,6.4695654,Very Low,73.1,12.502798,100,1747053000,Very Low,7.218385,12.769121,Very Low,10.035432,57.9,9.797101,100,1747053000,8.086957
2025-05-12T12:32:45Z,0,29.859,75.0,55,68.1,13,11,244,69,0.0,255,32767,0.0,2127-15-31,0.0,0.16,26.24,0.0,0.0,0.0,0,4.828125,6,84,05:49,20:11,2025-05-12 12:32:44.869598,Città della Scienza,59.0,13.703278,11.1974325,9.022983,9.29886,EU EEA Common AQI,73.2,11.623574,10.13656,7200,7.7391305,100,100,62.0,6.4695654,Very Low,73.1,12.502798,100,1747053000,Very Low,7.218385,12.769121,Very Low,10.035432,57.9,9.797101,100,1747053000,8.086957
2025-05-12T12:32:56Z,0,29.859,75.0,55,68.1,10,11,267,69,0.0,255,32767,0.0,2127-15-31,0.0,0.16,26.24,0.0,0.0,0.0,0,4.828125,6,84,05:49,20:11,2025-05-12 12:32:55.917591,Città della Scienza,59.0,13.703278,11.1974325,9.022983,9.29886,EU EEA Common AQI,73.2,11.623574,10.13656,7200,7.7391305,100,100,62.0,6.4695654,Very Low,73.1,12.502798,100,1747053000,Very Low,7.218385,12.769121,Very Low,10.035432,57.9,9.797101,100,1747053000,8.086957
2025-05-12T12:33:07Z,0,29.859,75.0,55,68.1,9,11,248,69,0.0,255,32767,0.0,2127-15-31,0.0,0.16,26.24,0.0,0.0,0.0,0,4.828125,6,84,05:49,20:11,2025-05-12 12:33:06.952596,Città della Scienza,59.0,13.703278,11.1974325,9.022983,9.29886,EU EEA Common AQI,73.2,11.623574,10.13656,7200,7.7391305,100,100,62.0,6.4695654,Very Low,73.1,12.502798,100,1747053000,Very Low,7.218385,12.769121,Very Low,10.035432,57.9,9.797101,100,1747053000,8.086957
2025-05-12T12:33:18Z,0,29.859,75.0,55,68.1,10,11,244,69,0.0,255,32767,0.0,2127-15-31,0.0,0.16,26.24,0.0,0.0,0.0,0,4.828125,6,84,05:49,20:11,2025-05-12 12:33:18.004593,Città della Scienza,59.0,13.703278,11.1974325,9.022983,9.29886,EU EEA Common AQI,73.2,11.623574,10.13656,7200,7.7391305,100,100,62.0,6.4695654,Very Low,73.1,12.502798,100,1747053000,Very Low,7.218385,12.769121,Very Low,10.035432,57.9,9.797101,100,1747053000,8.086957
2025-05-12T12:33:29Z,0,29.859,75.0,55,68.1,8,11,229,69,0.0,255,32767,0.0,2127-15-31,0.0,0.16,26.24,0.0,0.0,0.0,0,4.828125,6,84,05:49,20:11,2025-05-12 12:33:29.081615,Città della Scienza,59.0,13.703278,11.1974325,9.022983,9.29886,EU EEA Common AQI,73.2,11.623574,10.13656,7200,7.7391305,100,100,62.0,6.4695654,Very Low,73.1,12.502798,100,1747053000,Very Low,7.218385,12.769121,Very Low,10.035432,57.9,9.797101,100,1747053000,8.086957
2025-05-12T12:33:40Z,0,29.86,75.0,55,68.1,8,10,270,69,0.0,255,32767,0.0,2127-15-31,0.0,0.16,26.24,0.0,0.0,0.0,0,4.828125,6,84,05:49,20:11,2025-05-12 12:33:40.167558,Città della Scienza,59.0,13.703278,11.1974325,9.022983,9.29886,EU EEA Common AQI,73.2,11.623574,10.13656,7200,7.7391305,100,100,62.0,6.4695654,Very Low,73.1,12.502798,100,1747053000,Very Low,7.218385,12.769121,Very Low,10.035432,57.9,9.797101,100,1747053000,8.086957
2025-05-12T12:33:51Z,0,29.86,75.0,55,68.1,13,10,254,69,0.0,255,32767,0.0,2127-15-31,0.0,0.16,26.24,0.0,0.0,0.0,0,4.828125,6,84,05:49,20:11,2025-05-12 12:33:51.238600,Città della Scienza,59.0,13.703278,11.1974325,9.022983,9.29886,EU EEA Common AQI,73.2,11.623574,10.13656,7200,7.7391305,100,100,62.0,6.4695654,Very Low,73.1,12.502798,100,1747053000,Very Low,7.218385,12.769121,Very Low,10.035432,57.9,9.797101,100,1747053000,8.086957
2025-05-12T12:34:02Z,0,29.86,75.0,55,68.1,8,10,294,69,0.0,255,32767,0.0,2127-15-31,0.0,0.16,26.24,0.0,0.0,0.0,0,4.828125,6,84,05:49,20:11,2025-05-12 12:34:02.368593,Città della Scienza,59.0,13.703278,11.1974325,9.022983,9.29886,EU EEA Common AQI,73.2,11.623574,10.13656,7200,7.7391305,100,100,62.0,6.4695654,Very Low,73.1,12.502798,100,1747053000,Very Low,7.218385,12.769121,Very Low,10.035432,57.9,9.797101,100,1747053000,8.086957
2025-05-12T12:34:13Z,0,29.86,75.0,55,68.2,12,10,238,69,0.0,255,32767,0.0,2127-15-31,0.0,0.16,26.24,0.0,0.0,0.0,0,4.828125,6,84,05:49,20:11,2025-05-12 12:34:13.462596,Città della Scienza,59.0,13.703278,11.1974325,9.022983,9.29886,EU EEA Common AQI,73.2,11.623574,10.13656,7200,7.7391305,100,100,62.0,6.4695654,Very Low,73.1,12.502798,100,1747053000,Very Low,7.218385,12.769121,Very Low,10.035432,57.9,9.797101,100,1747053000,8.086957
2025-05-12T12:34:24Z,0,29.86,75.0,55,68.1,12,10,244,69,0.0,255,32767,0.0,2127-15-31,0.0,0.16,26.24,0.0,0.0,0.0,0,4.828125,6,84,05:49,20:11,2025-05-12 12:34:24.513593,Città della Scienza,59.0,13.703278,11.1974325,9.022983,9.29886,EU EEA Common AQI,73.2,11.623574,10.13656,7200,7.7391305,100,100,62.0,6.4695654,Very Low,73.1,12.502798,100,1747053000,Very Low,7.218385,12.769121,Very Low,10.035432,57.9,9.797101,100,1747053000,8.086957
2025-05-12T12:34:35Z,0,29.86,74.9,55,68.1,11,11,246,69,0.0,255,32767,0.0,2127-15-31,0.0,0.16,26.24,0.0,0.0,0.0,0,4.828125,6,84,05:49,20:11,2025-05-12 12:34:35.565592,Città della Scienza,59.0,13.703278,11.1974325,9.022983,9.29886,EU EEA Common AQI,73.2,11.623574,10.13656,7200,7.7391305,100,100,62.0,6.4695654,Very Low,73.1,12.502798,100,1747053000,Very Low,7.218385,12.769121,Very Low,10.035432,57.9,9.797101,100,1747053000,8.086957
2025-05-12T12:34:46Z,0,29.86,74.9,55,68.1,12,11,252,69,0.0,255,32767,0.0,2127-15-31,0.0,0.16,26.24,0.0,0.0,0.0,0,4.828125,6,84,05:49,20:11,2025-05-12 12:34:46.617594,Città della Scienza,59.0,13.703278,11.1974325,9.022983,9.29886,EU EEA Common AQI,73.2,11.623574,10.13656,7200,7.7391305,100,100,62.0,6.4695654,Very Low,73.1,12.502798,100,1747053000,Very Low,7.218385,12.769121,Very Low,10.035432,57.9,9.797101,100,1747053000,8.086957
2025-05-12T12:34:57Z,0,29.86,74.9,55,68.2,11,11,242,69,0.0,255,32767,0.0,2127-15-31,0.0,0.16,26.24,0.0,0.0,0.0,0,4.828125,6,84,05:49,20:11,2025-05-12 12:34:57.707594,Città della Scienza,59.0,13.703278,11.1974325,9.022983,9.29886,EU EEA Common AQI,73.2,11.623574,10.13656,7200,7.7391305,100,100,62.0,6.4695654,Very Low,73.1,12.502798,100,1747053000,Very Low,7.218385,12.769121,Very Low,10.035432,57.9,9.797101,100,1747053000,8.086957
2025-05-12T12:35:08Z,0,29.86,74.9,55,68.1,10,11,234,69,0.0,255,32767,0.0,2127-15-31,0.0,0.16,26.24,0.0,0.0,0.0,0,4.828125,6,84,05:49,20:11,2025-05-12 12:35:08.773595,Città della Scienza,59.0,13.703278,11.1974325,9.022983,9.29886,EU EEA Common AQI,73.2,11.623574,10.13656,7200,7.7391305,100,100,62.0,6.4695654,Very Low,73.1,12.502798,100,1747053000,Very Low,7.218385,12.769121,Very Low,10.035432,57.9,9.797101,100,1747053000,8.086957
2025-05-12T12:35:20Z,0,29.86,74.9,55,68.1,10,11,244,69,0.0,255,32767,0.0,2127-15-31,0.0,0.16,26.24,0.0,0.0,0.0,0,4.828125,6,84,05:49,20:11,2025-05-12 12:35:19.875560,Città della Scienza,59.0,13.703278,11.1974325,9.022983,9.29886,EU EEA Common AQI,73.2,11.623574,10.13656,7200,7.7391305,100,100,62.0,6.4695654,Very Low,73.1,12.502798,100,1747053000,Very Low,7.218385,12.769121,Very Low,10.035432,57.9,9.797101,100,1747053000,8.086957
2025-05-12T12:35:31Z,0,29.86,74.9,55,68.1,10,11,248,69,0.0,255,32767,0.0,2127-15-31,0.0,0.16,26.24,0.0,0.0,0.0,0,4.828125,6,84,05:49,20:11,2025-05-12 12:35:30.972596,Città della Scienza,59.0,13.703278,11.1974325,9.022983,9.29886,EU EEA Common AQI,73.2,11.623574,10.13656,7200,7.7391305,100,100,62.0,6.4695654,Very Low,73.1,12.502798,100,1747053000,Very Low,7.218385,12.769121,Very Low,10.035432,57.9,9.797101,100,1747053000,8.086957
2025-05-12T12:35:42Z,0,29.858,75.0,55,68.1,11,11,247,69,0.0,255,32767,0.0,2127-15-31,0.0,0.16,26.24,0.0,0.0,0.0,0,4.828125,6,84,05:49,20:11,2025-05-12 12:35:42.026608,Città della Scienza,59.0,13.703278,11.1974325,9.022983,9.29886,EU EEA Common AQI,73.2,11.623574,10.13656,7200,7.7391305,100,100,62.0,6.4695654,Very Low,73.1,12.502798,100,1747053000,Very Low,7.218385,12.769121,Very Low,10.035432,57.9,9.797101,100,1747053000,8.086957
2025-05-12T12:35:53Z,0,29.858,75.0,55,68.1,11,11,239,69,0.0,255,32767,0.0,2127-15-31,0.0,0.16,26.24,0.0,0.0,0.0,0,4.828125,6,84,05:49,20:11,2025-05-12 12:35:53.094521,Città della Scienza,59.0,13.703278,11.1974325,9.022983,9.29886,EU EEA Common AQI,73.2,11.623574,10.13656,7200,7.7391305,100,100,62.0,6.4695654,Very Low,73.1,12.502798,100,1747053000,Very Low,7.218385,12.769121,Very Low,10.035432,57.9,9.797101,100,1747053000,8.086957
2025-05-12T12:36:04Z,0,29.858,75.0,55,68.1,10,11,259,69,0.0,255,32767,0.0,2127-15-31,0.0,0.16,26.24,0.0,0.0,0.0,0,4.828125,6,84,05:49,20:11,2025-05-12 12:36:04.175595,Città della Scienza,59.0,13.703278,11.1974325,9.022983,9.29886,EU EEA Common AQI,73.2,11.623574,10.13656,7200,7.7391305,100,100,62.0,6.4695654,Very Low,73.1,12.502798,100,1747053000,Very Low,7.218385,12.769121,Very Low,10.035432,57.9,9.797101,100,1747053000,8.086957
2025-05-12T12:36:15Z,0,29.858,75.0,55,68.1,10,11,257,69,0.0,255,32767,0.0,2127-15-31,0.0,0.16,26.24,0.0,0.0,0.0,0,4.828125,6,84,05:49,20:11,2025-05-12 12:36:15.271594,Città della Scienza,59.0,13.703278,11.1974325,9.022983,9.29886,EU EEA Common AQI,73.2,11.623574,10.13656,7200,7.7391305,100,100,62.0,6.4695654,Very Low,73.1,12.502798,100,1747053000,Very Low,7.218385,12.769121,Very Low,10.035432,57.9,9.797101,100,1747053000,8.086957
2025-05-12T12:36:26Z,0,29.858,75.0,55,68.1,9,11,244,69,0.0,255,32767,0.0,2127-15-31,0.0,0.16,26.24,0.0,0.0,0.0,0,4.828125,6,84,05:49,20:11,2025-05-12 12:36:26.349602,Città della Scienza,59.0,13.703278,11.1974325,9.022983,9.29886,EU EEA Common AQI,73.2,11.623574,10.13656,7200,7.7391305,100,100,62.0,6.4695654,Very Low,73.1,12.502798,100,1747053000,Very Low,7.218385,12.769121,Very Low,10.035432,57.9,9.797101,100,1747053000,8.086957
2025-05-12T12:36:37Z,0,29.86,74.9,55,68.1,6,11,242,69,0.0,255,32767,0.0,2127-15-31,0.0,0.16,26.24,0.0,0.0,0.0,0,4.828125,6,84,05:49,20:11,2025-05-12 12:36:37.404608,Città della Scienza,59.0,13.703278,11.1974325,9.022983,9.29886,EU EEA Common AQI,73.2,11.623574,10.13656,7200,7.7391305,100,100,62.0,6.4695654,Very Low,73.1,12.502798,100,1747053000,Very Low,7.218385,12.769121,Very Low,10.035432,57.9,9.797101,100,1747053000,8.086957
2025-05-12T12:36:48Z,0,29.86,74.9,55,68.1,8,11,247,69,0.0,255,32767,0.0,2127-15-31,0.0,0.16,26.24,0.0,0.0,0.0,0,4.828125,6,84,05:49,20:11,2025-05-12 12:36:48.429595,Città della Scienza,59.0,13.703278,11.1974325,9.022983,9.29886,EU EEA Common AQI,73.2,11.623574,10.13656,7200,7.7391305,100,100,62.0,6.4695654,Very Low,73.1,12.502798,100,1747053000,Very Low,7.218385,12.769121,Very Low,10.035432,57.9,9.797101,100,1747053000,8.086957
2025-05-12T12:36:59Z,0,29.86,74.9,55,68.2,6,11,219,69,0.0,255,32767,0.0,2127-15-31,0.0,0.16,26.24,0.0,0.0,0.0,0,4.828125,6,84,05:49,20:11,2025-05-12 12:36:59.508567,Città della Scienza,59.0,13.703278,11.1974325,9.022983,9.29886,EU EEA Common AQI,73.2,11.623574,10.13656,7200,7.7391305,100,100,62.0,6.4695654,Very Low,73.1,12.502798,100,1747053000,Very Low,7.218385,12.769121,Very Low,10.035432,57.9,9.797101,100,1747053000,8.086957
2025-05-12T12:37:10Z,0,29.86,74.9,55,68.2,9,11,265,69,0.0,255,32767,0.0,2127-15-31,0.0,0.16,26.24,0.0,0.0,0.0,0,4.828125,6,84,05:49,20:11,2025-05-12 12:37:10.565593,Città della Scienza,59.0,13.703278,11.1974325,9.022983,9.29886,EU EEA Common AQI,73.2,11.623574,10.13656,7200,7.7391305,100,100,62.0,6.4695654,Very Low,73.1,12.502798,100,1747053000,Very Low,7.218385,12.769121,Very Low,10.035432,57.9,9.797101,100,1747053000,8.086957
2025-05-12T12:37:21Z,0,29.86,74.9,55,68.2,8,11,244,69,0.0,255,32767,0.0,2127-15-31,0.0,0.16,26.24,0.0,0.0,0.0,0,4.828125,6,84,05:49,20:11,2025-05-12 12:37:21.692604,Città della Scienza,59.0,13.703278,11.1974325,9.022983,9.29886,EU EEA Common AQI,73.2,11.623574,10.13656,7200,7.7391305,100,100,62.0,6.4695654,Very Low,73.1,12.502798,100,1747053000,Very Low,7.218385,12.769121,Very Low,10.035432,57.9,9.797101,100,1747053000,8.086957
2025-05-12T12:37:33Z,0,29.86,75.0,55,68.2,11,11,246,69,0.0,255,32767,0.0,2127-15-31,0.0,0.16,26.24,0.0,0.0,0.0,0,4.828125,6,84,05:49,20:11,2025-05-12 12:37:33.071610,Città della Scienza,59.0,13.703278,11.1974325,9.022983,9.29886,EU EEA Common AQI,73.2,11.623574,10.13656,7200,7.7391305,100,100,62.0,6.4695654,Very Low,73.1,12.502798,100,1747053000,Very Low,7.218385,12.769121,Very Low,10.035432,57.9,9.797101,100,1747053000,8.086957
2025-05-12T12:37:44Z,0,29.86,75.0,55,68.2,9,11,246,69,0.0,255,32767,0.0,2127-15-31,0.0,0.16,26.24,0.0,0.0,0.0,0,4.828125,6,84,05:49,20:11,2025-05-12 12:37:44.138599,Città della Scienza,59.0,13.703278,11.1974325,9.022983,9.29886,EU EEA Common AQI,73.2,11.623574,10.13656,7200,7.7391305,100,100,62.0,6.4695654,Very Low,73.1,12.502798,100,1747053000,Very Low,7.218385,12.769121,Very Low,10.035432,57.9,9.797101,100,1747053000,8.086957
2025-05-12T12:37:55Z,0,29.86,75.0,55,68.3,10,11,241,69,0.0,255,32767,0.0,2127-15-31,0.0,0.16,26.24,0.0,0.0,0.0,0,4.828125,6,84,05:49,20:11,2025-05-12 12:37:55.210593,Città della Scienza,59.0,13.703278,11.1974325,9.022983,9.29886,EU EEA Common AQI,73.2,11.623574,10.13656,7200,7.7391305,100,100,62.0,6.4695654,Very Low,73.1,12.502798,100,1747053000,Very Low,7.218385,12.769121,Very Low,10.035432,57.9,9.797101,100,1747053000,8.086957
2025-05-12T12:38:06Z,0,29.86,75.0,55,68.3,11,11,244,69,0.0,255,32767,0.0,2127-15-31,0.0,0.16,26.24,0.0,0.0,0.0,0,4.828125,6,84,05:49,20:11,2025-05-12 12:38:06.292603,Città della Scienza,59.0,13.703278,11.1974325,9.022983,9.29886,EU EEA Common AQI,73.2,11.623574,10.13656,7200,7.7391305,100,100,62.0,6.4695654,Very Low,73.1,12.502798,100,1747053000,Very Low,7.218385,12.769121,Very Low,10.035432,57.9,9.797101,100,1747053000,8.086957
2025-05-12T12:38:17Z,0,29.86,75.0,55,68.3,12,11,254,69,0.0,255,32767,0.0,2127-15-31,0.0,0.16,26.24,0.0,0.0,0.0,0,4.828125,6,84,05:49,20:11,2025-05-12 12:38:17.369566,Città della Scienza,59.0,13.703278,11.1974325,9.022983,9.29886,EU EEA Common AQI,73.2,11.623574,10.13656,7200,7.7391305,100,100,62.0,6.4695654,Very Low,73.1,12.502798,100,1747053000,Very Low,7.218385,12.769121,Very Low,10.035432,57.9,9.797101,100,1747053000,8.086957
2025-05-12T12:38:28Z,0,29.86,75.0,55,68.3,10,11,257,68,0.0,255,32767,0.0,2127-15-31,0.0,0.16,26.24,0.0,0.0,0.0,0,4.828125,6,84,05:49,20:11,2025-05-12 12:38:28.464599,Città della Scienza,59.0,13.703278,11.1974325,9.022983,9.29886,EU EEA Common AQI,73.2,11.623574,10.13656,7200,7.7391305,100,100,62.0,6.4695654,Very Low,73.1,12.502798,100,1747053000,Very Low,7.218385,12.769121,Very Low,10.035432,57.9,9.797101,100,1747053000,8.086957
2025-05-12T12:38:39Z,0,29.862,75.0,55,68.3,11,10,242,68,0.0,255,32767,0.0,2127-15-31,0.0,0.16,26.24,0.0,0.0,0.0,0,4.828125,6,84,05:49,20:11,2025-05-12 12:38:39.524597,Città della Scienza,59.0,13.703278,11.1974325,9.022983,9.29886,EU EEA Common AQI,73.2,11.623574,10.13656,7200,7.7391305,100,100,62.0,6.4695654,Very Low,73.1,12.502798,100,1747053000,Very Low,7.218385,12.769121,Very Low,10.035432,57.9,9.797101,100,1747053000,8.086957
2025-05-12T12:38:50Z,0,29.862,75.0,55,68.3,11,10,254,68,0.0,255,32767,0.0,2127-15-31,0.0,0.16,26.24,0.0,0.0,0.0,0,4.828125,6,84,05:49,20:11,2025-05-12 12:38:50.613615,Città della Scienza,59.0,13.703278,11.1974325,9.022983,9.29886,EU EEA Common AQI,73.2,11.623574,10.13656,7200,7.7391305,100,100,62.0,6.4695654,Very Low,73.1,12.502798,100,1747053000,Very Low,7.218385,12.769121,Very Low,10.035432,57.9,9.797101,100,1747053000,8.086957
2025-05-12T12:39:01Z,0,29.862,75.0,55,68.3,10,10,238,68,0.0,255,32767,0.0,2127-15-31,0.0,0.16,26.24,0.0,0.0,0.0,0,4.828125,6,84,05:49,20:11,2025-05-12 12:39:01.710597,Città della Scienza,59.0,13.703278,11.1974325,9.022983,9.29886,EU EEA Common AQI,73.2,11.623574,10.13656,7200,7.7391305,100,100,62.0,6.4695654,Very Low,73.1,12.502798,100,1747053000,Very Low,7.218385,12.769121,Very Low,10.035432,57.9,9.797101,100,1747053000,8.086957
2025-05-12T12:39:13Z,0,29.862,75.0,55,68.2,11,10,247,68,0.0,255,32767,0.0,2127-15-31,0.0,0.16,26.24,0.0,0.0,0.0,0,4.828125,6,84,05:49,20:11,2025-05-12 12:39:12.823593,Città della Scienza,59.0,13.703278,11.1974325,9.022983,9.29886,EU EEA Common AQI,73.2,11.623574,10.13656,7200,7.7391305,100,100,62.0,6.4695654,Very Low,73.1,12.502798,100,1747053000,Very Low,7.218385,12.769121,Very Low,10.035432,57.9,9.797101,100,1747053000,8.086957
2025-05-12T12:39:24Z,0,29.862,75.0,55,68.2,10,10,244,69,0.0,255,32767,0.0,2127-15-31,0.0,0.16,26.24,0.0,0.0,0.0,0,4.828125,6,84,05:49,20:11,2025-05-12 12:39:23.902601,Città della Scienza,59.0,13.703278,11.1974325,9.022983,9.29886,EU EEA Common AQI,73.2,11.623574,10.13656,7200,7.7391305,100,100,62.0,6.4695654,Very Low,73.1,12.502798,100,1747053000,Very Low,7.218385,12.769121,Very Low,10.035432,57.9,9.797101,100,1747053000,8.086957
2025-05-12T12:39:35Z,0,29.857,75.0,55,68.2,10,10,250,69,0.0,255,32767,0.0,2127-15-31,0.0,0.16,26.24,0.0,0.0,0.0,0,4.828125,6,84,05:49,20:11,2025-05-12 12:39:34.996591,Città della Scienza,59.0,13.703278,11.1974325,9.022983,9.29886,EU EEA Common AQI,73.2,11.623574,10.13656,7200,7.7391305,100,100,62.0,6.4695654,Very Low,73.1,12.502798,100,1747053000,Very Low,7.218385,12.769121,Very Low,10.035432,57.9,9.797101,100,1747053000,8.086957
2025-05-12T12:39:46Z,0,29.857,75.0,55,68.3,12,10,256,69,0.0,255,32767,0.0,2127-15-31,0.0,0.16,26.24,0.0,0.0,0.0,0,4.828125,6,84,05:49,20:11,2025-05-12 12:39:46.074586,Città della Scienza,59.0,13.703278,11.1974325,9.022983,9.29886,EU EEA Common AQI,73.2,11.623574,10.13656,7200,7.7391305,100,100,62.0,6.4695654,Very Low,73.1,12.502798,100,1747053000,Very Low,7.218385,12.769121,Very Low,10.035432,57.9,9.797101,100,1747053000,8.086957
2025-05-12T12:39:57Z,0,29.857,75.0,55,68.3,10,10,234,69,0.0,255,32767,0.0,2127-15-31,0.0,0.16,26.24,0.0,0.0,0.0,0,4.828125,6,84,05:49,20:11,2025-05-12 12:39:57.148599,Città della Scienza,59.0,13.703278,11.1974325,9.022983,9.29886,EU EEA Common AQI,73.2,11.623574,10.13656,7200,7.7391305,100,100,62.0,6.4695654,Very Low,73.1,12.502798,100,1747053000,Very Low,7.218385,12.769121,Very Low,10.035432,57.9,9.797101,100,1747053000,8.086957
2025-05-12T12:40:08Z,0,29.857,75.0,55,68.3,13,10,248,69,0.0,255,32767,0.0,2127-15-31,0.0,0.16,26.24,0.0,0.0,0.0,0,4.828125,6,84,05:49,20:11,2025-05-12 12:40:08.218596,Città della Scienza,59.0,13.703278,11.1974325,9.022983,9.29886,EU EEA Common AQI,73.2,11.623574,10.13656,7200,7.7391305,100,100,62.0,6.4695654,Very Low,73.1,12.502798,100,1747053000,Very Low,7.218385,12.769121,Very Low,10.035432,57.9,9.797101,100,1747053000,8.086957
2025-05-12T12:40:19Z,0,29.857,75.0,55,68.3,12,10,234,69,0.0,255,32767,0.0,2127-15-31,0.0,0.16,26.24,0.0,0.0,0.0,0,4.828125,6,84,05:49,20:11,2025-05-12 12:40:19.352583,Città della Scienza,59.0,13.703278,11.1974325,9.022983,9.29886,EU EEA Common AQI,73.2,11.623574,10.13656,7200,7.7391305,100,100,62.0,6.4695654,Very Low,73.1,12.502798,100,1747053000,Very Low,7.218385,12.769121,Very Low,10.035432,57.9,9.797101,100,1747053000,8.086957
2025-05-12T12:40:30Z,0,29.857,75.0,55,68.3,13,10,250,69,0.0,255,32767,0.0,2127-15-31,0.0,0.16,26.24,0.0,0.0,0.0,0,4.828125,6,84,05:49,20:11,2025-05-12 12:40:30.467603,Città della Scienza,59.0,13.703278,11.1974325,9.022983,9.29886,EU EEA Common AQI,73.2,11.623574,10.13656,7200,7.7391305,100,100,62.0,6.4695654,Very Low,73.1,12.502798,100,1747053000,Very Low,7.218385,12.769121,Very Low,10.035432,57.9,9.797101,100,1747053000,8.086957
2025-05-12T12:40:41Z,0,29.86,74.9,55,68.3,11,10,259,69,0.0,255,32767,0.0,2127-15-31,0.0,0.16,26.24,0.0,0.0,0.0,0,4.828125,6,84,05:49,20:11,2025-05-12 12:40:41.548598,Città della Scienza,59.0,13.703278,11.1974325,9.022983,9.29886,EU EEA Common AQI,73.2,11.623574,10.13656,7200,7.7391305,100,100,62.0,6.4695654,Very Low,73.1,12.502798,100,1747053000,Very Low,7.218385,12.769121,Very Low,10.035432,57.9,9.797101,100,1747053000,8.086957
2025-05-12T12:40:52Z,0,29.86,74.9,55,68.3,9,10,242,69,0.0,255,32767,0.0,2127-15-31,0.0,0.16,26.24,0.0,0.0,0.0,0,4.828125,6,84,05:49,20:11,2025-05-12 12:40:52.686597,Città della Scienza,59.0,13.703278,11.1974325,9.022983,9.29886,EU EEA Common AQI,73.2,11.623574,10.13656,7200,7.7391305,100,100,62.0,6.4695654,Very Low,73.1,12.502798,100,1747053000,Very Low,7.218385,12.769121,Very Low,10.035432,57.9,9.797101,100,1747053000,8.086957
2025-05-12T12:41:03Z,0,29.86,74.9,55,68.3,12,10,240,69,0.0,255,32767,0.0,2127-15-31,0.0,0.16,26.24,0.0,0.0,0.0,0,4.828125,6,84,05:49,20:11,2025-05-12 12:41:03.780605,Città della Scienza,59.0,13.703278,11.1974325,9.022983,9.29886,EU EEA Common AQI,73.2,11.623574,10.13656,7200,7.7391305,100,100,62.0,6.4695654,Very Low,73.1,12.502798,100,1747053000,Very Low,7.218385,12.769121,Very Low,10.035432,57.9,9.797101,100,1747053000,8.086957
2025-05-12T12:41:15Z,0,29.86,74.9,55,68.3,11,10,245,68,0.0,255,32767,0.0,2127-15-31,0.0,0.16,26.24,0.0,0.0,0.0,0,4.828125,6,84,05:49,20:11,2025-05-12 12:41:14.859603,Città della Scienza,59.0,13.703278,11.1974325,9.022983,9.29886,EU EEA Common AQI,73.2,11.623574,10.13656,7200,7.7391305,100,100,62.0,6.4695654,Very Low,73.1,12.502798,100,1747053000,Very Low,7.218385,12.769121,Very Low,10.035432,57.9,9.797101,100,1747053000,8.086957
2025-05-12T12:41:26Z,0,29.86,74.9,55,68.3,12,10,237,68,0.0,255,32767,0.0,2127-15-31,0.0,0.16,26.24,0.0,0.0,0.0,0,4.828125,6,84,05:49,20:11,2025-05-12 12:41:25.996600,Città della Scienza,59.0,13.703278,11.1974325,9.022983,9.29886,EU EEA Common AQI,73.2,11.623574,10.13656,7200,7.7391305,100,100,62.0,6.4695654,Very Low,73.1,12.502798,100,1747053000,Very Low,7.218385,12.769121,Very Low,10.035432,57.9,9.797101,100,1747053000,8.086957
2025-05-12T12:41:37Z,0,29.858,74.9,55,68.3,10,10,247,68,0.0,255,32767,0.0,2127-15-31,0.0,0.16,26.24,0.0,0.0,0.0,0,4.828125,6,84,05:49,20:11,2025-05-12 12:41:37.080588,Città della Scienza,59.0,13.703278,11.1974325,9.022983,9.29886,EU EEA Common AQI,73.2,11.623574,10.13656,7200,7.7391305,100,100,62.0,6.4695654,Very Low,73.1,12.502798,100,1747053000,Very Low,7.218385,12.769121,Very Low,10.035432,57.9,9.797101,100,1747053000,8.086957
2025-05-12T12:41:48Z,0,29.858,74.9,55,68.3,10,10,238,68,0.0,255,32767,0.0,2127-15-31,0.0,0.16,26.24,0.0,0.0,0.0,0,4.828125,6,84,05:49,20:11,2025-05-12 12:41:48.152552,Città della Scienza,59.0,13.703278,11.1974325,9.022983,9.29886,EU EEA Common AQI,73.2,11.623574,10.13656,7200,7.7391305,100,100,62.0,6.4695654,Very Low,73.1,12.502798,100,1747053000,Very Low,7.218385,12.769121,Very Low,10.035432,57.9,9.797101,100,1747053000,8.086957
2025-05-12T12:41:59Z,0,29.858,74.9,55,68.3,11,10,248,69,0.0,255,32767,0.0,2127-15-31,0.0,0.16,26.24,0.0,0.0,0.0,0,4.828125,6,84,05:49,20:11,2025-05-12 12:41:59.245603,Città della Scienza,59.0,13.703278,11.1974325,9.022983,9.29886,EU EEA Common AQI,73.2,11.623574,10.13656,7200,7.7391305,100,100,62.0,6.4695654,Very Low,73.1,12.502798,100,1747053000,Very Low,7.218385,12.769121,Very Low,10.035432,57.9,9.797101,100,1747053000,8.086957
2025-05-12T12:42:10Z,0,29.858,74.9,55,68.4,13,10,248,69,0.0,255,32767,0.0,2127-15-31,0.0,0.16,26.24,0.0,0.0,0.0,0,4.828125,6,84,05:49,20:11,2025-05-12 12:42:10.274598,Città della Scienza,59.0,13.703278,11.1974325,9.022983,9.29886,EU EEA Common AQI,73.2,11.623574,10.13656,7200,7.7391305,100,100,62.0,6.4695654,Very Low,73.1,12.502798,100,1747053000,Very Low,7.218385,12.769121,Very Low,10.035432,57.9,9.797101,100,1747053000,8.086957
2025-05-12T12:42:21Z,0,29.858,74.9,55,68.3,10,10,252,69,0.0,255,32767,0.0,2127-15-31,0.0,0.16,26.24,0.0,0.0,0.0,0,4.828125,6,84,05:49,20:11,2025-05-12 12:42:21.329597,Città della Scienza,59.0,13.703278,11.1974325,9.022983,9.29886,EU EEA Common AQI,73.2,11.623574,10.13656,7200,7.7391305,100,100,62.0,6.4695654,Very Low,73.1,12.502798,100,1747053000,Very Low,7.218385,12.769121,Very Low,10.035432,57.9,9.797101,100,1747053000,8.086957
2025-05-12T12:42:32Z,0,29.858,74.9,55,68.3,10,10,245,69,0.0,255,32767,0.0,2127-15-31,0.0,0.16,26.24,0.0,0.0,0.0,0,4.828125,6,84,05:49,20:11,2025-05-12 12:42:32.420613,Città della Scienza,59.0,13.703278,11.1974325,9.022983,9.29886,EU EEA Common AQI,73.2,11.623574,10.13656,7200,7.7391305,100,100,62.0,6.4695654,Very Low,73.1,12.502798,100,1747053000,Very Low,7.218385,12.769121,Very Low,10.035432,57.9,9.797101,100,1747053000,8.086957
2025-05-12T12:42:43Z,0,29.858,75.0,55,68.3,12,11,256,69,0.0,255,32767,0.0,2127-15-31,0.0,0.16,26.24,0.0,0.0,0.0,0,4.828125,6,84,05:49,20:11,2025-05-12 12:42:43.519598,Città della Scienza,59.0,13.703278,11.1974325,9.022983,9.29886,EU EEA Common AQI,73.2,11.623574,10.13656,7200,7.7391305,100,100,62.0,6.4695654,Very Low,73.1,12.502798,100,1747053000,Very Low,7.218385,12.769121,Very Low,10.035432,57.9,9.797101,100,1747053000,8.086957
2025-05-12T12:42:54Z,0,29.858,75.0,55,68.3,10,11,232,67,0.0,255,32767,0.0,2127-15-31,0.0,0.16,26.24,0.0,0.0,0.0,0,4.828125,6,84,05:49,20:11,2025-05-12 12:42:54.621607,Città della Scienza,59.0,13.703278,11.1974325,9.022983,9.29886,EU EEA Common AQI,73.2,11.623574,10.13656,7200,7.7391305,100,100,62.0,6.4695654,Very Low,73.1,12.502798,100,1747053000,Very Low,7.218385,12.769121,Very Low,10.035432,57.9,9.797101,100,1747053000,8.086957
2025-05-12T12:43:05Z,0,29.858,75.0,55,68.3,12,11,269,67,0.0,255,32767,0.0,2127-15-31,0.0,0.16,26.24,0.0,0.0,0.0,0,4.828125,6,84,05:49,20:11,2025-05-12 12:43:05.709607,Città della Scienza,59.0,13.703278,11.1974325,9.022983,9.29886,EU EEA Common AQI,73.2,11.623574,10.13656,7200,7.7391305,100,100,62.0,6.4695654,Very Low,73.1,12.502798,100,1747053000,Very Low,7.218385,12.769121,Very Low,10.035432,57.9,9.797101,100,1747053000,8.086957
2025-05-12T12:43:17Z,0,29.858,75.0,55,68.3,13,11,236,67,0.0,255,32767,0.0,2127-15-31,0.0,0.16,26.24,0.0,0.0,0.0,0,4.828125,6,84,05:49,20:11,2025-05-12 12:43:16.805599,Città della Scienza,59.0,13.703278,11.1974325,9.022983,9.29886,EU EEA Common AQI,73.2,11.623574,10.13656,7200,7.7391305,100,100,62.0,6.4695654,Very Low,73.1,12.502798,100,1747053000,Very Low,7.218385,12.769121,Very Low,10.035432,57.9,9.797101,100,1747053000,8.086957
2025-05-12T12:43:28Z,0,29.858,75.0,55,68.3,12,11,252,67,0.0,255,32767,0.0,2127-15-31,0.0,0.16,26.24,0.0,0.0,0.0,0,4.828125,6,84,05:49,20:11,2025-05-12 12:43:27.860620,Città della Scienza,59.0,13.703278,11.1974325,9.022983,9.29886,EU EEA Common AQI,73.2,11.623574,10.13656,7200,7.7391305,100,100,62.0,6.4695654,Very Low,73.1,12.502798,100,1747053000,Very Low,7.218385,12.769121,Very Low,10.035432,57.9,9.797101,100,1747053000,8.086957
2025-05-12T12:43:39Z,0,29.858,74.9,55,68.3,11,11,252,67,0.0,255,32767,0.0,2127-15-31,0.0,0.16,26.24,0.0,0.0,0.0,0,4.828125,6,84,05:49,20:11,2025-05-12 12:43:38.971598,Città della Scienza,59.0,13.703278,11.1974325,9.022983,9.29886,EU EEA Common AQI,73.2,11.623574,10.13656,7200,7.7391305,100,100,62.0,6.4695654,Very Low,73.1,12.502798,100,1747053000,Very Low,7.218385,12.769121,Very Low,10.035432,57.9,9.797101,100,1747053000,8.086957
2025-05-12T12:43:50Z,0,29.858,74.9,55,68.3,11,11,245,66,0.0,255,32767,0.0,2127-15-31,0.0,0.16,26.24,0.0,0.0,0.0,0,4.828125,6,84,05:49,20:11,2025-05-12 12:43:50.048595,Città della Scienza,59.0,13.703278,11.1974325,9.022983,9.29886,EU EEA Common AQI,73.2,11.623574,10.13656,7200,7.7391305,100,100,62.0,6.4695654,Very Low,73.1,12.502798,100,1747053000,Very Low,7.218385,12.769121,Very Low,10.035432,57.9,9.797101,100,1747053000,8.086957
2025-05-12T12:44:01Z,0,29.858,74.9,55,68.3,12,11,253,66,0.0,255,32767,0.0,2127-15-31,0.0,0.16,26.24,0.0,0.0,0.0,0,4.828125,6,84,05:49,20:11,2025-05-12 12:44:01.165584,Città della Scienza,59.0,13.703278,11.1974325,9.022983,9.29886,EU EEA Common AQI,73.2,11.623574,10.13656,7200,7.7391305,100,100,62.0,6.4695654,Very Low,73.1,12.502798,100,1747053000,Very Low,7.218385,12.769121,Very Low,10.035432,57.9,9.797101,100,1747053000,8.086957
2025-05-12T12:44:12Z,0,29.858,74.9,55,68.3,13,11,248,66,0.0,255,32767,0.0,2127-15-31,0.0,0.16,26.24,0.0,0.0,0.0,0,4.828125,6,84,05:49,20:11,2025-05-12 12:44:12.262589,Città della Scienza,59.0,13.703278,11.1974325,9.022983,9.29886,EU EEA Common AQI,73.2,11.623574,10.13656,7200,7.7391305,100,100,62.0,6.4695654,Very Low,73.1,12.502798,100,1747053000,Very Low,7.218385,12.769121,Very Low,10.035432,57.9,9.797101,100,1747053000,8.086957
2025-05-12T12:44:23Z,0,29.858,74.9,55,68.3,10,11,246,66,0.0,255,32767,0.0,2127-15-31,0.0,0.16,26.24,0.0,0.0,0.0,0,4.828125,6,84,05:49,20:11,2025-05-12 12:44:23.317613,Città della Scienza,59.0,13.703278,11.1974325,9.022983,9.29886,EU EEA Common AQI,73.2,11.623574,10.13656,7200,7.7391305,100,100,62.0,6.4695654,Very Low,73.1,12.502798,100,1747053000,Very Low,7.218385,12.769121,Very Low,10.035432,57.9,9.797101,100,1747053000,8.086957
2025-05-12T12:44:34Z,0,29.856,75.0,55,68.3,11,11,232,66,0.0,255,32767,0.0,2127-15-31,0.0,0.16,26.24,0.0,0.0,0.0,0,4.828125,6,84,05:49,20:11,2025-05-12 12:44:34.414587,Città della Scienza,59.0,13.703278,11.1974325,9.022983,9.29886,EU EEA Common AQI,73.2,11.623574,10.13656,7200,7.7391305,100,100,62.0,6.4695654,Very Low,73.1,12.502798,100,1747053000,Very Low,7.218385,12.769121,Very Low,10.035432,57.9,9.797101,100,1747053000,8.086957
2025-05-12T12:44:45Z,0,29.856,75.0,55,68.3,12,11,250,67,0.0,255,32767,0.0,2127-15-31,0.0,0.16,26.24,0.0,0.0,0.0,0,4.828125,6,84,05:49,20:11,2025-05-12 12:44:45.517606,Città della Scienza,59.0,13.703278,11.1974325,9.022983,9.29886,EU EEA Common AQI,73.2,11.623574,10.13656,7200,7.7391305,100,100,62.0,6.4695654,Very Low,73.1,12.502798,100,1747053000,Very Low,7.218385,12.769121,Very Low,10.035432,57.9,9.797101,100,1747053000,8.086957
2025-05-12T12:44:56Z,0,29.856,75.0,55,68.3,14,11,242,67,0.0,255,32767,0.0,2127-15-31,0.0,0.16,26.24,0.0,0.0,0.0,0,4.828125,6,84,05:49,20:11,2025-05-12 12:44:56.633608,Città della Scienza,59.0,13.703278,11.1974325,9.022983,9.29886,EU EEA Common AQI,73.2,11.623574,10.13656,7200,7.7391305,100,100,62.0,6.4695654,Very Low,73.1,12.502798,100,1747053000,Very Low,7.218385,12.769121,Very Low,10.035432,57.9,9.797101,100,1747053000,8.086957
2025-05-12T12:45:07Z,0,29.856,75.0,55,68.4,14,11,251,67,0.0,255,32767,0.0,2127-15-31,0.0,0.16,26.24,0.0,0.0,0.0,0,4.828125,6,84,05:49,20:11,2025-05-12 12:45:07.754592,Città della Scienza,59.0,13.703278,11.1974325,9.022983,9.29886,EU EEA Common AQI,73.2,11.623574,10.13656,7200,7.7391305,100,100,62.0,6.4695654,Very Low,73.1,12.502798,100,1747053000,Very Low,7.218385,12.769121,Very Low,10.035432,57.9,9.797101,100,1747053000,8.086957
2025-05-12T12:45:19Z,0,29.856,75.0,55,68.3,13,11,242,67,0.0,255,32767,0.0,2127-15-31,0.0,0.16,26.24,0.0,0.0,0.0,0,4.828125,6,84,05:49,20:11,2025-05-12 12:45:18.844595,Città della Scienza,59.0,13.703278,11.1974325,9.022983,9.29886,EU EEA Common AQI,73.2,11.623574,10.13656,7200,7.7391305,100,100,62.0,6.4695654,Very Low,73.1,12.502798,100,1747053000,Very Low,7.218385,12.769121,Very Low,10.035432,57.9,9.797101,100,1747053000,8.086957
2025-05-12T12:45:30Z,0,29.856,75.0,55,68.3,14,11,246,67,0.0,255,32767,0.0,2127-15-31,0.0,0.16,26.24,0.0,0.0,0.0,0,4.828125,6,84,05:49,20:11,2025-05-12 12:45:29.934596,Città della Scienza,58.8,12.491892,11.233028,8.527764,8.760562,EU EEA Common AQI,73.8,10.950703,10.176132,7200,6.4857144,100,100,62.4,5.5542855,Very Low,73.6,11.407701,100,1747053900,Very Low,6.822211,12.017683,Very Low,9.418142,58.3,7.8285713,100,1747053900,6.9428573
2025-05-12T12:45:41Z,236,29.858,74.9,55,68.3,11,11,254,67,0.0,255,32767,0.0,2127-15-31,0.0,0.16,26.24,0.0,0.0,0.0,0,4.828125,6,84,05:49,20:11,2025-05-12 12:45:41.179589,Città della Scienza,58.8,12.491892,11.233028,8.527764,8.760562,EU EEA Common AQI,73.8,10.950703,10.176132,7200,6.4857144,100,100,62.4,5.5542855,Very Low,73.6,11.407701,100,1747053900,Very Low,6.822211,12.017683,Very Low,9.418142,58.3,7.8285713,100,1747053900,6.9428573
2025-05-12T12:45:52Z,236,29.858,74.9,55,68.3,13,11,246,67,0.0,255,32767,0.0,2127-15-31,0.0,0.16,26.24,0.0,0.0,0.0,0,4.828125,6,84,05:49,20:11,2025-05-12 12:45:52.228566,Città della Scienza,58.8,12.491892,11.233028,8.527764,8.760562,EU EEA Common AQI,73.8,10.950703,10.176132,7200,6.4857144,100,100,62.4,5.5542855,Very Low,73.6,11.407701,100,1747053900,Very Low,6.822211,12.017683,Very Low,9.418142,58.3,7.8285713,100,1747053900,6.9428573
2025-05-12T12:46:03Z,236,29.858,74.9,55,68.3,13,11,254,67,0.0,255,32767,0.0,2127-15-31,0.0,0.16,26.24,0.0,0.0,0.0,0,4.828125,6,84,05:49,20:11,2025-05-12 12:46:03.280604,Città della Scienza,58.8,12.491892,11.233028,8.527764,8.760562,EU EEA Common AQI,73.8,10.950703,10.176132,7200,6.4857144,100,100,62.4,5.5542855,Very Low,73.6,11.407701,100,1747053900,Very Low,6.822211,12.017683,Very Low,9.418142,58.3,7.8285713,100,1747053900,6.9428573
2025-05-12T12:46:14Z,236,29.858,74.9,55,68.3,13,11,275,67,0.0,255,32767,0.0,2127-15-31,0.0,0.16,26.24,0.0,0.0,0.0,0,4.828125,6,84,05:49,20:11,2025-05-12 12:46:14.344590,Città della Scienza,58.8,12.491892,11.233028,8.527764,8.760562,EU EEA Common AQI,73.8,10.950703,10.176132,7200,6.4857144,100,100,62.4,5.5542855,Very Low,73.6,11.407701,100,1747053900,Very Low,6.822211,12.017683,Very Low,9.418142,58.3,7.8285713,100,1747053900,6.9428573
2025-05-12T12:46:25Z,236,29.858,74.9,55,68.3,10,11,261,67,0.0,255,32767,0.0,2127-15-31,0.0,0.16,26.24,0.0,0.0,0.0,0,4.828125,6,84,05:49,20:11,2025-05-12 12:46:25.419593,Città della Scienza,58.8,12.491892,11.233028,8.527764,8.760562,EU EEA Common AQI,73.8,10.950703,10.176132,7200,6.4857144,100,100,62.4,5.5542855,Very Low,73.6,11.407701,100,1747053900,Very Low,6.822211,12.017683,Very Low,9.418142,58.3,7.8285713,100,1747053900,6.9428573
2025-05-12T12:46:36Z,236,29.855,74.9,55,68.3,8,11,246,67,0.0,255,32767,0.0,2127-15-31,0.0,0.16,26.24,0.0,0.0,0.0,0,4.828125,6,84,05:49,20:11,2025-05-12 12:46:36.495621,Città della Scienza,58.8,12.491892,11.233028,8.527764,8.760562,EU EEA Common AQI,73.8,10.950703,10.176132,7200,6.4857144,100,100,62.4,5.5542855,Very Low,73.6,11.407701,100,1747053900,Very Low,6.822211,12.017683,Very Low,9.418142,58.3,7.8285713,100,1747053900,6.9428573
2025-05-12T12:46:47Z,236,29.855,74.9,55,68.3,11,11,249,67,0.0,255,32767,0.0,2127-15-31,0.0,0.16,26.24,0.0,0.0,0.0,0,4.828125,6,84,05:49,20:11,2025-05-12 12:46:47.592601,Città della Scienza,58.8,12.491892,11.233028,8.527764,8.760562,EU EEA Common AQI,73.8,10.950703,10.176132,7200,6.4857144,100,100,62.4,5.5542855,Very Low,73.6,11.407701,100,1747053900,Very Low,6.822211,12.017683,Very Low,9.418142,58.3,7.8285713,100,1747053900,6.9428573
2025-05-12T12:46:58Z,236,29.855,74.9,55,68.3,12,11,232,67,0.0,255,32767,0.0,2127-15-31,0.0,0.16,26.24,0.0,0.0,0.0,0,4.828125,6,84,05:49,20:11,2025-05-12 12:46:58.679595,Città della Scienza,58.8,12.491892,11.233028,8.527764,8.760562,EU EEA Common AQI,73.8,10.950703,10.176132,7200,6.4857144,100,100,62.4,5.5542855,Very Low,73.6,11.407701,100,1747053900,Very Low,6.822211,12.017683,Very Low,9.418142,58.3,7.8285713,100,1747053900,6.9428573
2025-05-12T12:47:09Z,236,29.855,74.9,55,68.3,10,11,261,67,0.0,255,32767,0.0,2127-15-31,0.0,0.16,26.24,0.0,0.0,0.0,0,4.828125,6,84,05:49,20:11,2025-05-12 12:47:09.747604,Città della Scienza,58.8,12.491892,11.233028,8.527764,8.760562,EU EEA Common AQI,73.8,10.950703,10.176132,7200,6.4857144,100,100,62.4,5.5542855,Very Low,73.6,11.407701,100,1747053900,Very Low,6.822211,12.017683,Very Low,9.418142,58.3,7.8285713,100,1747053900,6.9428573
2025-05-12T12:47:21Z,236,29.855,74.9,55,68.3,13,11,251,67,0.0,255,32767,0.0,2127-15-31,0.0,0.16,26.24,0.0,0.0,0.0,0,4.828125,6,84,05:49,20:11,2025-05-12 12:47:20.814592,Città della Scienza,58.8,12.491892,11.233028,8.527764,8.760562,EU EEA Common AQI,73.8,10.950703,10.176132,7200,6.4857144,100,100,62.4,5.5542855,Very Low,73.6,11.407701,100,1747053900,Very Low,6.822211,12.017683,Very Low,9.418142,58.3,7.8285713,100,1747053900,6.9428573
2025-05-12T12:47:32Z,236,29.855,74.9,55,68.3,14,11,246,67,0.0,255,32767,0.0,2127-15-31,0.0,0.16,26.24,0.0,0.0,0.0,0,4.828125,6,84,05:49,20:11,2025-05-12 12:47:31.903591,Città della Scienza,58.8,12.491892,11.233028,8.527764,8.760562,EU EEA Common AQI,73.8,10.950703,10.176132,7200,6.4857144,100,100,62.4,5.5542855,Very Low,73.6,11.407701,100,1747053900,Very Low,6.822211,12.017683,Very Low,9.418142,58.3,7.8285713,100,1747053900,6.9428573
2025-05-12T12:47:43Z,236,29.857,75.0,55,68.3,9,11,266,67,0.0,255,32767,0.0,2127-15-31,0.0,0.16,26.24,0.0,0.0,0.0,0,4.828125,6,84,05:49,20:11,2025-05-12 12:47:43.008588,Città della Scienza,58.8,12.491892,11.233028,8.527764,8.760562,EU EEA Common AQI,73.8,10.950703,10.176132,7200,6.4857144,100,100,62.4,5.5542855,Very Low,73.6,11.407701,100,1747053900,Very Low,6.822211,12.017683,Very Low,9.418142,58.3,7.8285713,100,1747053900,6.9428573
2025-05-12T12:47:54Z,236,29.857,75.0,55,68.3,8,11,258,67,0.0,255,32767,0.0,2127-15-31,0.0,0.16,26.24,0.0,0.0,0.0,0,4.828125,6,84,05:49,20:11,2025-05-12 12:47:54.077588,Città della Scienza,58.8,12.491892,11.233028,8.527764,8.760562,EU EEA Common AQI,73.8,10.950703,10.176132,7200,6.4857144,100,100,62.4,5.5542855,Very Low,73.6,11.407701,100,1747053900,Very Low,6.822211,12.017683,Very Low,9.418142,58.3,7.8285713,100,1747053900,6.9428573
2025-05-12T12:48:05Z,236,29.857,75.0,55,68.3,11,11,246,67,0.0,255,32767,0.0,2127-15-31,0.0,0.16,26.24,0.0,0.0,0.0,0,4.828125,6,84,05:49,20:11,2025-05-12 12:48:05.156603,Città della Scienza,58.8,12.491892,11.233028,8.527764,8.760562,EU EEA Common AQI,73.8,10.950703,10.176132,7200,6.4857144,100,100,62.4,5.5542855,Very Low,73.6,11.407701,100,1747053900,Very Low,6.822211,12.017683,Very Low,9.418142,58.3,7.8285713,100,1747053900,6.9428573
2025-05-12T12:48:16Z,236,29.857,75.0,55,68.3,11,11,252,68,0.0,255,32767,0.0,2127-15-31,0.0,0.16,26.24,0.0,0.0,0.0,0,4.828125,6,84,05:49,20:11,2025-05-12 12:48:16.264572,Città della Scienza,58.8,12.491892,11.233028,8.527764,8.760562,EU EEA Common AQI,73.8,10.950703,10.176132,7200,6.4857144,100,100,62.4,5.5542855,Very Low,73.6,11.407701,100,1747053900,Very Low,6.822211,12.017683,Very Low,9.418142,58.3,7.8285713,100,1747053900,6.9428573
2025-05-12T12:48:27Z,236,29.857,75.0,55,68.3,10,11,263,68,0.0,255,32767,0.0,2127-15-31,0.0,0.16,26.24,0.0,0.0,0.0,0,4.828125,6,84,05:49,20:11,2025-05-12 12:48:27.383591,Città della Scienza,58.8,12.491892,11.233028,8.527764,8.760562,EU EEA Common AQI,73.8,10.950703,10.176132,7200,6.4857144,100,100,62.4,5.5542855,Very Low,73.6,11.407701,100,1747053900,Very Low,6.822211,12.017683,Very Low,9.418142,58.3,7.8285713,100,1747053900,6.9428573
2025-05-12T12:48:38Z,236,29.858,75.0,55,68.3,9,12,244,68,0.0,255,32767,0.0,2127-15-31,0.0,0.16,26.24,0.0,0.0,0.0,0,4.828125,6,84,05:49,20:11,2025-05-12 12:48:38.455603,Città della Scienza,58.8,12.491892,11.233028,8.527764,8.760562,EU EEA Common AQI,73.8,10.950703,10.176132,7200,6.4857144,100,100,62.4,5.5542855,Very Low,73.6,11.407701,100,1747053900,Very Low,6.822211,12.017683,Very Low,9.418142,58.3,7.8285713,100,1747053900,6.9428573
2025-05-12T12:48:49Z,236,29.858,75.0,55,68.3,10,12,247,68,0.0,255,32767,0.0,2127-15-31,0.0,0.16,26.24,0.0,0.0,0.0,0,4.828125,6,84,05:49,20:11,2025-05-12 12:48:49.522592,Città della Scienza,58.8,12.491892,11.233028,8.527764,8.760562,EU EEA Common AQI,73.8,10.950703,10.176132,7200,6.4857144,100,100,62.4,5.5542855,Very Low,73.6,11.407701,100,1747053900,Very Low,6.822211,12.017683,Very Low,9.418142,58.3,7.8285713,100,1747053900,6.9428573
2025-05-12T12:49:00Z,236,29.858,75.0,55,68.3,10,12,286,69,0.0,255,32767,0.0,2127-15-31,0.0,0.16,26.24,0.0,0.0,0.0,0,4.828125,6,84,05:49,20:11,2025-05-12 12:49:00.632607,Città della Scienza,58.8,12.491892,11.233028,8.527764,8.760562,EU EEA Common AQI,73.8,10.950703,10.176132,7200,6.4857144,100,100,62.4,5.5542855,Very Low,73.6,11.407701,100,1747053900,Very Low,6.822211,12.017683,Very Low,9.418142,58.3,7.8285713,100,1747053900,6.9428573
2025-05-12T12:49:11Z,236,29.858,75.0,55,68.4,13,12,259,69,0.0,255,32767,0.0,2127-15-31,0.0,0.16,26.24,0.0,0.0,0.0,0,4.828125,6,84,05:49,20:11,2025-05-12 12:49:11.724562,Città della Scienza,58.8,12.491892,11.233028,8.527764,8.760562,EU EEA Common AQI,73.8,10.950703,10.176132,7200,6.4857144,100,100,62.4,5.5542855,Very Low,73.6,11.407701,100,1747053900,Very Low,6.822211,12.017683,Very Low,9.418142,58.3,7.8285713,100,1747053900,6.9428573
2025-05-12T12:49:23Z,236,29.858,75.0,55,68.4,11,12,245,69,0.0,255,32767,0.0,2127-15-31,0.0,0.16,26.24,0.0,0.0,0.0,0,4.828125,6,84,05:49,20:11,2025-05-12 12:49:22.823611,Città della Scienza,58.8,12.491892,11.233028,8.527764,8.760562,EU EEA Common AQI,73.8,10.950703,10.176132,7200,6.4857144,100,100,62.4,5.5542855,Very Low,73.6,11.407701,100,1747053900,Very Low,6.822211,12.017683,Very Low,9.418142,58.3,7.8285713,100,1747053900,6.9428573
2025-05-12T12:49:34Z,236,29.856,75.0,55,68.4,11,11,249,69,0.0,255,32767,0.0,2127-15-31,0.0,0.16,26.24,0.0,0.0,0.0,0,4.828125,6,84,05:49,20:11,2025-05-12 12:49:33.896595,Città della Scienza,58.8,12.491892,11.233028,8.527764,8.760562,EU EEA Common AQI,73.8,10.950703,10.176132,7200,6.4857144,100,100,62.4,5.5542855,Very Low,73.6,11.407701,100,1747053900,Very Low,6.822211,12.017683,Very Low,9.418142,58.3,7.8285713,100,1747053900,6.9428573
2025-05-12T12:49:45Z,236,29.856,75.0,55,68.4,9,11,259,69,0.0,255,32767,0.0,2127-15-31,0.0,0.16,26.24,0.0,0.0,0.0,0,4.828125,6,84,05:49,20:11,2025-05-12 12:49:44.945596,Città della Scienza,58.8,12.491892,11.233028,8.527764,8.760562,EU EEA Common AQI,73.8,10.950703,10.176132,7200,6.4857144,100,100,62.4,5.5542855,Very Low,73.6,11.407701,100,1747053900,Very Low,6.822211,12.017683,Very Low,9.418142,58.3,7.8285713,100,1747053900,6.9428573
2025-05-12T12:49:56Z,236,29.856,75.0,55,68.4,12,11,260,69,0.0,255,32767,0.0,2127-15-31,0.0,0.16,26.24,0.0,0.0,0.0,0,4.828125,6,84,05:49,20:11,2025-05-12 12:49:56.042590,Città della Scienza,58.8,12.491892,11.233028,8.527764,8.760562,EU EEA Common AQI,73.8,10.950703,10.176132,7200,6.4857144,100,100,62.4,5.5542855,Very Low,73.6,11.407701,100,1747053900,Very Low,6.822211,12.017683,Very Low,9.418142,58.3,7.8285713,100,1747053900,6.9428573
2025-05-12T12:50:07Z,236,29.856,75.0,55,68.4,10,11,242,69,0.0,255,32767,0.0,2127-15-31,0.0,0.16,26.24,0.0,0.0,0.0,0,4.828125,6,84,05:49,20:11,2025-05-12 12:50:07.142605,Città della Scienza,58.8,12.491892,11.233028,8.527764,8.760562,EU EEA Common AQI,73.8,10.950703,10.176132,7200,6.4857144,100,100,62.4,5.5542855,Very Low,73.6,11.407701,100,1747053900,Very Low,6.822211,12.017683,Very Low,9.418142,58.3,7.8285713,100,1747053900,6.9428573
2025-05-12T12:50:18Z,236,29.856,75.0,55,68.4,13,11,257,69,0.0,255,32767,0.0,2127-15-31,0.0,0.16,26.24,0.0,0.0,0.0,0,4.828125,6,84,05:49,20:11,2025-05-12 12:50:18.244596,Città della Scienza,58.8,12.491892,11.233028,8.527764,8.760562,EU EEA Common AQI,73.8,10.950703,10.176132,7200,6.4857144,100,100,62.4,5.5542855,Very Low,73.6,11.407701,100,1747053900,Very Low,6.822211,12.017683,Very Low,9.418142,58.3,7.8285713,100,1747053900,6.9428573
2025-05-12T12:50:29Z,236,29.856,75.0,55,68.4,13,11,236,69,0.0,255,32767,0.0,2127-15-31,0.0,0.16,26.24,0.0,0.0,0.0,0,4.828125,6,84,05:49,20:11,2025-05-12 12:50:29.293598,Città della Scienza,58.8,12.491892,11.233028,8.527764,8.760562,EU EEA Common AQI,73.8,10.950703,10.176132,7200,6.4857144,100,100,62.4,5.5542855,Very Low,73.6,11.407701,100,1747053900,Very Low,6.822211,12.017683,Very Low,9.418142,58.3,7.8285713,100,1747053900,6.9428573
2025-05-12T12:50:40Z,236,29.856,74.9,55,68.4,8,11,250,69,0.0,255,32767,0.0,2127-15-31,0.0,0.16,26.24,0.0,0.0,0.0,0,4.828125,6,84,05:49,20:11,2025-05-12 12:50:40.425596,Città della Scienza,58.8,12.491892,11.233028,8.527764,8.760562,EU EEA Common AQI,73.8,10.950703,10.176132,7200,6.4857144,100,100,62.4,5.5542855,Very Low,73.6,11.407701,100,1747053900,Very Low,6.822211,12.017683,Very Low,9.418142,58.3,7.8285713,100,1747053900,6.9428573
2025-05-12T12:50:51Z,236,29.856,74.9,55,68.4,12,11,259,69,0.0,255,32767,0.0,2127-15-31,0.0,0.16,26.24,0.0,0.0,0.0,0,4.828125,6,84,05:49,20:11,2025-05-12 12:50:51.504594,Città della Scienza,58.8,12.491892,11.233028,8.527764,8.760562,EU EEA Common AQI,73.8,10.950703,10.176132,7200,6.4857144,100,100,62.4,5.5542855,Very Low,73.6,11.407701,100,1747053900,Very Low,6.822211,12.017683,Very Low,9.418142,58.3,7.8285713,100,1747053900,6.9428573
2025-05-12T12:51:02Z,236,29.856,74.9,55,68.4,13,11,230,69,0.0,255,32767,0.0,2127-15-31,0.0,0.16,26.24,0.0,0.0,0.0,0,4.828125,6,84,05:49,20:11,2025-05-12 12:51:02.600610,Città della Scienza,58.8,12.491892,11.233028,8.527764,8.760562,EU EEA Common AQI,73.8,10.950703,10.176132,7200,6.4857144,100,100,62.4,5.5542855,Very Low,73.6,11.407701,100,1747053900,Very Low,6.822211,12.017683,Very Low,9.418142,58.3,7.8285713,100,1747053900,6.9428573
2025-05-12T12:51:13Z,236,29.856,74.9,55,68.4,5,11,240,69,0.0,255,32767,0.0,2127-15-31,0.0,0.16,26.24,0.0,0.0,0.0,0,4.828125,6,84,05:49,20:11,2025-05-12 12:51:13.721587,Città della Scienza,58.8,12.491892,11.233028,8.527764,8.760562,EU EEA Common AQI,73.8,10.950703,10.176132,7200,6.4857144,100,100,62.4,5.5542855,Very Low,73.6,11.407701,100,1747053900,Very Low,6.822211,12.017683,Very Low,9.418142,58.3,7.8285713,100,1747053900,6.9428573
2025-05-12T12:51:25Z,236,29.856,74.9,55,68.4,9,11,222,69,0.0,255,32767,0.0,2127-15-31,0.0,0.16,26.24,0.0,0.0,0.0,0,4.828125,6,84,05:49,20:11,2025-05-12 12:51:24.838601,Città della Scienza,58.8,12.491892,11.233028,8.527764,8.760562,EU EEA Common AQI,73.8,10.950703,10.176132,7200,6.4857144,100,100,62.4,5.5542855,Very Low,73.6,11.407701,100,1747053900,Very Low,6.822211,12.017683,Very Low,9.418142,58.3,7.8285713,100,1747053900,6.9428573
2025-05-12T12:51:36Z,236,29.858,75.0,55,68.3,7,11,272,68,0.0,255,32767,0.0,2127-15-31,0.0,0.16,26.24,0.0,0.0,0.0,0,4.828125,6,84,05:49,20:11,2025-05-12 12:51:35.969597,Città della Scienza,58.8,12.491892,11.233028,8.527764,8.760562,EU EEA Common AQI,73.8,10.950703,10.176132,7200,6.4857144,100,100,62.4,5.5542855,Very Low,73.6,11.407701,100,1747053900,Very Low,6.822211,12.017683,Very Low,9.418142,58.3,7.8285713,100,1747053900,6.9428573
2025-05-12T12:51:47Z,236,29.858,75.0,55,68.3,13,11,258,68,0.0,255,32767,0.0,2127-15-31,0.0,0.16,26.24,0.0,0.0,0.0,0,4.828125,6,84,05:49,20:11,2025-05-12 12:51:47.049550,Città della Scienza,58.8,12.491892,11.233028,8.527764,8.760562,EU EEA Common AQI,73.8,10.950703,10.176132,7200,6.4857144,100,100,62.4,5.5542855,Very Low,73.6,11.407701,100,1747053900,Very Low,6.822211,12.017683,Very Low,9.418142,58.3,7.8285713,100,1747053900,6.9428573
2025-05-12T12:51:58Z,236,29.858,75.0,55,68.3,12,11,262,68,0.0,255,32767,0.0,2127-15-31,0.0,0.16,26.24,0.0,0.0,0.0,0,4.828125,6,84,05:49,20:11,2025-05-12 12:51:58.150572,Città della Scienza,58.8,12.491892,11.233028,8.527764,8.760562,EU EEA Common AQI,73.8,10.950703,10.176132,7200,6.4857144,100,100,62.4,5.5542855,Very Low,73.6,11.407701,100,1747053900,Very Low,6.822211,12.017683,Very Low,9.418142,58.3,7.8285713,100,1747053900,6.9428573
2025-05-12T12:52:09Z,236,29.858,75.0,55,68.3,13,11,250,68,0.0,255,32767,0.0,2127-15-31,0.0,0.16,26.24,0.0,0.0,0.0,0,4.828125,6,84,05:49,20:11,2025-05-12 12:52:09.255574,Città della Scienza,58.8,12.491892,11.233028,8.527764,8.760562,EU EEA Common AQI,73.8,10.950703,10.176132,7200,6.4857144,100,100,62.4,5.5542855,Very Low,73.6,11.407701,100,1747053900,Very Low,6.822211,12.017683,Very Low,9.418142,58.3,7.8285713,100,1747053900,6.9428573
2025-05-12T12:52:20Z,236,29.858,75.0,55,68.3,11,11,276,68,0.0,255,32767,0.0,2127-15-31,0.0,0.16,26.24,0.0,0.0,0.0,0,4.828125,6,84,05:49,20:11,2025-05-12 12:52:20.310604,Città della Scienza,58.8,12.491892,11.233028,8.527764,8.760562,EU EEA Common AQI,73.8,10.950703,10.176132,7200,6.4857144,100,100,62.4,5.5542855,Very Low,73.6,11.407701,100,1747053900,Very Low,6.822211,12.017683,Very Low,9.418142,58.3,7.8285713,100,1747053900,6.9428573
2025-05-12T12:52:31Z,236,29.858,75.0,55,68.3,13,11,248,68,0.0,255,32767,0.0,2127-15-31,0.0,0.16,26.24,0.0,0.0,0.0,0,4.828125,6,84,05:49,20:11,2025-05-12 12:52:31.409605,Città della Scienza,58.8,12.491892,11.233028,8.527764,8.760562,EU EEA Common AQI,73.8,10.950703,10.176132,7200,6.4857144,100,100,62.4,5.5542855,Very Low,73.6,11.407701,100,1747053900,Very Low,6.822211,12.017683,Very Low,9.418142,58.3,7.8285713,100,1747053900,6.9428573
2025-05-12T12:52:42Z,236,29.857,75.0,55,68.3,13,12,251,68,0.0,255,32767,0.0,2127-15-31,0.0,0.16,26.24,0.0,0.0,0.0,0,4.828125,6,84,05:49,20:11,2025-05-12 12:52:42.462603,Città della Scienza,58.8,12.491892,11.233028,8.527764,8.760562,EU EEA Common AQI,73.8,10.950703,10.176132,7200,6.4857144,100,100,62.4,5.5542855,Very Low,73.6,11.407701,100,1747053900,Very Low,6.822211,12.017683,Very Low,9.418142,58.3,7.8285713,100,1747053900,6.9428573
2025-05-12T12:52:53Z,236,29.857,75.0,55,68.3,14,12,235,68,0.0,255,32767,0.0,2127-15-31,0.0,0.16,26.24,0.0,0.0,0.0,0,4.828125,6,84,05:49,20:11,2025-05-12 12:52:53.562588,Città della Scienza,58.8,12.491892,11.233028,8.527764,8.760562,EU EEA Common AQI,73.8,10.950703,10.176132,7200,6.4857144,100,100,62.4,5.5542855,Very Low,73.6,11.407701,100,1747053900,Very Low,6.822211,12.017683,Very Low,9.418142,58.3,7.8285713,100,1747053900,6.9428573
2025-05-12T12:53:04Z,236,29.857,75.0,55,68.3,14,12,246,68,0.0,255,32767,0.0,2127-15-31,0.0,0.16,26.24,0.0,0.0,0.0,0,4.828125,6,84,05:49,20:11,2025-05-12 12:53:04.665607,Città della Scienza,58.8,12.491892,11.233028,8.527764,8.760562,EU EEA Common AQI,73.8,10.950703,10.176132,7200,6.4857144,100,100,62.4,5.5542855,Very Low,73.6,11.407701,100,1747053900,Very Low,6.822211,12.017683,Very Low,9.418142,58.3,7.8285713,100,1747053900,6.9428573
2025-05-12T12:53:15Z,236,29.857,75.0,55,68.3,11,12,257,68,0.0,255,32767,0.0,2127-15-31,0.0,0.16,26.24,0.0,0.0,0.0,0,4.828125,6,84,05:49,20:11,2025-05-12 12:53:15.726566,Città della Scienza,58.8,12.491892,11.233028,8.527764,8.760562,EU EEA Common AQI,73.8,10.950703,10.176132,7200,6.4857144,100,100,62.4,5.5542855,Very Low,73.6,11.407701,100,1747053900,Very Low,6.822211,12.017683,Very Low,9.418142,58.3,7.8285713,100,1747053900,6.9428573
2025-05-12T12:53:27Z,236,29.857,75.0,55,68.3,13,12,240,68,0.0,255,32767,0.0,2127-15-31,0.0,0.16,26.24,0.0,0.0,0.0,0,4.828125,6,84,05:49,20:11,2025-05-12 12:53:26.799594,Città della Scienza,58.8,12.491892,11.233028,8.527764,8.760562,EU EEA Common AQI,73.8,10.950703,10.176132,7200,6.4857144,100,100,62.4,5.5542855,Very Low,73.6,11.407701,100,1747053900,Very Low,6.822211,12.017683,Very Low,9.418142,58.3,7.8285713,100,1747053900,6.9428573
2025-05-12T12:53:38Z,236,29.857,74.9,55,68.2,11,12,238,68,0.0,255,32767,0.0,2127-15-31,0.0,0.16,26.24,0.0,0.0,0.0,0,4.828125,6,84,05:49,20:11,2025-05-12 12:53:37.921556,Città della Scienza,58.8,12.491892,11.233028,8.527764,8.760562,EU EEA Common AQI,73.8,10.950703,10.176132,7200,6.4857144,100,100,62.4,5.5542855,Very Low,73.6,11.407701,100,1747053900,Very Low,6.822211,12.017683,Very Low,9.418142,58.3,7.8285713,100,1747053900,6.9428573
2025-05-12T12:53:49Z,236,29.857,74.9,55,68.2,11,12,251,68,0.0,255,32767,0.0,2127-15-31,0.0,0.16,26.24,0.0,0.0,0.0,0,4.828125,6,84,05:49,20:11,2025-05-12 12:53:48.972597,Città della Scienza,58.8,12.491892,11.233028,8.527764,8.760562,EU EEA Common AQI,73.8,10.950703,10.176132,7200,6.4857144,100,100,62.4,5.5542855,Very Low,73.6,11.407701,100,1747053900,Very Low,6.822211,12.017683,Very Low,9.418142,58.3,7.8285713,100,1747053900,6.9428573
2025-05-12T12:54:00Z,236,29.857,74.9,55,68.2,8,12,244,68,0.0,255,32767,0.0,2127-15-31,0.0,0.16,26.24,0.0,0.0,0.0,0,4.828125,6,84,05:49,20:11,2025-05-12 12:54:00.070602,Città della Scienza,58.8,12.491892,11.233028,8.527764,8.760562,EU EEA Common AQI,73.8,10.950703,10.176132,7200,6.4857144,100,100,62.4,5.5542855,Very Low,73.6,11.407701,100,1747053900,Very Low,6.822211,12.017683,Very Low,9.418142,58.3,7.8285713,100,1747053900,6.9428573
2025-05-12T12:54:11Z,236,29.857,74.9,55,68.2,6,12,232,68,0.0,255,32767,0.0,2127-15-31,0.0,0.16,26.24,0.0,0.0,0.0,0,4.828125,6,84,05:49,20:11,2025-05-12 12:54:11.215594,Città della Scienza,58.8,12.491892,11.233028,8.527764,8.760562,EU EEA Common AQI,73.8,10.950703,10.176132,7200,6.4857144,100,100,62.4,5.5542855,Very Low,73.6,11.407701,100,1747053900,Very Low,6.822211,12.017683,Very Low,9.418142,58.3,7.8285713,100,1747053900,6.9428573
2025-05-12T12:54:22Z,236,29.857,74.9,55,68.3,7,12,226,68,0.0,255,32767,0.0,2127-15-31,0.0,0.16,26.24,0.0,0.0,0.0,0,4.828125,6,84,05:49,20:11,2025-05-12 12:54:22.308594,Città della Scienza,58.8,12.491892,11.233028,8.527764,8.760562,EU EEA Common AQI,73.8,10.950703,10.176132,7200,6.4857144,100,100,62.4,5.5542855,Very Low,73.6,11.407701,100,1747053900,Very Low,6.822211,12.017683,Very Low,9.418142,58.3,7.8285713,100,1747053900,6.9428573
2025-05-12T12:54:33Z,236,29.857,75.0,55,68.3,8,11,243,68,0.0,255,32767,0.0,2127-15-31,0.0,0.16,26.24,0.0,0.0,0.0,0,4.828125,6,84,05:49,20:11,2025-05-12 12:54:33.372580,Città della Scienza,58.8,12.491892,11.233028,8.527764,8.760562,EU EEA Common AQI,73.8,10.950703,10.176132,7200,6.4857144,100,100,62.4,5.5542855,Very Low,73.6,11.407701,100,1747053900,Very Low,6.822211,12.017683,Very Low,9.418142,58.3,7.8285713,100,1747053900,6.9428573
2025-05-12T12:54:44Z,236,29.857,75.0,55,68.3,14,11,250,68,0.0,255,32767,0.0,2127-15-31,0.0,0.16,26.24,0.0,0.0,0.0,0,4.828125,6,84,05:49,20:11,2025-05-12 12:54:44.522599,Città della Scienza,58.8,12.491892,11.233028,8.527764,8.760562,EU EEA Common AQI,73.8,10.950703,10.176132,7200,6.4857144,100,100,62.4,5.5542855,Very Low,73.6,11.407701,100,1747053900,Very Low,6.822211,12.017683,Very Low,9.418142,58.3,7.8285713,100,1747053900,6.9428573
2025-05-12T12:54:55Z,236,29.857,75.0,55,68.3,12,11,252,68,0.0,255,32767,0.0,2127-15-31,0.0,0.16,26.24,0.0,0.0,0.0,0,4.828125,6,84,05:49,20:11,2025-05-12 12:54:55.647558,Città della Scienza,58.8,12.491892,11.233028,8.527764,8.760562,EU EEA Common AQI,73.8,10.950703,10.176132,7200,6.4857144,100,100,62.4,5.5542855,Very Low,73.6,11.407701,100,1747053900,Very Low,6.822211,12.017683,Very Low,9.418142,58.3,7.8285713,100,1747053900,6.9428573
2025-05-12T12:55:06Z,236,29.857,75.0,55,68.2,14,11,246,68,0.0,255,32767,0.0,2127-15-31,0.0,0.16,26.24,0.0,0.0,0.0,0,4.828125,6,84,05:49,20:11,2025-05-12 12:55:06.724604,Città della Scienza,58.8,12.491892,11.233028,8.527764,8.760562,EU EEA Common AQI,73.8,10.950703,10.176132,7200,6.4857144,100,100,62.4,5.5542855,Very Low,73.6,11.407701,100,1747053900,Very Low,6.822211,12.017683,Very Low,9.418142,58.3,7.8285713,100,1747053900,6.9428573
2025-05-12T12:55:18Z,236,29.857,75.0,55,68.2,14,11,247,68,0.0,255,32767,0.0,2127-15-31,0.0,0.16,26.24,0.0,0.0,0.0,0,4.828125,6,84,05:49,20:11,2025-05-12 12:55:17.819591,Città della Scienza
2025-05-12T12:55:29Z,236,29.857,75.0,55,68.2,12,11,229,68,0.0,255,32767,0.0,2127-15-31,0.0,0.16,26.24,0.0,0.0,0.0,0,4.828125,6,84,05:49,20:11,2025-05-12 12:55:28.944600,Città della Scienza
2025-05-12T12:55:40Z,236,29.855,75.0,55,68.3,12,11,243,68,0.0,255,32767,0.0,2127-15-31,0.0,0.16,26.24,0.0,0.0,0.0,0,4.828125,6,84,05:49,20:11,2025-05-12 12:55:40.019596,Città della Scienza
2025-05-12T12:55:51Z,236,29.855,75.0,55,68.3,13,11,246,68,0.0,255,32767,0.0,2127-15-31,0.0,0.16,26.24,0.0,0.0,0.0,0,4.828125,6,84,05:49,20:11,2025-05-12 12:55:51.077580,Città della Scienza
2025-05-12T12:56:02Z,236,29.855,75.0,55,68.3,13,11,241,69,0.0,255,32767,0.0,2127-15-31,0.0,0.16,26.24,0.0,0.0,0.0,0,4.828125,6,84,05:49,20:11,2025-05-12 12:56:02.147598,Città della Scienza
2025-05-12T12:56:13Z,236,29.855,75.0,55,68.3,14,11,247,69,0.0,255,32767,0.0,2127-15-31,0.0,0.16,26.24,0.0,0.0,0.0,0,4.828125,6,84,05:49,20:11,2025-05-12 12:56:13.220609,Città della Scienza
2025-05-12T12:56:24Z,236,29.855,75.0,55,68.2,13,11,247,69,0.0,255,32767,0.0,2127-15-31,0.0,0.16,26.24,0.0,0.0,0.0,0,4.828125,6,84,05:49,20:11,2025-05-12 12:56:24.293611,Città della Scienza
2025-05-12T12:56:35Z,236,29.856,75.0,55,68.3,12,11,246,69,0.0,255,32767,0.0,2127-15-31,0.0,0.16,26.24,0.0,0.0,0.0,0,4.828125,6,84,05:49,20:11,2025-05-12 12:56:35.355603,Città della Scienza
2025-05-12T12:56:46Z,236,29.856,75.0,55,68.3,10,11,254,69,0.0,255,32767,0.0,2127-15-31,0.0,0.16,26.24,0.0,0.0,0.0,0,4.828125,6,84,05:49,20:11,2025-05-12 12:56:46.420600,Città della Scienza
2025-05-12T12:56:57Z,236,29.856,75.0,55,68.3,13,11,251,69,0.0,255,32767,0.0,2127-15-31,0.0,0.16,26.24,0.0,0.0,0.0,0,4.828125,6,84,05:49,20:11,2025-05-12 12:56:57.495596,Città della Scienza
2025-05-12T12:57:08Z,236,29.856,75.0,55,68.3,13,11,258,69,0.0,255,32767,0.0,2127-15-31,0.0,0.16,26.24,0.0,0.0,0.0,0,4.828125,6,84,05:49,20:11,2025-05-12 12:57:08.621601,Città della Scienza
2025-05-12T12:57:19Z,236,29.856,75.0,55,68.2,13,11,252,69,0.0,255,32767,0.0,2127-15-31,0.0,0.16,26.24,0.0,0.0,0.0,0,4.828125,6,84,05:49,20:11,2025-05-12 12:57:19.671591,Città della Scienza
2025-05-12T12:57:30Z,236,29.856,75.0,55,68.1,12,11,253,69,0.0,255,32767,0.0,2127-15-31,0.0,0.16,26.24,0.0,0.0,0.0,0,4.828125,6,84,05:49,20:11,2025-05-12 12:57:30.761597,Città della Scienza
2025-05-12T12:57:42Z,236,29.855,75.0,55,68.1,14,12,249,69,0.0,255,32767,0.0,2127-15-31,0.0,0.16,26.24,0.0,0.0,0.0,0,4.828125,6,84,05:49,20:11,2025-05-12 12:57:41.812584,Città della Scienza
2025-05-12T12:57:53Z,236,29.855,75.0,55,68.2,11,12,240,68,0.0,255,32767,0.0,2127-15-31,0.0,0.16,26.24,0.0,0.0,0.0,0,4.828125,6,84,05:49,20:11,2025-05-12 12:57:52.908598,Città della Scienza
2025-05-12T12:58:04Z,236,29.855,75.0,55,68.2,9,12,278,68,0.0,255,32767,0.0,2127-15-31,0.0,0.16,26.24,0.0,0.0,0.0,0,4.828125,6,84,05:49,20:11,2025-05-12 12:58:03.930593,Città della Scienza
2025-05-12T12:58:15Z,236,29.855,75.0,55,68.2,12,12,250,68,0.0,255,32767,0.0,2127-15-31,0.0,0.16,26.24,0.0,0.0,0.0,0,4.828125,6,84,05:49,20:11,2025-05-12 12:58:14.985603,Città della Scienza
2025-05-12T12:58:26Z,236,29.855,75.0,55,68.2,10,12,244,68,0.0,255,32767,0.0,2127-15-31,0.0,0.16,26.24,0.0,0.0,0.0,0,4.828125,6,84,05:49,20:11,2025-05-12 12:58:26.050598,Città della Scienza
2025-05-12T12:58:37Z,236,29.852,75.0,55,68.2,13,12,252,69,0.0,255,32767,0.0,2127-15-31,0.0,0.16,26.24,0.0,0.0,0.0,0,4.828125,6,84,05:49,20:11,2025-05-12 12:58:37.105602,Città della Scienza
2025-05-12T12:58:48Z,236,29.852,75.0,55,68.2,12,12,266,69,0.0,255,32767,0.0,2127-15-31,0.0,0.16,26.24,0.0,0.0,0.0,0,4.828125,6,84,05:49,20:11,2025-05-12 12:58:48.176563,Città della Scienza
2025-05-12T12:58:59Z,236,29.852,75.0,55,68.2,12,12,233,69,0.0,255,32767,0.0,2127-15-31,0.0,0.16,26.24,0.0,0.0,0.0,0,4.828125,6,84,05:49,20:11,2025-05-12 12:58:59.261588,Città della Scienza
2025-05-12T12:59:10Z,236,29.852,75.0,55,68.2,11,12,255,69,0.0,255,32767,0.0,2127-15-31,0.0,0.16,26.24,0.0,0.0,0.0,0,4.828125,6,84,05:49,20:11,2025-05-12 12:59:10.318610,Città della Scienza
2025-05-12T12:59:21Z,236,29.852,75.0,55,68.2,13,12,246,69,0.0,255,32767,0.0,2127-15-31,0.0,0.16,26.24,0.0,0.0,0.0,0,4.828125,6,84,05:49,20:11,2025-05-12 12:59:21.381609,Città della Scienza
2025-05-12T12:59:32Z,236,29.852,75.0,55,68.2,12,12,227,70,0.0,255,32767,0.0,2127-15-31,0.0,0.16,26.24,0.0,0.0,0.0,0,4.828125,6,84,05:49,20:11,2025-05-12 12:59:32.494598,Città della Scienza
2025-05-12T12:59:43Z,236,29.855,75.0,55,68.2,12,12,256,70,0.0,255,32767,0.0,2127-15-31,0.0,0.16,26.24,0.0,0.0,0.0,0,4.828125,6,84,05:49,20:11,2025-05-12 12:59:43.605636,Città della Scienza
2025-05-12T12:59:54Z,236,29.855,75.0,55,68.2,12,12,244,70,0.0,255,32767,0.0,2127-15-31,0.0,0.16,26.24,0.0,0.0,0.0,0,4.828125,6,84,05:49,20:11,2025-05-12 12:59:54.649603,Città della Scienza
2025-05-12T13:00:05Z,236,29.855,75.0,55,68.2,12,12,257,70,0.0,255,32767,0.0,2127-15-31,0.0,0.16,26.24,0.0,0.0,0.0,0,4.828125,6,84,05:49,20:11,2025-05-12 13:00:05.747599,Città della Scienza,58.8,12.491892,11.233028,8.527764,8.760562,EU EEA Common AQI,73.8,10.950703,10.176132,7200,6.4857144,100,100,62.4,5.5542855,Very Low,73.6,11.407701,100,1747053900,Very Low,6.822211,12.017683,Very Low,9.418142,58.3,7.8285713,100,1747053900,6.9428573
2025-05-12T13:00:16Z,236,29.855,75.0,55,68.2,9,12,257,70,0.0,255,32767,0.0,2127-15-31,0.0,0.16,26.24,0.0,0.0,0.0,0,4.828125,6,84,05:49,20:11,2025-05-12 13:00:16.795588,Città della Scienza,58.8,12.491892,11.233028,8.527764,8.760562,EU EEA Common AQI,73.8,10.950703,10.176132,7200,6.4857144,100,100,62.4,5.5542855,Very Low,73.6,11.407701,100,1747053900,Very Low,6.822211,12.017683,Very Low,9.418142,58.3,7.8285713,100,1747053900,6.9428573
2025-05-12T13:00:28Z,236,29.855,75.0,55,68.2,14,12,243,70,0.0,255,32767,0.0,2127-15-31,0.0,0.16,26.24,0.0,0.0,0.0,0,4.828125,6,84,05:49,20:11,2025-05-12 13:00:27.846597,Città della Scienza,58.2,11.588691,11.258922,7.8379607,8.181531,EU EEA Common AQI,74.6,10.226914,10.203844,7200,5.637681,100,100,62.9,4.8231883,Very Low,74.3,10.574635,100,1747054800,Very Low,6.2703686,11.20303,Very Low,8.591432,58.7,6.2608695,100,1747054800,6.0289855
2025-05-12T13:00:39Z,236,29.854,75.0,55,68.1,12,12,248,70,0.0,255,32767,0.0,2127-15-31,0.0,0.16,26.24,0.0,0.0,0.0,0,4.828125,6,9,05:49,20:11,2025-05-12 13:00:38.969607,Città della Scienza,58.2,11.588691,11.258922,7.8379607,8.181531,EU EEA Common AQI,74.6,10.226914,10.203844,7200,5.637681,100,100,62.9,4.8231883,Very Low,74.3,10.574635,100,1747054800,Very Low,6.2703686,11.20303,Very Low,8.591432,58.7,6.2608695,100,1747054800,6.0289855
2025-05-12T13:00:50Z,236,29.854,75.0,55,68.1,13,12,251,70,0.0,255,32767,0.0,2127-15-31,0.0,0.16,26.24,0.0,0.0,0.0,0,4.828125,6,9,05:49,20:11,2025-05-12 13:00:50.026605,Città della Scienza,58.2,11.588691,11.258922,7.8379607,8.181531,EU EEA Common AQI,74.6,10.226914,10.203844,7200,5.637681,100,100,62.9,4.8231883,Very Low,74.3,10.574635,100,1747054800,Very Low,6.2703686,11.20303,Very Low,8.591432,58.7,6.2608695,100,1747054800,6.0289855
2025-05-12T13:01:01Z,236,29.854,75.0,55,68.2,13,12,246,70,0.0,255,32767,0.0,2127-15-31,0.0,0.16,26.24,0.0,0.0,0.0,0,4.828125,6,9,05:49,20:11,2025-05-12 13:01:01.151553,Città della Scienza,58.2,11.588691,11.258922,7.8379607,8.181531,EU EEA Common AQI,74.6,10.226914,10.203844,7200,5.637681,100,100,62.9,4.8231883,Very Low,74.3,10.574635,100,1747054800,Very Low,6.2703686,11.20303,Very Low,8.591432,58.7,6.2608695,100,1747054800,6.0289855
2025-05-12T13:01:12Z,236,29.854,75.0,55,68.1,11,12,240,70,0.0,255,32767,0.0,2127-15-31,0.0,0.16,26.24,0.0,0.0,0.0,0,4.828125,6,9,05:49,20:11,2025-05-12 13:01:12.211610,Città della Scienza,58.2,11.588691,11.258922,7.8379607,8.181531,EU EEA Common AQI,74.6,10.226914,10.203844,7200,5.637681,100,100,62.9,4.8231883,Very Low,74.3,10.574635,100,1747054800,Very Low,6.2703686,11.20303,Very Low,8.591432,58.7,6.2608695,100,1747054800,6.0289855
2025-05-12T13:01:23Z,236,29.854,75.0,55,68.2,10,12,248,68,0.0,255,32767,0.0,2127-15-31,0.0,0.16,26.24,0.0,0.0,0.0,0,4.828125,6,9,05:49,20:11,2025-05-12 13:01:23.304592,Città della Scienza,58.2,11.588691,11.258922,7.8379607,8.181531,EU EEA Common AQI,74.6,10.226914,10.203844,7200,5.637681,100,100,62.9,4.8231883,Very Low,74.3,10.574635,100,1747054800,Very Low,6.2703686,11.20303,Very Low,8.591432,58.7,6.2608695,100,1747054800,6.0289855
2025-05-12T13:01:34Z,236,29.854,75.0,55,68.2,7,12,234,68,0.0,255,32767,0.0,2127-15-31,0.0,0.16,26.24,0.0,0.0,0.0,0,4.828125,6,9,05:49,20:11,2025-05-12 13:01:34.418614,Città della Scienza,58.2,11.588691,11.258922,7.8379607,8.181531,EU EEA Common AQI,74.6,10.226914,10.203844,7200,5.637681,100,100,62.9,4.8231883,Very Low,74.3,10.574635,100,1747054800,Very Low,6.2703686,11.20303,Very Low,8.591432,58.7,6.2608695,100,1747054800,6.0289855
2025-05-12T13:01:45Z,236,29.854,75.0,55,68.2,7,12,235,68,0.0,255,32767,0.0,2127-15-31,0.0,0.16,26.24,0.0,0.0,0.0,0,4.828125,6,9,05:49,20:11,2025-05-12 13:01:45.571610,Città della Scienza,58.2,11.588691,11.258922,7.8379607,8.181531,EU EEA Common AQI,74.6,10.226914,10.203844,7200,5.637681,100,100,62.9,4.8231883,Very Low,74.3,10.574635,100,1747054800,Very Low,6.2703686,11.20303,Very Low,8.591432,58.7,6.2608695,100,1747054800,6.0289855
2025-05-12T13:01:56Z,236,29.854,75.0,55,68.2,11,12,252,68,0.0,255,32767,0.0,2127-15-31,0.0,0.16,26.24,0.0,0.0,0.0,0,4.828125,6,9,05:49,20:11,2025-05-12 13:01:56.635615,Città della Scienza,58.2,11.588691,11.258922,7.8379607,8.181531,EU EEA Common AQI,74.6,10.226914,10.203844,7200,5.637681,100,100,62.9,4.8231883,Very Low,74.3,10.574635,100,1747054800,Very Low,6.2703686,11.20303,Very Low,8.591432,58.7,6.2608695,100,1747054800,6.0289855
2025-05-12T13:02:07Z,236,29.854,75.0,55,68.2,10,12,236,70,0.0,255,32767,0.0,2127-15-31,0.0,0.16,26.24,0.0,0.0,0.0,0,4.828125,6,9,05:49,20:11,2025-05-12 13:02:07.717601,Città della Scienza,58.2,11.588691,11.258922,7.8379607,8.181531,EU EEA Common AQI,74.6,10.226914,10.203844,7200,5.637681,100,100,62.9,4.8231883,Very Low,74.3,10.574635,100,1747054800,Very Low,6.2703686,11.20303,Very Low,8.591432,58.7,6.2608695,100,1747054800,6.0289855
2025-05-12T13:02:18Z,236,29.854,75.0,55,68.3,11,12,239,70,0.0,255,32767,0.0,2127-15-31,0.0,0.16,26.24,0.0,0.0,0.0,0,4.828125,6,9,05:49,20:11,2025-05-12 13:02:18.794602,Città della Scienza,58.2,11.588691,11.258922,7.8379607,8.181531,EU EEA Common AQI,74.6,10.226914,10.203844,7200,5.637681,100,100,62.9,4.8231883,Very Low,74.3,10.574635,100,1747054800,Very Low,6.2703686,11.20303,Very Low,8.591432,58.7,6.2608695,100,1747054800,6.0289855
2025-05-12T13:02:30Z,236,29.854,75.0,55,68.3,11,12,234,70,0.0,255,32767,0.0,2127-15-31,0.0,0.16,26.24,0.0,0.0,0.0,0,4.828125,6,9,05:49,20:11,2025-05-12 13:02:29.861604,Città della Scienza,58.2,11.588691,11.258922,7.8379607,8.181531,EU EEA Common AQI,74.6,10.226914,10.203844,7200,5.637681,100,100,62.9,4.8231883,Very Low,74.3,10.574635,100,1747054800,Very Low,6.2703686,11.20303,Very Low,8.591432,58.7,6.2608695,100,1747054800,6.0289855
2025-05-12T13:02:41Z,236,29.854,75.0,55,68.3,11,12,269,70,0.0,255,32767,0.0,2127-15-31,0.0,0.16,26.24,0.0,0.0,0.0,0,4.828125,6,9,05:49,20:11,2025-05-12 13:02:40.926593,Città della Scienza,58.2,11.588691,11.258922,7.8379607,8.181531,EU EEA Common AQI,74.6,10.226914,10.203844,7200,5.637681,100,100,62.9,4.8231883,Very Low,74.3,10.574635,100,1747054800,Very Low,6.2703686,11.20303,Very Low,8.591432,58.7,6.2608695,100,1747054800,6.0289855
2025-05-12T13:02:52Z,236,29.854,75.0,55,68.3,11,12,244,70,0.0,255,32767,0.0,2127-15-31,0.0,0.16,26.24,0.0,0.0,0.0,0,4.828125,6,9,05:49,20:11,2025-05-12 13:02:52.022559,Città della Scienza,58.2,11.588691,11.258922,7.8379607,8.181531,EU EEA Common AQI,74.6,10.226914,10.203844,7200,5.637681,100,100,62.9,4.8231883,Very Low,74.3,10.574635,100,1747054800,Very Low,6.2703686,11.20303,Very Low,8.591432,58.7,6.2608695,100,1747054800,6.0289855
2025-05-12T13:03:03Z,236,29.854,75.0,55,68.3,14,12,241,70,0.0,255,32767,0.0,2127-15-31,0.0,0.16,26.24,0.0,0.0,0.0,0,4.828125,6,9,05:49,20:11,2025-05-12 13:03:03.101596,Città della Scienza,58.2,11.588691,11.258922,7.8379607,8.181531,EU EEA Common AQI,74.6,10.226914,10.203844,7200,5.637681,100,100,62.9,4.8231883,Very Low,74.3,10.574635,100,1747054800,Very Low,6.2703686,11.20303,Very Low,8.591432,58.7,6.2608695,100,1747054800,6.0289855
2025-05-12T13:03:14Z,236,29.854,75.0,55,68.2,13,12,252,70,0.0,255,32767,0.0,2127-15-31,0.0,0.16,26.24,0.0,0.0,0.0,0,4.828125,6,9,05:49,20:11,2025-05-12 13:03:14.201602,Città della Scienza,58.2,11.588691,11.258922,7.8379607,8.181531,EU EEA Common AQI,74.6,10.226914,10.203844,7200,5.637681,100,100,62.9,4.8231883,Very Low,74.3,10.574635,100,1747054800,Very Low,6.2703686,11.20303,Very Low,8.591432,58.7,6.2608695,100,1747054800,6.0289855
2025-05-12T13:03:25Z,236,29.854,75.0,55,68.2,13,12,232,70,0.0,255,32767,0.0,2127-15-31,0.0,0.16,26.24,0.0,0.0,0.0,0,4.828125,6,9,05:49,20:11,2025-05-12 13:03:25.339611,Città della Scienza,58.2,11.588691,11.258922,7.8379607,8.181531,EU EEA Common AQI,74.6,10.226914,10.203844,7200,5.637681,100,100,62.9,4.8231883,Very Low,74.3,10.574635,100,1747054800,Very Low,6.2703686,11.20303,Very Low,8.591432,58.7,6.2608695,100,1747054800,6.0289855
2025-05-12T13:03:36Z,236,29.853,74.9,55,68.3,11,12,277,70,0.0,255,32767,0.0,2127-15-31,0.0,0.16,26.24,0.0,0.0,0.0,0,4.828125,6,9,05:49,20:11,2025-05-12 13:03:36.419615,Città della Scienza,58.2,11.588691,11.258922,7.8379607,8.181531,EU EEA Common AQI,74.6,10.226914,10.203844,7200,5.637681,100,100,62.9,4.8231883,Very Low,74.3,10.574635,100,1747054800,Very Low,6.2703686,11.20303,Very Low,8.591432,58.7,6.2608695,100,1747054800,6.0289855
2025-05-12T13:03:47Z,236,29.853,74.9,55,68.2,10,12,246,70,0.0,255,32767,0.0,2127-15-31,0.0,0.16,26.24,0.0,0.0,0.0,0,4.828125,6,9,05:49,20:11,2025-05-12 13:03:47.487600,Città della Scienza,58.2,11.588691,11.258922,7.8379607,8.181531,EU EEA Common AQI,74.6,10.226914,10.203844,7200,5.637681,100,100,62.9,4.8231883,Very Low,74.3,10.574635,100,1747054800,Very Low,6.2703686,11.20303,Very Low,8.591432,58.7,6.2608695,100,1747054800,6.0289855
2025-05-12T13:03:58Z,236,29.853,74.9,55,68.2,9,12,264,70,0.0,255,32767,0.0,2127-15-31,0.0,0.16,26.24,0.0,0.0,0.0,0,4.828125,6,9,05:49,20:11,2025-05-12 13:03:58.581608,Città della Scienza,58.2,11.588691,11.258922,7.8379607,8.181531,EU EEA Common AQI,74.6,10.226914,10.203844,7200,5.637681,100,100,62.9,4.8231883,Very Low,74.3,10.574635,100,1747054800,Very Low,6.2703686,11.20303,Very Low,8.591432,58.7,6.2608695,100,1747054800,6.0289855
2025-05-12T13:04:09Z,236,29.853,74.9,55,68.2,12,12,248,70,0.0,255,32767,0.0,2127-15-31,0.0,0.16,26.24,0.0,0.0,0.0,0,4.828125,6,9,05:49,20:11,2025-05-12 13:04:09.682603,Città della Scienza,58.2,11.588691,11.258922,7.8379607,8.181531,EU EEA Common AQI,74.6,10.226914,10.203844,7200,5.637681,100,100,62.9,4.8231883,Very Low,74.3,10.574635,100,1747054800,Very Low,6.2703686,11.20303,Very Low,8.591432,58.7,6.2608695,100,1747054800,6.0289855
2025-05-12T13:04:20Z,236,29.853,74.9,55,68.2,9,12,266,70,0.0,255,32767,0.0,2127-15-31,0.0,0.16,26.24,0.0,0.0,0.0,0,4.828125,6,9,05:49,20:11,2025-05-12 13:04:20.759595,Città della Scienza,58.2,11.588691,11.258922,7.8379607,8.181531,EU EEA Common AQI,74.6,10.226914,10.203844,7200,5.637681,100,100,62.9,4.8231883,Very Low,74.3,10.574635,100,1747054800,Very Low,6.2703686,11.20303,Very Low,8.591432,58.7,6.2608695,100,1747054800,6.0289855
2025-05-12T13:04:32Z,236,29.853,74.9,55,68.2,11,12,241,70,0.0,255,32767,0.0,2127-15-31,0.0,0.16,26.24,0.0,0.0,0.0,0,4.828125,6,9,05:49,20:11,2025-05-12 13:04:31.835597,Città della Scienza,58.2,11.588691,11.258922,7.8379607,8.181531,EU EEA Common AQI,74.6,10.226914,10.203844,7200,5.637681,100,100,62.9,4.8231883,Very Low,74.3,10.574635,100,1747054800,Very Low,6.2703686,11.20303,Very Low,8.591432,58.7,6.2608695,100,1747054800,6.0289855
2025-05-12T13:04:43Z,236,29.855,75.0,55,68.2,8,12,268,70,0.0,255,32767,0.0,2127-15-31,0.0,0.16,26.24,0.0,0.0,0.0,0,4.828125,6,9,05:49,20:11,2025-05-12 13:04:42.920603,Città della Scienza,58.2,11.588691,11.258922,7.8379607,8.181531,EU EEA Common AQI,74.6,10.226914,10.203844,7200,5.637681,100,100,62.9,4.8231883,Very Low,74.3,10.574635,100,1747054800,Very Low,6.2703686,11.20303,Very Low,8.591432,58.7,6.2608695,100,1747054800,6.0289855
2025-05-12T13:04:54Z,236,29.855,75.0,55,68.2,12,12,247,70,0.0,255,32767,0.0,2127-15-31,0.0,0.16,26.24,0.0,0.0,0.0,0,4.828125,6,9,05:49,20:11,2025-05-12 13:04:54.022595,Città della Scienza,58.2,11.588691,11.258922,7.8379607,8.181531,EU EEA Common AQI,74.6,10.226914,10.203844,7200,5.637681,100,100,62.9,4.8231883,Very Low,74.3,10.574635,100,1747054800,Very Low,6.2703686,11.20303,Very Low,8.591432,58.7,6.2608695,100,1747054800,6.0289855
2025-05-12T13:05:05Z,236,29.855,75.0,55,68.2,12,12,246,70,0.0,255,32767,0.0,2127-15-31,0.0,0.16,26.24,0.0,0.0,0.0,0,4.828125,6,9,05:49,20:11,2025-05-12 13:05:05.152597,Città della Scienza,58.2,11.588691,11.258922,7.8379607,8.181531,EU EEA Common AQI,74.6,10.226914,10.203844,7200,5.637681,100,100,62.9,4.8231883,Very Low,74.3,10.574635,100,1747054800,Very Low,6.2703686,11.20303,Very Low,8.591432,58.7,6.2608695,100,1747054800,6.0289855
2025-05-12T13:05:16Z,236,29.855,75.0,55,68.2,12,12,240,70,0.0,255,32767,0.0,2127-15-31,0.0,0.16,26.24,0.0,0.0,0.0,0,4.828125,6,9,05:49,20:11,2025-05-12 13:05:16.263591,Città della Scienza,58.2,11.588691,11.258922,7.8379607,8.181531,EU EEA Common AQI,74.6,10.226914,10.203844,7200,5.637681,100,100,62.9,4.8231883,Very Low,74.3,10.574635,100,1747054800,Very Low,6.2703686,11.20303,Very Low,8.591432,58.7,6.2608695,100,1747054800,6.0289855
2025-05-12T13:05:27Z,236,29.855,75.0,55,68.2,14,12,246,70,0.0,255,32767,0.0,2127-15-31,0.0,0.16,26.24,0.0,0.0,0.0,0,4.828125,6,9,05:49,20:11,2025-05-12 13:05:27.338596,Città della Scienza,58.2,11.588691,11.258922,7.8379607,8.181531,EU EEA Common AQI,74.6,10.226914,10.203844,7200,5.637681,100,100,62.9,4.8231883,Very Low,74.3,10.574635,100,1747054800,Very Low,6.2703686,11.20303,Very Low,8.591432,58.7,6.2608695,100,1747054800,6.0289855
2025-05-12T13:05:38Z,236,29.853,75.0,55,68.2,9,12,220,70,0.0,255,32767,0.0,2127-15-31,0.0,0.16,26.24,0.0,0.0,0.0,0,4.828125,6,9,05:49,20:11,2025-05-12 13:05:38.450598,Città della Scienza,58.2,11.588691,11.258922,7.8379607,8.181531,EU EEA Common AQI,74.6,10.226914,10.203844,7200,5.637681,100,100,62.9,4.8231883,Very Low,74.3,10.574635,100,1747054800,Very Low,6.2703686,11.20303,Very Low,8.591432,58.7,6.2608695,100,1747054800,6.0289855
2025-05-12T13:05:49Z,236,29.853,75.0,55,68.2,14,12,239,70,0.0,255,32767,0.0,2127-15-31,0.0,0.16,26.24,0.0,0.0,0.0,0,4.828125,6,9,05:49,20:11,2025-05-12 13:05:49.541608,Città della Scienza,58.2,11.588691,11.258922,7.8379607,8.181531,EU EEA Common AQI,74.6,10.226914,10.203844,7200,5.637681,100,100,62.9,4.8231883,Very Low,74.3,10.574635,100,1747054800,Very Low,6.2703686,11.20303,Very Low,8.591432,58.7,6.2608695,100,1747054800,6.0289855
2025-05-12T13:06:00Z,236,29.853,75.0,55,68.2,12,12,239,70,0.0,255,32767,0.0,2127-15-31,0.0,0.16,26.24,0.0,0.0,0.0,0,4.828125,6,9,05:49,20:11,2025-05-12 13:06:00.656618,Città della Scienza,58.2,11.588691,11.258922,7.8379607,8.181531,EU EEA Common AQI,74.6,10.226914,10.203844,7200,5.637681,100,100,62.9,4.8231883,Very Low,74.3,10.574635,100,1747054800,Very Low,6.2703686,11.20303,Very Low,8.591432,58.7,6.2608695,100,1747054800,6.0289855
2025-05-12T13:06:11Z,236,29.853,75.0,55,68.2,12,12,242,70,0.0,255,32767,0.0,2127-15-31,0.0,0.16,26.24,0.0,0.0,0.0,0,4.828125,6,9,05:49,20:11,2025-05-12 13:06:11.755607,Città della Scienza,58.2,11.588691,11.258922,7.8379607,8.181531,EU EEA Common AQI,74.6,10.226914,10.203844,7200,5.637681,100,100,62.9,4.8231883,Very Low,74.3,10.574635,100,1747054800,Very Low,6.2703686,11.20303,Very Low,8.591432,58.7,6.2608695,100,1747054800,6.0289855
2025-05-12T13:06:23Z,236,29.853,75.0,55,68.2,9,12,234,70,0.0,255,32767,0.0,2127-15-31,0.0,0.16,26.24,0.0,0.0,0.0,0,4.828125,6,9,05:49,20:11,2025-05-12 13:06:22.801599,Città della Scienza,58.2,11.588691,11.258922,7.8379607,8.181531,EU EEA Common AQI,74.6,10.226914,10.203844,7200,5.637681,100,100,62.9,4.8231883,Very Low,74.3,10.574635,100,1747054800,Very Low,6.2703686,11.20303,Very Low,8.591432,58.7,6.2608695,100,1747054800,6.0289855
2025-05-12T13:06:34Z,236,29.853,75.0,55,68.2,11,12,248,70,0.0,255,32767,0.0,2127-15-31,0.0,0.16,26.24,0.0,0.0,0.0,0,4.828125,6,9,05:49,20:11,2025-05-12 13:06:33.873603,Città della Scienza,58.2,11.588691,11.258922,7.8379607,8.181531,EU EEA Common AQI,74.6,10.226914,10.203844,7200,5.637681,100,100,62.9,4.8231883,Very Low,74.3,10.574635,100,1747054800,Very Low,6.2703686,11.20303,Very Low,8.591432,58.7,6.2608695,100,1747054800,6.0289855
2025-05-12T13:06:45Z,236,29.853,75.0,55,68.2,12,12,247,70,0.0,255,32767,0.0,2127-15-31,0.0,0.16,26.24,0.0,0.0,0.0,0,4.828125,6,9,05:49,20:11,2025-05-12 13:06:44.950594,Città della Scienza,58.2,11.588691,11.258922,7.8379607,8.181531,EU EEA Common AQI,74.6,10.226914,10.203844,7200,5.637681,100,100,62.9,4.8231883,Very Low,74.3,10.574635,100,1747054800,Very Low,6.2703686,11.20303,Very Low,8.591432,58.7,6.2608695,100,1747054800,6.0289855
2025-05-12T13:06:56Z,236,29.853,75.0,55,68.1,11,12,262,70,0.0,255,32767,0.0,2127-15-31,0.0,0.16,26.24,0.0,0.0,0.0,0,4.828125,6,9,05:49,20:11,2025-05-12 13:06:56.042609,Città della Scienza,58.2,11.588691,11.258922,7.8379607,8.181531,EU EEA Common AQI,74.6,10.226914,10.203844,7200,5.637681,100,100,62.9,4.8231883,Very Low,74.3,10.574635,100,1747054800,Very Low,6.2703686,11.20303,Very Low,8.591432,58.7,6.2608695,100,1747054800,6.0289855
2025-05-12T13:07:07Z,236,29.853,75.0,55,68.2,15,12,240,70,0.0,255,32767,0.0,2127-15-31,0.0,0.16,26.24,0.0,0.0,0.0,0,4.828125,6,9,05:49,20:11,2025-05-12 13:07:07.117604,Città della Scienza,58.2,11.588691,11.258922,7.8379607,8.181531,EU EEA Common AQI,74.6,10.226914,10.203844,7200,5.637681,100,100,62.9,4.8231883,Very Low,74.3,10.574635,100,1747054800,Very Low,6.2703686,11.20303,Very Low,8.591432,58.7,6.2608695,100,1747054800,6.0289855
2025-05-12T13:07:18Z,236,29.853,75.0,55,68.1,14,12,242,70,0.0,255,32767,0.0,2127-15-31,0.0,0.16,26.24,0.0,0.0,0.0,0,4.828125,6,9,05:49,20:11,2025-05-12 13:07:18.233604,Città della Scienza,58.2,11.588691,11.258922,7.8379607,8.181531,EU EEA Common AQI,74.6,10.226914,10.203844,7200,5.637681,100,100,62.9,4.8231883,Very Low,74.3,10.574635,100,1747054800,Very Low,6.2703686,11.20303,Very Low,8.591432,58.7,6.2608695,100,1747054800,6.0289855
2025-05-12T13:07:29Z,236,29.853,75.0,55,68.1,11,12,240,69,0.0,255,32767,0.0,2127-15-31,0.0,0.16,26.24,0.0,0.0,0.0,0,4.828125,6,9,05:49,20:11,2025-05-12 13:07:29.312593,Città della Scienza,58.2,11.588691,11.258922,7.8379607,8.181531,EU EEA Common AQI,74.6,10.226914,10.203844,7200,5.637681,100,100,62.9,4.8231883,Very Low,74.3,10.574635,100,1747054800,Very Low,6.2703686,11.20303,Very Low,8.591432,58.7,6.2608695,100,1747054800,6.0289855
2025-05-12T13:07:40Z,236,29.851,75.0,55,68.1,13,12,244,69,0.0,255,32767,0.0,2127-15-31,0.0,0.16,26.24,0.0,0.0,0.0,0,4.828125,6,9,05:49,20:11,2025-05-12 13:07:40.390622,Città della Scienza,58.2,11.588691,11.258922,7.8379607,8.181531,EU EEA Common AQI,74.6,10.226914,10.203844,7200,5.637681,100,100,62.9,4.8231883,Very Low,74.3,10.574635,100,1747054800,Very Low,6.2703686,11.20303,Very Low,8.591432,58.7,6.2608695,100,1747054800,6.0289855
2025-05-12T13:07:51Z,236,29.851,75.0,55,68.1,13,12,251,69,0.0,255,32767,0.0,2127-15-31,0.0,0.16,26.24,0.0,0.0,0.0,0,4.828125,6,9,05:49,20:11,2025-05-12 13:07:51.470604,Città della Scienza,58.2,11.588691,11.258922,7.8379607,8.181531,EU EEA Common AQI,74.6,10.226914,10.203844,7200,5.637681,100,100,62.9,4.8231883,Very Low,74.3,10.574635,100,1747054800,Very Low,6.2703686,11.20303,Very Low,8.591432,58.7,6.2608695,100,1747054800,6.0289855
2025-05-12T13:08:16Z,236,29.851,75.0,55,68.1,15,12,242,69,0.0,255,32767,0.0,2127-15-31,0.0,0.16,26.24,0.0,0.0,0.0,0,4.828125,6,9,05:49,20:11,2025-05-12 13:08:16.099602,Città della Scienza,58.2,11.588691,11.258922,7.8379607,8.181531,EU EEA Common AQI,74.6,10.226914,10.203844,7200,5.637681,100,100,62.9,4.8231883,Very Low,74.3,10.574635,100,1747054800,Very Low,6.2703686,11.20303,Very Low,8.591432,58.7,6.2608695,100,1747054800,6.0289855
2025-05-12T13:08:27Z,236,29.851,75.0,55,68.0,11,12,259,69,0.0,255,32767,0.0,2127-15-31,0.0,0.16,26.24,0.0,0.0,0.0,0,4.828125,6,9,05:49,20:11,2025-05-12 13:08:27.185596,Città della Scienza,58.2,11.588691,11.258922,7.8379607,8.181531,EU EEA Common AQI,74.6,10.226914,10.203844,7200,5.637681,100,100,62.9,4.8231883,Very Low,74.3,10.574635,100,1747054800,Very Low,6.2703686,11.20303,Very Low,8.591432,58.7,6.2608695,100,1747054800,6.0289855
2025-05-12T13:08:38Z,236,29.853,75.0,55,68.1,12,12,240,69,0.0,255,32767,0.0,2127-15-31,0.0,0.16,26.24,0.0,0.0,0.0,0,4.828125,6,9,05:49,20:11,2025-05-12 13:08:38.277610,Città della Scienza,58.2,11.588691,11.258922,7.8379607,8.181531,EU EEA Common AQI,74.6,10.226914,10.203844,7200,5.637681,100,100,62.9,4.8231883,Very Low,74.3,10.574635,100,1747054800,Very Low,6.2703686,11.20303,Very Low,8.591432,58.7,6.2608695,100,1747054800,6.0289855
2025-05-12T13:08:49Z,236,29.853,75.0,55,68.0,13,12,242,69,0.0,255,32767,0.0,2127-15-31,0.0,0.16,26.24,0.0,0.0,0.0,0,4.828125,6,9,05:49,20:11,2025-05-12 13:08:49.338600,Città della Scienza,58.2,11.588691,11.258922,7.8379607,8.181531,EU EEA Common AQI,74.6,10.226914,10.203844,7200,5.637681,100,100,62.9,4.8231883,Very Low,74.3,10.574635,100,1747054800,Very Low,6.2703686,11.20303,Very Low,8.591432,58.7,6.2608695,100,1747054800,6.0289855
2025-05-12T13:09:00Z,236,29.853,75.0,55,68.0,12,12,239,69,0.0,255,32767,0.0,2127-15-31,0.0,0.16,26.24,0.0,0.0,0.0,0,4.828125,6,9,05:49,20:11,2025-05-12 13:09:00.428601,Città della Scienza,58.2,11.588691,11.258922,7.8379607,8.181531,EU EEA Common AQI,74.6,10.226914,10.203844,7200,5.637681,100,100,62.9,4.8231883,Very Low,74.3,10.574635,100,1747054800,Very Low,6.2703686,11.20303,Very Low,8.591432,58.7,6.2608695,100,1747054800,6.0289855
2025-05-12T13:09:11Z,236,29.853,75.0,55,68.0,14,12,244,69,0.0,255,32767,0.0,2127-15-31,0.0,0.16,26.24,0.0,0.0,0.0,0,4.828125,6,9,05:49,20:11,2025-05-12 13:09:11.533597,Città della Scienza,58.2,11.588691,11.258922,7.8379607,8.181531,EU EEA Common AQI,74.6,10.226914,10.203844,7200,5.637681,100,100,62.9,4.8231883,Very Low,74.3,10.574635,100,1747054800,Very Low,6.2703686,11.20303,Very Low,8.591432,58.7,6.2608695,100,1747054800,6.0289855
2025-05-12T13:09:22Z,236,29.853,75.0,55,68.0,15,12,244,69,0.0,255,32767,0.0,2127-15-31,0.0,0.16,26.24,0.0,0.0,0.0,0,4.828125,6,9,05:49,20:11,2025-05-12 13:09:22.608624,Città della Scienza,58.2,11.588691,11.258922,7.8379607,8.181531,EU EEA Common AQI,74.6,10.226914,10.203844,7200,5.637681,100,100,62.9,4.8231883,Very Low,74.3,10.574635,100,1747054800,Very Low,6.2703686,11.20303,Very Low,8.591432,58.7,6.2608695,100,1747054800,6.0289855
2025-05-12T13:09:33Z,236,29.852,75.0,55,68.0,14,12,245,69,0.0,255,32767,0.0,2127-15-31,0.0,0.16,26.24,0.0,0.0,0.0,0,4.828125,6,9,05:49,20:11,2025-05-12 13:09:33.724567,Città della Scienza,58.2,11.588691,11.258922,7.8379607,8.181531,EU EEA Common AQI,74.6,10.226914,10.203844,7200,5.637681,100,100,62.9,4.8231883,Very Low,74.3,10.574635,100,1747054800,Very Low,6.2703686,11.20303,Very Low,8.591432,58.7,6.2608695,100,1747054800,6.0289855
2025-05-12T13:09:44Z,236,29.852,75.0,55,68.0,9,12,225,69,0.0,255,32767,0.0,2127-15-31,0.0,0.16,26.24,0.0,0.0,0.0,0,4.828125,6,9,05:49,20:11,2025-05-12 13:09:44.794585,Città della Scienza,58.2,11.588691,11.258922,7.8379607,8.181531,EU EEA Common AQI,74.6,10.226914,10.203844,7200,5.637681,100,100,62.9,4.8231883,Very Low,74.3,10.574635,100,1747054800,Very Low,6.2703686,11.20303,Very Low,8.591432,58.7,6.2608695,100,1747054800,6.0289855
2025-05-12T13:09:56Z,236,29.852,75.0,55,68.0,14,12,244,69,0.0,255,32767,0.0,2127-15-31,0.0,0.16,26.24,0.0,0.0,0.0,0,4.828125,6,9,05:49,20:11,2025-05-12 13:09:55.877600,Città della Scienza,58.2,11.588691,11.258922,7.8379607,8.181531,EU EEA Common AQI,74.6,10.226914,10.203844,7200,5.637681,100,100,62.9,4.8231883,Very Low,74.3,10.574635,100,1747054800,Very Low,6.2703686,11.20303,Very Low,8.591432,58.7,6.2608695,100,1747054800,6.0289855
2025-05-12T13:10:07Z,236,29.852,75.0,55,67.9,13,12,245,69,0.0,255,32767,0.0,2127-15-31,0.0,0.16,26.24,0.0,0.0,0.0,0,4.828125,6,9,05:49,20:11,2025-05-12 13:10:07.015594,Città della Scienza,58.2,11.588691,11.258922,7.8379607,8.181531,EU EEA Common AQI,74.6,10.226914,10.203844,7200,5.637681,100,100,62.9,4.8231883,Very Low,74.3,10.574635,100,1747054800,Very Low,6.2703686,11.20303,Very Low,8.591432,58.7,6.2608695,100,1747054800,6.0289855
2025-05-12T13:10:18Z,236,29.852,75.0,55,68.0,12,12,253,69,0.0,255,32767,0.0,2127-15-31,0.0,0.16,26.24,0.0,0.0,0.0,0,4.828125,6,9,05:49,20:11,2025-05-12 13:10:18.104564,Città della Scienza,58.2,11.588691,11.258922,7.8379607,8.181531,EU EEA Common AQI,74.6,10.226914,10.203844,7200,5.637681,100,100,62.9,4.8231883,Very Low,74.3,10.574635,100,1747054800,Very Low,6.2703686,11.20303,Very Low,8.591432,58.7,6.2608695,100,1747054800,6.0289855
2025-05-12T13:10:29Z,236,29.852,75.0,55,68.0,12,12,242,69,0.0,255,32767,0.0,2127-15-31,0.0,0.16,26.24,0.0,0.0,0.0,0,4.828125,6,9,05:49,20:11,2025-05-12 13:10:29.183597,Città della Scienza,58.2,11.588691,11.258922,7.8379607,8.181531,EU EEA Common AQI,74.6,10.226914,10.203844,7200,5.637681,100,100,62.9,4.8231883,Very Low,74.3,10.574635,100,1747054800,Very Low,6.2703686,11.20303,Very Low,8.591432,58.7,6.2608695,100,1747054800,6.0289855
2025-05-12T13:10:40Z,236,29.852,75.0,55,67.9,14,12,242,69,0.0,255,32767,0.0,2127-15-31,0.0,0.16,26.24,0.0,0.0,0.0,0,4.828125,6,9,05:49,20:11,2025-05-12 13:10:40.257601,Città della Scienza,58.2,11.588691,11.258922,7.8379607,8.181531,EU EEA Common AQI,74.6,10.226914,10.203844,7200,5.637681,100,100,62.9,4.8231883,Very Low,74.3,10.574635,100,1747054800,Very Low,6.2703686,11.20303,Very Low,8.591432,58.7,6.2608695,100,1747054800,6.0289855
2025-05-12T13:10:51Z,236,29.852,75.0,55,67.9,14,12,251,69,0.0,255,32767,0.0,2127-15-31,0.0,0.16,26.24,0.0,0.0,0.0,0,4.828125,6,9,05:49,20:11,2025-05-12 13:10:51.316592,Città della Scienza,58.2,11.588691,11.258922,7.8379607,8.181531,EU EEA Common AQI,74.6,10.226914,10.203844,7200,5.637681,100,100,62.9,4.8231883,Very Low,74.3,10.574635,100,1747054800,Very Low,6.2703686,11.20303,Very Low,8.591432,58.7,6.2608695,100,1747054800,6.0289855
2025-05-12T13:11:02Z,236,29.852,75.0,55,67.9,12,12,247,69,0.0,255,32767,0.0,2127-15-31,0.0,0.16,26.24,0.0,0.0,0.0,0,4.828125,6,9,05:49,20:11,2025-05-12 13:11:02.384604,Città della Scienza,58.2,11.588691,11.258922,7.8379607,8.181531,EU EEA Common AQI,74.6,10.226914,10.203844,7200,5.637681,100,100,62.9,4.8231883,Very Low,74.3,10.574635,100,1747054800,Very Low,6.2703686,11.20303,Very Low,8.591432,58.7,6.2608695,100,1747054800,6.0289855
2025-05-12T13:11:13Z,236,29.852,75.0,55,67.9,11,12,250,69,0.0,255,32767,0.0,2127-15-31,0.0,0.16,26.24,0.0,0.0,0.0,0,4.828125,6,9,05:49,20:11,2025-05-12 13:11:13.458604,Città della Scienza,58.2,11.588691,11.258922,7.8379607,8.181531,EU EEA Common AQI,74.6,10.226914,10.203844,7200,5.637681,100,100,62.9,4.8231883,Very Low,74.3,10.574635,100,1747054800,Very Low,6.2703686,11.20303,Very Low,8.591432,58.7,6.2608695,100,1747054800,6.0289855
2025-05-12T13:11:24Z,236,29.852,75.0,55,67.9,12,12,279,69,0.0,255,32767,0.0,2127-15-31,0.0,0.16,26.24,0.0,0.0,0.0,0,4.828125,6,9,05:49,20:11,2025-05-12 13:11:24.515595,Città della Scienza,58.2,11.588691,11.258922,7.8379607,8.181531,EU EEA Common AQI,74.6,10.226914,10.203844,7200,5.637681,100,100,62.9,4.8231883,Very Low,74.3,10.574635,100,1747054800,Very Low,6.2703686,11.20303,Very Low,8.591432,58.7,6.2608695,100,1747054800,6.0289855
2025-05-12T13:11:35Z,236,29.851,75.0,55,68.0,8,12,257,69,0.0,255,32767,0.0,2127-15-31,0.0,0.16,26.24,0.0,0.0,0.0,0,4.828125,6,9,05:49,20:11,2025-05-12 13:11:35.591592,Città della Scienza,58.2,11.588691,11.258922,7.8379607,8.181531,EU EEA Common AQI,74.6,10.226914,10.203844,7200,5.637681,100,100,62.9,4.8231883,Very Low,74.3,10.574635,100,1747054800,Very Low,6.2703686,11.20303,Very Low,8.591432,58.7,6.2608695,100,1747054800,6.0289855
2025-05-12T13:11:46Z,236,29.851,75.0,55,68.0,12,12,240,69,0.0,255,32767,0.0,2127-15-31,0.0,0.16,26.24,0.0,0.0,0.0,0,4.828125,6,9,05:49,20:11,2025-05-12 13:11:46.663594,Città della Scienza,58.2,11.588691,11.258922,7.8379607,8.181531,EU EEA Common AQI,74.6,10.226914,10.203844,7200,5.637681,100,100,62.9,4.8231883,Very Low,74.3,10.574635,100,1747054800,Very Low,6.2703686,11.20303,Very Low,8.591432,58.7,6.2608695,100,1747054800,6.0289855
2025-05-12T13:11:57Z,236,29.851,75.0,55,68.0,13,12,246,69,0.0,255,32767,0.0,2127-15-31,0.0,0.16,26.24,0.0,0.0,0.0,0,4.828125,6,9,05:49,20:11,2025-05-12 13:11:57.746606,Città della Scienza,58.2,11.588691,11.258922,7.8379607,8.181531,EU EEA Common AQI,74.6,10.226914,10.203844,7200,5.637681,100,100,62.9,4.8231883,Very Low,74.3,10.574635,100,1747054800,Very Low,6.2703686,11.20303,Very Low,8.591432,58.7,6.2608695,100,1747054800,6.0289855
2025-05-12T13:12:08Z,236,29.851,75.0,55,68.0,14,12,239,69,0.0,255,32767,0.0,2127-15-31,0.0,0.16,26.24,0.0,0.0,0.0,0,4.828125,6,9,05:49,20:11,2025-05-12 13:12:08.787591,Città della Scienza,58.2,11.588691,11.258922,7.8379607,8.181531,EU EEA Common AQI,74.6,10.226914,10.203844,7200,5.637681,100,100,62.9,4.8231883,Very Low,74.3,10.574635,100,1747054800,Very Low,6.2703686,11.20303,Very Low,8.591432,58.7,6.2608695,100,1747054800,6.0289855
2025-05-12T13:12:20Z,236,29.851,75.0,55,68.0,13,12,254,69,0.0,255,32767,0.0,2127-15-31,0.0,0.16,26.24,0.0,0.0,0.0,0,4.828125,6,9,05:49,20:11,2025-05-12 13:12:19.831604,Città della Scienza,58.2,11.588691,11.258922,7.8379607,8.181531,EU EEA Common AQI,74.6,10.226914,10.203844,7200,5.637681,100,100,62.9,4.8231883,Very Low,74.3,10.574635,100,1747054800,Very Low,6.2703686,11.20303,Very Low,8.591432,58.7,6.2608695,100,1747054800,6.0289855
2025-05-12T13:12:31Z,236,29.851,75.0,55,68.1,14,12,236,69,0.0,255,32767,0.0,2127-15-31,0.0,0.16,26.24,0.0,0.0,0.0,0,4.828125,6,9,05:49,20:11,2025-05-12 13:12:30.887595,Città della Scienza,58.2,11.588691,11.258922,7.8379607,8.181531,EU EEA Common AQI,74.6,10.226914,10.203844,7200,5.637681,100,100,62.9,4.8231883,Very Low,74.3,10.574635,100,1747054800,Very Low,6.2703686,11.20303,Very Low,8.591432,58.7,6.2608695,100,1747054800,6.0289855
2025-05-12T13:12:42Z,236,29.852,75.0,55,68.0,13,12,238,69,0.0,255,32767,0.0,2127-15-31,0.0,0.16,26.24,0.0,0.0,0.0,0,4.828125,6,9,05:49,20:11,2025-05-12 13:12:41.977598,Città della Scienza,58.2,11.588691,11.258922,7.8379607,8.181531,EU EEA Common AQI,74.6,10.226914,10.203844,7200,5.637681,100,100,62.9,4.8231883,Very Low,74.3,10.574635,100,1747054800,Very Low,6.2703686,11.20303,Very Low,8.591432,58.7,6.2608695,100,1747054800,6.0289855
2025-05-12T13:12:53Z,236,29.852,75.0,55,68.1,11,12,234,69,0.0,255,32767,0.0,2127-15-31,0.0,0.16,26.24,0.0,0.0,0.0,0,4.828125,6,9,05:49,20:11,2025-05-12 13:12:53.067591,Città della Scienza,58.2,11.588691,11.258922,7.8379607,8.181531,EU EEA Common AQI,74.6,10.226914,10.203844,7200,5.637681,100,100,62.9,4.8231883,Very Low,74.3,10.574635,100,1747054800,Very Low,6.2703686,11.20303,Very Low,8.591432,58.7,6.2608695,100,1747054800,6.0289855
2025-05-12T13:13:04Z,236,29.852,75.0,55,68.1,14,12,241,69,0.0,255,32767,0.0,2127-15-31,0.0,0.16,26.24,0.0,0.0,0.0,0,4.828125,6,9,05:49,20:11,2025-05-12 13:13:04.166593,Città della Scienza,58.2,11.588691,11.258922,7.8379607,8.181531,EU EEA Common AQI,74.6,10.226914,10.203844,7200,5.637681,100,100,62.9,4.8231883,Very Low,74.3,10.574635,100,1747054800,Very Low,6.2703686,11.20303,Very Low,8.591432,58.7,6.2608695,100,1747054800,6.0289855
2025-05-12T13:13:15Z,236,29.852,75.0,55,68.0,8,12,264,69,0.0,255,32767,0.0,2127-15-31,0.0,0.16,26.24,0.0,0.0,0.0,0,4.828125,6,9,05:49,20:11,2025-05-12 13:13:15.228592,Città della Scienza,58.2,11.588691,11.258922,7.8379607,8.181531,EU EEA Common AQI,74.6,10.226914,10.203844,7200,5.637681,100,100,62.9,4.8231883,Very Low,74.3,10.574635,100,1747054800,Very Low,6.2703686,11.20303,Very Low,8.591432,58.7,6.2608695,100,1747054800,6.0289855
2025-05-12T13:13:26Z,236,29.852,75.0,55,68.0,13,12,241,69,0.0,255,32767,0.0,2127-15-31,0.0,0.16,26.24,0.0,0.0,0.0,0,4.828125,6,9,05:49,20:11,2025-05-12 13:13:26.356601,Città della Scienza,58.2,11.588691,11.258922,7.8379607,8.181531,EU EEA Common AQI,74.6,10.226914,10.203844,7200,5.637681,100,100,62.9,4.8231883,Very Low,74.3,10.574635,100,1747054800,Very Low,6.2703686,11.20303,Very Low,8.591432,58.7,6.2608695,100,1747054800,6.0289855
2025-05-12T13:13:37Z,236,29.852,75.0,55,68.0,14,12,244,69,0.0,255,32767,0.0,2127-15-31,0.0,0.16,26.24,0.0,0.0,0.0,0,4.828125,6,9,05:49,20:11,2025-05-12 13:13:37.460594,Città della Scienza,58.2,11.588691,11.258922,7.8379607,8.181531,EU EEA Common AQI,74.6,10.226914,10.203844,7200,5.637681,100,100,62.9,4.8231883,Very Low,74.3,10.574635,100,1747054800,Very Low,6.2703686,11.20303,Very Low,8.591432,58.7,6.2608695,100,1747054800,6.0289855
2025-05-12T13:13:48Z,236,29.852,75.0,55,68.0,12,12,240,69,0.0,255,32767,0.0,2127-15-31,0.0,0.16,26.24,0.0,0.0,0.0,0,4.828125,6,9,05:49,20:11,2025-05-12 13:13:48.557605,Città della Scienza,58.2,11.588691,11.258922,7.8379607,8.181531,EU EEA Common AQI,74.6,10.226914,10.203844,7200,5.637681,100,100,62.9,4.8231883,Very Low,74.3,10.574635,100,1747054800,Very Low,6.2703686,11.20303,Very Low,8.591432,58.7,6.2608695,100,1747054800,6.0289855
2025-05-12T13:13:59Z,236,29.852,75.0,55,68.0,12,12,235,69,0.0,255,32767,0.0,2127-15-31,0.0,0.16,26.24,0.0,0.0,0.0,0,4.828125,6,9,05:49,20:11,2025-05-12 13:13:59.672606,Città della Scienza,58.2,11.588691,11.258922,7.8379607,8.181531,EU EEA Common AQI,74.6,10.226914,10.203844,7200,5.637681,100,100,62.9,4.8231883,Very Low,74.3,10.574635,100,1747054800,Very Low,6.2703686,11.20303,Very Low,8.591432,58.7,6.2608695,100,1747054800,6.0289855
2025-05-12T13:14:10Z,236,29.852,75.0,55,68.0,13,12,244,69,0.0,255,32767,0.0,2127-15-31,0.0,0.16,26.24,0.0,0.0,0.0,0,4.828125,6,9,05:49,20:11,2025-05-12 13:14:10.757618,Città della Scienza,58.2,11.588691,11.258922,7.8379607,8.181531,EU EEA Common AQI,74.6,10.226914,10.203844,7200,5.637681,100,100,62.9,4.8231883,Very Low,74.3,10.574635,100,1747054800,Very Low,6.2703686,11.20303,Very Low,8.591432,58.7,6.2608695,100,1747054800,6.0289855
2025-05-12T13:14:22Z,236,29.852,75.0,55,68.0,15,12,244,68,0.0,255,32767,0.0,2127-15-31,0.0,0.16,26.24,0.0,0.0,0.0,0,4.828125,6,9,05:49,20:11,2025-05-12 13:14:21.807621,Città della Scienza,58.2,11.588691,11.258922,7.8379607,8.181531,EU EEA Common AQI,74.6,10.226914,10.203844,7200,5.637681,100,100,62.9,4.8231883,Very Low,74.3,10.574635,100,1747054800,Very Low,6.2703686,11.20303,Very Low,8.591432,58.7,6.2608695,100,1747054800,6.0289855
2025-05-12T13:14:33Z,236,29.852,75.0,55,68.0,14,13,241,68,0.0,255,32767,0.0,2127-15-31,0.0,0.16,26.24,0.0,0.0,0.0,0,4.828125,6,9,05:49,20:11,2025-05-12 13:14:33.143610,Città della Scienza,58.2,11.588691,11.258922,7.8379607,8.181531,EU EEA Common AQI,74.6,10.226914,10.203844,7200,5.637681,100,100,62.9,4.8231883,Very Low,74.3,10.574635,100,1747054800,Very Low,6.2703686,11.20303,Very Low,8.591432,58.7,6.2608695,100,1747054800,6.0289855
2025-05-12T13:14:44Z,236,29.851,75.0,55,68.0,14,13,237,68,0.0,255,32767,0.0,2127-15-31,0.0,0.16,26.24,0.0,0.0,0.0,0,4.828125,6,9,05:49,20:11,2025-05-12 13:14:44.209619,Città della Scienza,58.2,11.588691,11.258922,7.8379607,8.181531,EU EEA Common AQI,74.6,10.226914,10.203844,7200,5.637681,100,100,62.9,4.8231883,Very Low,74.3,10.574635,100,1747054800,Very Low,6.2703686,11.20303,Very Low,8.591432,58.7,6.2608695,100,1747054800,6.0289855
2025-05-12T13:14:55Z,236,29.851,75.0,55,68.0,13,13,232,68,0.0,255,32767,0.0,2127-15-31,0.0,0.16,26.24,0.0,0.0,0.0,0,4.828125,6,9,05:49,20:11,2025-05-12 13:14:55.271603,Città della Scienza,58.2,11.588691,11.258922,7.8379607,8.181531,EU EEA Common AQI,74.6,10.226914,10.203844,7200,5.637681,100,100,62.9,4.8231883,Very Low,74.3,10.574635,100,1747054800,Very Low,6.2703686,11.20303,Very Low,8.591432,58.7,6.2608695,100,1747054800,6.0289855
2025-05-12T13:15:06Z,236,29.851,75.0,55,67.9,12,13,242,68,0.0,255,32767,0.0,2127-15-31,0.0,0.16,26.24,0.0,0.0,0.0,0,4.828125,6,9,05:49,20:11,2025-05-12 13:15:06.364602,Città della Scienza,58.2,11.588691,11.258922,7.8379607,8.181531,EU EEA Common AQI,74.6,10.226914,10.203844,7200,5.637681,100,100,62.9,4.8231883,Very Low,74.3,10.574635,100,1747054800,Very Low,6.2703686,11.20303,Very Low,8.591432,58.7,6.2608695,100,1747054800,6.0289855
2025-05-12T13:15:17Z,236,29.851,75.0,55,67.9,12,13,249,69,0.0,255,32767,0.0,2127-15-31,0.0,0.16,26.24,0.0,0.0,0.0,0,4.828125,6,9,05:49,20:11,2025-05-12 13:15:17.434601,Città della Scienza,58.2,11.588691,11.258922,7.8379607,8.181531,EU EEA Common AQI,74.6,10.226914,10.203844,7200,5.637681,100,100,62.9,4.8231883,Very Low,74.3,10.574635,100,1747054800,Very Low,6.2703686,11.20303,Very Low,8.591432,58.7,6.2608695,100,1747054800,6.0289855
2025-05-12T13:15:28Z,236,29.851,75.0,55,67.9,10,13,255,69,0.0,255,32767,0.0,2127-15-31,0.0,0.16,26.24,0.0,0.0,0.0,0,4.828125,6,9,05:49,20:11,2025-05-12 13:15:28.524600,Città della Scienza,54.5,10.871027,11.287686,7.103688,7.6918035,EU EEA Common AQI,74.6,9.614755,10.234187,7200,4.710145,100,100,61.7,3.965217,Very Low,74.5,9.901134,100,1747055700,Very Low,5.68295,10.54729,Very Low,7.813458,57.0,5.2173915,100,1747055700,4.9565215
2025-05-12T13:15:39Z,236,29.849,75.0,55,68.0,8,13,245,69,0.0,255,32767,0.0,2127-15-31,0.0,0.16,26.24,0.0,0.0,0.0,0,4.828125,6,9,05:49,20:11,2025-05-12 13:15:39.622606,Città della Scienza,54.5,10.871027,11.287686,7.103688,7.6918035,EU EEA Common AQI,74.6,9.614755,10.234187,7200,4.710145,100,100,61.7,3.965217,Very Low,74.5,9.901134,100,1747055700,Very Low,5.68295,10.54729,Very Low,7.813458,57.0,5.2173915,100,1747055700,4.9565215
2025-05-12T13:15:50Z,236,29.849,75.0,55,67.9,13,13,243,69,0.0,255,32767,0.0,2127-15-31,0.0,0.16,26.24,0.0,0.0,0.0,0,4.828125,6,9,05:49,20:11,2025-05-12 13:15:50.690600,Città della Scienza,54.5,10.871027,11.287686,7.103688,7.6918035,EU EEA Common AQI,74.6,9.614755,10.234187,7200,4.710145,100,100,61.7,3.965217,Very Low,74.5,9.901134,100,1747055700,Very Low,5.68295,10.54729,Very Low,7.813458,57.0,5.2173915,100,1747055700,4.9565215
2025-05-12T13:16:01Z,236,29.849,75.0,55,68.0,13,13,249,69,0.0,255,32767,0.0,2127-15-31,0.0,0.16,26.24,0.0,0.0,0.0,0,4.828125,6,9,05:49,20:11,2025-05-12 13:16:01.741612,Città della Scienza,54.5,10.871027,11.287686,7.103688,7.6918035,EU EEA Common AQI,74.6,9.614755,10.234187,7200,4.710145,100,100,61.7,3.965217,Very Low,74.5,9.901134,100,1747055700,Very Low,5.68295,10.54729,Very Low,7.813458,57.0,5.2173915,100,1747055700,4.9565215
2025-05-12T13:16:13Z,236,29.849,75.0,55,68.0,12,13,258,68,0.0,255,32767,0.0,2127-15-31,0.0,0.16,26.24,0.0,0.0,0.0,0,4.828125,6,9,05:49,20:11,2025-05-12 13:16:12.838591,Città della Scienza,54.5,10.871027,11.287686,7.103688,7.6918035,EU EEA Common AQI,74.6,9.614755,10.234187,7200,4.710145,100,100,61.7,3.965217,Very Low,74.5,9.901134,100,1747055700,Very Low,5.68295,10.54729,Very Low,7.813458,57.0,5.2173915,100,1747055700,4.9565215
2025-05-12T13:16:24Z,236,29.849,75.0,55,68.0,13,13,242,68,0.0,255,32767,0.0,2127-15-31,0.0,0.16,26.24,0.0,0.0,0.0,0,4.828125,6,9,05:49,20:11,2025-05-12 13:16:23.950556,Città della Scienza,54.5,10.871027,11.287686,7.103688,7.6918035,EU EEA Common AQI,74.6,9.614755,10.234187,7200,4.710145,100,100,61.7,3.965217,Very Low,74.5,9.901134,100,1747055700,Very Low,5.68295,10.54729,Very Low,7.813458,57.0,5.2173915,100,1747055700,4.9565215
2025-05-12T13:16:35Z,236,29.849,75.1,55,68.0,14,13,246,68,0.0,255,32767,0.0,2127-15-31,0.0,0.16,26.24,0.0,0.0,0.0,0,4.828125,6,9,05:49,20:11,2025-05-12 13:16:35.078593,Città della Scienza,54.5,10.871027,11.287686,7.103688,7.6918035,EU EEA Common AQI,74.6,9.614755,10.234187,7200,4.710145,100,100,61.7,3.965217,Very Low,74.5,9.901134,100,1747055700,Very Low,5.68295,10.54729,Very Low,7.813458,57.0,5.2173915,100,1747055700,4.9565215
2025-05-12T13:16:46Z,236,29.849,75.1,55,68.0,12,13,258,68,0.0,255,32767,0.0,2127-15-31,0.0,0.16,26.24,0.0,0.0,0.0,0,4.828125,6,9,05:49,20:11,2025-05-12 13:16:46.182608,Città della Scienza,54.5,10.871027,11.287686,7.103688,7.6918035,EU EEA Common AQI,74.6,9.614755,10.234187,7200,4.710145,100,100,61.7,3.965217,Very Low,74.5,9.901134,100,1747055700,Very Low,5.68295,10.54729,Very Low,7.813458,57.0,5.2173915,100,1747055700,4.9565215
2025-05-12T13:16:57Z,236,29.849,75.1,55,68.0,12,13,246,68,0.0,255,32767,0.0,2127-15-31,0.0,0.16,26.24,0.0,0.0,0.0,0,4.828125,6,9,05:49,20:11,2025-05-12 13:16:57.245599,Città della Scienza,54.5,10.871027,11.287686,7.103688,7.6918035,EU EEA Common AQI,74.6,9.614755,10.234187,7200,4.710145,100,100,61.7,3.965217,Very Low,74.5,9.901134,100,1747055700,Very Low,5.68295,10.54729,Very Low,7.813458,57.0,5.2173915,100,1747055700,4.9565215
2025-05-12T13:17:08Z,236,29.849,75.1,55,68.0,12,13,241,68,0.0,255,32767,0.0,2127-15-31,0.0,0.16,26.24,0.0,0.0,0.0,0,4.828125,6,9,05:49,20:11,2025-05-12 13:17:08.312597,Città della Scienza,54.5,10.871027,11.287686,7.103688,7.6918035,EU EEA Common AQI,74.6,9.614755,10.234187,7200,4.710145,100,100,61.7,3.965217,Very Low,74.5,9.901134,100,1747055700,Very Low,5.68295,10.54729,Very Low,7.813458,57.0,5.2173915,100,1747055700,4.9565215
2025-05-12T13:17:19Z,236,29.849,75.1,55,68.0,12,13,240,68,0.0,255,32767,0.0,2127-15-31,0.0,0.16,26.24,0.0,0.0,0.0,0,4.828125,6,9,05:49,20:11,2025-05-12 13:17:19.432607,Città della Scienza,54.5,10.871027,11.287686,7.103688,7.6918035,EU EEA Common AQI,74.6,9.614755,10.234187,7200,4.710145,100,100,61.7,3.965217,Very Low,74.5,9.901134,100,1747055700,Very Low,5.68295,10.54729,Very Low,7.813458,57.0,5.2173915,100,1747055700,4.9565215
2025-05-12T13:17:30Z,236,29.849,75.1,55,67.9,10,13,238,68,0.0,255,32767,0.0,2127-15-31,0.0,0.16,26.24,0.0,0.0,0.0,0,4.828125,6,9,05:49,20:11,2025-05-12 13:17:30.495606,Città della Scienza,54.5,10.871027,11.287686,7.103688,7.6918035,EU EEA Common AQI,74.6,9.614755,10.234187,7200,4.710145,100,100,61.7,3.965217,Very Low,74.5,9.901134,100,1747055700,Very Low,5.68295,10.54729,Very Low,7.813458,57.0,5.2173915,100,1747055700,4.9565215
2025-05-12T13:17:41Z,236,29.85,75.1,55,67.9,13,13,245,68,0.0,255,32767,0.0,2127-15-31,0.0,0.16,26.24,0.0,0.0,0.0,0,4.828125,6,9,05:49,20:11,2025-05-12 13:17:41.569591,Città della Scienza,54.5,10.871027,11.287686,7.103688,7.6918035,EU EEA Common AQI,74.6,9.614755,10.234187,7200,4.710145,100,100,61.7,3.965217,Very Low,74.5,9.901134,100,1747055700,Very Low,5.68295,10.54729,Very Low,7.813458,57.0,5.2173915,100,1747055700,4.9565215
2025-05-12T13:17:52Z,236,29.85,75.1,55,67.9,12,13,262,67,0.0,255,32767,0.0,2127-15-31,0.0,0.16,26.24,0.0,0.0,0.0,0,4.828125,6,9,05:49,20:11,2025-05-12 13:17:52.663598,Città della Scienza,54.5,10.871027,11.287686,7.103688,7.6918035,EU EEA Common AQI,74.6,9.614755,10.234187,7200,4.710145,100,100,61.7,3.965217,Very Low,74.5,9.901134,100,1747055700,Very Low,5.68295,10.54729,Very Low,7.813458,57.0,5.2173915,100,1747055700,4.9565215
2025-05-12T13:18:03Z,236,29.85,75.1,55,68.0,14,13,243,67,0.0,255,32767,0.0,2127-15-31,0.0,0.16,26.24,0.0,0.0,0.0,0,4.828125,6,9,05:49,20:11,2025-05-12 13:18:03.721603,Città della Scienza,54.5,10.871027,11.287686,7.103688,7.6918035,EU EEA Common AQI,74.6,9.614755,10.234187,7200,4.710145,100,100,61.7,3.965217,Very Low,74.5,9.901134,100,1747055700,Very Low,5.68295,10.54729,Very Low,7.813458,57.0,5.2173915,100,1747055700,4.9565215
2025-05-12T13:18:15Z,236,29.85,75.1,55,68.0,12,13,256,67,0.0,255,32767,0.0,2127-15-31,0.0,0.16,26.24,0.0,0.0,0.0,0,4.828125,6,9,05:49,20:11,2025-05-12 13:18:14.869600,Città della Scienza,54.5,10.871027,11.287686,7.103688,7.6918035,EU EEA Common AQI,74.6,9.614755,10.234187,7200,4.710145,100,100,61.7,3.965217,Very Low,74.5,9.901134,100,1747055700,Very Low,5.68295,10.54729,Very Low,7.813458,57.0,5.2173915,100,1747055700,4.9565215
2025-05-12T13:18:26Z,236,29.85,75.1,55,68.0,14,13,240,67,0.0,255,32767,0.0,2127-15-31,0.0,0.16,26.24,0.0,0.0,0.0,0,4.828125,6,9,05:49,20:11,2025-05-12 13:18:26.002560,Città della Scienza,54.5,10.871027,11.287686,7.103688,7.6918035,EU EEA Common AQI,74.6,9.614755,10.234187,7200,4.710145,100,100,61.7,3.965217,Very Low,74.5,9.901134,100,1747055700,Very Low,5.68295,10.54729,Very Low,7.813458,57.0,5.2173915,100,1747055700,4.9565215
2025-05-12T13:18:37Z,236,29.849,75.1,55,68.0,13,13,256,67,0.0,255,32767,0.0,2127-15-31,0.0,0.16,26.24,0.0,0.0,0.0,0,4.828125,6,9,05:49,20:11,2025-05-12 13:18:37.097601,Città della Scienza,54.5,10.871027,11.287686,7.103688,7.6918035,EU EEA Common AQI,74.6,9.614755,10.234187,7200,4.710145,100,100,61.7,3.965217,Very Low,74.5,9.901134,100,1747055700,Very Low,5.68295,10.54729,Very Low,7.813458,57.0,5.2173915,100,1747055700,4.9565215
2025-05-12T13:18:48Z,236,29.849,75.1,55,68.0,12,13,243,67,0.0,255,32767,0.0,2127-15-31,0.0,0.16,26.24,0.0,0.0,0.0,0,4.828125,6,9,05:49,20:11,2025-05-12 13:18:48.157595,Città della Scienza,54.5,10.871027,11.287686,7.103688,7.6918035,EU EEA Common AQI,74.6,9.614755,10.234187,7200,4.710145,100,100,61.7,3.965217,Very Low,74.5,9.901134,100,1747055700,Very Low,5.68295,10.54729,Very Low,7.813458,57.0,5.2173915,100,1747055700,4.9565215
2025-05-12T13:18:59Z,236,29.849,75.1,55,68.0,13,13,242,67,0.0,255,32767,0.0,2127-15-31,0.0,0.16,26.24,0.0,0.0,0.0,0,4.828125,6,9,05:49,20:11,2025-05-12 13:18:59.257593,Città della Scienza,54.5,10.871027,11.287686,7.103688,7.6918035,EU EEA Common AQI,74.6,9.614755,10.234187,7200,4.710145,100,100,61.7,3.965217,Very Low,74.5,9.901134,100,1747055700,Very Low,5.68295,10.54729,Very Low,7.813458,57.0,5.2173915,100,1747055700,4.9565215
2025-05-12T13:19:10Z,236,29.849,75.1,55,68.0,13,13,259,67,0.0,255,32767,0.0,2127-15-31,0.0,0.16,26.24,0.0,0.0,0.0,0,4.828125,6,9,05:49,20:11,2025-05-12 13:19:10.301557,Città della Scienza,54.5,10.871027,11.287686,7.103688,7.6918035,EU EEA Common AQI,74.6,9.614755,10.234187,7200,4.710145,100,100,61.7,3.965217,Very Low,74.5,9.901134,100,1747055700,Very Low,5.68295,10.54729,Very Low,7.813458,57.0,5.2173915,100,1747055700,4.9565215
2025-05-12T13:19:21Z,236,29.849,75.1,55,68.1,14,13,244,67,0.0,255,32767,0.0,2127-15-31,0.0,0.16,26.24,0.0,0.0,0.0,0,4.828125,6,9,05:49,20:11,2025-05-12 13:19:21.387600,Città della Scienza,54.5,10.871027,11.287686,7.103688,7.6918035,EU EEA Common AQI,74.6,9.614755,10.234187,7200,4.710145,100,100,61.7,3.965217,Very Low,74.5,9.901134,100,1747055700,Very Low,5.68295,10.54729,Very Low,7.813458,57.0,5.2173915,100,1747055700,4.9565215
2025-05-12T13:19:32Z,236,29.849,75.1,55,68.1,13,13,254,67,0.0,255,32767,0.0,2127-15-31,0.0,0.16,26.24,0.0,0.0,0.0,0,4.828125,6,9,05:49,20:11,2025-05-12 13:19:32.508591,Città della Scienza,54.5,10.871027,11.287686,7.103688,7.6918035,EU EEA Common AQI,74.6,9.614755,10.234187,7200,4.710145,100,100,61.7,3.965217,Very Low,74.5,9.901134,100,1747055700,Very Low,5.68295,10.54729,Very Low,7.813458,57.0,5.2173915,100,1747055700,4.9565215
2025-05-12T13:19:43Z,236,29.852,75.1,55,68.0,11,13,231,68,0.0,255,32767,0.0,2127-15-31,0.0,0.16,26.24,0.0,0.0,0.0,0,4.828125,6,9,05:49,20:11,2025-05-12 13:19:43.617610,Città della Scienza,54.5,10.871027,11.287686,7.103688,7.6918035,EU EEA Common AQI,74.6,9.614755,10.234187,7200,4.710145,100,100,61.7,3.965217,Very Low,74.5,9.901134,100,1747055700,Very Low,5.68295,10.54729,Very Low,7.813458,57.0,5.2173915,100,1747055700,4.9565215
2025-05-12T13:19:54Z,236,29.852,75.1,55,68.0,12,13,242,68,0.0,255,32767,0.0,2127-15-31,0.0,0.16,26.24,0.0,0.0,0.0,0,4.828125,6,9,05:49,20:11,2025-05-12 13:19:54.712591,Città della Scienza,54.5,10.871027,11.287686,7.103688,7.6918035,EU EEA Common AQI,74.6,9.614755,10.234187,7200,4.710145,100,100,61.7,3.965217,Very Low,74.5,9.901134,100,1747055700,Very Low,5.68295,10.54729,Very Low,7.813458,57.0,5.2173915,100,1747055700,4.9565215
2025-05-12T13:20:05Z,236,29.852,75.1,55,68.0,10,13,240,68,0.0,255,32767,0.0,2127-15-31,0.0,0.16,26.24,0.0,0.0,0.0,0,4.828125,6,9,05:49,20:11,2025-05-12 13:20:05.797600,Città della Scienza,54.5,10.871027,11.287686,7.103688,7.6918035,EU EEA Common AQI,74.6,9.614755,10.234187,7200,4.710145,100,100,61.7,3.965217,Very Low,74.5,9.901134,100,1747055700,Very Low,5.68295,10.54729,Very Low,7.813458,57.0,5.2173915,100,1747055700,4.9565215
2025-05-12T13:20:17Z,236,29.852,75.1,55,68.1,11,13,233,68,0.0,255,32767,0.0,2127-15-31,0.0,0.16,26.24,0.0,0.0,0.0,0,4.828125,6,9,05:49,20:11,2025-05-12 13:20:16.845588,Città della Scienza,54.5,10.871027,11.287686,7.103688,7.6918035,EU EEA Common AQI,74.6,9.614755,10.234187,7200,4.710145,100,100,61.7,3.965217,Very Low,74.5,9.901134,100,1747055700,Very Low,5.68295,10.54729,Very Low,7.813458,57.0,5.2173915,100,1747055700,4.9565215
2025-05-12T13:20:28Z,236,29.852,75.1,55,68.1,11,13,237,68,0.0,255,32767,0.0,2127-15-31,0.0,0.16,26.24,0.0,0.0,0.0,0,4.828125,6,9,05:49,20:11,2025-05-12 13:20:27.988596,Città della Scienza,54.5,10.871027,11.287686,7.103688,7.6918035,EU EEA Common AQI,74.6,9.614755,10.234187,7200,4.710145,100,100,61.7,3.965217,Very Low,74.5,9.901134,100,1747055700,Very Low,5.68295,10.54729,Very Low,7.813458,57.0,5.2173915,100,1747055700,4.9565215
2025-05-12T13:20:39Z,236,29.85,75.1,55,68.1,8,13,226,68,0.0,255,32767,0.0,2127-15-31,0.0,0.16,26.24,0.0,0.0,0.0,0,4.828125,6,9,05:49,20:11,2025-05-12 13:20:39.116595,Città della Scienza,54.5,10.871027,11.287686,7.103688,7.6918035,EU EEA Common AQI,74.6,9.614755,10.234187,7200,4.710145,100,100,61.7,3.965217,Very Low,74.5,9.901134,100,1747055700,Very Low,5.68295,10.54729,Very Low,7.813458,57.0,5.2173915,100,1747055700,4.9565215
2025-05-12T13:20:50Z,236,29.85,75.1,55,68.1,10,13,242,68,0.0,255,32767,0.0,2127-15-31,0.0,0.16,26.24,0.0,0.0,0.0,0,4.828125,6,9,05:49,20:11,2025-05-12 13:20:50.233596,Città della Scienza,54.5,10.871027,11.287686,7.103688,7.6918035,EU EEA Common AQI,74.6,9.614755,10.234187,7200,4.710145,100,100,61.7,3.965217,Very Low,74.5,9.901134,100,1747055700,Very Low,5.68295,10.54729,Very Low,7.813458,57.0,5.2173915,100,1747055700,4.9565215
2025-05-12T13:21:01Z,236,29.85,75.1,55,68.1,5,13,210,68,0.0,255,32767,0.0,2127-15-31,0.0,0.16,26.24,0.0,0.0,0.0,0,4.828125,6,9,05:49,20:11,2025-05-12 13:21:01.367597,Città della Scienza,54.5,10.871027,11.287686,7.103688,7.6918035,EU EEA Common AQI,74.6,9.614755,10.234187,7200,4.710145,100,100,61.7,3.965217,Very Low,74.5,9.901134,100,1747055700,Very Low,5.68295,10.54729,Very Low,7.813458,57.0,5.2173915,100,1747055700,4.9565215
2025-05-12T13:21:12Z,236,29.85,75.1,55,68.1,10,13,257,68,0.0,255,32767,0.0,2127-15-31,0.0,0.16,26.24,0.0,0.0,0.0,0,4.828125,6,9,05:49,20:11,2025-05-12 13:21:12.427595,Città della Scienza,54.5,10.871027,11.287686,7.103688,7.6918035,EU EEA Common AQI,74.6,9.614755,10.234187,7200,4.710145,100,100,61.7,3.965217,Very Low,74.5,9.901134,100,1747055700,Very Low,5.68295,10.54729,Very Low,7.813458,57.0,5.2173915,100,1747055700,4.9565215
2025-05-12T13:21:23Z,236,29.85,75.1,55,68.1,8,13,259,68,0.0,255,32767,0.0,2127-15-31,0.0,0.16,26.24,0.0,0.0,0.0,0,4.828125,6,9,05:49,20:11,2025-05-12 13:21:23.506600,Città della Scienza,54.5,10.871027,11.287686,7.103688,7.6918035,EU EEA Common AQI,74.6,9.614755,10.234187,7200,4.710145,100,100,61.7,3.965217,Very Low,74.5,9.901134,100,1747055700,Very Low,5.68295,10.54729,Very Low,7.813458,57.0,5.2173915,100,1747055700,4.9565215
2025-05-12T13:21:34Z,236,29.851,75.1,55,68.2,12,12,259,68,0.0,255,32767,0.0,2127-15-31,0.0,0.16,26.24,0.0,0.0,0.0,0,4.828125,6,9,05:49,20:11,2025-05-12 13:21:34.601597,Città della Scienza,54.5,10.871027,11.287686,7.103688,7.6918035,EU EEA Common AQI,74.6,9.614755,10.234187,7200,4.710145,100,100,61.7,3.965217,Very Low,74.5,9.901134,100,1747055700,Very Low,5.68295,10.54729,Very Low,7.813458,57.0,5.2173915,100,1747055700,4.9565215
2025-05-12T13:21:45Z,236,29.851,75.1,55,68.2,8,12,252,68,0.0,255,32767,0.0,2127-15-31,0.0,0.16,26.24,0.0,0.0,0.0,0,4.828125,6,9,05:49,20:11,2025-05-12 13:21:45.653563,Città della Scienza,54.5,10.871027,11.287686,7.103688,7.6918035,EU EEA Common AQI,74.6,9.614755,10.234187,7200,4.710145,100,100,61.7,3.965217,Very Low,74.5,9.901134,100,1747055700,Very Low,5.68295,10.54729,Very Low,7.813458,57.0,5.2173915,100,1747055700,4.9565215
2025-05-12T13:21:56Z,236,29.851,75.1,55,68.2,13,12,249,68,0.0,255,32767,0.0,2127-15-31,0.0,0.16,26.24,0.0,0.0,0.0,0,4.828125,6,9,05:49,20:11,2025-05-12 13:21:56.740553,Città della Scienza,54.5,10.871027,11.287686,7.103688,7.6918035,EU EEA Common AQI,74.6,9.614755,10.234187,7200,4.710145,100,100,61.7,3.965217,Very Low,74.5,9.901134,100,1747055700,Very Low,5.68295,10.54729,Very Low,7.813458,57.0,5.2173915,100,1747055700,4.9565215
2025-05-12T13:22:08Z,236,29.851,75.1,55,68.3,10,12,257,68,0.0,255,32767,0.0,2127-15-31,0.0,0.16,26.24,0.0,0.0,0.0,0,4.828125,6,9,05:49,20:11,2025-05-12 13:22:07.817597,Città della Scienza,54.5,10.871027,11.287686,7.103688,7.6918035,EU EEA Common AQI,74.6,9.614755,10.234187,7200,4.710145,100,100,61.7,3.965217,Very Low,74.5,9.901134,100,1747055700,Very Low,5.68295,10.54729,Very Low,7.813458,57.0,5.2173915,100,1747055700,4.9565215
2025-05-12T13:22:19Z,236,29.851,75.1,55,68.3,11,12,248,68,0.0,255,32767,0.0,2127-15-31,0.0,0.16,26.24,0.0,0.0,0.0,0,4.828125,6,9,05:49,20:11,2025-05-12 13:22:18.892563,Città della Scienza,54.5,10.871027,11.287686,7.103688,7.6918035,EU EEA Common AQI,74.6,9.614755,10.234187,7200,4.710145,100,100,61.7,3.965217,Very Low,74.5,9.901134,100,1747055700,Very Low,5.68295,10.54729,Very Low,7.813458,57.0,5.2173915,100,1747055700,4.9565215
2025-05-12T13:22:30Z,236,29.851,75.1,55,68.3,11,12,244,68,0.0,255,32767,0.0,2127-15-31,0.0,0.16,26.24,0.0,0.0,0.0,0,4.828125,6,9,05:49,20:11,2025-05-12 13:22:29.970595,Città della Scienza,54.5,10.871027,11.287686,7.103688,7.6918035,EU EEA Common AQI,74.6,9.614755,10.234187,7200,4.710145,100,100,61.7,3.965217,Very Low,74.5,9.901134,100,1747055700,Very Low,5.68295,10.54729,Very Low,7.813458,57.0,5.2173915,100,1747055700,4.9565215
2025-05-12T13:22:41Z,236,29.85,75.0,55,68.3,7,12,221,68,0.0,255,32767,0.0,2127-15-31,0.0,0.16,26.24,0.0,0.0,0.0,0,4.828125,6,9,05:49,20:11,2025-05-12 13:22:41.088591,Città della Scienza,54.5,10.871027,11.287686,7.103688,7.6918035,EU EEA Common AQI,74.6,9.614755,10.234187,7200,4.710145,100,100,61.7,3.965217,Very Low,74.5,9.901134,100,1747055700,Very Low,5.68295,10.54729,Very Low,7.813458,57.0,5.2173915,100,1747055700,4.9565215
2025-05-12T13:22:52Z,236,29.85,75.0,55,68.3,11,12,238,68,0.0,255,32767,0.0,2127-15-31,0.0,0.16,26.24,0.0,0.0,0.0,0,4.828125,6,9,05:49,20:11,2025-05-12 13:22:52.191561,Città della Scienza,54.5,10.871027,11.287686,7.103688,7.6918035,EU EEA Common AQI,74.6,9.614755,10.234187,7200,4.710145,100,100,61.7,3.965217,Very Low,74.5,9.901134,100,1747055700,Very Low,5.68295,10.54729,Very Low,7.813458,57.0,5.2173915,100,1747055700,4.9565215
2025-05-12T13:23:03Z,236,29.85,75.0,55,68.3,12,12,244,68,0.0,255,32767,0.0,2127-15-31,0.0,0.16,26.24,0.0,0.0,0.0,0,4.828125,6,9,05:49,20:11,2025-05-12 13:23:03.317608,Città della Scienza,54.5,10.871027,11.287686,7.103688,7.6918035,EU EEA Common AQI,74.6,9.614755,10.234187,7200,4.710145,100,100,61.7,3.965217,Very Low,74.5,9.901134,100,1747055700,Very Low,5.68295,10.54729,Very Low,7.813458,57.0,5.2173915,100,1747055700,4.9565215
2025-05-12T13:23:14Z,236,29.85,75.0,55,68.3,14,12,235,68,0.0,255,32767,0.0,2127-15-31,0.0,0.16,26.24,0.0,0.0,0.0,0,4.828125,6,9,05:49,20:11,2025-05-12 13:23:14.376590,Città della Scienza,54.5,10.871027,11.287686,7.103688,7.6918035,EU EEA Common AQI,74.6,9.614755,10.234187,7200,4.710145,100,100,61.7,3.965217,Very Low,74.5,9.901134,100,1747055700,Very Low,5.68295,10.54729,Very Low,7.813458,57.0,5.2173915,100,1747055700,4.9565215
2025-05-12T13:23:25Z,236,29.85,75.0,55,68.3,10,12,244,68,0.0,255,32767,0.0,2127-15-31,0.0,0.16,26.24,0.0,0.0,0.0,0,4.828125,6,9,05:49,20:11,2025-05-12 13:23:25.487598,Città della Scienza,54.5,10.871027,11.287686,7.103688,7.6918035,EU EEA Common AQI,74.6,9.614755,10.234187,7200,4.710145,100,100,61.7,3.965217,Very Low,74.5,9.901134,100,1747055700,Very Low,5.68295,10.54729,Very Low,7.813458,57.0,5.2173915,100,1747055700,4.9565215
2025-05-12T13:23:36Z,236,29.85,75.1,55,68.3,13,12,247,68,0.0,255,32767,0.0,2127-15-31,0.0,0.16,26.24,0.0,0.0,0.0,0,4.828125,6,9,05:49,20:11,2025-05-12 13:23:36.597592,Città della Scienza,54.5,10.871027,11.287686,7.103688,7.6918035,EU EEA Common AQI,74.6,9.614755,10.234187,7200,4.710145,100,100,61.7,3.965217,Very Low,74.5,9.901134,100,1747055700,Very Low,5.68295,10.54729,Very Low,7.813458,57.0,5.2173915,100,1747055700,4.9565215
2025-05-12T13:23:47Z,236,29.85,75.1,55,68.3,12,12,248,68,0.0,255,32767,0.0,2127-15-31,0.0,0.16,26.24,0.0,0.0,0.0,0,4.828125,6,9,05:49,20:11,2025-05-12 13:23:47.708602,Città della Scienza,54.5,10.871027,11.287686,7.103688,7.6918035,EU EEA Common AQI,74.6,9.614755,10.234187,7200,4.710145,100,100,61.7,3.965217,Very Low,74.5,9.901134,100,1747055700,Very Low,5.68295,10.54729,Very Low,7.813458,57.0,5.2173915,100,1747055700,4.9565215
2025-05-12T13:23:58Z,236,29.85,75.1,55,68.3,13,12,234,69,0.0,255,32767,0.0,2127-15-31,0.0,0.16,26.24,0.0,0.0,0.0,0,4.828125,6,9,05:49,20:11,2025-05-12 13:23:58.792600,Città della Scienza,54.5,10.871027,11.287686,7.103688,7.6918035,EU EEA Common AQI,74.6,9.614755,10.234187,7200,4.710145,100,100,61.7,3.965217,Very Low,74.5,9.901134,100,1747055700,Very Low,5.68295,10.54729,Very Low,7.813458,57.0,5.2173915,100,1747055700,4.9565215
2025-05-12T13:24:10Z,236,29.85,75.1,55,68.3,12,12,245,69,0.0,255,32767,0.0,2127-15-31,0.0,0.16,26.24,0.0,0.0,0.0,0,4.828125,6,9,05:49,20:11,2025-05-12 13:24:09.873607,Città della Scienza,54.5,10.871027,11.287686,7.103688,7.6918035,EU EEA Common AQI,74.6,9.614755,10.234187,7200,4.710145,100,100,61.7,3.965217,Very Low,74.5,9.901134,100,1747055700,Very Low,5.68295,10.54729,Very Low,7.813458,57.0,5.2173915,100,1747055700,4.9565215
2025-05-12T13:24:21Z,236,29.85,75.1,55,68.2,13,12,246,69,0.0,255,32767,0.0,2127-15-31,0.0,0.16,26.24,0.0,0.0,0.0,0,4.828125,6,9,05:49,20:11,2025-05-12 13:24:21.031606,Città della Scienza,54.5,10.871027,11.287686,7.103688,7.6918035,EU EEA Common AQI,74.6,9.614755,10.234187,7200,4.710145,100,100,61.7,3.965217,Very Low,74.5,9.901134,100,1747055700,Very Low,5.68295,10.54729,Very Low,7.813458,57.0,5.2173915,100,1747055700,4.9565215
2025-05-12T13:24:32Z,236,29.85,75.1,55,68.2,14,12,246,69,0.0,255,32767,0.0,2127-15-31,0.0,0.16,26.24,0.0,0.0,0.0,0,4.828125,6,9,05:49,20:11,2025-05-12 13:24:32.119603,Città della Scienza,54.5,10.871027,11.287686,7.103688,7.6918035,EU EEA Common AQI,74.6,9.614755,10.234187,7200,4.710145,100,100,61.7,3.965217,Very Low,74.5,9.901134,100,1747055700,Very Low,5.68295,10.54729,Very Low,7.813458,57.0,5.2173915,100,1747055700,4.9565215
2025-05-12T13:24:43Z,236,29.849,75.1,55,68.2,14,12,238,69,0.0,255,32767,0.0,2127-15-31,0.0,0.16,26.24,0.0,0.0,0.0,0,4.828125,6,9,05:49,20:11,2025-05-12 13:24:43.162595,Città della Scienza,54.5,10.871027,11.287686,7.103688,7.6918035,EU EEA Common AQI,74.6,9.614755,10.234187,7200,4.710145,100,100,61.7,3.965217,Very Low,74.5,9.901134,100,1747055700,Very Low,5.68295,10.54729,Very Low,7.813458,57.0,5.2173915,100,1747055700,4.9565215
2025-05-12T13:24:54Z,236,29.849,75.1,55,68.2,11,12,248,69,0.0,255,32767,0.0,2127-15-31,0.0,0.16,26.24,0.0,0.0,0.0,0,4.828125,6,9,05:49,20:11,2025-05-12 13:24:54.232608,Città della Scienza,54.5,10.871027,11.287686,7.103688,7.6918035,EU EEA Common AQI,74.6,9.614755,10.234187,7200,4.710145,100,100,61.7,3.965217,Very Low,74.5,9.901134,100,1747055700,Very Low,5.68295,10.54729,Very Low,7.813458,57.0,5.2173915,100,1747055700,4.9565215
2025-05-12T13:25:05Z,236,29.849,75.1,55,68.2,7,12,253,69,0.0,255,32767,0.0,2127-15-31,0.0,0.16,26.24,0.0,0.0,0.0,0,4.828125,6,9,05:49,20:11,2025-05-12 13:25:05.323593,Città della Scienza,54.5,10.871027,11.287686,7.103688,7.6918035,EU EEA Common AQI,74.6,9.614755,10.234187,7200,4.710145,100,100,61.7,3.965217,Very Low,74.5,9.901134,100,1747055700,Very Low,5.68295,10.54729,Very Low,7.813458,57.0,5.2173915,100,1747055700,4.9565215
2025-05-12T13:25:16Z,236,29.849,75.1,55,68.1,10,12,254,69,0.0,255,32767,0.0,2127-15-31,0.0,0.16,26.24,0.0,0.0,0.0,0,4.828125,6,9,05:49,20:11,2025-05-12 13:25:16.400594,Città della Scienza,54.5,10.871027,11.287686,7.103688,7.6918035,EU EEA Common AQI,74.6,9.614755,10.234187,7200,4.710145,100,100,61.7,3.965217,Very Low,74.5,9.901134,100,1747055700,Very Low,5.68295,10.54729,Very Low,7.813458,57.0,5.2173915,100,1747055700,4.9565215
2025-05-12T13:25:27Z,236,29.849,75.1,55,68.1,14,12,241,69,0.0,255,32767,0.0,2127-15-31,0.0,0.16,26.24,0.0,0.0,0.0,0,4.828125,6,9,05:49,20:11,2025-05-12 13:25:27.534561,Città della Scienza,54.5,10.871027,11.287686,7.103688,7.6918035,EU EEA Common AQI,74.6,9.614755,10.234187,7200,4.710145,100,100,61.7,3.965217,Very Low,74.5,9.901134,100,1747055700,Very Low,5.68295,10.54729,Very Low,7.813458,57.0,5.2173915,100,1747055700,4.9565215
2025-05-12T13:25:38Z,236,29.849,75.1,55,68.1,10,12,250,69,0.0,255,32767,0.0,2127-15-31,0.0,0.16,26.24,0.0,0.0,0.0,0,4.828125,6,9,05:49,20:11,2025-05-12 13:25:38.626591,Città della Scienza,54.5,10.871027,11.287686,7.103688,7.6918035,EU EEA Common AQI,74.6,9.614755,10.234187,7200,4.710145,100,100,61.7,3.965217,Very Low,74.5,9.901134,100,1747055700,Very Low,5.68295,10.54729,Very Low,7.813458,57.0,5.2173915,100,1747055700,4.9565215
2025-05-12T13:25:49Z,236,29.849,75.1,55,68.1,13,12,248,70,0.0,255,32767,0.0,2127-15-31,0.0,0.16,26.24,0.0,0.0,0.0,0,4.828125,6,9,05:49,20:11,2025-05-12 13:25:49.736621,Città della Scienza,54.5,10.871027,11.287686,7.103688,7.6918035,EU EEA Common AQI,74.6,9.614755,10.234187,7200,4.710145,100,100,61.7,3.965217,Very Low,74.5,9.901134,100,1747055700,Very Low,5.68295,10.54729,Very Low,7.813458,57.0,5.2173915,100,1747055700,4.9565215
2025-05-12T13:26:01Z,236,29.849,75.1,55,68.1,13,12,240,70,0.0,255,32767,0.0,2127-15-31,0.0,0.16,26.24,0.0,0.0,0.0,0,4.828125,6,9,05:49,20:11,2025-05-12 13:26:00.815605,Città della Scienza,54.5,10.871027,11.287686,7.103688,7.6918035,EU EEA Common AQI,74.6,9.614755,10.234187,7200,4.710145,100,100,61.7,3.965217,Very Low,74.5,9.901134,100,1747055700,Very Low,5.68295,10.54729,Very Low,7.813458,57.0,5.2173915,100,1747055700,4.9565215
2025-05-12T13:26:12Z,236,29.849,75.1,55,68.0,13,12,259,70,0.0,255,32767,0.0,2127-15-31,0.0,0.16,26.24,0.0,0.0,0.0,0,4.828125,6,9,05:49,20:11,2025-05-12 13:26:12.093603,Città della Scienza,54.5,10.871027,11.287686,7.103688,7.6918035,EU EEA Common AQI,74.6,9.614755,10.234187,7200,4.710145,100,100,61.7,3.965217,Very Low,74.5,9.901134,100,1747055700,Very Low,5.68295,10.54729,Very Low,7.813458,57.0,5.2173915,100,1747055700,4.9565215
2025-05-12T13:26:23Z,236,29.849,75.1,55,68.0,10,12,234,70,0.0,255,32767,0.0,2127-15-31,0.0,0.16,26.24,0.0,0.0,0.0,0,4.828125,6,9,05:49,20:11,2025-05-12 13:26:23.161599,Città della Scienza,54.5,10.871027,11.287686,7.103688,7.6918035,EU EEA Common AQI,74.6,9.614755,10.234187,7200,4.710145,100,100,61.7,3.965217,Very Low,74.5,9.901134,100,1747055700,Very Low,5.68295,10.54729,Very Low,7.813458,57.0,5.2173915,100,1747055700,4.9565215
2025-05-12T13:26:34Z,236,29.85,75.1,55,68.0,12,12,259,70,0.0,255,32767,0.0,2127-15-31,0.0,0.16,26.24,0.0,0.0,0.0,0,4.828125,6,9,05:49,20:11,2025-05-12 13:26:34.267597,Città della Scienza,54.5,10.871027,11.287686,7.103688,7.6918035,EU EEA Common AQI,74.6,9.614755,10.234187,7200,4.710145,100,100,61.7,3.965217,Very Low,74.5,9.901134,100,1747055700,Very Low,5.68295,10.54729,Very Low,7.813458,57.0,5.2173915,100,1747055700,4.9565215
2025-05-12T13:26:45Z,236,29.85,75.1,55,68.0,13,12,237,70,0.0,255,32767,0.0,2127-15-31,0.0,0.16,26.24,0.0,0.0,0.0,0,4.828125,6,9,05:49,20:11,2025-05-12 13:26:45.299595,Città della Scienza,54.5,10.871027,11.287686,7.103688,7.6918035,EU EEA Common AQI,74.6,9.614755,10.234187,7200,4.710145,100,100,61.7,3.965217,Very Low,74.5,9.901134,100,1747055700,Very Low,5.68295,10.54729,Very Low,7.813458,57.0,5.2173915,100,1747055700,4.9565215
2025-05-12T13:26:56Z,236,29.85,75.1,55,67.9,14,12,232,70,0.0,255,32767,0.0,2127-15-31,0.0,0.16,26.24,0.0,0.0,0.0,0,4.828125,6,9,05:49,20:11,2025-05-12 13:26:56.393598,Città della Scienza,54.5,10.871027,11.287686,7.103688,7.6918035,EU EEA Common AQI,74.6,9.614755,10.234187,7200,4.710145,100,100,61.7,3.965217,Very Low,74.5,9.901134,100,1747055700,Very Low,5.68295,10.54729,Very Low,7.813458,57.0,5.2173915,100,1747055700,4.9565215
2025-05-12T13:27:07Z,236,29.85,75.1,55,67.9,14,12,260,70,0.0,255,32767,0.0,2127-15-31,0.0,0.16,26.24,0.0,0.0,0.0,0,4.828125,6,9,05:49,20:11,2025-05-12 13:27:07.446583,Città della Scienza,54.5,10.871027,11.287686,7.103688,7.6918035,EU EEA Common AQI,74.6,9.614755,10.234187,7200,4.710145,100,100,61.7,3.965217,Very Low,74.5,9.901134,100,1747055700,Very Low,5.68295,10.54729,Very Low,7.813458,57.0,5.2173915,100,1747055700,4.9565215
2025-05-12T13:27:18Z,236,29.85,75.1,55,67.9,13,12,238,70,0.0,255,32767,0.0,2127-15-31,0.0,0.16,26.24,0.0,0.0,0.0,0,4.828125,6,9,05:49,20:11,2025-05-12 13:27:18.537592,Città della Scienza,54.5,10.871027,11.287686,7.103688,7.6918035,EU EEA Common AQI,74.6,9.614755,10.234187,7200,4.710145,100,100,61.7,3.965217,Very Low,74.5,9.901134,100,1747055700,Very Low,5.68295,10.54729,Very Low,7.813458,57.0,5.2173915,100,1747055700,4.9565215
2025-05-12T13:27:29Z,236,29.85,75.1,55,67.9,14,12,239,70,0.0,255,32767,0.0,2127-15-31,0.0,0.16,26.24,0.0,0.0,0.0,0,4.828125,6,9,05:49,20:11,2025-05-12 13:27:29.568595,Città della Scienza,54.5,10.871027,11.287686,7.103688,7.6918035,EU EEA Common AQI,74.6,9.614755,10.234187,7200,4.710145,100,100,61.7,3.965217,Very Low,74.5,9.901134,100,1747055700,Very Low,5.68295,10.54729,Very Low,7.813458,57.0,5.2173915,100,1747055700,4.9565215
2025-05-12T13:27:40Z,236,29.85,75.1,55,67.9,14,12,246,70,0.0,255,32767,0.0,2127-15-31,0.0,0.16,26.24,0.0,0.0,0.0,0,4.828125,6,9,05:49,20:11,2025-05-12 13:27:40.687602,Città della Scienza,54.5,10.871027,11.287686,7.103688,7.6918035,EU EEA Common AQI,74.6,9.614755,10.234187,7200,4.710145,100,100,61.7,3.965217,Very Low,74.5,9.901134,100,1747055700,Very Low,5.68295,10.54729,Very Low,7.813458,57.0,5.2173915,100,1747055700,4.9565215
2025-05-12T13:27:51Z,236,29.85,75.1,55,67.9,12,12,243,70,0.0,255,32767,0.0,2127-15-31,0.0,0.16,26.24,0.0,0.0,0.0,0,4.828125,6,9,05:49,20:11,2025-05-12 13:27:51.740600,Città della Scienza,54.5,10.871027,11.287686,7.103688,7.6918035,EU EEA Common AQI,74.6,9.614755,10.234187,7200,4.710145,100,100,61.7,3.965217,Very Low,74.5,9.901134,100,1747055700,Very Low,5.68295,10.54729,Very Low,7.813458,57.0,5.2173915,100,1747055700,4.9565215
2025-05-12T13:28:03Z,236,29.85,75.1,55,67.9,14,12,233,70,0.0,255,32767,0.0,2127-15-31,0.0,0.16,26.24,0.0,0.0,0.0,0,4.828125,6,9,05:49,20:11,2025-05-12 13:28:02.827591,Città della Scienza,54.5,10.871027,11.287686,7.103688,7.6918035,EU EEA Common AQI,74.6,9.614755,10.234187,7200,4.710145,100,100,61.7,3.965217,Very Low,74.5,9.901134,100,1747055700,Very Low,5.68295,10.54729,Very Low,7.813458,57.0,5.2173915,100,1747055700,4.9565215
2025-05-12T13:28:14Z,236,29.85,75.1,55,67.9,13,12,249,70,0.0,255,32767,0.0,2127-15-31,0.0,0.16,26.24,0.0,0.0,0.0,0,4.828125,6,9,05:49,20:11,2025-05-12 13:28:13.911597,Città della Scienza,54.5,10.871027,11.287686,7.103688,7.6918035,EU EEA Common AQI,74.6,9.614755,10.234187,7200,4.710145,100,100,61.7,3.965217,Very Low,74.5,9.901134,100,1747055700,Very Low,5.68295,10.54729,Very Low,7.813458,57.0,5.2173915,100,1747055700,4.9565215
2025-05-12T13:28:25Z,236,29.85,75.1,55,67.9,14,12,240,71,0.0,255,32767,0.0,2127-15-31,0.0,0.16,26.24,0.0,0.0,0.0,0,4.828125,6,9,05:49,20:11,2025-05-12 13:28:24.992593,Città della Scienza,54.5,10.871027,11.287686,7.103688,7.6918035,EU EEA Common AQI,74.6,9.614755,10.234187,7200,4.710145,100,100,61.7,3.965217,Very Low,74.5,9.901134,100,1747055700,Very Low,5.68295,10.54729,Very Low,7.813458,57.0,5.2173915,100,1747055700,4.9565215
2025-05-12T13:28:36Z,236,29.851,75.1,55,67.8,15,12,255,71,0.0,255,32767,0.0,2127-15-31,0.0,0.16,26.24,0.0,0.0,0.0,0,4.828125,6,9,05:49,20:11,2025-05-12 13:28:36.075593,Città della Scienza,54.5,10.871027,11.287686,7.103688,7.6918035,EU EEA Common AQI,74.6,9.614755,10.234187,7200,4.710145,100,100,61.7,3.965217,Very Low,74.5,9.901134,100,1747055700,Very Low,5.68295,10.54729,Very Low,7.813458,57.0,5.2173915,100,1747055700,4.9565215
2025-05-12T13:28:47Z,236,29.851,75.1,55,67.9,14,12,240,71,0.0,255,32767,0.0,2127-15-31,0.0,0.16,26.24,0.0,0.0,0.0,0,4.828125,6,9,05:49,20:11,2025-05-12 13:28:47.163595,Città della Scienza,54.5,10.871027,11.287686,7.103688,7.6918035,EU EEA Common AQI,74.6,9.614755,10.234187,7200,4.710145,100,100,61.7,3.965217,Very Low,74.5,9.901134,100,1747055700,Very Low,5.68295,10.54729,Very Low,7.813458,57.0,5.2173915,100,1747055700,4.9565215
2025-05-12T13:28:58Z,236,29.851,75.1,55,67.9,15,12,239,71,0.0,255,32767,0.0,2127-15-31,0.0,0.16,26.24,0.0,0.0,0.0,0,4.828125,6,9,05:49,20:11,2025-05-12 13:28:58.236613,Città della Scienza,54.5,10.871027,11.287686,7.103688,7.6918035,EU EEA Common AQI,74.6,9.614755,10.234187,7200,4.710145,100,100,61.7,3.965217,Very Low,74.5,9.901134,100,1747055700,Very Low,5.68295,10.54729,Very Low,7.813458,57.0,5.2173915,100,1747055700,4.9565215
2025-05-12T13:29:09Z,236,29.851,75.1,55,67.9,16,12,246,71,0.0,255,32767,0.0,2127-15-31,0.0,0.16,26.24,0.0,0.0,0.0,0,4.828125,6,9,05:49,20:11,2025-05-12 13:29:09.300621,Città della Scienza,54.5,10.871027,11.287686,7.103688,7.6918035,EU EEA Common AQI,74.6,9.614755,10.234187,7200,4.710145,100,100,61.7,3.965217,Very Low,74.5,9.901134,100,1747055700,Very Low,5.68295,10.54729,Very Low,7.813458,57.0,5.2173915,100,1747055700,4.9565215
2025-05-12T13:29:20Z,236,29.851,75.1,55,67.7,14,12,234,72,0.0,255,32767,0.0,2127-15-31,0.0,0.16,26.24,0.0,0.0,0.0,0,4.828125,6,9,05:49,20:11,2025-05-12 13:29:20.357600,Città della Scienza,54.5,10.871027,11.287686,7.103688,7.6918035,EU EEA Common AQI,74.6,9.614755,10.234187,7200,4.710145,100,100,61.7,3.965217,Very Low,74.5,9.901134,100,1747055700,Very Low,5.68295,10.54729,Very Low,7.813458,57.0,5.2173915,100,1747055700,4.9565215
2025-05-12T13:29:31Z,236,29.851,75.1,55,67.8,13,12,244,72,0.0,255,32767,0.0,2127-15-31,0.0,0.16,26.24,0.0,0.0,0.0,0,4.828125,6,9,05:49,20:11,2025-05-12 13:29:31.430600,Città della Scienza,54.5,10.871027,11.287686,7.103688,7.6918035,EU EEA Common AQI,74.6,9.614755,10.234187,7200,4.710145,100,100,61.7,3.965217,Very Low,74.5,9.901134,100,1747055700,Very Low,5.68295,10.54729,Very Low,7.813458,57.0,5.2173915,100,1747055700,4.9565215
2025-05-12T13:29:42Z,236,29.85,75.1,55,67.8,10,12,262,72,0.0,255,32767,0.0,2127-15-31,0.0,0.16,26.24,0.0,0.0,0.0,0,4.828125,6,9,05:49,20:11,2025-05-12 13:29:42.517594,Città della Scienza,54.5,10.871027,11.287686,7.103688,7.6918035,EU EEA Common AQI,74.6,9.614755,10.234187,7200,4.710145,100,100,61.7,3.965217,Very Low,74.5,9.901134,100,1747055700,Very Low,5.68295,10.54729,Very Low,7.813458,57.0,5.2173915,100,1747055700,4.9565215
2025-05-12T13:29:53Z,236,29.85,75.1,55,67.7,13,12,241,72,0.0,255,32767,0.0,2127-15-31,0.0,0.16,26.24,0.0,0.0,0.0,0,4.828125,6,9,05:49,20:11,2025-05-12 13:29:53.580603,Città della Scienza,54.5,10.871027,11.287686,7.103688,7.6918035,EU EEA Common AQI,74.6,9.614755,10.234187,7200,4.710145,100,100,61.7,3.965217,Very Low,74.5,9.901134,100,1747055700,Very Low,5.68295,10.54729,Very Low,7.813458,57.0,5.2173915,100,1747055700,4.9565215
2025-05-12T13:30:04Z,236,29.85,75.1,55,67.7,13,12,249,72,0.0,255,32767,0.0,2127-15-31,0.0,0.16,26.24,0.0,0.0,0.0,0,4.828125,6,9,05:49,20:11,2025-05-12 13:30:04.689599,Città della Scienza,54.5,10.871027,11.287686,7.103688,7.6918035,EU EEA Common AQI,74.6,9.614755,10.234187,7200,4.710145,100,100,61.7,3.965217,Very Low,74.5,9.901134,100,1747055700,Very Low,5.68295,10.54729,Very Low,7.813458,57.0,5.2173915,100,1747055700,4.9565215
2025-05-12T13:30:15Z,236,29.85,75.1,55,67.7,12,12,256,72,0.0,255,32767,0.0,2127-15-31,0.0,0.16,26.24,0.0,0.0,0.0,0,4.828125,6,9,05:49,20:11,2025-05-12 13:30:15.779602,Città della Scienza,54.5,10.871027,11.287686,7.103688,7.6918035,EU EEA Common AQI,74.6,9.614755,10.234187,7200,4.710145,100,100,61.7,3.965217,Very Low,74.5,9.901134,100,1747055700,Very Low,5.68295,10.54729,Very Low,7.813458,57.0,5.2173915,100,1747055700,4.9565215
2025-05-12T13:30:27Z,236,29.85,75.1,55,67.7,15,12,258,72,0.0,255,32767,0.0,2127-15-31,0.0,0.16,26.24,0.0,0.0,0.0,0,4.828125,6,9,05:49,20:11,2025-05-12 13:30:26.895613,Città della Scienza,60.1,10.231874,11.312051,6.2090015,7.132461,EU EEA Common AQI,74.7,8.915577,10.255585,7200,5.0,100,100,63.5,4.251428,Very Low,74.3,9.27587,100,1747056600,Very Low,4.967201,9.825,Very Low,6.8824515,59.6,6.2285714,100,1747056600,5.3142858
2025-05-12T13:30:38Z,236,29.852,75.1,55,67.7,13,12,236,72,0.0,255,32767,0.0,2127-15-31,0.0,0.16,26.24,0.0,0.0,0.0,0,4.828125,6,9,05:49,20:11,2025-05-12 13:30:37.959601,Città della Scienza,60.1,10.231874,11.312051,6.2090015,7.132461,EU EEA Common AQI,74.7,8.915577,10.255585,7200,5.0,100,100,63.5,4.251428,Very Low,74.3,9.27587,100,1747056600,Very Low,4.967201,9.825,Very Low,6.8824515,59.6,6.2285714,100,1747056600,5.3142858
2025-05-12T13:30:49Z,236,29.852,75.1,55,67.6,15,12,257,72,0.0,255,32767,0.0,2127-15-31,0.0,0.16,26.24,0.0,0.0,0.0,0,4.828125,6,9,05:49,20:11,2025-05-12 13:30:49.038600,Città della Scienza,60.1,10.231874,11.312051,6.2090015,7.132461,EU EEA Common AQI,74.7,8.915577,10.255585,7200,5.0,100,100,63.5,4.251428,Very Low,74.3,9.27587,100,1747056600,Very Low,4.967201,9.825,Very Low,6.8824515,59.6,6.2285714,100,1747056600,5.3142858
2025-05-12T13:31:00Z,236,29.852,75.1,55,67.6,14,12,238,73,0.0,255,32767,0.0,2127-15-31,0.0,0.16,26.24,0.0,0.0,0.0,0,4.828125,6,9,05:49,20:11,2025-05-12 13:31:00.132606,Città della Scienza,60.1,10.231874,11.312051,6.2090015,7.132461,EU EEA Common AQI,74.7,8.915577,10.255585,7200,5.0,100,100,63.5,4.251428,Very Low,74.3,9.27587,100,1747056600,Very Low,4.967201,9.825,Very Low,6.8824515,59.6,6.2285714,100,1747056600,5.3142858
2025-05-12T13:31:11Z,236,29.852,75.1,55,67.7,13,12,241,73,0.0,255,32767,0.0,2127-15-31,0.0,0.16,26.24,0.0,0.0,0.0,0,4.828125,6,9,05:49,20:11,2025-05-12 13:31:11.237600,Città della Scienza,60.1,10.231874,11.312051,6.2090015,7.132461,EU EEA Common AQI,74.7,8.915577,10.255585,7200,5.0,100,100,63.5,4.251428,Very Low,74.3,9.27587,100,1747056600,Very Low,4.967201,9.825,Very Low,6.8824515,59.6,6.2285714,100,1747056600,5.3142858
2025-05-12T13:31:22Z,236,29.852,75.1,55,67.7,11,12,252,73,0.0,255,32767,0.0,2127-15-31,0.0,0.16,26.24,0.0,0.0,0.0,0,4.828125,6,9,05:49,20:11,2025-05-12 13:31:22.342607,Città della Scienza,60.1,10.231874,11.312051,6.2090015,7.132461,EU EEA Common AQI,74.7,8.915577,10.255585,7200,5.0,100,100,63.5,4.251428,Very Low,74.3,9.27587,100,1747056600,Very Low,4.967201,9.825,Very Low,6.8824515,59.6,6.2285714,100,1747056600,5.3142858
2025-05-12T13:31:33Z,236,29.851,75.1,55,67.7,15,13,252,73,0.0,255,32767,0.0,2127-15-31,0.0,0.16,26.24,0.0,0.0,0.0,0,4.828125,6,9,05:49,20:11,2025-05-12 13:31:33.398593,Città della Scienza,60.1,10.231874,11.312051,6.2090015,7.132461,EU EEA Common AQI,74.7,8.915577,10.255585,7200,5.0,100,100,63.5,4.251428,Very Low,74.3,9.27587,100,1747056600,Very Low,4.967201,9.825,Very Low,6.8824515,59.6,6.2285714,100,1747056600,5.3142858
2025-05-12T13:31:44Z,236,29.851,75.1,55,67.7,15,13,238,73,0.0,255,32767,0.0,2127-15-31,0.0,0.16,26.24,0.0,0.0,0.0,0,4.828125,6,9,05:49,20:11,2025-05-12 13:31:44.483608,Città della Scienza,60.1,10.231874,11.312051,6.2090015,7.132461,EU EEA Common AQI,74.7,8.915577,10.255585,7200,5.0,100,100,63.5,4.251428,Very Low,74.3,9.27587,100,1747056600,Very Low,4.967201,9.825,Very Low,6.8824515,59.6,6.2285714,100,1747056600,5.3142858
2025-05-12T13:31:55Z,236,29.851,75.1,55,67.6,13,13,240,73,0.0,255,32767,0.0,2127-15-31,0.0,0.16,26.24,0.0,0.0,0.0,0,4.828125,6,9,05:49,20:11,2025-05-12 13:31:55.539597,Città della Scienza,60.1,10.231874,11.312051,6.2090015,7.132461,EU EEA Common AQI,74.7,8.915577,10.255585,7200,5.0,100,100,63.5,4.251428,Very Low,74.3,9.27587,100,1747056600,Very Low,4.967201,9.825,Very Low,6.8824515,59.6,6.2285714,100,1747056600,5.3142858
2025-05-12T13:32:06Z,236,29.851,75.1,55,67.6,9,13,271,73,0.0,255,32767,0.0,2127-15-31,0.0,0.16,26.24,0.0,0.0,0.0,0,4.828125,6,9,05:49,20:11,2025-05-12 13:32:06.620605,Città della Scienza,60.1,10.231874,11.312051,6.2090015,7.132461,EU EEA Common AQI,74.7,8.915577,10.255585,7200,5.0,100,100,63.5,4.251428,Very Low,74.3,9.27587,100,1747056600,Very Low,4.967201,9.825,Very Low,6.8824515,59.6,6.2285714,100,1747056600,5.3142858
2025-05-12T13:32:17Z,236,29.851,75.1,55,67.6,16,13,238,73,0.0,255,32767,0.0,2127-15-31,0.0,0.16,26.24,0.0,0.0,0.0,0,4.828125,6,9,05:49,20:11,2025-05-12 13:32:17.734593,Città della Scienza,60.1,10.231874,11.312051,6.2090015,7.132461,EU EEA Common AQI,74.7,8.915577,10.255585,7200,5.0,100,100,63.5,4.251428,Very Low,74.3,9.27587,100,1747056600,Very Low,4.967201,9.825,Very Low,6.8824515,59.6,6.2285714,100,1747056600,5.3142858
2025-05-12T13:32:29Z,236,29.851,75.1,55,67.6,12,13,236,73,0.0,255,32767,0.0,2127-15-31,0.0,0.16,26.24,0.0,0.0,0.0,0,4.828125,6,9,05:49,20:11,2025-05-12 13:32:28.807601,Città della Scienza,60.1,10.231874,11.312051,6.2090015,7.132461,EU EEA Common AQI,74.7,8.915577,10.255585,7200,5.0,100,100,63.5,4.251428,Very Low,74.3,9.27587,100,1747056600,Very Low,4.967201,9.825,Very Low,6.8824515,59.6,6.2285714,100,1747056600,5.3142858
2025-05-12T13:32:40Z,236,29.851,75.1,55,67.6,15,13,236,73,0.0,255,32767,0.0,2127-15-31,0.0,0.16,26.24,0.0,0.0,0.0,0,4.828125,6,9,05:49,20:11,2025-05-12 13:32:39.845602,Città della Scienza,60.1,10.231874,11.312051,6.2090015,7.132461,EU EEA Common AQI,74.7,8.915577,10.255585,7200,5.0,100,100,63.5,4.251428,Very Low,74.3,9.27587,100,1747056600,Very Low,4.967201,9.825,Very Low,6.8824515,59.6,6.2285714,100,1747056600,5.3142858
2025-05-12T13:32:51Z,236,29.851,75.1,55,67.6,15,13,250,73,0.0,255,32767,0.0,2127-15-31,0.0,0.16,26.24,0.0,0.0,0.0,0,4.828125,6,9,05:49,20:11,2025-05-12 13:32:50.903602,Città della Scienza,60.1,10.231874,11.312051,6.2090015,7.132461,EU EEA Common AQI,74.7,8.915577,10.255585,7200,5.0,100,100,63.5,4.251428,Very Low,74.3,9.27587,100,1747056600,Very Low,4.967201,9.825,Very Low,6.8824515,59.6,6.2285714,100,1747056600,5.3142858
2025-05-12T13:33:03Z,236,29.851,75.1,55,67.6,15,13,241,73,0.0,255,32767,0.0,2127-15-31,0.0,0.16,26.24,0.0,0.0,0.0,0,4.828125,6,9,05:49,20:11,2025-05-12 13:33:03.115591,Città della Scienza,60.1,10.231874,11.312051,6.2090015,7.132461,EU EEA Common AQI,74.7,8.915577,10.255585,7200,5.0,100,100,63.5,4.251428,Very Low,74.3,9.27587,100,1747056600,Very Low,4.967201,9.825,Very Low,6.8824515,59.6,6.2285714,100,1747056600,5.3142858
2025-05-12T13:33:14Z,236,29.851,75.1,55,67.6,14,13,243,73,0.0,255,32767,0.0,2127-15-31,0.0,0.16,26.24,0.0,0.0,0.0,0,4.828125,6,9,05:49,20:11,2025-05-12 13:33:14.156600,Città della Scienza,60.1,10.231874,11.312051,6.2090015,7.132461,EU EEA Common AQI,74.7,8.915577,10.255585,7200,5.0,100,100,63.5,4.251428,Very Low,74.3,9.27587,100,1747056600,Very Low,4.967201,9.825,Very Low,6.8824515,59.6,6.2285714,100,1747056600,5.3142858
2025-05-12T13:33:25Z,236,29.851,75.1,55,67.6,15,13,237,73,0.0,255,32767,0.0,2127-15-31,0.0,0.16,26.24,0.0,0.0,0.0,0,4.828125,6,9,05:49,20:11,2025-05-12 13:33:25.241608,Città della Scienza,60.1,10.231874,11.312051,6.2090015,7.132461,EU EEA Common AQI,74.7,8.915577,10.255585,7200,5.0,100,100,63.5,4.251428,Very Low,74.3,9.27587,100,1747056600,Very Low,4.967201,9.825,Very Low,6.8824515,59.6,6.2285714,100,1747056600,5.3142858
2025-05-12T13:33:36Z,236,29.853,75.1,55,67.6,13,13,241,73,0.0,255,32767,0.0,2127-15-31,0.0,0.16,26.24,0.0,0.0,0.0,0,4.828125,6,9,05:49,20:11,2025-05-12 13:33:36.327595,Città della Scienza,60.1,10.231874,11.312051,6.2090015,7.132461,EU EEA Common AQI,74.7,8.915577,10.255585,7200,5.0,100,100,63.5,4.251428,Very Low,74.3,9.27587,100,1747056600,Very Low,4.967201,9.825,Very Low,6.8824515,59.6,6.2285714,100,1747056600,5.3142858
2025-05-12T13:33:47Z,236,29.853,75.1,55,67.6,14,13,245,73,0.0,255,32767,0.0,2127-15-31,0.0,0.16,26.24,0.0,0.0,0.0,0,4.828125,6,9,05:49,20:11,2025-05-12 13:33:47.397603,Città della Scienza,60.1,10.231874,11.312051,6.2090015,7.132461,EU EEA Common AQI,74.7,8.915577,10.255585,7200,5.0,100,100,63.5,4.251428,Very Low,74.3,9.27587,100,1747056600,Very Low,4.967201,9.825,Very Low,6.8824515,59.6,6.2285714,100,1747056600,5.3142858
2025-05-12T13:33:58Z,236,29.853,75.1,55,67.6,10,13,250,73,0.0,255,32767,0.0,2127-15-31,0.0,0.16,26.24,0.0,0.0,0.0,0,4.828125,6,9,05:49,20:11,2025-05-12 13:33:58.481585,Città della Scienza,60.1,10.231874,11.312051,6.2090015,7.132461,EU EEA Common AQI,74.7,8.915577,10.255585,7200,5.0,100,100,63.5,4.251428,Very Low,74.3,9.27587,100,1747056600,Very Low,4.967201,9.825,Very Low,6.8824515,59.6,6.2285714,100,1747056600,5.3142858
2025-05-12T13:34:09Z,236,29.853,75.1,55,67.6,14,13,248,73,0.0,255,32767,0.0,2127-15-31,0.0,0.16,26.24,0.0,0.0,0.0,0,4.828125,6,9,05:49,20:11,2025-05-12 13:34:09.624605,Città della Scienza,60.1,10.231874,11.312051,6.2090015,7.132461,EU EEA Common AQI,74.7,8.915577,10.255585,7200,5.0,100,100,63.5,4.251428,Very Low,74.3,9.27587,100,1747056600,Very Low,4.967201,9.825,Very Low,6.8824515,59.6,6.2285714,100,1747056600,5.3142858
2025-05-12T13:34:20Z,236,29.853,75.1,55,67.6,16,13,244,73,0.0,255,32767,0.0,2127-15-31,0.0,0.16,26.24,0.0,0.0,0.0,0,4.828125,6,9,05:49,20:11,2025-05-12 13:34:20.694601,Città della Scienza,60.1,10.231874,11.312051,6.2090015,7.132461,EU EEA Common AQI,74.7,8.915577,10.255585,7200,5.0,100,100,63.5,4.251428,Very Low,74.3,9.27587,100,1747056600,Very Low,4.967201,9.825,Very Low,6.8824515,59.6,6.2285714,100,1747056600,5.3142858
2025-05-12T13:34:31Z,236,29.853,75.1,55,67.5,16,13,266,72,0.0,255,32767,0.0,2127-15-31,0.0,0.16,26.24,0.0,0.0,0.0,0,4.828125,6,9,05:49,20:11,2025-05-12 13:34:31.761610,Città della Scienza,60.1,10.231874,11.312051,6.2090015,7.132461,EU EEA Common AQI,74.7,8.915577,10.255585,7200,5.0,100,100,63.5,4.251428,Very Low,74.3,9.27587,100,1747056600,Very Low,4.967201,9.825,Very Low,6.8824515,59.6,6.2285714,100,1747056600,5.3142858
2025-05-12T13:34:43Z,236,29.852,75.1,55,67.5,15,13,242,72,0.0,255,32767,0.0,2127-15-31,0.0,0.16,26.24,0.0,0.0,0.0,0,4.828125,6,9,05:49,20:11,2025-05-12 13:34:42.884601,Città della Scienza,60.1,10.231874,11.312051,6.2090015,7.132461,EU EEA Common AQI,74.7,8.915577,10.255585,7200,5.0,100,100,63.5,4.251428,Very Low,74.3,9.27587,100,1747056600,Very Low,4.967201,9.825,Very Low,6.8824515,59.6,6.2285714,100,1747056600,5.3142858
2025-05-12T13:34:54Z,236,29.852,75.1,55,67.5,16,13,227,72,0.0,255,32767,0.0,2127-15-31,0.0,0.16,26.24,0.0,0.0,0.0,0,4.828125,6,9,05:49,20:11,2025-05-12 13:34:53.969599,Città della Scienza,60.1,10.231874,11.312051,6.2090015,7.132461,EU EEA Common AQI,74.7,8.915577,10.255585,7200,5.0,100,100,63.5,4.251428,Very Low,74.3,9.27587,100,1747056600,Very Low,4.967201,9.825,Very Low,6.8824515,59.6,6.2285714,100,1747056600,5.3142858
2025-05-12T13:35:05Z,236,29.852,75.1,55,67.4,16,13,245,72,0.0,255,32767,0.0,2127-15-31,0.0,0.16,26.24,0.0,0.0,0.0,0,4.828125,6,9,05:49,20:11,2025-05-12 13:35:05.090596,Città della Scienza,60.1,10.231874,11.312051,6.2090015,7.132461,EU EEA Common AQI,74.7,8.915577,10.255585,7200,5.0,100,100,63.5,4.251428,Very Low,74.3,9.27587,100,1747056600,Very Low,4.967201,9.825,Very Low,6.8824515,59.6,6.2285714,100,1747056600,5.3142858
2025-05-12T13:35:16Z,236,29.852,75.1,55,67.5,17,13,247,72,0.0,255,32767,0.0,2127-15-31,0.0,0.16,26.24,0.0,0.0,0.0,0,4.828125,6,9,05:49,20:11,2025-05-12 13:35:16.160594,Città della Scienza,60.1,10.231874,11.312051,6.2090015,7.132461,EU EEA Common AQI,74.7,8.915577,10.255585,7200,5.0,100,100,63.5,4.251428,Very Low,74.3,9.27587,100,1747056600,Very Low,4.967201,9.825,Very Low,6.8824515,59.6,6.2285714,100,1747056600,5.3142858
2025-05-12T13:35:27Z,236,29.852,75.1,55,67.5,15,13,242,71,0.0,255,32767,0.0,2127-15-31,0.0,0.16,26.24,0.0,0.0,0.0,0,4.828125,6,9,05:49,20:11,2025-05-12 13:35:27.238605,Città della Scienza,60.1,10.231874,11.312051,6.2090015,7.132461,EU EEA Common AQI,74.7,8.915577,10.255585,7200,5.0,100,100,63.5,4.251428,Very Low,74.3,9.27587,100,1747056600,Very Low,4.967201,9.825,Very Low,6.8824515,59.6,6.2285714,100,1747056600,5.3142858
2025-05-12T13:35:38Z,236,29.851,75.1,55,67.5,17,14,242,71,0.0,255,32767,0.0,2127-15-31,0.0,0.16,26.24,0.0,0.0,0.0,0,4.828125,6,9,05:49,20:11,2025-05-12 13:35:38.334592,Città della Scienza,60.1,10.231874,11.312051,6.2090015,7.132461,EU EEA Common AQI,74.7,8.915577,10.255585,7200,5.0,100,100,63.5,4.251428,Very Low,74.3,9.27587,100,1747056600,Very Low,4.967201,9.825,Very Low,6.8824515,59.6,6.2285714,100,1747056600,5.3142858
2025-05-12T13:35:49Z,236,29.851,75.1,55,67.5,13,14,260,71,0.0,255,32767,0.0,2127-15-31,0.0,0.16,26.24,0.0,0.0,0.0,0,4.828125,6,9,05:49,20:11,2025-05-12 13:35:49.409596,Città della Scienza,60.1,10.231874,11.312051,6.2090015,7.132461,EU EEA Common AQI,74.7,8.915577,10.255585,7200,5.0,100,100,63.5,4.251428,Very Low,74.3,9.27587,100,1747056600,Very Low,4.967201,9.825,Very Low,6.8824515,59.6,6.2285714,100,1747056600,5.3142858
2025-05-12T13:36:00Z,236,29.851,75.1,55,67.5,12,14,259,71,0.0,255,32767,0.0,2127-15-31,0.0,0.16,26.24,0.0,0.0,0.0,0,4.828125,6,9,05:49,20:11,2025-05-12 13:36:00.475605,Città della Scienza,60.1,10.231874,11.312051,6.2090015,7.132461,EU EEA Common AQI,74.7,8.915577,10.255585,7200,5.0,100,100,63.5,4.251428,Very Low,74.3,9.27587,100,1747056600,Very Low,4.967201,9.825,Very Low,6.8824515,59.6,6.2285714,100,1747056600,5.3142858
2025-05-12T13:36:11Z,236,29.851,75.1,55,67.5,12,14,254,71,0.0,255,32767,0.0,2127-15-31,0.0,0.16,26.24,0.0,0.0,0.0,0,4.828125,6,9,05:49,20:11,2025-05-12 13:36:11.536601,Città della Scienza,60.1,10.231874,11.312051,6.2090015,7.132461,EU EEA Common AQI,74.7,8.915577,10.255585,7200,5.0,100,100,63.5,4.251428,Very Low,74.3,9.27587,100,1747056600,Very Low,4.967201,9.825,Very Low,6.8824515,59.6,6.2285714,100,1747056600,5.3142858
2025-05-12T13:36:22Z,236,29.851,75.1,55,67.5,16,14,255,72,0.0,255,32767,0.0,2127-15-31,0.0,0.16,26.24,0.0,0.0,0.0,0,4.828125,6,9,05:49,20:11,2025-05-12 13:36:22.579610,Città della Scienza,60.1,10.231874,11.312051,6.2090015,7.132461,EU EEA Common AQI,74.7,8.915577,10.255585,7200,5.0,100,100,63.5,4.251428,Very Low,74.3,9.27587,100,1747056600,Very Low,4.967201,9.825,Very Low,6.8824515,59.6,6.2285714,100,1747056600,5.3142858
2025-05-12T13:36:33Z,236,29.851,75.1,55,67.5,16,14,254,72,0.0,255,32767,0.0,2127-15-31,0.0,0.16,26.24,0.0,0.0,0.0,0,4.828125,6,9,05:49,20:11,2025-05-12 13:36:33.639604,Città della Scienza,60.1,10.231874,11.312051,6.2090015,7.132461,EU EEA Common AQI,74.7,8.915577,10.255585,7200,5.0,100,100,63.5,4.251428,Very Low,74.3,9.27587,100,1747056600,Very Low,4.967201,9.825,Very Low,6.8824515,59.6,6.2285714,100,1747056600,5.3142858
2025-05-12T13:36:44Z,236,29.851,75.1,55,67.6,15,14,249,72,0.0,255,32767,0.0,2127-15-31,0.0,0.16,26.24,0.0,0.0,0.0,0,4.828125,6,9,05:49,20:11,2025-05-12 13:36:44.733596,Città della Scienza,60.1,10.231874,11.312051,6.2090015,7.132461,EU EEA Common AQI,74.7,8.915577,10.255585,7200,5.0,100,100,63.5,4.251428,Very Low,74.3,9.27587,100,1747056600,Very Low,4.967201,9.825,Very Low,6.8824515,59.6,6.2285714,100,1747056600,5.3142858
2025-05-12T13:36:56Z,236,29.851,75.1,55,67.6,13,14,267,72,0.0,255,32767,0.0,2127-15-31,0.0,0.16,26.24,0.0,0.0,0.0,0,4.828125,6,9,05:49,20:11,2025-05-12 13:36:55.827598,Città della Scienza,60.1,10.231874,11.312051,6.2090015,7.132461,EU EEA Common AQI,74.7,8.915577,10.255585,7200,5.0,100,100,63.5,4.251428,Very Low,74.3,9.27587,100,1747056600,Very Low,4.967201,9.825,Very Low,6.8824515,59.6,6.2285714,100,1747056600,5.3142858
2025-05-12T13:37:07Z,236,29.851,75.1,55,67.6,16,14,235,72,0.0,255,32767,0.0,2127-15-31,0.0,0.16,26.24,0.0,0.0,0.0,0,4.828125,6,9,05:49,20:11,2025-05-12 13:37:06.890600,Città della Scienza,60.1,10.231874,11.312051,6.2090015,7.132461,EU EEA Common AQI,74.7,8.915577,10.255585,7200,5.0,100,100,63.5,4.251428,Very Low,74.3,9.27587,100,1747056600,Very Low,4.967201,9.825,Very Low,6.8824515,59.6,6.2285714,100,1747056600,5.3142858
2025-05-12T13:37:18Z,236,29.851,75.1,55,67.5,15,14,240,72,0.0,255,32767,0.0,2127-15-31,0.0,0.16,26.24,0.0,0.0,0.0,0,4.828125,6,9,05:49,20:11,2025-05-12 13:37:17.988593,Città della Scienza,60.1,10.231874,11.312051,6.2090015,7.132461,EU EEA Common AQI,74.7,8.915577,10.255585,7200,5.0,100,100,63.5,4.251428,Very Low,74.3,9.27587,100,1747056600,Very Low,4.967201,9.825,Very Low,6.8824515,59.6,6.2285714,100,1747056600,5.3142858
2025-05-12T13:37:29Z,236,29.851,75.1,55,67.5,12,14,246,72,0.0,255,32767,0.0,2127-15-31,0.0,0.16,26.24,0.0,0.0,0.0,0,4.828125,6,9,05:49,20:11,2025-05-12 13:37:29.184600,Città della Scienza,60.1,10.231874,11.312051,6.2090015,7.132461,EU EEA Common AQI,74.7,8.915577,10.255585,7200,5.0,100,100,63.5,4.251428,Very Low,74.3,9.27587,100,1747056600,Very Low,4.967201,9.825,Very Low,6.8824515,59.6,6.2285714,100,1747056600,5.3142858
2025-05-12T13:37:40Z,236,29.85,75.1,55,67.5,13,14,238,72,0.0,255,32767,0.0,2127-15-31,0.0,0.16,26.24,0.0,0.0,0.0,0,4.828125,6,9,05:49,20:11,2025-05-12 13:37:40.274605,Città della Scienza,60.1,10.231874,11.312051,6.2090015,7.132461,EU EEA Common AQI,74.7,8.915577,10.255585,7200,5.0,100,100,63.5,4.251428,Very Low,74.3,9.27587,100,1747056600,Very Low,4.967201,9.825,Very Low,6.8824515,59.6,6.2285714,100,1747056600,5.3142858
2025-05-12T13:37:51Z,236,29.85,75.1,55,67.5,9,14,227,72,0.0,255,32767,0.0,2127-15-31,0.0,0.16,26.24,0.0,0.0,0.0,0,4.828125,6,9,05:49,20:11,2025-05-12 13:37:51.351594,Città della Scienza,60.1,10.231874,11.312051,6.2090015,7.132461,EU EEA Common AQI,74.7,8.915577,10.255585,7200,5.0,100,100,63.5,4.251428,Very Low,74.3,9.27587,100,1747056600,Very Low,4.967201,9.825,Very Low,6.8824515,59.6,6.2285714,100,1747056600,5.3142858
2025-05-12T13:38:02Z,236,29.85,75.1,55,67.6,17,14,240,72,0.0,255,32767,0.0,2127-15-31,0.0,0.16,26.24,0.0,0.0,0.0,0,4.828125,6,9,05:49,20:11,2025-05-12 13:38:02.419613,Città della Scienza,60.1,10.231874,11.312051,6.2090015,7.132461,EU EEA Common AQI,74.7,8.915577,10.255585,7200,5.0,100,100,63.5,4.251428,Very Low,74.3,9.27587,100,1747056600,Very Low,4.967201,9.825,Very Low,6.8824515,59.6,6.2285714,100,1747056600,5.3142858
2025-05-12T13:38:13Z,236,29.85,75.1,55,67.5,11,14,275,72,0.0,255,32767,0.0,2127-15-31,0.0,0.16,26.24,0.0,0.0,0.0,0,4.828125,6,9,05:49,20:11,2025-05-12 13:38:13.512593,Città della Scienza,60.1,10.231874,11.312051,6.2090015,7.132461,EU EEA Common AQI,74.7,8.915577,10.255585,7200,5.0,100,100,63.5,4.251428,Very Low,74.3,9.27587,100,1747056600,Very Low,4.967201,9.825,Very Low,6.8824515,59.6,6.2285714,100,1747056600,5.3142858
2025-05-12T13:38:24Z,236,29.85,75.1,55,67.5,12,14,249,72,0.0,255,32767,0.0,2127-15-31,0.0,0.16,26.24,0.0,0.0,0.0,0,4.828125,6,9,05:49,20:11,2025-05-12 13:38:24.603597,Città della Scienza,60.1,10.231874,11.312051,6.2090015,7.132461,EU EEA Common AQI,74.7,8.915577,10.255585,7200,5.0,100,100,63.5,4.251428,Very Low,74.3,9.27587,100,1747056600,Very Low,4.967201,9.825,Very Low,6.8824515,59.6,6.2285714,100,1747056600,5.3142858
2025-05-12T13:38:35Z,236,29.852,75.1,55,67.6,14,14,232,72,0.0,255,32767,0.0,2127-15-31,0.0,0.16,26.24,0.0,0.0,0.0,0,4.828125,6,9,05:49,20:11,2025-05-12 13:38:35.775556,Città della Scienza,60.1,10.231874,11.312051,6.2090015,7.132461,EU EEA Common AQI,74.7,8.915577,10.255585,7200,5.0,100,100,63.5,4.251428,Very Low,74.3,9.27587,100,1747056600,Very Low,4.967201,9.825,Very Low,6.8824515,59.6,6.2285714,100,1747056600,5.3142858
2025-05-12T13:38:47Z,236,29.852,75.1,55,67.6,13,14,244,72,0.0,255,32767,0.0,2127-15-31,0.0,0.16,26.24,0.0,0.0,0.0,0,4.828125,6,9,05:49,20:11,2025-05-12 13:38:46.865607,Città della Scienza,60.1,10.231874,11.312051,6.2090015,7.132461,EU EEA Common AQI,74.7,8.915577,10.255585,7200,5.0,100,100,63.5,4.251428,Very Low,74.3,9.27587,100,1747056600,Very Low,4.967201,9.825,Very Low,6.8824515,59.6,6.2285714,100,1747056600,5.3142858
2025-05-12T13:38:58Z,236,29.852,75.1,55,67.6,13,14,246,72,0.0,255,32767,0.0,2127-15-31,0.0,0.16,26.24,0.0,0.0,0.0,0,4.828125,6,9,05:49,20:11,2025-05-12 13:38:57.952590,Città della Scienza,60.1,10.231874,11.312051,6.2090015,7.132461,EU EEA Common AQI,74.7,8.915577,10.255585,7200,5.0,100,100,63.5,4.251428,Very Low,74.3,9.27587,100,1747056600,Very Low,4.967201,9.825,Very Low,6.8824515,59.6,6.2285714,100,1747056600,5.3142858
2025-05-12T13:39:09Z,236,29.852,75.1,55,67.6,13,14,241,72,0.0,255,32767,0.0,2127-15-31,0.0,0.16,26.24,0.0,0.0,0.0,0,4.828125,6,9,05:49,20:11,2025-05-12 13:39:09.048604,Città della Scienza,60.1,10.231874,11.312051,6.2090015,7.132461,EU EEA Common AQI,74.7,8.915577,10.255585,7200,5.0,100,100,63.5,4.251428,Very Low,74.3,9.27587,100,1747056600,Very Low,4.967201,9.825,Very Low,6.8824515,59.6,6.2285714,100,1747056600,5.3142858
2025-05-12T13:39:20Z,236,29.852,75.1,55,67.6,13,14,241,72,0.0,255,32767,0.0,2127-15-31,0.0,0.16,26.24,0.0,0.0,0.0,0,4.828125,6,9,05:49,20:11,2025-05-12 13:39:20.144599,Città della Scienza,60.1,10.231874,11.312051,6.2090015,7.132461,EU EEA Common AQI,74.7,8.915577,10.255585,7200,5.0,100,100,63.5,4.251428,Very Low,74.3,9.27587,100,1747056600,Very Low,4.967201,9.825,Very Low,6.8824515,59.6,6.2285714,100,1747056600,5.3142858
2025-05-12T13:39:31Z,236,29.852,75.1,55,67.6,11,14,239,72,0.0,255,32767,0.0,2127-15-31,0.0,0.16,26.24,0.0,0.0,0.0,0,4.828125,6,9,05:49,20:11,2025-05-12 13:39:31.239596,Città della Scienza,60.1,10.231874,11.312051,6.2090015,7.132461,EU EEA Common AQI,74.7,8.915577,10.255585,7200,5.0,100,100,63.5,4.251428,Very Low,74.3,9.27587,100,1747056600,Very Low,4.967201,9.825,Very Low,6.8824515,59.6,6.2285714,100,1747056600,5.3142858
2025-05-12T13:39:42Z,236,29.852,75.1,55,67.6,10,14,248,72,0.0,255,32767,0.0,2127-15-31,0.0,0.16,26.24,0.0,0.0,0.0,0,4.828125,6,9,05:49,20:11,2025-05-12 13:39:42.354597,Città della Scienza,60.1,10.231874,11.312051,6.2090015,7.132461,EU EEA Common AQI,74.7,8.915577,10.255585,7200,5.0,100,100,63.5,4.251428,Very Low,74.3,9.27587,100,1747056600,Very Low,4.967201,9.825,Very Low,6.8824515,59.6,6.2285714,100,1747056600,5.3142858
2025-05-12T13:39:53Z,236,29.852,75.1,55,67.6,10,14,254,72,0.0,255,32767,0.0,2127-15-31,0.0,0.16,26.24,0.0,0.0,0.0,0,4.828125,6,9,05:49,20:11,2025-05-12 13:39:53.463576,Città della Scienza,60.1,10.231874,11.312051,6.2090015,7.132461,EU EEA Common AQI,74.7,8.915577,10.255585,7200,5.0,100,100,63.5,4.251428,Very Low,74.3,9.27587,100,1747056600,Very Low,4.967201,9.825,Very Low,6.8824515,59.6,6.2285714,100,1747056600,5.3142858
2025-05-12T13:40:04Z,236,29.852,75.1,55,67.6,13,14,245,72,0.0,255,32767,0.0,2127-15-31,0.0,0.16,26.24,0.0,0.0,0.0,0,4.828125,6,9,05:49,20:11,2025-05-12 13:40:04.544594,Città della Scienza,60.1,10.231874,11.312051,6.2090015,7.132461,EU EEA Common AQI,74.7,8.915577,10.255585,7200,5.0,100,100,63.5,4.251428,Very Low,74.3,9.27587,100,1747056600,Very Low,4.967201,9.825,Very Low,6.8824515,59.6,6.2285714,100,1747056600,5.3142858
2025-05-12T13:40:15Z,236,29.852,75.1,55,67.6,11,14,244,72,0.0,255,32767,0.0,2127-15-31,0.0,0.16,26.24,0.0,0.0,0.0,0,4.828125,6,9,05:49,20:11,2025-05-12 13:40:15.576596,Città della Scienza,60.1,10.231874,11.312051,6.2090015,7.132461,EU EEA Common AQI,74.7,8.915577,10.255585,7200,5.0,100,100,63.5,4.251428,Very Low,74.3,9.27587,100,1747056600,Very Low,4.967201,9.825,Very Low,6.8824515,59.6,6.2285714,100,1747056600,5.3142858
2025-05-12T13:40:26Z,236,29.852,75.1,55,67.7,12,14,281,72,0.0,255,32767,0.0,2127-15-31,0.0,0.16,26.24,0.0,0.0,0.0,0,4.828125,6,9,05:49,20:11,2025-05-12 13:40:26.638614,Città della Scienza,60.1,10.231874,11.312051,6.2090015,7.132461,EU EEA Common AQI,74.7,8.915577,10.255585,7200,5.0,100,100,63.5,4.251428,Very Low,74.3,9.27587,100,1747056600,Very Low,4.967201,9.825,Very Low,6.8824515,59.6,6.2285714,100,1747056600,5.3142858
2025-05-12T13:40:37Z,236,29.849,75.1,55,67.7,15,14,255,72,0.0,255,32767,0.0,2127-15-31,0.0,0.16,26.24,0.0,0.0,0.0,0,4.828125,6,9,05:49,20:11,2025-05-12 13:40:37.672595,Città della Scienza,60.1,10.231874,11.312051,6.2090015,7.132461,EU EEA Common AQI,74.7,8.915577,10.255585,7200,5.0,100,100,63.5,4.251428,Very Low,74.3,9.27587,100,1747056600,Very Low,4.967201,9.825,Very Low,6.8824515,59.6,6.2285714,100,1747056600,5.3142858
2025-05-12T13:40:48Z,236,29.849,75.1,55,67.8,11,14,223,72,0.0,255,32767,0.0,2127-15-31,0.0,0.16,26.24,0.0,0.0,0.0,0,4.828125,6,9,05:49,20:11,2025-05-12 13:40:48.760609,Città della Scienza,60.1,10.231874,11.312051,6.2090015,7.132461,EU EEA Common AQI,74.7,8.915577,10.255585,7200,5.0,100,100,63.5,4.251428,Very Low,74.3,9.27587,100,1747056600,Very Low,4.967201,9.825,Very Low,6.8824515,59.6,6.2285714,100,1747056600,5.3142858
2025-05-12T13:41:00Z,236,29.849,75.1,55,67.8,9,14,246,72,0.0,255,32767,0.0,2127-15-31,0.0,0.16,26.24,0.0,0.0,0.0,0,4.828125,6,9,05:49,20:11,2025-05-12 13:40:59.812594,Città della Scienza,60.1,10.231874,11.312051,6.2090015,7.132461,EU EEA Common AQI,74.7,8.915577,10.255585,7200,5.0,100,100,63.5,4.251428,Very Low,74.3,9.27587,100,1747056600,Very Low,4.967201,9.825,Very Low,6.8824515,59.6,6.2285714,100,1747056600,5.3142858
2025-05-12T13:41:11Z,236,29.849,75.1,55,67.8,14,14,244,72,0.0,255,32767,0.0,2127-15-31,0.0,0.16,26.24,0.0,0.0,0.0,0,4.828125,6,9,05:49,20:11,2025-05-12 13:41:10.932605,Città della Scienza,60.1,10.231874,11.312051,6.2090015,7.132461,EU EEA Common AQI,74.7,8.915577,10.255585,7200,5.0,100,100,63.5,4.251428,Very Low,74.3,9.27587,100,1747056600,Very Low,4.967201,9.825,Very Low,6.8824515,59.6,6.2285714,100,1747056600,5.3142858
2025-05-12T13:41:22Z,236,29.849,75.1,55,67.8,13,14,243,72,0.0,255,32767,0.0,2127-15-31,0.0,0.16,26.24,0.0,0.0,0.0,0,4.828125,6,9,05:49,20:11,2025-05-12 13:41:22.008594,Città della Scienza,60.1,10.231874,11.312051,6.2090015,7.132461,EU EEA Common AQI,74.7,8.915577,10.255585,7200,5.0,100,100,63.5,4.251428,Very Low,74.3,9.27587,100,1747056600,Very Low,4.967201,9.825,Very Low,6.8824515,59.6,6.2285714,100,1747056600,5.3142858
2025-05-12T13:41:33Z,236,29.849,75.1,55,67.9,14,13,244,72,0.0,255,32767,0.0,2127-15-31,0.0,0.16,26.24,0.0,0.0,0.0,0,4.828125,6,9,05:49,20:11,2025-05-12 13:41:33.223611,Città della Scienza,60.1,10.231874,11.312051,6.2090015,7.132461,EU EEA Common AQI,74.7,8.915577,10.255585,7200,5.0,100,100,63.5,4.251428,Very Low,74.3,9.27587,100,1747056600,Very Low,4.967201,9.825,Very Low,6.8824515,59.6,6.2285714,100,1747056600,5.3142858
2025-05-12T13:41:44Z,236,29.851,75.1,55,67.9,11,13,257,72,0.0,255,32767,0.0,2127-15-31,0.0,0.16,26.24,0.0,0.0,0.0,0,4.828125,6,9,05:49,20:11,2025-05-12 13:41:44.347595,Città della Scienza,60.1,10.231874,11.312051,6.2090015,7.132461,EU EEA Common AQI,74.7,8.915577,10.255585,7200,5.0,100,100,63.5,4.251428,Very Low,74.3,9.27587,100,1747056600,Very Low,4.967201,9.825,Very Low,6.8824515,59.6,6.2285714,100,1747056600,5.3142858
2025-05-12T13:41:55Z,236,29.851,75.1,55,67.9,12,13,276,72,0.0,255,32767,0.0,2127-15-31,0.0,0.16,26.24,0.0,0.0,0.0,0,4.828125,6,9,05:49,20:11,2025-05-12 13:41:55.484586,Città della Scienza,60.1,10.231874,11.312051,6.2090015,7.132461,EU EEA Common AQI,74.7,8.915577,10.255585,7200,5.0,100,100,63.5,4.251428,Very Low,74.3,9.27587,100,1747056600,Very Low,4.967201,9.825,Very Low,6.8824515,59.6,6.2285714,100,1747056600,5.3142858
2025-05-12T13:42:06Z,236,29.851,75.1,55,67.9,14,13,290,72,0.0,255,32767,0.0,2127-15-31,0.0,0.16,26.24,0.0,0.0,0.0,0,4.828125,6,9,05:49,20:11,2025-05-12 13:42:06.553596,Città della Scienza,60.1,10.231874,11.312051,6.2090015,7.132461,EU EEA Common AQI,74.7,8.915577,10.255585,7200,5.0,100,100,63.5,4.251428,Very Low,74.3,9.27587,100,1747056600,Very Low,4.967201,9.825,Very Low,6.8824515,59.6,6.2285714,100,1747056600,5.3142858
2025-05-12T13:42:17Z,236,29.851,75.1,55,67.9,14,13,236,72,0.0,255,32767,0.0,2127-15-31,0.0,0.16,26.24,0.0,0.0,0.0,0,4.828125,6,9,05:49,20:11,2025-05-12 13:42:17.579603,Città della Scienza,60.1,10.231874,11.312051,6.2090015,7.132461,EU EEA Common AQI,74.7,8.915577,10.255585,7200,5.0,100,100,63.5,4.251428,Very Low,74.3,9.27587,100,1747056600,Very Low,4.967201,9.825,Very Low,6.8824515,59.6,6.2285714,100,1747056600,5.3142858
2025-05-12T13:42:28Z,236,29.851,75.1,55,67.9,12,13,269,72,0.0,255,32767,0.0,2127-15-31,0.0,0.16,26.24,0.0,0.0,0.0,0,4.828125,6,9,05:49,20:11,2025-05-12 13:42:28.638596,Città della Scienza,60.1,10.231874,11.312051,6.2090015,7.132461,EU EEA Common AQI,74.7,8.915577,10.255585,7200,5.0,100,100,63.5,4.251428,Very Low,74.3,9.27587,100,1747056600,Very Low,4.967201,9.825,Very Low,6.8824515,59.6,6.2285714,100,1747056600,5.3142858
2025-05-12T13:42:39Z,236,29.849,75.1,55,67.9,9,13,261,72,0.0,255,32767,0.0,2127-15-31,0.0,0.16,26.24,0.0,0.0,0.0,0,4.828125,6,9,05:49,20:11,2025-05-12 13:42:39.712599,Città della Scienza,60.1,10.231874,11.312051,6.2090015,7.132461,EU EEA Common AQI,74.7,8.915577,10.255585,7200,5.0,100,100,63.5,4.251428,Very Low,74.3,9.27587,100,1747056600,Very Low,4.967201,9.825,Very Low,6.8824515,59.6,6.2285714,100,1747056600,5.3142858
2025-05-12T13:42:51Z,236,29.849,75.1,55,67.9,12,13,260,72,0.0,255,32767,0.0,2127-15-31,0.0,0.16,26.24,0.0,0.0,0.0,0,4.828125,6,9,05:49,20:11,2025-05-12 13:42:50.832594,Città della Scienza,60.1,10.231874,11.312051,6.2090015,7.132461,EU EEA Common AQI,74.7,8.915577,10.255585,7200,5.0,100,100,63.5,4.251428,Very Low,74.3,9.27587,100,1747056600,Very Low,4.967201,9.825,Very Low,6.8824515,59.6,6.2285714,100,1747056600,5.3142858
2025-05-12T13:43:02Z,236,29.849,75.1,55,67.9,12,13,261,72,0.0,255,32767,0.0,2127-15-31,0.0,0.16,26.24,0.0,0.0,0.0,0,4.828125,6,9,05:49,20:11,2025-05-12 13:43:01.901615,Città della Scienza,60.1,10.231874,11.312051,6.2090015,7.132461,EU EEA Common AQI,74.7,8.915577,10.255585,7200,5.0,100,100,63.5,4.251428,Very Low,74.3,9.27587,100,1747056600,Very Low,4.967201,9.825,Very Low,6.8824515,59.6,6.2285714,100,1747056600,5.3142858
2025-05-12T13:43:13Z,236,29.849,75.1,55,67.9,13,13,241,72,0.0,255,32767,0.0,2127-15-31,0.0,0.16,26.24,0.0,0.0,0.0,0,4.828125,6,9,05:49,20:11,2025-05-12 13:43:13.129589,Città della Scienza,60.1,10.231874,11.312051,6.2090015,7.132461,EU EEA Common AQI,74.7,8.915577,10.255585,7200,5.0,100,100,63.5,4.251428,Very Low,74.3,9.27587,100,1747056600,Very Low,4.967201,9.825,Very Low,6.8824515,59.6,6.2285714,100,1747056600,5.3142858
2025-05-12T13:43:24Z,236,29.849,75.1,55,67.9,15,13,265,72,0.0,255,32767,0.0,2127-15-31,0.0,0.16,26.24,0.0,0.0,0.0,0,4.828125,6,9,05:49,20:11,2025-05-12 13:43:24.175609,Città della Scienza,60.1,10.231874,11.312051,6.2090015,7.132461,EU EEA Common AQI,74.7,8.915577,10.255585,7200,5.0,100,100,63.5,4.251428,Very Low,74.3,9.27587,100,1747056600,Very Low,4.967201,9.825,Very Low,6.8824515,59.6,6.2285714,100,1747056600,5.3142858
2025-05-12T13:43:35Z,236,29.85,75.1,55,67.9,10,13,248,72,0.0,255,32767,0.0,2127-15-31,0.0,0.16,26.24,0.0,0.0,0.0,0,4.828125,6,9,05:49,20:11,2025-05-12 13:43:35.253596,Città della Scienza,60.1,10.231874,11.312051,6.2090015,7.132461,EU EEA Common AQI,74.7,8.915577,10.255585,7200,5.0,100,100,63.5,4.251428,Very Low,74.3,9.27587,100,1747056600,Very Low,4.967201,9.825,Very Low,6.8824515,59.6,6.2285714,100,1747056600,5.3142858
2025-05-12T13:43:46Z,236,29.85,75.1,55,67.9,11,13,249,72,0.0,255,32767,0.0,2127-15-31,0.0,0.16,26.24,0.0,0.0,0.0,0,4.828125,6,9,05:49,20:11,2025-05-12 13:43:46.343594,Città della Scienza,60.1,10.231874,11.312051,6.2090015,7.132461,EU EEA Common AQI,74.7,8.915577,10.255585,7200,5.0,100,100,63.5,4.251428,Very Low,74.3,9.27587,100,1747056600,Very Low,4.967201,9.825,Very Low,6.8824515,59.6,6.2285714,100,1747056600,5.3142858
2025-05-12T13:43:57Z,236,29.85,75.1,55,67.9,15,13,244,72,0.0,255,32767,0.0,2127-15-31,0.0,0.16,26.24,0.0,0.0,0.0,0,4.828125,6,9,05:49,20:11,2025-05-12 13:43:57.413568,Città della Scienza,60.1,10.231874,11.312051,6.2090015,7.132461,EU EEA Common AQI,74.7,8.915577,10.255585,7200,5.0,100,100,63.5,4.251428,Very Low,74.3,9.27587,100,1747056600,Very Low,4.967201,9.825,Very Low,6.8824515,59.6,6.2285714,100,1747056600,5.3142858
2025-05-12T13:44:08Z,236,29.85,75.1,55,67.9,12,13,245,72,0.0,255,32767,0.0,2127-15-31,0.0,0.16,26.24,0.0,0.0,0.0,0,4.828125,6,9,05:49,20:11,2025-05-12 13:44:08.489602,Città della Scienza,60.1,10.231874,11.312051,6.2090015,7.132461,EU EEA Common AQI,74.7,8.915577,10.255585,7200,5.0,100,100,63.5,4.251428,Very Low,74.3,9.27587,100,1747056600,Very Low,4.967201,9.825,Very Low,6.8824515,59.6,6.2285714,100,1747056600,5.3142858
2025-05-12T13:44:19Z,236,29.85,75.1,55,67.9,12,13,244,72,0.0,255,32767,0.0,2127-15-31,0.0,0.16,26.24,0.0,0.0,0.0,0,4.828125,6,9,05:49,20:11,2025-05-12 13:44:19.553612,Città della Scienza,60.1,10.231874,11.312051,6.2090015,7.132461,EU EEA Common AQI,74.7,8.915577,10.255585,7200,5.0,100,100,63.5,4.251428,Very Low,74.3,9.27587,100,1747056600,Very Low,4.967201,9.825,Very Low,6.8824515,59.6,6.2285714,100,1747056600,5.3142858
2025-05-12T13:44:30Z,236,29.85,75.1,55,67.9,13,13,254,72,0.0,255,32767,0.0,2127-15-31,0.0,0.16,26.24,0.0,0.0,0.0,0,4.828125,6,9,05:49,20:11,2025-05-12 13:44:30.634602,Città della Scienza,60.1,10.231874,11.312051,6.2090015,7.132461,EU EEA Common AQI,74.7,8.915577,10.255585,7200,5.0,100,100,63.5,4.251428,Very Low,74.3,9.27587,100,1747056600,Very Low,4.967201,9.825,Very Low,6.8824515,59.6,6.2285714,100,1747056600,5.3142858
2025-05-12T13:44:41Z,236,29.851,75.0,55,67.9,13,13,271,72,0.0,255,32767,0.0,2127-15-31,0.0,0.16,26.24,0.0,0.0,0.0,0,4.828125,6,9,05:49,20:11,2025-05-12 13:44:41.707596,Città della Scienza,60.1,10.231874,11.312051,6.2090015,7.132461,EU EEA Common AQI,74.7,8.915577,10.255585,7200,5.0,100,100,63.5,4.251428,Very Low,74.3,9.27587,100,1747056600,Very Low,4.967201,9.825,Very Low,6.8824515,59.6,6.2285714,100,1747056600,5.3142858
2025-05-12T13:44:53Z,236,29.851,75.0,55,67.9,14,13,242,72,0.0,255,32767,0.0,2127-15-31,0.0,0.16,26.24,0.0,0.0,0.0,0,4.828125,6,9,05:49,20:11,2025-05-12 13:44:52.803625,Città della Scienza,60.1,10.231874,11.312051,6.2090015,7.132461,EU EEA Common AQI,74.7,8.915577,10.255585,7200,5.0,100,100,63.5,4.251428,Very Low,74.3,9.27587,100,1747056600,Very Low,4.967201,9.825,Very Low,6.8824515,59.6,6.2285714,100,1747056600,5.3142858
2025-05-12T13:45:04Z,236,29.851,75.0,55,67.9,10,13,261,72,0.0,255,32767,0.0,2127-15-31,0.0,0.16,26.24,0.0,0.0,0.0,0,4.828125,6,9,05:49,20:11,2025-05-12 13:45:03.922605,Città della Scienza,60.1,10.231874,11.312051,6.2090015,7.132461,EU EEA Common AQI,74.7,8.915577,10.255585,7200,5.0,100,100,63.5,4.251428,Very Low,74.3,9.27587,100,1747056600,Very Low,4.967201,9.825,Very Low,6.8824515,59.6,6.2285714,100,1747056600,5.3142858
2025-05-12T13:45:15Z,236,29.851,75.0,55,67.9,11,13,254,72,0.0,255,32767,0.0,2127-15-31,0.0,0.16,26.24,0.0,0.0,0.0,0,4.828125,6,9,05:49,20:11,2025-05-12 13:45:15.006598,Città della Scienza,60.1,10.231874,11.312051,6.2090015,7.132461,EU EEA Common AQI,74.7,8.915577,10.255585,7200,5.0,100,100,63.5,4.251428,Very Low,74.3,9.27587,100,1747056600,Very Low,4.967201,9.825,Very Low,6.8824515,59.6,6.2285714,100,1747056600,5.3142858
2025-05-12T13:45:26Z,236,29.851,75.0,55,67.9,10,13,252,72,0.0,255,32767,0.0,2127-15-31,0.0,0.16,26.24,0.0,0.0,0.0,0,4.828125,6,9,05:49,20:11,2025-05-12 13:45:26.082597,Città della Scienza,58.6,9.381256,11.328308,5.3764367,6.530206,EU EEA Common AQI,76.1,8.162758,10.270523,7200,4.3333335,100,100,64.2,3.5362318,Very Low,75.7,8.4578905,100,1747057500,Very Low,4.3011494,9.04231,Very Low,6.068726,60.2,4.826087,100,1747057500,4.42029
2025-05-12T13:45:37Z,236,29.85,75.0,55,67.9,9,13,254,72,0.0,255,32767,0.0,2127-15-31,0.0,0.16,26.24,0.0,0.0,0.0,0,4.828125,6,9,05:49,20:11,2025-05-12 13:45:37.142557,Città della Scienza,58.6,9.381256,11.328308,5.3764367,6.530206,EU EEA Common AQI,76.1,8.162758,10.270523,7200,4.3333335,100,100,64.2,3.5362318,Very Low,75.7,8.4578905,100,1747057500,Very Low,4.3011494,9.04231,Very Low,6.068726,60.2,4.826087,100,1747057500,4.42029
2025-05-12T13:45:48Z,236,29.85,75.0,55,68.0,13,13,247,72,0.0,255,32767,0.0,2127-15-31,0.0,0.16,26.24,0.0,0.0,0.0,0,4.828125,6,9,05:49,20:11,2025-05-12 13:45:48.198595,Città della Scienza,58.6,9.381256,11.328308,5.3764367,6.530206,EU EEA Common AQI,76.1,8.162758,10.270523,7200,4.3333335,100,100,64.2,3.5362318,Very Low,75.7,8.4578905,100,1747057500,Very Low,4.3011494,9.04231,Very Low,6.068726,60.2,4.826087,100,1747057500,4.42029
2025-05-12T13:45:59Z,236,29.85,75.0,55,68.0,12,13,240,73,0.0,255,32767,0.0,2127-15-31,0.0,0.16,26.24,0.0,0.0,0.0,0,4.828125,6,9,05:49,20:11,2025-05-12 13:45:59.311598,Città della Scienza,58.6,9.381256,11.328308,5.3764367,6.530206,EU EEA Common AQI,76.1,8.162758,10.270523,7200,4.3333335,100,100,64.2,3.5362318,Very Low,75.7,8.4578905,100,1747057500,Very Low,4.3011494,9.04231,Very Low,6.068726,60.2,4.826087,100,1747057500,4.42029
2025-05-12T13:46:10Z,236,29.85,75.0,55,68.0,14,13,261,73,0.0,255,32767,0.0,2127-15-31,0.0,0.16,26.24,0.0,0.0,0.0,0,4.828125,6,9,05:49,20:11,2025-05-12 13:46:10.496614,Città della Scienza,58.6,9.381256,11.328308,5.3764367,6.530206,EU EEA Common AQI,76.1,8.162758,10.270523,7200,4.3333335,100,100,64.2,3.5362318,Very Low,75.7,8.4578905,100,1747057500,Very Low,4.3011494,9.04231,Very Low,6.068726,60.2,4.826087,100,1747057500,4.42029
2025-05-12T13:46:21Z,236,29.85,75.0,55,68.0,11,13,238,73,0.0,255,32767,0.0,2127-15-31,0.0,0.16,26.24,0.0,0.0,0.0,0,4.828125,6,9,05:49,20:11,2025-05-12 13:46:21.552595,Città della Scienza,58.6,9.381256,11.328308,5.3764367,6.530206,EU EEA Common AQI,76.1,8.162758,10.270523,7200,4.3333335,100,100,64.2,3.5362318,Very Low,75.7,8.4578905,100,1747057500,Very Low,4.3011494,9.04231,Very Low,6.068726,60.2,4.826087,100,1747057500,4.42029
2025-05-12T13:46:32Z,236,29.85,75.0,55,68.0,12,13,258,73,0.0,255,32767,0.0,2127-15-31,0.0,0.16,26.24,0.0,0.0,0.0,0,4.828125,6,9,05:49,20:11,2025-05-12 13:46:32.620620,Città della Scienza,58.6,9.381256,11.328308,5.3764367,6.530206,EU EEA Common AQI,76.1,8.162758,10.270523,7200,4.3333335,100,100,64.2,3.5362318,Very Low,75.7,8.4578905,100,1747057500,Very Low,4.3011494,9.04231,Very Low,6.068726,60.2,4.826087,100,1747057500,4.42029
2025-05-12T13:46:43Z,236,29.849,75.1,55,68.0,11,12,259,72,0.0,255,32767,0.0,2127-15-31,0.0,0.16,26.24,0.0,0.0,0.0,0,4.828125,6,9,05:49,20:11,2025-05-12 13:46:43.655589,Città della Scienza,58.6,9.381256,11.328308,5.3764367,6.530206,EU EEA Common AQI,76.1,8.162758,10.270523,7200,4.3333335,100,100,64.2,3.5362318,Very Low,75.7,8.4578905,100,1747057500,Very Low,4.3011494,9.04231,Very Low,6.068726,60.2,4.826087,100,1747057500,4.42029
2025-05-12T13:46:54Z,236,29.849,75.1,55,67.9,14,12,248,72,0.0,255,32767,0.0,2127-15-31,0.0,0.16,26.24,0.0,0.0,0.0,0,4.828125,6,9,05:49,20:11,2025-05-12 13:46:54.732557,Città della Scienza,58.6,9.381256,11.328308,5.3764367,6.530206,EU EEA Common AQI,76.1,8.162758,10.270523,7200,4.3333335,100,100,64.2,3.5362318,Very Low,75.7,8.4578905,100,1747057500,Very Low,4.3011494,9.04231,Very Low,6.068726,60.2,4.826087,100,1747057500,4.42029
2025-05-12T13:47:06Z,236,29.849,75.1,55,67.9,13,12,269,72,0.0,255,32767,0.0,2127-15-31,0.0,0.16,26.24,0.0,0.0,0.0,0,4.828125,6,9,05:49,20:11,2025-05-12 13:47:05.815634,Città della Scienza,58.6,9.381256,11.328308,5.3764367,6.530206,EU EEA Common AQI,76.1,8.162758,10.270523,7200,4.3333335,100,100,64.2,3.5362318,Very Low,75.7,8.4578905,100,1747057500,Very Low,4.3011494,9.04231,Very Low,6.068726,60.2,4.826087,100,1747057500,4.42029
2025-05-12T13:47:17Z,236,29.849,75.1,55,67.9,10,12,240,72,0.0,255,32767,0.0,2127-15-31,0.0,0.16,26.24,0.0,0.0,0.0,0,4.828125,6,9,05:49,20:11,2025-05-12 13:47:16.864617,Città della Scienza,58.6,9.381256,11.328308,5.3764367,6.530206,EU EEA Common AQI,76.1,8.162758,10.270523,7200,4.3333335,100,100,64.2,3.5362318,Very Low,75.7,8.4578905,100,1747057500,Very Low,4.3011494,9.04231,Very Low,6.068726,60.2,4.826087,100,1747057500,4.42029
2025-05-12T13:47:28Z,236,29.849,75.1,55,67.9,14,12,240,72,0.0,255,32767,0.0,2127-15-31,0.0,0.16,26.24,0.0,0.0,0.0,0,4.828125,6,9,05:49,20:11,2025-05-12 13:47:27.941598,Città della Scienza,58.6,9.381256,11.328308,5.3764367,6.530206,EU EEA Common AQI,76.1,8.162758,10.270523,7200,4.3333335,100,100,64.2,3.5362318,Very Low,75.7,8.4578905,100,1747057500,Very Low,4.3011494,9.04231,Very Low,6.068726,60.2,4.826087,100,1747057500,4.42029
2025-05-12T13:47:39Z,236,29.85,75.0,55,67.9,13,12,233,72,0.0,255,32767,0.0,2127-15-31,0.0,0.16,26.24,0.0,0.0,0.0,0,4.828125,6,9,05:49,20:11,2025-05-12 13:47:39.028600,Città della Scienza,58.6,9.381256,11.328308,5.3764367,6.530206,EU EEA Common AQI,76.1,8.162758,10.270523,7200,4.3333335,100,100,64.2,3.5362318,Very Low,75.7,8.4578905,100,1747057500,Very Low,4.3011494,9.04231,Very Low,6.068726,60.2,4.826087,100,1747057500,4.42029
2025-05-12T13:47:50Z,236,29.85,75.0,55,68.0,9,12,229,72,0.0,255,32767,0.0,2127-15-31,0.0,0.16,26.24,0.0,0.0,0.0,0,4.828125,6,9,05:49,20:11,2025-05-12 13:47:50.052603,Città della Scienza,58.6,9.381256,11.328308,5.3764367,6.530206,EU EEA Common AQI,76.1,8.162758,10.270523,7200,4.3333335,100,100,64.2,3.5362318,Very Low,75.7,8.4578905,100,1747057500,Very Low,4.3011494,9.04231,Very Low,6.068726,60.2,4.826087,100,1747057500,4.42029
2025-05-12T13:48:01Z,236,29.85,75.0,55,68.0,10,12,258,72,0.0,255,32767,0.0,2127-15-31,0.0,0.16,26.24,0.0,0.0,0.0,0,4.828125,6,9,05:49,20:11,2025-05-12 13:48:01.197594,Città della Scienza,58.6,9.381256,11.328308,5.3764367,6.530206,EU EEA Common AQI,76.1,8.162758,10.270523,7200,4.3333335,100,100,64.2,3.5362318,Very Low,75.7,8.4578905,100,1747057500,Very Low,4.3011494,9.04231,Very Low,6.068726,60.2,4.826087,100,1747057500,4.42029
2025-05-12T13:48:12Z,236,29.85,75.0,55,68.0,14,12,263,72,0.0,255,32767,0.0,2127-15-31,0.0,0.16,26.24,0.0,0.0,0.0,0,4.828125,6,9,05:49,20:11,2025-05-12 13:48:12.277599,Città della Scienza,58.6,9.381256,11.328308,5.3764367,6.530206,EU EEA Common AQI,76.1,8.162758,10.270523,7200,4.3333335,100,100,64.2,3.5362318,Very Low,75.7,8.4578905,100,1747057500,Very Low,4.3011494,9.04231,Very Low,6.068726,60.2,4.826087,100,1747057500,4.42029
2025-05-12T13:48:23Z,236,29.85,75.0,55,68.0,12,12,221,72,0.0,255,32767,0.0,2127-15-31,0.0,0.16,26.24,0.0,0.0,0.0,0,4.828125,6,9,05:49,20:11,2025-05-12 13:48:23.338596,Città della Scienza,58.6,9.381256,11.328308,5.3764367,6.530206,EU EEA Common AQI,76.1,8.162758,10.270523,7200,4.3333335,100,100,64.2,3.5362318,Very Low,75.7,8.4578905,100,1747057500,Very Low,4.3011494,9.04231,Very Low,6.068726,60.2,4.826087,100,1747057500,4.42029
2025-05-12T13:48:34Z,236,29.851,74.9,55,68.0,10,12,239,72,0.0,255,32767,0.0,2127-15-31,0.0,0.16,26.24,0.0,0.0,0.0,0,4.828125,6,9,05:49,20:11,2025-05-12 13:48:34.365599,Città della Scienza,58.6,9.381256,11.328308,5.3764367,6.530206,EU EEA Common AQI,76.1,8.162758,10.270523,7200,4.3333335,100,100,64.2,3.5362318,Very Low,75.7,8.4578905,100,1747057500,Very Low,4.3011494,9.04231,Very Low,6.068726,60.2,4.826087,100,1747057500,4.42029
2025-05-12T13:48:45Z,236,29.851,74.9,55,68.0,16,12,252,72,0.0,255,32767,0.0,2127-15-31,0.0,0.16,26.24,0.0,0.0,0.0,0,4.828125,6,9,05:49,20:11,2025-05-12 13:48:45.449599,Città della Scienza,58.6,9.381256,11.328308,5.3764367,6.530206,EU EEA Common AQI,76.1,8.162758,10.270523,7200,4.3333335,100,100,64.2,3.5362318,Very Low,75.7,8.4578905,100,1747057500,Very Low,4.3011494,9.04231,Very Low,6.068726,60.2,4.826087,100,1747057500,4.42029
2025-05-12T13:48:56Z,236,29.851,74.9,55,68.1,14,12,244,72,0.0,255,32767,0.0,2127-15-31,0.0,0.16,26.24,0.0,0.0,0.0,0,4.828125,6,9,05:49,20:11,2025-05-12 13:48:56.557620,Città della Scienza,58.6,9.381256,11.328308,5.3764367,6.530206,EU EEA Common AQI,76.1,8.162758,10.270523,7200,4.3333335,100,100,64.2,3.5362318,Very Low,75.7,8.4578905,100,1747057500,Very Low,4.3011494,9.04231,Very Low,6.068726,60.2,4.826087,100,1747057500,4.42029
2025-05-12T13:49:07Z,236,29.851,74.9,55,68.1,11,12,257,72,0.0,255,32767,0.0,2127-15-31,0.0,0.16,26.24,0.0,0.0,0.0,0,4.828125,6,9,05:49,20:11,2025-05-12 13:49:07.652606,Città della Scienza,58.6,9.381256,11.328308,5.3764367,6.530206,EU EEA Common AQI,76.1,8.162758,10.270523,7200,4.3333335,100,100,64.2,3.5362318,Very Low,75.7,8.4578905,100,1747057500,Very Low,4.3011494,9.04231,Very Low,6.068726,60.2,4.826087,100,1747057500,4.42029
2025-05-12T13:49:18Z,236,29.851,74.9,55,68.1,16,12,264,72,0.0,255,32767,0.0,2127-15-31,0.0,0.16,26.24,0.0,0.0,0.0,0,4.828125,6,9,05:49,20:11,2025-05-12 13:49:18.692600,Città della Scienza,58.6,9.381256,11.328308,5.3764367,6.530206,EU EEA Common AQI,76.1,8.162758,10.270523,7200,4.3333335,100,100,64.2,3.5362318,Very Low,75.7,8.4578905,100,1747057500,Very Low,4.3011494,9.04231,Very Low,6.068726,60.2,4.826087,100,1747057500,4.42029
2025-05-12T13:49:29Z,236,29.851,74.9,55,68.0,13,12,238,71,0.0,255,32767,0.0,2127-15-31,0.0,0.16,26.24,0.0,0.0,0.0,0,4.828125,6,9,05:49,20:11,2025-05-12 13:49:29.780596,Città della Scienza,58.6,9.381256,11.328308,5.3764367,6.530206,EU EEA Common AQI,76.1,8.162758,10.270523,7200,4.3333335,100,100,64.2,3.5362318,Very Low,75.7,8.4578905,100,1747057500,Very Low,4.3011494,9.04231,Very Low,6.068726,60.2,4.826087,100,1747057500,4.42029
2025-05-12T13:49:41Z,236,29.85,75.0,55,68.0,9,12,244,71,0.0,255,32767,0.0,2127-15-31,0.0,0.16,26.24,0.0,0.0,0.0,0,4.828125,6,9,05:49,20:11,2025-05-12 13:49:40.891600,Città della Scienza,58.6,9.381256,11.328308,5.3764367,6.530206,EU EEA Common AQI,76.1,8.162758,10.270523,7200,4.3333335,100,100,64.2,3.5362318,Very Low,75.7,8.4578905,100,1747057500,Very Low,4.3011494,9.04231,Very Low,6.068726,60.2,4.826087,100,1747057500,4.42029
2025-05-12T13:49:52Z,236,29.85,75.0,55,68.0,10,12,254,71,0.0,255,32767,0.0,2127-15-31,0.0,0.16,26.24,0.0,0.0,0.0,0,4.828125,6,9,05:49,20:11,2025-05-12 13:49:51.982602,Città della Scienza,58.6,9.381256,11.328308,5.3764367,6.530206,EU EEA Common AQI,76.1,8.162758,10.270523,7200,4.3333335,100,100,64.2,3.5362318,Very Low,75.7,8.4578905,100,1747057500,Very Low,4.3011494,9.04231,Very Low,6.068726,60.2,4.826087,100,1747057500,4.42029
2025-05-12T13:50:03Z,236,29.85,75.0,55,68.0,12,12,250,71,0.0,255,32767,0.0,2127-15-31,0.0,0.16,26.24,0.0,0.0,0.0,0,4.828125,6,9,05:49,20:11,2025-05-12 13:50:03.038591,Città della Scienza,58.6,9.381256,11.328308,5.3764367,6.530206,EU EEA Common AQI,76.1,8.162758,10.270523,7200,4.3333335,100,100,64.2,3.5362318,Very Low,75.7,8.4578905,100,1747057500,Very Low,4.3011494,9.04231,Very Low,6.068726,60.2,4.826087,100,1747057500,4.42029
2025-05-12T13:50:14Z,236,29.85,75.0,55,68.0,12,12,249,71,0.0,255,32767,0.0,2127-15-31,0.0,0.16,26.24,0.0,0.0,0.0,0,4.828125,6,9,05:49,20:11,2025-05-12 13:50:14.187607,Città della Scienza,58.6,9.381256,11.328308,5.3764367,6.530206,EU EEA Common AQI,76.1,8.162758,10.270523,7200,4.3333335,100,100,64.2,3.5362318,Very Low,75.7,8.4578905,100,1747057500,Very Low,4.3011494,9.04231,Very Low,6.068726,60.2,4.826087,100,1747057500,4.42029
2025-05-12T13:50:25Z,236,29.85,75.0,55,68.0,12,12,254,71,0.0,255,32767,0.0,2127-15-31,0.0,0.16,26.24,0.0,0.0,0.0,0,4.828125,6,9,05:49,20:11,2025-05-12 13:50:25.257594,Città della Scienza,58.6,9.381256,11.328308,5.3764367,6.530206,EU EEA Common AQI,76.1,8.162758,10.270523,7200,4.3333335,100,100,64.2,3.5362318,Very Low,75.7,8.4578905,100,1747057500,Very Low,4.3011494,9.04231,Very Low,6.068726,60.2,4.826087,100,1747057500,4.42029
2025-05-12T13:50:36Z,236,29.849,75.0,55,68.0,12,12,234,71,0.0,255,32767,0.0,2127-15-31,0.0,0.16,26.24,0.0,0.0,0.0,0,4.828125,6,9,05:49,20:11,2025-05-12 13:50:36.311610,Città della Scienza,58.6,9.381256,11.328308,5.3764367,6.530206,EU EEA Common AQI,76.1,8.162758,10.270523,7200,4.3333335,100,100,64.2,3.5362318,Very Low,75.7,8.4578905,100,1747057500,Very Low,4.3011494,9.04231,Very Low,6.068726,60.2,4.826087,100,1747057500,4.42029
2025-05-12T13:50:47Z,236,29.849,75.0,55,68.0,13,12,249,71,0.0,255,32767,0.0,2127-15-31,0.0,0.16,26.24,0.0,0.0,0.0,0,4.828125,6,9,05:49,20:11,2025-05-12 13:50:47.430593,Città della Scienza,58.6,9.381256,11.328308,5.3764367,6.530206,EU EEA Common AQI,76.1,8.162758,10.270523,7200,4.3333335,100,100,64.2,3.5362318,Very Low,75.7,8.4578905,100,1747057500,Very Low,4.3011494,9.04231,Very Low,6.068726,60.2,4.826087,100,1747057500,4.42029
2025-05-12T13:50:58Z,236,29.849,75.0,55,68.0,11,12,257,71,0.0,255,32767,0.0,2127-15-31,0.0,0.16,26.24,0.0,0.0,0.0,0,4.828125,6,9,05:49,20:11,2025-05-12 13:50:58.480602,Città della Scienza,58.6,9.381256,11.328308,5.3764367,6.530206,EU EEA Common AQI,76.1,8.162758,10.270523,7200,4.3333335,100,100,64.2,3.5362318,Very Low,75.7,8.4578905,100,1747057500,Very Low,4.3011494,9.04231,Very Low,6.068726,60.2,4.826087,100,1747057500,4.42029
2025-05-12T13:51:09Z,236,29.849,75.0,55,67.9,15,12,246,70,0.0,255,32767,0.0,2127-15-31,0.0,0.16,26.24,0.0,0.0,0.0,0,4.828125,6,9,05:49,20:11,2025-05-12 13:51:09.565589,Città della Scienza,58.6,9.381256,11.328308,5.3764367,6.530206,EU EEA Common AQI,76.1,8.162758,10.270523,7200,4.3333335,100,100,64.2,3.5362318,Very Low,75.7,8.4578905,100,1747057500,Very Low,4.3011494,9.04231,Very Low,6.068726,60.2,4.826087,100,1747057500,4.42029
2025-05-12T13:51:20Z,236,29.849,75.0,55,67.9,13,12,250,70,0.0,255,32767,0.0,2127-15-31,0.0,0.16,26.24,0.0,0.0,0.0,0,4.828125,6,9,05:49,20:11,2025-05-12 13:51:20.630620,Città della Scienza,58.6,9.381256,11.328308,5.3764367,6.530206,EU EEA Common AQI,76.1,8.162758,10.270523,7200,4.3333335,100,100,64.2,3.5362318,Very Low,75.7,8.4578905,100,1747057500,Very Low,4.3011494,9.04231,Very Low,6.068726,60.2,4.826087,100,1747057500,4.42029
2025-05-12T13:51:31Z,236,29.849,75.0,55,67.9,13,12,242,70,0.0,255,32767,0.0,2127-15-31,0.0,0.16,26.24,0.0,0.0,0.0,0,4.828125,6,9,05:49,20:11,2025-05-12 13:51:31.732631,Città della Scienza,58.6,9.381256,11.328308,5.3764367,6.530206,EU EEA Common AQI,76.1,8.162758,10.270523,7200,4.3333335,100,100,64.2,3.5362318,Very Low,75.7,8.4578905,100,1747057500,Very Low,4.3011494,9.04231,Very Low,6.068726,60.2,4.826087,100,1747057500,4.42029
2025-05-12T13:51:42Z,236,29.849,74.9,55,67.9,16,12,244,70,0.0,255,32767,0.0,2127-15-31,0.0,0.16,26.24,0.0,0.0,0.0,0,4.828125,6,9,05:49,20:11,2025-05-12 13:51:42.792593,Città della Scienza,58.6,9.381256,11.328308,5.3764367,6.530206,EU EEA Common AQI,76.1,8.162758,10.270523,7200,4.3333335,100,100,64.2,3.5362318,Very Low,75.7,8.4578905,100,1747057500,Very Low,4.3011494,9.04231,Very Low,6.068726,60.2,4.826087,100,1747057500,4.42029
2025-05-12T13:51:54Z,236,29.849,74.9,55,67.9,13,12,249,70,0.0,255,32767,0.0,2127-15-31,0.0,0.16,26.24,0.0,0.0,0.0,0,4.828125,6,9,05:49,20:11,2025-05-12 13:51:53.896560,Città della Scienza,58.6,9.381256,11.328308,5.3764367,6.530206,EU EEA Common AQI,76.1,8.162758,10.270523,7200,4.3333335,100,100,64.2,3.5362318,Very Low,75.7,8.4578905,100,1747057500,Very Low,4.3011494,9.04231,Very Low,6.068726,60.2,4.826087,100,1747057500,4.42029
2025-05-12T13:52:05Z,236,29.849,74.9,55,67.9,13,12,252,70,0.0,255,32767,0.0,2127-15-31,0.0,0.16,26.24,0.0,0.0,0.0,0,4.828125,6,9,05:49,20:11,2025-05-12 13:52:04.991601,Città della Scienza,58.6,9.381256,11.328308,5.3764367,6.530206,EU EEA Common AQI,76.1,8.162758,10.270523,7200,4.3333335,100,100,64.2,3.5362318,Very Low,75.7,8.4578905,100,1747057500,Very Low,4.3011494,9.04231,Very Low,6.068726,60.2,4.826087,100,1747057500,4.42029
2025-05-12T13:52:16Z,236,29.849,74.9,55,67.9,14,12,244,70,0.0,255,32767,0.0,2127-15-31,0.0,0.16,26.24,0.0,0.0,0.0,0,4.828125,6,9,05:49,20:11,2025-05-12 13:52:16.086604,Città della Scienza,58.6,9.381256,11.328308,5.3764367,6.530206,EU EEA Common AQI,76.1,8.162758,10.270523,7200,4.3333335,100,100,64.2,3.5362318,Very Low,75.7,8.4578905,100,1747057500,Very Low,4.3011494,9.04231,Very Low,6.068726,60.2,4.826087,100,1747057500,4.42029
2025-05-12T13:52:27Z,236,29.849,74.9,55,67.9,14,12,265,70,0.0,255,32767,0.0,2127-15-31,0.0,0.16,26.24,0.0,0.0,0.0,0,4.828125,6,9,05:49,20:11,2025-05-12 13:52:27.199603,Città della Scienza,58.6,9.381256,11.328308,5.3764367,6.530206,EU EEA Common AQI,76.1,8.162758,10.270523,7200,4.3333335,100,100,64.2,3.5362318,Very Low,75.7,8.4578905,100,1747057500,Very Low,4.3011494,9.04231,Very Low,6.068726,60.2,4.826087,100,1747057500,4.42029
2025-05-12T13:52:38Z,236,29.849,75.0,55,68.0,12,12,253,70,0.0,255,32767,0.0,2127-15-31,0.0,0.16,26.24,0.0,0.0,0.0,0,4.828125,6,9,05:49,20:11,2025-05-12 13:52:38.251588,Città della Scienza,58.6,9.381256,11.328308,5.3764367,6.530206,EU EEA Common AQI,76.1,8.162758,10.270523,7200,4.3333335,100,100,64.2,3.5362318,Very Low,75.7,8.4578905,100,1747057500,Very Low,4.3011494,9.04231,Very Low,6.068726,60.2,4.826087,100,1747057500,4.42029
2025-05-12T13:52:49Z,236,29.849,75.0,55,67.9,12,12,244,70,0.0,255,32767,0.0,2127-15-31,0.0,0.16,26.24,0.0,0.0,0.0,0,4.828125,6,9,05:49,20:11,2025-05-12 13:52:49.314596,Città della Scienza,58.6,9.381256,11.328308,5.3764367,6.530206,EU EEA Common AQI,76.1,8.162758,10.270523,7200,4.3333335,100,100,64.2,3.5362318,Very Low,75.7,8.4578905,100,1747057500,Very Low,4.3011494,9.04231,Very Low,6.068726,60.2,4.826087,100,1747057500,4.42029
2025-05-12T13:53:00Z,236,29.849,75.0,55,67.9,13,12,233,70,0.0,255,32767,0.0,2127-15-31,0.0,0.16,26.24,0.0,0.0,0.0,0,4.828125,6,9,05:49,20:11,2025-05-12 13:53:00.378603,Città della Scienza,58.6,9.381256,11.328308,5.3764367,6.530206,EU EEA Common AQI,76.1,8.162758,10.270523,7200,4.3333335,100,100,64.2,3.5362318,Very Low,75.7,8.4578905,100,1747057500,Very Low,4.3011494,9.04231,Very Low,6.068726,60.2,4.826087,100,1747057500,4.42029
2025-05-12T13:53:11Z,236,29.849,75.0,55,67.9,11,12,240,70,0.0,255,32767,0.0,2127-15-31,0.0,0.16,26.24,0.0,0.0,0.0,0,4.828125,6,9,05:49,20:11,2025-05-12 13:53:11.470603,Città della Scienza,58.6,9.381256,11.328308,5.3764367,6.530206,EU EEA Common AQI,76.1,8.162758,10.270523,7200,4.3333335,100,100,64.2,3.5362318,Very Low,75.7,8.4578905,100,1747057500,Very Low,4.3011494,9.04231,Very Low,6.068726,60.2,4.826087,100,1747057500,4.42029
2025-05-12T13:53:22Z,236,29.849,75.0,55,67.9,15,12,250,70,0.0,255,32767,0.0,2127-15-31,0.0,0.16,26.24,0.0,0.0,0.0,0,4.828125,6,9,05:49,20:11,2025-05-12 13:53:22.548592,Città della Scienza,58.6,9.381256,11.328308,5.3764367,6.530206,EU EEA Common AQI,76.1,8.162758,10.270523,7200,4.3333335,100,100,64.2,3.5362318,Very Low,75.7,8.4578905,100,1747057500,Very Low,4.3011494,9.04231,Very Low,6.068726,60.2,4.826087,100,1747057500,4.42029
2025-05-12T13:53:33Z,236,29.85,74.9,55,67.9,12,12,246,70,0.0,255,32767,0.0,2127-15-31,0.0,0.16,26.24,0.0,0.0,0.0,0,4.828125,6,9,05:49,20:11,2025-05-12 13:53:33.620598,Città della Scienza,58.6,9.381256,11.328308,5.3764367,6.530206,EU EEA Common AQI,76.1,8.162758,10.270523,7200,4.3333335,100,100,64.2,3.5362318,Very Low,75.7,8.4578905,100,1747057500,Very Low,4.3011494,9.04231,Very Low,6.068726,60.2,4.826087,100,1747057500,4.42029
2025-05-12T13:53:44Z,236,29.85,74.9,55,67.9,12,12,246,70,0.0,255,32767,0.0,2127-15-31,0.0,0.16,26.24,0.0,0.0,0.0,0,4.828125,6,9,05:49,20:11,2025-05-12 13:53:44.716605,Città della Scienza,58.6,9.381256,11.328308,5.3764367,6.530206,EU EEA Common AQI,76.1,8.162758,10.270523,7200,4.3333335,100,100,64.2,3.5362318,Very Low,75.7,8.4578905,100,1747057500,Very Low,4.3011494,9.04231,Very Low,6.068726,60.2,4.826087,100,1747057500,4.42029
2025-05-12T13:53:56Z,236,29.85,74.9,55,67.9,11,12,275,70,0.0,255,32767,0.0,2127-15-31,0.0,0.16,26.24,0.0,0.0,0.0,0,4.828125,6,9,05:49,20:11,2025-05-12 13:53:55.834595,Città della Scienza,58.6,9.381256,11.328308,5.3764367,6.530206,EU EEA Common AQI,76.1,8.162758,10.270523,7200,4.3333335,100,100,64.2,3.5362318,Very Low,75.7,8.4578905,100,1747057500,Very Low,4.3011494,9.04231,Very Low,6.068726,60.2,4.826087,100,1747057500,4.42029
2025-05-12T13:54:07Z,236,29.85,74.9,55,67.9,12,12,250,70,0.0,255,32767,0.0,2127-15-31,0.0,0.16,26.24,0.0,0.0,0.0,0,4.828125,6,9,05:49,20:11,2025-05-12 13:54:06.922591,Città della Scienza,58.6,9.381256,11.328308,5.3764367,6.530206,EU EEA Common AQI,76.1,8.162758,10.270523,7200,4.3333335,100,100,64.2,3.5362318,Very Low,75.7,8.4578905,100,1747057500,Very Low,4.3011494,9.04231,Very Low,6.068726,60.2,4.826087,100,1747057500,4.42029
2025-05-12T13:54:18Z,236,29.85,74.9,55,67.9,12,12,246,70,0.0,255,32767,0.0,2127-15-31,0.0,0.16,26.24,0.0,0.0,0.0,0,4.828125,6,9,05:49,20:11,2025-05-12 13:54:17.966596,Città della Scienza,58.6,9.381256,11.328308,5.3764367,6.530206,EU EEA Common AQI,76.1,8.162758,10.270523,7200,4.3333335,100,100,64.2,3.5362318,Very Low,75.7,8.4578905,100,1747057500,Very Low,4.3011494,9.04231,Very Low,6.068726,60.2,4.826087,100,1747057500,4.42029
2025-05-12T13:54:29Z,236,29.85,74.9,55,67.9,15,12,288,70,0.0,255,32767,0.0,2127-15-31,0.0,0.16,26.24,0.0,0.0,0.0,0,4.828125,6,9,05:49,20:11,2025-05-12 13:54:29.028589,Città della Scienza,58.6,9.381256,11.328308,5.3764367,6.530206,EU EEA Common AQI,76.1,8.162758,10.270523,7200,4.3333335,100,100,64.2,3.5362318,Very Low,75.7,8.4578905,100,1747057500,Very Low,4.3011494,9.04231,Very Low,6.068726,60.2,4.826087,100,1747057500,4.42029
2025-05-12T13:54:40Z,236,29.849,74.9,55,67.9,12,12,254,70,0.0,255,32767,0.0,2127-15-31,0.0,0.16,26.24,0.0,0.0,0.0,0,4.828125,6,9,05:49,20:11,2025-05-12 13:54:40.129602,Città della Scienza,58.6,9.381256,11.328308,5.3764367,6.530206,EU EEA Common AQI,76.1,8.162758,10.270523,7200,4.3333335,100,100,64.2,3.5362318,Very Low,75.7,8.4578905,100,1747057500,Very Low,4.3011494,9.04231,Very Low,6.068726,60.2,4.826087,100,1747057500,4.42029
2025-05-12T13:54:51Z,236,29.849,74.9,55,67.9,12,12,247,70,0.0,255,32767,0.0,2127-15-31,0.0,0.16,26.24,0.0,0.0,0.0,0,4.828125,6,9,05:49,20:11,2025-05-12 13:54:51.226557,Città della Scienza,58.6,9.381256,11.328308,5.3764367,6.530206,EU EEA Common AQI,76.1,8.162758,10.270523,7200,4.3333335,100,100,64.2,3.5362318,Very Low,75.7,8.4578905,100,1747057500,Very Low,4.3011494,9.04231,Very Low,6.068726,60.2,4.826087,100,1747057500,4.42029
2025-05-12T13:55:02Z,236,29.849,74.9,55,67.9,15,12,232,70,0.0,255,32767,0.0,2127-15-31,0.0,0.16,26.24,0.0,0.0,0.0,0,4.828125,6,9,05:49,20:11,2025-05-12 13:55:02.301586,Città della Scienza
2025-05-12T13:55:13Z,236,29.849,74.9,55,67.9,10,12,227,70,0.0,255,32767,0.0,2127-15-31,0.0,0.16,26.24,0.0,0.0,0.0,0,4.828125,6,9,05:49,20:11,2025-05-12 13:55:13.352601,Città della Scienza
2025-05-12T13:55:24Z,236,29.849,74.9,55,67.9,14,12,247,70,0.0,255,32767,0.0,2127-15-31,0.0,0.16,26.24,0.0,0.0,0.0,0,4.828125,6,9,05:49,20:11,2025-05-12 13:55:24.398599,Città della Scienza
2025-05-12T13:55:35Z,236,29.849,74.9,55,67.9,14,12,247,68,0.0,255,32767,0.0,2127-15-31,0.0,0.16,26.24,0.0,0.0,0.0,0,4.828125,6,9,05:49,20:11,2025-05-12 13:55:35.450596,Città della Scienza
2025-05-12T13:55:46Z,236,29.849,74.9,55,67.9,15,12,244,68,0.0,255,32767,0.0,2127-15-31,0.0,0.16,26.24,0.0,0.0,0.0,0,4.828125,6,9,05:49,20:11,2025-05-12 13:55:46.537599,Città della Scienza
2025-05-12T13:55:57Z,236,29.849,74.9,55,67.9,14,12,237,68,0.0,255,32767,0.0,2127-15-31,0.0,0.16,26.24,0.0,0.0,0.0,0,4.828125,6,9,05:49,20:11,2025-05-12 13:55:57.579592,Città della Scienza
2025-05-12T13:56:08Z,236,29.849,74.9,55,67.9,13,12,269,68,0.0,255,32767,0.0,2127-15-31,0.0,0.16,26.24,0.0,0.0,0.0,0,4.828125,6,9,05:49,20:11,2025-05-12 13:56:08.606559,Città della Scienza
2025-05-12T13:56:19Z,236,29.849,74.9,55,67.9,12,12,247,68,0.0,255,32767,0.0,2127-15-31,0.0,0.16,26.24,0.0,0.0,0.0,0,4.828125,6,9,05:49,20:11,2025-05-12 13:56:19.690591,Città della Scienza
2025-05-12T13:56:30Z,236,29.849,74.9,55,67.9,11,12,247,67,0.0,255,32767,0.0,2127-15-31,0.0,0.16,26.24,0.0,0.0,0.0,0,4.828125,6,9,05:49,20:11,2025-05-12 13:56:30.770590,Città della Scienza
2025-05-12T13:56:42Z,236,29.85,74.9,55,68.0,12,12,265,67,0.0,255,32767,0.0,2127-15-31,0.0,0.16,26.24,0.0,0.0,0.0,0,4.828125,6,9,05:49,20:11,2025-05-12 13:56:41.871605,Città della Scienza
2025-05-12T13:56:53Z,236,29.85,74.9,55,68.0,12,12,250,67,0.0,255,32767,0.0,2127-15-31,0.0,0.16,26.24,0.0,0.0,0.0,0,4.828125,6,9,05:49,20:11,2025-05-12 13:56:52.940596,Città della Scienza
2025-05-12T13:57:04Z,236,29.85,74.9,55,68.1,12,12,244,67,0.0,255,32767,0.0,2127-15-31,0.0,0.16,26.24,0.0,0.0,0.0,0,4.828125,6,9,05:49,20:11,2025-05-12 13:57:03.970603,Città della Scienza
2025-05-12T13:57:15Z,236,29.85,74.9,55,68.1,11,12,243,68,0.0,255,32767,0.0,2127-15-31,0.0,0.16,26.24,0.0,0.0,0.0,0,4.828125,6,9,05:49,20:11,2025-05-12 13:57:15.064608,Città della Scienza
2025-05-12T13:57:26Z,236,29.85,74.9,55,68.1,12,12,240,68,0.0,255,32767,0.0,2127-15-31,0.0,0.16,26.24,0.0,0.0,0.0,0,4.828125,6,9,05:49,20:11,2025-05-12 13:57:26.098595,Città della Scienza
2025-05-12T13:57:37Z,236,29.849,74.9,55,68.1,16,12,251,68,0.0,255,32767,0.0,2127-15-31,0.0,0.16,26.24,0.0,0.0,0.0,0,4.828125,6,9,05:49,20:11,2025-05-12 13:57:37.157606,Città della Scienza
2025-05-12T13:57:48Z,236,29.849,74.9,55,68.1,15,12,242,68,0.0,255,32767,0.0,2127-15-31,0.0,0.16,26.24,0.0,0.0,0.0,0,4.828125,6,9,05:49,20:11,2025-05-12 13:57:48.241606,Città della Scienza
2025-05-12T13:57:59Z,236,29.849,74.9,55,68.1,10,12,293,68,0.0,255,32767,0.0,2127-15-31,0.0,0.16,26.24,0.0,0.0,0.0,0,4.828125,6,9,05:49,20:11,2025-05-12 13:57:59.310611,Città della Scienza
2025-05-12T13:58:10Z,236,29.849,74.9,55,68.1,8,12,254,70,0.0,255,32767,0.0,2127-15-31,0.0,0.16,26.24,0.0,0.0,0.0,0,4.828125,6,9,05:49,20:11,2025-05-12 13:58:10.351608,Città della Scienza
2025-05-12T13:58:21Z,236,29.849,74.9,55,68.1,10,12,250,70,0.0,255,32767,0.0,2127-15-31,0.0,0.16,26.24,0.0,0.0,0.0,0,4.828125,6,9,05:49,20:11,2025-05-12 13:58:21.452581,Città della Scienza
2025-05-12T13:58:32Z,236,29.849,74.9,55,68.2,11,12,254,70,0.0,255,32767,0.0,2127-15-31,0.0,0.16,26.24,0.0,0.0,0.0,0,4.828125,6,9,05:49,20:11,2025-05-12 13:58:32.479614,Città della Scienza
2025-05-12T13:58:43Z,236,29.85,74.9,55,68.1,13,12,260,70,0.0,255,32767,0.0,2127-15-31,0.0,0.16,26.24,0.0,0.0,0.0,0,4.828125,6,9,05:49,20:11,2025-05-12 13:58:43.529599,Città della Scienza
2025-05-12T13:58:54Z,236,29.85,74.9,55,68.1,12,12,267,70,0.0,255,32767,0.0,2127-15-31,0.0,0.16,26.24,0.0,0.0,0.0,0,4.828125,6,9,05:49,20:11,2025-05-12 13:58:54.602602,Città della Scienza
2025-05-12T13:59:05Z,236,29.85,74.9,55,68.1,11,12,276,69,0.0,255,32767,0.0,2127-15-31,0.0,0.16,26.24,0.0,0.0,0.0,0,4.828125,6,9,05:49,20:11,2025-05-12 13:59:05.662599,Città della Scienza
2025-05-12T13:59:16Z,236,29.85,74.9,55,68.1,11,12,264,69,0.0,255,32767,0.0,2127-15-31,0.0,0.16,26.24,0.0,0.0,0.0,0,4.828125,6,9,05:49,20:11,2025-05-12 13:59:16.681603,Città della Scienza
2025-05-12T13:59:27Z,236,29.85,74.9,55,68.1,11,12,243,69,0.0,255,32767,0.0,2127-15-31,0.0,0.16,26.24,0.0,0.0,0.0,0,4.828125,6,9,05:49,20:11,2025-05-12 13:59:27.736601,Città della Scienza
2025-05-12T13:59:39Z,236,29.85,74.9,55,68.1,11,12,272,69,0.0,255,32767,0.0,2127-15-31,0.0,0.16,26.24,0.0,0.0,0.0,0,4.828125,6,9,05:49,20:11,2025-05-12 13:59:38.799594,Città della Scienza
2025-05-12T13:59:50Z,236,29.85,74.9,55,68.1,12,12,255,69,0.0,255,32767,0.0,2127-15-31,0.0,0.16,26.24,0.0,0.0,0.0,0,4.828125,6,9,05:49,20:11,2025-05-12 13:59:49.860599,Città della Scienza
2025-05-12T14:00:01Z,236,29.85,74.9,55,68.2,14,12,256,68,0.0,255,32767,0.0,2127-15-31,0.0,0.16,26.24,0.0,0.0,0.0,0,4.828125,6,9,05:49,20:11,2025-05-12 14:00:00.976599,Città della Scienza,58.6,9.381256,11.328308,5.3764367,6.530206,EU EEA Common AQI,76.1,8.162758,10.270523,7200,4.3333335,100,100,64.2,3.5362318,Very Low,75.7,8.4578905,100,1747057500,Very Low,4.3011494,9.04231,Very Low,6.068726,60.2,4.826087,100,1747057500,4.42029
2025-05-12T14:00:12Z,236,29.85,74.9,55,68.1,14,12,240,68,0.0,255,32767,0.0,2127-15-31,0.0,0.16,26.24,0.0,0.0,0.0,0,4.828125,6,9,05:49,20:11,2025-05-12 14:00:12.065586,Città della Scienza,58.6,9.381256,11.328308,5.3764367,6.530206,EU EEA Common AQI,76.1,8.162758,10.270523,7200,4.3333335,100,100,64.2,3.5362318,Very Low,75.7,8.4578905,100,1747057500,Very Low,4.3011494,9.04231,Very Low,6.068726,60.2,4.826087,100,1747057500,4.42029
2025-05-12T14:00:23Z,236,29.85,74.9,55,68.1,11,12,254,68,0.0,255,32767,0.0,2127-15-31,0.0,0.16,26.24,0.0,0.0,0.0,0,4.828125,6,9,05:49,20:11,2025-05-12 14:00:23.205596,Città della Scienza,58.6,9.381256,11.328308,5.3764367,6.530206,EU EEA Common AQI,76.1,8.162758,10.270523,7200,4.3333335,100,100,64.2,3.5362318,Very Low,75.7,8.4578905,100,1747057500,Very Low,4.3011494,9.04231,Very Low,6.068726,60.2,4.826087,100,1747057500,4.42029
2025-05-12T14:00:34Z,0,29.849,74.9,55,68.1,9,12,217,68,0.0,255,32767,0.0,2127-15-31,0.0,0.16,26.24,0.0,0.0,0.0,0,4.828125,6,45,05:49,20:11,2025-05-12 14:00:34.279596,Città della Scienza,52.5,8.341234,11.326936,4.5743356,5.9197693,EU EEA Common AQI,76.8,7.399712,10.272199,7200,2.4571428,100,100,62.8,1.9999999,Very Low,76.7,7.5065837,100,1747058400,Very Low,3.6594684,8.2304,Very Low,5.2597556,58.0,2.5,100,1747058400,2.5
2025-05-12T14:00:45Z,0,29.849,74.9,55,68.2,12,12,248,69,0.0,255,32767,0.0,2127-15-31,0.0,0.16,26.24,0.0,0.0,0.0,0,4.828125,6,45,05:49,20:11,2025-05-12 14:00:45.329601,Città della Scienza,52.5,8.341234,11.326936,4.5743356,5.9197693,EU EEA Common AQI,76.8,7.399712,10.272199,7200,2.4571428,100,100,62.8,1.9999999,Very Low,76.7,7.5065837,100,1747058400,Very Low,3.6594684,8.2304,Very Low,5.2597556,58.0,2.5,100,1747058400,2.5
2025-05-12T14:00:56Z,0,29.849,74.9,55,68.2,13,12,271,69,0.0,255,32767,0.0,2127-15-31,0.0,0.16,26.24,0.0,0.0,0.0,0,4.828125,6,45,05:49,20:11,2025-05-12 14:00:56.394603,Città della Scienza,52.5,8.341234,11.326936,4.5743356,5.9197693,EU EEA Common AQI,76.8,7.399712,10.272199,7200,2.4571428,100,100,62.8,1.9999999,Very Low,76.7,7.5065837,100,1747058400,Very Low,3.6594684,8.2304,Very Low,5.2597556,58.0,2.5,100,1747058400,2.5
2025-05-12T14:01:07Z,0,29.849,74.9,55,68.2,7,12,206,69,0.0,255,32767,0.0,2127-15-31,0.0,0.16,26.24,0.0,0.0,0.0,0,4.828125,6,45,05:49,20:11,2025-05-12 14:01:07.483592,Città della Scienza,52.5,8.341234,11.326936,4.5743356,5.9197693,EU EEA Common AQI,76.8,7.399712,10.272199,7200,2.4571428,100,100,62.8,1.9999999,Very Low,76.7,7.5065837,100,1747058400,Very Low,3.6594684,8.2304,Very Low,5.2597556,58.0,2.5,100,1747058400,2.5
2025-05-12T14:01:18Z,0,29.849,74.9,55,68.2,10,12,244,69,0.0,255,32767,0.0,2127-15-31,0.0,0.16,26.24,0.0,0.0,0.0,0,4.828125,6,45,05:49,20:11,2025-05-12 14:01:18.605596,Città della Scienza,52.5,8.341234,11.326936,4.5743356,5.9197693,EU EEA Common AQI,76.8,7.399712,10.272199,7200,2.4571428,100,100,62.8,1.9999999,Very Low,76.7,7.5065837,100,1747058400,Very Low,3.6594684,8.2304,Very Low,5.2597556,58.0,2.5,100,1747058400,2.5
2025-05-12T14:01:29Z,0,29.849,74.9,55,68.2,9,12,249,69,0.0,255,32767,0.0,2127-15-31,0.0,0.16,26.24,0.0,0.0,0.0,0,4.828125,6,45,05:49,20:11,2025-05-12 14:01:29.714608,Città della Scienza,52.5,8.341234,11.326936,4.5743356,5.9197693,EU EEA Common AQI,76.8,7.399712,10.272199,7200,2.4571428,100,100,62.8,1.9999999,Very Low,76.7,7.5065837,100,1747058400,Very Low,3.6594684,8.2304,Very Low,5.2597556,58.0,2.5,100,1747058400,2.5
2025-05-12T14:01:41Z,0,29.849,74.9,55,68.2,9,12,240,69,0.0,255,32767,0.0,2127-15-31,0.0,0.16,26.24,0.0,0.0,0.0,0,4.828125,6,45,05:49,20:11,2025-05-12 14:01:40.807586,Città della Scienza,52.5,8.341234,11.326936,4.5743356,5.9197693,EU EEA Common AQI,76.8,7.399712,10.272199,7200,2.4571428,100,100,62.8,1.9999999,Very Low,76.7,7.5065837,100,1747058400,Very Low,3.6594684,8.2304,Very Low,5.2597556,58.0,2.5,100,1747058400,2.5
2025-05-12T14:01:52Z,0,29.849,74.9,55,68.2,9,12,185,69,0.0,255,32767,0.0,2127-15-31,0.0,0.16,26.24,0.0,0.0,0.0,0,4.828125,6,45,05:49,20:11,2025-05-12 14:01:51.885616,Città della Scienza,52.5,8.341234,11.326936,4.5743356,5.9197693,EU EEA Common AQI,76.8,7.399712,10.272199,7200,2.4571428,100,100,62.8,1.9999999,Very Low,76.7,7.5065837,100,1747058400,Very Low,3.6594684,8.2304,Very Low,5.2597556,58.0,2.5,100,1747058400,2.5
2025-05-12T14:02:03Z,0,29.849,74.9,55,68.2,12,12,263,69,0.0,255,32767,0.0,2127-15-31,0.0,0.16,26.24,0.0,0.0,0.0,0,4.828125,6,45,05:49,20:11,2025-05-12 14:02:02.981598,Città della Scienza,52.5,8.341234,11.326936,4.5743356,5.9197693,EU EEA Common AQI,76.8,7.399712,10.272199,7200,2.4571428,100,100,62.8,1.9999999,Very Low,76.7,7.5065837,100,1747058400,Very Low,3.6594684,8.2304,Very Low,5.2597556,58.0,2.5,100,1747058400,2.5
2025-05-12T14:02:14Z,0,29.849,74.9,55,68.2,9,12,240,69,0.0,255,32767,0.0,2127-15-31,0.0,0.16,26.24,0.0,0.0,0.0,0,4.828125,6,45,05:49,20:11,2025-05-12 14:02:14.052557,Città della Scienza,52.5,8.341234,11.326936,4.5743356,5.9197693,EU EEA Common AQI,76.8,7.399712,10.272199,7200,2.4571428,100,100,62.8,1.9999999,Very Low,76.7,7.5065837,100,1747058400,Very Low,3.6594684,8.2304,Very Low,5.2597556,58.0,2.5,100,1747058400,2.5
2025-05-12T14:02:25Z,0,29.849,74.9,55,68.3,11,12,267,69,0.0,255,32767,0.0,2127-15-31,0.0,0.16,26.24,0.0,0.0,0.0,0,4.828125,6,45,05:49,20:11,2025-05-12 14:02:25.172595,Città della Scienza,52.5,8.341234,11.326936,4.5743356,5.9197693,EU EEA Common AQI,76.8,7.399712,10.272199,7200,2.4571428,100,100,62.8,1.9999999,Very Low,76.7,7.5065837,100,1747058400,Very Low,3.6594684,8.2304,Very Low,5.2597556,58.0,2.5,100,1747058400,2.5
2025-05-12T14:02:36Z,0,29.848,74.9,55,68.3,10,12,217,69,0.0,255,32767,0.0,2127-15-31,0.0,0.16,26.24,0.0,0.0,0.0,0,4.828125,6,45,05:49,20:11,2025-05-12 14:02:36.334596,Città della Scienza,52.5,8.341234,11.326936,4.5743356,5.9197693,EU EEA Common AQI,76.8,7.399712,10.272199,7200,2.4571428,100,100,62.8,1.9999999,Very Low,76.7,7.5065837,100,1747058400,Very Low,3.6594684,8.2304,Very Low,5.2597556,58.0,2.5,100,1747058400,2.5
2025-05-12T14:02:47Z,0,29.848,74.9,55,68.3,15,12,252,69,0.0,255,32767,0.0,2127-15-31,0.0,0.16,26.24,0.0,0.0,0.0,0,4.828125,6,45,05:49,20:11,2025-05-12 14:02:47.445595,Città della Scienza,52.5,8.341234,11.326936,4.5743356,5.9197693,EU EEA Common AQI,76.8,7.399712,10.272199,7200,2.4571428,100,100,62.8,1.9999999,Very Low,76.7,7.5065837,100,1747058400,Very Low,3.6594684,8.2304,Very Low,5.2597556,58.0,2.5,100,1747058400,2.5
2025-05-12T14:02:58Z,0,29.848,74.9,55,68.3,15,12,248,69,0.0,255,32767,0.0,2127-15-31,0.0,0.16,26.24,0.0,0.0,0.0,0,4.828125,6,45,05:49,20:11,2025-05-12 14:02:58.504599,Città della Scienza,52.5,8.341234,11.326936,4.5743356,5.9197693,EU EEA Common AQI,76.8,7.399712,10.272199,7200,2.4571428,100,100,62.8,1.9999999,Very Low,76.7,7.5065837,100,1747058400,Very Low,3.6594684,8.2304,Very Low,5.2597556,58.0,2.5,100,1747058400,2.5
2025-05-12T14:03:09Z,0,29.848,74.9,55,68.2,15,12,242,69,0.0,255,32767,0.0,2127-15-31,0.0,0.16,26.24,0.0,0.0,0.0,0,4.828125,6,45,05:49,20:11,2025-05-12 14:03:09.581589,Città della Scienza,52.5,8.341234,11.326936,4.5743356,5.9197693,EU EEA Common AQI,76.8,7.399712,10.272199,7200,2.4571428,100,100,62.8,1.9999999,Very Low,76.7,7.5065837,100,1747058400,Very Low,3.6594684,8.2304,Very Low,5.2597556,58.0,2.5,100,1747058400,2.5
2025-05-12T14:03:20Z,0,29.848,74.9,55,68.2,14,12,254,69,0.0,255,32767,0.0,2127-15-31,0.0,0.16,26.24,0.0,0.0,0.0,0,4.828125,6,45,05:49,20:11,2025-05-12 14:03:20.639597,Città della Scienza,52.5,8.341234,11.326936,4.5743356,5.9197693,EU EEA Common AQI,76.8,7.399712,10.272199,7200,2.4571428,100,100,62.8,1.9999999,Very Low,76.7,7.5065837,100,1747058400,Very Low,3.6594684,8.2304,Very Low,5.2597556,58.0,2.5,100,1747058400,2.5
2025-05-12T14:03:31Z,0,29.848,74.9,55,68.2,14,12,228,69,0.0,255,32767,0.0,2127-15-31,0.0,0.16,26.24,0.0,0.0,0.0,0,4.828125,6,45,05:49,20:11,2025-05-12 14:03:31.691599,Città della Scienza,52.5,8.341234,11.326936,4.5743356,5.9197693,EU EEA Common AQI,76.8,7.399712,10.272199,7200,2.4571428,100,100,62.8,1.9999999,Very Low,76.7,7.5065837,100,1747058400,Very Low,3.6594684,8.2304,Very Low,5.2597556,58.0,2.5,100,1747058400,2.5
2025-05-12T14:03:42Z,0,29.849,74.9,55,68.2,11,12,292,69,0.0,255,32767,0.0,2127-15-31,0.0,0.16,26.24,0.0,0.0,0.0,0,4.828125,6,45,05:49,20:11,2025-05-12 14:03:42.763602,Città della Scienza,52.5,8.341234,11.326936,4.5743356,5.9197693,EU EEA Common AQI,76.8,7.399712,10.272199,7200,2.4571428,100,100,62.8,1.9999999,Very Low,76.7,7.5065837,100,1747058400,Very Low,3.6594684,8.2304,Very Low,5.2597556,58.0,2.5,100,1747058400,2.5
2025-05-12T14:03:54Z,0,29.849,74.9,55,68.2,9,12,236,69,0.0,255,32767,0.0,2127-15-31,0.0,0.16,26.24,0.0,0.0,0.0,0,4.828125,6,45,05:49,20:11,2025-05-12 14:03:53.821597,Città della Scienza,52.5,8.341234,11.326936,4.5743356,5.9197693,EU EEA Common AQI,76.8,7.399712,10.272199,7200,2.4571428,100,100,62.8,1.9999999,Very Low,76.7,7.5065837,100,1747058400,Very Low,3.6594684,8.2304,Very Low,5.2597556,58.0,2.5,100,1747058400,2.5
2025-05-12T14:04:05Z,0,29.849,74.9,55,68.2,9,12,255,69,0.0,255,32767,0.0,2127-15-31,0.0,0.16,26.24,0.0,0.0,0.0,0,4.828125,6,45,05:49,20:11,2025-05-12 14:04:04.902599,Città della Scienza,52.5,8.341234,11.326936,4.5743356,5.9197693,EU EEA Common AQI,76.8,7.399712,10.272199,7200,2.4571428,100,100,62.8,1.9999999,Very Low,76.7,7.5065837,100,1747058400,Very Low,3.6594684,8.2304,Very Low,5.2597556,58.0,2.5,100,1747058400,2.5
2025-05-12T14:04:16Z,0,29.849,74.9,55,68.2,14,12,251,69,0.0,255,32767,0.0,2127-15-31,0.0,0.16,26.24,0.0,0.0,0.0,0,4.828125,6,45,05:49,20:11,2025-05-12 14:04:15.954592,Città della Scienza,52.5,8.341234,11.326936,4.5743356,5.9197693,EU EEA Common AQI,76.8,7.399712,10.272199,7200,2.4571428,100,100,62.8,1.9999999,Very Low,76.7,7.5065837,100,1747058400,Very Low,3.6594684,8.2304,Very Low,5.2597556,58.0,2.5,100,1747058400,2.5
2025-05-12T14:04:27Z,0,29.849,74.9,55,68.2,8,12,254,69,0.0,255,32767,0.0,2127-15-31,0.0,0.16,26.24,0.0,0.0,0.0,0,4.828125,6,45,05:49,20:11,2025-05-12 14:04:27.072607,Città della Scienza,52.5,8.341234,11.326936,4.5743356,5.9197693,EU EEA Common AQI,76.8,7.399712,10.272199,7200,2.4571428,100,100,62.8,1.9999999,Very Low,76.7,7.5065837,100,1747058400,Very Low,3.6594684,8.2304,Very Low,5.2597556,58.0,2.5,100,1747058400,2.5
2025-05-12T14:04:38Z,0,29.847,74.9,55,68.2,12,12,239,69,0.0,255,32767,0.0,2127-15-31,0.0,0.16,26.24,0.0,0.0,0.0,0,4.828125,6,45,05:49,20:11,2025-05-12 14:04:38.144594,Città della Scienza,52.5,8.341234,11.326936,4.5743356,5.9197693,EU EEA Common AQI,76.8,7.399712,10.272199,7200,2.4571428,100,100,62.8,1.9999999,Very Low,76.7,7.5065837,100,1747058400,Very Low,3.6594684,8.2304,Very Low,5.2597556,58.0,2.5,100,1747058400,2.5
2025-05-12T14:04:49Z,0,29.847,74.9,55,68.1,15,12,241,69,0.0,255,32767,0.0,2127-15-31,0.0,0.16,26.24,0.0,0.0,0.0,0,4.828125,6,45,05:49,20:11,2025-05-12 14:04:49.249595,Città della Scienza,52.5,8.341234,11.326936,4.5743356,5.9197693,EU EEA Common AQI,76.8,7.399712,10.272199,7200,2.4571428,100,100,62.8,1.9999999,Very Low,76.7,7.5065837,100,1747058400,Very Low,3.6594684,8.2304,Very Low,5.2597556,58.0,2.5,100,1747058400,2.5
2025-05-12T14:05:00Z,0,29.847,74.9,55,68.1,8,12,249,69,0.0,255,32767,0.0,2127-15-31,0.0,0.16,26.24,0.0,0.0,0.0,0,4.828125,6,45,05:49,20:11,2025-05-12 14:05:00.348615,Città della Scienza,52.5,8.341234,11.326936,4.5743356,5.9197693,EU EEA Common AQI,76.8,7.399712,10.272199,7200,2.4571428,100,100,62.8,1.9999999,Very Low,76.7,7.5065837,100,1747058400,Very Low,3.6594684,8.2304,Very Low,5.2597556,58.0,2.5,100,1747058400,2.5
2025-05-12T14:05:11Z,0,29.847,74.9,55,68.2,10,12,222,69,0.0,255,32767,0.0,2127-15-31,0.0,0.16,26.24,0.0,0.0,0.0,0,4.828125,6,45,05:49,20:11,2025-05-12 14:05:11.429604,Città della Scienza,52.5,8.341234,11.326936,4.5743356,5.9197693,EU EEA Common AQI,76.8,7.399712,10.272199,7200,2.4571428,100,100,62.8,1.9999999,Very Low,76.7,7.5065837,100,1747058400,Very Low,3.6594684,8.2304,Very Low,5.2597556,58.0,2.5,100,1747058400,2.5
2025-05-12T14:05:22Z,0,29.847,74.9,55,68.2,12,12,244,69,0.0,255,32767,0.0,2127-15-31,0.0,0.16,26.24,0.0,0.0,0.0,0,4.828125,6,45,05:49,20:11,2025-05-12 14:05:22.525558,Città della Scienza,52.5,8.341234,11.326936,4.5743356,5.9197693,EU EEA Common AQI,76.8,7.399712,10.272199,7200,2.4571428,100,100,62.8,1.9999999,Very Low,76.7,7.5065837,100,1747058400,Very Low,3.6594684,8.2304,Very Low,5.2597556,58.0,2.5,100,1747058400,2.5
2025-05-12T14:05:33Z,0,29.848,74.8,55,68.2,12,12,251,69,0.0,255,32767,0.0,2127-15-31,0.0,0.16,26.24,0.0,0.0,0.0,0,4.828125,6,45,05:49,20:11,2025-05-12 14:05:33.587610,Città della Scienza,52.5,8.341234,11.326936,4.5743356,5.9197693,EU EEA Common AQI,76.8,7.399712,10.272199,7200,2.4571428,100,100,62.8,1.9999999,Very Low,76.7,7.5065837,100,1747058400,Very Low,3.6594684,8.2304,Very Low,5.2597556,58.0,2.5,100,1747058400,2.5
2025-05-12T14:05:44Z,0,29.848,74.8,55,68.1,13,12,232,69,0.0,255,32767,0.0,2127-15-31,0.0,0.16,26.24,0.0,0.0,0.0,0,4.828125,6,45,05:49,20:11,2025-05-12 14:05:44.641591,Città della Scienza,52.5,8.341234,11.326936,4.5743356,5.9197693,EU EEA Common AQI,76.8,7.399712,10.272199,7200,2.4571428,100,100,62.8,1.9999999,Very Low,76.7,7.5065837,100,1747058400,Very Low,3.6594684,8.2304,Very Low,5.2597556,58.0,2.5,100,1747058400,2.5
2025-05-12T14:05:55Z,0,29.848,74.8,55,68.1,12,12,281,69,0.0,255,32767,0.0,2127-15-31,0.0,0.16,26.24,0.0,0.0,0.0,0,4.828125,6,45,05:49,20:11,2025-05-12 14:05:55.770596,Città della Scienza,52.5,8.341234,11.326936,4.5743356,5.9197693,EU EEA Common AQI,76.8,7.399712,10.272199,7200,2.4571428,100,100,62.8,1.9999999,Very Low,76.7,7.5065837,100,1747058400,Very Low,3.6594684,8.2304,Very Low,5.2597556,58.0,2.5,100,1747058400,2.5
2025-05-12T14:06:07Z,0,29.848,74.8,55,68.1,12,12,238,67,0.0,255,32767,0.0,2127-15-31,0.0,0.16,26.24,0.0,0.0,0.0,0,4.828125,6,45,05:49,20:11,2025-05-12 14:06:06.863593,Città della Scienza,52.5,8.341234,11.326936,4.5743356,5.9197693,EU EEA Common AQI,76.8,7.399712,10.272199,7200,2.4571428,100,100,62.8,1.9999999,Very Low,76.7,7.5065837,100,1747058400,Very Low,3.6594684,8.2304,Very Low,5.2597556,58.0,2.5,100,1747058400,2.5
2025-05-12T14:06:18Z,0,29.848,74.8,55,68.1,13,12,256,67,0.0,255,32767,0.0,2127-15-31,0.0,0.16,26.24,0.0,0.0,0.0,0,4.828125,6,45,05:49,20:11,2025-05-12 14:06:17.959596,Città della Scienza,52.5,8.341234,11.326936,4.5743356,5.9197693,EU EEA Common AQI,76.8,7.399712,10.272199,7200,2.4571428,100,100,62.8,1.9999999,Very Low,76.7,7.5065837,100,1747058400,Very Low,3.6594684,8.2304,Very Low,5.2597556,58.0,2.5,100,1747058400,2.5
2025-05-12T14:06:29Z,0,29.848,74.8,55,68.2,11,12,248,67,0.0,255,32767,0.0,2127-15-31,0.0,0.16,26.24,0.0,0.0,0.0,0,4.828125,6,45,05:49,20:11,2025-05-12 14:06:29.034619,Città della Scienza,52.5,8.341234,11.326936,4.5743356,5.9197693,EU EEA Common AQI,76.8,7.399712,10.272199,7200,2.4571428,100,100,62.8,1.9999999,Very Low,76.7,7.5065837,100,1747058400,Very Low,3.6594684,8.2304,Very Low,5.2597556,58.0,2.5,100,1747058400,2.5
2025-05-12T14:06:40Z,0,29.847,74.9,55,68.2,15,12,248,67,0.0,255,32767,0.0,2127-15-31,0.0,0.16,26.24,0.0,0.0,0.0,0,4.828125,6,45,05:49,20:11,2025-05-12 14:06:40.138595,Città della Scienza,52.5,8.341234,11.326936,4.5743356,5.9197693,EU EEA Common AQI,76.8,7.399712,10.272199,7200,2.4571428,100,100,62.8,1.9999999,Very Low,76.7,7.5065837,100,1747058400,Very Low,3.6594684,8.2304,Very Low,5.2597556,58.0,2.5,100,1747058400,2.5
2025-05-12T14:06:51Z,0,29.847,74.9,55,68.2,15,12,262,67,0.0,255,32767,0.0,2127-15-31,0.0,0.16,26.24,0.0,0.0,0.0,0,4.828125,6,45,05:49,20:11,2025-05-12 14:06:51.233598,Città della Scienza,52.5,8.341234,11.326936,4.5743356,5.9197693,EU EEA Common AQI,76.8,7.399712,10.272199,7200,2.4571428,100,100,62.8,1.9999999,Very Low,76.7,7.5065837,100,1747058400,Very Low,3.6594684,8.2304,Very Low,5.2597556,58.0,2.5,100,1747058400,2.5
2025-05-12T14:07:02Z,0,29.847,74.9,55,68.2,12,12,233,67,0.0,255,32767,0.0,2127-15-31,0.0,0.16,26.24,0.0,0.0,0.0,0,4.828125,6,45,05:49,20:11,2025-05-12 14:07:02.341599,Città della Scienza,52.5,8.341234,11.326936,4.5743356,5.9197693,EU EEA Common AQI,76.8,7.399712,10.272199,7200,2.4571428,100,100,62.8,1.9999999,Very Low,76.7,7.5065837,100,1747058400,Very Low,3.6594684,8.2304,Very Low,5.2597556,58.0,2.5,100,1747058400,2.5
2025-05-12T14:07:13Z,0,29.847,74.9,55,68.1,13,12,264,67,0.0,255,32767,0.0,2127-15-31,0.0,0.16,26.24,0.0,0.0,0.0,0,4.828125,6,45,05:49,20:11,2025-05-12 14:07:13.436597,Città della Scienza,52.5,8.341234,11.326936,4.5743356,5.9197693,EU EEA Common AQI,76.8,7.399712,10.272199,7200,2.4571428,100,100,62.8,1.9999999,Very Low,76.7,7.5065837,100,1747058400,Very Low,3.6594684,8.2304,Very Low,5.2597556,58.0,2.5,100,1747058400,2.5
2025-05-12T14:07:24Z,0,29.847,74.9,55,68.1,13,12,248,67,0.0,255,32767,0.0,2127-15-31,0.0,0.16,26.24,0.0,0.0,0.0,0,4.828125,6,45,05:49,20:11,2025-05-12 14:07:24.480598,Città della Scienza,52.5,8.341234,11.326936,4.5743356,5.9197693,EU EEA Common AQI,76.8,7.399712,10.272199,7200,2.4571428,100,100,62.8,1.9999999,Very Low,76.7,7.5065837,100,1747058400,Very Low,3.6594684,8.2304,Very Low,5.2597556,58.0,2.5,100,1747058400,2.5
2025-05-12T14:07:35Z,0,29.846,74.9,55,68.1,15,12,250,67,0.0,255,32767,0.0,2127-15-31,0.0,0.16,26.24,0.0,0.0,0.0,0,4.828125,6,45,05:49,20:11,2025-05-12 14:07:35.582592,Città della Scienza,52.5,8.341234,11.326936,4.5743356,5.9197693,EU EEA Common AQI,76.8,7.399712,10.272199,7200,2.4571428,100,100,62.8,1.9999999,Very Low,76.7,7.5065837,100,1747058400,Very Low,3.6594684,8.2304,Very Low,5.2597556,58.0,2.5,100,1747058400,2.5
2025-05-12T14:07:46Z,0,29.846,74.9,55,68.1,13,12,267,65,0.0,255,32767,0.0,2127-15-31,0.0,0.16,26.24,0.0,0.0,0.0,0,4.828125,6,45,05:49,20:11,2025-05-12 14:07:46.746609,Città della Scienza,52.5,8.341234,11.326936,4.5743356,5.9197693,EU EEA Common AQI,76.8,7.399712,10.272199,7200,2.4571428,100,100,62.8,1.9999999,Very Low,76.7,7.5065837,100,1747058400,Very Low,3.6594684,8.2304,Very Low,5.2597556,58.0,2.5,100,1747058400,2.5
2025-05-12T14:07:58Z,0,29.846,74.9,55,68.0,13,12,244,65,0.0,255,32767,0.0,2127-15-31,0.0,0.16,26.24,0.0,0.0,0.0,0,4.828125,6,45,05:49,20:11,2025-05-12 14:07:57.865594,Città della Scienza,52.5,8.341234,11.326936,4.5743356,5.9197693,EU EEA Common AQI,76.8,7.399712,10.272199,7200,2.4571428,100,100,62.8,1.9999999,Very Low,76.7,7.5065837,100,1747058400,Very Low,3.6594684,8.2304,Very Low,5.2597556,58.0,2.5,100,1747058400,2.5
2025-05-12T14:08:09Z,0,29.846,74.9,55,68.1,13,12,229,65,0.0,255,32767,0.0,2127-15-31,0.0,0.16,26.24,0.0,0.0,0.0,0,4.828125,6,45,05:49,20:11,2025-05-12 14:08:08.963586,Città della Scienza,52.5,8.341234,11.326936,4.5743356,5.9197693,EU EEA Common AQI,76.8,7.399712,10.272199,7200,2.4571428,100,100,62.8,1.9999999,Very Low,76.7,7.5065837,100,1747058400,Very Low,3.6594684,8.2304,Very Low,5.2597556,58.0,2.5,100,1747058400,2.5
2025-05-12T14:08:20Z,0,29.846,74.9,55,68.1,12,12,251,65,0.0,255,32767,0.0,2127-15-31,0.0,0.16,26.24,0.0,0.0,0.0,0,4.828125,6,45,05:49,20:11,2025-05-12 14:08:20.051606,Città della Scienza,52.5,8.341234,11.326936,4.5743356,5.9197693,EU EEA Common AQI,76.8,7.399712,10.272199,7200,2.4571428,100,100,62.8,1.9999999,Very Low,76.7,7.5065837,100,1747058400,Very Low,3.6594684,8.2304,Very Low,5.2597556,58.0,2.5,100,1747058400,2.5
2025-05-12T14:08:31Z,0,29.846,74.9,55,68.1,10,12,235,65,0.0,255,32767,0.0,2127-15-31,0.0,0.16,26.24,0.0,0.0,0.0,0,4.828125,6,45,05:49,20:11,2025-05-12 14:08:31.132599,Città della Scienza,52.5,8.341234,11.326936,4.5743356,5.9197693,EU EEA Common AQI,76.8,7.399712,10.272199,7200,2.4571428,100,100,62.8,1.9999999,Very Low,76.7,7.5065837,100,1747058400,Very Low,3.6594684,8.2304,Very Low,5.2597556,58.0,2.5,100,1747058400,2.5
2025-05-12T14:08:42Z,0,29.848,74.9,55,68.1,12,12,253,65,0.0,255,32767,0.0,2127-15-31,0.0,0.16,26.24,0.0,0.0,0.0,0,4.828125,6,45,05:49,20:11,2025-05-12 14:08:42.197588,Città della Scienza,52.5,8.341234,11.326936,4.5743356,5.9197693,EU EEA Common AQI,76.8,7.399712,10.272199,7200,2.4571428,100,100,62.8,1.9999999,Very Low,76.7,7.5065837,100,1747058400,Very Low,3.6594684,8.2304,Very Low,5.2597556,58.0,2.5,100,1747058400,2.5
2025-05-12T14:08:53Z,0,29.848,74.9,55,68.1,11,12,255,65,0.0,255,32767,0.0,2127-15-31,0.0,0.16,26.24,0.0,0.0,0.0,0,4.828125,6,45,05:49,20:11,2025-05-12 14:08:53.249618,Città della Scienza,52.5,8.341234,11.326936,4.5743356,5.9197693,EU EEA Common AQI,76.8,7.399712,10.272199,7200,2.4571428,100,100,62.8,1.9999999,Very Low,76.7,7.5065837,100,1747058400,Very Low,3.6594684,8.2304,Very Low,5.2597556,58.0,2.5,100,1747058400,2.5
2025-05-12T14:09:04Z,0,29.848,74.9,55,68.2,13,12,248,65,0.0,255,32767,0.0,2127-15-31,0.0,0.16,26.24,0.0,0.0,0.0,0,4.828125,6,45,05:49,20:11,2025-05-12 14:09:04.443593,Città della Scienza,52.5,8.341234,11.326936,4.5743356,5.9197693,EU EEA Common AQI,76.8,7.399712,10.272199,7200,2.4571428,100,100,62.8,1.9999999,Very Low,76.7,7.5065837,100,1747058400,Very Low,3.6594684,8.2304,Very Low,5.2597556,58.0,2.5,100,1747058400,2.5
2025-05-12T14:09:15Z,0,29.848,74.9,55,68.2,12,12,251,65,0.0,255,32767,0.0,2127-15-31,0.0,0.16,26.24,0.0,0.0,0.0,0,4.828125,6,45,05:49,20:11,2025-05-12 14:09:15.544595,Città della Scienza,52.5,8.341234,11.326936,4.5743356,5.9197693,EU EEA Common AQI,76.8,7.399712,10.272199,7200,2.4571428,100,100,62.8,1.9999999,Very Low,76.7,7.5065837,100,1747058400,Very Low,3.6594684,8.2304,Very Low,5.2597556,58.0,2.5,100,1747058400,2.5
2025-05-12T14:09:26Z,0,29.848,74.9,55,68.2,11,12,241,65,0.0,255,32767,0.0,2127-15-31,0.0,0.16,26.24,0.0,0.0,0.0,0,4.828125,6,45,05:49,20:11,2025-05-12 14:09:26.641608,Città della Scienza,52.5,8.341234,11.326936,4.5743356,5.9197693,EU EEA Common AQI,76.8,7.399712,10.272199,7200,2.4571428,100,100,62.8,1.9999999,Very Low,76.7,7.5065837,100,1747058400,Very Low,3.6594684,8.2304,Very Low,5.2597556,58.0,2.5,100,1747058400,2.5
2025-05-12T14:09:37Z,0,29.849,74.9,55,68.2,16,12,246,65,0.0,255,32767,0.0,2127-15-31,0.0,0.16,26.24,0.0,0.0,0.0,0,4.828125,6,45,05:49,20:11,2025-05-12 14:09:37.710587,Città della Scienza,52.5,8.341234,11.326936,4.5743356,5.9197693,EU EEA Common AQI,76.8,7.399712,10.272199,7200,2.4571428,100,100,62.8,1.9999999,Very Low,76.7,7.5065837,100,1747058400,Very Low,3.6594684,8.2304,Very Low,5.2597556,58.0,2.5,100,1747058400,2.5
2025-05-12T14:09:48Z,0,29.849,74.9,55,68.2,13,12,248,65,0.0,255,32767,0.0,2127-15-31,0.0,0.16,26.24,0.0,0.0,0.0,0,4.828125,6,45,05:49,20:11,2025-05-12 14:09:48.780591,Città della Scienza,52.5,8.341234,11.326936,4.5743356,5.9197693,EU EEA Common AQI,76.8,7.399712,10.272199,7200,2.4571428,100,100,62.8,1.9999999,Very Low,76.7,7.5065837,100,1747058400,Very Low,3.6594684,8.2304,Very Low,5.2597556,58.0,2.5,100,1747058400,2.5
2025-05-12T14:10:00Z,0,29.849,74.9,55,68.2,10,12,246,65,0.0,255,32767,0.0,2127-15-31,0.0,0.16,26.24,0.0,0.0,0.0,0,4.828125,6,45,05:49,20:11,2025-05-12 14:09:59.810597,Città della Scienza,52.5,8.341234,11.326936,4.5743356,5.9197693,EU EEA Common AQI,76.8,7.399712,10.272199,7200,2.4571428,100,100,62.8,1.9999999,Very Low,76.7,7.5065837,100,1747058400,Very Low,3.6594684,8.2304,Very Low,5.2597556,58.0,2.5,100,1747058400,2.5
2025-05-12T14:10:11Z,0,29.849,74.9,55,68.2,9,12,254,65,0.0,255,32767,0.0,2127-15-31,0.0,0.16,26.24,0.0,0.0,0.0,0,4.828125,6,45,05:49,20:11,2025-05-12 14:10:10.874598,Città della Scienza,52.5,8.341234,11.326936,4.5743356,5.9197693,EU EEA Common AQI,76.8,7.399712,10.272199,7200,2.4571428,100,100,62.8,1.9999999,Very Low,76.7,7.5065837,100,1747058400,Very Low,3.6594684,8.2304,Very Low,5.2597556,58.0,2.5,100,1747058400,2.5
2025-05-12T14:10:22Z,0,29.849,74.9,55,68.2,11,12,270,66,0.0,255,32767,0.0,2127-15-31,0.0,0.16,26.24,0.0,0.0,0.0,0,4.828125,6,45,05:49,20:11,2025-05-12 14:10:21.962607,Città della Scienza,52.5,8.341234,11.326936,4.5743356,5.9197693,EU EEA Common AQI,76.8,7.399712,10.272199,7200,2.4571428,100,100,62.8,1.9999999,Very Low,76.7,7.5065837,100,1747058400,Very Low,3.6594684,8.2304,Very Low,5.2597556,58.0,2.5,100,1747058400,2.5
2025-05-12T14:10:33Z,0,29.849,74.9,55,68.2,13,12,258,66,0.0,255,32767,0.0,2127-15-31,0.0,0.16,26.24,0.0,0.0,0.0,0,4.828125,6,45,05:49,20:11,2025-05-12 14:10:33.283607,Città della Scienza,52.5,8.341234,11.326936,4.5743356,5.9197693,EU EEA Common AQI,76.8,7.399712,10.272199,7200,2.4571428,100,100,62.8,1.9999999,Very Low,76.7,7.5065837,100,1747058400,Very Low,3.6594684,8.2304,Very Low,5.2597556,58.0,2.5,100,1747058400,2.5
2025-05-12T14:10:44Z,0,29.847,74.9,55,68.2,11,12,256,66,0.0,255,32767,0.0,2127-15-31,0.0,0.16,26.24,0.0,0.0,0.0,0,4.828125,6,45,05:49,20:11,2025-05-12 14:10:44.411568,Città della Scienza,52.5,8.341234,11.326936,4.5743356,5.9197693,EU EEA Common AQI,76.8,7.399712,10.272199,7200,2.4571428,100,100,62.8,1.9999999,Very Low,76.7,7.5065837,100,1747058400,Very Low,3.6594684,8.2304,Very Low,5.2597556,58.0,2.5,100,1747058400,2.5
2025-05-12T14:10:55Z,0,29.847,74.9,55,68.2,16,12,242,66,0.0,255,32767,0.0,2127-15-31,0.0,0.16,26.24,0.0,0.0,0.0,0,4.828125,6,45,05:49,20:11,2025-05-12 14:10:55.482598,Città della Scienza,52.5,8.341234,11.326936,4.5743356,5.9197693,EU EEA Common AQI,76.8,7.399712,10.272199,7200,2.4571428,100,100,62.8,1.9999999,Very Low,76.7,7.5065837,100,1747058400,Very Low,3.6594684,8.2304,Very Low,5.2597556,58.0,2.5,100,1747058400,2.5
2025-05-12T14:11:06Z,0,29.847,74.9,55,68.2,12,12,240,66,0.0,255,32767,0.0,2127-15-31,0.0,0.16,26.24,0.0,0.0,0.0,0,4.828125,6,45,05:49,20:11,2025-05-12 14:11:06.582588,Città della Scienza,52.5,8.341234,11.326936,4.5743356,5.9197693,EU EEA Common AQI,76.8,7.399712,10.272199,7200,2.4571428,100,100,62.8,1.9999999,Very Low,76.7,7.5065837,100,1747058400,Very Low,3.6594684,8.2304,Very Low,5.2597556,58.0,2.5,100,1747058400,2.5
2025-05-12T14:11:17Z,0,29.847,74.9,55,68.2,8,12,241,65,0.0,255,32767,0.0,2127-15-31,0.0,0.16,26.24,0.0,0.0,0.0,0,4.828125,6,45,05:49,20:11,2025-05-12 14:11:17.681558,Città della Scienza,52.5,8.341234,11.326936,4.5743356,5.9197693,EU EEA Common AQI,76.8,7.399712,10.272199,7200,2.4571428,100,100,62.8,1.9999999,Very Low,76.7,7.5065837,100,1747058400,Very Low,3.6594684,8.2304,Very Low,5.2597556,58.0,2.5,100,1747058400,2.5
2025-05-12T14:11:28Z,0,29.847,74.9,55,68.2,11,12,249,65,0.0,255,32767,0.0,2127-15-31,0.0,0.16,26.24,0.0,0.0,0.0,0,4.828125,6,45,05:49,20:11,2025-05-12 14:11:28.794587,Città della Scienza,52.5,8.341234,11.326936,4.5743356,5.9197693,EU EEA Common AQI,76.8,7.399712,10.272199,7200,2.4571428,100,100,62.8,1.9999999,Very Low,76.7,7.5065837,100,1747058400,Very Low,3.6594684,8.2304,Very Low,5.2597556,58.0,2.5,100,1747058400,2.5
2025-05-12T14:11:40Z,0,29.847,74.8,55,68.2,10,12,275,65,0.0,255,32767,0.0,2127-15-31,0.0,0.16,26.24,0.0,0.0,0.0,0,4.828125,6,45,05:49,20:11,2025-05-12 14:11:39.917597,Città della Scienza,52.5,8.341234,11.326936,4.5743356,5.9197693,EU EEA Common AQI,76.8,7.399712,10.272199,7200,2.4571428,100,100,62.8,1.9999999,Very Low,76.7,7.5065837,100,1747058400,Very Low,3.6594684,8.2304,Very Low,5.2597556,58.0,2.5,100,1747058400,2.5
2025-05-12T14:11:51Z,0,29.847,74.8,55,68.2,13,12,272,65,0.0,255,32767,0.0,2127-15-31,0.0,0.16,26.24,0.0,0.0,0.0,0,4.828125,6,45,05:49,20:11,2025-05-12 14:11:51.009591,Città della Scienza,52.5,8.341234,11.326936,4.5743356,5.9197693,EU EEA Common AQI,76.8,7.399712,10.272199,7200,2.4571428,100,100,62.8,1.9999999,Very Low,76.7,7.5065837,100,1747058400,Very Low,3.6594684,8.2304,Very Low,5.2597556,58.0,2.5,100,1747058400,2.5
2025-05-12T14:12:02Z,0,29.847,74.8,55,68.3,14,12,252,65,0.0,255,32767,0.0,2127-15-31,0.0,0.16,26.24,0.0,0.0,0.0,0,4.828125,6,45,05:49,20:11,2025-05-12 14:12:02.085610,Città della Scienza,52.5,8.341234,11.326936,4.5743356,5.9197693,EU EEA Common AQI,76.8,7.399712,10.272199,7200,2.4571428,100,100,62.8,1.9999999,Very Low,76.7,7.5065837,100,1747058400,Very Low,3.6594684,8.2304,Very Low,5.2597556,58.0,2.5,100,1747058400,2.5
2025-05-12T14:12:13Z,0,29.847,74.8,55,68.3,12,12,279,65,0.0,255,32767,0.0,2127-15-31,0.0,0.16,26.24,0.0,0.0,0.0,0,4.828125,6,45,05:49,20:11,2025-05-12 14:12:13.160603,Città della Scienza,52.5,8.341234,11.326936,4.5743356,5.9197693,EU EEA Common AQI,76.8,7.399712,10.272199,7200,2.4571428,100,100,62.8,1.9999999,Very Low,76.7,7.5065837,100,1747058400,Very Low,3.6594684,8.2304,Very Low,5.2597556,58.0,2.5,100,1747058400,2.5
2025-05-12T14:12:24Z,0,29.847,74.8,55,68.3,10,12,232,65,0.0,255,32767,0.0,2127-15-31,0.0,0.16,26.24,0.0,0.0,0.0,0,4.828125,6,45,05:49,20:11,2025-05-12 14:12:24.214597,Città della Scienza,52.5,8.341234,11.326936,4.5743356,5.9197693,EU EEA Common AQI,76.8,7.399712,10.272199,7200,2.4571428,100,100,62.8,1.9999999,Very Low,76.7,7.5065837,100,1747058400,Very Low,3.6594684,8.2304,Very Low,5.2597556,58.0,2.5,100,1747058400,2.5
2025-05-12T14:12:35Z,0,29.846,74.9,55,68.3,11,12,259,65,0.0,255,32767,0.0,2127-15-31,0.0,0.16,26.24,0.0,0.0,0.0,0,4.828125,6,45,05:49,20:11,2025-05-12 14:12:35.304553,Città della Scienza,52.5,8.341234,11.326936,4.5743356,5.9197693,EU EEA Common AQI,76.8,7.399712,10.272199,7200,2.4571428,100,100,62.8,1.9999999,Very Low,76.7,7.5065837,100,1747058400,Very Low,3.6594684,8.2304,Very Low,5.2597556,58.0,2.5,100,1747058400,2.5
2025-05-12T14:12:46Z,0,29.846,74.9,55,68.3,13,12,246,65,0.0,255,32767,0.0,2127-15-31,0.0,0.16,26.24,0.0,0.0,0.0,0,4.828125,6,45,05:49,20:11,2025-05-12 14:12:46.398593,Città della Scienza,52.5,8.341234,11.326936,4.5743356,5.9197693,EU EEA Common AQI,76.8,7.399712,10.272199,7200,2.4571428,100,100,62.8,1.9999999,Very Low,76.7,7.5065837,100,1747058400,Very Low,3.6594684,8.2304,Very Low,5.2597556,58.0,2.5,100,1747058400,2.5
2025-05-12T14:12:57Z,0,29.846,74.9,55,68.3,10,12,254,65,0.0,255,32767,0.0,2127-15-31,0.0,0.16,26.24,0.0,0.0,0.0,0,4.828125,6,45,05:49,20:11,2025-05-12 14:12:57.465604,Città della Scienza,52.5,8.341234,11.326936,4.5743356,5.9197693,EU EEA Common AQI,76.8,7.399712,10.272199,7200,2.4571428,100,100,62.8,1.9999999,Very Low,76.7,7.5065837,100,1747058400,Very Low,3.6594684,8.2304,Very Low,5.2597556,58.0,2.5,100,1747058400,2.5
2025-05-12T14:13:08Z,0,29.846,74.9,55,68.3,11,12,246,65,0.0,255,32767,0.0,2127-15-31,0.0,0.16,26.24,0.0,0.0,0.0,0,4.828125,6,45,05:49,20:11,2025-05-12 14:13:08.540593,Città della Scienza,52.5,8.341234,11.326936,4.5743356,5.9197693,EU EEA Common AQI,76.8,7.399712,10.272199,7200,2.4571428,100,100,62.8,1.9999999,Very Low,76.7,7.5065837,100,1747058400,Very Low,3.6594684,8.2304,Very Low,5.2597556,58.0,2.5,100,1747058400,2.5
2025-05-12T14:13:19Z,0,29.846,74.9,55,68.3,11,12,257,65,0.0,255,32767,0.0,2127-15-31,0.0,0.16,26.24,0.0,0.0,0.0,0,4.828125,6,45,05:49,20:11,2025-05-12 14:13:19.614600,Città della Scienza,52.5,8.341234,11.326936,4.5743356,5.9197693,EU EEA Common AQI,76.8,7.399712,10.272199,7200,2.4571428,100,100,62.8,1.9999999,Very Low,76.7,7.5065837,100,1747058400,Very Low,3.6594684,8.2304,Very Low,5.2597556,58.0,2.5,100,1747058400,2.5
2025-05-12T14:13:30Z,0,29.846,74.9,55,68.3,13,12,238,65,0.0,255,32767,0.0,2127-15-31,0.0,0.16,26.24,0.0,0.0,0.0,0,4.828125,6,45,05:49,20:11,2025-05-12 14:13:30.681602,Città della Scienza,52.5,8.341234,11.326936,4.5743356,5.9197693,EU EEA Common AQI,76.8,7.399712,10.272199,7200,2.4571428,100,100,62.8,1.9999999,Very Low,76.7,7.5065837,100,1747058400,Very Low,3.6594684,8.2304,Very Low,5.2597556,58.0,2.5,100,1747058400,2.5
2025-05-12T14:13:41Z,0,29.846,74.8,55,68.4,7,12,229,65,0.0,255,32767,0.0,2127-15-31,0.0,0.16,26.24,0.0,0.0,0.0,0,4.828125,6,45,05:49,20:11,2025-05-12 14:13:41.776604,Città della Scienza,52.5,8.341234,11.326936,4.5743356,5.9197693,EU EEA Common AQI,76.8,7.399712,10.272199,7200,2.4571428,100,100,62.8,1.9999999,Very Low,76.7,7.5065837,100,1747058400,Very Low,3.6594684,8.2304,Very Low,5.2597556,58.0,2.5,100,1747058400,2.5
2025-05-12T14:13:53Z,0,29.846,74.8,55,68.4,12,12,247,65,0.0,255,32767,0.0,2127-15-31,0.0,0.16,26.24,0.0,0.0,0.0,0,4.828125,6,45,05:49,20:11,2025-05-12 14:13:52.893604,Città della Scienza,52.5,8.341234,11.326936,4.5743356,5.9197693,EU EEA Common AQI,76.8,7.399712,10.272199,7200,2.4571428,100,100,62.8,1.9999999,Very Low,76.7,7.5065837,100,1747058400,Very Low,3.6594684,8.2304,Very Low,5.2597556,58.0,2.5,100,1747058400,2.5
2025-05-12T14:14:04Z,0,29.846,74.8,55,68.4,13,12,235,65,0.0,255,32767,0.0,2127-15-31,0.0,0.16,26.24,0.0,0.0,0.0,0,4.828125,6,45,05:49,20:11,2025-05-12 14:14:03.962600,Città della Scienza,52.5,8.341234,11.326936,4.5743356,5.9197693,EU EEA Common AQI,76.8,7.399712,10.272199,7200,2.4571428,100,100,62.8,1.9999999,Very Low,76.7,7.5065837,100,1747058400,Very Low,3.6594684,8.2304,Very Low,5.2597556,58.0,2.5,100,1747058400,2.5
2025-05-12T14:14:15Z,0,29.846,74.8,55,68.4,14,12,252,65,0.0,255,32767,0.0,2127-15-31,0.0,0.16,26.24,0.0,0.0,0.0,0,4.828125,6,45,05:49,20:11,2025-05-12 14:14:15.042592,Città della Scienza,52.5,8.341234,11.326936,4.5743356,5.9197693,EU EEA Common AQI,76.8,7.399712,10.272199,7200,2.4571428,100,100,62.8,1.9999999,Very Low,76.7,7.5065837,100,1747058400,Very Low,3.6594684,8.2304,Very Low,5.2597556,58.0,2.5,100,1747058400,2.5
2025-05-12T14:14:26Z,0,29.846,74.8,55,68.3,12,12,232,65,0.0,255,32767,0.0,2127-15-31,0.0,0.16,26.24,0.0,0.0,0.0,0,4.828125,6,45,05:49,20:11,2025-05-12 14:14:26.129630,Città della Scienza,52.5,8.341234,11.326936,4.5743356,5.9197693,EU EEA Common AQI,76.8,7.399712,10.272199,7200,2.4571428,100,100,62.8,1.9999999,Very Low,76.7,7.5065837,100,1747058400,Very Low,3.6594684,8.2304,Very Low,5.2597556,58.0,2.5,100,1747058400,2.5
2025-05-12T14:14:37Z,0,29.845,74.8,54,68.3,10,12,261,65,0.0,255,32767,0.0,2127-15-31,0.0,0.16,26.24,0.0,0.0,0.0,0,4.828125,6,45,05:49,20:11,2025-05-12 14:14:37.223595,Città della Scienza,52.5,8.341234,11.326936,4.5743356,5.9197693,EU EEA Common AQI,76.8,7.399712,10.272199,7200,2.4571428,100,100,62.8,1.9999999,Very Low,76.7,7.5065837,100,1747058400,Very Low,3.6594684,8.2304,Very Low,5.2597556,58.0,2.5,100,1747058400,2.5
2025-05-12T14:14:48Z,0,29.845,74.8,54,68.3,16,12,236,65,0.0,255,32767,0.0,2127-15-31,0.0,0.16,26.24,0.0,0.0,0.0,0,4.828125,6,45,05:49,20:11,2025-05-12 14:14:48.337607,Città della Scienza,52.5,8.341234,11.326936,4.5743356,5.9197693,EU EEA Common AQI,76.8,7.399712,10.272199,7200,2.4571428,100,100,62.8,1.9999999,Very Low,76.7,7.5065837,100,1747058400,Very Low,3.6594684,8.2304,Very Low,5.2597556,58.0,2.5,100,1747058400,2.5
2025-05-12T14:14:59Z,0,29.845,74.8,54,68.3,14,12,240,65,0.0,255,32767,0.0,2127-15-31,0.0,0.16,26.24,0.0,0.0,0.0,0,4.828125,6,45,05:49,20:11,2025-05-12 14:14:59.419562,Città della Scienza,52.5,8.341234,11.326936,4.5743356,5.9197693,EU EEA Common AQI,76.8,7.399712,10.272199,7200,2.4571428,100,100,62.8,1.9999999,Very Low,76.7,7.5065837,100,1747058400,Very Low,3.6594684,8.2304,Very Low,5.2597556,58.0,2.5,100,1747058400,2.5
2025-05-12T14:15:10Z,0,29.845,74.8,54,68.3,13,12,261,65,0.0,255,32767,0.0,2127-15-31,0.0,0.16,26.24,0.0,0.0,0.0,0,4.828125,6,45,05:49,20:11,2025-05-12 14:15:10.491606,Città della Scienza,52.5,8.341234,11.326936,4.5743356,5.9197693,EU EEA Common AQI,76.8,7.399712,10.272199,7200,2.4571428,100,100,62.8,1.9999999,Very Low,76.7,7.5065837,100,1747058400,Very Low,3.6594684,8.2304,Very Low,5.2597556,58.0,2.5,100,1747058400,2.5
2025-05-12T14:15:21Z,0,29.845,74.8,54,68.3,12,12,247,65,0.0,255,32767,0.0,2127-15-31,0.0,0.16,26.24,0.0,0.0,0.0,0,4.828125,6,45,05:49,20:11,2025-05-12 14:15:21.608608,Città della Scienza,48.9,7.5122886,11.307382,3.5704713,5.273269,EU EEA Common AQI,77.1,6.591587,10.252495,7200,2.1142857,100,100,61.8,1.76,Very Low,77.3,6.7079477,100,1747059300,Very Low,2.856377,7.406555,Very Low,4.268007,56.6,2.942857,100,1747059300,2.2
2025-05-12T14:15:32Z,0,29.845,74.8,54,68.3,16,12,238,65,0.0,255,32767,0.0,2127-15-31,0.0,0.16,26.24,0.0,0.0,0.0,0,4.828125,6,45,05:49,20:11,2025-05-12 14:15:32.697595,Città della Scienza,48.9,7.5122886,11.307382,3.5704713,5.273269,EU EEA Common AQI,77.1,6.591587,10.252495,7200,2.1142857,100,100,61.8,1.76,Very Low,77.3,6.7079477,100,1747059300,Very Low,2.856377,7.406555,Very Low,4.268007,56.6,2.942857,100,1747059300,2.2
2025-05-12T14:15:43Z,0,29.844,74.8,54,68.3,13,12,251,66,0.0,255,32767,0.0,2127-15-31,0.0,0.16,26.24,0.0,0.0,0.0,0,4.828125,6,45,05:49,20:11,2025-05-12 14:15:43.783586,Città della Scienza,48.9,7.5122886,11.307382,3.5704713,5.273269,EU EEA Common AQI,77.1,6.591587,10.252495,7200,2.1142857,100,100,61.8,1.76,Very Low,77.3,6.7079477,100,1747059300,Very Low,2.856377,7.406555,Very Low,4.268007,56.6,2.942857,100,1747059300,2.2
2025-05-12T14:15:55Z,0,29.844,74.8,54,68.3,15,12,247,66,0.0,255,32767,0.0,2127-15-31,0.0,0.16,26.24,0.0,0.0,0.0,0,4.828125,6,45,05:49,20:11,2025-05-12 14:15:54.832653,Città della Scienza,48.9,7.5122886,11.307382,3.5704713,5.273269,EU EEA Common AQI,77.1,6.591587,10.252495,7200,2.1142857,100,100,61.8,1.76,Very Low,77.3,6.7079477,100,1747059300,Very Low,2.856377,7.406555,Very Low,4.268007,56.6,2.942857,100,1747059300,2.2
2025-05-12T14:16:06Z,0,29.844,74.8,54,68.2,14,12,248,66,0.0,255,32767,0.0,2127-15-31,0.0,0.16,26.24,0.0,0.0,0.0,0,4.828125,6,45,05:49,20:11,2025-05-12 14:16:05.894599,Città della Scienza,48.9,7.5122886,11.307382,3.5704713,5.273269,EU EEA Common AQI,77.1,6.591587,10.252495,7200,2.1142857,100,100,61.8,1.76,Very Low,77.3,6.7079477,100,1747059300,Very Low,2.856377,7.406555,Very Low,4.268007,56.6,2.942857,100,1747059300,2.2
2025-05-12T14:16:17Z,0,29.844,74.8,54,68.3,12,12,245,66,0.0,255,32767,0.0,2127-15-31,0.0,0.16,26.24,0.0,0.0,0.0,0,4.828125,6,45,05:49,20:11,2025-05-12 14:16:16.952595,Città della Scienza,48.9,7.5122886,11.307382,3.5704713,5.273269,EU EEA Common AQI,77.1,6.591587,10.252495,7200,2.1142857,100,100,61.8,1.76,Very Low,77.3,6.7079477,100,1747059300,Very Low,2.856377,7.406555,Very Low,4.268007,56.6,2.942857,100,1747059300,2.2
2025-05-12T14:16:28Z,0,29.844,74.8,54,68.3,15,12,241,67,0.0,255,32767,0.0,2127-15-31,0.0,0.16,26.24,0.0,0.0,0.0,0,4.828125,6,45,05:49,20:11,2025-05-12 14:16:28.011569,Città della Scienza,48.9,7.5122886,11.307382,3.5704713,5.273269,EU EEA Common AQI,77.1,6.591587,10.252495,7200,2.1142857,100,100,61.8,1.76,Very Low,77.3,6.7079477,100,1747059300,Very Low,2.856377,7.406555,Very Low,4.268007,56.6,2.942857,100,1747059300,2.2
2025-05-12T14:16:39Z,0,29.843,74.8,54,68.3,16,12,240,67,0.0,255,32767,0.0,2127-15-31,0.0,0.16,26.24,0.0,0.0,0.0,0,4.828125,6,45,05:49,20:11,2025-05-12 14:16:39.098599,Città della Scienza,48.9,7.5122886,11.307382,3.5704713,5.273269,EU EEA Common AQI,77.1,6.591587,10.252495,7200,2.1142857,100,100,61.8,1.76,Very Low,77.3,6.7079477,100,1747059300,Very Low,2.856377,7.406555,Very Low,4.268007,56.6,2.942857,100,1747059300,2.2
2025-05-12T14:16:50Z,0,29.843,74.8,54,68.2,14,12,239,67,0.0,255,32767,0.0,2127-15-31,0.0,0.16,26.24,0.0,0.0,0.0,0,4.828125,6,45,05:49,20:11,2025-05-12 14:16:50.180609,Città della Scienza,48.9,7.5122886,11.307382,3.5704713,5.273269,EU EEA Common AQI,77.1,6.591587,10.252495,7200,2.1142857,100,100,61.8,1.76,Very Low,77.3,6.7079477,100,1747059300,Very Low,2.856377,7.406555,Very Low,4.268007,56.6,2.942857,100,1747059300,2.2
2025-05-12T14:17:01Z,0,29.843,74.8,54,68.3,16,12,232,67,0.0,255,32767,0.0,2127-15-31,0.0,0.16,26.24,0.0,0.0,0.0,0,4.828125,6,45,05:49,20:11,2025-05-12 14:17:01.280587,Città della Scienza,48.9,7.5122886,11.307382,3.5704713,5.273269,EU EEA Common AQI,77.1,6.591587,10.252495,7200,2.1142857,100,100,61.8,1.76,Very Low,77.3,6.7079477,100,1747059300,Very Low,2.856377,7.406555,Very Low,4.268007,56.6,2.942857,100,1747059300,2.2
2025-05-12T14:17:12Z,0,29.843,74.8,54,68.2,16,12,248,67,0.0,255,32767,0.0,2127-15-31,0.0,0.16,26.24,0.0,0.0,0.0,0,4.828125,6,45,05:49,20:11,2025-05-12 14:17:12.350599,Città della Scienza,48.9,7.5122886,11.307382,3.5704713,5.273269,EU EEA Common AQI,77.1,6.591587,10.252495,7200,2.1142857,100,100,61.8,1.76,Very Low,77.3,6.7079477,100,1747059300,Very Low,2.856377,7.406555,Very Low,4.268007,56.6,2.942857,100,1747059300,2.2
2025-05-12T14:17:23Z,0,29.843,74.8,54,68.2,15,12,238,67,0.0,255,32767,0.0,2127-15-31,0.0,0.16,26.24,0.0,0.0,0.0,0,4.828125,6,45,05:49,20:11,2025-05-12 14:17:23.374582,Città della Scienza,48.9,7.5122886,11.307382,3.5704713,5.273269,EU EEA Common AQI,77.1,6.591587,10.252495,7200,2.1142857,100,100,61.8,1.76,Very Low,77.3,6.7079477,100,1747059300,Very Low,2.856377,7.406555,Very Low,4.268007,56.6,2.942857,100,1747059300,2.2
2025-05-12T14:17:34Z,0,29.842,74.9,54,68.2,16,13,269,67,0.0,255,32767,0.0,2127-15-31,0.0,0.16,26.24,0.0,0.0,0.0,0,4.828125,6,45,05:49,20:11,2025-05-12 14:17:34.489603,Città della Scienza,48.9,7.5122886,11.307382,3.5704713,5.273269,EU EEA Common AQI,77.1,6.591587,10.252495,7200,2.1142857,100,100,61.8,1.76,Very Low,77.3,6.7079477,100,1747059300,Very Low,2.856377,7.406555,Very Low,4.268007,56.6,2.942857,100,1747059300,2.2
2025-05-12T14:17:45Z,0,29.842,74.9,54,68.1,14,13,247,67,0.0,255,32767,0.0,2127-15-31,0.0,0.16,26.24,0.0,0.0,0.0,0,4.828125,6,45,05:49,20:11,2025-05-12 14:17:45.542593,Città della Scienza,48.9,7.5122886,11.307382,3.5704713,5.273269,EU EEA Common AQI,77.1,6.591587,10.252495,7200,2.1142857,100,100,61.8,1.76,Very Low,77.3,6.7079477,100,1747059300,Very Low,2.856377,7.406555,Very Low,4.268007,56.6,2.942857,100,1747059300,2.2
2025-05-12T14:17:56Z,0,29.842,74.9,54,68.1,14,13,248,67,0.0,255,32767,0.0,2127-15-31,0.0,0.16,26.24,0.0,0.0,0.0,0,4.828125,6,45,05:49,20:11,2025-05-12 14:17:56.626621,Città della Scienza,48.9,7.5122886,11.307382,3.5704713,5.273269,EU EEA Common AQI,77.1,6.591587,10.252495,7200,2.1142857,100,100,61.8,1.76,Very Low,77.3,6.7079477,100,1747059300,Very Low,2.856377,7.406555,Very Low,4.268007,56.6,2.942857,100,1747059300,2.2
2025-05-12T14:18:07Z,0,29.842,74.9,54,68.1,14,13,248,67,0.0,255,32767,0.0,2127-15-31,0.0,0.16,26.24,0.0,0.0,0.0,0,4.828125,6,45,05:49,20:11,2025-05-12 14:18:07.708561,Città della Scienza,48.9,7.5122886,11.307382,3.5704713,5.273269,EU EEA Common AQI,77.1,6.591587,10.252495,7200,2.1142857,100,100,61.8,1.76,Very Low,77.3,6.7079477,100,1747059300,Very Low,2.856377,7.406555,Very Low,4.268007,56.6,2.942857,100,1747059300,2.2
2025-05-12T14:18:19Z,0,29.842,74.9,54,68.1,14,13,238,66,0.0,255,32767,0.0,2127-15-31,0.0,0.16,26.24,0.0,0.0,0.0,0,4.828125,6,45,05:49,20:11,2025-05-12 14:18:18.813560,Città della Scienza,48.9,7.5122886,11.307382,3.5704713,5.273269,EU EEA Common AQI,77.1,6.591587,10.252495,7200,2.1142857,100,100,61.8,1.76,Very Low,77.3,6.7079477,100,1747059300,Very Low,2.856377,7.406555,Very Low,4.268007,56.6,2.942857,100,1747059300,2.2
2025-05-12T14:18:30Z,0,29.842,74.9,54,68.1,16,13,250,66,0.0,255,32767,0.0,2127-15-31,0.0,0.16,26.24,0.0,0.0,0.0,0,4.828125,6,45,05:49,20:11,2025-05-12 14:18:29.882604,Città della Scienza,48.9,7.5122886,11.307382,3.5704713,5.273269,EU EEA Common AQI,77.1,6.591587,10.252495,7200,2.1142857,100,100,61.8,1.76,Very Low,77.3,6.7079477,100,1747059300,Very Low,2.856377,7.406555,Very Low,4.268007,56.6,2.942857,100,1747059300,2.2
2025-05-12T14:18:41Z,0,29.845,74.8,54,68.1,14,13,237,66,0.0,255,32767,0.0,2127-15-31,0.0,0.16,26.24,0.0,0.0,0.0,0,4.828125,6,45,05:49,20:11,2025-05-12 14:18:40.969557,Città della Scienza,48.9,7.5122886,11.307382,3.5704713,5.273269,EU EEA Common AQI,77.1,6.591587,10.252495,7200,2.1142857,100,100,61.8,1.76,Very Low,77.3,6.7079477,100,1747059300,Very Low,2.856377,7.406555,Very Low,4.268007,56.6,2.942857,100,1747059300,2.2
2025-05-12T14:18:52Z,0,29.845,74.8,54,68.1,16,13,252,66,0.0,255,32767,0.0,2127-15-31,0.0,0.16,26.24,0.0,0.0,0.0,0,4.828125,6,45,05:49,20:11,2025-05-12 14:18:52.057596,Città della Scienza,48.9,7.5122886,11.307382,3.5704713,5.273269,EU EEA Common AQI,77.1,6.591587,10.252495,7200,2.1142857,100,100,61.8,1.76,Very Low,77.3,6.7079477,100,1747059300,Very Low,2.856377,7.406555,Very Low,4.268007,56.6,2.942857,100,1747059300,2.2
2025-05-12T14:19:03Z,0,29.845,74.8,54,68.1,15,13,263,66,0.0,255,32767,0.0,2127-15-31,0.0,0.16,26.24,0.0,0.0,0.0,0,4.828125,6,45,05:49,20:11,2025-05-12 14:19:03.123611,Città della Scienza,48.9,7.5122886,11.307382,3.5704713,5.273269,EU EEA Common AQI,77.1,6.591587,10.252495,7200,2.1142857,100,100,61.8,1.76,Very Low,77.3,6.7079477,100,1747059300,Very Low,2.856377,7.406555,Very Low,4.268007,56.6,2.942857,100,1747059300,2.2
2025-05-12T14:19:14Z,0,29.845,74.8,54,68.0,17,13,246,66,0.0,255,32767,0.0,2127-15-31,0.0,0.16,26.24,0.0,0.0,0.0,0,4.828125,6,45,05:49,20:11,2025-05-12 14:19:14.469600,Città della Scienza,48.9,7.5122886,11.307382,3.5704713,5.273269,EU EEA Common AQI,77.1,6.591587,10.252495,7200,2.1142857,100,100,61.8,1.76,Very Low,77.3,6.7079477,100,1747059300,Very Low,2.856377,7.406555,Very Low,4.268007,56.6,2.942857,100,1747059300,2.2
2025-05-12T14:19:25Z,0,29.845,74.8,54,68.0,14,13,240,66,0.0,255,32767,0.0,2127-15-31,0.0,0.16,26.24,0.0,0.0,0.0,0,4.828125,6,45,05:49,20:11,2025-05-12 14:19:25.572590,Città della Scienza,48.9,7.5122886,11.307382,3.5704713,5.273269,EU EEA Common AQI,77.1,6.591587,10.252495,7200,2.1142857,100,100,61.8,1.76,Very Low,77.3,6.7079477,100,1747059300,Very Low,2.856377,7.406555,Very Low,4.268007,56.6,2.942857,100,1747059300,2.2
2025-05-12T14:19:36Z,0,29.845,74.9,54,68.0,15,13,252,66,0.0,255,32767,0.0,2127-15-31,0.0,0.16,26.24,0.0,0.0,0.0,0,4.828125,6,45,05:49,20:11,2025-05-12 14:19:36.697584,Città della Scienza,48.9,7.5122886,11.307382,3.5704713,5.273269,EU EEA Common AQI,77.1,6.591587,10.252495,7200,2.1142857,100,100,61.8,1.76,Very Low,77.3,6.7079477,100,1747059300,Very Low,2.856377,7.406555,Very Low,4.268007,56.6,2.942857,100,1747059300,2.2
2025-05-12T14:19:47Z,0,29.845,74.9,54,68.0,15,13,265,66,0.0,255,32767,0.0,2127-15-31,0.0,0.16,26.24,0.0,0.0,0.0,0,4.828125,6,45,05:49,20:11,2025-05-12 14:19:47.755597,Città della Scienza,48.9,7.5122886,11.307382,3.5704713,5.273269,EU EEA Common AQI,77.1,6.591587,10.252495,7200,2.1142857,100,100,61.8,1.76,Very Low,77.3,6.7079477,100,1747059300,Very Low,2.856377,7.406555,Very Low,4.268007,56.6,2.942857,100,1747059300,2.2
2025-05-12T14:19:59Z,0,29.845,74.9,54,68.1,17,13,252,66,0.0,255,32767,0.0,2127-15-31,0.0,0.16,26.24,0.0,0.0,0.0,0,4.828125,6,45,05:49,20:11,2025-05-12 14:19:58.841597,Città della Scienza,48.9,7.5122886,11.307382,3.5704713,5.273269,EU EEA Common AQI,77.1,6.591587,10.252495,7200,2.1142857,100,100,61.8,1.76,Very Low,77.3,6.7079477,100,1747059300,Very Low,2.856377,7.406555,Very Low,4.268007,56.6,2.942857,100,1747059300,2.2
2025-05-12T14:20:10Z,0,29.845,74.9,54,68.1,13,13,240,66,0.0,255,32767,0.0,2127-15-31,0.0,0.16,26.24,0.0,0.0,0.0,0,4.828125,6,45,05:49,20:11,2025-05-12 14:20:09.915593,Città della Scienza,48.9,7.5122886,11.307382,3.5704713,5.273269,EU EEA Common AQI,77.1,6.591587,10.252495,7200,2.1142857,100,100,61.8,1.76,Very Low,77.3,6.7079477,100,1747059300,Very Low,2.856377,7.406555,Very Low,4.268007,56.6,2.942857,100,1747059300,2.2
2025-05-12T14:20:21Z,0,29.845,74.9,54,68.1,13,13,243,66,0.0,255,32767,0.0,2127-15-31,0.0,0.16,26.24,0.0,0.0,0.0,0,4.828125,6,45,05:49,20:11,2025-05-12 14:20:20.970595,Città della Scienza,48.9,7.5122886,11.307382,3.5704713,5.273269,EU EEA Common AQI,77.1,6.591587,10.252495,7200,2.1142857,100,100,61.8,1.76,Very Low,77.3,6.7079477,100,1747059300,Very Low,2.856377,7.406555,Very Low,4.268007,56.6,2.942857,100,1747059300,2.2
2025-05-12T14:20:32Z,0,29.845,74.9,54,68.1,15,13,264,66,0.0,255,32767,0.0,2127-15-31,0.0,0.16,26.24,0.0,0.0,0.0,0,4.828125,6,45,05:49,20:11,2025-05-12 14:20:32.081602,Città della Scienza,48.9,7.5122886,11.307382,3.5704713,5.273269,EU EEA Common AQI,77.1,6.591587,10.252495,7200,2.1142857,100,100,61.8,1.76,Very Low,77.3,6.7079477,100,1747059300,Very Low,2.856377,7.406555,Very Low,4.268007,56.6,2.942857,100,1747059300,2.2
2025-05-12T14:20:43Z,0,29.845,74.8,54,68.1,16,13,250,66,0.0,255,32767,0.0,2127-15-31,0.0,0.16,26.24,0.0,0.0,0.0,0,4.828125,6,45,05:49,20:11,2025-05-12 14:20:43.212597,Città della Scienza,48.9,7.5122886,11.307382,3.5704713,5.273269,EU EEA Common AQI,77.1,6.591587,10.252495,7200,2.1142857,100,100,61.8,1.76,Very Low,77.3,6.7079477,100,1747059300,Very Low,2.856377,7.406555,Very Low,4.268007,56.6,2.942857,100,1747059300,2.2
2025-05-12T14:20:54Z,0,29.845,74.8,54,68.1,14,13,263,67,0.0,255,32767,0.0,2127-15-31,0.0,0.16,26.24,0.0,0.0,0.0,0,4.828125,6,45,05:49,20:11,2025-05-12 14:20:54.273614,Città della Scienza,48.9,7.5122886,11.307382,3.5704713,5.273269,EU EEA Common AQI,77.1,6.591587,10.252495,7200,2.1142857,100,100,61.8,1.76,Very Low,77.3,6.7079477,100,1747059300,Very Low,2.856377,7.406555,Very Low,4.268007,56.6,2.942857,100,1747059300,2.2
2025-05-12T14:21:05Z,0,29.845,74.8,54,68.1,11,13,258,67,0.0,255,32767,0.0,2127-15-31,0.0,0.16,26.24,0.0,0.0,0.0,0,4.828125,6,45,05:49,20:11,2025-05-12 14:21:05.329595,Città della Scienza,48.9,7.5122886,11.307382,3.5704713,5.273269,EU EEA Common AQI,77.1,6.591587,10.252495,7200,2.1142857,100,100,61.8,1.76,Very Low,77.3,6.7079477,100,1747059300,Very Low,2.856377,7.406555,Very Low,4.268007,56.6,2.942857,100,1747059300,2.2
2025-05-12T14:21:16Z,0,29.845,74.8,54,68.1,14,13,260,67,0.0,255,32767,0.0,2127-15-31,0.0,0.16,26.24,0.0,0.0,0.0,0,4.828125,6,45,05:49,20:11,2025-05-12 14:21:16.433609,Città della Scienza,48.9,7.5122886,11.307382,3.5704713,5.273269,EU EEA Common AQI,77.1,6.591587,10.252495,7200,2.1142857,100,100,61.8,1.76,Very Low,77.3,6.7079477,100,1747059300,Very Low,2.856377,7.406555,Very Low,4.268007,56.6,2.942857,100,1747059300,2.2
2025-05-12T14:21:27Z,0,29.845,74.8,54,68.1,12,13,248,67,0.0,255,32767,0.0,2127-15-31,0.0,0.16,26.24,0.0,0.0,0.0,0,4.828125,6,45,05:49,20:11,2025-05-12 14:21:27.490613,Città della Scienza,48.9,7.5122886,11.307382,3.5704713,5.273269,EU EEA Common AQI,77.1,6.591587,10.252495,7200,2.1142857,100,100,61.8,1.76,Very Low,77.3,6.7079477,100,1747059300,Very Low,2.856377,7.406555,Very Low,4.268007,56.6,2.942857,100,1747059300,2.2
2025-05-12T14:21:38Z,0,29.844,74.8,54,68.1,16,14,242,67,0.0,255,32767,0.0,2127-15-31,0.0,0.16,26.24,0.0,0.0,0.0,0,4.828125,6,45,05:49,20:11,2025-05-12 14:21:38.579586,Città della Scienza,48.9,7.5122886,11.307382,3.5704713,5.273269,EU EEA Common AQI,77.1,6.591587,10.252495,7200,2.1142857,100,100,61.8,1.76,Very Low,77.3,6.7079477,100,1747059300,Very Low,2.856377,7.406555,Very Low,4.268007,56.6,2.942857,100,1747059300,2.2
2025-05-12T14:21:49Z,0,29.844,74.8,54,68.1,18,14,244,68,0.0,255,32767,0.0,2127-15-31,0.0,0.16,26.24,0.0,0.0,0.0,0,4.828125,6,45,05:49,20:11,2025-05-12 14:21:49.626597,Città della Scienza,48.9,7.5122886,11.307382,3.5704713,5.273269,EU EEA Common AQI,77.1,6.591587,10.252495,7200,2.1142857,100,100,61.8,1.76,Very Low,77.3,6.7079477,100,1747059300,Very Low,2.856377,7.406555,Very Low,4.268007,56.6,2.942857,100,1747059300,2.2
2025-05-12T14:22:00Z,0,29.844,74.8,54,68.1,16,14,247,68,0.0,255,32767,0.0,2127-15-31,0.0,0.16,26.24,0.0,0.0,0.0,0,4.828125,6,45,05:49,20:11,2025-05-12 14:22:00.706595,Città della Scienza,48.9,7.5122886,11.307382,3.5704713,5.273269,EU EEA Common AQI,77.1,6.591587,10.252495,7200,2.1142857,100,100,61.8,1.76,Very Low,77.3,6.7079477,100,1747059300,Very Low,2.856377,7.406555,Very Low,4.268007,56.6,2.942857,100,1747059300,2.2
2025-05-12T14:22:12Z,0,29.844,74.8,54,68.1,13,14,240,68,0.0,255,32767,0.0,2127-15-31,0.0,0.16,26.24,0.0,0.0,0.0,0,4.828125,6,45,05:49,20:11,2025-05-12 14:22:11.828592,Città della Scienza,48.9,7.5122886,11.307382,3.5704713,5.273269,EU EEA Common AQI,77.1,6.591587,10.252495,7200,2.1142857,100,100,61.8,1.76,Very Low,77.3,6.7079477,100,1747059300,Very Low,2.856377,7.406555,Very Low,4.268007,56.6,2.942857,100,1747059300,2.2
2025-05-12T14:22:23Z,0,29.844,74.8,54,68.1,13,14,248,68,0.0,255,32767,0.0,2127-15-31,0.0,0.16,26.24,0.0,0.0,0.0,0,4.828125,6,45,05:49,20:11,2025-05-12 14:22:23.010557,Città della Scienza,48.9,7.5122886,11.307382,3.5704713,5.273269,EU EEA Common AQI,77.1,6.591587,10.252495,7200,2.1142857,100,100,61.8,1.76,Very Low,77.3,6.7079477,100,1747059300,Very Low,2.856377,7.406555,Very Low,4.268007,56.6,2.942857,100,1747059300,2.2
2025-05-12T14:22:34Z,0,29.846,74.9,54,68.1,13,14,248,68,0.0,255,32767,0.0,2127-15-31,0.0,0.16,26.24,0.0,0.0,0.0,0,4.828125,6,45,05:49,20:11,2025-05-12 14:22:34.121603,Città della Scienza,48.9,7.5122886,11.307382,3.5704713,5.273269,EU EEA Common AQI,77.1,6.591587,10.252495,7200,2.1142857,100,100,61.8,1.76,Very Low,77.3,6.7079477,100,1747059300,Very Low,2.856377,7.406555,Very Low,4.268007,56.6,2.942857,100,1747059300,2.2
2025-05-12T14:22:45Z,0,29.846,74.9,54,68.1,15,14,248,68,0.0,255,32767,0.0,2127-15-31,0.0,0.16,26.24,0.0,0.0,0.0,0,4.828125,6,45,05:49,20:11,2025-05-12 14:22:45.179594,Città della Scienza,48.9,7.5122886,11.307382,3.5704713,5.273269,EU EEA Common AQI,77.1,6.591587,10.252495,7200,2.1142857,100,100,61.8,1.76,Very Low,77.3,6.7079477,100,1747059300,Very Low,2.856377,7.406555,Very Low,4.268007,56.6,2.942857,100,1747059300,2.2
2025-05-12T14:22:56Z,0,29.846,74.9,54,68.1,13,14,209,68,0.0,255,32767,0.0,2127-15-31,0.0,0.16,26.24,0.0,0.0,0.0,0,4.828125,6,45,05:49,20:11,2025-05-12 14:22:56.266596,Città della Scienza,48.9,7.5122886,11.307382,3.5704713,5.273269,EU EEA Common AQI,77.1,6.591587,10.252495,7200,2.1142857,100,100,61.8,1.76,Very Low,77.3,6.7079477,100,1747059300,Very Low,2.856377,7.406555,Very Low,4.268007,56.6,2.942857,100,1747059300,2.2
2025-05-12T14:23:07Z,0,29.846,74.9,54,68.1,10,14,231,68,0.0,255,32767,0.0,2127-15-31,0.0,0.16,26.24,0.0,0.0,0.0,0,4.828125,6,45,05:49,20:11,2025-05-12 14:23:07.383609,Città della Scienza,48.9,7.5122886,11.307382,3.5704713,5.273269,EU EEA Common AQI,77.1,6.591587,10.252495,7200,2.1142857,100,100,61.8,1.76,Very Low,77.3,6.7079477,100,1747059300,Very Low,2.856377,7.406555,Very Low,4.268007,56.6,2.942857,100,1747059300,2.2
2025-05-12T14:23:18Z,0,29.846,74.9,54,68.1,12,14,240,68,0.0,255,32767,0.0,2127-15-31,0.0,0.16,26.24,0.0,0.0,0.0,0,4.828125,6,45,05:49,20:11,2025-05-12 14:23:18.462599,Città della Scienza,48.9,7.5122886,11.307382,3.5704713,5.273269,EU EEA Common AQI,77.1,6.591587,10.252495,7200,2.1142857,100,100,61.8,1.76,Very Low,77.3,6.7079477,100,1747059300,Very Low,2.856377,7.406555,Very Low,4.268007,56.6,2.942857,100,1747059300,2.2
2025-05-12T14:23:29Z,0,29.846,74.9,54,68.1,14,14,258,68,0.0,255,32767,0.0,2127-15-31,0.0,0.16,26.24,0.0,0.0,0.0,0,4.828125,6,45,05:49,20:11,2025-05-12 14:23:29.513599,Città della Scienza,48.9,7.5122886,11.307382,3.5704713,5.273269,EU EEA Common AQI,77.1,6.591587,10.252495,7200,2.1142857,100,100,61.8,1.76,Very Low,77.3,6.7079477,100,1747059300,Very Low,2.856377,7.406555,Very Low,4.268007,56.6,2.942857,100,1747059300,2.2
2025-05-12T14:23:40Z,0,29.846,74.8,54,68.1,14,14,239,68,0.0,255,32767,0.0,2127-15-31,0.0,0.16,26.24,0.0,0.0,0.0,0,4.828125,6,45,05:49,20:11,2025-05-12 14:23:40.606600,Città della Scienza,48.9,7.5122886,11.307382,3.5704713,5.273269,EU EEA Common AQI,77.1,6.591587,10.252495,7200,2.1142857,100,100,61.8,1.76,Very Low,77.3,6.7079477,100,1747059300,Very Low,2.856377,7.406555,Very Low,4.268007,56.6,2.942857,100,1747059300,2.2
2025-05-12T14:23:51Z,0,29.846,74.8,54,68.1,13,14,226,68,0.0,255,32767,0.0,2127-15-31,0.0,0.16,26.24,0.0,0.0,0.0,0,4.828125,6,45,05:49,20:11,2025-05-12 14:23:51.675599,Città della Scienza,48.9,7.5122886,11.307382,3.5704713,5.273269,EU EEA Common AQI,77.1,6.591587,10.252495,7200,2.1142857,100,100,61.8,1.76,Very Low,77.3,6.7079477,100,1747059300,Very Low,2.856377,7.406555,Very Low,4.268007,56.6,2.942857,100,1747059300,2.2
2025-05-12T14:24:02Z,0,29.846,74.8,54,68.1,12,14,223,68,0.0,255,32767,0.0,2127-15-31,0.0,0.16,26.24,0.0,0.0,0.0,0,4.828125,6,45,05:49,20:11,2025-05-12 14:24:02.758606,Città della Scienza,48.9,7.5122886,11.307382,3.5704713,5.273269,EU EEA Common AQI,77.1,6.591587,10.252495,7200,2.1142857,100,100,61.8,1.76,Very Low,77.3,6.7079477,100,1747059300,Very Low,2.856377,7.406555,Very Low,4.268007,56.6,2.942857,100,1747059300,2.2
2025-05-12T14:24:14Z,0,29.846,74.8,54,68.2,12,14,234,68,0.0,255,32767,0.0,2127-15-31,0.0,0.16,26.24,0.0,0.0,0.0,0,4.828125,6,45,05:49,20:11,2025-05-12 14:24:13.865599,Città della Scienza,48.9,7.5122886,11.307382,3.5704713,5.273269,EU EEA Common AQI,77.1,6.591587,10.252495,7200,2.1142857,100,100,61.8,1.76,Very Low,77.3,6.7079477,100,1747059300,Very Low,2.856377,7.406555,Very Low,4.268007,56.6,2.942857,100,1747059300,2.2
2025-05-12T14:24:25Z,0,29.846,74.8,54,68.2,14,14,247,68,0.0,255,32767,0.0,2127-15-31,0.0,0.16,26.24,0.0,0.0,0.0,0,4.828125,6,45,05:49,20:11,2025-05-12 14:24:24.912595,Città della Scienza,48.9,7.5122886,11.307382,3.5704713,5.273269,EU EEA Common AQI,77.1,6.591587,10.252495,7200,2.1142857,100,100,61.8,1.76,Very Low,77.3,6.7079477,100,1747059300,Very Low,2.856377,7.406555,Very Low,4.268007,56.6,2.942857,100,1747059300,2.2
2025-05-12T14:24:36Z,0,29.848,74.8,54,68.2,15,14,251,68,0.0,255,32767,0.0,2127-15-31,0.0,0.16,26.24,0.0,0.0,0.0,0,4.828125,6,45,05:49,20:11,2025-05-12 14:24:36.038593,Città della Scienza,48.9,7.5122886,11.307382,3.5704713,5.273269,EU EEA Common AQI,77.1,6.591587,10.252495,7200,2.1142857,100,100,61.8,1.76,Very Low,77.3,6.7079477,100,1747059300,Very Low,2.856377,7.406555,Very Low,4.268007,56.6,2.942857,100,1747059300,2.2
2025-05-12T14:24:47Z,0,29.848,74.8,54,68.2,13,14,238,68,0.0,255,32767,0.0,2127-15-31,0.0,0.16,26.24,0.0,0.0,0.0,0,4.828125,6,45,05:49,20:11,2025-05-12 14:24:47.100602,Città della Scienza,48.9,7.5122886,11.307382,3.5704713,5.273269,EU EEA Common AQI,77.1,6.591587,10.252495,7200,2.1142857,100,100,61.8,1.76,Very Low,77.3,6.7079477,100,1747059300,Very Low,2.856377,7.406555,Very Low,4.268007,56.6,2.942857,100,1747059300,2.2
2025-05-12T14:24:58Z,0,29.848,74.8,54,68.2,13,14,238,68,0.0,255,32767,0.0,2127-15-31,0.0,0.16,26.24,0.0,0.0,0.0,0,4.828125,6,45,05:49,20:11,2025-05-12 14:24:58.160603,Città della Scienza,48.9,7.5122886,11.307382,3.5704713,5.273269,EU EEA Common AQI,77.1,6.591587,10.252495,7200,2.1142857,100,100,61.8,1.76,Very Low,77.3,6.7079477,100,1747059300,Very Low,2.856377,7.406555,Very Low,4.268007,56.6,2.942857,100,1747059300,2.2
2025-05-12T14:25:09Z,0,29.848,74.8,54,68.1,16,14,250,68,0.0,255,32767,0.0,2127-15-31,0.0,0.16,26.24,0.0,0.0,0.0,0,4.828125,6,45,05:49,20:11,2025-05-12 14:25:09.225596,Città della Scienza,48.9,7.5122886,11.307382,3.5704713,5.273269,EU EEA Common AQI,77.1,6.591587,10.252495,7200,2.1142857,100,100,61.8,1.76,Very Low,77.3,6.7079477,100,1747059300,Very Low,2.856377,7.406555,Very Low,4.268007,56.6,2.942857,100,1747059300,2.2
2025-05-12T14:25:20Z,0,29.848,74.8,54,68.2,15,14,243,68,0.0,255,32767,0.0,2127-15-31,0.0,0.16,26.24,0.0,0.0,0.0,0,4.828125,6,45,05:49,20:11,2025-05-12 14:25:20.315590,Città della Scienza,48.9,7.5122886,11.307382,3.5704713,5.273269,EU EEA Common AQI,77.1,6.591587,10.252495,7200,2.1142857,100,100,61.8,1.76,Very Low,77.3,6.7079477,100,1747059300,Very Low,2.856377,7.406555,Very Low,4.268007,56.6,2.942857,100,1747059300,2.2
2025-05-12T14:25:31Z,0,29.848,74.8,54,68.1,13,14,254,68,0.0,255,32767,0.0,2127-15-31,0.0,0.16,26.24,0.0,0.0,0.0,0,4.828125,6,45,05:49,20:11,2025-05-12 14:25:31.390617,Città della Scienza,48.9,7.5122886,11.307382,3.5704713,5.273269,EU EEA Common AQI,77.1,6.591587,10.252495,7200,2.1142857,100,100,61.8,1.76,Very Low,77.3,6.7079477,100,1747059300,Very Low,2.856377,7.406555,Very Low,4.268007,56.6,2.942857,100,1747059300,2.2
2025-05-12T14:25:42Z,0,29.849,74.8,54,68.1,15,14,240,68,0.0,255,32767,0.0,2127-15-31,0.0,0.16,26.24,0.0,0.0,0.0,0,4.828125,6,45,05:49,20:11,2025-05-12 14:25:42.443597,Città della Scienza,48.9,7.5122886,11.307382,3.5704713,5.273269,EU EEA Common AQI,77.1,6.591587,10.252495,7200,2.1142857,100,100,61.8,1.76,Very Low,77.3,6.7079477,100,1747059300,Very Low,2.856377,7.406555,Very Low,4.268007,56.6,2.942857,100,1747059300,2.2
2025-05-12T14:25:53Z,0,29.849,74.8,54,68.1,15,14,242,68,0.0,255,32767,0.0,2127-15-31,0.0,0.16,26.24,0.0,0.0,0.0,0,4.828125,6,45,05:49,20:11,2025-05-12 14:25:53.503608,Città della Scienza,48.9,7.5122886,11.307382,3.5704713,5.273269,EU EEA Common AQI,77.1,6.591587,10.252495,7200,2.1142857,100,100,61.8,1.76,Very Low,77.3,6.7079477,100,1747059300,Very Low,2.856377,7.406555,Very Low,4.268007,56.6,2.942857,100,1747059300,2.2
2025-05-12T14:26:04Z,0,29.849,74.8,54,68.1,13,14,251,68,0.0,255,32767,0.0,2127-15-31,0.0,0.16,26.24,0.0,0.0,0.0,0,4.828125,6,45,05:49,20:11,2025-05-12 14:26:04.636596,Città della Scienza,48.9,7.5122886,11.307382,3.5704713,5.273269,EU EEA Common AQI,77.1,6.591587,10.252495,7200,2.1142857,100,100,61.8,1.76,Very Low,77.3,6.7079477,100,1747059300,Very Low,2.856377,7.406555,Very Low,4.268007,56.6,2.942857,100,1747059300,2.2
2025-05-12T14:26:15Z,0,29.849,74.8,54,68.1,14,14,229,69,0.0,255,32767,0.0,2127-15-31,0.0,0.16,26.24,0.0,0.0,0.0,0,4.828125,6,45,05:49,20:11,2025-05-12 14:26:15.705597,Città della Scienza,48.9,7.5122886,11.307382,3.5704713,5.273269,EU EEA Common AQI,77.1,6.591587,10.252495,7200,2.1142857,100,100,61.8,1.76,Very Low,77.3,6.7079477,100,1747059300,Very Low,2.856377,7.406555,Very Low,4.268007,56.6,2.942857,100,1747059300,2.2
2025-05-12T14:26:26Z,0,29.849,74.8,54,68.0,14,14,244,69,0.0,255,32767,0.0,2127-15-31,0.0,0.16,26.24,0.0,0.0,0.0,0,4.828125,6,45,05:49,20:11,2025-05-12 14:26:26.780562,Città della Scienza,48.9,7.5122886,11.307382,3.5704713,5.273269,EU EEA Common AQI,77.1,6.591587,10.252495,7200,2.1142857,100,100,61.8,1.76,Very Low,77.3,6.7079477,100,1747059300,Very Low,2.856377,7.406555,Very Low,4.268007,56.6,2.942857,100,1747059300,2.2
2025-05-12T14:26:38Z,0,29.847,74.8,54,68.0,16,14,240,69,0.0,255,32767,0.0,2127-15-31,0.0,0.16,26.24,0.0,0.0,0.0,0,4.828125,6,45,05:49,20:11,2025-05-12 14:26:37.863608,Città della Scienza,48.9,7.5122886,11.307382,3.5704713,5.273269,EU EEA Common AQI,77.1,6.591587,10.252495,7200,2.1142857,100,100,61.8,1.76,Very Low,77.3,6.7079477,100,1747059300,Very Low,2.856377,7.406555,Very Low,4.268007,56.6,2.942857,100,1747059300,2.2
2025-05-12T14:26:49Z,0,29.847,74.8,54,68.0,12,14,244,69,0.0,255,32767,0.0,2127-15-31,0.0,0.16,26.24,0.0,0.0,0.0,0,4.828125,6,45,05:49,20:11,2025-05-12 14:26:48.906596,Città della Scienza,48.9,7.5122886,11.307382,3.5704713,5.273269,EU EEA Common AQI,77.1,6.591587,10.252495,7200,2.1142857,100,100,61.8,1.76,Very Low,77.3,6.7079477,100,1747059300,Very Low,2.856377,7.406555,Very Low,4.268007,56.6,2.942857,100,1747059300,2.2
2025-05-12T14:27:00Z,0,29.847,74.8,54,68.0,12,14,240,69,0.0,255,32767,0.0,2127-15-31,0.0,0.16,26.24,0.0,0.0,0.0,0,4.828125,6,45,05:49,20:11,2025-05-12 14:26:59.975590,Città della Scienza,48.9,7.5122886,11.307382,3.5704713,5.273269,EU EEA Common AQI,77.1,6.591587,10.252495,7200,2.1142857,100,100,61.8,1.76,Very Low,77.3,6.7079477,100,1747059300,Very Low,2.856377,7.406555,Very Low,4.268007,56.6,2.942857,100,1747059300,2.2
2025-05-12T14:27:11Z,0,29.847,74.8,54,68.0,12,14,247,69,0.0,255,32767,0.0,2127-15-31,0.0,0.16,26.24,0.0,0.0,0.0,0,4.828125,6,45,05:49,20:11,2025-05-12 14:27:11.062613,Città della Scienza,48.9,7.5122886,11.307382,3.5704713,5.273269,EU EEA Common AQI,77.1,6.591587,10.252495,7200,2.1142857,100,100,61.8,1.76,Very Low,77.3,6.7079477,100,1747059300,Very Low,2.856377,7.406555,Very Low,4.268007,56.6,2.942857,100,1747059300,2.2
2025-05-12T14:27:22Z,0,29.847,74.8,54,68.0,12,14,263,69,0.0,255,32767,0.0,2127-15-31,0.0,0.16,26.24,0.0,0.0,0.0,0,4.828125,6,45,05:49,20:11,2025-05-12 14:27:22.164593,Città della Scienza,48.9,7.5122886,11.307382,3.5704713,5.273269,EU EEA Common AQI,77.1,6.591587,10.252495,7200,2.1142857,100,100,61.8,1.76,Very Low,77.3,6.7079477,100,1747059300,Very Low,2.856377,7.406555,Very Low,4.268007,56.6,2.942857,100,1747059300,2.2
2025-05-12T14:27:33Z,0,29.847,74.8,54,68.0,11,14,257,69,0.0,255,32767,0.0,2127-15-31,0.0,0.16,26.24,0.0,0.0,0.0,0,4.828125,6,45,05:49,20:11,2025-05-12 14:27:33.306587,Città della Scienza,48.9,7.5122886,11.307382,3.5704713,5.273269,EU EEA Common AQI,77.1,6.591587,10.252495,7200,2.1142857,100,100,61.8,1.76,Very Low,77.3,6.7079477,100,1747059300,Very Low,2.856377,7.406555,Very Low,4.268007,56.6,2.942857,100,1747059300,2.2
2025-05-12T14:27:44Z,0,29.849,74.8,54,68.0,10,14,286,69,0.0,255,32767,0.0,2127-15-31,0.0,0.16,26.24,0.0,0.0,0.0,0,4.828125,6,45,05:49,20:11,2025-05-12 14:27:44.359567,Città della Scienza,48.9,7.5122886,11.307382,3.5704713,5.273269,EU EEA Common AQI,77.1,6.591587,10.252495,7200,2.1142857,100,100,61.8,1.76,Very Low,77.3,6.7079477,100,1747059300,Very Low,2.856377,7.406555,Very Low,4.268007,56.6,2.942857,100,1747059300,2.2
2025-05-12T14:27:55Z,0,29.849,74.8,54,68.0,15,14,261,70,0.0,255,32767,0.0,2127-15-31,0.0,0.16,26.24,0.0,0.0,0.0,0,4.828125,6,45,05:49,20:11,2025-05-12 14:27:55.440560,Città della Scienza,48.9,7.5122886,11.307382,3.5704713,5.273269,EU EEA Common AQI,77.1,6.591587,10.252495,7200,2.1142857,100,100,61.8,1.76,Very Low,77.3,6.7079477,100,1747059300,Very Low,2.856377,7.406555,Very Low,4.268007,56.6,2.942857,100,1747059300,2.2
2025-05-12T14:28:06Z,0,29.849,74.8,54,68.1,14,14,236,70,0.0,255,32767,0.0,2127-15-31,0.0,0.16,26.24,0.0,0.0,0.0,0,4.828125,6,45,05:49,20:11,2025-05-12 14:28:06.532592,Città della Scienza,48.9,7.5122886,11.307382,3.5704713,5.273269,EU EEA Common AQI,77.1,6.591587,10.252495,7200,2.1142857,100,100,61.8,1.76,Very Low,77.3,6.7079477,100,1747059300,Very Low,2.856377,7.406555,Very Low,4.268007,56.6,2.942857,100,1747059300,2.2
2025-05-12T14:28:17Z,0,29.849,74.8,54,68.1,14,14,255,70,0.0,255,32767,0.0,2127-15-31,0.0,0.16,26.24,0.0,0.0,0.0,0,4.828125,6,45,05:49,20:11,2025-05-12 14:28:17.645612,Città della Scienza,48.9,7.5122886,11.307382,3.5704713,5.273269,EU EEA Common AQI,77.1,6.591587,10.252495,7200,2.1142857,100,100,61.8,1.76,Very Low,77.3,6.7079477,100,1747059300,Very Low,2.856377,7.406555,Very Low,4.268007,56.6,2.942857,100,1747059300,2.2
2025-05-12T14:28:28Z,0,29.849,74.8,54,68.1,17,14,248,70,0.0,255,32767,0.0,2127-15-31,0.0,0.16,26.24,0.0,0.0,0.0,0,4.828125,6,45,05:49,20:11,2025-05-12 14:28:28.724595,Città della Scienza,48.9,7.5122886,11.307382,3.5704713,5.273269,EU EEA Common AQI,77.1,6.591587,10.252495,7200,2.1142857,100,100,61.8,1.76,Very Low,77.3,6.7079477,100,1747059300,Very Low,2.856377,7.406555,Very Low,4.268007,56.6,2.942857,100,1747059300,2.2
2025-05-12T14:28:40Z,0,29.849,74.8,54,68.1,15,14,248,70,0.0,255,32767,0.0,2127-15-31,0.0,0.16,26.24,0.0,0.0,0.0,0,4.828125,6,45,05:49,20:11,2025-05-12 14:28:39.816585,Città della Scienza,48.9,7.5122886,11.307382,3.5704713,5.273269,EU EEA Common AQI,77.1,6.591587,10.252495,7200,2.1142857,100,100,61.8,1.76,Very Low,77.3,6.7079477,100,1747059300,Very Low,2.856377,7.406555,Very Low,4.268007,56.6,2.942857,100,1747059300,2.2
2025-05-12T14:28:51Z,0,29.849,74.8,54,68.0,14,14,253,69,0.0,255,32767,0.0,2127-15-31,0.0,0.16,26.24,0.0,0.0,0.0,0,4.828125,6,45,05:49,20:11,2025-05-12 14:28:50.878561,Città della Scienza,48.9,7.5122886,11.307382,3.5704713,5.273269,EU EEA Common AQI,77.1,6.591587,10.252495,7200,2.1142857,100,100,61.8,1.76,Very Low,77.3,6.7079477,100,1747059300,Very Low,2.856377,7.406555,Very Low,4.268007,56.6,2.942857,100,1747059300,2.2
2025-05-12T14:29:02Z,0,29.849,74.8,54,68.0,11,14,242,69,0.0,255,32767,0.0,2127-15-31,0.0,0.16,26.24,0.0,0.0,0.0,0,4.828125,6,45,05:49,20:11,2025-05-12 14:29:01.991601,Città della Scienza,48.9,7.5122886,11.307382,3.5704713,5.273269,EU EEA Common AQI,77.1,6.591587,10.252495,7200,2.1142857,100,100,61.8,1.76,Very Low,77.3,6.7079477,100,1747059300,Very Low,2.856377,7.406555,Very Low,4.268007,56.6,2.942857,100,1747059300,2.2
2025-05-12T14:29:13Z,0,29.849,74.8,54,68.0,14,14,253,69,0.0,255,32767,0.0,2127-15-31,0.0,0.16,26.24,0.0,0.0,0.0,0,4.828125,6,45,05:49,20:11,2025-05-12 14:29:13.086584,Città della Scienza,48.9,7.5122886,11.307382,3.5704713,5.273269,EU EEA Common AQI,77.1,6.591587,10.252495,7200,2.1142857,100,100,61.8,1.76,Very Low,77.3,6.7079477,100,1747059300,Very Low,2.856377,7.406555,Very Low,4.268007,56.6,2.942857,100,1747059300,2.2
2025-05-12T14:29:24Z,0,29.849,74.8,54,68.0,10,14,268,69,0.0,255,32767,0.0,2127-15-31,0.0,0.16,26.24,0.0,0.0,0.0,0,4.828125,6,45,05:49,20:11,2025-05-12 14:29:24.165593,Città della Scienza,48.9,7.5122886,11.307382,3.5704713,5.273269,EU EEA Common AQI,77.1,6.591587,10.252495,7200,2.1142857,100,100,61.8,1.76,Very Low,77.3,6.7079477,100,1747059300,Very Low,2.856377,7.406555,Very Low,4.268007,56.6,2.942857,100,1747059300,2.2
2025-05-12T14:29:35Z,0,29.849,74.8,54,68.0,14,14,242,69,0.0,255,32767,0.0,2127-15-31,0.0,0.16,26.24,0.0,0.0,0.0,0,4.828125,6,45,05:49,20:11,2025-05-12 14:29:35.235596,Città della Scienza,48.9,7.5122886,11.307382,3.5704713,5.273269,EU EEA Common AQI,77.1,6.591587,10.252495,7200,2.1142857,100,100,61.8,1.76,Very Low,77.3,6.7079477,100,1747059300,Very Low,2.856377,7.406555,Very Low,4.268007,56.6,2.942857,100,1747059300,2.2
2025-05-12T14:29:46Z,0,29.849,74.8,54,68.0,12,14,244,68,0.0,255,32767,0.0,2127-15-31,0.0,0.16,26.24,0.0,0.0,0.0,0,4.828125,6,45,05:49,20:11,2025-05-12 14:29:46.304596,Città della Scienza,48.9,7.5122886,11.307382,3.5704713,5.273269,EU EEA Common AQI,77.1,6.591587,10.252495,7200,2.1142857,100,100,61.8,1.76,Very Low,77.3,6.7079477,100,1747059300,Very Low,2.856377,7.406555,Very Low,4.268007,56.6,2.942857,100,1747059300,2.2
2025-05-12T14:29:57Z,0,29.849,74.8,54,68.0,14,14,252,68,0.0,255,32767,0.0,2127-15-31,0.0,0.16,26.24,0.0,0.0,0.0,0,4.828125,6,45,05:49,20:11,2025-05-12 14:29:57.367593,Città della Scienza,48.9,7.5122886,11.307382,3.5704713,5.273269,EU EEA Common AQI,77.1,6.591587,10.252495,7200,2.1142857,100,100,61.8,1.76,Very Low,77.3,6.7079477,100,1747059300,Very Low,2.856377,7.406555,Very Low,4.268007,56.6,2.942857,100,1747059300,2.2
2025-05-12T14:30:08Z,0,29.849,74.8,54,68.1,12,14,267,68,0.0,255,32767,0.0,2127-15-31,0.0,0.16,26.24,0.0,0.0,0.0,0,4.828125,6,45,05:49,20:11,2025-05-12 14:30:08.468595,Città della Scienza,48.9,7.5122886,11.307382,3.5704713,5.273269,EU EEA Common AQI,77.1,6.591587,10.252495,7200,2.1142857,100,100,61.8,1.76,Very Low,77.3,6.7079477,100,1747059300,Very Low,2.856377,7.406555,Very Low,4.268007,56.6,2.942857,100,1747059300,2.2
2025-05-12T14:30:19Z,0,29.849,74.8,54,68.1,13,14,252,68,0.0,255,32767,0.0,2127-15-31,0.0,0.16,26.24,0.0,0.0,0.0,0,4.828125,6,45,05:49,20:11,2025-05-12 14:30:19.568612,Città della Scienza,48.9,7.5122886,11.307382,3.5704713,5.273269,EU EEA Common AQI,77.1,6.591587,10.252495,7200,2.1142857,100,100,61.8,1.76,Very Low,77.3,6.7079477,100,1747059300,Very Low,2.856377,7.406555,Very Low,4.268007,56.6,2.942857,100,1747059300,2.2
2025-05-12T14:30:30Z,0,29.849,74.8,54,68.1,14,14,253,70,0.0,255,32767,0.0,2127-15-31,0.0,0.16,26.24,0.0,0.0,0.0,0,4.828125,6,45,05:49,20:11,2025-05-12 14:30:30.649562,Città della Scienza,53.1,6.802362,11.290845,2.8791578,4.717047,EU EEA Common AQI,77.7,5.8963094,10.238306,7200,2.0285714,100,100,63.7,1.7714283,Very Low,77.6,6.0365434,100,1747060200,Very Low,2.3033261,6.6567693,Very Low,3.4907873,59.1,3.3,100,1747060200,2.2142856
2025-05-12T14:30:41Z,0,29.85,74.7,54,68.1,8,13,238,70,0.0,255,32767,0.0,2127-15-31,0.0,0.16,26.24,0.0,0.0,0.0,0,4.828125,6,45,05:49,20:11,2025-05-12 14:30:41.738615,Città della Scienza,53.1,6.802362,11.290845,2.8791578,4.717047,EU EEA Common AQI,77.7,5.8963094,10.238306,7200,2.0285714,100,100,63.7,1.7714283,Very Low,77.6,6.0365434,100,1747060200,Very Low,2.3033261,6.6567693,Very Low,3.4907873,59.1,3.3,100,1747060200,2.2142856
2025-05-12T14:30:52Z,0,29.85,74.7,54,68.1,13,13,250,70,0.0,255,32767,0.0,2127-15-31,0.0,0.16,26.24,0.0,0.0,0.0,0,4.828125,6,45,05:49,20:11,2025-05-12 14:30:52.795597,Città della Scienza,53.1,6.802362,11.290845,2.8791578,4.717047,EU EEA Common AQI,77.7,5.8963094,10.238306,7200,2.0285714,100,100,63.7,1.7714283,Very Low,77.6,6.0365434,100,1747060200,Very Low,2.3033261,6.6567693,Very Low,3.4907873,59.1,3.3,100,1747060200,2.2142856
2025-05-12T14:31:04Z,0,29.85,74.7,54,68.1,15,13,250,70,0.0,255,32767,0.0,2127-15-31,0.0,0.16,26.24,0.0,0.0,0.0,0,4.828125,6,45,05:49,20:11,2025-05-12 14:31:03.877604,Città della Scienza,53.1,6.802362,11.290845,2.8791578,4.717047,EU EEA Common AQI,77.7,5.8963094,10.238306,7200,2.0285714,100,100,63.7,1.7714283,Very Low,77.6,6.0365434,100,1747060200,Very Low,2.3033261,6.6567693,Very Low,3.4907873,59.1,3.3,100,1747060200,2.2142856
2025-05-12T14:31:15Z,0,29.85,74.7,54,68.1,15,13,261,70,0.0,255,32767,0.0,2127-15-31,0.0,0.16,26.24,0.0,0.0,0.0,0,4.828125,6,45,05:49,20:11,2025-05-12 14:31:14.993596,Città della Scienza,53.1,6.802362,11.290845,2.8791578,4.717047,EU EEA Common AQI,77.7,5.8963094,10.238306,7200,2.0285714,100,100,63.7,1.7714283,Very Low,77.6,6.0365434,100,1747060200,Very Low,2.3033261,6.6567693,Very Low,3.4907873,59.1,3.3,100,1747060200,2.2142856
2025-05-12T14:31:26Z,0,29.85,74.7,54,68.0,13,13,245,71,0.0,255,32767,0.0,2127-15-31,0.0,0.16,26.24,0.0,0.0,0.0,0,4.828125,6,45,05:49,20:11,2025-05-12 14:31:26.088587,Città della Scienza,53.1,6.802362,11.290845,2.8791578,4.717047,EU EEA Common AQI,77.7,5.8963094,10.238306,7200,2.0285714,100,100,63.7,1.7714283,Very Low,77.6,6.0365434,100,1747060200,Very Low,2.3033261,6.6567693,Very Low,3.4907873,59.1,3.3,100,1747060200,2.2142856
2025-05-12T14:31:37Z,0,29.849,74.8,54,68.1,11,13,236,71,0.0,255,32767,0.0,2127-15-31,0.0,0.16,26.24,0.0,0.0,0.0,0,4.828125,6,45,05:49,20:11,2025-05-12 14:31:37.163563,Città della Scienza,53.1,6.802362,11.290845,2.8791578,4.717047,EU EEA Common AQI,77.7,5.8963094,10.238306,7200,2.0285714,100,100,63.7,1.7714283,Very Low,77.6,6.0365434,100,1747060200,Very Low,2.3033261,6.6567693,Very Low,3.4907873,59.1,3.3,100,1747060200,2.2142856
2025-05-12T14:31:48Z,0,29.849,74.8,54,68.1,13,13,261,71,0.0,255,32767,0.0,2127-15-31,0.0,0.16,26.24,0.0,0.0,0.0,0,4.828125,6,45,05:49,20:11,2025-05-12 14:31:48.243590,Città della Scienza,53.1,6.802362,11.290845,2.8791578,4.717047,EU EEA Common AQI,77.7,5.8963094,10.238306,7200,2.0285714,100,100,63.7,1.7714283,Very Low,77.6,6.0365434,100,1747060200,Very Low,2.3033261,6.6567693,Very Low,3.4907873,59.1,3.3,100,1747060200,2.2142856
2025-05-12T14:31:59Z,0,29.849,74.8,54,68.1,12,13,241,71,0.0,255,32767,0.0,2127-15-31,0.0,0.16,26.24,0.0,0.0,0.0,0,4.828125,6,45,05:49,20:11,2025-05-12 14:31:59.312603,Città della Scienza,53.1,6.802362,11.290845,2.8791578,4.717047,EU EEA Common AQI,77.7,5.8963094,10.238306,7200,2.0285714,100,100,63.7,1.7714283,Very Low,77.6,6.0365434,100,1747060200,Very Low,2.3033261,6.6567693,Very Low,3.4907873,59.1,3.3,100,1747060200,2.2142856
2025-05-12T14:32:10Z,0,29.849,74.8,54,68.1,9,13,227,71,0.0,255,32767,0.0,2127-15-31,0.0,0.16,26.24,0.0,0.0,0.0,0,4.828125,6,45,05:49,20:11,2025-05-12 14:32:10.392609,Città della Scienza,53.1,6.802362,11.290845,2.8791578,4.717047,EU EEA Common AQI,77.7,5.8963094,10.238306,7200,2.0285714,100,100,63.7,1.7714283,Very Low,77.6,6.0365434,100,1747060200,Very Low,2.3033261,6.6567693,Very Low,3.4907873,59.1,3.3,100,1747060200,2.2142856
2025-05-12T14:32:21Z,0,29.849,74.8,54,68.1,12,13,241,72,0.0,255,32767,0.0,2127-15-31,0.0,0.16,26.24,0.0,0.0,0.0,0,4.828125,6,45,05:49,20:11,2025-05-12 14:32:21.483591,Città della Scienza,53.1,6.802362,11.290845,2.8791578,4.717047,EU EEA Common AQI,77.7,5.8963094,10.238306,7200,2.0285714,100,100,63.7,1.7714283,Very Low,77.6,6.0365434,100,1747060200,Very Low,2.3033261,6.6567693,Very Low,3.4907873,59.1,3.3,100,1747060200,2.2142856
2025-05-12T14:32:32Z,0,29.849,74.8,54,68.1,13,13,236,72,0.0,255,32767,0.0,2127-15-31,0.0,0.16,26.24,0.0,0.0,0.0,0,4.828125,6,45,05:49,20:11,2025-05-12 14:32:32.576624,Città della Scienza,53.1,6.802362,11.290845,2.8791578,4.717047,EU EEA Common AQI,77.7,5.8963094,10.238306,7200,2.0285714,100,100,63.7,1.7714283,Very Low,77.6,6.0365434,100,1747060200,Very Low,2.3033261,6.6567693,Very Low,3.4907873,59.1,3.3,100,1747060200,2.2142856
2025-05-12T14:32:43Z,0,29.849,74.7,54,68.1,14,13,243,72,0.0,255,32767,0.0,2127-15-31,0.0,0.16,26.24,0.0,0.0,0.0,0,4.828125,6,45,05:49,20:11,2025-05-12 14:32:43.682602,Città della Scienza,53.1,6.802362,11.290845,2.8791578,4.717047,EU EEA Common AQI,77.7,5.8963094,10.238306,7200,2.0285714,100,100,63.7,1.7714283,Very Low,77.6,6.0365434,100,1747060200,Very Low,2.3033261,6.6567693,Very Low,3.4907873,59.1,3.3,100,1747060200,2.2142856
2025-05-12T14:32:54Z,0,29.849,74.7,54,68.1,13,13,246,72,0.0,255,32767,0.0,2127-15-31,0.0,0.16,26.24,0.0,0.0,0.0,0,4.828125,6,45,05:49,20:11,2025-05-12 14:32:54.792589,Città della Scienza,53.1,6.802362,11.290845,2.8791578,4.717047,EU EEA Common AQI,77.7,5.8963094,10.238306,7200,2.0285714,100,100,63.7,1.7714283,Very Low,77.6,6.0365434,100,1747060200,Very Low,2.3033261,6.6567693,Very Low,3.4907873,59.1,3.3,100,1747060200,2.2142856
2025-05-12T14:33:06Z,0,29.849,74.7,54,68.1,14,13,244,72,0.0,255,32767,0.0,2127-15-31,0.0,0.16,26.24,0.0,0.0,0.0,0,4.828125,6,45,05:49,20:11,2025-05-12 14:33:05.862600,Città della Scienza,53.1,6.802362,11.290845,2.8791578,4.717047,EU EEA Common AQI,77.7,5.8963094,10.238306,7200,2.0285714,100,100,63.7,1.7714283,Very Low,77.6,6.0365434,100,1747060200,Very Low,2.3033261,6.6567693,Very Low,3.4907873,59.1,3.3,100,1747060200,2.2142856
2025-05-12T14:33:17Z,0,29.849,74.7,54,68.0,16,13,237,72,0.0,255,32767,0.0,2127-15-31,0.0,0.16,26.24,0.0,0.0,0.0,0,4.828125,6,45,05:49,20:11,2025-05-12 14:33:16.925596,Città della Scienza,53.1,6.802362,11.290845,2.8791578,4.717047,EU EEA Common AQI,77.7,5.8963094,10.238306,7200,2.0285714,100,100,63.7,1.7714283,Very Low,77.6,6.0365434,100,1747060200,Very Low,2.3033261,6.6567693,Very Low,3.4907873,59.1,3.3,100,1747060200,2.2142856
2025-05-12T14:33:28Z,0,29.849,74.7,54,68.0,15,13,250,72,0.0,255,32767,0.0,2127-15-31,0.0,0.16,26.24,0.0,0.0,0.0,0,4.828125,6,45,05:49,20:11,2025-05-12 14:33:28.021600,Città della Scienza,53.1,6.802362,11.290845,2.8791578,4.717047,EU EEA Common AQI,77.7,5.8963094,10.238306,7200,2.0285714,100,100,63.7,1.7714283,Very Low,77.6,6.0365434,100,1747060200,Very Low,2.3033261,6.6567693,Very Low,3.4907873,59.1,3.3,100,1747060200,2.2142856
2025-05-12T14:33:39Z,0,29.849,74.8,54,68.0,14,13,252,72,0.0,255,32767,0.0,2127-15-31,0.0,0.16,26.24,0.0,0.0,0.0,0,4.828125,6,45,05:49,20:11,2025-05-12 14:33:39.065609,Città della Scienza,53.1,6.802362,11.290845,2.8791578,4.717047,EU EEA Common AQI,77.7,5.8963094,10.238306,7200,2.0285714,100,100,63.7,1.7714283,Very Low,77.6,6.0365434,100,1747060200,Very Low,2.3033261,6.6567693,Very Low,3.4907873,59.1,3.3,100,1747060200,2.2142856
2025-05-12T14:33:50Z,0,29.849,74.8,54,68.0,14,13,242,72,0.0,255,32767,0.0,2127-15-31,0.0,0.16,26.24,0.0,0.0,0.0,0,4.828125,6,45,05:49,20:11,2025-05-12 14:33:50.157586,Città della Scienza,53.1,6.802362,11.290845,2.8791578,4.717047,EU EEA Common AQI,77.7,5.8963094,10.238306,7200,2.0285714,100,100,63.7,1.7714283,Very Low,77.6,6.0365434,100,1747060200,Very Low,2.3033261,6.6567693,Very Low,3.4907873,59.1,3.3,100,1747060200,2.2142856
2025-05-12T14:34:01Z,0,29.849,74.8,54,67.9,13,13,241,72,0.0,255,32767,0.0,2127-15-31,0.0,0.16,26.24,0.0,0.0,0.0,0,4.828125,6,45,05:49,20:11,2025-05-12 14:34:01.193600,Città della Scienza,53.1,6.802362,11.290845,2.8791578,4.717047,EU EEA Common AQI,77.7,5.8963094,10.238306,7200,2.0285714,100,100,63.7,1.7714283,Very Low,77.6,6.0365434,100,1747060200,Very Low,2.3033261,6.6567693,Very Low,3.4907873,59.1,3.3,100,1747060200,2.2142856
2025-05-12T14:34:12Z,0,29.849,74.8,54,68.0,14,13,248,72,0.0,255,32767,0.0,2127-15-31,0.0,0.16,26.24,0.0,0.0,0.0,0,4.828125,6,45,05:49,20:11,2025-05-12 14:34:12.334600,Città della Scienza,53.1,6.802362,11.290845,2.8791578,4.717047,EU EEA Common AQI,77.7,5.8963094,10.238306,7200,2.0285714,100,100,63.7,1.7714283,Very Low,77.6,6.0365434,100,1747060200,Very Low,2.3033261,6.6567693,Very Low,3.4907873,59.1,3.3,100,1747060200,2.2142856
2025-05-12T14:34:23Z,0,29.849,74.8,54,68.0,13,13,238,72,0.0,255,32767,0.0,2127-15-31,0.0,0.16,26.24,0.0,0.0,0.0,0,4.828125,6,45,05:49,20:11,2025-05-12 14:34:23.396586,Città della Scienza,53.1,6.802362,11.290845,2.8791578,4.717047,EU EEA Common AQI,77.7,5.8963094,10.238306,7200,2.0285714,100,100,63.7,1.7714283,Very Low,77.6,6.0365434,100,1747060200,Very Low,2.3033261,6.6567693,Very Low,3.4907873,59.1,3.3,100,1747060200,2.2142856
2025-05-12T14:34:34Z,0,29.851,74.8,54,67.9,13,13,244,72,0.0,255,32767,0.0,2127-15-31,0.0,0.16,26.24,0.0,0.0,0.0,0,4.828125,6,45,05:49,20:11,2025-05-12 14:34:34.570596,Città della Scienza,53.1,6.802362,11.290845,2.8791578,4.717047,EU EEA Common AQI,77.7,5.8963094,10.238306,7200,2.0285714,100,100,63.7,1.7714283,Very Low,77.6,6.0365434,100,1747060200,Very Low,2.3033261,6.6567693,Very Low,3.4907873,59.1,3.3,100,1747060200,2.2142856
2025-05-12T14:34:45Z,0,29.851,74.8,54,67.9,12,13,276,72,0.0,255,32767,0.0,2127-15-31,0.0,0.16,26.24,0.0,0.0,0.0,0,4.828125,6,45,05:49,20:11,2025-05-12 14:34:45.747604,Città della Scienza,53.1,6.802362,11.290845,2.8791578,4.717047,EU EEA Common AQI,77.7,5.8963094,10.238306,7200,2.0285714,100,100,63.7,1.7714283,Very Low,77.6,6.0365434,100,1747060200,Very Low,2.3033261,6.6567693,Very Low,3.4907873,59.1,3.3,100,1747060200,2.2142856
2025-05-12T14:34:58Z,0,29.851,74.8,54,67.9,8,13,263,72,0.0,255,32767,0.0,2127-15-31,0.0,0.16,26.24,0.0,0.0,0.0,0,4.828125,6,45,05:49,20:11,2025-05-12 14:34:57.831591,Città della Scienza,53.1,6.802362,11.290845,2.8791578,4.717047,EU EEA Common AQI,77.7,5.8963094,10.238306,7200,2.0285714,100,100,63.7,1.7714283,Very Low,77.6,6.0365434,100,1747060200,Very Low,2.3033261,6.6567693,Very Low,3.4907873,59.1,3.3,100,1747060200,2.2142856
2025-05-12T14:35:09Z,0,29.851,74.8,54,67.9,13,13,238,72,0.0,255,32767,0.0,2127-15-31,0.0,0.16,26.24,0.0,0.0,0.0,0,4.828125,6,45,05:49,20:11,2025-05-12 14:35:08.939591,Città della Scienza,53.1,6.802362,11.290845,2.8791578,4.717047,EU EEA Common AQI,77.7,5.8963094,10.238306,7200,2.0285714,100,100,63.7,1.7714283,Very Low,77.6,6.0365434,100,1747060200,Very Low,2.3033261,6.6567693,Very Low,3.4907873,59.1,3.3,100,1747060200,2.2142856
2025-05-12T14:35:20Z,0,29.851,74.8,54,67.9,9,13,242,72,0.0,255,32767,0.0,2127-15-31,0.0,0.16,26.24,0.0,0.0,0.0,0,4.828125,6,45,05:49,20:11,2025-05-12 14:35:20.027593,Città della Scienza,53.1,6.802362,11.290845,2.8791578,4.717047,EU EEA Common AQI,77.7,5.8963094,10.238306,7200,2.0285714,100,100,63.7,1.7714283,Very Low,77.6,6.0365434,100,1747060200,Very Low,2.3033261,6.6567693,Very Low,3.4907873,59.1,3.3,100,1747060200,2.2142856
2025-05-12T14:35:31Z,0,29.851,74.8,54,68.0,14,13,259,72,0.0,255,32767,0.0,2127-15-31,0.0,0.16,26.24,0.0,0.0,0.0,0,4.828125,6,45,05:49,20:11,2025-05-12 14:35:31.121593,Città della Scienza,53.1,6.802362,11.290845,2.8791578,4.717047,EU EEA Common AQI,77.7,5.8963094,10.238306,7200,2.0285714,100,100,63.7,1.7714283,Very Low,77.6,6.0365434,100,1747060200,Very Low,2.3033261,6.6567693,Very Low,3.4907873,59.1,3.3,100,1747060200,2.2142856
2025-05-12T14:35:42Z,0,29.851,74.7,55,67.9,16,13,259,72,0.0,255,32767,0.0,2127-15-31,0.0,0.16,26.24,0.0,0.0,0.0,0,4.828125,6,45,05:49,20:11,2025-05-12 14:35:42.230592,Città della Scienza,53.1,6.802362,11.290845,2.8791578,4.717047,EU EEA Common AQI,77.7,5.8963094,10.238306,7200,2.0285714,100,100,63.7,1.7714283,Very Low,77.6,6.0365434,100,1747060200,Very Low,2.3033261,6.6567693,Very Low,3.4907873,59.1,3.3,100,1747060200,2.2142856
2025-05-12T14:35:53Z,0,29.851,74.7,55,67.9,15,13,235,72,0.0,255,32767,0.0,2127-15-31,0.0,0.16,26.24,0.0,0.0,0.0,0,4.828125,6,45,05:49,20:11,2025-05-12 14:35:53.494615,Città della Scienza,53.1,6.802362,11.290845,2.8791578,4.717047,EU EEA Common AQI,77.7,5.8963094,10.238306,7200,2.0285714,100,100,63.7,1.7714283,Very Low,77.6,6.0365434,100,1747060200,Very Low,2.3033261,6.6567693,Very Low,3.4907873,59.1,3.3,100,1747060200,2.2142856
2025-05-12T14:36:04Z,0,29.851,74.7,55,68.0,15,13,245,72,0.0,255,32767,0.0,2127-15-31,0.0,0.16,26.24,0.0,0.0,0.0,0,4.828125,6,45,05:49,20:11,2025-05-12 14:36:04.592595,Città della Scienza,53.1,6.802362,11.290845,2.8791578,4.717047,EU EEA Common AQI,77.7,5.8963094,10.238306,7200,2.0285714,100,100,63.7,1.7714283,Very Low,77.6,6.0365434,100,1747060200,Very Low,2.3033261,6.6567693,Very Low,3.4907873,59.1,3.3,100,1747060200,2.2142856
2025-05-12T14:36:15Z,0,29.851,74.7,55,67.9,15,13,241,72,0.0,255,32767,0.0,2127-15-31,0.0,0.16,26.24,0.0,0.0,0.0,0,4.828125,6,45,05:49,20:11,2025-05-12 14:36:15.683600,Città della Scienza,53.1,6.802362,11.290845,2.8791578,4.717047,EU EEA Common AQI,77.7,5.8963094,10.238306,7200,2.0285714,100,100,63.7,1.7714283,Very Low,77.6,6.0365434,100,1747060200,Very Low,2.3033261,6.6567693,Very Low,3.4907873,59.1,3.3,100,1747060200,2.2142856
2025-05-12T14:36:26Z,0,29.851,74.7,55,67.9,12,13,283,72,0.0,255,32767,0.0,2127-15-31,0.0,0.16,26.24,0.0,0.0,0.0,0,4.828125,6,45,05:49,20:11,2025-05-12 14:36:26.786593,Città della Scienza,53.1,6.802362,11.290845,2.8791578,4.717047,EU EEA Common AQI,77.7,5.8963094,10.238306,7200,2.0285714,100,100,63.7,1.7714283,Very Low,77.6,6.0365434,100,1747060200,Very Low,2.3033261,6.6567693,Very Low,3.4907873,59.1,3.3,100,1747060200,2.2142856
2025-05-12T14:36:38Z,0,29.848,74.7,55,67.9,14,13,247,72,0.0,255,32767,0.0,2127-15-31,0.0,0.16,26.24,0.0,0.0,0.0,0,4.828125,6,45,05:49,20:11,2025-05-12 14:36:37.831611,Città della Scienza,53.1,6.802362,11.290845,2.8791578,4.717047,EU EEA Common AQI,77.7,5.8963094,10.238306,7200,2.0285714,100,100,63.7,1.7714283,Very Low,77.6,6.0365434,100,1747060200,Very Low,2.3033261,6.6567693,Very Low,3.4907873,59.1,3.3,100,1747060200,2.2142856
2025-05-12T14:36:49Z,0,29.848,74.7,55,67.9,13,13,243,72,0.0,255,32767,0.0,2127-15-31,0.0,0.16,26.24,0.0,0.0,0.0,0,4.828125,6,45,05:49,20:11,2025-05-12 14:36:48.964596,Città della Scienza,53.1,6.802362,11.290845,2.8791578,4.717047,EU EEA Common AQI,77.7,5.8963094,10.238306,7200,2.0285714,100,100,63.7,1.7714283,Very Low,77.6,6.0365434,100,1747060200,Very Low,2.3033261,6.6567693,Very Low,3.4907873,59.1,3.3,100,1747060200,2.2142856
2025-05-12T14:37:00Z,0,29.848,74.7,55,67.9,14,13,242,72,0.0,255,32767,0.0,2127-15-31,0.0,0.16,26.24,0.0,0.0,0.0,0,4.828125,6,45,05:49,20:11,2025-05-12 14:37:00.050599,Città della Scienza,53.1,6.802362,11.290845,2.8791578,4.717047,EU EEA Common AQI,77.7,5.8963094,10.238306,7200,2.0285714,100,100,63.7,1.7714283,Very Low,77.6,6.0365434,100,1747060200,Very Low,2.3033261,6.6567693,Very Low,3.4907873,59.1,3.3,100,1747060200,2.2142856
2025-05-12T14:37:11Z,0,29.848,74.7,55,67.9,11,13,263,72,0.0,255,32767,0.0,2127-15-31,0.0,0.16,26.24,0.0,0.0,0.0,0,4.828125,6,45,05:49,20:11,2025-05-12 14:37:11.119610,Città della Scienza,53.1,6.802362,11.290845,2.8791578,4.717047,EU EEA Common AQI,77.7,5.8963094,10.238306,7200,2.0285714,100,100,63.7,1.7714283,Very Low,77.6,6.0365434,100,1747060200,Very Low,2.3033261,6.6567693,Very Low,3.4907873,59.1,3.3,100,1747060200,2.2142856
2025-05-12T14:37:22Z,0,29.848,74.7,55,67.9,12,13,246,72,0.0,255,32767,0.0,2127-15-31,0.0,0.16,26.24,0.0,0.0,0.0,0,4.828125,6,45,05:49,20:11,2025-05-12 14:37:22.180590,Città della Scienza,53.1,6.802362,11.290845,2.8791578,4.717047,EU EEA Common AQI,77.7,5.8963094,10.238306,7200,2.0285714,100,100,63.7,1.7714283,Very Low,77.6,6.0365434,100,1747060200,Very Low,2.3033261,6.6567693,Very Low,3.4907873,59.1,3.3,100,1747060200,2.2142856
2025-05-12T14:37:33Z,0,29.848,74.8,55,67.9,11,13,236,73,0.0,255,32767,0.0,2127-15-31,0.0,0.16,26.24,0.0,0.0,0.0,0,4.828125,6,45,05:49,20:11,2025-05-12 14:37:33.350592,Città della Scienza,53.1,6.802362,11.290845,2.8791578,4.717047,EU EEA Common AQI,77.7,5.8963094,10.238306,7200,2.0285714,100,100,63.7,1.7714283,Very Low,77.6,6.0365434,100,1747060200,Very Low,2.3033261,6.6567693,Very Low,3.4907873,59.1,3.3,100,1747060200,2.2142856
2025-05-12T14:37:44Z,0,29.851,74.8,55,67.9,10,13,279,73,0.0,255,32767,0.0,2127-15-31,0.0,0.16,26.24,0.0,0.0,0.0,0,4.828125,6,45,05:49,20:11,2025-05-12 14:37:44.430593,Città della Scienza,53.1,6.802362,11.290845,2.8791578,4.717047,EU EEA Common AQI,77.7,5.8963094,10.238306,7200,2.0285714,100,100,63.7,1.7714283,Very Low,77.6,6.0365434,100,1747060200,Very Low,2.3033261,6.6567693,Very Low,3.4907873,59.1,3.3,100,1747060200,2.2142856
2025-05-12T14:37:55Z,0,29.851,74.8,55,68.0,13,13,242,73,0.0,255,32767,0.0,2127-15-31,0.0,0.16,26.24,0.0,0.0,0.0,0,4.828125,6,45,05:49,20:11,2025-05-12 14:37:55.511594,Città della Scienza,53.1,6.802362,11.290845,2.8791578,4.717047,EU EEA Common AQI,77.7,5.8963094,10.238306,7200,2.0285714,100,100,63.7,1.7714283,Very Low,77.6,6.0365434,100,1747060200,Very Low,2.3033261,6.6567693,Very Low,3.4907873,59.1,3.3,100,1747060200,2.2142856
2025-05-12T14:38:06Z,0,29.851,74.8,55,68.0,10,13,241,73,0.0,255,32767,0.0,2127-15-31,0.0,0.16,26.24,0.0,0.0,0.0,0,4.828125,6,45,05:49,20:11,2025-05-12 14:38:06.594581,Città della Scienza,53.1,6.802362,11.290845,2.8791578,4.717047,EU EEA Common AQI,77.7,5.8963094,10.238306,7200,2.0285714,100,100,63.7,1.7714283,Very Low,77.6,6.0365434,100,1747060200,Very Low,2.3033261,6.6567693,Very Low,3.4907873,59.1,3.3,100,1747060200,2.2142856
2025-05-12T14:38:17Z,0,29.851,74.8,55,68.0,15,13,264,73,0.0,255,32767,0.0,2127-15-31,0.0,0.16,26.24,0.0,0.0,0.0,0,4.828125,6,45,05:49,20:11,2025-05-12 14:38:17.689596,Città della Scienza,53.1,6.802362,11.290845,2.8791578,4.717047,EU EEA Common AQI,77.7,5.8963094,10.238306,7200,2.0285714,100,100,63.7,1.7714283,Very Low,77.6,6.0365434,100,1747060200,Very Low,2.3033261,6.6567693,Very Low,3.4907873,59.1,3.3,100,1747060200,2.2142856
2025-05-12T14:38:28Z,0,29.851,74.8,55,68.0,10,13,240,73,0.0,255,32767,0.0,2127-15-31,0.0,0.16,26.24,0.0,0.0,0.0,0,4.828125,6,45,05:49,20:11,2025-05-12 14:38:28.770601,Città della Scienza,53.1,6.802362,11.290845,2.8791578,4.717047,EU EEA Common AQI,77.7,5.8963094,10.238306,7200,2.0285714,100,100,63.7,1.7714283,Very Low,77.6,6.0365434,100,1747060200,Very Low,2.3033261,6.6567693,Very Low,3.4907873,59.1,3.3,100,1747060200,2.2142856
2025-05-12T14:38:40Z,0,29.851,74.7,55,67.9,16,13,240,73,0.0,255,32767,0.0,2127-15-31,0.0,0.16,26.24,0.0,0.0,0.0,0,4.828125,6,45,05:49,20:11,2025-05-12 14:38:39.867627,Città della Scienza,53.1,6.802362,11.290845,2.8791578,4.717047,EU EEA Common AQI,77.7,5.8963094,10.238306,7200,2.0285714,100,100,63.7,1.7714283,Very Low,77.6,6.0365434,100,1747060200,Very Low,2.3033261,6.6567693,Very Low,3.4907873,59.1,3.3,100,1747060200,2.2142856
2025-05-12T14:38:51Z,0,29.851,74.7,55,68.0,15,13,247,73,0.0,255,32767,0.0,2127-15-31,0.0,0.16,26.24,0.0,0.0,0.0,0,4.828125,6,45,05:49,20:11,2025-05-12 14:38:50.919599,Città della Scienza,53.1,6.802362,11.290845,2.8791578,4.717047,EU EEA Common AQI,77.7,5.8963094,10.238306,7200,2.0285714,100,100,63.7,1.7714283,Very Low,77.6,6.0365434,100,1747060200,Very Low,2.3033261,6.6567693,Very Low,3.4907873,59.1,3.3,100,1747060200,2.2142856
2025-05-12T14:39:02Z,0,29.851,74.7,55,67.9,13,13,245,73,0.0,255,32767,0.0,2127-15-31,0.0,0.16,26.24,0.0,0.0,0.0,0,4.828125,6,45,05:49,20:11,2025-05-12 14:39:01.991608,Città della Scienza,53.1,6.802362,11.290845,2.8791578,4.717047,EU EEA Common AQI,77.7,5.8963094,10.238306,7200,2.0285714,100,100,63.7,1.7714283,Very Low,77.6,6.0365434,100,1747060200,Very Low,2.3033261,6.6567693,Very Low,3.4907873,59.1,3.3,100,1747060200,2.2142856
2025-05-12T14:39:13Z,0,29.851,74.7,55,67.9,12,13,257,73,0.0,255,32767,0.0,2127-15-31,0.0,0.16,26.24,0.0,0.0,0.0,0,4.828125,6,45,05:49,20:11,2025-05-12 14:39:13.083598,Città della Scienza,53.1,6.802362,11.290845,2.8791578,4.717047,EU EEA Common AQI,77.7,5.8963094,10.238306,7200,2.0285714,100,100,63.7,1.7714283,Very Low,77.6,6.0365434,100,1747060200,Very Low,2.3033261,6.6567693,Very Low,3.4907873,59.1,3.3,100,1747060200,2.2142856
2025-05-12T14:39:24Z,0,29.851,74.7,55,68.0,16,13,232,73,0.0,255,32767,0.0,2127-15-31,0.0,0.16,26.24,0.0,0.0,0.0,0,4.828125,6,45,05:49,20:11,2025-05-12 14:39:24.162601,Città della Scienza,53.1,6.802362,11.290845,2.8791578,4.717047,EU EEA Common AQI,77.7,5.8963094,10.238306,7200,2.0285714,100,100,63.7,1.7714283,Very Low,77.6,6.0365434,100,1747060200,Very Low,2.3033261,6.6567693,Very Low,3.4907873,59.1,3.3,100,1747060200,2.2142856
2025-05-12T14:39:35Z,0,29.85,74.7,55,67.9,14,13,258,73,0.0,255,32767,0.0,2127-15-31,0.0,0.16,26.24,0.0,0.0,0.0,0,4.828125,6,45,05:49,20:11,2025-05-12 14:39:35.268598,Città della Scienza,53.1,6.802362,11.290845,2.8791578,4.717047,EU EEA Common AQI,77.7,5.8963094,10.238306,7200,2.0285714,100,100,63.7,1.7714283,Very Low,77.6,6.0365434,100,1747060200,Very Low,2.3033261,6.6567693,Very Low,3.4907873,59.1,3.3,100,1747060200,2.2142856
2025-05-12T14:39:46Z,0,29.85,74.7,55,68.0,12,13,272,73,0.0,255,32767,0.0,2127-15-31,0.0,0.16,26.24,0.0,0.0,0.0,0,4.828125,6,45,05:49,20:11,2025-05-12 14:39:46.335593,Città della Scienza,53.1,6.802362,11.290845,2.8791578,4.717047,EU EEA Common AQI,77.7,5.8963094,10.238306,7200,2.0285714,100,100,63.7,1.7714283,Very Low,77.6,6.0365434,100,1747060200,Very Low,2.3033261,6.6567693,Very Low,3.4907873,59.1,3.3,100,1747060200,2.2142856
2025-05-12T14:39:57Z,0,29.85,74.7,55,68.0,10,13,242,73,0.0,255,32767,0.0,2127-15-31,0.0,0.16,26.24,0.0,0.0,0.0,0,4.828125,6,45,05:49,20:11,2025-05-12 14:39:57.437603,Città della Scienza,53.1,6.802362,11.290845,2.8791578,4.717047,EU EEA Common AQI,77.7,5.8963094,10.238306,7200,2.0285714,100,100,63.7,1.7714283,Very Low,77.6,6.0365434,100,1747060200,Very Low,2.3033261,6.6567693,Very Low,3.4907873,59.1,3.3,100,1747060200,2.2142856
2025-05-12T14:40:08Z,0,29.85,74.7,55,68.0,10,13,244,74,0.0,255,32767,0.0,2127-15-31,0.0,0.16,26.24,0.0,0.0,0.0,0,4.828125,6,45,05:49,20:11,2025-05-12 14:40:08.557555,Città della Scienza,53.1,6.802362,11.290845,2.8791578,4.717047,EU EEA Common AQI,77.7,5.8963094,10.238306,7200,2.0285714,100,100,63.7,1.7714283,Very Low,77.6,6.0365434,100,1747060200,Very Low,2.3033261,6.6567693,Very Low,3.4907873,59.1,3.3,100,1747060200,2.2142856
2025-05-12T14:40:19Z,0,29.85,74.7,55,68.0,11,13,252,74,0.0,255,32767,0.0,2127-15-31,0.0,0.16,26.24,0.0,0.0,0.0,0,4.828125,6,45,05:49,20:11,2025-05-12 14:40:19.683593,Città della Scienza,53.1,6.802362,11.290845,2.8791578,4.717047,EU EEA Common AQI,77.7,5.8963094,10.238306,7200,2.0285714,100,100,63.7,1.7714283,Very Low,77.6,6.0365434,100,1747060200,Very Low,2.3033261,6.6567693,Very Low,3.4907873,59.1,3.3,100,1747060200,2.2142856
2025-05-12T14:40:30Z,0,29.85,74.7,55,68.0,10,13,269,74,0.0,255,32767,0.0,2127-15-31,0.0,0.16,26.24,0.0,0.0,0.0,0,4.828125,6,45,05:49,20:11,2025-05-12 14:40:30.765575,Città della Scienza,53.1,6.802362,11.290845,2.8791578,4.717047,EU EEA Common AQI,77.7,5.8963094,10.238306,7200,2.0285714,100,100,63.7,1.7714283,Very Low,77.6,6.0365434,100,1747060200,Very Low,2.3033261,6.6567693,Very Low,3.4907873,59.1,3.3,100,1747060200,2.2142856
2025-05-12T14:40:42Z,0,29.849,74.7,55,68.0,16,13,238,74,0.0,255,32767,0.0,2127-15-31,0.0,0.16,26.24,0.0,0.0,0.0,0,4.828125,6,45,05:49,20:11,2025-05-12 14:40:41.896597,Città della Scienza,53.1,6.802362,11.290845,2.8791578,4.717047,EU EEA Common AQI,77.7,5.8963094,10.238306,7200,2.0285714,100,100,63.7,1.7714283,Very Low,77.6,6.0365434,100,1747060200,Very Low,2.3033261,6.6567693,Very Low,3.4907873,59.1,3.3,100,1747060200,2.2142856
2025-05-12T14:40:53Z,0,29.849,74.7,55,68.0,12,13,234,74,0.0,255,32767,0.0,2127-15-31,0.0,0.16,26.24,0.0,0.0,0.0,0,4.828125,6,45,05:49,20:11,2025-05-12 14:40:52.979596,Città della Scienza,53.1,6.802362,11.290845,2.8791578,4.717047,EU EEA Common AQI,77.7,5.8963094,10.238306,7200,2.0285714,100,100,63.7,1.7714283,Very Low,77.6,6.0365434,100,1747060200,Very Low,2.3033261,6.6567693,Very Low,3.4907873,59.1,3.3,100,1747060200,2.2142856
2025-05-12T14:41:04Z,0,29.849,74.7,55,68.0,16,13,241,74,0.0,255,32767,0.0,2127-15-31,0.0,0.16,26.24,0.0,0.0,0.0,0,4.828125,6,45,05:49,20:11,2025-05-12 14:41:04.096596,Città della Scienza,53.1,6.802362,11.290845,2.8791578,4.717047,EU EEA Common AQI,77.7,5.8963094,10.238306,7200,2.0285714,100,100,63.7,1.7714283,Very Low,77.6,6.0365434,100,1747060200,Very Low,2.3033261,6.6567693,Very Low,3.4907873,59.1,3.3,100,1747060200,2.2142856
2025-05-12T14:41:15Z,0,29.849,74.7,55,67.9,13,13,243,74,0.0,255,32767,0.0,2127-15-31,0.0,0.16,26.24,0.0,0.0,0.0,0,4.828125,6,45,05:49,20:11,2025-05-12 14:41:15.161602,Città della Scienza,53.1,6.802362,11.290845,2.8791578,4.717047,EU EEA Common AQI,77.7,5.8963094,10.238306,7200,2.0285714,100,100,63.7,1.7714283,Very Low,77.6,6.0365434,100,1747060200,Very Low,2.3033261,6.6567693,Very Low,3.4907873,59.1,3.3,100,1747060200,2.2142856
2025-05-12T14:41:26Z,0,29.849,74.7,55,67.9,15,13,240,74,0.0,255,32767,0.0,2127-15-31,0.0,0.16,26.24,0.0,0.0,0.0,0,4.828125,6,45,05:49,20:11,2025-05-12 14:41:26.251595,Città della Scienza,53.1,6.802362,11.290845,2.8791578,4.717047,EU EEA Common AQI,77.7,5.8963094,10.238306,7200,2.0285714,100,100,63.7,1.7714283,Very Low,77.6,6.0365434,100,1747060200,Very Low,2.3033261,6.6567693,Very Low,3.4907873,59.1,3.3,100,1747060200,2.2142856
2025-05-12T14:41:37Z,0,29.854,74.7,55,67.9,10,13,240,74,0.0,255,32767,0.0,2127-15-31,0.0,0.16,26.24,0.0,0.0,0.0,0,4.828125,6,45,05:49,20:11,2025-05-12 14:41:37.299600,Città della Scienza,53.1,6.802362,11.290845,2.8791578,4.717047,EU EEA Common AQI,77.7,5.8963094,10.238306,7200,2.0285714,100,100,63.7,1.7714283,Very Low,77.6,6.0365434,100,1747060200,Very Low,2.3033261,6.6567693,Very Low,3.4907873,59.1,3.3,100,1747060200,2.2142856
2025-05-12T14:41:48Z,0,29.854,74.7,55,67.9,15,13,250,74,0.0,255,32767,0.0,2127-15-31,0.0,0.16,26.24,0.0,0.0,0.0,0,4.828125,6,45,05:49,20:11,2025-05-12 14:41:48.367601,Città della Scienza,53.1,6.802362,11.290845,2.8791578,4.717047,EU EEA Common AQI,77.7,5.8963094,10.238306,7200,2.0285714,100,100,63.7,1.7714283,Very Low,77.6,6.0365434,100,1747060200,Very Low,2.3033261,6.6567693,Very Low,3.4907873,59.1,3.3,100,1747060200,2.2142856
2025-05-12T14:41:59Z,0,29.854,74.7,55,67.9,17,13,235,74,0.0,255,32767,0.0,2127-15-31,0.0,0.16,26.24,0.0,0.0,0.0,0,4.828125,6,45,05:49,20:11,2025-05-12 14:41:59.489589,Città della Scienza,53.1,6.802362,11.290845,2.8791578,4.717047,EU EEA Common AQI,77.7,5.8963094,10.238306,7200,2.0285714,100,100,63.7,1.7714283,Very Low,77.6,6.0365434,100,1747060200,Very Low,2.3033261,6.6567693,Very Low,3.4907873,59.1,3.3,100,1747060200,2.2142856
2025-05-12T14:42:10Z,0,29.854,74.7,55,67.8,15,13,256,74,0.0,255,32767,0.0,2127-15-31,0.0,0.16,26.24,0.0,0.0,0.0,0,4.828125,6,45,05:49,20:11,2025-05-12 14:42:10.593592,Città della Scienza,53.1,6.802362,11.290845,2.8791578,4.717047,EU EEA Common AQI,77.7,5.8963094,10.238306,7200,2.0285714,100,100,63.7,1.7714283,Very Low,77.6,6.0365434,100,1747060200,Very Low,2.3033261,6.6567693,Very Low,3.4907873,59.1,3.3,100,1747060200,2.2142856
2025-05-12T14:42:21Z,0,29.854,74.7,55,67.8,15,13,244,74,0.0,255,32767,0.0,2127-15-31,0.0,0.16,26.24,0.0,0.0,0.0,0,4.828125,6,45,05:49,20:11,2025-05-12 14:42:21.707552,Città della Scienza,53.1,6.802362,11.290845,2.8791578,4.717047,EU EEA Common AQI,77.7,5.8963094,10.238306,7200,2.0285714,100,100,63.7,1.7714283,Very Low,77.6,6.0365434,100,1747060200,Very Low,2.3033261,6.6567693,Very Low,3.4907873,59.1,3.3,100,1747060200,2.2142856
2025-05-12T14:42:32Z,0,29.854,74.7,55,67.8,13,13,236,74,0.0,255,32767,0.0,2127-15-31,0.0,0.16,26.24,0.0,0.0,0.0,0,4.828125,6,45,05:49,20:11,2025-05-12 14:42:32.793592,Città della Scienza,53.1,6.802362,11.290845,2.8791578,4.717047,EU EEA Common AQI,77.7,5.8963094,10.238306,7200,2.0285714,100,100,63.7,1.7714283,Very Low,77.6,6.0365434,100,1747060200,Very Low,2.3033261,6.6567693,Very Low,3.4907873,59.1,3.3,100,1747060200,2.2142856
2025-05-12T14:42:44Z,0,29.852,74.7,55,67.8,12,13,259,74,0.0,255,32767,0.0,2127-15-31,0.0,0.16,26.24,0.0,0.0,0.0,0,4.828125,6,45,05:49,20:11,2025-05-12 14:42:43.827596,Città della Scienza,53.1,6.802362,11.290845,2.8791578,4.717047,EU EEA Common AQI,77.7,5.8963094,10.238306,7200,2.0285714,100,100,63.7,1.7714283,Very Low,77.6,6.0365434,100,1747060200,Very Low,2.3033261,6.6567693,Very Low,3.4907873,59.1,3.3,100,1747060200,2.2142856
2025-05-12T14:42:55Z,0,29.852,74.7,55,67.7,11,13,271,74,0.0,255,32767,0.0,2127-15-31,0.0,0.16,26.24,0.0,0.0,0.0,0,4.828125,6,45,05:49,20:11,2025-05-12 14:42:54.935597,Città della Scienza,53.1,6.802362,11.290845,2.8791578,4.717047,EU EEA Common AQI,77.7,5.8963094,10.238306,7200,2.0285714,100,100,63.7,1.7714283,Very Low,77.6,6.0365434,100,1747060200,Very Low,2.3033261,6.6567693,Very Low,3.4907873,59.1,3.3,100,1747060200,2.2142856
2025-05-12T14:43:06Z,0,29.852,74.7,55,67.8,14,13,273,74,0.0,255,32767,0.0,2127-15-31,0.0,0.16,26.24,0.0,0.0,0.0,0,4.828125,6,45,05:49,20:11,2025-05-12 14:43:06.063601,Città della Scienza,53.1,6.802362,11.290845,2.8791578,4.717047,EU EEA Common AQI,77.7,5.8963094,10.238306,7200,2.0285714,100,100,63.7,1.7714283,Very Low,77.6,6.0365434,100,1747060200,Very Low,2.3033261,6.6567693,Very Low,3.4907873,59.1,3.3,100,1747060200,2.2142856
2025-05-12T14:43:17Z,0,29.852,74.7,55,67.8,13,13,241,74,0.0,255,32767,0.0,2127-15-31,0.0,0.16,26.24,0.0,0.0,0.0,0,4.828125,6,45,05:49,20:11,2025-05-12 14:43:17.136595,Città della Scienza,53.1,6.802362,11.290845,2.8791578,4.717047,EU EEA Common AQI,77.7,5.8963094,10.238306,7200,2.0285714,100,100,63.7,1.7714283,Very Low,77.6,6.0365434,100,1747060200,Very Low,2.3033261,6.6567693,Very Low,3.4907873,59.1,3.3,100,1747060200,2.2142856
2025-05-12T14:43:28Z,0,29.852,74.7,55,67.8,16,13,240,74,0.0,255,32767,0.0,2127-15-31,0.0,0.16,26.24,0.0,0.0,0.0,0,4.828125,6,45,05:49,20:11,2025-05-12 14:43:28.256598,Città della Scienza,53.1,6.802362,11.290845,2.8791578,4.717047,EU EEA Common AQI,77.7,5.8963094,10.238306,7200,2.0285714,100,100,63.7,1.7714283,Very Low,77.6,6.0365434,100,1747060200,Very Low,2.3033261,6.6567693,Very Low,3.4907873,59.1,3.3,100,1747060200,2.2142856
2025-05-12T14:43:39Z,0,29.852,74.7,55,67.9,12,13,254,74,0.0,255,32767,0.0,2127-15-31,0.0,0.16,26.24,0.0,0.0,0.0,0,4.828125,6,45,05:49,20:11,2025-05-12 14:43:39.328557,Città della Scienza,53.1,6.802362,11.290845,2.8791578,4.717047,EU EEA Common AQI,77.7,5.8963094,10.238306,7200,2.0285714,100,100,63.7,1.7714283,Very Low,77.6,6.0365434,100,1747060200,Very Low,2.3033261,6.6567693,Very Low,3.4907873,59.1,3.3,100,1747060200,2.2142856
2025-05-12T14:43:50Z,0,29.852,74.7,55,67.9,12,13,272,74,0.0,255,32767,0.0,2127-15-31,0.0,0.16,26.24,0.0,0.0,0.0,0,4.828125,6,45,05:49,20:11,2025-05-12 14:43:50.433602,Città della Scienza,53.1,6.802362,11.290845,2.8791578,4.717047,EU EEA Common AQI,77.7,5.8963094,10.238306,7200,2.0285714,100,100,63.7,1.7714283,Very Low,77.6,6.0365434,100,1747060200,Very Low,2.3033261,6.6567693,Very Low,3.4907873,59.1,3.3,100,1747060200,2.2142856
2025-05-12T14:44:01Z,0,29.852,74.7,55,67.8,13,13,262,74,0.0,255,32767,0.0,2127-15-31,0.0,0.16,26.24,0.0,0.0,0.0,0,4.828125,6,45,05:49,20:11,2025-05-12 14:44:01.540611,Città della Scienza,53.1,6.802362,11.290845,2.8791578,4.717047,EU EEA Common AQI,77.7,5.8963094,10.238306,7200,2.0285714,100,100,63.7,1.7714283,Very Low,77.6,6.0365434,100,1747060200,Very Low,2.3033261,6.6567693,Very Low,3.4907873,59.1,3.3,100,1747060200,2.2142856
2025-05-12T14:44:12Z,0,29.852,74.7,55,67.8,15,13,246,74,0.0,255,32767,0.0,2127-15-31,0.0,0.16,26.24,0.0,0.0,0.0,0,4.828125,6,45,05:49,20:11,2025-05-12 14:44:12.616604,Città della Scienza,53.1,6.802362,11.290845,2.8791578,4.717047,EU EEA Common AQI,77.7,5.8963094,10.238306,7200,2.0285714,100,100,63.7,1.7714283,Very Low,77.6,6.0365434,100,1747060200,Very Low,2.3033261,6.6567693,Very Low,3.4907873,59.1,3.3,100,1747060200,2.2142856
2025-05-12T14:44:23Z,0,29.852,74.7,55,67.8,14,13,252,74,0.0,255,32767,0.0,2127-15-31,0.0,0.16,26.24,0.0,0.0,0.0,0,4.828125,6,45,05:49,20:11,2025-05-12 14:44:23.699616,Città della Scienza,53.1,6.802362,11.290845,2.8791578,4.717047,EU EEA Common AQI,77.7,5.8963094,10.238306,7200,2.0285714,100,100,63.7,1.7714283,Very Low,77.6,6.0365434,100,1747060200,Very Low,2.3033261,6.6567693,Very Low,3.4907873,59.1,3.3,100,1747060200,2.2142856
2025-05-12T14:44:34Z,0,29.851,74.6,55,67.8,13,13,257,73,0.0,255,32767,0.0,2127-15-31,0.0,0.16,26.24,0.0,0.0,0.0,0,4.828125,6,45,05:49,20:11,2025-05-12 14:44:34.787603,Città della Scienza,53.1,6.802362,11.290845,2.8791578,4.717047,EU EEA Common AQI,77.7,5.8963094,10.238306,7200,2.0285714,100,100,63.7,1.7714283,Very Low,77.6,6.0365434,100,1747060200,Very Low,2.3033261,6.6567693,Very Low,3.4907873,59.1,3.3,100,1747060200,2.2142856
2025-05-12T14:44:46Z,0,29.851,74.6,55,67.8,14,13,246,73,0.0,255,32767,0.0,2127-15-31,0.0,0.16,26.24,0.0,0.0,0.0,0,4.828125,6,45,05:49,20:11,2025-05-12 14:44:45.859594,Città della Scienza,53.1,6.802362,11.290845,2.8791578,4.717047,EU EEA Common AQI,77.7,5.8963094,10.238306,7200,2.0285714,100,100,63.7,1.7714283,Very Low,77.6,6.0365434,100,1747060200,Very Low,2.3033261,6.6567693,Very Low,3.4907873,59.1,3.3,100,1747060200,2.2142856
2025-05-12T14:44:57Z,0,29.851,74.6,55,67.8,17,13,262,73,0.0,255,32767,0.0,2127-15-31,0.0,0.16,26.24,0.0,0.0,0.0,0,4.828125,6,45,05:49,20:11,2025-05-12 14:44:56.906594,Città della Scienza,53.1,6.802362,11.290845,2.8791578,4.717047,EU EEA Common AQI,77.7,5.8963094,10.238306,7200,2.0285714,100,100,63.7,1.7714283,Very Low,77.6,6.0365434,100,1747060200,Very Low,2.3033261,6.6567693,Very Low,3.4907873,59.1,3.3,100,1747060200,2.2142856
2025-05-12T14:45:08Z,0,29.851,74.6,55,67.8,14,13,250,73,0.0,255,32767,0.0,2127-15-31,0.0,0.16,26.24,0.0,0.0,0.0,0,4.828125,6,45,05:49,20:11,2025-05-12 14:45:07.982592,Città della Scienza,53.1,6.802362,11.290845,2.8791578,4.717047,EU EEA Common AQI,77.7,5.8963094,10.238306,7200,2.0285714,100,100,63.7,1.7714283,Very Low,77.6,6.0365434,100,1747060200,Very Low,2.3033261,6.6567693,Very Low,3.4907873,59.1,3.3,100,1747060200,2.2142856
2025-05-12T14:45:19Z,0,29.851,74.6,55,67.8,13,13,248,73,0.0,255,32767,0.0,2127-15-31,0.0,0.16,26.24,0.0,0.0,0.0,0,4.828125,6,45,05:49,20:11,2025-05-12 14:45:19.065593,Città della Scienza,53.1,6.802362,11.290845,2.8791578,4.717047,EU EEA Common AQI,77.7,5.8963094,10.238306,7200,2.0285714,100,100,63.7,1.7714283,Very Low,77.6,6.0365434,100,1747060200,Very Low,2.3033261,6.6567693,Very Low,3.4907873,59.1,3.3,100,1747060200,2.2142856
2025-05-12T14:45:30Z,0,29.851,74.6,55,67.8,15,13,235,73,0.0,255,32767,0.0,2127-15-31,0.0,0.16,26.24,0.0,0.0,0.0,0,4.828125,6,45,05:49,20:11,2025-05-12 14:45:30.127623,Città della Scienza,55.6,6.1698713,11.287478,2.4245036,4.2340603,EU EEA Common AQI,78.4,5.292576,10.23481,7200,2.0285714,100,100,65.1,1.6914285,Very Low,78.0,5.4426713,100,1747061100,Very Low,1.9396029,6.031764,Very Low,3.0234506,60.9,2.2714286,100,1747061100,2.1142857
2025-05-12T14:45:41Z,0,29.854,74.7,55,67.8,14,14,247,73,0.0,255,32767,0.0,2127-15-31,0.0,0.16,26.24,0.0,0.0,0.0,0,4.828125,6,45,05:49,20:11,2025-05-12 14:45:41.232556,Città della Scienza,55.6,6.1698713,11.287478,2.4245036,4.2340603,EU EEA Common AQI,78.4,5.292576,10.23481,7200,2.0285714,100,100,65.1,1.6914285,Very Low,78.0,5.4426713,100,1747061100,Very Low,1.9396029,6.031764,Very Low,3.0234506,60.9,2.2714286,100,1747061100,2.1142857
2025-05-12T14:45:52Z,0,29.854,74.7,55,67.8,13,14,246,73,0.0,255,32767,0.0,2127-15-31,0.0,0.16,26.24,0.0,0.0,0.0,0,4.828125,6,45,05:49,20:11,2025-05-12 14:45:52.306592,Città della Scienza,55.6,6.1698713,11.287478,2.4245036,4.2340603,EU EEA Common AQI,78.4,5.292576,10.23481,7200,2.0285714,100,100,65.1,1.6914285,Very Low,78.0,5.4426713,100,1747061100,Very Low,1.9396029,6.031764,Very Low,3.0234506,60.9,2.2714286,100,1747061100,2.1142857
2025-05-12T14:46:03Z,0,29.854,74.7,55,67.8,15,14,256,73,0.0,255,32767,0.0,2127-15-31,0.0,0.16,26.24,0.0,0.0,0.0,0,4.828125,6,45,05:49,20:11,2025-05-12 14:46:03.353600,Città della Scienza,55.6,6.1698713,11.287478,2.4245036,4.2340603,EU EEA Common AQI,78.4,5.292576,10.23481,7200,2.0285714,100,100,65.1,1.6914285,Very Low,78.0,5.4426713,100,1747061100,Very Low,1.9396029,6.031764,Very Low,3.0234506,60.9,2.2714286,100,1747061100,2.1142857
2025-05-12T14:46:14Z,0,29.854,74.7,55,67.7,16,14,243,73,0.0,255,32767,0.0,2127-15-31,0.0,0.16,26.24,0.0,0.0,0.0,0,4.828125,6,45,05:49,20:11,2025-05-12 14:46:14.436609,Città della Scienza,55.6,6.1698713,11.287478,2.4245036,4.2340603,EU EEA Common AQI,78.4,5.292576,10.23481,7200,2.0285714,100,100,65.1,1.6914285,Very Low,78.0,5.4426713,100,1747061100,Very Low,1.9396029,6.031764,Very Low,3.0234506,60.9,2.2714286,100,1747061100,2.1142857
2025-05-12T14:46:25Z,0,29.854,74.7,55,67.7,13,14,259,73,0.0,255,32767,0.0,2127-15-31,0.0,0.16,26.24,0.0,0.0,0.0,0,4.828125,6,45,05:49,20:11,2025-05-12 14:46:25.521594,Città della Scienza,55.6,6.1698713,11.287478,2.4245036,4.2340603,EU EEA Common AQI,78.4,5.292576,10.23481,7200,2.0285714,100,100,65.1,1.6914285,Very Low,78.0,5.4426713,100,1747061100,Very Low,1.9396029,6.031764,Very Low,3.0234506,60.9,2.2714286,100,1747061100,2.1142857
2025-05-12T14:46:36Z,0,29.853,74.7,55,67.7,11,14,253,73,0.0,255,32767,0.0,2127-15-31,0.0,0.16,26.24,0.0,0.0,0.0,0,4.828125,6,45,05:49,20:11,2025-05-12 14:46:36.616596,Città della Scienza,55.6,6.1698713,11.287478,2.4245036,4.2340603,EU EEA Common AQI,78.4,5.292576,10.23481,7200,2.0285714,100,100,65.1,1.6914285,Very Low,78.0,5.4426713,100,1747061100,Very Low,1.9396029,6.031764,Very Low,3.0234506,60.9,2.2714286,100,1747061100,2.1142857
2025-05-12T14:46:47Z,0,29.853,74.7,55,67.8,13,14,266,73,0.0,255,32767,0.0,2127-15-31,0.0,0.16,26.24,0.0,0.0,0.0,0,4.828125,6,45,05:49,20:11,2025-05-12 14:46:47.693591,Città della Scienza,55.6,6.1698713,11.287478,2.4245036,4.2340603,EU EEA Common AQI,78.4,5.292576,10.23481,7200,2.0285714,100,100,65.1,1.6914285,Very Low,78.0,5.4426713,100,1747061100,Very Low,1.9396029,6.031764,Very Low,3.0234506,60.9,2.2714286,100,1747061100,2.1142857
2025-05-12T14:46:58Z,0,29.853,74.7,55,67.7,14,14,303,73,0.0,255,32767,0.0,2127-15-31,0.0,0.16,26.24,0.0,0.0,0.0,0,4.828125,6,45,05:49,20:11,2025-05-12 14:46:58.735591,Città della Scienza,55.6,6.1698713,11.287478,2.4245036,4.2340603,EU EEA Common AQI,78.4,5.292576,10.23481,7200,2.0285714,100,100,65.1,1.6914285,Very Low,78.0,5.4426713,100,1747061100,Very Low,1.9396029,6.031764,Very Low,3.0234506,60.9,2.2714286,100,1747061100,2.1142857
2025-05-12T14:47:10Z,0,29.853,74.7,55,67.7,15,14,236,73,0.0,255,32767,0.0,2127-15-31,0.0,0.16,26.24,0.0,0.0,0.0,0,4.828125,6,45,05:49,20:11,2025-05-12 14:47:09.832591,Città della Scienza,55.6,6.1698713,11.287478,2.4245036,4.2340603,EU EEA Common AQI,78.4,5.292576,10.23481,7200,2.0285714,100,100,65.1,1.6914285,Very Low,78.0,5.4426713,100,1747061100,Very Low,1.9396029,6.031764,Very Low,3.0234506,60.9,2.2714286,100,1747061100,2.1142857
2025-05-12T14:47:21Z,0,29.853,74.7,55,67.7,15,14,243,73,0.0,255,32767,0.0,2127-15-31,0.0,0.16,26.24,0.0,0.0,0.0,0,4.828125,6,45,05:49,20:11,2025-05-12 14:47:20.988592,Città della Scienza,55.6,6.1698713,11.287478,2.4245036,4.2340603,EU EEA Common AQI,78.4,5.292576,10.23481,7200,2.0285714,100,100,65.1,1.6914285,Very Low,78.0,5.4426713,100,1747061100,Very Low,1.9396029,6.031764,Very Low,3.0234506,60.9,2.2714286,100,1747061100,2.1142857
2025-05-12T14:47:32Z,0,29.853,74.7,55,67.7,15,14,246,73,0.0,255,32767,0.0,2127-15-31,0.0,0.16,26.24,0.0,0.0,0.0,0,4.828125,6,45,05:49,20:11,2025-05-12 14:47:32.092602,Città della Scienza,55.6,6.1698713,11.287478,2.4245036,4.2340603,EU EEA Common AQI,78.4,5.292576,10.23481,7200,2.0285714,100,100,65.1,1.6914285,Very Low,78.0,5.4426713,100,1747061100,Very Low,1.9396029,6.031764,Very Low,3.0234506,60.9,2.2714286,100,1747061100,2.1142857
2025-05-12T14:47:43Z,0,29.854,74.6,55,67.8,14,14,248,73,0.0,255,32767,0.0,2127-15-31,0.0,0.16,26.24,0.0,0.0,0.0,0,4.828125,6,45,05:49,20:11,2025-05-12 14:47:43.139597,Città della Scienza,55.6,6.1698713,11.287478,2.4245036,4.2340603,EU EEA Common AQI,78.4,5.292576,10.23481,7200,2.0285714,100,100,65.1,1.6914285,Very Low,78.0,5.4426713,100,1747061100,Very Low,1.9396029,6.031764,Very Low,3.0234506,60.9,2.2714286,100,1747061100,2.1142857
2025-05-12T14:47:54Z,0,29.854,74.6,55,67.7,13,14,252,73,0.0,255,32767,0.0,2127-15-31,0.0,0.16,26.24,0.0,0.0,0.0,0,4.828125,6,45,05:49,20:11,2025-05-12 14:47:54.257598,Città della Scienza,55.6,6.1698713,11.287478,2.4245036,4.2340603,EU EEA Common AQI,78.4,5.292576,10.23481,7200,2.0285714,100,100,65.1,1.6914285,Very Low,78.0,5.4426713,100,1747061100,Very Low,1.9396029,6.031764,Very Low,3.0234506,60.9,2.2714286,100,1747061100,2.1142857
2025-05-12T14:48:05Z,0,29.854,74.6,55,67.8,15,14,250,75,0.0,255,32767,0.0,2127-15-31,0.0,0.16,26.24,0.0,0.0,0.0,0,4.828125,6,45,05:49,20:11,2025-05-12 14:48:05.318595,Città della Scienza,55.6,6.1698713,11.287478,2.4245036,4.2340603,EU EEA Common AQI,78.4,5.292576,10.23481,7200,2.0285714,100,100,65.1,1.6914285,Very Low,78.0,5.4426713,100,1747061100,Very Low,1.9396029,6.031764,Very Low,3.0234506,60.9,2.2714286,100,1747061100,2.1142857
2025-05-12T14:48:16Z,0,29.854,74.6,55,67.7,14,14,256,75,0.0,255,32767,0.0,2127-15-31,0.0,0.16,26.24,0.0,0.0,0.0,0,4.828125,6,45,05:49,20:11,2025-05-12 14:48:16.401593,Città della Scienza,55.6,6.1698713,11.287478,2.4245036,4.2340603,EU EEA Common AQI,78.4,5.292576,10.23481,7200,2.0285714,100,100,65.1,1.6914285,Very Low,78.0,5.4426713,100,1747061100,Very Low,1.9396029,6.031764,Very Low,3.0234506,60.9,2.2714286,100,1747061100,2.1142857
2025-05-12T14:48:27Z,0,29.854,74.6,55,67.7,15,14,262,75,0.0,255,32767,0.0,2127-15-31,0.0,0.16,26.24,0.0,0.0,0.0,0,4.828125,6,45,05:49,20:11,2025-05-12 14:48:27.517584,Città della Scienza,55.6,6.1698713,11.287478,2.4245036,4.2340603,EU EEA Common AQI,78.4,5.292576,10.23481,7200,2.0285714,100,100,65.1,1.6914285,Very Low,78.0,5.4426713,100,1747061100,Very Low,1.9396029,6.031764,Very Low,3.0234506,60.9,2.2714286,100,1747061100,2.1142857
2025-05-12T14:48:38Z,0,29.855,74.7,55,67.7,14,14,261,75,0.0,255,32767,0.0,2127-15-31,0.0,0.16,26.24,0.0,0.0,0.0,0,4.828125,6,45,05:49,20:11,2025-05-12 14:48:38.629594,Città della Scienza,55.6,6.1698713,11.287478,2.4245036,4.2340603,EU EEA Common AQI,78.4,5.292576,10.23481,7200,2.0285714,100,100,65.1,1.6914285,Very Low,78.0,5.4426713,100,1747061100,Very Low,1.9396029,6.031764,Very Low,3.0234506,60.9,2.2714286,100,1747061100,2.1142857
2025-05-12T14:48:49Z,0,29.855,74.7,55,67.7,15,14,245,75,0.0,255,32767,0.0,2127-15-31,0.0,0.16,26.24,0.0,0.0,0.0,0,4.828125,6,45,05:49,20:11,2025-05-12 14:48:49.719578,Città della Scienza,55.6,6.1698713,11.287478,2.4245036,4.2340603,EU EEA Common AQI,78.4,5.292576,10.23481,7200,2.0285714,100,100,65.1,1.6914285,Very Low,78.0,5.4426713,100,1747061100,Very Low,1.9396029,6.031764,Very Low,3.0234506,60.9,2.2714286,100,1747061100,2.1142857
2025-05-12T14:49:01Z,0,29.855,74.7,55,67.7,14,14,247,75,0.0,255,32767,0.0,2127-15-31,0.0,0.16,26.24,0.0,0.0,0.0,0,4.828125,6,45,05:49,20:11,2025-05-12 14:49:00.804595,Città della Scienza,55.6,6.1698713,11.287478,2.4245036,4.2340603,EU EEA Common AQI,78.4,5.292576,10.23481,7200,2.0285714,100,100,65.1,1.6914285,Very Low,78.0,5.4426713,100,1747061100,Very Low,1.9396029,6.031764,Very Low,3.0234506,60.9,2.2714286,100,1747061100,2.1142857
2025-05-12T14:49:12Z,0,29.855,74.7,55,67.7,13,14,247,75,0.0,255,32767,0.0,2127-15-31,0.0,0.16,26.24,0.0,0.0,0.0,0,4.828125,6,45,05:49,20:11,2025-05-12 14:49:11.894594,Città della Scienza,55.6,6.1698713,11.287478,2.4245036,4.2340603,EU EEA Common AQI,78.4,5.292576,10.23481,7200,2.0285714,100,100,65.1,1.6914285,Very Low,78.0,5.4426713,100,1747061100,Very Low,1.9396029,6.031764,Very Low,3.0234506,60.9,2.2714286,100,1747061100,2.1142857
2025-05-12T14:49:23Z,0,29.855,74.7,55,67.7,13,14,244,75,0.0,255,32767,0.0,2127-15-31,0.0,0.16,26.24,0.0,0.0,0.0,0,4.828125,6,45,05:49,20:11,2025-05-12 14:49:22.970594,Città della Scienza,55.6,6.1698713,11.287478,2.4245036,4.2340603,EU EEA Common AQI,78.4,5.292576,10.23481,7200,2.0285714,100,100,65.1,1.6914285,Very Low,78.0,5.4426713,100,1747061100,Very Low,1.9396029,6.031764,Very Low,3.0234506,60.9,2.2714286,100,1747061100,2.1142857
2025-05-12T14:49:34Z,0,29.853,74.6,56,67.7,13,14,284,75,0.0,255,32767,0.0,2127-15-31,0.0,0.16,26.24,0.0,0.0,0.0,0,4.828125,6,45,05:49,20:11,2025-05-12 14:49:34.023594,Città della Scienza,55.6,6.1698713,11.287478,2.4245036,4.2340603,EU EEA Common AQI,78.4,5.292576,10.23481,7200,2.0285714,100,100,65.1,1.6914285,Very Low,78.0,5.4426713,100,1747061100,Very Low,1.9396029,6.031764,Very Low,3.0234506,60.9,2.2714286,100,1747061100,2.1142857
2025-05-12T14:49:45Z,0,29.853,74.6,56,67.7,12,14,250,76,0.0,255,32767,0.0,2127-15-31,0.0,0.16,26.24,0.0,0.0,0.0,0,4.828125,6,45,05:49,20:11,2025-05-12 14:49:45.091590,Città della Scienza,55.6,6.1698713,11.287478,2.4245036,4.2340603,EU EEA Common AQI,78.4,5.292576,10.23481,7200,2.0285714,100,100,65.1,1.6914285,Very Low,78.0,5.4426713,100,1747061100,Very Low,1.9396029,6.031764,Very Low,3.0234506,60.9,2.2714286,100,1747061100,2.1142857
2025-05-12T14:49:56Z,0,29.853,74.6,56,67.7,11,14,248,76,0.0,255,32767,0.0,2127-15-31,0.0,0.16,26.24,0.0,0.0,0.0,0,4.828125,6,45,05:49,20:11,2025-05-12 14:49:56.171597,Città della Scienza,55.6,6.1698713,11.287478,2.4245036,4.2340603,EU EEA Common AQI,78.4,5.292576,10.23481,7200,2.0285714,100,100,65.1,1.6914285,Very Low,78.0,5.4426713,100,1747061100,Very Low,1.9396029,6.031764,Very Low,3.0234506,60.9,2.2714286,100,1747061100,2.1142857
2025-05-12T14:50:07Z,0,29.853,74.6,56,67.7,17,14,242,76,0.0,255,32767,0.0,2127-15-31,0.0,0.16,26.24,0.0,0.0,0.0,0,4.828125,6,45,05:49,20:11,2025-05-12 14:50:07.343552,Città della Scienza,55.6,6.1698713,11.287478,2.4245036,4.2340603,EU EEA Common AQI,78.4,5.292576,10.23481,7200,2.0285714,100,100,65.1,1.6914285,Very Low,78.0,5.4426713,100,1747061100,Very Low,1.9396029,6.031764,Very Low,3.0234506,60.9,2.2714286,100,1747061100,2.1142857
2025-05-12T14:50:18Z,0,29.853,74.6,56,67.7,16,14,246,76,0.0,255,32767,0.0,2127-15-31,0.0,0.16,26.24,0.0,0.0,0.0,0,4.828125,6,45,05:49,20:11,2025-05-12 14:50:18.447598,Città della Scienza,55.6,6.1698713,11.287478,2.4245036,4.2340603,EU EEA Common AQI,78.4,5.292576,10.23481,7200,2.0285714,100,100,65.1,1.6914285,Very Low,78.0,5.4426713,100,1747061100,Very Low,1.9396029,6.031764,Very Low,3.0234506,60.9,2.2714286,100,1747061100,2.1142857
2025-05-12T14:50:29Z,0,29.853,74.6,56,67.6,16,14,247,76,0.0,255,32767,0.0,2127-15-31,0.0,0.16,26.24,0.0,0.0,0.0,0,4.828125,6,45,05:49,20:11,2025-05-12 14:50:29.532588,Città della Scienza,55.6,6.1698713,11.287478,2.4245036,4.2340603,EU EEA Common AQI,78.4,5.292576,10.23481,7200,2.0285714,100,100,65.1,1.6914285,Very Low,78.0,5.4426713,100,1747061100,Very Low,1.9396029,6.031764,Very Low,3.0234506,60.9,2.2714286,100,1747061100,2.1142857
2025-05-12T14:50:40Z,0,29.854,74.6,56,67.6,18,14,245,75,0.0,255,32767,0.0,2127-15-31,0.0,0.16,26.24,0.0,0.0,0.0,0,4.828125,6,45,05:49,20:11,2025-05-12 14:50:40.561909,Città della Scienza,55.6,6.1698713,11.287478,2.4245036,4.2340603,EU EEA Common AQI,78.4,5.292576,10.23481,7200,2.0285714,100,100,65.1,1.6914285,Very Low,78.0,5.4426713,100,1747061100,Very Low,1.9396029,6.031764,Very Low,3.0234506,60.9,2.2714286,100,1747061100,2.1142857
2025-05-12T14:50:51Z,0,29.854,74.6,56,67.6,16,14,242,75,0.0,255,32767,0.0,2127-15-31,0.0,0.16,26.24,0.0,0.0,0.0,0,4.828125,6,45,05:49,20:11,2025-05-12 14:50:51.642591,Città della Scienza,55.6,6.1698713,11.287478,2.4245036,4.2340603,EU EEA Common AQI,78.4,5.292576,10.23481,7200,2.0285714,100,100,65.1,1.6914285,Very Low,78.0,5.4426713,100,1747061100,Very Low,1.9396029,6.031764,Very Low,3.0234506,60.9,2.2714286,100,1747061100,2.1142857
2025-05-12T14:51:02Z,0,29.854,74.6,56,67.7,15,14,244,75,0.0,255,32767,0.0,2127-15-31,0.0,0.16,26.24,0.0,0.0,0.0,0,4.828125,6,45,05:49,20:11,2025-05-12 14:51:02.685600,Città della Scienza,55.6,6.1698713,11.287478,2.4245036,4.2340603,EU EEA Common AQI,78.4,5.292576,10.23481,7200,2.0285714,100,100,65.1,1.6914285,Very Low,78.0,5.4426713,100,1747061100,Very Low,1.9396029,6.031764,Very Low,3.0234506,60.9,2.2714286,100,1747061100,2.1142857
2025-05-12T14:51:14Z,0,29.854,74.6,56,67.6,11,14,238,75,0.0,255,32767,0.0,2127-15-31,0.0,0.16,26.24,0.0,0.0,0.0,0,4.828125,6,45,05:49,20:11,2025-05-12 14:51:13.863595,Città della Scienza,55.6,6.1698713,11.287478,2.4245036,4.2340603,EU EEA Common AQI,78.4,5.292576,10.23481,7200,2.0285714,100,100,65.1,1.6914285,Very Low,78.0,5.4426713,100,1747061100,Very Low,1.9396029,6.031764,Very Low,3.0234506,60.9,2.2714286,100,1747061100,2.1142857
2025-05-12T14:51:25Z,0,29.854,74.6,56,67.6,15,14,239,75,0.0,255,32767,0.0,2127-15-31,0.0,0.16,26.24,0.0,0.0,0.0,0,4.828125,6,45,05:49,20:11,2025-05-12 14:51:24.941593,Città della Scienza,55.6,6.1698713,11.287478,2.4245036,4.2340603,EU EEA Common AQI,78.4,5.292576,10.23481,7200,2.0285714,100,100,65.1,1.6914285,Very Low,78.0,5.4426713,100,1747061100,Very Low,1.9396029,6.031764,Very Low,3.0234506,60.9,2.2714286,100,1747061100,2.1142857
2025-05-12T14:51:36Z,0,29.855,74.6,56,67.6,15,14,247,76,0.0,255,32767,0.0,2127-15-31,0.0,0.16,26.24,0.0,0.0,0.0,0,4.828125,6,45,05:49,20:11,2025-05-12 14:51:36.043610,Città della Scienza,55.6,6.1698713,11.287478,2.4245036,4.2340603,EU EEA Common AQI,78.4,5.292576,10.23481,7200,2.0285714,100,100,65.1,1.6914285,Very Low,78.0,5.4426713,100,1747061100,Very Low,1.9396029,6.031764,Very Low,3.0234506,60.9,2.2714286,100,1747061100,2.1142857
2025-05-12T14:51:47Z,0,29.855,74.6,56,67.7,12,14,248,76,0.0,255,32767,0.0,2127-15-31,0.0,0.16,26.24,0.0,0.0,0.0,0,4.828125,6,45,05:49,20:11,2025-05-12 14:51:47.113623,Città della Scienza,55.6,6.1698713,11.287478,2.4245036,4.2340603,EU EEA Common AQI,78.4,5.292576,10.23481,7200,2.0285714,100,100,65.1,1.6914285,Very Low,78.0,5.4426713,100,1747061100,Very Low,1.9396029,6.031764,Very Low,3.0234506,60.9,2.2714286,100,1747061100,2.1142857
2025-05-12T14:51:58Z,0,29.855,74.6,56,67.7,11,14,261,76,0.0,255,32767,0.0,2127-15-31,0.0,0.16,26.24,0.0,0.0,0.0,0,4.828125,6,45,05:49,20:11,2025-05-12 14:51:58.182595,Città della Scienza,55.6,6.1698713,11.287478,2.4245036,4.2340603,EU EEA Common AQI,78.4,5.292576,10.23481,7200,2.0285714,100,100,65.1,1.6914285,Very Low,78.0,5.4426713,100,1747061100,Very Low,1.9396029,6.031764,Very Low,3.0234506,60.9,2.2714286,100,1747061100,2.1142857
2025-05-12T14:52:09Z,0,29.855,74.6,56,67.7,10,14,238,76,0.0,255,32767,0.0,2127-15-31,0.0,0.16,26.24,0.0,0.0,0.0,0,4.828125,6,45,05:49,20:11,2025-05-12 14:52:09.534595,Città della Scienza,55.6,6.1698713,11.287478,2.4245036,4.2340603,EU EEA Common AQI,78.4,5.292576,10.23481,7200,2.0285714,100,100,65.1,1.6914285,Very Low,78.0,5.4426713,100,1747061100,Very Low,1.9396029,6.031764,Very Low,3.0234506,60.9,2.2714286,100,1747061100,2.1142857
2025-05-12T14:52:20Z,0,29.855,74.6,56,67.7,11,14,248,76,0.0,255,32767,0.0,2127-15-31,0.0,0.16,26.24,0.0,0.0,0.0,0,4.828125,6,45,05:49,20:11,2025-05-12 14:52:20.622610,Città della Scienza,55.6,6.1698713,11.287478,2.4245036,4.2340603,EU EEA Common AQI,78.4,5.292576,10.23481,7200,2.0285714,100,100,65.1,1.6914285,Very Low,78.0,5.4426713,100,1747061100,Very Low,1.9396029,6.031764,Very Low,3.0234506,60.9,2.2714286,100,1747061100,2.1142857
2025-05-12T14:52:31Z,0,29.855,74.6,56,67.6,10,14,263,76,0.0,255,32767,0.0,2127-15-31,0.0,0.16,26.24,0.0,0.0,0.0,0,4.828125,6,45,05:49,20:11,2025-05-12 14:52:31.703593,Città della Scienza,55.6,6.1698713,11.287478,2.4245036,4.2340603,EU EEA Common AQI,78.4,5.292576,10.23481,7200,2.0285714,100,100,65.1,1.6914285,Very Low,78.0,5.4426713,100,1747061100,Very Low,1.9396029,6.031764,Very Low,3.0234506,60.9,2.2714286,100,1747061100,2.1142857
2025-05-12T14:52:42Z,0,29.853,74.6,56,67.6,12,14,241,76,0.0,255,32767,0.0,2127-15-31,0.0,0.16,26.24,0.0,0.0,0.0,0,4.828125,6,45,05:49,20:11,2025-05-12 14:52:42.769595,Città della Scienza,55.6,6.1698713,11.287478,2.4245036,4.2340603,EU EEA Common AQI,78.4,5.292576,10.23481,7200,2.0285714,100,100,65.1,1.6914285,Very Low,78.0,5.4426713,100,1747061100,Very Low,1.9396029,6.031764,Very Low,3.0234506,60.9,2.2714286,100,1747061100,2.1142857
2025-05-12T14:52:54Z,0,29.853,74.6,56,67.6,12,14,258,76,0.0,255,32767,0.0,2127-15-31,0.0,0.16,26.24,0.0,0.0,0.0,0,4.828125,6,45,05:49,20:11,2025-05-12 14:52:53.828597,Città della Scienza,55.6,6.1698713,11.287478,2.4245036,4.2340603,EU EEA Common AQI,78.4,5.292576,10.23481,7200,2.0285714,100,100,65.1,1.6914285,Very Low,78.0,5.4426713,100,1747061100,Very Low,1.9396029,6.031764,Very Low,3.0234506,60.9,2.2714286,100,1747061100,2.1142857
2025-05-12T14:53:05Z,0,29.853,74.6,56,67.6,12,14,255,76,0.0,255,32767,0.0,2127-15-31,0.0,0.16,26.24,0.0,0.0,0.0,0,4.828125,6,45,05:49,20:11,2025-05-12 14:53:04.921588,Città della Scienza,55.6,6.1698713,11.287478,2.4245036,4.2340603,EU EEA Common AQI,78.4,5.292576,10.23481,7200,2.0285714,100,100,65.1,1.6914285,Very Low,78.0,5.4426713,100,1747061100,Very Low,1.9396029,6.031764,Very Low,3.0234506,60.9,2.2714286,100,1747061100,2.1142857
2025-05-12T14:53:16Z,0,29.853,74.6,56,67.6,12,14,239,75,0.0,255,32767,0.0,2127-15-31,0.0,0.16,26.24,0.0,0.0,0.0,0,4.828125,6,45,05:49,20:11,2025-05-12 14:53:15.978593,Città della Scienza,55.6,6.1698713,11.287478,2.4245036,4.2340603,EU EEA Common AQI,78.4,5.292576,10.23481,7200,2.0285714,100,100,65.1,1.6914285,Very Low,78.0,5.4426713,100,1747061100,Very Low,1.9396029,6.031764,Very Low,3.0234506,60.9,2.2714286,100,1747061100,2.1142857
2025-05-12T14:53:27Z,0,29.853,74.6,56,67.6,12,14,265,75,0.0,255,32767,0.0,2127-15-31,0.0,0.16,26.24,0.0,0.0,0.0,0,4.828125,6,45,05:49,20:11,2025-05-12 14:53:27.097591,Città della Scienza,55.6,6.1698713,11.287478,2.4245036,4.2340603,EU EEA Common AQI,78.4,5.292576,10.23481,7200,2.0285714,100,100,65.1,1.6914285,Very Low,78.0,5.4426713,100,1747061100,Very Low,1.9396029,6.031764,Very Low,3.0234506,60.9,2.2714286,100,1747061100,2.1142857
2025-05-12T14:53:38Z,0,29.853,74.6,56,67.6,10,14,265,75,0.0,255,32767,0.0,2127-15-31,0.0,0.16,26.24,0.0,0.0,0.0,0,4.828125,6,45,05:49,20:11,2025-05-12 14:53:38.146563,Città della Scienza,55.6,6.1698713,11.287478,2.4245036,4.2340603,EU EEA Common AQI,78.4,5.292576,10.23481,7200,2.0285714,100,100,65.1,1.6914285,Very Low,78.0,5.4426713,100,1747061100,Very Low,1.9396029,6.031764,Very Low,3.0234506,60.9,2.2714286,100,1747061100,2.1142857
2025-05-12T14:53:49Z,0,29.853,74.6,56,67.7,10,14,232,75,0.0,255,32767,0.0,2127-15-31,0.0,0.16,26.24,0.0,0.0,0.0,0,4.828125,6,45,05:49,20:11,2025-05-12 14:53:49.245604,Città della Scienza,55.6,6.1698713,11.287478,2.4245036,4.2340603,EU EEA Common AQI,78.4,5.292576,10.23481,7200,2.0285714,100,100,65.1,1.6914285,Very Low,78.0,5.4426713,100,1747061100,Very Low,1.9396029,6.031764,Very Low,3.0234506,60.9,2.2714286,100,1747061100,2.1142857
2025-05-12T14:54:00Z,0,29.853,74.6,56,67.7,11,14,244,75,0.0,255,32767,0.0,2127-15-31,0.0,0.16,26.24,0.0,0.0,0.0,0,4.828125,6,45,05:49,20:11,2025-05-12 14:54:00.316603,Città della Scienza,55.6,6.1698713,11.287478,2.4245036,4.2340603,EU EEA Common AQI,78.4,5.292576,10.23481,7200,2.0285714,100,100,65.1,1.6914285,Very Low,78.0,5.4426713,100,1747061100,Very Low,1.9396029,6.031764,Very Low,3.0234506,60.9,2.2714286,100,1747061100,2.1142857
2025-05-12T14:54:11Z,0,29.853,74.6,56,67.7,11,14,249,75,0.0,255,32767,0.0,2127-15-31,0.0,0.16,26.24,0.0,0.0,0.0,0,4.828125,6,45,05:49,20:11,2025-05-12 14:54:11.380601,Città della Scienza,55.6,6.1698713,11.287478,2.4245036,4.2340603,EU EEA Common AQI,78.4,5.292576,10.23481,7200,2.0285714,100,100,65.1,1.6914285,Very Low,78.0,5.4426713,100,1747061100,Very Low,1.9396029,6.031764,Very Low,3.0234506,60.9,2.2714286,100,1747061100,2.1142857
2025-05-12T14:54:22Z,0,29.853,74.6,56,67.7,12,14,248,75,0.0,255,32767,0.0,2127-15-31,0.0,0.16,26.24,0.0,0.0,0.0,0,4.828125,6,45,05:49,20:11,2025-05-12 14:54:22.469583,Città della Scienza,55.6,6.1698713,11.287478,2.4245036,4.2340603,EU EEA Common AQI,78.4,5.292576,10.23481,7200,2.0285714,100,100,65.1,1.6914285,Very Low,78.0,5.4426713,100,1747061100,Very Low,1.9396029,6.031764,Very Low,3.0234506,60.9,2.2714286,100,1747061100,2.1142857
2025-05-12T14:54:33Z,0,29.853,74.5,56,67.7,12,13,242,75,0.0,255,32767,0.0,2127-15-31,0.0,0.16,26.24,0.0,0.0,0.0,0,4.828125,6,45,05:49,20:11,2025-05-12 14:54:33.562590,Città della Scienza,55.6,6.1698713,11.287478,2.4245036,4.2340603,EU EEA Common AQI,78.4,5.292576,10.23481,7200,2.0285714,100,100,65.1,1.6914285,Very Low,78.0,5.4426713,100,1747061100,Very Low,1.9396029,6.031764,Very Low,3.0234506,60.9,2.2714286,100,1747061100,2.1142857
2025-05-12T14:54:44Z,0,29.853,74.5,56,67.7,10,13,271,75,0.0,255,32767,0.0,2127-15-31,0.0,0.16,26.24,0.0,0.0,0.0,0,4.828125,6,45,05:49,20:11,2025-05-12 14:54:44.637602,Città della Scienza
2025-05-12T14:54:55Z,0,29.853,74.5,56,67.7,11,13,248,75,0.0,255,32767,0.0,2127-15-31,0.0,0.16,26.24,0.0,0.0,0.0,0,4.828125,6,45,05:49,20:11,2025-05-12 14:54:55.701593,Città della Scienza
2025-05-12T14:55:06Z,0,29.853,74.5,56,67.8,11,13,240,76,0.0,255,32767,0.0,2127-15-31,0.0,0.16,26.24,0.0,0.0,0.0,0,4.828125,6,45,05:49,20:11,2025-05-12 14:55:06.758592,Città della Scienza
2025-05-12T14:55:18Z,0,29.853,74.5,56,67.8,13,13,244,76,0.0,255,32767,0.0,2127-15-31,0.0,0.16,26.24,0.0,0.0,0.0,0,4.828125,6,45,05:49,20:11,2025-05-12 14:55:17.873605,Città della Scienza
2025-05-12T14:55:29Z,0,29.853,74.5,56,67.8,12,13,240,76,0.0,255,32767,0.0,2127-15-31,0.0,0.16,26.24,0.0,0.0,0.0,0,4.828125,6,45,05:49,20:11,2025-05-12 14:55:28.937612,Città della Scienza
2025-05-12T14:55:40Z,0,29.852,74.6,56,67.8,13,13,250,76,0.0,255,32767,0.0,2127-15-31,0.0,0.16,26.24,0.0,0.0,0.0,0,4.828125,6,45,05:49,20:11,2025-05-12 14:55:40.055594,Città della Scienza
2025-05-12T14:55:51Z,0,29.852,74.6,56,67.8,12,13,240,76,0.0,255,32767,0.0,2127-15-31,0.0,0.16,26.24,0.0,0.0,0.0,0,4.828125,6,45,05:49,20:11,2025-05-12 14:55:51.126597,Città della Scienza
2025-05-12T14:56:02Z,0,29.852,74.6,56,67.7,11,13,250,76,0.0,255,32767,0.0,2127-15-31,0.0,0.16,26.24,0.0,0.0,0.0,0,4.828125,6,45,05:49,20:11,2025-05-12 14:56:02.155593,Città della Scienza
2025-05-12T14:56:13Z,0,29.852,74.6,56,67.8,9,13,267,76,0.0,255,32767,0.0,2127-15-31,0.0,0.16,26.24,0.0,0.0,0.0,0,4.828125,6,45,05:49,20:11,2025-05-12 14:56:13.253600,Città della Scienza
2025-05-12T14:56:24Z,0,29.852,74.6,56,67.8,11,13,245,76,0.0,255,32767,0.0,2127-15-31,0.0,0.16,26.24,0.0,0.0,0.0,0,4.828125,6,45,05:49,20:11,2025-05-12 14:56:24.280593,Città della Scienza
2025-05-12T14:56:35Z,0,29.853,74.5,56,67.8,9,13,211,76,0.0,255,32767,0.0,2127-15-31,0.0,0.16,26.24,0.0,0.0,0.0,0,4.828125,6,45,05:49,20:11,2025-05-12 14:56:35.356601,Città della Scienza
2025-05-12T14:56:46Z,0,29.853,74.5,56,67.8,13,13,261,76,0.0,255,32767,0.0,2127-15-31,0.0,0.16,26.24,0.0,0.0,0.0,0,4.828125,6,45,05:49,20:11,2025-05-12 14:56:46.370568,Città della Scienza
2025-05-12T14:56:57Z,0,29.853,74.5,56,67.8,13,13,230,76,0.0,255,32767,0.0,2127-15-31,0.0,0.16,26.24,0.0,0.0,0.0,0,4.828125,6,45,05:49,20:11,2025-05-12 14:56:57.433610,Città della Scienza
2025-05-12T14:57:08Z,0,29.853,74.5,56,67.8,11,13,234,76,0.0,255,32767,0.0,2127-15-31,0.0,0.16,26.24,0.0,0.0,0.0,0,4.828125,6,45,05:49,20:11,2025-05-12 14:57:08.472595,Città della Scienza
2025-05-12T14:57:19Z,0,29.853,74.5,56,67.8,13,13,246,76,0.0,255,32767,0.0,2127-15-31,0.0,0.16,26.24,0.0,0.0,0.0,0,4.828125,6,45,05:49,20:11,2025-05-12 14:57:19.541595,Città della Scienza
2025-05-12T14:57:30Z,0,29.853,74.5,56,67.7,13,13,238,76,0.0,255,32767,0.0,2127-15-31,0.0,0.16,26.24,0.0,0.0,0.0,0,4.828125,6,45,05:49,20:11,2025-05-12 14:57:30.630603,Città della Scienza
2025-05-12T14:57:41Z,0,29.854,74.5,56,67.7,11,13,239,76,0.0,255,32767,0.0,2127-15-31,0.0,0.16,26.24,0.0,0.0,0.0,0,4.828125,6,45,05:49,20:11,2025-05-12 14:57:41.673604,Città della Scienza
2025-05-12T14:57:52Z,0,29.854,74.5,56,67.8,14,13,243,76,0.0,255,32767,0.0,2127-15-31,0.0,0.16,26.24,0.0,0.0,0.0,0,4.828125,6,45,05:49,20:11,2025-05-12 14:57:52.736612,Città della Scienza
2025-05-12T14:58:03Z,0,29.854,74.5,56,67.8,13,13,244,76,0.0,255,32767,0.0,2127-15-31,0.0,0.16,26.24,0.0,0.0,0.0,0,4.828125,6,45,05:49,20:11,2025-05-12 14:58:03.779604,Città della Scienza
2025-05-12T14:58:15Z,0,29.854,74.5,56,67.7,12,13,250,76,0.0,255,32767,0.0,2127-15-31,0.0,0.16,26.24,0.0,0.0,0.0,0,4.828125,6,45,05:49,20:11,2025-05-12 14:58:14.898598,Città della Scienza
2025-05-12T14:58:26Z,0,29.854,74.5,56,67.7,11,13,242,76,0.0,255,32767,0.0,2127-15-31,0.0,0.16,26.24,0.0,0.0,0.0,0,4.828125,6,45,05:49,20:11,2025-05-12 14:58:26.041611,Città della Scienza
2025-05-12T14:58:37Z,0,29.852,74.5,56,67.7,11,12,244,76,0.0,255,32767,0.0,2127-15-31,0.0,0.16,26.24,0.0,0.0,0.0,0,4.828125,6,45,05:49,20:11,2025-05-12 14:58:37.171597,Città della Scienza
2025-05-12T14:58:48Z,0,29.852,74.5,56,67.7,10,12,237,76,0.0,255,32767,0.0,2127-15-31,0.0,0.16,26.24,0.0,0.0,0.0,0,4.828125,6,45,05:49,20:11,2025-05-12 14:58:48.247590,Città della Scienza
2025-05-12T14:58:59Z,0,29.852,74.5,56,67.7,9,12,264,76,0.0,255,32767,0.0,2127-15-31,0.0,0.16,26.24,0.0,0.0,0.0,0,4.828125,6,45,05:49,20:11,2025-05-12 14:58:59.303260,Città della Scienza
2025-05-12T14:59:10Z,0,29.852,74.5,56,67.7,10,12,264,76,0.0,255,32767,0.0,2127-15-31,0.0,0.16,26.24,0.0,0.0,0.0,0,4.828125,6,45,05:49,20:11,2025-05-12 14:59:10.383602,Città della Scienza
2025-05-12T14:59:21Z,0,29.852,74.5,56,67.8,12,12,242,76,0.0,255,32767,0.0,2127-15-31,0.0,0.16,26.24,0.0,0.0,0.0,0,4.828125,6,45,05:49,20:11,2025-05-12 14:59:21.467604,Città della Scienza
2025-05-12T14:59:32Z,0,29.852,74.5,56,67.8,13,12,248,76,0.0,255,32767,0.0,2127-15-31,0.0,0.16,26.24,0.0,0.0,0.0,0,4.828125,6,45,05:49,20:11,2025-05-12 14:59:32.511589,Città della Scienza
2025-05-12T14:59:43Z,0,29.854,74.6,56,67.8,13,12,243,76,0.0,255,32767,0.0,2127-15-31,0.0,0.16,26.24,0.0,0.0,0.0,0,4.828125,6,45,05:49,20:11,2025-05-12 14:59:43.620603,Città della Scienza
2025-05-12T14:59:54Z,0,29.854,74.6,56,67.7,12,12,244,76,0.0,255,32767,0.0,2127-15-31,0.0,0.16,26.24,0.0,0.0,0.0,0,4.828125,6,45,05:49,20:11,2025-05-12 14:59:54.661613,Città della Scienza
2025-05-12T15:00:05Z,0,29.854,74.6,56,67.7,14,12,259,76,0.0,255,32767,0.0,2127-15-31,0.0,0.16,26.24,0.0,0.0,0.0,0,4.828125,6,45,05:49,20:11,2025-05-12 15:00:05.757589,Città della Scienza,55.6,6.1698713,11.287478,2.4245036,4.2340603,EU EEA Common AQI,78.4,5.292576,10.23481,7200,2.0285714,100,100,65.1,1.6914285,Very Low,78.0,5.4426713,100,1747061100,Very Low,1.9396029,6.031764,Very Low,3.0234506,60.9,2.2714286,100,1747061100,2.1142857
2025-05-12T15:00:17Z,0,29.854,74.6,56,67.7,11,12,236,76,0.0,255,32767,0.0,2127-15-31,0.0,0.16,26.24,0.0,0.0,0.0,0,4.828125,6,45,05:49,20:11,2025-05-12 15:00:16.813597,Città della Scienza,55.6,6.1698713,11.287478,2.4245036,4.2340603,EU EEA Common AQI,78.4,5.292576,10.23481,7200,2.0285714,100,100,65.1,1.6914285,Very Low,78.0,5.4426713,100,1747061100,Very Low,1.9396029,6.031764,Very Low,3.0234506,60.9,2.2714286,100,1747061100,2.1142857
2025-05-12T15:00:28Z,0,29.854,74.6,56,67.7,15,12,242,76,0.0,255,32767,0.0,2127-15-31,0.0,0.16,26.24,0.0,0.0,0.0,0,4.828125,6,45,05:49,20:11,2025-05-12 15:00:27.910591,Città della Scienza,55.3,5.549908,11.284344,2.1960268,3.8374455,EU EEA Common AQI,79.1,4.7968073,10.230726,7200,2.1884058,100,100,65.5,1.9594202,Very Low,78.7,4.8694644,100,1747062000,Very Low,1.7568214,5.513312,Very Low,2.798468,61.3,2.9130435,100,1747062000,2.4492753
2025-05-12T15:00:39Z,0,29.855,74.5,56,67.7,8,12,239,76,0.0,255,32767,0.0,2127-15-31,0.0,0.16,26.24,0.0,0.0,0.0,0,4.828125,6,84,05:49,20:11,2025-05-12 15:00:39.011594,Città della Scienza,55.3,5.549908,11.284344,2.1960268,3.8374455,EU EEA Common AQI,79.1,4.7968073,10.230726,7200,2.1884058,100,100,65.5,1.9594202,Very Low,78.7,4.8694644,100,1747062000,Very Low,1.7568214,5.513312,Very Low,2.798468,61.3,2.9130435,100,1747062000,2.4492753
2025-05-12T15:00:50Z,0,29.855,74.5,56,67.7,14,12,268,76,0.0,255,32767,0.0,2127-15-31,0.0,0.16,26.24,0.0,0.0,0.0,0,4.828125,6,84,05:49,20:11,2025-05-12 15:00:50.141585,Città della Scienza,55.3,5.549908,11.284344,2.1960268,3.8374455,EU EEA Common AQI,79.1,4.7968073,10.230726,7200,2.1884058,100,100,65.5,1.9594202,Very Low,78.7,4.8694644,100,1747062000,Very Low,1.7568214,5.513312,Very Low,2.798468,61.3,2.9130435,100,1747062000,2.4492753
2025-05-12T15:01:01Z,0,29.855,74.5,56,67.7,13,12,233,76,0.0,255,32767,0.0,2127-15-31,0.0,0.16,26.24,0.0,0.0,0.0,0,4.828125,6,84,05:49,20:11,2025-05-12 15:01:01.245591,Città della Scienza,55.3,5.549908,11.284344,2.1960268,3.8374455,EU EEA Common AQI,79.1,4.7968073,10.230726,7200,2.1884058,100,100,65.5,1.9594202,Very Low,78.7,4.8694644,100,1747062000,Very Low,1.7568214,5.513312,Very Low,2.798468,61.3,2.9130435,100,1747062000,2.4492753
2025-05-12T15:01:12Z,0,29.855,74.5,56,67.7,11,12,261,76,0.0,255,32767,0.0,2127-15-31,0.0,0.16,26.24,0.0,0.0,0.0,0,4.828125,6,84,05:49,20:11,2025-05-12 15:01:12.369595,Città della Scienza,55.3,5.549908,11.284344,2.1960268,3.8374455,EU EEA Common AQI,79.1,4.7968073,10.230726,7200,2.1884058,100,100,65.5,1.9594202,Very Low,78.7,4.8694644,100,1747062000,Very Low,1.7568214,5.513312,Very Low,2.798468,61.3,2.9130435,100,1747062000,2.4492753
2025-05-12T15:01:23Z,0,29.855,74.5,56,67.7,13,12,241,76,0.0,255,32767,0.0,2127-15-31,0.0,0.16,26.24,0.0,0.0,0.0,0,4.828125,6,84,05:49,20:11,2025-05-12 15:01:23.461591,Città della Scienza,55.3,5.549908,11.284344,2.1960268,3.8374455,EU EEA Common AQI,79.1,4.7968073,10.230726,7200,2.1884058,100,100,65.5,1.9594202,Very Low,78.7,4.8694644,100,1747062000,Very Low,1.7568214,5.513312,Very Low,2.798468,61.3,2.9130435,100,1747062000,2.4492753
2025-05-12T15:01:34Z,0,29.855,74.5,56,67.7,12,12,255,76,0.0,255,32767,0.0,2127-15-31,0.0,0.16,26.24,0.0,0.0,0.0,0,4.828125,6,84,05:49,20:11,2025-05-12 15:01:34.545610,Città della Scienza,55.3,5.549908,11.284344,2.1960268,3.8374455,EU EEA Common AQI,79.1,4.7968073,10.230726,7200,2.1884058,100,100,65.5,1.9594202,Very Low,78.7,4.8694644,100,1747062000,Very Low,1.7568214,5.513312,Very Low,2.798468,61.3,2.9130435,100,1747062000,2.4492753
2025-05-12T15:01:45Z,0,29.855,74.5,56,67.7,13,12,241,76,0.0,255,32767,0.0,2127-15-31,0.0,0.16,26.24,0.0,0.0,0.0,0,4.828125,6,84,05:49,20:11,2025-05-12 15:01:45.647560,Città della Scienza,55.3,5.549908,11.284344,2.1960268,3.8374455,EU EEA Common AQI,79.1,4.7968073,10.230726,7200,2.1884058,100,100,65.5,1.9594202,Very Low,78.7,4.8694644,100,1747062000,Very Low,1.7568214,5.513312,Very Low,2.798468,61.3,2.9130435,100,1747062000,2.4492753
2025-05-12T15:01:56Z,0,29.855,74.5,56,67.7,14,12,241,76,0.0,255,32767,0.0,2127-15-31,0.0,0.16,26.24,0.0,0.0,0.0,0,4.828125,6,84,05:49,20:11,2025-05-12 15:01:56.704597,Città della Scienza,55.3,5.549908,11.284344,2.1960268,3.8374455,EU EEA Common AQI,79.1,4.7968073,10.230726,7200,2.1884058,100,100,65.5,1.9594202,Very Low,78.7,4.8694644,100,1747062000,Very Low,1.7568214,5.513312,Very Low,2.798468,61.3,2.9130435,100,1747062000,2.4492753
2025-05-12T15:02:07Z,0,29.855,74.5,56,67.7,14,12,236,75,0.0,255,32767,0.0,2127-15-31,0.0,0.16,26.24,0.0,0.0,0.0,0,4.828125,6,84,05:49,20:11,2025-05-12 15:02:07.786597,Città della Scienza,55.3,5.549908,11.284344,2.1960268,3.8374455,EU EEA Common AQI,79.1,4.7968073,10.230726,7200,2.1884058,100,100,65.5,1.9594202,Very Low,78.7,4.8694644,100,1747062000,Very Low,1.7568214,5.513312,Very Low,2.798468,61.3,2.9130435,100,1747062000,2.4492753
2025-05-12T15:02:19Z,0,29.855,74.5,56,67.7,12,12,237,75,0.0,255,32767,0.0,2127-15-31,0.0,0.16,26.24,0.0,0.0,0.0,0,4.828125,6,84,05:49,20:11,2025-05-12 15:02:18.897589,Città della Scienza,55.3,5.549908,11.284344,2.1960268,3.8374455,EU EEA Common AQI,79.1,4.7968073,10.230726,7200,2.1884058,100,100,65.5,1.9594202,Very Low,78.7,4.8694644,100,1747062000,Very Low,1.7568214,5.513312,Very Low,2.798468,61.3,2.9130435,100,1747062000,2.4492753
2025-05-12T15:02:30Z,0,29.855,74.5,56,67.7,13,12,234,75,0.0,255,32767,0.0,2127-15-31,0.0,0.16,26.24,0.0,0.0,0.0,0,4.828125,6,84,05:49,20:11,2025-05-12 15:02:29.960596,Città della Scienza,55.3,5.549908,11.284344,2.1960268,3.8374455,EU EEA Common AQI,79.1,4.7968073,10.230726,7200,2.1884058,100,100,65.5,1.9594202,Very Low,78.7,4.8694644,100,1747062000,Very Low,1.7568214,5.513312,Very Low,2.798468,61.3,2.9130435,100,1747062000,2.4492753
2025-05-12T15:02:41Z,0,29.853,74.5,57,67.8,13,12,246,75,0.0,255,32767,0.0,2127-15-31,0.0,0.16,26.24,0.0,0.0,0.0,0,4.828125,6,84,05:49,20:11,2025-05-12 15:02:40.991601,Città della Scienza,55.3,5.549908,11.284344,2.1960268,3.8374455,EU EEA Common AQI,79.1,4.7968073,10.230726,7200,2.1884058,100,100,65.5,1.9594202,Very Low,78.7,4.8694644,100,1747062000,Very Low,1.7568214,5.513312,Very Low,2.798468,61.3,2.9130435,100,1747062000,2.4492753
2025-05-12T15:02:52Z,0,29.853,74.5,57,67.8,16,12,252,75,0.0,255,32767,0.0,2127-15-31,0.0,0.16,26.24,0.0,0.0,0.0,0,4.828125,6,84,05:49,20:11,2025-05-12 15:02:52.065590,Città della Scienza,55.3,5.549908,11.284344,2.1960268,3.8374455,EU EEA Common AQI,79.1,4.7968073,10.230726,7200,2.1884058,100,100,65.5,1.9594202,Very Low,78.7,4.8694644,100,1747062000,Very Low,1.7568214,5.513312,Very Low,2.798468,61.3,2.9130435,100,1747062000,2.4492753
2025-05-12T15:03:03Z,0,29.853,74.5,57,67.7,15,12,232,75,0.0,255,32767,0.0,2127-15-31,0.0,0.16,26.24,0.0,0.0,0.0,0,4.828125,6,84,05:49,20:11,2025-05-12 15:03:03.147591,Città della Scienza,55.3,5.549908,11.284344,2.1960268,3.8374455,EU EEA Common AQI,79.1,4.7968073,10.230726,7200,2.1884058,100,100,65.5,1.9594202,Very Low,78.7,4.8694644,100,1747062000,Very Low,1.7568214,5.513312,Very Low,2.798468,61.3,2.9130435,100,1747062000,2.4492753
2025-05-12T15:03:14Z,0,29.853,74.5,57,67.7,16,12,241,75,0.0,255,32767,0.0,2127-15-31,0.0,0.16,26.24,0.0,0.0,0.0,0,4.828125,6,84,05:49,20:11,2025-05-12 15:03:14.260595,Città della Scienza,55.3,5.549908,11.284344,2.1960268,3.8374455,EU EEA Common AQI,79.1,4.7968073,10.230726,7200,2.1884058,100,100,65.5,1.9594202,Very Low,78.7,4.8694644,100,1747062000,Very Low,1.7568214,5.513312,Very Low,2.798468,61.3,2.9130435,100,1747062000,2.4492753
2025-05-12T15:03:25Z,0,29.853,74.5,57,67.7,13,12,246,75,0.0,255,32767,0.0,2127-15-31,0.0,0.16,26.24,0.0,0.0,0.0,0,4.828125,6,84,05:49,20:11,2025-05-12 15:03:25.348591,Città della Scienza,55.3,5.549908,11.284344,2.1960268,3.8374455,EU EEA Common AQI,79.1,4.7968073,10.230726,7200,2.1884058,100,100,65.5,1.9594202,Very Low,78.7,4.8694644,100,1747062000,Very Low,1.7568214,5.513312,Very Low,2.798468,61.3,2.9130435,100,1747062000,2.4492753
2025-05-12T15:03:36Z,0,29.853,74.6,57,67.7,12,12,246,75,0.0,255,32767,0.0,2127-15-31,0.0,0.16,26.24,0.0,0.0,0.0,0,4.828125,6,84,05:49,20:11,2025-05-12 15:03:36.419598,Città della Scienza,55.3,5.549908,11.284344,2.1960268,3.8374455,EU EEA Common AQI,79.1,4.7968073,10.230726,7200,2.1884058,100,100,65.5,1.9594202,Very Low,78.7,4.8694644,100,1747062000,Very Low,1.7568214,5.513312,Very Low,2.798468,61.3,2.9130435,100,1747062000,2.4492753
2025-05-12T15:03:47Z,0,29.853,74.6,57,67.7,7,12,235,75,0.0,255,32767,0.0,2127-15-31,0.0,0.16,26.24,0.0,0.0,0.0,0,4.828125,6,84,05:49,20:11,2025-05-12 15:03:47.482601,Città della Scienza,55.3,5.549908,11.284344,2.1960268,3.8374455,EU EEA Common AQI,79.1,4.7968073,10.230726,7200,2.1884058,100,100,65.5,1.9594202,Very Low,78.7,4.8694644,100,1747062000,Very Low,1.7568214,5.513312,Very Low,2.798468,61.3,2.9130435,100,1747062000,2.4492753
2025-05-12T15:04:12Z,0,29.853,74.6,57,67.7,9,12,250,75,0.0,255,32767,0.0,2127-15-31,0.0,0.16,26.24,0.0,0.0,0.0,0,4.828125,6,84,05:49,20:11,2025-05-12 15:04:12.120600,Città della Scienza,55.3,5.549908,11.284344,2.1960268,3.8374455,EU EEA Common AQI,79.1,4.7968073,10.230726,7200,2.1884058,100,100,65.5,1.9594202,Very Low,78.7,4.8694644,100,1747062000,Very Low,1.7568214,5.513312,Very Low,2.798468,61.3,2.9130435,100,1747062000,2.4492753
2025-05-12T15:04:23Z,0,29.853,74.6,57,67.7,11,12,244,75,0.0,255,32767,0.0,2127-15-31,0.0,0.16,26.24,0.0,0.0,0.0,0,4.828125,6,84,05:49,20:11,2025-05-12 15:04:23.200598,Città della Scienza,55.3,5.549908,11.284344,2.1960268,3.8374455,EU EEA Common AQI,79.1,4.7968073,10.230726,7200,2.1884058,100,100,65.5,1.9594202,Very Low,78.7,4.8694644,100,1747062000,Very Low,1.7568214,5.513312,Very Low,2.798468,61.3,2.9130435,100,1747062000,2.4492753
2025-05-12T15:04:34Z,0,29.855,74.5,57,67.7,12,12,238,75,0.0,255,32767,0.0,2127-15-31,0.0,0.16,26.24,0.0,0.0,0.0,0,4.828125,6,84,05:49,20:11,2025-05-12 15:04:34.282554,Città della Scienza,55.3,5.549908,11.284344,2.1960268,3.8374455,EU EEA Common AQI,79.1,4.7968073,10.230726,7200,2.1884058,100,100,65.5,1.9594202,Very Low,78.7,4.8694644,100,1747062000,Very Low,1.7568214,5.513312,Very Low,2.798468,61.3,2.9130435,100,1747062000,2.4492753
2025-05-12T15:04:45Z,0,29.855,74.5,57,67.8,9,12,240,75,0.0,255,32767,0.0,2127-15-31,0.0,0.16,26.24,0.0,0.0,0.0,0,4.828125,6,84,05:49,20:11,2025-05-12 15:04:45.368598,Città della Scienza,55.3,5.549908,11.284344,2.1960268,3.8374455,EU EEA Common AQI,79.1,4.7968073,10.230726,7200,2.1884058,100,100,65.5,1.9594202,Very Low,78.7,4.8694644,100,1747062000,Very Low,1.7568214,5.513312,Very Low,2.798468,61.3,2.9130435,100,1747062000,2.4492753
2025-05-12T15:04:56Z,0,29.855,74.5,57,67.8,12,12,251,75,0.0,255,32767,0.0,2127-15-31,0.0,0.16,26.24,0.0,0.0,0.0,0,4.828125,6,84,05:49,20:11,2025-05-12 15:04:56.475609,Città della Scienza,55.3,5.549908,11.284344,2.1960268,3.8374455,EU EEA Common AQI,79.1,4.7968073,10.230726,7200,2.1884058,100,100,65.5,1.9594202,Very Low,78.7,4.8694644,100,1747062000,Very Low,1.7568214,5.513312,Very Low,2.798468,61.3,2.9130435,100,1747062000,2.4492753
2025-05-12T15:05:07Z,0,29.855,74.5,57,67.8,15,12,244,75,0.0,255,32767,0.0,2127-15-31,0.0,0.16,26.24,0.0,0.0,0.0,0,4.828125,6,84,05:49,20:11,2025-05-12 15:05:07.575598,Città della Scienza,55.3,5.549908,11.284344,2.1960268,3.8374455,EU EEA Common AQI,79.1,4.7968073,10.230726,7200,2.1884058,100,100,65.5,1.9594202,Very Low,78.7,4.8694644,100,1747062000,Very Low,1.7568214,5.513312,Very Low,2.798468,61.3,2.9130435,100,1747062000,2.4492753
2025-05-12T15:05:18Z,0,29.855,74.5,57,67.8,14,12,261,75,0.0,255,32767,0.0,2127-15-31,0.0,0.16,26.24,0.0,0.0,0.0,0,4.828125,6,84,05:49,20:11,2025-05-12 15:05:18.682592,Città della Scienza,55.3,5.549908,11.284344,2.1960268,3.8374455,EU EEA Common AQI,79.1,4.7968073,10.230726,7200,2.1884058,100,100,65.5,1.9594202,Very Low,78.7,4.8694644,100,1747062000,Very Low,1.7568214,5.513312,Very Low,2.798468,61.3,2.9130435,100,1747062000,2.4492753
2025-05-12T15:05:29Z,0,29.855,74.5,57,67.9,10,12,251,76,0.0,255,32767,0.0,2127-15-31,0.0,0.16,26.24,0.0,0.0,0.0,0,4.828125,6,84,05:49,20:11,2025-05-12 15:05:29.780596,Città della Scienza,55.3,5.549908,11.284344,2.1960268,3.8374455,EU EEA Common AQI,79.1,4.7968073,10.230726,7200,2.1884058,100,100,65.5,1.9594202,Very Low,78.7,4.8694644,100,1747062000,Very Low,1.7568214,5.513312,Very Low,2.798468,61.3,2.9130435,100,1747062000,2.4492753
2025-05-12T15:05:41Z,0,29.853,74.5,57,67.9,14,12,235,76,0.0,255,32767,0.0,2127-15-31,0.0,0.16,26.24,0.0,0.0,0.0,0,4.828125,6,84,05:49,20:11,2025-05-12 15:05:40.905588,Città della Scienza,55.3,5.549908,11.284344,2.1960268,3.8374455,EU EEA Common AQI,79.1,4.7968073,10.230726,7200,2.1884058,100,100,65.5,1.9594202,Very Low,78.7,4.8694644,100,1747062000,Very Low,1.7568214,5.513312,Very Low,2.798468,61.3,2.9130435,100,1747062000,2.4492753
2025-05-12T15:05:52Z,0,29.853,74.5,57,67.9,14,12,235,76,0.0,255,32767,0.0,2127-15-31,0.0,0.16,26.24,0.0,0.0,0.0,0,4.828125,6,84,05:49,20:11,2025-05-12 15:05:51.960594,Città della Scienza,55.3,5.549908,11.284344,2.1960268,3.8374455,EU EEA Common AQI,79.1,4.7968073,10.230726,7200,2.1884058,100,100,65.5,1.9594202,Very Low,78.7,4.8694644,100,1747062000,Very Low,1.7568214,5.513312,Very Low,2.798468,61.3,2.9130435,100,1747062000,2.4492753
2025-05-12T15:06:03Z,0,29.853,74.5,57,67.9,15,12,265,76,0.0,255,32767,0.0,2127-15-31,0.0,0.16,26.24,0.0,0.0,0.0,0,4.828125,6,84,05:49,20:11,2025-05-12 15:06:03.014596,Città della Scienza,55.3,5.549908,11.284344,2.1960268,3.8374455,EU EEA Common AQI,79.1,4.7968073,10.230726,7200,2.1884058,100,100,65.5,1.9594202,Very Low,78.7,4.8694644,100,1747062000,Very Low,1.7568214,5.513312,Very Low,2.798468,61.3,2.9130435,100,1747062000,2.4492753
2025-05-12T15:06:14Z,0,29.853,74.5,57,67.9,13,12,244,76,0.0,255,32767,0.0,2127-15-31,0.0,0.16,26.24,0.0,0.0,0.0,0,4.828125,6,84,05:49,20:11,2025-05-12 15:06:14.140584,Città della Scienza,55.3,5.549908,11.284344,2.1960268,3.8374455,EU EEA Common AQI,79.1,4.7968073,10.230726,7200,2.1884058,100,100,65.5,1.9594202,Very Low,78.7,4.8694644,100,1747062000,Very Low,1.7568214,5.513312,Very Low,2.798468,61.3,2.9130435,100,1747062000,2.4492753
2025-05-12T15:06:25Z,0,29.853,74.5,57,67.9,15,12,263,75,0.0,255,32767,0.0,2127-15-31,0.0,0.16,26.24,0.0,0.0,0.0,0,4.828125,6,84,05:49,20:11,2025-05-12 15:06:25.168603,Città della Scienza,55.3,5.549908,11.284344,2.1960268,3.8374455,EU EEA Common AQI,79.1,4.7968073,10.230726,7200,2.1884058,100,100,65.5,1.9594202,Very Low,78.7,4.8694644,100,1747062000,Very Low,1.7568214,5.513312,Very Low,2.798468,61.3,2.9130435,100,1747062000,2.4492753
2025-05-12T15:06:36Z,0,29.853,74.6,57,67.9,15,12,244,75,0.0,255,32767,0.0,2127-15-31,0.0,0.16,26.24,0.0,0.0,0.0,0,4.828125,6,84,05:49,20:11,2025-05-12 15:06:36.263591,Città della Scienza,55.3,5.549908,11.284344,2.1960268,3.8374455,EU EEA Common AQI,79.1,4.7968073,10.230726,7200,2.1884058,100,100,65.5,1.9594202,Very Low,78.7,4.8694644,100,1747062000,Very Low,1.7568214,5.513312,Very Low,2.798468,61.3,2.9130435,100,1747062000,2.4492753
2025-05-12T15:06:47Z,0,29.853,74.6,57,67.9,12,12,251,75,0.0,255,32767,0.0,2127-15-31,0.0,0.16,26.24,0.0,0.0,0.0,0,4.828125,6,84,05:49,20:11,2025-05-12 15:06:47.357586,Città della Scienza,55.3,5.549908,11.284344,2.1960268,3.8374455,EU EEA Common AQI,79.1,4.7968073,10.230726,7200,2.1884058,100,100,65.5,1.9594202,Very Low,78.7,4.8694644,100,1747062000,Very Low,1.7568214,5.513312,Very Low,2.798468,61.3,2.9130435,100,1747062000,2.4492753
2025-05-12T15:06:58Z,0,29.853,74.6,57,67.9,11,12,251,75,0.0,255,32767,0.0,2127-15-31,0.0,0.16,26.24,0.0,0.0,0.0,0,4.828125,6,84,05:49,20:11,2025-05-12 15:06:58.444594,Città della Scienza,55.3,5.549908,11.284344,2.1960268,3.8374455,EU EEA Common AQI,79.1,4.7968073,10.230726,7200,2.1884058,100,100,65.5,1.9594202,Very Low,78.7,4.8694644,100,1747062000,Very Low,1.7568214,5.513312,Very Low,2.798468,61.3,2.9130435,100,1747062000,2.4492753
2025-05-12T15:07:09Z,0,29.853,74.6,57,67.9,10,12,281,75,0.0,255,32767,0.0,2127-15-31,0.0,0.16,26.24,0.0,0.0,0.0,0,4.828125,6,84,05:49,20:11,2025-05-12 15:07:09.490602,Città della Scienza,55.3,5.549908,11.284344,2.1960268,3.8374455,EU EEA Common AQI,79.1,4.7968073,10.230726,7200,2.1884058,100,100,65.5,1.9594202,Very Low,78.7,4.8694644,100,1747062000,Very Low,1.7568214,5.513312,Very Low,2.798468,61.3,2.9130435,100,1747062000,2.4492753
2025-05-12T15:07:20Z,0,29.853,74.6,57,67.8,8,12,264,75,0.0,255,32767,0.0,2127-15-31,0.0,0.16,26.24,0.0,0.0,0.0,0,4.828125,6,84,05:49,20:11,2025-05-12 15:07:20.611594,Città della Scienza,55.3,5.549908,11.284344,2.1960268,3.8374455,EU EEA Common AQI,79.1,4.7968073,10.230726,7200,2.1884058,100,100,65.5,1.9594202,Very Low,78.7,4.8694644,100,1747062000,Very Low,1.7568214,5.513312,Very Low,2.798468,61.3,2.9130435,100,1747062000,2.4492753
2025-05-12T15:07:31Z,0,29.853,74.6,57,67.9,13,12,256,75,0.0,255,32767,0.0,2127-15-31,0.0,0.16,26.24,0.0,0.0,0.0,0,4.828125,6,84,05:49,20:11,2025-05-12 15:07:31.688607,Città della Scienza,55.3,5.549908,11.284344,2.1960268,3.8374455,EU EEA Common AQI,79.1,4.7968073,10.230726,7200,2.1884058,100,100,65.5,1.9594202,Very Low,78.7,4.8694644,100,1747062000,Very Low,1.7568214,5.513312,Very Low,2.798468,61.3,2.9130435,100,1747062000,2.4492753
2025-05-12T15:07:42Z,0,29.855,74.6,57,67.9,11,12,252,75,0.0,255,32767,0.0,2127-15-31,0.0,0.16,26.24,0.0,0.0,0.0,0,4.828125,6,84,05:49,20:11,2025-05-12 15:07:42.777567,Città della Scienza,55.3,5.549908,11.284344,2.1960268,3.8374455,EU EEA Common AQI,79.1,4.7968073,10.230726,7200,2.1884058,100,100,65.5,1.9594202,Very Low,78.7,4.8694644,100,1747062000,Very Low,1.7568214,5.513312,Very Low,2.798468,61.3,2.9130435,100,1747062000,2.4492753
2025-05-12T15:07:54Z,0,29.855,74.6,57,67.9,12,12,232,75,0.0,255,32767,0.0,2127-15-31,0.0,0.16,26.24,0.0,0.0,0.0,0,4.828125,6,84,05:49,20:11,2025-05-12 15:07:53.887606,Città della Scienza,55.3,5.549908,11.284344,2.1960268,3.8374455,EU EEA Common AQI,79.1,4.7968073,10.230726,7200,2.1884058,100,100,65.5,1.9594202,Very Low,78.7,4.8694644,100,1747062000,Very Low,1.7568214,5.513312,Very Low,2.798468,61.3,2.9130435,100,1747062000,2.4492753
2025-05-12T15:08:05Z,0,29.855,74.6,57,67.9,13,12,249,75,0.0,255,32767,0.0,2127-15-31,0.0,0.16,26.24,0.0,0.0,0.0,0,4.828125,6,84,05:49,20:11,2025-05-12 15:08:04.990588,Città della Scienza,55.3,5.549908,11.284344,2.1960268,3.8374455,EU EEA Common AQI,79.1,4.7968073,10.230726,7200,2.1884058,100,100,65.5,1.9594202,Very Low,78.7,4.8694644,100,1747062000,Very Low,1.7568214,5.513312,Very Low,2.798468,61.3,2.9130435,100,1747062000,2.4492753
2025-05-12T15:08:16Z,0,29.855,74.6,57,67.9,14,12,248,75,0.0,255,32767,0.0,2127-15-31,0.0,0.16,26.24,0.0,0.0,0.0,0,4.828125,6,84,05:49,20:11,2025-05-12 15:08:16.084597,Città della Scienza,55.3,5.549908,11.284344,2.1960268,3.8374455,EU EEA Common AQI,79.1,4.7968073,10.230726,7200,2.1884058,100,100,65.5,1.9594202,Very Low,78.7,4.8694644,100,1747062000,Very Low,1.7568214,5.513312,Very Low,2.798468,61.3,2.9130435,100,1747062000,2.4492753
2025-05-12T15:08:27Z,0,29.855,74.6,57,67.9,14,12,242,75,0.0,255,32767,0.0,2127-15-31,0.0,0.16,26.24,0.0,0.0,0.0,0,4.828125,6,84,05:49,20:11,2025-05-12 15:08:27.207591,Città della Scienza,55.3,5.549908,11.284344,2.1960268,3.8374455,EU EEA Common AQI,79.1,4.7968073,10.230726,7200,2.1884058,100,100,65.5,1.9594202,Very Low,78.7,4.8694644,100,1747062000,Very Low,1.7568214,5.513312,Very Low,2.798468,61.3,2.9130435,100,1747062000,2.4492753
2025-05-12T15:08:38Z,0,29.853,74.5,57,67.9,16,12,237,75,0.0,255,32767,0.0,2127-15-31,0.0,0.16,26.24,0.0,0.0,0.0,0,4.828125,6,84,05:49,20:11,2025-05-12 15:08:38.311590,Città della Scienza,55.3,5.549908,11.284344,2.1960268,3.8374455,EU EEA Common AQI,79.1,4.7968073,10.230726,7200,2.1884058,100,100,65.5,1.9594202,Very Low,78.7,4.8694644,100,1747062000,Very Low,1.7568214,5.513312,Very Low,2.798468,61.3,2.9130435,100,1747062000,2.4492753
2025-05-12T15:08:49Z,0,29.853,74.5,57,67.9,17,12,246,75,0.0,255,32767,0.0,2127-15-31,0.0,0.16,26.24,0.0,0.0,0.0,0,4.828125,6,84,05:49,20:11,2025-05-12 15:08:49.355597,Città della Scienza,55.3,5.549908,11.284344,2.1960268,3.8374455,EU EEA Common AQI,79.1,4.7968073,10.230726,7200,2.1884058,100,100,65.5,1.9594202,Very Low,78.7,4.8694644,100,1747062000,Very Low,1.7568214,5.513312,Very Low,2.798468,61.3,2.9130435,100,1747062000,2.4492753
2025-05-12T15:09:00Z,0,29.853,74.5,57,67.9,16,12,240,75,0.0,255,32767,0.0,2127-15-31,0.0,0.16,26.24,0.0,0.0,0.0,0,4.828125,6,84,05:49,20:11,2025-05-12 15:09:00.412763,Città della Scienza,55.3,5.549908,11.284344,2.1960268,3.8374455,EU EEA Common AQI,79.1,4.7968073,10.230726,7200,2.1884058,100,100,65.5,1.9594202,Very Low,78.7,4.8694644,100,1747062000,Very Low,1.7568214,5.513312,Very Low,2.798468,61.3,2.9130435,100,1747062000,2.4492753
2025-05-12T15:09:11Z,0,29.853,74.5,57,67.8,14,12,246,75,0.0,255,32767,0.0,2127-15-31,0.0,0.16,26.24,0.0,0.0,0.0,0,4.828125,6,84,05:49,20:11,2025-05-12 15:09:11.493608,Città della Scienza,55.3,5.549908,11.284344,2.1960268,3.8374455,EU EEA Common AQI,79.1,4.7968073,10.230726,7200,2.1884058,100,100,65.5,1.9594202,Very Low,78.7,4.8694644,100,1747062000,Very Low,1.7568214,5.513312,Very Low,2.798468,61.3,2.9130435,100,1747062000,2.4492753
2025-05-12T15:09:22Z,0,29.853,74.5,57,67.8,11,12,249,75,0.0,255,32767,0.0,2127-15-31,0.0,0.16,26.24,0.0,0.0,0.0,0,4.828125,6,84,05:49,20:11,2025-05-12 15:09:22.594614,Città della Scienza,55.3,5.549908,11.284344,2.1960268,3.8374455,EU EEA Common AQI,79.1,4.7968073,10.230726,7200,2.1884058,100,100,65.5,1.9594202,Very Low,78.7,4.8694644,100,1747062000,Very Low,1.7568214,5.513312,Very Low,2.798468,61.3,2.9130435,100,1747062000,2.4492753
2025-05-12T15:09:33Z,0,29.854,74.5,57,67.8,10,13,227,75,0.0,255,32767,0.0,2127-15-31,0.0,0.16,26.24,0.0,0.0,0.0,0,4.828125,6,84,05:49,20:11,2025-05-12 15:09:33.671600,Città della Scienza,55.3,5.549908,11.284344,2.1960268,3.8374455,EU EEA Common AQI,79.1,4.7968073,10.230726,7200,2.1884058,100,100,65.5,1.9594202,Very Low,78.7,4.8694644,100,1747062000,Very Low,1.7568214,5.513312,Very Low,2.798468,61.3,2.9130435,100,1747062000,2.4492753
2025-05-12T15:09:44Z,0,29.854,74.5,57,67.8,15,13,260,75,0.0,255,32767,0.0,2127-15-31,0.0,0.16,26.24,0.0,0.0,0.0,0,4.828125,6,84,05:49,20:11,2025-05-12 15:09:44.735581,Città della Scienza,55.3,5.549908,11.284344,2.1960268,3.8374455,EU EEA Common AQI,79.1,4.7968073,10.230726,7200,2.1884058,100,100,65.5,1.9594202,Very Low,78.7,4.8694644,100,1747062000,Very Low,1.7568214,5.513312,Very Low,2.798468,61.3,2.9130435,100,1747062000,2.4492753
2025-05-12T15:09:56Z,0,29.854,74.5,57,67.8,16,13,236,76,0.0,255,32767,0.0,2127-15-31,0.0,0.16,26.24,0.0,0.0,0.0,0,4.828125,6,84,05:49,20:11,2025-05-12 15:09:55.808603,Città della Scienza,55.3,5.549908,11.284344,2.1960268,3.8374455,EU EEA Common AQI,79.1,4.7968073,10.230726,7200,2.1884058,100,100,65.5,1.9594202,Very Low,78.7,4.8694644,100,1747062000,Very Low,1.7568214,5.513312,Very Low,2.798468,61.3,2.9130435,100,1747062000,2.4492753
2025-05-12T15:10:07Z,0,29.854,74.5,57,67.8,14,13,252,76,0.0,255,32767,0.0,2127-15-31,0.0,0.16,26.24,0.0,0.0,0.0,0,4.828125,6,84,05:49,20:11,2025-05-12 15:10:06.947601,Città della Scienza,55.3,5.549908,11.284344,2.1960268,3.8374455,EU EEA Common AQI,79.1,4.7968073,10.230726,7200,2.1884058,100,100,65.5,1.9594202,Very Low,78.7,4.8694644,100,1747062000,Very Low,1.7568214,5.513312,Very Low,2.798468,61.3,2.9130435,100,1747062000,2.4492753
2025-05-12T15:10:18Z,0,29.854,74.5,57,67.8,14,13,229,76,0.0,255,32767,0.0,2127-15-31,0.0,0.16,26.24,0.0,0.0,0.0,0,4.828125,6,84,05:49,20:11,2025-05-12 15:10:18.044595,Città della Scienza,55.3,5.549908,11.284344,2.1960268,3.8374455,EU EEA Common AQI,79.1,4.7968073,10.230726,7200,2.1884058,100,100,65.5,1.9594202,Very Low,78.7,4.8694644,100,1747062000,Very Low,1.7568214,5.513312,Very Low,2.798468,61.3,2.9130435,100,1747062000,2.4492753
2025-05-12T15:10:29Z,0,29.854,74.5,57,67.7,16,13,244,76,0.0,255,32767,0.0,2127-15-31,0.0,0.16,26.24,0.0,0.0,0.0,0,4.828125,6,84,05:49,20:11,2025-05-12 15:10:29.122568,Città della Scienza,55.3,5.549908,11.284344,2.1960268,3.8374455,EU EEA Common AQI,79.1,4.7968073,10.230726,7200,2.1884058,100,100,65.5,1.9594202,Very Low,78.7,4.8694644,100,1747062000,Very Low,1.7568214,5.513312,Very Low,2.798468,61.3,2.9130435,100,1747062000,2.4492753
2025-05-12T15:10:40Z,0,29.855,74.5,57,67.7,16,13,246,76,0.0,255,32767,0.0,2127-15-31,0.0,0.16,26.24,0.0,0.0,0.0,0,4.828125,6,84,05:49,20:11,2025-05-12 15:10:40.227611,Città della Scienza,55.3,5.549908,11.284344,2.1960268,3.8374455,EU EEA Common AQI,79.1,4.7968073,10.230726,7200,2.1884058,100,100,65.5,1.9594202,Very Low,78.7,4.8694644,100,1747062000,Very Low,1.7568214,5.513312,Very Low,2.798468,61.3,2.9130435,100,1747062000,2.4492753
2025-05-12T15:10:51Z,0,29.855,74.5,57,67.7,13,13,235,76,0.0,255,32767,0.0,2127-15-31,0.0,0.16,26.24,0.0,0.0,0.0,0,4.828125,6,84,05:49,20:11,2025-05-12 15:10:51.302592,Città della Scienza,55.3,5.549908,11.284344,2.1960268,3.8374455,EU EEA Common AQI,79.1,4.7968073,10.230726,7200,2.1884058,100,100,65.5,1.9594202,Very Low,78.7,4.8694644,100,1747062000,Very Low,1.7568214,5.513312,Very Low,2.798468,61.3,2.9130435,100,1747062000,2.4492753
2025-05-12T15:11:02Z,0,29.855,74.5,57,67.7,12,13,242,76,0.0,255,32767,0.0,2127-15-31,0.0,0.16,26.24,0.0,0.0,0.0,0,4.828125,6,84,05:49,20:11,2025-05-12 15:11:02.376600,Città della Scienza,55.3,5.549908,11.284344,2.1960268,3.8374455,EU EEA Common AQI,79.1,4.7968073,10.230726,7200,2.1884058,100,100,65.5,1.9594202,Very Low,78.7,4.8694644,100,1747062000,Very Low,1.7568214,5.513312,Very Low,2.798468,61.3,2.9130435,100,1747062000,2.4492753
2025-05-12T15:11:13Z,0,29.855,74.5,57,67.6,14,13,265,76,0.0,255,32767,0.0,2127-15-31,0.0,0.16,26.24,0.0,0.0,0.0,0,4.828125,6,84,05:49,20:11,2025-05-12 15:11:13.483559,Città della Scienza,55.3,5.549908,11.284344,2.1960268,3.8374455,EU EEA Common AQI,79.1,4.7968073,10.230726,7200,2.1884058,100,100,65.5,1.9594202,Very Low,78.7,4.8694644,100,1747062000,Very Low,1.7568214,5.513312,Very Low,2.798468,61.3,2.9130435,100,1747062000,2.4492753
2025-05-12T15:11:24Z,0,29.855,74.5,57,67.6,15,13,256,76,0.0,255,32767,0.0,2127-15-31,0.0,0.16,26.24,0.0,0.0,0.0,0,4.828125,6,84,05:49,20:11,2025-05-12 15:11:24.587612,Città della Scienza,55.3,5.549908,11.284344,2.1960268,3.8374455,EU EEA Common AQI,79.1,4.7968073,10.230726,7200,2.1884058,100,100,65.5,1.9594202,Very Low,78.7,4.8694644,100,1747062000,Very Low,1.7568214,5.513312,Very Low,2.798468,61.3,2.9130435,100,1747062000,2.4492753
2025-05-12T15:11:35Z,0,29.854,74.5,57,67.6,12,13,251,76,0.0,255,32767,0.0,2127-15-31,0.0,0.16,26.24,0.0,0.0,0.0,0,4.828125,6,84,05:49,20:11,2025-05-12 15:11:35.696559,Città della Scienza,55.3,5.549908,11.284344,2.1960268,3.8374455,EU EEA Common AQI,79.1,4.7968073,10.230726,7200,2.1884058,100,100,65.5,1.9594202,Very Low,78.7,4.8694644,100,1747062000,Very Low,1.7568214,5.513312,Very Low,2.798468,61.3,2.9130435,100,1747062000,2.4492753
2025-05-12T15:11:46Z,0,29.854,74.5,57,67.6,13,13,244,76,0.0,255,32767,0.0,2127-15-31,0.0,0.16,26.24,0.0,0.0,0.0,0,4.828125,6,84,05:49,20:11,2025-05-12 15:11:46.761595,Città della Scienza,55.3,5.549908,11.284344,2.1960268,3.8374455,EU EEA Common AQI,79.1,4.7968073,10.230726,7200,2.1884058,100,100,65.5,1.9594202,Very Low,78.7,4.8694644,100,1747062000,Very Low,1.7568214,5.513312,Very Low,2.798468,61.3,2.9130435,100,1747062000,2.4492753
2025-05-12T15:11:58Z,0,29.854,74.5,57,67.6,12,13,229,76,0.0,255,32767,0.0,2127-15-31,0.0,0.16,26.24,0.0,0.0,0.0,0,4.828125,6,84,05:49,20:11,2025-05-12 15:11:57.814616,Città della Scienza,55.3,5.549908,11.284344,2.1960268,3.8374455,EU EEA Common AQI,79.1,4.7968073,10.230726,7200,2.1884058,100,100,65.5,1.9594202,Very Low,78.7,4.8694644,100,1747062000,Very Low,1.7568214,5.513312,Very Low,2.798468,61.3,2.9130435,100,1747062000,2.4492753
2025-05-12T15:12:09Z,0,29.854,74.5,57,67.6,14,13,231,76,0.0,255,32767,0.0,2127-15-31,0.0,0.16,26.24,0.0,0.0,0.0,0,4.828125,6,84,05:49,20:11,2025-05-12 15:12:08.885602,Città della Scienza,55.3,5.549908,11.284344,2.1960268,3.8374455,EU EEA Common AQI,79.1,4.7968073,10.230726,7200,2.1884058,100,100,65.5,1.9594202,Very Low,78.7,4.8694644,100,1747062000,Very Low,1.7568214,5.513312,Very Low,2.798468,61.3,2.9130435,100,1747062000,2.4492753
2025-05-12T15:12:20Z,0,29.854,74.5,57,67.6,17,13,240,76,0.0,255,32767,0.0,2127-15-31,0.0,0.16,26.24,0.0,0.0,0.0,0,4.828125,6,84,05:49,20:11,2025-05-12 15:12:19.913383,Città della Scienza,55.3,5.549908,11.284344,2.1960268,3.8374455,EU EEA Common AQI,79.1,4.7968073,10.230726,7200,2.1884058,100,100,65.5,1.9594202,Very Low,78.7,4.8694644,100,1747062000,Very Low,1.7568214,5.513312,Very Low,2.798468,61.3,2.9130435,100,1747062000,2.4492753
2025-05-12T15:12:31Z,0,29.854,74.5,57,67.6,11,13,245,76,0.0,255,32767,0.0,2127-15-31,0.0,0.16,26.24,0.0,0.0,0.0,0,4.828125,6,84,05:49,20:11,2025-05-12 15:12:30.968590,Città della Scienza,55.3,5.549908,11.284344,2.1960268,3.8374455,EU EEA Common AQI,79.1,4.7968073,10.230726,7200,2.1884058,100,100,65.5,1.9594202,Very Low,78.7,4.8694644,100,1747062000,Very Low,1.7568214,5.513312,Very Low,2.798468,61.3,2.9130435,100,1747062000,2.4492753
2025-05-12T15:12:42Z,0,29.855,74.5,57,67.6,10,13,244,76,0.0,255,32767,0.0,2127-15-31,0.0,0.16,26.24,0.0,0.0,0.0,0,4.828125,6,84,05:49,20:11,2025-05-12 15:12:42.057553,Città della Scienza,55.3,5.549908,11.284344,2.1960268,3.8374455,EU EEA Common AQI,79.1,4.7968073,10.230726,7200,2.1884058,100,100,65.5,1.9594202,Very Low,78.7,4.8694644,100,1747062000,Very Low,1.7568214,5.513312,Very Low,2.798468,61.3,2.9130435,100,1747062000,2.4492753
2025-05-12T15:12:53Z,0,29.855,74.5,57,67.6,11,13,249,76,0.0,255,32767,0.0,2127-15-31,0.0,0.16,26.24,0.0,0.0,0.0,0,4.828125,6,84,05:49,20:11,2025-05-12 15:12:53.159598,Città della Scienza,55.3,5.549908,11.284344,2.1960268,3.8374455,EU EEA Common AQI,79.1,4.7968073,10.230726,7200,2.1884058,100,100,65.5,1.9594202,Very Low,78.7,4.8694644,100,1747062000,Very Low,1.7568214,5.513312,Very Low,2.798468,61.3,2.9130435,100,1747062000,2.4492753
2025-05-12T15:13:04Z,0,29.855,74.5,57,67.6,13,13,237,76,0.0,255,32767,0.0,2127-15-31,0.0,0.16,26.24,0.0,0.0,0.0,0,4.828125,6,84,05:49,20:11,2025-05-12 15:13:04.244602,Città della Scienza,55.3,5.549908,11.284344,2.1960268,3.8374455,EU EEA Common AQI,79.1,4.7968073,10.230726,7200,2.1884058,100,100,65.5,1.9594202,Very Low,78.7,4.8694644,100,1747062000,Very Low,1.7568214,5.513312,Very Low,2.798468,61.3,2.9130435,100,1747062000,2.4492753
2025-05-12T15:13:15Z,0,29.855,74.5,57,67.6,12,13,241,76,0.0,255,32767,0.0,2127-15-31,0.0,0.16,26.24,0.0,0.0,0.0,0,4.828125,6,84,05:49,20:11,2025-05-12 15:13:15.338588,Città della Scienza,55.3,5.549908,11.284344,2.1960268,3.8374455,EU EEA Common AQI,79.1,4.7968073,10.230726,7200,2.1884058,100,100,65.5,1.9594202,Very Low,78.7,4.8694644,100,1747062000,Very Low,1.7568214,5.513312,Very Low,2.798468,61.3,2.9130435,100,1747062000,2.4492753
2025-05-12T15:13:26Z,0,29.855,74.5,57,67.6,13,13,217,76,0.0,255,32767,0.0,2127-15-31,0.0,0.16,26.24,0.0,0.0,0.0,0,4.828125,6,84,05:49,20:11,2025-05-12 15:13:26.442602,Città della Scienza,55.3,5.549908,11.284344,2.1960268,3.8374455,EU EEA Common AQI,79.1,4.7968073,10.230726,7200,2.1884058,100,100,65.5,1.9594202,Very Low,78.7,4.8694644,100,1747062000,Very Low,1.7568214,5.513312,Very Low,2.798468,61.3,2.9130435,100,1747062000,2.4492753
2025-05-12T15:13:37Z,0,29.855,74.5,57,67.6,14,13,244,76,0.0,255,32767,0.0,2127-15-31,0.0,0.16,26.24,0.0,0.0,0.0,0,4.828125,6,84,05:49,20:11,2025-05-12 15:13:37.500587,Città della Scienza,55.3,5.549908,11.284344,2.1960268,3.8374455,EU EEA Common AQI,79.1,4.7968073,10.230726,7200,2.1884058,100,100,65.5,1.9594202,Very Low,78.7,4.8694644,100,1747062000,Very Low,1.7568214,5.513312,Very Low,2.798468,61.3,2.9130435,100,1747062000,2.4492753
2025-05-12T15:13:48Z,0,29.855,74.5,57,67.6,16,13,238,76,0.0,255,32767,0.0,2127-15-31,0.0,0.16,26.24,0.0,0.0,0.0,0,4.828125,6,84,05:49,20:11,2025-05-12 15:13:48.636602,Città della Scienza,55.3,5.549908,11.284344,2.1960268,3.8374455,EU EEA Common AQI,79.1,4.7968073,10.230726,7200,2.1884058,100,100,65.5,1.9594202,Very Low,78.7,4.8694644,100,1747062000,Very Low,1.7568214,5.513312,Very Low,2.798468,61.3,2.9130435,100,1747062000,2.4492753
2025-05-12T15:13:59Z,0,29.855,74.5,57,67.6,11,13,266,76,0.0,255,32767,0.0,2127-15-31,0.0,0.16,26.24,0.0,0.0,0.0,0,4.828125,6,84,05:49,20:11,2025-05-12 15:13:59.738604,Città della Scienza,55.3,5.549908,11.284344,2.1960268,3.8374455,EU EEA Common AQI,79.1,4.7968073,10.230726,7200,2.1884058,100,100,65.5,1.9594202,Very Low,78.7,4.8694644,100,1747062000,Very Low,1.7568214,5.513312,Very Low,2.798468,61.3,2.9130435,100,1747062000,2.4492753
2025-05-12T15:14:11Z,0,29.855,74.5,57,67.6,14,13,242,76,0.0,255,32767,0.0,2127-15-31,0.0,0.16,26.24,0.0,0.0,0.0,0,4.828125,6,84,05:49,20:11,2025-05-12 15:14:10.829600,Città della Scienza,55.3,5.549908,11.284344,2.1960268,3.8374455,EU EEA Common AQI,79.1,4.7968073,10.230726,7200,2.1884058,100,100,65.5,1.9594202,Very Low,78.7,4.8694644,100,1747062000,Very Low,1.7568214,5.513312,Very Low,2.798468,61.3,2.9130435,100,1747062000,2.4492753
2025-05-12T15:14:22Z,0,29.855,74.5,57,67.6,11,13,252,75,0.0,255,32767,0.0,2127-15-31,0.0,0.16,26.24,0.0,0.0,0.0,0,4.828125,6,84,05:49,20:11,2025-05-12 15:14:21.914602,Città della Scienza,55.3,5.549908,11.284344,2.1960268,3.8374455,EU EEA Common AQI,79.1,4.7968073,10.230726,7200,2.1884058,100,100,65.5,1.9594202,Very Low,78.7,4.8694644,100,1747062000,Very Low,1.7568214,5.513312,Very Low,2.798468,61.3,2.9130435,100,1747062000,2.4492753
2025-05-12T15:14:33Z,0,29.855,74.5,57,67.6,12,13,241,75,0.0,255,32767,0.0,2127-15-31,0.0,0.16,26.24,0.0,0.0,0.0,0,4.828125,6,84,05:49,20:11,2025-05-12 15:14:33.012594,Città della Scienza,55.3,5.549908,11.284344,2.1960268,3.8374455,EU EEA Common AQI,79.1,4.7968073,10.230726,7200,2.1884058,100,100,65.5,1.9594202,Very Low,78.7,4.8694644,100,1747062000,Very Low,1.7568214,5.513312,Very Low,2.798468,61.3,2.9130435,100,1747062000,2.4492753
2025-05-12T15:14:44Z,0,29.854,74.5,57,67.5,14,13,239,75,0.0,255,32767,0.0,2127-15-31,0.0,0.16,26.24,0.0,0.0,0.0,0,4.828125,6,84,05:49,20:11,2025-05-12 15:14:44.072590,Città della Scienza,55.3,5.549908,11.284344,2.1960268,3.8374455,EU EEA Common AQI,79.1,4.7968073,10.230726,7200,2.1884058,100,100,65.5,1.9594202,Very Low,78.7,4.8694644,100,1747062000,Very Low,1.7568214,5.513312,Very Low,2.798468,61.3,2.9130435,100,1747062000,2.4492753
2025-05-12T15:14:55Z,0,29.854,74.5,57,67.6,11,13,240,75,0.0,255,32767,0.0,2127-15-31,0.0,0.16,26.24,0.0,0.0,0.0,0,4.828125,6,84,05:49,20:11,2025-05-12 15:14:55.165591,Città della Scienza,55.3,5.549908,11.284344,2.1960268,3.8374455,EU EEA Common AQI,79.1,4.7968073,10.230726,7200,2.1884058,100,100,65.5,1.9594202,Very Low,78.7,4.8694644,100,1747062000,Very Low,1.7568214,5.513312,Very Low,2.798468,61.3,2.9130435,100,1747062000,2.4492753
2025-05-12T15:15:06Z,0,29.854,74.5,57,67.6,14,13,237,76,0.0,255,32767,0.0,2127-15-31,0.0,0.16,26.24,0.0,0.0,0.0,0,4.828125,6,84,05:49,20:11,2025-05-12 15:15:06.280607,Città della Scienza,55.3,5.549908,11.284344,2.1960268,3.8374455,EU EEA Common AQI,79.1,4.7968073,10.230726,7200,2.1884058,100,100,65.5,1.9594202,Very Low,78.7,4.8694644,100,1747062000,Very Low,1.7568214,5.513312,Very Low,2.798468,61.3,2.9130435,100,1747062000,2.4492753
2025-05-12T15:15:17Z,0,29.854,74.5,57,67.6,12,13,252,76,0.0,255,32767,0.0,2127-15-31,0.0,0.16,26.24,0.0,0.0,0.0,0,4.828125,6,84,05:49,20:11,2025-05-12 15:15:17.343583,Città della Scienza,55.3,5.549908,11.284344,2.1960268,3.8374455,EU EEA Common AQI,79.1,4.7968073,10.230726,7200,2.1884058,100,100,65.5,1.9594202,Very Low,78.7,4.8694644,100,1747062000,Very Low,1.7568214,5.513312,Very Low,2.798468,61.3,2.9130435,100,1747062000,2.4492753
2025-05-12T15:15:28Z,0,29.854,74.5,57,67.6,11,13,244,76,0.0,255,32767,0.0,2127-15-31,0.0,0.16,26.24,0.0,0.0,0.0,0,4.828125,6,84,05:49,20:11,2025-05-12 15:15:28.413592,Città della Scienza,54.9,4.9167795,11.268479,2.0957396,3.4740682,EU EEA Common AQI,79.1,4.3425856,10.215741,7200,0.4857143,100,100,65.4,0.3885714,Very Low,78.7,4.256124,100,1747062900,Very Low,1.6765916,5.037331,Very Low,2.6704164,61.1,0.62857145,100,1747062900,0.4857143
2025-05-12T15:15:39Z,0,29.857,74.5,57,67.6,8,13,238,76,0.0,255,32767,0.0,2127-15-31,0.0,0.16,26.24,0.0,0.0,0.0,0,4.828125,6,84,05:49,20:11,2025-05-12 15:15:39.547555,Città della Scienza,54.9,4.9167795,11.268479,2.0957396,3.4740682,EU EEA Common AQI,79.1,4.3425856,10.215741,7200,0.4857143,100,100,65.4,0.3885714,Very Low,78.7,4.256124,100,1747062900,Very Low,1.6765916,5.037331,Very Low,2.6704164,61.1,0.62857145,100,1747062900,0.4857143
2025-05-12T15:15:50Z,0,29.857,74.5,57,67.6,13,13,239,76,0.0,255,32767,0.0,2127-15-31,0.0,0.16,26.24,0.0,0.0,0.0,0,4.828125,6,84,05:49,20:11,2025-05-12 15:15:50.641603,Città della Scienza,54.9,4.9167795,11.268479,2.0957396,3.4740682,EU EEA Common AQI,79.1,4.3425856,10.215741,7200,0.4857143,100,100,65.4,0.3885714,Very Low,78.7,4.256124,100,1747062900,Very Low,1.6765916,5.037331,Very Low,2.6704164,61.1,0.62857145,100,1747062900,0.4857143
2025-05-12T15:16:01Z,0,29.857,74.5,57,67.6,9,13,239,76,0.0,255,32767,0.0,2127-15-31,0.0,0.16,26.24,0.0,0.0,0.0,0,4.828125,6,84,05:49,20:11,2025-05-12 15:16:01.685599,Città della Scienza,54.9,4.9167795,11.268479,2.0957396,3.4740682,EU EEA Common AQI,79.1,4.3425856,10.215741,7200,0.4857143,100,100,65.4,0.3885714,Very Low,78.7,4.256124,100,1747062900,Very Low,1.6765916,5.037331,Very Low,2.6704164,61.1,0.62857145,100,1747062900,0.4857143
2025-05-12T15:16:12Z,0,29.857,74.5,57,67.7,14,13,250,76,0.0,255,32767,0.0,2127-15-31,0.0,0.16,26.24,0.0,0.0,0.0,0,4.828125,6,84,05:49,20:11,2025-05-12 15:16:12.798594,Città della Scienza,54.9,4.9167795,11.268479,2.0957396,3.4740682,EU EEA Common AQI,79.1,4.3425856,10.215741,7200,0.4857143,100,100,65.4,0.3885714,Very Low,78.7,4.256124,100,1747062900,Very Low,1.6765916,5.037331,Very Low,2.6704164,61.1,0.62857145,100,1747062900,0.4857143
2025-05-12T15:16:24Z,0,29.857,74.5,57,67.6,15,13,244,76,0.0,255,32767,0.0,2127-15-31,0.0,0.16,26.24,0.0,0.0,0.0,0,4.828125,6,84,05:49,20:11,2025-05-12 15:16:23.915603,Città della Scienza,54.9,4.9167795,11.268479,2.0957396,3.4740682,EU EEA Common AQI,79.1,4.3425856,10.215741,7200,0.4857143,100,100,65.4,0.3885714,Very Low,78.7,4.256124,100,1747062900,Very Low,1.6765916,5.037331,Very Low,2.6704164,61.1,0.62857145,100,1747062900,0.4857143
2025-05-12T15:16:35Z,0,29.856,74.5,57,67.6,11,13,225,76,0.0,255,32767,0.0,2127-15-31,0.0,0.16,26.24,0.0,0.0,0.0,0,4.828125,6,84,05:49,20:11,2025-05-12 15:16:34.969599,Città della Scienza,54.9,4.9167795,11.268479,2.0957396,3.4740682,EU EEA Common AQI,79.1,4.3425856,10.215741,7200,0.4857143,100,100,65.4,0.3885714,Very Low,78.7,4.256124,100,1747062900,Very Low,1.6765916,5.037331,Very Low,2.6704164,61.1,0.62857145,100,1747062900,0.4857143
2025-05-12T15:16:46Z,0,29.856,74.5,57,67.6,12,13,242,76,0.0,255,32767,0.0,2127-15-31,0.0,0.16,26.24,0.0,0.0,0.0,0,4.828125,6,84,05:49,20:11,2025-05-12 15:16:46.120599,Città della Scienza,54.9,4.9167795,11.268479,2.0957396,3.4740682,EU EEA Common AQI,79.1,4.3425856,10.215741,7200,0.4857143,100,100,65.4,0.3885714,Very Low,78.7,4.256124,100,1747062900,Very Low,1.6765916,5.037331,Very Low,2.6704164,61.1,0.62857145,100,1747062900,0.4857143
2025-05-12T15:16:57Z,0,29.856,74.5,57,67.6,12,13,230,76,0.0,255,32767,0.0,2127-15-31,0.0,0.16,26.24,0.0,0.0,0.0,0,4.828125,6,84,05:49,20:11,2025-05-12 15:16:57.218606,Città della Scienza,54.9,4.9167795,11.268479,2.0957396,3.4740682,EU EEA Common AQI,79.1,4.3425856,10.215741,7200,0.4857143,100,100,65.4,0.3885714,Very Low,78.7,4.256124,100,1747062900,Very Low,1.6765916,5.037331,Very Low,2.6704164,61.1,0.62857145,100,1747062900,0.4857143
2025-05-12T15:17:08Z,0,29.856,74.5,57,67.6,10,13,247,76,0.0,255,32767,0.0,2127-15-31,0.0,0.16,26.24,0.0,0.0,0.0,0,4.828125,6,84,05:49,20:11,2025-05-12 15:17:08.306602,Città della Scienza,54.9,4.9167795,11.268479,2.0957396,3.4740682,EU EEA Common AQI,79.1,4.3425856,10.215741,7200,0.4857143,100,100,65.4,0.3885714,Very Low,78.7,4.256124,100,1747062900,Very Low,1.6765916,5.037331,Very Low,2.6704164,61.1,0.62857145,100,1747062900,0.4857143
2025-05-12T15:17:19Z,0,29.856,74.5,57,67.6,13,13,244,76,0.0,255,32767,0.0,2127-15-31,0.0,0.16,26.24,0.0,0.0,0.0,0,4.828125,6,84,05:49,20:11,2025-05-12 15:17:19.382610,Città della Scienza,54.9,4.9167795,11.268479,2.0957396,3.4740682,EU EEA Common AQI,79.1,4.3425856,10.215741,7200,0.4857143,100,100,65.4,0.3885714,Very Low,78.7,4.256124,100,1747062900,Very Low,1.6765916,5.037331,Very Low,2.6704164,61.1,0.62857145,100,1747062900,0.4857143
2025-05-12T15:17:30Z,0,29.856,74.5,57,67.6,10,13,267,76,0.0,255,32767,0.0,2127-15-31,0.0,0.16,26.24,0.0,0.0,0.0,0,4.828125,6,84,05:49,20:11,2025-05-12 15:17:30.449601,Città della Scienza,54.9,4.9167795,11.268479,2.0957396,3.4740682,EU EEA Common AQI,79.1,4.3425856,10.215741,7200,0.4857143,100,100,65.4,0.3885714,Very Low,78.7,4.256124,100,1747062900,Very Low,1.6765916,5.037331,Very Low,2.6704164,61.1,0.62857145,100,1747062900,0.4857143
2025-05-12T15:17:41Z,0,29.855,74.5,57,67.6,12,13,251,76,0.0,255,32767,0.0,2127-15-31,0.0,0.16,26.24,0.0,0.0,0.0,0,4.828125,6,84,05:49,20:11,2025-05-12 15:17:41.551598,Città della Scienza,54.9,4.9167795,11.268479,2.0957396,3.4740682,EU EEA Common AQI,79.1,4.3425856,10.215741,7200,0.4857143,100,100,65.4,0.3885714,Very Low,78.7,4.256124,100,1747062900,Very Low,1.6765916,5.037331,Very Low,2.6704164,61.1,0.62857145,100,1747062900,0.4857143
2025-05-12T15:17:52Z,0,29.855,74.5,57,67.6,12,13,254,76,0.0,255,32767,0.0,2127-15-31,0.0,0.16,26.24,0.0,0.0,0.0,0,4.828125,6,84,05:49,20:11,2025-05-12 15:17:52.628615,Città della Scienza,54.9,4.9167795,11.268479,2.0957396,3.4740682,EU EEA Common AQI,79.1,4.3425856,10.215741,7200,0.4857143,100,100,65.4,0.3885714,Very Low,78.7,4.256124,100,1747062900,Very Low,1.6765916,5.037331,Very Low,2.6704164,61.1,0.62857145,100,1747062900,0.4857143
2025-05-12T15:18:03Z,0,29.855,74.5,57,67.7,14,13,252,76,0.0,255,32767,0.0,2127-15-31,0.0,0.16,26.24,0.0,0.0,0.0,0,4.828125,6,84,05:49,20:11,2025-05-12 15:18:03.746584,Città della Scienza,54.9,4.9167795,11.268479,2.0957396,3.4740682,EU EEA Common AQI,79.1,4.3425856,10.215741,7200,0.4857143,100,100,65.4,0.3885714,Very Low,78.7,4.256124,100,1747062900,Very Low,1.6765916,5.037331,Very Low,2.6704164,61.1,0.62857145,100,1747062900,0.4857143
2025-05-12T15:18:15Z,0,29.855,74.5,57,67.6,12,13,256,76,0.0,255,32767,0.0,2127-15-31,0.0,0.16,26.24,0.0,0.0,0.0,0,4.828125,6,84,05:49,20:11,2025-05-12 15:18:14.816593,Città della Scienza,54.9,4.9167795,11.268479,2.0957396,3.4740682,EU EEA Common AQI,79.1,4.3425856,10.215741,7200,0.4857143,100,100,65.4,0.3885714,Very Low,78.7,4.256124,100,1747062900,Very Low,1.6765916,5.037331,Very Low,2.6704164,61.1,0.62857145,100,1747062900,0.4857143
2025-05-12T15:18:26Z,0,29.855,74.5,57,67.6,14,13,253,76,0.0,255,32767,0.0,2127-15-31,0.0,0.16,26.24,0.0,0.0,0.0,0,4.828125,6,84,05:49,20:11,2025-05-12 15:18:25.959597,Città della Scienza,54.9,4.9167795,11.268479,2.0957396,3.4740682,EU EEA Common AQI,79.1,4.3425856,10.215741,7200,0.4857143,100,100,65.4,0.3885714,Very Low,78.7,4.256124,100,1747062900,Very Low,1.6765916,5.037331,Very Low,2.6704164,61.1,0.62857145,100,1747062900,0.4857143
2025-05-12T15:18:37Z,0,29.855,74.5,57,67.7,16,13,256,76,0.0,255,32767,0.0,2127-15-31,0.0,0.16,26.24,0.0,0.0,0.0,0,4.828125,6,84,05:49,20:11,2025-05-12 15:18:37.019592,Città della Scienza,54.9,4.9167795,11.268479,2.0957396,3.4740682,EU EEA Common AQI,79.1,4.3425856,10.215741,7200,0.4857143,100,100,65.4,0.3885714,Very Low,78.7,4.256124,100,1747062900,Very Low,1.6765916,5.037331,Very Low,2.6704164,61.1,0.62857145,100,1747062900,0.4857143
2025-05-12T15:18:48Z,0,29.855,74.5,57,67.6,9,13,234,76,0.0,255,32767,0.0,2127-15-31,0.0,0.16,26.24,0.0,0.0,0.0,0,4.828125,6,84,05:49,20:11,2025-05-12 15:18:48.129591,Città della Scienza,54.9,4.9167795,11.268479,2.0957396,3.4740682,EU EEA Common AQI,79.1,4.3425856,10.215741,7200,0.4857143,100,100,65.4,0.3885714,Very Low,78.7,4.256124,100,1747062900,Very Low,1.6765916,5.037331,Very Low,2.6704164,61.1,0.62857145,100,1747062900,0.4857143
2025-05-12T15:18:59Z,0,29.855,74.5,57,67.7,15,13,242,76,0.0,255,32767,0.0,2127-15-31,0.0,0.16,26.24,0.0,0.0,0.0,0,4.828125,6,84,05:49,20:11,2025-05-12 15:18:59.238612,Città della Scienza,54.9,4.9167795,11.268479,2.0957396,3.4740682,EU EEA Common AQI,79.1,4.3425856,10.215741,7200,0.4857143,100,100,65.4,0.3885714,Very Low,78.7,4.256124,100,1747062900,Very Low,1.6765916,5.037331,Very Low,2.6704164,61.1,0.62857145,100,1747062900,0.4857143
2025-05-12T15:19:10Z,0,29.855,74.5,57,67.7,12,13,248,76,0.0,255,32767,0.0,2127-15-31,0.0,0.16,26.24,0.0,0.0,0.0,0,4.828125,6,84,05:49,20:11,2025-05-12 15:19:10.321592,Città della Scienza,54.9,4.9167795,11.268479,2.0957396,3.4740682,EU EEA Common AQI,79.1,4.3425856,10.215741,7200,0.4857143,100,100,65.4,0.3885714,Very Low,78.7,4.256124,100,1747062900,Very Low,1.6765916,5.037331,Very Low,2.6704164,61.1,0.62857145,100,1747062900,0.4857143
2025-05-12T15:19:21Z,0,29.855,74.5,57,67.7,12,13,269,76,0.0,255,32767,0.0,2127-15-31,0.0,0.16,26.24,0.0,0.0,0.0,0,4.828125,6,84,05:49,20:11,2025-05-12 15:19:21.382593,Città della Scienza,54.9,4.9167795,11.268479,2.0957396,3.4740682,EU EEA Common AQI,79.1,4.3425856,10.215741,7200,0.4857143,100,100,65.4,0.3885714,Very Low,78.7,4.256124,100,1747062900,Very Low,1.6765916,5.037331,Very Low,2.6704164,61.1,0.62857145,100,1747062900,0.4857143
2025-05-12T15:19:32Z,0,29.855,74.5,57,67.7,11,13,246,77,0.0,255,32767,0.0,2127-15-31,0.0,0.16,26.24,0.0,0.0,0.0,0,4.828125,6,84,05:49,20:11,2025-05-12 15:19:32.486600,Città della Scienza,54.9,4.9167795,11.268479,2.0957396,3.4740682,EU EEA Common AQI,79.1,4.3425856,10.215741,7200,0.4857143,100,100,65.4,0.3885714,Very Low,78.7,4.256124,100,1747062900,Very Low,1.6765916,5.037331,Very Low,2.6704164,61.1,0.62857145,100,1747062900,0.4857143
2025-05-12T15:19:43Z,0,29.856,74.5,57,67.7,13,13,245,77,0.0,255,32767,0.0,2127-15-31,0.0,0.16,26.24,0.0,0.0,0.0,0,4.828125,6,84,05:49,20:11,2025-05-12 15:19:43.541596,Città della Scienza,54.9,4.9167795,11.268479,2.0957396,3.4740682,EU EEA Common AQI,79.1,4.3425856,10.215741,7200,0.4857143,100,100,65.4,0.3885714,Very Low,78.7,4.256124,100,1747062900,Very Low,1.6765916,5.037331,Very Low,2.6704164,61.1,0.62857145,100,1747062900,0.4857143
2025-05-12T15:19:54Z,0,29.856,74.5,57,67.7,11,13,240,77,0.0,255,32767,0.0,2127-15-31,0.0,0.16,26.24,0.0,0.0,0.0,0,4.828125,6,84,05:49,20:11,2025-05-12 15:19:54.595603,Città della Scienza,54.9,4.9167795,11.268479,2.0957396,3.4740682,EU EEA Common AQI,79.1,4.3425856,10.215741,7200,0.4857143,100,100,65.4,0.3885714,Very Low,78.7,4.256124,100,1747062900,Very Low,1.6765916,5.037331,Very Low,2.6704164,61.1,0.62857145,100,1747062900,0.4857143
2025-05-12T15:20:05Z,0,29.856,74.5,57,67.7,12,13,252,77,0.0,255,32767,0.0,2127-15-31,0.0,0.16,26.24,0.0,0.0,0.0,0,4.828125,6,84,05:49,20:11,2025-05-12 15:20:05.675600,Città della Scienza,54.9,4.9167795,11.268479,2.0957396,3.4740682,EU EEA Common AQI,79.1,4.3425856,10.215741,7200,0.4857143,100,100,65.4,0.3885714,Very Low,78.7,4.256124,100,1747062900,Very Low,1.6765916,5.037331,Very Low,2.6704164,61.1,0.62857145,100,1747062900,0.4857143
2025-05-12T15:20:16Z,0,29.856,74.5,57,67.7,11,13,237,77,0.0,255,32767,0.0,2127-15-31,0.0,0.16,26.24,0.0,0.0,0.0,0,4.828125,6,84,05:49,20:11,2025-05-12 15:20:16.780592,Città della Scienza,54.9,4.9167795,11.268479,2.0957396,3.4740682,EU EEA Common AQI,79.1,4.3425856,10.215741,7200,0.4857143,100,100,65.4,0.3885714,Very Low,78.7,4.256124,100,1747062900,Very Low,1.6765916,5.037331,Very Low,2.6704164,61.1,0.62857145,100,1747062900,0.4857143
2025-05-12T15:20:28Z,0,29.856,74.5,57,67.6,11,13,249,76,0.0,255,32767,0.0,2127-15-31,0.0,0.16,26.24,0.0,0.0,0.0,0,4.828125,6,84,05:49,20:11,2025-05-12 15:20:27.912599,Città della Scienza,54.9,4.9167795,11.268479,2.0957396,3.4740682,EU EEA Common AQI,79.1,4.3425856,10.215741,7200,0.4857143,100,100,65.4,0.3885714,Very Low,78.7,4.256124,100,1747062900,Very Low,1.6765916,5.037331,Very Low,2.6704164,61.1,0.62857145,100,1747062900,0.4857143
2025-05-12T15:20:39Z,0,29.857,74.5,57,67.7,14,12,252,76,0.0,255,32767,0.0,2127-15-31,0.0,0.16,26.24,0.0,0.0,0.0,0,4.828125,6,84,05:49,20:11,2025-05-12 15:20:38.974593,Città della Scienza,54.9,4.9167795,11.268479,2.0957396,3.4740682,EU EEA Common AQI,79.1,4.3425856,10.215741,7200,0.4857143,100,100,65.4,0.3885714,Very Low,78.7,4.256124,100,1747062900,Very Low,1.6765916,5.037331,Very Low,2.6704164,61.1,0.62857145,100,1747062900,0.4857143
2025-05-12T15:20:50Z,0,29.857,74.5,57,67.7,11,12,243,76,0.0,255,32767,0.0,2127-15-31,0.0,0.16,26.24,0.0,0.0,0.0,0,4.828125,6,84,05:49,20:11,2025-05-12 15:20:50.087605,Città della Scienza,54.9,4.9167795,11.268479,2.0957396,3.4740682,EU EEA Common AQI,79.1,4.3425856,10.215741,7200,0.4857143,100,100,65.4,0.3885714,Very Low,78.7,4.256124,100,1747062900,Very Low,1.6765916,5.037331,Very Low,2.6704164,61.1,0.62857145,100,1747062900,0.4857143
2025-05-12T15:21:01Z,0,29.857,74.5,57,67.7,12,12,240,76,0.0,255,32767,0.0,2127-15-31,0.0,0.16,26.24,0.0,0.0,0.0,0,4.828125,6,84,05:49,20:11,2025-05-12 15:21:01.186589,Città della Scienza,54.9,4.9167795,11.268479,2.0957396,3.4740682,EU EEA Common AQI,79.1,4.3425856,10.215741,7200,0.4857143,100,100,65.4,0.3885714,Very Low,78.7,4.256124,100,1747062900,Very Low,1.6765916,5.037331,Very Low,2.6704164,61.1,0.62857145,100,1747062900,0.4857143
2025-05-12T15:21:12Z,0,29.857,74.5,57,67.7,13,12,243,76,0.0,255,32767,0.0,2127-15-31,0.0,0.16,26.24,0.0,0.0,0.0,0,4.828125,6,84,05:49,20:11,2025-05-12 15:21:12.270594,Città della Scienza,54.9,4.9167795,11.268479,2.0957396,3.4740682,EU EEA Common AQI,79.1,4.3425856,10.215741,7200,0.4857143,100,100,65.4,0.3885714,Very Low,78.7,4.256124,100,1747062900,Very Low,1.6765916,5.037331,Very Low,2.6704164,61.1,0.62857145,100,1747062900,0.4857143
2025-05-12T15:21:23Z,0,29.857,74.5,57,67.7,14,12,237,76,0.0,255,32767,0.0,2127-15-31,0.0,0.16,26.24,0.0,0.0,0.0,0,4.828125,6,84,05:49,20:11,2025-05-12 15:21:23.387556,Città della Scienza,54.9,4.9167795,11.268479,2.0957396,3.4740682,EU EEA Common AQI,79.1,4.3425856,10.215741,7200,0.4857143,100,100,65.4,0.3885714,Very Low,78.7,4.256124,100,1747062900,Very Low,1.6765916,5.037331,Very Low,2.6704164,61.1,0.62857145,100,1747062900,0.4857143
2025-05-12T15:21:34Z,0,29.856,74.5,57,67.7,16,12,240,76,0.0,255,32767,0.0,2127-15-31,0.0,0.16,26.24,0.0,0.0,0.0,0,4.828125,6,84,05:49,20:11,2025-05-12 15:21:34.456597,Città della Scienza,54.9,4.9167795,11.268479,2.0957396,3.4740682,EU EEA Common AQI,79.1,4.3425856,10.215741,7200,0.4857143,100,100,65.4,0.3885714,Very Low,78.7,4.256124,100,1747062900,Very Low,1.6765916,5.037331,Very Low,2.6704164,61.1,0.62857145,100,1747062900,0.4857143
2025-05-12T15:21:45Z,0,29.856,74.5,57,67.7,15,12,252,76,0.0,255,32767,0.0,2127-15-31,0.0,0.16,26.24,0.0,0.0,0.0,0,4.828125,6,84,05:49,20:11,2025-05-12 15:21:45.556597,Città della Scienza,54.9,4.9167795,11.268479,2.0957396,3.4740682,EU EEA Common AQI,79.1,4.3425856,10.215741,7200,0.4857143,100,100,65.4,0.3885714,Very Low,78.7,4.256124,100,1747062900,Very Low,1.6765916,5.037331,Very Low,2.6704164,61.1,0.62857145,100,1747062900,0.4857143
2025-05-12T15:21:56Z,0,29.856,74.5,57,67.6,15,12,244,76,0.0,255,32767,0.0,2127-15-31,0.0,0.16,26.24,0.0,0.0,0.0,0,4.828125,6,84,05:49,20:11,2025-05-12 15:21:56.628558,Città della Scienza,54.9,4.9167795,11.268479,2.0957396,3.4740682,EU EEA Common AQI,79.1,4.3425856,10.215741,7200,0.4857143,100,100,65.4,0.3885714,Very Low,78.7,4.256124,100,1747062900,Very Low,1.6765916,5.037331,Very Low,2.6704164,61.1,0.62857145,100,1747062900,0.4857143
2025-05-12T15:22:07Z,0,29.856,74.5,57,67.6,12,12,248,76,0.0,255,32767,0.0,2127-15-31,0.0,0.16,26.24,0.0,0.0,0.0,0,4.828125,6,84,05:49,20:11,2025-05-12 15:22:07.745646,Città della Scienza,54.9,4.9167795,11.268479,2.0957396,3.4740682,EU EEA Common AQI,79.1,4.3425856,10.215741,7200,0.4857143,100,100,65.4,0.3885714,Very Low,78.7,4.256124,100,1747062900,Very Low,1.6765916,5.037331,Very Low,2.6704164,61.1,0.62857145,100,1747062900,0.4857143
2025-05-12T15:22:19Z,0,29.856,74.5,57,67.6,14,12,243,76,0.0,255,32767,0.0,2127-15-31,0.0,0.16,26.24,0.0,0.0,0.0,0,4.828125,6,84,05:49,20:11,2025-05-12 15:22:18.869605,Città della Scienza,54.9,4.9167795,11.268479,2.0957396,3.4740682,EU EEA Common AQI,79.1,4.3425856,10.215741,7200,0.4857143,100,100,65.4,0.3885714,Very Low,78.7,4.256124,100,1747062900,Very Low,1.6765916,5.037331,Very Low,2.6704164,61.1,0.62857145,100,1747062900,0.4857143
2025-05-12T15:22:30Z,0,29.856,74.5,57,67.6,12,12,248,76,0.0,255,32767,0.0,2127-15-31,0.0,0.16,26.24,0.0,0.0,0.0,0,4.828125,6,84,05:49,20:11,2025-05-12 15:22:29.955609,Città della Scienza,54.9,4.9167795,11.268479,2.0957396,3.4740682,EU EEA Common AQI,79.1,4.3425856,10.215741,7200,0.4857143,100,100,65.4,0.3885714,Very Low,78.7,4.256124,100,1747062900,Very Low,1.6765916,5.037331,Very Low,2.6704164,61.1,0.62857145,100,1747062900,0.4857143
2025-05-12T15:22:41Z,0,29.855,74.5,57,67.6,11,12,249,76,0.0,255,32767,0.0,2127-15-31,0.0,0.16,26.24,0.0,0.0,0.0,0,4.828125,6,84,05:49,20:11,2025-05-12 15:22:41.058601,Città della Scienza,54.9,4.9167795,11.268479,2.0957396,3.4740682,EU EEA Common AQI,79.1,4.3425856,10.215741,7200,0.4857143,100,100,65.4,0.3885714,Very Low,78.7,4.256124,100,1747062900,Very Low,1.6765916,5.037331,Very Low,2.6704164,61.1,0.62857145,100,1747062900,0.4857143
2025-05-12T15:22:52Z,0,29.855,74.5,57,67.6,12,12,242,76,0.0,255,32767,0.0,2127-15-31,0.0,0.16,26.24,0.0,0.0,0.0,0,4.828125,6,84,05:49,20:11,2025-05-12 15:22:52.199591,Città della Scienza,54.9,4.9167795,11.268479,2.0957396,3.4740682,EU EEA Common AQI,79.1,4.3425856,10.215741,7200,0.4857143,100,100,65.4,0.3885714,Very Low,78.7,4.256124,100,1747062900,Very Low,1.6765916,5.037331,Very Low,2.6704164,61.1,0.62857145,100,1747062900,0.4857143
2025-05-12T15:23:03Z,0,29.855,74.5,57,67.6,13,12,249,76,0.0,255,32767,0.0,2127-15-31,0.0,0.16,26.24,0.0,0.0,0.0,0,4.828125,6,84,05:49,20:11,2025-05-12 15:23:03.250591,Città della Scienza,54.9,4.9167795,11.268479,2.0957396,3.4740682,EU EEA Common AQI,79.1,4.3425856,10.215741,7200,0.4857143,100,100,65.4,0.3885714,Very Low,78.7,4.256124,100,1747062900,Very Low,1.6765916,5.037331,Very Low,2.6704164,61.1,0.62857145,100,1747062900,0.4857143
2025-05-12T15:23:14Z,0,29.855,74.5,57,67.6,10,12,217,76,0.0,255,32767,0.0,2127-15-31,0.0,0.16,26.24,0.0,0.0,0.0,0,4.828125,6,84,05:49,20:11,2025-05-12 15:23:14.350588,Città della Scienza,54.9,4.9167795,11.268479,2.0957396,3.4740682,EU EEA Common AQI,79.1,4.3425856,10.215741,7200,0.4857143,100,100,65.4,0.3885714,Very Low,78.7,4.256124,100,1747062900,Very Low,1.6765916,5.037331,Very Low,2.6704164,61.1,0.62857145,100,1747062900,0.4857143
2025-05-12T15:23:25Z,0,29.855,74.5,57,67.6,12,12,248,76,0.0,255,32767,0.0,2127-15-31,0.0,0.16,26.24,0.0,0.0,0.0,0,4.828125,6,84,05:49,20:11,2025-05-12 15:23:25.475600,Città della Scienza,54.9,4.9167795,11.268479,2.0957396,3.4740682,EU EEA Common AQI,79.1,4.3425856,10.215741,7200,0.4857143,100,100,65.4,0.3885714,Very Low,78.7,4.256124,100,1747062900,Very Low,1.6765916,5.037331,Very Low,2.6704164,61.1,0.62857145,100,1747062900,0.4857143
2025-05-12T15:23:36Z,0,29.855,74.5,57,67.6,15,12,237,76,0.0,255,32767,0.0,2127-15-31,0.0,0.16,26.24,0.0,0.0,0.0,0,4.828125,6,84,05:49,20:11,2025-05-12 15:23:36.585601,Città della Scienza,54.9,4.9167795,11.268479,2.0957396,3.4740682,EU EEA Common AQI,79.1,4.3425856,10.215741,7200,0.4857143,100,100,65.4,0.3885714,Very Low,78.7,4.256124,100,1747062900,Very Low,1.6765916,5.037331,Very Low,2.6704164,61.1,0.62857145,100,1747062900,0.4857143
2025-05-12T15:23:47Z,0,29.855,74.5,57,67.6,13,12,238,76,0.0,255,32767,0.0,2127-15-31,0.0,0.16,26.24,0.0,0.0,0.0,0,4.828125,6,84,05:49,20:11,2025-05-12 15:23:47.643587,Città della Scienza,54.9,4.9167795,11.268479,2.0957396,3.4740682,EU EEA Common AQI,79.1,4.3425856,10.215741,7200,0.4857143,100,100,65.4,0.3885714,Very Low,78.7,4.256124,100,1747062900,Very Low,1.6765916,5.037331,Very Low,2.6704164,61.1,0.62857145,100,1747062900,0.4857143
2025-05-12T15:23:58Z,0,29.855,74.5,57,67.6,16,12,236,76,0.0,255,32767,0.0,2127-15-31,0.0,0.16,26.24,0.0,0.0,0.0,0,4.828125,6,84,05:49,20:11,2025-05-12 15:23:58.778593,Città della Scienza,54.9,4.9167795,11.268479,2.0957396,3.4740682,EU EEA Common AQI,79.1,4.3425856,10.215741,7200,0.4857143,100,100,65.4,0.3885714,Very Low,78.7,4.256124,100,1747062900,Very Low,1.6765916,5.037331,Very Low,2.6704164,61.1,0.62857145,100,1747062900,0.4857143
2025-05-12T15:24:10Z,0,29.855,74.5,57,67.6,13,12,265,76,0.0,255,32767,0.0,2127-15-31,0.0,0.16,26.24,0.0,0.0,0.0,0,4.828125,6,84,05:49,20:11,2025-05-12 15:24:09.881621,Città della Scienza,54.9,4.9167795,11.268479,2.0957396,3.4740682,EU EEA Common AQI,79.1,4.3425856,10.215741,7200,0.4857143,100,100,65.4,0.3885714,Very Low,78.7,4.256124,100,1747062900,Very Low,1.6765916,5.037331,Very Low,2.6704164,61.1,0.62857145,100,1747062900,0.4857143
2025-05-12T15:24:21Z,0,29.855,74.5,57,67.5,15,12,254,76,0.0,255,32767,0.0,2127-15-31,0.0,0.16,26.24,0.0,0.0,0.0,0,4.828125,6,84,05:49,20:11,2025-05-12 15:24:20.990590,Città della Scienza,54.9,4.9167795,11.268479,2.0957396,3.4740682,EU EEA Common AQI,79.1,4.3425856,10.215741,7200,0.4857143,100,100,65.4,0.3885714,Very Low,78.7,4.256124,100,1747062900,Very Low,1.6765916,5.037331,Very Low,2.6704164,61.1,0.62857145,100,1747062900,0.4857143
2025-05-12T15:24:32Z,0,29.855,74.5,57,67.5,13,12,247,76,0.0,255,32767,0.0,2127-15-31,0.0,0.16,26.24,0.0,0.0,0.0,0,4.828125,6,84,05:49,20:11,2025-05-12 15:24:32.046578,Città della Scienza,54.9,4.9167795,11.268479,2.0957396,3.4740682,EU EEA Common AQI,79.1,4.3425856,10.215741,7200,0.4857143,100,100,65.4,0.3885714,Very Low,78.7,4.256124,100,1747062900,Very Low,1.6765916,5.037331,Very Low,2.6704164,61.1,0.62857145,100,1747062900,0.4857143
2025-05-12T15:24:43Z,0,29.856,74.5,57,67.5,14,12,256,76,0.0,255,32767,0.0,2127-15-31,0.0,0.16,26.24,0.0,0.0,0.0,0,4.828125,6,84,05:49,20:11,2025-05-12 15:24:43.133594,Città della Scienza,54.9,4.9167795,11.268479,2.0957396,3.4740682,EU EEA Common AQI,79.1,4.3425856,10.215741,7200,0.4857143,100,100,65.4,0.3885714,Very Low,78.7,4.256124,100,1747062900,Very Low,1.6765916,5.037331,Very Low,2.6704164,61.1,0.62857145,100,1747062900,0.4857143
2025-05-12T15:24:54Z,0,29.856,74.5,57,67.5,9,12,259,76,0.0,255,32767,0.0,2127-15-31,0.0,0.16,26.24,0.0,0.0,0.0,0,4.828125,6,84,05:49,20:11,2025-05-12 15:24:54.228614,Città della Scienza,54.9,4.9167795,11.268479,2.0957396,3.4740682,EU EEA Common AQI,79.1,4.3425856,10.215741,7200,0.4857143,100,100,65.4,0.3885714,Very Low,78.7,4.256124,100,1747062900,Very Low,1.6765916,5.037331,Very Low,2.6704164,61.1,0.62857145,100,1747062900,0.4857143
2025-05-12T15:25:05Z,0,29.856,74.5,57,67.5,14,12,246,76,0.0,255,32767,0.0,2127-15-31,0.0,0.16,26.24,0.0,0.0,0.0,0,4.828125,6,84,05:49,20:11,2025-05-12 15:25:05.296595,Città della Scienza,54.9,4.9167795,11.268479,2.0957396,3.4740682,EU EEA Common AQI,79.1,4.3425856,10.215741,7200,0.4857143,100,100,65.4,0.3885714,Very Low,78.7,4.256124,100,1747062900,Very Low,1.6765916,5.037331,Very Low,2.6704164,61.1,0.62857145,100,1747062900,0.4857143
2025-05-12T15:25:16Z,0,29.856,74.5,57,67.5,14,12,232,76,0.0,255,32767,0.0,2127-15-31,0.0,0.16,26.24,0.0,0.0,0.0,0,4.828125,6,84,05:49,20:11,2025-05-12 15:25:16.352568,Città della Scienza,54.9,4.9167795,11.268479,2.0957396,3.4740682,EU EEA Common AQI,79.1,4.3425856,10.215741,7200,0.4857143,100,100,65.4,0.3885714,Very Low,78.7,4.256124,100,1747062900,Very Low,1.6765916,5.037331,Very Low,2.6704164,61.1,0.62857145,100,1747062900,0.4857143
2025-05-12T15:25:27Z,0,29.856,74.5,57,67.6,14,12,228,76,0.0,255,32767,0.0,2127-15-31,0.0,0.16,26.24,0.0,0.0,0.0,0,4.828125,6,84,05:49,20:11,2025-05-12 15:25:27.476596,Città della Scienza,54.9,4.9167795,11.268479,2.0957396,3.4740682,EU EEA Common AQI,79.1,4.3425856,10.215741,7200,0.4857143,100,100,65.4,0.3885714,Very Low,78.7,4.256124,100,1747062900,Very Low,1.6765916,5.037331,Very Low,2.6704164,61.1,0.62857145,100,1747062900,0.4857143
2025-05-12T15:25:38Z,0,29.855,74.5,57,67.6,15,13,245,76,0.0,255,32767,0.0,2127-15-31,0.0,0.16,26.24,0.0,0.0,0.0,0,4.828125,6,84,05:49,20:11,2025-05-12 15:25:38.533592,Città della Scienza,54.9,4.9167795,11.268479,2.0957396,3.4740682,EU EEA Common AQI,79.1,4.3425856,10.215741,7200,0.4857143,100,100,65.4,0.3885714,Very Low,78.7,4.256124,100,1747062900,Very Low,1.6765916,5.037331,Very Low,2.6704164,61.1,0.62857145,100,1747062900,0.4857143
2025-05-12T15:25:49Z,0,29.855,74.5,57,67.6,12,13,238,76,0.0,255,32767,0.0,2127-15-31,0.0,0.16,26.24,0.0,0.0,0.0,0,4.828125,6,84,05:49,20:11,2025-05-12 15:25:49.660596,Città della Scienza,54.9,4.9167795,11.268479,2.0957396,3.4740682,EU EEA Common AQI,79.1,4.3425856,10.215741,7200,0.4857143,100,100,65.4,0.3885714,Very Low,78.7,4.256124,100,1747062900,Very Low,1.6765916,5.037331,Very Low,2.6704164,61.1,0.62857145,100,1747062900,0.4857143
2025-05-12T15:26:00Z,0,29.855,74.5,57,67.6,11,13,243,76,0.0,255,32767,0.0,2127-15-31,0.0,0.16,26.24,0.0,0.0,0.0,0,4.828125,6,84,05:49,20:11,2025-05-12 15:26:00.757609,Città della Scienza,54.9,4.9167795,11.268479,2.0957396,3.4740682,EU EEA Common AQI,79.1,4.3425856,10.215741,7200,0.4857143,100,100,65.4,0.3885714,Very Low,78.7,4.256124,100,1747062900,Very Low,1.6765916,5.037331,Very Low,2.6704164,61.1,0.62857145,100,1747062900,0.4857143
2025-05-12T15:26:12Z,0,29.855,74.5,57,67.6,14,13,250,76,0.0,255,32767,0.0,2127-15-31,0.0,0.16,26.24,0.0,0.0,0.0,0,4.828125,6,84,05:49,20:11,2025-05-12 15:26:11.850592,Città della Scienza,54.9,4.9167795,11.268479,2.0957396,3.4740682,EU EEA Common AQI,79.1,4.3425856,10.215741,7200,0.4857143,100,100,65.4,0.3885714,Very Low,78.7,4.256124,100,1747062900,Very Low,1.6765916,5.037331,Very Low,2.6704164,61.1,0.62857145,100,1747062900,0.4857143
2025-05-12T15:26:23Z,0,29.855,74.5,57,67.6,11,13,234,76,0.0,255,32767,0.0,2127-15-31,0.0,0.16,26.24,0.0,0.0,0.0,0,4.828125,6,84,05:49,20:11,2025-05-12 15:26:22.922603,Città della Scienza,54.9,4.9167795,11.268479,2.0957396,3.4740682,EU EEA Common AQI,79.1,4.3425856,10.215741,7200,0.4857143,100,100,65.4,0.3885714,Very Low,78.7,4.256124,100,1747062900,Very Low,1.6765916,5.037331,Very Low,2.6704164,61.1,0.62857145,100,1747062900,0.4857143
2025-05-12T15:26:34Z,0,29.857,74.5,57,67.6,13,13,259,76,0.0,255,32767,0.0,2127-15-31,0.0,0.16,26.24,0.0,0.0,0.0,0,4.828125,6,84,05:49,20:11,2025-05-12 15:26:33.975591,Città della Scienza,54.9,4.9167795,11.268479,2.0957396,3.4740682,EU EEA Common AQI,79.1,4.3425856,10.215741,7200,0.4857143,100,100,65.4,0.3885714,Very Low,78.7,4.256124,100,1747062900,Very Low,1.6765916,5.037331,Very Low,2.6704164,61.1,0.62857145,100,1747062900,0.4857143
2025-05-12T15:26:45Z,0,29.857,74.5,57,67.6,15,13,239,76,0.0,255,32767,0.0,2127-15-31,0.0,0.16,26.24,0.0,0.0,0.0,0,4.828125,6,84,05:49,20:11,2025-05-12 15:26:45.062566,Città della Scienza,54.9,4.9167795,11.268479,2.0957396,3.4740682,EU EEA Common AQI,79.1,4.3425856,10.215741,7200,0.4857143,100,100,65.4,0.3885714,Very Low,78.7,4.256124,100,1747062900,Very Low,1.6765916,5.037331,Very Low,2.6704164,61.1,0.62857145,100,1747062900,0.4857143
2025-05-12T15:26:56Z,0,29.857,74.5,57,67.6,16,13,242,76,0.0,255,32767,0.0,2127-15-31,0.0,0.16,26.24,0.0,0.0,0.0,0,4.828125,6,84,05:49,20:11,2025-05-12 15:26:56.159598,Città della Scienza,54.9,4.9167795,11.268479,2.0957396,3.4740682,EU EEA Common AQI,79.1,4.3425856,10.215741,7200,0.4857143,100,100,65.4,0.3885714,Very Low,78.7,4.256124,100,1747062900,Very Low,1.6765916,5.037331,Very Low,2.6704164,61.1,0.62857145,100,1747062900,0.4857143
2025-05-12T15:27:07Z,0,29.857,74.5,57,67.6,12,13,248,76,0.0,255,32767,0.0,2127-15-31,0.0,0.16,26.24,0.0,0.0,0.0,0,4.828125,6,84,05:49,20:11,2025-05-12 15:27:07.248605,Città della Scienza,54.9,4.9167795,11.268479,2.0957396,3.4740682,EU EEA Common AQI,79.1,4.3425856,10.215741,7200,0.4857143,100,100,65.4,0.3885714,Very Low,78.7,4.256124,100,1747062900,Very Low,1.6765916,5.037331,Very Low,2.6704164,61.1,0.62857145,100,1747062900,0.4857143
2025-05-12T15:27:18Z,0,29.857,74.5,57,67.6,14,13,240,76,0.0,255,32767,0.0,2127-15-31,0.0,0.16,26.24,0.0,0.0,0.0,0,4.828125,6,84,05:49,20:11,2025-05-12 15:27:18.315589,Città della Scienza,54.9,4.9167795,11.268479,2.0957396,3.4740682,EU EEA Common AQI,79.1,4.3425856,10.215741,7200,0.4857143,100,100,65.4,0.3885714,Very Low,78.7,4.256124,100,1747062900,Very Low,1.6765916,5.037331,Very Low,2.6704164,61.1,0.62857145,100,1747062900,0.4857143
2025-05-12T15:27:29Z,0,29.857,74.5,57,67.6,14,13,247,76,0.0,255,32767,0.0,2127-15-31,0.0,0.16,26.24,0.0,0.0,0.0,0,4.828125,6,84,05:49,20:11,2025-05-12 15:27:29.429602,Città della Scienza,54.9,4.9167795,11.268479,2.0957396,3.4740682,EU EEA Common AQI,79.1,4.3425856,10.215741,7200,0.4857143,100,100,65.4,0.3885714,Very Low,78.7,4.256124,100,1747062900,Very Low,1.6765916,5.037331,Very Low,2.6704164,61.1,0.62857145,100,1747062900,0.4857143
2025-05-12T15:27:40Z,0,29.853,74.4,57,67.6,12,13,227,76,0.0,255,32767,0.0,2127-15-31,0.0,0.16,26.24,0.0,0.0,0.0,0,4.828125,6,84,05:49,20:11,2025-05-12 15:27:40.490590,Città della Scienza,54.9,4.9167795,11.268479,2.0957396,3.4740682,EU EEA Common AQI,79.1,4.3425856,10.215741,7200,0.4857143,100,100,65.4,0.3885714,Very Low,78.7,4.256124,100,1747062900,Very Low,1.6765916,5.037331,Very Low,2.6704164,61.1,0.62857145,100,1747062900,0.4857143
2025-05-12T15:27:51Z,0,29.853,74.4,57,67.6,14,13,242,76,0.0,255,32767,0.0,2127-15-31,0.0,0.16,26.24,0.0,0.0,0.0,0,4.828125,6,84,05:49,20:11,2025-05-12 15:27:51.593612,Città della Scienza,54.9,4.9167795,11.268479,2.0957396,3.4740682,EU EEA Common AQI,79.1,4.3425856,10.215741,7200,0.4857143,100,100,65.4,0.3885714,Very Low,78.7,4.256124,100,1747062900,Very Low,1.6765916,5.037331,Very Low,2.6704164,61.1,0.62857145,100,1747062900,0.4857143
2025-05-12T15:28:02Z,0,29.853,74.4,57,67.6,13,13,245,76,0.0,255,32767,0.0,2127-15-31,0.0,0.16,26.24,0.0,0.0,0.0,0,4.828125,6,84,05:49,20:11,2025-05-12 15:28:02.697593,Città della Scienza,54.9,4.9167795,11.268479,2.0957396,3.4740682,EU EEA Common AQI,79.1,4.3425856,10.215741,7200,0.4857143,100,100,65.4,0.3885714,Very Low,78.7,4.256124,100,1747062900,Very Low,1.6765916,5.037331,Very Low,2.6704164,61.1,0.62857145,100,1747062900,0.4857143
2025-05-12T15:28:13Z,0,29.853,74.4,57,67.6,14,13,251,75,0.0,255,32767,0.0,2127-15-31,0.0,0.16,26.24,0.0,0.0,0.0,0,4.828125,6,84,05:49,20:11,2025-05-12 15:28:13.772605,Città della Scienza,54.9,4.9167795,11.268479,2.0957396,3.4740682,EU EEA Common AQI,79.1,4.3425856,10.215741,7200,0.4857143,100,100,65.4,0.3885714,Very Low,78.7,4.256124,100,1747062900,Very Low,1.6765916,5.037331,Very Low,2.6704164,61.1,0.62857145,100,1747062900,0.4857143
2025-05-12T15:28:25Z,0,29.853,74.4,57,67.6,12,13,242,75,0.0,255,32767,0.0,2127-15-31,0.0,0.16,26.24,0.0,0.0,0.0,0,4.828125,6,84,05:49,20:11,2025-05-12 15:28:24.857610,Città della Scienza,54.9,4.9167795,11.268479,2.0957396,3.4740682,EU EEA Common AQI,79.1,4.3425856,10.215741,7200,0.4857143,100,100,65.4,0.3885714,Very Low,78.7,4.256124,100,1747062900,Very Low,1.6765916,5.037331,Very Low,2.6704164,61.1,0.62857145,100,1747062900,0.4857143
2025-05-12T15:28:36Z,0,29.853,74.5,57,67.6,16,13,242,75,0.0,255,32767,0.0,2127-15-31,0.0,0.16,26.24,0.0,0.0,0.0,0,4.828125,6,84,05:49,20:11,2025-05-12 15:28:35.980607,Città della Scienza,54.9,4.9167795,11.268479,2.0957396,3.4740682,EU EEA Common AQI,79.1,4.3425856,10.215741,7200,0.4857143,100,100,65.4,0.3885714,Very Low,78.7,4.256124,100,1747062900,Very Low,1.6765916,5.037331,Very Low,2.6704164,61.1,0.62857145,100,1747062900,0.4857143
2025-05-12T15:28:47Z,0,29.853,74.5,57,67.5,14,13,264,75,0.0,255,32767,0.0,2127-15-31,0.0,0.16,26.24,0.0,0.0,0.0,0,4.828125,6,84,05:49,20:11,2025-05-12 15:28:47.040597,Città della Scienza,54.9,4.9167795,11.268479,2.0957396,3.4740682,EU EEA Common AQI,79.1,4.3425856,10.215741,7200,0.4857143,100,100,65.4,0.3885714,Very Low,78.7,4.256124,100,1747062900,Very Low,1.6765916,5.037331,Very Low,2.6704164,61.1,0.62857145,100,1747062900,0.4857143
2025-05-12T15:28:58Z,0,29.853,74.5,57,67.4,10,13,254,75,0.0,255,32767,0.0,2127-15-31,0.0,0.16,26.24,0.0,0.0,0.0,0,4.828125,6,84,05:49,20:11,2025-05-12 15:28:58.173611,Città della Scienza,54.9,4.9167795,11.268479,2.0957396,3.4740682,EU EEA Common AQI,79.1,4.3425856,10.215741,7200,0.4857143,100,100,65.4,0.3885714,Very Low,78.7,4.256124,100,1747062900,Very Low,1.6765916,5.037331,Very Low,2.6704164,61.1,0.62857145,100,1747062900,0.4857143
2025-05-12T15:29:09Z,0,29.853,74.5,57,67.4,9,13,236,76,0.0,255,32767,0.0,2127-15-31,0.0,0.16,26.24,0.0,0.0,0.0,0,4.828125,6,84,05:49,20:11,2025-05-12 15:29:09.278591,Città della Scienza,54.9,4.9167795,11.268479,2.0957396,3.4740682,EU EEA Common AQI,79.1,4.3425856,10.215741,7200,0.4857143,100,100,65.4,0.3885714,Very Low,78.7,4.256124,100,1747062900,Very Low,1.6765916,5.037331,Very Low,2.6704164,61.1,0.62857145,100,1747062900,0.4857143
2025-05-12T15:29:20Z,0,29.853,74.5,57,67.5,11,13,250,76,0.0,255,32767,0.0,2127-15-31,0.0,0.16,26.24,0.0,0.0,0.0,0,4.828125,6,84,05:49,20:11,2025-05-12 15:29:20.361597,Città della Scienza,54.9,4.9167795,11.268479,2.0957396,3.4740682,EU EEA Common AQI,79.1,4.3425856,10.215741,7200,0.4857143,100,100,65.4,0.3885714,Very Low,78.7,4.256124,100,1747062900,Very Low,1.6765916,5.037331,Very Low,2.6704164,61.1,0.62857145,100,1747062900,0.4857143
2025-05-12T15:29:31Z,0,29.853,74.5,57,67.5,11,13,253,76,0.0,255,32767,0.0,2127-15-31,0.0,0.16,26.24,0.0,0.0,0.0,0,4.828125,6,84,05:49,20:11,2025-05-12 15:29:31.472622,Città della Scienza,54.9,4.9167795,11.268479,2.0957396,3.4740682,EU EEA Common AQI,79.1,4.3425856,10.215741,7200,0.4857143,100,100,65.4,0.3885714,Very Low,78.7,4.256124,100,1747062900,Very Low,1.6765916,5.037331,Very Low,2.6704164,61.1,0.62857145,100,1747062900,0.4857143
2025-05-12T15:29:42Z,0,29.856,74.5,57,67.5,9,13,263,76,0.0,255,32767,0.0,2127-15-31,0.0,0.16,26.24,0.0,0.0,0.0,0,4.828125,6,84,05:49,20:11,2025-05-12 15:29:42.552606,Città della Scienza,54.9,4.9167795,11.268479,2.0957396,3.4740682,EU EEA Common AQI,79.1,4.3425856,10.215741,7200,0.4857143,100,100,65.4,0.3885714,Very Low,78.7,4.256124,100,1747062900,Very Low,1.6765916,5.037331,Very Low,2.6704164,61.1,0.62857145,100,1747062900,0.4857143
2025-05-12T15:29:53Z,0,29.856,74.5,57,67.6,14,13,250,76,0.0,255,32767,0.0,2127-15-31,0.0,0.16,26.24,0.0,0.0,0.0,0,4.828125,6,84,05:49,20:11,2025-05-12 15:29:53.646601,Città della Scienza,54.9,4.9167795,11.268479,2.0957396,3.4740682,EU EEA Common AQI,79.1,4.3425856,10.215741,7200,0.4857143,100,100,65.4,0.3885714,Very Low,78.7,4.256124,100,1747062900,Very Low,1.6765916,5.037331,Very Low,2.6704164,61.1,0.62857145,100,1747062900,0.4857143
2025-05-12T15:30:04Z,0,29.856,74.5,57,67.6,10,13,279,76,0.0,255,32767,0.0,2127-15-31,0.0,0.16,26.24,0.0,0.0,0.0,0,4.828125,6,84,05:49,20:11,2025-05-12 15:30:04.759602,Città della Scienza,54.9,4.9167795,11.268479,2.0957396,3.4740682,EU EEA Common AQI,79.1,4.3425856,10.215741,7200,0.4857143,100,100,65.4,0.3885714,Very Low,78.7,4.256124,100,1747062900,Very Low,1.6765916,5.037331,Very Low,2.6704164,61.1,0.62857145,100,1747062900,0.4857143
2025-05-12T15:30:16Z,0,29.856,74.5,57,67.5,11,13,259,76,0.0,255,32767,0.0,2127-15-31,0.0,0.16,26.24,0.0,0.0,0.0,0,4.828125,6,84,05:49,20:11,2025-05-12 15:30:15.867598,Città della Scienza,54.9,4.9167795,11.268479,2.0957396,3.4740682,EU EEA Common AQI,79.1,4.3425856,10.215741,7200,0.4857143,100,100,65.4,0.3885714,Very Low,78.7,4.256124,100,1747062900,Very Low,1.6765916,5.037331,Very Low,2.6704164,61.1,0.62857145,100,1747062900,0.4857143
2025-05-12T15:30:27Z,0,29.856,74.5,57,67.6,8,13,250,76,0.0,255,32767,0.0,2127-15-31,0.0,0.16,26.24,0.0,0.0,0.0,0,4.828125,6,84,05:49,20:11,2025-05-12 15:30:26.976590,Città della Scienza,54.4,4.236815,11.252376,1.7210917,3.046035,EU EEA Common AQI,79.3,3.807544,10.197418,7200,0.884058,100,100,65.4,0.70724636,Very Low,78.9,3.6029682,100,1747063800,Very Low,1.3768734,4.495929,Very Low,2.3375628,61.1,1.9275362,100,1747063800,0.884058
2025-05-12T15:30:38Z,0,29.853,74.5,58,67.6,9,13,247,76,0.0,255,32767,0.0,2127-15-31,0.0,0.16,26.24,0.0,0.0,0.0,0,4.828125,6,84,05:49,20:11,2025-05-12 15:30:38.061590,Città della Scienza,54.4,4.236815,11.252376,1.7210917,3.046035,EU EEA Common AQI,79.3,3.807544,10.197418,7200,0.884058,100,100,65.4,0.70724636,Very Low,78.9,3.6029682,100,1747063800,Very Low,1.3768734,4.495929,Very Low,2.3375628,61.1,1.9275362,100,1747063800,0.884058
2025-05-12T15:30:49Z,0,29.853,74.5,58,67.6,10,13,249,76,0.0,255,32767,0.0,2127-15-31,0.0,0.16,26.24,0.0,0.0,0.0,0,4.828125,6,84,05:49,20:11,2025-05-12 15:30:49.168592,Città della Scienza,54.4,4.236815,11.252376,1.7210917,3.046035,EU EEA Common AQI,79.3,3.807544,10.197418,7200,0.884058,100,100,65.4,0.70724636,Very Low,78.9,3.6029682,100,1747063800,Very Low,1.3768734,4.495929,Very Low,2.3375628,61.1,1.9275362,100,1747063800,0.884058
2025-05-12T15:31:00Z,0,29.853,74.5,58,67.6,8,13,239,76,0.0,255,32767,0.0,2127-15-31,0.0,0.16,26.24,0.0,0.0,0.0,0,4.828125,6,84,05:49,20:11,2025-05-12 15:31:00.239601,Città della Scienza,54.4,4.236815,11.252376,1.7210917,3.046035,EU EEA Common AQI,79.3,3.807544,10.197418,7200,0.884058,100,100,65.4,0.70724636,Very Low,78.9,3.6029682,100,1747063800,Very Low,1.3768734,4.495929,Very Low,2.3375628,61.1,1.9275362,100,1747063800,0.884058
2025-05-12T15:31:11Z,0,29.853,74.5,58,67.7,13,13,259,76,0.0,255,32767,0.0,2127-15-31,0.0,0.16,26.24,0.0,0.0,0.0,0,4.828125,6,84,05:49,20:11,2025-05-12 15:31:11.355582,Città della Scienza,54.4,4.236815,11.252376,1.7210917,3.046035,EU EEA Common AQI,79.3,3.807544,10.197418,7200,0.884058,100,100,65.4,0.70724636,Very Low,78.9,3.6029682,100,1747063800,Very Low,1.3768734,4.495929,Very Low,2.3375628,61.1,1.9275362,100,1747063800,0.884058
2025-05-12T15:31:22Z,0,29.853,74.5,58,67.7,13,13,241,76,0.0,255,32767,0.0,2127-15-31,0.0,0.16,26.24,0.0,0.0,0.0,0,4.828125,6,84,05:49,20:11,2025-05-12 15:31:22.447598,Città della Scienza,54.4,4.236815,11.252376,1.7210917,3.046035,EU EEA Common AQI,79.3,3.807544,10.197418,7200,0.884058,100,100,65.4,0.70724636,Very Low,78.9,3.6029682,100,1747063800,Very Low,1.3768734,4.495929,Very Low,2.3375628,61.1,1.9275362,100,1747063800,0.884058
2025-05-12T15:31:33Z,0,29.854,74.5,58,67.7,12,12,258,76,0.0,255,32767,0.0,2127-15-31,0.0,0.16,26.24,0.0,0.0,0.0,0,4.828125,6,84,05:49,20:11,2025-05-12 15:31:33.572596,Città della Scienza,54.4,4.236815,11.252376,1.7210917,3.046035,EU EEA Common AQI,79.3,3.807544,10.197418,7200,0.884058,100,100,65.4,0.70724636,Very Low,78.9,3.6029682,100,1747063800,Very Low,1.3768734,4.495929,Very Low,2.3375628,61.1,1.9275362,100,1747063800,0.884058
2025-05-12T15:31:44Z,0,29.854,74.5,58,67.7,11,12,246,76,0.0,255,32767,0.0,2127-15-31,0.0,0.16,26.24,0.0,0.0,0.0,0,4.828125,6,84,05:49,20:11,2025-05-12 15:31:44.655604,Città della Scienza,54.4,4.236815,11.252376,1.7210917,3.046035,EU EEA Common AQI,79.3,3.807544,10.197418,7200,0.884058,100,100,65.4,0.70724636,Very Low,78.9,3.6029682,100,1747063800,Very Low,1.3768734,4.495929,Very Low,2.3375628,61.1,1.9275362,100,1747063800,0.884058
2025-05-12T15:31:55Z,0,29.854,74.5,58,67.8,9,12,230,76,0.0,255,32767,0.0,2127-15-31,0.0,0.16,26.24,0.0,0.0,0.0,0,4.828125,6,84,05:49,20:11,2025-05-12 15:31:55.773594,Città della Scienza,54.4,4.236815,11.252376,1.7210917,3.046035,EU EEA Common AQI,79.3,3.807544,10.197418,7200,0.884058,100,100,65.4,0.70724636,Very Low,78.9,3.6029682,100,1747063800,Very Low,1.3768734,4.495929,Very Low,2.3375628,61.1,1.9275362,100,1747063800,0.884058
2025-05-12T15:32:07Z,0,29.854,74.5,58,67.7,11,12,244,76,0.0,255,32767,0.0,2127-15-31,0.0,0.16,26.24,0.0,0.0,0.0,0,4.828125,6,84,05:49,20:11,2025-05-12 15:32:06.884610,Città della Scienza,54.4,4.236815,11.252376,1.7210917,3.046035,EU EEA Common AQI,79.3,3.807544,10.197418,7200,0.884058,100,100,65.4,0.70724636,Very Low,78.9,3.6029682,100,1747063800,Very Low,1.3768734,4.495929,Very Low,2.3375628,61.1,1.9275362,100,1747063800,0.884058
2025-05-12T15:32:18Z,0,29.854,74.5,58,67.8,13,12,248,76,0.0,255,32767,0.0,2127-15-31,0.0,0.16,26.24,0.0,0.0,0.0,0,4.828125,6,84,05:49,20:11,2025-05-12 15:32:17.953603,Città della Scienza,54.4,4.236815,11.252376,1.7210917,3.046035,EU EEA Common AQI,79.3,3.807544,10.197418,7200,0.884058,100,100,65.4,0.70724636,Very Low,78.9,3.6029682,100,1747063800,Very Low,1.3768734,4.495929,Very Low,2.3375628,61.1,1.9275362,100,1747063800,0.884058
2025-05-12T15:32:29Z,0,29.854,74.5,58,67.8,9,12,221,76,0.0,255,32767,0.0,2127-15-31,0.0,0.16,26.24,0.0,0.0,0.0,0,4.828125,6,84,05:49,20:11,2025-05-12 15:32:29.101590,Città della Scienza,54.4,4.236815,11.252376,1.7210917,3.046035,EU EEA Common AQI,79.3,3.807544,10.197418,7200,0.884058,100,100,65.4,0.70724636,Very Low,78.9,3.6029682,100,1747063800,Very Low,1.3768734,4.495929,Very Low,2.3375628,61.1,1.9275362,100,1747063800,0.884058
2025-05-12T15:32:40Z,0,29.854,74.4,58,67.7,8,12,250,76,0.0,255,32767,0.0,2127-15-31,0.0,0.16,26.24,0.0,0.0,0.0,0,4.828125,6,84,05:49,20:11,2025-05-12 15:32:40.196592,Città della Scienza,54.4,4.236815,11.252376,1.7210917,3.046035,EU EEA Common AQI,79.3,3.807544,10.197418,7200,0.884058,100,100,65.4,0.70724636,Very Low,78.9,3.6029682,100,1747063800,Very Low,1.3768734,4.495929,Very Low,2.3375628,61.1,1.9275362,100,1747063800,0.884058
2025-05-12T15:32:51Z,0,29.854,74.4,58,67.7,11,12,240,76,0.0,255,32767,0.0,2127-15-31,0.0,0.16,26.24,0.0,0.0,0.0,0,4.828125,6,84,05:49,20:11,2025-05-12 15:32:51.279599,Città della Scienza,54.4,4.236815,11.252376,1.7210917,3.046035,EU EEA Common AQI,79.3,3.807544,10.197418,7200,0.884058,100,100,65.4,0.70724636,Very Low,78.9,3.6029682,100,1747063800,Very Low,1.3768734,4.495929,Very Low,2.3375628,61.1,1.9275362,100,1747063800,0.884058
2025-05-12T15:33:02Z,0,29.854,74.4,58,67.7,11,12,233,76,0.0,255,32767,0.0,2127-15-31,0.0,0.16,26.24,0.0,0.0,0.0,0,4.828125,6,84,05:49,20:11,2025-05-12 15:33:02.327592,Città della Scienza,54.4,4.236815,11.252376,1.7210917,3.046035,EU EEA Common AQI,79.3,3.807544,10.197418,7200,0.884058,100,100,65.4,0.70724636,Very Low,78.9,3.6029682,100,1747063800,Very Low,1.3768734,4.495929,Very Low,2.3375628,61.1,1.9275362,100,1747063800,0.884058
2025-05-12T15:33:13Z,0,29.854,74.4,58,67.7,9,12,254,76,0.0,255,32767,0.0,2127-15-31,0.0,0.16,26.24,0.0,0.0,0.0,0,4.828125,6,84,05:49,20:11,2025-05-12 15:33:13.396589,Città della Scienza,54.4,4.236815,11.252376,1.7210917,3.046035,EU EEA Common AQI,79.3,3.807544,10.197418,7200,0.884058,100,100,65.4,0.70724636,Very Low,78.9,3.6029682,100,1747063800,Very Low,1.3768734,4.495929,Very Low,2.3375628,61.1,1.9275362,100,1747063800,0.884058
2025-05-12T15:33:24Z,0,29.854,74.4,58,67.7,13,12,251,76,0.0,255,32767,0.0,2127-15-31,0.0,0.16,26.24,0.0,0.0,0.0,0,4.828125,6,84,05:49,20:11,2025-05-12 15:33:24.466591,Città della Scienza,54.4,4.236815,11.252376,1.7210917,3.046035,EU EEA Common AQI,79.3,3.807544,10.197418,7200,0.884058,100,100,65.4,0.70724636,Very Low,78.9,3.6029682,100,1747063800,Very Low,1.3768734,4.495929,Very Low,2.3375628,61.1,1.9275362,100,1747063800,0.884058
2025-05-12T15:33:35Z,0,29.854,74.5,58,67.7,12,12,238,75,0.0,255,32767,0.0,2127-15-31,0.0,0.16,26.24,0.0,0.0,0.0,0,4.828125,6,84,05:49,20:11,2025-05-12 15:33:35.534601,Città della Scienza,54.4,4.236815,11.252376,1.7210917,3.046035,EU EEA Common AQI,79.3,3.807544,10.197418,7200,0.884058,100,100,65.4,0.70724636,Very Low,78.9,3.6029682,100,1747063800,Very Low,1.3768734,4.495929,Very Low,2.3375628,61.1,1.9275362,100,1747063800,0.884058
2025-05-12T15:33:46Z,0,29.854,74.5,58,67.7,9,12,254,75,0.0,255,32767,0.0,2127-15-31,0.0,0.16,26.24,0.0,0.0,0.0,0,4.828125,6,84,05:49,20:11,2025-05-12 15:33:46.629598,Città della Scienza,54.4,4.236815,11.252376,1.7210917,3.046035,EU EEA Common AQI,79.3,3.807544,10.197418,7200,0.884058,100,100,65.4,0.70724636,Very Low,78.9,3.6029682,100,1747063800,Very Low,1.3768734,4.495929,Very Low,2.3375628,61.1,1.9275362,100,1747063800,0.884058
2025-05-12T15:33:57Z,0,29.854,74.5,58,67.7,13,12,240,75,0.0,255,32767,0.0,2127-15-31,0.0,0.16,26.24,0.0,0.0,0.0,0,4.828125,6,84,05:49,20:11,2025-05-12 15:33:57.704597,Città della Scienza,54.4,4.236815,11.252376,1.7210917,3.046035,EU EEA Common AQI,79.3,3.807544,10.197418,7200,0.884058,100,100,65.4,0.70724636,Very Low,78.9,3.6029682,100,1747063800,Very Low,1.3768734,4.495929,Very Low,2.3375628,61.1,1.9275362,100,1747063800,0.884058
2025-05-12T15:34:08Z,0,29.854,74.5,58,67.7,11,12,276,75,0.0,255,32767,0.0,2127-15-31,0.0,0.16,26.24,0.0,0.0,0.0,0,4.828125,6,84,05:49,20:11,2025-05-12 15:34:08.794587,Città della Scienza,54.4,4.236815,11.252376,1.7210917,3.046035,EU EEA Common AQI,79.3,3.807544,10.197418,7200,0.884058,100,100,65.4,0.70724636,Very Low,78.9,3.6029682,100,1747063800,Very Low,1.3768734,4.495929,Very Low,2.3375628,61.1,1.9275362,100,1747063800,0.884058
2025-05-12T15:34:20Z,0,29.854,74.5,58,67.7,11,12,235,75,0.0,255,32767,0.0,2127-15-31,0.0,0.16,26.24,0.0,0.0,0.0,0,4.828125,6,84,05:49,20:11,2025-05-12 15:34:19.854599,Città della Scienza,54.4,4.236815,11.252376,1.7210917,3.046035,EU EEA Common AQI,79.3,3.807544,10.197418,7200,0.884058,100,100,65.4,0.70724636,Very Low,78.9,3.6029682,100,1747063800,Very Low,1.3768734,4.495929,Very Low,2.3375628,61.1,1.9275362,100,1747063800,0.884058
2025-05-12T15:34:31Z,0,29.854,74.5,58,67.7,10,12,244,75,0.0,255,32767,0.0,2127-15-31,0.0,0.16,26.24,0.0,0.0,0.0,0,4.828125,6,84,05:49,20:11,2025-05-12 15:34:30.959601,Città della Scienza,54.4,4.236815,11.252376,1.7210917,3.046035,EU EEA Common AQI,79.3,3.807544,10.197418,7200,0.884058,100,100,65.4,0.70724636,Very Low,78.9,3.6029682,100,1747063800,Very Low,1.3768734,4.495929,Very Low,2.3375628,61.1,1.9275362,100,1747063800,0.884058
2025-05-12T15:34:42Z,0,29.856,74.4,58,67.7,13,12,257,75,0.0,255,32767,0.0,2127-15-31,0.0,0.16,26.24,0.0,0.0,0.0,0,4.828125,6,84,05:49,20:11,2025-05-12 15:34:42.075602,Città della Scienza,54.4,4.236815,11.252376,1.7210917,3.046035,EU EEA Common AQI,79.3,3.807544,10.197418,7200,0.884058,100,100,65.4,0.70724636,Very Low,78.9,3.6029682,100,1747063800,Very Low,1.3768734,4.495929,Very Low,2.3375628,61.1,1.9275362,100,1747063800,0.884058
2025-05-12T15:34:53Z,0,29.856,74.4,58,67.7,14,12,256,75,0.0,255,32767,0.0,2127-15-31,0.0,0.16,26.24,0.0,0.0,0.0,0,4.828125,6,84,05:49,20:11,2025-05-12 15:34:53.152596,Città della Scienza,54.4,4.236815,11.252376,1.7210917,3.046035,EU EEA Common AQI,79.3,3.807544,10.197418,7200,0.884058,100,100,65.4,0.70724636,Very Low,78.9,3.6029682,100,1747063800,Very Low,1.3768734,4.495929,Very Low,2.3375628,61.1,1.9275362,100,1747063800,0.884058
2025-05-12T15:35:04Z,0,29.856,74.4,58,67.7,10,12,239,75,0.0,255,32767,0.0,2127-15-31,0.0,0.16,26.24,0.0,0.0,0.0,0,4.828125,6,84,05:49,20:11,2025-05-12 15:35:04.234601,Città della Scienza,54.4,4.236815,11.252376,1.7210917,3.046035,EU EEA Common AQI,79.3,3.807544,10.197418,7200,0.884058,100,100,65.4,0.70724636,Very Low,78.9,3.6029682,100,1747063800,Very Low,1.3768734,4.495929,Very Low,2.3375628,61.1,1.9275362,100,1747063800,0.884058
2025-05-12T15:35:15Z,0,29.856,74.4,58,67.7,13,12,246,75,0.0,255,32767,0.0,2127-15-31,0.0,0.16,26.24,0.0,0.0,0.0,0,4.828125,6,84,05:49,20:11,2025-05-12 15:35:15.333556,Città della Scienza,54.4,4.236815,11.252376,1.7210917,3.046035,EU EEA Common AQI,79.3,3.807544,10.197418,7200,0.884058,100,100,65.4,0.70724636,Very Low,78.9,3.6029682,100,1747063800,Very Low,1.3768734,4.495929,Very Low,2.3375628,61.1,1.9275362,100,1747063800,0.884058
2025-05-12T15:35:26Z,0,29.856,74.4,58,67.7,13,12,244,75,0.0,255,32767,0.0,2127-15-31,0.0,0.16,26.24,0.0,0.0,0.0,0,4.828125,6,84,05:49,20:11,2025-05-12 15:35:26.405601,Città della Scienza,54.4,4.236815,11.252376,1.7210917,3.046035,EU EEA Common AQI,79.3,3.807544,10.197418,7200,0.884058,100,100,65.4,0.70724636,Very Low,78.9,3.6029682,100,1747063800,Very Low,1.3768734,4.495929,Very Low,2.3375628,61.1,1.9275362,100,1747063800,0.884058
2025-05-12T15:35:37Z,0,29.854,74.4,58,67.7,13,12,246,75,0.0,255,32767,0.0,2127-15-31,0.0,0.16,26.24,0.0,0.0,0.0,0,4.828125,6,84,05:49,20:11,2025-05-12 15:35:37.475597,Città della Scienza,54.4,4.236815,11.252376,1.7210917,3.046035,EU EEA Common AQI,79.3,3.807544,10.197418,7200,0.884058,100,100,65.4,0.70724636,Very Low,78.9,3.6029682,100,1747063800,Very Low,1.3768734,4.495929,Very Low,2.3375628,61.1,1.9275362,100,1747063800,0.884058
2025-05-12T15:35:48Z,0,29.854,74.4,58,67.7,9,12,235,75,0.0,255,32767,0.0,2127-15-31,0.0,0.16,26.24,0.0,0.0,0.0,0,4.828125,6,84,05:49,20:11,2025-05-12 15:35:48.615602,Città della Scienza,54.4,4.236815,11.252376,1.7210917,3.046035,EU EEA Common AQI,79.3,3.807544,10.197418,7200,0.884058,100,100,65.4,0.70724636,Very Low,78.9,3.6029682,100,1747063800,Very Low,1.3768734,4.495929,Very Low,2.3375628,61.1,1.9275362,100,1747063800,0.884058
2025-05-12T15:35:59Z,0,29.854,74.4,58,67.7,10,12,261,75,0.0,255,32767,0.0,2127-15-31,0.0,0.16,26.24,0.0,0.0,0.0,0,4.828125,6,84,05:49,20:11,2025-05-12 15:35:59.654595,Città della Scienza,54.4,4.236815,11.252376,1.7210917,3.046035,EU EEA Common AQI,79.3,3.807544,10.197418,7200,0.884058,100,100,65.4,0.70724636,Very Low,78.9,3.6029682,100,1747063800,Very Low,1.3768734,4.495929,Very Low,2.3375628,61.1,1.9275362,100,1747063800,0.884058
2025-05-12T15:36:10Z,0,29.854,74.4,58,67.7,11,12,265,75,0.0,255,32767,0.0,2127-15-31,0.0,0.16,26.24,0.0,0.0,0.0,0,4.828125,6,84,05:49,20:11,2025-05-12 15:36:10.746593,Città della Scienza,54.4,4.236815,11.252376,1.7210917,3.046035,EU EEA Common AQI,79.3,3.807544,10.197418,7200,0.884058,100,100,65.4,0.70724636,Very Low,78.9,3.6029682,100,1747063800,Very Low,1.3768734,4.495929,Very Low,2.3375628,61.1,1.9275362,100,1747063800,0.884058
2025-05-12T15:36:22Z,0,29.854,74.4,58,67.6,11,12,244,75,0.0,255,32767,0.0,2127-15-31,0.0,0.16,26.24,0.0,0.0,0.0,0,4.828125,6,84,05:49,20:11,2025-05-12 15:36:21.829597,Città della Scienza,54.4,4.236815,11.252376,1.7210917,3.046035,EU EEA Common AQI,79.3,3.807544,10.197418,7200,0.884058,100,100,65.4,0.70724636,Very Low,78.9,3.6029682,100,1747063800,Very Low,1.3768734,4.495929,Very Low,2.3375628,61.1,1.9275362,100,1747063800,0.884058
2025-05-12T15:36:33Z,0,29.854,74.4,58,67.6,10,12,253,75,0.0,255,32767,0.0,2127-15-31,0.0,0.16,26.24,0.0,0.0,0.0,0,4.828125,6,84,05:49,20:11,2025-05-12 15:36:32.885595,Città della Scienza,54.4,4.236815,11.252376,1.7210917,3.046035,EU EEA Common AQI,79.3,3.807544,10.197418,7200,0.884058,100,100,65.4,0.70724636,Very Low,78.9,3.6029682,100,1747063800,Very Low,1.3768734,4.495929,Very Low,2.3375628,61.1,1.9275362,100,1747063800,0.884058
2025-05-12T15:36:44Z,0,29.854,74.4,58,67.6,12,12,262,75,0.0,255,32767,0.0,2127-15-31,0.0,0.16,26.24,0.0,0.0,0.0,0,4.828125,6,84,05:49,20:11,2025-05-12 15:36:43.981599,Città della Scienza,54.4,4.236815,11.252376,1.7210917,3.046035,EU EEA Common AQI,79.3,3.807544,10.197418,7200,0.884058,100,100,65.4,0.70724636,Very Low,78.9,3.6029682,100,1747063800,Very Low,1.3768734,4.495929,Very Low,2.3375628,61.1,1.9275362,100,1747063800,0.884058
2025-05-12T15:36:55Z,0,29.854,74.4,58,67.7,12,12,241,75,0.0,255,32767,0.0,2127-15-31,0.0,0.16,26.24,0.0,0.0,0.0,0,4.828125,6,84,05:49,20:11,2025-05-12 15:36:55.107615,Città della Scienza,54.4,4.236815,11.252376,1.7210917,3.046035,EU EEA Common AQI,79.3,3.807544,10.197418,7200,0.884058,100,100,65.4,0.70724636,Very Low,78.9,3.6029682,100,1747063800,Very Low,1.3768734,4.495929,Very Low,2.3375628,61.1,1.9275362,100,1747063800,0.884058
2025-05-12T15:37:06Z,0,29.854,74.4,58,67.7,12,12,244,75,0.0,255,32767,0.0,2127-15-31,0.0,0.16,26.24,0.0,0.0,0.0,0,4.828125,6,84,05:49,20:11,2025-05-12 15:37:06.163595,Città della Scienza,54.4,4.236815,11.252376,1.7210917,3.046035,EU EEA Common AQI,79.3,3.807544,10.197418,7200,0.884058,100,100,65.4,0.70724636,Very Low,78.9,3.6029682,100,1747063800,Very Low,1.3768734,4.495929,Very Low,2.3375628,61.1,1.9275362,100,1747063800,0.884058
2025-05-12T15:37:17Z,0,29.854,74.4,58,67.7,11,12,236,75,0.0,255,32767,0.0,2127-15-31,0.0,0.16,26.24,0.0,0.0,0.0,0,4.828125,6,84,05:49,20:11,2025-05-12 15:37:17.215600,Città della Scienza,54.4,4.236815,11.252376,1.7210917,3.046035,EU EEA Common AQI,79.3,3.807544,10.197418,7200,0.884058,100,100,65.4,0.70724636,Very Low,78.9,3.6029682,100,1747063800,Very Low,1.3768734,4.495929,Very Low,2.3375628,61.1,1.9275362,100,1747063800,0.884058
2025-05-12T15:37:28Z,0,29.854,74.4,58,67.7,10,12,234,75,0.0,255,32767,0.0,2127-15-31,0.0,0.16,26.24,0.0,0.0,0.0,0,4.828125,6,84,05:49,20:11,2025-05-12 15:37:28.299597,Città della Scienza,54.4,4.236815,11.252376,1.7210917,3.046035,EU EEA Common AQI,79.3,3.807544,10.197418,7200,0.884058,100,100,65.4,0.70724636,Very Low,78.9,3.6029682,100,1747063800,Very Low,1.3768734,4.495929,Very Low,2.3375628,61.1,1.9275362,100,1747063800,0.884058
2025-05-12T15:37:39Z,0,29.853,74.4,58,67.8,11,11,263,75,0.0,255,32767,0.0,2127-15-31,0.0,0.16,26.24,0.0,0.0,0.0,0,4.828125,6,84,05:49,20:11,2025-05-12 15:37:39.411591,Città della Scienza,54.4,4.236815,11.252376,1.7210917,3.046035,EU EEA Common AQI,79.3,3.807544,10.197418,7200,0.884058,100,100,65.4,0.70724636,Very Low,78.9,3.6029682,100,1747063800,Very Low,1.3768734,4.495929,Very Low,2.3375628,61.1,1.9275362,100,1747063800,0.884058
2025-05-12T15:37:50Z,0,29.853,74.4,58,67.7,14,11,246,75,0.0,255,32767,0.0,2127-15-31,0.0,0.16,26.24,0.0,0.0,0.0,0,4.828125,6,84,05:49,20:11,2025-05-12 15:37:50.492596,Città della Scienza,54.4,4.236815,11.252376,1.7210917,3.046035,EU EEA Common AQI,79.3,3.807544,10.197418,7200,0.884058,100,100,65.4,0.70724636,Very Low,78.9,3.6029682,100,1747063800,Very Low,1.3768734,4.495929,Very Low,2.3375628,61.1,1.9275362,100,1747063800,0.884058
2025-05-12T15:38:01Z,0,29.853,74.4,58,67.7,12,11,236,75,0.0,255,32767,0.0,2127-15-31,0.0,0.16,26.24,0.0,0.0,0.0,0,4.828125,6,84,05:49,20:11,2025-05-12 15:38:01.599593,Città della Scienza,54.4,4.236815,11.252376,1.7210917,3.046035,EU EEA Common AQI,79.3,3.807544,10.197418,7200,0.884058,100,100,65.4,0.70724636,Very Low,78.9,3.6029682,100,1747063800,Very Low,1.3768734,4.495929,Very Low,2.3375628,61.1,1.9275362,100,1747063800,0.884058
2025-05-12T15:38:12Z,0,29.853,74.4,58,67.7,11,11,275,75,0.0,255,32767,0.0,2127-15-31,0.0,0.16,26.24,0.0,0.0,0.0,0,4.828125,6,84,05:49,20:11,2025-05-12 15:38:12.689559,Città della Scienza,54.4,4.236815,11.252376,1.7210917,3.046035,EU EEA Common AQI,79.3,3.807544,10.197418,7200,0.884058,100,100,65.4,0.70724636,Very Low,78.9,3.6029682,100,1747063800,Very Low,1.3768734,4.495929,Very Low,2.3375628,61.1,1.9275362,100,1747063800,0.884058
2025-05-12T15:38:24Z,0,29.853,74.4,58,67.7,12,11,249,75,0.0,255,32767,0.0,2127-15-31,0.0,0.16,26.24,0.0,0.0,0.0,0,4.828125,6,84,05:49,20:11,2025-05-12 15:38:23.799596,Città della Scienza,54.4,4.236815,11.252376,1.7210917,3.046035,EU EEA Common AQI,79.3,3.807544,10.197418,7200,0.884058,100,100,65.4,0.70724636,Very Low,78.9,3.6029682,100,1747063800,Very Low,1.3768734,4.495929,Very Low,2.3375628,61.1,1.9275362,100,1747063800,0.884058
2025-05-12T15:38:35Z,0,29.855,74.4,58,67.7,13,11,242,75,0.0,255,32767,0.0,2127-15-31,0.0,0.16,26.24,0.0,0.0,0.0,0,4.828125,6,84,05:49,20:11,2025-05-12 15:38:34.880603,Città della Scienza,54.4,4.236815,11.252376,1.7210917,3.046035,EU EEA Common AQI,79.3,3.807544,10.197418,7200,0.884058,100,100,65.4,0.70724636,Very Low,78.9,3.6029682,100,1747063800,Very Low,1.3768734,4.495929,Very Low,2.3375628,61.1,1.9275362,100,1747063800,0.884058
2025-05-12T15:38:46Z,0,29.855,74.4,58,67.7,13,11,240,75,0.0,255,32767,0.0,2127-15-31,0.0,0.16,26.24,0.0,0.0,0.0,0,4.828125,6,84,05:49,20:11,2025-05-12 15:38:45.960605,Città della Scienza,54.4,4.236815,11.252376,1.7210917,3.046035,EU EEA Common AQI,79.3,3.807544,10.197418,7200,0.884058,100,100,65.4,0.70724636,Very Low,78.9,3.6029682,100,1747063800,Very Low,1.3768734,4.495929,Very Low,2.3375628,61.1,1.9275362,100,1747063800,0.884058
2025-05-12T15:38:57Z,0,29.855,74.4,58,67.7,10,11,238,75,0.0,255,32767,0.0,2127-15-31,0.0,0.16,26.24,0.0,0.0,0.0,0,4.828125,6,84,05:49,20:11,2025-05-12 15:38:57.031598,Città della Scienza,54.4,4.236815,11.252376,1.7210917,3.046035,EU EEA Common AQI,79.3,3.807544,10.197418,7200,0.884058,100,100,65.4,0.70724636,Very Low,78.9,3.6029682,100,1747063800,Very Low,1.3768734,4.495929,Very Low,2.3375628,61.1,1.9275362,100,1747063800,0.884058
2025-05-12T15:39:08Z,0,29.855,74.4,58,67.7,13,11,248,75,0.0,255,32767,0.0,2127-15-31,0.0,0.16,26.24,0.0,0.0,0.0,0,4.828125,6,84,05:49,20:11,2025-05-12 15:39:08.133594,Città della Scienza,54.4,4.236815,11.252376,1.7210917,3.046035,EU EEA Common AQI,79.3,3.807544,10.197418,7200,0.884058,100,100,65.4,0.70724636,Very Low,78.9,3.6029682,100,1747063800,Very Low,1.3768734,4.495929,Very Low,2.3375628,61.1,1.9275362,100,1747063800,0.884058
2025-05-12T15:39:19Z,0,29.855,74.4,58,67.8,13,11,239,75,0.0,255,32767,0.0,2127-15-31,0.0,0.16,26.24,0.0,0.0,0.0,0,4.828125,6,84,05:49,20:11,2025-05-12 15:39:19.224589,Città della Scienza,54.4,4.236815,11.252376,1.7210917,3.046035,EU EEA Common AQI,79.3,3.807544,10.197418,7200,0.884058,100,100,65.4,0.70724636,Very Low,78.9,3.6029682,100,1747063800,Very Low,1.3768734,4.495929,Very Low,2.3375628,61.1,1.9275362,100,1747063800,0.884058
2025-05-12T15:39:30Z,0,29.855,74.4,58,67.8,11,11,240,75,0.0,255,32767,0.0,2127-15-31,0.0,0.16,26.24,0.0,0.0,0.0,0,4.828125,6,84,05:49,20:11,2025-05-12 15:39:30.302589,Città della Scienza,54.4,4.236815,11.252376,1.7210917,3.046035,EU EEA Common AQI,79.3,3.807544,10.197418,7200,0.884058,100,100,65.4,0.70724636,Very Low,78.9,3.6029682,100,1747063800,Very Low,1.3768734,4.495929,Very Low,2.3375628,61.1,1.9275362,100,1747063800,0.884058
2025-05-12T15:39:41Z,0,29.854,74.4,58,67.7,11,11,253,75,0.0,255,32767,0.0,2127-15-31,0.0,0.16,26.24,0.0,0.0,0.0,0,4.828125,6,84,05:49,20:11,2025-05-12 15:39:41.389590,Città della Scienza,54.4,4.236815,11.252376,1.7210917,3.046035,EU EEA Common AQI,79.3,3.807544,10.197418,7200,0.884058,100,100,65.4,0.70724636,Very Low,78.9,3.6029682,100,1747063800,Very Low,1.3768734,4.495929,Very Low,2.3375628,61.1,1.9275362,100,1747063800,0.884058
2025-05-12T15:39:52Z,0,29.854,74.4,58,67.7,12,11,242,75,0.0,255,32767,0.0,2127-15-31,0.0,0.16,26.24,0.0,0.0,0.0,0,4.828125,6,84,05:49,20:11,2025-05-12 15:39:52.499599,Città della Scienza,54.4,4.236815,11.252376,1.7210917,3.046035,EU EEA Common AQI,79.3,3.807544,10.197418,7200,0.884058,100,100,65.4,0.70724636,Very Low,78.9,3.6029682,100,1747063800,Very Low,1.3768734,4.495929,Very Low,2.3375628,61.1,1.9275362,100,1747063800,0.884058
2025-05-12T15:40:03Z,0,29.854,74.4,58,67.8,13,11,265,75,0.0,255,32767,0.0,2127-15-31,0.0,0.16,26.24,0.0,0.0,0.0,0,4.828125,6,84,05:49,20:11,2025-05-12 15:40:03.567581,Città della Scienza,54.4,4.236815,11.252376,1.7210917,3.046035,EU EEA Common AQI,79.3,3.807544,10.197418,7200,0.884058,100,100,65.4,0.70724636,Very Low,78.9,3.6029682,100,1747063800,Very Low,1.3768734,4.495929,Very Low,2.3375628,61.1,1.9275362,100,1747063800,0.884058
2025-05-12T15:40:14Z,0,29.854,74.4,58,67.8,11,11,244,75,0.0,255,32767,0.0,2127-15-31,0.0,0.16,26.24,0.0,0.0,0.0,0,4.828125,6,84,05:49,20:11,2025-05-12 15:40:14.630602,Città della Scienza,54.4,4.236815,11.252376,1.7210917,3.046035,EU EEA Common AQI,79.3,3.807544,10.197418,7200,0.884058,100,100,65.4,0.70724636,Very Low,78.9,3.6029682,100,1747063800,Very Low,1.3768734,4.495929,Very Low,2.3375628,61.1,1.9275362,100,1747063800,0.884058
2025-05-12T15:40:25Z,0,29.854,74.4,58,67.8,10,11,238,75,0.0,255,32767,0.0,2127-15-31,0.0,0.16,26.24,0.0,0.0,0.0,0,4.828125,6,84,05:49,20:11,2025-05-12 15:40:25.687589,Città della Scienza,54.4,4.236815,11.252376,1.7210917,3.046035,EU EEA Common AQI,79.3,3.807544,10.197418,7200,0.884058,100,100,65.4,0.70724636,Very Low,78.9,3.6029682,100,1747063800,Very Low,1.3768734,4.495929,Very Low,2.3375628,61.1,1.9275362,100,1747063800,0.884058
2025-05-12T15:40:37Z,0,29.853,74.4,58,67.8,11,11,246,76,0.0,255,32767,0.0,2127-15-31,0.0,0.16,26.24,0.0,0.0,0.0,0,4.828125,6,84,05:49,20:11,2025-05-12 15:40:36.799593,Città della Scienza,54.4,4.236815,11.252376,1.7210917,3.046035,EU EEA Common AQI,79.3,3.807544,10.197418,7200,0.884058,100,100,65.4,0.70724636,Very Low,78.9,3.6029682,100,1747063800,Very Low,1.3768734,4.495929,Very Low,2.3375628,61.1,1.9275362,100,1747063800,0.884058
2025-05-12T15:40:48Z,0,29.853,74.4,58,67.8,13,11,242,76,0.0,255,32767,0.0,2127-15-31,0.0,0.16,26.24,0.0,0.0,0.0,0,4.828125,6,84,05:49,20:11,2025-05-12 15:40:47.911597,Città della Scienza,54.4,4.236815,11.252376,1.7210917,3.046035,EU EEA Common AQI,79.3,3.807544,10.197418,7200,0.884058,100,100,65.4,0.70724636,Very Low,78.9,3.6029682,100,1747063800,Very Low,1.3768734,4.495929,Very Low,2.3375628,61.1,1.9275362,100,1747063800,0.884058
2025-05-12T15:40:59Z,0,29.853,74.4,58,67.7,13,11,248,76,0.0,255,32767,0.0,2127-15-31,0.0,0.16,26.24,0.0,0.0,0.0,0,4.828125,6,84,05:49,20:11,2025-05-12 15:40:58.983602,Città della Scienza,54.4,4.236815,11.252376,1.7210917,3.046035,EU EEA Common AQI,79.3,3.807544,10.197418,7200,0.884058,100,100,65.4,0.70724636,Very Low,78.9,3.6029682,100,1747063800,Very Low,1.3768734,4.495929,Very Low,2.3375628,61.1,1.9275362,100,1747063800,0.884058
2025-05-12T15:41:10Z,0,29.853,74.4,58,67.7,12,11,241,76,0.0,255,32767,0.0,2127-15-31,0.0,0.16,26.24,0.0,0.0,0.0,0,4.828125,6,84,05:49,20:11,2025-05-12 15:41:10.049574,Città della Scienza,54.4,4.236815,11.252376,1.7210917,3.046035,EU EEA Common AQI,79.3,3.807544,10.197418,7200,0.884058,100,100,65.4,0.70724636,Very Low,78.9,3.6029682,100,1747063800,Very Low,1.3768734,4.495929,Very Low,2.3375628,61.1,1.9275362,100,1747063800,0.884058
2025-05-12T15:41:21Z,0,29.853,74.4,58,67.7,13,11,236,75,0.0,255,32767,0.0,2127-15-31,0.0,0.16,26.24,0.0,0.0,0.0,0,4.828125,6,84,05:49,20:11,2025-05-12 15:41:21.108594,Città della Scienza,54.4,4.236815,11.252376,1.7210917,3.046035,EU EEA Common AQI,79.3,3.807544,10.197418,7200,0.884058,100,100,65.4,0.70724636,Very Low,78.9,3.6029682,100,1747063800,Very Low,1.3768734,4.495929,Very Low,2.3375628,61.1,1.9275362,100,1747063800,0.884058
2025-05-12T15:41:32Z,0,29.853,74.4,58,67.7,13,11,252,75,0.0,255,32767,0.0,2127-15-31,0.0,0.16,26.24,0.0,0.0,0.0,0,4.828125,6,84,05:49,20:11,2025-05-12 15:41:32.140607,Città della Scienza,54.4,4.236815,11.252376,1.7210917,3.046035,EU EEA Common AQI,79.3,3.807544,10.197418,7200,0.884058,100,100,65.4,0.70724636,Very Low,78.9,3.6029682,100,1747063800,Very Low,1.3768734,4.495929,Very Low,2.3375628,61.1,1.9275362,100,1747063800,0.884058
2025-05-12T15:41:43Z,0,29.855,74.4,58,67.7,16,12,247,75,0.0,255,32767,0.0,2127-15-31,0.0,0.16,26.24,0.0,0.0,0.0,0,4.828125,6,84,05:49,20:11,2025-05-12 15:41:43.208597,Città della Scienza,54.4,4.236815,11.252376,1.7210917,3.046035,EU EEA Common AQI,79.3,3.807544,10.197418,7200,0.884058,100,100,65.4,0.70724636,Very Low,78.9,3.6029682,100,1747063800,Very Low,1.3768734,4.495929,Very Low,2.3375628,61.1,1.9275362,100,1747063800,0.884058
2025-05-12T15:41:54Z,0,29.855,74.4,58,67.6,13,12,245,75,0.0,255,32767,0.0,2127-15-31,0.0,0.16,26.24,0.0,0.0,0.0,0,4.828125,6,84,05:49,20:11,2025-05-12 15:41:54.257596,Città della Scienza,54.4,4.236815,11.252376,1.7210917,3.046035,EU EEA Common AQI,79.3,3.807544,10.197418,7200,0.884058,100,100,65.4,0.70724636,Very Low,78.9,3.6029682,100,1747063800,Very Low,1.3768734,4.495929,Very Low,2.3375628,61.1,1.9275362,100,1747063800,0.884058
2025-05-12T15:42:05Z,0,29.855,74.4,58,67.6,13,12,249,75,0.0,255,32767,0.0,2127-15-31,0.0,0.16,26.24,0.0,0.0,0.0,0,4.828125,6,84,05:49,20:11,2025-05-12 15:42:05.343588,Città della Scienza,54.4,4.236815,11.252376,1.7210917,3.046035,EU EEA Common AQI,79.3,3.807544,10.197418,7200,0.884058,100,100,65.4,0.70724636,Very Low,78.9,3.6029682,100,1747063800,Very Low,1.3768734,4.495929,Very Low,2.3375628,61.1,1.9275362,100,1747063800,0.884058
2025-05-12T15:42:16Z,0,29.855,74.4,58,67.6,12,12,250,74,0.0,255,32767,0.0,2127-15-31,0.0,0.16,26.24,0.0,0.0,0.0,0,4.828125,6,84,05:49,20:11,2025-05-12 15:42:16.420598,Città della Scienza,54.4,4.236815,11.252376,1.7210917,3.046035,EU EEA Common AQI,79.3,3.807544,10.197418,7200,0.884058,100,100,65.4,0.70724636,Very Low,78.9,3.6029682,100,1747063800,Very Low,1.3768734,4.495929,Very Low,2.3375628,61.1,1.9275362,100,1747063800,0.884058
2025-05-12T15:42:27Z,0,29.855,74.4,58,67.6,15,12,226,74,0.0,255,32767,0.0,2127-15-31,0.0,0.16,26.24,0.0,0.0,0.0,0,4.828125,6,84,05:49,20:11,2025-05-12 15:42:27.483603,Città della Scienza,54.4,4.236815,11.252376,1.7210917,3.046035,EU EEA Common AQI,79.3,3.807544,10.197418,7200,0.884058,100,100,65.4,0.70724636,Very Low,78.9,3.6029682,100,1747063800,Very Low,1.3768734,4.495929,Very Low,2.3375628,61.1,1.9275362,100,1747063800,0.884058
2025-05-12T15:42:38Z,0,29.855,74.4,58,67.6,11,12,229,74,0.0,255,32767,0.0,2127-15-31,0.0,0.16,26.24,0.0,0.0,0.0,0,4.828125,6,84,05:49,20:11,2025-05-12 15:42:38.604596,Città della Scienza,54.4,4.236815,11.252376,1.7210917,3.046035,EU EEA Common AQI,79.3,3.807544,10.197418,7200,0.884058,100,100,65.4,0.70724636,Very Low,78.9,3.6029682,100,1747063800,Very Low,1.3768734,4.495929,Very Low,2.3375628,61.1,1.9275362,100,1747063800,0.884058
2025-05-12T15:42:49Z,0,29.855,74.4,58,67.6,13,12,234,74,0.0,255,32767,0.0,2127-15-31,0.0,0.16,26.24,0.0,0.0,0.0,0,4.828125,6,84,05:49,20:11,2025-05-12 15:42:49.661597,Città della Scienza,54.4,4.236815,11.252376,1.7210917,3.046035,EU EEA Common AQI,79.3,3.807544,10.197418,7200,0.884058,100,100,65.4,0.70724636,Very Low,78.9,3.6029682,100,1747063800,Very Low,1.3768734,4.495929,Very Low,2.3375628,61.1,1.9275362,100,1747063800,0.884058
2025-05-12T15:43:00Z,0,29.855,74.4,58,67.6,15,12,246,74,0.0,255,32767,0.0,2127-15-31,0.0,0.16,26.24,0.0,0.0,0.0,0,4.828125,6,84,05:49,20:11,2025-05-12 15:43:00.766587,Città della Scienza,54.4,4.236815,11.252376,1.7210917,3.046035,EU EEA Common AQI,79.3,3.807544,10.197418,7200,0.884058,100,100,65.4,0.70724636,Very Low,78.9,3.6029682,100,1747063800,Very Low,1.3768734,4.495929,Very Low,2.3375628,61.1,1.9275362,100,1747063800,0.884058
2025-05-12T15:43:12Z,0,29.855,74.4,58,67.6,15,12,243,73,0.0,255,32767,0.0,2127-15-31,0.0,0.16,26.24,0.0,0.0,0.0,0,4.828125,6,84,05:49,20:11,2025-05-12 15:43:11.872601,Città della Scienza,54.4,4.236815,11.252376,1.7210917,3.046035,EU EEA Common AQI,79.3,3.807544,10.197418,7200,0.884058,100,100,65.4,0.70724636,Very Low,78.9,3.6029682,100,1747063800,Very Low,1.3768734,4.495929,Very Low,2.3375628,61.1,1.9275362,100,1747063800,0.884058
2025-05-12T15:43:23Z,0,29.855,74.4,58,67.6,11,12,225,73,0.0,255,32767,0.0,2127-15-31,0.0,0.16,26.24,0.0,0.0,0.0,0,4.828125,6,84,05:49,20:11,2025-05-12 15:43:22.977595,Città della Scienza,54.4,4.236815,11.252376,1.7210917,3.046035,EU EEA Common AQI,79.3,3.807544,10.197418,7200,0.884058,100,100,65.4,0.70724636,Very Low,78.9,3.6029682,100,1747063800,Very Low,1.3768734,4.495929,Very Low,2.3375628,61.1,1.9275362,100,1747063800,0.884058
2025-05-12T15:43:34Z,0,29.855,74.4,58,67.6,11,12,252,73,0.0,255,32767,0.0,2127-15-31,0.0,0.16,26.24,0.0,0.0,0.0,0,4.828125,6,84,05:49,20:11,2025-05-12 15:43:34.083596,Città della Scienza,54.4,4.236815,11.252376,1.7210917,3.046035,EU EEA Common AQI,79.3,3.807544,10.197418,7200,0.884058,100,100,65.4,0.70724636,Very Low,78.9,3.6029682,100,1747063800,Very Low,1.3768734,4.495929,Very Low,2.3375628,61.1,1.9275362,100,1747063800,0.884058
2025-05-12T15:43:45Z,0,29.855,74.4,58,67.6,14,12,248,73,0.0,255,32767,0.0,2127-15-31,0.0,0.16,26.24,0.0,0.0,0.0,0,4.828125,6,84,05:49,20:11,2025-05-12 15:43:45.179600,Città della Scienza,54.4,4.236815,11.252376,1.7210917,3.046035,EU EEA Common AQI,79.3,3.807544,10.197418,7200,0.884058,100,100,65.4,0.70724636,Very Low,78.9,3.6029682,100,1747063800,Very Low,1.3768734,4.495929,Very Low,2.3375628,61.1,1.9275362,100,1747063800,0.884058
2025-05-12T15:43:56Z,0,29.855,74.4,58,67.6,11,12,238,73,0.0,255,32767,0.0,2127-15-31,0.0,0.16,26.24,0.0,0.0,0.0,0,4.828125,6,84,05:49,20:11,2025-05-12 15:43:56.245588,Città della Scienza,54.4,4.236815,11.252376,1.7210917,3.046035,EU EEA Common AQI,79.3,3.807544,10.197418,7200,0.884058,100,100,65.4,0.70724636,Very Low,78.9,3.6029682,100,1747063800,Very Low,1.3768734,4.495929,Very Low,2.3375628,61.1,1.9275362,100,1747063800,0.884058
2025-05-12T15:44:07Z,0,29.855,74.4,58,67.7,8,12,281,73,0.0,255,32767,0.0,2127-15-31,0.0,0.16,26.24,0.0,0.0,0.0,0,4.828125,6,84,05:49,20:11,2025-05-12 15:44:07.365616,Città della Scienza,54.4,4.236815,11.252376,1.7210917,3.046035,EU EEA Common AQI,79.3,3.807544,10.197418,7200,0.884058,100,100,65.4,0.70724636,Very Low,78.9,3.6029682,100,1747063800,Very Low,1.3768734,4.495929,Very Low,2.3375628,61.1,1.9275362,100,1747063800,0.884058
2025-05-12T15:44:18Z,0,29.855,74.4,58,67.7,10,12,236,73,0.0,255,32767,0.0,2127-15-31,0.0,0.16,26.24,0.0,0.0,0.0,0,4.828125,6,84,05:49,20:11,2025-05-12 15:44:18.405594,Città della Scienza,54.4,4.236815,11.252376,1.7210917,3.046035,EU EEA Common AQI,79.3,3.807544,10.197418,7200,0.884058,100,100,65.4,0.70724636,Very Low,78.9,3.6029682,100,1747063800,Very Low,1.3768734,4.495929,Very Low,2.3375628,61.1,1.9275362,100,1747063800,0.884058
2025-05-12T15:44:29Z,0,29.855,74.4,58,67.7,10,12,263,73,0.0,255,32767,0.0,2127-15-31,0.0,0.16,26.24,0.0,0.0,0.0,0,4.828125,6,84,05:49,20:11,2025-05-12 15:44:29.502560,Città della Scienza,54.4,4.236815,11.252376,1.7210917,3.046035,EU EEA Common AQI,79.3,3.807544,10.197418,7200,0.884058,100,100,65.4,0.70724636,Very Low,78.9,3.6029682,100,1747063800,Very Low,1.3768734,4.495929,Very Low,2.3375628,61.1,1.9275362,100,1747063800,0.884058
2025-05-12T15:44:40Z,0,29.854,74.4,58,67.7,12,12,242,73,0.0,255,32767,0.0,2127-15-31,0.0,0.16,26.24,0.0,0.0,0.0,0,4.828125,6,84,05:49,20:11,2025-05-12 15:44:40.579594,Città della Scienza,54.4,4.236815,11.252376,1.7210917,3.046035,EU EEA Common AQI,79.3,3.807544,10.197418,7200,0.884058,100,100,65.4,0.70724636,Very Low,78.9,3.6029682,100,1747063800,Very Low,1.3768734,4.495929,Very Low,2.3375628,61.1,1.9275362,100,1747063800,0.884058
2025-05-12T15:44:51Z,0,29.854,74.4,58,67.7,11,12,233,73,0.0,255,32767,0.0,2127-15-31,0.0,0.16,26.24,0.0,0.0,0.0,0,4.828125,6,84,05:49,20:11,2025-05-12 15:44:51.644606,Città della Scienza,54.4,4.236815,11.252376,1.7210917,3.046035,EU EEA Common AQI,79.3,3.807544,10.197418,7200,0.884058,100,100,65.4,0.70724636,Very Low,78.9,3.6029682,100,1747063800,Very Low,1.3768734,4.495929,Very Low,2.3375628,61.1,1.9275362,100,1747063800,0.884058
2025-05-12T15:45:02Z,0,29.854,74.4,58,67.9,9,12,248,73,0.0,255,32767,0.0,2127-15-31,0.0,0.16,26.24,0.0,0.0,0.0,0,4.828125,6,84,05:49,20:11,2025-05-12 15:45:02.709600,Città della Scienza,54.4,4.236815,11.252376,1.7210917,3.046035,EU EEA Common AQI,79.3,3.807544,10.197418,7200,0.884058,100,100,65.4,0.70724636,Very Low,78.9,3.6029682,100,1747063800,Very Low,1.3768734,4.495929,Very Low,2.3375628,61.1,1.9275362,100,1747063800,0.884058
2025-05-12T15:45:14Z,0,29.854,74.4,58,67.8,10,12,237,73,0.0,255,32767,0.0,2127-15-31,0.0,0.16,26.24,0.0,0.0,0.0,0,4.828125,6,84,05:49,20:11,2025-05-12 15:45:13.823589,Città della Scienza,54.4,4.236815,11.252376,1.7210917,3.046035,EU EEA Common AQI,79.3,3.807544,10.197418,7200,0.884058,100,100,65.4,0.70724636,Very Low,78.9,3.6029682,100,1747063800,Very Low,1.3768734,4.495929,Very Low,2.3375628,61.1,1.9275362,100,1747063800,0.884058
2025-05-12T15:45:25Z,0,29.854,74.4,58,67.8,9,12,223,73,0.0,255,32767,0.0,2127-15-31,0.0,0.16,26.24,0.0,0.0,0.0,0,4.828125,6,84,05:49,20:11,2025-05-12 15:45:24.918563,Città della Scienza,52.4,3.6322508,11.231336,1.2587363,2.6195126,EU EEA Common AQI,79.8,3.274391,10.177697,7200,0.68115944,100,100,65.0,0.66086954,Very Low,79.5,3.0194685,100,1747064700,Very Low,1.006989,3.9174824,Very Low,1.8058879,60.5,1.2898551,100,1747064700,0.82608694
2025-05-12T15:45:36Z,0,29.856,74.4,58,67.8,14,12,253,73,0.0,255,32767,0.0,2127-15-31,0.0,0.16,26.24,0.0,0.0,0.0,0,4.828125,6,84,05:49,20:11,2025-05-12 15:45:36.020596,Città della Scienza,52.4,3.6322508,11.231336,1.2587363,2.6195126,EU EEA Common AQI,79.8,3.274391,10.177697,7200,0.68115944,100,100,65.0,0.66086954,Very Low,79.5,3.0194685,100,1747064700,Very Low,1.006989,3.9174824,Very Low,1.8058879,60.5,1.2898551,100,1747064700,0.82608694
2025-05-12T15:45:47Z,0,29.856,74.4,58,67.9,13,12,245,73,0.0,255,32767,0.0,2127-15-31,0.0,0.16,26.24,0.0,0.0,0.0,0,4.828125,6,84,05:49,20:11,2025-05-12 15:45:47.088596,Città della Scienza,52.4,3.6322508,11.231336,1.2587363,2.6195126,EU EEA Common AQI,79.8,3.274391,10.177697,7200,0.68115944,100,100,65.0,0.66086954,Very Low,79.5,3.0194685,100,1747064700,Very Low,1.006989,3.9174824,Very Low,1.8058879,60.5,1.2898551,100,1747064700,0.82608694
2025-05-12T15:45:58Z,0,29.856,74.4,58,67.9,13,12,261,73,0.0,255,32767,0.0,2127-15-31,0.0,0.16,26.24,0.0,0.0,0.0,0,4.828125,6,84,05:49,20:11,2025-05-12 15:45:58.156595,Città della Scienza,52.4,3.6322508,11.231336,1.2587363,2.6195126,EU EEA Common AQI,79.8,3.274391,10.177697,7200,0.68115944,100,100,65.0,0.66086954,Very Low,79.5,3.0194685,100,1747064700,Very Low,1.006989,3.9174824,Very Low,1.8058879,60.5,1.2898551,100,1747064700,0.82608694
2025-05-12T15:46:09Z,0,29.856,74.4,58,67.8,9,12,242,73,0.0,255,32767,0.0,2127-15-31,0.0,0.16,26.24,0.0,0.0,0.0,0,4.828125,6,84,05:49,20:11,2025-05-12 15:46:09.256604,Città della Scienza,52.4,3.6322508,11.231336,1.2587363,2.6195126,EU EEA Common AQI,79.8,3.274391,10.177697,7200,0.68115944,100,100,65.0,0.66086954,Very Low,79.5,3.0194685,100,1747064700,Very Low,1.006989,3.9174824,Very Low,1.8058879,60.5,1.2898551,100,1747064700,0.82608694
2025-05-12T15:46:20Z,0,29.856,74.4,58,67.9,14,12,277,73,0.0,255,32767,0.0,2127-15-31,0.0,0.16,26.24,0.0,0.0,0.0,0,4.828125,6,84,05:49,20:11,2025-05-12 15:46:20.393594,Città della Scienza,52.4,3.6322508,11.231336,1.2587363,2.6195126,EU EEA Common AQI,79.8,3.274391,10.177697,7200,0.68115944,100,100,65.0,0.66086954,Very Low,79.5,3.0194685,100,1747064700,Very Low,1.006989,3.9174824,Very Low,1.8058879,60.5,1.2898551,100,1747064700,0.82608694
2025-05-12T15:46:31Z,0,29.856,74.4,58,67.9,15,12,259,73,0.0,255,32767,0.0,2127-15-31,0.0,0.16,26.24,0.0,0.0,0.0,0,4.828125,6,84,05:49,20:11,2025-05-12 15:46:31.495597,Città della Scienza,52.4,3.6322508,11.231336,1.2587363,2.6195126,EU EEA Common AQI,79.8,3.274391,10.177697,7200,0.68115944,100,100,65.0,0.66086954,Very Low,79.5,3.0194685,100,1747064700,Very Low,1.006989,3.9174824,Very Low,1.8058879,60.5,1.2898551,100,1747064700,0.82608694
2025-05-12T15:46:42Z,0,29.856,74.4,58,67.9,12,12,254,71,0.0,255,32767,0.0,2127-15-31,0.0,0.16,26.24,0.0,0.0,0.0,0,4.828125,6,84,05:49,20:11,2025-05-12 15:46:42.618604,Città della Scienza,52.4,3.6322508,11.231336,1.2587363,2.6195126,EU EEA Common AQI,79.8,3.274391,10.177697,7200,0.68115944,100,100,65.0,0.66086954,Very Low,79.5,3.0194685,100,1747064700,Very Low,1.006989,3.9174824,Very Low,1.8058879,60.5,1.2898551,100,1747064700,0.82608694
2025-05-12T15:46:53Z,0,29.856,74.4,58,67.9,10,12,239,71,0.0,255,32767,0.0,2127-15-31,0.0,0.16,26.24,0.0,0.0,0.0,0,4.828125,6,84,05:49,20:11,2025-05-12 15:46:53.711604,Città della Scienza,52.4,3.6322508,11.231336,1.2587363,2.6195126,EU EEA Common AQI,79.8,3.274391,10.177697,7200,0.68115944,100,100,65.0,0.66086954,Very Low,79.5,3.0194685,100,1747064700,Very Low,1.006989,3.9174824,Very Low,1.8058879,60.5,1.2898551,100,1747064700,0.82608694
2025-05-12T15:47:05Z,0,29.856,74.4,58,67.9,14,12,238,71,0.0,255,32767,0.0,2127-15-31,0.0,0.16,26.24,0.0,0.0,0.0,0,4.828125,6,84,05:49,20:11,2025-05-12 15:47:04.799610,Città della Scienza,52.4,3.6322508,11.231336,1.2587363,2.6195126,EU EEA Common AQI,79.8,3.274391,10.177697,7200,0.68115944,100,100,65.0,0.66086954,Very Low,79.5,3.0194685,100,1747064700,Very Low,1.006989,3.9174824,Very Low,1.8058879,60.5,1.2898551,100,1747064700,0.82608694
2025-05-12T15:47:16Z,0,29.856,74.4,58,67.9,13,12,246,71,0.0,255,32767,0.0,2127-15-31,0.0,0.16,26.24,0.0,0.0,0.0,0,4.828125,6,84,05:49,20:11,2025-05-12 15:47:15.869598,Città della Scienza,52.4,3.6322508,11.231336,1.2587363,2.6195126,EU EEA Common AQI,79.8,3.274391,10.177697,7200,0.68115944,100,100,65.0,0.66086954,Very Low,79.5,3.0194685,100,1747064700,Very Low,1.006989,3.9174824,Very Low,1.8058879,60.5,1.2898551,100,1747064700,0.82608694
2025-05-12T15:47:27Z,0,29.856,74.4,58,68.0,12,12,257,71,0.0,255,32767,0.0,2127-15-31,0.0,0.16,26.24,0.0,0.0,0.0,0,4.828125,6,84,05:49,20:11,2025-05-12 15:47:26.961608,Città della Scienza,52.4,3.6322508,11.231336,1.2587363,2.6195126,EU EEA Common AQI,79.8,3.274391,10.177697,7200,0.68115944,100,100,65.0,0.66086954,Very Low,79.5,3.0194685,100,1747064700,Very Low,1.006989,3.9174824,Very Low,1.8058879,60.5,1.2898551,100,1747064700,0.82608694
2025-05-12T15:47:38Z,0,29.855,74.4,58,67.9,14,12,251,72,0.0,255,32767,0.0,2127-15-31,0.0,0.16,26.24,0.0,0.0,0.0,0,4.828125,6,84,05:49,20:11,2025-05-12 15:47:38.021592,Città della Scienza,52.4,3.6322508,11.231336,1.2587363,2.6195126,EU EEA Common AQI,79.8,3.274391,10.177697,7200,0.68115944,100,100,65.0,0.66086954,Very Low,79.5,3.0194685,100,1747064700,Very Low,1.006989,3.9174824,Very Low,1.8058879,60.5,1.2898551,100,1747064700,0.82608694
2025-05-12T15:47:49Z,0,29.855,74.4,58,68.0,12,12,251,72,0.0,255,32767,0.0,2127-15-31,0.0,0.16,26.24,0.0,0.0,0.0,0,4.828125,6,84,05:49,20:11,2025-05-12 15:47:49.110621,Città della Scienza,52.4,3.6322508,11.231336,1.2587363,2.6195126,EU EEA Common AQI,79.8,3.274391,10.177697,7200,0.68115944,100,100,65.0,0.66086954,Very Low,79.5,3.0194685,100,1747064700,Very Low,1.006989,3.9174824,Very Low,1.8058879,60.5,1.2898551,100,1747064700,0.82608694
2025-05-12T15:48:00Z,0,29.855,74.4,58,68.0,9,12,229,72,0.0,255,32767,0.0,2127-15-31,0.0,0.16,26.24,0.0,0.0,0.0,0,4.828125,6,84,05:49,20:11,2025-05-12 15:48:00.181564,Città della Scienza,52.4,3.6322508,11.231336,1.2587363,2.6195126,EU EEA Common AQI,79.8,3.274391,10.177697,7200,0.68115944,100,100,65.0,0.66086954,Very Low,79.5,3.0194685,100,1747064700,Very Low,1.006989,3.9174824,Very Low,1.8058879,60.5,1.2898551,100,1747064700,0.82608694
2025-05-12T15:48:11Z,0,29.855,74.4,58,68.0,9,12,256,72,0.0,255,32767,0.0,2127-15-31,0.0,0.16,26.24,0.0,0.0,0.0,0,4.828125,6,84,05:49,20:11,2025-05-12 15:48:11.263613,Città della Scienza,52.4,3.6322508,11.231336,1.2587363,2.6195126,EU EEA Common AQI,79.8,3.274391,10.177697,7200,0.68115944,100,100,65.0,0.66086954,Very Low,79.5,3.0194685,100,1747064700,Very Low,1.006989,3.9174824,Very Low,1.8058879,60.5,1.2898551,100,1747064700,0.82608694
2025-05-12T15:48:22Z,0,29.855,74.4,58,68.1,13,12,265,73,0.0,255,32767,0.0,2127-15-31,0.0,0.16,26.24,0.0,0.0,0.0,0,4.828125,6,84,05:49,20:11,2025-05-12 15:48:22.346594,Città della Scienza,52.4,3.6322508,11.231336,1.2587363,2.6195126,EU EEA Common AQI,79.8,3.274391,10.177697,7200,0.68115944,100,100,65.0,0.66086954,Very Low,79.5,3.0194685,100,1747064700,Very Low,1.006989,3.9174824,Very Low,1.8058879,60.5,1.2898551,100,1747064700,0.82608694
2025-05-12T15:48:33Z,0,29.855,74.4,58,68.1,13,12,230,73,0.0,255,32767,0.0,2127-15-31,0.0,0.16,26.24,0.0,0.0,0.0,0,4.828125,6,84,05:49,20:11,2025-05-12 15:48:33.521593,Città della Scienza,52.4,3.6322508,11.231336,1.2587363,2.6195126,EU EEA Common AQI,79.8,3.274391,10.177697,7200,0.68115944,100,100,65.0,0.66086954,Very Low,79.5,3.0194685,100,1747064700,Very Low,1.006989,3.9174824,Very Low,1.8058879,60.5,1.2898551,100,1747064700,0.82608694
2025-05-12T15:48:44Z,0,29.857,74.4,58,68.0,14,12,252,73,0.0,255,32767,0.0,2127-15-31,0.0,0.16,26.24,0.0,0.0,0.0,0,4.828125,6,84,05:49,20:11,2025-05-12 15:48:44.597593,Città della Scienza,52.4,3.6322508,11.231336,1.2587363,2.6195126,EU EEA Common AQI,79.8,3.274391,10.177697,7200,0.68115944,100,100,65.0,0.66086954,Very Low,79.5,3.0194685,100,1747064700,Very Low,1.006989,3.9174824,Very Low,1.8058879,60.5,1.2898551,100,1747064700,0.82608694
2025-05-12T15:48:55Z,0,29.857,74.4,58,68.0,11,12,244,73,0.0,255,32767,0.0,2127-15-31,0.0,0.16,26.24,0.0,0.0,0.0,0,4.828125,6,84,05:49,20:11,2025-05-12 15:48:55.676595,Città della Scienza,52.4,3.6322508,11.231336,1.2587363,2.6195126,EU EEA Common AQI,79.8,3.274391,10.177697,7200,0.68115944,100,100,65.0,0.66086954,Very Low,79.5,3.0194685,100,1747064700,Very Low,1.006989,3.9174824,Very Low,1.8058879,60.5,1.2898551,100,1747064700,0.82608694
2025-05-12T15:49:06Z,0,29.857,74.4,58,68.0,16,12,244,73,0.0,255,32767,0.0,2127-15-31,0.0,0.16,26.24,0.0,0.0,0.0,0,4.828125,6,84,05:49,20:11,2025-05-12 15:49:06.737598,Città della Scienza,52.4,3.6322508,11.231336,1.2587363,2.6195126,EU EEA Common AQI,79.8,3.274391,10.177697,7200,0.68115944,100,100,65.0,0.66086954,Very Low,79.5,3.0194685,100,1747064700,Very Low,1.006989,3.9174824,Very Low,1.8058879,60.5,1.2898551,100,1747064700,0.82608694
2025-05-12T15:49:18Z,0,29.857,74.4,58,68.0,12,12,257,72,0.0,255,32767,0.0,2127-15-31,0.0,0.16,26.24,0.0,0.0,0.0,0,4.828125,6,84,05:49,20:11,2025-05-12 15:49:17.799596,Città della Scienza,52.4,3.6322508,11.231336,1.2587363,2.6195126,EU EEA Common AQI,79.8,3.274391,10.177697,7200,0.68115944,100,100,65.0,0.66086954,Very Low,79.5,3.0194685,100,1747064700,Very Low,1.006989,3.9174824,Very Low,1.8058879,60.5,1.2898551,100,1747064700,0.82608694
2025-05-12T15:49:29Z,0,29.857,74.4,58,67.9,14,12,255,72,0.0,255,32767,0.0,2127-15-31,0.0,0.16,26.24,0.0,0.0,0.0,0,4.828125,6,84,05:49,20:11,2025-05-12 15:49:28.902595,Città della Scienza,52.4,3.6322508,11.231336,1.2587363,2.6195126,EU EEA Common AQI,79.8,3.274391,10.177697,7200,0.68115944,100,100,65.0,0.66086954,Very Low,79.5,3.0194685,100,1747064700,Very Low,1.006989,3.9174824,Very Low,1.8058879,60.5,1.2898551,100,1747064700,0.82608694
2025-05-12T15:49:40Z,0,29.854,74.4,58,67.9,16,13,247,72,0.0,255,32767,0.0,2127-15-31,0.0,0.16,26.24,0.0,0.0,0.0,0,4.828125,6,84,05:49,20:11,2025-05-12 15:49:39.975595,Città della Scienza,52.4,3.6322508,11.231336,1.2587363,2.6195126,EU EEA Common AQI,79.8,3.274391,10.177697,7200,0.68115944,100,100,65.0,0.66086954,Very Low,79.5,3.0194685,100,1747064700,Very Low,1.006989,3.9174824,Very Low,1.8058879,60.5,1.2898551,100,1747064700,0.82608694
2025-05-12T15:49:51Z,0,29.854,74.4,58,67.9,13,13,252,72,0.0,255,32767,0.0,2127-15-31,0.0,0.16,26.24,0.0,0.0,0.0,0,4.828125,6,84,05:49,20:11,2025-05-12 15:49:51.057599,Città della Scienza,52.4,3.6322508,11.231336,1.2587363,2.6195126,EU EEA Common AQI,79.8,3.274391,10.177697,7200,0.68115944,100,100,65.0,0.66086954,Very Low,79.5,3.0194685,100,1747064700,Very Low,1.006989,3.9174824,Very Low,1.8058879,60.5,1.2898551,100,1747064700,0.82608694
2025-05-12T15:50:02Z,0,29.854,74.4,58,67.9,11,13,238,72,0.0,255,32767,0.0,2127-15-31,0.0,0.16,26.24,0.0,0.0,0.0,0,4.828125,6,84,05:49,20:11,2025-05-12 15:50:02.155608,Città della Scienza,52.4,3.6322508,11.231336,1.2587363,2.6195126,EU EEA Common AQI,79.8,3.274391,10.177697,7200,0.68115944,100,100,65.0,0.66086954,Very Low,79.5,3.0194685,100,1747064700,Very Low,1.006989,3.9174824,Very Low,1.8058879,60.5,1.2898551,100,1747064700,0.82608694
2025-05-12T15:50:13Z,0,29.854,74.4,58,67.9,11,13,264,72,0.0,255,32767,0.0,2127-15-31,0.0,0.16,26.24,0.0,0.0,0.0,0,4.828125,6,84,05:49,20:11,2025-05-12 15:50:13.240597,Città della Scienza,52.4,3.6322508,11.231336,1.2587363,2.6195126,EU EEA Common AQI,79.8,3.274391,10.177697,7200,0.68115944,100,100,65.0,0.66086954,Very Low,79.5,3.0194685,100,1747064700,Very Low,1.006989,3.9174824,Very Low,1.8058879,60.5,1.2898551,100,1747064700,0.82608694
2025-05-12T15:50:24Z,0,29.854,74.4,58,67.9,9,13,227,72,0.0,255,32767,0.0,2127-15-31,0.0,0.16,26.24,0.0,0.0,0.0,0,4.828125,6,84,05:49,20:11,2025-05-12 15:50:24.355602,Città della Scienza,52.4,3.6322508,11.231336,1.2587363,2.6195126,EU EEA Common AQI,79.8,3.274391,10.177697,7200,0.68115944,100,100,65.0,0.66086954,Very Low,79.5,3.0194685,100,1747064700,Very Low,1.006989,3.9174824,Very Low,1.8058879,60.5,1.2898551,100,1747064700,0.82608694
2025-05-12T15:50:35Z,0,29.855,74.4,58,67.9,13,13,285,72,0.0,255,32767,0.0,2127-15-31,0.0,0.16,26.24,0.0,0.0,0.0,0,4.828125,6,84,05:49,20:11,2025-05-12 15:50:35.431596,Città della Scienza,52.4,3.6322508,11.231336,1.2587363,2.6195126,EU EEA Common AQI,79.8,3.274391,10.177697,7200,0.68115944,100,100,65.0,0.66086954,Very Low,79.5,3.0194685,100,1747064700,Very Low,1.006989,3.9174824,Very Low,1.8058879,60.5,1.2898551,100,1747064700,0.82608694
2025-05-12T15:50:46Z,0,29.855,74.4,58,68.0,13,13,241,72,0.0,255,32767,0.0,2127-15-31,0.0,0.16,26.24,0.0,0.0,0.0,0,4.828125,6,84,05:49,20:11,2025-05-12 15:50:46.484591,Città della Scienza,52.4,3.6322508,11.231336,1.2587363,2.6195126,EU EEA Common AQI,79.8,3.274391,10.177697,7200,0.68115944,100,100,65.0,0.66086954,Very Low,79.5,3.0194685,100,1747064700,Very Low,1.006989,3.9174824,Very Low,1.8058879,60.5,1.2898551,100,1747064700,0.82608694
2025-05-12T15:50:57Z,0,29.855,74.4,58,67.9,14,13,246,72,0.0,255,32767,0.0,2127-15-31,0.0,0.16,26.24,0.0,0.0,0.0,0,4.828125,6,84,05:49,20:11,2025-05-12 15:50:57.576624,Città della Scienza,52.4,3.6322508,11.231336,1.2587363,2.6195126,EU EEA Common AQI,79.8,3.274391,10.177697,7200,0.68115944,100,100,65.0,0.66086954,Very Low,79.5,3.0194685,100,1747064700,Very Low,1.006989,3.9174824,Very Low,1.8058879,60.5,1.2898551,100,1747064700,0.82608694
2025-05-12T15:51:08Z,0,29.855,74.4,58,67.9,12,13,244,73,0.0,255,32767,0.0,2127-15-31,0.0,0.16,26.24,0.0,0.0,0.0,0,4.828125,6,84,05:49,20:11,2025-05-12 15:51:08.679601,Città della Scienza,52.4,3.6322508,11.231336,1.2587363,2.6195126,EU EEA Common AQI,79.8,3.274391,10.177697,7200,0.68115944,100,100,65.0,0.66086954,Very Low,79.5,3.0194685,100,1747064700,Very Low,1.006989,3.9174824,Very Low,1.8058879,60.5,1.2898551,100,1747064700,0.82608694
2025-05-12T15:51:19Z,0,29.855,74.4,58,67.9,12,13,246,73,0.0,255,32767,0.0,2127-15-31,0.0,0.16,26.24,0.0,0.0,0.0,0,4.828125,6,84,05:49,20:11,2025-05-12 15:51:19.760594,Città della Scienza,52.4,3.6322508,11.231336,1.2587363,2.6195126,EU EEA Common AQI,79.8,3.274391,10.177697,7200,0.68115944,100,100,65.0,0.66086954,Very Low,79.5,3.0194685,100,1747064700,Very Low,1.006989,3.9174824,Very Low,1.8058879,60.5,1.2898551,100,1747064700,0.82608694
2025-05-12T15:51:31Z,0,29.855,74.4,58,67.9,15,13,248,73,0.0,255,32767,0.0,2127-15-31,0.0,0.16,26.24,0.0,0.0,0.0,0,4.828125,6,84,05:49,20:11,2025-05-12 15:51:30.897614,Città della Scienza,52.4,3.6322508,11.231336,1.2587363,2.6195126,EU EEA Common AQI,79.8,3.274391,10.177697,7200,0.68115944,100,100,65.0,0.66086954,Very Low,79.5,3.0194685,100,1747064700,Very Low,1.006989,3.9174824,Very Low,1.8058879,60.5,1.2898551,100,1747064700,0.82608694
2025-05-12T15:51:42Z,0,29.855,74.3,58,67.9,13,13,240,73,0.0,255,32767,0.0,2127-15-31,0.0,0.16,26.24,0.0,0.0,0.0,0,4.828125,6,84,05:49,20:11,2025-05-12 15:51:41.935593,Città della Scienza,52.4,3.6322508,11.231336,1.2587363,2.6195126,EU EEA Common AQI,79.8,3.274391,10.177697,7200,0.68115944,100,100,65.0,0.66086954,Very Low,79.5,3.0194685,100,1747064700,Very Low,1.006989,3.9174824,Very Low,1.8058879,60.5,1.2898551,100,1747064700,0.82608694
2025-05-12T15:51:53Z,0,29.855,74.3,58,67.9,14,13,245,73,0.0,255,32767,0.0,2127-15-31,0.0,0.16,26.24,0.0,0.0,0.0,0,4.828125,6,84,05:49,20:11,2025-05-12 15:51:53.043588,Città della Scienza,52.4,3.6322508,11.231336,1.2587363,2.6195126,EU EEA Common AQI,79.8,3.274391,10.177697,7200,0.68115944,100,100,65.0,0.66086954,Very Low,79.5,3.0194685,100,1747064700,Very Low,1.006989,3.9174824,Very Low,1.8058879,60.5,1.2898551,100,1747064700,0.82608694
2025-05-12T15:52:04Z,0,29.855,74.3,58,67.9,12,13,252,73,0.0,255,32767,0.0,2127-15-31,0.0,0.16,26.24,0.0,0.0,0.0,0,4.828125,6,84,05:49,20:11,2025-05-12 15:52:04.113628,Città della Scienza,52.4,3.6322508,11.231336,1.2587363,2.6195126,EU EEA Common AQI,79.8,3.274391,10.177697,7200,0.68115944,100,100,65.0,0.66086954,Very Low,79.5,3.0194685,100,1747064700,Very Low,1.006989,3.9174824,Very Low,1.8058879,60.5,1.2898551,100,1747064700,0.82608694
2025-05-12T15:52:15Z,0,29.855,74.3,58,67.9,13,13,252,73,0.0,255,32767,0.0,2127-15-31,0.0,0.16,26.24,0.0,0.0,0.0,0,4.828125,6,84,05:49,20:11,2025-05-12 15:52:15.166561,Città della Scienza,52.4,3.6322508,11.231336,1.2587363,2.6195126,EU EEA Common AQI,79.8,3.274391,10.177697,7200,0.68115944,100,100,65.0,0.66086954,Very Low,79.5,3.0194685,100,1747064700,Very Low,1.006989,3.9174824,Very Low,1.8058879,60.5,1.2898551,100,1747064700,0.82608694
2025-05-12T15:52:26Z,0,29.855,74.3,58,67.9,13,13,253,73,0.0,255,32767,0.0,2127-15-31,0.0,0.16,26.24,0.0,0.0,0.0,0,4.828125,6,84,05:49,20:11,2025-05-12 15:52:26.237605,Città della Scienza,52.4,3.6322508,11.231336,1.2587363,2.6195126,EU EEA Common AQI,79.8,3.274391,10.177697,7200,0.68115944,100,100,65.0,0.66086954,Very Low,79.5,3.0194685,100,1747064700,Very Low,1.006989,3.9174824,Very Low,1.8058879,60.5,1.2898551,100,1747064700,0.82608694
2025-05-12T15:52:37Z,0,29.855,74.4,58,67.9,11,13,275,73,0.0,255,32767,0.0,2127-15-31,0.0,0.16,26.24,0.0,0.0,0.0,0,4.828125,6,84,05:49,20:11,2025-05-12 15:52:37.332592,Città della Scienza,52.4,3.6322508,11.231336,1.2587363,2.6195126,EU EEA Common AQI,79.8,3.274391,10.177697,7200,0.68115944,100,100,65.0,0.66086954,Very Low,79.5,3.0194685,100,1747064700,Very Low,1.006989,3.9174824,Very Low,1.8058879,60.5,1.2898551,100,1747064700,0.82608694
2025-05-12T15:52:48Z,0,29.855,74.4,58,67.9,15,13,242,73,0.0,255,32767,0.0,2127-15-31,0.0,0.16,26.24,0.0,0.0,0.0,0,4.828125,6,84,05:49,20:11,2025-05-12 15:52:48.415594,Città della Scienza,52.4,3.6322508,11.231336,1.2587363,2.6195126,EU EEA Common AQI,79.8,3.274391,10.177697,7200,0.68115944,100,100,65.0,0.66086954,Very Low,79.5,3.0194685,100,1747064700,Very Low,1.006989,3.9174824,Very Low,1.8058879,60.5,1.2898551,100,1747064700,0.82608694
2025-05-12T15:52:59Z,0,29.855,74.4,58,67.9,11,13,251,73,0.0,255,32767,0.0,2127-15-31,0.0,0.16,26.24,0.0,0.0,0.0,0,4.828125,6,84,05:49,20:11,2025-05-12 15:52:59.459551,Città della Scienza,52.4,3.6322508,11.231336,1.2587363,2.6195126,EU EEA Common AQI,79.8,3.274391,10.177697,7200,0.68115944,100,100,65.0,0.66086954,Very Low,79.5,3.0194685,100,1747064700,Very Low,1.006989,3.9174824,Very Low,1.8058879,60.5,1.2898551,100,1747064700,0.82608694
2025-05-12T15:53:10Z,0,29.855,74.4,58,67.9,12,13,236,73,0.0,255,32767,0.0,2127-15-31,0.0,0.16,26.24,0.0,0.0,0.0,0,4.828125,6,84,05:49,20:11,2025-05-12 15:53:10.545590,Città della Scienza,52.4,3.6322508,11.231336,1.2587363,2.6195126,EU EEA Common AQI,79.8,3.274391,10.177697,7200,0.68115944,100,100,65.0,0.66086954,Very Low,79.5,3.0194685,100,1747064700,Very Low,1.006989,3.9174824,Very Low,1.8058879,60.5,1.2898551,100,1747064700,0.82608694
2025-05-12T15:53:21Z,0,29.855,74.4,58,67.9,14,13,242,73,0.0,255,32767,0.0,2127-15-31,0.0,0.16,26.24,0.0,0.0,0.0,0,4.828125,6,84,05:49,20:11,2025-05-12 15:53:21.646592,Città della Scienza,52.4,3.6322508,11.231336,1.2587363,2.6195126,EU EEA Common AQI,79.8,3.274391,10.177697,7200,0.68115944,100,100,65.0,0.66086954,Very Low,79.5,3.0194685,100,1747064700,Very Low,1.006989,3.9174824,Very Low,1.8058879,60.5,1.2898551,100,1747064700,0.82608694
2025-05-12T15:53:32Z,0,29.855,74.4,58,67.9,13,13,253,73,0.0,255,32767,0.0,2127-15-31,0.0,0.16,26.24,0.0,0.0,0.0,0,4.828125,6,84,05:49,20:11,2025-05-12 15:53:32.729609,Città della Scienza,52.4,3.6322508,11.231336,1.2587363,2.6195126,EU EEA Common AQI,79.8,3.274391,10.177697,7200,0.68115944,100,100,65.0,0.66086954,Very Low,79.5,3.0194685,100,1747064700,Very Low,1.006989,3.9174824,Very Low,1.8058879,60.5,1.2898551,100,1747064700,0.82608694
2025-05-12T15:53:44Z,0,29.854,74.4,58,68.0,13,13,248,73,0.0,255,32767,0.0,2127-15-31,0.0,0.16,26.24,0.0,0.0,0.0,0,4.828125,6,84,05:49,20:11,2025-05-12 15:53:43.816592,Città della Scienza,52.4,3.6322508,11.231336,1.2587363,2.6195126,EU EEA Common AQI,79.8,3.274391,10.177697,7200,0.68115944,100,100,65.0,0.66086954,Very Low,79.5,3.0194685,100,1747064700,Very Low,1.006989,3.9174824,Very Low,1.8058879,60.5,1.2898551,100,1747064700,0.82608694
2025-05-12T15:53:55Z,0,29.854,74.4,58,67.9,14,13,236,73,0.0,255,32767,0.0,2127-15-31,0.0,0.16,26.24,0.0,0.0,0.0,0,4.828125,6,84,05:49,20:11,2025-05-12 15:53:54.873598,Città della Scienza,52.4,3.6322508,11.231336,1.2587363,2.6195126,EU EEA Common AQI,79.8,3.274391,10.177697,7200,0.68115944,100,100,65.0,0.66086954,Very Low,79.5,3.0194685,100,1747064700,Very Low,1.006989,3.9174824,Very Low,1.8058879,60.5,1.2898551,100,1747064700,0.82608694
2025-05-12T15:54:06Z,0,29.854,74.4,58,67.9,12,13,239,73,0.0,255,32767,0.0,2127-15-31,0.0,0.16,26.24,0.0,0.0,0.0,0,4.828125,6,84,05:49,20:11,2025-05-12 15:54:05.923596,Città della Scienza,52.4,3.6322508,11.231336,1.2587363,2.6195126,EU EEA Common AQI,79.8,3.274391,10.177697,7200,0.68115944,100,100,65.0,0.66086954,Very Low,79.5,3.0194685,100,1747064700,Very Low,1.006989,3.9174824,Very Low,1.8058879,60.5,1.2898551,100,1747064700,0.82608694
2025-05-12T15:54:17Z,0,29.854,74.4,58,67.9,13,13,235,73,0.0,255,32767,0.0,2127-15-31,0.0,0.16,26.24,0.0,0.0,0.0,0,4.828125,6,84,05:49,20:11,2025-05-12 15:54:16.999582,Città della Scienza,52.4,3.6322508,11.231336,1.2587363,2.6195126,EU EEA Common AQI,79.8,3.274391,10.177697,7200,0.68115944,100,100,65.0,0.66086954,Very Low,79.5,3.0194685,100,1747064700,Very Low,1.006989,3.9174824,Very Low,1.8058879,60.5,1.2898551,100,1747064700,0.82608694
2025-05-12T15:54:28Z,0,29.854,74.4,58,67.9,9,13,273,72,0.0,255,32767,0.0,2127-15-31,0.0,0.16,26.24,0.0,0.0,0.0,0,4.828125,6,84,05:49,20:11,2025-05-12 15:54:28.124600,Città della Scienza,52.4,3.6322508,11.231336,1.2587363,2.6195126,EU EEA Common AQI,79.8,3.274391,10.177697,7200,0.68115944,100,100,65.0,0.66086954,Very Low,79.5,3.0194685,100,1747064700,Very Low,1.006989,3.9174824,Very Low,1.8058879,60.5,1.2898551,100,1747064700,0.82608694
2025-05-12T15:54:39Z,0,29.853,74.4,58,67.9,13,13,236,72,0.0,255,32767,0.0,2127-15-31,0.0,0.16,26.24,0.0,0.0,0.0,0,4.828125,6,84,05:49,20:11,2025-05-12 15:54:39.226592,Città della Scienza,52.4,3.6322508,11.231336,1.2587363,2.6195126,EU EEA Common AQI,79.8,3.274391,10.177697,7200,0.68115944,100,100,65.0,0.66086954,Very Low,79.5,3.0194685,100,1747064700,Very Low,1.006989,3.9174824,Very Low,1.8058879,60.5,1.2898551,100,1747064700,0.82608694
2025-05-12T15:54:50Z,0,29.853,74.4,58,67.8,10,13,226,72,0.0,255,32767,0.0,2127-15-31,0.0,0.16,26.24,0.0,0.0,0.0,0,4.828125,6,84,05:49,20:11,2025-05-12 15:54:50.324592,Città della Scienza,52.4,3.6322508,11.231336,1.2587363,2.6195126,EU EEA Common AQI,79.8,3.274391,10.177697,7200,0.68115944,100,100,65.0,0.66086954,Very Low,79.5,3.0194685,100,1747064700,Very Low,1.006989,3.9174824,Very Low,1.8058879,60.5,1.2898551,100,1747064700,0.82608694
2025-05-12T15:55:01Z,0,29.853,74.4,58,67.9,13,13,237,72,0.0,255,32767,0.0,2127-15-31,0.0,0.16,26.24,0.0,0.0,0.0,0,4.828125,6,84,05:49,20:11,2025-05-12 15:55:01.383605,Città della Scienza,52.4,3.6322508,11.231336,1.2587363,2.6195126,EU EEA Common AQI,79.8,3.274391,10.177697,7200,0.68115944,100,100,65.0,0.66086954,Very Low,79.5,3.0194685,100,1747064700,Very Low,1.006989,3.9174824,Very Low,1.8058879,60.5,1.2898551,100,1747064700,0.82608694
2025-05-12T15:55:12Z,0,29.853,74.4,58,67.9,13,13,238,72,0.0,255,32767,0.0,2127-15-31,0.0,0.16,26.24,0.0,0.0,0.0,0,4.828125,6,84,05:49,20:11,2025-05-12 15:55:12.572595,Città della Scienza,52.4,3.6322508,11.231336,1.2587363,2.6195126,EU EEA Common AQI,79.8,3.274391,10.177697,7200,0.68115944,100,100,65.0,0.66086954,Very Low,79.5,3.0194685,100,1747064700,Very Low,1.006989,3.9174824,Very Low,1.8058879,60.5,1.2898551,100,1747064700,0.82608694
2025-05-12T15:55:23Z,0,29.853,74.4,58,67.9,13,13,251,72,0.0,255,32767,0.0,2127-15-31,0.0,0.16,26.24,0.0,0.0,0.0,0,4.828125,6,84,05:49,20:11,2025-05-12 15:55:23.680593,Città della Scienza,52.4,3.6322508,11.231336,1.2587363,2.6195126,EU EEA Common AQI,79.8,3.274391,10.177697,7200,0.68115944,100,100,65.0,0.66086954,Very Low,79.5,3.0194685,100,1747064700,Very Low,1.006989,3.9174824,Very Low,1.8058879,60.5,1.2898551,100,1747064700,0.82608694
2025-05-12T15:55:34Z,0,29.854,74.4,58,67.9,15,13,247,72,0.0,255,32767,0.0,2127-15-31,0.0,0.16,26.24,0.0,0.0,0.0,0,4.828125,6,84,05:49,20:11,2025-05-12 15:55:34.731589,Città della Scienza,52.4,3.6322508,11.231336,1.2587363,2.6195126,EU EEA Common AQI,79.8,3.274391,10.177697,7200,0.68115944,100,100,65.0,0.66086954,Very Low,79.5,3.0194685,100,1747064700,Very Low,1.006989,3.9174824,Very Low,1.8058879,60.5,1.2898551,100,1747064700,0.82608694
2025-05-12T15:55:46Z,0,29.854,74.4,58,67.8,16,13,245,72,0.0,255,32767,0.0,2127-15-31,0.0,0.16,26.24,0.0,0.0,0.0,0,4.828125,6,84,05:49,20:11,2025-05-12 15:55:45.800608,Città della Scienza,52.4,3.6322508,11.231336,1.2587363,2.6195126,EU EEA Common AQI,79.8,3.274391,10.177697,7200,0.68115944,100,100,65.0,0.66086954,Very Low,79.5,3.0194685,100,1747064700,Very Low,1.006989,3.9174824,Very Low,1.8058879,60.5,1.2898551,100,1747064700,0.82608694
2025-05-12T15:55:57Z,0,29.854,74.4,58,67.7,12,13,238,72,0.0,255,32767,0.0,2127-15-31,0.0,0.16,26.24,0.0,0.0,0.0,0,4.828125,6,84,05:49,20:11,2025-05-12 15:55:56.864600,Città della Scienza,52.4,3.6322508,11.231336,1.2587363,2.6195126,EU EEA Common AQI,79.8,3.274391,10.177697,7200,0.68115944,100,100,65.0,0.66086954,Very Low,79.5,3.0194685,100,1747064700,Very Low,1.006989,3.9174824,Very Low,1.8058879,60.5,1.2898551,100,1747064700,0.82608694
2025-05-12T15:56:08Z,0,29.854,74.4,58,67.7,14,13,239,72,0.0,255,32767,0.0,2127-15-31,0.0,0.16,26.24,0.0,0.0,0.0,0,4.828125,6,84,05:49,20:11,2025-05-12 15:56:08.192590,Città della Scienza,52.4,3.6322508,11.231336,1.2587363,2.6195126,EU EEA Common AQI,79.8,3.274391,10.177697,7200,0.68115944,100,100,65.0,0.66086954,Very Low,79.5,3.0194685,100,1747064700,Very Low,1.006989,3.9174824,Very Low,1.8058879,60.5,1.2898551,100,1747064700,0.82608694
2025-05-12T15:56:19Z,0,29.854,74.4,58,67.7,11,13,240,72,0.0,255,32767,0.0,2127-15-31,0.0,0.16,26.24,0.0,0.0,0.0,0,4.828125,6,84,05:49,20:11,2025-05-12 15:56:19.241598,Città della Scienza,52.4,3.6322508,11.231336,1.2587363,2.6195126,EU EEA Common AQI,79.8,3.274391,10.177697,7200,0.68115944,100,100,65.0,0.66086954,Very Low,79.5,3.0194685,100,1747064700,Very Low,1.006989,3.9174824,Very Low,1.8058879,60.5,1.2898551,100,1747064700,0.82608694
2025-05-12T15:56:30Z,0,29.854,74.4,58,67.7,8,13,248,72,0.0,255,32767,0.0,2127-15-31,0.0,0.16,26.24,0.0,0.0,0.0,0,4.828125,6,84,05:49,20:11,2025-05-12 15:56:30.383595,Città della Scienza,52.4,3.6322508,11.231336,1.2587363,2.6195126,EU EEA Common AQI,79.8,3.274391,10.177697,7200,0.68115944,100,100,65.0,0.66086954,Very Low,79.5,3.0194685,100,1747064700,Very Low,1.006989,3.9174824,Very Low,1.8058879,60.5,1.2898551,100,1747064700,0.82608694
2025-05-12T15:56:41Z,0,29.854,74.3,57,67.7,12,13,240,72,0.0,255,32767,0.0,2127-15-31,0.0,0.16,26.24,0.0,0.0,0.0,0,4.828125,6,84,05:49,20:11,2025-05-12 15:56:41.445597,Città della Scienza,52.4,3.6322508,11.231336,1.2587363,2.6195126,EU EEA Common AQI,79.8,3.274391,10.177697,7200,0.68115944,100,100,65.0,0.66086954,Very Low,79.5,3.0194685,100,1747064700,Very Low,1.006989,3.9174824,Very Low,1.8058879,60.5,1.2898551,100,1747064700,0.82608694
2025-05-12T15:56:52Z,0,29.854,74.3,57,67.8,14,13,259,72,0.0,255,32767,0.0,2127-15-31,0.0,0.16,26.24,0.0,0.0,0.0,0,4.828125,6,84,05:49,20:11,2025-05-12 15:56:52.502590,Città della Scienza,52.4,3.6322508,11.231336,1.2587363,2.6195126,EU EEA Common AQI,79.8,3.274391,10.177697,7200,0.68115944,100,100,65.0,0.66086954,Very Low,79.5,3.0194685,100,1747064700,Very Low,1.006989,3.9174824,Very Low,1.8058879,60.5,1.2898551,100,1747064700,0.82608694
2025-05-12T15:57:03Z,0,29.854,74.3,57,67.8,10,13,273,72,0.0,255,32767,0.0,2127-15-31,0.0,0.16,26.24,0.0,0.0,0.0,0,4.828125,6,84,05:49,20:11,2025-05-12 15:57:03.586554,Città della Scienza,52.4,3.6322508,11.231336,1.2587363,2.6195126,EU EEA Common AQI,79.8,3.274391,10.177697,7200,0.68115944,100,100,65.0,0.66086954,Very Low,79.5,3.0194685,100,1747064700,Very Low,1.006989,3.9174824,Very Low,1.8058879,60.5,1.2898551,100,1747064700,0.82608694
2025-05-12T15:57:14Z,0,29.854,74.3,57,67.8,12,13,232,73,0.0,255,32767,0.0,2127-15-31,0.0,0.16,26.24,0.0,0.0,0.0,0,4.828125,6,84,05:49,20:11,2025-05-12 15:57:14.691589,Città della Scienza,52.4,3.6322508,11.231336,1.2587363,2.6195126,EU EEA Common AQI,79.8,3.274391,10.177697,7200,0.68115944,100,100,65.0,0.66086954,Very Low,79.5,3.0194685,100,1747064700,Very Low,1.006989,3.9174824,Very Low,1.8058879,60.5,1.2898551,100,1747064700,0.82608694
2025-05-12T15:57:26Z,0,29.854,74.3,57,67.9,11,13,250,73,0.0,255,32767,0.0,2127-15-31,0.0,0.16,26.24,0.0,0.0,0.0,0,4.828125,6,84,05:49,20:11,2025-05-12 15:57:25.811605,Città della Scienza,52.4,3.6322508,11.231336,1.2587363,2.6195126,EU EEA Common AQI,79.8,3.274391,10.177697,7200,0.68115944,100,100,65.0,0.66086954,Very Low,79.5,3.0194685,100,1747064700,Very Low,1.006989,3.9174824,Very Low,1.8058879,60.5,1.2898551,100,1747064700,0.82608694
2025-05-12T15:57:37Z,0,29.854,74.3,58,67.8,12,13,267,73,0.0,255,32767,0.0,2127-15-31,0.0,0.16,26.24,0.0,0.0,0.0,0,4.828125,6,84,05:49,20:11,2025-05-12 15:57:36.898595,Città della Scienza,52.4,3.6322508,11.231336,1.2587363,2.6195126,EU EEA Common AQI,79.8,3.274391,10.177697,7200,0.68115944,100,100,65.0,0.66086954,Very Low,79.5,3.0194685,100,1747064700,Very Low,1.006989,3.9174824,Very Low,1.8058879,60.5,1.2898551,100,1747064700,0.82608694
2025-05-12T15:57:48Z,0,29.854,74.3,58,67.9,10,13,241,73,0.0,255,32767,0.0,2127-15-31,0.0,0.16,26.24,0.0,0.0,0.0,0,4.828125,6,84,05:49,20:11,2025-05-12 15:57:48.006593,Città della Scienza,52.4,3.6322508,11.231336,1.2587363,2.6195126,EU EEA Common AQI,79.8,3.274391,10.177697,7200,0.68115944,100,100,65.0,0.66086954,Very Low,79.5,3.0194685,100,1747064700,Very Low,1.006989,3.9174824,Very Low,1.8058879,60.5,1.2898551,100,1747064700,0.82608694
2025-05-12T15:57:59Z,0,29.854,74.3,58,67.9,9,13,251,73,0.0,255,32767,0.0,2127-15-31,0.0,0.16,26.24,0.0,0.0,0.0,0,4.828125,6,84,05:49,20:11,2025-05-12 15:57:59.039612,Città della Scienza,52.4,3.6322508,11.231336,1.2587363,2.6195126,EU EEA Common AQI,79.8,3.274391,10.177697,7200,0.68115944,100,100,65.0,0.66086954,Very Low,79.5,3.0194685,100,1747064700,Very Low,1.006989,3.9174824,Very Low,1.8058879,60.5,1.2898551,100,1747064700,0.82608694
2025-05-12T15:58:10Z,0,29.854,74.3,58,67.9,10,13,246,73,0.0,255,32767,0.0,2127-15-31,0.0,0.16,26.24,0.0,0.0,0.0,0,4.828125,6,84,05:49,20:11,2025-05-12 15:58:10.113618,Città della Scienza,52.4,3.6322508,11.231336,1.2587363,2.6195126,EU EEA Common AQI,79.8,3.274391,10.177697,7200,0.68115944,100,100,65.0,0.66086954,Very Low,79.5,3.0194685,100,1747064700,Very Low,1.006989,3.9174824,Very Low,1.8058879,60.5,1.2898551,100,1747064700,0.82608694
2025-05-12T15:58:21Z,0,29.854,74.3,58,67.9,11,13,258,73,0.0,255,32767,0.0,2127-15-31,0.0,0.16,26.24,0.0,0.0,0.0,0,4.828125,6,84,05:49,20:11,2025-05-12 15:58:21.168592,Città della Scienza,52.4,3.6322508,11.231336,1.2587363,2.6195126,EU EEA Common AQI,79.8,3.274391,10.177697,7200,0.68115944,100,100,65.0,0.66086954,Very Low,79.5,3.0194685,100,1747064700,Very Low,1.006989,3.9174824,Very Low,1.8058879,60.5,1.2898551,100,1747064700,0.82608694
2025-05-12T15:58:32Z,0,29.854,74.3,58,67.9,9,13,265,73,0.0,255,32767,0.0,2127-15-31,0.0,0.16,26.24,0.0,0.0,0.0,0,4.828125,6,84,05:49,20:11,2025-05-12 15:58:32.279596,Città della Scienza,52.4,3.6322508,11.231336,1.2587363,2.6195126,EU EEA Common AQI,79.8,3.274391,10.177697,7200,0.68115944,100,100,65.0,0.66086954,Very Low,79.5,3.0194685,100,1747064700,Very Low,1.006989,3.9174824,Very Low,1.8058879,60.5,1.2898551,100,1747064700,0.82608694
2025-05-12T15:58:43Z,0,29.854,74.3,57,67.9,11,13,257,73,0.0,255,32767,0.0,2127-15-31,0.0,0.16,26.24,0.0,0.0,0.0,0,4.828125,6,84,05:49,20:11,2025-05-12 15:58:43.366597,Città della Scienza,52.4,3.6322508,11.231336,1.2587363,2.6195126,EU EEA Common AQI,79.8,3.274391,10.177697,7200,0.68115944,100,100,65.0,0.66086954,Very Low,79.5,3.0194685,100,1747064700,Very Low,1.006989,3.9174824,Very Low,1.8058879,60.5,1.2898551,100,1747064700,0.82608694
2025-05-12T15:58:54Z,0,29.854,74.3,57,67.9,10,13,275,73,0.0,255,32767,0.0,2127-15-31,0.0,0.16,26.24,0.0,0.0,0.0,0,4.828125,6,84,05:49,20:11,2025-05-12 15:58:54.443591,Città della Scienza,52.4,3.6322508,11.231336,1.2587363,2.6195126,EU EEA Common AQI,79.8,3.274391,10.177697,7200,0.68115944,100,100,65.0,0.66086954,Very Low,79.5,3.0194685,100,1747064700,Very Low,1.006989,3.9174824,Very Low,1.8058879,60.5,1.2898551,100,1747064700,0.82608694
2025-05-12T15:59:05Z,0,29.854,74.3,57,67.9,10,13,244,73,0.0,255,32767,0.0,2127-15-31,0.0,0.16,26.24,0.0,0.0,0.0,0,4.828125,6,84,05:49,20:11,2025-05-12 15:59:05.502593,Città della Scienza,52.4,3.6322508,11.231336,1.2587363,2.6195126,EU EEA Common AQI,79.8,3.274391,10.177697,7200,0.68115944,100,100,65.0,0.66086954,Very Low,79.5,3.0194685,100,1747064700,Very Low,1.006989,3.9174824,Very Low,1.8058879,60.5,1.2898551,100,1747064700,0.82608694
2025-05-12T15:59:16Z,0,29.854,74.3,57,67.9,10,13,236,73,0.0,255,32767,0.0,2127-15-31,0.0,0.16,26.24,0.0,0.0,0.0,0,4.828125,6,84,05:49,20:11,2025-05-12 15:59:16.620594,Città della Scienza,52.4,3.6322508,11.231336,1.2587363,2.6195126,EU EEA Common AQI,79.8,3.274391,10.177697,7200,0.68115944,100,100,65.0,0.66086954,Very Low,79.5,3.0194685,100,1747064700,Very Low,1.006989,3.9174824,Very Low,1.8058879,60.5,1.2898551,100,1747064700,0.82608694
2025-05-12T15:59:27Z,0,29.854,74.3,57,68.0,11,13,209,73,0.0,255,32767,0.0,2127-15-31,0.0,0.16,26.24,0.0,0.0,0.0,0,4.828125,6,84,05:49,20:11,2025-05-12 15:59:27.674606,Città della Scienza,52.4,3.6322508,11.231336,1.2587363,2.6195126,EU EEA Common AQI,79.8,3.274391,10.177697,7200,0.68115944,100,100,65.0,0.66086954,Very Low,79.5,3.0194685,100,1747064700,Very Low,1.006989,3.9174824,Very Low,1.8058879,60.5,1.2898551,100,1747064700,0.82608694
2025-05-12T15:59:38Z,0,29.856,74.3,58,68.0,11,12,267,73,0.0,255,32767,0.0,2127-15-31,0.0,0.16,26.24,0.0,0.0,0.0,0,4.828125,6,84,05:49,20:11,2025-05-12 15:59:38.785601,Città della Scienza,52.4,3.6322508,11.231336,1.2587363,2.6195126,EU EEA Common AQI,79.8,3.274391,10.177697,7200,0.68115944,100,100,65.0,0.66086954,Very Low,79.5,3.0194685,100,1747064700,Very Low,1.006989,3.9174824,Very Low,1.8058879,60.5,1.2898551,100,1747064700,0.82608694
2025-05-12T15:59:50Z,0,29.856,74.3,58,68.0,12,12,253,73,0.0,255,32767,0.0,2127-15-31,0.0,0.16,26.24,0.0,0.0,0.0,0,4.828125,6,84,05:49,20:11,2025-05-12 15:59:49.916586,Città della Scienza,52.4,3.6322508,11.231336,1.2587363,2.6195126,EU EEA Common AQI,79.8,3.274391,10.177697,7200,0.68115944,100,100,65.0,0.66086954,Very Low,79.5,3.0194685,100,1747064700,Very Low,1.006989,3.9174824,Very Low,1.8058879,60.5,1.2898551,100,1747064700,0.82608694
2025-05-12T16:00:01Z,0,29.856,74.3,58,68.0,10,12,247,73,0.0,255,32767,0.0,2127-15-31,0.0,0.16,26.24,0.0,0.0,0.0,0,4.828125,6,84,05:49,20:11,2025-05-12 16:00:00.964602,Città della Scienza,52.4,3.6322508,11.231336,1.2587363,2.6195126,EU EEA Common AQI,79.8,3.274391,10.177697,7200,0.68115944,100,100,65.0,0.66086954,Very Low,79.5,3.0194685,100,1747064700,Very Low,1.006989,3.9174824,Very Low,1.8058879,60.5,1.2898551,100,1747064700,0.82608694
2025-05-12T16:00:12Z,0,29.856,74.3,58,67.9,11,12,242,73,0.0,255,32767,0.0,2127-15-31,0.0,0.16,26.24,0.0,0.0,0.0,0,4.828125,6,84,05:49,20:11,2025-05-12 16:00:12.487594,Città della Scienza,52.4,3.6322508,11.231336,1.2587363,2.6195126,EU EEA Common AQI,79.8,3.274391,10.177697,7200,0.68115944,100,100,65.0,0.66086954,Very Low,79.5,3.0194685,100,1747064700,Very Low,1.006989,3.9174824,Very Low,1.8058879,60.5,1.2898551,100,1747064700,0.82608694
2025-05-12T16:00:23Z,0,29.856,74.3,58,67.9,8,12,228,73,0.0,255,32767,0.0,2127-15-31,0.0,0.16,26.24,0.0,0.0,0.0,0,4.828125,6,84,05:49,20:11,2025-05-12 16:00:23.601623,Città della Scienza,53.9,3.1320407,11.208768,0.83464944,2.251382,EU EEA Common AQI,78.1,2.8142276,10.157107,7200,0.47142857,100,100,64.3,0.39999998,Very Low,77.9,2.5347056,100,1747065600,Very Low,0.66771954,3.4244852,Very Low,1.338837,59.9,0.5,100,1747065600,0.5
2025-05-12T16:00:34Z,0,29.855,74.3,57,68.0,10,12,259,73,0.0,255,32767,0.0,2127-15-31,0.0,0.16,26.24,0.0,0.0,0.0,0,4.828125,6,45,05:48,20:11,2025-05-12 16:00:34.683601,Città della Scienza,53.9,3.1320407,11.208768,0.83464944,2.251382,EU EEA Common AQI,78.1,2.8142276,10.157107,7200,0.47142857,100,100,64.3,0.39999998,Very Low,77.9,2.5347056,100,1747065600,Very Low,0.66771954,3.4244852,Very Low,1.338837,59.9,0.5,100,1747065600,0.5
2025-05-12T16:00:45Z,0,29.855,74.3,57,68.0,13,12,246,73,0.0,255,32767,0.0,2127-15-31,0.0,0.16,26.24,0.0,0.0,0.0,0,4.828125,6,45,05:48,20:11,2025-05-12 16:00:45.733597,Città della Scienza,53.9,3.1320407,11.208768,0.83464944,2.251382,EU EEA Common AQI,78.1,2.8142276,10.157107,7200,0.47142857,100,100,64.3,0.39999998,Very Low,77.9,2.5347056,100,1747065600,Very Low,0.66771954,3.4244852,Very Low,1.338837,59.9,0.5,100,1747065600,0.5
2025-05-12T16:00:57Z,0,29.855,74.3,57,67.9,8,12,248,73,0.0,255,32767,0.0,2127-15-31,0.0,0.16,26.24,0.0,0.0,0.0,0,4.828125,6,45,05:48,20:11,2025-05-12 16:00:56.839608,Città della Scienza,53.9,3.1320407,11.208768,0.83464944,2.251382,EU EEA Common AQI,78.1,2.8142276,10.157107,7200,0.47142857,100,100,64.3,0.39999998,Very Low,77.9,2.5347056,100,1747065600,Very Low,0.66771954,3.4244852,Very Low,1.338837,59.9,0.5,100,1747065600,0.5
2025-05-12T16:01:08Z,0,29.855,74.3,57,68.0,10,12,248,73,0.0,255,32767,0.0,2127-15-31,0.0,0.16,26.24,0.0,0.0,0.0,0,4.828125,6,45,05:48,20:11,2025-05-12 16:01:07.918596,Città della Scienza,53.9,3.1320407,11.208768,0.83464944,2.251382,EU EEA Common AQI,78.1,2.8142276,10.157107,7200,0.47142857,100,100,64.3,0.39999998,Very Low,77.9,2.5347056,100,1747065600,Very Low,0.66771954,3.4244852,Very Low,1.338837,59.9,0.5,100,1747065600,0.5
2025-05-12T16:01:19Z,0,29.855,74.3,57,68.0,9,12,242,73,0.0,255,32767,0.0,2127-15-31,0.0,0.16,26.24,0.0,0.0,0.0,0,4.828125,6,45,05:48,20:11,2025-05-12 16:01:18.953591,Città della Scienza,53.9,3.1320407,11.208768,0.83464944,2.251382,EU EEA Common AQI,78.1,2.8142276,10.157107,7200,0.47142857,100,100,64.3,0.39999998,Very Low,77.9,2.5347056,100,1747065600,Very Low,0.66771954,3.4244852,Very Low,1.338837,59.9,0.5,100,1747065600,0.5
2025-05-12T16:01:30Z,0,29.855,74.3,57,68.0,11,12,250,72,0.0,255,32767,0.0,2127-15-31,0.0,0.16,26.24,0.0,0.0,0.0,0,4.828125,6,45,05:48,20:11,2025-05-12 16:01:30.094601,Città della Scienza,53.9,3.1320407,11.208768,0.83464944,2.251382,EU EEA Common AQI,78.1,2.8142276,10.157107,7200,0.47142857,100,100,64.3,0.39999998,Very Low,77.9,2.5347056,100,1747065600,Very Low,0.66771954,3.4244852,Very Low,1.338837,59.9,0.5,100,1747065600,0.5
2025-05-12T16:01:41Z,0,29.853,74.3,57,68.0,11,12,254,72,0.0,255,32767,0.0,2127-15-31,0.0,0.16,26.24,0.0,0.0,0.0,0,4.828125,6,45,05:48,20:11,2025-05-12 16:01:41.147600,Città della Scienza,53.9,3.1320407,11.208768,0.83464944,2.251382,EU EEA Common AQI,78.1,2.8142276,10.157107,7200,0.47142857,100,100,64.3,0.39999998,Very Low,77.9,2.5347056,100,1747065600,Very Low,0.66771954,3.4244852,Very Low,1.338837,59.9,0.5,100,1747065600,0.5
2025-05-12T16:01:52Z,0,29.853,74.3,57,68.0,11,12,240,72,0.0,255,32767,0.0,2127-15-31,0.0,0.16,26.24,0.0,0.0,0.0,0,4.828125,6,45,05:48,20:11,2025-05-12 16:01:52.223557,Città della Scienza,53.9,3.1320407,11.208768,0.83464944,2.251382,EU EEA Common AQI,78.1,2.8142276,10.157107,7200,0.47142857,100,100,64.3,0.39999998,Very Low,77.9,2.5347056,100,1747065600,Very Low,0.66771954,3.4244852,Very Low,1.338837,59.9,0.5,100,1747065600,0.5
2025-05-12T16:02:03Z,0,29.853,74.3,57,68.0,10,12,240,72,0.0,255,32767,0.0,2127-15-31,0.0,0.16,26.24,0.0,0.0,0.0,0,4.828125,6,45,05:48,20:11,2025-05-12 16:02:03.331587,Città della Scienza,53.9,3.1320407,11.208768,0.83464944,2.251382,EU EEA Common AQI,78.1,2.8142276,10.157107,7200,0.47142857,100,100,64.3,0.39999998,Very Low,77.9,2.5347056,100,1747065600,Very Low,0.66771954,3.4244852,Very Low,1.338837,59.9,0.5,100,1747065600,0.5
2025-05-12T16:02:14Z,0,29.853,74.3,57,68.0,12,12,244,72,0.0,255,32767,0.0,2127-15-31,0.0,0.16,26.24,0.0,0.0,0.0,0,4.828125,6,45,05:48,20:11,2025-05-12 16:02:14.396600,Città della Scienza,53.9,3.1320407,11.208768,0.83464944,2.251382,EU EEA Common AQI,78.1,2.8142276,10.157107,7200,0.47142857,100,100,64.3,0.39999998,Very Low,77.9,2.5347056,100,1747065600,Very Low,0.66771954,3.4244852,Very Low,1.338837,59.9,0.5,100,1747065600,0.5
2025-05-12T16:02:25Z,0,29.853,74.3,57,68.1,9,12,245,71,0.0,255,32767,0.0,2127-15-31,0.0,0.16,26.24,0.0,0.0,0.0,0,4.828125,6,45,05:48,20:11,2025-05-12 16:02:25.555593,Città della Scienza,53.9,3.1320407,11.208768,0.83464944,2.251382,EU EEA Common AQI,78.1,2.8142276,10.157107,7200,0.47142857,100,100,64.3,0.39999998,Very Low,77.9,2.5347056,100,1747065600,Very Low,0.66771954,3.4244852,Very Low,1.338837,59.9,0.5,100,1747065600,0.5
2025-05-12T16:02:36Z,0,29.852,74.3,57,68.1,13,12,255,71,0.0,255,32767,0.0,2127-15-31,0.0,0.16,26.24,0.0,0.0,0.0,0,4.828125,6,45,05:48,20:11,2025-05-12 16:02:36.682557,Città della Scienza,53.9,3.1320407,11.208768,0.83464944,2.251382,EU EEA Common AQI,78.1,2.8142276,10.157107,7200,0.47142857,100,100,64.3,0.39999998,Very Low,77.9,2.5347056,100,1747065600,Very Low,0.66771954,3.4244852,Very Low,1.338837,59.9,0.5,100,1747065600,0.5
2025-05-12T16:02:47Z,0,29.852,74.3,57,68.1,10,12,267,71,0.0,255,32767,0.0,2127-15-31,0.0,0.16,26.24,0.0,0.0,0.0,0,4.828125,6,45,05:48,20:11,2025-05-12 16:02:47.756592,Città della Scienza,53.9,3.1320407,11.208768,0.83464944,2.251382,EU EEA Common AQI,78.1,2.8142276,10.157107,7200,0.47142857,100,100,64.3,0.39999998,Very Low,77.9,2.5347056,100,1747065600,Very Low,0.66771954,3.4244852,Very Low,1.338837,59.9,0.5,100,1747065600,0.5
2025-05-12T16:02:59Z,0,29.852,74.3,57,68.1,10,12,232,71,0.0,255,32767,0.0,2127-15-31,0.0,0.16,26.24,0.0,0.0,0.0,0,4.828125,6,45,05:48,20:11,2025-05-12 16:02:58.854563,Città della Scienza,53.9,3.1320407,11.208768,0.83464944,2.251382,EU EEA Common AQI,78.1,2.8142276,10.157107,7200,0.47142857,100,100,64.3,0.39999998,Very Low,77.9,2.5347056,100,1747065600,Very Low,0.66771954,3.4244852,Very Low,1.338837,59.9,0.5,100,1747065600,0.5
2025-05-12T16:03:10Z,0,29.852,74.3,57,68.1,11,12,254,71,0.0,255,32767,0.0,2127-15-31,0.0,0.16,26.24,0.0,0.0,0.0,0,4.828125,6,45,05:48,20:11,2025-05-12 16:03:09.934602,Città della Scienza,53.9,3.1320407,11.208768,0.83464944,2.251382,EU EEA Common AQI,78.1,2.8142276,10.157107,7200,0.47142857,100,100,64.3,0.39999998,Very Low,77.9,2.5347056,100,1747065600,Very Low,0.66771954,3.4244852,Very Low,1.338837,59.9,0.5,100,1747065600,0.5
2025-05-12T16:03:21Z,0,29.852,74.3,57,68.1,10,12,265,69,0.0,255,32767,0.0,2127-15-31,0.0,0.16,26.24,0.0,0.0,0.0,0,4.828125,6,45,05:48,20:11,2025-05-12 16:03:21.019591,Città della Scienza,53.9,3.1320407,11.208768,0.83464944,2.251382,EU EEA Common AQI,78.1,2.8142276,10.157107,7200,0.47142857,100,100,64.3,0.39999998,Very Low,77.9,2.5347056,100,1747065600,Very Low,0.66771954,3.4244852,Very Low,1.338837,59.9,0.5,100,1747065600,0.5
2025-05-12T16:03:32Z,0,29.852,74.3,57,68.1,12,12,242,69,0.0,255,32767,0.0,2127-15-31,0.0,0.16,26.24,0.0,0.0,0.0,0,4.828125,6,45,05:48,20:11,2025-05-12 16:03:32.095592,Città della Scienza,53.9,3.1320407,11.208768,0.83464944,2.251382,EU EEA Common AQI,78.1,2.8142276,10.157107,7200,0.47142857,100,100,64.3,0.39999998,Very Low,77.9,2.5347056,100,1747065600,Very Low,0.66771954,3.4244852,Very Low,1.338837,59.9,0.5,100,1747065600,0.5
2025-05-12T16:03:43Z,0,29.854,74.3,57,68.1,14,11,252,69,0.0,255,32767,0.0,2127-15-31,0.0,0.16,26.24,0.0,0.0,0.0,0,4.828125,6,45,05:48,20:11,2025-05-12 16:03:43.154602,Città della Scienza,53.9,3.1320407,11.208768,0.83464944,2.251382,EU EEA Common AQI,78.1,2.8142276,10.157107,7200,0.47142857,100,100,64.3,0.39999998,Very Low,77.9,2.5347056,100,1747065600,Very Low,0.66771954,3.4244852,Very Low,1.338837,59.9,0.5,100,1747065600,0.5
2025-05-12T16:03:54Z,0,29.854,74.3,57,68.1,10,11,252,69,0.0,255,32767,0.0,2127-15-31,0.0,0.16,26.24,0.0,0.0,0.0,0,4.828125,6,45,05:48,20:11,2025-05-12 16:03:54.237612,Città della Scienza,53.9,3.1320407,11.208768,0.83464944,2.251382,EU EEA Common AQI,78.1,2.8142276,10.157107,7200,0.47142857,100,100,64.3,0.39999998,Very Low,77.9,2.5347056,100,1747065600,Very Low,0.66771954,3.4244852,Very Low,1.338837,59.9,0.5,100,1747065600,0.5
2025-05-12T16:04:05Z,0,29.854,74.3,57,68.2,8,11,258,69,0.0,255,32767,0.0,2127-15-31,0.0,0.16,26.24,0.0,0.0,0.0,0,4.828125,6,45,05:48,20:11,2025-05-12 16:04:05.347604,Città della Scienza,53.9,3.1320407,11.208768,0.83464944,2.251382,EU EEA Common AQI,78.1,2.8142276,10.157107,7200,0.47142857,100,100,64.3,0.39999998,Very Low,77.9,2.5347056,100,1747065600,Very Low,0.66771954,3.4244852,Very Low,1.338837,59.9,0.5,100,1747065600,0.5
2025-05-12T16:04:16Z,0,29.854,74.3,57,68.2,12,11,236,69,0.0,255,32767,0.0,2127-15-31,0.0,0.16,26.24,0.0,0.0,0.0,0,4.828125,6,45,05:48,20:11,2025-05-12 16:04:16.451597,Città della Scienza,53.9,3.1320407,11.208768,0.83464944,2.251382,EU EEA Common AQI,78.1,2.8142276,10.157107,7200,0.47142857,100,100,64.3,0.39999998,Very Low,77.9,2.5347056,100,1747065600,Very Low,0.66771954,3.4244852,Very Low,1.338837,59.9,0.5,100,1747065600,0.5
2025-05-12T16:04:27Z,0,29.854,74.3,57,68.3,12,11,236,69,0.0,255,32767,0.0,2127-15-31,0.0,0.16,26.24,0.0,0.0,0.0,0,4.828125,6,45,05:48,20:11,2025-05-12 16:04:27.513591,Città della Scienza,53.9,3.1320407,11.208768,0.83464944,2.251382,EU EEA Common AQI,78.1,2.8142276,10.157107,7200,0.47142857,100,100,64.3,0.39999998,Very Low,77.9,2.5347056,100,1747065600,Very Low,0.66771954,3.4244852,Very Low,1.338837,59.9,0.5,100,1747065600,0.5
2025-05-12T16:04:38Z,0,29.854,74.3,57,68.3,12,11,233,69,0.0,255,32767,0.0,2127-15-31,0.0,0.16,26.24,0.0,0.0,0.0,0,4.828125,6,45,05:48,20:11,2025-05-12 16:04:38.603597,Città della Scienza,53.9,3.1320407,11.208768,0.83464944,2.251382,EU EEA Common AQI,78.1,2.8142276,10.157107,7200,0.47142857,100,100,64.3,0.39999998,Very Low,77.9,2.5347056,100,1747065600,Very Low,0.66771954,3.4244852,Very Low,1.338837,59.9,0.5,100,1747065600,0.5
2025-05-12T16:04:49Z,0,29.854,74.3,57,68.3,7,11,230,69,0.0,255,32767,0.0,2127-15-31,0.0,0.16,26.24,0.0,0.0,0.0,0,4.828125,6,45,05:48,20:11,2025-05-12 16:04:49.687590,Città della Scienza,53.9,3.1320407,11.208768,0.83464944,2.251382,EU EEA Common AQI,78.1,2.8142276,10.157107,7200,0.47142857,100,100,64.3,0.39999998,Very Low,77.9,2.5347056,100,1747065600,Very Low,0.66771954,3.4244852,Very Low,1.338837,59.9,0.5,100,1747065600,0.5
2025-05-12T16:05:01Z,0,29.854,74.3,57,68.3,10,11,242,69,0.0,255,32767,0.0,2127-15-31,0.0,0.16,26.24,0.0,0.0,0.0,0,4.828125,6,45,05:48,20:11,2025-05-12 16:05:00.823592,Città della Scienza,53.9,3.1320407,11.208768,0.83464944,2.251382,EU EEA Common AQI,78.1,2.8142276,10.157107,7200,0.47142857,100,100,64.3,0.39999998,Very Low,77.9,2.5347056,100,1747065600,Very Low,0.66771954,3.4244852,Very Low,1.338837,59.9,0.5,100,1747065600,0.5
2025-05-12T16:05:12Z,0,29.854,74.3,57,68.3,16,11,235,69,0.0,255,32767,0.0,2127-15-31,0.0,0.16,26.24,0.0,0.0,0.0,0,4.828125,6,45,05:48,20:11,2025-05-12 16:05:11.897598,Città della Scienza,53.9,3.1320407,11.208768,0.83464944,2.251382,EU EEA Common AQI,78.1,2.8142276,10.157107,7200,0.47142857,100,100,64.3,0.39999998,Very Low,77.9,2.5347056,100,1747065600,Very Low,0.66771954,3.4244852,Very Low,1.338837,59.9,0.5,100,1747065600,0.5
2025-05-12T16:05:23Z,0,29.854,74.3,57,68.3,12,11,257,69,0.0,255,32767,0.0,2127-15-31,0.0,0.16,26.24,0.0,0.0,0.0,0,4.828125,6,45,05:48,20:11,2025-05-12 16:05:22.987594,Città della Scienza,53.9,3.1320407,11.208768,0.83464944,2.251382,EU EEA Common AQI,78.1,2.8142276,10.157107,7200,0.47142857,100,100,64.3,0.39999998,Very Low,77.9,2.5347056,100,1747065600,Very Low,0.66771954,3.4244852,Very Low,1.338837,59.9,0.5,100,1747065600,0.5
2025-05-12T16:05:34Z,0,29.854,74.3,57,68.3,15,11,245,69,0.0,255,32767,0.0,2127-15-31,0.0,0.16,26.24,0.0,0.0,0.0,0,4.828125,6,45,05:48,20:11,2025-05-12 16:05:34.083589,Città della Scienza,53.9,3.1320407,11.208768,0.83464944,2.251382,EU EEA Common AQI,78.1,2.8142276,10.157107,7200,0.47142857,100,100,64.3,0.39999998,Very Low,77.9,2.5347056,100,1747065600,Very Low,0.66771954,3.4244852,Very Low,1.338837,59.9,0.5,100,1747065600,0.5
2025-05-12T16:05:45Z,0,29.854,74.3,57,68.4,13,11,242,69,0.0,255,32767,0.0,2127-15-31,0.0,0.16,26.24,0.0,0.0,0.0,0,4.828125,6,45,05:48,20:11,2025-05-12 16:05:45.163597,Città della Scienza,53.9,3.1320407,11.208768,0.83464944,2.251382,EU EEA Common AQI,78.1,2.8142276,10.157107,7200,0.47142857,100,100,64.3,0.39999998,Very Low,77.9,2.5347056,100,1747065600,Very Low,0.66771954,3.4244852,Very Low,1.338837,59.9,0.5,100,1747065600,0.5
2025-05-12T16:05:56Z,0,29.854,74.3,57,68.3,10,11,238,69,0.0,255,32767,0.0,2127-15-31,0.0,0.16,26.24,0.0,0.0,0.0,0,4.828125,6,45,05:48,20:11,2025-05-12 16:05:56.285597,Città della Scienza,53.9,3.1320407,11.208768,0.83464944,2.251382,EU EEA Common AQI,78.1,2.8142276,10.157107,7200,0.47142857,100,100,64.3,0.39999998,Very Low,77.9,2.5347056,100,1747065600,Very Low,0.66771954,3.4244852,Very Low,1.338837,59.9,0.5,100,1747065600,0.5
2025-05-12T16:06:07Z,0,29.854,74.3,57,68.3,14,11,244,69,0.0,255,32767,0.0,2127-15-31,0.0,0.16,26.24,0.0,0.0,0.0,0,4.828125,6,45,05:48,20:11,2025-05-12 16:06:07.349600,Città della Scienza,53.9,3.1320407,11.208768,0.83464944,2.251382,EU EEA Common AQI,78.1,2.8142276,10.157107,7200,0.47142857,100,100,64.3,0.39999998,Very Low,77.9,2.5347056,100,1747065600,Very Low,0.66771954,3.4244852,Very Low,1.338837,59.9,0.5,100,1747065600,0.5
2025-05-12T16:06:18Z,0,29.854,74.3,57,68.3,7,11,246,69,0.0,255,32767,0.0,2127-15-31,0.0,0.16,26.24,0.0,0.0,0.0,0,4.828125,6,45,05:48,20:11,2025-05-12 16:06:18.396591,Città della Scienza,53.9,3.1320407,11.208768,0.83464944,2.251382,EU EEA Common AQI,78.1,2.8142276,10.157107,7200,0.47142857,100,100,64.3,0.39999998,Very Low,77.9,2.5347056,100,1747065600,Very Low,0.66771954,3.4244852,Very Low,1.338837,59.9,0.5,100,1747065600,0.5
2025-05-12T16:06:29Z,0,29.854,74.3,57,68.3,12,11,242,69,0.0,255,32767,0.0,2127-15-31,0.0,0.16,26.24,0.0,0.0,0.0,0,4.828125,6,45,05:48,20:11,2025-05-12 16:06:29.495602,Città della Scienza,53.9,3.1320407,11.208768,0.83464944,2.251382,EU EEA Common AQI,78.1,2.8142276,10.157107,7200,0.47142857,100,100,64.3,0.39999998,Very Low,77.9,2.5347056,100,1747065600,Very Low,0.66771954,3.4244852,Very Low,1.338837,59.9,0.5,100,1747065600,0.5
2025-05-12T16:06:40Z,0,29.853,74.3,57,68.3,8,11,293,69,0.0,255,32767,0.0,2127-15-31,0.0,0.16,26.24,0.0,0.0,0.0,0,4.828125,6,45,05:48,20:11,2025-05-12 16:06:40.519591,Città della Scienza,53.9,3.1320407,11.208768,0.83464944,2.251382,EU EEA Common AQI,78.1,2.8142276,10.157107,7200,0.47142857,100,100,64.3,0.39999998,Very Low,77.9,2.5347056,100,1747065600,Very Low,0.66771954,3.4244852,Very Low,1.338837,59.9,0.5,100,1747065600,0.5
2025-05-12T16:06:51Z,0,29.853,74.3,57,68.3,10,11,240,69,0.0,255,32767,0.0,2127-15-31,0.0,0.16,26.24,0.0,0.0,0.0,0,4.828125,6,45,05:48,20:11,2025-05-12 16:06:51.641594,Città della Scienza,53.9,3.1320407,11.208768,0.83464944,2.251382,EU EEA Common AQI,78.1,2.8142276,10.157107,7200,0.47142857,100,100,64.3,0.39999998,Very Low,77.9,2.5347056,100,1747065600,Very Low,0.66771954,3.4244852,Very Low,1.338837,59.9,0.5,100,1747065600,0.5
2025-05-12T16:07:02Z,0,29.853,74.3,57,68.3,12,11,234,69,0.0,255,32767,0.0,2127-15-31,0.0,0.16,26.24,0.0,0.0,0.0,0,4.828125,6,45,05:48,20:11,2025-05-12 16:07:02.702596,Città della Scienza,53.9,3.1320407,11.208768,0.83464944,2.251382,EU EEA Common AQI,78.1,2.8142276,10.157107,7200,0.47142857,100,100,64.3,0.39999998,Very Low,77.9,2.5347056,100,1747065600,Very Low,0.66771954,3.4244852,Very Low,1.338837,59.9,0.5,100,1747065600,0.5
2025-05-12T16:07:14Z,0,29.853,74.3,57,68.3,11,11,252,69,0.0,255,32767,0.0,2127-15-31,0.0,0.16,26.24,0.0,0.0,0.0,0,4.828125,6,45,05:48,20:11,2025-05-12 16:07:13.809589,Città della Scienza,53.9,3.1320407,11.208768,0.83464944,2.251382,EU EEA Common AQI,78.1,2.8142276,10.157107,7200,0.47142857,100,100,64.3,0.39999998,Very Low,77.9,2.5347056,100,1747065600,Very Low,0.66771954,3.4244852,Very Low,1.338837,59.9,0.5,100,1747065600,0.5
2025-05-12T16:07:25Z,0,29.853,74.3,57,68.4,10,11,255,69,0.0,255,32767,0.0,2127-15-31,0.0,0.16,26.24,0.0,0.0,0.0,0,4.828125,6,45,05:48,20:11,2025-05-12 16:07:24.970591,Città della Scienza,53.9,3.1320407,11.208768,0.83464944,2.251382,EU EEA Common AQI,78.1,2.8142276,10.157107,7200,0.47142857,100,100,64.3,0.39999998,Very Low,77.9,2.5347056,100,1747065600,Very Low,0.66771954,3.4244852,Very Low,1.338837,59.9,0.5,100,1747065600,0.5
2025-05-12T16:07:36Z,0,29.854,74.3,57,68.4,13,11,244,69,0.0,255,32767,0.0,2127-15-31,0.0,0.16,26.24,0.0,0.0,0.0,0,4.828125,6,45,05:48,20:11,2025-05-12 16:07:36.060600,Città della Scienza,53.9,3.1320407,11.208768,0.83464944,2.251382,EU EEA Common AQI,78.1,2.8142276,10.157107,7200,0.47142857,100,100,64.3,0.39999998,Very Low,77.9,2.5347056,100,1747065600,Very Low,0.66771954,3.4244852,Very Low,1.338837,59.9,0.5,100,1747065600,0.5
2025-05-12T16:07:47Z,0,29.854,74.3,57,68.4,7,11,230,69,0.0,255,32767,0.0,2127-15-31,0.0,0.16,26.24,0.0,0.0,0.0,0,4.828125,6,45,05:48,20:11,2025-05-12 16:07:47.148587,Città della Scienza,53.9,3.1320407,11.208768,0.83464944,2.251382,EU EEA Common AQI,78.1,2.8142276,10.157107,7200,0.47142857,100,100,64.3,0.39999998,Very Low,77.9,2.5347056,100,1747065600,Very Low,0.66771954,3.4244852,Very Low,1.338837,59.9,0.5,100,1747065600,0.5
2025-05-12T16:07:58Z,0,29.854,74.3,57,68.4,12,11,244,69,0.0,255,32767,0.0,2127-15-31,0.0,0.16,26.24,0.0,0.0,0.0,0,4.828125,6,45,05:48,20:11,2025-05-12 16:07:58.213596,Città della Scienza,53.9,3.1320407,11.208768,0.83464944,2.251382,EU EEA Common AQI,78.1,2.8142276,10.157107,7200,0.47142857,100,100,64.3,0.39999998,Very Low,77.9,2.5347056,100,1747065600,Very Low,0.66771954,3.4244852,Very Low,1.338837,59.9,0.5,100,1747065600,0.5
2025-05-12T16:08:09Z,0,29.854,74.3,57,68.4,9,11,235,69,0.0,255,32767,0.0,2127-15-31,0.0,0.16,26.24,0.0,0.0,0.0,0,4.828125,6,45,05:48,20:11,2025-05-12 16:08:09.319598,Città della Scienza,53.9,3.1320407,11.208768,0.83464944,2.251382,EU EEA Common AQI,78.1,2.8142276,10.157107,7200,0.47142857,100,100,64.3,0.39999998,Very Low,77.9,2.5347056,100,1747065600,Very Low,0.66771954,3.4244852,Very Low,1.338837,59.9,0.5,100,1747065600,0.5
2025-05-12T16:08:20Z,0,29.854,74.3,57,68.4,10,11,247,69,0.0,255,32767,0.0,2127-15-31,0.0,0.16,26.24,0.0,0.0,0.0,0,4.828125,6,45,05:48,20:11,2025-05-12 16:08:20.411606,Città della Scienza,53.9,3.1320407,11.208768,0.83464944,2.251382,EU EEA Common AQI,78.1,2.8142276,10.157107,7200,0.47142857,100,100,64.3,0.39999998,Very Low,77.9,2.5347056,100,1747065600,Very Low,0.66771954,3.4244852,Very Low,1.338837,59.9,0.5,100,1747065600,0.5
2025-05-12T16:08:31Z,0,29.854,74.3,57,68.4,10,11,263,67,0.0,255,32767,0.0,2127-15-31,0.0,0.16,26.24,0.0,0.0,0.0,0,4.828125,6,45,05:48,20:11,2025-05-12 16:08:31.500594,Città della Scienza,53.9,3.1320407,11.208768,0.83464944,2.251382,EU EEA Common AQI,78.1,2.8142276,10.157107,7200,0.47142857,100,100,64.3,0.39999998,Very Low,77.9,2.5347056,100,1747065600,Very Low,0.66771954,3.4244852,Very Low,1.338837,59.9,0.5,100,1747065600,0.5
2025-05-12T16:08:42Z,0,29.853,74.3,57,68.4,9,11,255,67,0.0,255,32767,0.0,2127-15-31,0.0,0.16,26.24,0.0,0.0,0.0,0,4.828125,6,45,05:48,20:11,2025-05-12 16:08:42.578591,Città della Scienza,53.9,3.1320407,11.208768,0.83464944,2.251382,EU EEA Common AQI,78.1,2.8142276,10.157107,7200,0.47142857,100,100,64.3,0.39999998,Very Low,77.9,2.5347056,100,1747065600,Very Low,0.66771954,3.4244852,Very Low,1.338837,59.9,0.5,100,1747065600,0.5
2025-05-12T16:08:53Z,0,29.853,74.3,57,68.4,8,11,208,67,0.0,255,32767,0.0,2127-15-31,0.0,0.16,26.24,0.0,0.0,0.0,0,4.828125,6,45,05:48,20:11,2025-05-12 16:08:53.647595,Città della Scienza,53.9,3.1320407,11.208768,0.83464944,2.251382,EU EEA Common AQI,78.1,2.8142276,10.157107,7200,0.47142857,100,100,64.3,0.39999998,Very Low,77.9,2.5347056,100,1747065600,Very Low,0.66771954,3.4244852,Very Low,1.338837,59.9,0.5,100,1747065600,0.5
2025-05-12T16:09:04Z,0,29.853,74.3,57,68.4,12,11,258,67,0.0,255,32767,0.0,2127-15-31,0.0,0.16,26.24,0.0,0.0,0.0,0,4.828125,6,45,05:48,20:11,2025-05-12 16:09:04.732593,Città della Scienza,53.9,3.1320407,11.208768,0.83464944,2.251382,EU EEA Common AQI,78.1,2.8142276,10.157107,7200,0.47142857,100,100,64.3,0.39999998,Very Low,77.9,2.5347056,100,1747065600,Very Low,0.66771954,3.4244852,Very Low,1.338837,59.9,0.5,100,1747065600,0.5
2025-05-12T16:09:16Z,0,29.853,74.3,57,68.4,15,11,249,67,0.0,255,32767,0.0,2127-15-31,0.0,0.16,26.24,0.0,0.0,0.0,0,4.828125,6,45,05:48,20:11,2025-05-12 16:09:15.861598,Città della Scienza,53.9,3.1320407,11.208768,0.83464944,2.251382,EU EEA Common AQI,78.1,2.8142276,10.157107,7200,0.47142857,100,100,64.3,0.39999998,Very Low,77.9,2.5347056,100,1747065600,Very Low,0.66771954,3.4244852,Very Low,1.338837,59.9,0.5,100,1747065600,0.5
2025-05-12T16:09:27Z,0,29.853,74.3,57,68.5,13,11,242,67,0.0,255,32767,0.0,2127-15-31,0.0,0.16,26.24,0.0,0.0,0.0,0,4.828125,6,45,05:48,20:11,2025-05-12 16:09:26.976594,Città della Scienza,53.9,3.1320407,11.208768,0.83464944,2.251382,EU EEA Common AQI,78.1,2.8142276,10.157107,7200,0.47142857,100,100,64.3,0.39999998,Very Low,77.9,2.5347056,100,1747065600,Very Low,0.66771954,3.4244852,Very Low,1.338837,59.9,0.5,100,1747065600,0.5
2025-05-12T16:09:38Z,0,29.854,74.3,57,68.5,13,11,264,67,0.0,255,32767,0.0,2127-15-31,0.0,0.16,26.24,0.0,0.0,0.0,0,4.828125,6,45,05:48,20:11,2025-05-12 16:09:38.052591,Città della Scienza,53.9,3.1320407,11.208768,0.83464944,2.251382,EU EEA Common AQI,78.1,2.8142276,10.157107,7200,0.47142857,100,100,64.3,0.39999998,Very Low,77.9,2.5347056,100,1747065600,Very Low,0.66771954,3.4244852,Very Low,1.338837,59.9,0.5,100,1747065600,0.5
2025-05-12T16:09:49Z,0,29.854,74.3,57,68.5,14,11,245,67,0.0,255,32767,0.0,2127-15-31,0.0,0.16,26.24,0.0,0.0,0.0,0,4.828125,6,45,05:48,20:11,2025-05-12 16:09:49.184590,Città della Scienza,53.9,3.1320407,11.208768,0.83464944,2.251382,EU EEA Common AQI,78.1,2.8142276,10.157107,7200,0.47142857,100,100,64.3,0.39999998,Very Low,77.9,2.5347056,100,1747065600,Very Low,0.66771954,3.4244852,Very Low,1.338837,59.9,0.5,100,1747065600,0.5
2025-05-12T16:10:00Z,0,29.854,74.3,57,68.5,9,11,254,67,0.0,255,32767,0.0,2127-15-31,0.0,0.16,26.24,0.0,0.0,0.0,0,4.828125,6,45,05:48,20:11,2025-05-12 16:10:00.226644,Città della Scienza,53.9,3.1320407,11.208768,0.83464944,2.251382,EU EEA Common AQI,78.1,2.8142276,10.157107,7200,0.47142857,100,100,64.3,0.39999998,Very Low,77.9,2.5347056,100,1747065600,Very Low,0.66771954,3.4244852,Very Low,1.338837,59.9,0.5,100,1747065600,0.5
2025-05-12T16:10:11Z,0,29.854,74.3,57,68.5,14,11,248,67,0.0,255,32767,0.0,2127-15-31,0.0,0.16,26.24,0.0,0.0,0.0,0,4.828125,6,45,05:48,20:11,2025-05-12 16:10:11.303597,Città della Scienza,53.9,3.1320407,11.208768,0.83464944,2.251382,EU EEA Common AQI,78.1,2.8142276,10.157107,7200,0.47142857,100,100,64.3,0.39999998,Very Low,77.9,2.5347056,100,1747065600,Very Low,0.66771954,3.4244852,Very Low,1.338837,59.9,0.5,100,1747065600,0.5
2025-05-12T16:10:22Z,0,29.854,74.3,57,68.5,12,11,261,67,0.0,255,32767,0.0,2127-15-31,0.0,0.16,26.24,0.0,0.0,0.0,0,4.828125,6,45,05:48,20:11,2025-05-12 16:10:22.410597,Città della Scienza,53.9,3.1320407,11.208768,0.83464944,2.251382,EU EEA Common AQI,78.1,2.8142276,10.157107,7200,0.47142857,100,100,64.3,0.39999998,Very Low,77.9,2.5347056,100,1747065600,Very Low,0.66771954,3.4244852,Very Low,1.338837,59.9,0.5,100,1747065600,0.5
2025-05-12T16:10:33Z,0,29.854,74.3,57,68.5,10,11,252,67,0.0,255,32767,0.0,2127-15-31,0.0,0.16,26.24,0.0,0.0,0.0,0,4.828125,6,45,05:48,20:11,2025-05-12 16:10:33.560593,Città della Scienza,53.9,3.1320407,11.208768,0.83464944,2.251382,EU EEA Common AQI,78.1,2.8142276,10.157107,7200,0.47142857,100,100,64.3,0.39999998,Very Low,77.9,2.5347056,100,1747065600,Very Low,0.66771954,3.4244852,Very Low,1.338837,59.9,0.5,100,1747065600,0.5
2025-05-12T16:10:44Z,0,29.854,74.3,57,68.5,9,11,228,67,0.0,255,32767,0.0,2127-15-31,0.0,0.16,26.24,0.0,0.0,0.0,0,4.828125,6,45,05:48,20:11,2025-05-12 16:10:44.688605,Città della Scienza,53.9,3.1320407,11.208768,0.83464944,2.251382,EU EEA Common AQI,78.1,2.8142276,10.157107,7200,0.47142857,100,100,64.3,0.39999998,Very Low,77.9,2.5347056,100,1747065600,Very Low,0.66771954,3.4244852,Very Low,1.338837,59.9,0.5,100,1747065600,0.5
2025-05-12T16:10:55Z,0,29.854,74.3,57,68.5,9,11,244,67,0.0,255,32767,0.0,2127-15-31,0.0,0.16,26.24,0.0,0.0,0.0,0,4.828125,6,45,05:48,20:11,2025-05-12 16:10:55.751599,Città della Scienza,53.9,3.1320407,11.208768,0.83464944,2.251382,EU EEA Common AQI,78.1,2.8142276,10.157107,7200,0.47142857,100,100,64.3,0.39999998,Very Low,77.9,2.5347056,100,1747065600,Very Low,0.66771954,3.4244852,Very Low,1.338837,59.9,0.5,100,1747065600,0.5
2025-05-12T16:11:07Z,0,29.854,74.3,57,68.5,12,11,238,67,0.0,255,32767,0.0,2127-15-31,0.0,0.16,26.24,0.0,0.0,0.0,0,4.828125,6,45,05:48,20:11,2025-05-12 16:11:06.839597,Città della Scienza,53.9,3.1320407,11.208768,0.83464944,2.251382,EU EEA Common AQI,78.1,2.8142276,10.157107,7200,0.47142857,100,100,64.3,0.39999998,Very Low,77.9,2.5347056,100,1747065600,Very Low,0.66771954,3.4244852,Very Low,1.338837,59.9,0.5,100,1747065600,0.5
2025-05-12T16:11:18Z,0,29.854,74.3,57,68.5,11,11,249,67,0.0,255,32767,0.0,2127-15-31,0.0,0.16,26.24,0.0,0.0,0.0,0,4.828125,6,45,05:48,20:11,2025-05-12 16:11:17.948605,Città della Scienza,53.9,3.1320407,11.208768,0.83464944,2.251382,EU EEA Common AQI,78.1,2.8142276,10.157107,7200,0.47142857,100,100,64.3,0.39999998,Very Low,77.9,2.5347056,100,1747065600,Very Low,0.66771954,3.4244852,Very Low,1.338837,59.9,0.5,100,1747065600,0.5
2025-05-12T16:11:29Z,0,29.854,74.3,57,68.5,7,11,250,67,0.0,255,32767,0.0,2127-15-31,0.0,0.16,26.24,0.0,0.0,0.0,0,4.828125,6,45,05:48,20:11,2025-05-12 16:11:29.063600,Città della Scienza,53.9,3.1320407,11.208768,0.83464944,2.251382,EU EEA Common AQI,78.1,2.8142276,10.157107,7200,0.47142857,100,100,64.3,0.39999998,Very Low,77.9,2.5347056,100,1747065600,Very Low,0.66771954,3.4244852,Very Low,1.338837,59.9,0.5,100,1747065600,0.5
2025-05-12T16:11:40Z,0,29.854,74.3,57,68.6,14,11,249,67,0.0,255,32767,0.0,2127-15-31,0.0,0.16,26.24,0.0,0.0,0.0,0,4.828125,6,45,05:48,20:11,2025-05-12 16:11:40.159597,Città della Scienza,53.9,3.1320407,11.208768,0.83464944,2.251382,EU EEA Common AQI,78.1,2.8142276,10.157107,7200,0.47142857,100,100,64.3,0.39999998,Very Low,77.9,2.5347056,100,1747065600,Very Low,0.66771954,3.4244852,Very Low,1.338837,59.9,0.5,100,1747065600,0.5
2025-05-12T16:11:51Z,0,29.854,74.3,57,68.6,13,11,257,67,0.0,255,32767,0.0,2127-15-31,0.0,0.16,26.24,0.0,0.0,0.0,0,4.828125,6,45,05:48,20:11,2025-05-12 16:11:51.289589,Città della Scienza,53.9,3.1320407,11.208768,0.83464944,2.251382,EU EEA Common AQI,78.1,2.8142276,10.157107,7200,0.47142857,100,100,64.3,0.39999998,Very Low,77.9,2.5347056,100,1747065600,Very Low,0.66771954,3.4244852,Very Low,1.338837,59.9,0.5,100,1747065600,0.5
2025-05-12T16:12:02Z,0,29.854,74.3,57,68.6,12,11,247,66,0.0,255,32767,0.0,2127-15-31,0.0,0.16,26.24,0.0,0.0,0.0,0,4.828125,6,45,05:48,20:11,2025-05-12 16:12:02.342605,Città della Scienza,53.9,3.1320407,11.208768,0.83464944,2.251382,EU EEA Common AQI,78.1,2.8142276,10.157107,7200,0.47142857,100,100,64.3,0.39999998,Very Low,77.9,2.5347056,100,1747065600,Very Low,0.66771954,3.4244852,Very Low,1.338837,59.9,0.5,100,1747065600,0.5
2025-05-12T16:12:13Z,0,29.854,74.3,57,68.6,14,11,242,66,0.0,255,32767,0.0,2127-15-31,0.0,0.16,26.24,0.0,0.0,0.0,0,4.828125,6,45,05:48,20:11,2025-05-12 16:12:13.444599,Città della Scienza,53.9,3.1320407,11.208768,0.83464944,2.251382,EU EEA Common AQI,78.1,2.8142276,10.157107,7200,0.47142857,100,100,64.3,0.39999998,Very Low,77.9,2.5347056,100,1747065600,Very Low,0.66771954,3.4244852,Very Low,1.338837,59.9,0.5,100,1747065600,0.5
2025-05-12T16:12:24Z,0,29.854,74.3,57,68.5,11,11,277,66,0.0,255,32767,0.0,2127-15-31,0.0,0.16,26.24,0.0,0.0,0.0,0,4.828125,6,45,05:48,20:11,2025-05-12 16:12:24.519588,Città della Scienza,53.9,3.1320407,11.208768,0.83464944,2.251382,EU EEA Common AQI,78.1,2.8142276,10.157107,7200,0.47142857,100,100,64.3,0.39999998,Very Low,77.9,2.5347056,100,1747065600,Very Low,0.66771954,3.4244852,Very Low,1.338837,59.9,0.5,100,1747065600,0.5
2025-05-12T16:12:35Z,0,29.852,74.3,57,68.5,7,11,229,66,0.0,255,32767,0.0,2127-15-31,0.0,0.16,26.24,0.0,0.0,0.0,0,4.828125,6,45,05:48,20:11,2025-05-12 16:12:35.614604,Città della Scienza,53.9,3.1320407,11.208768,0.83464944,2.251382,EU EEA Common AQI,78.1,2.8142276,10.157107,7200,0.47142857,100,100,64.3,0.39999998,Very Low,77.9,2.5347056,100,1747065600,Very Low,0.66771954,3.4244852,Very Low,1.338837,59.9,0.5,100,1747065600,0.5
2025-05-12T16:12:46Z,0,29.852,74.3,57,68.5,8,11,245,66,0.0,255,32767,0.0,2127-15-31,0.0,0.16,26.24,0.0,0.0,0.0,0,4.828125,6,45,05:48,20:11,2025-05-12 16:12:46.697561,Città della Scienza,53.9,3.1320407,11.208768,0.83464944,2.251382,EU EEA Common AQI,78.1,2.8142276,10.157107,7200,0.47142857,100,100,64.3,0.39999998,Very Low,77.9,2.5347056,100,1747065600,Very Low,0.66771954,3.4244852,Very Low,1.338837,59.9,0.5,100,1747065600,0.5
2025-05-12T16:12:57Z,0,29.852,74.3,57,68.5,11,11,267,66,0.0,255,32767,0.0,2127-15-31,0.0,0.16,26.24,0.0,0.0,0.0,0,4.828125,6,45,05:48,20:11,2025-05-12 16:12:57.770595,Città della Scienza,53.9,3.1320407,11.208768,0.83464944,2.251382,EU EEA Common AQI,78.1,2.8142276,10.157107,7200,0.47142857,100,100,64.3,0.39999998,Very Low,77.9,2.5347056,100,1747065600,Very Low,0.66771954,3.4244852,Very Low,1.338837,59.9,0.5,100,1747065600,0.5
2025-05-12T16:13:09Z,0,29.852,74.3,57,68.6,10,11,244,66,0.0,255,32767,0.0,2127-15-31,0.0,0.16,26.24,0.0,0.0,0.0,0,4.828125,6,45,05:48,20:11,2025-05-12 16:13:08.826603,Città della Scienza,53.9,3.1320407,11.208768,0.83464944,2.251382,EU EEA Common AQI,78.1,2.8142276,10.157107,7200,0.47142857,100,100,64.3,0.39999998,Very Low,77.9,2.5347056,100,1747065600,Very Low,0.66771954,3.4244852,Very Low,1.338837,59.9,0.5,100,1747065600,0.5
2025-05-12T16:13:20Z,0,29.852,74.3,57,68.6,12,11,253,66,0.0,255,32767,0.0,2127-15-31,0.0,0.16,26.24,0.0,0.0,0.0,0,4.828125,6,45,05:48,20:11,2025-05-12 16:13:19.906595,Città della Scienza,53.9,3.1320407,11.208768,0.83464944,2.251382,EU EEA Common AQI,78.1,2.8142276,10.157107,7200,0.47142857,100,100,64.3,0.39999998,Very Low,77.9,2.5347056,100,1747065600,Very Low,0.66771954,3.4244852,Very Low,1.338837,59.9,0.5,100,1747065600,0.5
2025-05-12T16:13:31Z,0,29.852,74.3,57,68.6,13,11,253,66,0.0,255,32767,0.0,2127-15-31,0.0,0.16,26.24,0.0,0.0,0.0,0,4.828125,6,45,05:48,20:11,2025-05-12 16:13:30.951594,Città della Scienza,53.9,3.1320407,11.208768,0.83464944,2.251382,EU EEA Common AQI,78.1,2.8142276,10.157107,7200,0.47142857,100,100,64.3,0.39999998,Very Low,77.9,2.5347056,100,1747065600,Very Low,0.66771954,3.4244852,Very Low,1.338837,59.9,0.5,100,1747065600,0.5
2025-05-12T16:13:42Z,0,29.855,74.3,57,68.6,8,11,251,66,0.0,255,32767,0.0,2127-15-31,0.0,0.16,26.24,0.0,0.0,0.0,0,4.828125,6,45,05:48,20:11,2025-05-12 16:13:42.004611,Città della Scienza,53.9,3.1320407,11.208768,0.83464944,2.251382,EU EEA Common AQI,78.1,2.8142276,10.157107,7200,0.47142857,100,100,64.3,0.39999998,Very Low,77.9,2.5347056,100,1747065600,Very Low,0.66771954,3.4244852,Very Low,1.338837,59.9,0.5,100,1747065600,0.5
2025-05-12T16:13:53Z,0,29.855,74.3,57,68.7,11,11,222,66,0.0,255,32767,0.0,2127-15-31,0.0,0.16,26.24,0.0,0.0,0.0,0,4.828125,6,45,05:48,20:11,2025-05-12 16:13:53.111599,Città della Scienza,53.9,3.1320407,11.208768,0.83464944,2.251382,EU EEA Common AQI,78.1,2.8142276,10.157107,7200,0.47142857,100,100,64.3,0.39999998,Very Low,77.9,2.5347056,100,1747065600,Very Low,0.66771954,3.4244852,Very Low,1.338837,59.9,0.5,100,1747065600,0.5
2025-05-12T16:14:04Z,0,29.855,74.3,57,68.7,15,11,246,66,0.0,255,32767,0.0,2127-15-31,0.0,0.16,26.24,0.0,0.0,0.0,0,4.828125,6,45,05:48,20:11,2025-05-12 16:14:04.481599,Città della Scienza,53.9,3.1320407,11.208768,0.83464944,2.251382,EU EEA Common AQI,78.1,2.8142276,10.157107,7200,0.47142857,100,100,64.3,0.39999998,Very Low,77.9,2.5347056,100,1747065600,Very Low,0.66771954,3.4244852,Very Low,1.338837,59.9,0.5,100,1747065600,0.5
2025-05-12T16:14:15Z,0,29.855,74.3,57,68.7,12,11,281,66,0.0,255,32767,0.0,2127-15-31,0.0,0.16,26.24,0.0,0.0,0.0,0,4.828125,6,45,05:48,20:11,2025-05-12 16:14:15.513587,Città della Scienza,53.9,3.1320407,11.208768,0.83464944,2.251382,EU EEA Common AQI,78.1,2.8142276,10.157107,7200,0.47142857,100,100,64.3,0.39999998,Very Low,77.9,2.5347056,100,1747065600,Very Low,0.66771954,3.4244852,Very Low,1.338837,59.9,0.5,100,1747065600,0.5
2025-05-12T16:14:26Z,0,29.855,74.3,57,68.7,15,11,231,66,0.0,255,32767,0.0,2127-15-31,0.0,0.16,26.24,0.0,0.0,0.0,0,4.828125,6,45,05:48,20:11,2025-05-12 16:14:26.599620,Città della Scienza,53.9,3.1320407,11.208768,0.83464944,2.251382,EU EEA Common AQI,78.1,2.8142276,10.157107,7200,0.47142857,100,100,64.3,0.39999998,Very Low,77.9,2.5347056,100,1747065600,Very Low,0.66771954,3.4244852,Very Low,1.338837,59.9,0.5,100,1747065600,0.5
2025-05-12T16:14:37Z,0,29.853,74.4,57,68.6,13,11,263,66,0.0,255,32767,0.0,2127-15-31,0.0,0.16,26.24,0.0,0.0,0.0,0,4.828125,6,45,05:48,20:11,2025-05-12 16:14:37.703603,Città della Scienza,53.9,3.1320407,11.208768,0.83464944,2.251382,EU EEA Common AQI,78.1,2.8142276,10.157107,7200,0.47142857,100,100,64.3,0.39999998,Very Low,77.9,2.5347056,100,1747065600,Very Low,0.66771954,3.4244852,Very Low,1.338837,59.9,0.5,100,1747065600,0.5
2025-05-12T16:14:48Z,0,29.853,74.4,57,68.6,7,11,270,66,0.0,255,32767,0.0,2127-15-31,0.0,0.16,26.24,0.0,0.0,0.0,0,4.828125,6,45,05:48,20:11,2025-05-12 16:14:48.798589,Città della Scienza,53.9,3.1320407,11.208768,0.83464944,2.251382,EU EEA Common AQI,78.1,2.8142276,10.157107,7200,0.47142857,100,100,64.3,0.39999998,Very Low,77.9,2.5347056,100,1747065600,Very Low,0.66771954,3.4244852,Very Low,1.338837,59.9,0.5,100,1747065600,0.5
2025-05-12T16:15:00Z,0,29.853,74.4,57,68.7,14,11,236,66,0.0,255,32767,0.0,2127-15-31,0.0,0.16,26.24,0.0,0.0,0.0,0,4.828125,6,45,05:48,20:11,2025-05-12 16:14:59.834595,Città della Scienza,53.9,3.1320407,11.208768,0.83464944,2.251382,EU EEA Common AQI,78.1,2.8142276,10.157107,7200,0.47142857,100,100,64.3,0.39999998,Very Low,77.9,2.5347056,100,1747065600,Very Low,0.66771954,3.4244852,Very Low,1.338837,59.9,0.5,100,1747065600,0.5
2025-05-12T16:15:11Z,0,29.853,74.4,57,68.6,10,11,249,66,0.0,255,32767,0.0,2127-15-31,0.0,0.16,26.24,0.0,0.0,0.0,0,4.828125,6,45,05:48,20:11,2025-05-12 16:15:10.965653,Città della Scienza,53.9,3.1320407,11.208768,0.83464944,2.251382,EU EEA Common AQI,78.1,2.8142276,10.157107,7200,0.47142857,100,100,64.3,0.39999998,Very Low,77.9,2.5347056,100,1747065600,Very Low,0.66771954,3.4244852,Very Low,1.338837,59.9,0.5,100,1747065600,0.5
2025-05-12T16:15:22Z,0,29.853,74.4,57,68.6,12,11,236,66,0.0,255,32767,0.0,2127-15-31,0.0,0.16,26.24,0.0,0.0,0.0,0,4.828125,6,45,05:48,20:11,2025-05-12 16:15:22.063600,Città della Scienza,52.3,2.7248504,11.191216,0.688607,2.0110898,EU EEA Common AQI,76.6,2.5138624,10.136728,7200,0.49275362,100,100,62.6,0.3942029,Very Low,76.6,2.1183884,100,1747066500,Very Low,0.55088556,3.1347265,Very Low,1.2357588,57.8,1.2173913,100,1747066500,0.49275362
2025-05-12T16:15:33Z,0,29.853,74.4,57,68.6,11,11,252,66,0.0,255,32767,0.0,2127-15-31,0.0,0.16,26.24,0.0,0.0,0.0,0,4.828125,6,45,05:48,20:11,2025-05-12 16:15:33.102594,Città della Scienza,52.3,2.7248504,11.191216,0.688607,2.0110898,EU EEA Common AQI,76.6,2.5138624,10.136728,7200,0.49275362,100,100,62.6,0.3942029,Very Low,76.6,2.1183884,100,1747066500,Very Low,0.55088556,3.1347265,Very Low,1.2357588,57.8,1.2173913,100,1747066500,0.49275362
2025-05-12T16:15:44Z,0,29.853,74.3,57,68.6,15,11,254,66,0.0,255,32767,0.0,2127-15-31,0.0,0.16,26.24,0.0,0.0,0.0,0,4.828125,6,45,05:48,20:11,2025-05-12 16:15:44.166593,Città della Scienza,52.3,2.7248504,11.191216,0.688607,2.0110898,EU EEA Common AQI,76.6,2.5138624,10.136728,7200,0.49275362,100,100,62.6,0.3942029,Very Low,76.6,2.1183884,100,1747066500,Very Low,0.55088556,3.1347265,Very Low,1.2357588,57.8,1.2173913,100,1747066500,0.49275362
2025-05-12T16:15:55Z,0,29.853,74.3,57,68.7,12,11,269,66,0.0,255,32767,0.0,2127-15-31,0.0,0.16,26.24,0.0,0.0,0.0,0,4.828125,6,45,05:48,20:11,2025-05-12 16:15:55.244589,Città della Scienza,52.3,2.7248504,11.191216,0.688607,2.0110898,EU EEA Common AQI,76.6,2.5138624,10.136728,7200,0.49275362,100,100,62.6,0.3942029,Very Low,76.6,2.1183884,100,1747066500,Very Low,0.55088556,3.1347265,Very Low,1.2357588,57.8,1.2173913,100,1747066500,0.49275362
2025-05-12T16:16:06Z,0,29.853,74.3,57,68.7,13,11,246,66,0.0,255,32767,0.0,2127-15-31,0.0,0.16,26.24,0.0,0.0,0.0,0,4.828125,6,45,05:48,20:11,2025-05-12 16:16:06.338590,Città della Scienza,52.3,2.7248504,11.191216,0.688607,2.0110898,EU EEA Common AQI,76.6,2.5138624,10.136728,7200,0.49275362,100,100,62.6,0.3942029,Very Low,76.6,2.1183884,100,1747066500,Very Low,0.55088556,3.1347265,Very Low,1.2357588,57.8,1.2173913,100,1747066500,0.49275362
2025-05-12T16:16:17Z,0,29.853,74.3,57,68.6,12,11,246,66,0.0,255,32767,0.0,2127-15-31,0.0,0.16,26.24,0.0,0.0,0.0,0,4.828125,6,45,05:48,20:11,2025-05-12 16:16:17.421594,Città della Scienza,52.3,2.7248504,11.191216,0.688607,2.0110898,EU EEA Common AQI,76.6,2.5138624,10.136728,7200,0.49275362,100,100,62.6,0.3942029,Very Low,76.6,2.1183884,100,1747066500,Very Low,0.55088556,3.1347265,Very Low,1.2357588,57.8,1.2173913,100,1747066500,0.49275362
2025-05-12T16:16:28Z,0,29.853,74.3,57,68.5,13,11,248,67,0.0,255,32767,0.0,2127-15-31,0.0,0.16,26.24,0.0,0.0,0.0,0,4.828125,6,45,05:48,20:11,2025-05-12 16:16:28.456591,Città della Scienza,52.3,2.7248504,11.191216,0.688607,2.0110898,EU EEA Common AQI,76.6,2.5138624,10.136728,7200,0.49275362,100,100,62.6,0.3942029,Very Low,76.6,2.1183884,100,1747066500,Very Low,0.55088556,3.1347265,Very Low,1.2357588,57.8,1.2173913,100,1747066500,0.49275362
2025-05-12T16:16:39Z,0,29.852,74.3,57,68.6,13,11,241,67,0.0,255,32767,0.0,2127-15-31,0.0,0.16,26.24,0.0,0.0,0.0,0,4.828125,6,45,05:48,20:11,2025-05-12 16:16:39.541596,Città della Scienza,52.3,2.7248504,11.191216,0.688607,2.0110898,EU EEA Common AQI,76.6,2.5138624,10.136728,7200,0.49275362,100,100,62.6,0.3942029,Very Low,76.6,2.1183884,100,1747066500,Very Low,0.55088556,3.1347265,Very Low,1.2357588,57.8,1.2173913,100,1747066500,0.49275362
2025-05-12T16:16:50Z,0,29.852,74.3,57,68.6,8,11,233,67,0.0,255,32767,0.0,2127-15-31,0.0,0.16,26.24,0.0,0.0,0.0,0,4.828125,6,45,05:48,20:11,2025-05-12 16:16:50.654554,Città della Scienza,52.3,2.7248504,11.191216,0.688607,2.0110898,EU EEA Common AQI,76.6,2.5138624,10.136728,7200,0.49275362,100,100,62.6,0.3942029,Very Low,76.6,2.1183884,100,1747066500,Very Low,0.55088556,3.1347265,Very Low,1.2357588,57.8,1.2173913,100,1747066500,0.49275362
2025-05-12T16:17:01Z,0,29.852,74.3,57,68.6,9,11,248,67,0.0,255,32767,0.0,2127-15-31,0.0,0.16,26.24,0.0,0.0,0.0,0,4.828125,6,45,05:48,20:11,2025-05-12 16:17:01.754565,Città della Scienza,52.3,2.7248504,11.191216,0.688607,2.0110898,EU EEA Common AQI,76.6,2.5138624,10.136728,7200,0.49275362,100,100,62.6,0.3942029,Very Low,76.6,2.1183884,100,1747066500,Very Low,0.55088556,3.1347265,Very Low,1.2357588,57.8,1.2173913,100,1747066500,0.49275362
2025-05-12T16:17:13Z,0,29.852,74.3,57,68.5,8,11,247,68,0.0,255,32767,0.0,2127-15-31,0.0,0.16,26.24,0.0,0.0,0.0,0,4.828125,6,45,05:48,20:11,2025-05-12 16:17:12.830601,Città della Scienza,52.3,2.7248504,11.191216,0.688607,2.0110898,EU EEA Common AQI,76.6,2.5138624,10.136728,7200,0.49275362,100,100,62.6,0.3942029,Very Low,76.6,2.1183884,100,1747066500,Very Low,0.55088556,3.1347265,Very Low,1.2357588,57.8,1.2173913,100,1747066500,0.49275362
2025-05-12T16:17:24Z,0,29.852,74.3,57,68.5,12,11,259,68,0.0,255,32767,0.0,2127-15-31,0.0,0.16,26.24,0.0,0.0,0.0,0,4.828125,6,45,05:48,20:11,2025-05-12 16:17:23.871613,Città della Scienza,52.3,2.7248504,11.191216,0.688607,2.0110898,EU EEA Common AQI,76.6,2.5138624,10.136728,7200,0.49275362,100,100,62.6,0.3942029,Very Low,76.6,2.1183884,100,1747066500,Very Low,0.55088556,3.1347265,Very Low,1.2357588,57.8,1.2173913,100,1747066500,0.49275362
2025-05-12T16:17:35Z,0,29.853,74.3,57,68.5,14,11,248,68,0.0,255,32767,0.0,2127-15-31,0.0,0.16,26.24,0.0,0.0,0.0,0,4.828125,6,45,05:48,20:11,2025-05-12 16:17:35.055599,Città della Scienza,52.3,2.7248504,11.191216,0.688607,2.0110898,EU EEA Common AQI,76.6,2.5138624,10.136728,7200,0.49275362,100,100,62.6,0.3942029,Very Low,76.6,2.1183884,100,1747066500,Very Low,0.55088556,3.1347265,Very Low,1.2357588,57.8,1.2173913,100,1747066500,0.49275362
2025-05-12T16:17:46Z,0,29.853,74.3,57,68.5,12,11,244,68,0.0,255,32767,0.0,2127-15-31,0.0,0.16,26.24,0.0,0.0,0.0,0,4.828125,6,45,05:48,20:11,2025-05-12 16:17:46.163579,Città della Scienza,52.3,2.7248504,11.191216,0.688607,2.0110898,EU EEA Common AQI,76.6,2.5138624,10.136728,7200,0.49275362,100,100,62.6,0.3942029,Very Low,76.6,2.1183884,100,1747066500,Very Low,0.55088556,3.1347265,Very Low,1.2357588,57.8,1.2173913,100,1747066500,0.49275362
2025-05-12T16:17:57Z,0,29.853,74.3,57,68.5,13,11,240,68,0.0,255,32767,0.0,2127-15-31,0.0,0.16,26.24,0.0,0.0,0.0,0,4.828125,6,45,05:48,20:11,2025-05-12 16:17:57.275609,Città della Scienza,52.3,2.7248504,11.191216,0.688607,2.0110898,EU EEA Common AQI,76.6,2.5138624,10.136728,7200,0.49275362,100,100,62.6,0.3942029,Very Low,76.6,2.1183884,100,1747066500,Very Low,0.55088556,3.1347265,Very Low,1.2357588,57.8,1.2173913,100,1747066500,0.49275362
2025-05-12T16:18:08Z,0,29.853,74.3,57,68.4,12,11,242,68,0.0,255,32767,0.0,2127-15-31,0.0,0.16,26.24,0.0,0.0,0.0,0,4.828125,6,45,05:48,20:11,2025-05-12 16:18:08.399593,Città della Scienza,52.3,2.7248504,11.191216,0.688607,2.0110898,EU EEA Common AQI,76.6,2.5138624,10.136728,7200,0.49275362,100,100,62.6,0.3942029,Very Low,76.6,2.1183884,100,1747066500,Very Low,0.55088556,3.1347265,Very Low,1.2357588,57.8,1.2173913,100,1747066500,0.49275362
2025-05-12T16:18:19Z,0,29.853,74.3,57,68.4,13,11,241,68,0.0,255,32767,0.0,2127-15-31,0.0,0.16,26.24,0.0,0.0,0.0,0,4.828125,6,45,05:48,20:11,2025-05-12 16:18:19.540598,Città della Scienza,52.3,2.7248504,11.191216,0.688607,2.0110898,EU EEA Common AQI,76.6,2.5138624,10.136728,7200,0.49275362,100,100,62.6,0.3942029,Very Low,76.6,2.1183884,100,1747066500,Very Low,0.55088556,3.1347265,Very Low,1.2357588,57.8,1.2173913,100,1747066500,0.49275362
2025-05-12T16:18:30Z,0,29.853,74.3,57,68.4,13,11,247,68,0.0,255,32767,0.0,2127-15-31,0.0,0.16,26.24,0.0,0.0,0.0,0,4.828125,6,45,05:48,20:11,2025-05-12 16:18:30.617589,Città della Scienza,52.3,2.7248504,11.191216,0.688607,2.0110898,EU EEA Common AQI,76.6,2.5138624,10.136728,7200,0.49275362,100,100,62.6,0.3942029,Very Low,76.6,2.1183884,100,1747066500,Very Low,0.55088556,3.1347265,Very Low,1.2357588,57.8,1.2173913,100,1747066500,0.49275362
2025-05-12T16:18:42Z,0,29.854,74.3,57,68.4,14,11,235,68,0.0,255,32767,0.0,2127-15-31,0.0,0.16,26.24,0.0,0.0,0.0,0,4.828125,6,45,05:48,20:11,2025-05-12 16:18:42.787600,Città della Scienza,52.3,2.7248504,11.191216,0.688607,2.0110898,EU EEA Common AQI,76.6,2.5138624,10.136728,7200,0.49275362,100,100,62.6,0.3942029,Very Low,76.6,2.1183884,100,1747066500,Very Low,0.55088556,3.1347265,Very Low,1.2357588,57.8,1.2173913,100,1747066500,0.49275362
2025-05-12T16:18:54Z,0,29.854,74.3,57,68.4,11,11,245,68,0.0,255,32767,0.0,2127-15-31,0.0,0.16,26.24,0.0,0.0,0.0,0,4.828125,6,45,05:48,20:11,2025-05-12 16:18:53.846589,Città della Scienza,52.3,2.7248504,11.191216,0.688607,2.0110898,EU EEA Common AQI,76.6,2.5138624,10.136728,7200,0.49275362,100,100,62.6,0.3942029,Very Low,76.6,2.1183884,100,1747066500,Very Low,0.55088556,3.1347265,Very Low,1.2357588,57.8,1.2173913,100,1747066500,0.49275362
2025-05-12T16:19:05Z,0,29.854,74.3,57,68.4,16,11,250,68,0.0,255,32767,0.0,2127-15-31,0.0,0.16,26.24,0.0,0.0,0.0,0,4.828125,6,45,05:48,20:11,2025-05-12 16:19:04.924599,Città della Scienza,52.3,2.7248504,11.191216,0.688607,2.0110898,EU EEA Common AQI,76.6,2.5138624,10.136728,7200,0.49275362,100,100,62.6,0.3942029,Very Low,76.6,2.1183884,100,1747066500,Very Low,0.55088556,3.1347265,Very Low,1.2357588,57.8,1.2173913,100,1747066500,0.49275362
2025-05-12T16:19:16Z,0,29.854,74.3,57,68.5,14,11,242,68,0.0,255,32767,0.0,2127-15-31,0.0,0.16,26.24,0.0,0.0,0.0,0,4.828125,6,45,05:48,20:11,2025-05-12 16:19:16.030592,Città della Scienza,52.3,2.7248504,11.191216,0.688607,2.0110898,EU EEA Common AQI,76.6,2.5138624,10.136728,7200,0.49275362,100,100,62.6,0.3942029,Very Low,76.6,2.1183884,100,1747066500,Very Low,0.55088556,3.1347265,Very Low,1.2357588,57.8,1.2173913,100,1747066500,0.49275362
2025-05-12T16:19:27Z,0,29.854,74.3,57,68.4,12,11,247,68,0.0,255,32767,0.0,2127-15-31,0.0,0.16,26.24,0.0,0.0,0.0,0,4.828125,6,45,05:48,20:11,2025-05-12 16:19:27.107586,Città della Scienza,52.3,2.7248504,11.191216,0.688607,2.0110898,EU EEA Common AQI,76.6,2.5138624,10.136728,7200,0.49275362,100,100,62.6,0.3942029,Very Low,76.6,2.1183884,100,1747066500,Very Low,0.55088556,3.1347265,Very Low,1.2357588,57.8,1.2173913,100,1747066500,0.49275362
2025-05-12T16:19:38Z,0,29.852,74.3,57,68.4,8,12,232,68,0.0,255,32767,0.0,2127-15-31,0.0,0.16,26.24,0.0,0.0,0.0,0,4.828125,6,45,05:48,20:11,2025-05-12 16:19:38.224562,Città della Scienza,52.3,2.7248504,11.191216,0.688607,2.0110898,EU EEA Common AQI,76.6,2.5138624,10.136728,7200,0.49275362,100,100,62.6,0.3942029,Very Low,76.6,2.1183884,100,1747066500,Very Low,0.55088556,3.1347265,Very Low,1.2357588,57.8,1.2173913,100,1747066500,0.49275362
2025-05-12T16:19:49Z,0,29.852,74.3,57,68.5,12,12,234,68,0.0,255,32767,0.0,2127-15-31,0.0,0.16,26.24,0.0,0.0,0.0,0,4.828125,6,45,05:48,20:11,2025-05-12 16:19:49.321596,Città della Scienza,52.3,2.7248504,11.191216,0.688607,2.0110898,EU EEA Common AQI,76.6,2.5138624,10.136728,7200,0.49275362,100,100,62.6,0.3942029,Very Low,76.6,2.1183884,100,1747066500,Very Low,0.55088556,3.1347265,Very Low,1.2357588,57.8,1.2173913,100,1747066500,0.49275362
2025-05-12T16:20:00Z,0,29.852,74.3,57,68.5,12,12,277,68,0.0,255,32767,0.0,2127-15-31,0.0,0.16,26.24,0.0,0.0,0.0,0,4.828125,6,45,05:48,20:11,2025-05-12 16:20:00.414555,Città della Scienza,52.3,2.7248504,11.191216,0.688607,2.0110898,EU EEA Common AQI,76.6,2.5138624,10.136728,7200,0.49275362,100,100,62.6,0.3942029,Very Low,76.6,2.1183884,100,1747066500,Very Low,0.55088556,3.1347265,Very Low,1.2357588,57.8,1.2173913,100,1747066500,0.49275362
2025-05-12T16:20:11Z,0,29.852,74.3,57,68.5,10,12,233,68,0.0,255,32767,0.0,2127-15-31,0.0,0.16,26.24,0.0,0.0,0.0,0,4.828125,6,45,05:48,20:11,2025-05-12 16:20:11.627588,Città della Scienza,52.3,2.7248504,11.191216,0.688607,2.0110898,EU EEA Common AQI,76.6,2.5138624,10.136728,7200,0.49275362,100,100,62.6,0.3942029,Very Low,76.6,2.1183884,100,1747066500,Very Low,0.55088556,3.1347265,Very Low,1.2357588,57.8,1.2173913,100,1747066500,0.49275362
2025-05-12T16:20:22Z,0,29.852,74.3,57,68.4,11,12,256,68,0.0,255,32767,0.0,2127-15-31,0.0,0.16,26.24,0.0,0.0,0.0,0,4.828125,6,45,05:48,20:11,2025-05-12 16:20:22.688599,Città della Scienza,52.3,2.7248504,11.191216,0.688607,2.0110898,EU EEA Common AQI,76.6,2.5138624,10.136728,7200,0.49275362,100,100,62.6,0.3942029,Very Low,76.6,2.1183884,100,1747066500,Very Low,0.55088556,3.1347265,Very Low,1.2357588,57.8,1.2173913,100,1747066500,0.49275362
2025-05-12T16:20:33Z,0,29.853,74.3,57,68.4,11,11,249,68,0.0,255,32767,0.0,2127-15-31,0.0,0.16,26.24,0.0,0.0,0.0,0,4.828125,6,45,05:48,20:11,2025-05-12 16:20:33.786586,Città della Scienza,52.3,2.7248504,11.191216,0.688607,2.0110898,EU EEA Common AQI,76.6,2.5138624,10.136728,7200,0.49275362,100,100,62.6,0.3942029,Very Low,76.6,2.1183884,100,1747066500,Very Low,0.55088556,3.1347265,Very Low,1.2357588,57.8,1.2173913,100,1747066500,0.49275362
2025-05-12T16:20:45Z,0,29.853,74.3,57,68.4,11,11,241,68,0.0,255,32767,0.0,2127-15-31,0.0,0.16,26.24,0.0,0.0,0.0,0,4.828125,6,45,05:48,20:11,2025-05-12 16:20:44.882612,Città della Scienza,52.3,2.7248504,11.191216,0.688607,2.0110898,EU EEA Common AQI,76.6,2.5138624,10.136728,7200,0.49275362,100,100,62.6,0.3942029,Very Low,76.6,2.1183884,100,1747066500,Very Low,0.55088556,3.1347265,Very Low,1.2357588,57.8,1.2173913,100,1747066500,0.49275362
2025-05-12T16:20:56Z,0,29.853,74.3,57,68.4,9,11,253,68,0.0,255,32767,0.0,2127-15-31,0.0,0.16,26.24,0.0,0.0,0.0,0,4.828125,6,45,05:48,20:11,2025-05-12 16:20:55.950593,Città della Scienza,52.3,2.7248504,11.191216,0.688607,2.0110898,EU EEA Common AQI,76.6,2.5138624,10.136728,7200,0.49275362,100,100,62.6,0.3942029,Very Low,76.6,2.1183884,100,1747066500,Very Low,0.55088556,3.1347265,Very Low,1.2357588,57.8,1.2173913,100,1747066500,0.49275362
2025-05-12T16:21:07Z,0,29.853,74.3,57,68.4,11,11,244,68,0.0,255,32767,0.0,2127-15-31,0.0,0.16,26.24,0.0,0.0,0.0,0,4.828125,6,45,05:48,20:11,2025-05-12 16:21:07.073585,Città della Scienza,52.3,2.7248504,11.191216,0.688607,2.0110898,EU EEA Common AQI,76.6,2.5138624,10.136728,7200,0.49275362,100,100,62.6,0.3942029,Very Low,76.6,2.1183884,100,1747066500,Very Low,0.55088556,3.1347265,Very Low,1.2357588,57.8,1.2173913,100,1747066500,0.49275362
2025-05-12T16:21:18Z,0,29.853,74.3,57,68.5,12,11,247,68,0.0,255,32767,0.0,2127-15-31,0.0,0.16,26.24,0.0,0.0,0.0,0,4.828125,6,45,05:48,20:11,2025-05-12 16:21:18.126598,Città della Scienza,52.3,2.7248504,11.191216,0.688607,2.0110898,EU EEA Common AQI,76.6,2.5138624,10.136728,7200,0.49275362,100,100,62.6,0.3942029,Very Low,76.6,2.1183884,100,1747066500,Very Low,0.55088556,3.1347265,Very Low,1.2357588,57.8,1.2173913,100,1747066500,0.49275362
2025-05-12T16:21:29Z,0,29.853,74.3,57,68.4,10,11,243,68,0.0,255,32767,0.0,2127-15-31,0.0,0.16,26.24,0.0,0.0,0.0,0,4.828125,6,45,05:48,20:11,2025-05-12 16:21:29.186588,Città della Scienza,52.3,2.7248504,11.191216,0.688607,2.0110898,EU EEA Common AQI,76.6,2.5138624,10.136728,7200,0.49275362,100,100,62.6,0.3942029,Very Low,76.6,2.1183884,100,1747066500,Very Low,0.55088556,3.1347265,Very Low,1.2357588,57.8,1.2173913,100,1747066500,0.49275362
2025-05-12T16:21:40Z,0,29.853,74.3,57,68.4,10,11,248,69,0.0,255,32767,0.0,2127-15-31,0.0,0.16,26.24,0.0,0.0,0.0,0,4.828125,6,45,05:48,20:11,2025-05-12 16:21:40.269595,Città della Scienza,52.3,2.7248504,11.191216,0.688607,2.0110898,EU EEA Common AQI,76.6,2.5138624,10.136728,7200,0.49275362,100,100,62.6,0.3942029,Very Low,76.6,2.1183884,100,1747066500,Very Low,0.55088556,3.1347265,Very Low,1.2357588,57.8,1.2173913,100,1747066500,0.49275362
2025-05-12T16:21:51Z,0,29.853,74.3,57,68.4,13,11,236,69,0.0,255,32767,0.0,2127-15-31,0.0,0.16,26.24,0.0,0.0,0.0,0,4.828125,6,45,05:48,20:11,2025-05-12 16:21:51.372592,Città della Scienza,52.3,2.7248504,11.191216,0.688607,2.0110898,EU EEA Common AQI,76.6,2.5138624,10.136728,7200,0.49275362,100,100,62.6,0.3942029,Very Low,76.6,2.1183884,100,1747066500,Very Low,0.55088556,3.1347265,Very Low,1.2357588,57.8,1.2173913,100,1747066500,0.49275362
2025-05-12T16:22:02Z,0,29.853,74.3,57,68.4,11,11,245,69,0.0,255,32767,0.0,2127-15-31,0.0,0.16,26.24,0.0,0.0,0.0,0,4.828125,6,45,05:48,20:11,2025-05-12 16:22:02.453615,Città della Scienza,52.3,2.7248504,11.191216,0.688607,2.0110898,EU EEA Common AQI,76.6,2.5138624,10.136728,7200,0.49275362,100,100,62.6,0.3942029,Very Low,76.6,2.1183884,100,1747066500,Very Low,0.55088556,3.1347265,Very Low,1.2357588,57.8,1.2173913,100,1747066500,0.49275362
2025-05-12T16:22:13Z,0,29.853,74.3,57,68.4,13,11,238,69,0.0,255,32767,0.0,2127-15-31,0.0,0.16,26.24,0.0,0.0,0.0,0,4.828125,6,45,05:48,20:11,2025-05-12 16:22:13.546556,Città della Scienza,52.3,2.7248504,11.191216,0.688607,2.0110898,EU EEA Common AQI,76.6,2.5138624,10.136728,7200,0.49275362,100,100,62.6,0.3942029,Very Low,76.6,2.1183884,100,1747066500,Very Low,0.55088556,3.1347265,Very Low,1.2357588,57.8,1.2173913,100,1747066500,0.49275362
2025-05-12T16:22:24Z,0,29.853,74.3,57,68.4,11,11,249,69,0.0,255,32767,0.0,2127-15-31,0.0,0.16,26.24,0.0,0.0,0.0,0,4.828125,6,45,05:48,20:11,2025-05-12 16:22:24.597595,Città della Scienza,52.3,2.7248504,11.191216,0.688607,2.0110898,EU EEA Common AQI,76.6,2.5138624,10.136728,7200,0.49275362,100,100,62.6,0.3942029,Very Low,76.6,2.1183884,100,1747066500,Very Low,0.55088556,3.1347265,Very Low,1.2357588,57.8,1.2173913,100,1747066500,0.49275362
2025-05-12T16:22:35Z,0,29.853,74.3,57,68.4,11,11,238,69,0.0,255,32767,0.0,2127-15-31,0.0,0.16,26.24,0.0,0.0,0.0,0,4.828125,6,45,05:48,20:11,2025-05-12 16:22:35.687598,Città della Scienza,52.3,2.7248504,11.191216,0.688607,2.0110898,EU EEA Common AQI,76.6,2.5138624,10.136728,7200,0.49275362,100,100,62.6,0.3942029,Very Low,76.6,2.1183884,100,1747066500,Very Low,0.55088556,3.1347265,Very Low,1.2357588,57.8,1.2173913,100,1747066500,0.49275362
2025-05-12T16:22:46Z,0,29.853,74.3,57,68.4,9,11,247,69,0.0,255,32767,0.0,2127-15-31,0.0,0.16,26.24,0.0,0.0,0.0,0,4.828125,6,45,05:48,20:11,2025-05-12 16:22:46.778596,Città della Scienza,52.3,2.7248504,11.191216,0.688607,2.0110898,EU EEA Common AQI,76.6,2.5138624,10.136728,7200,0.49275362,100,100,62.6,0.3942029,Very Low,76.6,2.1183884,100,1747066500,Very Low,0.55088556,3.1347265,Very Low,1.2357588,57.8,1.2173913,100,1747066500,0.49275362
2025-05-12T16:22:58Z,0,29.853,74.3,57,68.4,9,11,244,69,0.0,255,32767,0.0,2127-15-31,0.0,0.16,26.24,0.0,0.0,0.0,0,4.828125,6,45,05:48,20:11,2025-05-12 16:22:57.897579,Città della Scienza,52.3,2.7248504,11.191216,0.688607,2.0110898,EU EEA Common AQI,76.6,2.5138624,10.136728,7200,0.49275362,100,100,62.6,0.3942029,Very Low,76.6,2.1183884,100,1747066500,Very Low,0.55088556,3.1347265,Very Low,1.2357588,57.8,1.2173913,100,1747066500,0.49275362
2025-05-12T16:23:09Z,0,29.853,74.3,57,68.4,9,11,250,69,0.0,255,32767,0.0,2127-15-31,0.0,0.16,26.24,0.0,0.0,0.0,0,4.828125,6,45,05:48,20:11,2025-05-12 16:23:08.957593,Città della Scienza,52.3,2.7248504,11.191216,0.688607,2.0110898,EU EEA Common AQI,76.6,2.5138624,10.136728,7200,0.49275362,100,100,62.6,0.3942029,Very Low,76.6,2.1183884,100,1747066500,Very Low,0.55088556,3.1347265,Very Low,1.2357588,57.8,1.2173913,100,1747066500,0.49275362
2025-05-12T16:23:20Z,0,29.853,74.3,57,68.4,8,11,259,69,0.0,255,32767,0.0,2127-15-31,0.0,0.16,26.24,0.0,0.0,0.0,0,4.828125,6,45,05:48,20:11,2025-05-12 16:23:20.072557,Città della Scienza,52.3,2.7248504,11.191216,0.688607,2.0110898,EU EEA Common AQI,76.6,2.5138624,10.136728,7200,0.49275362,100,100,62.6,0.3942029,Very Low,76.6,2.1183884,100,1747066500,Very Low,0.55088556,3.1347265,Very Low,1.2357588,57.8,1.2173913,100,1747066500,0.49275362
2025-05-12T16:23:31Z,0,29.853,74.3,57,68.4,12,11,249,69,0.0,255,32767,0.0,2127-15-31,0.0,0.16,26.24,0.0,0.0,0.0,0,4.828125,6,45,05:48,20:11,2025-05-12 16:23:31.171593,Città della Scienza,52.3,2.7248504,11.191216,0.688607,2.0110898,EU EEA Common AQI,76.6,2.5138624,10.136728,7200,0.49275362,100,100,62.6,0.3942029,Very Low,76.6,2.1183884,100,1747066500,Very Low,0.55088556,3.1347265,Very Low,1.2357588,57.8,1.2173913,100,1747066500,0.49275362
2025-05-12T16:23:42Z,0,29.852,74.3,56,68.4,8,11,224,69,0.0,255,32767,0.0,2127-15-31,0.0,0.16,26.24,0.0,0.0,0.0,0,4.828125,6,45,05:48,20:11,2025-05-12 16:23:42.245578,Città della Scienza,52.3,2.7248504,11.191216,0.688607,2.0110898,EU EEA Common AQI,76.6,2.5138624,10.136728,7200,0.49275362,100,100,62.6,0.3942029,Very Low,76.6,2.1183884,100,1747066500,Very Low,0.55088556,3.1347265,Very Low,1.2357588,57.8,1.2173913,100,1747066500,0.49275362
2025-05-12T16:23:53Z,0,29.852,74.3,56,68.4,11,11,293,69,0.0,255,32767,0.0,2127-15-31,0.0,0.16,26.24,0.0,0.0,0.0,0,4.828125,6,45,05:48,20:11,2025-05-12 16:23:53.301586,Città della Scienza,52.3,2.7248504,11.191216,0.688607,2.0110898,EU EEA Common AQI,76.6,2.5138624,10.136728,7200,0.49275362,100,100,62.6,0.3942029,Very Low,76.6,2.1183884,100,1747066500,Very Low,0.55088556,3.1347265,Very Low,1.2357588,57.8,1.2173913,100,1747066500,0.49275362
2025-05-12T16:24:04Z,0,29.852,74.3,56,68.4,8,11,242,69,0.0,255,32767,0.0,2127-15-31,0.0,0.16,26.24,0.0,0.0,0.0,0,4.828125,6,45,05:48,20:11,2025-05-12 16:24:04.395598,Città della Scienza,52.3,2.7248504,11.191216,0.688607,2.0110898,EU EEA Common AQI,76.6,2.5138624,10.136728,7200,0.49275362,100,100,62.6,0.3942029,Very Low,76.6,2.1183884,100,1747066500,Very Low,0.55088556,3.1347265,Very Low,1.2357588,57.8,1.2173913,100,1747066500,0.49275362
2025-05-12T16:24:15Z,0,29.852,74.3,56,68.4,10,11,244,69,0.0,255,32767,0.0,2127-15-31,0.0,0.16,26.24,0.0,0.0,0.0,0,4.828125,6,45,05:48,20:11,2025-05-12 16:24:15.510592,Città della Scienza,52.3,2.7248504,11.191216,0.688607,2.0110898,EU EEA Common AQI,76.6,2.5138624,10.136728,7200,0.49275362,100,100,62.6,0.3942029,Very Low,76.6,2.1183884,100,1747066500,Very Low,0.55088556,3.1347265,Very Low,1.2357588,57.8,1.2173913,100,1747066500,0.49275362
2025-05-12T16:24:26Z,0,29.852,74.3,56,68.4,13,11,240,69,0.0,255,32767,0.0,2127-15-31,0.0,0.16,26.24,0.0,0.0,0.0,0,4.828125,6,45,05:48,20:11,2025-05-12 16:24:26.584600,Città della Scienza,52.3,2.7248504,11.191216,0.688607,2.0110898,EU EEA Common AQI,76.6,2.5138624,10.136728,7200,0.49275362,100,100,62.6,0.3942029,Very Low,76.6,2.1183884,100,1747066500,Very Low,0.55088556,3.1347265,Very Low,1.2357588,57.8,1.2173913,100,1747066500,0.49275362
2025-05-12T16:24:37Z,0,29.852,74.3,56,68.4,13,11,250,69,0.0,255,32767,0.0,2127-15-31,0.0,0.16,26.24,0.0,0.0,0.0,0,4.828125,6,45,05:48,20:11,2025-05-12 16:24:37.728601,Città della Scienza,52.3,2.7248504,11.191216,0.688607,2.0110898,EU EEA Common AQI,76.6,2.5138624,10.136728,7200,0.49275362,100,100,62.6,0.3942029,Very Low,76.6,2.1183884,100,1747066500,Very Low,0.55088556,3.1347265,Very Low,1.2357588,57.8,1.2173913,100,1747066500,0.49275362
2025-05-12T16:24:49Z,0,29.852,74.3,56,68.4,14,11,240,69,0.0,255,32767,0.0,2127-15-31,0.0,0.16,26.24,0.0,0.0,0.0,0,4.828125,6,45,05:48,20:11,2025-05-12 16:24:48.822604,Città della Scienza,52.3,2.7248504,11.191216,0.688607,2.0110898,EU EEA Common AQI,76.6,2.5138624,10.136728,7200,0.49275362,100,100,62.6,0.3942029,Very Low,76.6,2.1183884,100,1747066500,Very Low,0.55088556,3.1347265,Very Low,1.2357588,57.8,1.2173913,100,1747066500,0.49275362
2025-05-12T16:25:00Z,0,29.852,74.3,56,68.4,14,11,269,69,0.0,255,32767,0.0,2127-15-31,0.0,0.16,26.24,0.0,0.0,0.0,0,4.828125,6,45,05:48,20:11,2025-05-12 16:24:59.864606,Città della Scienza,52.3,2.7248504,11.191216,0.688607,2.0110898,EU EEA Common AQI,76.6,2.5138624,10.136728,7200,0.49275362,100,100,62.6,0.3942029,Very Low,76.6,2.1183884,100,1747066500,Very Low,0.55088556,3.1347265,Very Low,1.2357588,57.8,1.2173913,100,1747066500,0.49275362
2025-05-12T16:25:11Z,0,29.852,74.3,56,68.4,12,11,281,68,0.0,255,32767,0.0,2127-15-31,0.0,0.16,26.24,0.0,0.0,0.0,0,4.828125,6,45,05:48,20:11,2025-05-12 16:25:10.953607,Città della Scienza,52.3,2.7248504,11.191216,0.688607,2.0110898,EU EEA Common AQI,76.6,2.5138624,10.136728,7200,0.49275362,100,100,62.6,0.3942029,Very Low,76.6,2.1183884,100,1747066500,Very Low,0.55088556,3.1347265,Very Low,1.2357588,57.8,1.2173913,100,1747066500,0.49275362
2025-05-12T16:25:22Z,0,29.852,74.3,56,68.4,13,11,247,68,0.0,255,32767,0.0,2127-15-31,0.0,0.16,26.24,0.0,0.0,0.0,0,4.828125,6,45,05:48,20:11,2025-05-12 16:25:22.045559,Città della Scienza,52.3,2.7248504,11.191216,0.688607,2.0110898,EU EEA Common AQI,76.6,2.5138624,10.136728,7200,0.49275362,100,100,62.6,0.3942029,Very Low,76.6,2.1183884,100,1747066500,Very Low,0.55088556,3.1347265,Very Low,1.2357588,57.8,1.2173913,100,1747066500,0.49275362
2025-05-12T16:25:33Z,0,29.852,74.3,56,68.4,12,11,252,68,0.0,255,32767,0.0,2127-15-31,0.0,0.16,26.24,0.0,0.0,0.0,0,4.828125,6,45,05:48,20:11,2025-05-12 16:25:33.164598,Città della Scienza,52.3,2.7248504,11.191216,0.688607,2.0110898,EU EEA Common AQI,76.6,2.5138624,10.136728,7200,0.49275362,100,100,62.6,0.3942029,Very Low,76.6,2.1183884,100,1747066500,Very Low,0.55088556,3.1347265,Very Low,1.2357588,57.8,1.2173913,100,1747066500,0.49275362
2025-05-12T16:25:44Z,0,29.852,74.4,56,68.4,10,11,237,68,0.0,255,32767,0.0,2127-15-31,0.0,0.16,26.24,0.0,0.0,0.0,0,4.828125,6,45,05:48,20:11,2025-05-12 16:25:44.261583,Città della Scienza,52.3,2.7248504,11.191216,0.688607,2.0110898,EU EEA Common AQI,76.6,2.5138624,10.136728,7200,0.49275362,100,100,62.6,0.3942029,Very Low,76.6,2.1183884,100,1747066500,Very Low,0.55088556,3.1347265,Very Low,1.2357588,57.8,1.2173913,100,1747066500,0.49275362
2025-05-12T16:25:55Z,0,29.852,74.4,56,68.4,11,11,250,68,0.0,255,32767,0.0,2127-15-31,0.0,0.16,26.24,0.0,0.0,0.0,0,4.828125,6,45,05:48,20:11,2025-05-12 16:25:55.330601,Città della Scienza,52.3,2.7248504,11.191216,0.688607,2.0110898,EU EEA Common AQI,76.6,2.5138624,10.136728,7200,0.49275362,100,100,62.6,0.3942029,Very Low,76.6,2.1183884,100,1747066500,Very Low,0.55088556,3.1347265,Very Low,1.2357588,57.8,1.2173913,100,1747066500,0.49275362
2025-05-12T16:26:06Z,0,29.852,74.4,56,68.4,12,11,259,68,0.0,255,32767,0.0,2127-15-31,0.0,0.16,26.24,0.0,0.0,0.0,0,4.828125,6,45,05:48,20:11,2025-05-12 16:26:06.413588,Città della Scienza,52.3,2.7248504,11.191216,0.688607,2.0110898,EU EEA Common AQI,76.6,2.5138624,10.136728,7200,0.49275362,100,100,62.6,0.3942029,Very Low,76.6,2.1183884,100,1747066500,Very Low,0.55088556,3.1347265,Very Low,1.2357588,57.8,1.2173913,100,1747066500,0.49275362
2025-05-12T16:26:17Z,0,29.852,74.4,56,68.3,14,11,258,68,0.0,255,32767,0.0,2127-15-31,0.0,0.16,26.24,0.0,0.0,0.0,0,4.828125,6,45,05:48,20:11,2025-05-12 16:26:17.512589,Città della Scienza,52.3,2.7248504,11.191216,0.688607,2.0110898,EU EEA Common AQI,76.6,2.5138624,10.136728,7200,0.49275362,100,100,62.6,0.3942029,Very Low,76.6,2.1183884,100,1747066500,Very Low,0.55088556,3.1347265,Very Low,1.2357588,57.8,1.2173913,100,1747066500,0.49275362
2025-05-12T16:26:28Z,0,29.852,74.4,56,68.3,12,11,242,68,0.0,255,32767,0.0,2127-15-31,0.0,0.16,26.24,0.0,0.0,0.0,0,4.828125,6,45,05:48,20:11,2025-05-12 16:26:28.571617,Città della Scienza,52.3,2.7248504,11.191216,0.688607,2.0110898,EU EEA Common AQI,76.6,2.5138624,10.136728,7200,0.49275362,100,100,62.6,0.3942029,Very Low,76.6,2.1183884,100,1747066500,Very Low,0.55088556,3.1347265,Very Low,1.2357588,57.8,1.2173913,100,1747066500,0.49275362
2025-05-12T16:26:39Z,0,29.851,74.3,56,68.3,12,11,251,68,0.0,255,32767,0.0,2127-15-31,0.0,0.16,26.24,0.0,0.0,0.0,0,4.828125,6,45,05:48,20:11,2025-05-12 16:26:39.642606,Città della Scienza,52.3,2.7248504,11.191216,0.688607,2.0110898,EU EEA Common AQI,76.6,2.5138624,10.136728,7200,0.49275362,100,100,62.6,0.3942029,Very Low,76.6,2.1183884,100,1747066500,Very Low,0.55088556,3.1347265,Very Low,1.2357588,57.8,1.2173913,100,1747066500,0.49275362
2025-05-12T16:26:50Z,0,29.851,74.3,56,68.3,10,11,228,67,0.0,255,32767,0.0,2127-15-31,0.0,0.16,26.24,0.0,0.0,0.0,0,4.828125,6,45,05:48,20:11,2025-05-12 16:26:50.710594,Città della Scienza,52.3,2.7248504,11.191216,0.688607,2.0110898,EU EEA Common AQI,76.6,2.5138624,10.136728,7200,0.49275362,100,100,62.6,0.3942029,Very Low,76.6,2.1183884,100,1747066500,Very Low,0.55088556,3.1347265,Very Low,1.2357588,57.8,1.2173913,100,1747066500,0.49275362
2025-05-12T16:27:01Z,0,29.851,74.3,56,68.3,11,11,266,67,0.0,255,32767,0.0,2127-15-31,0.0,0.16,26.24,0.0,0.0,0.0,0,4.828125,6,45,05:48,20:11,2025-05-12 16:27:01.781601,Città della Scienza,52.3,2.7248504,11.191216,0.688607,2.0110898,EU EEA Common AQI,76.6,2.5138624,10.136728,7200,0.49275362,100,100,62.6,0.3942029,Very Low,76.6,2.1183884,100,1747066500,Very Low,0.55088556,3.1347265,Very Low,1.2357588,57.8,1.2173913,100,1747066500,0.49275362
2025-05-12T16:27:13Z,0,29.851,74.3,56,68.4,4,11,246,67,0.0,255,32767,0.0,2127-15-31,0.0,0.16,26.24,0.0,0.0,0.0,0,4.828125,6,45,05:48,20:11,2025-05-12 16:27:12.984593,Città della Scienza,52.3,2.7248504,11.191216,0.688607,2.0110898,EU EEA Common AQI,76.6,2.5138624,10.136728,7200,0.49275362,100,100,62.6,0.3942029,Very Low,76.6,2.1183884,100,1747066500,Very Low,0.55088556,3.1347265,Very Low,1.2357588,57.8,1.2173913,100,1747066500,0.49275362
2025-05-12T16:27:24Z,0,29.851,74.3,56,68.3,12,11,237,67,0.0,255,32767,0.0,2127-15-31,0.0,0.16,26.24,0.0,0.0,0.0,0,4.828125,6,45,05:48,20:11,2025-05-12 16:27:24.057597,Città della Scienza,52.3,2.7248504,11.191216,0.688607,2.0110898,EU EEA Common AQI,76.6,2.5138624,10.136728,7200,0.49275362,100,100,62.6,0.3942029,Very Low,76.6,2.1183884,100,1747066500,Very Low,0.55088556,3.1347265,Very Low,1.2357588,57.8,1.2173913,100,1747066500,0.49275362
2025-05-12T16:27:35Z,0,29.853,74.3,56,68.3,9,11,249,67,0.0,255,32767,0.0,2127-15-31,0.0,0.16,26.24,0.0,0.0,0.0,0,4.828125,6,45,05:48,20:11,2025-05-12 16:27:35.147605,Città della Scienza,52.3,2.7248504,11.191216,0.688607,2.0110898,EU EEA Common AQI,76.6,2.5138624,10.136728,7200,0.49275362,100,100,62.6,0.3942029,Very Low,76.6,2.1183884,100,1747066500,Very Low,0.55088556,3.1347265,Very Low,1.2357588,57.8,1.2173913,100,1747066500,0.49275362
2025-05-12T16:27:46Z,0,29.853,74.3,56,68.3,12,11,252,67,0.0,255,32767,0.0,2127-15-31,0.0,0.16,26.24,0.0,0.0,0.0,0,4.828125,6,45,05:48,20:11,2025-05-12 16:27:46.246588,Città della Scienza,52.3,2.7248504,11.191216,0.688607,2.0110898,EU EEA Common AQI,76.6,2.5138624,10.136728,7200,0.49275362,100,100,62.6,0.3942029,Very Low,76.6,2.1183884,100,1747066500,Very Low,0.55088556,3.1347265,Very Low,1.2357588,57.8,1.2173913,100,1747066500,0.49275362
2025-05-12T16:27:57Z,0,29.853,74.3,56,68.3,9,11,237,67,0.0,255,32767,0.0,2127-15-31,0.0,0.16,26.24,0.0,0.0,0.0,0,4.828125,6,45,05:48,20:11,2025-05-12 16:27:57.354608,Città della Scienza,52.3,2.7248504,11.191216,0.688607,2.0110898,EU EEA Common AQI,76.6,2.5138624,10.136728,7200,0.49275362,100,100,62.6,0.3942029,Very Low,76.6,2.1183884,100,1747066500,Very Low,0.55088556,3.1347265,Very Low,1.2357588,57.8,1.2173913,100,1747066500,0.49275362
2025-05-12T16:28:08Z,0,29.853,74.3,56,68.3,11,11,238,67,0.0,255,32767,0.0,2127-15-31,0.0,0.16,26.24,0.0,0.0,0.0,0,4.828125,6,45,05:48,20:11,2025-05-12 16:28:08.412595,Città della Scienza,52.3,2.7248504,11.191216,0.688607,2.0110898,EU EEA Common AQI,76.6,2.5138624,10.136728,7200,0.49275362,100,100,62.6,0.3942029,Very Low,76.6,2.1183884,100,1747066500,Very Low,0.55088556,3.1347265,Very Low,1.2357588,57.8,1.2173913,100,1747066500,0.49275362
2025-05-12T16:28:19Z,0,29.853,74.3,56,68.3,11,11,267,67,0.0,255,32767,0.0,2127-15-31,0.0,0.16,26.24,0.0,0.0,0.0,0,4.828125,6,45,05:48,20:11,2025-05-12 16:28:19.462891,Città della Scienza,52.3,2.7248504,11.191216,0.688607,2.0110898,EU EEA Common AQI,76.6,2.5138624,10.136728,7200,0.49275362,100,100,62.6,0.3942029,Very Low,76.6,2.1183884,100,1747066500,Very Low,0.55088556,3.1347265,Very Low,1.2357588,57.8,1.2173913,100,1747066500,0.49275362
2025-05-12T16:28:30Z,0,29.853,74.3,56,68.3,8,11,251,67,0.0,255,32767,0.0,2127-15-31,0.0,0.16,26.24,0.0,0.0,0.0,0,4.828125,6,45,05:48,20:11,2025-05-12 16:28:30.506597,Città della Scienza,52.3,2.7248504,11.191216,0.688607,2.0110898,EU EEA Common AQI,76.6,2.5138624,10.136728,7200,0.49275362,100,100,62.6,0.3942029,Very Low,76.6,2.1183884,100,1747066500,Very Low,0.55088556,3.1347265,Very Low,1.2357588,57.8,1.2173913,100,1747066500,0.49275362
2025-05-12T16:28:41Z,0,29.852,74.3,56,68.4,13,11,230,68,0.0,255,32767,0.0,2127-15-31,0.0,0.16,26.24,0.0,0.0,0.0,0,4.828125,6,45,05:48,20:11,2025-05-12 16:28:41.569590,Città della Scienza,52.3,2.7248504,11.191216,0.688607,2.0110898,EU EEA Common AQI,76.6,2.5138624,10.136728,7200,0.49275362,100,100,62.6,0.3942029,Very Low,76.6,2.1183884,100,1747066500,Very Low,0.55088556,3.1347265,Very Low,1.2357588,57.8,1.2173913,100,1747066500,0.49275362
2025-05-12T16:28:52Z,0,29.852,74.3,56,68.3,11,11,254,68,0.0,255,32767,0.0,2127-15-31,0.0,0.16,26.24,0.0,0.0,0.0,0,4.828125,6,45,05:48,20:11,2025-05-12 16:28:52.624601,Città della Scienza,52.3,2.7248504,11.191216,0.688607,2.0110898,EU EEA Common AQI,76.6,2.5138624,10.136728,7200,0.49275362,100,100,62.6,0.3942029,Very Low,76.6,2.1183884,100,1747066500,Very Low,0.55088556,3.1347265,Very Low,1.2357588,57.8,1.2173913,100,1747066500,0.49275362
2025-05-12T16:29:03Z,0,29.852,74.3,56,68.3,13,11,242,68,0.0,255,32767,0.0,2127-15-31,0.0,0.16,26.24,0.0,0.0,0.0,0,4.828125,6,45,05:48,20:11,2025-05-12 16:29:03.753594,Città della Scienza,52.3,2.7248504,11.191216,0.688607,2.0110898,EU EEA Common AQI,76.6,2.5138624,10.136728,7200,0.49275362,100,100,62.6,0.3942029,Very Low,76.6,2.1183884,100,1747066500,Very Low,0.55088556,3.1347265,Very Low,1.2357588,57.8,1.2173913,100,1747066500,0.49275362
2025-05-12T16:29:15Z,0,29.852,74.3,56,68.3,12,11,247,68,0.0,255,32767,0.0,2127-15-31,0.0,0.16,26.24,0.0,0.0,0.0,0,4.828125,6,45,05:48,20:11,2025-05-12 16:29:14.822600,Città della Scienza,52.3,2.7248504,11.191216,0.688607,2.0110898,EU EEA Common AQI,76.6,2.5138624,10.136728,7200,0.49275362,100,100,62.6,0.3942029,Very Low,76.6,2.1183884,100,1747066500,Very Low,0.55088556,3.1347265,Very Low,1.2357588,57.8,1.2173913,100,1747066500,0.49275362
2025-05-12T16:29:26Z,0,29.852,74.3,56,68.3,13,11,259,68,0.0,255,32767,0.0,2127-15-31,0.0,0.16,26.24,0.0,0.0,0.0,0,4.828125,6,45,05:48,20:11,2025-05-12 16:29:25.930596,Città della Scienza,52.3,2.7248504,11.191216,0.688607,2.0110898,EU EEA Common AQI,76.6,2.5138624,10.136728,7200,0.49275362,100,100,62.6,0.3942029,Very Low,76.6,2.1183884,100,1747066500,Very Low,0.55088556,3.1347265,Very Low,1.2357588,57.8,1.2173913,100,1747066500,0.49275362
2025-05-12T16:29:37Z,0,29.853,74.3,56,68.3,9,11,225,68,0.0,255,32767,0.0,2127-15-31,0.0,0.16,26.24,0.0,0.0,0.0,0,4.828125,6,45,05:48,20:11,2025-05-12 16:29:37.005605,Città della Scienza,52.3,2.7248504,11.191216,0.688607,2.0110898,EU EEA Common AQI,76.6,2.5138624,10.136728,7200,0.49275362,100,100,62.6,0.3942029,Very Low,76.6,2.1183884,100,1747066500,Very Low,0.55088556,3.1347265,Very Low,1.2357588,57.8,1.2173913,100,1747066500,0.49275362
2025-05-12T16:29:48Z,0,29.853,74.3,56,68.3,10,11,232,68,0.0,255,32767,0.0,2127-15-31,0.0,0.16,26.24,0.0,0.0,0.0,0,4.828125,6,45,05:48,20:11,2025-05-12 16:29:48.073595,Città della Scienza,52.3,2.7248504,11.191216,0.688607,2.0110898,EU EEA Common AQI,76.6,2.5138624,10.136728,7200,0.49275362,100,100,62.6,0.3942029,Very Low,76.6,2.1183884,100,1747066500,Very Low,0.55088556,3.1347265,Very Low,1.2357588,57.8,1.2173913,100,1747066500,0.49275362
2025-05-12T16:29:59Z,0,29.853,74.3,56,68.3,11,11,252,68,0.0,255,32767,0.0,2127-15-31,0.0,0.16,26.24,0.0,0.0,0.0,0,4.828125,6,45,05:48,20:11,2025-05-12 16:29:59.145589,Città della Scienza,52.3,2.7248504,11.191216,0.688607,2.0110898,EU EEA Common AQI,76.6,2.5138624,10.136728,7200,0.49275362,100,100,62.6,0.3942029,Very Low,76.6,2.1183884,100,1747066500,Very Low,0.55088556,3.1347265,Very Low,1.2357588,57.8,1.2173913,100,1747066500,0.49275362
2025-05-12T16:30:10Z,0,29.853,74.3,56,68.3,13,11,246,68,0.0,255,32767,0.0,2127-15-31,0.0,0.16,26.24,0.0,0.0,0.0,0,4.828125,6,45,05:48,20:11,2025-05-12 16:30:10.219591,Città della Scienza,52.3,2.7248504,11.191216,0.688607,2.0110898,EU EEA Common AQI,76.6,2.5138624,10.136728,7200,0.49275362,100,100,62.6,0.3942029,Very Low,76.6,2.1183884,100,1747066500,Very Low,0.55088556,3.1347265,Very Low,1.2357588,57.8,1.2173913,100,1747066500,0.49275362
2025-05-12T16:30:21Z,0,29.853,74.3,56,68.3,11,11,250,69,0.0,255,32767,0.0,2127-15-31,0.0,0.16,26.24,0.0,0.0,0.0,0,4.828125,6,45,05:48,20:11,2025-05-12 16:30:21.306591,Città della Scienza,52.3,2.7248504,11.191216,0.688607,2.0110898,EU EEA Common AQI,76.6,2.5138624,10.136728,7200,0.49275362,100,100,62.6,0.3942029,Very Low,76.6,2.1183884,100,1747066500,Very Low,0.55088556,3.1347265,Very Low,1.2357588,57.8,1.2173913,100,1747066500,0.49275362
2025-05-12T16:30:32Z,0,29.853,74.3,56,68.3,13,11,252,69,0.0,255,32767,0.0,2127-15-31,0.0,0.16,26.24,0.0,0.0,0.0,0,4.828125,6,45,05:48,20:11,2025-05-12 16:30:32.456591,Città della Scienza,52.4,2.3325887,11.170855,0.661163,1.7858948,EU EEA Common AQI,76.5,2.2323685,10.113879,7200,0.12857144,100,100,62.6,0.18285714,Very Low,76.5,1.7538093,100,1747067400,Very Low,0.52893037,2.8305857,Very Low,1.1694186,57.8,1.2142857,100,1747067400,0.22857143
2025-05-12T16:30:43Z,0,29.852,74.3,56,68.3,11,11,234,69,0.0,255,32767,0.0,2127-15-31,0.0,0.16,26.24,0.0,0.0,0.0,0,4.828125,6,45,05:48,20:11,2025-05-12 16:30:43.530587,Città della Scienza,52.4,2.3325887,11.170855,0.661163,1.7858948,EU EEA Common AQI,76.5,2.2323685,10.113879,7200,0.12857144,100,100,62.6,0.18285714,Very Low,76.5,1.7538093,100,1747067400,Very Low,0.52893037,2.8305857,Very Low,1.1694186,57.8,1.2142857,100,1747067400,0.22857143
2025-05-12T16:30:54Z,0,29.852,74.3,56,68.3,12,11,245,69,0.0,255,32767,0.0,2127-15-31,0.0,0.16,26.24,0.0,0.0,0.0,0,4.828125,6,45,05:48,20:11,2025-05-12 16:30:54.615612,Città della Scienza,52.4,2.3325887,11.170855,0.661163,1.7858948,EU EEA Common AQI,76.5,2.2323685,10.113879,7200,0.12857144,100,100,62.6,0.18285714,Very Low,76.5,1.7538093,100,1747067400,Very Low,0.52893037,2.8305857,Very Low,1.1694186,57.8,1.2142857,100,1747067400,0.22857143
2025-05-12T16:31:05Z,0,29.852,74.3,56,68.3,10,11,255,69,0.0,255,32767,0.0,2127-15-31,0.0,0.16,26.24,0.0,0.0,0.0,0,4.828125,6,45,05:48,20:11,2025-05-12 16:31:05.709603,Città della Scienza,52.4,2.3325887,11.170855,0.661163,1.7858948,EU EEA Common AQI,76.5,2.2323685,10.113879,7200,0.12857144,100,100,62.6,0.18285714,Very Low,76.5,1.7538093,100,1747067400,Very Low,0.52893037,2.8305857,Very Low,1.1694186,57.8,1.2142857,100,1747067400,0.22857143
2025-05-12T16:31:16Z,0,29.852,74.3,56,68.3,12,11,249,69,0.0,255,32767,0.0,2127-15-31,0.0,0.16,26.24,0.0,0.0,0.0,0,4.828125,6,45,05:48,20:11,2025-05-12 16:31:16.776597,Città della Scienza,52.4,2.3325887,11.170855,0.661163,1.7858948,EU EEA Common AQI,76.5,2.2323685,10.113879,7200,0.12857144,100,100,62.6,0.18285714,Very Low,76.5,1.7538093,100,1747067400,Very Low,0.52893037,2.8305857,Very Low,1.1694186,57.8,1.2142857,100,1747067400,0.22857143
2025-05-12T16:31:28Z,0,29.852,74.3,56,68.3,12,11,262,69,0.0,255,32767,0.0,2127-15-31,0.0,0.16,26.24,0.0,0.0,0.0,0,4.828125,6,45,05:48,20:11,2025-05-12 16:31:27.852594,Città della Scienza,52.4,2.3325887,11.170855,0.661163,1.7858948,EU EEA Common AQI,76.5,2.2323685,10.113879,7200,0.12857144,100,100,62.6,0.18285714,Very Low,76.5,1.7538093,100,1747067400,Very Low,0.52893037,2.8305857,Very Low,1.1694186,57.8,1.2142857,100,1747067400,0.22857143
2025-05-12T16:31:39Z,0,29.853,74.3,56,68.3,13,11,244,69,0.0,255,32767,0.0,2127-15-31,0.0,0.16,26.24,0.0,0.0,0.0,0,4.828125,6,45,05:48,20:11,2025-05-12 16:31:38.935591,Città della Scienza,52.4,2.3325887,11.170855,0.661163,1.7858948,EU EEA Common AQI,76.5,2.2323685,10.113879,7200,0.12857144,100,100,62.6,0.18285714,Very Low,76.5,1.7538093,100,1747067400,Very Low,0.52893037,2.8305857,Very Low,1.1694186,57.8,1.2142857,100,1747067400,0.22857143
2025-05-12T16:31:50Z,0,29.853,74.3,56,68.3,7,11,228,69,0.0,255,32767,0.0,2127-15-31,0.0,0.16,26.24,0.0,0.0,0.0,0,4.828125,6,45,05:48,20:11,2025-05-12 16:31:50.010602,Città della Scienza,52.4,2.3325887,11.170855,0.661163,1.7858948,EU EEA Common AQI,76.5,2.2323685,10.113879,7200,0.12857144,100,100,62.6,0.18285714,Very Low,76.5,1.7538093,100,1747067400,Very Low,0.52893037,2.8305857,Very Low,1.1694186,57.8,1.2142857,100,1747067400,0.22857143
2025-05-12T16:32:01Z,0,29.853,74.3,56,68.3,9,11,257,69,0.0,255,32767,0.0,2127-15-31,0.0,0.16,26.24,0.0,0.0,0.0,0,4.828125,6,45,05:48,20:11,2025-05-12 16:32:01.060605,Città della Scienza,52.4,2.3325887,11.170855,0.661163,1.7858948,EU EEA Common AQI,76.5,2.2323685,10.113879,7200,0.12857144,100,100,62.6,0.18285714,Very Low,76.5,1.7538093,100,1747067400,Very Low,0.52893037,2.8305857,Very Low,1.1694186,57.8,1.2142857,100,1747067400,0.22857143
2025-05-12T16:32:12Z,0,29.853,74.3,56,68.3,9,11,234,69,0.0,255,32767,0.0,2127-15-31,0.0,0.16,26.24,0.0,0.0,0.0,0,4.828125,6,45,05:48,20:11,2025-05-12 16:32:12.200592,Città della Scienza,52.4,2.3325887,11.170855,0.661163,1.7858948,EU EEA Common AQI,76.5,2.2323685,10.113879,7200,0.12857144,100,100,62.6,0.18285714,Very Low,76.5,1.7538093,100,1747067400,Very Low,0.52893037,2.8305857,Very Low,1.1694186,57.8,1.2142857,100,1747067400,0.22857143
2025-05-12T16:32:23Z,0,29.853,74.3,56,68.3,11,11,265,69,0.0,255,32767,0.0,2127-15-31,0.0,0.16,26.24,0.0,0.0,0.0,0,4.828125,6,45,05:48,20:11,2025-05-12 16:32:23.284594,Città della Scienza,52.4,2.3325887,11.170855,0.661163,1.7858948,EU EEA Common AQI,76.5,2.2323685,10.113879,7200,0.12857144,100,100,62.6,0.18285714,Very Low,76.5,1.7538093,100,1747067400,Very Low,0.52893037,2.8305857,Very Low,1.1694186,57.8,1.2142857,100,1747067400,0.22857143
2025-05-12T16:32:34Z,0,29.853,74.3,56,68.4,13,11,252,69,0.0,255,32767,0.0,2127-15-31,0.0,0.16,26.24,0.0,0.0,0.0,0,4.828125,6,45,05:48,20:11,2025-05-12 16:32:34.345556,Città della Scienza,52.4,2.3325887,11.170855,0.661163,1.7858948,EU EEA Common AQI,76.5,2.2323685,10.113879,7200,0.12857144,100,100,62.6,0.18285714,Very Low,76.5,1.7538093,100,1747067400,Very Low,0.52893037,2.8305857,Very Low,1.1694186,57.8,1.2142857,100,1747067400,0.22857143
2025-05-12T16:32:45Z,0,29.853,74.3,56,68.4,14,11,249,69,0.0,255,32767,0.0,2127-15-31,0.0,0.16,26.24,0.0,0.0,0.0,0,4.828125,6,45,05:48,20:11,2025-05-12 16:32:45.451593,Città della Scienza,52.4,2.3325887,11.170855,0.661163,1.7858948,EU EEA Common AQI,76.5,2.2323685,10.113879,7200,0.12857144,100,100,62.6,0.18285714,Very Low,76.5,1.7538093,100,1747067400,Very Low,0.52893037,2.8305857,Very Low,1.1694186,57.8,1.2142857,100,1747067400,0.22857143
2025-05-12T16:32:56Z,0,29.853,74.3,56,68.4,12,11,261,69,0.0,255,32767,0.0,2127-15-31,0.0,0.16,26.24,0.0,0.0,0.0,0,4.828125,6,45,05:48,20:11,2025-05-12 16:32:56.567586,Città della Scienza,52.4,2.3325887,11.170855,0.661163,1.7858948,EU EEA Common AQI,76.5,2.2323685,10.113879,7200,0.12857144,100,100,62.6,0.18285714,Very Low,76.5,1.7538093,100,1747067400,Very Low,0.52893037,2.8305857,Very Low,1.1694186,57.8,1.2142857,100,1747067400,0.22857143
2025-05-12T16:33:07Z,0,29.853,74.3,56,68.4,8,11,253,69,0.0,255,32767,0.0,2127-15-31,0.0,0.16,26.24,0.0,0.0,0.0,0,4.828125,6,45,05:48,20:11,2025-05-12 16:33:07.694593,Città della Scienza,52.4,2.3325887,11.170855,0.661163,1.7858948,EU EEA Common AQI,76.5,2.2323685,10.113879,7200,0.12857144,100,100,62.6,0.18285714,Very Low,76.5,1.7538093,100,1747067400,Very Low,0.52893037,2.8305857,Very Low,1.1694186,57.8,1.2142857,100,1747067400,0.22857143
2025-05-12T16:33:19Z,0,29.853,74.3,56,68.4,9,11,271,69,0.0,255,32767,0.0,2127-15-31,0.0,0.16,26.24,0.0,0.0,0.0,0,4.828125,6,45,05:48,20:11,2025-05-12 16:33:18.809551,Città della Scienza,52.4,2.3325887,11.170855,0.661163,1.7858948,EU EEA Common AQI,76.5,2.2323685,10.113879,7200,0.12857144,100,100,62.6,0.18285714,Very Low,76.5,1.7538093,100,1747067400,Very Low,0.52893037,2.8305857,Very Low,1.1694186,57.8,1.2142857,100,1747067400,0.22857143
2025-05-12T16:33:30Z,0,29.853,74.3,56,68.4,9,11,286,69,0.0,255,32767,0.0,2127-15-31,0.0,0.16,26.24,0.0,0.0,0.0,0,4.828125,6,45,05:48,20:11,2025-05-12 16:33:29.925598,Città della Scienza,52.4,2.3325887,11.170855,0.661163,1.7858948,EU EEA Common AQI,76.5,2.2323685,10.113879,7200,0.12857144,100,100,62.6,0.18285714,Very Low,76.5,1.7538093,100,1747067400,Very Low,0.52893037,2.8305857,Very Low,1.1694186,57.8,1.2142857,100,1747067400,0.22857143
2025-05-12T16:33:41Z,0,29.853,74.3,56,68.3,12,11,250,69,0.0,255,32767,0.0,2127-15-31,0.0,0.16,26.24,0.0,0.0,0.0,0,4.828125,6,45,05:48,20:11,2025-05-12 16:33:40.985593,Città della Scienza,52.4,2.3325887,11.170855,0.661163,1.7858948,EU EEA Common AQI,76.5,2.2323685,10.113879,7200,0.12857144,100,100,62.6,0.18285714,Very Low,76.5,1.7538093,100,1747067400,Very Low,0.52893037,2.8305857,Very Low,1.1694186,57.8,1.2142857,100,1747067400,0.22857143
2025-05-12T16:33:52Z,0,29.853,74.3,56,68.4,11,11,252,69,0.0,255,32767,0.0,2127-15-31,0.0,0.16,26.24,0.0,0.0,0.0,0,4.828125,6,45,05:48,20:11,2025-05-12 16:33:52.069603,Città della Scienza,52.4,2.3325887,11.170855,0.661163,1.7858948,EU EEA Common AQI,76.5,2.2323685,10.113879,7200,0.12857144,100,100,62.6,0.18285714,Very Low,76.5,1.7538093,100,1747067400,Very Low,0.52893037,2.8305857,Very Low,1.1694186,57.8,1.2142857,100,1747067400,0.22857143
2025-05-12T16:34:03Z,0,29.853,74.3,56,68.4,9,11,236,69,0.0,255,32767,0.0,2127-15-31,0.0,0.16,26.24,0.0,0.0,0.0,0,4.828125,6,45,05:48,20:11,2025-05-12 16:34:03.147588,Città della Scienza,52.4,2.3325887,11.170855,0.661163,1.7858948,EU EEA Common AQI,76.5,2.2323685,10.113879,7200,0.12857144,100,100,62.6,0.18285714,Very Low,76.5,1.7538093,100,1747067400,Very Low,0.52893037,2.8305857,Very Low,1.1694186,57.8,1.2142857,100,1747067400,0.22857143
2025-05-12T16:34:14Z,0,29.853,74.3,56,68.4,13,11,247,69,0.0,255,32767,0.0,2127-15-31,0.0,0.16,26.24,0.0,0.0,0.0,0,4.828125,6,45,05:48,20:11,2025-05-12 16:34:14.231592,Città della Scienza,52.4,2.3325887,11.170855,0.661163,1.7858948,EU EEA Common AQI,76.5,2.2323685,10.113879,7200,0.12857144,100,100,62.6,0.18285714,Very Low,76.5,1.7538093,100,1747067400,Very Low,0.52893037,2.8305857,Very Low,1.1694186,57.8,1.2142857,100,1747067400,0.22857143
2025-05-12T16:34:25Z,0,29.853,74.3,56,68.4,12,11,263,69,0.0,255,32767,0.0,2127-15-31,0.0,0.16,26.24,0.0,0.0,0.0,0,4.828125,6,45,05:48,20:11,2025-05-12 16:34:25.320597,Città della Scienza,52.4,2.3325887,11.170855,0.661163,1.7858948,EU EEA Common AQI,76.5,2.2323685,10.113879,7200,0.12857144,100,100,62.6,0.18285714,Very Low,76.5,1.7538093,100,1747067400,Very Low,0.52893037,2.8305857,Very Low,1.1694186,57.8,1.2142857,100,1747067400,0.22857143
2025-05-12T16:34:36Z,0,29.854,74.3,56,68.4,15,11,242,69,0.0,255,32767,0.0,2127-15-31,0.0,0.16,26.24,0.0,0.0,0.0,0,4.828125,6,45,05:48,20:11,2025-05-12 16:34:36.488605,Città della Scienza,52.4,2.3325887,11.170855,0.661163,1.7858948,EU EEA Common AQI,76.5,2.2323685,10.113879,7200,0.12857144,100,100,62.6,0.18285714,Very Low,76.5,1.7538093,100,1747067400,Very Low,0.52893037,2.8305857,Very Low,1.1694186,57.8,1.2142857,100,1747067400,0.22857143
2025-05-12T16:34:47Z,0,29.854,74.3,56,68.4,13,11,242,69,0.0,255,32767,0.0,2127-15-31,0.0,0.16,26.24,0.0,0.0,0.0,0,4.828125,6,45,05:48,20:11,2025-05-12 16:34:47.605612,Città della Scienza,52.4,2.3325887,11.170855,0.661163,1.7858948,EU EEA Common AQI,76.5,2.2323685,10.113879,7200,0.12857144,100,100,62.6,0.18285714,Very Low,76.5,1.7538093,100,1747067400,Very Low,0.52893037,2.8305857,Very Low,1.1694186,57.8,1.2142857,100,1747067400,0.22857143
2025-05-12T16:34:58Z,0,29.854,74.3,56,68.3,14,11,248,69,0.0,255,32767,0.0,2127-15-31,0.0,0.16,26.24,0.0,0.0,0.0,0,4.828125,6,45,05:48,20:11,2025-05-12 16:34:58.641611,Città della Scienza,52.4,2.3325887,11.170855,0.661163,1.7858948,EU EEA Common AQI,76.5,2.2323685,10.113879,7200,0.12857144,100,100,62.6,0.18285714,Very Low,76.5,1.7538093,100,1747067400,Very Low,0.52893037,2.8305857,Very Low,1.1694186,57.8,1.2142857,100,1747067400,0.22857143
2025-05-12T16:35:09Z,0,29.854,74.3,56,68.3,13,11,250,69,0.0,255,32767,0.0,2127-15-31,0.0,0.16,26.24,0.0,0.0,0.0,0,4.828125,6,45,05:48,20:11,2025-05-12 16:35:09.689592,Città della Scienza,52.4,2.3325887,11.170855,0.661163,1.7858948,EU EEA Common AQI,76.5,2.2323685,10.113879,7200,0.12857144,100,100,62.6,0.18285714,Very Low,76.5,1.7538093,100,1747067400,Very Low,0.52893037,2.8305857,Very Low,1.1694186,57.8,1.2142857,100,1747067400,0.22857143
2025-05-12T16:35:20Z,0,29.854,74.3,56,68.3,10,11,260,69,0.0,255,32767,0.0,2127-15-31,0.0,0.16,26.24,0.0,0.0,0.0,0,4.828125,6,45,05:48,20:11,2025-05-12 16:35:20.736599,Città della Scienza,52.4,2.3325887,11.170855,0.661163,1.7858948,EU EEA Common AQI,76.5,2.2323685,10.113879,7200,0.12857144,100,100,62.6,0.18285714,Very Low,76.5,1.7538093,100,1747067400,Very Low,0.52893037,2.8305857,Very Low,1.1694186,57.8,1.2142857,100,1747067400,0.22857143
2025-05-12T16:35:32Z,0,29.854,74.3,56,68.3,14,11,235,69,0.0,255,32767,0.0,2127-15-31,0.0,0.16,26.24,0.0,0.0,0.0,0,4.828125,6,45,05:48,20:11,2025-05-12 16:35:31.832602,Città della Scienza,52.4,2.3325887,11.170855,0.661163,1.7858948,EU EEA Common AQI,76.5,2.2323685,10.113879,7200,0.12857144,100,100,62.6,0.18285714,Very Low,76.5,1.7538093,100,1747067400,Very Low,0.52893037,2.8305857,Very Low,1.1694186,57.8,1.2142857,100,1747067400,0.22857143
2025-05-12T16:35:43Z,0,29.855,74.3,56,68.3,12,11,257,69,0.0,255,32767,0.0,2127-15-31,0.0,0.16,26.24,0.0,0.0,0.0,0,4.828125,6,45,05:48,20:11,2025-05-12 16:35:42.886599,Città della Scienza,52.4,2.3325887,11.170855,0.661163,1.7858948,EU EEA Common AQI,76.5,2.2323685,10.113879,7200,0.12857144,100,100,62.6,0.18285714,Very Low,76.5,1.7538093,100,1747067400,Very Low,0.52893037,2.8305857,Very Low,1.1694186,57.8,1.2142857,100,1747067400,0.22857143
2025-05-12T16:35:54Z,0,29.855,74.3,56,68.3,13,11,236,69,0.0,255,32767,0.0,2127-15-31,0.0,0.16,26.24,0.0,0.0,0.0,0,4.828125,6,45,05:48,20:11,2025-05-12 16:35:53.958590,Città della Scienza,52.4,2.3325887,11.170855,0.661163,1.7858948,EU EEA Common AQI,76.5,2.2323685,10.113879,7200,0.12857144,100,100,62.6,0.18285714,Very Low,76.5,1.7538093,100,1747067400,Very Low,0.52893037,2.8305857,Very Low,1.1694186,57.8,1.2142857,100,1747067400,0.22857143
2025-05-12T16:36:05Z,0,29.855,74.3,56,68.3,15,11,238,69,0.0,255,32767,0.0,2127-15-31,0.0,0.16,26.24,0.0,0.0,0.0,0,4.828125,6,45,05:48,20:11,2025-05-12 16:36:05.032564,Città della Scienza,52.4,2.3325887,11.170855,0.661163,1.7858948,EU EEA Common AQI,76.5,2.2323685,10.113879,7200,0.12857144,100,100,62.6,0.18285714,Very Low,76.5,1.7538093,100,1747067400,Very Low,0.52893037,2.8305857,Very Low,1.1694186,57.8,1.2142857,100,1747067400,0.22857143
2025-05-12T16:36:16Z,0,29.855,74.3,56,68.3,12,11,250,69,0.0,255,32767,0.0,2127-15-31,0.0,0.16,26.24,0.0,0.0,0.0,0,4.828125,6,45,05:48,20:11,2025-05-12 16:36:16.118600,Città della Scienza,52.4,2.3325887,11.170855,0.661163,1.7858948,EU EEA Common AQI,76.5,2.2323685,10.113879,7200,0.12857144,100,100,62.6,0.18285714,Very Low,76.5,1.7538093,100,1747067400,Very Low,0.52893037,2.8305857,Very Low,1.1694186,57.8,1.2142857,100,1747067400,0.22857143
2025-05-12T16:36:27Z,0,29.855,74.3,56,68.3,15,11,249,69,0.0,255,32767,0.0,2127-15-31,0.0,0.16,26.24,0.0,0.0,0.0,0,4.828125,6,45,05:48,20:11,2025-05-12 16:36:27.174598,Città della Scienza,52.4,2.3325887,11.170855,0.661163,1.7858948,EU EEA Common AQI,76.5,2.2323685,10.113879,7200,0.12857144,100,100,62.6,0.18285714,Very Low,76.5,1.7538093,100,1747067400,Very Low,0.52893037,2.8305857,Very Low,1.1694186,57.8,1.2142857,100,1747067400,0.22857143
2025-05-12T16:36:38Z,0,29.855,74.2,56,68.3,15,12,248,68,0.0,255,32767,0.0,2127-15-31,0.0,0.16,26.24,0.0,0.0,0.0,0,4.828125,6,45,05:48,20:11,2025-05-12 16:36:38.283604,Città della Scienza,52.4,2.3325887,11.170855,0.661163,1.7858948,EU EEA Common AQI,76.5,2.2323685,10.113879,7200,0.12857144,100,100,62.6,0.18285714,Very Low,76.5,1.7538093,100,1747067400,Very Low,0.52893037,2.8305857,Very Low,1.1694186,57.8,1.2142857,100,1747067400,0.22857143
2025-05-12T16:36:49Z,0,29.855,74.2,56,68.3,12,12,244,68,0.0,255,32767,0.0,2127-15-31,0.0,0.16,26.24,0.0,0.0,0.0,0,4.828125,6,45,05:48,20:11,2025-05-12 16:36:49.364594,Città della Scienza,52.4,2.3325887,11.170855,0.661163,1.7858948,EU EEA Common AQI,76.5,2.2323685,10.113879,7200,0.12857144,100,100,62.6,0.18285714,Very Low,76.5,1.7538093,100,1747067400,Very Low,0.52893037,2.8305857,Very Low,1.1694186,57.8,1.2142857,100,1747067400,0.22857143
2025-05-12T16:37:00Z,0,29.855,74.2,56,68.2,13,12,255,68,0.0,255,32767,0.0,2127-15-31,0.0,0.16,26.24,0.0,0.0,0.0,0,4.828125,6,45,05:48,20:11,2025-05-12 16:37:00.443598,Città della Scienza,52.4,2.3325887,11.170855,0.661163,1.7858948,EU EEA Common AQI,76.5,2.2323685,10.113879,7200,0.12857144,100,100,62.6,0.18285714,Very Low,76.5,1.7538093,100,1747067400,Very Low,0.52893037,2.8305857,Very Low,1.1694186,57.8,1.2142857,100,1747067400,0.22857143
2025-05-12T16:37:11Z,0,29.855,74.2,56,68.2,11,12,243,68,0.0,255,32767,0.0,2127-15-31,0.0,0.16,26.24,0.0,0.0,0.0,0,4.828125,6,45,05:48,20:11,2025-05-12 16:37:11.529611,Città della Scienza,52.4,2.3325887,11.170855,0.661163,1.7858948,EU EEA Common AQI,76.5,2.2323685,10.113879,7200,0.12857144,100,100,62.6,0.18285714,Very Low,76.5,1.7538093,100,1747067400,Very Low,0.52893037,2.8305857,Very Low,1.1694186,57.8,1.2142857,100,1747067400,0.22857143
2025-05-12T16:37:22Z,0,29.855,74.2,56,68.2,12,12,238,68,0.0,255,32767,0.0,2127-15-31,0.0,0.16,26.24,0.0,0.0,0.0,0,4.828125,6,45,05:48,20:11,2025-05-12 16:37:22.565588,Città della Scienza,52.4,2.3325887,11.170855,0.661163,1.7858948,EU EEA Common AQI,76.5,2.2323685,10.113879,7200,0.12857144,100,100,62.6,0.18285714,Very Low,76.5,1.7538093,100,1747067400,Very Low,0.52893037,2.8305857,Very Low,1.1694186,57.8,1.2142857,100,1747067400,0.22857143
2025-05-12T16:37:33Z,0,29.855,74.3,56,68.2,13,12,236,68,0.0,255,32767,0.0,2127-15-31,0.0,0.16,26.24,0.0,0.0,0.0,0,4.828125,6,45,05:48,20:11,2025-05-12 16:37:33.657593,Città della Scienza,52.4,2.3325887,11.170855,0.661163,1.7858948,EU EEA Common AQI,76.5,2.2323685,10.113879,7200,0.12857144,100,100,62.6,0.18285714,Very Low,76.5,1.7538093,100,1747067400,Very Low,0.52893037,2.8305857,Very Low,1.1694186,57.8,1.2142857,100,1747067400,0.22857143
2025-05-12T16:37:44Z,0,29.854,74.3,56,68.2,10,12,234,68,0.0,255,32767,0.0,2127-15-31,0.0,0.16,26.24,0.0,0.0,0.0,0,4.828125,6,45,05:48,20:11,2025-05-12 16:37:44.718591,Città della Scienza,52.4,2.3325887,11.170855,0.661163,1.7858948,EU EEA Common AQI,76.5,2.2323685,10.113879,7200,0.12857144,100,100,62.6,0.18285714,Very Low,76.5,1.7538093,100,1747067400,Very Low,0.52893037,2.8305857,Very Low,1.1694186,57.8,1.2142857,100,1747067400,0.22857143
2025-05-12T16:37:55Z,0,29.854,74.3,56,68.2,10,12,242,68,0.0,255,32767,0.0,2127-15-31,0.0,0.16,26.24,0.0,0.0,0.0,0,4.828125,6,45,05:48,20:11,2025-05-12 16:37:55.776586,Città della Scienza,52.4,2.3325887,11.170855,0.661163,1.7858948,EU EEA Common AQI,76.5,2.2323685,10.113879,7200,0.12857144,100,100,62.6,0.18285714,Very Low,76.5,1.7538093,100,1747067400,Very Low,0.52893037,2.8305857,Very Low,1.1694186,57.8,1.2142857,100,1747067400,0.22857143
2025-05-12T16:38:07Z,0,29.854,74.3,56,68.2,11,12,234,68,0.0,255,32767,0.0,2127-15-31,0.0,0.16,26.24,0.0,0.0,0.0,0,4.828125,6,45,05:48,20:11,2025-05-12 16:38:06.808597,Città della Scienza,52.4,2.3325887,11.170855,0.661163,1.7858948,EU EEA Common AQI,76.5,2.2323685,10.113879,7200,0.12857144,100,100,62.6,0.18285714,Very Low,76.5,1.7538093,100,1747067400,Very Low,0.52893037,2.8305857,Very Low,1.1694186,57.8,1.2142857,100,1747067400,0.22857143
2025-05-12T16:38:18Z,0,29.854,74.3,56,68.2,10,12,245,70,0.0,255,32767,0.0,2127-15-31,0.0,0.16,26.24,0.0,0.0,0.0,0,4.828125,6,45,05:48,20:11,2025-05-12 16:38:17.853602,Città della Scienza,52.4,2.3325887,11.170855,0.661163,1.7858948,EU EEA Common AQI,76.5,2.2323685,10.113879,7200,0.12857144,100,100,62.6,0.18285714,Very Low,76.5,1.7538093,100,1747067400,Very Low,0.52893037,2.8305857,Very Low,1.1694186,57.8,1.2142857,100,1747067400,0.22857143
2025-05-12T16:38:29Z,0,29.854,74.3,56,68.2,12,12,241,70,0.0,255,32767,0.0,2127-15-31,0.0,0.16,26.24,0.0,0.0,0.0,0,4.828125,6,45,05:48,20:11,2025-05-12 16:38:28.947610,Città della Scienza,52.4,2.3325887,11.170855,0.661163,1.7858948,EU EEA Common AQI,76.5,2.2323685,10.113879,7200,0.12857144,100,100,62.6,0.18285714,Very Low,76.5,1.7538093,100,1747067400,Very Low,0.52893037,2.8305857,Very Low,1.1694186,57.8,1.2142857,100,1747067400,0.22857143
2025-05-12T16:38:40Z,0,29.855,74.3,56,68.3,12,12,240,70,0.0,255,32767,0.0,2127-15-31,0.0,0.16,26.24,0.0,0.0,0.0,0,4.828125,6,45,05:48,20:11,2025-05-12 16:38:40.014582,Città della Scienza,52.4,2.3325887,11.170855,0.661163,1.7858948,EU EEA Common AQI,76.5,2.2323685,10.113879,7200,0.12857144,100,100,62.6,0.18285714,Very Low,76.5,1.7538093,100,1747067400,Very Low,0.52893037,2.8305857,Very Low,1.1694186,57.8,1.2142857,100,1747067400,0.22857143
2025-05-12T16:38:51Z,0,29.855,74.3,56,68.3,15,12,229,70,0.0,255,32767,0.0,2127-15-31,0.0,0.16,26.24,0.0,0.0,0.0,0,4.828125,6,45,05:48,20:11,2025-05-12 16:38:51.088597,Città della Scienza,52.4,2.3325887,11.170855,0.661163,1.7858948,EU EEA Common AQI,76.5,2.2323685,10.113879,7200,0.12857144,100,100,62.6,0.18285714,Very Low,76.5,1.7538093,100,1747067400,Very Low,0.52893037,2.8305857,Very Low,1.1694186,57.8,1.2142857,100,1747067400,0.22857143
2025-05-12T16:39:02Z,0,29.855,74.3,56,68.3,16,12,244,70,0.0,255,32767,0.0,2127-15-31,0.0,0.16,26.24,0.0,0.0,0.0,0,4.828125,6,45,05:48,20:11,2025-05-12 16:39:02.181591,Città della Scienza,52.4,2.3325887,11.170855,0.661163,1.7858948,EU EEA Common AQI,76.5,2.2323685,10.113879,7200,0.12857144,100,100,62.6,0.18285714,Very Low,76.5,1.7538093,100,1747067400,Very Low,0.52893037,2.8305857,Very Low,1.1694186,57.8,1.2142857,100,1747067400,0.22857143
2025-05-12T16:39:13Z,0,29.855,74.3,56,68.3,16,12,258,71,0.0,255,32767,0.0,2127-15-31,0.0,0.16,26.24,0.0,0.0,0.0,0,4.828125,6,45,05:48,20:11,2025-05-12 16:39:13.292592,Città della Scienza,52.4,2.3325887,11.170855,0.661163,1.7858948,EU EEA Common AQI,76.5,2.2323685,10.113879,7200,0.12857144,100,100,62.6,0.18285714,Very Low,76.5,1.7538093,100,1747067400,Very Low,0.52893037,2.8305857,Very Low,1.1694186,57.8,1.2142857,100,1747067400,0.22857143
2025-05-12T16:39:24Z,0,29.855,74.3,56,68.2,15,12,242,71,0.0,255,32767,0.0,2127-15-31,0.0,0.16,26.24,0.0,0.0,0.0,0,4.828125,6,45,05:48,20:11,2025-05-12 16:39:24.360598,Città della Scienza,52.4,2.3325887,11.170855,0.661163,1.7858948,EU EEA Common AQI,76.5,2.2323685,10.113879,7200,0.12857144,100,100,62.6,0.18285714,Very Low,76.5,1.7538093,100,1747067400,Very Low,0.52893037,2.8305857,Very Low,1.1694186,57.8,1.2142857,100,1747067400,0.22857143
2025-05-12T16:39:35Z,0,29.857,74.2,56,68.1,10,12,240,71,0.0,255,32767,0.0,2127-15-31,0.0,0.16,26.24,0.0,0.0,0.0,0,4.828125,6,45,05:48,20:11,2025-05-12 16:39:35.427588,Città della Scienza,52.4,2.3325887,11.170855,0.661163,1.7858948,EU EEA Common AQI,76.5,2.2323685,10.113879,7200,0.12857144,100,100,62.6,0.18285714,Very Low,76.5,1.7538093,100,1747067400,Very Low,0.52893037,2.8305857,Very Low,1.1694186,57.8,1.2142857,100,1747067400,0.22857143
2025-05-12T16:39:46Z,0,29.857,74.2,56,68.1,13,12,240,71,0.0,255,32767,0.0,2127-15-31,0.0,0.16,26.24,0.0,0.0,0.0,0,4.828125,6,45,05:48,20:11,2025-05-12 16:39:46.495595,Città della Scienza,52.4,2.3325887,11.170855,0.661163,1.7858948,EU EEA Common AQI,76.5,2.2323685,10.113879,7200,0.12857144,100,100,62.6,0.18285714,Very Low,76.5,1.7538093,100,1747067400,Very Low,0.52893037,2.8305857,Very Low,1.1694186,57.8,1.2142857,100,1747067400,0.22857143
2025-05-12T16:39:57Z,0,29.857,74.2,56,68.1,13,12,246,71,0.0,255,32767,0.0,2127-15-31,0.0,0.16,26.24,0.0,0.0,0.0,0,4.828125,6,45,05:48,20:11,2025-05-12 16:39:57.553588,Città della Scienza,52.4,2.3325887,11.170855,0.661163,1.7858948,EU EEA Common AQI,76.5,2.2323685,10.113879,7200,0.12857144,100,100,62.6,0.18285714,Very Low,76.5,1.7538093,100,1747067400,Very Low,0.52893037,2.8305857,Very Low,1.1694186,57.8,1.2142857,100,1747067400,0.22857143
2025-05-12T16:40:08Z,0,29.857,74.2,56,68.1,12,12,265,71,0.0,255,32767,0.0,2127-15-31,0.0,0.16,26.24,0.0,0.0,0.0,0,4.828125,6,45,05:48,20:11,2025-05-12 16:40:08.605601,Città della Scienza,52.4,2.3325887,11.170855,0.661163,1.7858948,EU EEA Common AQI,76.5,2.2323685,10.113879,7200,0.12857144,100,100,62.6,0.18285714,Very Low,76.5,1.7538093,100,1747067400,Very Low,0.52893037,2.8305857,Very Low,1.1694186,57.8,1.2142857,100,1747067400,0.22857143
2025-05-12T16:40:19Z,0,29.857,74.2,56,68.1,11,12,236,71,0.0,255,32767,0.0,2127-15-31,0.0,0.16,26.24,0.0,0.0,0.0,0,4.828125,6,45,05:48,20:11,2025-05-12 16:40:19.674623,Città della Scienza,52.4,2.3325887,11.170855,0.661163,1.7858948,EU EEA Common AQI,76.5,2.2323685,10.113879,7200,0.12857144,100,100,62.6,0.18285714,Very Low,76.5,1.7538093,100,1747067400,Very Low,0.52893037,2.8305857,Very Low,1.1694186,57.8,1.2142857,100,1747067400,0.22857143
2025-05-12T16:40:30Z,0,29.857,74.2,56,68.1,15,12,252,71,0.0,255,32767,0.0,2127-15-31,0.0,0.16,26.24,0.0,0.0,0.0,0,4.828125,6,45,05:48,20:11,2025-05-12 16:40:30.770597,Città della Scienza,52.4,2.3325887,11.170855,0.661163,1.7858948,EU EEA Common AQI,76.5,2.2323685,10.113879,7200,0.12857144,100,100,62.6,0.18285714,Very Low,76.5,1.7538093,100,1747067400,Very Low,0.52893037,2.8305857,Very Low,1.1694186,57.8,1.2142857,100,1747067400,0.22857143
2025-05-12T16:40:42Z,0,29.857,74.2,56,68.1,13,12,264,71,0.0,255,32767,0.0,2127-15-31,0.0,0.16,26.24,0.0,0.0,0.0,0,4.828125,6,45,05:48,20:11,2025-05-12 16:40:41.873598,Città della Scienza,52.4,2.3325887,11.170855,0.661163,1.7858948,EU EEA Common AQI,76.5,2.2323685,10.113879,7200,0.12857144,100,100,62.6,0.18285714,Very Low,76.5,1.7538093,100,1747067400,Very Low,0.52893037,2.8305857,Very Low,1.1694186,57.8,1.2142857,100,1747067400,0.22857143
2025-05-12T16:40:53Z,0,29.857,74.2,56,68.1,13,12,236,71,0.0,255,32767,0.0,2127-15-31,0.0,0.16,26.24,0.0,0.0,0.0,0,4.828125,6,45,05:48,20:11,2025-05-12 16:40:52.966598,Città della Scienza,52.4,2.3325887,11.170855,0.661163,1.7858948,EU EEA Common AQI,76.5,2.2323685,10.113879,7200,0.12857144,100,100,62.6,0.18285714,Very Low,76.5,1.7538093,100,1747067400,Very Low,0.52893037,2.8305857,Very Low,1.1694186,57.8,1.2142857,100,1747067400,0.22857143
2025-05-12T16:41:04Z,0,29.857,74.2,56,68.1,16,12,232,71,0.0,255,32767,0.0,2127-15-31,0.0,0.16,26.24,0.0,0.0,0.0,0,4.828125,6,45,05:48,20:11,2025-05-12 16:41:04.047588,Città della Scienza,52.4,2.3325887,11.170855,0.661163,1.7858948,EU EEA Common AQI,76.5,2.2323685,10.113879,7200,0.12857144,100,100,62.6,0.18285714,Very Low,76.5,1.7538093,100,1747067400,Very Low,0.52893037,2.8305857,Very Low,1.1694186,57.8,1.2142857,100,1747067400,0.22857143
2025-05-12T16:41:15Z,0,29.857,74.2,56,68.1,16,12,244,71,0.0,255,32767,0.0,2127-15-31,0.0,0.16,26.24,0.0,0.0,0.0,0,4.828125,6,45,05:48,20:11,2025-05-12 16:41:15.151604,Città della Scienza,52.4,2.3325887,11.170855,0.661163,1.7858948,EU EEA Common AQI,76.5,2.2323685,10.113879,7200,0.12857144,100,100,62.6,0.18285714,Very Low,76.5,1.7538093,100,1747067400,Very Low,0.52893037,2.8305857,Very Low,1.1694186,57.8,1.2142857,100,1747067400,0.22857143
2025-05-12T16:41:26Z,0,29.857,74.2,56,68.0,9,12,260,71,0.0,255,32767,0.0,2127-15-31,0.0,0.16,26.24,0.0,0.0,0.0,0,4.828125,6,45,05:48,20:11,2025-05-12 16:41:26.208593,Città della Scienza,52.4,2.3325887,11.170855,0.661163,1.7858948,EU EEA Common AQI,76.5,2.2323685,10.113879,7200,0.12857144,100,100,62.6,0.18285714,Very Low,76.5,1.7538093,100,1747067400,Very Low,0.52893037,2.8305857,Very Low,1.1694186,57.8,1.2142857,100,1747067400,0.22857143
2025-05-12T16:41:37Z,0,29.856,74.2,56,68.0,15,12,242,71,0.0,255,32767,0.0,2127-15-31,0.0,0.16,26.24,0.0,0.0,0.0,0,4.828125,6,45,05:48,20:11,2025-05-12 16:41:37.312587,Città della Scienza,52.4,2.3325887,11.170855,0.661163,1.7858948,EU EEA Common AQI,76.5,2.2323685,10.113879,7200,0.12857144,100,100,62.6,0.18285714,Very Low,76.5,1.7538093,100,1747067400,Very Low,0.52893037,2.8305857,Very Low,1.1694186,57.8,1.2142857,100,1747067400,0.22857143
2025-05-12T16:41:48Z,0,29.856,74.2,56,68.0,12,12,261,71,0.0,255,32767,0.0,2127-15-31,0.0,0.16,26.24,0.0,0.0,0.0,0,4.828125,6,45,05:48,20:11,2025-05-12 16:41:48.374595,Città della Scienza,52.4,2.3325887,11.170855,0.661163,1.7858948,EU EEA Common AQI,76.5,2.2323685,10.113879,7200,0.12857144,100,100,62.6,0.18285714,Very Low,76.5,1.7538093,100,1747067400,Very Low,0.52893037,2.8305857,Very Low,1.1694186,57.8,1.2142857,100,1747067400,0.22857143
2025-05-12T16:41:59Z,0,29.856,74.2,56,68.0,12,12,238,71,0.0,255,32767,0.0,2127-15-31,0.0,0.16,26.24,0.0,0.0,0.0,0,4.828125,6,45,05:48,20:11,2025-05-12 16:41:59.462591,Città della Scienza,52.4,2.3325887,11.170855,0.661163,1.7858948,EU EEA Common AQI,76.5,2.2323685,10.113879,7200,0.12857144,100,100,62.6,0.18285714,Very Low,76.5,1.7538093,100,1747067400,Very Low,0.52893037,2.8305857,Very Low,1.1694186,57.8,1.2142857,100,1747067400,0.22857143
2025-05-12T16:42:10Z,0,29.856,74.2,56,68.0,9,12,259,71,0.0,255,32767,0.0,2127-15-31,0.0,0.16,26.24,0.0,0.0,0.0,0,4.828125,6,45,05:48,20:11,2025-05-12 16:42:10.552595,Città della Scienza,52.4,2.3325887,11.170855,0.661163,1.7858948,EU EEA Common AQI,76.5,2.2323685,10.113879,7200,0.12857144,100,100,62.6,0.18285714,Very Low,76.5,1.7538093,100,1747067400,Very Low,0.52893037,2.8305857,Very Low,1.1694186,57.8,1.2142857,100,1747067400,0.22857143
2025-05-12T16:42:21Z,0,29.856,74.2,56,68.0,10,12,249,71,0.0,255,32767,0.0,2127-15-31,0.0,0.16,26.24,0.0,0.0,0.0,0,4.828125,6,45,05:48,20:11,2025-05-12 16:42:21.647590,Città della Scienza,52.4,2.3325887,11.170855,0.661163,1.7858948,EU EEA Common AQI,76.5,2.2323685,10.113879,7200,0.12857144,100,100,62.6,0.18285714,Very Low,76.5,1.7538093,100,1747067400,Very Low,0.52893037,2.8305857,Very Low,1.1694186,57.8,1.2142857,100,1747067400,0.22857143
2025-05-12T16:42:33Z,0,29.856,74.2,56,68.0,5,12,247,71,0.0,255,32767,0.0,2127-15-31,0.0,0.16,26.24,0.0,0.0,0.0,0,4.828125,6,45,05:48,20:11,2025-05-12 16:42:32.804604,Città della Scienza,52.4,2.3325887,11.170855,0.661163,1.7858948,EU EEA Common AQI,76.5,2.2323685,10.113879,7200,0.12857144,100,100,62.6,0.18285714,Very Low,76.5,1.7538093,100,1747067400,Very Low,0.52893037,2.8305857,Very Low,1.1694186,57.8,1.2142857,100,1747067400,0.22857143
2025-05-12T16:42:44Z,0,29.857,74.2,56,68.1,8,12,254,72,0.0,255,32767,0.0,2127-15-31,0.0,0.16,26.24,0.0,0.0,0.0,0,4.828125,6,45,05:48,20:11,2025-05-12 16:42:43.901588,Città della Scienza,52.4,2.3325887,11.170855,0.661163,1.7858948,EU EEA Common AQI,76.5,2.2323685,10.113879,7200,0.12857144,100,100,62.6,0.18285714,Very Low,76.5,1.7538093,100,1747067400,Very Low,0.52893037,2.8305857,Very Low,1.1694186,57.8,1.2142857,100,1747067400,0.22857143
2025-05-12T16:42:55Z,0,29.857,74.2,56,68.0,14,12,248,72,0.0,255,32767,0.0,2127-15-31,0.0,0.16,26.24,0.0,0.0,0.0,0,4.828125,6,45,05:48,20:11,2025-05-12 16:42:54.979611,Città della Scienza,52.4,2.3325887,11.170855,0.661163,1.7858948,EU EEA Common AQI,76.5,2.2323685,10.113879,7200,0.12857144,100,100,62.6,0.18285714,Very Low,76.5,1.7538093,100,1747067400,Very Low,0.52893037,2.8305857,Very Low,1.1694186,57.8,1.2142857,100,1747067400,0.22857143
2025-05-12T16:43:06Z,0,29.857,74.2,56,68.0,12,12,232,72,0.0,255,32767,0.0,2127-15-31,0.0,0.16,26.24,0.0,0.0,0.0,0,4.828125,6,45,05:48,20:11,2025-05-12 16:43:06.028590,Città della Scienza,52.4,2.3325887,11.170855,0.661163,1.7858948,EU EEA Common AQI,76.5,2.2323685,10.113879,7200,0.12857144,100,100,62.6,0.18285714,Very Low,76.5,1.7538093,100,1747067400,Very Low,0.52893037,2.8305857,Very Low,1.1694186,57.8,1.2142857,100,1747067400,0.22857143
2025-05-12T16:43:17Z,0,29.857,74.2,56,68.0,10,12,267,72,0.0,255,32767,0.0,2127-15-31,0.0,0.16,26.24,0.0,0.0,0.0,0,4.828125,6,45,05:48,20:11,2025-05-12 16:43:17.142603,Città della Scienza,52.4,2.3325887,11.170855,0.661163,1.7858948,EU EEA Common AQI,76.5,2.2323685,10.113879,7200,0.12857144,100,100,62.6,0.18285714,Very Low,76.5,1.7538093,100,1747067400,Very Low,0.52893037,2.8305857,Very Low,1.1694186,57.8,1.2142857,100,1747067400,0.22857143
2025-05-12T16:43:28Z,0,29.857,74.2,56,68.1,12,12,260,72,0.0,255,32767,0.0,2127-15-31,0.0,0.16,26.24,0.0,0.0,0.0,0,4.828125,6,45,05:48,20:11,2025-05-12 16:43:28.195593,Città della Scienza,52.4,2.3325887,11.170855,0.661163,1.7858948,EU EEA Common AQI,76.5,2.2323685,10.113879,7200,0.12857144,100,100,62.6,0.18285714,Very Low,76.5,1.7538093,100,1747067400,Very Low,0.52893037,2.8305857,Very Low,1.1694186,57.8,1.2142857,100,1747067400,0.22857143
2025-05-12T16:43:39Z,0,29.857,74.2,56,68.0,8,12,215,72,0.0,255,32767,0.0,2127-15-31,0.0,0.16,26.24,0.0,0.0,0.0,0,4.828125,6,45,05:48,20:11,2025-05-12 16:43:39.253600,Città della Scienza,52.4,2.3325887,11.170855,0.661163,1.7858948,EU EEA Common AQI,76.5,2.2323685,10.113879,7200,0.12857144,100,100,62.6,0.18285714,Very Low,76.5,1.7538093,100,1747067400,Very Low,0.52893037,2.8305857,Very Low,1.1694186,57.8,1.2142857,100,1747067400,0.22857143
2025-05-12T16:43:50Z,0,29.857,74.2,56,68.0,13,12,231,72,0.0,255,32767,0.0,2127-15-31,0.0,0.16,26.24,0.0,0.0,0.0,0,4.828125,6,45,05:48,20:11,2025-05-12 16:43:50.350605,Città della Scienza,52.4,2.3325887,11.170855,0.661163,1.7858948,EU EEA Common AQI,76.5,2.2323685,10.113879,7200,0.12857144,100,100,62.6,0.18285714,Very Low,76.5,1.7538093,100,1747067400,Very Low,0.52893037,2.8305857,Very Low,1.1694186,57.8,1.2142857,100,1747067400,0.22857143
2025-05-12T16:44:01Z,0,29.857,74.2,56,68.0,12,12,256,72,0.0,255,32767,0.0,2127-15-31,0.0,0.16,26.24,0.0,0.0,0.0,0,4.828125,6,45,05:48,20:11,2025-05-12 16:44:01.415603,Città della Scienza,52.4,2.3325887,11.170855,0.661163,1.7858948,EU EEA Common AQI,76.5,2.2323685,10.113879,7200,0.12857144,100,100,62.6,0.18285714,Very Low,76.5,1.7538093,100,1747067400,Very Low,0.52893037,2.8305857,Very Low,1.1694186,57.8,1.2142857,100,1747067400,0.22857143
2025-05-12T16:44:12Z,0,29.857,74.2,56,68.0,14,12,241,72,0.0,255,32767,0.0,2127-15-31,0.0,0.16,26.24,0.0,0.0,0.0,0,4.828125,6,45,05:48,20:11,2025-05-12 16:44:12.707597,Città della Scienza,52.4,2.3325887,11.170855,0.661163,1.7858948,EU EEA Common AQI,76.5,2.2323685,10.113879,7200,0.12857144,100,100,62.6,0.18285714,Very Low,76.5,1.7538093,100,1747067400,Very Low,0.52893037,2.8305857,Very Low,1.1694186,57.8,1.2142857,100,1747067400,0.22857143
2025-05-12T16:44:23Z,0,29.857,74.2,56,68.0,11,12,251,71,0.0,255,32767,0.0,2127-15-31,0.0,0.16,26.24,0.0,0.0,0.0,0,4.828125,6,45,05:48,20:11,2025-05-12 16:44:23.779593,Città della Scienza,52.4,2.3325887,11.170855,0.661163,1.7858948,EU EEA Common AQI,76.5,2.2323685,10.113879,7200,0.12857144,100,100,62.6,0.18285714,Very Low,76.5,1.7538093,100,1747067400,Very Low,0.52893037,2.8305857,Very Low,1.1694186,57.8,1.2142857,100,1747067400,0.22857143
2025-05-12T16:44:35Z,0,29.859,74.2,56,67.9,12,12,247,71,0.0,255,32767,0.0,2127-15-31,0.0,0.16,26.24,0.0,0.0,0.0,0,4.828125,6,45,05:48,20:11,2025-05-12 16:44:34.874606,Città della Scienza,52.4,2.3325887,11.170855,0.661163,1.7858948,EU EEA Common AQI,76.5,2.2323685,10.113879,7200,0.12857144,100,100,62.6,0.18285714,Very Low,76.5,1.7538093,100,1747067400,Very Low,0.52893037,2.8305857,Very Low,1.1694186,57.8,1.2142857,100,1747067400,0.22857143
2025-05-12T16:44:46Z,0,29.859,74.2,56,68.0,11,12,248,71,0.0,255,32767,0.0,2127-15-31,0.0,0.16,26.24,0.0,0.0,0.0,0,4.828125,6,45,05:48,20:11,2025-05-12 16:44:45.956598,Città della Scienza,52.4,2.3325887,11.170855,0.661163,1.7858948,EU EEA Common AQI,76.5,2.2323685,10.113879,7200,0.12857144,100,100,62.6,0.18285714,Very Low,76.5,1.7538093,100,1747067400,Very Low,0.52893037,2.8305857,Very Low,1.1694186,57.8,1.2142857,100,1747067400,0.22857143
2025-05-12T16:44:57Z,0,29.859,74.2,56,68.0,16,12,249,71,0.0,255,32767,0.0,2127-15-31,0.0,0.16,26.24,0.0,0.0,0.0,0,4.828125,6,45,05:48,20:11,2025-05-12 16:44:57.048588,Città della Scienza,52.4,2.3325887,11.170855,0.661163,1.7858948,EU EEA Common AQI,76.5,2.2323685,10.113879,7200,0.12857144,100,100,62.6,0.18285714,Very Low,76.5,1.7538093,100,1747067400,Very Low,0.52893037,2.8305857,Very Low,1.1694186,57.8,1.2142857,100,1747067400,0.22857143
2025-05-12T16:45:08Z,0,29.859,74.2,56,68.0,14,12,250,71,0.0,255,32767,0.0,2127-15-31,0.0,0.16,26.24,0.0,0.0,0.0,0,4.828125,6,45,05:48,20:11,2025-05-12 16:45:08.134594,Città della Scienza,52.4,2.3325887,11.170855,0.661163,1.7858948,EU EEA Common AQI,76.5,2.2323685,10.113879,7200,0.12857144,100,100,62.6,0.18285714,Very Low,76.5,1.7538093,100,1747067400,Very Low,0.52893037,2.8305857,Very Low,1.1694186,57.8,1.2142857,100,1747067400,0.22857143
2025-05-12T16:45:19Z,0,29.859,74.2,56,67.9,9,12,252,71,0.0,255,32767,0.0,2127-15-31,0.0,0.16,26.24,0.0,0.0,0.0,0,4.828125,6,45,05:48,20:11,2025-05-12 16:45:19.217598,Città della Scienza,52.4,2.3325887,11.170855,0.661163,1.7858948,EU EEA Common AQI,76.5,2.2323685,10.113879,7200,0.12857144,100,100,62.6,0.18285714,Very Low,76.5,1.7538093,100,1747067400,Very Low,0.52893037,2.8305857,Very Low,1.1694186,57.8,1.2142857,100,1747067400,0.22857143
2025-05-12T16:45:30Z,0,29.859,74.2,56,67.9,10,12,234,71,0.0,255,32767,0.0,2127-15-31,0.0,0.16,26.24,0.0,0.0,0.0,0,4.828125,6,45,05:48,20:11,2025-05-12 16:45:30.245594,Città della Scienza,52.8,2.016273,11.155859,0.6133046,1.5531446,EU EEA Common AQI,78.2,1.9414307,10.095897,7200,0.4,100,100,64.0,0.34285712,Very Low,78.0,1.4321953,100,1747068300,Very Low,0.49064368,2.5658896,Very Low,1.2194304,59.4,1.8857143,100,1747068300,0.42857143
2025-05-12T16:45:41Z,0,29.856,74.2,56,67.9,14,12,241,71,0.0,255,32767,0.0,2127-15-31,0.0,0.16,26.24,0.0,0.0,0.0,0,4.828125,6,45,05:48,20:11,2025-05-12 16:45:41.365606,Città della Scienza,52.8,2.016273,11.155859,0.6133046,1.5531446,EU EEA Common AQI,78.2,1.9414307,10.095897,7200,0.4,100,100,64.0,0.34285712,Very Low,78.0,1.4321953,100,1747068300,Very Low,0.49064368,2.5658896,Very Low,1.2194304,59.4,1.8857143,100,1747068300,0.42857143
2025-05-12T16:45:52Z,0,29.856,74.2,56,67.9,14,12,238,71,0.0,255,32767,0.0,2127-15-31,0.0,0.16,26.24,0.0,0.0,0.0,0,4.828125,6,45,05:48,20:11,2025-05-12 16:45:52.465560,Città della Scienza,52.8,2.016273,11.155859,0.6133046,1.5531446,EU EEA Common AQI,78.2,1.9414307,10.095897,7200,0.4,100,100,64.0,0.34285712,Very Low,78.0,1.4321953,100,1747068300,Very Low,0.49064368,2.5658896,Very Low,1.2194304,59.4,1.8857143,100,1747068300,0.42857143
2025-05-12T16:46:03Z,0,29.856,74.2,56,67.9,15,12,238,71,0.0,255,32767,0.0,2127-15-31,0.0,0.16,26.24,0.0,0.0,0.0,0,4.828125,6,45,05:48,20:11,2025-05-12 16:46:03.549599,Città della Scienza,52.8,2.016273,11.155859,0.6133046,1.5531446,EU EEA Common AQI,78.2,1.9414307,10.095897,7200,0.4,100,100,64.0,0.34285712,Very Low,78.0,1.4321953,100,1747068300,Very Low,0.49064368,2.5658896,Very Low,1.2194304,59.4,1.8857143,100,1747068300,0.42857143
2025-05-12T16:46:14Z,0,29.856,74.2,56,67.9,12,12,233,71,0.0,255,32767,0.0,2127-15-31,0.0,0.16,26.24,0.0,0.0,0.0,0,4.828125,6,45,05:48,20:11,2025-05-12 16:46:14.619610,Città della Scienza,52.8,2.016273,11.155859,0.6133046,1.5531446,EU EEA Common AQI,78.2,1.9414307,10.095897,7200,0.4,100,100,64.0,0.34285712,Very Low,78.0,1.4321953,100,1747068300,Very Low,0.49064368,2.5658896,Very Low,1.2194304,59.4,1.8857143,100,1747068300,0.42857143
2025-05-12T16:46:25Z,0,29.856,74.2,56,67.9,14,12,236,71,0.0,255,32767,0.0,2127-15-31,0.0,0.16,26.24,0.0,0.0,0.0,0,4.828125,6,45,05:48,20:11,2025-05-12 16:46:25.705591,Città della Scienza,52.8,2.016273,11.155859,0.6133046,1.5531446,EU EEA Common AQI,78.2,1.9414307,10.095897,7200,0.4,100,100,64.0,0.34285712,Very Low,78.0,1.4321953,100,1747068300,Very Low,0.49064368,2.5658896,Very Low,1.2194304,59.4,1.8857143,100,1747068300,0.42857143
2025-05-12T16:46:36Z,0,29.857,74.2,56,67.9,10,12,238,71,0.0,255,32767,0.0,2127-15-31,0.0,0.16,26.24,0.0,0.0,0.0,0,4.828125,6,45,05:48,20:11,2025-05-12 16:46:36.769595,Città della Scienza,52.8,2.016273,11.155859,0.6133046,1.5531446,EU EEA Common AQI,78.2,1.9414307,10.095897,7200,0.4,100,100,64.0,0.34285712,Very Low,78.0,1.4321953,100,1747068300,Very Low,0.49064368,2.5658896,Very Low,1.2194304,59.4,1.8857143,100,1747068300,0.42857143
2025-05-12T16:46:48Z,0,29.857,74.2,56,67.9,9,12,290,71,0.0,255,32767,0.0,2127-15-31,0.0,0.16,26.24,0.0,0.0,0.0,0,4.828125,6,45,05:48,20:11,2025-05-12 16:46:47.852594,Città della Scienza,52.8,2.016273,11.155859,0.6133046,1.5531446,EU EEA Common AQI,78.2,1.9414307,10.095897,7200,0.4,100,100,64.0,0.34285712,Very Low,78.0,1.4321953,100,1747068300,Very Low,0.49064368,2.5658896,Very Low,1.2194304,59.4,1.8857143,100,1747068300,0.42857143
2025-05-12T16:46:59Z,0,29.857,74.2,56,67.9,14,12,235,72,0.0,255,32767,0.0,2127-15-31,0.0,0.16,26.24,0.0,0.0,0.0,0,4.828125,6,45,05:48,20:11,2025-05-12 16:46:58.982579,Città della Scienza,52.8,2.016273,11.155859,0.6133046,1.5531446,EU EEA Common AQI,78.2,1.9414307,10.095897,7200,0.4,100,100,64.0,0.34285712,Very Low,78.0,1.4321953,100,1747068300,Very Low,0.49064368,2.5658896,Very Low,1.2194304,59.4,1.8857143,100,1747068300,0.42857143
2025-05-12T16:47:10Z,0,29.857,74.2,56,67.9,15,12,229,72,0.0,255,32767,0.0,2127-15-31,0.0,0.16,26.24,0.0,0.0,0.0,0,4.828125,6,45,05:48,20:11,2025-05-12 16:47:10.303595,Città della Scienza,52.8,2.016273,11.155859,0.6133046,1.5531446,EU EEA Common AQI,78.2,1.9414307,10.095897,7200,0.4,100,100,64.0,0.34285712,Very Low,78.0,1.4321953,100,1747068300,Very Low,0.49064368,2.5658896,Very Low,1.2194304,59.4,1.8857143,100,1747068300,0.42857143
2025-05-12T16:47:21Z,0,29.857,74.2,56,67.9,12,12,238,72,0.0,255,32767,0.0,2127-15-31,0.0,0.16,26.24,0.0,0.0,0.0,0,4.828125,6,45,05:48,20:11,2025-05-12 16:47:21.376601,Città della Scienza,52.8,2.016273,11.155859,0.6133046,1.5531446,EU EEA Common AQI,78.2,1.9414307,10.095897,7200,0.4,100,100,64.0,0.34285712,Very Low,78.0,1.4321953,100,1747068300,Very Low,0.49064368,2.5658896,Very Low,1.2194304,59.4,1.8857143,100,1747068300,0.42857143
2025-05-12T16:47:32Z,0,29.857,74.2,56,67.9,15,12,241,72,0.0,255,32767,0.0,2127-15-31,0.0,0.16,26.24,0.0,0.0,0.0,0,4.828125,6,45,05:48,20:11,2025-05-12 16:47:32.427593,Città della Scienza,52.8,2.016273,11.155859,0.6133046,1.5531446,EU EEA Common AQI,78.2,1.9414307,10.095897,7200,0.4,100,100,64.0,0.34285712,Very Low,78.0,1.4321953,100,1747068300,Very Low,0.49064368,2.5658896,Very Low,1.2194304,59.4,1.8857143,100,1747068300,0.42857143
2025-05-12T16:47:43Z,0,29.858,74.1,56,67.9,13,12,254,72,0.0,255,32767,0.0,2127-15-31,0.0,0.16,26.24,0.0,0.0,0.0,0,4.828125,6,45,05:48,20:11,2025-05-12 16:47:43.518597,Città della Scienza,52.8,2.016273,11.155859,0.6133046,1.5531446,EU EEA Common AQI,78.2,1.9414307,10.095897,7200,0.4,100,100,64.0,0.34285712,Very Low,78.0,1.4321953,100,1747068300,Very Low,0.49064368,2.5658896,Very Low,1.2194304,59.4,1.8857143,100,1747068300,0.42857143
2025-05-12T16:47:54Z,0,29.858,74.1,56,67.8,17,12,250,71,0.0,255,32767,0.0,2127-15-31,0.0,0.16,26.24,0.0,0.0,0.0,0,4.828125,6,45,05:48,20:11,2025-05-12 16:47:54.621555,Città della Scienza,52.8,2.016273,11.155859,0.6133046,1.5531446,EU EEA Common AQI,78.2,1.9414307,10.095897,7200,0.4,100,100,64.0,0.34285712,Very Low,78.0,1.4321953,100,1747068300,Very Low,0.49064368,2.5658896,Very Low,1.2194304,59.4,1.8857143,100,1747068300,0.42857143
2025-05-12T16:48:05Z,0,29.858,74.1,56,67.8,16,12,254,71,0.0,255,32767,0.0,2127-15-31,0.0,0.16,26.24,0.0,0.0,0.0,0,4.828125,6,45,05:48,20:11,2025-05-12 16:48:05.686620,Città della Scienza,52.8,2.016273,11.155859,0.6133046,1.5531446,EU EEA Common AQI,78.2,1.9414307,10.095897,7200,0.4,100,100,64.0,0.34285712,Very Low,78.0,1.4321953,100,1747068300,Very Low,0.49064368,2.5658896,Very Low,1.2194304,59.4,1.8857143,100,1747068300,0.42857143
2025-05-12T16:48:16Z,0,29.858,74.1,56,67.8,18,12,242,71,0.0,255,32767,0.0,2127-15-31,0.0,0.16,26.24,0.0,0.0,0.0,0,4.828125,6,45,05:48,20:11,2025-05-12 16:48:16.710604,Città della Scienza,52.8,2.016273,11.155859,0.6133046,1.5531446,EU EEA Common AQI,78.2,1.9414307,10.095897,7200,0.4,100,100,64.0,0.34285712,Very Low,78.0,1.4321953,100,1747068300,Very Low,0.49064368,2.5658896,Very Low,1.2194304,59.4,1.8857143,100,1747068300,0.42857143
2025-05-12T16:48:27Z,0,29.858,74.1,56,67.8,15,12,243,71,0.0,255,32767,0.0,2127-15-31,0.0,0.16,26.24,0.0,0.0,0.0,0,4.828125,6,45,05:48,20:11,2025-05-12 16:48:27.779596,Città della Scienza,52.8,2.016273,11.155859,0.6133046,1.5531446,EU EEA Common AQI,78.2,1.9414307,10.095897,7200,0.4,100,100,64.0,0.34285712,Very Low,78.0,1.4321953,100,1747068300,Very Low,0.49064368,2.5658896,Very Low,1.2194304,59.4,1.8857143,100,1747068300,0.42857143
2025-05-12T16:48:39Z,0,29.855,74.1,56,67.7,13,13,236,71,0.0,255,32767,0.0,2127-15-31,0.0,0.16,26.24,0.0,0.0,0.0,0,4.828125,6,45,05:48,20:11,2025-05-12 16:48:38.853589,Città della Scienza,52.8,2.016273,11.155859,0.6133046,1.5531446,EU EEA Common AQI,78.2,1.9414307,10.095897,7200,0.4,100,100,64.0,0.34285712,Very Low,78.0,1.4321953,100,1747068300,Very Low,0.49064368,2.5658896,Very Low,1.2194304,59.4,1.8857143,100,1747068300,0.42857143
2025-05-12T16:48:50Z,0,29.855,74.1,56,67.7,13,13,249,72,0.0,255,32767,0.0,2127-15-31,0.0,0.16,26.24,0.0,0.0,0.0,0,4.828125,6,45,05:48,20:11,2025-05-12 16:48:49.978595,Città della Scienza,52.8,2.016273,11.155859,0.6133046,1.5531446,EU EEA Common AQI,78.2,1.9414307,10.095897,7200,0.4,100,100,64.0,0.34285712,Very Low,78.0,1.4321953,100,1747068300,Very Low,0.49064368,2.5658896,Very Low,1.2194304,59.4,1.8857143,100,1747068300,0.42857143
2025-05-12T16:49:01Z,0,29.855,74.1,56,67.7,14,13,253,72,0.0,255,32767,0.0,2127-15-31,0.0,0.16,26.24,0.0,0.0,0.0,0,4.828125,6,45,05:48,20:11,2025-05-12 16:49:01.050602,Città della Scienza,52.8,2.016273,11.155859,0.6133046,1.5531446,EU EEA Common AQI,78.2,1.9414307,10.095897,7200,0.4,100,100,64.0,0.34285712,Very Low,78.0,1.4321953,100,1747068300,Very Low,0.49064368,2.5658896,Very Low,1.2194304,59.4,1.8857143,100,1747068300,0.42857143
2025-05-12T16:49:12Z,0,29.855,74.1,56,67.7,14,13,242,72,0.0,255,32767,0.0,2127-15-31,0.0,0.16,26.24,0.0,0.0,0.0,0,4.828125,6,45,05:48,20:11,2025-05-12 16:49:12.105601,Città della Scienza,52.8,2.016273,11.155859,0.6133046,1.5531446,EU EEA Common AQI,78.2,1.9414307,10.095897,7200,0.4,100,100,64.0,0.34285712,Very Low,78.0,1.4321953,100,1747068300,Very Low,0.49064368,2.5658896,Very Low,1.2194304,59.4,1.8857143,100,1747068300,0.42857143
2025-05-12T16:49:23Z,0,29.855,74.1,56,67.7,12,13,248,72,0.0,255,32767,0.0,2127-15-31,0.0,0.16,26.24,0.0,0.0,0.0,0,4.828125,6,45,05:48,20:11,2025-05-12 16:49:23.194128,Città della Scienza,52.8,2.016273,11.155859,0.6133046,1.5531446,EU EEA Common AQI,78.2,1.9414307,10.095897,7200,0.4,100,100,64.0,0.34285712,Very Low,78.0,1.4321953,100,1747068300,Very Low,0.49064368,2.5658896,Very Low,1.2194304,59.4,1.8857143,100,1747068300,0.42857143
2025-05-12T16:49:34Z,0,29.856,74.1,56,67.7,10,13,235,72,0.0,255,32767,0.0,2127-15-31,0.0,0.16,26.24,0.0,0.0,0.0,0,4.828125,6,45,05:48,20:11,2025-05-12 16:49:34.289600,Città della Scienza,52.8,2.016273,11.155859,0.6133046,1.5531446,EU EEA Common AQI,78.2,1.9414307,10.095897,7200,0.4,100,100,64.0,0.34285712,Very Low,78.0,1.4321953,100,1747068300,Very Low,0.49064368,2.5658896,Very Low,1.2194304,59.4,1.8857143,100,1747068300,0.42857143
2025-05-12T16:49:45Z,0,29.856,74.1,56,67.7,12,13,255,73,0.0,255,32767,0.0,2127-15-31,0.0,0.16,26.24,0.0,0.0,0.0,0,4.828125,6,45,05:48,20:11,2025-05-12 16:49:45.343595,Città della Scienza,52.8,2.016273,11.155859,0.6133046,1.5531446,EU EEA Common AQI,78.2,1.9414307,10.095897,7200,0.4,100,100,64.0,0.34285712,Very Low,78.0,1.4321953,100,1747068300,Very Low,0.49064368,2.5658896,Very Low,1.2194304,59.4,1.8857143,100,1747068300,0.42857143
2025-05-12T16:49:56Z,0,29.856,74.1,56,67.7,10,13,237,73,0.0,255,32767,0.0,2127-15-31,0.0,0.16,26.24,0.0,0.0,0.0,0,4.828125,6,45,05:48,20:11,2025-05-12 16:49:56.400605,Città della Scienza,52.8,2.016273,11.155859,0.6133046,1.5531446,EU EEA Common AQI,78.2,1.9414307,10.095897,7200,0.4,100,100,64.0,0.34285712,Very Low,78.0,1.4321953,100,1747068300,Very Low,0.49064368,2.5658896,Very Low,1.2194304,59.4,1.8857143,100,1747068300,0.42857143
2025-05-12T16:50:07Z,0,29.856,74.1,56,67.7,12,13,279,73,0.0,255,32767,0.0,2127-15-31,0.0,0.16,26.24,0.0,0.0,0.0,0,4.828125,6,45,05:48,20:11,2025-05-12 16:50:07.453606,Città della Scienza,52.8,2.016273,11.155859,0.6133046,1.5531446,EU EEA Common AQI,78.2,1.9414307,10.095897,7200,0.4,100,100,64.0,0.34285712,Very Low,78.0,1.4321953,100,1747068300,Very Low,0.49064368,2.5658896,Very Low,1.2194304,59.4,1.8857143,100,1747068300,0.42857143
2025-05-12T16:50:18Z,0,29.856,74.1,56,67.7,8,13,241,73,0.0,255,32767,0.0,2127-15-31,0.0,0.16,26.24,0.0,0.0,0.0,0,4.828125,6,45,05:48,20:11,2025-05-12 16:50:18.548595,Città della Scienza,52.8,2.016273,11.155859,0.6133046,1.5531446,EU EEA Common AQI,78.2,1.9414307,10.095897,7200,0.4,100,100,64.0,0.34285712,Very Low,78.0,1.4321953,100,1747068300,Very Low,0.49064368,2.5658896,Very Low,1.2194304,59.4,1.8857143,100,1747068300,0.42857143
2025-05-12T16:50:29Z,0,29.856,74.1,56,67.7,10,13,262,73,0.0,255,32767,0.0,2127-15-31,0.0,0.16,26.24,0.0,0.0,0.0,0,4.828125,6,45,05:48,20:11,2025-05-12 16:50:29.642594,Città della Scienza,52.8,2.016273,11.155859,0.6133046,1.5531446,EU EEA Common AQI,78.2,1.9414307,10.095897,7200,0.4,100,100,64.0,0.34285712,Very Low,78.0,1.4321953,100,1747068300,Very Low,0.49064368,2.5658896,Very Low,1.2194304,59.4,1.8857143,100,1747068300,0.42857143
2025-05-12T16:50:40Z,0,29.857,74.1,56,67.7,10,13,263,73,0.0,255,32767,0.0,2127-15-31,0.0,0.16,26.24,0.0,0.0,0.0,0,4.828125,6,45,05:48,20:11,2025-05-12 16:50:40.690602,Città della Scienza,52.8,2.016273,11.155859,0.6133046,1.5531446,EU EEA Common AQI,78.2,1.9414307,10.095897,7200,0.4,100,100,64.0,0.34285712,Very Low,78.0,1.4321953,100,1747068300,Very Low,0.49064368,2.5658896,Very Low,1.2194304,59.4,1.8857143,100,1747068300,0.42857143
2025-05-12T16:50:51Z,0,29.857,74.1,56,67.7,12,13,256,73,0.0,255,32767,0.0,2127-15-31,0.0,0.16,26.24,0.0,0.0,0.0,0,4.828125,6,45,05:48,20:11,2025-05-12 16:50:51.772604,Città della Scienza,52.8,2.016273,11.155859,0.6133046,1.5531446,EU EEA Common AQI,78.2,1.9414307,10.095897,7200,0.4,100,100,64.0,0.34285712,Very Low,78.0,1.4321953,100,1747068300,Very Low,0.49064368,2.5658896,Very Low,1.2194304,59.4,1.8857143,100,1747068300,0.42857143
2025-05-12T16:51:03Z,0,29.857,74.1,56,67.7,12,13,260,73,0.0,255,32767,0.0,2127-15-31,0.0,0.16,26.24,0.0,0.0,0.0,0,4.828125,6,45,05:48,20:11,2025-05-12 16:51:02.865598,Città della Scienza,52.8,2.016273,11.155859,0.6133046,1.5531446,EU EEA Common AQI,78.2,1.9414307,10.095897,7200,0.4,100,100,64.0,0.34285712,Very Low,78.0,1.4321953,100,1747068300,Very Low,0.49064368,2.5658896,Very Low,1.2194304,59.4,1.8857143,100,1747068300,0.42857143
2025-05-12T16:51:14Z,0,29.857,74.1,56,67.7,11,13,239,73,0.0,255,32767,0.0,2127-15-31,0.0,0.16,26.24,0.0,0.0,0.0,0,4.828125,6,45,05:48,20:11,2025-05-12 16:51:13.959594,Città della Scienza,52.8,2.016273,11.155859,0.6133046,1.5531446,EU EEA Common AQI,78.2,1.9414307,10.095897,7200,0.4,100,100,64.0,0.34285712,Very Low,78.0,1.4321953,100,1747068300,Very Low,0.49064368,2.5658896,Very Low,1.2194304,59.4,1.8857143,100,1747068300,0.42857143
2025-05-12T16:51:25Z,0,29.857,74.1,56,67.8,15,13,245,73,0.0,255,32767,0.0,2127-15-31,0.0,0.16,26.24,0.0,0.0,0.0,0,4.828125,6,45,05:48,20:11,2025-05-12 16:51:25.009595,Città della Scienza,52.8,2.016273,11.155859,0.6133046,1.5531446,EU EEA Common AQI,78.2,1.9414307,10.095897,7200,0.4,100,100,64.0,0.34285712,Very Low,78.0,1.4321953,100,1747068300,Very Low,0.49064368,2.5658896,Very Low,1.2194304,59.4,1.8857143,100,1747068300,0.42857143
2025-05-12T16:51:36Z,0,29.858,74.1,56,67.8,12,12,247,73,0.0,255,32767,0.0,2127-15-31,0.0,0.16,26.24,0.0,0.0,0.0,0,4.828125,6,45,05:48,20:11,2025-05-12 16:51:36.066605,Città della Scienza,52.8,2.016273,11.155859,0.6133046,1.5531446,EU EEA Common AQI,78.2,1.9414307,10.095897,7200,0.4,100,100,64.0,0.34285712,Very Low,78.0,1.4321953,100,1747068300,Very Low,0.49064368,2.5658896,Very Low,1.2194304,59.4,1.8857143,100,1747068300,0.42857143
2025-05-12T16:51:47Z,0,29.858,74.1,56,67.8,12,12,246,73,0.0,255,32767,0.0,2127-15-31,0.0,0.16,26.24,0.0,0.0,0.0,0,4.828125,6,45,05:48,20:11,2025-05-12 16:51:47.148604,Città della Scienza,52.8,2.016273,11.155859,0.6133046,1.5531446,EU EEA Common AQI,78.2,1.9414307,10.095897,7200,0.4,100,100,64.0,0.34285712,Very Low,78.0,1.4321953,100,1747068300,Very Low,0.49064368,2.5658896,Very Low,1.2194304,59.4,1.8857143,100,1747068300,0.42857143
2025-05-12T16:51:58Z,0,29.858,74.1,56,67.7,9,12,256,73,0.0,255,32767,0.0,2127-15-31,0.0,0.16,26.24,0.0,0.0,0.0,0,4.828125,6,45,05:48,20:11,2025-05-12 16:51:58.266594,Città della Scienza,52.8,2.016273,11.155859,0.6133046,1.5531446,EU EEA Common AQI,78.2,1.9414307,10.095897,7200,0.4,100,100,64.0,0.34285712,Very Low,78.0,1.4321953,100,1747068300,Very Low,0.49064368,2.5658896,Very Low,1.2194304,59.4,1.8857143,100,1747068300,0.42857143
2025-05-12T16:52:09Z,0,29.858,74.1,56,67.8,8,12,254,73,0.0,255,32767,0.0,2127-15-31,0.0,0.16,26.24,0.0,0.0,0.0,0,4.828125,6,45,05:48,20:11,2025-05-12 16:52:09.327593,Città della Scienza,52.8,2.016273,11.155859,0.6133046,1.5531446,EU EEA Common AQI,78.2,1.9414307,10.095897,7200,0.4,100,100,64.0,0.34285712,Very Low,78.0,1.4321953,100,1747068300,Very Low,0.49064368,2.5658896,Very Low,1.2194304,59.4,1.8857143,100,1747068300,0.42857143
2025-05-12T16:52:20Z,0,29.858,74.1,56,67.8,8,12,263,73,0.0,255,32767,0.0,2127-15-31,0.0,0.16,26.24,0.0,0.0,0.0,0,4.828125,6,45,05:48,20:11,2025-05-12 16:52:20.395585,Città della Scienza,52.8,2.016273,11.155859,0.6133046,1.5531446,EU EEA Common AQI,78.2,1.9414307,10.095897,7200,0.4,100,100,64.0,0.34285712,Very Low,78.0,1.4321953,100,1747068300,Very Low,0.49064368,2.5658896,Very Low,1.2194304,59.4,1.8857143,100,1747068300,0.42857143
2025-05-12T16:52:31Z,0,29.858,74.1,56,67.8,9,12,249,73,0.0,255,32767,0.0,2127-15-31,0.0,0.16,26.24,0.0,0.0,0.0,0,4.828125,6,45,05:48,20:11,2025-05-12 16:52:31.492604,Città della Scienza,52.8,2.016273,11.155859,0.6133046,1.5531446,EU EEA Common AQI,78.2,1.9414307,10.095897,7200,0.4,100,100,64.0,0.34285712,Very Low,78.0,1.4321953,100,1747068300,Very Low,0.49064368,2.5658896,Very Low,1.2194304,59.4,1.8857143,100,1747068300,0.42857143
2025-05-12T16:52:42Z,0,29.859,74.1,56,67.8,9,12,250,73,0.0,255,32767,0.0,2127-15-31,0.0,0.16,26.24,0.0,0.0,0.0,0,4.828125,6,45,05:48,20:11,2025-05-12 16:52:42.585592,Città della Scienza,52.8,2.016273,11.155859,0.6133046,1.5531446,EU EEA Common AQI,78.2,1.9414307,10.095897,7200,0.4,100,100,64.0,0.34285712,Very Low,78.0,1.4321953,100,1747068300,Very Low,0.49064368,2.5658896,Very Low,1.2194304,59.4,1.8857143,100,1747068300,0.42857143
2025-05-12T16:52:53Z,0,29.859,74.1,56,67.8,12,12,240,73,0.0,255,32767,0.0,2127-15-31,0.0,0.16,26.24,0.0,0.0,0.0,0,4.828125,6,45,05:48,20:11,2025-05-12 16:52:53.682599,Città della Scienza,52.8,2.016273,11.155859,0.6133046,1.5531446,EU EEA Common AQI,78.2,1.9414307,10.095897,7200,0.4,100,100,64.0,0.34285712,Very Low,78.0,1.4321953,100,1747068300,Very Low,0.49064368,2.5658896,Very Low,1.2194304,59.4,1.8857143,100,1747068300,0.42857143
2025-05-12T16:53:05Z,0,29.859,74.1,56,67.8,9,12,251,73,0.0,255,32767,0.0,2127-15-31,0.0,0.16,26.24,0.0,0.0,0.0,0,4.828125,6,45,05:48,20:11,2025-05-12 16:53:04.830551,Città della Scienza,52.8,2.016273,11.155859,0.6133046,1.5531446,EU EEA Common AQI,78.2,1.9414307,10.095897,7200,0.4,100,100,64.0,0.34285712,Very Low,78.0,1.4321953,100,1747068300,Very Low,0.49064368,2.5658896,Very Low,1.2194304,59.4,1.8857143,100,1747068300,0.42857143
2025-05-12T16:53:16Z,0,29.859,74.1,56,67.8,13,12,238,73,0.0,255,32767,0.0,2127-15-31,0.0,0.16,26.24,0.0,0.0,0.0,0,4.828125,6,45,05:48,20:11,2025-05-12 16:53:15.914593,Città della Scienza,52.8,2.016273,11.155859,0.6133046,1.5531446,EU EEA Common AQI,78.2,1.9414307,10.095897,7200,0.4,100,100,64.0,0.34285712,Very Low,78.0,1.4321953,100,1747068300,Very Low,0.49064368,2.5658896,Very Low,1.2194304,59.4,1.8857143,100,1747068300,0.42857143
2025-05-12T16:53:27Z,0,29.859,74.1,56,67.8,12,12,255,73,0.0,255,32767,0.0,2127-15-31,0.0,0.16,26.24,0.0,0.0,0.0,0,4.828125,6,45,05:48,20:11,2025-05-12 16:53:27.008597,Città della Scienza,52.8,2.016273,11.155859,0.6133046,1.5531446,EU EEA Common AQI,78.2,1.9414307,10.095897,7200,0.4,100,100,64.0,0.34285712,Very Low,78.0,1.4321953,100,1747068300,Very Low,0.49064368,2.5658896,Very Low,1.2194304,59.4,1.8857143,100,1747068300,0.42857143
2025-05-12T16:53:38Z,0,29.861,74.0,56,67.8,10,12,237,73,0.0,255,32767,0.0,2127-15-31,0.0,0.16,26.24,0.0,0.0,0.0,0,4.828125,6,45,05:48,20:11,2025-05-12 16:53:38.109608,Città della Scienza,52.8,2.016273,11.155859,0.6133046,1.5531446,EU EEA Common AQI,78.2,1.9414307,10.095897,7200,0.4,100,100,64.0,0.34285712,Very Low,78.0,1.4321953,100,1747068300,Very Low,0.49064368,2.5658896,Very Low,1.2194304,59.4,1.8857143,100,1747068300,0.42857143
2025-05-12T16:53:49Z,0,29.861,74.0,56,67.8,13,12,250,73,0.0,255,32767,0.0,2127-15-31,0.0,0.16,26.24,0.0,0.0,0.0,0,4.828125,6,45,05:48,20:11,2025-05-12 16:53:49.212581,Città della Scienza,52.8,2.016273,11.155859,0.6133046,1.5531446,EU EEA Common AQI,78.2,1.9414307,10.095897,7200,0.4,100,100,64.0,0.34285712,Very Low,78.0,1.4321953,100,1747068300,Very Low,0.49064368,2.5658896,Very Low,1.2194304,59.4,1.8857143,100,1747068300,0.42857143
2025-05-12T16:54:00Z,0,29.861,74.0,56,67.7,11,12,259,73,0.0,255,32767,0.0,2127-15-31,0.0,0.16,26.24,0.0,0.0,0.0,0,4.828125,6,45,05:48,20:11,2025-05-12 16:54:00.285600,Città della Scienza,52.8,2.016273,11.155859,0.6133046,1.5531446,EU EEA Common AQI,78.2,1.9414307,10.095897,7200,0.4,100,100,64.0,0.34285712,Very Low,78.0,1.4321953,100,1747068300,Very Low,0.49064368,2.5658896,Very Low,1.2194304,59.4,1.8857143,100,1747068300,0.42857143
2025-05-12T16:54:11Z,0,29.861,74.0,56,67.7,10,12,248,73,0.0,255,32767,0.0,2127-15-31,0.0,0.16,26.24,0.0,0.0,0.0,0,4.828125,6,45,05:48,20:11,2025-05-12 16:54:11.338590,Città della Scienza,52.8,2.016273,11.155859,0.6133046,1.5531446,EU EEA Common AQI,78.2,1.9414307,10.095897,7200,0.4,100,100,64.0,0.34285712,Very Low,78.0,1.4321953,100,1747068300,Very Low,0.49064368,2.5658896,Very Low,1.2194304,59.4,1.8857143,100,1747068300,0.42857143
2025-05-12T16:54:22Z,0,29.861,74.0,56,67.7,14,12,226,73,0.0,255,32767,0.0,2127-15-31,0.0,0.16,26.24,0.0,0.0,0.0,0,4.828125,6,45,05:48,20:11,2025-05-12 16:54:22.437595,Città della Scienza,52.8,2.016273,11.155859,0.6133046,1.5531446,EU EEA Common AQI,78.2,1.9414307,10.095897,7200,0.4,100,100,64.0,0.34285712,Very Low,78.0,1.4321953,100,1747068300,Very Low,0.49064368,2.5658896,Very Low,1.2194304,59.4,1.8857143,100,1747068300,0.42857143
2025-05-12T16:54:33Z,0,29.861,74.0,56,67.7,11,12,246,73,0.0,255,32767,0.0,2127-15-31,0.0,0.16,26.24,0.0,0.0,0.0,0,4.828125,6,45,05:48,20:11,2025-05-12 16:54:33.642596,Città della Scienza,52.8,2.016273,11.155859,0.6133046,1.5531446,EU EEA Common AQI,78.2,1.9414307,10.095897,7200,0.4,100,100,64.0,0.34285712,Very Low,78.0,1.4321953,100,1747068300,Very Low,0.49064368,2.5658896,Very Low,1.2194304,59.4,1.8857143,100,1747068300,0.42857143
2025-05-12T16:54:44Z,0,29.861,74.0,56,67.7,12,12,244,73,0.0,255,32767,0.0,2127-15-31,0.0,0.16,26.24,0.0,0.0,0.0,0,4.828125,6,45,05:48,20:11,2025-05-12 16:54:44.745598,Città della Scienza,52.8,2.016273,11.155859,0.6133046,1.5531446,EU EEA Common AQI,78.2,1.9414307,10.095897,7200,0.4,100,100,64.0,0.34285712,Very Low,78.0,1.4321953,100,1747068300,Very Low,0.49064368,2.5658896,Very Low,1.2194304,59.4,1.8857143,100,1747068300,0.42857143
2025-05-12T16:54:56Z,0,29.861,74.0,56,67.7,13,12,238,73,0.0,255,32767,0.0,2127-15-31,0.0,0.16,26.24,0.0,0.0,0.0,0,4.828125,6,45,05:48,20:11,2025-05-12 16:54:55.836591,Città della Scienza,52.8,2.016273,11.155859,0.6133046,1.5531446,EU EEA Common AQI,78.2,1.9414307,10.095897,7200,0.4,100,100,64.0,0.34285712,Very Low,78.0,1.4321953,100,1747068300,Very Low,0.49064368,2.5658896,Very Low,1.2194304,59.4,1.8857143,100,1747068300,0.42857143
2025-05-12T16:55:07Z,0,29.861,74.0,56,67.7,12,12,260,73,0.0,255,32767,0.0,2127-15-31,0.0,0.16,26.24,0.0,0.0,0.0,0,4.828125,6,45,05:48,20:11,2025-05-12 16:55:06.915603,Città della Scienza,52.8,2.016273,11.155859,0.6133046,1.5531446,EU EEA Common AQI,78.2,1.9414307,10.095897,7200,0.4,100,100,64.0,0.34285712,Very Low,78.0,1.4321953,100,1747068300,Very Low,0.49064368,2.5658896,Very Low,1.2194304,59.4,1.8857143,100,1747068300,0.42857143
2025-05-12T16:55:18Z,0,29.861,74.0,56,67.7,8,12,259,73,0.0,255,32767,0.0,2127-15-31,0.0,0.16,26.24,0.0,0.0,0.0,0,4.828125,6,45,05:48,20:11,2025-05-12 16:55:18.020595,Città della Scienza,52.8,2.016273,11.155859,0.6133046,1.5531446,EU EEA Common AQI,78.2,1.9414307,10.095897,7200,0.4,100,100,64.0,0.34285712,Very Low,78.0,1.4321953,100,1747068300,Very Low,0.49064368,2.5658896,Very Low,1.2194304,59.4,1.8857143,100,1747068300,0.42857143
2025-05-12T16:55:29Z,0,29.861,74.0,56,67.7,11,12,249,73,0.0,255,32767,0.0,2127-15-31,0.0,0.16,26.24,0.0,0.0,0.0,0,4.828125,6,45,05:48,20:11,2025-05-12 16:55:29.106603,Città della Scienza,52.8,2.016273,11.155859,0.6133046,1.5531446,EU EEA Common AQI,78.2,1.9414307,10.095897,7200,0.4,100,100,64.0,0.34285712,Very Low,78.0,1.4321953,100,1747068300,Very Low,0.49064368,2.5658896,Very Low,1.2194304,59.4,1.8857143,100,1747068300,0.42857143
2025-05-12T16:55:40Z,0,29.859,74.0,56,67.7,10,12,255,73,0.0,255,32767,0.0,2127-15-31,0.0,0.16,26.24,0.0,0.0,0.0,0,4.828125,6,45,05:48,20:11,2025-05-12 16:55:40.324593,Città della Scienza,52.8,2.016273,11.155859,0.6133046,1.5531446,EU EEA Common AQI,78.2,1.9414307,10.095897,7200,0.4,100,100,64.0,0.34285712,Very Low,78.0,1.4321953,100,1747068300,Very Low,0.49064368,2.5658896,Very Low,1.2194304,59.4,1.8857143,100,1747068300,0.42857143
2025-05-12T16:55:51Z,0,29.859,74.0,56,67.7,11,12,259,73,0.0,255,32767,0.0,2127-15-31,0.0,0.16,26.24,0.0,0.0,0.0,0,4.828125,6,45,05:48,20:11,2025-05-12 16:55:51.400604,Città della Scienza,52.8,2.016273,11.155859,0.6133046,1.5531446,EU EEA Common AQI,78.2,1.9414307,10.095897,7200,0.4,100,100,64.0,0.34285712,Very Low,78.0,1.4321953,100,1747068300,Very Low,0.49064368,2.5658896,Very Low,1.2194304,59.4,1.8857143,100,1747068300,0.42857143
2025-05-12T16:56:02Z,0,29.859,74.0,56,67.7,9,12,235,73,0.0,255,32767,0.0,2127-15-31,0.0,0.16,26.24,0.0,0.0,0.0,0,4.828125,6,45,05:48,20:11,2025-05-12 16:56:02.507599,Città della Scienza,52.8,2.016273,11.155859,0.6133046,1.5531446,EU EEA Common AQI,78.2,1.9414307,10.095897,7200,0.4,100,100,64.0,0.34285712,Very Low,78.0,1.4321953,100,1747068300,Very Low,0.49064368,2.5658896,Very Low,1.2194304,59.4,1.8857143,100,1747068300,0.42857143
2025-05-12T16:56:13Z,0,29.859,74.0,56,67.7,9,12,254,73,0.0,255,32767,0.0,2127-15-31,0.0,0.16,26.24,0.0,0.0,0.0,0,4.828125,6,45,05:48,20:11,2025-05-12 16:56:13.626599,Città della Scienza
2025-05-12T16:56:24Z,0,29.859,74.0,56,67.7,11,12,240,73,0.0,255,32767,0.0,2127-15-31,0.0,0.16,26.24,0.0,0.0,0.0,0,4.828125,6,45,05:48,20:11,2025-05-12 16:56:24.768591,Città della Scienza
2025-05-12T16:56:36Z,0,29.863,74.0,56,67.7,11,12,246,73,0.0,255,32767,0.0,2127-15-31,0.0,0.16,26.24,0.0,0.0,0.0,0,4.828125,6,45,05:48,20:11,2025-05-12 16:56:35.821605,Città della Scienza
2025-05-12T16:56:47Z,0,29.863,74.0,56,67.7,10,12,252,73,0.0,255,32767,0.0,2127-15-31,0.0,0.16,26.24,0.0,0.0,0.0,0,4.828125,6,45,05:48,20:11,2025-05-12 16:56:46.905598,Città della Scienza
2025-05-12T16:56:58Z,0,29.863,74.0,56,67.8,11,12,250,73,0.0,255,32767,0.0,2127-15-31,0.0,0.16,26.24,0.0,0.0,0.0,0,4.828125,6,45,05:48,20:11,2025-05-12 16:56:57.932596,Città della Scienza
2025-05-12T16:57:09Z,0,29.863,74.0,56,67.7,9,12,242,73,0.0,255,32767,0.0,2127-15-31,0.0,0.16,26.24,0.0,0.0,0.0,0,4.828125,6,45,05:48,20:11,2025-05-12 16:57:09.024586,Città della Scienza
2025-05-12T16:57:20Z,0,29.863,74.0,56,67.7,14,12,244,73,0.0,255,32767,0.0,2127-15-31,0.0,0.16,26.24,0.0,0.0,0.0,0,4.828125,6,45,05:48,20:11,2025-05-12 16:57:20.130595,Città della Scienza
2025-05-12T16:57:31Z,0,29.863,74.0,56,67.8,11,12,242,73,0.0,255,32767,0.0,2127-15-31,0.0,0.16,26.24,0.0,0.0,0.0,0,4.828125,6,45,05:48,20:11,2025-05-12 16:57:31.228577,Città della Scienza
2025-05-12T16:57:42Z,0,29.863,74.0,57,67.8,10,12,246,73,0.0,255,32767,0.0,2127-15-31,0.0,0.16,26.24,0.0,0.0,0.0,0,4.828125,6,45,05:48,20:11,2025-05-12 16:57:42.307589,Città della Scienza
2025-05-12T16:57:53Z,0,29.863,74.0,57,67.7,13,12,238,73,0.0,255,32767,0.0,2127-15-31,0.0,0.16,26.24,0.0,0.0,0.0,0,4.828125,6,45,05:48,20:11,2025-05-12 16:57:53.380594,Città della Scienza
2025-05-12T16:58:04Z,0,29.863,74.0,57,67.7,13,12,259,73,0.0,255,32767,0.0,2127-15-31,0.0,0.16,26.24,0.0,0.0,0.0,0,4.828125,6,45,05:48,20:11,2025-05-12 16:58:04.437045,Città della Scienza
2025-05-12T16:58:15Z,0,29.863,74.0,57,67.8,14,12,236,73,0.0,255,32767,0.0,2127-15-31,0.0,0.16,26.24,0.0,0.0,0.0,0,4.828125,6,45,05:48,20:11,2025-05-12 16:58:15.494601,Città della Scienza
2025-05-12T16:58:26Z,0,29.863,74.0,57,67.8,13,12,269,73,0.0,255,32767,0.0,2127-15-31,0.0,0.16,26.24,0.0,0.0,0.0,0,4.828125,6,45,05:48,20:11,2025-05-12 16:58:26.574590,Città della Scienza
2025-05-12T16:58:37Z,0,29.861,74.0,57,67.8,12,11,253,73,0.0,255,32767,0.0,2127-15-31,0.0,0.16,26.24,0.0,0.0,0.0,0,4.828125,6,45,05:48,20:11,2025-05-12 16:58:37.612607,Città della Scienza
2025-05-12T16:58:48Z,0,29.861,74.0,57,67.7,12,11,242,73,0.0,255,32767,0.0,2127-15-31,0.0,0.16,26.24,0.0,0.0,0.0,0,4.828125,6,45,05:48,20:11,2025-05-12 16:58:48.669588,Città della Scienza
2025-05-12T16:58:59Z,0,29.861,74.0,57,67.7,12,11,240,73,0.0,255,32767,0.0,2127-15-31,0.0,0.16,26.24,0.0,0.0,0.0,0,4.828125,6,45,05:48,20:11,2025-05-12 16:58:59.719608,Città della Scienza
2025-05-12T16:59:10Z,0,29.861,74.0,57,67.7,9,11,230,73,0.0,255,32767,0.0,2127-15-31,0.0,0.16,26.24,0.0,0.0,0.0,0,4.828125,6,45,05:48,20:11,2025-05-12 16:59:10.793594,Città della Scienza
2025-05-12T16:59:22Z,0,29.861,74.0,57,67.7,7,11,261,73,0.0,255,32767,0.0,2127-15-31,0.0,0.16,26.24,0.0,0.0,0.0,0,4.828125,6,45,05:48,20:11,2025-05-12 16:59:21.834612,Città della Scienza
2025-05-12T16:59:33Z,0,29.861,74.0,57,67.7,13,11,243,73,0.0,255,32767,0.0,2127-15-31,0.0,0.16,26.24,0.0,0.0,0.0,0,4.828125,6,45,05:48,20:11,2025-05-12 16:59:32.881611,Città della Scienza
2025-05-12T16:59:44Z,0,29.863,74.0,57,67.7,13,11,250,73,0.0,255,32767,0.0,2127-15-31,0.0,0.16,26.24,0.0,0.0,0.0,0,4.828125,6,45,05:48,20:11,2025-05-12 16:59:43.931595,Città della Scienza
2025-05-12T16:59:55Z,0,29.863,74.0,57,67.6,11,11,233,73,0.0,255,32767,0.0,2127-15-31,0.0,0.16,26.24,0.0,0.0,0.0,0,4.828125,6,45,05:48,20:11,2025-05-12 16:59:54.950589,Città della Scienza
2025-05-12T17:00:06Z,0,29.863,74.0,57,67.6,12,11,233,73,0.0,255,32767,0.0,2127-15-31,0.0,0.16,26.24,0.0,0.0,0.0,0,4.828125,6,45,05:48,20:11,2025-05-12 17:00:05.992659,Città della Scienza,52.8,2.016273,11.155859,0.6133046,1.5531446,EU EEA Common AQI,78.2,1.9414307,10.095897,7200,0.4,100,100,64.0,0.34285712,Very Low,78.0,1.4321953,100,1747068300,Very Low,0.49064368,2.5658896,Very Low,1.2194304,59.4,1.8857143,100,1747068300,0.42857143
2025-05-12T17:00:17Z,0,29.863,74.0,57,67.6,14,11,244,73,0.0,255,32767,0.0,2127-15-31,0.0,0.16,26.24,0.0,0.0,0.0,0,4.828125,6,45,05:48,20:11,2025-05-12 17:00:17.065597,Città della Scienza,52.8,2.016273,11.155859,0.6133046,1.5531446,EU EEA Common AQI,78.2,1.9414307,10.095897,7200,0.4,100,100,64.0,0.34285712,Very Low,78.0,1.4321953,100,1747068300,Very Low,0.49064368,2.5658896,Very Low,1.2194304,59.4,1.8857143,100,1747068300,0.42857143
2025-05-12T17:00:28Z,0,29.863,74.0,57,67.6,12,11,259,73,0.0,255,32767,0.0,2127-15-31,0.0,0.16,26.24,0.0,0.0,0.0,0,4.828125,6,45,05:48,20:11,2025-05-12 17:00:28.141613,Città della Scienza,53.0,1.7889111,11.142933,0.54140735,1.3401041,EU EEA Common AQI,78.6,1.6751302,10.080213,7200,0.1594203,100,100,64.4,0.12753622,Very Low,78.4,1.1906661,100,1747069200,Very Low,0.43312582,2.3241668,Very Low,1.2295357,59.8,0.9130435,100,1747069200,0.1594203
2025-05-12T17:00:39Z,0,29.863,74.0,57,67.6,13,11,245,73,0.0,255,32767,0.0,2127-15-31,0.0,0.16,26.24,0.0,0.0,0.0,0,4.828125,6,84,05:48,20:11,2025-05-12 17:00:39.235587,Città della Scienza,53.0,1.7889111,11.142933,0.54140735,1.3401041,EU EEA Common AQI,78.6,1.6751302,10.080213,7200,0.1594203,100,100,64.4,0.12753622,Very Low,78.4,1.1906661,100,1747069200,Very Low,0.43312582,2.3241668,Very Low,1.2295357,59.8,0.9130435,100,1747069200,0.1594203
2025-05-12T17:00:50Z,0,29.863,74.0,57,67.6,11,11,255,73,0.0,255,32767,0.0,2127-15-31,0.0,0.16,26.24,0.0,0.0,0.0,0,4.828125,6,84,05:48,20:11,2025-05-12 17:00:50.264597,Città della Scienza,53.0,1.7889111,11.142933,0.54140735,1.3401041,EU EEA Common AQI,78.6,1.6751302,10.080213,7200,0.1594203,100,100,64.4,0.12753622,Very Low,78.4,1.1906661,100,1747069200,Very Low,0.43312582,2.3241668,Very Low,1.2295357,59.8,0.9130435,100,1747069200,0.1594203
2025-05-12T17:01:01Z,0,29.863,74.0,57,67.6,11,11,239,73,0.0,255,32767,0.0,2127-15-31,0.0,0.16,26.24,0.0,0.0,0.0,0,4.828125,6,84,05:48,20:11,2025-05-12 17:01:01.354594,Città della Scienza,53.0,1.7889111,11.142933,0.54140735,1.3401041,EU EEA Common AQI,78.6,1.6751302,10.080213,7200,0.1594203,100,100,64.4,0.12753622,Very Low,78.4,1.1906661,100,1747069200,Very Low,0.43312582,2.3241668,Very Low,1.2295357,59.8,0.9130435,100,1747069200,0.1594203
2025-05-12T17:01:12Z,0,29.863,74.0,57,67.6,12,11,281,73,0.0,255,32767,0.0,2127-15-31,0.0,0.16,26.24,0.0,0.0,0.0,0,4.828125,6,84,05:48,20:11,2025-05-12 17:01:12.586600,Città della Scienza,53.0,1.7889111,11.142933,0.54140735,1.3401041,EU EEA Common AQI,78.6,1.6751302,10.080213,7200,0.1594203,100,100,64.4,0.12753622,Very Low,78.4,1.1906661,100,1747069200,Very Low,0.43312582,2.3241668,Very Low,1.2295357,59.8,0.9130435,100,1747069200,0.1594203
2025-05-12T17:01:23Z,0,29.863,74.0,57,67.6,16,11,250,73,0.0,255,32767,0.0,2127-15-31,0.0,0.16,26.24,0.0,0.0,0.0,0,4.828125,6,84,05:48,20:11,2025-05-12 17:01:23.678561,Città della Scienza,53.0,1.7889111,11.142933,0.54140735,1.3401041,EU EEA Common AQI,78.6,1.6751302,10.080213,7200,0.1594203,100,100,64.4,0.12753622,Very Low,78.4,1.1906661,100,1747069200,Very Low,0.43312582,2.3241668,Very Low,1.2295357,59.8,0.9130435,100,1747069200,0.1594203
2025-05-12T17:01:34Z,0,29.861,74.0,57,67.5,10,11,232,73,0.0,255,32767,0.0,2127-15-31,0.0,0.16,26.24,0.0,0.0,0.0,0,4.828125,6,84,05:48,20:11,2025-05-12 17:01:34.756598,Città della Scienza,53.0,1.7889111,11.142933,0.54140735,1.3401041,EU EEA Common AQI,78.6,1.6751302,10.080213,7200,0.1594203,100,100,64.4,0.12753622,Very Low,78.4,1.1906661,100,1747069200,Very Low,0.43312582,2.3241668,Very Low,1.2295357,59.8,0.9130435,100,1747069200,0.1594203
2025-05-12T17:01:45Z,0,29.861,74.0,57,67.5,11,11,239,73,0.0,255,32767,0.0,2127-15-31,0.0,0.16,26.24,0.0,0.0,0.0,0,4.828125,6,84,05:48,20:11,2025-05-12 17:01:45.793564,Città della Scienza,53.0,1.7889111,11.142933,0.54140735,1.3401041,EU EEA Common AQI,78.6,1.6751302,10.080213,7200,0.1594203,100,100,64.4,0.12753622,Very Low,78.4,1.1906661,100,1747069200,Very Low,0.43312582,2.3241668,Very Low,1.2295357,59.8,0.9130435,100,1747069200,0.1594203
2025-05-12T17:01:57Z,0,29.861,74.0,57,67.5,10,11,245,74,0.0,255,32767,0.0,2127-15-31,0.0,0.16,26.24,0.0,0.0,0.0,0,4.828125,6,84,05:48,20:11,2025-05-12 17:01:56.876616,Città della Scienza,53.0,1.7889111,11.142933,0.54140735,1.3401041,EU EEA Common AQI,78.6,1.6751302,10.080213,7200,0.1594203,100,100,64.4,0.12753622,Very Low,78.4,1.1906661,100,1747069200,Very Low,0.43312582,2.3241668,Very Low,1.2295357,59.8,0.9130435,100,1747069200,0.1594203
2025-05-12T17:02:08Z,0,29.861,74.0,57,67.6,10,11,225,74,0.0,255,32767,0.0,2127-15-31,0.0,0.16,26.24,0.0,0.0,0.0,0,4.828125,6,84,05:48,20:11,2025-05-12 17:02:07.990587,Città della Scienza,53.0,1.7889111,11.142933,0.54140735,1.3401041,EU EEA Common AQI,78.6,1.6751302,10.080213,7200,0.1594203,100,100,64.4,0.12753622,Very Low,78.4,1.1906661,100,1747069200,Very Low,0.43312582,2.3241668,Very Low,1.2295357,59.8,0.9130435,100,1747069200,0.1594203
2025-05-12T17:02:19Z,0,29.861,74.0,57,67.6,12,11,242,74,0.0,255,32767,0.0,2127-15-31,0.0,0.16,26.24,0.0,0.0,0.0,0,4.828125,6,84,05:48,20:11,2025-05-12 17:02:19.127602,Città della Scienza,53.0,1.7889111,11.142933,0.54140735,1.3401041,EU EEA Common AQI,78.6,1.6751302,10.080213,7200,0.1594203,100,100,64.4,0.12753622,Very Low,78.4,1.1906661,100,1747069200,Very Low,0.43312582,2.3241668,Very Low,1.2295357,59.8,0.9130435,100,1747069200,0.1594203
2025-05-12T17:02:30Z,0,29.861,74.0,57,67.6,11,11,255,74,0.0,255,32767,0.0,2127-15-31,0.0,0.16,26.24,0.0,0.0,0.0,0,4.828125,6,84,05:48,20:11,2025-05-12 17:02:30.211591,Città della Scienza,53.0,1.7889111,11.142933,0.54140735,1.3401041,EU EEA Common AQI,78.6,1.6751302,10.080213,7200,0.1594203,100,100,64.4,0.12753622,Very Low,78.4,1.1906661,100,1747069200,Very Low,0.43312582,2.3241668,Very Low,1.2295357,59.8,0.9130435,100,1747069200,0.1594203
2025-05-12T17:02:41Z,0,29.862,74.0,57,67.6,12,11,248,74,0.0,255,32767,0.0,2127-15-31,0.0,0.16,26.24,0.0,0.0,0.0,0,4.828125,6,84,05:48,20:11,2025-05-12 17:02:41.294596,Città della Scienza,53.0,1.7889111,11.142933,0.54140735,1.3401041,EU EEA Common AQI,78.6,1.6751302,10.080213,7200,0.1594203,100,100,64.4,0.12753622,Very Low,78.4,1.1906661,100,1747069200,Very Low,0.43312582,2.3241668,Very Low,1.2295357,59.8,0.9130435,100,1747069200,0.1594203
2025-05-12T17:02:52Z,0,29.862,74.0,57,67.6,10,11,256,74,0.0,255,32767,0.0,2127-15-31,0.0,0.16,26.24,0.0,0.0,0.0,0,4.828125,6,84,05:48,20:11,2025-05-12 17:02:52.356603,Città della Scienza,53.0,1.7889111,11.142933,0.54140735,1.3401041,EU EEA Common AQI,78.6,1.6751302,10.080213,7200,0.1594203,100,100,64.4,0.12753622,Very Low,78.4,1.1906661,100,1747069200,Very Low,0.43312582,2.3241668,Very Low,1.2295357,59.8,0.9130435,100,1747069200,0.1594203
2025-05-12T17:03:03Z,0,29.862,74.0,57,67.6,10,11,246,74,0.0,255,32767,0.0,2127-15-31,0.0,0.16,26.24,0.0,0.0,0.0,0,4.828125,6,84,05:48,20:11,2025-05-12 17:03:03.440598,Città della Scienza,53.0,1.7889111,11.142933,0.54140735,1.3401041,EU EEA Common AQI,78.6,1.6751302,10.080213,7200,0.1594203,100,100,64.4,0.12753622,Very Low,78.4,1.1906661,100,1747069200,Very Low,0.43312582,2.3241668,Very Low,1.2295357,59.8,0.9130435,100,1747069200,0.1594203
2025-05-12T17:03:14Z,0,29.862,74.0,57,67.6,4,11,266,74,0.0,255,32767,0.0,2127-15-31,0.0,0.16,26.24,0.0,0.0,0.0,0,4.828125,6,84,05:48,20:11,2025-05-12 17:03:14.516606,Città della Scienza,53.0,1.7889111,11.142933,0.54140735,1.3401041,EU EEA Common AQI,78.6,1.6751302,10.080213,7200,0.1594203,100,100,64.4,0.12753622,Very Low,78.4,1.1906661,100,1747069200,Very Low,0.43312582,2.3241668,Very Low,1.2295357,59.8,0.9130435,100,1747069200,0.1594203
2025-05-12T17:03:25Z,0,29.862,74.0,57,67.6,6,11,209,74,0.0,255,32767,0.0,2127-15-31,0.0,0.16,26.24,0.0,0.0,0.0,0,4.828125,6,84,05:48,20:11,2025-05-12 17:03:25.596555,Città della Scienza,53.0,1.7889111,11.142933,0.54140735,1.3401041,EU EEA Common AQI,78.6,1.6751302,10.080213,7200,0.1594203,100,100,64.4,0.12753622,Very Low,78.4,1.1906661,100,1747069200,Very Low,0.43312582,2.3241668,Very Low,1.2295357,59.8,0.9130435,100,1747069200,0.1594203
2025-05-12T17:03:36Z,0,29.863,73.9,57,67.6,13,11,246,74,0.0,255,32767,0.0,2127-15-31,0.0,0.16,26.24,0.0,0.0,0.0,0,4.828125,6,84,05:48,20:11,2025-05-12 17:03:36.672598,Città della Scienza,53.0,1.7889111,11.142933,0.54140735,1.3401041,EU EEA Common AQI,78.6,1.6751302,10.080213,7200,0.1594203,100,100,64.4,0.12753622,Very Low,78.4,1.1906661,100,1747069200,Very Low,0.43312582,2.3241668,Very Low,1.2295357,59.8,0.9130435,100,1747069200,0.1594203
2025-05-12T17:03:47Z,0,29.863,73.9,57,67.6,13,11,236,74,0.0,255,32767,0.0,2127-15-31,0.0,0.16,26.24,0.0,0.0,0.0,0,4.828125,6,84,05:48,20:11,2025-05-12 17:03:47.703593,Città della Scienza,53.0,1.7889111,11.142933,0.54140735,1.3401041,EU EEA Common AQI,78.6,1.6751302,10.080213,7200,0.1594203,100,100,64.4,0.12753622,Very Low,78.4,1.1906661,100,1747069200,Very Low,0.43312582,2.3241668,Very Low,1.2295357,59.8,0.9130435,100,1747069200,0.1594203
2025-05-12T17:03:58Z,0,29.863,73.9,57,67.6,11,11,260,74,0.0,255,32767,0.0,2127-15-31,0.0,0.16,26.24,0.0,0.0,0.0,0,4.828125,6,84,05:48,20:11,2025-05-12 17:03:58.788603,Città della Scienza,53.0,1.7889111,11.142933,0.54140735,1.3401041,EU EEA Common AQI,78.6,1.6751302,10.080213,7200,0.1594203,100,100,64.4,0.12753622,Very Low,78.4,1.1906661,100,1747069200,Very Low,0.43312582,2.3241668,Very Low,1.2295357,59.8,0.9130435,100,1747069200,0.1594203
2025-05-12T17:04:10Z,0,29.863,73.9,57,67.6,12,11,231,74,0.0,255,32767,0.0,2127-15-31,0.0,0.16,26.24,0.0,0.0,0.0,0,4.828125,6,84,05:48,20:11,2025-05-12 17:04:09.858595,Città della Scienza,53.0,1.7889111,11.142933,0.54140735,1.3401041,EU EEA Common AQI,78.6,1.6751302,10.080213,7200,0.1594203,100,100,64.4,0.12753622,Very Low,78.4,1.1906661,100,1747069200,Very Low,0.43312582,2.3241668,Very Low,1.2295357,59.8,0.9130435,100,1747069200,0.1594203
2025-05-12T17:04:21Z,0,29.863,73.9,57,67.6,12,11,240,74,0.0,255,32767,0.0,2127-15-31,0.0,0.16,26.24,0.0,0.0,0.0,0,4.828125,6,84,05:48,20:11,2025-05-12 17:04:20.907593,Città della Scienza,53.0,1.7889111,11.142933,0.54140735,1.3401041,EU EEA Common AQI,78.6,1.6751302,10.080213,7200,0.1594203,100,100,64.4,0.12753622,Very Low,78.4,1.1906661,100,1747069200,Very Low,0.43312582,2.3241668,Very Low,1.2295357,59.8,0.9130435,100,1747069200,0.1594203
2025-05-12T17:04:32Z,0,29.863,73.9,57,67.6,11,11,249,74,0.0,255,32767,0.0,2127-15-31,0.0,0.16,26.24,0.0,0.0,0.0,0,4.828125,6,84,05:48,20:11,2025-05-12 17:04:32.009590,Città della Scienza,53.0,1.7889111,11.142933,0.54140735,1.3401041,EU EEA Common AQI,78.6,1.6751302,10.080213,7200,0.1594203,100,100,64.4,0.12753622,Very Low,78.4,1.1906661,100,1747069200,Very Low,0.43312582,2.3241668,Very Low,1.2295357,59.8,0.9130435,100,1747069200,0.1594203
2025-05-12T17:04:43Z,0,29.865,73.9,57,67.6,12,11,261,74,0.0,255,32767,0.0,2127-15-31,0.0,0.16,26.24,0.0,0.0,0.0,0,4.828125,6,84,05:48,20:11,2025-05-12 17:04:43.085592,Città della Scienza,53.0,1.7889111,11.142933,0.54140735,1.3401041,EU EEA Common AQI,78.6,1.6751302,10.080213,7200,0.1594203,100,100,64.4,0.12753622,Very Low,78.4,1.1906661,100,1747069200,Very Low,0.43312582,2.3241668,Very Low,1.2295357,59.8,0.9130435,100,1747069200,0.1594203
2025-05-12T17:04:54Z,0,29.865,73.9,57,67.6,11,11,246,74,0.0,255,32767,0.0,2127-15-31,0.0,0.16,26.24,0.0,0.0,0.0,0,4.828125,6,84,05:48,20:11,2025-05-12 17:04:54.184615,Città della Scienza,53.0,1.7889111,11.142933,0.54140735,1.3401041,EU EEA Common AQI,78.6,1.6751302,10.080213,7200,0.1594203,100,100,64.4,0.12753622,Very Low,78.4,1.1906661,100,1747069200,Very Low,0.43312582,2.3241668,Very Low,1.2295357,59.8,0.9130435,100,1747069200,0.1594203
2025-05-12T17:05:05Z,0,29.865,73.9,57,67.6,11,11,251,74,0.0,255,32767,0.0,2127-15-31,0.0,0.16,26.24,0.0,0.0,0.0,0,4.828125,6,84,05:48,20:11,2025-05-12 17:05:05.277617,Città della Scienza,53.0,1.7889111,11.142933,0.54140735,1.3401041,EU EEA Common AQI,78.6,1.6751302,10.080213,7200,0.1594203,100,100,64.4,0.12753622,Very Low,78.4,1.1906661,100,1747069200,Very Low,0.43312582,2.3241668,Very Low,1.2295357,59.8,0.9130435,100,1747069200,0.1594203
2025-05-12T17:05:16Z,0,29.865,73.9,57,67.6,9,11,255,74,0.0,255,32767,0.0,2127-15-31,0.0,0.16,26.24,0.0,0.0,0.0,0,4.828125,6,84,05:48,20:11,2025-05-12 17:05:16.368601,Città della Scienza,53.0,1.7889111,11.142933,0.54140735,1.3401041,EU EEA Common AQI,78.6,1.6751302,10.080213,7200,0.1594203,100,100,64.4,0.12753622,Very Low,78.4,1.1906661,100,1747069200,Very Low,0.43312582,2.3241668,Very Low,1.2295357,59.8,0.9130435,100,1747069200,0.1594203
2025-05-12T17:05:27Z,0,29.865,73.9,57,67.6,9,11,279,74,0.0,255,32767,0.0,2127-15-31,0.0,0.16,26.24,0.0,0.0,0.0,0,4.828125,6,84,05:48,20:11,2025-05-12 17:05:27.449593,Città della Scienza,53.0,1.7889111,11.142933,0.54140735,1.3401041,EU EEA Common AQI,78.6,1.6751302,10.080213,7200,0.1594203,100,100,64.4,0.12753622,Very Low,78.4,1.1906661,100,1747069200,Very Low,0.43312582,2.3241668,Very Low,1.2295357,59.8,0.9130435,100,1747069200,0.1594203
2025-05-12T17:05:38Z,0,29.862,73.9,57,67.6,12,11,244,74,0.0,255,32767,0.0,2127-15-31,0.0,0.16,26.24,0.0,0.0,0.0,0,4.828125,6,84,05:48,20:11,2025-05-12 17:05:38.540632,Città della Scienza,53.0,1.7889111,11.142933,0.54140735,1.3401041,EU EEA Common AQI,78.6,1.6751302,10.080213,7200,0.1594203,100,100,64.4,0.12753622,Very Low,78.4,1.1906661,100,1747069200,Very Low,0.43312582,2.3241668,Very Low,1.2295357,59.8,0.9130435,100,1747069200,0.1594203
2025-05-12T17:05:49Z,0,29.862,73.9,57,67.5,11,11,247,74,0.0,255,32767,0.0,2127-15-31,0.0,0.16,26.24,0.0,0.0,0.0,0,4.828125,6,84,05:48,20:11,2025-05-12 17:05:49.613595,Città della Scienza,53.0,1.7889111,11.142933,0.54140735,1.3401041,EU EEA Common AQI,78.6,1.6751302,10.080213,7200,0.1594203,100,100,64.4,0.12753622,Very Low,78.4,1.1906661,100,1747069200,Very Low,0.43312582,2.3241668,Very Low,1.2295357,59.8,0.9130435,100,1747069200,0.1594203
2025-05-12T17:06:00Z,0,29.862,73.9,57,67.5,11,11,251,74,0.0,255,32767,0.0,2127-15-31,0.0,0.16,26.24,0.0,0.0,0.0,0,4.828125,6,84,05:48,20:11,2025-05-12 17:06:00.695615,Città della Scienza,53.0,1.7889111,11.142933,0.54140735,1.3401041,EU EEA Common AQI,78.6,1.6751302,10.080213,7200,0.1594203,100,100,64.4,0.12753622,Very Low,78.4,1.1906661,100,1747069200,Very Low,0.43312582,2.3241668,Very Low,1.2295357,59.8,0.9130435,100,1747069200,0.1594203
2025-05-12T17:06:12Z,0,29.862,73.9,57,67.5,11,11,257,74,0.0,255,32767,0.0,2127-15-31,0.0,0.16,26.24,0.0,0.0,0.0,0,4.828125,6,84,05:48,20:11,2025-05-12 17:06:11.921595,Città della Scienza,53.0,1.7889111,11.142933,0.54140735,1.3401041,EU EEA Common AQI,78.6,1.6751302,10.080213,7200,0.1594203,100,100,64.4,0.12753622,Very Low,78.4,1.1906661,100,1747069200,Very Low,0.43312582,2.3241668,Very Low,1.2295357,59.8,0.9130435,100,1747069200,0.1594203
2025-05-12T17:06:23Z,0,29.862,73.9,57,67.5,9,11,266,73,0.0,255,32767,0.0,2127-15-31,0.0,0.16,26.24,0.0,0.0,0.0,0,4.828125,6,84,05:48,20:11,2025-05-12 17:06:23.038597,Città della Scienza,53.0,1.7889111,11.142933,0.54140735,1.3401041,EU EEA Common AQI,78.6,1.6751302,10.080213,7200,0.1594203,100,100,64.4,0.12753622,Very Low,78.4,1.1906661,100,1747069200,Very Low,0.43312582,2.3241668,Very Low,1.2295357,59.8,0.9130435,100,1747069200,0.1594203
2025-05-12T17:06:34Z,0,29.863,73.9,57,67.6,11,11,249,73,0.0,255,32767,0.0,2127-15-31,0.0,0.16,26.24,0.0,0.0,0.0,0,4.828125,6,84,05:48,20:11,2025-05-12 17:06:34.109602,Città della Scienza,53.0,1.7889111,11.142933,0.54140735,1.3401041,EU EEA Common AQI,78.6,1.6751302,10.080213,7200,0.1594203,100,100,64.4,0.12753622,Very Low,78.4,1.1906661,100,1747069200,Very Low,0.43312582,2.3241668,Very Low,1.2295357,59.8,0.9130435,100,1747069200,0.1594203
2025-05-12T17:06:45Z,0,29.863,73.9,57,67.5,11,11,259,73,0.0,255,32767,0.0,2127-15-31,0.0,0.16,26.24,0.0,0.0,0.0,0,4.828125,6,84,05:48,20:11,2025-05-12 17:06:45.169592,Città della Scienza,53.0,1.7889111,11.142933,0.54140735,1.3401041,EU EEA Common AQI,78.6,1.6751302,10.080213,7200,0.1594203,100,100,64.4,0.12753622,Very Low,78.4,1.1906661,100,1747069200,Very Low,0.43312582,2.3241668,Very Low,1.2295357,59.8,0.9130435,100,1747069200,0.1594203
2025-05-12T17:06:56Z,0,29.863,73.9,57,67.5,14,11,250,73,0.0,255,32767,0.0,2127-15-31,0.0,0.16,26.24,0.0,0.0,0.0,0,4.828125,6,84,05:48,20:11,2025-05-12 17:06:56.245596,Città della Scienza,53.0,1.7889111,11.142933,0.54140735,1.3401041,EU EEA Common AQI,78.6,1.6751302,10.080213,7200,0.1594203,100,100,64.4,0.12753622,Very Low,78.4,1.1906661,100,1747069200,Very Low,0.43312582,2.3241668,Very Low,1.2295357,59.8,0.9130435,100,1747069200,0.1594203
2025-05-12T17:07:07Z,0,29.863,73.9,57,67.5,9,11,234,73,0.0,255,32767,0.0,2127-15-31,0.0,0.16,26.24,0.0,0.0,0.0,0,4.828125,6,84,05:48,20:11,2025-05-12 17:07:07.296592,Città della Scienza,53.0,1.7889111,11.142933,0.54140735,1.3401041,EU EEA Common AQI,78.6,1.6751302,10.080213,7200,0.1594203,100,100,64.4,0.12753622,Very Low,78.4,1.1906661,100,1747069200,Very Low,0.43312582,2.3241668,Very Low,1.2295357,59.8,0.9130435,100,1747069200,0.1594203
2025-05-12T17:07:18Z,0,29.863,73.9,57,67.6,12,11,242,73,0.0,255,32767,0.0,2127-15-31,0.0,0.16,26.24,0.0,0.0,0.0,0,4.828125,6,84,05:48,20:11,2025-05-12 17:07:18.410593,Città della Scienza,53.0,1.7889111,11.142933,0.54140735,1.3401041,EU EEA Common AQI,78.6,1.6751302,10.080213,7200,0.1594203,100,100,64.4,0.12753622,Very Low,78.4,1.1906661,100,1747069200,Very Low,0.43312582,2.3241668,Very Low,1.2295357,59.8,0.9130435,100,1747069200,0.1594203
2025-05-12T17:07:29Z,0,29.863,73.9,57,67.5,9,11,239,73,0.0,255,32767,0.0,2127-15-31,0.0,0.16,26.24,0.0,0.0,0.0,0,4.828125,6,84,05:48,20:11,2025-05-12 17:07:29.475591,Città della Scienza,53.0,1.7889111,11.142933,0.54140735,1.3401041,EU EEA Common AQI,78.6,1.6751302,10.080213,7200,0.1594203,100,100,64.4,0.12753622,Very Low,78.4,1.1906661,100,1747069200,Very Low,0.43312582,2.3241668,Very Low,1.2295357,59.8,0.9130435,100,1747069200,0.1594203
2025-05-12T17:07:40Z,0,29.862,73.9,57,67.5,11,11,240,73,0.0,255,32767,0.0,2127-15-31,0.0,0.16,26.24,0.0,0.0,0.0,0,4.828125,6,84,05:48,20:11,2025-05-12 17:07:40.531584,Città della Scienza,53.0,1.7889111,11.142933,0.54140735,1.3401041,EU EEA Common AQI,78.6,1.6751302,10.080213,7200,0.1594203,100,100,64.4,0.12753622,Very Low,78.4,1.1906661,100,1747069200,Very Low,0.43312582,2.3241668,Very Low,1.2295357,59.8,0.9130435,100,1747069200,0.1594203
2025-05-12T17:07:51Z,0,29.862,73.9,57,67.5,12,11,248,73,0.0,255,32767,0.0,2127-15-31,0.0,0.16,26.24,0.0,0.0,0.0,0,4.828125,6,84,05:48,20:11,2025-05-12 17:07:51.618619,Città della Scienza,53.0,1.7889111,11.142933,0.54140735,1.3401041,EU EEA Common AQI,78.6,1.6751302,10.080213,7200,0.1594203,100,100,64.4,0.12753622,Very Low,78.4,1.1906661,100,1747069200,Very Low,0.43312582,2.3241668,Very Low,1.2295357,59.8,0.9130435,100,1747069200,0.1594203
2025-05-12T17:08:02Z,0,29.862,73.9,57,67.4,10,11,264,73,0.0,255,32767,0.0,2127-15-31,0.0,0.16,26.24,0.0,0.0,0.0,0,4.828125,6,84,05:48,20:11,2025-05-12 17:08:02.700594,Città della Scienza,53.0,1.7889111,11.142933,0.54140735,1.3401041,EU EEA Common AQI,78.6,1.6751302,10.080213,7200,0.1594203,100,100,64.4,0.12753622,Very Low,78.4,1.1906661,100,1747069200,Very Low,0.43312582,2.3241668,Very Low,1.2295357,59.8,0.9130435,100,1747069200,0.1594203
2025-05-12T17:08:13Z,0,29.862,73.9,57,67.4,8,11,260,73,0.0,255,32767,0.0,2127-15-31,0.0,0.16,26.24,0.0,0.0,0.0,0,4.828125,6,84,05:48,20:11,2025-05-12 17:08:13.795598,Città della Scienza,53.0,1.7889111,11.142933,0.54140735,1.3401041,EU EEA Common AQI,78.6,1.6751302,10.080213,7200,0.1594203,100,100,64.4,0.12753622,Very Low,78.4,1.1906661,100,1747069200,Very Low,0.43312582,2.3241668,Very Low,1.2295357,59.8,0.9130435,100,1747069200,0.1594203
2025-05-12T17:08:25Z,0,29.862,73.9,57,67.4,11,11,252,73,0.0,255,32767,0.0,2127-15-31,0.0,0.16,26.24,0.0,0.0,0.0,0,4.828125,6,84,05:48,20:11,2025-05-12 17:08:24.847612,Città della Scienza,53.0,1.7889111,11.142933,0.54140735,1.3401041,EU EEA Common AQI,78.6,1.6751302,10.080213,7200,0.1594203,100,100,64.4,0.12753622,Very Low,78.4,1.1906661,100,1747069200,Very Low,0.43312582,2.3241668,Very Low,1.2295357,59.8,0.9130435,100,1747069200,0.1594203
2025-05-12T17:08:36Z,0,29.864,73.9,57,67.4,11,11,240,73,0.0,255,32767,0.0,2127-15-31,0.0,0.16,26.24,0.0,0.0,0.0,0,4.828125,6,84,05:48,20:11,2025-05-12 17:08:35.932558,Città della Scienza,53.0,1.7889111,11.142933,0.54140735,1.3401041,EU EEA Common AQI,78.6,1.6751302,10.080213,7200,0.1594203,100,100,64.4,0.12753622,Very Low,78.4,1.1906661,100,1747069200,Very Low,0.43312582,2.3241668,Very Low,1.2295357,59.8,0.9130435,100,1747069200,0.1594203
2025-05-12T17:08:47Z,0,29.864,73.9,57,67.4,8,11,258,73,0.0,255,32767,0.0,2127-15-31,0.0,0.16,26.24,0.0,0.0,0.0,0,4.828125,6,84,05:48,20:11,2025-05-12 17:08:46.961584,Città della Scienza,53.0,1.7889111,11.142933,0.54140735,1.3401041,EU EEA Common AQI,78.6,1.6751302,10.080213,7200,0.1594203,100,100,64.4,0.12753622,Very Low,78.4,1.1906661,100,1747069200,Very Low,0.43312582,2.3241668,Very Low,1.2295357,59.8,0.9130435,100,1747069200,0.1594203
2025-05-12T17:08:58Z,0,29.864,73.9,57,67.5,6,11,272,74,0.0,255,32767,0.0,2127-15-31,0.0,0.16,26.24,0.0,0.0,0.0,0,4.828125,6,84,05:48,20:11,2025-05-12 17:08:58.017591,Città della Scienza,53.0,1.7889111,11.142933,0.54140735,1.3401041,EU EEA Common AQI,78.6,1.6751302,10.080213,7200,0.1594203,100,100,64.4,0.12753622,Very Low,78.4,1.1906661,100,1747069200,Very Low,0.43312582,2.3241668,Very Low,1.2295357,59.8,0.9130435,100,1747069200,0.1594203
2025-05-12T17:09:09Z,0,29.864,73.9,57,67.5,9,11,242,74,0.0,255,32767,0.0,2127-15-31,0.0,0.16,26.24,0.0,0.0,0.0,0,4.828125,6,84,05:48,20:11,2025-05-12 17:09:09.155592,Città della Scienza,53.0,1.7889111,11.142933,0.54140735,1.3401041,EU EEA Common AQI,78.6,1.6751302,10.080213,7200,0.1594203,100,100,64.4,0.12753622,Very Low,78.4,1.1906661,100,1747069200,Very Low,0.43312582,2.3241668,Very Low,1.2295357,59.8,0.9130435,100,1747069200,0.1594203
2025-05-12T17:09:20Z,0,29.864,73.9,57,67.5,13,11,248,74,0.0,255,32767,0.0,2127-15-31,0.0,0.16,26.24,0.0,0.0,0.0,0,4.828125,6,84,05:48,20:11,2025-05-12 17:09:20.245588,Città della Scienza,53.0,1.7889111,11.142933,0.54140735,1.3401041,EU EEA Common AQI,78.6,1.6751302,10.080213,7200,0.1594203,100,100,64.4,0.12753622,Very Low,78.4,1.1906661,100,1747069200,Very Low,0.43312582,2.3241668,Very Low,1.2295357,59.8,0.9130435,100,1747069200,0.1594203
2025-05-12T17:09:31Z,0,29.864,73.9,57,67.5,12,11,254,74,0.0,255,32767,0.0,2127-15-31,0.0,0.16,26.24,0.0,0.0,0.0,0,4.828125,6,84,05:48,20:11,2025-05-12 17:09:31.339592,Città della Scienza,53.0,1.7889111,11.142933,0.54140735,1.3401041,EU EEA Common AQI,78.6,1.6751302,10.080213,7200,0.1594203,100,100,64.4,0.12753622,Very Low,78.4,1.1906661,100,1747069200,Very Low,0.43312582,2.3241668,Very Low,1.2295357,59.8,0.9130435,100,1747069200,0.1594203
2025-05-12T17:09:42Z,0,29.862,73.9,57,67.5,9,11,243,74,0.0,255,32767,0.0,2127-15-31,0.0,0.16,26.24,0.0,0.0,0.0,0,4.828125,6,84,05:48,20:11,2025-05-12 17:09:42.411591,Città della Scienza,53.0,1.7889111,11.142933,0.54140735,1.3401041,EU EEA Common AQI,78.6,1.6751302,10.080213,7200,0.1594203,100,100,64.4,0.12753622,Very Low,78.4,1.1906661,100,1747069200,Very Low,0.43312582,2.3241668,Very Low,1.2295357,59.8,0.9130435,100,1747069200,0.1594203
2025-05-12T17:09:53Z,0,29.862,73.9,57,67.4,11,11,248,74,0.0,255,32767,0.0,2127-15-31,0.0,0.16,26.24,0.0,0.0,0.0,0,4.828125,6,84,05:48,20:11,2025-05-12 17:09:53.479595,Città della Scienza,53.0,1.7889111,11.142933,0.54140735,1.3401041,EU EEA Common AQI,78.6,1.6751302,10.080213,7200,0.1594203,100,100,64.4,0.12753622,Very Low,78.4,1.1906661,100,1747069200,Very Low,0.43312582,2.3241668,Very Low,1.2295357,59.8,0.9130435,100,1747069200,0.1594203
2025-05-12T17:10:04Z,0,29.862,73.9,57,67.4,10,11,234,74,0.0,255,32767,0.0,2127-15-31,0.0,0.16,26.24,0.0,0.0,0.0,0,4.828125,6,84,05:48,20:11,2025-05-12 17:10:04.530597,Città della Scienza,53.0,1.7889111,11.142933,0.54140735,1.3401041,EU EEA Common AQI,78.6,1.6751302,10.080213,7200,0.1594203,100,100,64.4,0.12753622,Very Low,78.4,1.1906661,100,1747069200,Very Low,0.43312582,2.3241668,Very Low,1.2295357,59.8,0.9130435,100,1747069200,0.1594203
2025-05-12T17:10:15Z,0,29.862,73.9,57,67.5,10,11,238,74,0.0,255,32767,0.0,2127-15-31,0.0,0.16,26.24,0.0,0.0,0.0,0,4.828125,6,84,05:48,20:11,2025-05-12 17:10:15.678587,Città della Scienza,53.0,1.7889111,11.142933,0.54140735,1.3401041,EU EEA Common AQI,78.6,1.6751302,10.080213,7200,0.1594203,100,100,64.4,0.12753622,Very Low,78.4,1.1906661,100,1747069200,Very Low,0.43312582,2.3241668,Very Low,1.2295357,59.8,0.9130435,100,1747069200,0.1594203
2025-05-12T17:10:27Z,0,29.862,73.9,57,67.5,10,11,249,74,0.0,255,32767,0.0,2127-15-31,0.0,0.16,26.24,0.0,0.0,0.0,0,4.828125,6,84,05:48,20:11,2025-05-12 17:10:26.812592,Città della Scienza,53.0,1.7889111,11.142933,0.54140735,1.3401041,EU EEA Common AQI,78.6,1.6751302,10.080213,7200,0.1594203,100,100,64.4,0.12753622,Very Low,78.4,1.1906661,100,1747069200,Very Low,0.43312582,2.3241668,Very Low,1.2295357,59.8,0.9130435,100,1747069200,0.1594203
2025-05-12T17:10:38Z,0,29.865,73.9,57,67.5,10,11,260,74,0.0,255,32767,0.0,2127-15-31,0.0,0.16,26.24,0.0,0.0,0.0,0,4.828125,6,84,05:48,20:11,2025-05-12 17:10:37.896589,Città della Scienza,53.0,1.7889111,11.142933,0.54140735,1.3401041,EU EEA Common AQI,78.6,1.6751302,10.080213,7200,0.1594203,100,100,64.4,0.12753622,Very Low,78.4,1.1906661,100,1747069200,Very Low,0.43312582,2.3241668,Very Low,1.2295357,59.8,0.9130435,100,1747069200,0.1594203
2025-05-12T17:10:49Z,0,29.865,73.9,57,67.5,7,11,236,74,0.0,255,32767,0.0,2127-15-31,0.0,0.16,26.24,0.0,0.0,0.0,0,4.828125,6,84,05:48,20:11,2025-05-12 17:10:49.008588,Città della Scienza,53.0,1.7889111,11.142933,0.54140735,1.3401041,EU EEA Common AQI,78.6,1.6751302,10.080213,7200,0.1594203,100,100,64.4,0.12753622,Very Low,78.4,1.1906661,100,1747069200,Very Low,0.43312582,2.3241668,Very Low,1.2295357,59.8,0.9130435,100,1747069200,0.1594203
2025-05-12T17:11:00Z,0,29.865,73.9,57,67.5,13,11,275,74,0.0,255,32767,0.0,2127-15-31,0.0,0.16,26.24,0.0,0.0,0.0,0,4.828125,6,84,05:48,20:11,2025-05-12 17:11:00.088599,Città della Scienza,53.0,1.7889111,11.142933,0.54140735,1.3401041,EU EEA Common AQI,78.6,1.6751302,10.080213,7200,0.1594203,100,100,64.4,0.12753622,Very Low,78.4,1.1906661,100,1747069200,Very Low,0.43312582,2.3241668,Very Low,1.2295357,59.8,0.9130435,100,1747069200,0.1594203
2025-05-12T17:11:11Z,0,29.865,73.9,57,67.5,9,11,244,74,0.0,255,32767,0.0,2127-15-31,0.0,0.16,26.24,0.0,0.0,0.0,0,4.828125,6,84,05:48,20:11,2025-05-12 17:11:11.199603,Città della Scienza,53.0,1.7889111,11.142933,0.54140735,1.3401041,EU EEA Common AQI,78.6,1.6751302,10.080213,7200,0.1594203,100,100,64.4,0.12753622,Very Low,78.4,1.1906661,100,1747069200,Very Low,0.43312582,2.3241668,Very Low,1.2295357,59.8,0.9130435,100,1747069200,0.1594203
2025-05-12T17:11:22Z,0,29.865,73.9,57,67.5,11,11,247,74,0.0,255,32767,0.0,2127-15-31,0.0,0.16,26.24,0.0,0.0,0.0,0,4.828125,6,84,05:48,20:11,2025-05-12 17:11:22.278608,Città della Scienza,53.0,1.7889111,11.142933,0.54140735,1.3401041,EU EEA Common AQI,78.6,1.6751302,10.080213,7200,0.1594203,100,100,64.4,0.12753622,Very Low,78.4,1.1906661,100,1747069200,Very Low,0.43312582,2.3241668,Very Low,1.2295357,59.8,0.9130435,100,1747069200,0.1594203
2025-05-12T17:11:33Z,0,29.865,73.9,57,67.5,10,11,246,75,0.0,255,32767,0.0,2127-15-31,0.0,0.16,26.24,0.0,0.0,0.0,0,4.828125,6,84,05:48,20:11,2025-05-12 17:11:33.372605,Città della Scienza,53.0,1.7889111,11.142933,0.54140735,1.3401041,EU EEA Common AQI,78.6,1.6751302,10.080213,7200,0.1594203,100,100,64.4,0.12753622,Very Low,78.4,1.1906661,100,1747069200,Very Low,0.43312582,2.3241668,Very Low,1.2295357,59.8,0.9130435,100,1747069200,0.1594203
2025-05-12T17:11:44Z,0,29.865,73.9,57,67.5,9,11,258,75,0.0,255,32767,0.0,2127-15-31,0.0,0.16,26.24,0.0,0.0,0.0,0,4.828125,6,84,05:48,20:11,2025-05-12 17:11:44.470589,Città della Scienza,53.0,1.7889111,11.142933,0.54140735,1.3401041,EU EEA Common AQI,78.6,1.6751302,10.080213,7200,0.1594203,100,100,64.4,0.12753622,Very Low,78.4,1.1906661,100,1747069200,Very Low,0.43312582,2.3241668,Very Low,1.2295357,59.8,0.9130435,100,1747069200,0.1594203
2025-05-12T17:11:55Z,0,29.865,73.9,57,67.6,11,11,236,75,0.0,255,32767,0.0,2127-15-31,0.0,0.16,26.24,0.0,0.0,0.0,0,4.828125,6,84,05:48,20:11,2025-05-12 17:11:55.530590,Città della Scienza,53.0,1.7889111,11.142933,0.54140735,1.3401041,EU EEA Common AQI,78.6,1.6751302,10.080213,7200,0.1594203,100,100,64.4,0.12753622,Very Low,78.4,1.1906661,100,1747069200,Very Low,0.43312582,2.3241668,Very Low,1.2295357,59.8,0.9130435,100,1747069200,0.1594203
2025-05-12T17:12:06Z,0,29.865,73.9,57,67.5,10,11,244,75,0.0,255,32767,0.0,2127-15-31,0.0,0.16,26.24,0.0,0.0,0.0,0,4.828125,6,84,05:48,20:11,2025-05-12 17:12:06.632607,Città della Scienza,53.0,1.7889111,11.142933,0.54140735,1.3401041,EU EEA Common AQI,78.6,1.6751302,10.080213,7200,0.1594203,100,100,64.4,0.12753622,Very Low,78.4,1.1906661,100,1747069200,Very Low,0.43312582,2.3241668,Very Low,1.2295357,59.8,0.9130435,100,1747069200,0.1594203
2025-05-12T17:12:17Z,0,29.865,73.9,57,67.6,9,11,229,75,0.0,255,32767,0.0,2127-15-31,0.0,0.16,26.24,0.0,0.0,0.0,0,4.828125,6,84,05:48,20:11,2025-05-12 17:12:17.682599,Città della Scienza,53.0,1.7889111,11.142933,0.54140735,1.3401041,EU EEA Common AQI,78.6,1.6751302,10.080213,7200,0.1594203,100,100,64.4,0.12753622,Very Low,78.4,1.1906661,100,1747069200,Very Low,0.43312582,2.3241668,Very Low,1.2295357,59.8,0.9130435,100,1747069200,0.1594203
2025-05-12T17:12:28Z,0,29.865,73.9,57,67.5,8,11,232,75,0.0,255,32767,0.0,2127-15-31,0.0,0.16,26.24,0.0,0.0,0.0,0,4.828125,6,84,05:48,20:11,2025-05-12 17:12:28.761588,Città della Scienza,53.0,1.7889111,11.142933,0.54140735,1.3401041,EU EEA Common AQI,78.6,1.6751302,10.080213,7200,0.1594203,100,100,64.4,0.12753622,Very Low,78.4,1.1906661,100,1747069200,Very Low,0.43312582,2.3241668,Very Low,1.2295357,59.8,0.9130435,100,1747069200,0.1594203
2025-05-12T17:12:40Z,0,29.864,73.9,57,67.5,10,10,238,75,0.0,255,32767,0.0,2127-15-31,0.0,0.16,26.24,0.0,0.0,0.0,0,4.828125,6,84,05:48,20:11,2025-05-12 17:12:39.842590,Città della Scienza,53.0,1.7889111,11.142933,0.54140735,1.3401041,EU EEA Common AQI,78.6,1.6751302,10.080213,7200,0.1594203,100,100,64.4,0.12753622,Very Low,78.4,1.1906661,100,1747069200,Very Low,0.43312582,2.3241668,Very Low,1.2295357,59.8,0.9130435,100,1747069200,0.1594203
2025-05-12T17:12:51Z,0,29.864,73.9,57,67.5,12,10,258,75,0.0,255,32767,0.0,2127-15-31,0.0,0.16,26.24,0.0,0.0,0.0,0,4.828125,6,84,05:48,20:11,2025-05-12 17:12:50.873602,Città della Scienza,53.0,1.7889111,11.142933,0.54140735,1.3401041,EU EEA Common AQI,78.6,1.6751302,10.080213,7200,0.1594203,100,100,64.4,0.12753622,Very Low,78.4,1.1906661,100,1747069200,Very Low,0.43312582,2.3241668,Very Low,1.2295357,59.8,0.9130435,100,1747069200,0.1594203
2025-05-12T17:13:02Z,0,29.864,73.9,57,67.5,10,10,255,75,0.0,255,32767,0.0,2127-15-31,0.0,0.16,26.24,0.0,0.0,0.0,0,4.828125,6,84,05:48,20:11,2025-05-12 17:13:01.946586,Città della Scienza,53.0,1.7889111,11.142933,0.54140735,1.3401041,EU EEA Common AQI,78.6,1.6751302,10.080213,7200,0.1594203,100,100,64.4,0.12753622,Very Low,78.4,1.1906661,100,1747069200,Very Low,0.43312582,2.3241668,Very Low,1.2295357,59.8,0.9130435,100,1747069200,0.1594203
2025-05-12T17:13:13Z,0,29.864,73.9,57,67.4,11,10,247,75,0.0,255,32767,0.0,2127-15-31,0.0,0.16,26.24,0.0,0.0,0.0,0,4.828125,6,84,05:48,20:11,2025-05-12 17:13:13.055586,Città della Scienza,53.0,1.7889111,11.142933,0.54140735,1.3401041,EU EEA Common AQI,78.6,1.6751302,10.080213,7200,0.1594203,100,100,64.4,0.12753622,Very Low,78.4,1.1906661,100,1747069200,Very Low,0.43312582,2.3241668,Very Low,1.2295357,59.8,0.9130435,100,1747069200,0.1594203
2025-05-12T17:13:24Z,0,29.864,73.9,57,67.4,9,10,242,75,0.0,255,32767,0.0,2127-15-31,0.0,0.16,26.24,0.0,0.0,0.0,0,4.828125,6,84,05:48,20:11,2025-05-12 17:13:24.105596,Città della Scienza,53.0,1.7889111,11.142933,0.54140735,1.3401041,EU EEA Common AQI,78.6,1.6751302,10.080213,7200,0.1594203,100,100,64.4,0.12753622,Very Low,78.4,1.1906661,100,1747069200,Very Low,0.43312582,2.3241668,Very Low,1.2295357,59.8,0.9130435,100,1747069200,0.1594203
2025-05-12T17:13:35Z,0,29.865,73.8,57,67.5,12,11,238,75,0.0,255,32767,0.0,2127-15-31,0.0,0.16,26.24,0.0,0.0,0.0,0,4.828125,6,84,05:48,20:11,2025-05-12 17:13:35.155606,Città della Scienza,53.0,1.7889111,11.142933,0.54140735,1.3401041,EU EEA Common AQI,78.6,1.6751302,10.080213,7200,0.1594203,100,100,64.4,0.12753622,Very Low,78.4,1.1906661,100,1747069200,Very Low,0.43312582,2.3241668,Very Low,1.2295357,59.8,0.9130435,100,1747069200,0.1594203
2025-05-12T17:13:46Z,0,29.865,73.8,57,67.5,12,11,234,75,0.0,255,32767,0.0,2127-15-31,0.0,0.16,26.24,0.0,0.0,0.0,0,4.828125,6,84,05:48,20:11,2025-05-12 17:13:46.258588,Città della Scienza,53.0,1.7889111,11.142933,0.54140735,1.3401041,EU EEA Common AQI,78.6,1.6751302,10.080213,7200,0.1594203,100,100,64.4,0.12753622,Very Low,78.4,1.1906661,100,1747069200,Very Low,0.43312582,2.3241668,Very Low,1.2295357,59.8,0.9130435,100,1747069200,0.1594203
2025-05-12T17:13:57Z,0,29.865,73.8,57,67.5,13,11,240,75,0.0,255,32767,0.0,2127-15-31,0.0,0.16,26.24,0.0,0.0,0.0,0,4.828125,6,84,05:48,20:11,2025-05-12 17:13:57.348577,Città della Scienza,53.0,1.7889111,11.142933,0.54140735,1.3401041,EU EEA Common AQI,78.6,1.6751302,10.080213,7200,0.1594203,100,100,64.4,0.12753622,Very Low,78.4,1.1906661,100,1747069200,Very Low,0.43312582,2.3241668,Very Low,1.2295357,59.8,0.9130435,100,1747069200,0.1594203
2025-05-12T17:14:08Z,0,29.865,73.8,57,67.4,8,11,242,74,0.0,255,32767,0.0,2127-15-31,0.0,0.16,26.24,0.0,0.0,0.0,0,4.828125,6,84,05:48,20:11,2025-05-12 17:14:08.420590,Città della Scienza,53.0,1.7889111,11.142933,0.54140735,1.3401041,EU EEA Common AQI,78.6,1.6751302,10.080213,7200,0.1594203,100,100,64.4,0.12753622,Very Low,78.4,1.1906661,100,1747069200,Very Low,0.43312582,2.3241668,Very Low,1.2295357,59.8,0.9130435,100,1747069200,0.1594203
2025-05-12T17:14:19Z,0,29.865,73.8,57,67.4,11,11,248,74,0.0,255,32767,0.0,2127-15-31,0.0,0.16,26.24,0.0,0.0,0.0,0,4.828125,6,84,05:48,20:11,2025-05-12 17:14:19.528594,Città della Scienza,53.0,1.7889111,11.142933,0.54140735,1.3401041,EU EEA Common AQI,78.6,1.6751302,10.080213,7200,0.1594203,100,100,64.4,0.12753622,Very Low,78.4,1.1906661,100,1747069200,Very Low,0.43312582,2.3241668,Very Low,1.2295357,59.8,0.9130435,100,1747069200,0.1594203
2025-05-12T17:14:30Z,0,29.865,73.8,57,67.4,11,11,259,74,0.0,255,32767,0.0,2127-15-31,0.0,0.16,26.24,0.0,0.0,0.0,0,4.828125,6,84,05:48,20:11,2025-05-12 17:14:30.588607,Città della Scienza,53.0,1.7889111,11.142933,0.54140735,1.3401041,EU EEA Common AQI,78.6,1.6751302,10.080213,7200,0.1594203,100,100,64.4,0.12753622,Very Low,78.4,1.1906661,100,1747069200,Very Low,0.43312582,2.3241668,Very Low,1.2295357,59.8,0.9130435,100,1747069200,0.1594203
2025-05-12T17:14:41Z,0,29.864,73.9,57,67.4,12,10,244,74,0.0,255,32767,0.0,2127-15-31,0.0,0.16,26.24,0.0,0.0,0.0,0,4.828125,6,84,05:48,20:11,2025-05-12 17:14:41.676592,Città della Scienza,53.0,1.7889111,11.142933,0.54140735,1.3401041,EU EEA Common AQI,78.6,1.6751302,10.080213,7200,0.1594203,100,100,64.4,0.12753622,Very Low,78.4,1.1906661,100,1747069200,Very Low,0.43312582,2.3241668,Very Low,1.2295357,59.8,0.9130435,100,1747069200,0.1594203
2025-05-12T17:14:52Z,0,29.864,73.9,57,67.4,12,10,243,74,0.0,255,32767,0.0,2127-15-31,0.0,0.16,26.24,0.0,0.0,0.0,0,4.828125,6,84,05:48,20:11,2025-05-12 17:14:52.734606,Città della Scienza,53.0,1.7889111,11.142933,0.54140735,1.3401041,EU EEA Common AQI,78.6,1.6751302,10.080213,7200,0.1594203,100,100,64.4,0.12753622,Very Low,78.4,1.1906661,100,1747069200,Very Low,0.43312582,2.3241668,Very Low,1.2295357,59.8,0.9130435,100,1747069200,0.1594203
2025-05-12T17:15:04Z,0,29.864,73.9,57,67.4,9,10,262,74,0.0,255,32767,0.0,2127-15-31,0.0,0.16,26.24,0.0,0.0,0.0,0,4.828125,6,84,05:48,20:11,2025-05-12 17:15:03.812594,Città della Scienza,53.0,1.7889111,11.142933,0.54140735,1.3401041,EU EEA Common AQI,78.6,1.6751302,10.080213,7200,0.1594203,100,100,64.4,0.12753622,Very Low,78.4,1.1906661,100,1747069200,Very Low,0.43312582,2.3241668,Very Low,1.2295357,59.8,0.9130435,100,1747069200,0.1594203
2025-05-12T17:15:15Z,0,29.864,73.9,57,67.3,9,10,241,74,0.0,255,32767,0.0,2127-15-31,0.0,0.16,26.24,0.0,0.0,0.0,0,4.828125,6,84,05:48,20:11,2025-05-12 17:15:14.908573,Città della Scienza,53.0,1.7889111,11.142933,0.54140735,1.3401041,EU EEA Common AQI,78.6,1.6751302,10.080213,7200,0.1594203,100,100,64.4,0.12753622,Very Low,78.4,1.1906661,100,1747069200,Very Low,0.43312582,2.3241668,Very Low,1.2295357,59.8,0.9130435,100,1747069200,0.1594203
2025-05-12T17:15:26Z,0,29.864,73.9,57,67.3,8,10,260,74,0.0,255,32767,0.0,2127-15-31,0.0,0.16,26.24,0.0,0.0,0.0,0,4.828125,6,84,05:48,20:11,2025-05-12 17:15:26.004585,Città della Scienza,54.2,1.6687675,11.127666,0.4527399,1.1844069,EU EEA Common AQI,78.7,1.4805087,10.06222,7200,0.49275362,100,100,64.9,0.5797101,Very Low,78.4,1.0789789,100,1747070100,Very Low,0.3621919,2.1145303,Very Low,1.1002632,60.5,1.3623189,100,1747070100,0.7246377
2025-05-12T17:15:37Z,0,29.866,73.9,57,67.3,10,10,248,74,0.0,255,32767,0.0,2127-15-31,0.0,0.16,26.24,0.0,0.0,0.0,0,4.828125,6,84,05:48,20:11,2025-05-12 17:15:37.134604,Città della Scienza,54.2,1.6687675,11.127666,0.4527399,1.1844069,EU EEA Common AQI,78.7,1.4805087,10.06222,7200,0.49275362,100,100,64.9,0.5797101,Very Low,78.4,1.0789789,100,1747070100,Very Low,0.3621919,2.1145303,Very Low,1.1002632,60.5,1.3623189,100,1747070100,0.7246377
2025-05-12T17:15:48Z,0,29.866,73.9,57,67.3,12,10,251,74,0.0,255,32767,0.0,2127-15-31,0.0,0.16,26.24,0.0,0.0,0.0,0,4.828125,6,84,05:48,20:11,2025-05-12 17:15:48.231597,Città della Scienza,54.2,1.6687675,11.127666,0.4527399,1.1844069,EU EEA Common AQI,78.7,1.4805087,10.06222,7200,0.49275362,100,100,64.9,0.5797101,Very Low,78.4,1.0789789,100,1747070100,Very Low,0.3621919,2.1145303,Very Low,1.1002632,60.5,1.3623189,100,1747070100,0.7246377
2025-05-12T17:15:59Z,0,29.866,73.9,57,67.3,9,10,257,74,0.0,255,32767,0.0,2127-15-31,0.0,0.16,26.24,0.0,0.0,0.0,0,4.828125,6,84,05:48,20:11,2025-05-12 17:15:59.333593,Città della Scienza,54.2,1.6687675,11.127666,0.4527399,1.1844069,EU EEA Common AQI,78.7,1.4805087,10.06222,7200,0.49275362,100,100,64.9,0.5797101,Very Low,78.4,1.0789789,100,1747070100,Very Low,0.3621919,2.1145303,Very Low,1.1002632,60.5,1.3623189,100,1747070100,0.7246377
2025-05-12T17:16:10Z,0,29.866,73.9,57,67.4,10,10,248,74,0.0,255,32767,0.0,2127-15-31,0.0,0.16,26.24,0.0,0.0,0.0,0,4.828125,6,84,05:48,20:11,2025-05-12 17:16:10.456612,Città della Scienza,54.2,1.6687675,11.127666,0.4527399,1.1844069,EU EEA Common AQI,78.7,1.4805087,10.06222,7200,0.49275362,100,100,64.9,0.5797101,Very Low,78.4,1.0789789,100,1747070100,Very Low,0.3621919,2.1145303,Very Low,1.1002632,60.5,1.3623189,100,1747070100,0.7246377
2025-05-12T17:16:21Z,0,29.866,73.9,57,67.4,11,10,251,74,0.0,255,32767,0.0,2127-15-31,0.0,0.16,26.24,0.0,0.0,0.0,0,4.828125,6,84,05:48,20:11,2025-05-12 17:16:21.549597,Città della Scienza,54.2,1.6687675,11.127666,0.4527399,1.1844069,EU EEA Common AQI,78.7,1.4805087,10.06222,7200,0.49275362,100,100,64.9,0.5797101,Very Low,78.4,1.0789789,100,1747070100,Very Low,0.3621919,2.1145303,Very Low,1.1002632,60.5,1.3623189,100,1747070100,0.7246377
2025-05-12T17:16:32Z,0,29.866,73.9,57,67.3,7,10,227,74,0.0,255,32767,0.0,2127-15-31,0.0,0.16,26.24,0.0,0.0,0.0,0,4.828125,6,84,05:48,20:11,2025-05-12 17:16:32.642602,Città della Scienza,54.2,1.6687675,11.127666,0.4527399,1.1844069,EU EEA Common AQI,78.7,1.4805087,10.06222,7200,0.49275362,100,100,64.9,0.5797101,Very Low,78.4,1.0789789,100,1747070100,Very Low,0.3621919,2.1145303,Very Low,1.1002632,60.5,1.3623189,100,1747070100,0.7246377
2025-05-12T17:16:43Z,0,29.867,73.8,57,67.3,11,10,239,74,0.0,255,32767,0.0,2127-15-31,0.0,0.16,26.24,0.0,0.0,0.0,0,4.828125,6,84,05:48,20:11,2025-05-12 17:16:43.734597,Città della Scienza,54.2,1.6687675,11.127666,0.4527399,1.1844069,EU EEA Common AQI,78.7,1.4805087,10.06222,7200,0.49275362,100,100,64.9,0.5797101,Very Low,78.4,1.0789789,100,1747070100,Very Low,0.3621919,2.1145303,Very Low,1.1002632,60.5,1.3623189,100,1747070100,0.7246377
2025-05-12T17:16:55Z,0,29.867,73.8,57,67.3,9,10,227,74,0.0,255,32767,0.0,2127-15-31,0.0,0.16,26.24,0.0,0.0,0.0,0,4.828125,6,84,05:48,20:11,2025-05-12 17:16:54.806612,Città della Scienza,54.2,1.6687675,11.127666,0.4527399,1.1844069,EU EEA Common AQI,78.7,1.4805087,10.06222,7200,0.49275362,100,100,64.9,0.5797101,Very Low,78.4,1.0789789,100,1747070100,Very Low,0.3621919,2.1145303,Very Low,1.1002632,60.5,1.3623189,100,1747070100,0.7246377
2025-05-12T17:17:06Z,0,29.867,73.8,57,67.3,3,10,215,74,0.0,255,32767,0.0,2127-15-31,0.0,0.16,26.24,0.0,0.0,0.0,0,4.828125,6,84,05:48,20:11,2025-05-12 17:17:05.885566,Città della Scienza,54.2,1.6687675,11.127666,0.4527399,1.1844069,EU EEA Common AQI,78.7,1.4805087,10.06222,7200,0.49275362,100,100,64.9,0.5797101,Very Low,78.4,1.0789789,100,1747070100,Very Low,0.3621919,2.1145303,Very Low,1.1002632,60.5,1.3623189,100,1747070100,0.7246377
2025-05-12T17:17:17Z,0,29.867,73.8,57,67.3,12,10,259,74,0.0,255,32767,0.0,2127-15-31,0.0,0.16,26.24,0.0,0.0,0.0,0,4.828125,6,84,05:48,20:11,2025-05-12 17:17:16.946628,Città della Scienza,54.2,1.6687675,11.127666,0.4527399,1.1844069,EU EEA Common AQI,78.7,1.4805087,10.06222,7200,0.49275362,100,100,64.9,0.5797101,Very Low,78.4,1.0789789,100,1747070100,Very Low,0.3621919,2.1145303,Very Low,1.1002632,60.5,1.3623189,100,1747070100,0.7246377
2025-05-12T17:17:28Z,0,29.867,73.8,57,67.3,10,10,250,74,0.0,255,32767,0.0,2127-15-31,0.0,0.16,26.24,0.0,0.0,0.0,0,4.828125,6,84,05:48,20:11,2025-05-12 17:17:28.079600,Città della Scienza,54.2,1.6687675,11.127666,0.4527399,1.1844069,EU EEA Common AQI,78.7,1.4805087,10.06222,7200,0.49275362,100,100,64.9,0.5797101,Very Low,78.4,1.0789789,100,1747070100,Very Low,0.3621919,2.1145303,Very Low,1.1002632,60.5,1.3623189,100,1747070100,0.7246377
2025-05-12T17:17:39Z,0,29.869,73.8,57,67.3,9,10,238,74,0.0,255,32767,0.0,2127-15-31,0.0,0.16,26.24,0.0,0.0,0.0,0,4.828125,6,84,05:48,20:11,2025-05-12 17:17:39.151590,Città della Scienza,54.2,1.6687675,11.127666,0.4527399,1.1844069,EU EEA Common AQI,78.7,1.4805087,10.06222,7200,0.49275362,100,100,64.9,0.5797101,Very Low,78.4,1.0789789,100,1747070100,Very Low,0.3621919,2.1145303,Very Low,1.1002632,60.5,1.3623189,100,1747070100,0.7246377
2025-05-12T17:17:50Z,0,29.869,73.8,57,67.3,9,10,248,74,0.0,255,32767,0.0,2127-15-31,0.0,0.16,26.24,0.0,0.0,0.0,0,4.828125,6,84,05:48,20:11,2025-05-12 17:17:50.206596,Città della Scienza,54.2,1.6687675,11.127666,0.4527399,1.1844069,EU EEA Common AQI,78.7,1.4805087,10.06222,7200,0.49275362,100,100,64.9,0.5797101,Very Low,78.4,1.0789789,100,1747070100,Very Low,0.3621919,2.1145303,Very Low,1.1002632,60.5,1.3623189,100,1747070100,0.7246377
2025-05-12T17:18:01Z,0,29.869,73.8,57,67.3,8,10,246,74,0.0,255,32767,0.0,2127-15-31,0.0,0.16,26.24,0.0,0.0,0.0,0,4.828125,6,84,05:48,20:11,2025-05-12 17:18:01.292554,Città della Scienza,54.2,1.6687675,11.127666,0.4527399,1.1844069,EU EEA Common AQI,78.7,1.4805087,10.06222,7200,0.49275362,100,100,64.9,0.5797101,Very Low,78.4,1.0789789,100,1747070100,Very Low,0.3621919,2.1145303,Very Low,1.1002632,60.5,1.3623189,100,1747070100,0.7246377
2025-05-12T17:18:12Z,0,29.869,73.8,57,67.3,12,10,265,74,0.0,255,32767,0.0,2127-15-31,0.0,0.16,26.24,0.0,0.0,0.0,0,4.828125,6,84,05:48,20:11,2025-05-12 17:18:12.413594,Città della Scienza,54.2,1.6687675,11.127666,0.4527399,1.1844069,EU EEA Common AQI,78.7,1.4805087,10.06222,7200,0.49275362,100,100,64.9,0.5797101,Very Low,78.4,1.0789789,100,1747070100,Very Low,0.3621919,2.1145303,Very Low,1.1002632,60.5,1.3623189,100,1747070100,0.7246377
2025-05-12T17:18:23Z,0,29.869,73.8,57,67.3,12,10,244,74,0.0,255,32767,0.0,2127-15-31,0.0,0.16,26.24,0.0,0.0,0.0,0,4.828125,6,84,05:48,20:11,2025-05-12 17:18:23.500594,Città della Scienza,54.2,1.6687675,11.127666,0.4527399,1.1844069,EU EEA Common AQI,78.7,1.4805087,10.06222,7200,0.49275362,100,100,64.9,0.5797101,Very Low,78.4,1.0789789,100,1747070100,Very Low,0.3621919,2.1145303,Very Low,1.1002632,60.5,1.3623189,100,1747070100,0.7246377
2025-05-12T17:18:34Z,0,29.867,73.8,57,67.4,11,10,258,74,0.0,255,32767,0.0,2127-15-31,0.0,0.16,26.24,0.0,0.0,0.0,0,4.828125,6,84,05:48,20:11,2025-05-12 17:18:34.530597,Città della Scienza,54.2,1.6687675,11.127666,0.4527399,1.1844069,EU EEA Common AQI,78.7,1.4805087,10.06222,7200,0.49275362,100,100,64.9,0.5797101,Very Low,78.4,1.0789789,100,1747070100,Very Low,0.3621919,2.1145303,Very Low,1.1002632,60.5,1.3623189,100,1747070100,0.7246377
2025-05-12T17:18:45Z,0,29.867,73.8,57,67.4,12,10,241,74,0.0,255,32767,0.0,2127-15-31,0.0,0.16,26.24,0.0,0.0,0.0,0,4.828125,6,84,05:48,20:11,2025-05-12 17:18:45.610593,Città della Scienza,54.2,1.6687675,11.127666,0.4527399,1.1844069,EU EEA Common AQI,78.7,1.4805087,10.06222,7200,0.49275362,100,100,64.9,0.5797101,Very Low,78.4,1.0789789,100,1747070100,Very Low,0.3621919,2.1145303,Very Low,1.1002632,60.5,1.3623189,100,1747070100,0.7246377
2025-05-12T17:18:56Z,0,29.867,73.8,57,67.4,10,10,245,74,0.0,255,32767,0.0,2127-15-31,0.0,0.16,26.24,0.0,0.0,0.0,0,4.828125,6,84,05:48,20:11,2025-05-12 17:18:56.708588,Città della Scienza,54.2,1.6687675,11.127666,0.4527399,1.1844069,EU EEA Common AQI,78.7,1.4805087,10.06222,7200,0.49275362,100,100,64.9,0.5797101,Very Low,78.4,1.0789789,100,1747070100,Very Low,0.3621919,2.1145303,Very Low,1.1002632,60.5,1.3623189,100,1747070100,0.7246377
2025-05-12T17:19:08Z,0,29.867,73.8,57,67.4,10,10,244,74,0.0,255,32767,0.0,2127-15-31,0.0,0.16,26.24,0.0,0.0,0.0,0,4.828125,6,84,05:48,20:11,2025-05-12 17:19:07.812585,Città della Scienza,54.2,1.6687675,11.127666,0.4527399,1.1844069,EU EEA Common AQI,78.7,1.4805087,10.06222,7200,0.49275362,100,100,64.9,0.5797101,Very Low,78.4,1.0789789,100,1747070100,Very Low,0.3621919,2.1145303,Very Low,1.1002632,60.5,1.3623189,100,1747070100,0.7246377
2025-05-12T17:19:19Z,0,29.867,73.8,57,67.4,7,10,249,74,0.0,255,32767,0.0,2127-15-31,0.0,0.16,26.24,0.0,0.0,0.0,0,4.828125,6,84,05:48,20:11,2025-05-12 17:19:18.914594,Città della Scienza,54.2,1.6687675,11.127666,0.4527399,1.1844069,EU EEA Common AQI,78.7,1.4805087,10.06222,7200,0.49275362,100,100,64.9,0.5797101,Very Low,78.4,1.0789789,100,1747070100,Very Low,0.3621919,2.1145303,Very Low,1.1002632,60.5,1.3623189,100,1747070100,0.7246377
2025-05-12T17:19:30Z,0,29.867,73.8,57,67.4,9,10,250,75,0.0,255,32767,0.0,2127-15-31,0.0,0.16,26.24,0.0,0.0,0.0,0,4.828125,6,84,05:48,20:11,2025-05-12 17:19:29.966598,Città della Scienza,54.2,1.6687675,11.127666,0.4527399,1.1844069,EU EEA Common AQI,78.7,1.4805087,10.06222,7200,0.49275362,100,100,64.9,0.5797101,Very Low,78.4,1.0789789,100,1747070100,Very Low,0.3621919,2.1145303,Very Low,1.1002632,60.5,1.3623189,100,1747070100,0.7246377
2025-05-12T17:19:41Z,0,29.867,73.8,57,67.4,7,10,250,75,0.0,255,32767,0.0,2127-15-31,0.0,0.16,26.24,0.0,0.0,0.0,0,4.828125,6,84,05:48,20:11,2025-05-12 17:19:41.023592,Città della Scienza,54.2,1.6687675,11.127666,0.4527399,1.1844069,EU EEA Common AQI,78.7,1.4805087,10.06222,7200,0.49275362,100,100,64.9,0.5797101,Very Low,78.4,1.0789789,100,1747070100,Very Low,0.3621919,2.1145303,Very Low,1.1002632,60.5,1.3623189,100,1747070100,0.7246377
2025-05-12T17:19:52Z,0,29.867,73.8,57,67.4,9,10,234,75,0.0,255,32767,0.0,2127-15-31,0.0,0.16,26.24,0.0,0.0,0.0,0,4.828125,6,84,05:48,20:11,2025-05-12 17:19:52.077617,Città della Scienza,54.2,1.6687675,11.127666,0.4527399,1.1844069,EU EEA Common AQI,78.7,1.4805087,10.06222,7200,0.49275362,100,100,64.9,0.5797101,Very Low,78.4,1.0789789,100,1747070100,Very Low,0.3621919,2.1145303,Very Low,1.1002632,60.5,1.3623189,100,1747070100,0.7246377
2025-05-12T17:20:03Z,0,29.867,73.8,57,67.4,7,10,234,75,0.0,255,32767,0.0,2127-15-31,0.0,0.16,26.24,0.0,0.0,0.0,0,4.828125,6,84,05:48,20:11,2025-05-12 17:20:03.165593,Città della Scienza,54.2,1.6687675,11.127666,0.4527399,1.1844069,EU EEA Common AQI,78.7,1.4805087,10.06222,7200,0.49275362,100,100,64.9,0.5797101,Very Low,78.4,1.0789789,100,1747070100,Very Low,0.3621919,2.1145303,Very Low,1.1002632,60.5,1.3623189,100,1747070100,0.7246377
2025-05-12T17:20:14Z,0,29.867,73.8,57,67.4,11,10,231,75,0.0,255,32767,0.0,2127-15-31,0.0,0.16,26.24,0.0,0.0,0.0,0,4.828125,6,84,05:48,20:11,2025-05-12 17:20:14.301570,Città della Scienza,54.2,1.6687675,11.127666,0.4527399,1.1844069,EU EEA Common AQI,78.7,1.4805087,10.06222,7200,0.49275362,100,100,64.9,0.5797101,Very Low,78.4,1.0789789,100,1747070100,Very Low,0.3621919,2.1145303,Very Low,1.1002632,60.5,1.3623189,100,1747070100,0.7246377
2025-05-12T17:20:25Z,0,29.867,73.8,57,67.3,12,10,247,75,0.0,255,32767,0.0,2127-15-31,0.0,0.16,26.24,0.0,0.0,0.0,0,4.828125,6,84,05:48,20:11,2025-05-12 17:20:25.385608,Città della Scienza,54.2,1.6687675,11.127666,0.4527399,1.1844069,EU EEA Common AQI,78.7,1.4805087,10.06222,7200,0.49275362,100,100,64.9,0.5797101,Very Low,78.4,1.0789789,100,1747070100,Very Low,0.3621919,2.1145303,Very Low,1.1002632,60.5,1.3623189,100,1747070100,0.7246377
2025-05-12T17:20:36Z,0,29.867,73.8,57,67.3,9,10,279,75,0.0,255,32767,0.0,2127-15-31,0.0,0.16,26.24,0.0,0.0,0.0,0,4.828125,6,84,05:48,20:11,2025-05-12 17:20:36.469596,Città della Scienza,54.2,1.6687675,11.127666,0.4527399,1.1844069,EU EEA Common AQI,78.7,1.4805087,10.06222,7200,0.49275362,100,100,64.9,0.5797101,Very Low,78.4,1.0789789,100,1747070100,Very Low,0.3621919,2.1145303,Very Low,1.1002632,60.5,1.3623189,100,1747070100,0.7246377
2025-05-12T17:20:47Z,0,29.867,73.8,57,67.3,9,10,252,75,0.0,255,32767,0.0,2127-15-31,0.0,0.16,26.24,0.0,0.0,0.0,0,4.828125,6,84,05:48,20:11,2025-05-12 17:20:47.540596,Città della Scienza,54.2,1.6687675,11.127666,0.4527399,1.1844069,EU EEA Common AQI,78.7,1.4805087,10.06222,7200,0.49275362,100,100,64.9,0.5797101,Very Low,78.4,1.0789789,100,1747070100,Very Low,0.3621919,2.1145303,Very Low,1.1002632,60.5,1.3623189,100,1747070100,0.7246377
2025-05-12T17:20:59Z,0,29.867,73.8,57,67.4,10,10,241,75,0.0,255,32767,0.0,2127-15-31,0.0,0.16,26.24,0.0,0.0,0.0,0,4.828125,6,84,05:48,20:11,2025-05-12 17:20:59.416550,Città della Scienza,54.2,1.6687675,11.127666,0.4527399,1.1844069,EU EEA Common AQI,78.7,1.4805087,10.06222,7200,0.49275362,100,100,64.9,0.5797101,Very Low,78.4,1.0789789,100,1747070100,Very Low,0.3621919,2.1145303,Very Low,1.1002632,60.5,1.3623189,100,1747070100,0.7246377
2025-05-12T17:21:10Z,0,29.867,73.8,57,67.4,11,10,247,75,0.0,255,32767,0.0,2127-15-31,0.0,0.16,26.24,0.0,0.0,0.0,0,4.828125,6,84,05:48,20:11,2025-05-12 17:21:10.508562,Città della Scienza,54.2,1.6687675,11.127666,0.4527399,1.1844069,EU EEA Common AQI,78.7,1.4805087,10.06222,7200,0.49275362,100,100,64.9,0.5797101,Very Low,78.4,1.0789789,100,1747070100,Very Low,0.3621919,2.1145303,Very Low,1.1002632,60.5,1.3623189,100,1747070100,0.7246377
2025-05-12T17:21:21Z,0,29.867,73.8,57,67.4,10,10,243,75,0.0,255,32767,0.0,2127-15-31,0.0,0.16,26.24,0.0,0.0,0.0,0,4.828125,6,84,05:48,20:11,2025-05-12 17:21:21.611601,Città della Scienza,54.2,1.6687675,11.127666,0.4527399,1.1844069,EU EEA Common AQI,78.7,1.4805087,10.06222,7200,0.49275362,100,100,64.9,0.5797101,Very Low,78.4,1.0789789,100,1747070100,Very Low,0.3621919,2.1145303,Very Low,1.1002632,60.5,1.3623189,100,1747070100,0.7246377
2025-05-12T17:21:32Z,0,29.867,73.8,57,67.3,11,10,267,75,0.0,255,32767,0.0,2127-15-31,0.0,0.16,26.24,0.0,0.0,0.0,0,4.828125,6,84,05:48,20:11,2025-05-12 17:21:32.676589,Città della Scienza,54.2,1.6687675,11.127666,0.4527399,1.1844069,EU EEA Common AQI,78.7,1.4805087,10.06222,7200,0.49275362,100,100,64.9,0.5797101,Very Low,78.4,1.0789789,100,1747070100,Very Low,0.3621919,2.1145303,Very Low,1.1002632,60.5,1.3623189,100,1747070100,0.7246377
2025-05-12T17:21:43Z,0,29.867,73.7,57,67.3,11,10,249,75,0.0,255,32767,0.0,2127-15-31,0.0,0.16,26.24,0.0,0.0,0.0,0,4.828125,6,84,05:48,20:11,2025-05-12 17:21:43.757597,Città della Scienza,54.2,1.6687675,11.127666,0.4527399,1.1844069,EU EEA Common AQI,78.7,1.4805087,10.06222,7200,0.49275362,100,100,64.9,0.5797101,Very Low,78.4,1.0789789,100,1747070100,Very Low,0.3621919,2.1145303,Very Low,1.1002632,60.5,1.3623189,100,1747070100,0.7246377
2025-05-12T17:21:55Z,0,29.867,73.7,57,67.4,8,10,277,75,0.0,255,32767,0.0,2127-15-31,0.0,0.16,26.24,0.0,0.0,0.0,0,4.828125,6,84,05:48,20:11,2025-05-12 17:21:54.832592,Città della Scienza,54.2,1.6687675,11.127666,0.4527399,1.1844069,EU EEA Common AQI,78.7,1.4805087,10.06222,7200,0.49275362,100,100,64.9,0.5797101,Very Low,78.4,1.0789789,100,1747070100,Very Low,0.3621919,2.1145303,Very Low,1.1002632,60.5,1.3623189,100,1747070100,0.7246377
2025-05-12T17:22:06Z,0,29.867,73.7,57,67.3,8,10,256,75,0.0,255,32767,0.0,2127-15-31,0.0,0.16,26.24,0.0,0.0,0.0,0,4.828125,6,84,05:48,20:11,2025-05-12 17:22:05.931601,Città della Scienza,54.2,1.6687675,11.127666,0.4527399,1.1844069,EU EEA Common AQI,78.7,1.4805087,10.06222,7200,0.49275362,100,100,64.9,0.5797101,Very Low,78.4,1.0789789,100,1747070100,Very Low,0.3621919,2.1145303,Very Low,1.1002632,60.5,1.3623189,100,1747070100,0.7246377
2025-05-12T17:22:17Z,0,29.867,73.7,57,67.4,5,10,219,75,0.0,255,32767,0.0,2127-15-31,0.0,0.16,26.24,0.0,0.0,0.0,0,4.828125,6,84,05:48,20:11,2025-05-12 17:22:17.053559,Città della Scienza,54.2,1.6687675,11.127666,0.4527399,1.1844069,EU EEA Common AQI,78.7,1.4805087,10.06222,7200,0.49275362,100,100,64.9,0.5797101,Very Low,78.4,1.0789789,100,1747070100,Very Low,0.3621919,2.1145303,Very Low,1.1002632,60.5,1.3623189,100,1747070100,0.7246377
2025-05-12T17:22:28Z,0,29.867,73.7,57,67.4,8,10,250,75,0.0,255,32767,0.0,2127-15-31,0.0,0.16,26.24,0.0,0.0,0.0,0,4.828125,6,84,05:48,20:11,2025-05-12 17:22:28.181613,Città della Scienza,54.2,1.6687675,11.127666,0.4527399,1.1844069,EU EEA Common AQI,78.7,1.4805087,10.06222,7200,0.49275362,100,100,64.9,0.5797101,Very Low,78.4,1.0789789,100,1747070100,Very Low,0.3621919,2.1145303,Very Low,1.1002632,60.5,1.3623189,100,1747070100,0.7246377
2025-05-12T17:22:39Z,0,29.868,73.7,57,67.4,8,10,230,75,0.0,255,32767,0.0,2127-15-31,0.0,0.16,26.24,0.0,0.0,0.0,0,4.828125,6,84,05:48,20:11,2025-05-12 17:22:39.257557,Città della Scienza,54.2,1.6687675,11.127666,0.4527399,1.1844069,EU EEA Common AQI,78.7,1.4805087,10.06222,7200,0.49275362,100,100,64.9,0.5797101,Very Low,78.4,1.0789789,100,1747070100,Very Low,0.3621919,2.1145303,Very Low,1.1002632,60.5,1.3623189,100,1747070100,0.7246377
2025-05-12T17:22:50Z,0,29.868,73.7,57,67.4,11,10,238,75,0.0,255,32767,0.0,2127-15-31,0.0,0.16,26.24,0.0,0.0,0.0,0,4.828125,6,84,05:48,20:11,2025-05-12 17:22:50.359603,Città della Scienza,54.2,1.6687675,11.127666,0.4527399,1.1844069,EU EEA Common AQI,78.7,1.4805087,10.06222,7200,0.49275362,100,100,64.9,0.5797101,Very Low,78.4,1.0789789,100,1747070100,Very Low,0.3621919,2.1145303,Very Low,1.1002632,60.5,1.3623189,100,1747070100,0.7246377
2025-05-12T17:23:01Z,0,29.868,73.7,57,67.3,14,10,235,75,0.0,255,32767,0.0,2127-15-31,0.0,0.16,26.24,0.0,0.0,0.0,0,4.828125,6,84,05:48,20:11,2025-05-12 17:23:01.453597,Città della Scienza,54.2,1.6687675,11.127666,0.4527399,1.1844069,EU EEA Common AQI,78.7,1.4805087,10.06222,7200,0.49275362,100,100,64.9,0.5797101,Very Low,78.4,1.0789789,100,1747070100,Very Low,0.3621919,2.1145303,Very Low,1.1002632,60.5,1.3623189,100,1747070100,0.7246377
2025-05-12T17:23:12Z,0,29.868,73.7,57,67.4,12,10,265,75,0.0,255,32767,0.0,2127-15-31,0.0,0.16,26.24,0.0,0.0,0.0,0,4.828125,6,84,05:48,20:11,2025-05-12 17:23:12.527597,Città della Scienza,54.2,1.6687675,11.127666,0.4527399,1.1844069,EU EEA Common AQI,78.7,1.4805087,10.06222,7200,0.49275362,100,100,64.9,0.5797101,Very Low,78.4,1.0789789,100,1747070100,Very Low,0.3621919,2.1145303,Very Low,1.1002632,60.5,1.3623189,100,1747070100,0.7246377
2025-05-12T17:23:23Z,0,29.868,73.7,57,67.4,11,10,281,75,0.0,255,32767,0.0,2127-15-31,0.0,0.16,26.24,0.0,0.0,0.0,0,4.828125,6,84,05:48,20:11,2025-05-12 17:23:23.570594,Città della Scienza,54.2,1.6687675,11.127666,0.4527399,1.1844069,EU EEA Common AQI,78.7,1.4805087,10.06222,7200,0.49275362,100,100,64.9,0.5797101,Very Low,78.4,1.0789789,100,1747070100,Very Low,0.3621919,2.1145303,Very Low,1.1002632,60.5,1.3623189,100,1747070100,0.7246377
2025-05-12T17:23:34Z,0,29.867,73.7,57,67.3,8,10,279,75,0.0,255,32767,0.0,2127-15-31,0.0,0.16,26.24,0.0,0.0,0.0,0,4.828125,6,84,05:48,20:11,2025-05-12 17:23:34.680597,Città della Scienza,54.2,1.6687675,11.127666,0.4527399,1.1844069,EU EEA Common AQI,78.7,1.4805087,10.06222,7200,0.49275362,100,100,64.9,0.5797101,Very Low,78.4,1.0789789,100,1747070100,Very Low,0.3621919,2.1145303,Very Low,1.1002632,60.5,1.3623189,100,1747070100,0.7246377
2025-05-12T17:23:45Z,0,29.867,73.7,57,67.3,8,10,238,74,0.0,255,32767,0.0,2127-15-31,0.0,0.16,26.24,0.0,0.0,0.0,0,4.828125,6,84,05:48,20:11,2025-05-12 17:23:45.781599,Città della Scienza,54.2,1.6687675,11.127666,0.4527399,1.1844069,EU EEA Common AQI,78.7,1.4805087,10.06222,7200,0.49275362,100,100,64.9,0.5797101,Very Low,78.4,1.0789789,100,1747070100,Very Low,0.3621919,2.1145303,Very Low,1.1002632,60.5,1.3623189,100,1747070100,0.7246377
2025-05-12T17:23:57Z,0,29.867,73.7,57,67.3,8,10,261,74,0.0,255,32767,0.0,2127-15-31,0.0,0.16,26.24,0.0,0.0,0.0,0,4.828125,6,84,05:48,20:11,2025-05-12 17:23:56.879604,Città della Scienza,54.2,1.6687675,11.127666,0.4527399,1.1844069,EU EEA Common AQI,78.7,1.4805087,10.06222,7200,0.49275362,100,100,64.9,0.5797101,Very Low,78.4,1.0789789,100,1747070100,Very Low,0.3621919,2.1145303,Very Low,1.1002632,60.5,1.3623189,100,1747070100,0.7246377
2025-05-12T17:24:08Z,0,29.867,73.7,57,67.3,10,10,250,74,0.0,255,32767,0.0,2127-15-31,0.0,0.16,26.24,0.0,0.0,0.0,0,4.828125,6,84,05:48,20:11,2025-05-12 17:24:07.945594,Città della Scienza,54.2,1.6687675,11.127666,0.4527399,1.1844069,EU EEA Common AQI,78.7,1.4805087,10.06222,7200,0.49275362,100,100,64.9,0.5797101,Very Low,78.4,1.0789789,100,1747070100,Very Low,0.3621919,2.1145303,Very Low,1.1002632,60.5,1.3623189,100,1747070100,0.7246377
2025-05-12T17:24:19Z,0,29.867,73.7,57,67.3,9,10,241,74,0.0,255,32767,0.0,2127-15-31,0.0,0.16,26.24,0.0,0.0,0.0,0,4.828125,6,84,05:48,20:11,2025-05-12 17:24:19.044589,Città della Scienza,54.2,1.6687675,11.127666,0.4527399,1.1844069,EU EEA Common AQI,78.7,1.4805087,10.06222,7200,0.49275362,100,100,64.9,0.5797101,Very Low,78.4,1.0789789,100,1747070100,Very Low,0.3621919,2.1145303,Very Low,1.1002632,60.5,1.3623189,100,1747070100,0.7246377
2025-05-12T17:24:30Z,0,29.867,73.7,57,67.2,8,10,238,74,0.0,255,32767,0.0,2127-15-31,0.0,0.16,26.24,0.0,0.0,0.0,0,4.828125,6,84,05:48,20:11,2025-05-12 17:24:30.150594,Città della Scienza,54.2,1.6687675,11.127666,0.4527399,1.1844069,EU EEA Common AQI,78.7,1.4805087,10.06222,7200,0.49275362,100,100,64.9,0.5797101,Very Low,78.4,1.0789789,100,1747070100,Very Low,0.3621919,2.1145303,Very Low,1.1002632,60.5,1.3623189,100,1747070100,0.7246377
2025-05-12T17:24:41Z,0,29.867,73.7,57,67.3,10,10,256,74,0.0,255,32767,0.0,2127-15-31,0.0,0.16,26.24,0.0,0.0,0.0,0,4.828125,6,84,05:48,20:11,2025-05-12 17:24:41.237586,Città della Scienza,54.2,1.6687675,11.127666,0.4527399,1.1844069,EU EEA Common AQI,78.7,1.4805087,10.06222,7200,0.49275362,100,100,64.9,0.5797101,Very Low,78.4,1.0789789,100,1747070100,Very Low,0.3621919,2.1145303,Very Low,1.1002632,60.5,1.3623189,100,1747070100,0.7246377
2025-05-12T17:24:52Z,0,29.867,73.7,57,67.3,8,10,254,74,0.0,255,32767,0.0,2127-15-31,0.0,0.16,26.24,0.0,0.0,0.0,0,4.828125,6,84,05:48,20:11,2025-05-12 17:24:52.299594,Città della Scienza,54.2,1.6687675,11.127666,0.4527399,1.1844069,EU EEA Common AQI,78.7,1.4805087,10.06222,7200,0.49275362,100,100,64.9,0.5797101,Very Low,78.4,1.0789789,100,1747070100,Very Low,0.3621919,2.1145303,Very Low,1.1002632,60.5,1.3623189,100,1747070100,0.7246377
2025-05-12T17:25:03Z,0,29.867,73.7,57,67.3,8,10,240,74,0.0,255,32767,0.0,2127-15-31,0.0,0.16,26.24,0.0,0.0,0.0,0,4.828125,6,84,05:48,20:11,2025-05-12 17:25:03.369593,Città della Scienza,54.2,1.6687675,11.127666,0.4527399,1.1844069,EU EEA Common AQI,78.7,1.4805087,10.06222,7200,0.49275362,100,100,64.9,0.5797101,Very Low,78.4,1.0789789,100,1747070100,Very Low,0.3621919,2.1145303,Very Low,1.1002632,60.5,1.3623189,100,1747070100,0.7246377
2025-05-12T17:25:14Z,0,29.867,73.7,57,67.3,11,10,234,74,0.0,255,32767,0.0,2127-15-31,0.0,0.16,26.24,0.0,0.0,0.0,0,4.828125,6,84,05:48,20:11,2025-05-12 17:25:14.424591,Città della Scienza,54.2,1.6687675,11.127666,0.4527399,1.1844069,EU EEA Common AQI,78.7,1.4805087,10.06222,7200,0.49275362,100,100,64.9,0.5797101,Very Low,78.4,1.0789789,100,1747070100,Very Low,0.3621919,2.1145303,Very Low,1.1002632,60.5,1.3623189,100,1747070100,0.7246377
2025-05-12T17:25:25Z,0,29.867,73.7,57,67.3,9,10,241,74,0.0,255,32767,0.0,2127-15-31,0.0,0.16,26.24,0.0,0.0,0.0,0,4.828125,6,84,05:48,20:11,2025-05-12 17:25:25.524595,Città della Scienza,54.2,1.6687675,11.127666,0.4527399,1.1844069,EU EEA Common AQI,78.7,1.4805087,10.06222,7200,0.49275362,100,100,64.9,0.5797101,Very Low,78.4,1.0789789,100,1747070100,Very Low,0.3621919,2.1145303,Very Low,1.1002632,60.5,1.3623189,100,1747070100,0.7246377
2025-05-12T17:25:36Z,0,29.867,73.7,57,67.3,7,10,260,74,0.0,255,32767,0.0,2127-15-31,0.0,0.16,26.24,0.0,0.0,0.0,0,4.828125,6,84,05:48,20:11,2025-05-12 17:25:36.636590,Città della Scienza,54.2,1.6687675,11.127666,0.4527399,1.1844069,EU EEA Common AQI,78.7,1.4805087,10.06222,7200,0.49275362,100,100,64.9,0.5797101,Very Low,78.4,1.0789789,100,1747070100,Very Low,0.3621919,2.1145303,Very Low,1.1002632,60.5,1.3623189,100,1747070100,0.7246377
2025-05-12T17:25:47Z,0,29.867,73.7,57,67.3,8,10,261,74,0.0,255,32767,0.0,2127-15-31,0.0,0.16,26.24,0.0,0.0,0.0,0,4.828125,6,84,05:48,20:11,2025-05-12 17:25:47.744594,Città della Scienza,54.2,1.6687675,11.127666,0.4527399,1.1844069,EU EEA Common AQI,78.7,1.4805087,10.06222,7200,0.49275362,100,100,64.9,0.5797101,Very Low,78.4,1.0789789,100,1747070100,Very Low,0.3621919,2.1145303,Very Low,1.1002632,60.5,1.3623189,100,1747070100,0.7246377
2025-05-12T17:25:59Z,0,29.867,73.7,57,67.3,9,10,246,74,0.0,255,32767,0.0,2127-15-31,0.0,0.16,26.24,0.0,0.0,0.0,0,4.828125,6,84,05:48,20:11,2025-05-12 17:25:58.823564,Città della Scienza,54.2,1.6687675,11.127666,0.4527399,1.1844069,EU EEA Common AQI,78.7,1.4805087,10.06222,7200,0.49275362,100,100,64.9,0.5797101,Very Low,78.4,1.0789789,100,1747070100,Very Low,0.3621919,2.1145303,Very Low,1.1002632,60.5,1.3623189,100,1747070100,0.7246377
2025-05-12T17:26:10Z,0,29.867,73.7,57,67.4,11,10,246,74,0.0,255,32767,0.0,2127-15-31,0.0,0.16,26.24,0.0,0.0,0.0,0,4.828125,6,84,05:48,20:11,2025-05-12 17:26:09.888599,Città della Scienza,54.2,1.6687675,11.127666,0.4527399,1.1844069,EU EEA Common AQI,78.7,1.4805087,10.06222,7200,0.49275362,100,100,64.9,0.5797101,Very Low,78.4,1.0789789,100,1747070100,Very Low,0.3621919,2.1145303,Very Low,1.1002632,60.5,1.3623189,100,1747070100,0.7246377
2025-05-12T17:26:21Z,0,29.867,73.7,57,67.3,11,10,242,75,0.0,255,32767,0.0,2127-15-31,0.0,0.16,26.24,0.0,0.0,0.0,0,4.828125,6,84,05:48,20:11,2025-05-12 17:26:20.946594,Città della Scienza,54.2,1.6687675,11.127666,0.4527399,1.1844069,EU EEA Common AQI,78.7,1.4805087,10.06222,7200,0.49275362,100,100,64.9,0.5797101,Very Low,78.4,1.0789789,100,1747070100,Very Low,0.3621919,2.1145303,Very Low,1.1002632,60.5,1.3623189,100,1747070100,0.7246377
2025-05-12T17:26:32Z,0,29.867,73.7,57,67.3,8,10,261,75,0.0,255,32767,0.0,2127-15-31,0.0,0.16,26.24,0.0,0.0,0.0,0,4.828125,6,84,05:48,20:11,2025-05-12 17:26:32.012592,Città della Scienza,54.2,1.6687675,11.127666,0.4527399,1.1844069,EU EEA Common AQI,78.7,1.4805087,10.06222,7200,0.49275362,100,100,64.9,0.5797101,Very Low,78.4,1.0789789,100,1747070100,Very Low,0.3621919,2.1145303,Very Low,1.1002632,60.5,1.3623189,100,1747070100,0.7246377
2025-05-12T17:26:43Z,0,29.868,73.7,57,67.3,6,9,240,75,0.0,255,32767,0.0,2127-15-31,0.0,0.16,26.24,0.0,0.0,0.0,0,4.828125,6,84,05:48,20:11,2025-05-12 17:26:43.111594,Città della Scienza,54.2,1.6687675,11.127666,0.4527399,1.1844069,EU EEA Common AQI,78.7,1.4805087,10.06222,7200,0.49275362,100,100,64.9,0.5797101,Very Low,78.4,1.0789789,100,1747070100,Very Low,0.3621919,2.1145303,Very Low,1.1002632,60.5,1.3623189,100,1747070100,0.7246377
2025-05-12T17:26:54Z,0,29.868,73.7,57,67.3,8,9,232,75,0.0,255,32767,0.0,2127-15-31,0.0,0.16,26.24,0.0,0.0,0.0,0,4.828125,6,84,05:48,20:11,2025-05-12 17:26:54.227596,Città della Scienza,54.2,1.6687675,11.127666,0.4527399,1.1844069,EU EEA Common AQI,78.7,1.4805087,10.06222,7200,0.49275362,100,100,64.9,0.5797101,Very Low,78.4,1.0789789,100,1747070100,Very Low,0.3621919,2.1145303,Very Low,1.1002632,60.5,1.3623189,100,1747070100,0.7246377
2025-05-12T17:27:05Z,0,29.868,73.7,57,67.3,7,9,215,75,0.0,255,32767,0.0,2127-15-31,0.0,0.16,26.24,0.0,0.0,0.0,0,4.828125,6,84,05:48,20:11,2025-05-12 17:27:05.327595,Città della Scienza,54.2,1.6687675,11.127666,0.4527399,1.1844069,EU EEA Common AQI,78.7,1.4805087,10.06222,7200,0.49275362,100,100,64.9,0.5797101,Very Low,78.4,1.0789789,100,1747070100,Very Low,0.3621919,2.1145303,Very Low,1.1002632,60.5,1.3623189,100,1747070100,0.7246377
2025-05-12T17:27:16Z,0,29.868,73.7,57,67.3,6,9,211,75,0.0,255,32767,0.0,2127-15-31,0.0,0.16,26.24,0.0,0.0,0.0,0,4.828125,6,84,05:48,20:11,2025-05-12 17:27:16.407601,Città della Scienza,54.2,1.6687675,11.127666,0.4527399,1.1844069,EU EEA Common AQI,78.7,1.4805087,10.06222,7200,0.49275362,100,100,64.9,0.5797101,Very Low,78.4,1.0789789,100,1747070100,Very Low,0.3621919,2.1145303,Very Low,1.1002632,60.5,1.3623189,100,1747070100,0.7246377
2025-05-12T17:27:27Z,0,29.868,73.7,57,67.3,8,9,251,75,0.0,255,32767,0.0,2127-15-31,0.0,0.16,26.24,0.0,0.0,0.0,0,4.828125,6,84,05:48,20:11,2025-05-12 17:27:27.485586,Città della Scienza,54.2,1.6687675,11.127666,0.4527399,1.1844069,EU EEA Common AQI,78.7,1.4805087,10.06222,7200,0.49275362,100,100,64.9,0.5797101,Very Low,78.4,1.0789789,100,1747070100,Very Low,0.3621919,2.1145303,Very Low,1.1002632,60.5,1.3623189,100,1747070100,0.7246377
2025-05-12T17:27:38Z,0,29.867,73.7,57,67.3,11,9,265,75,0.0,255,32767,0.0,2127-15-31,0.0,0.16,26.24,0.0,0.0,0.0,0,4.828125,6,84,05:48,20:11,2025-05-12 17:27:38.598593,Città della Scienza,54.2,1.6687675,11.127666,0.4527399,1.1844069,EU EEA Common AQI,78.7,1.4805087,10.06222,7200,0.49275362,100,100,64.9,0.5797101,Very Low,78.4,1.0789789,100,1747070100,Very Low,0.3621919,2.1145303,Very Low,1.1002632,60.5,1.3623189,100,1747070100,0.7246377
2025-05-12T17:27:49Z,0,29.867,73.7,57,67.3,8,9,267,75,0.0,255,32767,0.0,2127-15-31,0.0,0.16,26.24,0.0,0.0,0.0,0,4.828125,6,84,05:48,20:11,2025-05-12 17:27:49.663596,Città della Scienza,54.2,1.6687675,11.127666,0.4527399,1.1844069,EU EEA Common AQI,78.7,1.4805087,10.06222,7200,0.49275362,100,100,64.9,0.5797101,Very Low,78.4,1.0789789,100,1747070100,Very Low,0.3621919,2.1145303,Very Low,1.1002632,60.5,1.3623189,100,1747070100,0.7246377
2025-05-12T17:28:00Z,0,29.867,73.7,57,67.3,10,9,249,75,0.0,255,32767,0.0,2127-15-31,0.0,0.16,26.24,0.0,0.0,0.0,0,4.828125,6,84,05:48,20:11,2025-05-12 17:28:00.721655,Città della Scienza,54.2,1.6687675,11.127666,0.4527399,1.1844069,EU EEA Common AQI,78.7,1.4805087,10.06222,7200,0.49275362,100,100,64.9,0.5797101,Very Low,78.4,1.0789789,100,1747070100,Very Low,0.3621919,2.1145303,Very Low,1.1002632,60.5,1.3623189,100,1747070100,0.7246377
2025-05-12T17:28:12Z,0,29.867,73.7,57,67.3,8,9,253,75,0.0,255,32767,0.0,2127-15-31,0.0,0.16,26.24,0.0,0.0,0.0,0,4.828125,6,84,05:48,20:11,2025-05-12 17:28:11.848608,Città della Scienza,54.2,1.6687675,11.127666,0.4527399,1.1844069,EU EEA Common AQI,78.7,1.4805087,10.06222,7200,0.49275362,100,100,64.9,0.5797101,Very Low,78.4,1.0789789,100,1747070100,Very Low,0.3621919,2.1145303,Very Low,1.1002632,60.5,1.3623189,100,1747070100,0.7246377
2025-05-12T17:28:23Z,0,29.867,73.7,57,67.3,11,9,246,75,0.0,255,32767,0.0,2127-15-31,0.0,0.16,26.24,0.0,0.0,0.0,0,4.828125,6,84,05:48,20:11,2025-05-12 17:28:22.920555,Città della Scienza,54.2,1.6687675,11.127666,0.4527399,1.1844069,EU EEA Common AQI,78.7,1.4805087,10.06222,7200,0.49275362,100,100,64.9,0.5797101,Very Low,78.4,1.0789789,100,1747070100,Very Low,0.3621919,2.1145303,Very Low,1.1002632,60.5,1.3623189,100,1747070100,0.7246377
2025-05-12T17:28:34Z,0,29.867,73.7,58,67.3,10,9,254,75,0.0,255,32767,0.0,2127-15-31,0.0,0.16,26.24,0.0,0.0,0.0,0,4.828125,6,84,05:48,20:11,2025-05-12 17:28:34.012574,Città della Scienza,54.2,1.6687675,11.127666,0.4527399,1.1844069,EU EEA Common AQI,78.7,1.4805087,10.06222,7200,0.49275362,100,100,64.9,0.5797101,Very Low,78.4,1.0789789,100,1747070100,Very Low,0.3621919,2.1145303,Very Low,1.1002632,60.5,1.3623189,100,1747070100,0.7246377
2025-05-12T17:28:45Z,0,29.867,73.7,58,67.3,9,9,250,75,0.0,255,32767,0.0,2127-15-31,0.0,0.16,26.24,0.0,0.0,0.0,0,4.828125,6,84,05:48,20:11,2025-05-12 17:28:45.107594,Città della Scienza,54.2,1.6687675,11.127666,0.4527399,1.1844069,EU EEA Common AQI,78.7,1.4805087,10.06222,7200,0.49275362,100,100,64.9,0.5797101,Very Low,78.4,1.0789789,100,1747070100,Very Low,0.3621919,2.1145303,Very Low,1.1002632,60.5,1.3623189,100,1747070100,0.7246377
2025-05-12T17:28:56Z,0,29.867,73.7,58,67.3,11,9,245,75,0.0,255,32767,0.0,2127-15-31,0.0,0.16,26.24,0.0,0.0,0.0,0,4.828125,6,84,05:48,20:11,2025-05-12 17:28:56.184594,Città della Scienza,54.2,1.6687675,11.127666,0.4527399,1.1844069,EU EEA Common AQI,78.7,1.4805087,10.06222,7200,0.49275362,100,100,64.9,0.5797101,Very Low,78.4,1.0789789,100,1747070100,Very Low,0.3621919,2.1145303,Very Low,1.1002632,60.5,1.3623189,100,1747070100,0.7246377
2025-05-12T17:29:07Z,0,29.867,73.7,58,67.3,8,9,251,75,0.0,255,32767,0.0,2127-15-31,0.0,0.16,26.24,0.0,0.0,0.0,0,4.828125,6,84,05:48,20:11,2025-05-12 17:29:07.210587,Città della Scienza,54.2,1.6687675,11.127666,0.4527399,1.1844069,EU EEA Common AQI,78.7,1.4805087,10.06222,7200,0.49275362,100,100,64.9,0.5797101,Very Low,78.4,1.0789789,100,1747070100,Very Low,0.3621919,2.1145303,Very Low,1.1002632,60.5,1.3623189,100,1747070100,0.7246377
2025-05-12T17:29:18Z,0,29.867,73.7,58,67.3,6,9,242,75,0.0,255,32767,0.0,2127-15-31,0.0,0.16,26.24,0.0,0.0,0.0,0,4.828125,6,84,05:48,20:11,2025-05-12 17:29:18.283589,Città della Scienza,54.2,1.6687675,11.127666,0.4527399,1.1844069,EU EEA Common AQI,78.7,1.4805087,10.06222,7200,0.49275362,100,100,64.9,0.5797101,Very Low,78.4,1.0789789,100,1747070100,Very Low,0.3621919,2.1145303,Very Low,1.1002632,60.5,1.3623189,100,1747070100,0.7246377
2025-05-12T17:29:29Z,0,29.867,73.7,58,67.3,11,9,267,75,0.0,255,32767,0.0,2127-15-31,0.0,0.16,26.24,0.0,0.0,0.0,0,4.828125,6,84,05:48,20:11,2025-05-12 17:29:29.393594,Città della Scienza,54.2,1.6687675,11.127666,0.4527399,1.1844069,EU EEA Common AQI,78.7,1.4805087,10.06222,7200,0.49275362,100,100,64.9,0.5797101,Very Low,78.4,1.0789789,100,1747070100,Very Low,0.3621919,2.1145303,Very Low,1.1002632,60.5,1.3623189,100,1747070100,0.7246377
2025-05-12T17:29:40Z,0,29.868,73.7,58,67.3,7,9,228,75,0.0,255,32767,0.0,2127-15-31,0.0,0.16,26.24,0.0,0.0,0.0,0,4.828125,6,84,05:48,20:11,2025-05-12 17:29:40.467594,Città della Scienza,54.2,1.6687675,11.127666,0.4527399,1.1844069,EU EEA Common AQI,78.7,1.4805087,10.06222,7200,0.49275362,100,100,64.9,0.5797101,Very Low,78.4,1.0789789,100,1747070100,Very Low,0.3621919,2.1145303,Very Low,1.1002632,60.5,1.3623189,100,1747070100,0.7246377
2025-05-12T17:29:51Z,0,29.868,73.7,58,67.3,9,9,262,75,0.0,255,32767,0.0,2127-15-31,0.0,0.16,26.24,0.0,0.0,0.0,0,4.828125,6,84,05:48,20:11,2025-05-12 17:29:51.510595,Città della Scienza,54.2,1.6687675,11.127666,0.4527399,1.1844069,EU EEA Common AQI,78.7,1.4805087,10.06222,7200,0.49275362,100,100,64.9,0.5797101,Very Low,78.4,1.0789789,100,1747070100,Very Low,0.3621919,2.1145303,Very Low,1.1002632,60.5,1.3623189,100,1747070100,0.7246377
2025-05-12T17:30:02Z,0,29.868,73.7,58,67.3,12,9,243,75,0.0,255,32767,0.0,2127-15-31,0.0,0.16,26.24,0.0,0.0,0.0,0,4.828125,6,84,05:48,20:11,2025-05-12 17:30:02.601590,Città della Scienza,54.2,1.6687675,11.127666,0.4527399,1.1844069,EU EEA Common AQI,78.7,1.4805087,10.06222,7200,0.49275362,100,100,64.9,0.5797101,Very Low,78.4,1.0789789,100,1747070100,Very Low,0.3621919,2.1145303,Very Low,1.1002632,60.5,1.3623189,100,1747070100,0.7246377
2025-05-12T17:30:13Z,0,29.868,73.7,58,67.3,12,9,249,75,0.0,255,32767,0.0,2127-15-31,0.0,0.16,26.24,0.0,0.0,0.0,0,4.828125,6,84,05:48,20:11,2025-05-12 17:30:13.702591,Città della Scienza,54.2,1.6687675,11.127666,0.4527399,1.1844069,EU EEA Common AQI,78.7,1.4805087,10.06222,7200,0.49275362,100,100,64.9,0.5797101,Very Low,78.4,1.0789789,100,1747070100,Very Low,0.3621919,2.1145303,Very Low,1.1002632,60.5,1.3623189,100,1747070100,0.7246377
2025-05-12T17:30:24Z,0,29.868,73.7,58,67.3,8,9,251,75,0.0,255,32767,0.0,2127-15-31,0.0,0.16,26.24,0.0,0.0,0.0,0,4.828125,6,84,05:48,20:11,2025-05-12 17:30:24.797602,Città della Scienza,54.2,1.5179099,11.107366,0.4211534,1.0590556,EU EEA Common AQI,79.1,1.3238195,10.042719,7200,0.1594203,100,100,65.2,0.12753622,Very Low,78.7,0.9343438,100,1747071000,Very Low,0.3369227,1.9357252,Very Low,1.0471405,60.8,0.9710145,100,1747071000,0.1594203
2025-05-12T17:30:36Z,0,29.868,73.7,58,67.2,9,9,252,75,0.0,255,32767,0.0,2127-15-31,0.0,0.16,26.24,0.0,0.0,0.0,0,4.828125,6,84,05:48,20:11,2025-05-12 17:30:35.856600,Città della Scienza,54.2,1.5179099,11.107366,0.4211534,1.0590556,EU EEA Common AQI,79.1,1.3238195,10.042719,7200,0.1594203,100,100,65.2,0.12753622,Very Low,78.7,0.9343438,100,1747071000,Very Low,0.3369227,1.9357252,Very Low,1.0471405,60.8,0.9710145,100,1747071000,0.1594203
2025-05-12T17:30:47Z,0,29.868,73.7,58,67.2,7,9,246,75,0.0,255,32767,0.0,2127-15-31,0.0,0.16,26.24,0.0,0.0,0.0,0,4.828125,6,84,05:48,20:11,2025-05-12 17:30:46.947554,Città della Scienza,54.2,1.5179099,11.107366,0.4211534,1.0590556,EU EEA Common AQI,79.1,1.3238195,10.042719,7200,0.1594203,100,100,65.2,0.12753622,Very Low,78.7,0.9343438,100,1747071000,Very Low,0.3369227,1.9357252,Very Low,1.0471405,60.8,0.9710145,100,1747071000,0.1594203
2025-05-12T17:30:58Z,0,29.868,73.7,58,67.3,8,9,246,75,0.0,255,32767,0.0,2127-15-31,0.0,0.16,26.24,0.0,0.0,0.0,0,4.828125,6,84,05:48,20:11,2025-05-12 17:30:58.017589,Città della Scienza,54.2,1.5179099,11.107366,0.4211534,1.0590556,EU EEA Common AQI,79.1,1.3238195,10.042719,7200,0.1594203,100,100,65.2,0.12753622,Very Low,78.7,0.9343438,100,1747071000,Very Low,0.3369227,1.9357252,Very Low,1.0471405,60.8,0.9710145,100,1747071000,0.1594203
2025-05-12T17:31:09Z,0,29.868,73.7,58,67.3,9,9,252,75,0.0,255,32767,0.0,2127-15-31,0.0,0.16,26.24,0.0,0.0,0.0,0,4.828125,6,84,05:48,20:11,2025-05-12 17:31:09.115594,Città della Scienza,54.2,1.5179099,11.107366,0.4211534,1.0590556,EU EEA Common AQI,79.1,1.3238195,10.042719,7200,0.1594203,100,100,65.2,0.12753622,Very Low,78.7,0.9343438,100,1747071000,Very Low,0.3369227,1.9357252,Very Low,1.0471405,60.8,0.9710145,100,1747071000,0.1594203
2025-05-12T17:31:20Z,0,29.868,73.7,58,67.2,11,9,252,75,0.0,255,32767,0.0,2127-15-31,0.0,0.16,26.24,0.0,0.0,0.0,0,4.828125,6,84,05:48,20:11,2025-05-12 17:31:20.237587,Città della Scienza,54.2,1.5179099,11.107366,0.4211534,1.0590556,EU EEA Common AQI,79.1,1.3238195,10.042719,7200,0.1594203,100,100,65.2,0.12753622,Very Low,78.7,0.9343438,100,1747071000,Very Low,0.3369227,1.9357252,Very Low,1.0471405,60.8,0.9710145,100,1747071000,0.1594203
2025-05-12T17:31:31Z,0,29.868,73.7,58,67.3,7,9,225,75,0.0,255,32767,0.0,2127-15-31,0.0,0.16,26.24,0.0,0.0,0.0,0,4.828125,6,84,05:48,20:11,2025-05-12 17:31:31.329608,Città della Scienza,54.2,1.5179099,11.107366,0.4211534,1.0590556,EU EEA Common AQI,79.1,1.3238195,10.042719,7200,0.1594203,100,100,65.2,0.12753622,Very Low,78.7,0.9343438,100,1747071000,Very Low,0.3369227,1.9357252,Very Low,1.0471405,60.8,0.9710145,100,1747071000,0.1594203
2025-05-12T17:31:42Z,0,29.867,73.7,58,67.3,8,9,262,75,0.0,255,32767,0.0,2127-15-31,0.0,0.16,26.24,0.0,0.0,0.0,0,4.828125,6,84,05:48,20:11,2025-05-12 17:31:42.426602,Città della Scienza,54.2,1.5179099,11.107366,0.4211534,1.0590556,EU EEA Common AQI,79.1,1.3238195,10.042719,7200,0.1594203,100,100,65.2,0.12753622,Very Low,78.7,0.9343438,100,1747071000,Very Low,0.3369227,1.9357252,Very Low,1.0471405,60.8,0.9710145,100,1747071000,0.1594203
2025-05-12T17:31:53Z,0,29.867,73.7,58,67.3,11,9,232,75,0.0,255,32767,0.0,2127-15-31,0.0,0.16,26.24,0.0,0.0,0.0,0,4.828125,6,84,05:48,20:11,2025-05-12 17:31:53.479596,Città della Scienza,54.2,1.5179099,11.107366,0.4211534,1.0590556,EU EEA Common AQI,79.1,1.3238195,10.042719,7200,0.1594203,100,100,65.2,0.12753622,Very Low,78.7,0.9343438,100,1747071000,Very Low,0.3369227,1.9357252,Very Low,1.0471405,60.8,0.9710145,100,1747071000,0.1594203
2025-05-12T17:32:04Z,0,29.867,73.7,58,67.3,10,9,238,75,0.0,255,32767,0.0,2127-15-31,0.0,0.16,26.24,0.0,0.0,0.0,0,4.828125,6,84,05:48,20:11,2025-05-12 17:32:04.549599,Città della Scienza,54.2,1.5179099,11.107366,0.4211534,1.0590556,EU EEA Common AQI,79.1,1.3238195,10.042719,7200,0.1594203,100,100,65.2,0.12753622,Very Low,78.7,0.9343438,100,1747071000,Very Low,0.3369227,1.9357252,Very Low,1.0471405,60.8,0.9710145,100,1747071000,0.1594203
2025-05-12T17:32:15Z,0,29.867,73.7,58,67.3,10,9,252,75,0.0,255,32767,0.0,2127-15-31,0.0,0.16,26.24,0.0,0.0,0.0,0,4.828125,6,84,05:48,20:11,2025-05-12 17:32:15.649596,Città della Scienza,54.2,1.5179099,11.107366,0.4211534,1.0590556,EU EEA Common AQI,79.1,1.3238195,10.042719,7200,0.1594203,100,100,65.2,0.12753622,Very Low,78.7,0.9343438,100,1747071000,Very Low,0.3369227,1.9357252,Very Low,1.0471405,60.8,0.9710145,100,1747071000,0.1594203
2025-05-12T17:32:26Z,0,29.867,73.7,58,67.3,11,9,236,75,0.0,255,32767,0.0,2127-15-31,0.0,0.16,26.24,0.0,0.0,0.0,0,4.828125,6,84,05:48,20:11,2025-05-12 17:32:26.748599,Città della Scienza,54.2,1.5179099,11.107366,0.4211534,1.0590556,EU EEA Common AQI,79.1,1.3238195,10.042719,7200,0.1594203,100,100,65.2,0.12753622,Very Low,78.7,0.9343438,100,1747071000,Very Low,0.3369227,1.9357252,Very Low,1.0471405,60.8,0.9710145,100,1747071000,0.1594203
2025-05-12T17:32:38Z,0,29.869,73.7,58,67.3,9,9,248,75,0.0,255,32767,0.0,2127-15-31,0.0,0.16,26.24,0.0,0.0,0.0,0,4.828125,6,84,05:48,20:11,2025-05-12 17:32:37.838596,Città della Scienza,54.2,1.5179099,11.107366,0.4211534,1.0590556,EU EEA Common AQI,79.1,1.3238195,10.042719,7200,0.1594203,100,100,65.2,0.12753622,Very Low,78.7,0.9343438,100,1747071000,Very Low,0.3369227,1.9357252,Very Low,1.0471405,60.8,0.9710145,100,1747071000,0.1594203
2025-05-12T17:32:49Z,0,29.869,73.7,58,67.3,9,9,279,75,0.0,255,32767,0.0,2127-15-31,0.0,0.16,26.24,0.0,0.0,0.0,0,4.828125,6,84,05:48,20:11,2025-05-12 17:32:48.917592,Città della Scienza,54.2,1.5179099,11.107366,0.4211534,1.0590556,EU EEA Common AQI,79.1,1.3238195,10.042719,7200,0.1594203,100,100,65.2,0.12753622,Very Low,78.7,0.9343438,100,1747071000,Very Low,0.3369227,1.9357252,Very Low,1.0471405,60.8,0.9710145,100,1747071000,0.1594203
2025-05-12T17:33:00Z,0,29.869,73.7,58,67.3,9,9,266,75,0.0,255,32767,0.0,2127-15-31,0.0,0.16,26.24,0.0,0.0,0.0,0,4.828125,6,84,05:48,20:11,2025-05-12 17:33:00.028599,Città della Scienza,54.2,1.5179099,11.107366,0.4211534,1.0590556,EU EEA Common AQI,79.1,1.3238195,10.042719,7200,0.1594203,100,100,65.2,0.12753622,Very Low,78.7,0.9343438,100,1747071000,Very Low,0.3369227,1.9357252,Very Low,1.0471405,60.8,0.9710145,100,1747071000,0.1594203
2025-05-12T17:33:11Z,0,29.869,73.7,58,67.3,8,9,247,75,0.0,255,32767,0.0,2127-15-31,0.0,0.16,26.24,0.0,0.0,0.0,0,4.828125,6,84,05:48,20:11,2025-05-12 17:33:11.074595,Città della Scienza,54.2,1.5179099,11.107366,0.4211534,1.0590556,EU EEA Common AQI,79.1,1.3238195,10.042719,7200,0.1594203,100,100,65.2,0.12753622,Very Low,78.7,0.9343438,100,1747071000,Very Low,0.3369227,1.9357252,Very Low,1.0471405,60.8,0.9710145,100,1747071000,0.1594203
2025-05-12T17:33:22Z,0,29.869,73.7,58,67.2,9,9,238,75,0.0,255,32767,0.0,2127-15-31,0.0,0.16,26.24,0.0,0.0,0.0,0,4.828125,6,84,05:48,20:11,2025-05-12 17:33:22.175605,Città della Scienza,54.2,1.5179099,11.107366,0.4211534,1.0590556,EU EEA Common AQI,79.1,1.3238195,10.042719,7200,0.1594203,100,100,65.2,0.12753622,Very Low,78.7,0.9343438,100,1747071000,Very Low,0.3369227,1.9357252,Very Low,1.0471405,60.8,0.9710145,100,1747071000,0.1594203
2025-05-12T17:33:33Z,0,29.869,73.7,58,67.2,7,9,229,75,0.0,255,32767,0.0,2127-15-31,0.0,0.16,26.24,0.0,0.0,0.0,0,4.828125,6,84,05:48,20:11,2025-05-12 17:33:33.274238,Città della Scienza,54.2,1.5179099,11.107366,0.4211534,1.0590556,EU EEA Common AQI,79.1,1.3238195,10.042719,7200,0.1594203,100,100,65.2,0.12753622,Very Low,78.7,0.9343438,100,1747071000,Very Low,0.3369227,1.9357252,Very Low,1.0471405,60.8,0.9710145,100,1747071000,0.1594203
2025-05-12T17:33:44Z,0,29.869,73.7,58,67.2,9,9,244,75,0.0,255,32767,0.0,2127-15-31,0.0,0.16,26.24,0.0,0.0,0.0,0,4.828125,6,84,05:48,20:11,2025-05-12 17:33:44.366607,Città della Scienza,54.2,1.5179099,11.107366,0.4211534,1.0590556,EU EEA Common AQI,79.1,1.3238195,10.042719,7200,0.1594203,100,100,65.2,0.12753622,Very Low,78.7,0.9343438,100,1747071000,Very Low,0.3369227,1.9357252,Very Low,1.0471405,60.8,0.9710145,100,1747071000,0.1594203
2025-05-12T17:33:55Z,0,29.869,73.7,58,67.2,9,9,249,75,0.0,255,32767,0.0,2127-15-31,0.0,0.16,26.24,0.0,0.0,0.0,0,4.828125,6,84,05:48,20:11,2025-05-12 17:33:55.473590,Città della Scienza,54.2,1.5179099,11.107366,0.4211534,1.0590556,EU EEA Common AQI,79.1,1.3238195,10.042719,7200,0.1594203,100,100,65.2,0.12753622,Very Low,78.7,0.9343438,100,1747071000,Very Low,0.3369227,1.9357252,Very Low,1.0471405,60.8,0.9710145,100,1747071000,0.1594203
2025-05-12T17:34:06Z,0,29.869,73.7,58,67.2,7,9,252,75,0.0,255,32767,0.0,2127-15-31,0.0,0.16,26.24,0.0,0.0,0.0,0,4.828125,6,84,05:48,20:11,2025-05-12 17:34:06.595590,Città della Scienza,54.2,1.5179099,11.107366,0.4211534,1.0590556,EU EEA Common AQI,79.1,1.3238195,10.042719,7200,0.1594203,100,100,65.2,0.12753622,Very Low,78.7,0.9343438,100,1747071000,Very Low,0.3369227,1.9357252,Very Low,1.0471405,60.8,0.9710145,100,1747071000,0.1594203
2025-05-12T17:34:17Z,0,29.869,73.7,58,67.3,10,9,244,75,0.0,255,32767,0.0,2127-15-31,0.0,0.16,26.24,0.0,0.0,0.0,0,4.828125,6,84,05:48,20:11,2025-05-12 17:34:17.647599,Città della Scienza,54.2,1.5179099,11.107366,0.4211534,1.0590556,EU EEA Common AQI,79.1,1.3238195,10.042719,7200,0.1594203,100,100,65.2,0.12753622,Very Low,78.7,0.9343438,100,1747071000,Very Low,0.3369227,1.9357252,Very Low,1.0471405,60.8,0.9710145,100,1747071000,0.1594203
2025-05-12T17:34:28Z,0,29.869,73.7,58,67.3,9,9,259,75,0.0,255,32767,0.0,2127-15-31,0.0,0.16,26.24,0.0,0.0,0.0,0,4.828125,6,84,05:48,20:11,2025-05-12 17:34:28.716589,Città della Scienza,54.2,1.5179099,11.107366,0.4211534,1.0590556,EU EEA Common AQI,79.1,1.3238195,10.042719,7200,0.1594203,100,100,65.2,0.12753622,Very Low,78.7,0.9343438,100,1747071000,Very Low,0.3369227,1.9357252,Very Low,1.0471405,60.8,0.9710145,100,1747071000,0.1594203
2025-05-12T17:34:39Z,0,29.869,73.7,58,67.3,8,9,251,75,0.0,255,32767,0.0,2127-15-31,0.0,0.16,26.24,0.0,0.0,0.0,0,4.828125,6,84,05:48,20:11,2025-05-12 17:34:39.749595,Città della Scienza,54.2,1.5179099,11.107366,0.4211534,1.0590556,EU EEA Common AQI,79.1,1.3238195,10.042719,7200,0.1594203,100,100,65.2,0.12753622,Very Low,78.7,0.9343438,100,1747071000,Very Low,0.3369227,1.9357252,Very Low,1.0471405,60.8,0.9710145,100,1747071000,0.1594203
2025-05-12T17:34:50Z,0,29.869,73.7,58,67.3,9,9,252,75,0.0,255,32767,0.0,2127-15-31,0.0,0.16,26.24,0.0,0.0,0.0,0,4.828125,6,84,05:48,20:11,2025-05-12 17:34:50.797597,Città della Scienza,54.2,1.5179099,11.107366,0.4211534,1.0590556,EU EEA Common AQI,79.1,1.3238195,10.042719,7200,0.1594203,100,100,65.2,0.12753622,Very Low,78.7,0.9343438,100,1747071000,Very Low,0.3369227,1.9357252,Very Low,1.0471405,60.8,0.9710145,100,1747071000,0.1594203
2025-05-12T17:35:02Z,0,29.869,73.7,58,67.2,9,9,246,75,0.0,255,32767,0.0,2127-15-31,0.0,0.16,26.24,0.0,0.0,0.0,0,4.828125,6,84,05:48,20:11,2025-05-12 17:35:01.837587,Città della Scienza,54.2,1.5179099,11.107366,0.4211534,1.0590556,EU EEA Common AQI,79.1,1.3238195,10.042719,7200,0.1594203,100,100,65.2,0.12753622,Very Low,78.7,0.9343438,100,1747071000,Very Low,0.3369227,1.9357252,Very Low,1.0471405,60.8,0.9710145,100,1747071000,0.1594203
2025-05-12T17:35:13Z,0,29.869,73.7,58,67.2,10,9,256,75,0.0,255,32767,0.0,2127-15-31,0.0,0.16,26.24,0.0,0.0,0.0,0,4.828125,6,84,05:48,20:11,2025-05-12 17:35:12.959595,Città della Scienza,54.2,1.5179099,11.107366,0.4211534,1.0590556,EU EEA Common AQI,79.1,1.3238195,10.042719,7200,0.1594203,100,100,65.2,0.12753622,Very Low,78.7,0.9343438,100,1747071000,Very Low,0.3369227,1.9357252,Very Low,1.0471405,60.8,0.9710145,100,1747071000,0.1594203
2025-05-12T17:35:24Z,0,29.869,73.7,58,67.2,12,9,245,75,0.0,255,32767,0.0,2127-15-31,0.0,0.16,26.24,0.0,0.0,0.0,0,4.828125,6,84,05:48,20:11,2025-05-12 17:35:24.070587,Città della Scienza,54.2,1.5179099,11.107366,0.4211534,1.0590556,EU EEA Common AQI,79.1,1.3238195,10.042719,7200,0.1594203,100,100,65.2,0.12753622,Very Low,78.7,0.9343438,100,1747071000,Very Low,0.3369227,1.9357252,Very Low,1.0471405,60.8,0.9710145,100,1747071000,0.1594203
2025-05-12T17:35:35Z,0,29.867,73.7,58,67.2,10,9,245,75,0.0,255,32767,0.0,2127-15-31,0.0,0.16,26.24,0.0,0.0,0.0,0,4.828125,6,84,05:48,20:11,2025-05-12 17:35:35.164592,Città della Scienza,54.2,1.5179099,11.107366,0.4211534,1.0590556,EU EEA Common AQI,79.1,1.3238195,10.042719,7200,0.1594203,100,100,65.2,0.12753622,Very Low,78.7,0.9343438,100,1747071000,Very Low,0.3369227,1.9357252,Very Low,1.0471405,60.8,0.9710145,100,1747071000,0.1594203
2025-05-12T17:35:46Z,0,29.867,73.7,58,67.2,10,9,254,75,0.0,255,32767,0.0,2127-15-31,0.0,0.16,26.24,0.0,0.0,0.0,0,4.828125,6,84,05:48,20:11,2025-05-12 17:35:46.278599,Città della Scienza,54.2,1.5179099,11.107366,0.4211534,1.0590556,EU EEA Common AQI,79.1,1.3238195,10.042719,7200,0.1594203,100,100,65.2,0.12753622,Very Low,78.7,0.9343438,100,1747071000,Very Low,0.3369227,1.9357252,Very Low,1.0471405,60.8,0.9710145,100,1747071000,0.1594203
2025-05-12T17:35:57Z,0,29.867,73.7,58,67.2,4,9,240,75,0.0,255,32767,0.0,2127-15-31,0.0,0.16,26.24,0.0,0.0,0.0,0,4.828125,6,84,05:48,20:11,2025-05-12 17:35:57.344589,Città della Scienza,54.2,1.5179099,11.107366,0.4211534,1.0590556,EU EEA Common AQI,79.1,1.3238195,10.042719,7200,0.1594203,100,100,65.2,0.12753622,Very Low,78.7,0.9343438,100,1747071000,Very Low,0.3369227,1.9357252,Very Low,1.0471405,60.8,0.9710145,100,1747071000,0.1594203
2025-05-12T17:36:08Z,0,29.867,73.7,58,67.2,8,9,255,75,0.0,255,32767,0.0,2127-15-31,0.0,0.16,26.24,0.0,0.0,0.0,0,4.828125,6,84,05:48,20:11,2025-05-12 17:36:08.437597,Città della Scienza,54.2,1.5179099,11.107366,0.4211534,1.0590556,EU EEA Common AQI,79.1,1.3238195,10.042719,7200,0.1594203,100,100,65.2,0.12753622,Very Low,78.7,0.9343438,100,1747071000,Very Low,0.3369227,1.9357252,Very Low,1.0471405,60.8,0.9710145,100,1747071000,0.1594203
2025-05-12T17:36:19Z,0,29.867,73.7,58,67.2,9,9,252,75,0.0,255,32767,0.0,2127-15-31,0.0,0.16,26.24,0.0,0.0,0.0,0,4.828125,6,84,05:48,20:11,2025-05-12 17:36:19.526587,Città della Scienza,54.2,1.5179099,11.107366,0.4211534,1.0590556,EU EEA Common AQI,79.1,1.3238195,10.042719,7200,0.1594203,100,100,65.2,0.12753622,Very Low,78.7,0.9343438,100,1747071000,Very Low,0.3369227,1.9357252,Very Low,1.0471405,60.8,0.9710145,100,1747071000,0.1594203
2025-05-12T17:36:30Z,0,29.867,73.7,58,67.2,8,9,253,75,0.0,255,32767,0.0,2127-15-31,0.0,0.16,26.24,0.0,0.0,0.0,0,4.828125,6,84,05:48,20:11,2025-05-12 17:36:30.607590,Città della Scienza,54.2,1.5179099,11.107366,0.4211534,1.0590556,EU EEA Common AQI,79.1,1.3238195,10.042719,7200,0.1594203,100,100,65.2,0.12753622,Very Low,78.7,0.9343438,100,1747071000,Very Low,0.3369227,1.9357252,Very Low,1.0471405,60.8,0.9710145,100,1747071000,0.1594203
2025-05-12T17:36:41Z,0,29.866,73.6,58,67.2,9,9,244,75,0.0,255,32767,0.0,2127-15-31,0.0,0.16,26.24,0.0,0.0,0.0,0,4.828125,6,84,05:48,20:11,2025-05-12 17:36:41.699589,Città della Scienza,54.2,1.5179099,11.107366,0.4211534,1.0590556,EU EEA Common AQI,79.1,1.3238195,10.042719,7200,0.1594203,100,100,65.2,0.12753622,Very Low,78.7,0.9343438,100,1747071000,Very Low,0.3369227,1.9357252,Very Low,1.0471405,60.8,0.9710145,100,1747071000,0.1594203
2025-05-12T17:36:52Z,0,29.866,73.6,58,67.2,11,9,242,75,0.0,255,32767,0.0,2127-15-31,0.0,0.16,26.24,0.0,0.0,0.0,0,4.828125,6,84,05:48,20:11,2025-05-12 17:36:52.777999,Città della Scienza,54.2,1.5179099,11.107366,0.4211534,1.0590556,EU EEA Common AQI,79.1,1.3238195,10.042719,7200,0.1594203,100,100,65.2,0.12753622,Very Low,78.7,0.9343438,100,1747071000,Very Low,0.3369227,1.9357252,Very Low,1.0471405,60.8,0.9710145,100,1747071000,0.1594203
2025-05-12T17:37:04Z,0,29.866,73.6,58,67.2,9,9,254,75,0.0,255,32767,0.0,2127-15-31,0.0,0.16,26.24,0.0,0.0,0.0,0,4.828125,6,84,05:48,20:11,2025-05-12 17:37:03.858608,Città della Scienza,54.2,1.5179099,11.107366,0.4211534,1.0590556,EU EEA Common AQI,79.1,1.3238195,10.042719,7200,0.1594203,100,100,65.2,0.12753622,Very Low,78.7,0.9343438,100,1747071000,Very Low,0.3369227,1.9357252,Very Low,1.0471405,60.8,0.9710145,100,1747071000,0.1594203
2025-05-12T17:37:15Z,0,29.866,73.6,58,67.2,11,9,238,75,0.0,255,32767,0.0,2127-15-31,0.0,0.16,26.24,0.0,0.0,0.0,0,4.828125,6,84,05:48,20:11,2025-05-12 17:37:14.952592,Città della Scienza,54.2,1.5179099,11.107366,0.4211534,1.0590556,EU EEA Common AQI,79.1,1.3238195,10.042719,7200,0.1594203,100,100,65.2,0.12753622,Very Low,78.7,0.9343438,100,1747071000,Very Low,0.3369227,1.9357252,Very Low,1.0471405,60.8,0.9710145,100,1747071000,0.1594203
2025-05-12T17:37:26Z,0,29.866,73.6,58,67.2,11,9,241,75,0.0,255,32767,0.0,2127-15-31,0.0,0.16,26.24,0.0,0.0,0.0,0,4.828125,6,84,05:48,20:11,2025-05-12 17:37:26.026552,Città della Scienza,54.2,1.5179099,11.107366,0.4211534,1.0590556,EU EEA Common AQI,79.1,1.3238195,10.042719,7200,0.1594203,100,100,65.2,0.12753622,Very Low,78.7,0.9343438,100,1747071000,Very Low,0.3369227,1.9357252,Very Low,1.0471405,60.8,0.9710145,100,1747071000,0.1594203
2025-05-12T17:37:37Z,0,29.868,73.7,58,67.2,11,9,242,75,0.0,255,32767,0.0,2127-15-31,0.0,0.16,26.24,0.0,0.0,0.0,0,4.828125,6,84,05:48,20:11,2025-05-12 17:37:37.079594,Città della Scienza,54.2,1.5179099,11.107366,0.4211534,1.0590556,EU EEA Common AQI,79.1,1.3238195,10.042719,7200,0.1594203,100,100,65.2,0.12753622,Very Low,78.7,0.9343438,100,1747071000,Very Low,0.3369227,1.9357252,Very Low,1.0471405,60.8,0.9710145,100,1747071000,0.1594203
2025-05-12T17:37:48Z,0,29.868,73.7,58,67.2,10,9,235,74,0.0,255,32767,0.0,2127-15-31,0.0,0.16,26.24,0.0,0.0,0.0,0,4.828125,6,84,05:48,20:11,2025-05-12 17:37:48.155564,Città della Scienza,54.2,1.5179099,11.107366,0.4211534,1.0590556,EU EEA Common AQI,79.1,1.3238195,10.042719,7200,0.1594203,100,100,65.2,0.12753622,Very Low,78.7,0.9343438,100,1747071000,Very Low,0.3369227,1.9357252,Very Low,1.0471405,60.8,0.9710145,100,1747071000,0.1594203
2025-05-12T17:37:59Z,0,29.868,73.7,58,67.1,12,9,242,74,0.0,255,32767,0.0,2127-15-31,0.0,0.16,26.24,0.0,0.0,0.0,0,4.828125,6,84,05:48,20:11,2025-05-12 17:37:59.253592,Città della Scienza,54.2,1.5179099,11.107366,0.4211534,1.0590556,EU EEA Common AQI,79.1,1.3238195,10.042719,7200,0.1594203,100,100,65.2,0.12753622,Very Low,78.7,0.9343438,100,1747071000,Very Low,0.3369227,1.9357252,Very Low,1.0471405,60.8,0.9710145,100,1747071000,0.1594203
2025-05-12T17:38:10Z,0,29.868,73.7,58,67.1,12,9,257,74,0.0,255,32767,0.0,2127-15-31,0.0,0.16,26.24,0.0,0.0,0.0,0,4.828125,6,84,05:48,20:11,2025-05-12 17:38:10.348589,Città della Scienza,54.2,1.5179099,11.107366,0.4211534,1.0590556,EU EEA Common AQI,79.1,1.3238195,10.042719,7200,0.1594203,100,100,65.2,0.12753622,Very Low,78.7,0.9343438,100,1747071000,Very Low,0.3369227,1.9357252,Very Low,1.0471405,60.8,0.9710145,100,1747071000,0.1594203
2025-05-12T17:38:21Z,0,29.868,73.7,58,67.1,10,9,248,74,0.0,255,32767,0.0,2127-15-31,0.0,0.16,26.24,0.0,0.0,0.0,0,4.828125,6,84,05:48,20:11,2025-05-12 17:38:21.445578,Città della Scienza,54.2,1.5179099,11.107366,0.4211534,1.0590556,EU EEA Common AQI,79.1,1.3238195,10.042719,7200,0.1594203,100,100,65.2,0.12753622,Very Low,78.7,0.9343438,100,1747071000,Very Low,0.3369227,1.9357252,Very Low,1.0471405,60.8,0.9710145,100,1747071000,0.1594203
2025-05-12T17:38:32Z,0,29.868,73.7,58,67.1,11,9,234,74,0.0,255,32767,0.0,2127-15-31,0.0,0.16,26.24,0.0,0.0,0.0,0,4.828125,6,84,05:48,20:11,2025-05-12 17:38:32.512588,Città della Scienza,54.2,1.5179099,11.107366,0.4211534,1.0590556,EU EEA Common AQI,79.1,1.3238195,10.042719,7200,0.1594203,100,100,65.2,0.12753622,Very Low,78.7,0.9343438,100,1747071000,Very Low,0.3369227,1.9357252,Very Low,1.0471405,60.8,0.9710145,100,1747071000,0.1594203
2025-05-12T17:38:43Z,0,29.868,73.7,58,67.1,11,10,247,74,0.0,255,32767,0.0,2127-15-31,0.0,0.16,26.24,0.0,0.0,0.0,0,4.828125,6,84,05:48,20:11,2025-05-12 17:38:43.590587,Città della Scienza,54.2,1.5179099,11.107366,0.4211534,1.0590556,EU EEA Common AQI,79.1,1.3238195,10.042719,7200,0.1594203,100,100,65.2,0.12753622,Very Low,78.7,0.9343438,100,1747071000,Very Low,0.3369227,1.9357252,Very Low,1.0471405,60.8,0.9710145,100,1747071000,0.1594203
2025-05-12T17:38:54Z,0,29.868,73.7,58,67.0,8,10,246,74,0.0,255,32767,0.0,2127-15-31,0.0,0.16,26.24,0.0,0.0,0.0,0,4.828125,6,84,05:48,20:11,2025-05-12 17:38:54.666611,Città della Scienza,54.2,1.5179099,11.107366,0.4211534,1.0590556,EU EEA Common AQI,79.1,1.3238195,10.042719,7200,0.1594203,100,100,65.2,0.12753622,Very Low,78.7,0.9343438,100,1747071000,Very Low,0.3369227,1.9357252,Very Low,1.0471405,60.8,0.9710145,100,1747071000,0.1594203
2025-05-12T17:39:05Z,0,29.868,73.7,58,67.0,8,10,257,74,0.0,255,32767,0.0,2127-15-31,0.0,0.16,26.24,0.0,0.0,0.0,0,4.828125,6,84,05:48,20:11,2025-05-12 17:39:05.746593,Città della Scienza,54.2,1.5179099,11.107366,0.4211534,1.0590556,EU EEA Common AQI,79.1,1.3238195,10.042719,7200,0.1594203,100,100,65.2,0.12753622,Very Low,78.7,0.9343438,100,1747071000,Very Low,0.3369227,1.9357252,Very Low,1.0471405,60.8,0.9710145,100,1747071000,0.1594203
2025-05-12T17:39:17Z,0,29.868,73.7,58,67.1,4,10,283,74,0.0,255,32767,0.0,2127-15-31,0.0,0.16,26.24,0.0,0.0,0.0,0,4.828125,6,84,05:48,20:11,2025-05-12 17:39:16.803595,Città della Scienza,54.2,1.5179099,11.107366,0.4211534,1.0590556,EU EEA Common AQI,79.1,1.3238195,10.042719,7200,0.1594203,100,100,65.2,0.12753622,Very Low,78.7,0.9343438,100,1747071000,Very Low,0.3369227,1.9357252,Very Low,1.0471405,60.8,0.9710145,100,1747071000,0.1594203
2025-05-12T17:39:28Z,0,29.868,73.7,58,67.0,7,10,247,74,0.0,255,32767,0.0,2127-15-31,0.0,0.16,26.24,0.0,0.0,0.0,0,4.828125,6,84,05:48,20:11,2025-05-12 17:39:27.913593,Città della Scienza,54.2,1.5179099,11.107366,0.4211534,1.0590556,EU EEA Common AQI,79.1,1.3238195,10.042719,7200,0.1594203,100,100,65.2,0.12753622,Very Low,78.7,0.9343438,100,1747071000,Very Low,0.3369227,1.9357252,Very Low,1.0471405,60.8,0.9710145,100,1747071000,0.1594203
2025-05-12T17:39:39Z,0,29.87,73.6,58,67.1,7,9,244,74,0.0,255,32767,0.0,2127-15-31,0.0,0.16,26.24,0.0,0.0,0.0,0,4.828125,6,84,05:48,20:11,2025-05-12 17:39:39.019597,Città della Scienza,54.2,1.5179099,11.107366,0.4211534,1.0590556,EU EEA Common AQI,79.1,1.3238195,10.042719,7200,0.1594203,100,100,65.2,0.12753622,Very Low,78.7,0.9343438,100,1747071000,Very Low,0.3369227,1.9357252,Very Low,1.0471405,60.8,0.9710145,100,1747071000,0.1594203
2025-05-12T17:39:50Z,0,29.87,73.6,58,67.0,5,9,255,74,0.0,255,32767,0.0,2127-15-31,0.0,0.16,26.24,0.0,0.0,0.0,0,4.828125,6,84,05:48,20:11,2025-05-12 17:39:50.060586,Città della Scienza,54.2,1.5179099,11.107366,0.4211534,1.0590556,EU EEA Common AQI,79.1,1.3238195,10.042719,7200,0.1594203,100,100,65.2,0.12753622,Very Low,78.7,0.9343438,100,1747071000,Very Low,0.3369227,1.9357252,Very Low,1.0471405,60.8,0.9710145,100,1747071000,0.1594203
2025-05-12T17:40:01Z,0,29.87,73.6,58,67.0,6,9,259,74,0.0,255,32767,0.0,2127-15-31,0.0,0.16,26.24,0.0,0.0,0.0,0,4.828125,6,84,05:48,20:11,2025-05-12 17:40:01.111591,Città della Scienza,54.2,1.5179099,11.107366,0.4211534,1.0590556,EU EEA Common AQI,79.1,1.3238195,10.042719,7200,0.1594203,100,100,65.2,0.12753622,Very Low,78.7,0.9343438,100,1747071000,Very Low,0.3369227,1.9357252,Very Low,1.0471405,60.8,0.9710145,100,1747071000,0.1594203
2025-05-12T17:40:25Z,0,29.87,73.6,58,67.0,6,9,259,74,0.0,255,32767,0.0,2127-15-31,0.0,0.16,26.24,0.0,0.0,0.0,0,4.828125,6,84,05:48,20:11,2025-05-12 17:40:25.741596,Città della Scienza,54.2,1.5179099,11.107366,0.4211534,1.0590556,EU EEA Common AQI,79.1,1.3238195,10.042719,7200,0.1594203,100,100,65.2,0.12753622,Very Low,78.7,0.9343438,100,1747071000,Very Low,0.3369227,1.9357252,Very Low,1.0471405,60.8,0.9710145,100,1747071000,0.1594203
2025-05-12T17:40:37Z,0,29.87,73.6,58,67.0,6,9,271,74,0.0,255,32767,0.0,2127-15-31,0.0,0.16,26.24,0.0,0.0,0.0,0,4.828125,6,84,05:48,20:11,2025-05-12 17:40:36.822588,Città della Scienza,54.2,1.5179099,11.107366,0.4211534,1.0590556,EU EEA Common AQI,79.1,1.3238195,10.042719,7200,0.1594203,100,100,65.2,0.12753622,Very Low,78.7,0.9343438,100,1747071000,Very Low,0.3369227,1.9357252,Very Low,1.0471405,60.8,0.9710145,100,1747071000,0.1594203
2025-05-12T17:40:48Z,0,29.87,73.6,58,67.0,4,9,257,74,0.0,255,32767,0.0,2127-15-31,0.0,0.16,26.24,0.0,0.0,0.0,0,4.828125,6,84,05:48,20:11,2025-05-12 17:40:47.916592,Città della Scienza,54.2,1.5179099,11.107366,0.4211534,1.0590556,EU EEA Common AQI,79.1,1.3238195,10.042719,7200,0.1594203,100,100,65.2,0.12753622,Very Low,78.7,0.9343438,100,1747071000,Very Low,0.3369227,1.9357252,Very Low,1.0471405,60.8,0.9710145,100,1747071000,0.1594203
2025-05-12T17:40:59Z,0,29.87,73.6,58,67.0,5,9,242,74,0.0,255,32767,0.0,2127-15-31,0.0,0.16,26.24,0.0,0.0,0.0,0,4.828125,6,84,05:48,20:11,2025-05-12 17:40:58.969597,Città della Scienza,54.2,1.5179099,11.107366,0.4211534,1.0590556,EU EEA Common AQI,79.1,1.3238195,10.042719,7200,0.1594203,100,100,65.2,0.12753622,Very Low,78.7,0.9343438,100,1747071000,Very Low,0.3369227,1.9357252,Very Low,1.0471405,60.8,0.9710145,100,1747071000,0.1594203
2025-05-12T17:41:10Z,0,29.87,73.6,58,67.0,4,9,280,74,0.0,255,32767,0.0,2127-15-31,0.0,0.16,26.24,0.0,0.0,0.0,0,4.828125,6,84,05:48,20:11,2025-05-12 17:41:10.007597,Città della Scienza,54.2,1.5179099,11.107366,0.4211534,1.0590556,EU EEA Common AQI,79.1,1.3238195,10.042719,7200,0.1594203,100,100,65.2,0.12753622,Very Low,78.7,0.9343438,100,1747071000,Very Low,0.3369227,1.9357252,Very Low,1.0471405,60.8,0.9710145,100,1747071000,0.1594203
2025-05-12T17:41:21Z,0,29.87,73.6,58,67.1,7,9,282,74,0.0,255,32767,0.0,2127-15-31,0.0,0.16,26.24,0.0,0.0,0.0,0,4.828125,6,84,05:48,20:11,2025-05-12 17:41:21.079588,Città della Scienza,54.2,1.5179099,11.107366,0.4211534,1.0590556,EU EEA Common AQI,79.1,1.3238195,10.042719,7200,0.1594203,100,100,65.2,0.12753622,Very Low,78.7,0.9343438,100,1747071000,Very Low,0.3369227,1.9357252,Very Low,1.0471405,60.8,0.9710145,100,1747071000,0.1594203
2025-05-12T17:41:32Z,0,29.87,73.6,58,67.1,2,9,265,74,0.0,255,32767,0.0,2127-15-31,0.0,0.16,26.24,0.0,0.0,0.0,0,4.828125,6,84,05:48,20:11,2025-05-12 17:41:32.201591,Città della Scienza,54.2,1.5179099,11.107366,0.4211534,1.0590556,EU EEA Common AQI,79.1,1.3238195,10.042719,7200,0.1594203,100,100,65.2,0.12753622,Very Low,78.7,0.9343438,100,1747071000,Very Low,0.3369227,1.9357252,Very Low,1.0471405,60.8,0.9710145,100,1747071000,0.1594203
2025-05-12T17:41:43Z,0,29.87,73.6,58,67.1,4,9,215,74,0.0,255,32767,0.0,2127-15-31,0.0,0.16,26.24,0.0,0.0,0.0,0,4.828125,6,84,05:48,20:11,2025-05-12 17:41:43.256590,Città della Scienza,54.2,1.5179099,11.107366,0.4211534,1.0590556,EU EEA Common AQI,79.1,1.3238195,10.042719,7200,0.1594203,100,100,65.2,0.12753622,Very Low,78.7,0.9343438,100,1747071000,Very Low,0.3369227,1.9357252,Very Low,1.0471405,60.8,0.9710145,100,1747071000,0.1594203
2025-05-12T17:41:54Z,0,29.87,73.6,58,67.1,4,9,237,74,0.0,255,32767,0.0,2127-15-31,0.0,0.16,26.24,0.0,0.0,0.0,0,4.828125,6,84,05:48,20:11,2025-05-12 17:41:54.352599,Città della Scienza,54.2,1.5179099,11.107366,0.4211534,1.0590556,EU EEA Common AQI,79.1,1.3238195,10.042719,7200,0.1594203,100,100,65.2,0.12753622,Very Low,78.7,0.9343438,100,1747071000,Very Low,0.3369227,1.9357252,Very Low,1.0471405,60.8,0.9710145,100,1747071000,0.1594203
2025-05-12T17:42:05Z,0,29.87,73.6,58,67.1,3,9,250,74,0.0,255,32767,0.0,2127-15-31,0.0,0.16,26.24,0.0,0.0,0.0,0,4.828125,6,84,05:48,20:11,2025-05-12 17:42:05.427594,Città della Scienza,54.2,1.5179099,11.107366,0.4211534,1.0590556,EU EEA Common AQI,79.1,1.3238195,10.042719,7200,0.1594203,100,100,65.2,0.12753622,Very Low,78.7,0.9343438,100,1747071000,Very Low,0.3369227,1.9357252,Very Low,1.0471405,60.8,0.9710145,100,1747071000,0.1594203
2025-05-12T17:42:16Z,0,29.87,73.6,58,67.1,6,9,242,74,0.0,255,32767,0.0,2127-15-31,0.0,0.16,26.24,0.0,0.0,0.0,0,4.828125,6,84,05:48,20:11,2025-05-12 17:42:16.472591,Città della Scienza,54.2,1.5179099,11.107366,0.4211534,1.0590556,EU EEA Common AQI,79.1,1.3238195,10.042719,7200,0.1594203,100,100,65.2,0.12753622,Very Low,78.7,0.9343438,100,1747071000,Very Low,0.3369227,1.9357252,Very Low,1.0471405,60.8,0.9710145,100,1747071000,0.1594203
2025-05-12T17:42:27Z,0,29.87,73.6,58,67.2,8,9,254,74,0.0,255,32767,0.0,2127-15-31,0.0,0.16,26.24,0.0,0.0,0.0,0,4.828125,6,84,05:48,20:11,2025-05-12 17:42:27.563595,Città della Scienza,54.2,1.5179099,11.107366,0.4211534,1.0590556,EU EEA Common AQI,79.1,1.3238195,10.042719,7200,0.1594203,100,100,65.2,0.12753622,Very Low,78.7,0.9343438,100,1747071000,Very Low,0.3369227,1.9357252,Very Low,1.0471405,60.8,0.9710145,100,1747071000,0.1594203
2025-05-12T17:42:38Z,0,29.87,73.6,58,67.2,7,8,254,74,0.0,255,32767,0.0,2127-15-31,0.0,0.16,26.24,0.0,0.0,0.0,0,4.828125,6,84,05:48,20:11,2025-05-12 17:42:38.651596,Città della Scienza,54.2,1.5179099,11.107366,0.4211534,1.0590556,EU EEA Common AQI,79.1,1.3238195,10.042719,7200,0.1594203,100,100,65.2,0.12753622,Very Low,78.7,0.9343438,100,1747071000,Very Low,0.3369227,1.9357252,Very Low,1.0471405,60.8,0.9710145,100,1747071000,0.1594203
2025-05-12T17:42:49Z,0,29.87,73.6,58,67.1,7,8,244,74,0.0,255,32767,0.0,2127-15-31,0.0,0.16,26.24,0.0,0.0,0.0,0,4.828125,6,84,05:48,20:11,2025-05-12 17:42:49.770649,Città della Scienza,54.2,1.5179099,11.107366,0.4211534,1.0590556,EU EEA Common AQI,79.1,1.3238195,10.042719,7200,0.1594203,100,100,65.2,0.12753622,Very Low,78.7,0.9343438,100,1747071000,Very Low,0.3369227,1.9357252,Very Low,1.0471405,60.8,0.9710145,100,1747071000,0.1594203
2025-05-12T17:43:01Z,0,29.87,73.6,58,67.1,6,8,270,75,0.0,255,32767,0.0,2127-15-31,0.0,0.16,26.24,0.0,0.0,0.0,0,4.828125,6,84,05:48,20:11,2025-05-12 17:43:00.829587,Città della Scienza,54.2,1.5179099,11.107366,0.4211534,1.0590556,EU EEA Common AQI,79.1,1.3238195,10.042719,7200,0.1594203,100,100,65.2,0.12753622,Very Low,78.7,0.9343438,100,1747071000,Very Low,0.3369227,1.9357252,Very Low,1.0471405,60.8,0.9710145,100,1747071000,0.1594203
2025-05-12T17:43:12Z,0,29.87,73.6,58,67.1,4,8,244,75,0.0,255,32767,0.0,2127-15-31,0.0,0.16,26.24,0.0,0.0,0.0,0,4.828125,6,84,05:48,20:11,2025-05-12 17:43:11.929554,Città della Scienza,54.2,1.5179099,11.107366,0.4211534,1.0590556,EU EEA Common AQI,79.1,1.3238195,10.042719,7200,0.1594203,100,100,65.2,0.12753622,Very Low,78.7,0.9343438,100,1747071000,Very Low,0.3369227,1.9357252,Very Low,1.0471405,60.8,0.9710145,100,1747071000,0.1594203
2025-05-12T17:43:23Z,0,29.87,73.6,58,67.2,3,8,264,75,0.0,255,32767,0.0,2127-15-31,0.0,0.16,26.24,0.0,0.0,0.0,0,4.828125,6,84,05:48,20:11,2025-05-12 17:43:22.996597,Città della Scienza,54.2,1.5179099,11.107366,0.4211534,1.0590556,EU EEA Common AQI,79.1,1.3238195,10.042719,7200,0.1594203,100,100,65.2,0.12753622,Very Low,78.7,0.9343438,100,1747071000,Very Low,0.3369227,1.9357252,Very Low,1.0471405,60.8,0.9710145,100,1747071000,0.1594203
2025-05-12T17:43:34Z,0,29.871,73.7,58,67.2,2,8,251,75,0.0,255,32767,0.0,2127-15-31,0.0,0.16,26.24,0.0,0.0,0.0,0,4.828125,6,84,05:48,20:11,2025-05-12 17:43:34.087595,Città della Scienza,54.2,1.5179099,11.107366,0.4211534,1.0590556,EU EEA Common AQI,79.1,1.3238195,10.042719,7200,0.1594203,100,100,65.2,0.12753622,Very Low,78.7,0.9343438,100,1747071000,Very Low,0.3369227,1.9357252,Very Low,1.0471405,60.8,0.9710145,100,1747071000,0.1594203
2025-05-12T17:43:45Z,0,29.871,73.7,58,67.2,1,8,265,75,0.0,255,32767,0.0,2127-15-31,0.0,0.16,26.24,0.0,0.0,0.0,0,4.828125,6,84,05:48,20:11,2025-05-12 17:43:45.131595,Città della Scienza,54.2,1.5179099,11.107366,0.4211534,1.0590556,EU EEA Common AQI,79.1,1.3238195,10.042719,7200,0.1594203,100,100,65.2,0.12753622,Very Low,78.7,0.9343438,100,1747071000,Very Low,0.3369227,1.9357252,Very Low,1.0471405,60.8,0.9710145,100,1747071000,0.1594203
2025-05-12T17:43:56Z,0,29.871,73.7,58,67.2,5,8,252,75,0.0,255,32767,0.0,2127-15-31,0.0,0.16,26.24,0.0,0.0,0.0,0,4.828125,6,84,05:48,20:11,2025-05-12 17:43:56.242598,Città della Scienza,54.2,1.5179099,11.107366,0.4211534,1.0590556,EU EEA Common AQI,79.1,1.3238195,10.042719,7200,0.1594203,100,100,65.2,0.12753622,Very Low,78.7,0.9343438,100,1747071000,Very Low,0.3369227,1.9357252,Very Low,1.0471405,60.8,0.9710145,100,1747071000,0.1594203
2025-05-12T17:44:07Z,0,29.871,73.7,58,67.2,3,8,253,75,0.0,255,32767,0.0,2127-15-31,0.0,0.16,26.24,0.0,0.0,0.0,0,4.828125,6,84,05:48,20:11,2025-05-12 17:44:07.296603,Città della Scienza,54.2,1.5179099,11.107366,0.4211534,1.0590556,EU EEA Common AQI,79.1,1.3238195,10.042719,7200,0.1594203,100,100,65.2,0.12753622,Very Low,78.7,0.9343438,100,1747071000,Very Low,0.3369227,1.9357252,Very Low,1.0471405,60.8,0.9710145,100,1747071000,0.1594203
2025-05-12T17:44:18Z,0,29.871,73.7,58,67.2,3,8,254,75,0.0,255,32767,0.0,2127-15-31,0.0,0.16,26.24,0.0,0.0,0.0,0,4.828125,6,84,05:48,20:11,2025-05-12 17:44:18.416592,Città della Scienza,54.2,1.5179099,11.107366,0.4211534,1.0590556,EU EEA Common AQI,79.1,1.3238195,10.042719,7200,0.1594203,100,100,65.2,0.12753622,Very Low,78.7,0.9343438,100,1747071000,Very Low,0.3369227,1.9357252,Very Low,1.0471405,60.8,0.9710145,100,1747071000,0.1594203
2025-05-12T17:44:29Z,0,29.871,73.7,58,67.2,2,8,251,75,0.0,255,32767,0.0,2127-15-31,0.0,0.16,26.24,0.0,0.0,0.0,0,4.828125,6,84,05:48,20:11,2025-05-12 17:44:29.507585,Città della Scienza,54.2,1.5179099,11.107366,0.4211534,1.0590556,EU EEA Common AQI,79.1,1.3238195,10.042719,7200,0.1594203,100,100,65.2,0.12753622,Very Low,78.7,0.9343438,100,1747071000,Very Low,0.3369227,1.9357252,Very Low,1.0471405,60.8,0.9710145,100,1747071000,0.1594203
2025-05-12T17:44:40Z,0,29.871,73.6,58,67.3,3,7,256,75,0.0,255,32767,0.0,2127-15-31,0.0,0.16,26.24,0.0,0.0,0.0,0,4.828125,6,84,05:48,20:11,2025-05-12 17:44:40.574599,Città della Scienza,54.2,1.5179099,11.107366,0.4211534,1.0590556,EU EEA Common AQI,79.1,1.3238195,10.042719,7200,0.1594203,100,100,65.2,0.12753622,Very Low,78.7,0.9343438,100,1747071000,Very Low,0.3369227,1.9357252,Very Low,1.0471405,60.8,0.9710145,100,1747071000,0.1594203
2025-05-12T17:44:51Z,0,29.871,73.6,58,67.3,2,7,268,75,0.0,255,32767,0.0,2127-15-31,0.0,0.16,26.24,0.0,0.0,0.0,0,4.828125,6,84,05:48,20:11,2025-05-12 17:44:51.657603,Città della Scienza,54.2,1.5179099,11.107366,0.4211534,1.0590556,EU EEA Common AQI,79.1,1.3238195,10.042719,7200,0.1594203,100,100,65.2,0.12753622,Very Low,78.7,0.9343438,100,1747071000,Very Low,0.3369227,1.9357252,Very Low,1.0471405,60.8,0.9710145,100,1747071000,0.1594203
2025-05-12T17:45:02Z,0,29.871,73.6,58,67.3,4,7,280,75,0.0,255,32767,0.0,2127-15-31,0.0,0.16,26.24,0.0,0.0,0.0,0,4.828125,6,84,05:48,20:11,2025-05-12 17:45:02.717595,Città della Scienza,54.2,1.5179099,11.107366,0.4211534,1.0590556,EU EEA Common AQI,79.1,1.3238195,10.042719,7200,0.1594203,100,100,65.2,0.12753622,Very Low,78.7,0.9343438,100,1747071000,Very Low,0.3369227,1.9357252,Very Low,1.0471405,60.8,0.9710145,100,1747071000,0.1594203
2025-05-12T17:45:13Z,0,29.871,73.6,58,67.3,8,7,248,75,0.0,255,32767,0.0,2127-15-31,0.0,0.16,26.24,0.0,0.0,0.0,0,4.828125,6,84,05:48,20:11,2025-05-12 17:45:13.796614,Città della Scienza,54.2,1.5179099,11.107366,0.4211534,1.0590556,EU EEA Common AQI,79.1,1.3238195,10.042719,7200,0.1594203,100,100,65.2,0.12753622,Very Low,78.7,0.9343438,100,1747071000,Very Low,0.3369227,1.9357252,Very Low,1.0471405,60.8,0.9710145,100,1747071000,0.1594203
2025-05-12T17:45:25Z,0,29.871,73.6,58,67.2,4,7,273,75,0.0,255,32767,0.0,2127-15-31,0.0,0.16,26.24,0.0,0.0,0.0,0,4.828125,6,84,05:48,20:11,2025-05-12 17:45:24.904598,Città della Scienza,55.8,1.3495532,11.088463,0.44771478,0.95339864,EU EEA Common AQI,78.1,1.1917484,10.0213995,7200,0.4347826,100,100,64.9,0.3710145,Very Low,77.8,0.77321315,100,1747071900,Very Low,0.3581718,1.7916764,Very Low,1.0234506,60.7,0.6956522,100,1747071900,0.46376812
2025-05-12T17:45:36Z,20,29.871,73.6,58,67.2,3,7,274,75,0.0,255,32767,0.0,2127-15-31,0.0,0.16,26.24,0.0,0.0,0.0,0,4.828125,6,84,05:48,20:11,2025-05-12 17:45:35.974595,Città della Scienza,55.8,1.3495532,11.088463,0.44771478,0.95339864,EU EEA Common AQI,78.1,1.1917484,10.0213995,7200,0.4347826,100,100,64.9,0.3710145,Very Low,77.8,0.77321315,100,1747071900,Very Low,0.3581718,1.7916764,Very Low,1.0234506,60.7,0.6956522,100,1747071900,0.46376812
2025-05-12T17:45:47Z,20,29.871,73.6,58,67.3,2,7,274,75,0.0,255,32767,0.0,2127-15-31,0.0,0.16,26.24,0.0,0.0,0.0,0,4.828125,6,84,05:48,20:11,2025-05-12 17:45:47.046592,Città della Scienza,55.8,1.3495532,11.088463,0.44771478,0.95339864,EU EEA Common AQI,78.1,1.1917484,10.0213995,7200,0.4347826,100,100,64.9,0.3710145,Very Low,77.8,0.77321315,100,1747071900,Very Low,0.3581718,1.7916764,Very Low,1.0234506,60.7,0.6956522,100,1747071900,0.46376812
2025-05-12T17:45:58Z,20,29.871,73.6,58,67.3,4,7,240,75,0.0,255,32767,0.0,2127-15-31,0.0,0.16,26.24,0.0,0.0,0.0,0,4.828125,6,84,05:48,20:11,2025-05-12 17:45:58.098596,Città della Scienza,55.8,1.3495532,11.088463,0.44771478,0.95339864,EU EEA Common AQI,78.1,1.1917484,10.0213995,7200,0.4347826,100,100,64.9,0.3710145,Very Low,77.8,0.77321315,100,1747071900,Very Low,0.3581718,1.7916764,Very Low,1.0234506,60.7,0.6956522,100,1747071900,0.46376812
2025-05-12T17:46:09Z,20,29.871,73.6,58,67.3,4,7,229,75,0.0,255,32767,0.0,2127-15-31,0.0,0.16,26.24,0.0,0.0,0.0,0,4.828125,6,84,05:48,20:11,2025-05-12 17:46:09.198599,Città della Scienza,55.8,1.3495532,11.088463,0.44771478,0.95339864,EU EEA Common AQI,78.1,1.1917484,10.0213995,7200,0.4347826,100,100,64.9,0.3710145,Very Low,77.8,0.77321315,100,1747071900,Very Low,0.3581718,1.7916764,Very Low,1.0234506,60.7,0.6956522,100,1747071900,0.46376812
2025-05-12T17:46:20Z,20,29.871,73.6,58,67.3,5,7,292,75,0.0,255,32767,0.0,2127-15-31,0.0,0.16,26.24,0.0,0.0,0.0,0,4.828125,6,84,05:48,20:11,2025-05-12 17:46:20.284586,Città della Scienza,55.8,1.3495532,11.088463,0.44771478,0.95339864,EU EEA Common AQI,78.1,1.1917484,10.0213995,7200,0.4347826,100,100,64.9,0.3710145,Very Low,77.8,0.77321315,100,1747071900,Very Low,0.3581718,1.7916764,Very Low,1.0234506,60.7,0.6956522,100,1747071900,0.46376812
2025-05-12T17:46:31Z,20,29.871,73.6,58,67.3,8,7,254,75,0.0,255,32767,0.0,2127-15-31,0.0,0.16,26.24,0.0,0.0,0.0,0,4.828125,6,84,05:48,20:11,2025-05-12 17:46:31.364611,Città della Scienza,55.8,1.3495532,11.088463,0.44771478,0.95339864,EU EEA Common AQI,78.1,1.1917484,10.0213995,7200,0.4347826,100,100,64.9,0.3710145,Very Low,77.8,0.77321315,100,1747071900,Very Low,0.3581718,1.7916764,Very Low,1.0234506,60.7,0.6956522,100,1747071900,0.46376812
2025-05-12T17:46:42Z,20,29.871,73.6,58,67.3,10,6,240,75,0.0,255,32767,0.0,2127-15-31,0.0,0.16,26.24,0.0,0.0,0.0,0,4.828125,6,84,05:48,20:11,2025-05-12 17:46:42.420593,Città della Scienza,55.8,1.3495532,11.088463,0.44771478,0.95339864,EU EEA Common AQI,78.1,1.1917484,10.0213995,7200,0.4347826,100,100,64.9,0.3710145,Very Low,77.8,0.77321315,100,1747071900,Very Low,0.3581718,1.7916764,Very Low,1.0234506,60.7,0.6956522,100,1747071900,0.46376812
2025-05-12T17:46:53Z,20,29.871,73.6,58,67.3,9,6,246,75,0.0,255,32767,0.0,2127-15-31,0.0,0.16,26.24,0.0,0.0,0.0,0,4.828125,6,84,05:48,20:11,2025-05-12 17:46:53.464604,Città della Scienza,55.8,1.3495532,11.088463,0.44771478,0.95339864,EU EEA Common AQI,78.1,1.1917484,10.0213995,7200,0.4347826,100,100,64.9,0.3710145,Very Low,77.8,0.77321315,100,1747071900,Very Low,0.3581718,1.7916764,Very Low,1.0234506,60.7,0.6956522,100,1747071900,0.46376812
2025-05-12T17:47:04Z,20,29.871,73.6,58,67.3,9,6,250,75,0.0,255,32767,0.0,2127-15-31,0.0,0.16,26.24,0.0,0.0,0.0,0,4.828125,6,84,05:48,20:11,2025-05-12 17:47:04.522595,Città della Scienza,55.8,1.3495532,11.088463,0.44771478,0.95339864,EU EEA Common AQI,78.1,1.1917484,10.0213995,7200,0.4347826,100,100,64.9,0.3710145,Very Low,77.8,0.77321315,100,1747071900,Very Low,0.3581718,1.7916764,Very Low,1.0234506,60.7,0.6956522,100,1747071900,0.46376812
2025-05-12T17:47:15Z,20,29.871,73.6,58,67.3,4,6,266,75,0.0,255,32767,0.0,2127-15-31,0.0,0.16,26.24,0.0,0.0,0.0,0,4.828125,6,84,05:48,20:11,2025-05-12 17:47:15.585593,Città della Scienza,55.8,1.3495532,11.088463,0.44771478,0.95339864,EU EEA Common AQI,78.1,1.1917484,10.0213995,7200,0.4347826,100,100,64.9,0.3710145,Very Low,77.8,0.77321315,100,1747071900,Very Low,0.3581718,1.7916764,Very Low,1.0234506,60.7,0.6956522,100,1747071900,0.46376812
2025-05-12T17:47:26Z,20,29.871,73.6,58,67.2,7,6,265,75,0.0,255,32767,0.0,2127-15-31,0.0,0.16,26.24,0.0,0.0,0.0,0,4.828125,6,84,05:48,20:11,2025-05-12 17:47:26.660599,Città della Scienza,55.8,1.3495532,11.088463,0.44771478,0.95339864,EU EEA Common AQI,78.1,1.1917484,10.0213995,7200,0.4347826,100,100,64.9,0.3710145,Very Low,77.8,0.77321315,100,1747071900,Very Low,0.3581718,1.7916764,Very Low,1.0234506,60.7,0.6956522,100,1747071900,0.46376812
2025-05-12T17:47:37Z,20,29.87,73.7,58,67.2,4,6,242,75,0.0,255,32767,0.0,2127-15-31,0.0,0.16,26.24,0.0,0.0,0.0,0,4.828125,6,84,05:48,20:11,2025-05-12 17:47:37.720563,Città della Scienza,55.8,1.3495532,11.088463,0.44771478,0.95339864,EU EEA Common AQI,78.1,1.1917484,10.0213995,7200,0.4347826,100,100,64.9,0.3710145,Very Low,77.8,0.77321315,100,1747071900,Very Low,0.3581718,1.7916764,Very Low,1.0234506,60.7,0.6956522,100,1747071900,0.46376812
2025-05-12T17:47:49Z,20,29.87,73.7,58,67.2,3,6,229,75,0.0,255,32767,0.0,2127-15-31,0.0,0.16,26.24,0.0,0.0,0.0,0,4.828125,6,84,05:48,20:11,2025-05-12 17:47:48.800594,Città della Scienza,55.8,1.3495532,11.088463,0.44771478,0.95339864,EU EEA Common AQI,78.1,1.1917484,10.0213995,7200,0.4347826,100,100,64.9,0.3710145,Very Low,77.8,0.77321315,100,1747071900,Very Low,0.3581718,1.7916764,Very Low,1.0234506,60.7,0.6956522,100,1747071900,0.46376812
2025-05-12T17:48:00Z,20,29.87,73.7,58,67.2,4,6,259,75,0.0,255,32767,0.0,2127-15-31,0.0,0.16,26.24,0.0,0.0,0.0,0,4.828125,6,84,05:48,20:11,2025-05-12 17:47:59.873565,Città della Scienza,55.8,1.3495532,11.088463,0.44771478,0.95339864,EU EEA Common AQI,78.1,1.1917484,10.0213995,7200,0.4347826,100,100,64.9,0.3710145,Very Low,77.8,0.77321315,100,1747071900,Very Low,0.3581718,1.7916764,Very Low,1.0234506,60.7,0.6956522,100,1747071900,0.46376812
2025-05-12T17:48:11Z,20,29.87,73.7,58,67.2,4,6,253,75,0.0,255,32767,0.0,2127-15-31,0.0,0.16,26.24,0.0,0.0,0.0,0,4.828125,6,84,05:48,20:11,2025-05-12 17:48:10.961657,Città della Scienza,55.8,1.3495532,11.088463,0.44771478,0.95339864,EU EEA Common AQI,78.1,1.1917484,10.0213995,7200,0.4347826,100,100,64.9,0.3710145,Very Low,77.8,0.77321315,100,1747071900,Very Low,0.3581718,1.7916764,Very Low,1.0234506,60.7,0.6956522,100,1747071900,0.46376812
2025-05-12T17:48:22Z,20,29.87,73.7,58,67.2,5,6,254,75,0.0,255,32767,0.0,2127-15-31,0.0,0.16,26.24,0.0,0.0,0.0,0,4.828125,6,84,05:48,20:11,2025-05-12 17:48:22.081597,Città della Scienza,55.8,1.3495532,11.088463,0.44771478,0.95339864,EU EEA Common AQI,78.1,1.1917484,10.0213995,7200,0.4347826,100,100,64.9,0.3710145,Very Low,77.8,0.77321315,100,1747071900,Very Low,0.3581718,1.7916764,Very Low,1.0234506,60.7,0.6956522,100,1747071900,0.46376812
2025-05-12T17:48:33Z,20,29.87,73.7,58,67.2,5,6,240,75,0.0,255,32767,0.0,2127-15-31,0.0,0.16,26.24,0.0,0.0,0.0,0,4.828125,6,84,05:48,20:11,2025-05-12 17:48:33.129611,Città della Scienza,55.8,1.3495532,11.088463,0.44771478,0.95339864,EU EEA Common AQI,78.1,1.1917484,10.0213995,7200,0.4347826,100,100,64.9,0.3710145,Very Low,77.8,0.77321315,100,1747071900,Very Low,0.3581718,1.7916764,Very Low,1.0234506,60.7,0.6956522,100,1747071900,0.46376812
2025-05-12T17:48:44Z,20,29.873,73.6,58,67.2,4,5,262,75,0.0,255,32767,0.0,2127-15-31,0.0,0.16,26.24,0.0,0.0,0.0,0,4.828125,6,84,05:48,20:11,2025-05-12 17:48:44.151791,Città della Scienza,55.8,1.3495532,11.088463,0.44771478,0.95339864,EU EEA Common AQI,78.1,1.1917484,10.0213995,7200,0.4347826,100,100,64.9,0.3710145,Very Low,77.8,0.77321315,100,1747071900,Very Low,0.3581718,1.7916764,Very Low,1.0234506,60.7,0.6956522,100,1747071900,0.46376812
2025-05-12T17:48:55Z,20,29.873,73.6,58,67.2,4,5,253,75,0.0,255,32767,0.0,2127-15-31,0.0,0.16,26.24,0.0,0.0,0.0,0,4.828125,6,84,05:48,20:11,2025-05-12 17:48:55.228604,Città della Scienza,55.8,1.3495532,11.088463,0.44771478,0.95339864,EU EEA Common AQI,78.1,1.1917484,10.0213995,7200,0.4347826,100,100,64.9,0.3710145,Very Low,77.8,0.77321315,100,1747071900,Very Low,0.3581718,1.7916764,Very Low,1.0234506,60.7,0.6956522,100,1747071900,0.46376812
2025-05-12T17:49:06Z,20,29.873,73.6,58,67.2,4,5,229,75,0.0,255,32767,0.0,2127-15-31,0.0,0.16,26.24,0.0,0.0,0.0,0,4.828125,6,84,05:48,20:11,2025-05-12 17:49:06.342585,Città della Scienza,55.8,1.3495532,11.088463,0.44771478,0.95339864,EU EEA Common AQI,78.1,1.1917484,10.0213995,7200,0.4347826,100,100,64.9,0.3710145,Very Low,77.8,0.77321315,100,1747071900,Very Low,0.3581718,1.7916764,Very Low,1.0234506,60.7,0.6956522,100,1747071900,0.46376812
2025-05-12T17:49:17Z,20,29.873,73.6,58,67.2,4,5,242,75,0.0,255,32767,0.0,2127-15-31,0.0,0.16,26.24,0.0,0.0,0.0,0,4.828125,6,84,05:48,20:11,2025-05-12 17:49:17.442597,Città della Scienza,55.8,1.3495532,11.088463,0.44771478,0.95339864,EU EEA Common AQI,78.1,1.1917484,10.0213995,7200,0.4347826,100,100,64.9,0.3710145,Very Low,77.8,0.77321315,100,1747071900,Very Low,0.3581718,1.7916764,Very Low,1.0234506,60.7,0.6956522,100,1747071900,0.46376812
2025-05-12T17:49:28Z,20,29.873,73.6,58,67.2,4,5,229,75,0.0,255,32767,0.0,2127-15-31,0.0,0.16,26.24,0.0,0.0,0.0,0,4.828125,6,84,05:48,20:11,2025-05-12 17:49:28.518591,Città della Scienza,55.8,1.3495532,11.088463,0.44771478,0.95339864,EU EEA Common AQI,78.1,1.1917484,10.0213995,7200,0.4347826,100,100,64.9,0.3710145,Very Low,77.8,0.77321315,100,1747071900,Very Low,0.3581718,1.7916764,Very Low,1.0234506,60.7,0.6956522,100,1747071900,0.46376812
2025-05-12T17:49:39Z,20,29.871,73.6,58,67.2,5,5,256,75,0.0,255,32767,0.0,2127-15-31,0.0,0.16,26.24,0.0,0.0,0.0,0,4.828125,6,84,05:48,20:11,2025-05-12 17:49:39.554588,Città della Scienza,55.8,1.3495532,11.088463,0.44771478,0.95339864,EU EEA Common AQI,78.1,1.1917484,10.0213995,7200,0.4347826,100,100,64.9,0.3710145,Very Low,77.8,0.77321315,100,1747071900,Very Low,0.3581718,1.7916764,Very Low,1.0234506,60.7,0.6956522,100,1747071900,0.46376812
2025-05-12T17:49:50Z,20,29.871,73.6,58,67.2,3,5,269,75,0.0,255,32767,0.0,2127-15-31,0.0,0.16,26.24,0.0,0.0,0.0,0,4.828125,6,84,05:48,20:11,2025-05-12 17:49:50.629616,Città della Scienza,55.8,1.3495532,11.088463,0.44771478,0.95339864,EU EEA Common AQI,78.1,1.1917484,10.0213995,7200,0.4347826,100,100,64.9,0.3710145,Very Low,77.8,0.77321315,100,1747071900,Very Low,0.3581718,1.7916764,Very Low,1.0234506,60.7,0.6956522,100,1747071900,0.46376812
2025-05-12T17:50:01Z,20,29.871,73.6,58,67.2,4,5,259,75,0.0,255,32767,0.0,2127-15-31,0.0,0.16,26.24,0.0,0.0,0.0,0,4.828125,6,84,05:48,20:11,2025-05-12 17:50:01.739618,Città della Scienza,55.8,1.3495532,11.088463,0.44771478,0.95339864,EU EEA Common AQI,78.1,1.1917484,10.0213995,7200,0.4347826,100,100,64.9,0.3710145,Very Low,77.8,0.77321315,100,1747071900,Very Low,0.3581718,1.7916764,Very Low,1.0234506,60.7,0.6956522,100,1747071900,0.46376812
2025-05-12T17:50:13Z,20,29.871,73.6,58,67.2,10,5,242,75,0.0,255,32767,0.0,2127-15-31,0.0,0.16,26.24,0.0,0.0,0.0,0,4.828125,6,84,05:48,20:11,2025-05-12 17:50:12.864605,Città della Scienza,55.8,1.3495532,11.088463,0.44771478,0.95339864,EU EEA Common AQI,78.1,1.1917484,10.0213995,7200,0.4347826,100,100,64.9,0.3710145,Very Low,77.8,0.77321315,100,1747071900,Very Low,0.3581718,1.7916764,Very Low,1.0234506,60.7,0.6956522,100,1747071900,0.46376812
2025-05-12T17:50:24Z,20,29.871,73.6,58,67.2,10,5,240,75,0.0,255,32767,0.0,2127-15-31,0.0,0.16,26.24,0.0,0.0,0.0,0,4.828125,6,84,05:48,20:11,2025-05-12 17:50:23.985584,Città della Scienza,55.8,1.3495532,11.088463,0.44771478,0.95339864,EU EEA Common AQI,78.1,1.1917484,10.0213995,7200,0.4347826,100,100,64.9,0.3710145,Very Low,77.8,0.77321315,100,1747071900,Very Low,0.3581718,1.7916764,Very Low,1.0234506,60.7,0.6956522,100,1747071900,0.46376812
2025-05-12T17:50:35Z,20,29.871,73.6,58,67.2,10,5,227,75,0.0,255,32767,0.0,2127-15-31,0.0,0.16,26.24,0.0,0.0,0.0,0,4.828125,6,84,05:48,20:11,2025-05-12 17:50:35.039603,Città della Scienza,55.8,1.3495532,11.088463,0.44771478,0.95339864,EU EEA Common AQI,78.1,1.1917484,10.0213995,7200,0.4347826,100,100,64.9,0.3710145,Very Low,77.8,0.77321315,100,1747071900,Very Low,0.3581718,1.7916764,Very Low,1.0234506,60.7,0.6956522,100,1747071900,0.46376812
2025-05-12T17:50:46Z,20,29.871,73.6,58,67.2,9,5,237,75,0.0,255,32767,0.0,2127-15-31,0.0,0.16,26.24,0.0,0.0,0.0,0,4.828125,6,84,05:48,20:11,2025-05-12 17:50:46.084592,Città della Scienza,55.8,1.3495532,11.088463,0.44771478,0.95339864,EU EEA Common AQI,78.1,1.1917484,10.0213995,7200,0.4347826,100,100,64.9,0.3710145,Very Low,77.8,0.77321315,100,1747071900,Very Low,0.3581718,1.7916764,Very Low,1.0234506,60.7,0.6956522,100,1747071900,0.46376812
2025-05-12T17:50:57Z,20,29.871,73.6,58,67.2,7,5,261,75,0.0,255,32767,0.0,2127-15-31,0.0,0.16,26.24,0.0,0.0,0.0,0,4.828125,6,84,05:48,20:11,2025-05-12 17:50:57.188599,Città della Scienza,55.8,1.3495532,11.088463,0.44771478,0.95339864,EU EEA Common AQI,78.1,1.1917484,10.0213995,7200,0.4347826,100,100,64.9,0.3710145,Very Low,77.8,0.77321315,100,1747071900,Very Low,0.3581718,1.7916764,Very Low,1.0234506,60.7,0.6956522,100,1747071900,0.46376812
2025-05-12T17:51:08Z,20,29.871,73.6,58,67.1,6,5,269,75,0.0,255,32767,0.0,2127-15-31,0.0,0.16,26.24,0.0,0.0,0.0,0,4.828125,6,84,05:48,20:11,2025-05-12 17:51:08.245585,Città della Scienza,55.8,1.3495532,11.088463,0.44771478,0.95339864,EU EEA Common AQI,78.1,1.1917484,10.0213995,7200,0.4347826,100,100,64.9,0.3710145,Very Low,77.8,0.77321315,100,1747071900,Very Low,0.3581718,1.7916764,Very Low,1.0234506,60.7,0.6956522,100,1747071900,0.46376812
2025-05-12T17:51:19Z,20,29.871,73.6,58,67.2,2,5,259,75,0.0,255,32767,0.0,2127-15-31,0.0,0.16,26.24,0.0,0.0,0.0,0,4.828125,6,84,05:48,20:11,2025-05-12 17:51:19.330595,Città della Scienza,55.8,1.3495532,11.088463,0.44771478,0.95339864,EU EEA Common AQI,78.1,1.1917484,10.0213995,7200,0.4347826,100,100,64.9,0.3710145,Very Low,77.8,0.77321315,100,1747071900,Very Low,0.3581718,1.7916764,Very Low,1.0234506,60.7,0.6956522,100,1747071900,0.46376812
2025-05-12T17:51:30Z,20,29.871,73.6,58,67.1,7,5,253,75,0.0,255,32767,0.0,2127-15-31,0.0,0.16,26.24,0.0,0.0,0.0,0,4.828125,6,84,05:48,20:11,2025-05-12 17:51:30.377605,Città della Scienza,55.8,1.3495532,11.088463,0.44771478,0.95339864,EU EEA Common AQI,78.1,1.1917484,10.0213995,7200,0.4347826,100,100,64.9,0.3710145,Very Low,77.8,0.77321315,100,1747071900,Very Low,0.3581718,1.7916764,Very Low,1.0234506,60.7,0.6956522,100,1747071900,0.46376812
2025-05-12T17:51:41Z,20,29.871,73.6,58,67.1,8,5,240,75,0.0,255,32767,0.0,2127-15-31,0.0,0.16,26.24,0.0,0.0,0.0,0,4.828125,6,84,05:48,20:11,2025-05-12 17:51:41.472589,Città della Scienza,55.8,1.3495532,11.088463,0.44771478,0.95339864,EU EEA Common AQI,78.1,1.1917484,10.0213995,7200,0.4347826,100,100,64.9,0.3710145,Very Low,77.8,0.77321315,100,1747071900,Very Low,0.3581718,1.7916764,Very Low,1.0234506,60.7,0.6956522,100,1747071900,0.46376812
2025-05-12T17:51:52Z,20,29.871,73.6,58,67.1,8,5,241,75,0.0,255,32767,0.0,2127-15-31,0.0,0.16,26.24,0.0,0.0,0.0,0,4.828125,6,84,05:48,20:11,2025-05-12 17:51:52.545591,Città della Scienza,55.8,1.3495532,11.088463,0.44771478,0.95339864,EU EEA Common AQI,78.1,1.1917484,10.0213995,7200,0.4347826,100,100,64.9,0.3710145,Very Low,77.8,0.77321315,100,1747071900,Very Low,0.3581718,1.7916764,Very Low,1.0234506,60.7,0.6956522,100,1747071900,0.46376812
2025-05-12T17:52:03Z,20,29.871,73.6,58,67.1,7,5,261,75,0.0,255,32767,0.0,2127-15-31,0.0,0.16,26.24,0.0,0.0,0.0,0,4.828125,6,84,05:48,20:11,2025-05-12 17:52:03.579589,Città della Scienza,55.8,1.3495532,11.088463,0.44771478,0.95339864,EU EEA Common AQI,78.1,1.1917484,10.0213995,7200,0.4347826,100,100,64.9,0.3710145,Very Low,77.8,0.77321315,100,1747071900,Very Low,0.3581718,1.7916764,Very Low,1.0234506,60.7,0.6956522,100,1747071900,0.46376812
2025-05-12T17:52:14Z,20,29.871,73.6,58,67.1,8,5,240,75,0.0,255,32767,0.0,2127-15-31,0.0,0.16,26.24,0.0,0.0,0.0,0,4.828125,6,84,05:48,20:11,2025-05-12 17:52:14.689598,Città della Scienza,55.8,1.3495532,11.088463,0.44771478,0.95339864,EU EEA Common AQI,78.1,1.1917484,10.0213995,7200,0.4347826,100,100,64.9,0.3710145,Very Low,77.8,0.77321315,100,1747071900,Very Low,0.3581718,1.7916764,Very Low,1.0234506,60.7,0.6956522,100,1747071900,0.46376812
2025-05-12T17:52:25Z,20,29.871,73.6,58,67.1,8,5,250,75,0.0,255,32767,0.0,2127-15-31,0.0,0.16,26.24,0.0,0.0,0.0,0,4.828125,6,84,05:48,20:11,2025-05-12 17:52:25.743593,Città della Scienza,55.8,1.3495532,11.088463,0.44771478,0.95339864,EU EEA Common AQI,78.1,1.1917484,10.0213995,7200,0.4347826,100,100,64.9,0.3710145,Very Low,77.8,0.77321315,100,1747071900,Very Low,0.3581718,1.7916764,Very Low,1.0234506,60.7,0.6956522,100,1747071900,0.46376812
2025-05-12T17:52:37Z,20,29.87,73.6,58,67.1,10,5,251,75,0.0,255,32767,0.0,2127-15-31,0.0,0.16,26.24,0.0,0.0,0.0,0,4.828125,6,84,05:48,20:11,2025-05-12 17:52:36.845599,Città della Scienza,55.8,1.3495532,11.088463,0.44771478,0.95339864,EU EEA Common AQI,78.1,1.1917484,10.0213995,7200,0.4347826,100,100,64.9,0.3710145,Very Low,77.8,0.77321315,100,1747071900,Very Low,0.3581718,1.7916764,Very Low,1.0234506,60.7,0.6956522,100,1747071900,0.46376812
2025-05-12T17:52:48Z,20,29.87,73.6,58,67.1,9,5,252,75,0.0,255,32767,0.0,2127-15-31,0.0,0.16,26.24,0.0,0.0,0.0,0,4.828125,6,84,05:48,20:11,2025-05-12 17:52:47.914606,Città della Scienza,55.8,1.3495532,11.088463,0.44771478,0.95339864,EU EEA Common AQI,78.1,1.1917484,10.0213995,7200,0.4347826,100,100,64.9,0.3710145,Very Low,77.8,0.77321315,100,1747071900,Very Low,0.3581718,1.7916764,Very Low,1.0234506,60.7,0.6956522,100,1747071900,0.46376812
2025-05-12T17:52:59Z,20,29.87,73.6,58,67.1,12,5,236,75,0.0,255,32767,0.0,2127-15-31,0.0,0.16,26.24,0.0,0.0,0.0,0,4.828125,6,84,05:48,20:11,2025-05-12 17:52:58.963605,Città della Scienza,55.8,1.3495532,11.088463,0.44771478,0.95339864,EU EEA Common AQI,78.1,1.1917484,10.0213995,7200,0.4347826,100,100,64.9,0.3710145,Very Low,77.8,0.77321315,100,1747071900,Very Low,0.3581718,1.7916764,Very Low,1.0234506,60.7,0.6956522,100,1747071900,0.46376812
2025-05-12T17:53:10Z,20,29.87,73.6,58,67.1,12,5,257,75,0.0,255,32767,0.0,2127-15-31,0.0,0.16,26.24,0.0,0.0,0.0,0,4.828125,6,84,05:48,20:11,2025-05-12 17:53:10.053587,Città della Scienza,55.8,1.3495532,11.088463,0.44771478,0.95339864,EU EEA Common AQI,78.1,1.1917484,10.0213995,7200,0.4347826,100,100,64.9,0.3710145,Very Low,77.8,0.77321315,100,1747071900,Very Low,0.3581718,1.7916764,Very Low,1.0234506,60.7,0.6956522,100,1747071900,0.46376812
2025-05-12T17:53:21Z,20,29.87,73.6,58,67.1,11,5,284,75,0.0,255,32767,0.0,2127-15-31,0.0,0.16,26.24,0.0,0.0,0.0,0,4.828125,6,84,05:48,20:11,2025-05-12 17:53:21.150589,Città della Scienza,55.8,1.3495532,11.088463,0.44771478,0.95339864,EU EEA Common AQI,78.1,1.1917484,10.0213995,7200,0.4347826,100,100,64.9,0.3710145,Very Low,77.8,0.77321315,100,1747071900,Very Low,0.3581718,1.7916764,Very Low,1.0234506,60.7,0.6956522,100,1747071900,0.46376812
2025-05-12T17:53:32Z,20,29.87,73.6,58,67.0,9,5,237,75,0.0,255,32767,0.0,2127-15-31,0.0,0.16,26.24,0.0,0.0,0.0,0,4.828125,6,84,05:48,20:11,2025-05-12 17:53:32.245595,Città della Scienza,55.8,1.3495532,11.088463,0.44771478,0.95339864,EU EEA Common AQI,78.1,1.1917484,10.0213995,7200,0.4347826,100,100,64.9,0.3710145,Very Low,77.8,0.77321315,100,1747071900,Very Low,0.3581718,1.7916764,Very Low,1.0234506,60.7,0.6956522,100,1747071900,0.46376812
2025-05-12T17:53:43Z,20,29.87,73.5,58,67.0,7,6,255,75,0.0,255,32767,0.0,2127-15-31,0.0,0.16,26.24,0.0,0.0,0.0,0,4.828125,6,84,05:48,20:11,2025-05-12 17:53:43.296595,Città della Scienza,55.8,1.3495532,11.088463,0.44771478,0.95339864,EU EEA Common AQI,78.1,1.1917484,10.0213995,7200,0.4347826,100,100,64.9,0.3710145,Very Low,77.8,0.77321315,100,1747071900,Very Low,0.3581718,1.7916764,Very Low,1.0234506,60.7,0.6956522,100,1747071900,0.46376812
2025-05-12T17:53:54Z,20,29.87,73.5,58,67.0,6,6,224,75,0.0,255,32767,0.0,2127-15-31,0.0,0.16,26.24,0.0,0.0,0.0,0,4.828125,6,84,05:48,20:11,2025-05-12 17:53:54.382589,Città della Scienza,55.8,1.3495532,11.088463,0.44771478,0.95339864,EU EEA Common AQI,78.1,1.1917484,10.0213995,7200,0.4347826,100,100,64.9,0.3710145,Very Low,77.8,0.77321315,100,1747071900,Very Low,0.3581718,1.7916764,Very Low,1.0234506,60.7,0.6956522,100,1747071900,0.46376812
2025-05-12T17:54:05Z,20,29.87,73.5,58,67.0,8,6,245,75,0.0,255,32767,0.0,2127-15-31,0.0,0.16,26.24,0.0,0.0,0.0,0,4.828125,6,84,05:48,20:11,2025-05-12 17:54:05.455560,Città della Scienza,55.8,1.3495532,11.088463,0.44771478,0.95339864,EU EEA Common AQI,78.1,1.1917484,10.0213995,7200,0.4347826,100,100,64.9,0.3710145,Very Low,77.8,0.77321315,100,1747071900,Very Low,0.3581718,1.7916764,Very Low,1.0234506,60.7,0.6956522,100,1747071900,0.46376812
2025-05-12T17:54:16Z,20,29.87,73.5,58,66.9,7,6,270,75,0.0,255,32767,0.0,2127-15-31,0.0,0.16,26.24,0.0,0.0,0.0,0,4.828125,6,84,05:48,20:11,2025-05-12 17:54:16.491593,Città della Scienza,55.8,1.3495532,11.088463,0.44771478,0.95339864,EU EEA Common AQI,78.1,1.1917484,10.0213995,7200,0.4347826,100,100,64.9,0.3710145,Very Low,77.8,0.77321315,100,1747071900,Very Low,0.3581718,1.7916764,Very Low,1.0234506,60.7,0.6956522,100,1747071900,0.46376812
2025-05-12T17:54:27Z,20,29.87,73.5,58,67.0,6,6,228,75,0.0,255,32767,0.0,2127-15-31,0.0,0.16,26.24,0.0,0.0,0.0,0,4.828125,6,84,05:48,20:11,2025-05-12 17:54:27.590578,Città della Scienza,55.8,1.3495532,11.088463,0.44771478,0.95339864,EU EEA Common AQI,78.1,1.1917484,10.0213995,7200,0.4347826,100,100,64.9,0.3710145,Very Low,77.8,0.77321315,100,1747071900,Very Low,0.3581718,1.7916764,Very Low,1.0234506,60.7,0.6956522,100,1747071900,0.46376812
2025-05-12T17:54:38Z,20,29.871,73.5,58,66.9,9,6,244,75,0.0,255,32767,0.0,2127-15-31,0.0,0.16,26.24,0.0,0.0,0.0,0,4.828125,6,84,05:48,20:11,2025-05-12 17:54:38.677613,Città della Scienza,55.8,1.3495532,11.088463,0.44771478,0.95339864,EU EEA Common AQI,78.1,1.1917484,10.0213995,7200,0.4347826,100,100,64.9,0.3710145,Very Low,77.8,0.77321315,100,1747071900,Very Low,0.3581718,1.7916764,Very Low,1.0234506,60.7,0.6956522,100,1747071900,0.46376812
2025-05-12T17:54:49Z,20,29.871,73.5,58,66.9,9,6,242,75,0.0,255,32767,0.0,2127-15-31,0.0,0.16,26.24,0.0,0.0,0.0,0,4.828125,6,84,05:48,20:11,2025-05-12 17:54:49.747585,Città della Scienza,55.8,1.3495532,11.088463,0.44771478,0.95339864,EU EEA Common AQI,78.1,1.1917484,10.0213995,7200,0.4347826,100,100,64.9,0.3710145,Very Low,77.8,0.77321315,100,1747071900,Very Low,0.3581718,1.7916764,Very Low,1.0234506,60.7,0.6956522,100,1747071900,0.46376812
2025-05-12T17:55:01Z,20,29.871,73.5,58,66.9,11,6,251,75,0.0,255,32767,0.0,2127-15-31,0.0,0.16,26.24,0.0,0.0,0.0,0,4.828125,6,84,05:48,20:11,2025-05-12 17:55:00.802593,Città della Scienza,55.8,1.3495532,11.088463,0.44771478,0.95339864,EU EEA Common AQI,78.1,1.1917484,10.0213995,7200,0.4347826,100,100,64.9,0.3710145,Very Low,77.8,0.77321315,100,1747071900,Very Low,0.3581718,1.7916764,Very Low,1.0234506,60.7,0.6956522,100,1747071900,0.46376812
2025-05-12T17:55:12Z,20,29.871,73.5,58,66.9,9,6,239,75,0.0,255,32767,0.0,2127-15-31,0.0,0.16,26.24,0.0,0.0,0.0,0,4.828125,6,84,05:48,20:11,2025-05-12 17:55:11.906591,Città della Scienza,55.8,1.3495532,11.088463,0.44771478,0.95339864,EU EEA Common AQI,78.1,1.1917484,10.0213995,7200,0.4347826,100,100,64.9,0.3710145,Very Low,77.8,0.77321315,100,1747071900,Very Low,0.3581718,1.7916764,Very Low,1.0234506,60.7,0.6956522,100,1747071900,0.46376812
2025-05-12T17:55:23Z,20,29.871,73.5,58,66.9,10,6,265,75,0.0,255,32767,0.0,2127-15-31,0.0,0.16,26.24,0.0,0.0,0.0,0,4.828125,6,84,05:48,20:11,2025-05-12 17:55:22.966605,Città della Scienza,55.8,1.3495532,11.088463,0.44771478,0.95339864,EU EEA Common AQI,78.1,1.1917484,10.0213995,7200,0.4347826,100,100,64.9,0.3710145,Very Low,77.8,0.77321315,100,1747071900,Very Low,0.3581718,1.7916764,Very Low,1.0234506,60.7,0.6956522,100,1747071900,0.46376812
2025-05-12T17:55:34Z,20,29.871,73.5,58,66.9,7,7,250,75,0.0,255,32767,0.0,2127-15-31,0.0,0.16,26.24,0.0,0.0,0.0,0,4.828125,6,84,05:48,20:11,2025-05-12 17:55:34.050590,Città della Scienza
2025-05-12T17:55:45Z,20,29.871,73.5,58,66.9,7,7,246,75,0.0,255,32767,0.0,2127-15-31,0.0,0.16,26.24,0.0,0.0,0.0,0,4.828125,6,84,05:48,20:11,2025-05-12 17:55:45.101591,Città della Scienza
2025-05-12T17:55:56Z,20,29.871,73.5,58,66.9,7,7,257,75,0.0,255,32767,0.0,2127-15-31,0.0,0.16,26.24,0.0,0.0,0.0,0,4.828125,6,84,05:48,20:11,2025-05-12 17:55:56.185557,Città della Scienza
2025-05-12T17:56:07Z,20,29.871,73.5,58,66.8,5,7,228,75,0.0,255,32767,0.0,2127-15-31,0.0,0.16,26.24,0.0,0.0,0.0,0,4.828125,6,84,05:48,20:11,2025-05-12 17:56:07.269600,Città della Scienza
2025-05-12T17:56:18Z,20,29.871,73.5,58,66.9,2,7,271,75,0.0,255,32767,0.0,2127-15-31,0.0,0.16,26.24,0.0,0.0,0.0,0,4.828125,6,84,05:48,20:11,2025-05-12 17:56:18.469552,Città della Scienza
2025-05-12T17:56:29Z,20,29.871,73.5,58,66.9,2,7,268,75,0.0,255,32767,0.0,2127-15-31,0.0,0.16,26.24,0.0,0.0,0.0,0,4.828125,6,84,05:48,20:11,2025-05-12 17:56:29.506585,Città della Scienza
2025-05-12T17:56:40Z,20,29.87,73.5,58,66.9,7,7,259,75,0.0,255,32767,0.0,2127-15-31,0.0,0.16,26.24,0.0,0.0,0.0,0,4.828125,6,84,05:48,20:11,2025-05-12 17:56:40.564604,Città della Scienza
2025-05-12T17:56:51Z,20,29.87,73.5,58,66.9,8,7,250,75,0.0,255,32767,0.0,2127-15-31,0.0,0.16,26.24,0.0,0.0,0.0,0,4.828125,6,84,05:48,20:11,2025-05-12 17:56:51.617601,Città della Scienza
2025-05-12T17:57:02Z,20,29.87,73.5,58,66.9,6,7,239,75,0.0,255,32767,0.0,2127-15-31,0.0,0.16,26.24,0.0,0.0,0.0,0,4.828125,6,84,05:48,20:11,2025-05-12 17:57:02.655611,Città della Scienza
2025-05-12T17:57:13Z,20,29.87,73.5,58,66.9,7,7,246,75,0.0,255,32767,0.0,2127-15-31,0.0,0.16,26.24,0.0,0.0,0.0,0,4.828125,6,84,05:48,20:11,2025-05-12 17:57:13.697553,Città della Scienza
2025-05-12T17:57:24Z,20,29.87,73.5,58,66.9,6,7,259,75,0.0,255,32767,0.0,2127-15-31,0.0,0.16,26.24,0.0,0.0,0.0,0,4.828125,6,84,05:48,20:11,2025-05-12 17:57:24.780591,Città della Scienza
2025-05-12T17:57:36Z,20,29.87,73.5,58,66.9,9,7,265,75,0.0,255,32767,0.0,2127-15-31,0.0,0.16,26.24,0.0,0.0,0.0,0,4.828125,6,84,05:48,20:11,2025-05-12 17:57:35.804599,Città della Scienza
2025-05-12T17:57:47Z,20,29.87,73.5,58,66.9,7,7,252,75,0.0,255,32767,0.0,2127-15-31,0.0,0.16,26.24,0.0,0.0,0.0,0,4.828125,6,84,05:48,20:11,2025-05-12 17:57:46.851598,Città della Scienza
2025-05-12T17:57:58Z,20,29.87,73.5,58,66.9,6,7,275,75,0.0,255,32767,0.0,2127-15-31,0.0,0.16,26.24,0.0,0.0,0.0,0,4.828125,6,84,05:48,20:11,2025-05-12 17:57:57.930604,Città della Scienza
2025-05-12T17:58:09Z,20,29.87,73.5,58,66.9,5,7,238,75,0.0,255,32767,0.0,2127-15-31,0.0,0.16,26.24,0.0,0.0,0.0,0,4.828125,6,84,05:48,20:11,2025-05-12 17:58:08.995588,Città della Scienza
2025-05-12T17:58:20Z,20,29.87,73.5,58,66.9,5,7,242,75,0.0,255,32767,0.0,2127-15-31,0.0,0.16,26.24,0.0,0.0,0.0,0,4.828125,6,84,05:48,20:11,2025-05-12 17:58:20.072592,Città della Scienza
2025-05-12T17:58:31Z,20,29.87,73.5,58,66.9,9,7,244,75,0.0,255,32767,0.0,2127-15-31,0.0,0.16,26.24,0.0,0.0,0.0,0,4.828125,6,84,05:48,20:11,2025-05-12 17:58:31.108596,Città della Scienza
2025-05-12T17:58:42Z,20,29.873,73.5,58,67.0,11,7,240,75,0.0,255,32767,0.0,2127-15-31,0.0,0.16,26.24,0.0,0.0,0.0,0,4.828125,6,84,05:48,20:11,2025-05-12 17:58:42.146594,Città della Scienza
2025-05-12T17:58:53Z,20,29.873,73.5,58,66.9,9,7,269,75,0.0,255,32767,0.0,2127-15-31,0.0,0.16,26.24,0.0,0.0,0.0,0,4.828125,6,84,05:48,20:11,2025-05-12 17:58:53.228593,Città della Scienza
2025-05-12T17:59:04Z,20,29.873,73.5,58,66.9,10,7,259,75,0.0,255,32767,0.0,2127-15-31,0.0,0.16,26.24,0.0,0.0,0.0,0,4.828125,6,84,05:48,20:11,2025-05-12 17:59:04.320594,Città della Scienza
2025-05-12T17:59:15Z,20,29.873,73.5,58,66.9,11,7,246,75,0.0,255,32767,0.0,2127-15-31,0.0,0.16,26.24,0.0,0.0,0.0,0,4.828125,6,84,05:48,20:11,2025-05-12 17:59:15.382597,Città della Scienza
2025-05-12T17:59:26Z,20,29.873,73.5,58,66.9,9,7,246,75,0.0,255,32767,0.0,2127-15-31,0.0,0.16,26.24,0.0,0.0,0.0,0,4.828125,6,84,05:48,20:11,2025-05-12 17:59:26.417605,Città della Scienza
2025-05-12T17:59:37Z,20,29.87,73.5,58,66.8,12,8,236,75,0.0,255,32767,0.0,2127-15-31,0.0,0.16,26.24,0.0,0.0,0.0,0,4.828125,6,84,05:48,20:11,2025-05-12 17:59:37.511594,Città della Scienza
2025-05-12T17:59:48Z,20,29.87,73.5,58,66.9,11,8,256,75,0.0,255,32767,0.0,2127-15-31,0.0,0.16,26.24,0.0,0.0,0.0,0,4.828125,6,84,05:48,20:11,2025-05-12 17:59:48.570594,Città della Scienza
2025-05-12T17:59:59Z,20,29.87,73.5,58,66.9,8,8,252,75,0.0,255,32767,0.0,2127-15-31,0.0,0.16,26.24,0.0,0.0,0.0,0,4.828125,6,84,05:48,20:11,2025-05-12 17:59:59.633599,Città della Scienza,55.8,1.3495532,11.088463,0.44771478,0.95339864,EU EEA Common AQI,78.1,1.1917484,10.0213995,7200,0.4347826,100,100,64.9,0.3710145,Very Low,77.8,0.77321315,100,1747071900,Very Low,0.3581718,1.7916764,Very Low,1.0234506,60.7,0.6956522,100,1747071900,0.46376812
2025-05-12T18:00:10Z,20,29.87,73.5,58,66.9,8,8,247,75,0.0,255,32767,0.0,2127-15-31,0.0,0.16,26.24,0.0,0.0,0.0,0,4.828125,6,84,05:48,20:11,2025-05-12 18:00:10.726589,Città della Scienza,55.8,1.3495532,11.088463,0.44771478,0.95339864,EU EEA Common AQI,78.1,1.1917484,10.0213995,7200,0.4347826,100,100,64.9,0.3710145,Very Low,77.8,0.77321315,100,1747071900,Very Low,0.3581718,1.7916764,Very Low,1.0234506,60.7,0.6956522,100,1747071900,0.46376812
2025-05-12T18:00:22Z,20,29.87,73.5,58,66.9,7,8,273,75,0.0,255,32767,0.0,2127-15-31,0.0,0.16,26.24,0.0,0.0,0.0,0,4.828125,6,84,05:48,20:11,2025-05-12 18:00:21.834603,Città della Scienza,55.8,1.3495532,11.088463,0.44771478,0.95339864,EU EEA Common AQI,78.1,1.1917484,10.0213995,7200,0.4347826,100,100,64.9,0.3710145,Very Low,77.8,0.77321315,100,1747071900,Very Low,0.3581718,1.7916764,Very Low,1.0234506,60.7,0.6956522,100,1747071900,0.46376812
2025-05-12T18:00:33Z,20,29.87,73.5,58,66.8,6,8,236,75,0.0,255,32767,0.0,2127-15-31,0.0,0.16,26.24,0.0,0.0,0.0,0,4.828125,6,84,05:48,20:11,2025-05-12 18:00:32.975660,Città della Scienza,58.4,1.1757199,11.066694,0.47727272,0.8588589,EU EEA Common AQI,75.9,1.0735737,10.00017,7200,0.884058,100,100,64.0,0.70724636,Very Low,75.5,0.6177714,100,1747072800,Very Low,0.38181815,1.6387076,Very Low,0.9588517,59.9,1.231884,100,1747072800,0.884058
2025-05-12T18:00:44Z,0,29.873,73.5,58,66.8,4,8,301,75,0.0,255,32767,0.0,2127-15-31,0.0,0.16,26.24,0.0,0.0,0.0,0,4.828125,6,9,05:48,20:11,2025-05-12 18:00:44.056609,Città della Scienza,58.4,1.1757199,11.066694,0.47727272,0.8588589,EU EEA Common AQI,75.9,1.0735737,10.00017,7200,0.884058,100,100,64.0,0.70724636,Very Low,75.5,0.6177714,100,1747072800,Very Low,0.38181815,1.6387076,Very Low,0.9588517,59.9,1.231884,100,1747072800,0.884058
2025-05-12T18:00:55Z,0,29.873,73.5,58,66.8,2,8,232,75,0.0,255,32767,0.0,2127-15-31,0.0,0.16,26.24,0.0,0.0,0.0,0,4.828125,6,9,05:48,20:11,2025-05-12 18:00:55.128595,Città della Scienza,58.4,1.1757199,11.066694,0.47727272,0.8588589,EU EEA Common AQI,75.9,1.0735737,10.00017,7200,0.884058,100,100,64.0,0.70724636,Very Low,75.5,0.6177714,100,1747072800,Very Low,0.38181815,1.6387076,Very Low,0.9588517,59.9,1.231884,100,1747072800,0.884058
2025-05-12T18:01:06Z,0,29.873,73.5,58,66.8,3,8,276,75,0.0,255,32767,0.0,2127-15-31,0.0,0.16,26.24,0.0,0.0,0.0,0,4.828125,6,9,05:48,20:11,2025-05-12 18:01:06.208593,Città della Scienza,58.4,1.1757199,11.066694,0.47727272,0.8588589,EU EEA Common AQI,75.9,1.0735737,10.00017,7200,0.884058,100,100,64.0,0.70724636,Very Low,75.5,0.6177714,100,1747072800,Very Low,0.38181815,1.6387076,Very Low,0.9588517,59.9,1.231884,100,1747072800,0.884058
2025-05-12T18:01:17Z,0,29.873,73.5,58,66.8,4,8,244,75,0.0,255,32767,0.0,2127-15-31,0.0,0.16,26.24,0.0,0.0,0.0,0,4.828125,6,9,05:48,20:11,2025-05-12 18:01:17.278592,Città della Scienza,58.4,1.1757199,11.066694,0.47727272,0.8588589,EU EEA Common AQI,75.9,1.0735737,10.00017,7200,0.884058,100,100,64.0,0.70724636,Very Low,75.5,0.6177714,100,1747072800,Very Low,0.38181815,1.6387076,Very Low,0.9588517,59.9,1.231884,100,1747072800,0.884058
2025-05-12T18:01:28Z,0,29.873,73.5,58,66.8,2,8,259,76,0.0,255,32767,0.0,2127-15-31,0.0,0.16,26.24,0.0,0.0,0.0,0,4.828125,6,9,05:48,20:11,2025-05-12 18:01:28.392594,Città della Scienza,58.4,1.1757199,11.066694,0.47727272,0.8588589,EU EEA Common AQI,75.9,1.0735737,10.00017,7200,0.884058,100,100,64.0,0.70724636,Very Low,75.5,0.6177714,100,1747072800,Very Low,0.38181815,1.6387076,Very Low,0.9588517,59.9,1.231884,100,1747072800,0.884058
2025-05-12T18:01:39Z,0,29.871,73.5,58,66.9,2,8,278,76,0.0,255,32767,0.0,2127-15-31,0.0,0.16,26.24,0.0,0.0,0.0,0,4.828125,6,9,05:48,20:11,2025-05-12 18:01:39.449590,Città della Scienza,58.4,1.1757199,11.066694,0.47727272,0.8588589,EU EEA Common AQI,75.9,1.0735737,10.00017,7200,0.884058,100,100,64.0,0.70724636,Very Low,75.5,0.6177714,100,1747072800,Very Low,0.38181815,1.6387076,Very Low,0.9588517,59.9,1.231884,100,1747072800,0.884058
2025-05-12T18:01:50Z,0,29.871,73.5,58,66.8,2,8,264,76,0.0,255,32767,0.0,2127-15-31,0.0,0.16,26.24,0.0,0.0,0.0,0,4.828125,6,9,05:48,20:11,2025-05-12 18:01:50.526591,Città della Scienza,58.4,1.1757199,11.066694,0.47727272,0.8588589,EU EEA Common AQI,75.9,1.0735737,10.00017,7200,0.884058,100,100,64.0,0.70724636,Very Low,75.5,0.6177714,100,1747072800,Very Low,0.38181815,1.6387076,Very Low,0.9588517,59.9,1.231884,100,1747072800,0.884058
2025-05-12T18:02:01Z,0,29.871,73.5,58,66.8,2,8,271,76,0.0,255,32767,0.0,2127-15-31,0.0,0.16,26.24,0.0,0.0,0.0,0,4.828125,6,9,05:48,20:11,2025-05-12 18:02:01.578597,Città della Scienza,58.4,1.1757199,11.066694,0.47727272,0.8588589,EU EEA Common AQI,75.9,1.0735737,10.00017,7200,0.884058,100,100,64.0,0.70724636,Very Low,75.5,0.6177714,100,1747072800,Very Low,0.38181815,1.6387076,Very Low,0.9588517,59.9,1.231884,100,1747072800,0.884058
2025-05-12T18:02:13Z,0,29.871,73.5,58,66.8,4,8,252,76,0.0,255,32767,0.0,2127-15-31,0.0,0.16,26.24,0.0,0.0,0.0,0,4.828125,6,9,05:48,20:11,2025-05-12 18:02:12.799601,Città della Scienza,58.4,1.1757199,11.066694,0.47727272,0.8588589,EU EEA Common AQI,75.9,1.0735737,10.00017,7200,0.884058,100,100,64.0,0.70724636,Very Low,75.5,0.6177714,100,1747072800,Very Low,0.38181815,1.6387076,Very Low,0.9588517,59.9,1.231884,100,1747072800,0.884058
2025-05-12T18:02:24Z,0,29.871,73.5,58,66.9,7,8,254,76,0.0,255,32767,0.0,2127-15-31,0.0,0.16,26.24,0.0,0.0,0.0,0,4.828125,6,9,05:48,20:11,2025-05-12 18:02:23.857633,Città della Scienza,58.4,1.1757199,11.066694,0.47727272,0.8588589,EU EEA Common AQI,75.9,1.0735737,10.00017,7200,0.884058,100,100,64.0,0.70724636,Very Low,75.5,0.6177714,100,1747072800,Very Low,0.38181815,1.6387076,Very Low,0.9588517,59.9,1.231884,100,1747072800,0.884058
2025-05-12T18:02:35Z,0,29.871,73.5,58,66.9,7,7,246,76,0.0,255,32767,0.0,2127-15-31,0.0,0.16,26.24,0.0,0.0,0.0,0,4.828125,6,9,05:48,20:11,2025-05-12 18:02:34.985590,Città della Scienza,58.4,1.1757199,11.066694,0.47727272,0.8588589,EU EEA Common AQI,75.9,1.0735737,10.00017,7200,0.884058,100,100,64.0,0.70724636,Very Low,75.5,0.6177714,100,1747072800,Very Low,0.38181815,1.6387076,Very Low,0.9588517,59.9,1.231884,100,1747072800,0.884058
2025-05-12T18:02:46Z,0,29.871,73.5,58,66.9,6,7,235,76,0.0,255,32767,0.0,2127-15-31,0.0,0.16,26.24,0.0,0.0,0.0,0,4.828125,6,9,05:48,20:11,2025-05-12 18:02:46.118600,Città della Scienza,58.4,1.1757199,11.066694,0.47727272,0.8588589,EU EEA Common AQI,75.9,1.0735737,10.00017,7200,0.884058,100,100,64.0,0.70724636,Very Low,75.5,0.6177714,100,1747072800,Very Low,0.38181815,1.6387076,Very Low,0.9588517,59.9,1.231884,100,1747072800,0.884058
2025-05-12T18:02:57Z,0,29.871,73.5,58,66.9,6,7,243,76,0.0,255,32767,0.0,2127-15-31,0.0,0.16,26.24,0.0,0.0,0.0,0,4.828125,6,9,05:48,20:11,2025-05-12 18:02:57.205594,Città della Scienza,58.4,1.1757199,11.066694,0.47727272,0.8588589,EU EEA Common AQI,75.9,1.0735737,10.00017,7200,0.884058,100,100,64.0,0.70724636,Very Low,75.5,0.6177714,100,1747072800,Very Low,0.38181815,1.6387076,Very Low,0.9588517,59.9,1.231884,100,1747072800,0.884058
2025-05-12T18:03:08Z,0,29.871,73.5,58,66.9,2,7,268,76,0.0,255,32767,0.0,2127-15-31,0.0,0.16,26.24,0.0,0.0,0.0,0,4.828125,6,9,05:48,20:11,2025-05-12 18:03:08.296590,Città della Scienza,58.4,1.1757199,11.066694,0.47727272,0.8588589,EU EEA Common AQI,75.9,1.0735737,10.00017,7200,0.884058,100,100,64.0,0.70724636,Very Low,75.5,0.6177714,100,1747072800,Very Low,0.38181815,1.6387076,Very Low,0.9588517,59.9,1.231884,100,1747072800,0.884058
2025-05-12T18:03:19Z,0,29.871,73.5,58,66.9,6,7,263,76,0.0,255,32767,0.0,2127-15-31,0.0,0.16,26.24,0.0,0.0,0.0,0,4.828125,6,9,05:48,20:11,2025-05-12 18:03:19.357598,Città della Scienza,58.4,1.1757199,11.066694,0.47727272,0.8588589,EU EEA Common AQI,75.9,1.0735737,10.00017,7200,0.884058,100,100,64.0,0.70724636,Very Low,75.5,0.6177714,100,1747072800,Very Low,0.38181815,1.6387076,Very Low,0.9588517,59.9,1.231884,100,1747072800,0.884058
2025-05-12T18:03:30Z,0,29.871,73.5,58,66.9,4,7,230,76,0.0,255,32767,0.0,2127-15-31,0.0,0.16,26.24,0.0,0.0,0.0,0,4.828125,6,9,05:48,20:11,2025-05-12 18:03:30.410600,Città della Scienza,58.4,1.1757199,11.066694,0.47727272,0.8588589,EU EEA Common AQI,75.9,1.0735737,10.00017,7200,0.884058,100,100,64.0,0.70724636,Very Low,75.5,0.6177714,100,1747072800,Very Low,0.38181815,1.6387076,Very Low,0.9588517,59.9,1.231884,100,1747072800,0.884058
2025-05-12T18:03:41Z,0,29.871,73.5,58,66.9,3,7,236,76,0.0,255,32767,0.0,2127-15-31,0.0,0.16,26.24,0.0,0.0,0.0,0,4.828125,6,9,05:48,20:11,2025-05-12 18:03:41.496595,Città della Scienza,58.4,1.1757199,11.066694,0.47727272,0.8588589,EU EEA Common AQI,75.9,1.0735737,10.00017,7200,0.884058,100,100,64.0,0.70724636,Very Low,75.5,0.6177714,100,1747072800,Very Low,0.38181815,1.6387076,Very Low,0.9588517,59.9,1.231884,100,1747072800,0.884058
2025-05-12T18:03:52Z,0,29.871,73.5,58,66.9,6,7,275,76,0.0,255,32767,0.0,2127-15-31,0.0,0.16,26.24,0.0,0.0,0.0,0,4.828125,6,9,05:48,20:11,2025-05-12 18:03:52.614612,Città della Scienza,58.4,1.1757199,11.066694,0.47727272,0.8588589,EU EEA Common AQI,75.9,1.0735737,10.00017,7200,0.884058,100,100,64.0,0.70724636,Very Low,75.5,0.6177714,100,1747072800,Very Low,0.38181815,1.6387076,Very Low,0.9588517,59.9,1.231884,100,1747072800,0.884058
2025-05-12T18:04:03Z,0,29.871,73.5,58,66.9,5,7,252,76,0.0,255,32767,0.0,2127-15-31,0.0,0.16,26.24,0.0,0.0,0.0,0,4.828125,6,9,05:48,20:11,2025-05-12 18:04:03.708594,Città della Scienza,58.4,1.1757199,11.066694,0.47727272,0.8588589,EU EEA Common AQI,75.9,1.0735737,10.00017,7200,0.884058,100,100,64.0,0.70724636,Very Low,75.5,0.6177714,100,1747072800,Very Low,0.38181815,1.6387076,Very Low,0.9588517,59.9,1.231884,100,1747072800,0.884058
2025-05-12T18:04:14Z,0,29.871,73.5,58,66.8,6,7,267,76,0.0,255,32767,0.0,2127-15-31,0.0,0.16,26.24,0.0,0.0,0.0,0,4.828125,6,9,05:48,20:11,2025-05-12 18:04:14.764593,Città della Scienza,58.4,1.1757199,11.066694,0.47727272,0.8588589,EU EEA Common AQI,75.9,1.0735737,10.00017,7200,0.884058,100,100,64.0,0.70724636,Very Low,75.5,0.6177714,100,1747072800,Very Low,0.38181815,1.6387076,Very Low,0.9588517,59.9,1.231884,100,1747072800,0.884058
2025-05-12T18:04:26Z,0,29.871,73.5,58,66.9,5,7,244,76,0.0,255,32767,0.0,2127-15-31,0.0,0.16,26.24,0.0,0.0,0.0,0,4.828125,6,9,05:48,20:11,2025-05-12 18:04:25.819591,Città della Scienza,58.4,1.1757199,11.066694,0.47727272,0.8588589,EU EEA Common AQI,75.9,1.0735737,10.00017,7200,0.884058,100,100,64.0,0.70724636,Very Low,75.5,0.6177714,100,1747072800,Very Low,0.38181815,1.6387076,Very Low,0.9588517,59.9,1.231884,100,1747072800,0.884058
2025-05-12T18:04:37Z,0,29.873,73.5,58,66.8,8,6,261,76,0.0,255,32767,0.0,2127-15-31,0.0,0.16,26.24,0.0,0.0,0.0,0,4.828125,6,9,05:48,20:11,2025-05-12 18:04:36.927590,Città della Scienza,58.4,1.1757199,11.066694,0.47727272,0.8588589,EU EEA Common AQI,75.9,1.0735737,10.00017,7200,0.884058,100,100,64.0,0.70724636,Very Low,75.5,0.6177714,100,1747072800,Very Low,0.38181815,1.6387076,Very Low,0.9588517,59.9,1.231884,100,1747072800,0.884058
2025-05-12T18:04:48Z,0,29.873,73.5,58,66.9,5,6,252,76,0.0,255,32767,0.0,2127-15-31,0.0,0.16,26.24,0.0,0.0,0.0,0,4.828125,6,9,05:48,20:11,2025-05-12 18:04:48.031586,Città della Scienza,58.4,1.1757199,11.066694,0.47727272,0.8588589,EU EEA Common AQI,75.9,1.0735737,10.00017,7200,0.884058,100,100,64.0,0.70724636,Very Low,75.5,0.6177714,100,1747072800,Very Low,0.38181815,1.6387076,Very Low,0.9588517,59.9,1.231884,100,1747072800,0.884058
2025-05-12T18:04:59Z,0,29.873,73.5,58,66.8,8,6,247,75,0.0,255,32767,0.0,2127-15-31,0.0,0.16,26.24,0.0,0.0,0.0,0,4.828125,6,9,05:48,20:11,2025-05-12 18:04:59.173589,Città della Scienza,58.4,1.1757199,11.066694,0.47727272,0.8588589,EU EEA Common AQI,75.9,1.0735737,10.00017,7200,0.884058,100,100,64.0,0.70724636,Very Low,75.5,0.6177714,100,1747072800,Very Low,0.38181815,1.6387076,Very Low,0.9588517,59.9,1.231884,100,1747072800,0.884058
2025-05-12T18:05:10Z,0,29.873,73.5,58,66.8,6,6,274,75,0.0,255,32767,0.0,2127-15-31,0.0,0.16,26.24,0.0,0.0,0.0,0,4.828125,6,9,05:48,20:11,2025-05-12 18:05:10.262584,Città della Scienza,58.4,1.1757199,11.066694,0.47727272,0.8588589,EU EEA Common AQI,75.9,1.0735737,10.00017,7200,0.884058,100,100,64.0,0.70724636,Very Low,75.5,0.6177714,100,1747072800,Very Low,0.38181815,1.6387076,Very Low,0.9588517,59.9,1.231884,100,1747072800,0.884058
2025-05-12T18:05:21Z,0,29.873,73.5,58,66.8,6,6,258,75,0.0,255,32767,0.0,2127-15-31,0.0,0.16,26.24,0.0,0.0,0.0,0,4.828125,6,9,05:48,20:11,2025-05-12 18:05:21.335588,Città della Scienza,58.4,1.1757199,11.066694,0.47727272,0.8588589,EU EEA Common AQI,75.9,1.0735737,10.00017,7200,0.884058,100,100,64.0,0.70724636,Very Low,75.5,0.6177714,100,1747072800,Very Low,0.38181815,1.6387076,Very Low,0.9588517,59.9,1.231884,100,1747072800,0.884058
2025-05-12T18:05:32Z,0,29.873,73.5,58,66.8,3,6,286,75,0.0,255,32767,0.0,2127-15-31,0.0,0.16,26.24,0.0,0.0,0.0,0,4.828125,6,9,05:48,20:11,2025-05-12 18:05:32.413606,Città della Scienza,58.4,1.1757199,11.066694,0.47727272,0.8588589,EU EEA Common AQI,75.9,1.0735737,10.00017,7200,0.884058,100,100,64.0,0.70724636,Very Low,75.5,0.6177714,100,1747072800,Very Low,0.38181815,1.6387076,Very Low,0.9588517,59.9,1.231884,100,1747072800,0.884058
2025-05-12T18:05:43Z,0,29.871,73.5,58,66.8,3,6,236,75,0.0,255,32767,0.0,2127-15-31,0.0,0.16,26.24,0.0,0.0,0.0,0,4.828125,6,9,05:48,20:11,2025-05-12 18:05:43.475593,Città della Scienza,58.4,1.1757199,11.066694,0.47727272,0.8588589,EU EEA Common AQI,75.9,1.0735737,10.00017,7200,0.884058,100,100,64.0,0.70724636,Very Low,75.5,0.6177714,100,1747072800,Very Low,0.38181815,1.6387076,Very Low,0.9588517,59.9,1.231884,100,1747072800,0.884058
2025-05-12T18:05:54Z,0,29.871,73.5,58,66.7,6,6,260,75,0.0,255,32767,0.0,2127-15-31,0.0,0.16,26.24,0.0,0.0,0.0,0,4.828125,6,9,05:48,20:11,2025-05-12 18:05:54.526604,Città della Scienza,58.4,1.1757199,11.066694,0.47727272,0.8588589,EU EEA Common AQI,75.9,1.0735737,10.00017,7200,0.884058,100,100,64.0,0.70724636,Very Low,75.5,0.6177714,100,1747072800,Very Low,0.38181815,1.6387076,Very Low,0.9588517,59.9,1.231884,100,1747072800,0.884058
2025-05-12T18:06:05Z,0,29.871,73.5,58,66.8,5,6,252,75,0.0,255,32767,0.0,2127-15-31,0.0,0.16,26.24,0.0,0.0,0.0,0,4.828125,6,9,05:48,20:11,2025-05-12 18:06:05.625610,Città della Scienza,58.4,1.1757199,11.066694,0.47727272,0.8588589,EU EEA Common AQI,75.9,1.0735737,10.00017,7200,0.884058,100,100,64.0,0.70724636,Very Low,75.5,0.6177714,100,1747072800,Very Low,0.38181815,1.6387076,Very Low,0.9588517,59.9,1.231884,100,1747072800,0.884058
2025-05-12T18:06:30Z,0,29.871,73.5,58,66.7,10,6,252,75,0.0,255,32767,0.0,2127-15-31,0.0,0.16,26.24,0.0,0.0,0.0,0,4.828125,6,9,05:48,20:11,2025-05-12 18:06:30.298580,Città della Scienza,58.4,1.1757199,11.066694,0.47727272,0.8588589,EU EEA Common AQI,75.9,1.0735737,10.00017,7200,0.884058,100,100,64.0,0.70724636,Very Low,75.5,0.6177714,100,1747072800,Very Low,0.38181815,1.6387076,Very Low,0.9588517,59.9,1.231884,100,1747072800,0.884058
2025-05-12T18:06:41Z,0,29.871,73.5,58,66.7,7,6,249,74,0.0,255,32767,0.0,2127-15-31,0.0,0.16,26.24,0.0,0.0,0.0,0,4.828125,6,9,05:48,20:11,2025-05-12 18:06:41.397597,Città della Scienza,58.4,1.1757199,11.066694,0.47727272,0.8588589,EU EEA Common AQI,75.9,1.0735737,10.00017,7200,0.884058,100,100,64.0,0.70724636,Very Low,75.5,0.6177714,100,1747072800,Very Low,0.38181815,1.6387076,Very Low,0.9588517,59.9,1.231884,100,1747072800,0.884058
2025-05-12T18:06:52Z,0,29.871,73.5,58,66.7,8,6,258,74,0.0,255,32767,0.0,2127-15-31,0.0,0.16,26.24,0.0,0.0,0.0,0,4.828125,6,9,05:48,20:11,2025-05-12 18:06:52.483609,Città della Scienza,58.4,1.1757199,11.066694,0.47727272,0.8588589,EU EEA Common AQI,75.9,1.0735737,10.00017,7200,0.884058,100,100,64.0,0.70724636,Very Low,75.5,0.6177714,100,1747072800,Very Low,0.38181815,1.6387076,Very Low,0.9588517,59.9,1.231884,100,1747072800,0.884058
2025-05-12T18:07:03Z,0,29.871,73.5,58,66.7,4,6,259,74,0.0,255,32767,0.0,2127-15-31,0.0,0.16,26.24,0.0,0.0,0.0,0,4.828125,6,9,05:48,20:11,2025-05-12 18:07:03.566587,Città della Scienza,58.4,1.1757199,11.066694,0.47727272,0.8588589,EU EEA Common AQI,75.9,1.0735737,10.00017,7200,0.884058,100,100,64.0,0.70724636,Very Low,75.5,0.6177714,100,1747072800,Very Low,0.38181815,1.6387076,Very Low,0.9588517,59.9,1.231884,100,1747072800,0.884058
2025-05-12T18:07:14Z,0,29.871,73.5,58,66.7,4,6,269,74,0.0,255,32767,0.0,2127-15-31,0.0,0.16,26.24,0.0,0.0,0.0,0,4.828125,6,9,05:48,20:11,2025-05-12 18:07:14.639598,Città della Scienza,58.4,1.1757199,11.066694,0.47727272,0.8588589,EU EEA Common AQI,75.9,1.0735737,10.00017,7200,0.884058,100,100,64.0,0.70724636,Very Low,75.5,0.6177714,100,1747072800,Very Low,0.38181815,1.6387076,Very Low,0.9588517,59.9,1.231884,100,1747072800,0.884058
2025-05-12T18:07:25Z,0,29.871,73.5,58,66.7,2,6,250,74,0.0,255,32767,0.0,2127-15-31,0.0,0.16,26.24,0.0,0.0,0.0,0,4.828125,6,9,05:48,20:11,2025-05-12 18:07:25.695594,Città della Scienza,58.4,1.1757199,11.066694,0.47727272,0.8588589,EU EEA Common AQI,75.9,1.0735737,10.00017,7200,0.884058,100,100,64.0,0.70724636,Very Low,75.5,0.6177714,100,1747072800,Very Low,0.38181815,1.6387076,Very Low,0.9588517,59.9,1.231884,100,1747072800,0.884058
2025-05-12T18:07:36Z,0,29.874,73.4,58,66.7,2,6,220,74,0.0,255,32767,0.0,2127-15-31,0.0,0.16,26.24,0.0,0.0,0.0,0,4.828125,6,9,05:48,20:11,2025-05-12 18:07:36.775617,Città della Scienza,58.4,1.1757199,11.066694,0.47727272,0.8588589,EU EEA Common AQI,75.9,1.0735737,10.00017,7200,0.884058,100,100,64.0,0.70724636,Very Low,75.5,0.6177714,100,1747072800,Very Low,0.38181815,1.6387076,Very Low,0.9588517,59.9,1.231884,100,1747072800,0.884058
2025-05-12T18:07:48Z,0,29.874,73.4,58,66.7,6,6,268,74,0.0,255,32767,0.0,2127-15-31,0.0,0.16,26.24,0.0,0.0,0.0,0,4.828125,6,9,05:48,20:11,2025-05-12 18:07:47.855599,Città della Scienza,58.4,1.1757199,11.066694,0.47727272,0.8588589,EU EEA Common AQI,75.9,1.0735737,10.00017,7200,0.884058,100,100,64.0,0.70724636,Very Low,75.5,0.6177714,100,1747072800,Very Low,0.38181815,1.6387076,Very Low,0.9588517,59.9,1.231884,100,1747072800,0.884058
2025-05-12T18:07:59Z,0,29.874,73.4,58,66.7,3,6,278,74,0.0,255,32767,0.0,2127-15-31,0.0,0.16,26.24,0.0,0.0,0.0,0,4.828125,6,9,05:48,20:11,2025-05-12 18:07:58.908593,Città della Scienza,58.4,1.1757199,11.066694,0.47727272,0.8588589,EU EEA Common AQI,75.9,1.0735737,10.00017,7200,0.884058,100,100,64.0,0.70724636,Very Low,75.5,0.6177714,100,1747072800,Very Low,0.38181815,1.6387076,Very Low,0.9588517,59.9,1.231884,100,1747072800,0.884058
2025-05-12T18:08:10Z,0,29.874,73.4,58,66.7,5,6,243,74,0.0,255,32767,0.0,2127-15-31,0.0,0.16,26.24,0.0,0.0,0.0,0,4.828125,6,9,05:48,20:11,2025-05-12 18:08:09.963593,Città della Scienza,58.4,1.1757199,11.066694,0.47727272,0.8588589,EU EEA Common AQI,75.9,1.0735737,10.00017,7200,0.884058,100,100,64.0,0.70724636,Very Low,75.5,0.6177714,100,1747072800,Very Low,0.38181815,1.6387076,Very Low,0.9588517,59.9,1.231884,100,1747072800,0.884058
2025-05-12T18:08:21Z,0,29.874,73.4,58,66.7,3,6,274,75,0.0,255,32767,0.0,2127-15-31,0.0,0.16,26.24,0.0,0.0,0.0,0,4.828125,6,9,05:48,20:11,2025-05-12 18:08:21.038599,Città della Scienza,58.4,1.1757199,11.066694,0.47727272,0.8588589,EU EEA Common AQI,75.9,1.0735737,10.00017,7200,0.884058,100,100,64.0,0.70724636,Very Low,75.5,0.6177714,100,1747072800,Very Low,0.38181815,1.6387076,Very Low,0.9588517,59.9,1.231884,100,1747072800,0.884058
2025-05-12T18:08:32Z,0,29.874,73.4,58,66.7,7,6,248,75,0.0,255,32767,0.0,2127-15-31,0.0,0.16,26.24,0.0,0.0,0.0,0,4.828125,6,9,05:48,20:11,2025-05-12 18:08:32.132589,Città della Scienza,58.4,1.1757199,11.066694,0.47727272,0.8588589,EU EEA Common AQI,75.9,1.0735737,10.00017,7200,0.884058,100,100,64.0,0.70724636,Very Low,75.5,0.6177714,100,1747072800,Very Low,0.38181815,1.6387076,Very Low,0.9588517,59.9,1.231884,100,1747072800,0.884058
2025-05-12T18:08:43Z,0,29.874,73.5,58,66.7,1,6,267,75,0.0,255,32767,0.0,2127-15-31,0.0,0.16,26.24,0.0,0.0,0.0,0,4.828125,6,9,05:48,20:11,2025-05-12 18:08:43.204607,Città della Scienza,58.4,1.1757199,11.066694,0.47727272,0.8588589,EU EEA Common AQI,75.9,1.0735737,10.00017,7200,0.884058,100,100,64.0,0.70724636,Very Low,75.5,0.6177714,100,1747072800,Very Low,0.38181815,1.6387076,Very Low,0.9588517,59.9,1.231884,100,1747072800,0.884058
2025-05-12T18:08:54Z,0,29.874,73.5,58,66.7,7,6,225,75,0.0,255,32767,0.0,2127-15-31,0.0,0.16,26.24,0.0,0.0,0.0,0,4.828125,6,9,05:48,20:11,2025-05-12 18:08:54.313589,Città della Scienza,58.4,1.1757199,11.066694,0.47727272,0.8588589,EU EEA Common AQI,75.9,1.0735737,10.00017,7200,0.884058,100,100,64.0,0.70724636,Very Low,75.5,0.6177714,100,1747072800,Very Low,0.38181815,1.6387076,Very Low,0.9588517,59.9,1.231884,100,1747072800,0.884058
2025-05-12T18:09:05Z,0,29.874,73.5,58,66.7,5,6,241,75,0.0,255,32767,0.0,2127-15-31,0.0,0.16,26.24,0.0,0.0,0.0,0,4.828125,6,9,05:48,20:11,2025-05-12 18:09:05.371603,Città della Scienza,58.4,1.1757199,11.066694,0.47727272,0.8588589,EU EEA Common AQI,75.9,1.0735737,10.00017,7200,0.884058,100,100,64.0,0.70724636,Very Low,75.5,0.6177714,100,1747072800,Very Low,0.38181815,1.6387076,Very Low,0.9588517,59.9,1.231884,100,1747072800,0.884058
2025-05-12T18:09:16Z,0,29.874,73.5,58,66.7,6,6,259,75,0.0,255,32767,0.0,2127-15-31,0.0,0.16,26.24,0.0,0.0,0.0,0,4.828125,6,9,05:48,20:11,2025-05-12 18:09:16.470593,Città della Scienza,58.4,1.1757199,11.066694,0.47727272,0.8588589,EU EEA Common AQI,75.9,1.0735737,10.00017,7200,0.884058,100,100,64.0,0.70724636,Very Low,75.5,0.6177714,100,1747072800,Very Low,0.38181815,1.6387076,Very Low,0.9588517,59.9,1.231884,100,1747072800,0.884058
2025-05-12T18:09:27Z,0,29.874,73.5,58,66.7,4,6,255,75,0.0,255,32767,0.0,2127-15-31,0.0,0.16,26.24,0.0,0.0,0.0,0,4.828125,6,9,05:48,20:11,2025-05-12 18:09:27.531595,Città della Scienza,58.4,1.1757199,11.066694,0.47727272,0.8588589,EU EEA Common AQI,75.9,1.0735737,10.00017,7200,0.884058,100,100,64.0,0.70724636,Very Low,75.5,0.6177714,100,1747072800,Very Low,0.38181815,1.6387076,Very Low,0.9588517,59.9,1.231884,100,1747072800,0.884058
2025-05-12T18:09:38Z,0,29.873,73.4,58,66.6,5,5,248,75,0.0,255,32767,0.0,2127-15-31,0.0,0.16,26.24,0.0,0.0,0.0,0,4.828125,6,9,05:48,20:11,2025-05-12 18:09:38.611604,Città della Scienza,58.4,1.1757199,11.066694,0.47727272,0.8588589,EU EEA Common AQI,75.9,1.0735737,10.00017,7200,0.884058,100,100,64.0,0.70724636,Very Low,75.5,0.6177714,100,1747072800,Very Low,0.38181815,1.6387076,Very Low,0.9588517,59.9,1.231884,100,1747072800,0.884058
2025-05-12T18:09:49Z,0,29.873,73.4,58,66.7,3,5,284,75,0.0,255,32767,0.0,2127-15-31,0.0,0.16,26.24,0.0,0.0,0.0,0,4.828125,6,9,05:48,20:11,2025-05-12 18:09:49.710592,Città della Scienza,58.4,1.1757199,11.066694,0.47727272,0.8588589,EU EEA Common AQI,75.9,1.0735737,10.00017,7200,0.884058,100,100,64.0,0.70724636,Very Low,75.5,0.6177714,100,1747072800,Very Low,0.38181815,1.6387076,Very Low,0.9588517,59.9,1.231884,100,1747072800,0.884058
2025-05-12T18:10:00Z,0,29.873,73.4,58,66.6,4,5,273,75,0.0,255,32767,0.0,2127-15-31,0.0,0.16,26.24,0.0,0.0,0.0,0,4.828125,6,9,05:48,20:11,2025-05-12 18:10:00.764593,Città della Scienza,58.4,1.1757199,11.066694,0.47727272,0.8588589,EU EEA Common AQI,75.9,1.0735737,10.00017,7200,0.884058,100,100,64.0,0.70724636,Very Low,75.5,0.6177714,100,1747072800,Very Low,0.38181815,1.6387076,Very Low,0.9588517,59.9,1.231884,100,1747072800,0.884058
2025-05-12T18:10:12Z,0,29.873,73.4,58,66.6,7,5,257,74,0.0,255,32767,0.0,2127-15-31,0.0,0.16,26.24,0.0,0.0,0.0,0,4.828125,6,9,05:48,20:11,2025-05-12 18:10:11.819589,Città della Scienza,58.4,1.1757199,11.066694,0.47727272,0.8588589,EU EEA Common AQI,75.9,1.0735737,10.00017,7200,0.884058,100,100,64.0,0.70724636,Very Low,75.5,0.6177714,100,1747072800,Very Low,0.38181815,1.6387076,Very Low,0.9588517,59.9,1.231884,100,1747072800,0.884058
2025-05-12T18:10:23Z,0,29.873,73.4,58,66.6,5,5,257,74,0.0,255,32767,0.0,2127-15-31,0.0,0.16,26.24,0.0,0.0,0.0,0,4.828125,6,9,05:48,20:11,2025-05-12 18:10:22.890591,Città della Scienza,58.4,1.1757199,11.066694,0.47727272,0.8588589,EU EEA Common AQI,75.9,1.0735737,10.00017,7200,0.884058,100,100,64.0,0.70724636,Very Low,75.5,0.6177714,100,1747072800,Very Low,0.38181815,1.6387076,Very Low,0.9588517,59.9,1.231884,100,1747072800,0.884058
2025-05-12T18:10:34Z,0,29.876,73.5,58,66.6,5,5,242,74,0.0,255,32767,0.0,2127-15-31,0.0,0.16,26.24,0.0,0.0,0.0,0,4.828125,6,9,05:48,20:11,2025-05-12 18:10:33.981570,Città della Scienza,58.4,1.1757199,11.066694,0.47727272,0.8588589,EU EEA Common AQI,75.9,1.0735737,10.00017,7200,0.884058,100,100,64.0,0.70724636,Very Low,75.5,0.6177714,100,1747072800,Very Low,0.38181815,1.6387076,Very Low,0.9588517,59.9,1.231884,100,1747072800,0.884058
2025-05-12T18:10:45Z,0,29.876,73.5,58,66.6,3,5,260,74,0.0,255,32767,0.0,2127-15-31,0.0,0.16,26.24,0.0,0.0,0.0,0,4.828125,6,9,05:48,20:11,2025-05-12 18:10:45.036588,Città della Scienza,58.4,1.1757199,11.066694,0.47727272,0.8588589,EU EEA Common AQI,75.9,1.0735737,10.00017,7200,0.884058,100,100,64.0,0.70724636,Very Low,75.5,0.6177714,100,1747072800,Very Low,0.38181815,1.6387076,Very Low,0.9588517,59.9,1.231884,100,1747072800,0.884058
2025-05-12T18:10:56Z,0,29.876,73.5,58,66.6,1,5,300,74,0.0,255,32767,0.0,2127-15-31,0.0,0.16,26.24,0.0,0.0,0.0,0,4.828125,6,9,05:48,20:11,2025-05-12 18:10:56.144597,Città della Scienza,58.4,1.1757199,11.066694,0.47727272,0.8588589,EU EEA Common AQI,75.9,1.0735737,10.00017,7200,0.884058,100,100,64.0,0.70724636,Very Low,75.5,0.6177714,100,1747072800,Very Low,0.38181815,1.6387076,Very Low,0.9588517,59.9,1.231884,100,1747072800,0.884058
2025-05-12T18:11:07Z,0,29.876,73.5,58,66.6,1,5,234,75,0.0,255,32767,0.0,2127-15-31,0.0,0.16,26.24,0.0,0.0,0.0,0,4.828125,6,9,05:48,20:11,2025-05-12 18:11:07.260595,Città della Scienza,58.4,1.1757199,11.066694,0.47727272,0.8588589,EU EEA Common AQI,75.9,1.0735737,10.00017,7200,0.884058,100,100,64.0,0.70724636,Very Low,75.5,0.6177714,100,1747072800,Very Low,0.38181815,1.6387076,Very Low,0.9588517,59.9,1.231884,100,1747072800,0.884058
2025-05-12T18:11:18Z,0,29.876,73.5,58,66.6,6,5,242,75,0.0,255,32767,0.0,2127-15-31,0.0,0.16,26.24,0.0,0.0,0.0,0,4.828125,6,9,05:48,20:11,2025-05-12 18:11:18.348595,Città della Scienza,58.4,1.1757199,11.066694,0.47727272,0.8588589,EU EEA Common AQI,75.9,1.0735737,10.00017,7200,0.884058,100,100,64.0,0.70724636,Very Low,75.5,0.6177714,100,1747072800,Very Low,0.38181815,1.6387076,Very Low,0.9588517,59.9,1.231884,100,1747072800,0.884058
2025-05-12T18:11:29Z,0,29.876,73.5,58,66.6,5,5,254,75,0.0,255,32767,0.0,2127-15-31,0.0,0.16,26.24,0.0,0.0,0.0,0,4.828125,6,9,05:48,20:11,2025-05-12 18:11:29.428594,Città della Scienza,58.4,1.1757199,11.066694,0.47727272,0.8588589,EU EEA Common AQI,75.9,1.0735737,10.00017,7200,0.884058,100,100,64.0,0.70724636,Very Low,75.5,0.6177714,100,1747072800,Very Low,0.38181815,1.6387076,Very Low,0.9588517,59.9,1.231884,100,1747072800,0.884058
2025-05-12T18:11:40Z,0,29.874,73.4,58,66.6,3,5,248,75,0.0,255,32767,0.0,2127-15-31,0.0,0.16,26.24,0.0,0.0,0.0,0,4.828125,6,9,05:48,20:11,2025-05-12 18:11:40.526594,Città della Scienza,58.4,1.1757199,11.066694,0.47727272,0.8588589,EU EEA Common AQI,75.9,1.0735737,10.00017,7200,0.884058,100,100,64.0,0.70724636,Very Low,75.5,0.6177714,100,1747072800,Very Low,0.38181815,1.6387076,Very Low,0.9588517,59.9,1.231884,100,1747072800,0.884058
2025-05-12T18:11:51Z,0,29.874,73.4,58,66.7,5,5,254,75,0.0,255,32767,0.0,2127-15-31,0.0,0.16,26.24,0.0,0.0,0.0,0,4.828125,6,9,05:48,20:11,2025-05-12 18:11:51.595590,Città della Scienza,58.4,1.1757199,11.066694,0.47727272,0.8588589,EU EEA Common AQI,75.9,1.0735737,10.00017,7200,0.884058,100,100,64.0,0.70724636,Very Low,75.5,0.6177714,100,1747072800,Very Low,0.38181815,1.6387076,Very Low,0.9588517,59.9,1.231884,100,1747072800,0.884058
2025-05-12T18:12:02Z,0,29.874,73.4,58,66.7,5,5,225,75,0.0,255,32767,0.0,2127-15-31,0.0,0.16,26.24,0.0,0.0,0.0,0,4.828125,6,9,05:48,20:11,2025-05-12 18:12:02.648600,Città della Scienza,58.4,1.1757199,11.066694,0.47727272,0.8588589,EU EEA Common AQI,75.9,1.0735737,10.00017,7200,0.884058,100,100,64.0,0.70724636,Very Low,75.5,0.6177714,100,1747072800,Very Low,0.38181815,1.6387076,Very Low,0.9588517,59.9,1.231884,100,1747072800,0.884058
2025-05-12T18:12:13Z,0,29.874,73.4,58,66.7,6,5,235,75,0.0,255,32767,0.0,2127-15-31,0.0,0.16,26.24,0.0,0.0,0.0,0,4.828125,6,9,05:48,20:11,2025-05-12 18:12:13.707587,Città della Scienza,58.4,1.1757199,11.066694,0.47727272,0.8588589,EU EEA Common AQI,75.9,1.0735737,10.00017,7200,0.884058,100,100,64.0,0.70724636,Very Low,75.5,0.6177714,100,1747072800,Very Low,0.38181815,1.6387076,Very Low,0.9588517,59.9,1.231884,100,1747072800,0.884058
2025-05-12T18:12:24Z,0,29.874,73.4,58,66.6,8,5,264,75,0.0,255,32767,0.0,2127-15-31,0.0,0.16,26.24,0.0,0.0,0.0,0,4.828125,6,9,05:48,20:11,2025-05-12 18:12:24.764598,Città della Scienza,58.4,1.1757199,11.066694,0.47727272,0.8588589,EU EEA Common AQI,75.9,1.0735737,10.00017,7200,0.884058,100,100,64.0,0.70724636,Very Low,75.5,0.6177714,100,1747072800,Very Low,0.38181815,1.6387076,Very Low,0.9588517,59.9,1.231884,100,1747072800,0.884058
2025-05-12T18:12:36Z,0,29.874,73.4,58,66.6,8,5,241,75,0.0,255,32767,0.0,2127-15-31,0.0,0.16,26.24,0.0,0.0,0.0,0,4.828125,6,9,05:48,20:11,2025-05-12 18:12:35.880588,Città della Scienza,58.4,1.1757199,11.066694,0.47727272,0.8588589,EU EEA Common AQI,75.9,1.0735737,10.00017,7200,0.884058,100,100,64.0,0.70724636,Very Low,75.5,0.6177714,100,1747072800,Very Low,0.38181815,1.6387076,Very Low,0.9588517,59.9,1.231884,100,1747072800,0.884058
2025-05-12T18:12:47Z,0,29.874,73.4,58,66.6,7,5,259,75,0.0,255,32767,0.0,2127-15-31,0.0,0.16,26.24,0.0,0.0,0.0,0,4.828125,6,9,05:48,20:11,2025-05-12 18:12:46.917598,Città della Scienza,58.4,1.1757199,11.066694,0.47727272,0.8588589,EU EEA Common AQI,75.9,1.0735737,10.00017,7200,0.884058,100,100,64.0,0.70724636,Very Low,75.5,0.6177714,100,1747072800,Very Low,0.38181815,1.6387076,Very Low,0.9588517,59.9,1.231884,100,1747072800,0.884058
2025-05-12T18:12:58Z,0,29.874,73.4,58,66.6,5,5,242,75,0.0,255,32767,0.0,2127-15-31,0.0,0.16,26.24,0.0,0.0,0.0,0,4.828125,6,9,05:48,20:11,2025-05-12 18:12:58.258600,Città della Scienza,58.4,1.1757199,11.066694,0.47727272,0.8588589,EU EEA Common AQI,75.9,1.0735737,10.00017,7200,0.884058,100,100,64.0,0.70724636,Very Low,75.5,0.6177714,100,1747072800,Very Low,0.38181815,1.6387076,Very Low,0.9588517,59.9,1.231884,100,1747072800,0.884058
2025-05-12T18:13:09Z,0,29.874,73.4,58,66.6,4,5,270,75,0.0,255,32767,0.0,2127-15-31,0.0,0.16,26.24,0.0,0.0,0.0,0,4.828125,6,9,05:48,20:11,2025-05-12 18:13:09.329594,Città della Scienza,58.4,1.1757199,11.066694,0.47727272,0.8588589,EU EEA Common AQI,75.9,1.0735737,10.00017,7200,0.884058,100,100,64.0,0.70724636,Very Low,75.5,0.6177714,100,1747072800,Very Low,0.38181815,1.6387076,Very Low,0.9588517,59.9,1.231884,100,1747072800,0.884058
2025-05-12T18:13:20Z,0,29.874,73.4,58,66.6,2,5,256,75,0.0,255,32767,0.0,2127-15-31,0.0,0.16,26.24,0.0,0.0,0.0,0,4.828125,6,9,05:48,20:11,2025-05-12 18:13:20.362590,Città della Scienza,58.4,1.1757199,11.066694,0.47727272,0.8588589,EU EEA Common AQI,75.9,1.0735737,10.00017,7200,0.884058,100,100,64.0,0.70724636,Very Low,75.5,0.6177714,100,1747072800,Very Low,0.38181815,1.6387076,Very Low,0.9588517,59.9,1.231884,100,1747072800,0.884058
2025-05-12T18:13:31Z,0,29.874,73.4,58,66.6,4,5,251,75,0.0,255,32767,0.0,2127-15-31,0.0,0.16,26.24,0.0,0.0,0.0,0,4.828125,6,9,05:48,20:11,2025-05-12 18:13:31.428602,Città della Scienza,58.4,1.1757199,11.066694,0.47727272,0.8588589,EU EEA Common AQI,75.9,1.0735737,10.00017,7200,0.884058,100,100,64.0,0.70724636,Very Low,75.5,0.6177714,100,1747072800,Very Low,0.38181815,1.6387076,Very Low,0.9588517,59.9,1.231884,100,1747072800,0.884058
2025-05-12T18:13:42Z,0,29.875,73.4,58,66.6,3,5,249,75,0.0,255,32767,0.0,2127-15-31,0.0,0.16,26.24,0.0,0.0,0.0,0,4.828125,6,9,05:48,20:11,2025-05-12 18:13:42.511586,Città della Scienza,58.4,1.1757199,11.066694,0.47727272,0.8588589,EU EEA Common AQI,75.9,1.0735737,10.00017,7200,0.884058,100,100,64.0,0.70724636,Very Low,75.5,0.6177714,100,1747072800,Very Low,0.38181815,1.6387076,Very Low,0.9588517,59.9,1.231884,100,1747072800,0.884058
2025-05-12T18:13:53Z,0,29.875,73.4,58,66.6,11,5,242,75,0.0,255,32767,0.0,2127-15-31,0.0,0.16,26.24,0.0,0.0,0.0,0,4.828125,6,9,05:48,20:11,2025-05-12 18:13:53.568606,Città della Scienza,58.4,1.1757199,11.066694,0.47727272,0.8588589,EU EEA Common AQI,75.9,1.0735737,10.00017,7200,0.884058,100,100,64.0,0.70724636,Very Low,75.5,0.6177714,100,1747072800,Very Low,0.38181815,1.6387076,Very Low,0.9588517,59.9,1.231884,100,1747072800,0.884058
2025-05-12T18:14:04Z,0,29.875,73.4,58,66.6,3,5,263,75,0.0,255,32767,0.0,2127-15-31,0.0,0.16,26.24,0.0,0.0,0.0,0,4.828125,6,9,05:48,20:11,2025-05-12 18:14:04.662598,Città della Scienza,58.4,1.1757199,11.066694,0.47727272,0.8588589,EU EEA Common AQI,75.9,1.0735737,10.00017,7200,0.884058,100,100,64.0,0.70724636,Very Low,75.5,0.6177714,100,1747072800,Very Low,0.38181815,1.6387076,Very Low,0.9588517,59.9,1.231884,100,1747072800,0.884058
2025-05-12T18:14:15Z,0,29.875,73.4,58,66.6,4,5,245,75,0.0,255,32767,0.0,2127-15-31,0.0,0.16,26.24,0.0,0.0,0.0,0,4.828125,6,9,05:48,20:11,2025-05-12 18:14:15.746594,Città della Scienza,58.4,1.1757199,11.066694,0.47727272,0.8588589,EU EEA Common AQI,75.9,1.0735737,10.00017,7200,0.884058,100,100,64.0,0.70724636,Very Low,75.5,0.6177714,100,1747072800,Very Low,0.38181815,1.6387076,Very Low,0.9588517,59.9,1.231884,100,1747072800,0.884058
2025-05-12T18:14:27Z,0,29.875,73.4,58,66.6,7,5,269,75,0.0,255,32767,0.0,2127-15-31,0.0,0.16,26.24,0.0,0.0,0.0,0,4.828125,6,9,05:48,20:11,2025-05-12 18:14:26.828592,Città della Scienza,58.4,1.1757199,11.066694,0.47727272,0.8588589,EU EEA Common AQI,75.9,1.0735737,10.00017,7200,0.884058,100,100,64.0,0.70724636,Very Low,75.5,0.6177714,100,1747072800,Very Low,0.38181815,1.6387076,Very Low,0.9588517,59.9,1.231884,100,1747072800,0.884058
2025-05-12T18:14:38Z,0,29.873,73.4,58,66.5,10,5,248,75,0.0,255,32767,0.0,2127-15-31,0.0,0.16,26.24,0.0,0.0,0.0,0,4.828125,6,9,05:48,20:11,2025-05-12 18:14:37.907591,Città della Scienza,58.4,1.1757199,11.066694,0.47727272,0.8588589,EU EEA Common AQI,75.9,1.0735737,10.00017,7200,0.884058,100,100,64.0,0.70724636,Very Low,75.5,0.6177714,100,1747072800,Very Low,0.38181815,1.6387076,Very Low,0.9588517,59.9,1.231884,100,1747072800,0.884058
2025-05-12T18:14:49Z,0,29.873,73.4,58,66.5,7,5,258,75,0.0,255,32767,0.0,2127-15-31,0.0,0.16,26.24,0.0,0.0,0.0,0,4.828125,6,9,05:48,20:11,2025-05-12 18:14:49.001584,Città della Scienza,58.4,1.1757199,11.066694,0.47727272,0.8588589,EU EEA Common AQI,75.9,1.0735737,10.00017,7200,0.884058,100,100,64.0,0.70724636,Very Low,75.5,0.6177714,100,1747072800,Very Low,0.38181815,1.6387076,Very Low,0.9588517,59.9,1.231884,100,1747072800,0.884058
2025-05-12T18:15:00Z,0,29.873,73.4,58,66.5,9,5,242,75,0.0,255,32767,0.0,2127-15-31,0.0,0.16,26.24,0.0,0.0,0.0,0,4.828125,6,9,05:48,20:11,2025-05-12 18:15:00.106605,Città della Scienza,58.4,1.1757199,11.066694,0.47727272,0.8588589,EU EEA Common AQI,75.9,1.0735737,10.00017,7200,0.884058,100,100,64.0,0.70724636,Very Low,75.5,0.6177714,100,1747072800,Very Low,0.38181815,1.6387076,Very Low,0.9588517,59.9,1.231884,100,1747072800,0.884058
2025-05-12T18:15:11Z,0,29.873,73.4,58,66.5,4,5,239,75,0.0,255,32767,0.0,2127-15-31,0.0,0.16,26.24,0.0,0.0,0.0,0,4.828125,6,9,05:48,20:11,2025-05-12 18:15:11.219607,Città della Scienza,58.4,1.1757199,11.066694,0.47727272,0.8588589,EU EEA Common AQI,75.9,1.0735737,10.00017,7200,0.884058,100,100,64.0,0.70724636,Very Low,75.5,0.6177714,100,1747072800,Very Low,0.38181815,1.6387076,Very Low,0.9588517,59.9,1.231884,100,1747072800,0.884058
2025-05-12T18:15:22Z,0,29.873,73.4,58,66.5,4,5,269,75,0.0,255,32767,0.0,2127-15-31,0.0,0.16,26.24,0.0,0.0,0.0,0,4.828125,6,9,05:48,20:11,2025-05-12 18:15:22.314589,Città della Scienza,58.4,1.1757199,11.066694,0.47727272,0.8588589,EU EEA Common AQI,75.9,1.0735737,10.00017,7200,0.884058,100,100,64.0,0.70724636,Very Low,75.5,0.6177714,100,1747072800,Very Low,0.38181815,1.6387076,Very Low,0.9588517,59.9,1.231884,100,1747072800,0.884058
2025-05-12T18:15:33Z,0,29.873,73.4,58,66.5,3,5,279,75,0.0,255,32767,0.0,2127-15-31,0.0,0.16,26.24,0.0,0.0,0.0,0,4.828125,6,9,05:48,20:11,2025-05-12 18:15:33.460597,Città della Scienza,59.7,1.1183696,11.0517,0.55861247,0.8136537,EU EEA Common AQI,74.3,1.0170672,9.984236,7200,0.8,100,100,63.0,0.6628571,Very Low,73.9,0.56664276,100,1747073700,Very Low,0.44688994,1.5641825,Very Low,1.0191388,59.0,1.1142857,100,1747073700,0.82857144
2025-05-12T18:15:44Z,0,29.874,73.4,58,66.5,2,5,257,75,0.0,255,32767,0.0,2127-15-31,0.0,0.16,26.24,0.0,0.0,0.0,0,4.828125,6,9,05:48,20:11,2025-05-12 18:15:44.527608,Città della Scienza,59.7,1.1183696,11.0517,0.55861247,0.8136537,EU EEA Common AQI,74.3,1.0170672,9.984236,7200,0.8,100,100,63.0,0.6628571,Very Low,73.9,0.56664276,100,1747073700,Very Low,0.44688994,1.5641825,Very Low,1.0191388,59.0,1.1142857,100,1747073700,0.82857144
2025-05-12T18:15:55Z,0,29.874,73.4,58,66.5,8,5,257,75,0.0,255,32767,0.0,2127-15-31,0.0,0.16,26.24,0.0,0.0,0.0,0,4.828125,6,9,05:48,20:11,2025-05-12 18:15:55.605613,Città della Scienza,59.7,1.1183696,11.0517,0.55861247,0.8136537,EU EEA Common AQI,74.3,1.0170672,9.984236,7200,0.8,100,100,63.0,0.6628571,Very Low,73.9,0.56664276,100,1747073700,Very Low,0.44688994,1.5641825,Very Low,1.0191388,59.0,1.1142857,100,1747073700,0.82857144
2025-05-12T18:16:06Z,0,29.874,73.4,58,66.5,6,5,258,75,0.0,255,32767,0.0,2127-15-31,0.0,0.16,26.24,0.0,0.0,0.0,0,4.828125,6,9,05:48,20:11,2025-05-12 18:16:06.710599,Città della Scienza,59.7,1.1183696,11.0517,0.55861247,0.8136537,EU EEA Common AQI,74.3,1.0170672,9.984236,7200,0.8,100,100,63.0,0.6628571,Very Low,73.9,0.56664276,100,1747073700,Very Low,0.44688994,1.5641825,Very Low,1.0191388,59.0,1.1142857,100,1747073700,0.82857144
2025-05-12T18:16:17Z,0,29.874,73.4,58,66.5,7,5,244,75,0.0,255,32767,0.0,2127-15-31,0.0,0.16,26.24,0.0,0.0,0.0,0,4.828125,6,9,05:48,20:11,2025-05-12 18:16:17.783597,Città della Scienza,59.7,1.1183696,11.0517,0.55861247,0.8136537,EU EEA Common AQI,74.3,1.0170672,9.984236,7200,0.8,100,100,63.0,0.6628571,Very Low,73.9,0.56664276,100,1747073700,Very Low,0.44688994,1.5641825,Very Low,1.0191388,59.0,1.1142857,100,1747073700,0.82857144
2025-05-12T18:16:29Z,0,29.874,73.4,58,66.5,4,5,267,75,0.0,255,32767,0.0,2127-15-31,0.0,0.16,26.24,0.0,0.0,0.0,0,4.828125,6,9,05:48,20:11,2025-05-12 18:16:28.867596,Città della Scienza,59.7,1.1183696,11.0517,0.55861247,0.8136537,EU EEA Common AQI,74.3,1.0170672,9.984236,7200,0.8,100,100,63.0,0.6628571,Very Low,73.9,0.56664276,100,1747073700,Very Low,0.44688994,1.5641825,Very Low,1.0191388,59.0,1.1142857,100,1747073700,0.82857144
2025-05-12T18:16:40Z,0,29.875,73.4,58,66.5,5,5,257,75,0.0,255,32767,0.0,2127-15-31,0.0,0.16,26.24,0.0,0.0,0.0,0,4.828125,6,9,05:48,20:11,2025-05-12 18:16:39.930595,Città della Scienza,59.7,1.1183696,11.0517,0.55861247,0.8136537,EU EEA Common AQI,74.3,1.0170672,9.984236,7200,0.8,100,100,63.0,0.6628571,Very Low,73.9,0.56664276,100,1747073700,Very Low,0.44688994,1.5641825,Very Low,1.0191388,59.0,1.1142857,100,1747073700,0.82857144
2025-05-12T18:16:51Z,0,29.875,73.4,58,66.5,5,5,250,75,0.0,255,32767,0.0,2127-15-31,0.0,0.16,26.24,0.0,0.0,0.0,0,4.828125,6,9,05:48,20:11,2025-05-12 18:16:50.978560,Città della Scienza,59.7,1.1183696,11.0517,0.55861247,0.8136537,EU EEA Common AQI,74.3,1.0170672,9.984236,7200,0.8,100,100,63.0,0.6628571,Very Low,73.9,0.56664276,100,1747073700,Very Low,0.44688994,1.5641825,Very Low,1.0191388,59.0,1.1142857,100,1747073700,0.82857144
2025-05-12T18:17:02Z,0,29.875,73.4,58,66.5,3,5,259,75,0.0,255,32767,0.0,2127-15-31,0.0,0.16,26.24,0.0,0.0,0.0,0,4.828125,6,9,05:48,20:11,2025-05-12 18:17:02.111605,Città della Scienza,59.7,1.1183696,11.0517,0.55861247,0.8136537,EU EEA Common AQI,74.3,1.0170672,9.984236,7200,0.8,100,100,63.0,0.6628571,Very Low,73.9,0.56664276,100,1747073700,Very Low,0.44688994,1.5641825,Very Low,1.0191388,59.0,1.1142857,100,1747073700,0.82857144
2025-05-12T18:17:13Z,0,29.875,73.4,58,66.5,4,5,249,75,0.0,255,32767,0.0,2127-15-31,0.0,0.16,26.24,0.0,0.0,0.0,0,4.828125,6,9,05:48,20:11,2025-05-12 18:17:13.145597,Città della Scienza,59.7,1.1183696,11.0517,0.55861247,0.8136537,EU EEA Common AQI,74.3,1.0170672,9.984236,7200,0.8,100,100,63.0,0.6628571,Very Low,73.9,0.56664276,100,1747073700,Very Low,0.44688994,1.5641825,Very Low,1.0191388,59.0,1.1142857,100,1747073700,0.82857144
2025-05-12T18:17:24Z,0,29.875,73.4,58,66.5,4,5,261,75,0.0,255,32767,0.0,2127-15-31,0.0,0.16,26.24,0.0,0.0,0.0,0,4.828125,6,9,05:48,20:11,2025-05-12 18:17:24.231590,Città della Scienza,59.7,1.1183696,11.0517,0.55861247,0.8136537,EU EEA Common AQI,74.3,1.0170672,9.984236,7200,0.8,100,100,63.0,0.6628571,Very Low,73.9,0.56664276,100,1747073700,Very Low,0.44688994,1.5641825,Very Low,1.0191388,59.0,1.1142857,100,1747073700,0.82857144
2025-05-12T18:17:35Z,0,29.875,73.4,58,66.5,5,5,242,75,0.0,255,32767,0.0,2127-15-31,0.0,0.16,26.24,0.0,0.0,0.0,0,4.828125,6,9,05:48,20:11,2025-05-12 18:17:35.306589,Città della Scienza,59.7,1.1183696,11.0517,0.55861247,0.8136537,EU EEA Common AQI,74.3,1.0170672,9.984236,7200,0.8,100,100,63.0,0.6628571,Very Low,73.9,0.56664276,100,1747073700,Very Low,0.44688994,1.5641825,Very Low,1.0191388,59.0,1.1142857,100,1747073700,0.82857144
2025-05-12T18:17:46Z,0,29.875,73.4,58,66.5,4,5,257,75,0.0,255,32767,0.0,2127-15-31,0.0,0.16,26.24,0.0,0.0,0.0,0,4.828125,6,9,05:48,20:11,2025-05-12 18:17:46.375616,Città della Scienza,59.7,1.1183696,11.0517,0.55861247,0.8136537,EU EEA Common AQI,74.3,1.0170672,9.984236,7200,0.8,100,100,63.0,0.6628571,Very Low,73.9,0.56664276,100,1747073700,Very Low,0.44688994,1.5641825,Very Low,1.0191388,59.0,1.1142857,100,1747073700,0.82857144
2025-05-12T18:17:57Z,0,29.875,73.4,58,66.5,5,5,252,75,0.0,255,32767,0.0,2127-15-31,0.0,0.16,26.24,0.0,0.0,0.0,0,4.828125,6,9,05:48,20:11,2025-05-12 18:17:57.441612,Città della Scienza,59.7,1.1183696,11.0517,0.55861247,0.8136537,EU EEA Common AQI,74.3,1.0170672,9.984236,7200,0.8,100,100,63.0,0.6628571,Very Low,73.9,0.56664276,100,1747073700,Very Low,0.44688994,1.5641825,Very Low,1.0191388,59.0,1.1142857,100,1747073700,0.82857144
2025-05-12T18:18:08Z,0,29.875,73.4,58,66.5,3,5,257,75,0.0,255,32767,0.0,2127-15-31,0.0,0.16,26.24,0.0,0.0,0.0,0,4.828125,6,9,05:48,20:11,2025-05-12 18:18:08.490597,Città della Scienza,59.7,1.1183696,11.0517,0.55861247,0.8136537,EU EEA Common AQI,74.3,1.0170672,9.984236,7200,0.8,100,100,63.0,0.6628571,Very Low,73.9,0.56664276,100,1747073700,Very Low,0.44688994,1.5641825,Very Low,1.0191388,59.0,1.1142857,100,1747073700,0.82857144
2025-05-12T18:18:19Z,0,29.875,73.4,58,66.5,3,5,268,75,0.0,255,32767,0.0,2127-15-31,0.0,0.16,26.24,0.0,0.0,0.0,0,4.828125,6,9,05:48,20:11,2025-05-12 18:18:19.530594,Città della Scienza,59.7,1.1183696,11.0517,0.55861247,0.8136537,EU EEA Common AQI,74.3,1.0170672,9.984236,7200,0.8,100,100,63.0,0.6628571,Very Low,73.9,0.56664276,100,1747073700,Very Low,0.44688994,1.5641825,Very Low,1.0191388,59.0,1.1142857,100,1747073700,0.82857144
2025-05-12T18:18:30Z,0,29.875,73.4,58,66.5,3,5,269,75,0.0,255,32767,0.0,2127-15-31,0.0,0.16,26.24,0.0,0.0,0.0,0,4.828125,6,9,05:48,20:11,2025-05-12 18:18:30.642595,Città della Scienza,59.7,1.1183696,11.0517,0.55861247,0.8136537,EU EEA Common AQI,74.3,1.0170672,9.984236,7200,0.8,100,100,63.0,0.6628571,Very Low,73.9,0.56664276,100,1747073700,Very Low,0.44688994,1.5641825,Very Low,1.0191388,59.0,1.1142857,100,1747073700,0.82857144
2025-05-12T18:18:41Z,0,29.875,73.3,58,66.5,3,5,238,75,0.0,255,32767,0.0,2127-15-31,0.0,0.16,26.24,0.0,0.0,0.0,0,4.828125,6,9,05:48,20:11,2025-05-12 18:18:41.738613,Città della Scienza,59.7,1.1183696,11.0517,0.55861247,0.8136537,EU EEA Common AQI,74.3,1.0170672,9.984236,7200,0.8,100,100,63.0,0.6628571,Very Low,73.9,0.56664276,100,1747073700,Very Low,0.44688994,1.5641825,Very Low,1.0191388,59.0,1.1142857,100,1747073700,0.82857144
2025-05-12T18:18:53Z,0,29.875,73.3,58,66.5,4,5,258,75,0.0,255,32767,0.0,2127-15-31,0.0,0.16,26.24,0.0,0.0,0.0,0,4.828125,6,9,05:48,20:11,2025-05-12 18:18:52.856598,Città della Scienza,59.7,1.1183696,11.0517,0.55861247,0.8136537,EU EEA Common AQI,74.3,1.0170672,9.984236,7200,0.8,100,100,63.0,0.6628571,Very Low,73.9,0.56664276,100,1747073700,Very Low,0.44688994,1.5641825,Very Low,1.0191388,59.0,1.1142857,100,1747073700,0.82857144
2025-05-12T18:19:04Z,0,29.875,73.3,58,66.5,4,5,264,75,0.0,255,32767,0.0,2127-15-31,0.0,0.16,26.24,0.0,0.0,0.0,0,4.828125,6,9,05:48,20:11,2025-05-12 18:19:03.946608,Città della Scienza,59.7,1.1183696,11.0517,0.55861247,0.8136537,EU EEA Common AQI,74.3,1.0170672,9.984236,7200,0.8,100,100,63.0,0.6628571,Very Low,73.9,0.56664276,100,1747073700,Very Low,0.44688994,1.5641825,Very Low,1.0191388,59.0,1.1142857,100,1747073700,0.82857144
2025-05-12T18:19:15Z,0,29.875,73.3,58,66.5,4,5,292,75,0.0,255,32767,0.0,2127-15-31,0.0,0.16,26.24,0.0,0.0,0.0,0,4.828125,6,9,05:48,20:11,2025-05-12 18:19:15.054586,Città della Scienza,59.7,1.1183696,11.0517,0.55861247,0.8136537,EU EEA Common AQI,74.3,1.0170672,9.984236,7200,0.8,100,100,63.0,0.6628571,Very Low,73.9,0.56664276,100,1747073700,Very Low,0.44688994,1.5641825,Very Low,1.0191388,59.0,1.1142857,100,1747073700,0.82857144
2025-05-12T18:19:26Z,0,29.875,73.3,58,66.5,4,5,267,75,0.0,255,32767,0.0,2127-15-31,0.0,0.16,26.24,0.0,0.0,0.0,0,4.828125,6,9,05:48,20:11,2025-05-12 18:19:26.143590,Città della Scienza,59.7,1.1183696,11.0517,0.55861247,0.8136537,EU EEA Common AQI,74.3,1.0170672,9.984236,7200,0.8,100,100,63.0,0.6628571,Very Low,73.9,0.56664276,100,1747073700,Very Low,0.44688994,1.5641825,Very Low,1.0191388,59.0,1.1142857,100,1747073700,0.82857144
2025-05-12T18:19:37Z,0,29.874,73.3,58,66.5,6,5,262,75,0.0,255,32767,0.0,2127-15-31,0.0,0.16,26.24,0.0,0.0,0.0,0,4.828125,6,9,05:48,20:11,2025-05-12 18:19:37.222593,Città della Scienza,59.7,1.1183696,11.0517,0.55861247,0.8136537,EU EEA Common AQI,74.3,1.0170672,9.984236,7200,0.8,100,100,63.0,0.6628571,Very Low,73.9,0.56664276,100,1747073700,Very Low,0.44688994,1.5641825,Very Low,1.0191388,59.0,1.1142857,100,1747073700,0.82857144
2025-05-12T18:19:48Z,0,29.874,73.3,58,66.5,4,5,237,75,0.0,255,32767,0.0,2127-15-31,0.0,0.16,26.24,0.0,0.0,0.0,0,4.828125,6,9,05:48,20:11,2025-05-12 18:19:48.303591,Città della Scienza,59.7,1.1183696,11.0517,0.55861247,0.8136537,EU EEA Common AQI,74.3,1.0170672,9.984236,7200,0.8,100,100,63.0,0.6628571,Very Low,73.9,0.56664276,100,1747073700,Very Low,0.44688994,1.5641825,Very Low,1.0191388,59.0,1.1142857,100,1747073700,0.82857144
2025-05-12T18:19:59Z,0,29.874,73.3,58,66.5,2,5,255,75,0.0,255,32767,0.0,2127-15-31,0.0,0.16,26.24,0.0,0.0,0.0,0,4.828125,6,9,05:48,20:11,2025-05-12 18:19:59.431593,Città della Scienza,59.7,1.1183696,11.0517,0.55861247,0.8136537,EU EEA Common AQI,74.3,1.0170672,9.984236,7200,0.8,100,100,63.0,0.6628571,Very Low,73.9,0.56664276,100,1747073700,Very Low,0.44688994,1.5641825,Very Low,1.0191388,59.0,1.1142857,100,1747073700,0.82857144
2025-05-12T18:20:10Z,0,29.874,73.3,58,66.5,6,5,202,75,0.0,255,32767,0.0,2127-15-31,0.0,0.16,26.24,0.0,0.0,0.0,0,4.828125,6,9,05:48,20:11,2025-05-12 18:20:10.529588,Città della Scienza,59.7,1.1183696,11.0517,0.55861247,0.8136537,EU EEA Common AQI,74.3,1.0170672,9.984236,7200,0.8,100,100,63.0,0.6628571,Very Low,73.9,0.56664276,100,1747073700,Very Low,0.44688994,1.5641825,Very Low,1.0191388,59.0,1.1142857,100,1747073700,0.82857144
2025-05-12T18:20:21Z,0,29.874,73.3,58,66.5,10,5,248,75,0.0,255,32767,0.0,2127-15-31,0.0,0.16,26.24,0.0,0.0,0.0,0,4.828125,6,9,05:48,20:11,2025-05-12 18:20:21.591592,Città della Scienza,59.7,1.1183696,11.0517,0.55861247,0.8136537,EU EEA Common AQI,74.3,1.0170672,9.984236,7200,0.8,100,100,63.0,0.6628571,Very Low,73.9,0.56664276,100,1747073700,Very Low,0.44688994,1.5641825,Very Low,1.0191388,59.0,1.1142857,100,1747073700,0.82857144
2025-05-12T18:20:32Z,0,29.874,73.3,58,66.5,7,5,248,75,0.0,255,32767,0.0,2127-15-31,0.0,0.16,26.24,0.0,0.0,0.0,0,4.828125,6,9,05:48,20:11,2025-05-12 18:20:32.671589,Città della Scienza,59.7,1.1183696,11.0517,0.55861247,0.8136537,EU EEA Common AQI,74.3,1.0170672,9.984236,7200,0.8,100,100,63.0,0.6628571,Very Low,73.9,0.56664276,100,1747073700,Very Low,0.44688994,1.5641825,Very Low,1.0191388,59.0,1.1142857,100,1747073700,0.82857144
2025-05-12T18:20:43Z,0,29.875,73.3,58,66.5,6,5,259,75,0.0,255,32767,0.0,2127-15-31,0.0,0.16,26.24,0.0,0.0,0.0,0,4.828125,6,9,05:48,20:11,2025-05-12 18:20:43.736597,Città della Scienza,59.7,1.1183696,11.0517,0.55861247,0.8136537,EU EEA Common AQI,74.3,1.0170672,9.984236,7200,0.8,100,100,63.0,0.6628571,Very Low,73.9,0.56664276,100,1747073700,Very Low,0.44688994,1.5641825,Very Low,1.0191388,59.0,1.1142857,100,1747073700,0.82857144
2025-05-12T18:20:55Z,0,29.875,73.3,58,66.5,7,5,257,75,0.0,255,32767,0.0,2127-15-31,0.0,0.16,26.24,0.0,0.0,0.0,0,4.828125,6,9,05:48,20:11,2025-05-12 18:20:54.872586,Città della Scienza,59.7,1.1183696,11.0517,0.55861247,0.8136537,EU EEA Common AQI,74.3,1.0170672,9.984236,7200,0.8,100,100,63.0,0.6628571,Very Low,73.9,0.56664276,100,1747073700,Very Low,0.44688994,1.5641825,Very Low,1.0191388,59.0,1.1142857,100,1747073700,0.82857144
2025-05-12T18:21:06Z,0,29.875,73.3,58,66.5,8,5,261,75,0.0,255,32767,0.0,2127-15-31,0.0,0.16,26.24,0.0,0.0,0.0,0,4.828125,6,9,05:48,20:11,2025-05-12 18:21:05.964610,Città della Scienza,59.7,1.1183696,11.0517,0.55861247,0.8136537,EU EEA Common AQI,74.3,1.0170672,9.984236,7200,0.8,100,100,63.0,0.6628571,Very Low,73.9,0.56664276,100,1747073700,Very Low,0.44688994,1.5641825,Very Low,1.0191388,59.0,1.1142857,100,1747073700,0.82857144
2025-05-12T18:21:17Z,0,29.875,73.3,58,66.5,3,5,266,75,0.0,255,32767,0.0,2127-15-31,0.0,0.16,26.24,0.0,0.0,0.0,0,4.828125,6,9,05:48,20:11,2025-05-12 18:21:17.093587,Città della Scienza,59.7,1.1183696,11.0517,0.55861247,0.8136537,EU EEA Common AQI,74.3,1.0170672,9.984236,7200,0.8,100,100,63.0,0.6628571,Very Low,73.9,0.56664276,100,1747073700,Very Low,0.44688994,1.5641825,Very Low,1.0191388,59.0,1.1142857,100,1747073700,0.82857144
2025-05-12T18:21:28Z,0,29.875,73.3,58,66.5,4,5,256,75,0.0,255,32767,0.0,2127-15-31,0.0,0.16,26.24,0.0,0.0,0.0,0,4.828125,6,9,05:48,20:11,2025-05-12 18:21:28.172592,Città della Scienza,59.7,1.1183696,11.0517,0.55861247,0.8136537,EU EEA Common AQI,74.3,1.0170672,9.984236,7200,0.8,100,100,63.0,0.6628571,Very Low,73.9,0.56664276,100,1747073700,Very Low,0.44688994,1.5641825,Very Low,1.0191388,59.0,1.1142857,100,1747073700,0.82857144
2025-05-12T18:21:39Z,0,29.878,73.3,58,66.5,7,5,254,75,0.0,255,32767,0.0,2127-15-31,0.0,0.16,26.24,0.0,0.0,0.0,0,4.828125,6,9,05:48,20:11,2025-05-12 18:21:39.242591,Città della Scienza,59.7,1.1183696,11.0517,0.55861247,0.8136537,EU EEA Common AQI,74.3,1.0170672,9.984236,7200,0.8,100,100,63.0,0.6628571,Very Low,73.9,0.56664276,100,1747073700,Very Low,0.44688994,1.5641825,Very Low,1.0191388,59.0,1.1142857,100,1747073700,0.82857144
2025-05-12T18:21:50Z,0,29.878,73.3,58,66.4,7,5,268,75,0.0,255,32767,0.0,2127-15-31,0.0,0.16,26.24,0.0,0.0,0.0,0,4.828125,6,9,05:48,20:11,2025-05-12 18:21:50.318590,Città della Scienza,59.7,1.1183696,11.0517,0.55861247,0.8136537,EU EEA Common AQI,74.3,1.0170672,9.984236,7200,0.8,100,100,63.0,0.6628571,Very Low,73.9,0.56664276,100,1747073700,Very Low,0.44688994,1.5641825,Very Low,1.0191388,59.0,1.1142857,100,1747073700,0.82857144
2025-05-12T18:22:01Z,0,29.878,73.3,58,66.4,6,5,262,75,0.0,255,32767,0.0,2127-15-31,0.0,0.16,26.24,0.0,0.0,0.0,0,4.828125,6,9,05:48,20:11,2025-05-12 18:22:01.397594,Città della Scienza,59.7,1.1183696,11.0517,0.55861247,0.8136537,EU EEA Common AQI,74.3,1.0170672,9.984236,7200,0.8,100,100,63.0,0.6628571,Very Low,73.9,0.56664276,100,1747073700,Very Low,0.44688994,1.5641825,Very Low,1.0191388,59.0,1.1142857,100,1747073700,0.82857144
2025-05-12T18:22:12Z,0,29.878,73.3,58,66.5,7,5,259,75,0.0,255,32767,0.0,2127-15-31,0.0,0.16,26.24,0.0,0.0,0.0,0,4.828125,6,9,05:48,20:11,2025-05-12 18:22:12.531587,Città della Scienza,59.7,1.1183696,11.0517,0.55861247,0.8136537,EU EEA Common AQI,74.3,1.0170672,9.984236,7200,0.8,100,100,63.0,0.6628571,Very Low,73.9,0.56664276,100,1747073700,Very Low,0.44688994,1.5641825,Very Low,1.0191388,59.0,1.1142857,100,1747073700,0.82857144
2025-05-12T18:22:23Z,0,29.878,73.3,58,66.5,4,5,264,75,0.0,255,32767,0.0,2127-15-31,0.0,0.16,26.24,0.0,0.0,0.0,0,4.828125,6,9,05:48,20:11,2025-05-12 18:22:23.608605,Città della Scienza,59.7,1.1183696,11.0517,0.55861247,0.8136537,EU EEA Common AQI,74.3,1.0170672,9.984236,7200,0.8,100,100,63.0,0.6628571,Very Low,73.9,0.56664276,100,1747073700,Very Low,0.44688994,1.5641825,Very Low,1.0191388,59.0,1.1142857,100,1747073700,0.82857144
2025-05-12T18:22:34Z,0,29.877,73.3,58,66.5,5,5,248,75,0.0,255,32767,0.0,2127-15-31,0.0,0.16,26.24,0.0,0.0,0.0,0,4.828125,6,9,05:48,20:11,2025-05-12 18:22:34.722588,Città della Scienza,59.7,1.1183696,11.0517,0.55861247,0.8136537,EU EEA Common AQI,74.3,1.0170672,9.984236,7200,0.8,100,100,63.0,0.6628571,Very Low,73.9,0.56664276,100,1747073700,Very Low,0.44688994,1.5641825,Very Low,1.0191388,59.0,1.1142857,100,1747073700,0.82857144
2025-05-12T18:22:46Z,0,29.877,73.3,58,66.4,4,5,242,75,0.0,255,32767,0.0,2127-15-31,0.0,0.16,26.24,0.0,0.0,0.0,0,4.828125,6,9,05:48,20:11,2025-05-12 18:22:45.813616,Città della Scienza,59.7,1.1183696,11.0517,0.55861247,0.8136537,EU EEA Common AQI,74.3,1.0170672,9.984236,7200,0.8,100,100,63.0,0.6628571,Very Low,73.9,0.56664276,100,1747073700,Very Low,0.44688994,1.5641825,Very Low,1.0191388,59.0,1.1142857,100,1747073700,0.82857144
2025-05-12T18:22:57Z,0,29.877,73.3,58,66.4,5,5,253,75,0.0,255,32767,0.0,2127-15-31,0.0,0.16,26.24,0.0,0.0,0.0,0,4.828125,6,9,05:48,20:11,2025-05-12 18:22:57.031603,Città della Scienza,59.7,1.1183696,11.0517,0.55861247,0.8136537,EU EEA Common AQI,74.3,1.0170672,9.984236,7200,0.8,100,100,63.0,0.6628571,Very Low,73.9,0.56664276,100,1747073700,Very Low,0.44688994,1.5641825,Very Low,1.0191388,59.0,1.1142857,100,1747073700,0.82857144
2025-05-12T18:23:08Z,0,29.877,73.3,58,66.4,4,5,254,75,0.0,255,32767,0.0,2127-15-31,0.0,0.16,26.24,0.0,0.0,0.0,0,4.828125,6,9,05:48,20:11,2025-05-12 18:23:08.081592,Città della Scienza,59.7,1.1183696,11.0517,0.55861247,0.8136537,EU EEA Common AQI,74.3,1.0170672,9.984236,7200,0.8,100,100,63.0,0.6628571,Very Low,73.9,0.56664276,100,1747073700,Very Low,0.44688994,1.5641825,Very Low,1.0191388,59.0,1.1142857,100,1747073700,0.82857144
2025-05-12T18:23:19Z,0,29.877,73.3,58,66.4,2,5,249,76,0.0,255,32767,0.0,2127-15-31,0.0,0.16,26.24,0.0,0.0,0.0,0,4.828125,6,9,05:48,20:11,2025-05-12 18:23:19.171592,Città della Scienza,59.7,1.1183696,11.0517,0.55861247,0.8136537,EU EEA Common AQI,74.3,1.0170672,9.984236,7200,0.8,100,100,63.0,0.6628571,Very Low,73.9,0.56664276,100,1747073700,Very Low,0.44688994,1.5641825,Very Low,1.0191388,59.0,1.1142857,100,1747073700,0.82857144
2025-05-12T18:23:30Z,0,29.877,73.3,58,66.4,3,5,257,76,0.0,255,32767,0.0,2127-15-31,0.0,0.16,26.24,0.0,0.0,0.0,0,4.828125,6,9,05:48,20:11,2025-05-12 18:23:30.245592,Città della Scienza,59.7,1.1183696,11.0517,0.55861247,0.8136537,EU EEA Common AQI,74.3,1.0170672,9.984236,7200,0.8,100,100,63.0,0.6628571,Very Low,73.9,0.56664276,100,1747073700,Very Low,0.44688994,1.5641825,Very Low,1.0191388,59.0,1.1142857,100,1747073700,0.82857144
2025-05-12T18:23:41Z,0,29.877,73.3,58,66.4,4,5,248,76,0.0,255,32767,0.0,2127-15-31,0.0,0.16,26.24,0.0,0.0,0.0,0,4.828125,6,9,05:48,20:11,2025-05-12 18:23:41.289588,Città della Scienza,59.7,1.1183696,11.0517,0.55861247,0.8136537,EU EEA Common AQI,74.3,1.0170672,9.984236,7200,0.8,100,100,63.0,0.6628571,Very Low,73.9,0.56664276,100,1747073700,Very Low,0.44688994,1.5641825,Very Low,1.0191388,59.0,1.1142857,100,1747073700,0.82857144
2025-05-12T18:23:52Z,0,29.877,73.3,58,66.4,5,5,245,76,0.0,255,32767,0.0,2127-15-31,0.0,0.16,26.24,0.0,0.0,0.0,0,4.828125,6,9,05:48,20:11,2025-05-12 18:23:52.363600,Città della Scienza,59.7,1.1183696,11.0517,0.55861247,0.8136537,EU EEA Common AQI,74.3,1.0170672,9.984236,7200,0.8,100,100,63.0,0.6628571,Very Low,73.9,0.56664276,100,1747073700,Very Low,0.44688994,1.5641825,Very Low,1.0191388,59.0,1.1142857,100,1747073700,0.82857144
2025-05-12T18:24:03Z,0,29.877,73.3,58,66.4,5,5,227,76,0.0,255,32767,0.0,2127-15-31,0.0,0.16,26.24,0.0,0.0,0.0,0,4.828125,6,9,05:48,20:11,2025-05-12 18:24:03.438593,Città della Scienza,59.7,1.1183696,11.0517,0.55861247,0.8136537,EU EEA Common AQI,74.3,1.0170672,9.984236,7200,0.8,100,100,63.0,0.6628571,Very Low,73.9,0.56664276,100,1747073700,Very Low,0.44688994,1.5641825,Very Low,1.0191388,59.0,1.1142857,100,1747073700,0.82857144
2025-05-12T18:24:14Z,0,29.877,73.3,58,66.4,3,5,286,76,0.0,255,32767,0.0,2127-15-31,0.0,0.16,26.24,0.0,0.0,0.0,0,4.828125,6,9,05:48,20:11,2025-05-12 18:24:14.465602,Città della Scienza,59.7,1.1183696,11.0517,0.55861247,0.8136537,EU EEA Common AQI,74.3,1.0170672,9.984236,7200,0.8,100,100,63.0,0.6628571,Very Low,73.9,0.56664276,100,1747073700,Very Low,0.44688994,1.5641825,Very Low,1.0191388,59.0,1.1142857,100,1747073700,0.82857144
2025-05-12T18:24:25Z,0,29.877,73.3,58,66.4,3,5,246,76,0.0,255,32767,0.0,2127-15-31,0.0,0.16,26.24,0.0,0.0,0.0,0,4.828125,6,9,05:48,20:11,2025-05-12 18:24:25.521607,Città della Scienza,59.7,1.1183696,11.0517,0.55861247,0.8136537,EU EEA Common AQI,74.3,1.0170672,9.984236,7200,0.8,100,100,63.0,0.6628571,Very Low,73.9,0.56664276,100,1747073700,Very Low,0.44688994,1.5641825,Very Low,1.0191388,59.0,1.1142857,100,1747073700,0.82857144
2025-05-12T18:24:36Z,0,29.878,73.2,58,66.4,4,5,287,76,0.0,255,32767,0.0,2127-15-31,0.0,0.16,26.24,0.0,0.0,0.0,0,4.828125,6,9,05:48,20:11,2025-05-12 18:24:36.589592,Città della Scienza,59.7,1.1183696,11.0517,0.55861247,0.8136537,EU EEA Common AQI,74.3,1.0170672,9.984236,7200,0.8,100,100,63.0,0.6628571,Very Low,73.9,0.56664276,100,1747073700,Very Low,0.44688994,1.5641825,Very Low,1.0191388,59.0,1.1142857,100,1747073700,0.82857144
2025-05-12T18:24:47Z,0,29.878,73.2,58,66.4,3,5,288,76,0.0,255,32767,0.0,2127-15-31,0.0,0.16,26.24,0.0,0.0,0.0,0,4.828125,6,9,05:48,20:11,2025-05-12 18:24:47.653598,Città della Scienza,59.7,1.1183696,11.0517,0.55861247,0.8136537,EU EEA Common AQI,74.3,1.0170672,9.984236,7200,0.8,100,100,63.0,0.6628571,Very Low,73.9,0.56664276,100,1747073700,Very Low,0.44688994,1.5641825,Very Low,1.0191388,59.0,1.1142857,100,1747073700,0.82857144
2025-05-12T18:24:58Z,0,29.878,73.2,58,66.4,5,5,251,76,0.0,255,32767,0.0,2127-15-31,0.0,0.16,26.24,0.0,0.0,0.0,0,4.828125,6,9,05:48,20:11,2025-05-12 18:24:58.723589,Città della Scienza,59.7,1.1183696,11.0517,0.55861247,0.8136537,EU EEA Common AQI,74.3,1.0170672,9.984236,7200,0.8,100,100,63.0,0.6628571,Very Low,73.9,0.56664276,100,1747073700,Very Low,0.44688994,1.5641825,Very Low,1.0191388,59.0,1.1142857,100,1747073700,0.82857144
2025-05-12T18:25:10Z,0,29.878,73.2,58,66.4,4,5,243,76,0.0,255,32767,0.0,2127-15-31,0.0,0.16,26.24,0.0,0.0,0.0,0,4.828125,6,9,05:48,20:11,2025-05-12 18:25:09.806605,Città della Scienza,59.7,1.1183696,11.0517,0.55861247,0.8136537,EU EEA Common AQI,74.3,1.0170672,9.984236,7200,0.8,100,100,63.0,0.6628571,Very Low,73.9,0.56664276,100,1747073700,Very Low,0.44688994,1.5641825,Very Low,1.0191388,59.0,1.1142857,100,1747073700,0.82857144
2025-05-12T18:25:21Z,0,29.878,73.2,58,66.4,5,5,250,76,0.0,255,32767,0.0,2127-15-31,0.0,0.16,26.24,0.0,0.0,0.0,0,4.828125,6,9,05:48,20:11,2025-05-12 18:25:20.891593,Città della Scienza,59.7,1.1183696,11.0517,0.55861247,0.8136537,EU EEA Common AQI,74.3,1.0170672,9.984236,7200,0.8,100,100,63.0,0.6628571,Very Low,73.9,0.56664276,100,1747073700,Very Low,0.44688994,1.5641825,Very Low,1.0191388,59.0,1.1142857,100,1747073700,0.82857144
2025-05-12T18:25:32Z,0,29.878,73.2,58,66.4,5,5,247,76,0.0,255,32767,0.0,2127-15-31,0.0,0.16,26.24,0.0,0.0,0.0,0,4.828125,6,9,05:48,20:11,2025-05-12 18:25:31.981589,Città della Scienza,59.7,1.1183696,11.0517,0.55861247,0.8136537,EU EEA Common AQI,74.3,1.0170672,9.984236,7200,0.8,100,100,63.0,0.6628571,Very Low,73.9,0.56664276,100,1747073700,Very Low,0.44688994,1.5641825,Very Low,1.0191388,59.0,1.1142857,100,1747073700,0.82857144
2025-05-12T18:25:43Z,0,29.877,73.2,58,66.4,2,5,265,76,0.0,255,32767,0.0,2127-15-31,0.0,0.16,26.24,0.0,0.0,0.0,0,4.828125,6,9,05:48,20:11,2025-05-12 18:25:43.065593,Città della Scienza,59.7,1.1183696,11.0517,0.55861247,0.8136537,EU EEA Common AQI,74.3,1.0170672,9.984236,7200,0.8,100,100,63.0,0.6628571,Very Low,73.9,0.56664276,100,1747073700,Very Low,0.44688994,1.5641825,Very Low,1.0191388,59.0,1.1142857,100,1747073700,0.82857144
2025-05-12T18:25:54Z,0,29.877,73.2,58,66.4,2,5,265,76,0.0,255,32767,0.0,2127-15-31,0.0,0.16,26.24,0.0,0.0,0.0,0,4.828125,6,9,05:48,20:11,2025-05-12 18:25:54.165588,Città della Scienza,59.7,1.1183696,11.0517,0.55861247,0.8136537,EU EEA Common AQI,74.3,1.0170672,9.984236,7200,0.8,100,100,63.0,0.6628571,Very Low,73.9,0.56664276,100,1747073700,Very Low,0.44688994,1.5641825,Very Low,1.0191388,59.0,1.1142857,100,1747073700,0.82857144
2025-05-12T18:26:05Z,0,29.877,73.2,58,66.4,3,5,265,76,0.0,255,32767,0.0,2127-15-31,0.0,0.16,26.24,0.0,0.0,0.0,0,4.828125,6,9,05:48,20:11,2025-05-12 18:26:05.244597,Città della Scienza,59.7,1.1183696,11.0517,0.55861247,0.8136537,EU EEA Common AQI,74.3,1.0170672,9.984236,7200,0.8,100,100,63.0,0.6628571,Very Low,73.9,0.56664276,100,1747073700,Very Low,0.44688994,1.5641825,Very Low,1.0191388,59.0,1.1142857,100,1747073700,0.82857144
2025-05-12T18:26:16Z,0,29.877,73.2,58,66.4,7,5,246,76,0.0,255,32767,0.0,2127-15-31,0.0,0.16,26.24,0.0,0.0,0.0,0,4.828125,6,9,05:48,20:11,2025-05-12 18:26:16.323588,Città della Scienza,59.7,1.1183696,11.0517,0.55861247,0.8136537,EU EEA Common AQI,74.3,1.0170672,9.984236,7200,0.8,100,100,63.0,0.6628571,Very Low,73.9,0.56664276,100,1747073700,Very Low,0.44688994,1.5641825,Very Low,1.0191388,59.0,1.1142857,100,1747073700,0.82857144
2025-05-12T18:26:27Z,0,29.877,73.2,58,66.4,3,5,237,76,0.0,255,32767,0.0,2127-15-31,0.0,0.16,26.24,0.0,0.0,0.0,0,4.828125,6,9,05:48,20:11,2025-05-12 18:26:27.466609,Città della Scienza,59.7,1.1183696,11.0517,0.55861247,0.8136537,EU EEA Common AQI,74.3,1.0170672,9.984236,7200,0.8,100,100,63.0,0.6628571,Very Low,73.9,0.56664276,100,1747073700,Very Low,0.44688994,1.5641825,Very Low,1.0191388,59.0,1.1142857,100,1747073700,0.82857144
2025-05-12T18:26:38Z,0,29.877,73.2,58,66.4,4,5,250,76,0.0,255,32767,0.0,2127-15-31,0.0,0.16,26.24,0.0,0.0,0.0,0,4.828125,6,9,05:48,20:11,2025-05-12 18:26:38.548588,Città della Scienza,59.7,1.1183696,11.0517,0.55861247,0.8136537,EU EEA Common AQI,74.3,1.0170672,9.984236,7200,0.8,100,100,63.0,0.6628571,Very Low,73.9,0.56664276,100,1747073700,Very Low,0.44688994,1.5641825,Very Low,1.0191388,59.0,1.1142857,100,1747073700,0.82857144
2025-05-12T18:26:49Z,0,29.877,73.2,58,66.5,4,5,252,76,0.0,255,32767,0.0,2127-15-31,0.0,0.16,26.24,0.0,0.0,0.0,0,4.828125,6,9,05:48,20:11,2025-05-12 18:26:49.628601,Città della Scienza,59.7,1.1183696,11.0517,0.55861247,0.8136537,EU EEA Common AQI,74.3,1.0170672,9.984236,7200,0.8,100,100,63.0,0.6628571,Very Low,73.9,0.56664276,100,1747073700,Very Low,0.44688994,1.5641825,Very Low,1.0191388,59.0,1.1142857,100,1747073700,0.82857144
2025-05-12T18:27:00Z,0,29.877,73.2,58,66.4,2,5,286,76,0.0,255,32767,0.0,2127-15-31,0.0,0.16,26.24,0.0,0.0,0.0,0,4.828125,6,9,05:48,20:11,2025-05-12 18:27:00.716593,Città della Scienza,59.7,1.1183696,11.0517,0.55861247,0.8136537,EU EEA Common AQI,74.3,1.0170672,9.984236,7200,0.8,100,100,63.0,0.6628571,Very Low,73.9,0.56664276,100,1747073700,Very Low,0.44688994,1.5641825,Very Low,1.0191388,59.0,1.1142857,100,1747073700,0.82857144
2025-05-12T18:27:11Z,0,29.877,73.2,58,66.4,3,5,247,76,0.0,255,32767,0.0,2127-15-31,0.0,0.16,26.24,0.0,0.0,0.0,0,4.828125,6,9,05:48,20:11,2025-05-12 18:27:11.772600,Città della Scienza,59.7,1.1183696,11.0517,0.55861247,0.8136537,EU EEA Common AQI,74.3,1.0170672,9.984236,7200,0.8,100,100,63.0,0.6628571,Very Low,73.9,0.56664276,100,1747073700,Very Low,0.44688994,1.5641825,Very Low,1.0191388,59.0,1.1142857,100,1747073700,0.82857144
2025-05-12T18:27:23Z,0,29.877,73.2,58,66.4,2,5,261,76,0.0,255,32767,0.0,2127-15-31,0.0,0.16,26.24,0.0,0.0,0.0,0,4.828125,6,9,05:48,20:11,2025-05-12 18:27:22.866603,Città della Scienza,59.7,1.1183696,11.0517,0.55861247,0.8136537,EU EEA Common AQI,74.3,1.0170672,9.984236,7200,0.8,100,100,63.0,0.6628571,Very Low,73.9,0.56664276,100,1747073700,Very Low,0.44688994,1.5641825,Very Low,1.0191388,59.0,1.1142857,100,1747073700,0.82857144
2025-05-12T18:27:34Z,0,29.877,73.3,58,66.4,5,4,250,76,0.0,255,32767,0.0,2127-15-31,0.0,0.16,26.24,0.0,0.0,0.0,0,4.828125,6,9,05:48,20:11,2025-05-12 18:27:33.989603,Città della Scienza,59.7,1.1183696,11.0517,0.55861247,0.8136537,EU EEA Common AQI,74.3,1.0170672,9.984236,7200,0.8,100,100,63.0,0.6628571,Very Low,73.9,0.56664276,100,1747073700,Very Low,0.44688994,1.5641825,Very Low,1.0191388,59.0,1.1142857,100,1747073700,0.82857144
2025-05-12T18:27:45Z,0,29.877,73.3,58,66.5,3,4,249,76,0.0,255,32767,0.0,2127-15-31,0.0,0.16,26.24,0.0,0.0,0.0,0,4.828125,6,9,05:48,20:11,2025-05-12 18:27:45.098603,Città della Scienza,59.7,1.1183696,11.0517,0.55861247,0.8136537,EU EEA Common AQI,74.3,1.0170672,9.984236,7200,0.8,100,100,63.0,0.6628571,Very Low,73.9,0.56664276,100,1747073700,Very Low,0.44688994,1.5641825,Very Low,1.0191388,59.0,1.1142857,100,1747073700,0.82857144
2025-05-12T18:27:56Z,0,29.877,73.3,58,66.5,3,4,248,76,0.0,255,32767,0.0,2127-15-31,0.0,0.16,26.24,0.0,0.0,0.0,0,4.828125,6,9,05:48,20:11,2025-05-12 18:27:56.216554,Città della Scienza,59.7,1.1183696,11.0517,0.55861247,0.8136537,EU EEA Common AQI,74.3,1.0170672,9.984236,7200,0.8,100,100,63.0,0.6628571,Very Low,73.9,0.56664276,100,1747073700,Very Low,0.44688994,1.5641825,Very Low,1.0191388,59.0,1.1142857,100,1747073700,0.82857144
2025-05-12T18:28:07Z,0,29.877,73.3,58,66.4,2,4,241,76,0.0,255,32767,0.0,2127-15-31,0.0,0.16,26.24,0.0,0.0,0.0,0,4.828125,6,9,05:48,20:11,2025-05-12 18:28:07.309584,Città della Scienza,59.7,1.1183696,11.0517,0.55861247,0.8136537,EU EEA Common AQI,74.3,1.0170672,9.984236,7200,0.8,100,100,63.0,0.6628571,Very Low,73.9,0.56664276,100,1747073700,Very Low,0.44688994,1.5641825,Very Low,1.0191388,59.0,1.1142857,100,1747073700,0.82857144
2025-05-12T18:28:18Z,0,29.877,73.3,58,66.4,3,4,243,76,0.0,255,32767,0.0,2127-15-31,0.0,0.16,26.24,0.0,0.0,0.0,0,4.828125,6,9,05:48,20:11,2025-05-12 18:28:18.369593,Città della Scienza,59.7,1.1183696,11.0517,0.55861247,0.8136537,EU EEA Common AQI,74.3,1.0170672,9.984236,7200,0.8,100,100,63.0,0.6628571,Very Low,73.9,0.56664276,100,1747073700,Very Low,0.44688994,1.5641825,Very Low,1.0191388,59.0,1.1142857,100,1747073700,0.82857144
2025-05-12T18:28:29Z,0,29.877,73.3,58,66.4,5,4,240,76,0.0,255,32767,0.0,2127-15-31,0.0,0.16,26.24,0.0,0.0,0.0,0,4.828125,6,9,05:48,20:11,2025-05-12 18:28:29.447592,Città della Scienza,59.7,1.1183696,11.0517,0.55861247,0.8136537,EU EEA Common AQI,74.3,1.0170672,9.984236,7200,0.8,100,100,63.0,0.6628571,Very Low,73.9,0.56664276,100,1747073700,Very Low,0.44688994,1.5641825,Very Low,1.0191388,59.0,1.1142857,100,1747073700,0.82857144
2025-05-12T18:28:40Z,0,29.879,73.2,58,66.4,3,4,270,76,0.0,255,32767,0.0,2127-15-31,0.0,0.16,26.24,0.0,0.0,0.0,0,4.828125,6,9,05:48,20:11,2025-05-12 18:28:40.495592,Città della Scienza,59.7,1.1183696,11.0517,0.55861247,0.8136537,EU EEA Common AQI,74.3,1.0170672,9.984236,7200,0.8,100,100,63.0,0.6628571,Very Low,73.9,0.56664276,100,1747073700,Very Low,0.44688994,1.5641825,Very Low,1.0191388,59.0,1.1142857,100,1747073700,0.82857144
2025-05-12T18:28:51Z,0,29.879,73.2,58,66.4,2,4,270,76,0.0,255,32767,0.0,2127-15-31,0.0,0.16,26.24,0.0,0.0,0.0,0,4.828125,6,9,05:48,20:11,2025-05-12 18:28:51.553600,Città della Scienza,59.7,1.1183696,11.0517,0.55861247,0.8136537,EU EEA Common AQI,74.3,1.0170672,9.984236,7200,0.8,100,100,63.0,0.6628571,Very Low,73.9,0.56664276,100,1747073700,Very Low,0.44688994,1.5641825,Very Low,1.0191388,59.0,1.1142857,100,1747073700,0.82857144
2025-05-12T18:29:02Z,0,29.879,73.2,58,66.4,2,4,262,76,0.0,255,32767,0.0,2127-15-31,0.0,0.16,26.24,0.0,0.0,0.0,0,4.828125,6,9,05:48,20:11,2025-05-12 18:29:02.625568,Città della Scienza,59.7,1.1183696,11.0517,0.55861247,0.8136537,EU EEA Common AQI,74.3,1.0170672,9.984236,7200,0.8,100,100,63.0,0.6628571,Very Low,73.9,0.56664276,100,1747073700,Very Low,0.44688994,1.5641825,Very Low,1.0191388,59.0,1.1142857,100,1747073700,0.82857144
2025-05-12T18:29:13Z,0,29.879,73.2,58,66.4,2,4,249,76,0.0,255,32767,0.0,2127-15-31,0.0,0.16,26.24,0.0,0.0,0.0,0,4.828125,6,9,05:48,20:11,2025-05-12 18:29:13.679603,Città della Scienza,59.7,1.1183696,11.0517,0.55861247,0.8136537,EU EEA Common AQI,74.3,1.0170672,9.984236,7200,0.8,100,100,63.0,0.6628571,Very Low,73.9,0.56664276,100,1747073700,Very Low,0.44688994,1.5641825,Very Low,1.0191388,59.0,1.1142857,100,1747073700,0.82857144
2025-05-12T18:29:24Z,0,29.879,73.2,58,66.4,2,4,250,76,0.0,255,32767,0.0,2127-15-31,0.0,0.16,26.24,0.0,0.0,0.0,0,4.828125,6,9,05:48,20:11,2025-05-12 18:29:24.738591,Città della Scienza,59.7,1.1183696,11.0517,0.55861247,0.8136537,EU EEA Common AQI,74.3,1.0170672,9.984236,7200,0.8,100,100,63.0,0.6628571,Very Low,73.9,0.56664276,100,1747073700,Very Low,0.44688994,1.5641825,Very Low,1.0191388,59.0,1.1142857,100,1747073700,0.82857144
2025-05-12T18:29:35Z,0,29.877,73.3,58,66.4,3,4,236,76,0.0,255,32767,0.0,2127-15-31,0.0,0.16,26.24,0.0,0.0,0.0,0,4.828125,6,9,05:48,20:11,2025-05-12 18:29:35.773595,Città della Scienza,59.7,1.1183696,11.0517,0.55861247,0.8136537,EU EEA Common AQI,74.3,1.0170672,9.984236,7200,0.8,100,100,63.0,0.6628571,Very Low,73.9,0.56664276,100,1747073700,Very Low,0.44688994,1.5641825,Very Low,1.0191388,59.0,1.1142857,100,1747073700,0.82857144
2025-05-12T18:29:47Z,0,29.877,73.3,58,66.4,3,4,282,76,0.0,255,32767,0.0,2127-15-31,0.0,0.16,26.24,0.0,0.0,0.0,0,4.828125,6,9,05:48,20:11,2025-05-12 18:29:46.830597,Città della Scienza,59.7,1.1183696,11.0517,0.55861247,0.8136537,EU EEA Common AQI,74.3,1.0170672,9.984236,7200,0.8,100,100,63.0,0.6628571,Very Low,73.9,0.56664276,100,1747073700,Very Low,0.44688994,1.5641825,Very Low,1.0191388,59.0,1.1142857,100,1747073700,0.82857144
2025-05-12T18:29:58Z,0,29.877,73.3,58,66.4,7,4,260,76,0.0,255,32767,0.0,2127-15-31,0.0,0.16,26.24,0.0,0.0,0.0,0,4.828125,6,9,05:48,20:11,2025-05-12 18:29:57.912607,Città della Scienza,59.7,1.1183696,11.0517,0.55861247,0.8136537,EU EEA Common AQI,74.3,1.0170672,9.984236,7200,0.8,100,100,63.0,0.6628571,Very Low,73.9,0.56664276,100,1747073700,Very Low,0.44688994,1.5641825,Very Low,1.0191388,59.0,1.1142857,100,1747073700,0.82857144
2025-05-12T18:30:09Z,0,29.877,73.3,58,66.5,4,4,269,76,0.0,255,32767,0.0,2127-15-31,0.0,0.16,26.24,0.0,0.0,0.0,0,4.828125,6,9,05:48,20:11,2025-05-12 18:30:08.981599,Città della Scienza,59.7,1.1183696,11.0517,0.55861247,0.8136537,EU EEA Common AQI,74.3,1.0170672,9.984236,7200,0.8,100,100,63.0,0.6628571,Very Low,73.9,0.56664276,100,1747073700,Very Low,0.44688994,1.5641825,Very Low,1.0191388,59.0,1.1142857,100,1747073700,0.82857144
2025-05-12T18:30:20Z,0,29.877,73.3,58,66.5,4,4,250,76,0.0,255,32767,0.0,2127-15-31,0.0,0.16,26.24,0.0,0.0,0.0,0,4.828125,6,9,05:48,20:11,2025-05-12 18:30:20.072592,Città della Scienza,59.7,1.1183696,11.0517,0.55861247,0.8136537,EU EEA Common AQI,74.3,1.0170672,9.984236,7200,0.8,100,100,63.0,0.6628571,Very Low,73.9,0.56664276,100,1747073700,Very Low,0.44688994,1.5641825,Very Low,1.0191388,59.0,1.1142857,100,1747073700,0.82857144
2025-05-12T18:30:31Z,0,29.877,73.3,58,66.4,3,4,262,76,0.0,255,32767,0.0,2127-15-31,0.0,0.16,26.24,0.0,0.0,0.0,0,4.828125,6,9,05:48,20:11,2025-05-12 18:30:31.106601,Città della Scienza,62.6,1.1485883,11.037683,0.7380383,0.8229295,EU EEA Common AQI,73.2,1.028662,9.96973,7200,1.1714286,100,100,63.0,0.96000004,Very Low,72.8,0.6067954,100,1747074600,Very Low,0.5904306,1.5800602,Very Low,1.2291867,59.3,1.9142857,100,1747074600,1.2
2025-05-12T18:30:42Z,20,29.877,73.2,58,66.4,3,4,274,76,0.0,255,32767,0.0,2127-15-31,0.0,0.16,26.24,0.0,0.0,0.0,0,4.828125,6,9,05:48,20:11,2025-05-12 18:30:42.161594,Città della Scienza,62.6,1.1485883,11.037683,0.7380383,0.8229295,EU EEA Common AQI,73.2,1.028662,9.96973,7200,1.1714286,100,100,63.0,0.96000004,Very Low,72.8,0.6067954,100,1747074600,Very Low,0.5904306,1.5800602,Very Low,1.2291867,59.3,1.9142857,100,1747074600,1.2
2025-05-12T18:30:53Z,20,29.877,73.2,58,66.4,3,4,263,76,0.0,255,32767,0.0,2127-15-31,0.0,0.16,26.24,0.0,0.0,0.0,0,4.828125,6,9,05:48,20:11,2025-05-12 18:30:53.265593,Città della Scienza,62.6,1.1485883,11.037683,0.7380383,0.8229295,EU EEA Common AQI,73.2,1.028662,9.96973,7200,1.1714286,100,100,63.0,0.96000004,Very Low,72.8,0.6067954,100,1747074600,Very Low,0.5904306,1.5800602,Very Low,1.2291867,59.3,1.9142857,100,1747074600,1.2
2025-05-12T18:31:04Z,20,29.877,73.2,58,66.4,5,4,302,76,0.0,255,32767,0.0,2127-15-31,0.0,0.16,26.24,0.0,0.0,0.0,0,4.828125,6,9,05:48,20:11,2025-05-12 18:31:04.336590,Città della Scienza,62.6,1.1485883,11.037683,0.7380383,0.8229295,EU EEA Common AQI,73.2,1.028662,9.96973,7200,1.1714286,100,100,63.0,0.96000004,Very Low,72.8,0.6067954,100,1747074600,Very Low,0.5904306,1.5800602,Very Low,1.2291867,59.3,1.9142857,100,1747074600,1.2
2025-05-12T18:31:15Z,20,29.877,73.2,58,66.4,6,4,321,76,0.0,255,32767,0.0,2127-15-31,0.0,0.16,26.24,0.0,0.0,0.0,0,4.828125,6,9,05:48,20:11,2025-05-12 18:31:15.424616,Città della Scienza,62.6,1.1485883,11.037683,0.7380383,0.8229295,EU EEA Common AQI,73.2,1.028662,9.96973,7200,1.1714286,100,100,63.0,0.96000004,Very Low,72.8,0.6067954,100,1747074600,Very Low,0.5904306,1.5800602,Very Low,1.2291867,59.3,1.9142857,100,1747074600,1.2
2025-05-12T18:31:26Z,20,29.877,73.2,58,66.3,4,4,273,76,0.0,255,32767,0.0,2127-15-31,0.0,0.16,26.24,0.0,0.0,0.0,0,4.828125,6,9,05:48,20:11,2025-05-12 18:31:26.511593,Città della Scienza,62.6,1.1485883,11.037683,0.7380383,0.8229295,EU EEA Common AQI,73.2,1.028662,9.96973,7200,1.1714286,100,100,63.0,0.96000004,Very Low,72.8,0.6067954,100,1747074600,Very Low,0.5904306,1.5800602,Very Low,1.2291867,59.3,1.9142857,100,1747074600,1.2
2025-05-12T18:31:37Z,20,29.877,73.2,58,66.3,5,4,241,76,0.0,255,32767,0.0,2127-15-31,0.0,0.16,26.24,0.0,0.0,0.0,0,4.828125,6,9,05:48,20:11,2025-05-12 18:31:37.626606,Città della Scienza,62.6,1.1485883,11.037683,0.7380383,0.8229295,EU EEA Common AQI,73.2,1.028662,9.96973,7200,1.1714286,100,100,63.0,0.96000004,Very Low,72.8,0.6067954,100,1747074600,Very Low,0.5904306,1.5800602,Very Low,1.2291867,59.3,1.9142857,100,1747074600,1.2
2025-05-12T18:31:48Z,20,29.877,73.2,58,66.3,3,4,237,76,0.0,255,32767,0.0,2127-15-31,0.0,0.16,26.24,0.0,0.0,0.0,0,4.828125,6,9,05:48,20:11,2025-05-12 18:31:48.681590,Città della Scienza,62.6,1.1485883,11.037683,0.7380383,0.8229295,EU EEA Common AQI,73.2,1.028662,9.96973,7200,1.1714286,100,100,63.0,0.96000004,Very Low,72.8,0.6067954,100,1747074600,Very Low,0.5904306,1.5800602,Very Low,1.2291867,59.3,1.9142857,100,1747074600,1.2
2025-05-12T18:31:59Z,20,29.877,73.2,58,66.3,3,4,246,76,0.0,255,32767,0.0,2127-15-31,0.0,0.16,26.24,0.0,0.0,0.0,0,4.828125,6,9,05:48,20:11,2025-05-12 18:31:59.752605,Città della Scienza,62.6,1.1485883,11.037683,0.7380383,0.8229295,EU EEA Common AQI,73.2,1.028662,9.96973,7200,1.1714286,100,100,63.0,0.96000004,Very Low,72.8,0.6067954,100,1747074600,Very Low,0.5904306,1.5800602,Very Low,1.2291867,59.3,1.9142857,100,1747074600,1.2
2025-05-12T18:32:11Z,20,29.877,73.2,58,66.3,5,4,238,76,0.0,255,32767,0.0,2127-15-31,0.0,0.16,26.24,0.0,0.0,0.0,0,4.828125,6,9,05:48,20:11,2025-05-12 18:32:10.871603,Città della Scienza,62.6,1.1485883,11.037683,0.7380383,0.8229295,EU EEA Common AQI,73.2,1.028662,9.96973,7200,1.1714286,100,100,63.0,0.96000004,Very Low,72.8,0.6067954,100,1747074600,Very Low,0.5904306,1.5800602,Very Low,1.2291867,59.3,1.9142857,100,1747074600,1.2
2025-05-12T18:32:22Z,20,29.877,73.2,58,66.3,4,4,264,76,0.0,255,32767,0.0,2127-15-31,0.0,0.16,26.24,0.0,0.0,0.0,0,4.828125,6,9,05:48,20:11,2025-05-12 18:32:21.951594,Città della Scienza,62.6,1.1485883,11.037683,0.7380383,0.8229295,EU EEA Common AQI,73.2,1.028662,9.96973,7200,1.1714286,100,100,63.0,0.96000004,Very Low,72.8,0.6067954,100,1747074600,Very Low,0.5904306,1.5800602,Very Low,1.2291867,59.3,1.9142857,100,1747074600,1.2
2025-05-12T18:32:33Z,20,29.877,73.2,58,66.3,4,4,265,76,0.0,255,32767,0.0,2127-15-31,0.0,0.16,26.24,0.0,0.0,0.0,0,4.828125,6,9,05:48,20:11,2025-05-12 18:32:33.067589,Città della Scienza,62.6,1.1485883,11.037683,0.7380383,0.8229295,EU EEA Common AQI,73.2,1.028662,9.96973,7200,1.1714286,100,100,63.0,0.96000004,Very Low,72.8,0.6067954,100,1747074600,Very Low,0.5904306,1.5800602,Very Low,1.2291867,59.3,1.9142857,100,1747074600,1.2
2025-05-12T18:32:44Z,20,29.876,73.2,58,66.3,3,4,229,76,0.0,255,32767,0.0,2127-15-31,0.0,0.16,26.24,0.0,0.0,0.0,0,4.828125,6,9,05:48,20:11,2025-05-12 18:32:44.170585,Città della Scienza,62.6,1.1485883,11.037683,0.7380383,0.8229295,EU EEA Common AQI,73.2,1.028662,9.96973,7200,1.1714286,100,100,63.0,0.96000004,Very Low,72.8,0.6067954,100,1747074600,Very Low,0.5904306,1.5800602,Very Low,1.2291867,59.3,1.9142857,100,1747074600,1.2
2025-05-12T18:32:55Z,20,29.876,73.2,58,66.3,4,4,267,76,0.0,255,32767,0.0,2127-15-31,0.0,0.16,26.24,0.0,0.0,0.0,0,4.828125,6,9,05:48,20:11,2025-05-12 18:32:55.258586,Città della Scienza,62.6,1.1485883,11.037683,0.7380383,0.8229295,EU EEA Common AQI,73.2,1.028662,9.96973,7200,1.1714286,100,100,63.0,0.96000004,Very Low,72.8,0.6067954,100,1747074600,Very Low,0.5904306,1.5800602,Very Low,1.2291867,59.3,1.9142857,100,1747074600,1.2
2025-05-12T18:33:06Z,20,29.876,73.2,58,66.3,6,4,242,76,0.0,255,32767,0.0,2127-15-31,0.0,0.16,26.24,0.0,0.0,0.0,0,4.828125,6,9,05:48,20:11,2025-05-12 18:33:06.337554,Città della Scienza,62.6,1.1485883,11.037683,0.7380383,0.8229295,EU EEA Common AQI,73.2,1.028662,9.96973,7200,1.1714286,100,100,63.0,0.96000004,Very Low,72.8,0.6067954,100,1747074600,Very Low,0.5904306,1.5800602,Very Low,1.2291867,59.3,1.9142857,100,1747074600,1.2
2025-05-12T18:33:17Z,20,29.876,73.2,58,66.3,3,4,248,76,0.0,255,32767,0.0,2127-15-31,0.0,0.16,26.24,0.0,0.0,0.0,0,4.828125,6,9,05:48,20:11,2025-05-12 18:33:17.417603,Città della Scienza,62.6,1.1485883,11.037683,0.7380383,0.8229295,EU EEA Common AQI,73.2,1.028662,9.96973,7200,1.1714286,100,100,63.0,0.96000004,Very Low,72.8,0.6067954,100,1747074600,Very Low,0.5904306,1.5800602,Very Low,1.2291867,59.3,1.9142857,100,1747074600,1.2
2025-05-12T18:33:28Z,20,29.876,73.2,58,66.3,4,4,259,76,0.0,255,32767,0.0,2127-15-31,0.0,0.16,26.24,0.0,0.0,0.0,0,4.828125,6,9,05:48,20:11,2025-05-12 18:33:28.485589,Città della Scienza,62.6,1.1485883,11.037683,0.7380383,0.8229295,EU EEA Common AQI,73.2,1.028662,9.96973,7200,1.1714286,100,100,63.0,0.96000004,Very Low,72.8,0.6067954,100,1747074600,Very Low,0.5904306,1.5800602,Very Low,1.2291867,59.3,1.9142857,100,1747074600,1.2
2025-05-12T18:33:39Z,20,29.877,73.2,58,66.3,3,4,236,76,0.0,255,32767,0.0,2127-15-31,0.0,0.16,26.24,0.0,0.0,0.0,0,4.828125,6,9,05:48,20:11,2025-05-12 18:33:39.562588,Città della Scienza,62.6,1.1485883,11.037683,0.7380383,0.8229295,EU EEA Common AQI,73.2,1.028662,9.96973,7200,1.1714286,100,100,63.0,0.96000004,Very Low,72.8,0.6067954,100,1747074600,Very Low,0.5904306,1.5800602,Very Low,1.2291867,59.3,1.9142857,100,1747074600,1.2
2025-05-12T18:33:50Z,20,29.877,73.2,58,66.3,4,4,229,76,0.0,255,32767,0.0,2127-15-31,0.0,0.16,26.24,0.0,0.0,0.0,0,4.828125,6,9,05:48,20:11,2025-05-12 18:33:50.654589,Città della Scienza,62.6,1.1485883,11.037683,0.7380383,0.8229295,EU EEA Common AQI,73.2,1.028662,9.96973,7200,1.1714286,100,100,63.0,0.96000004,Very Low,72.8,0.6067954,100,1747074600,Very Low,0.5904306,1.5800602,Very Low,1.2291867,59.3,1.9142857,100,1747074600,1.2
2025-05-12T18:34:01Z,20,29.877,73.2,58,66.3,3,4,248,76,0.0,255,32767,0.0,2127-15-31,0.0,0.16,26.24,0.0,0.0,0.0,0,4.828125,6,9,05:48,20:11,2025-05-12 18:34:01.726611,Città della Scienza,62.6,1.1485883,11.037683,0.7380383,0.8229295,EU EEA Common AQI,73.2,1.028662,9.96973,7200,1.1714286,100,100,63.0,0.96000004,Very Low,72.8,0.6067954,100,1747074600,Very Low,0.5904306,1.5800602,Very Low,1.2291867,59.3,1.9142857,100,1747074600,1.2
2025-05-12T18:34:13Z,20,29.877,73.2,58,66.3,2,4,261,76,0.0,255,32767,0.0,2127-15-31,0.0,0.16,26.24,0.0,0.0,0.0,0,4.828125,6,9,05:48,20:11,2025-05-12 18:34:12.809589,Città della Scienza,62.6,1.1485883,11.037683,0.7380383,0.8229295,EU EEA Common AQI,73.2,1.028662,9.96973,7200,1.1714286,100,100,63.0,0.96000004,Very Low,72.8,0.6067954,100,1747074600,Very Low,0.5904306,1.5800602,Very Low,1.2291867,59.3,1.9142857,100,1747074600,1.2
2025-05-12T18:34:24Z,20,29.877,73.2,58,66.3,3,4,269,76,0.0,255,32767,0.0,2127-15-31,0.0,0.16,26.24,0.0,0.0,0.0,0,4.828125,6,9,05:48,20:11,2025-05-12 18:34:23.889595,Città della Scienza,62.6,1.1485883,11.037683,0.7380383,0.8229295,EU EEA Common AQI,73.2,1.028662,9.96973,7200,1.1714286,100,100,63.0,0.96000004,Very Low,72.8,0.6067954,100,1747074600,Very Low,0.5904306,1.5800602,Very Low,1.2291867,59.3,1.9142857,100,1747074600,1.2
2025-05-12T18:34:35Z,20,29.877,73.2,59,66.3,2,4,257,76,0.0,255,32767,0.0,2127-15-31,0.0,0.16,26.24,0.0,0.0,0.0,0,4.828125,6,9,05:48,20:11,2025-05-12 18:34:35.018591,Città della Scienza,62.6,1.1485883,11.037683,0.7380383,0.8229295,EU EEA Common AQI,73.2,1.028662,9.96973,7200,1.1714286,100,100,63.0,0.96000004,Very Low,72.8,0.6067954,100,1747074600,Very Low,0.5904306,1.5800602,Very Low,1.2291867,59.3,1.9142857,100,1747074600,1.2
2025-05-12T18:34:46Z,20,29.877,73.2,59,66.3,4,4,252,76,0.0,255,32767,0.0,2127-15-31,0.0,0.16,26.24,0.0,0.0,0.0,0,4.828125,6,9,05:48,20:11,2025-05-12 18:34:46.087590,Città della Scienza,62.6,1.1485883,11.037683,0.7380383,0.8229295,EU EEA Common AQI,73.2,1.028662,9.96973,7200,1.1714286,100,100,63.0,0.96000004,Very Low,72.8,0.6067954,100,1747074600,Very Low,0.5904306,1.5800602,Very Low,1.2291867,59.3,1.9142857,100,1747074600,1.2
2025-05-12T18:34:57Z,20,29.877,73.2,59,66.3,2,4,264,76,0.0,255,32767,0.0,2127-15-31,0.0,0.16,26.24,0.0,0.0,0.0,0,4.828125,6,9,05:48,20:11,2025-05-12 18:34:57.188598,Città della Scienza,62.6,1.1485883,11.037683,0.7380383,0.8229295,EU EEA Common AQI,73.2,1.028662,9.96973,7200,1.1714286,100,100,63.0,0.96000004,Very Low,72.8,0.6067954,100,1747074600,Very Low,0.5904306,1.5800602,Very Low,1.2291867,59.3,1.9142857,100,1747074600,1.2
2025-05-12T18:35:08Z,20,29.877,73.2,59,66.3,3,4,271,76,0.0,255,32767,0.0,2127-15-31,0.0,0.16,26.24,0.0,0.0,0.0,0,4.828125,6,9,05:48,20:11,2025-05-12 18:35:08.289596,Città della Scienza,62.6,1.1485883,11.037683,0.7380383,0.8229295,EU EEA Common AQI,73.2,1.028662,9.96973,7200,1.1714286,100,100,63.0,0.96000004,Very Low,72.8,0.6067954,100,1747074600,Very Low,0.5904306,1.5800602,Very Low,1.2291867,59.3,1.9142857,100,1747074600,1.2
2025-05-12T18:35:19Z,20,29.877,73.2,59,66.3,2,4,248,76,0.0,255,32767,0.0,2127-15-31,0.0,0.16,26.24,0.0,0.0,0.0,0,4.828125,6,9,05:48,20:11,2025-05-12 18:35:19.359605,Città della Scienza,62.6,1.1485883,11.037683,0.7380383,0.8229295,EU EEA Common AQI,73.2,1.028662,9.96973,7200,1.1714286,100,100,63.0,0.96000004,Very Low,72.8,0.6067954,100,1747074600,Very Low,0.5904306,1.5800602,Very Low,1.2291867,59.3,1.9142857,100,1747074600,1.2
2025-05-12T18:35:30Z,20,29.877,73.2,59,66.2,2,4,258,76,0.0,255,32767,0.0,2127-15-31,0.0,0.16,26.24,0.0,0.0,0.0,0,4.828125,6,9,05:48,20:11,2025-05-12 18:35:30.434583,Città della Scienza,62.6,1.1485883,11.037683,0.7380383,0.8229295,EU EEA Common AQI,73.2,1.028662,9.96973,7200,1.1714286,100,100,63.0,0.96000004,Very Low,72.8,0.6067954,100,1747074600,Very Low,0.5904306,1.5800602,Very Low,1.2291867,59.3,1.9142857,100,1747074600,1.2
2025-05-12T18:35:41Z,20,29.878,73.2,59,66.3,2,4,269,76,0.0,255,32767,0.0,2127-15-31,0.0,0.16,26.24,0.0,0.0,0.0,0,4.828125,6,9,05:48,20:11,2025-05-12 18:35:41.553612,Città della Scienza,62.6,1.1485883,11.037683,0.7380383,0.8229295,EU EEA Common AQI,73.2,1.028662,9.96973,7200,1.1714286,100,100,63.0,0.96000004,Very Low,72.8,0.6067954,100,1747074600,Very Low,0.5904306,1.5800602,Very Low,1.2291867,59.3,1.9142857,100,1747074600,1.2
2025-05-12T18:35:52Z,20,29.878,73.2,59,66.3,2,4,267,76,0.0,255,32767,0.0,2127-15-31,0.0,0.16,26.24,0.0,0.0,0.0,0,4.828125,6,9,05:48,20:11,2025-05-12 18:35:52.642588,Città della Scienza,62.6,1.1485883,11.037683,0.7380383,0.8229295,EU EEA Common AQI,73.2,1.028662,9.96973,7200,1.1714286,100,100,63.0,0.96000004,Very Low,72.8,0.6067954,100,1747074600,Very Low,0.5904306,1.5800602,Very Low,1.2291867,59.3,1.9142857,100,1747074600,1.2
2025-05-12T18:36:03Z,20,29.878,73.2,59,66.3,3,4,246,76,0.0,255,32767,0.0,2127-15-31,0.0,0.16,26.24,0.0,0.0,0.0,0,4.828125,6,9,05:48,20:11,2025-05-12 18:36:03.713597,Città della Scienza,62.6,1.1485883,11.037683,0.7380383,0.8229295,EU EEA Common AQI,73.2,1.028662,9.96973,7200,1.1714286,100,100,63.0,0.96000004,Very Low,72.8,0.6067954,100,1747074600,Very Low,0.5904306,1.5800602,Very Low,1.2291867,59.3,1.9142857,100,1747074600,1.2
2025-05-12T18:36:14Z,20,29.878,73.2,59,66.3,2,4,252,76,0.0,255,32767,0.0,2127-15-31,0.0,0.16,26.24,0.0,0.0,0.0,0,4.828125,6,9,05:48,20:11,2025-05-12 18:36:14.753596,Città della Scienza,62.6,1.1485883,11.037683,0.7380383,0.8229295,EU EEA Common AQI,73.2,1.028662,9.96973,7200,1.1714286,100,100,63.0,0.96000004,Very Low,72.8,0.6067954,100,1747074600,Very Low,0.5904306,1.5800602,Very Low,1.2291867,59.3,1.9142857,100,1747074600,1.2
2025-05-12T18:36:26Z,20,29.878,73.2,59,66.3,3,4,277,77,0.0,255,32767,0.0,2127-15-31,0.0,0.16,26.24,0.0,0.0,0.0,0,4.828125,6,9,05:48,20:11,2025-05-12 18:36:25.850570,Città della Scienza,62.6,1.1485883,11.037683,0.7380383,0.8229295,EU EEA Common AQI,73.2,1.028662,9.96973,7200,1.1714286,100,100,63.0,0.96000004,Very Low,72.8,0.6067954,100,1747074600,Very Low,0.5904306,1.5800602,Very Low,1.2291867,59.3,1.9142857,100,1747074600,1.2
2025-05-12T18:36:37Z,20,29.879,73.2,59,66.2,2,3,279,77,0.0,255,32767,0.0,2127-15-31,0.0,0.16,26.24,0.0,0.0,0.0,0,4.828125,6,9,05:48,20:11,2025-05-12 18:36:36.960593,Città della Scienza,62.6,1.1485883,11.037683,0.7380383,0.8229295,EU EEA Common AQI,73.2,1.028662,9.96973,7200,1.1714286,100,100,63.0,0.96000004,Very Low,72.8,0.6067954,100,1747074600,Very Low,0.5904306,1.5800602,Very Low,1.2291867,59.3,1.9142857,100,1747074600,1.2
2025-05-12T18:36:48Z,20,29.879,73.2,59,66.3,1,3,279,77,0.0,255,32767,0.0,2127-15-31,0.0,0.16,26.24,0.0,0.0,0.0,0,4.828125,6,9,05:48,20:11,2025-05-12 18:36:48.020606,Città della Scienza,62.6,1.1485883,11.037683,0.7380383,0.8229295,EU EEA Common AQI,73.2,1.028662,9.96973,7200,1.1714286,100,100,63.0,0.96000004,Very Low,72.8,0.6067954,100,1747074600,Very Low,0.5904306,1.5800602,Very Low,1.2291867,59.3,1.9142857,100,1747074600,1.2
2025-05-12T18:36:59Z,20,29.879,73.2,59,66.3,3,3,276,77,0.0,255,32767,0.0,2127-15-31,0.0,0.16,26.24,0.0,0.0,0.0,0,4.828125,6,9,05:48,20:11,2025-05-12 18:36:59.110604,Città della Scienza,62.6,1.1485883,11.037683,0.7380383,0.8229295,EU EEA Common AQI,73.2,1.028662,9.96973,7200,1.1714286,100,100,63.0,0.96000004,Very Low,72.8,0.6067954,100,1747074600,Very Low,0.5904306,1.5800602,Very Low,1.2291867,59.3,1.9142857,100,1747074600,1.2
2025-05-12T18:37:10Z,20,29.879,73.2,59,66.2,1,3,277,77,0.0,255,32767,0.0,2127-15-31,0.0,0.16,26.24,0.0,0.0,0.0,0,4.828125,6,9,05:48,20:11,2025-05-12 18:37:10.189592,Città della Scienza,62.6,1.1485883,11.037683,0.7380383,0.8229295,EU EEA Common AQI,73.2,1.028662,9.96973,7200,1.1714286,100,100,63.0,0.96000004,Very Low,72.8,0.6067954,100,1747074600,Very Low,0.5904306,1.5800602,Very Low,1.2291867,59.3,1.9142857,100,1747074600,1.2
2025-05-12T18:37:21Z,20,29.879,73.2,59,66.2,2,3,260,76,0.0,255,32767,0.0,2127-15-31,0.0,0.16,26.24,0.0,0.0,0.0,0,4.828125,6,9,05:48,20:11,2025-05-12 18:37:21.299613,Città della Scienza,62.6,1.1485883,11.037683,0.7380383,0.8229295,EU EEA Common AQI,73.2,1.028662,9.96973,7200,1.1714286,100,100,63.0,0.96000004,Very Low,72.8,0.6067954,100,1747074600,Very Low,0.5904306,1.5800602,Very Low,1.2291867,59.3,1.9142857,100,1747074600,1.2
2025-05-12T18:37:32Z,20,29.879,73.2,59,66.2,1,3,260,76,0.0,255,32767,0.0,2127-15-31,0.0,0.16,26.24,0.0,0.0,0.0,0,4.828125,6,9,05:48,20:11,2025-05-12 18:37:32.371599,Città della Scienza,62.6,1.1485883,11.037683,0.7380383,0.8229295,EU EEA Common AQI,73.2,1.028662,9.96973,7200,1.1714286,100,100,63.0,0.96000004,Very Low,72.8,0.6067954,100,1747074600,Very Low,0.5904306,1.5800602,Very Low,1.2291867,59.3,1.9142857,100,1747074600,1.2
2025-05-12T18:37:43Z,20,29.878,73.2,59,66.2,0,3,260,76,0.0,255,32767,0.0,2127-15-31,0.0,0.16,26.24,0.0,0.0,0.0,0,4.828125,6,9,05:48,20:11,2025-05-12 18:37:43.444589,Città della Scienza,62.6,1.1485883,11.037683,0.7380383,0.8229295,EU EEA Common AQI,73.2,1.028662,9.96973,7200,1.1714286,100,100,63.0,0.96000004,Very Low,72.8,0.6067954,100,1747074600,Very Low,0.5904306,1.5800602,Very Low,1.2291867,59.3,1.9142857,100,1747074600,1.2
2025-05-12T18:37:54Z,20,29.878,73.2,59,66.2,0,3,260,76,0.0,255,32767,0.0,2127-15-31,0.0,0.16,26.24,0.0,0.0,0.0,0,4.828125,6,9,05:48,20:11,2025-05-12 18:37:54.526598,Città della Scienza,62.6,1.1485883,11.037683,0.7380383,0.8229295,EU EEA Common AQI,73.2,1.028662,9.96973,7200,1.1714286,100,100,63.0,0.96000004,Very Low,72.8,0.6067954,100,1747074600,Very Low,0.5904306,1.5800602,Very Low,1.2291867,59.3,1.9142857,100,1747074600,1.2
2025-05-12T18:38:05Z,20,29.878,73.2,59,66.2,1,3,260,76,0.0,255,32767,0.0,2127-15-31,0.0,0.16,26.24,0.0,0.0,0.0,0,4.828125,6,9,05:48,20:11,2025-05-12 18:38:05.601602,Città della Scienza,62.6,1.1485883,11.037683,0.7380383,0.8229295,EU EEA Common AQI,73.2,1.028662,9.96973,7200,1.1714286,100,100,63.0,0.96000004,Very Low,72.8,0.6067954,100,1747074600,Very Low,0.5904306,1.5800602,Very Low,1.2291867,59.3,1.9142857,100,1747074600,1.2
2025-05-12T18:38:16Z,20,29.878,73.2,59,66.2,2,3,246,76,0.0,255,32767,0.0,2127-15-31,0.0,0.16,26.24,0.0,0.0,0.0,0,4.828125,6,9,05:48,20:11,2025-05-12 18:38:16.632604,Città della Scienza,62.6,1.1485883,11.037683,0.7380383,0.8229295,EU EEA Common AQI,73.2,1.028662,9.96973,7200,1.1714286,100,100,63.0,0.96000004,Very Low,72.8,0.6067954,100,1747074600,Very Low,0.5904306,1.5800602,Very Low,1.2291867,59.3,1.9142857,100,1747074600,1.2
2025-05-12T18:38:27Z,20,29.878,73.2,59,66.2,1,3,240,76,0.0,255,32767,0.0,2127-15-31,0.0,0.16,26.24,0.0,0.0,0.0,0,4.828125,6,9,05:48,20:11,2025-05-12 18:38:27.716609,Città della Scienza,62.6,1.1485883,11.037683,0.7380383,0.8229295,EU EEA Common AQI,73.2,1.028662,9.96973,7200,1.1714286,100,100,63.0,0.96000004,Very Low,72.8,0.6067954,100,1747074600,Very Low,0.5904306,1.5800602,Very Low,1.2291867,59.3,1.9142857,100,1747074600,1.2
2025-05-12T18:38:39Z,20,29.88,73.2,59,66.2,1,3,227,76,0.0,255,32767,0.0,2127-15-31,0.0,0.16,26.24,0.0,0.0,0.0,0,4.828125,6,9,05:48,20:11,2025-05-12 18:38:38.810599,Città della Scienza,62.6,1.1485883,11.037683,0.7380383,0.8229295,EU EEA Common AQI,73.2,1.028662,9.96973,7200,1.1714286,100,100,63.0,0.96000004,Very Low,72.8,0.6067954,100,1747074600,Very Low,0.5904306,1.5800602,Very Low,1.2291867,59.3,1.9142857,100,1747074600,1.2
2025-05-12T18:38:50Z,20,29.88,73.2,59,66.2,2,3,261,76,0.0,255,32767,0.0,2127-15-31,0.0,0.16,26.24,0.0,0.0,0.0,0,4.828125,6,9,05:48,20:11,2025-05-12 18:38:49.865599,Città della Scienza,62.6,1.1485883,11.037683,0.7380383,0.8229295,EU EEA Common AQI,73.2,1.028662,9.96973,7200,1.1714286,100,100,63.0,0.96000004,Very Low,72.8,0.6067954,100,1747074600,Very Low,0.5904306,1.5800602,Very Low,1.2291867,59.3,1.9142857,100,1747074600,1.2
2025-05-12T18:39:01Z,20,29.88,73.2,59,66.2,3,3,269,76,0.0,255,32767,0.0,2127-15-31,0.0,0.16,26.24,0.0,0.0,0.0,0,4.828125,6,9,05:48,20:11,2025-05-12 18:39:00.947554,Città della Scienza,62.6,1.1485883,11.037683,0.7380383,0.8229295,EU EEA Common AQI,73.2,1.028662,9.96973,7200,1.1714286,100,100,63.0,0.96000004,Very Low,72.8,0.6067954,100,1747074600,Very Low,0.5904306,1.5800602,Very Low,1.2291867,59.3,1.9142857,100,1747074600,1.2
2025-05-12T18:39:12Z,20,29.88,73.2,59,66.2,3,3,299,76,0.0,255,32767,0.0,2127-15-31,0.0,0.16,26.24,0.0,0.0,0.0,0,4.828125,6,9,05:48,20:11,2025-05-12 18:39:12.040590,Città della Scienza,62.6,1.1485883,11.037683,0.7380383,0.8229295,EU EEA Common AQI,73.2,1.028662,9.96973,7200,1.1714286,100,100,63.0,0.96000004,Very Low,72.8,0.6067954,100,1747074600,Very Low,0.5904306,1.5800602,Very Low,1.2291867,59.3,1.9142857,100,1747074600,1.2
2025-05-12T18:39:23Z,20,29.88,73.2,59,66.2,4,3,250,76,0.0,255,32767,0.0,2127-15-31,0.0,0.16,26.24,0.0,0.0,0.0,0,4.828125,6,9,05:48,20:11,2025-05-12 18:39:23.117593,Città della Scienza,62.6,1.1485883,11.037683,0.7380383,0.8229295,EU EEA Common AQI,73.2,1.028662,9.96973,7200,1.1714286,100,100,63.0,0.96000004,Very Low,72.8,0.6067954,100,1747074600,Very Low,0.5904306,1.5800602,Very Low,1.2291867,59.3,1.9142857,100,1747074600,1.2
2025-05-12T18:39:34Z,20,29.878,73.2,59,66.2,4,3,270,76,0.0,255,32767,0.0,2127-15-31,0.0,0.16,26.24,0.0,0.0,0.0,0,4.828125,6,9,05:48,20:11,2025-05-12 18:39:34.192600,Città della Scienza,62.6,1.1485883,11.037683,0.7380383,0.8229295,EU EEA Common AQI,73.2,1.028662,9.96973,7200,1.1714286,100,100,63.0,0.96000004,Very Low,72.8,0.6067954,100,1747074600,Very Low,0.5904306,1.5800602,Very Low,1.2291867,59.3,1.9142857,100,1747074600,1.2
2025-05-12T18:39:45Z,20,29.878,73.2,59,66.2,2,3,250,76,0.0,255,32767,0.0,2127-15-31,0.0,0.16,26.24,0.0,0.0,0.0,0,4.828125,6,9,05:48,20:11,2025-05-12 18:39:45.282591,Città della Scienza,62.6,1.1485883,11.037683,0.7380383,0.8229295,EU EEA Common AQI,73.2,1.028662,9.96973,7200,1.1714286,100,100,63.0,0.96000004,Very Low,72.8,0.6067954,100,1747074600,Very Low,0.5904306,1.5800602,Very Low,1.2291867,59.3,1.9142857,100,1747074600,1.2
2025-05-12T18:39:56Z,20,29.878,73.2,59,66.2,3,3,261,76,0.0,255,32767,0.0,2127-15-31,0.0,0.16,26.24,0.0,0.0,0.0,0,4.828125,6,9,05:48,20:11,2025-05-12 18:39:56.358593,Città della Scienza,62.6,1.1485883,11.037683,0.7380383,0.8229295,EU EEA Common AQI,73.2,1.028662,9.96973,7200,1.1714286,100,100,63.0,0.96000004,Very Low,72.8,0.6067954,100,1747074600,Very Low,0.5904306,1.5800602,Very Low,1.2291867,59.3,1.9142857,100,1747074600,1.2
2025-05-12T18:40:07Z,20,29.878,73.2,59,66.1,6,3,265,76,0.0,255,32767,0.0,2127-15-31,0.0,0.16,26.24,0.0,0.0,0.0,0,4.828125,6,9,05:48,20:11,2025-05-12 18:40:07.461591,Città della Scienza,62.6,1.1485883,11.037683,0.7380383,0.8229295,EU EEA Common AQI,73.2,1.028662,9.96973,7200,1.1714286,100,100,63.0,0.96000004,Very Low,72.8,0.6067954,100,1747074600,Very Low,0.5904306,1.5800602,Very Low,1.2291867,59.3,1.9142857,100,1747074600,1.2
2025-05-12T18:40:18Z,20,29.878,73.2,59,66.2,8,3,269,76,0.0,255,32767,0.0,2127-15-31,0.0,0.16,26.24,0.0,0.0,0.0,0,4.828125,6,9,05:48,20:11,2025-05-12 18:40:18.514590,Città della Scienza,62.6,1.1485883,11.037683,0.7380383,0.8229295,EU EEA Common AQI,73.2,1.028662,9.96973,7200,1.1714286,100,100,63.0,0.96000004,Very Low,72.8,0.6067954,100,1747074600,Very Low,0.5904306,1.5800602,Very Low,1.2291867,59.3,1.9142857,100,1747074600,1.2
2025-05-12T18:40:29Z,20,29.878,73.2,59,66.1,5,3,257,76,0.0,255,32767,0.0,2127-15-31,0.0,0.16,26.24,0.0,0.0,0.0,0,4.828125,6,9,05:48,20:11,2025-05-12 18:40:29.637598,Città della Scienza,62.6,1.1485883,11.037683,0.7380383,0.8229295,EU EEA Common AQI,73.2,1.028662,9.96973,7200,1.1714286,100,100,63.0,0.96000004,Very Low,72.8,0.6067954,100,1747074600,Very Low,0.5904306,1.5800602,Very Low,1.2291867,59.3,1.9142857,100,1747074600,1.2
2025-05-12T18:40:40Z,20,29.878,73.2,59,66.1,4,3,263,76,0.0,255,32767,0.0,2127-15-31,0.0,0.16,26.24,0.0,0.0,0.0,0,4.828125,6,9,05:48,20:11,2025-05-12 18:40:40.739591,Città della Scienza,62.6,1.1485883,11.037683,0.7380383,0.8229295,EU EEA Common AQI,73.2,1.028662,9.96973,7200,1.1714286,100,100,63.0,0.96000004,Very Low,72.8,0.6067954,100,1747074600,Very Low,0.5904306,1.5800602,Very Low,1.2291867,59.3,1.9142857,100,1747074600,1.2
2025-05-12T18:40:52Z,20,29.878,73.2,59,66.1,4,3,286,76,0.0,255,32767,0.0,2127-15-31,0.0,0.16,26.24,0.0,0.0,0.0,0,4.828125,6,9,05:48,20:11,2025-05-12 18:40:51.815598,Città della Scienza,62.6,1.1485883,11.037683,0.7380383,0.8229295,EU EEA Common AQI,73.2,1.028662,9.96973,7200,1.1714286,100,100,63.0,0.96000004,Very Low,72.8,0.6067954,100,1747074600,Very Low,0.5904306,1.5800602,Very Low,1.2291867,59.3,1.9142857,100,1747074600,1.2
2025-05-12T18:41:03Z,20,29.878,73.2,59,66.1,7,3,261,76,0.0,255,32767,0.0,2127-15-31,0.0,0.16,26.24,0.0,0.0,0.0,0,4.828125,6,9,05:48,20:11,2025-05-12 18:41:02.885600,Città della Scienza,62.6,1.1485883,11.037683,0.7380383,0.8229295,EU EEA Common AQI,73.2,1.028662,9.96973,7200,1.1714286,100,100,63.0,0.96000004,Very Low,72.8,0.6067954,100,1747074600,Very Low,0.5904306,1.5800602,Very Low,1.2291867,59.3,1.9142857,100,1747074600,1.2
2025-05-12T18:41:14Z,20,29.878,73.2,59,66.1,6,3,279,76,0.0,255,32767,0.0,2127-15-31,0.0,0.16,26.24,0.0,0.0,0.0,0,4.828125,6,9,05:48,20:11,2025-05-12 18:41:13.943573,Città della Scienza,62.6,1.1485883,11.037683,0.7380383,0.8229295,EU EEA Common AQI,73.2,1.028662,9.96973,7200,1.1714286,100,100,63.0,0.96000004,Very Low,72.8,0.6067954,100,1747074600,Very Low,0.5904306,1.5800602,Very Low,1.2291867,59.3,1.9142857,100,1747074600,1.2
2025-05-12T18:41:25Z,20,29.878,73.2,59,66.1,5,3,248,76,0.0,255,32767,0.0,2127-15-31,0.0,0.16,26.24,0.0,0.0,0.0,0,4.828125,6,9,05:48,20:11,2025-05-12 18:41:25.037590,Città della Scienza,62.6,1.1485883,11.037683,0.7380383,0.8229295,EU EEA Common AQI,73.2,1.028662,9.96973,7200,1.1714286,100,100,63.0,0.96000004,Very Low,72.8,0.6067954,100,1747074600,Very Low,0.5904306,1.5800602,Very Low,1.2291867,59.3,1.9142857,100,1747074600,1.2
2025-05-12T18:41:36Z,20,29.879,73.2,59,66.1,5,3,254,77,0.0,255,32767,0.0,2127-15-31,0.0,0.16,26.24,0.0,0.0,0.0,0,4.828125,6,9,05:48,20:11,2025-05-12 18:41:36.079589,Città della Scienza,62.6,1.1485883,11.037683,0.7380383,0.8229295,EU EEA Common AQI,73.2,1.028662,9.96973,7200,1.1714286,100,100,63.0,0.96000004,Very Low,72.8,0.6067954,100,1747074600,Very Low,0.5904306,1.5800602,Very Low,1.2291867,59.3,1.9142857,100,1747074600,1.2
2025-05-12T18:41:47Z,20,29.879,73.2,59,66.1,6,3,237,77,0.0,255,32767,0.0,2127-15-31,0.0,0.16,26.24,0.0,0.0,0.0,0,4.828125,6,9,05:48,20:11,2025-05-12 18:41:47.199596,Città della Scienza,62.6,1.1485883,11.037683,0.7380383,0.8229295,EU EEA Common AQI,73.2,1.028662,9.96973,7200,1.1714286,100,100,63.0,0.96000004,Very Low,72.8,0.6067954,100,1747074600,Very Low,0.5904306,1.5800602,Very Low,1.2291867,59.3,1.9142857,100,1747074600,1.2
2025-05-12T18:41:58Z,20,29.879,73.2,59,66.1,4,3,246,77,0.0,255,32767,0.0,2127-15-31,0.0,0.16,26.24,0.0,0.0,0.0,0,4.828125,6,9,05:48,20:11,2025-05-12 18:41:58.226653,Città della Scienza,62.6,1.1485883,11.037683,0.7380383,0.8229295,EU EEA Common AQI,73.2,1.028662,9.96973,7200,1.1714286,100,100,63.0,0.96000004,Very Low,72.8,0.6067954,100,1747074600,Very Low,0.5904306,1.5800602,Very Low,1.2291867,59.3,1.9142857,100,1747074600,1.2
2025-05-12T18:42:09Z,20,29.879,73.2,59,66.1,7,3,257,77,0.0,255,32767,0.0,2127-15-31,0.0,0.16,26.24,0.0,0.0,0.0,0,4.828125,6,9,05:48,20:11,2025-05-12 18:42:09.311592,Città della Scienza,62.6,1.1485883,11.037683,0.7380383,0.8229295,EU EEA Common AQI,73.2,1.028662,9.96973,7200,1.1714286,100,100,63.0,0.96000004,Very Low,72.8,0.6067954,100,1747074600,Very Low,0.5904306,1.5800602,Very Low,1.2291867,59.3,1.9142857,100,1747074600,1.2
2025-05-12T18:42:20Z,20,29.879,73.2,59,66.1,4,3,253,77,0.0,255,32767,0.0,2127-15-31,0.0,0.16,26.24,0.0,0.0,0.0,0,4.828125,6,9,05:48,20:11,2025-05-12 18:42:20.393551,Città della Scienza,62.6,1.1485883,11.037683,0.7380383,0.8229295,EU EEA Common AQI,73.2,1.028662,9.96973,7200,1.1714286,100,100,63.0,0.96000004,Very Low,72.8,0.6067954,100,1747074600,Very Low,0.5904306,1.5800602,Very Low,1.2291867,59.3,1.9142857,100,1747074600,1.2
2025-05-12T18:42:31Z,20,29.879,73.2,59,66.1,4,3,256,77,0.0,255,32767,0.0,2127-15-31,0.0,0.16,26.24,0.0,0.0,0.0,0,4.828125,6,9,05:48,20:11,2025-05-12 18:42:31.472591,Città della Scienza,62.6,1.1485883,11.037683,0.7380383,0.8229295,EU EEA Common AQI,73.2,1.028662,9.96973,7200,1.1714286,100,100,63.0,0.96000004,Very Low,72.8,0.6067954,100,1747074600,Very Low,0.5904306,1.5800602,Very Low,1.2291867,59.3,1.9142857,100,1747074600,1.2
2025-05-12T18:42:42Z,20,29.879,73.2,59,66.1,4,4,248,77,0.0,255,32767,0.0,2127-15-31,0.0,0.16,26.24,0.0,0.0,0.0,0,4.828125,6,9,05:48,20:11,2025-05-12 18:42:42.576552,Città della Scienza,62.6,1.1485883,11.037683,0.7380383,0.8229295,EU EEA Common AQI,73.2,1.028662,9.96973,7200,1.1714286,100,100,63.0,0.96000004,Very Low,72.8,0.6067954,100,1747074600,Very Low,0.5904306,1.5800602,Very Low,1.2291867,59.3,1.9142857,100,1747074600,1.2
2025-05-12T18:42:53Z,20,29.879,73.2,59,66.1,4,4,263,77,0.0,255,32767,0.0,2127-15-31,0.0,0.16,26.24,0.0,0.0,0.0,0,4.828125,6,9,05:48,20:11,2025-05-12 18:42:53.631604,Città della Scienza,62.6,1.1485883,11.037683,0.7380383,0.8229295,EU EEA Common AQI,73.2,1.028662,9.96973,7200,1.1714286,100,100,63.0,0.96000004,Very Low,72.8,0.6067954,100,1747074600,Very Low,0.5904306,1.5800602,Very Low,1.2291867,59.3,1.9142857,100,1747074600,1.2
2025-05-12T18:43:04Z,20,29.879,73.2,59,66.1,3,4,273,77,0.0,255,32767,0.0,2127-15-31,0.0,0.16,26.24,0.0,0.0,0.0,0,4.828125,6,9,05:48,20:11,2025-05-12 18:43:04.722570,Città della Scienza,62.6,1.1485883,11.037683,0.7380383,0.8229295,EU EEA Common AQI,73.2,1.028662,9.96973,7200,1.1714286,100,100,63.0,0.96000004,Very Low,72.8,0.6067954,100,1747074600,Very Low,0.5904306,1.5800602,Very Low,1.2291867,59.3,1.9142857,100,1747074600,1.2
2025-05-12T18:43:16Z,20,29.879,73.2,59,66.1,3,4,286,77,0.0,255,32767,0.0,2127-15-31,0.0,0.16,26.24,0.0,0.0,0.0,0,4.828125,6,9,05:48,20:11,2025-05-12 18:43:15.800596,Città della Scienza,62.6,1.1485883,11.037683,0.7380383,0.8229295,EU EEA Common AQI,73.2,1.028662,9.96973,7200,1.1714286,100,100,63.0,0.96000004,Very Low,72.8,0.6067954,100,1747074600,Very Low,0.5904306,1.5800602,Very Low,1.2291867,59.3,1.9142857,100,1747074600,1.2
2025-05-12T18:43:27Z,20,29.879,73.2,59,66.1,3,4,285,77,0.0,255,32767,0.0,2127-15-31,0.0,0.16,26.24,0.0,0.0,0.0,0,4.828125,6,9,05:48,20:11,2025-05-12 18:43:26.850595,Città della Scienza,62.6,1.1485883,11.037683,0.7380383,0.8229295,EU EEA Common AQI,73.2,1.028662,9.96973,7200,1.1714286,100,100,63.0,0.96000004,Very Low,72.8,0.6067954,100,1747074600,Very Low,0.5904306,1.5800602,Very Low,1.2291867,59.3,1.9142857,100,1747074600,1.2
2025-05-12T18:43:38Z,20,29.879,73.2,59,66.1,2,3,286,77,0.0,255,32767,0.0,2127-15-31,0.0,0.16,26.24,0.0,0.0,0.0,0,4.828125,6,9,05:48,20:11,2025-05-12 18:43:37.971554,Città della Scienza,62.6,1.1485883,11.037683,0.7380383,0.8229295,EU EEA Common AQI,73.2,1.028662,9.96973,7200,1.1714286,100,100,63.0,0.96000004,Very Low,72.8,0.6067954,100,1747074600,Very Low,0.5904306,1.5800602,Very Low,1.2291867,59.3,1.9142857,100,1747074600,1.2
2025-05-12T18:43:49Z,20,29.879,73.2,59,66.1,2,3,308,77,0.0,255,32767,0.0,2127-15-31,0.0,0.16,26.24,0.0,0.0,0.0,0,4.828125,6,9,05:48,20:11,2025-05-12 18:43:49.070585,Città della Scienza,62.6,1.1485883,11.037683,0.7380383,0.8229295,EU EEA Common AQI,73.2,1.028662,9.96973,7200,1.1714286,100,100,63.0,0.96000004,Very Low,72.8,0.6067954,100,1747074600,Very Low,0.5904306,1.5800602,Very Low,1.2291867,59.3,1.9142857,100,1747074600,1.2
2025-05-12T18:44:00Z,20,29.879,73.2,59,66.1,2,3,313,77,0.0,255,32767,0.0,2127-15-31,0.0,0.16,26.24,0.0,0.0,0.0,0,4.828125,6,9,05:48,20:11,2025-05-12 18:44:00.133605,Città della Scienza,62.6,1.1485883,11.037683,0.7380383,0.8229295,EU EEA Common AQI,73.2,1.028662,9.96973,7200,1.1714286,100,100,63.0,0.96000004,Very Low,72.8,0.6067954,100,1747074600,Very Low,0.5904306,1.5800602,Very Low,1.2291867,59.3,1.9142857,100,1747074600,1.2
2025-05-12T18:44:11Z,20,29.879,73.2,59,66.1,1,3,313,77,0.0,255,32767,0.0,2127-15-31,0.0,0.16,26.24,0.0,0.0,0.0,0,4.828125,6,9,05:48,20:11,2025-05-12 18:44:11.240587,Città della Scienza,62.6,1.1485883,11.037683,0.7380383,0.8229295,EU EEA Common AQI,73.2,1.028662,9.96973,7200,1.1714286,100,100,63.0,0.96000004,Very Low,72.8,0.6067954,100,1747074600,Very Low,0.5904306,1.5800602,Very Low,1.2291867,59.3,1.9142857,100,1747074600,1.2
2025-05-12T18:44:22Z,20,29.879,73.2,59,66.1,0,3,300,77,0.0,255,32767,0.0,2127-15-31,0.0,0.16,26.24,0.0,0.0,0.0,0,4.828125,6,9,05:48,20:11,2025-05-12 18:44:22.292592,Città della Scienza,62.6,1.1485883,11.037683,0.7380383,0.8229295,EU EEA Common AQI,73.2,1.028662,9.96973,7200,1.1714286,100,100,63.0,0.96000004,Very Low,72.8,0.6067954,100,1747074600,Very Low,0.5904306,1.5800602,Very Low,1.2291867,59.3,1.9142857,100,1747074600,1.2
2025-05-12T18:44:33Z,20,29.879,73.2,59,66.0,0,3,297,77,0.0,255,32767,0.0,2127-15-31,0.0,0.16,26.24,0.0,0.0,0.0,0,4.828125,6,9,05:48,20:11,2025-05-12 18:44:33.360596,Città della Scienza,62.6,1.1485883,11.037683,0.7380383,0.8229295,EU EEA Common AQI,73.2,1.028662,9.96973,7200,1.1714286,100,100,63.0,0.96000004,Very Low,72.8,0.6067954,100,1747074600,Very Low,0.5904306,1.5800602,Very Low,1.2291867,59.3,1.9142857,100,1747074600,1.2
2025-05-12T18:44:44Z,20,29.878,73.2,59,66.1,2,3,278,77,0.0,255,32767,0.0,2127-15-31,0.0,0.16,26.24,0.0,0.0,0.0,0,4.828125,6,9,05:48,20:11,2025-05-12 18:44:44.456589,Città della Scienza,62.6,1.1485883,11.037683,0.7380383,0.8229295,EU EEA Common AQI,73.2,1.028662,9.96973,7200,1.1714286,100,100,63.0,0.96000004,Very Low,72.8,0.6067954,100,1747074600,Very Low,0.5904306,1.5800602,Very Low,1.2291867,59.3,1.9142857,100,1747074600,1.2
2025-05-12T18:44:55Z,20,29.878,73.2,59,66.0,2,3,264,77,0.0,255,32767,0.0,2127-15-31,0.0,0.16,26.24,0.0,0.0,0.0,0,4.828125,6,9,05:48,20:11,2025-05-12 18:44:55.489590,Città della Scienza,62.6,1.1485883,11.037683,0.7380383,0.8229295,EU EEA Common AQI,73.2,1.028662,9.96973,7200,1.1714286,100,100,63.0,0.96000004,Very Low,72.8,0.6067954,100,1747074600,Very Low,0.5904306,1.5800602,Very Low,1.2291867,59.3,1.9142857,100,1747074600,1.2
2025-05-12T18:45:06Z,20,29.878,73.2,59,66.1,1,3,265,77,0.0,255,32767,0.0,2127-15-31,0.0,0.16,26.24,0.0,0.0,0.0,0,4.828125,6,9,05:48,20:11,2025-05-12 18:45:06.596591,Città della Scienza,62.6,1.1485883,11.037683,0.7380383,0.8229295,EU EEA Common AQI,73.2,1.028662,9.96973,7200,1.1714286,100,100,63.0,0.96000004,Very Low,72.8,0.6067954,100,1747074600,Very Low,0.5904306,1.5800602,Very Low,1.2291867,59.3,1.9142857,100,1747074600,1.2
2025-05-12T18:45:17Z,20,29.878,73.2,59,66.1,1,3,265,77,0.0,255,32767,0.0,2127-15-31,0.0,0.16,26.24,0.0,0.0,0.0,0,4.828125,6,9,05:48,20:11,2025-05-12 18:45:17.684589,Città della Scienza,62.6,1.1485883,11.037683,0.7380383,0.8229295,EU EEA Common AQI,73.2,1.028662,9.96973,7200,1.1714286,100,100,63.0,0.96000004,Very Low,72.8,0.6067954,100,1747074600,Very Low,0.5904306,1.5800602,Very Low,1.2291867,59.3,1.9142857,100,1747074600,1.2
2025-05-12T18:45:29Z,20,29.878,73.2,59,66.0,0,3,265,77,0.0,255,32767,0.0,2127-15-31,0.0,0.16,26.24,0.0,0.0,0.0,0,4.828125,6,9,05:48,20:11,2025-05-12 18:45:28.799598,Città della Scienza,63.5,1.1885619,11.012338,0.86767167,0.8221585,EU EEA Common AQI,72.4,1.0276982,9.945454,7200,1.2173913,100,100,62.8,0.99710137,Very Low,72.2,0.642897,100,1747075500,Very Low,0.6941373,1.5551131,Very Low,1.3228045,59.1,1.9130435,100,1747075500,1.2463768
2025-05-12T18:45:40Z,20,29.878,73.2,59,66.0,0,3,265,77,0.0,255,32767,0.0,2127-15-31,0.0,0.16,26.24,0.0,0.0,0.0,0,4.828125,6,9,05:48,20:11,2025-05-12 18:45:39.882555,Città della Scienza,63.5,1.1885619,11.012338,0.86767167,0.8221585,EU EEA Common AQI,72.4,1.0276982,9.945454,7200,1.2173913,100,100,62.8,0.99710137,Very Low,72.2,0.642897,100,1747075500,Very Low,0.6941373,1.5551131,Very Low,1.3228045,59.1,1.9130435,100,1747075500,1.2463768
2025-05-12T18:45:51Z,20,29.878,73.2,59,66.1,1,3,266,77,0.0,255,32767,0.0,2127-15-31,0.0,0.16,26.24,0.0,0.0,0.0,0,4.828125,6,9,05:48,20:11,2025-05-12 18:45:50.971605,Città della Scienza,63.5,1.1885619,11.012338,0.86767167,0.8221585,EU EEA Common AQI,72.4,1.0276982,9.945454,7200,1.2173913,100,100,62.8,0.99710137,Very Low,72.2,0.642897,100,1747075500,Very Low,0.6941373,1.5551131,Very Low,1.3228045,59.1,1.9130435,100,1747075500,1.2463768
2025-05-12T18:46:02Z,20,29.878,73.2,59,66.0,2,3,262,77,0.0,255,32767,0.0,2127-15-31,0.0,0.16,26.24,0.0,0.0,0.0,0,4.828125,6,9,05:48,20:11,2025-05-12 18:46:02.022595,Città della Scienza,63.5,1.1885619,11.012338,0.86767167,0.8221585,EU EEA Common AQI,72.4,1.0276982,9.945454,7200,1.2173913,100,100,62.8,0.99710137,Very Low,72.2,0.642897,100,1747075500,Very Low,0.6941373,1.5551131,Very Low,1.3228045,59.1,1.9130435,100,1747075500,1.2463768
2025-05-12T18:46:13Z,20,29.878,73.2,59,66.0,2,3,248,77,0.0,255,32767,0.0,2127-15-31,0.0,0.16,26.24,0.0,0.0,0.0,0,4.828125,6,9,05:48,20:11,2025-05-12 18:46:13.140598,Città della Scienza,63.5,1.1885619,11.012338,0.86767167,0.8221585,EU EEA Common AQI,72.4,1.0276982,9.945454,7200,1.2173913,100,100,62.8,0.99710137,Very Low,72.2,0.642897,100,1747075500,Very Low,0.6941373,1.5551131,Very Low,1.3228045,59.1,1.9130435,100,1747075500,1.2463768
2025-05-12T18:46:24Z,20,29.878,73.2,59,66.0,3,3,283,77,0.0,255,32767,0.0,2127-15-31,0.0,0.16,26.24,0.0,0.0,0.0,0,4.828125,6,9,05:48,20:11,2025-05-12 18:46:24.210592,Città della Scienza,63.5,1.1885619,11.012338,0.86767167,0.8221585,EU EEA Common AQI,72.4,1.0276982,9.945454,7200,1.2173913,100,100,62.8,0.99710137,Very Low,72.2,0.642897,100,1747075500,Very Low,0.6941373,1.5551131,Very Low,1.3228045,59.1,1.9130435,100,1747075500,1.2463768
2025-05-12T18:46:35Z,20,29.879,73.2,59,66.0,4,3,278,77,0.0,255,32767,0.0,2127-15-31,0.0,0.16,26.24,0.0,0.0,0.0,0,4.828125,6,9,05:48,20:11,2025-05-12 18:46:35.302593,Città della Scienza,63.5,1.1885619,11.012338,0.86767167,0.8221585,EU EEA Common AQI,72.4,1.0276982,9.945454,7200,1.2173913,100,100,62.8,0.99710137,Very Low,72.2,0.642897,100,1747075500,Very Low,0.6941373,1.5551131,Very Low,1.3228045,59.1,1.9130435,100,1747075500,1.2463768
2025-05-12T18:46:46Z,20,29.879,73.2,59,66.0,3,3,274,77,0.0,255,32767,0.0,2127-15-31,0.0,0.16,26.24,0.0,0.0,0.0,0,4.828125,6,9,05:48,20:11,2025-05-12 18:46:46.374589,Città della Scienza,63.5,1.1885619,11.012338,0.86767167,0.8221585,EU EEA Common AQI,72.4,1.0276982,9.945454,7200,1.2173913,100,100,62.8,0.99710137,Very Low,72.2,0.642897,100,1747075500,Very Low,0.6941373,1.5551131,Very Low,1.3228045,59.1,1.9130435,100,1747075500,1.2463768
2025-05-12T18:46:57Z,20,29.879,73.2,59,66.0,2,3,273,77,0.0,255,32767,0.0,2127-15-31,0.0,0.16,26.24,0.0,0.0,0.0,0,4.828125,6,9,05:48,20:11,2025-05-12 18:46:57.468587,Città della Scienza,63.5,1.1885619,11.012338,0.86767167,0.8221585,EU EEA Common AQI,72.4,1.0276982,9.945454,7200,1.2173913,100,100,62.8,0.99710137,Very Low,72.2,0.642897,100,1747075500,Very Low,0.6941373,1.5551131,Very Low,1.3228045,59.1,1.9130435,100,1747075500,1.2463768
2025-05-12T18:47:08Z,20,29.879,73.2,59,66.0,3,3,248,77,0.0,255,32767,0.0,2127-15-31,0.0,0.16,26.24,0.0,0.0,0.0,0,4.828125,6,9,05:48,20:11,2025-05-12 18:47:08.548593,Città della Scienza,63.5,1.1885619,11.012338,0.86767167,0.8221585,EU EEA Common AQI,72.4,1.0276982,9.945454,7200,1.2173913,100,100,62.8,0.99710137,Very Low,72.2,0.642897,100,1747075500,Very Low,0.6941373,1.5551131,Very Low,1.3228045,59.1,1.9130435,100,1747075500,1.2463768
2025-05-12T18:47:19Z,20,29.879,73.2,59,66.0,3,3,264,77,0.0,255,32767,0.0,2127-15-31,0.0,0.16,26.24,0.0,0.0,0.0,0,4.828125,6,9,05:48,20:11,2025-05-12 18:47:19.612612,Città della Scienza,63.5,1.1885619,11.012338,0.86767167,0.8221585,EU EEA Common AQI,72.4,1.0276982,9.945454,7200,1.2173913,100,100,62.8,0.99710137,Very Low,72.2,0.642897,100,1747075500,Very Low,0.6941373,1.5551131,Very Low,1.3228045,59.1,1.9130435,100,1747075500,1.2463768
2025-05-12T18:47:30Z,20,29.879,73.2,59,66.0,3,3,267,77,0.0,255,32767,0.0,2127-15-31,0.0,0.16,26.24,0.0,0.0,0.0,0,4.828125,6,9,05:48,20:11,2025-05-12 18:47:30.722586,Città della Scienza,63.5,1.1885619,11.012338,0.86767167,0.8221585,EU EEA Common AQI,72.4,1.0276982,9.945454,7200,1.2173913,100,100,62.8,0.99710137,Very Low,72.2,0.642897,100,1747075500,Very Low,0.6941373,1.5551131,Very Low,1.3228045,59.1,1.9130435,100,1747075500,1.2463768
2025-05-12T18:47:42Z,20,29.879,73.2,59,66.0,2,3,276,77,0.0,255,32767,0.0,2127-15-31,0.0,0.16,26.24,0.0,0.0,0.0,0,4.828125,6,9,05:48,20:11,2025-05-12 18:47:41.839592,Città della Scienza,63.5,1.1885619,11.012338,0.86767167,0.8221585,EU EEA Common AQI,72.4,1.0276982,9.945454,7200,1.2173913,100,100,62.8,0.99710137,Very Low,72.2,0.642897,100,1747075500,Very Low,0.6941373,1.5551131,Very Low,1.3228045,59.1,1.9130435,100,1747075500,1.2463768
2025-05-12T18:47:53Z,20,29.879,73.2,59,66.0,2,3,286,77,0.0,255,32767,0.0,2127-15-31,0.0,0.16,26.24,0.0,0.0,0.0,0,4.828125,6,9,05:48,20:11,2025-05-12 18:47:52.918600,Città della Scienza,63.5,1.1885619,11.012338,0.86767167,0.8221585,EU EEA Common AQI,72.4,1.0276982,9.945454,7200,1.2173913,100,100,62.8,0.99710137,Very Low,72.2,0.642897,100,1747075500,Very Low,0.6941373,1.5551131,Very Low,1.3228045,59.1,1.9130435,100,1747075500,1.2463768
2025-05-12T18:48:04Z,20,29.879,73.2,59,66.0,2,3,277,77,0.0,255,32767,0.0,2127-15-31,0.0,0.16,26.24,0.0,0.0,0.0,0,4.828125,6,9,05:48,20:11,2025-05-12 18:48:03.998590,Città della Scienza,63.5,1.1885619,11.012338,0.86767167,0.8221585,EU EEA Common AQI,72.4,1.0276982,9.945454,7200,1.2173913,100,100,62.8,0.99710137,Very Low,72.2,0.642897,100,1747075500,Very Low,0.6941373,1.5551131,Very Low,1.3228045,59.1,1.9130435,100,1747075500,1.2463768
2025-05-12T18:48:15Z,20,29.879,73.2,59,66.0,2,3,279,77,0.0,255,32767,0.0,2127-15-31,0.0,0.16,26.24,0.0,0.0,0.0,0,4.828125,6,9,05:48,20:11,2025-05-12 18:48:15.331591,Città della Scienza,63.5,1.1885619,11.012338,0.86767167,0.8221585,EU EEA Common AQI,72.4,1.0276982,9.945454,7200,1.2173913,100,100,62.8,0.99710137,Very Low,72.2,0.642897,100,1747075500,Very Low,0.6941373,1.5551131,Very Low,1.3228045,59.1,1.9130435,100,1747075500,1.2463768
2025-05-12T18:48:26Z,20,29.879,73.2,59,65.9,2,3,296,77,0.0,255,32767,0.0,2127-15-31,0.0,0.16,26.24,0.0,0.0,0.0,0,4.828125,6,9,05:48,20:11,2025-05-12 18:48:26.412591,Città della Scienza,63.5,1.1885619,11.012338,0.86767167,0.8221585,EU EEA Common AQI,72.4,1.0276982,9.945454,7200,1.2173913,100,100,62.8,0.99710137,Very Low,72.2,0.642897,100,1747075500,Very Low,0.6941373,1.5551131,Very Low,1.3228045,59.1,1.9130435,100,1747075500,1.2463768
2025-05-12T18:48:37Z,20,29.879,73.2,59,66.0,3,3,275,77,0.0,255,32767,0.0,2127-15-31,0.0,0.16,26.24,0.0,0.0,0.0,0,4.828125,6,9,05:48,20:11,2025-05-12 18:48:37.467589,Città della Scienza,63.5,1.1885619,11.012338,0.86767167,0.8221585,EU EEA Common AQI,72.4,1.0276982,9.945454,7200,1.2173913,100,100,62.8,0.99710137,Very Low,72.2,0.642897,100,1747075500,Very Low,0.6941373,1.5551131,Very Low,1.3228045,59.1,1.9130435,100,1747075500,1.2463768
2025-05-12T18:48:48Z,20,29.879,73.2,59,66.0,2,3,288,77,0.0,255,32767,0.0,2127-15-31,0.0,0.16,26.24,0.0,0.0,0.0,0,4.828125,6,9,05:48,20:11,2025-05-12 18:48:48.580593,Città della Scienza,63.5,1.1885619,11.012338,0.86767167,0.8221585,EU EEA Common AQI,72.4,1.0276982,9.945454,7200,1.2173913,100,100,62.8,0.99710137,Very Low,72.2,0.642897,100,1747075500,Very Low,0.6941373,1.5551131,Very Low,1.3228045,59.1,1.9130435,100,1747075500,1.2463768
2025-05-12T18:48:59Z,20,29.879,73.2,59,66.0,3,3,284,77,0.0,255,32767,0.0,2127-15-31,0.0,0.16,26.24,0.0,0.0,0.0,0,4.828125,6,9,05:48,20:11,2025-05-12 18:48:59.663611,Città della Scienza,63.5,1.1885619,11.012338,0.86767167,0.8221585,EU EEA Common AQI,72.4,1.0276982,9.945454,7200,1.2173913,100,100,62.8,0.99710137,Very Low,72.2,0.642897,100,1747075500,Very Low,0.6941373,1.5551131,Very Low,1.3228045,59.1,1.9130435,100,1747075500,1.2463768
2025-05-12T18:49:10Z,20,29.879,73.2,59,66.0,4,3,281,77,0.0,255,32767,0.0,2127-15-31,0.0,0.16,26.24,0.0,0.0,0.0,0,4.828125,6,9,05:48,20:11,2025-05-12 18:49:10.767596,Città della Scienza,63.5,1.1885619,11.012338,0.86767167,0.8221585,EU EEA Common AQI,72.4,1.0276982,9.945454,7200,1.2173913,100,100,62.8,0.99710137,Very Low,72.2,0.642897,100,1747075500,Very Low,0.6941373,1.5551131,Very Low,1.3228045,59.1,1.9130435,100,1747075500,1.2463768
2025-05-12T18:49:22Z,20,29.879,73.2,59,65.9,3,3,277,77,0.0,255,32767,0.0,2127-15-31,0.0,0.16,26.24,0.0,0.0,0.0,0,4.828125,6,9,05:48,20:11,2025-05-12 18:49:21.826612,Città della Scienza,63.5,1.1885619,11.012338,0.86767167,0.8221585,EU EEA Common AQI,72.4,1.0276982,9.945454,7200,1.2173913,100,100,62.8,0.99710137,Very Low,72.2,0.642897,100,1747075500,Very Low,0.6941373,1.5551131,Very Low,1.3228045,59.1,1.9130435,100,1747075500,1.2463768
2025-05-12T18:49:33Z,20,29.879,73.2,59,65.9,4,3,276,77,0.0,255,32767,0.0,2127-15-31,0.0,0.16,26.24,0.0,0.0,0.0,0,4.828125,6,9,05:48,20:11,2025-05-12 18:49:32.935615,Città della Scienza,63.5,1.1885619,11.012338,0.86767167,0.8221585,EU EEA Common AQI,72.4,1.0276982,9.945454,7200,1.2173913,100,100,62.8,0.99710137,Very Low,72.2,0.642897,100,1747075500,Very Low,0.6941373,1.5551131,Very Low,1.3228045,59.1,1.9130435,100,1747075500,1.2463768
2025-05-12T18:49:44Z,20,29.878,73.2,59,65.9,3,3,271,77,0.0,255,32767,0.0,2127-15-31,0.0,0.16,26.24,0.0,0.0,0.0,0,4.828125,6,9,05:48,20:11,2025-05-12 18:49:43.980594,Città della Scienza,63.5,1.1885619,11.012338,0.86767167,0.8221585,EU EEA Common AQI,72.4,1.0276982,9.945454,7200,1.2173913,100,100,62.8,0.99710137,Very Low,72.2,0.642897,100,1747075500,Very Low,0.6941373,1.5551131,Very Low,1.3228045,59.1,1.9130435,100,1747075500,1.2463768
2025-05-12T18:49:55Z,20,29.878,73.2,59,65.9,3,3,273,77,0.0,255,32767,0.0,2127-15-31,0.0,0.16,26.24,0.0,0.0,0.0,0,4.828125,6,9,05:48,20:11,2025-05-12 18:49:55.043552,Città della Scienza,63.5,1.1885619,11.012338,0.86767167,0.8221585,EU EEA Common AQI,72.4,1.0276982,9.945454,7200,1.2173913,100,100,62.8,0.99710137,Very Low,72.2,0.642897,100,1747075500,Very Low,0.6941373,1.5551131,Very Low,1.3228045,59.1,1.9130435,100,1747075500,1.2463768
2025-05-12T18:50:06Z,20,29.878,73.2,59,65.9,1,3,273,77,0.0,255,32767,0.0,2127-15-31,0.0,0.16,26.24,0.0,0.0,0.0,0,4.828125,6,9,05:48,20:11,2025-05-12 18:50:06.176585,Città della Scienza,63.5,1.1885619,11.012338,0.86767167,0.8221585,EU EEA Common AQI,72.4,1.0276982,9.945454,7200,1.2173913,100,100,62.8,0.99710137,Very Low,72.2,0.642897,100,1747075500,Very Low,0.6941373,1.5551131,Very Low,1.3228045,59.1,1.9130435,100,1747075500,1.2463768
2025-05-12T18:50:17Z,20,29.878,73.2,59,65.9,0,3,273,77,0.0,255,32767,0.0,2127-15-31,0.0,0.16,26.24,0.0,0.0,0.0,0,4.828125,6,9,05:48,20:11,2025-05-12 18:50:17.286587,Città della Scienza,63.5,1.1885619,11.012338,0.86767167,0.8221585,EU EEA Common AQI,72.4,1.0276982,9.945454,7200,1.2173913,100,100,62.8,0.99710137,Very Low,72.2,0.642897,100,1747075500,Very Low,0.6941373,1.5551131,Very Low,1.3228045,59.1,1.9130435,100,1747075500,1.2463768
2025-05-12T18:50:28Z,20,29.878,73.2,59,65.9,1,3,273,77,0.0,255,32767,0.0,2127-15-31,0.0,0.16,26.24,0.0,0.0,0.0,0,4.828125,6,9,05:48,20:11,2025-05-12 18:50:28.394594,Città della Scienza,63.5,1.1885619,11.012338,0.86767167,0.8221585,EU EEA Common AQI,72.4,1.0276982,9.945454,7200,1.2173913,100,100,62.8,0.99710137,Very Low,72.2,0.642897,100,1747075500,Very Low,0.6941373,1.5551131,Very Low,1.3228045,59.1,1.9130435,100,1747075500,1.2463768
2025-05-12T18:50:39Z,20,29.879,73.2,59,65.9,1,3,279,77,0.0,255,32767,0.0,2127-15-31,0.0,0.16,26.24,0.0,0.0,0.0,0,4.828125,6,9,05:48,20:11,2025-05-12 18:50:39.511589,Città della Scienza,63.5,1.1885619,11.012338,0.86767167,0.8221585,EU EEA Common AQI,72.4,1.0276982,9.945454,7200,1.2173913,100,100,62.8,0.99710137,Very Low,72.2,0.642897,100,1747075500,Very Low,0.6941373,1.5551131,Very Low,1.3228045,59.1,1.9130435,100,1747075500,1.2463768
2025-05-12T18:50:50Z,20,29.879,73.2,59,65.9,2,3,283,77,0.0,255,32767,0.0,2127-15-31,0.0,0.16,26.24,0.0,0.0,0.0,0,4.828125,6,9,05:48,20:11,2025-05-12 18:50:50.580584,Città della Scienza,63.5,1.1885619,11.012338,0.86767167,0.8221585,EU EEA Common AQI,72.4,1.0276982,9.945454,7200,1.2173913,100,100,62.8,0.99710137,Very Low,72.2,0.642897,100,1747075500,Very Low,0.6941373,1.5551131,Very Low,1.3228045,59.1,1.9130435,100,1747075500,1.2463768
2025-05-12T18:51:01Z,20,29.879,73.2,59,65.9,2,3,290,77,0.0,255,32767,0.0,2127-15-31,0.0,0.16,26.24,0.0,0.0,0.0,0,4.828125,6,9,05:48,20:11,2025-05-12 18:51:01.661586,Città della Scienza,63.5,1.1885619,11.012338,0.86767167,0.8221585,EU EEA Common AQI,72.4,1.0276982,9.945454,7200,1.2173913,100,100,62.8,0.99710137,Very Low,72.2,0.642897,100,1747075500,Very Low,0.6941373,1.5551131,Very Low,1.3228045,59.1,1.9130435,100,1747075500,1.2463768
2025-05-12T18:51:12Z,20,29.879,73.2,59,65.9,0,3,289,77,0.0,255,32767,0.0,2127-15-31,0.0,0.16,26.24,0.0,0.0,0.0,0,4.828125,6,9,05:48,20:11,2025-05-12 18:51:12.741593,Città della Scienza,63.5,1.1885619,11.012338,0.86767167,0.8221585,EU EEA Common AQI,72.4,1.0276982,9.945454,7200,1.2173913,100,100,62.8,0.99710137,Very Low,72.2,0.642897,100,1747075500,Very Low,0.6941373,1.5551131,Very Low,1.3228045,59.1,1.9130435,100,1747075500,1.2463768
2025-05-12T18:51:24Z,20,29.879,73.2,59,65.9,1,3,292,77,0.0,255,32767,0.0,2127-15-31,0.0,0.16,26.24,0.0,0.0,0.0,0,4.828125,6,9,05:48,20:11,2025-05-12 18:51:23.821600,Città della Scienza,63.5,1.1885619,11.012338,0.86767167,0.8221585,EU EEA Common AQI,72.4,1.0276982,9.945454,7200,1.2173913,100,100,62.8,0.99710137,Very Low,72.2,0.642897,100,1747075500,Very Low,0.6941373,1.5551131,Very Low,1.3228045,59.1,1.9130435,100,1747075500,1.2463768
2025-05-12T18:51:35Z,20,29.878,73.2,59,65.9,3,2,290,77,0.0,255,32767,0.0,2127-15-31,0.0,0.16,26.24,0.0,0.0,0.0,0,4.828125,6,9,05:48,20:11,2025-05-12 18:51:34.901591,Città della Scienza,63.5,1.1885619,11.012338,0.86767167,0.8221585,EU EEA Common AQI,72.4,1.0276982,9.945454,7200,1.2173913,100,100,62.8,0.99710137,Very Low,72.2,0.642897,100,1747075500,Very Low,0.6941373,1.5551131,Very Low,1.3228045,59.1,1.9130435,100,1747075500,1.2463768
2025-05-12T18:51:46Z,20,29.878,73.2,59,65.9,3,2,273,77,0.0,255,32767,0.0,2127-15-31,0.0,0.16,26.24,0.0,0.0,0.0,0,4.828125,6,9,05:48,20:11,2025-05-12 18:51:45.963594,Città della Scienza,63.5,1.1885619,11.012338,0.86767167,0.8221585,EU EEA Common AQI,72.4,1.0276982,9.945454,7200,1.2173913,100,100,62.8,0.99710137,Very Low,72.2,0.642897,100,1747075500,Very Low,0.6941373,1.5551131,Very Low,1.3228045,59.1,1.9130435,100,1747075500,1.2463768
2025-05-12T18:51:57Z,20,29.878,73.2,59,65.9,3,2,279,77,0.0,255,32767,0.0,2127-15-31,0.0,0.16,26.24,0.0,0.0,0.0,0,4.828125,6,9,05:48,20:11,2025-05-12 18:51:57.120617,Città della Scienza,63.5,1.1885619,11.012338,0.86767167,0.8221585,EU EEA Common AQI,72.4,1.0276982,9.945454,7200,1.2173913,100,100,62.8,0.99710137,Very Low,72.2,0.642897,100,1747075500,Very Low,0.6941373,1.5551131,Very Low,1.3228045,59.1,1.9130435,100,1747075500,1.2463768
2025-05-12T18:52:08Z,20,29.878,73.2,59,65.9,1,2,278,77,0.0,255,32767,0.0,2127-15-31,0.0,0.16,26.24,0.0,0.0,0.0,0,4.828125,6,9,05:48,20:11,2025-05-12 18:52:08.175590,Città della Scienza,63.5,1.1885619,11.012338,0.86767167,0.8221585,EU EEA Common AQI,72.4,1.0276982,9.945454,7200,1.2173913,100,100,62.8,0.99710137,Very Low,72.2,0.642897,100,1747075500,Very Low,0.6941373,1.5551131,Very Low,1.3228045,59.1,1.9130435,100,1747075500,1.2463768
2025-05-12T18:52:19Z,20,29.878,73.2,59,65.8,1,2,278,77,0.0,255,32767,0.0,2127-15-31,0.0,0.16,26.24,0.0,0.0,0.0,0,4.828125,6,9,05:48,20:11,2025-05-12 18:52:19.276593,Città della Scienza,63.5,1.1885619,11.012338,0.86767167,0.8221585,EU EEA Common AQI,72.4,1.0276982,9.945454,7200,1.2173913,100,100,62.8,0.99710137,Very Low,72.2,0.642897,100,1747075500,Very Low,0.6941373,1.5551131,Very Low,1.3228045,59.1,1.9130435,100,1747075500,1.2463768
2025-05-12T18:52:30Z,20,29.878,73.2,59,65.9,0,2,278,77,0.0,255,32767,0.0,2127-15-31,0.0,0.16,26.24,0.0,0.0,0.0,0,4.828125,6,9,05:48,20:11,2025-05-12 18:52:30.371594,Città della Scienza,63.5,1.1885619,11.012338,0.86767167,0.8221585,EU EEA Common AQI,72.4,1.0276982,9.945454,7200,1.2173913,100,100,62.8,0.99710137,Very Low,72.2,0.642897,100,1747075500,Very Low,0.6941373,1.5551131,Very Low,1.3228045,59.1,1.9130435,100,1747075500,1.2463768
2025-05-12T18:52:41Z,20,29.879,73.3,59,65.9,2,2,278,77,0.0,255,32767,0.0,2127-15-31,0.0,0.16,26.24,0.0,0.0,0.0,0,4.828125,6,9,05:48,20:11,2025-05-12 18:52:41.425596,Città della Scienza,63.5,1.1885619,11.012338,0.86767167,0.8221585,EU EEA Common AQI,72.4,1.0276982,9.945454,7200,1.2173913,100,100,62.8,0.99710137,Very Low,72.2,0.642897,100,1747075500,Very Low,0.6941373,1.5551131,Very Low,1.3228045,59.1,1.9130435,100,1747075500,1.2463768
2025-05-12T18:52:52Z,20,29.879,73.3,59,65.9,1,2,278,77,0.0,255,32767,0.0,2127-15-31,0.0,0.16,26.24,0.0,0.0,0.0,0,4.828125,6,9,05:48,20:11,2025-05-12 18:52:52.469588,Città della Scienza,63.5,1.1885619,11.012338,0.86767167,0.8221585,EU EEA Common AQI,72.4,1.0276982,9.945454,7200,1.2173913,100,100,62.8,0.99710137,Very Low,72.2,0.642897,100,1747075500,Very Low,0.6941373,1.5551131,Very Low,1.3228045,59.1,1.9130435,100,1747075500,1.2463768
2025-05-12T18:53:03Z,20,29.879,73.3,59,65.8,0,2,278,77,0.0,255,32767,0.0,2127-15-31,0.0,0.16,26.24,0.0,0.0,0.0,0,4.828125,6,9,05:48,20:11,2025-05-12 18:53:03.542556,Città della Scienza,63.5,1.1885619,11.012338,0.86767167,0.8221585,EU EEA Common AQI,72.4,1.0276982,9.945454,7200,1.2173913,100,100,62.8,0.99710137,Very Low,72.2,0.642897,100,1747075500,Very Low,0.6941373,1.5551131,Very Low,1.3228045,59.1,1.9130435,100,1747075500,1.2463768
2025-05-12T18:53:14Z,20,29.879,73.3,59,65.8,0,2,278,77,0.0,255,32767,0.0,2127-15-31,0.0,0.16,26.24,0.0,0.0,0.0,0,4.828125,6,9,05:48,20:11,2025-05-12 18:53:14.603600,Città della Scienza,63.5,1.1885619,11.012338,0.86767167,0.8221585,EU EEA Common AQI,72.4,1.0276982,9.945454,7200,1.2173913,100,100,62.8,0.99710137,Very Low,72.2,0.642897,100,1747075500,Very Low,0.6941373,1.5551131,Very Low,1.3228045,59.1,1.9130435,100,1747075500,1.2463768
2025-05-12T18:53:25Z,20,29.879,73.3,59,65.9,0,2,278,77,0.0,255,32767,0.0,2127-15-31,0.0,0.16,26.24,0.0,0.0,0.0,0,4.828125,6,9,05:48,20:11,2025-05-12 18:53:25.660601,Città della Scienza,63.5,1.1885619,11.012338,0.86767167,0.8221585,EU EEA Common AQI,72.4,1.0276982,9.945454,7200,1.2173913,100,100,62.8,0.99710137,Very Low,72.2,0.642897,100,1747075500,Very Low,0.6941373,1.5551131,Very Low,1.3228045,59.1,1.9130435,100,1747075500,1.2463768
2025-05-12T18:53:36Z,20,29.879,73.3,59,65.9,2,2,310,77,0.0,255,32767,0.0,2127-15-31,0.0,0.16,26.24,0.0,0.0,0.0,0,4.828125,6,9,05:48,20:11,2025-05-12 18:53:36.716592,Città della Scienza,63.5,1.1885619,11.012338,0.86767167,0.8221585,EU EEA Common AQI,72.4,1.0276982,9.945454,7200,1.2173913,100,100,62.8,0.99710137,Very Low,72.2,0.642897,100,1747075500,Very Low,0.6941373,1.5551131,Very Low,1.3228045,59.1,1.9130435,100,1747075500,1.2463768
2025-05-12T18:53:48Z,20,29.879,73.3,59,65.9,1,2,288,77,0.0,255,32767,0.0,2127-15-31,0.0,0.16,26.24,0.0,0.0,0.0,0,4.828125,6,9,05:48,20:11,2025-05-12 18:53:47.805593,Città della Scienza,63.5,1.1885619,11.012338,0.86767167,0.8221585,EU EEA Common AQI,72.4,1.0276982,9.945454,7200,1.2173913,100,100,62.8,0.99710137,Very Low,72.2,0.642897,100,1747075500,Very Low,0.6941373,1.5551131,Very Low,1.3228045,59.1,1.9130435,100,1747075500,1.2463768
2025-05-12T18:53:59Z,20,29.879,73.3,59,65.8,1,2,288,77,0.0,255,32767,0.0,2127-15-31,0.0,0.16,26.24,0.0,0.0,0.0,0,4.828125,6,9,05:48,20:11,2025-05-12 18:53:58.874597,Città della Scienza,63.5,1.1885619,11.012338,0.86767167,0.8221585,EU EEA Common AQI,72.4,1.0276982,9.945454,7200,1.2173913,100,100,62.8,0.99710137,Very Low,72.2,0.642897,100,1747075500,Very Low,0.6941373,1.5551131,Very Low,1.3228045,59.1,1.9130435,100,1747075500,1.2463768
2025-05-12T18:54:10Z,20,29.879,73.3,59,65.8,1,2,272,77,0.0,255,32767,0.0,2127-15-31,0.0,0.16,26.24,0.0,0.0,0.0,0,4.828125,6,9,05:48,20:11,2025-05-12 18:54:09.991592,Città della Scienza,63.5,1.1885619,11.012338,0.86767167,0.8221585,EU EEA Common AQI,72.4,1.0276982,9.945454,7200,1.2173913,100,100,62.8,0.99710137,Very Low,72.2,0.642897,100,1747075500,Very Low,0.6941373,1.5551131,Very Low,1.3228045,59.1,1.9130435,100,1747075500,1.2463768
2025-05-12T18:54:21Z,20,29.879,73.3,59,65.8,2,2,291,77,0.0,255,32767,0.0,2127-15-31,0.0,0.16,26.24,0.0,0.0,0.0,0,4.828125,6,9,05:48,20:11,2025-05-12 18:54:21.099553,Città della Scienza,63.5,1.1885619,11.012338,0.86767167,0.8221585,EU EEA Common AQI,72.4,1.0276982,9.945454,7200,1.2173913,100,100,62.8,0.99710137,Very Low,72.2,0.642897,100,1747075500,Very Low,0.6941373,1.5551131,Very Low,1.3228045,59.1,1.9130435,100,1747075500,1.2463768
2025-05-12T18:54:32Z,20,29.879,73.3,59,65.8,4,2,292,77,0.0,255,32767,0.0,2127-15-31,0.0,0.16,26.24,0.0,0.0,0.0,0,4.828125,6,9,05:48,20:11,2025-05-12 18:54:32.184593,Città della Scienza,63.5,1.1885619,11.012338,0.86767167,0.8221585,EU EEA Common AQI,72.4,1.0276982,9.945454,7200,1.2173913,100,100,62.8,0.99710137,Very Low,72.2,0.642897,100,1747075500,Very Low,0.6941373,1.5551131,Very Low,1.3228045,59.1,1.9130435,100,1747075500,1.2463768
2025-05-12T18:54:43Z,20,29.879,73.3,59,65.8,4,2,288,77,0.0,255,32767,0.0,2127-15-31,0.0,0.16,26.24,0.0,0.0,0.0,0,4.828125,6,9,05:48,20:11,2025-05-12 18:54:43.278590,Città della Scienza,63.5,1.1885619,11.012338,0.86767167,0.8221585,EU EEA Common AQI,72.4,1.0276982,9.945454,7200,1.2173913,100,100,62.8,0.99710137,Very Low,72.2,0.642897,100,1747075500,Very Low,0.6941373,1.5551131,Very Low,1.3228045,59.1,1.9130435,100,1747075500,1.2463768
2025-05-12T18:54:54Z,20,29.879,73.3,59,65.8,2,2,271,77,0.0,255,32767,0.0,2127-15-31,0.0,0.16,26.24,0.0,0.0,0.0,0,4.828125,6,9,05:48,20:11,2025-05-12 18:54:54.375594,Città della Scienza
2025-05-12T18:55:05Z,20,29.879,73.3,59,65.9,2,2,282,77,0.0,255,32767,0.0,2127-15-31,0.0,0.16,26.24,0.0,0.0,0.0,0,4.828125,6,9,05:48,20:11,2025-05-12 18:55:05.435592,Città della Scienza
2025-05-12T18:55:16Z,20,29.879,73.3,59,65.8,2,2,282,77,0.0,255,32767,0.0,2127-15-31,0.0,0.16,26.24,0.0,0.0,0.0,0,4.828125,6,9,05:48,20:11,2025-05-12 18:55:16.493549,Città della Scienza
2025-05-12T18:55:27Z,20,29.879,73.3,59,65.8,1,2,282,77,0.0,255,32767,0.0,2127-15-31,0.0,0.16,26.24,0.0,0.0,0.0,0,4.828125,6,9,05:48,20:11,2025-05-12 18:55:27.588612,Città della Scienza
2025-05-12T18:55:38Z,20,29.88,73.3,59,65.8,1,2,282,77,0.0,255,32767,0.0,2127-15-31,0.0,0.16,26.24,0.0,0.0,0.0,0,4.828125,6,9,05:48,20:11,2025-05-12 18:55:38.644583,Città della Scienza
2025-05-12T18:55:49Z,20,29.88,73.3,59,65.8,1,2,282,77,0.0,255,32767,0.0,2127-15-31,0.0,0.16,26.24,0.0,0.0,0.0,0,4.828125,6,9,05:48,20:11,2025-05-12 18:55:49.691594,Città della Scienza
2025-05-12T18:56:00Z,20,29.88,73.3,59,65.8,2,2,263,77,0.0,255,32767,0.0,2127-15-31,0.0,0.16,26.24,0.0,0.0,0.0,0,4.828125,6,9,05:48,20:11,2025-05-12 18:56:00.789592,Città della Scienza
2025-05-12T18:56:12Z,20,29.88,73.3,59,65.8,4,2,271,77,0.0,255,32767,0.0,2127-15-31,0.0,0.16,26.24,0.0,0.0,0.0,0,4.828125,6,9,05:48,20:11,2025-05-12 18:56:11.817993,Città della Scienza
2025-05-12T18:56:23Z,20,29.88,73.3,59,65.8,2,2,271,77,0.0,255,32767,0.0,2127-15-31,0.0,0.16,26.24,0.0,0.0,0.0,0,4.828125,6,9,05:48,20:11,2025-05-12 18:56:22.932593,Città della Scienza
2025-05-12T18:56:34Z,20,29.878,73.3,59,65.8,3,2,267,77,0.0,255,32767,0.0,2127-15-31,0.0,0.16,26.24,0.0,0.0,0.0,0,4.828125,6,9,05:48,20:11,2025-05-12 18:56:34.054595,Città della Scienza
2025-05-12T18:56:45Z,20,29.878,73.3,59,65.8,2,2,280,77,0.0,255,32767,0.0,2127-15-31,0.0,0.16,26.24,0.0,0.0,0.0,0,4.828125,6,9,05:48,20:11,2025-05-12 18:56:45.157568,Città della Scienza
2025-05-12T18:56:56Z,20,29.878,73.3,59,65.8,2,2,279,77,0.0,255,32767,0.0,2127-15-31,0.0,0.16,26.24,0.0,0.0,0.0,0,4.828125,6,9,05:48,20:11,2025-05-12 18:56:56.231610,Città della Scienza
2025-05-12T18:57:07Z,20,29.878,73.3,59,65.8,1,2,282,77,0.0,255,32767,0.0,2127-15-31,0.0,0.16,26.24,0.0,0.0,0.0,0,4.828125,6,9,05:48,20:11,2025-05-12 18:57:07.300603,Città della Scienza
2025-05-12T18:57:18Z,20,29.878,73.3,59,65.8,2,2,288,77,0.0,255,32767,0.0,2127-15-31,0.0,0.16,26.24,0.0,0.0,0.0,0,4.828125,6,9,05:48,20:11,2025-05-12 18:57:18.361597,Città della Scienza
2025-05-12T18:57:29Z,20,29.878,73.3,59,65.8,2,2,283,77,0.0,255,32767,0.0,2127-15-31,0.0,0.16,26.24,0.0,0.0,0.0,0,4.828125,6,9,05:48,20:11,2025-05-12 18:57:29.402594,Città della Scienza
2025-05-12T18:57:40Z,20,29.879,73.3,59,65.8,3,2,267,77,0.0,255,32767,0.0,2127-15-31,0.0,0.16,26.24,0.0,0.0,0.0,0,4.828125,6,9,05:48,20:11,2025-05-12 18:57:40.431586,Città della Scienza
2025-05-12T18:57:51Z,20,29.879,73.3,59,65.7,2,2,304,77,0.0,255,32767,0.0,2127-15-31,0.0,0.16,26.24,0.0,0.0,0.0,0,4.828125,6,9,05:48,20:11,2025-05-12 18:57:51.488591,Città della Scienza
2025-05-12T18:58:02Z,20,29.879,73.3,59,65.7,1,2,281,77,0.0,255,32767,0.0,2127-15-31,0.0,0.16,26.24,0.0,0.0,0.0,0,4.828125,6,9,05:48,20:11,2025-05-12 18:58:02.573602,Città della Scienza
2025-05-12T18:58:13Z,20,29.879,73.3,59,65.7,3,2,286,77,0.0,255,32767,0.0,2127-15-31,0.0,0.16,26.24,0.0,0.0,0.0,0,4.828125,6,9,05:48,20:11,2025-05-12 18:58:13.617603,Città della Scienza
2025-05-12T18:58:24Z,20,29.879,73.3,59,65.7,4,2,286,77,0.0,255,32767,0.0,2127-15-31,0.0,0.16,26.24,0.0,0.0,0.0,0,4.828125,6,9,05:48,20:11,2025-05-12 18:58:24.710587,Città della Scienza
2025-05-12T18:58:35Z,20,29.879,73.4,59,65.7,3,2,287,77,0.0,255,32767,0.0,2127-15-31,0.0,0.16,26.24,0.0,0.0,0.0,0,4.828125,6,9,05:48,20:11,2025-05-12 18:58:35.767596,Città della Scienza
2025-05-12T18:58:47Z,20,29.879,73.4,59,65.8,4,2,285,77,0.0,255,32767,0.0,2127-15-31,0.0,0.16,26.24,0.0,0.0,0.0,0,4.828125,6,9,05:48,20:11,2025-05-12 18:58:46.854603,Città della Scienza
2025-05-12T18:58:58Z,20,29.879,73.4,59,65.8,3,2,278,77,0.0,255,32767,0.0,2127-15-31,0.0,0.16,26.24,0.0,0.0,0.0,0,4.828125,6,9,05:48,20:11,2025-05-12 18:58:57.964604,Città della Scienza
2025-05-12T18:59:09Z,20,29.879,73.4,59,65.7,3,2,286,77,0.0,255,32767,0.0,2127-15-31,0.0,0.16,26.24,0.0,0.0,0.0,0,4.828125,6,9,05:48,20:11,2025-05-12 18:59:09.026607,Città della Scienza
2025-05-12T18:59:20Z,20,29.879,73.4,59,65.7,3,2,336,77,0.0,255,32767,0.0,2127-15-31,0.0,0.16,26.24,0.0,0.0,0.0,0,4.828125,6,9,05:48,20:11,2025-05-12 18:59:20.103597,Città della Scienza
2025-05-12T18:59:31Z,20,29.879,73.4,59,65.7,1,2,336,77,0.0,255,32767,0.0,2127-15-31,0.0,0.16,26.24,0.0,0.0,0.0,0,4.828125,6,9,05:48,20:11,2025-05-12 18:59:31.192599,Città della Scienza
2025-05-12T18:59:42Z,20,29.879,73.3,59,65.7,3,2,281,77,0.0,255,32767,0.0,2127-15-31,0.0,0.16,26.24,0.0,0.0,0.0,0,4.828125,6,9,05:48,20:11,2025-05-12 18:59:42.242593,Città della Scienza
2025-05-12T18:59:53Z,20,29.879,73.3,59,65.7,2,2,287,77,0.0,255,32767,0.0,2127-15-31,0.0,0.16,26.24,0.0,0.0,0.0,0,4.828125,6,9,05:48,20:11,2025-05-12 18:59:53.303596,Città della Scienza
2025-05-12T19:00:04Z,20,29.879,73.3,59,65.7,4,2,286,78,0.0,255,32767,0.0,2127-15-31,0.0,0.16,26.24,0.0,0.0,0.0,0,4.828125,6,9,05:48,20:11,2025-05-12 19:00:04.371603,Città della Scienza,63.5,1.1885619,11.012338,0.86767167,0.8221585,EU EEA Common AQI,72.4,1.0276982,9.945454,7200,1.2173913,100,100,62.8,0.99710137,Very Low,72.2,0.642897,100,1747075500,Very Low,0.6941373,1.5551131,Very Low,1.3228045,59.1,1.9130435,100,1747075500,1.2463768
2025-05-12T19:00:15Z,20,29.879,73.3,59,65.7,3,2,277,78,0.0,255,32767,0.0,2127-15-31,0.0,0.16,26.24,0.0,0.0,0.0,0,4.828125,6,9,05:48,20:11,2025-05-12 19:00:15.484595,Città della Scienza,63.5,1.1885619,11.012338,0.86767167,0.8221585,EU EEA Common AQI,72.4,1.0276982,9.945454,7200,1.2173913,100,100,62.8,0.99710137,Very Low,72.2,0.642897,100,1747075500,Very Low,0.6941373,1.5551131,Very Low,1.3228045,59.1,1.9130435,100,1747075500,1.2463768
2025-05-12T19:00:26Z,20,29.879,73.3,59,65.7,4,2,290,78,0.0,255,32767,0.0,2127-15-31,0.0,0.16,26.24,0.0,0.0,0.0,0,4.828125,6,9,05:48,20:11,2025-05-12 19:00:26.599603,Città della Scienza,63.5,1.1885619,11.012338,0.86767167,0.8221585,EU EEA Common AQI,72.4,1.0276982,9.945454,7200,1.2173913,100,100,62.8,0.99710137,Very Low,72.2,0.642897,100,1747075500,Very Low,0.6941373,1.5551131,Very Low,1.3228045,59.1,1.9130435,100,1747075500,1.2463768
2025-05-12T19:00:37Z,20,29.878,73.4,59,65.7,4,2,277,78,0.0,255,32767,0.0,2127-15-31,0.0,0.16,26.24,0.0,0.0,0.0,0,4.828125,6,45,05:48,20:11,2025-05-12 19:00:37.631597,Città della Scienza,64.5,1.2522135,10.9699,1.0026323,0.8290476,EU EEA Common AQI,72.0,1.0363096,9.901628,7200,1.5714285,100,100,62.7,1.5999999,Very Low,71.8,0.67376566,100,1747076400,Very Low,0.8021058,1.6016262,Very Low,1.5683178,59.2,2.6,100,1747076400,2.0
2025-05-12T19:00:48Z,20,29.878,73.4,59,65.7,4,2,268,78,0.0,255,32767,0.0,2127-15-31,0.0,0.16,26.24,0.0,0.0,0.0,0,4.828125,6,45,05:48,20:11,2025-05-12 19:00:48.738578,Città della Scienza,64.5,1.2522135,10.9699,1.0026323,0.8290476,EU EEA Common AQI,72.0,1.0363096,9.901628,7200,1.5714285,100,100,62.7,1.5999999,Very Low,71.8,0.67376566,100,1747076400,Very Low,0.8021058,1.6016262,Very Low,1.5683178,59.2,2.6,100,1747076400,2.0
2025-05-12T19:01:00Z,20,29.878,73.4,59,65.7,5,2,223,78,0.0,255,32767,0.0,2127-15-31,0.0,0.16,26.24,0.0,0.0,0.0,0,4.828125,6,45,05:48,20:11,2025-05-12 19:00:59.851588,Città della Scienza,64.5,1.2522135,10.9699,1.0026323,0.8290476,EU EEA Common AQI,72.0,1.0363096,9.901628,7200,1.5714285,100,100,62.7,1.5999999,Very Low,71.8,0.67376566,100,1747076400,Very Low,0.8021058,1.6016262,Very Low,1.5683178,59.2,2.6,100,1747076400,2.0
2025-05-12T19:01:11Z,20,29.878,73.4,59,65.7,5,2,243,78,0.0,255,32767,0.0,2127-15-31,0.0,0.16,26.24,0.0,0.0,0.0,0,4.828125,6,45,05:48,20:11,2025-05-12 19:01:10.949624,Città della Scienza,64.5,1.2522135,10.9699,1.0026323,0.8290476,EU EEA Common AQI,72.0,1.0363096,9.901628,7200,1.5714285,100,100,62.7,1.5999999,Very Low,71.8,0.67376566,100,1747076400,Very Low,0.8021058,1.6016262,Very Low,1.5683178,59.2,2.6,100,1747076400,2.0
2025-05-12T19:01:22Z,20,29.878,73.4,59,65.7,3,2,269,78,0.0,255,32767,0.0,2127-15-31,0.0,0.16,26.24,0.0,0.0,0.0,0,4.828125,6,45,05:48,20:11,2025-05-12 19:01:22.031609,Città della Scienza,64.5,1.2522135,10.9699,1.0026323,0.8290476,EU EEA Common AQI,72.0,1.0363096,9.901628,7200,1.5714285,100,100,62.7,1.5999999,Very Low,71.8,0.67376566,100,1747076400,Very Low,0.8021058,1.6016262,Very Low,1.5683178,59.2,2.6,100,1747076400,2.0
2025-05-12T19:01:33Z,20,29.878,73.4,59,65.7,3,2,285,78,0.0,255,32767,0.0,2127-15-31,0.0,0.16,26.24,0.0,0.0,0.0,0,4.828125,6,45,05:48,20:11,2025-05-12 19:01:33.134593,Città della Scienza,64.5,1.2522135,10.9699,1.0026323,0.8290476,EU EEA Common AQI,72.0,1.0363096,9.901628,7200,1.5714285,100,100,62.7,1.5999999,Very Low,71.8,0.67376566,100,1747076400,Very Low,0.8021058,1.6016262,Very Low,1.5683178,59.2,2.6,100,1747076400,2.0
2025-05-12T19:01:44Z,20,29.88,73.4,59,65.7,3,2,276,78,0.0,255,32767,0.0,2127-15-31,0.0,0.16,26.24,0.0,0.0,0.0,0,4.828125,6,45,05:48,20:11,2025-05-12 19:01:44.206593,Città della Scienza,64.5,1.2522135,10.9699,1.0026323,0.8290476,EU EEA Common AQI,72.0,1.0363096,9.901628,7200,1.5714285,100,100,62.7,1.5999999,Very Low,71.8,0.67376566,100,1747076400,Very Low,0.8021058,1.6016262,Very Low,1.5683178,59.2,2.6,100,1747076400,2.0
2025-05-12T19:01:55Z,20,29.88,73.4,59,65.7,4,2,265,78,0.0,255,32767,0.0,2127-15-31,0.0,0.16,26.24,0.0,0.0,0.0,0,4.828125,6,45,05:48,20:11,2025-05-12 19:01:55.280588,Città della Scienza,64.5,1.2522135,10.9699,1.0026323,0.8290476,EU EEA Common AQI,72.0,1.0363096,9.901628,7200,1.5714285,100,100,62.7,1.5999999,Very Low,71.8,0.67376566,100,1747076400,Very Low,0.8021058,1.6016262,Very Low,1.5683178,59.2,2.6,100,1747076400,2.0
2025-05-12T19:02:06Z,20,29.88,73.4,59,65.7,4,2,271,78,0.0,255,32767,0.0,2127-15-31,0.0,0.16,26.24,0.0,0.0,0.0,0,4.828125,6,45,05:48,20:11,2025-05-12 19:02:06.361598,Città della Scienza,64.5,1.2522135,10.9699,1.0026323,0.8290476,EU EEA Common AQI,72.0,1.0363096,9.901628,7200,1.5714285,100,100,62.7,1.5999999,Very Low,71.8,0.67376566,100,1747076400,Very Low,0.8021058,1.6016262,Very Low,1.5683178,59.2,2.6,100,1747076400,2.0
2025-05-12T19:02:17Z,20,29.88,73.4,59,65.7,4,2,300,78,0.0,255,32767,0.0,2127-15-31,0.0,0.16,26.24,0.0,0.0,0.0,0,4.828125,6,45,05:48,20:11,2025-05-12 19:02:17.451614,Città della Scienza,64.5,1.2522135,10.9699,1.0026323,0.8290476,EU EEA Common AQI,72.0,1.0363096,9.901628,7200,1.5714285,100,100,62.7,1.5999999,Very Low,71.8,0.67376566,100,1747076400,Very Low,0.8021058,1.6016262,Very Low,1.5683178,59.2,2.6,100,1747076400,2.0
2025-05-12T19:02:28Z,20,29.88,73.4,59,65.7,3,2,279,78,0.0,255,32767,0.0,2127-15-31,0.0,0.16,26.24,0.0,0.0,0.0,0,4.828125,6,45,05:48,20:11,2025-05-12 19:02:28.544602,Città della Scienza,64.5,1.2522135,10.9699,1.0026323,0.8290476,EU EEA Common AQI,72.0,1.0363096,9.901628,7200,1.5714285,100,100,62.7,1.5999999,Very Low,71.8,0.67376566,100,1747076400,Very Low,0.8021058,1.6016262,Very Low,1.5683178,59.2,2.6,100,1747076400,2.0
2025-05-12T19:02:39Z,20,29.88,73.4,59,65.7,3,3,259,78,0.0,255,32767,0.0,2127-15-31,0.0,0.16,26.24,0.0,0.0,0.0,0,4.828125,6,45,05:48,20:11,2025-05-12 19:02:39.614597,Città della Scienza,64.5,1.2522135,10.9699,1.0026323,0.8290476,EU EEA Common AQI,72.0,1.0363096,9.901628,7200,1.5714285,100,100,62.7,1.5999999,Very Low,71.8,0.67376566,100,1747076400,Very Low,0.8021058,1.6016262,Very Low,1.5683178,59.2,2.6,100,1747076400,2.0
2025-05-12T19:02:50Z,20,29.88,73.4,59,65.6,3,3,268,78,0.0,255,32767,0.0,2127-15-31,0.0,0.16,26.24,0.0,0.0,0.0,0,4.828125,6,45,05:48,20:11,2025-05-12 19:02:50.739591,Città della Scienza,64.5,1.2522135,10.9699,1.0026323,0.8290476,EU EEA Common AQI,72.0,1.0363096,9.901628,7200,1.5714285,100,100,62.7,1.5999999,Very Low,71.8,0.67376566,100,1747076400,Very Low,0.8021058,1.6016262,Very Low,1.5683178,59.2,2.6,100,1747076400,2.0
2025-05-12T19:03:01Z,20,29.88,73.4,59,65.7,2,3,284,78,0.0,255,32767,0.0,2127-15-31,0.0,0.16,26.24,0.0,0.0,0.0,0,4.828125,6,45,05:48,20:11,2025-05-12 19:03:01.772600,Città della Scienza,64.5,1.2522135,10.9699,1.0026323,0.8290476,EU EEA Common AQI,72.0,1.0363096,9.901628,7200,1.5714285,100,100,62.7,1.5999999,Very Low,71.8,0.67376566,100,1747076400,Very Low,0.8021058,1.6016262,Very Low,1.5683178,59.2,2.6,100,1747076400,2.0
2025-05-12T19:03:13Z,20,29.88,73.4,59,65.7,2,3,269,78,0.0,255,32767,0.0,2127-15-31,0.0,0.16,26.24,0.0,0.0,0.0,0,4.828125,6,45,05:48,20:11,2025-05-12 19:03:12.879599,Città della Scienza,64.5,1.2522135,10.9699,1.0026323,0.8290476,EU EEA Common AQI,72.0,1.0363096,9.901628,7200,1.5714285,100,100,62.7,1.5999999,Very Low,71.8,0.67376566,100,1747076400,Very Low,0.8021058,1.6016262,Very Low,1.5683178,59.2,2.6,100,1747076400,2.0
2025-05-12T19:03:24Z,20,29.88,73.4,59,65.7,2,3,265,78,0.0,255,32767,0.0,2127-15-31,0.0,0.16,26.24,0.0,0.0,0.0,0,4.828125,6,45,05:48,20:11,2025-05-12 19:03:23.939596,Città della Scienza,64.5,1.2522135,10.9699,1.0026323,0.8290476,EU EEA Common AQI,72.0,1.0363096,9.901628,7200,1.5714285,100,100,62.7,1.5999999,Very Low,71.8,0.67376566,100,1747076400,Very Low,0.8021058,1.6016262,Very Low,1.5683178,59.2,2.6,100,1747076400,2.0
2025-05-12T19:03:35Z,20,29.882,73.3,59,65.7,2,3,263,78,0.0,255,32767,0.0,2127-15-31,0.0,0.16,26.24,0.0,0.0,0.0,0,4.828125,6,45,05:48,20:11,2025-05-12 19:03:34.992592,Città della Scienza,64.5,1.2522135,10.9699,1.0026323,0.8290476,EU EEA Common AQI,72.0,1.0363096,9.901628,7200,1.5714285,100,100,62.7,1.5999999,Very Low,71.8,0.67376566,100,1747076400,Very Low,0.8021058,1.6016262,Very Low,1.5683178,59.2,2.6,100,1747076400,2.0
2025-05-12T19:03:46Z,20,29.882,73.3,59,65.7,3,3,269,78,0.0,255,32767,0.0,2127-15-31,0.0,0.16,26.24,0.0,0.0,0.0,0,4.828125,6,45,05:48,20:11,2025-05-12 19:03:46.110613,Città della Scienza,64.5,1.2522135,10.9699,1.0026323,0.8290476,EU EEA Common AQI,72.0,1.0363096,9.901628,7200,1.5714285,100,100,62.7,1.5999999,Very Low,71.8,0.67376566,100,1747076400,Very Low,0.8021058,1.6016262,Very Low,1.5683178,59.2,2.6,100,1747076400,2.0
2025-05-12T19:03:57Z,20,29.882,73.3,59,65.6,3,3,267,78,0.0,255,32767,0.0,2127-15-31,0.0,0.16,26.24,0.0,0.0,0.0,0,4.828125,6,45,05:48,20:11,2025-05-12 19:03:57.201596,Città della Scienza,64.5,1.2522135,10.9699,1.0026323,0.8290476,EU EEA Common AQI,72.0,1.0363096,9.901628,7200,1.5714285,100,100,62.7,1.5999999,Very Low,71.8,0.67376566,100,1747076400,Very Low,0.8021058,1.6016262,Very Low,1.5683178,59.2,2.6,100,1747076400,2.0
2025-05-12T19:04:08Z,20,29.882,73.3,59,65.6,3,3,273,78,0.0,255,32767,0.0,2127-15-31,0.0,0.16,26.24,0.0,0.0,0.0,0,4.828125,6,45,05:48,20:11,2025-05-12 19:04:08.274607,Città della Scienza,64.5,1.2522135,10.9699,1.0026323,0.8290476,EU EEA Common AQI,72.0,1.0363096,9.901628,7200,1.5714285,100,100,62.7,1.5999999,Very Low,71.8,0.67376566,100,1747076400,Very Low,0.8021058,1.6016262,Very Low,1.5683178,59.2,2.6,100,1747076400,2.0
2025-05-12T19:04:19Z,20,29.882,73.3,59,65.6,2,3,273,78,0.0,255,32767,0.0,2127-15-31,0.0,0.16,26.24,0.0,0.0,0.0,0,4.828125,6,45,05:48,20:11,2025-05-12 19:04:19.322597,Città della Scienza,64.5,1.2522135,10.9699,1.0026323,0.8290476,EU EEA Common AQI,72.0,1.0363096,9.901628,7200,1.5714285,100,100,62.7,1.5999999,Very Low,71.8,0.67376566,100,1747076400,Very Low,0.8021058,1.6016262,Very Low,1.5683178,59.2,2.6,100,1747076400,2.0
2025-05-12T19:04:30Z,20,29.882,73.3,59,65.6,1,3,273,78,0.0,255,32767,0.0,2127-15-31,0.0,0.16,26.24,0.0,0.0,0.0,0,4.828125,6,45,05:48,20:11,2025-05-12 19:04:30.372597,Città della Scienza,64.5,1.2522135,10.9699,1.0026323,0.8290476,EU EEA Common AQI,72.0,1.0363096,9.901628,7200,1.5714285,100,100,62.7,1.5999999,Very Low,71.8,0.67376566,100,1747076400,Very Low,0.8021058,1.6016262,Very Low,1.5683178,59.2,2.6,100,1747076400,2.0
2025-05-12T19:04:41Z,20,29.88,73.3,59,65.7,1,3,261,78,0.0,255,32767,0.0,2127-15-31,0.0,0.16,26.24,0.0,0.0,0.0,0,4.828125,6,45,05:48,20:11,2025-05-12 19:04:41.446604,Città della Scienza,64.5,1.2522135,10.9699,1.0026323,0.8290476,EU EEA Common AQI,72.0,1.0363096,9.901628,7200,1.5714285,100,100,62.7,1.5999999,Very Low,71.8,0.67376566,100,1747076400,Very Low,0.8021058,1.6016262,Very Low,1.5683178,59.2,2.6,100,1747076400,2.0
2025-05-12T19:04:52Z,20,29.88,73.3,59,65.6,1,3,259,78,0.0,255,32767,0.0,2127-15-31,0.0,0.16,26.24,0.0,0.0,0.0,0,4.828125,6,45,05:48,20:11,2025-05-12 19:04:52.529590,Città della Scienza,64.5,1.2522135,10.9699,1.0026323,0.8290476,EU EEA Common AQI,72.0,1.0363096,9.901628,7200,1.5714285,100,100,62.7,1.5999999,Very Low,71.8,0.67376566,100,1747076400,Very Low,0.8021058,1.6016262,Very Low,1.5683178,59.2,2.6,100,1747076400,2.0
2025-05-12T19:05:03Z,20,29.88,73.3,59,65.6,1,3,287,78,0.0,255,32767,0.0,2127-15-31,0.0,0.16,26.24,0.0,0.0,0.0,0,4.828125,6,45,05:48,20:11,2025-05-12 19:05:03.671593,Città della Scienza,64.5,1.2522135,10.9699,1.0026323,0.8290476,EU EEA Common AQI,72.0,1.0363096,9.901628,7200,1.5714285,100,100,62.7,1.5999999,Very Low,71.8,0.67376566,100,1747076400,Very Low,0.8021058,1.6016262,Very Low,1.5683178,59.2,2.6,100,1747076400,2.0
2025-05-12T19:05:14Z,20,29.88,73.3,59,65.6,2,3,304,78,0.0,255,32767,0.0,2127-15-31,0.0,0.16,26.24,0.0,0.0,0.0,0,4.828125,6,45,05:48,20:11,2025-05-12 19:05:14.774600,Città della Scienza,64.5,1.2522135,10.9699,1.0026323,0.8290476,EU EEA Common AQI,72.0,1.0363096,9.901628,7200,1.5714285,100,100,62.7,1.5999999,Very Low,71.8,0.67376566,100,1747076400,Very Low,0.8021058,1.6016262,Very Low,1.5683178,59.2,2.6,100,1747076400,2.0
2025-05-12T19:05:26Z,20,29.88,73.3,59,65.6,4,3,277,78,0.0,255,32767,0.0,2127-15-31,0.0,0.16,26.24,0.0,0.0,0.0,0,4.828125,6,45,05:48,20:11,2025-05-12 19:05:25.835592,Città della Scienza,64.5,1.2522135,10.9699,1.0026323,0.8290476,EU EEA Common AQI,72.0,1.0363096,9.901628,7200,1.5714285,100,100,62.7,1.5999999,Very Low,71.8,0.67376566,100,1747076400,Very Low,0.8021058,1.6016262,Very Low,1.5683178,59.2,2.6,100,1747076400,2.0
2025-05-12T19:05:37Z,20,29.88,73.4,59,65.6,3,3,279,78,0.0,255,32767,0.0,2127-15-31,0.0,0.16,26.24,0.0,0.0,0.0,0,4.828125,6,45,05:48,20:11,2025-05-12 19:05:36.938592,Città della Scienza,64.5,1.2522135,10.9699,1.0026323,0.8290476,EU EEA Common AQI,72.0,1.0363096,9.901628,7200,1.5714285,100,100,62.7,1.5999999,Very Low,71.8,0.67376566,100,1747076400,Very Low,0.8021058,1.6016262,Very Low,1.5683178,59.2,2.6,100,1747076400,2.0
2025-05-12T19:05:48Z,20,29.88,73.4,59,65.7,3,3,281,78,0.0,255,32767,0.0,2127-15-31,0.0,0.16,26.24,0.0,0.0,0.0,0,4.828125,6,45,05:48,20:11,2025-05-12 19:05:48.043596,Città della Scienza,64.5,1.2522135,10.9699,1.0026323,0.8290476,EU EEA Common AQI,72.0,1.0363096,9.901628,7200,1.5714285,100,100,62.7,1.5999999,Very Low,71.8,0.67376566,100,1747076400,Very Low,0.8021058,1.6016262,Very Low,1.5683178,59.2,2.6,100,1747076400,2.0
2025-05-12T19:05:59Z,20,29.88,73.4,59,65.6,3,3,265,78,0.0,255,32767,0.0,2127-15-31,0.0,0.16,26.24,0.0,0.0,0.0,0,4.828125,6,45,05:48,20:11,2025-05-12 19:05:59.111594,Città della Scienza,64.5,1.2522135,10.9699,1.0026323,0.8290476,EU EEA Common AQI,72.0,1.0363096,9.901628,7200,1.5714285,100,100,62.7,1.5999999,Very Low,71.8,0.67376566,100,1747076400,Very Low,0.8021058,1.6016262,Very Low,1.5683178,59.2,2.6,100,1747076400,2.0
2025-05-12T19:06:10Z,20,29.88,73.4,59,65.6,2,3,288,78,0.0,255,32767,0.0,2127-15-31,0.0,0.16,26.24,0.0,0.0,0.0,0,4.828125,6,45,05:48,20:11,2025-05-12 19:06:10.180600,Città della Scienza,64.5,1.2522135,10.9699,1.0026323,0.8290476,EU EEA Common AQI,72.0,1.0363096,9.901628,7200,1.5714285,100,100,62.7,1.5999999,Very Low,71.8,0.67376566,100,1747076400,Very Low,0.8021058,1.6016262,Very Low,1.5683178,59.2,2.6,100,1747076400,2.0
2025-05-12T19:06:21Z,20,29.88,73.4,59,65.6,3,3,265,78,0.0,255,32767,0.0,2127-15-31,0.0,0.16,26.24,0.0,0.0,0.0,0,4.828125,6,45,05:48,20:11,2025-05-12 19:06:21.286583,Città della Scienza,64.5,1.2522135,10.9699,1.0026323,0.8290476,EU EEA Common AQI,72.0,1.0363096,9.901628,7200,1.5714285,100,100,62.7,1.5999999,Very Low,71.8,0.67376566,100,1747076400,Very Low,0.8021058,1.6016262,Very Low,1.5683178,59.2,2.6,100,1747076400,2.0
2025-05-12T19:06:32Z,20,29.88,73.4,59,65.6,6,3,277,78,0.0,255,32767,0.0,2127-15-31,0.0,0.16,26.24,0.0,0.0,0.0,0,4.828125,6,45,05:48,20:11,2025-05-12 19:06:32.338601,Città della Scienza,64.5,1.2522135,10.9699,1.0026323,0.8290476,EU EEA Common AQI,72.0,1.0363096,9.901628,7200,1.5714285,100,100,62.7,1.5999999,Very Low,71.8,0.67376566,100,1747076400,Very Low,0.8021058,1.6016262,Very Low,1.5683178,59.2,2.6,100,1747076400,2.0
2025-05-12T19:06:43Z,20,29.882,73.3,59,65.7,4,3,275,78,0.0,255,32767,0.0,2127-15-31,0.0,0.16,26.24,0.0,0.0,0.0,0,4.828125,6,45,05:48,20:11,2025-05-12 19:06:43.443608,Città della Scienza,64.5,1.2522135,10.9699,1.0026323,0.8290476,EU EEA Common AQI,72.0,1.0363096,9.901628,7200,1.5714285,100,100,62.7,1.5999999,Very Low,71.8,0.67376566,100,1747076400,Very Low,0.8021058,1.6016262,Very Low,1.5683178,59.2,2.6,100,1747076400,2.0
2025-05-12T19:06:54Z,20,29.882,73.3,59,65.6,2,3,279,78,0.0,255,32767,0.0,2127-15-31,0.0,0.16,26.24,0.0,0.0,0.0,0,4.828125,6,45,05:48,20:11,2025-05-12 19:06:54.548591,Città della Scienza,64.5,1.2522135,10.9699,1.0026323,0.8290476,EU EEA Common AQI,72.0,1.0363096,9.901628,7200,1.5714285,100,100,62.7,1.5999999,Very Low,71.8,0.67376566,100,1747076400,Very Low,0.8021058,1.6016262,Very Low,1.5683178,59.2,2.6,100,1747076400,2.0
2025-05-12T19:07:05Z,20,29.882,73.3,59,65.7,2,3,275,78,0.0,255,32767,0.0,2127-15-31,0.0,0.16,26.24,0.0,0.0,0.0,0,4.828125,6,45,05:48,20:11,2025-05-12 19:07:05.656599,Città della Scienza,64.5,1.2522135,10.9699,1.0026323,0.8290476,EU EEA Common AQI,72.0,1.0363096,9.901628,7200,1.5714285,100,100,62.7,1.5999999,Very Low,71.8,0.67376566,100,1747076400,Very Low,0.8021058,1.6016262,Very Low,1.5683178,59.2,2.6,100,1747076400,2.0
2025-05-12T19:07:16Z,20,29.882,73.3,59,65.6,2,3,267,78,0.0,255,32767,0.0,2127-15-31,0.0,0.16,26.24,0.0,0.0,0.0,0,4.828125,6,45,05:48,20:11,2025-05-12 19:07:16.764599,Città della Scienza,64.5,1.2522135,10.9699,1.0026323,0.8290476,EU EEA Common AQI,72.0,1.0363096,9.901628,7200,1.5714285,100,100,62.7,1.5999999,Very Low,71.8,0.67376566,100,1747076400,Very Low,0.8021058,1.6016262,Very Low,1.5683178,59.2,2.6,100,1747076400,2.0
2025-05-12T19:07:28Z,20,29.882,73.3,59,65.6,2,3,251,78,0.0,255,32767,0.0,2127-15-31,0.0,0.16,26.24,0.0,0.0,0.0,0,4.828125,6,45,05:48,20:11,2025-05-12 19:07:27.841588,Città della Scienza,64.5,1.2522135,10.9699,1.0026323,0.8290476,EU EEA Common AQI,72.0,1.0363096,9.901628,7200,1.5714285,100,100,62.7,1.5999999,Very Low,71.8,0.67376566,100,1747076400,Very Low,0.8021058,1.6016262,Very Low,1.5683178,59.2,2.6,100,1747076400,2.0
2025-05-12T19:07:39Z,20,29.882,73.4,59,65.6,1,3,254,78,0.0,255,32767,0.0,2127-15-31,0.0,0.16,26.24,0.0,0.0,0.0,0,4.828125,6,45,05:48,20:11,2025-05-12 19:07:38.928593,Città della Scienza,64.5,1.2522135,10.9699,1.0026323,0.8290476,EU EEA Common AQI,72.0,1.0363096,9.901628,7200,1.5714285,100,100,62.7,1.5999999,Very Low,71.8,0.67376566,100,1747076400,Very Low,0.8021058,1.6016262,Very Low,1.5683178,59.2,2.6,100,1747076400,2.0
2025-05-12T19:07:50Z,20,29.882,73.4,59,65.6,2,3,281,78,0.0,255,32767,0.0,2127-15-31,0.0,0.16,26.24,0.0,0.0,0.0,0,4.828125,6,45,05:48,20:11,2025-05-12 19:07:50.023603,Città della Scienza,64.5,1.2522135,10.9699,1.0026323,0.8290476,EU EEA Common AQI,72.0,1.0363096,9.901628,7200,1.5714285,100,100,62.7,1.5999999,Very Low,71.8,0.67376566,100,1747076400,Very Low,0.8021058,1.6016262,Very Low,1.5683178,59.2,2.6,100,1747076400,2.0
2025-05-12T19:08:01Z,20,29.882,73.4,59,65.6,2,3,290,78,0.0,255,32767,0.0,2127-15-31,0.0,0.16,26.24,0.0,0.0,0.0,0,4.828125,6,45,05:48,20:11,2025-05-12 19:08:01.096585,Città della Scienza,64.5,1.2522135,10.9699,1.0026323,0.8290476,EU EEA Common AQI,72.0,1.0363096,9.901628,7200,1.5714285,100,100,62.7,1.5999999,Very Low,71.8,0.67376566,100,1747076400,Very Low,0.8021058,1.6016262,Very Low,1.5683178,59.2,2.6,100,1747076400,2.0
2025-05-12T19:08:12Z,20,29.882,73.4,59,65.6,3,3,269,78,0.0,255,32767,0.0,2127-15-31,0.0,0.16,26.24,0.0,0.0,0.0,0,4.828125,6,45,05:48,20:11,2025-05-12 19:08:12.227555,Città della Scienza,64.5,1.2522135,10.9699,1.0026323,0.8290476,EU EEA Common AQI,72.0,1.0363096,9.901628,7200,1.5714285,100,100,62.7,1.5999999,Very Low,71.8,0.67376566,100,1747076400,Very Low,0.8021058,1.6016262,Very Low,1.5683178,59.2,2.6,100,1747076400,2.0
2025-05-12T19:08:23Z,20,29.882,73.4,59,65.6,2,3,273,78,0.0,255,32767,0.0,2127-15-31,0.0,0.16,26.24,0.0,0.0,0.0,0,4.828125,6,45,05:48,20:11,2025-05-12 19:08:23.280594,Città della Scienza,64.5,1.2522135,10.9699,1.0026323,0.8290476,EU EEA Common AQI,72.0,1.0363096,9.901628,7200,1.5714285,100,100,62.7,1.5999999,Very Low,71.8,0.67376566,100,1747076400,Very Low,0.8021058,1.6016262,Very Low,1.5683178,59.2,2.6,100,1747076400,2.0
2025-05-12T19:08:34Z,20,29.882,73.4,59,65.6,2,3,273,78,0.0,255,32767,0.0,2127-15-31,0.0,0.16,26.24,0.0,0.0,0.0,0,4.828125,6,45,05:48,20:11,2025-05-12 19:08:34.333589,Città della Scienza,64.5,1.2522135,10.9699,1.0026323,0.8290476,EU EEA Common AQI,72.0,1.0363096,9.901628,7200,1.5714285,100,100,62.7,1.5999999,Very Low,71.8,0.67376566,100,1747076400,Very Low,0.8021058,1.6016262,Very Low,1.5683178,59.2,2.6,100,1747076400,2.0
2025-05-12T19:08:45Z,20,29.882,73.4,59,65.6,2,3,273,78,0.0,255,32767,0.0,2127-15-31,0.0,0.16,26.24,0.0,0.0,0.0,0,4.828125,6,45,05:48,20:11,2025-05-12 19:08:45.385592,Città della Scienza,64.5,1.2522135,10.9699,1.0026323,0.8290476,EU EEA Common AQI,72.0,1.0363096,9.901628,7200,1.5714285,100,100,62.7,1.5999999,Very Low,71.8,0.67376566,100,1747076400,Very Low,0.8021058,1.6016262,Very Low,1.5683178,59.2,2.6,100,1747076400,2.0
2025-05-12T19:08:56Z,20,29.882,73.4,59,65.6,2,3,273,78,0.0,255,32767,0.0,2127-15-31,0.0,0.16,26.24,0.0,0.0,0.0,0,4.828125,6,45,05:48,20:11,2025-05-12 19:08:56.507601,Città della Scienza,64.5,1.2522135,10.9699,1.0026323,0.8290476,EU EEA Common AQI,72.0,1.0363096,9.901628,7200,1.5714285,100,100,62.7,1.5999999,Very Low,71.8,0.67376566,100,1747076400,Very Low,0.8021058,1.6016262,Very Low,1.5683178,59.2,2.6,100,1747076400,2.0
2025-05-12T19:09:07Z,20,29.882,73.4,59,65.6,6,3,272,78,0.0,255,32767,0.0,2127-15-31,0.0,0.16,26.24,0.0,0.0,0.0,0,4.828125,6,45,05:48,20:11,2025-05-12 19:09:07.573595,Città della Scienza,64.5,1.2522135,10.9699,1.0026323,0.8290476,EU EEA Common AQI,72.0,1.0363096,9.901628,7200,1.5714285,100,100,62.7,1.5999999,Very Low,71.8,0.67376566,100,1747076400,Very Low,0.8021058,1.6016262,Very Low,1.5683178,59.2,2.6,100,1747076400,2.0
2025-05-12T19:09:18Z,20,29.882,73.4,59,65.6,7,3,275,78,0.0,255,32767,0.0,2127-15-31,0.0,0.16,26.24,0.0,0.0,0.0,0,4.828125,6,45,05:48,20:11,2025-05-12 19:09:18.613608,Città della Scienza,64.5,1.2522135,10.9699,1.0026323,0.8290476,EU EEA Common AQI,72.0,1.0363096,9.901628,7200,1.5714285,100,100,62.7,1.5999999,Very Low,71.8,0.67376566,100,1747076400,Very Low,0.8021058,1.6016262,Very Low,1.5683178,59.2,2.6,100,1747076400,2.0
2025-05-12T19:09:29Z,20,29.882,73.4,59,65.6,8,3,266,78,0.0,255,32767,0.0,2127-15-31,0.0,0.16,26.24,0.0,0.0,0.0,0,4.828125,6,45,05:48,20:11,2025-05-12 19:09:29.687586,Città della Scienza,64.5,1.2522135,10.9699,1.0026323,0.8290476,EU EEA Common AQI,72.0,1.0363096,9.901628,7200,1.5714285,100,100,62.7,1.5999999,Very Low,71.8,0.67376566,100,1747076400,Very Low,0.8021058,1.6016262,Very Low,1.5683178,59.2,2.6,100,1747076400,2.0
2025-05-12T19:09:40Z,20,29.884,73.3,59,65.6,6,3,284,78,0.0,255,32767,0.0,2127-15-31,0.0,0.16,26.24,0.0,0.0,0.0,0,4.828125,6,45,05:48,20:11,2025-05-12 19:09:40.739598,Città della Scienza,64.5,1.2522135,10.9699,1.0026323,0.8290476,EU EEA Common AQI,72.0,1.0363096,9.901628,7200,1.5714285,100,100,62.7,1.5999999,Very Low,71.8,0.67376566,100,1747076400,Very Low,0.8021058,1.6016262,Very Low,1.5683178,59.2,2.6,100,1747076400,2.0
2025-05-12T19:09:51Z,20,29.884,73.3,59,65.6,9,3,275,78,0.0,255,32767,0.0,2127-15-31,0.0,0.16,26.24,0.0,0.0,0.0,0,4.828125,6,45,05:48,20:11,2025-05-12 19:09:51.793599,Città della Scienza,64.5,1.2522135,10.9699,1.0026323,0.8290476,EU EEA Common AQI,72.0,1.0363096,9.901628,7200,1.5714285,100,100,62.7,1.5999999,Very Low,71.8,0.67376566,100,1747076400,Very Low,0.8021058,1.6016262,Very Low,1.5683178,59.2,2.6,100,1747076400,2.0
2025-05-12T19:10:03Z,20,29.884,73.3,59,65.6,4,3,284,78,0.0,255,32767,0.0,2127-15-31,0.0,0.16,26.24,0.0,0.0,0.0,0,4.828125,6,45,05:48,20:11,2025-05-12 19:10:02.885593,Città della Scienza,64.5,1.2522135,10.9699,1.0026323,0.8290476,EU EEA Common AQI,72.0,1.0363096,9.901628,7200,1.5714285,100,100,62.7,1.5999999,Very Low,71.8,0.67376566,100,1747076400,Very Low,0.8021058,1.6016262,Very Low,1.5683178,59.2,2.6,100,1747076400,2.0
2025-05-12T19:10:14Z,20,29.884,73.3,59,65.6,6,3,261,78,0.0,255,32767,0.0,2127-15-31,0.0,0.16,26.24,0.0,0.0,0.0,0,4.828125,6,45,05:48,20:11,2025-05-12 19:10:13.931591,Città della Scienza,64.5,1.2522135,10.9699,1.0026323,0.8290476,EU EEA Common AQI,72.0,1.0363096,9.901628,7200,1.5714285,100,100,62.7,1.5999999,Very Low,71.8,0.67376566,100,1747076400,Very Low,0.8021058,1.6016262,Very Low,1.5683178,59.2,2.6,100,1747076400,2.0
2025-05-12T19:10:25Z,20,29.884,73.3,59,65.6,4,3,259,78,0.0,255,32767,0.0,2127-15-31,0.0,0.16,26.24,0.0,0.0,0.0,0,4.828125,6,45,05:48,20:11,2025-05-12 19:10:25.004606,Città della Scienza,64.5,1.2522135,10.9699,1.0026323,0.8290476,EU EEA Common AQI,72.0,1.0363096,9.901628,7200,1.5714285,100,100,62.7,1.5999999,Very Low,71.8,0.67376566,100,1747076400,Very Low,0.8021058,1.6016262,Very Low,1.5683178,59.2,2.6,100,1747076400,2.0
2025-05-12T19:10:36Z,20,29.885,73.3,59,65.6,3,3,260,79,0.0,255,32767,0.0,2127-15-31,0.0,0.16,26.24,0.0,0.0,0.0,0,4.828125,6,45,05:48,20:11,2025-05-12 19:10:36.046598,Città della Scienza,64.5,1.2522135,10.9699,1.0026323,0.8290476,EU EEA Common AQI,72.0,1.0363096,9.901628,7200,1.5714285,100,100,62.7,1.5999999,Very Low,71.8,0.67376566,100,1747076400,Very Low,0.8021058,1.6016262,Very Low,1.5683178,59.2,2.6,100,1747076400,2.0
2025-05-12T19:10:47Z,20,29.885,73.3,59,65.6,4,3,281,79,0.0,255,32767,0.0,2127-15-31,0.0,0.16,26.24,0.0,0.0,0.0,0,4.828125,6,45,05:48,20:11,2025-05-12 19:10:47.149590,Città della Scienza,64.5,1.2522135,10.9699,1.0026323,0.8290476,EU EEA Common AQI,72.0,1.0363096,9.901628,7200,1.5714285,100,100,62.7,1.5999999,Very Low,71.8,0.67376566,100,1747076400,Very Low,0.8021058,1.6016262,Very Low,1.5683178,59.2,2.6,100,1747076400,2.0
2025-05-12T19:10:58Z,20,29.885,73.3,59,65.6,4,3,257,79,0.0,255,32767,0.0,2127-15-31,0.0,0.16,26.24,0.0,0.0,0.0,0,4.828125,6,45,05:48,20:11,2025-05-12 19:10:58.217613,Città della Scienza,64.5,1.2522135,10.9699,1.0026323,0.8290476,EU EEA Common AQI,72.0,1.0363096,9.901628,7200,1.5714285,100,100,62.7,1.5999999,Very Low,71.8,0.67376566,100,1747076400,Very Low,0.8021058,1.6016262,Very Low,1.5683178,59.2,2.6,100,1747076400,2.0
2025-05-12T19:11:09Z,20,29.885,73.3,59,65.6,4,3,244,79,0.0,255,32767,0.0,2127-15-31,0.0,0.16,26.24,0.0,0.0,0.0,0,4.828125,6,45,05:48,20:11,2025-05-12 19:11:09.297591,Città della Scienza,64.5,1.2522135,10.9699,1.0026323,0.8290476,EU EEA Common AQI,72.0,1.0363096,9.901628,7200,1.5714285,100,100,62.7,1.5999999,Very Low,71.8,0.67376566,100,1747076400,Very Low,0.8021058,1.6016262,Very Low,1.5683178,59.2,2.6,100,1747076400,2.0
2025-05-12T19:11:20Z,20,29.885,73.3,59,65.6,3,3,257,79,0.0,255,32767,0.0,2127-15-31,0.0,0.16,26.24,0.0,0.0,0.0,0,4.828125,6,45,05:48,20:11,2025-05-12 19:11:20.372600,Città della Scienza,64.5,1.2522135,10.9699,1.0026323,0.8290476,EU EEA Common AQI,72.0,1.0363096,9.901628,7200,1.5714285,100,100,62.7,1.5999999,Very Low,71.8,0.67376566,100,1747076400,Very Low,0.8021058,1.6016262,Very Low,1.5683178,59.2,2.6,100,1747076400,2.0
2025-05-12T19:11:31Z,20,29.885,73.3,59,65.6,4,3,261,79,0.0,255,32767,0.0,2127-15-31,0.0,0.16,26.24,0.0,0.0,0.0,0,4.828125,6,45,05:48,20:11,2025-05-12 19:11:31.457589,Città della Scienza,64.5,1.2522135,10.9699,1.0026323,0.8290476,EU EEA Common AQI,72.0,1.0363096,9.901628,7200,1.5714285,100,100,62.7,1.5999999,Very Low,71.8,0.67376566,100,1747076400,Very Low,0.8021058,1.6016262,Very Low,1.5683178,59.2,2.6,100,1747076400,2.0
2025-05-12T19:11:42Z,20,29.883,73.3,59,65.6,3,3,273,79,0.0,255,32767,0.0,2127-15-31,0.0,0.16,26.24,0.0,0.0,0.0,0,4.828125,6,45,05:48,20:11,2025-05-12 19:11:42.507598,Città della Scienza,64.5,1.2522135,10.9699,1.0026323,0.8290476,EU EEA Common AQI,72.0,1.0363096,9.901628,7200,1.5714285,100,100,62.7,1.5999999,Very Low,71.8,0.67376566,100,1747076400,Very Low,0.8021058,1.6016262,Very Low,1.5683178,59.2,2.6,100,1747076400,2.0
2025-05-12T19:11:53Z,20,29.883,73.3,59,65.6,2,3,259,79,0.0,255,32767,0.0,2127-15-31,0.0,0.16,26.24,0.0,0.0,0.0,0,4.828125,6,45,05:48,20:11,2025-05-12 19:11:53.599589,Città della Scienza,64.5,1.2522135,10.9699,1.0026323,0.8290476,EU EEA Common AQI,72.0,1.0363096,9.901628,7200,1.5714285,100,100,62.7,1.5999999,Very Low,71.8,0.67376566,100,1747076400,Very Low,0.8021058,1.6016262,Very Low,1.5683178,59.2,2.6,100,1747076400,2.0
2025-05-12T19:12:04Z,20,29.883,73.3,59,65.6,2,3,273,79,0.0,255,32767,0.0,2127-15-31,0.0,0.16,26.24,0.0,0.0,0.0,0,4.828125,6,45,05:48,20:11,2025-05-12 19:12:04.676556,Città della Scienza,64.5,1.2522135,10.9699,1.0026323,0.8290476,EU EEA Common AQI,72.0,1.0363096,9.901628,7200,1.5714285,100,100,62.7,1.5999999,Very Low,71.8,0.67376566,100,1747076400,Very Low,0.8021058,1.6016262,Very Low,1.5683178,59.2,2.6,100,1747076400,2.0
2025-05-12T19:12:15Z,20,29.883,73.3,59,65.6,2,3,277,79,0.0,255,32767,0.0,2127-15-31,0.0,0.16,26.24,0.0,0.0,0.0,0,4.828125,6,45,05:48,20:11,2025-05-12 19:12:15.768590,Città della Scienza,64.5,1.2522135,10.9699,1.0026323,0.8290476,EU EEA Common AQI,72.0,1.0363096,9.901628,7200,1.5714285,100,100,62.7,1.5999999,Very Low,71.8,0.67376566,100,1747076400,Very Low,0.8021058,1.6016262,Very Low,1.5683178,59.2,2.6,100,1747076400,2.0
2025-05-12T19:12:27Z,20,29.883,73.3,59,65.6,3,3,244,79,0.0,255,32767,0.0,2127-15-31,0.0,0.16,26.24,0.0,0.0,0.0,0,4.828125,6,45,05:48,20:11,2025-05-12 19:12:26.839580,Città della Scienza,64.5,1.2522135,10.9699,1.0026323,0.8290476,EU EEA Common AQI,72.0,1.0363096,9.901628,7200,1.5714285,100,100,62.7,1.5999999,Very Low,71.8,0.67376566,100,1747076400,Very Low,0.8021058,1.6016262,Very Low,1.5683178,59.2,2.6,100,1747076400,2.0
2025-05-12T19:12:38Z,20,29.883,73.3,59,65.6,2,3,271,79,0.0,255,32767,0.0,2127-15-31,0.0,0.16,26.24,0.0,0.0,0.0,0,4.828125,6,45,05:48,20:11,2025-05-12 19:12:37.912594,Città della Scienza,64.5,1.2522135,10.9699,1.0026323,0.8290476,EU EEA Common AQI,72.0,1.0363096,9.901628,7200,1.5714285,100,100,62.7,1.5999999,Very Low,71.8,0.67376566,100,1747076400,Very Low,0.8021058,1.6016262,Very Low,1.5683178,59.2,2.6,100,1747076400,2.0
2025-05-12T19:12:49Z,20,29.883,73.3,59,65.6,1,3,273,79,0.0,255,32767,0.0,2127-15-31,0.0,0.16,26.24,0.0,0.0,0.0,0,4.828125,6,45,05:48,20:11,2025-05-12 19:12:48.973588,Città della Scienza,64.5,1.2522135,10.9699,1.0026323,0.8290476,EU EEA Common AQI,72.0,1.0363096,9.901628,7200,1.5714285,100,100,62.7,1.5999999,Very Low,71.8,0.67376566,100,1747076400,Very Low,0.8021058,1.6016262,Very Low,1.5683178,59.2,2.6,100,1747076400,2.0
2025-05-12T19:13:00Z,20,29.883,73.3,59,65.6,2,3,273,79,0.0,255,32767,0.0,2127-15-31,0.0,0.16,26.24,0.0,0.0,0.0,0,4.828125,6,45,05:48,20:11,2025-05-12 19:13:00.064581,Città della Scienza,64.5,1.2522135,10.9699,1.0026323,0.8290476,EU EEA Common AQI,72.0,1.0363096,9.901628,7200,1.5714285,100,100,62.7,1.5999999,Very Low,71.8,0.67376566,100,1747076400,Very Low,0.8021058,1.6016262,Very Low,1.5683178,59.2,2.6,100,1747076400,2.0
2025-05-12T19:13:11Z,20,29.883,73.3,59,65.6,3,3,269,79,0.0,255,32767,0.0,2127-15-31,0.0,0.16,26.24,0.0,0.0,0.0,0,4.828125,6,45,05:48,20:11,2025-05-12 19:13:11.147600,Città della Scienza,64.5,1.2522135,10.9699,1.0026323,0.8290476,EU EEA Common AQI,72.0,1.0363096,9.901628,7200,1.5714285,100,100,62.7,1.5999999,Very Low,71.8,0.67376566,100,1747076400,Very Low,0.8021058,1.6016262,Very Low,1.5683178,59.2,2.6,100,1747076400,2.0
2025-05-12T19:13:22Z,20,29.883,73.3,59,65.6,2,3,280,79,0.0,255,32767,0.0,2127-15-31,0.0,0.16,26.24,0.0,0.0,0.0,0,4.828125,6,45,05:48,20:11,2025-05-12 19:13:22.249560,Città della Scienza,64.5,1.2522135,10.9699,1.0026323,0.8290476,EU EEA Common AQI,72.0,1.0363096,9.901628,7200,1.5714285,100,100,62.7,1.5999999,Very Low,71.8,0.67376566,100,1747076400,Very Low,0.8021058,1.6016262,Very Low,1.5683178,59.2,2.6,100,1747076400,2.0
2025-05-12T19:13:33Z,20,29.883,73.3,59,65.6,2,3,278,79,0.0,255,32767,0.0,2127-15-31,0.0,0.16,26.24,0.0,0.0,0.0,0,4.828125,6,45,05:48,20:11,2025-05-12 19:13:33.311617,Città della Scienza,64.5,1.2522135,10.9699,1.0026323,0.8290476,EU EEA Common AQI,72.0,1.0363096,9.901628,7200,1.5714285,100,100,62.7,1.5999999,Very Low,71.8,0.67376566,100,1747076400,Very Low,0.8021058,1.6016262,Very Low,1.5683178,59.2,2.6,100,1747076400,2.0
2025-05-12T19:13:44Z,20,29.887,73.3,59,65.6,2,3,278,79,0.0,255,32767,0.0,2127-15-31,0.0,0.16,26.24,0.0,0.0,0.0,0,4.828125,6,45,05:48,20:11,2025-05-12 19:13:44.376599,Città della Scienza,64.5,1.2522135,10.9699,1.0026323,0.8290476,EU EEA Common AQI,72.0,1.0363096,9.901628,7200,1.5714285,100,100,62.7,1.5999999,Very Low,71.8,0.67376566,100,1747076400,Very Low,0.8021058,1.6016262,Very Low,1.5683178,59.2,2.6,100,1747076400,2.0
2025-05-12T19:13:55Z,20,29.887,73.3,59,65.6,1,3,278,79,0.0,255,32767,0.0,2127-15-31,0.0,0.16,26.24,0.0,0.0,0.0,0,4.828125,6,45,05:48,20:11,2025-05-12 19:13:55.411602,Città della Scienza,64.5,1.2522135,10.9699,1.0026323,0.8290476,EU EEA Common AQI,72.0,1.0363096,9.901628,7200,1.5714285,100,100,62.7,1.5999999,Very Low,71.8,0.67376566,100,1747076400,Very Low,0.8021058,1.6016262,Very Low,1.5683178,59.2,2.6,100,1747076400,2.0
2025-05-12T19:14:06Z,20,29.887,73.3,59,65.6,1,3,278,79,0.0,255,32767,0.0,2127-15-31,0.0,0.16,26.24,0.0,0.0,0.0,0,4.828125,6,45,05:48,20:11,2025-05-12 19:14:06.473592,Città della Scienza,64.5,1.2522135,10.9699,1.0026323,0.8290476,EU EEA Common AQI,72.0,1.0363096,9.901628,7200,1.5714285,100,100,62.7,1.5999999,Very Low,71.8,0.67376566,100,1747076400,Very Low,0.8021058,1.6016262,Very Low,1.5683178,59.2,2.6,100,1747076400,2.0
2025-05-12T19:14:17Z,20,29.887,73.3,59,65.6,3,3,279,79,0.0,255,32767,0.0,2127-15-31,0.0,0.16,26.24,0.0,0.0,0.0,0,4.828125,6,45,05:48,20:11,2025-05-12 19:14:17.537606,Città della Scienza,64.5,1.2522135,10.9699,1.0026323,0.8290476,EU EEA Common AQI,72.0,1.0363096,9.901628,7200,1.5714285,100,100,62.7,1.5999999,Very Low,71.8,0.67376566,100,1747076400,Very Low,0.8021058,1.6016262,Very Low,1.5683178,59.2,2.6,100,1747076400,2.0
2025-05-12T19:14:28Z,20,29.887,73.3,59,65.6,2,3,288,79,0.0,255,32767,0.0,2127-15-31,0.0,0.16,26.24,0.0,0.0,0.0,0,4.828125,6,45,05:48,20:11,2025-05-12 19:14:28.658601,Città della Scienza,64.5,1.2522135,10.9699,1.0026323,0.8290476,EU EEA Common AQI,72.0,1.0363096,9.901628,7200,1.5714285,100,100,62.7,1.5999999,Very Low,71.8,0.67376566,100,1747076400,Very Low,0.8021058,1.6016262,Very Low,1.5683178,59.2,2.6,100,1747076400,2.0
2025-05-12T19:14:39Z,20,29.884,73.3,59,65.6,2,3,262,79,0.0,255,32767,0.0,2127-15-31,0.0,0.16,26.24,0.0,0.0,0.0,0,4.828125,6,45,05:48,20:11,2025-05-12 19:14:39.751593,Città della Scienza,64.5,1.2522135,10.9699,1.0026323,0.8290476,EU EEA Common AQI,72.0,1.0363096,9.901628,7200,1.5714285,100,100,62.7,1.5999999,Very Low,71.8,0.67376566,100,1747076400,Very Low,0.8021058,1.6016262,Very Low,1.5683178,59.2,2.6,100,1747076400,2.0
2025-05-12T19:14:51Z,20,29.884,73.3,59,65.6,0,3,262,79,0.0,255,32767,0.0,2127-15-31,0.0,0.16,26.24,0.0,0.0,0.0,0,4.828125,6,45,05:48,20:11,2025-05-12 19:14:50.837592,Città della Scienza,64.5,1.2522135,10.9699,1.0026323,0.8290476,EU EEA Common AQI,72.0,1.0363096,9.901628,7200,1.5714285,100,100,62.7,1.5999999,Very Low,71.8,0.67376566,100,1747076400,Very Low,0.8021058,1.6016262,Very Low,1.5683178,59.2,2.6,100,1747076400,2.0
2025-05-12T19:15:02Z,20,29.884,73.3,59,65.6,0,3,262,79,0.0,255,32767,0.0,2127-15-31,0.0,0.16,26.24,0.0,0.0,0.0,0,4.828125,6,45,05:48,20:11,2025-05-12 19:15:01.914591,Città della Scienza,64.5,1.2522135,10.9699,1.0026323,0.8290476,EU EEA Common AQI,72.0,1.0363096,9.901628,7200,1.5714285,100,100,62.7,1.5999999,Very Low,71.8,0.67376566,100,1747076400,Very Low,0.8021058,1.6016262,Very Low,1.5683178,59.2,2.6,100,1747076400,2.0
2025-05-12T19:15:13Z,20,29.884,73.3,59,65.6,1,3,244,79,0.0,255,32767,0.0,2127-15-31,0.0,0.16,26.24,0.0,0.0,0.0,0,4.828125,6,45,05:48,20:11,2025-05-12 19:15:13.035590,Città della Scienza,64.5,1.2522135,10.9699,1.0026323,0.8290476,EU EEA Common AQI,72.0,1.0363096,9.901628,7200,1.5714285,100,100,62.7,1.5999999,Very Low,71.8,0.67376566,100,1747076400,Very Low,0.8021058,1.6016262,Very Low,1.5683178,59.2,2.6,100,1747076400,2.0
2025-05-12T19:15:24Z,20,29.884,73.3,59,65.6,2,3,244,79,0.0,255,32767,0.0,2127-15-31,0.0,0.16,26.24,0.0,0.0,0.0,0,4.828125,6,45,05:48,20:11,2025-05-12 19:15:24.163607,Città della Scienza,66.2,1.2690222,10.924954,1.0593443,0.82927173,EU EEA Common AQI,71.6,1.0365897,9.857381,7200,0.75714284,100,100,62.9,0.7657142,Very Low,71.4,0.6902217,100,1747077300,Very Low,0.8474754,1.6242669,Very Low,1.6877244,59.6,2.2428572,100,1747077300,0.95714283
2025-05-12T19:15:35Z,20,29.886,73.3,59,65.6,2,3,271,79,0.0,255,32767,0.0,2127-15-31,0.0,0.16,26.24,0.0,0.0,0.0,0,4.828125,6,45,05:48,20:11,2025-05-12 19:15:35.218591,Città della Scienza,66.2,1.2690222,10.924954,1.0593443,0.82927173,EU EEA Common AQI,71.6,1.0365897,9.857381,7200,0.75714284,100,100,62.9,0.7657142,Very Low,71.4,0.6902217,100,1747077300,Very Low,0.8474754,1.6242669,Very Low,1.6877244,59.6,2.2428572,100,1747077300,0.95714283
2025-05-12T19:15:46Z,20,29.886,73.3,59,65.6,2,3,263,79,0.0,255,32767,0.0,2127-15-31,0.0,0.16,26.24,0.0,0.0,0.0,0,4.828125,6,45,05:48,20:11,2025-05-12 19:15:46.295589,Città della Scienza,66.2,1.2690222,10.924954,1.0593443,0.82927173,EU EEA Common AQI,71.6,1.0365897,9.857381,7200,0.75714284,100,100,62.9,0.7657142,Very Low,71.4,0.6902217,100,1747077300,Very Low,0.8474754,1.6242669,Very Low,1.6877244,59.6,2.2428572,100,1747077300,0.95714283
2025-05-12T19:15:57Z,20,29.886,73.3,59,65.6,3,3,278,79,0.0,255,32767,0.0,2127-15-31,0.0,0.16,26.24,0.0,0.0,0.0,0,4.828125,6,45,05:48,20:11,2025-05-12 19:15:57.380620,Città della Scienza,66.2,1.2690222,10.924954,1.0593443,0.82927173,EU EEA Common AQI,71.6,1.0365897,9.857381,7200,0.75714284,100,100,62.9,0.7657142,Very Low,71.4,0.6902217,100,1747077300,Very Low,0.8474754,1.6242669,Very Low,1.6877244,59.6,2.2428572,100,1747077300,0.95714283
2025-05-12T19:16:08Z,20,29.886,73.3,59,65.6,3,3,288,79,0.0,255,32767,0.0,2127-15-31,0.0,0.16,26.24,0.0,0.0,0.0,0,4.828125,6,45,05:48,20:11,2025-05-12 19:16:08.423596,Città della Scienza,66.2,1.2690222,10.924954,1.0593443,0.82927173,EU EEA Common AQI,71.6,1.0365897,9.857381,7200,0.75714284,100,100,62.9,0.7657142,Very Low,71.4,0.6902217,100,1747077300,Very Low,0.8474754,1.6242669,Very Low,1.6877244,59.6,2.2428572,100,1747077300,0.95714283
2025-05-12T19:16:19Z,20,29.886,73.3,59,65.6,2,3,272,79,0.0,255,32767,0.0,2127-15-31,0.0,0.16,26.24,0.0,0.0,0.0,0,4.828125,6,45,05:48,20:11,2025-05-12 19:16:19.518551,Città della Scienza,66.2,1.2690222,10.924954,1.0593443,0.82927173,EU EEA Common AQI,71.6,1.0365897,9.857381,7200,0.75714284,100,100,62.9,0.7657142,Very Low,71.4,0.6902217,100,1747077300,Very Low,0.8474754,1.6242669,Very Low,1.6877244,59.6,2.2428572,100,1747077300,0.95714283
2025-05-12T19:16:30Z,20,29.886,73.3,59,65.6,1,3,272,79,0.0,255,32767,0.0,2127-15-31,0.0,0.16,26.24,0.0,0.0,0.0,0,4.828125,6,45,05:48,20:11,2025-05-12 19:16:30.583610,Città della Scienza,66.2,1.2690222,10.924954,1.0593443,0.82927173,EU EEA Common AQI,71.6,1.0365897,9.857381,7200,0.75714284,100,100,62.9,0.7657142,Very Low,71.4,0.6902217,100,1747077300,Very Low,0.8474754,1.6242669,Very Low,1.6877244,59.6,2.2428572,100,1747077300,0.95714283
2025-05-12T19:16:41Z,20,29.884,73.3,59,65.6,0,3,272,79,0.0,255,32767,0.0,2127-15-31,0.0,0.16,26.24,0.0,0.0,0.0,0,4.828125,6,45,05:48,20:11,2025-05-12 19:16:41.646595,Città della Scienza,66.2,1.2690222,10.924954,1.0593443,0.82927173,EU EEA Common AQI,71.6,1.0365897,9.857381,7200,0.75714284,100,100,62.9,0.7657142,Very Low,71.4,0.6902217,100,1747077300,Very Low,0.8474754,1.6242669,Very Low,1.6877244,59.6,2.2428572,100,1747077300,0.95714283
2025-05-12T19:16:52Z,20,29.884,73.3,59,65.6,1,3,272,79,0.0,255,32767,0.0,2127-15-31,0.0,0.16,26.24,0.0,0.0,0.0,0,4.828125,6,45,05:48,20:11,2025-05-12 19:16:52.719593,Città della Scienza,66.2,1.2690222,10.924954,1.0593443,0.82927173,EU EEA Common AQI,71.6,1.0365897,9.857381,7200,0.75714284,100,100,62.9,0.7657142,Very Low,71.4,0.6902217,100,1747077300,Very Low,0.8474754,1.6242669,Very Low,1.6877244,59.6,2.2428572,100,1747077300,0.95714283
2025-05-12T19:17:03Z,20,29.884,73.3,59,65.6,2,3,247,79,0.0,255,32767,0.0,2127-15-31,0.0,0.16,26.24,0.0,0.0,0.0,0,4.828125,6,45,05:48,20:11,2025-05-12 19:17:03.796595,Città della Scienza,66.2,1.2690222,10.924954,1.0593443,0.82927173,EU EEA Common AQI,71.6,1.0365897,9.857381,7200,0.75714284,100,100,62.9,0.7657142,Very Low,71.4,0.6902217,100,1747077300,Very Low,0.8474754,1.6242669,Very Low,1.6877244,59.6,2.2428572,100,1747077300,0.95714283
2025-05-12T19:17:15Z,20,29.884,73.3,59,65.6,6,3,275,79,0.0,255,32767,0.0,2127-15-31,0.0,0.16,26.24,0.0,0.0,0.0,0,4.828125,6,45,05:48,20:11,2025-05-12 19:17:14.866596,Città della Scienza,66.2,1.2690222,10.924954,1.0593443,0.82927173,EU EEA Common AQI,71.6,1.0365897,9.857381,7200,0.75714284,100,100,62.9,0.7657142,Very Low,71.4,0.6902217,100,1747077300,Very Low,0.8474754,1.6242669,Very Low,1.6877244,59.6,2.2428572,100,1747077300,0.95714283
2025-05-12T19:17:26Z,20,29.884,73.3,59,65.6,3,3,286,79,0.0,255,32767,0.0,2127-15-31,0.0,0.16,26.24,0.0,0.0,0.0,0,4.828125,6,45,05:48,20:11,2025-05-12 19:17:25.928600,Città della Scienza,66.2,1.2690222,10.924954,1.0593443,0.82927173,EU EEA Common AQI,71.6,1.0365897,9.857381,7200,0.75714284,100,100,62.9,0.7657142,Very Low,71.4,0.6902217,100,1747077300,Very Low,0.8474754,1.6242669,Very Low,1.6877244,59.6,2.2428572,100,1747077300,0.95714283
2025-05-12T19:17:37Z,20,29.884,73.3,59,65.6,4,3,268,79,0.0,255,32767,0.0,2127-15-31,0.0,0.16,26.24,0.0,0.0,0.0,0,4.828125,6,45,05:48,20:11,2025-05-12 19:17:37.017589,Città della Scienza,66.2,1.2690222,10.924954,1.0593443,0.82927173,EU EEA Common AQI,71.6,1.0365897,9.857381,7200,0.75714284,100,100,62.9,0.7657142,Very Low,71.4,0.6902217,100,1747077300,Very Low,0.8474754,1.6242669,Very Low,1.6877244,59.6,2.2428572,100,1747077300,0.95714283
2025-05-12T19:17:48Z,20,29.884,73.3,59,65.6,3,3,289,79,0.0,255,32767,0.0,2127-15-31,0.0,0.16,26.24,0.0,0.0,0.0,0,4.828125,6,45,05:48,20:11,2025-05-12 19:17:48.107587,Città della Scienza,66.2,1.2690222,10.924954,1.0593443,0.82927173,EU EEA Common AQI,71.6,1.0365897,9.857381,7200,0.75714284,100,100,62.9,0.7657142,Very Low,71.4,0.6902217,100,1747077300,Very Low,0.8474754,1.6242669,Very Low,1.6877244,59.6,2.2428572,100,1747077300,0.95714283
2025-05-12T19:17:59Z,20,29.884,73.3,59,65.6,3,3,241,79,0.0,255,32767,0.0,2127-15-31,0.0,0.16,26.24,0.0,0.0,0.0,0,4.828125,6,45,05:48,20:11,2025-05-12 19:17:59.191595,Città della Scienza,66.2,1.2690222,10.924954,1.0593443,0.82927173,EU EEA Common AQI,71.6,1.0365897,9.857381,7200,0.75714284,100,100,62.9,0.7657142,Very Low,71.4,0.6902217,100,1747077300,Very Low,0.8474754,1.6242669,Very Low,1.6877244,59.6,2.2428572,100,1747077300,0.95714283
2025-05-12T19:18:10Z,20,29.884,73.3,59,65.6,2,3,239,79,0.0,255,32767,0.0,2127-15-31,0.0,0.16,26.24,0.0,0.0,0.0,0,4.828125,6,45,05:48,20:11,2025-05-12 19:18:10.256593,Città della Scienza,66.2,1.2690222,10.924954,1.0593443,0.82927173,EU EEA Common AQI,71.6,1.0365897,9.857381,7200,0.75714284,100,100,62.9,0.7657142,Very Low,71.4,0.6902217,100,1747077300,Very Low,0.8474754,1.6242669,Very Low,1.6877244,59.6,2.2428572,100,1747077300,0.95714283
2025-05-12T19:18:21Z,20,29.884,73.3,59,65.6,1,3,239,79,0.0,255,32767,0.0,2127-15-31,0.0,0.16,26.24,0.0,0.0,0.0,0,4.828125,6,45,05:48,20:11,2025-05-12 19:18:21.352584,Città della Scienza,66.2,1.2690222,10.924954,1.0593443,0.82927173,EU EEA Common AQI,71.6,1.0365897,9.857381,7200,0.75714284,100,100,62.9,0.7657142,Very Low,71.4,0.6902217,100,1747077300,Very Low,0.8474754,1.6242669,Very Low,1.6877244,59.6,2.2428572,100,1747077300,0.95714283
2025-05-12T19:18:32Z,20,29.884,73.3,59,65.6,2,3,287,79,0.0,255,32767,0.0,2127-15-31,0.0,0.16,26.24,0.0,0.0,0.0,0,4.828125,6,45,05:48,20:11,2025-05-12 19:18:32.399559,Città della Scienza,66.2,1.2690222,10.924954,1.0593443,0.82927173,EU EEA Common AQI,71.6,1.0365897,9.857381,7200,0.75714284,100,100,62.9,0.7657142,Very Low,71.4,0.6902217,100,1747077300,Very Low,0.8474754,1.6242669,Very Low,1.6877244,59.6,2.2428572,100,1747077300,0.95714283
2025-05-12T19:18:43Z,20,29.888,73.3,59,65.5,1,3,287,79,0.0,255,32767,0.0,2127-15-31,0.0,0.16,26.24,0.0,0.0,0.0,0,4.828125,6,45,05:48,20:11,2025-05-12 19:18:43.494607,Città della Scienza,66.2,1.2690222,10.924954,1.0593443,0.82927173,EU EEA Common AQI,71.6,1.0365897,9.857381,7200,0.75714284,100,100,62.9,0.7657142,Very Low,71.4,0.6902217,100,1747077300,Very Low,0.8474754,1.6242669,Very Low,1.6877244,59.6,2.2428572,100,1747077300,0.95714283
2025-05-12T19:18:54Z,20,29.888,73.3,59,65.5,3,3,290,79,0.0,255,32767,0.0,2127-15-31,0.0,0.16,26.24,0.0,0.0,0.0,0,4.828125,6,45,05:48,20:11,2025-05-12 19:18:54.581598,Città della Scienza,66.2,1.2690222,10.924954,1.0593443,0.82927173,EU EEA Common AQI,71.6,1.0365897,9.857381,7200,0.75714284,100,100,62.9,0.7657142,Very Low,71.4,0.6902217,100,1747077300,Very Low,0.8474754,1.6242669,Very Low,1.6877244,59.6,2.2428572,100,1747077300,0.95714283
2025-05-12T19:19:05Z,20,29.888,73.3,59,65.5,3,3,290,79,0.0,255,32767,0.0,2127-15-31,0.0,0.16,26.24,0.0,0.0,0.0,0,4.828125,6,45,05:48,20:11,2025-05-12 19:19:05.669564,Città della Scienza,66.2,1.2690222,10.924954,1.0593443,0.82927173,EU EEA Common AQI,71.6,1.0365897,9.857381,7200,0.75714284,100,100,62.9,0.7657142,Very Low,71.4,0.6902217,100,1747077300,Very Low,0.8474754,1.6242669,Very Low,1.6877244,59.6,2.2428572,100,1747077300,0.95714283
2025-05-12T19:19:16Z,20,29.888,73.3,59,65.5,3,3,279,79,0.0,255,32767,0.0,2127-15-31,0.0,0.16,26.24,0.0,0.0,0.0,0,4.828125,6,45,05:48,20:11,2025-05-12 19:19:16.748598,Città della Scienza,66.2,1.2690222,10.924954,1.0593443,0.82927173,EU EEA Common AQI,71.6,1.0365897,9.857381,7200,0.75714284,100,100,62.9,0.7657142,Very Low,71.4,0.6902217,100,1747077300,Very Low,0.8474754,1.6242669,Very Low,1.6877244,59.6,2.2428572,100,1747077300,0.95714283
2025-05-12T19:19:28Z,20,29.888,73.3,59,65.6,3,3,292,79,0.0,255,32767,0.0,2127-15-31,0.0,0.16,26.24,0.0,0.0,0.0,0,4.828125,6,45,05:48,20:11,2025-05-12 19:19:27.830595,Città della Scienza,66.2,1.2690222,10.924954,1.0593443,0.82927173,EU EEA Common AQI,71.6,1.0365897,9.857381,7200,0.75714284,100,100,62.9,0.7657142,Very Low,71.4,0.6902217,100,1747077300,Very Low,0.8474754,1.6242669,Very Low,1.6877244,59.6,2.2428572,100,1747077300,0.95714283
2025-05-12T19:19:39Z,20,29.887,73.3,59,65.6,3,3,294,79,0.0,255,32767,0.0,2127-15-31,0.0,0.16,26.24,0.0,0.0,0.0,0,4.828125,6,45,05:48,20:11,2025-05-12 19:19:38.950596,Città della Scienza,66.2,1.2690222,10.924954,1.0593443,0.82927173,EU EEA Common AQI,71.6,1.0365897,9.857381,7200,0.75714284,100,100,62.9,0.7657142,Very Low,71.4,0.6902217,100,1747077300,Very Low,0.8474754,1.6242669,Very Low,1.6877244,59.6,2.2428572,100,1747077300,0.95714283
2025-05-12T19:19:50Z,20,29.887,73.3,59,65.5,3,3,281,79,0.0,255,32767,0.0,2127-15-31,0.0,0.16,26.24,0.0,0.0,0.0,0,4.828125,6,45,05:48,20:11,2025-05-12 19:19:50.007583,Città della Scienza,66.2,1.2690222,10.924954,1.0593443,0.82927173,EU EEA Common AQI,71.6,1.0365897,9.857381,7200,0.75714284,100,100,62.9,0.7657142,Very Low,71.4,0.6902217,100,1747077300,Very Low,0.8474754,1.6242669,Very Low,1.6877244,59.6,2.2428572,100,1747077300,0.95714283
2025-05-12T19:20:01Z,20,29.887,73.3,59,65.6,3,3,284,79,0.0,255,32767,0.0,2127-15-31,0.0,0.16,26.24,0.0,0.0,0.0,0,4.828125,6,45,05:48,20:11,2025-05-12 19:20:01.124599,Città della Scienza,66.2,1.2690222,10.924954,1.0593443,0.82927173,EU EEA Common AQI,71.6,1.0365897,9.857381,7200,0.75714284,100,100,62.9,0.7657142,Very Low,71.4,0.6902217,100,1747077300,Very Low,0.8474754,1.6242669,Very Low,1.6877244,59.6,2.2428572,100,1747077300,0.95714283
2025-05-12T19:20:12Z,20,29.887,73.3,59,65.6,3,3,302,79,0.0,255,32767,0.0,2127-15-31,0.0,0.16,26.24,0.0,0.0,0.0,0,4.828125,6,45,05:48,20:11,2025-05-12 19:20:12.214591,Città della Scienza,66.2,1.2690222,10.924954,1.0593443,0.82927173,EU EEA Common AQI,71.6,1.0365897,9.857381,7200,0.75714284,100,100,62.9,0.7657142,Very Low,71.4,0.6902217,100,1747077300,Very Low,0.8474754,1.6242669,Very Low,1.6877244,59.6,2.2428572,100,1747077300,0.95714283
2025-05-12T19:20:23Z,20,29.887,73.3,59,65.5,3,3,288,79,0.0,255,32767,0.0,2127-15-31,0.0,0.16,26.24,0.0,0.0,0.0,0,4.828125,6,45,05:48,20:11,2025-05-12 19:20:23.271618,Città della Scienza,66.2,1.2690222,10.924954,1.0593443,0.82927173,EU EEA Common AQI,71.6,1.0365897,9.857381,7200,0.75714284,100,100,62.9,0.7657142,Very Low,71.4,0.6902217,100,1747077300,Very Low,0.8474754,1.6242669,Very Low,1.6877244,59.6,2.2428572,100,1747077300,0.95714283
2025-05-12T19:20:34Z,20,29.885,73.3,59,65.5,2,2,302,79,0.0,255,32767,0.0,2127-15-31,0.0,0.16,26.24,0.0,0.0,0.0,0,4.828125,6,45,05:48,20:11,2025-05-12 19:20:34.363600,Città della Scienza,66.2,1.2690222,10.924954,1.0593443,0.82927173,EU EEA Common AQI,71.6,1.0365897,9.857381,7200,0.75714284,100,100,62.9,0.7657142,Very Low,71.4,0.6902217,100,1747077300,Very Low,0.8474754,1.6242669,Very Low,1.6877244,59.6,2.2428572,100,1747077300,0.95714283
2025-05-12T19:20:45Z,20,29.885,73.3,59,65.5,1,2,308,79,0.0,255,32767,0.0,2127-15-31,0.0,0.16,26.24,0.0,0.0,0.0,0,4.828125,6,45,05:48,20:11,2025-05-12 19:20:45.426594,Città della Scienza,66.2,1.2690222,10.924954,1.0593443,0.82927173,EU EEA Common AQI,71.6,1.0365897,9.857381,7200,0.75714284,100,100,62.9,0.7657142,Very Low,71.4,0.6902217,100,1747077300,Very Low,0.8474754,1.6242669,Very Low,1.6877244,59.6,2.2428572,100,1747077300,0.95714283
2025-05-12T19:20:56Z,20,29.885,73.3,59,65.5,0,2,308,79,0.0,255,32767,0.0,2127-15-31,0.0,0.16,26.24,0.0,0.0,0.0,0,4.828125,6,45,05:48,20:11,2025-05-12 19:20:56.511602,Città della Scienza,66.2,1.2690222,10.924954,1.0593443,0.82927173,EU EEA Common AQI,71.6,1.0365897,9.857381,7200,0.75714284,100,100,62.9,0.7657142,Very Low,71.4,0.6902217,100,1747077300,Very Low,0.8474754,1.6242669,Very Low,1.6877244,59.6,2.2428572,100,1747077300,0.95714283
2025-05-12T19:21:07Z,20,29.885,73.3,59,65.5,2,2,278,79,0.0,255,32767,0.0,2127-15-31,0.0,0.16,26.24,0.0,0.0,0.0,0,4.828125,6,45,05:48,20:11,2025-05-12 19:21:07.566606,Città della Scienza,66.2,1.2690222,10.924954,1.0593443,0.82927173,EU EEA Common AQI,71.6,1.0365897,9.857381,7200,0.75714284,100,100,62.9,0.7657142,Very Low,71.4,0.6902217,100,1747077300,Very Low,0.8474754,1.6242669,Very Low,1.6877244,59.6,2.2428572,100,1747077300,0.95714283
2025-05-12T19:21:18Z,20,29.885,73.3,59,65.5,3,2,286,79,0.0,255,32767,0.0,2127-15-31,0.0,0.16,26.24,0.0,0.0,0.0,0,4.828125,6,45,05:48,20:11,2025-05-12 19:21:18.661590,Città della Scienza,66.2,1.2690222,10.924954,1.0593443,0.82927173,EU EEA Common AQI,71.6,1.0365897,9.857381,7200,0.75714284,100,100,62.9,0.7657142,Very Low,71.4,0.6902217,100,1747077300,Very Low,0.8474754,1.6242669,Very Low,1.6877244,59.6,2.2428572,100,1747077300,0.95714283
2025-05-12T19:21:29Z,20,29.885,73.3,59,65.5,2,2,272,79,0.0,255,32767,0.0,2127-15-31,0.0,0.16,26.24,0.0,0.0,0.0,0,4.828125,6,45,05:48,20:11,2025-05-12 19:21:29.766592,Città della Scienza,66.2,1.2690222,10.924954,1.0593443,0.82927173,EU EEA Common AQI,71.6,1.0365897,9.857381,7200,0.75714284,100,100,62.9,0.7657142,Very Low,71.4,0.6902217,100,1747077300,Very Low,0.8474754,1.6242669,Very Low,1.6877244,59.6,2.2428572,100,1747077300,0.95714283
2025-05-12T19:21:41Z,20,29.886,73.3,59,65.5,1,2,286,79,0.0,255,32767,0.0,2127-15-31,0.0,0.16,26.24,0.0,0.0,0.0,0,4.828125,6,45,05:48,20:11,2025-05-12 19:21:40.844594,Città della Scienza,66.2,1.2690222,10.924954,1.0593443,0.82927173,EU EEA Common AQI,71.6,1.0365897,9.857381,7200,0.75714284,100,100,62.9,0.7657142,Very Low,71.4,0.6902217,100,1747077300,Very Low,0.8474754,1.6242669,Very Low,1.6877244,59.6,2.2428572,100,1747077300,0.95714283
2025-05-12T19:21:52Z,20,29.886,73.3,59,65.5,2,2,288,79,0.0,255,32767,0.0,2127-15-31,0.0,0.16,26.24,0.0,0.0,0.0,0,4.828125,6,45,05:48,20:11,2025-05-12 19:21:52.162600,Città della Scienza,66.2,1.2690222,10.924954,1.0593443,0.82927173,EU EEA Common AQI,71.6,1.0365897,9.857381,7200,0.75714284,100,100,62.9,0.7657142,Very Low,71.4,0.6902217,100,1747077300,Very Low,0.8474754,1.6242669,Very Low,1.6877244,59.6,2.2428572,100,1747077300,0.95714283
2025-05-12T19:22:03Z,20,29.886,73.3,59,65.5,2,2,275,79,0.0,255,32767,0.0,2127-15-31,0.0,0.16,26.24,0.0,0.0,0.0,0,4.828125,6,45,05:48,20:11,2025-05-12 19:22:03.246555,Città della Scienza,66.2,1.2690222,10.924954,1.0593443,0.82927173,EU EEA Common AQI,71.6,1.0365897,9.857381,7200,0.75714284,100,100,62.9,0.7657142,Very Low,71.4,0.6902217,100,1747077300,Very Low,0.8474754,1.6242669,Very Low,1.6877244,59.6,2.2428572,100,1747077300,0.95714283
2025-05-12T19:22:14Z,20,29.886,73.3,59,65.5,2,2,287,79,0.0,255,32767,0.0,2127-15-31,0.0,0.16,26.24,0.0,0.0,0.0,0,4.828125,6,45,05:48,20:11,2025-05-12 19:22:14.393594,Città della Scienza,66.2,1.2690222,10.924954,1.0593443,0.82927173,EU EEA Common AQI,71.6,1.0365897,9.857381,7200,0.75714284,100,100,62.9,0.7657142,Very Low,71.4,0.6902217,100,1747077300,Very Low,0.8474754,1.6242669,Very Low,1.6877244,59.6,2.2428572,100,1747077300,0.95714283
2025-05-12T19:22:25Z,20,29.886,73.3,59,65.5,3,2,269,79,0.0,255,32767,0.0,2127-15-31,0.0,0.16,26.24,0.0,0.0,0.0,0,4.828125,6,45,05:48,20:11,2025-05-12 19:22:25.471617,Città della Scienza,66.2,1.2690222,10.924954,1.0593443,0.82927173,EU EEA Common AQI,71.6,1.0365897,9.857381,7200,0.75714284,100,100,62.9,0.7657142,Very Low,71.4,0.6902217,100,1747077300,Very Low,0.8474754,1.6242669,Very Low,1.6877244,59.6,2.2428572,100,1747077300,0.95714283
2025-05-12T19:22:36Z,20,29.885,73.3,59,65.5,3,2,291,79,0.0,255,32767,0.0,2127-15-31,0.0,0.16,26.24,0.0,0.0,0.0,0,4.828125,6,45,05:48,20:11,2025-05-12 19:22:36.514600,Città della Scienza,66.2,1.2690222,10.924954,1.0593443,0.82927173,EU EEA Common AQI,71.6,1.0365897,9.857381,7200,0.75714284,100,100,62.9,0.7657142,Very Low,71.4,0.6902217,100,1747077300,Very Low,0.8474754,1.6242669,Very Low,1.6877244,59.6,2.2428572,100,1747077300,0.95714283
2025-05-12T19:22:47Z,20,29.885,73.3,59,65.5,3,2,289,79,0.0,255,32767,0.0,2127-15-31,0.0,0.16,26.24,0.0,0.0,0.0,0,4.828125,6,45,05:48,20:11,2025-05-12 19:22:47.607607,Città della Scienza,66.2,1.2690222,10.924954,1.0593443,0.82927173,EU EEA Common AQI,71.6,1.0365897,9.857381,7200,0.75714284,100,100,62.9,0.7657142,Very Low,71.4,0.6902217,100,1747077300,Very Low,0.8474754,1.6242669,Very Low,1.6877244,59.6,2.2428572,100,1747077300,0.95714283
2025-05-12T19:22:58Z,20,29.885,73.3,59,65.5,2,2,289,79,0.0,255,32767,0.0,2127-15-31,0.0,0.16,26.24,0.0,0.0,0.0,0,4.828125,6,45,05:48,20:11,2025-05-12 19:22:58.722588,Città della Scienza,66.2,1.2690222,10.924954,1.0593443,0.82927173,EU EEA Common AQI,71.6,1.0365897,9.857381,7200,0.75714284,100,100,62.9,0.7657142,Very Low,71.4,0.6902217,100,1747077300,Very Low,0.8474754,1.6242669,Very Low,1.6877244,59.6,2.2428572,100,1747077300,0.95714283
2025-05-12T19:23:09Z,20,29.885,73.3,59,65.5,2,2,287,79,0.0,255,32767,0.0,2127-15-31,0.0,0.16,26.24,0.0,0.0,0.0,0,4.828125,6,45,05:48,20:11,2025-05-12 19:23:09.785599,Città della Scienza,66.2,1.2690222,10.924954,1.0593443,0.82927173,EU EEA Common AQI,71.6,1.0365897,9.857381,7200,0.75714284,100,100,62.9,0.7657142,Very Low,71.4,0.6902217,100,1747077300,Very Low,0.8474754,1.6242669,Very Low,1.6877244,59.6,2.2428572,100,1747077300,0.95714283
2025-05-12T19:23:21Z,20,29.885,73.3,59,65.5,2,2,287,79,0.0,255,32767,0.0,2127-15-31,0.0,0.16,26.24,0.0,0.0,0.0,0,4.828125,6,45,05:48,20:11,2025-05-12 19:23:20.838607,Città della Scienza,66.2,1.2690222,10.924954,1.0593443,0.82927173,EU EEA Common AQI,71.6,1.0365897,9.857381,7200,0.75714284,100,100,62.9,0.7657142,Very Low,71.4,0.6902217,100,1747077300,Very Low,0.8474754,1.6242669,Very Low,1.6877244,59.6,2.2428572,100,1747077300,0.95714283
2025-05-12T19:23:32Z,20,29.885,73.3,59,65.5,2,2,275,79,0.0,255,32767,0.0,2127-15-31,0.0,0.16,26.24,0.0,0.0,0.0,0,4.828125,6,45,05:48,20:11,2025-05-12 19:23:31.973592,Città della Scienza,66.2,1.2690222,10.924954,1.0593443,0.82927173,EU EEA Common AQI,71.6,1.0365897,9.857381,7200,0.75714284,100,100,62.9,0.7657142,Very Low,71.4,0.6902217,100,1747077300,Very Low,0.8474754,1.6242669,Very Low,1.6877244,59.6,2.2428572,100,1747077300,0.95714283
2025-05-12T19:23:43Z,20,29.889,73.3,59,65.5,1,2,275,79,0.0,255,32767,0.0,2127-15-31,0.0,0.16,26.24,0.0,0.0,0.0,0,4.828125,6,45,05:48,20:11,2025-05-12 19:23:43.107591,Città della Scienza,66.2,1.2690222,10.924954,1.0593443,0.82927173,EU EEA Common AQI,71.6,1.0365897,9.857381,7200,0.75714284,100,100,62.9,0.7657142,Very Low,71.4,0.6902217,100,1747077300,Very Low,0.8474754,1.6242669,Very Low,1.6877244,59.6,2.2428572,100,1747077300,0.95714283
2025-05-12T19:23:54Z,20,29.889,73.3,59,65.5,1,2,275,79,0.0,255,32767,0.0,2127-15-31,0.0,0.16,26.24,0.0,0.0,0.0,0,4.828125,6,45,05:48,20:11,2025-05-12 19:23:54.205608,Città della Scienza,66.2,1.2690222,10.924954,1.0593443,0.82927173,EU EEA Common AQI,71.6,1.0365897,9.857381,7200,0.75714284,100,100,62.9,0.7657142,Very Low,71.4,0.6902217,100,1747077300,Very Low,0.8474754,1.6242669,Very Low,1.6877244,59.6,2.2428572,100,1747077300,0.95714283
2025-05-12T19:24:05Z,20,29.889,73.3,59,65.5,1,2,275,79,0.0,255,32767,0.0,2127-15-31,0.0,0.16,26.24,0.0,0.0,0.0,0,4.828125,6,45,05:48,20:11,2025-05-12 19:24:05.294595,Città della Scienza,66.2,1.2690222,10.924954,1.0593443,0.82927173,EU EEA Common AQI,71.6,1.0365897,9.857381,7200,0.75714284,100,100,62.9,0.7657142,Very Low,71.4,0.6902217,100,1747077300,Very Low,0.8474754,1.6242669,Very Low,1.6877244,59.6,2.2428572,100,1747077300,0.95714283
2025-05-12T19:24:16Z,20,29.889,73.3,59,65.5,0,2,275,79,0.0,255,32767,0.0,2127-15-31,0.0,0.16,26.24,0.0,0.0,0.0,0,4.828125,6,45,05:48,20:11,2025-05-12 19:24:16.382598,Città della Scienza,66.2,1.2690222,10.924954,1.0593443,0.82927173,EU EEA Common AQI,71.6,1.0365897,9.857381,7200,0.75714284,100,100,62.9,0.7657142,Very Low,71.4,0.6902217,100,1747077300,Very Low,0.8474754,1.6242669,Very Low,1.6877244,59.6,2.2428572,100,1747077300,0.95714283
2025-05-12T19:24:27Z,20,29.889,73.3,59,65.5,1,2,275,79,0.0,255,32767,0.0,2127-15-31,0.0,0.16,26.24,0.0,0.0,0.0,0,4.828125,6,45,05:48,20:11,2025-05-12 19:24:27.492596,Città della Scienza,66.2,1.2690222,10.924954,1.0593443,0.82927173,EU EEA Common AQI,71.6,1.0365897,9.857381,7200,0.75714284,100,100,62.9,0.7657142,Very Low,71.4,0.6902217,100,1747077300,Very Low,0.8474754,1.6242669,Very Low,1.6877244,59.6,2.2428572,100,1747077300,0.95714283
2025-05-12T19:24:38Z,20,29.888,73.3,59,65.4,3,2,296,79,0.0,255,32767,0.0,2127-15-31,0.0,0.16,26.24,0.0,0.0,0.0,0,4.828125,6,45,05:48,20:11,2025-05-12 19:24:38.576607,Città della Scienza,66.2,1.2690222,10.924954,1.0593443,0.82927173,EU EEA Common AQI,71.6,1.0365897,9.857381,7200,0.75714284,100,100,62.9,0.7657142,Very Low,71.4,0.6902217,100,1747077300,Very Low,0.8474754,1.6242669,Very Low,1.6877244,59.6,2.2428572,100,1747077300,0.95714283
2025-05-12T19:24:49Z,20,29.888,73.3,59,65.5,4,2,291,79,0.0,255,32767,0.0,2127-15-31,0.0,0.16,26.24,0.0,0.0,0.0,0,4.828125,6,45,05:48,20:11,2025-05-12 19:24:49.642557,Città della Scienza,66.2,1.2690222,10.924954,1.0593443,0.82927173,EU EEA Common AQI,71.6,1.0365897,9.857381,7200,0.75714284,100,100,62.9,0.7657142,Very Low,71.4,0.6902217,100,1747077300,Very Low,0.8474754,1.6242669,Very Low,1.6877244,59.6,2.2428572,100,1747077300,0.95714283
2025-05-12T19:25:00Z,20,29.888,73.3,59,65.4,3,2,277,79,0.0,255,32767,0.0,2127-15-31,0.0,0.16,26.24,0.0,0.0,0.0,0,4.828125,6,45,05:48,20:11,2025-05-12 19:25:00.715602,Città della Scienza,66.2,1.2690222,10.924954,1.0593443,0.82927173,EU EEA Common AQI,71.6,1.0365897,9.857381,7200,0.75714284,100,100,62.9,0.7657142,Very Low,71.4,0.6902217,100,1747077300,Very Low,0.8474754,1.6242669,Very Low,1.6877244,59.6,2.2428572,100,1747077300,0.95714283
2025-05-12T19:25:11Z,20,29.888,73.3,59,65.5,2,2,275,79,0.0,255,32767,0.0,2127-15-31,0.0,0.16,26.24,0.0,0.0,0.0,0,4.828125,6,45,05:48,20:11,2025-05-12 19:25:11.789591,Città della Scienza,66.2,1.2690222,10.924954,1.0593443,0.82927173,EU EEA Common AQI,71.6,1.0365897,9.857381,7200,0.75714284,100,100,62.9,0.7657142,Very Low,71.4,0.6902217,100,1747077300,Very Low,0.8474754,1.6242669,Very Low,1.6877244,59.6,2.2428572,100,1747077300,0.95714283
2025-05-12T19:25:23Z,20,29.888,73.3,59,65.5,3,2,273,79,0.0,255,32767,0.0,2127-15-31,0.0,0.16,26.24,0.0,0.0,0.0,0,4.828125,6,45,05:48,20:11,2025-05-12 19:25:22.878595,Città della Scienza,66.2,1.2690222,10.924954,1.0593443,0.82927173,EU EEA Common AQI,71.6,1.0365897,9.857381,7200,0.75714284,100,100,62.9,0.7657142,Very Low,71.4,0.6902217,100,1747077300,Very Low,0.8474754,1.6242669,Very Low,1.6877244,59.6,2.2428572,100,1747077300,0.95714283
2025-05-12T19:25:34Z,20,29.888,73.3,59,65.4,3,2,281,79,0.0,255,32767,0.0,2127-15-31,0.0,0.16,26.24,0.0,0.0,0.0,0,4.828125,6,45,05:48,20:11,2025-05-12 19:25:33.991583,Città della Scienza,66.2,1.2690222,10.924954,1.0593443,0.82927173,EU EEA Common AQI,71.6,1.0365897,9.857381,7200,0.75714284,100,100,62.9,0.7657142,Very Low,71.4,0.6902217,100,1747077300,Very Low,0.8474754,1.6242669,Very Low,1.6877244,59.6,2.2428572,100,1747077300,0.95714283
2025-05-12T19:25:45Z,20,29.887,73.3,59,65.5,3,2,283,79,0.0,255,32767,0.0,2127-15-31,0.0,0.16,26.24,0.0,0.0,0.0,0,4.828125,6,45,05:48,20:11,2025-05-12 19:25:45.089589,Città della Scienza,66.2,1.2690222,10.924954,1.0593443,0.82927173,EU EEA Common AQI,71.6,1.0365897,9.857381,7200,0.75714284,100,100,62.9,0.7657142,Very Low,71.4,0.6902217,100,1747077300,Very Low,0.8474754,1.6242669,Very Low,1.6877244,59.6,2.2428572,100,1747077300,0.95714283
2025-05-12T19:25:56Z,20,29.887,73.3,59,65.5,2,2,264,79,0.0,255,32767,0.0,2127-15-31,0.0,0.16,26.24,0.0,0.0,0.0,0,4.828125,6,45,05:48,20:11,2025-05-12 19:25:56.146591,Città della Scienza,66.2,1.2690222,10.924954,1.0593443,0.82927173,EU EEA Common AQI,71.6,1.0365897,9.857381,7200,0.75714284,100,100,62.9,0.7657142,Very Low,71.4,0.6902217,100,1747077300,Very Low,0.8474754,1.6242669,Very Low,1.6877244,59.6,2.2428572,100,1747077300,0.95714283
2025-05-12T19:26:07Z,20,29.887,73.3,59,65.4,2,2,259,79,0.0,255,32767,0.0,2127-15-31,0.0,0.16,26.24,0.0,0.0,0.0,0,4.828125,6,45,05:48,20:11,2025-05-12 19:26:07.226594,Città della Scienza,66.2,1.2690222,10.924954,1.0593443,0.82927173,EU EEA Common AQI,71.6,1.0365897,9.857381,7200,0.75714284,100,100,62.9,0.7657142,Very Low,71.4,0.6902217,100,1747077300,Very Low,0.8474754,1.6242669,Very Low,1.6877244,59.6,2.2428572,100,1747077300,0.95714283
2025-05-12T19:26:18Z,20,29.887,73.3,59,65.4,2,2,259,79,0.0,255,32767,0.0,2127-15-31,0.0,0.16,26.24,0.0,0.0,0.0,0,4.828125,6,45,05:48,20:11,2025-05-12 19:26:18.270595,Città della Scienza,66.2,1.2690222,10.924954,1.0593443,0.82927173,EU EEA Common AQI,71.6,1.0365897,9.857381,7200,0.75714284,100,100,62.9,0.7657142,Very Low,71.4,0.6902217,100,1747077300,Very Low,0.8474754,1.6242669,Very Low,1.6877244,59.6,2.2428572,100,1747077300,0.95714283
2025-05-12T19:26:29Z,20,29.887,73.3,59,65.4,1,2,259,79,0.0,255,32767,0.0,2127-15-31,0.0,0.16,26.24,0.0,0.0,0.0,0,4.828125,6,45,05:48,20:11,2025-05-12 19:26:29.351591,Città della Scienza,66.2,1.2690222,10.924954,1.0593443,0.82927173,EU EEA Common AQI,71.6,1.0365897,9.857381,7200,0.75714284,100,100,62.9,0.7657142,Very Low,71.4,0.6902217,100,1747077300,Very Low,0.8474754,1.6242669,Very Low,1.6877244,59.6,2.2428572,100,1747077300,0.95714283
2025-05-12T19:26:40Z,20,29.886,73.4,59,65.5,1,2,259,79,0.0,255,32767,0.0,2127-15-31,0.0,0.16,26.24,0.0,0.0,0.0,0,4.828125,6,45,05:48,20:11,2025-05-12 19:26:40.432595,Città della Scienza,66.2,1.2690222,10.924954,1.0593443,0.82927173,EU EEA Common AQI,71.6,1.0365897,9.857381,7200,0.75714284,100,100,62.9,0.7657142,Very Low,71.4,0.6902217,100,1747077300,Very Low,0.8474754,1.6242669,Very Low,1.6877244,59.6,2.2428572,100,1747077300,0.95714283
2025-05-12T19:26:51Z,20,29.886,73.4,59,65.4,2,2,259,79,0.0,255,32767,0.0,2127-15-31,0.0,0.16,26.24,0.0,0.0,0.0,0,4.828125,6,45,05:48,20:11,2025-05-12 19:26:51.501608,Città della Scienza,66.2,1.2690222,10.924954,1.0593443,0.82927173,EU EEA Common AQI,71.6,1.0365897,9.857381,7200,0.75714284,100,100,62.9,0.7657142,Very Low,71.4,0.6902217,100,1747077300,Very Low,0.8474754,1.6242669,Very Low,1.6877244,59.6,2.2428572,100,1747077300,0.95714283
2025-05-12T19:27:02Z,20,29.886,73.4,59,65.4,2,2,259,79,0.0,255,32767,0.0,2127-15-31,0.0,0.16,26.24,0.0,0.0,0.0,0,4.828125,6,45,05:48,20:11,2025-05-12 19:27:02.551612,Città della Scienza,66.2,1.2690222,10.924954,1.0593443,0.82927173,EU EEA Common AQI,71.6,1.0365897,9.857381,7200,0.75714284,100,100,62.9,0.7657142,Very Low,71.4,0.6902217,100,1747077300,Very Low,0.8474754,1.6242669,Very Low,1.6877244,59.6,2.2428572,100,1747077300,0.95714283
2025-05-12T19:27:13Z,20,29.886,73.4,59,65.4,1,2,259,79,0.0,255,32767,0.0,2127-15-31,0.0,0.16,26.24,0.0,0.0,0.0,0,4.828125,6,45,05:48,20:11,2025-05-12 19:27:13.609595,Città della Scienza,66.2,1.2690222,10.924954,1.0593443,0.82927173,EU EEA Common AQI,71.6,1.0365897,9.857381,7200,0.75714284,100,100,62.9,0.7657142,Very Low,71.4,0.6902217,100,1747077300,Very Low,0.8474754,1.6242669,Very Low,1.6877244,59.6,2.2428572,100,1747077300,0.95714283
2025-05-12T19:27:24Z,20,29.886,73.4,59,65.4,1,2,259,79,0.0,255,32767,0.0,2127-15-31,0.0,0.16,26.24,0.0,0.0,0.0,0,4.828125,6,45,05:48,20:11,2025-05-12 19:27:24.676589,Città della Scienza,66.2,1.2690222,10.924954,1.0593443,0.82927173,EU EEA Common AQI,71.6,1.0365897,9.857381,7200,0.75714284,100,100,62.9,0.7657142,Very Low,71.4,0.6902217,100,1747077300,Very Low,0.8474754,1.6242669,Very Low,1.6877244,59.6,2.2428572,100,1747077300,0.95714283
2025-05-12T19:27:36Z,20,29.888,73.3,59,65.4,1,2,259,79,0.0,255,32767,0.0,2127-15-31,0.0,0.16,26.24,0.0,0.0,0.0,0,4.828125,6,45,05:48,20:11,2025-05-12 19:27:35.810588,Città della Scienza,66.2,1.2690222,10.924954,1.0593443,0.82927173,EU EEA Common AQI,71.6,1.0365897,9.857381,7200,0.75714284,100,100,62.9,0.7657142,Very Low,71.4,0.6902217,100,1747077300,Very Low,0.8474754,1.6242669,Very Low,1.6877244,59.6,2.2428572,100,1747077300,0.95714283
2025-05-12T19:27:47Z,20,29.888,73.3,59,65.4,1,2,259,79,0.0,255,32767,0.0,2127-15-31,0.0,0.16,26.24,0.0,0.0,0.0,0,4.828125,6,45,05:48,20:11,2025-05-12 19:27:46.852561,Città della Scienza,66.2,1.2690222,10.924954,1.0593443,0.82927173,EU EEA Common AQI,71.6,1.0365897,9.857381,7200,0.75714284,100,100,62.9,0.7657142,Very Low,71.4,0.6902217,100,1747077300,Very Low,0.8474754,1.6242669,Very Low,1.6877244,59.6,2.2428572,100,1747077300,0.95714283
2025-05-12T19:27:58Z,20,29.888,73.3,59,65.4,2,2,259,79,0.0,255,32767,0.0,2127-15-31,0.0,0.16,26.24,0.0,0.0,0.0,0,4.828125,6,45,05:48,20:11,2025-05-12 19:27:57.977592,Città della Scienza,66.2,1.2690222,10.924954,1.0593443,0.82927173,EU EEA Common AQI,71.6,1.0365897,9.857381,7200,0.75714284,100,100,62.9,0.7657142,Very Low,71.4,0.6902217,100,1747077300,Very Low,0.8474754,1.6242669,Very Low,1.6877244,59.6,2.2428572,100,1747077300,0.95714283
2025-05-12T19:28:09Z,20,29.888,73.3,59,65.4,1,2,259,79,0.0,255,32767,0.0,2127-15-31,0.0,0.16,26.24,0.0,0.0,0.0,0,4.828125,6,45,05:48,20:11,2025-05-12 19:28:09.032593,Città della Scienza,66.2,1.2690222,10.924954,1.0593443,0.82927173,EU EEA Common AQI,71.6,1.0365897,9.857381,7200,0.75714284,100,100,62.9,0.7657142,Very Low,71.4,0.6902217,100,1747077300,Very Low,0.8474754,1.6242669,Very Low,1.6877244,59.6,2.2428572,100,1747077300,0.95714283
2025-05-12T19:28:20Z,20,29.888,73.3,59,65.4,1,2,259,79,0.0,255,32767,0.0,2127-15-31,0.0,0.16,26.24,0.0,0.0,0.0,0,4.828125,6,45,05:48,20:11,2025-05-12 19:28:20.149596,Città della Scienza,66.2,1.2690222,10.924954,1.0593443,0.82927173,EU EEA Common AQI,71.6,1.0365897,9.857381,7200,0.75714284,100,100,62.9,0.7657142,Very Low,71.4,0.6902217,100,1747077300,Very Low,0.8474754,1.6242669,Very Low,1.6877244,59.6,2.2428572,100,1747077300,0.95714283
2025-05-12T19:28:31Z,20,29.888,73.3,59,65.4,1,2,259,79,0.0,255,32767,0.0,2127-15-31,0.0,0.16,26.24,0.0,0.0,0.0,0,4.828125,6,45,05:48,20:11,2025-05-12 19:28:31.238591,Città della Scienza,66.2,1.2690222,10.924954,1.0593443,0.82927173,EU EEA Common AQI,71.6,1.0365897,9.857381,7200,0.75714284,100,100,62.9,0.7657142,Very Low,71.4,0.6902217,100,1747077300,Very Low,0.8474754,1.6242669,Very Low,1.6877244,59.6,2.2428572,100,1747077300,0.95714283
2025-05-12T19:28:42Z,20,29.891,73.3,59,65.4,1,2,259,79,0.0,255,32767,0.0,2127-15-31,0.0,0.16,26.24,0.0,0.0,0.0,0,4.828125,6,45,05:48,20:11,2025-05-12 19:28:42.326592,Città della Scienza,66.2,1.2690222,10.924954,1.0593443,0.82927173,EU EEA Common AQI,71.6,1.0365897,9.857381,7200,0.75714284,100,100,62.9,0.7657142,Very Low,71.4,0.6902217,100,1747077300,Very Low,0.8474754,1.6242669,Very Low,1.6877244,59.6,2.2428572,100,1747077300,0.95714283
2025-05-12T19:28:53Z,20,29.891,73.3,59,65.3,2,2,259,79,0.0,255,32767,0.0,2127-15-31,0.0,0.16,26.24,0.0,0.0,0.0,0,4.828125,6,45,05:48,20:11,2025-05-12 19:28:53.407585,Città della Scienza,66.2,1.2690222,10.924954,1.0593443,0.82927173,EU EEA Common AQI,71.6,1.0365897,9.857381,7200,0.75714284,100,100,62.9,0.7657142,Very Low,71.4,0.6902217,100,1747077300,Very Low,0.8474754,1.6242669,Very Low,1.6877244,59.6,2.2428572,100,1747077300,0.95714283
2025-05-12T19:29:04Z,20,29.891,73.3,59,65.4,2,2,259,79,0.0,255,32767,0.0,2127-15-31,0.0,0.16,26.24,0.0,0.0,0.0,0,4.828125,6,45,05:48,20:11,2025-05-12 19:29:04.502586,Città della Scienza,66.2,1.2690222,10.924954,1.0593443,0.82927173,EU EEA Common AQI,71.6,1.0365897,9.857381,7200,0.75714284,100,100,62.9,0.7657142,Very Low,71.4,0.6902217,100,1747077300,Very Low,0.8474754,1.6242669,Very Low,1.6877244,59.6,2.2428572,100,1747077300,0.95714283
2025-05-12T19:29:15Z,20,29.891,73.3,59,65.4,3,2,259,79,0.0,255,32767,0.0,2127-15-31,0.0,0.16,26.24,0.0,0.0,0.0,0,4.828125,6,45,05:48,20:11,2025-05-12 19:29:15.588582,Città della Scienza,66.2,1.2690222,10.924954,1.0593443,0.82927173,EU EEA Common AQI,71.6,1.0365897,9.857381,7200,0.75714284,100,100,62.9,0.7657142,Very Low,71.4,0.6902217,100,1747077300,Very Low,0.8474754,1.6242669,Very Low,1.6877244,59.6,2.2428572,100,1747077300,0.95714283
2025-05-12T19:29:26Z,20,29.891,73.3,59,65.4,3,2,245,79,0.0,255,32767,0.0,2127-15-31,0.0,0.16,26.24,0.0,0.0,0.0,0,4.828125,6,45,05:48,20:11,2025-05-12 19:29:26.644603,Città della Scienza,66.2,1.2690222,10.924954,1.0593443,0.82927173,EU EEA Common AQI,71.6,1.0365897,9.857381,7200,0.75714284,100,100,62.9,0.7657142,Very Low,71.4,0.6902217,100,1747077300,Very Low,0.8474754,1.6242669,Very Low,1.6877244,59.6,2.2428572,100,1747077300,0.95714283
2025-05-12T19:29:37Z,20,29.887,73.3,59,65.4,3,2,242,79,0.0,255,32767,0.0,2127-15-31,0.0,0.16,26.24,0.0,0.0,0.0,0,4.828125,6,45,05:48,20:11,2025-05-12 19:29:37.738591,Città della Scienza,66.2,1.2690222,10.924954,1.0593443,0.82927173,EU EEA Common AQI,71.6,1.0365897,9.857381,7200,0.75714284,100,100,62.9,0.7657142,Very Low,71.4,0.6902217,100,1747077300,Very Low,0.8474754,1.6242669,Very Low,1.6877244,59.6,2.2428572,100,1747077300,0.95714283
2025-05-12T19:29:49Z,20,29.887,73.3,59,65.4,1,2,249,79,0.0,255,32767,0.0,2127-15-31,0.0,0.16,26.24,0.0,0.0,0.0,0,4.828125,6,45,05:48,20:11,2025-05-12 19:29:48.806590,Città della Scienza,66.2,1.2690222,10.924954,1.0593443,0.82927173,EU EEA Common AQI,71.6,1.0365897,9.857381,7200,0.75714284,100,100,62.9,0.7657142,Very Low,71.4,0.6902217,100,1747077300,Very Low,0.8474754,1.6242669,Very Low,1.6877244,59.6,2.2428572,100,1747077300,0.95714283
2025-05-12T19:30:00Z,20,29.887,73.3,59,65.4,1,2,321,79,0.0,255,32767,0.0,2127-15-31,0.0,0.16,26.24,0.0,0.0,0.0,0,4.828125,6,45,05:48,20:11,2025-05-12 19:29:59.890592,Città della Scienza,66.2,1.2690222,10.924954,1.0593443,0.82927173,EU EEA Common AQI,71.6,1.0365897,9.857381,7200,0.75714284,100,100,62.9,0.7657142,Very Low,71.4,0.6902217,100,1747077300,Very Low,0.8474754,1.6242669,Very Low,1.6877244,59.6,2.2428572,100,1747077300,0.95714283
2025-05-12T19:30:11Z,20,29.887,73.3,59,65.4,1,2,321,79,0.0,255,32767,0.0,2127-15-31,0.0,0.16,26.24,0.0,0.0,0.0,0,4.828125,6,45,05:48,20:11,2025-05-12 19:30:10.994596,Città della Scienza,66.2,1.2690222,10.924954,1.0593443,0.82927173,EU EEA Common AQI,71.6,1.0365897,9.857381,7200,0.75714284,100,100,62.9,0.7657142,Very Low,71.4,0.6902217,100,1747077300,Very Low,0.8474754,1.6242669,Very Low,1.6877244,59.6,2.2428572,100,1747077300,0.95714283
2025-05-12T19:30:22Z,20,29.887,73.3,59,65.4,1,2,321,79,0.0,255,32767,0.0,2127-15-31,0.0,0.16,26.24,0.0,0.0,0.0,0,4.828125,6,45,05:48,20:11,2025-05-12 19:30:22.078581,Città della Scienza,66.2,1.2690222,10.924954,1.0593443,0.82927173,EU EEA Common AQI,71.6,1.0365897,9.857381,7200,0.75714284,100,100,62.9,0.7657142,Very Low,71.4,0.6902217,100,1747077300,Very Low,0.8474754,1.6242669,Very Low,1.6877244,59.6,2.2428572,100,1747077300,0.95714283
2025-05-12T19:30:33Z,20,29.887,73.3,59,65.4,0,2,321,79,0.0,255,32767,0.0,2127-15-31,0.0,0.16,26.24,0.0,0.0,0.0,0,4.828125,6,45,05:48,20:11,2025-05-12 19:30:33.140598,Città della Scienza,66.8,1.316688,10.8740425,1.0079004,0.8134434,EU EEA Common AQI,71.3,1.0168043,9.804969,7200,0.92753625,100,100,62.9,0.857971,Very Low,71.2,0.7223197,100,1747078200,Very Low,0.80632025,1.6254612,Very Low,1.6739286,59.5,2.5072465,100,1747078200,1.0724638
2025-05-12T19:30:44Z,20,29.89,73.3,59,65.3,0,2,297,79,0.0,255,32767,0.0,2127-15-31,0.0,0.16,26.24,0.0,0.0,0.0,0,4.828125,6,45,05:48,20:11,2025-05-12 19:30:44.192583,Città della Scienza,66.8,1.316688,10.8740425,1.0079004,0.8134434,EU EEA Common AQI,71.3,1.0168043,9.804969,7200,0.92753625,100,100,62.9,0.857971,Very Low,71.2,0.7223197,100,1747078200,Very Low,0.80632025,1.6254612,Very Low,1.6739286,59.5,2.5072465,100,1747078200,1.0724638
2025-05-12T19:30:55Z,20,29.89,73.3,59,65.4,3,2,244,79,0.0,255,32767,0.0,2127-15-31,0.0,0.16,26.24,0.0,0.0,0.0,0,4.828125,6,45,05:48,20:11,2025-05-12 19:30:55.255589,Città della Scienza,66.8,1.316688,10.8740425,1.0079004,0.8134434,EU EEA Common AQI,71.3,1.0168043,9.804969,7200,0.92753625,100,100,62.9,0.857971,Very Low,71.2,0.7223197,100,1747078200,Very Low,0.80632025,1.6254612,Very Low,1.6739286,59.5,2.5072465,100,1747078200,1.0724638
2025-05-12T19:31:06Z,20,29.89,73.3,59,65.4,3,2,257,79,0.0,255,32767,0.0,2127-15-31,0.0,0.16,26.24,0.0,0.0,0.0,0,4.828125,6,45,05:48,20:11,2025-05-12 19:31:06.355596,Città della Scienza,66.8,1.316688,10.8740425,1.0079004,0.8134434,EU EEA Common AQI,71.3,1.0168043,9.804969,7200,0.92753625,100,100,62.9,0.857971,Very Low,71.2,0.7223197,100,1747078200,Very Low,0.80632025,1.6254612,Very Low,1.6739286,59.5,2.5072465,100,1747078200,1.0724638
2025-05-12T19:31:17Z,20,29.89,73.3,59,65.4,2,2,258,79,0.0,255,32767,0.0,2127-15-31,0.0,0.16,26.24,0.0,0.0,0.0,0,4.828125,6,45,05:48,20:11,2025-05-12 19:31:17.436590,Città della Scienza,66.8,1.316688,10.8740425,1.0079004,0.8134434,EU EEA Common AQI,71.3,1.0168043,9.804969,7200,0.92753625,100,100,62.9,0.857971,Very Low,71.2,0.7223197,100,1747078200,Very Low,0.80632025,1.6254612,Very Low,1.6739286,59.5,2.5072465,100,1747078200,1.0724638
2025-05-12T19:31:28Z,20,29.89,73.3,59,65.3,4,2,256,79,0.0,255,32767,0.0,2127-15-31,0.0,0.16,26.24,0.0,0.0,0.0,0,4.828125,6,45,05:48,20:11,2025-05-12 19:31:28.509589,Città della Scienza,66.8,1.316688,10.8740425,1.0079004,0.8134434,EU EEA Common AQI,71.3,1.0168043,9.804969,7200,0.92753625,100,100,62.9,0.857971,Very Low,71.2,0.7223197,100,1747078200,Very Low,0.80632025,1.6254612,Very Low,1.6739286,59.5,2.5072465,100,1747078200,1.0724638
2025-05-12T19:31:39Z,20,29.888,73.3,59,65.3,4,2,252,79,0.0,255,32767,0.0,2127-15-31,0.0,0.16,26.24,0.0,0.0,0.0,0,4.828125,6,45,05:48,20:11,2025-05-12 19:31:39.560599,Città della Scienza,66.8,1.316688,10.8740425,1.0079004,0.8134434,EU EEA Common AQI,71.3,1.0168043,9.804969,7200,0.92753625,100,100,62.9,0.857971,Very Low,71.2,0.7223197,100,1747078200,Very Low,0.80632025,1.6254612,Very Low,1.6739286,59.5,2.5072465,100,1747078200,1.0724638
2025-05-12T19:31:50Z,20,29.888,73.3,59,65.4,3,2,282,79,0.0,255,32767,0.0,2127-15-31,0.0,0.16,26.24,0.0,0.0,0.0,0,4.828125,6,45,05:48,20:11,2025-05-12 19:31:50.658602,Città della Scienza,66.8,1.316688,10.8740425,1.0079004,0.8134434,EU EEA Common AQI,71.3,1.0168043,9.804969,7200,0.92753625,100,100,62.9,0.857971,Very Low,71.2,0.7223197,100,1747078200,Very Low,0.80632025,1.6254612,Very Low,1.6739286,59.5,2.5072465,100,1747078200,1.0724638
2025-05-12T19:32:01Z,20,29.888,73.3,59,65.4,3,2,275,79,0.0,255,32767,0.0,2127-15-31,0.0,0.16,26.24,0.0,0.0,0.0,0,4.828125,6,45,05:48,20:11,2025-05-12 19:32:01.758591,Città della Scienza,66.8,1.316688,10.8740425,1.0079004,0.8134434,EU EEA Common AQI,71.3,1.0168043,9.804969,7200,0.92753625,100,100,62.9,0.857971,Very Low,71.2,0.7223197,100,1747078200,Very Low,0.80632025,1.6254612,Very Low,1.6739286,59.5,2.5072465,100,1747078200,1.0724638
2025-05-12T19:32:13Z,20,29.888,73.3,59,65.4,3,2,276,79,0.0,255,32767,0.0,2127-15-31,0.0,0.16,26.24,0.0,0.0,0.0,0,4.828125,6,45,05:48,20:11,2025-05-12 19:32:12.847588,Città della Scienza,66.8,1.316688,10.8740425,1.0079004,0.8134434,EU EEA Common AQI,71.3,1.0168043,9.804969,7200,0.92753625,100,100,62.9,0.857971,Very Low,71.2,0.7223197,100,1747078200,Very Low,0.80632025,1.6254612,Very Low,1.6739286,59.5,2.5072465,100,1747078200,1.0724638
2025-05-12T19:32:24Z,20,29.888,73.3,59,65.4,3,2,275,79,0.0,255,32767,0.0,2127-15-31,0.0,0.16,26.24,0.0,0.0,0.0,0,4.828125,6,45,05:48,20:11,2025-05-12 19:32:23.901602,Città della Scienza,66.8,1.316688,10.8740425,1.0079004,0.8134434,EU EEA Common AQI,71.3,1.0168043,9.804969,7200,0.92753625,100,100,62.9,0.857971,Very Low,71.2,0.7223197,100,1747078200,Very Low,0.80632025,1.6254612,Very Low,1.6739286,59.5,2.5072465,100,1747078200,1.0724638
2025-05-12T19:32:35Z,20,29.891,73.4,59,65.4,2,2,275,79,0.0,255,32767,0.0,2127-15-31,0.0,0.16,26.24,0.0,0.0,0.0,0,4.828125,6,45,05:48,20:11,2025-05-12 19:32:35.023590,Città della Scienza,66.8,1.316688,10.8740425,1.0079004,0.8134434,EU EEA Common AQI,71.3,1.0168043,9.804969,7200,0.92753625,100,100,62.9,0.857971,Very Low,71.2,0.7223197,100,1747078200,Very Low,0.80632025,1.6254612,Very Low,1.6739286,59.5,2.5072465,100,1747078200,1.0724638
2025-05-12T19:32:46Z,20,29.891,73.4,59,65.4,2,2,274,79,0.0,255,32767,0.0,2127-15-31,0.0,0.16,26.24,0.0,0.0,0.0,0,4.828125,6,45,05:48,20:11,2025-05-12 19:32:46.065595,Città della Scienza,66.8,1.316688,10.8740425,1.0079004,0.8134434,EU EEA Common AQI,71.3,1.0168043,9.804969,7200,0.92753625,100,100,62.9,0.857971,Very Low,71.2,0.7223197,100,1747078200,Very Low,0.80632025,1.6254612,Very Low,1.6739286,59.5,2.5072465,100,1747078200,1.0724638
2025-05-12T19:32:57Z,20,29.891,73.4,59,65.4,3,2,281,79,0.0,255,32767,0.0,2127-15-31,0.0,0.16,26.24,0.0,0.0,0.0,0,4.828125,6,45,05:48,20:11,2025-05-12 19:32:57.119595,Città della Scienza,66.8,1.316688,10.8740425,1.0079004,0.8134434,EU EEA Common AQI,71.3,1.0168043,9.804969,7200,0.92753625,100,100,62.9,0.857971,Very Low,71.2,0.7223197,100,1747078200,Very Low,0.80632025,1.6254612,Very Low,1.6739286,59.5,2.5072465,100,1747078200,1.0724638
2025-05-12T19:33:08Z,20,29.891,73.4,59,65.4,2,2,247,79,0.0,255,32767,0.0,2127-15-31,0.0,0.16,26.24,0.0,0.0,0.0,0,4.828125,6,45,05:48,20:11,2025-05-12 19:33:08.183593,Città della Scienza,66.8,1.316688,10.8740425,1.0079004,0.8134434,EU EEA Common AQI,71.3,1.0168043,9.804969,7200,0.92753625,100,100,62.9,0.857971,Very Low,71.2,0.7223197,100,1747078200,Very Low,0.80632025,1.6254612,Very Low,1.6739286,59.5,2.5072465,100,1747078200,1.0724638
2025-05-12T19:33:19Z,20,29.891,73.4,59,65.4,2,2,245,79,0.0,255,32767,0.0,2127-15-31,0.0,0.16,26.24,0.0,0.0,0.0,0,4.828125,6,45,05:48,20:11,2025-05-12 19:33:19.259594,Città della Scienza,66.8,1.316688,10.8740425,1.0079004,0.8134434,EU EEA Common AQI,71.3,1.0168043,9.804969,7200,0.92753625,100,100,62.9,0.857971,Very Low,71.2,0.7223197,100,1747078200,Very Low,0.80632025,1.6254612,Very Low,1.6739286,59.5,2.5072465,100,1747078200,1.0724638
2025-05-12T19:33:30Z,20,29.891,73.4,59,65.4,2,2,263,79,0.0,255,32767,0.0,2127-15-31,0.0,0.16,26.24,0.0,0.0,0.0,0,4.828125,6,45,05:48,20:11,2025-05-12 19:33:30.361599,Città della Scienza,66.8,1.316688,10.8740425,1.0079004,0.8134434,EU EEA Common AQI,71.3,1.0168043,9.804969,7200,0.92753625,100,100,62.9,0.857971,Very Low,71.2,0.7223197,100,1747078200,Very Low,0.80632025,1.6254612,Very Low,1.6739286,59.5,2.5072465,100,1747078200,1.0724638
2025-05-12T19:33:41Z,20,29.893,73.3,59,65.4,3,2,272,79,0.0,255,32767,0.0,2127-15-31,0.0,0.16,26.24,0.0,0.0,0.0,0,4.828125,6,45,05:48,20:11,2025-05-12 19:33:41.484599,Città della Scienza,66.8,1.316688,10.8740425,1.0079004,0.8134434,EU EEA Common AQI,71.3,1.0168043,9.804969,7200,0.92753625,100,100,62.9,0.857971,Very Low,71.2,0.7223197,100,1747078200,Very Low,0.80632025,1.6254612,Very Low,1.6739286,59.5,2.5072465,100,1747078200,1.0724638
2025-05-12T19:33:52Z,20,29.893,73.3,59,65.4,2,2,269,79,0.0,255,32767,0.0,2127-15-31,0.0,0.16,26.24,0.0,0.0,0.0,0,4.828125,6,45,05:48,20:11,2025-05-12 19:33:52.554600,Città della Scienza,66.8,1.316688,10.8740425,1.0079004,0.8134434,EU EEA Common AQI,71.3,1.0168043,9.804969,7200,0.92753625,100,100,62.9,0.857971,Very Low,71.2,0.7223197,100,1747078200,Very Low,0.80632025,1.6254612,Very Low,1.6739286,59.5,2.5072465,100,1747078200,1.0724638
2025-05-12T19:34:03Z,20,29.893,73.3,59,65.4,4,2,238,79,0.0,255,32767,0.0,2127-15-31,0.0,0.16,26.24,0.0,0.0,0.0,0,4.828125,6,45,05:48,20:11,2025-05-12 19:34:03.644593,Città della Scienza,66.8,1.316688,10.8740425,1.0079004,0.8134434,EU EEA Common AQI,71.3,1.0168043,9.804969,7200,0.92753625,100,100,62.9,0.857971,Very Low,71.2,0.7223197,100,1747078200,Very Low,0.80632025,1.6254612,Very Low,1.6739286,59.5,2.5072465,100,1747078200,1.0724638
2025-05-12T19:34:14Z,20,29.893,73.3,59,65.4,4,2,242,79,0.0,255,32767,0.0,2127-15-31,0.0,0.16,26.24,0.0,0.0,0.0,0,4.828125,6,45,05:48,20:11,2025-05-12 19:34:14.771600,Città della Scienza,66.8,1.316688,10.8740425,1.0079004,0.8134434,EU EEA Common AQI,71.3,1.0168043,9.804969,7200,0.92753625,100,100,62.9,0.857971,Very Low,71.2,0.7223197,100,1747078200,Very Low,0.80632025,1.6254612,Very Low,1.6739286,59.5,2.5072465,100,1747078200,1.0724638
2025-05-12T19:34:26Z,20,29.893,73.3,59,65.4,3,2,246,79,0.0,255,32767,0.0,2127-15-31,0.0,0.16,26.24,0.0,0.0,0.0,0,4.828125,6,45,05:48,20:11,2025-05-12 19:34:25.874612,Città della Scienza,66.8,1.316688,10.8740425,1.0079004,0.8134434,EU EEA Common AQI,71.3,1.0168043,9.804969,7200,0.92753625,100,100,62.9,0.857971,Very Low,71.2,0.7223197,100,1747078200,Very Low,0.80632025,1.6254612,Very Low,1.6739286,59.5,2.5072465,100,1747078200,1.0724638
2025-05-12T19:34:37Z,20,29.891,73.3,59,65.4,2,2,238,79,0.0,255,32767,0.0,2127-15-31,0.0,0.16,26.24,0.0,0.0,0.0,0,4.833984375,6,45,05:48,20:11,2025-05-12 19:34:36.961598,Città della Scienza,66.8,1.316688,10.8740425,1.0079004,0.8134434,EU EEA Common AQI,71.3,1.0168043,9.804969,7200,0.92753625,100,100,62.9,0.857971,Very Low,71.2,0.7223197,100,1747078200,Very Low,0.80632025,1.6254612,Very Low,1.6739286,59.5,2.5072465,100,1747078200,1.0724638
2025-05-12T19:34:48Z,20,29.891,73.3,59,65.4,1,2,238,79,0.0,255,32767,0.0,2127-15-31,0.0,0.16,26.24,0.0,0.0,0.0,0,4.833984375,6,45,05:48,20:11,2025-05-12 19:34:48.011587,Città della Scienza,66.8,1.316688,10.8740425,1.0079004,0.8134434,EU EEA Common AQI,71.3,1.0168043,9.804969,7200,0.92753625,100,100,62.9,0.857971,Very Low,71.2,0.7223197,100,1747078200,Very Low,0.80632025,1.6254612,Very Low,1.6739286,59.5,2.5072465,100,1747078200,1.0724638
2025-05-12T19:34:59Z,20,29.891,73.3,59,65.4,1,2,246,79,0.0,255,32767,0.0,2127-15-31,0.0,0.16,26.24,0.0,0.0,0.0,0,4.833984375,6,45,05:48,20:11,2025-05-12 19:34:59.077599,Città della Scienza,66.8,1.316688,10.8740425,1.0079004,0.8134434,EU EEA Common AQI,71.3,1.0168043,9.804969,7200,0.92753625,100,100,62.9,0.857971,Very Low,71.2,0.7223197,100,1747078200,Very Low,0.80632025,1.6254612,Very Low,1.6739286,59.5,2.5072465,100,1747078200,1.0724638
2025-05-12T19:35:10Z,20,29.891,73.3,59,65.4,2,2,247,79,0.0,255,32767,0.0,2127-15-31,0.0,0.16,26.24,0.0,0.0,0.0,0,4.833984375,6,45,05:48,20:11,2025-05-12 19:35:10.120606,Città della Scienza,66.8,1.316688,10.8740425,1.0079004,0.8134434,EU EEA Common AQI,71.3,1.0168043,9.804969,7200,0.92753625,100,100,62.9,0.857971,Very Low,71.2,0.7223197,100,1747078200,Very Low,0.80632025,1.6254612,Very Low,1.6739286,59.5,2.5072465,100,1747078200,1.0724638
2025-05-12T19:35:21Z,20,29.891,73.3,59,65.4,3,2,279,79,0.0,255,32767,0.0,2127-15-31,0.0,0.16,26.24,0.0,0.0,0.0,0,4.833984375,6,45,05:48,20:11,2025-05-12 19:35:21.168655,Città della Scienza,66.8,1.316688,10.8740425,1.0079004,0.8134434,EU EEA Common AQI,71.3,1.0168043,9.804969,7200,0.92753625,100,100,62.9,0.857971,Very Low,71.2,0.7223197,100,1747078200,Very Low,0.80632025,1.6254612,Very Low,1.6739286,59.5,2.5072465,100,1747078200,1.0724638
2025-05-12T19:35:32Z,20,29.891,73.3,59,65.4,3,2,269,79,0.0,255,32767,0.0,2127-15-31,0.0,0.16,26.24,0.0,0.0,0.0,0,4.833984375,6,45,05:48,20:11,2025-05-12 19:35:32.248586,Città della Scienza,66.8,1.316688,10.8740425,1.0079004,0.8134434,EU EEA Common AQI,71.3,1.0168043,9.804969,7200,0.92753625,100,100,62.9,0.857971,Very Low,71.2,0.7223197,100,1747078200,Very Low,0.80632025,1.6254612,Very Low,1.6739286,59.5,2.5072465,100,1747078200,1.0724638
2025-05-12T19:35:43Z,20,29.891,73.3,59,65.4,3,2,261,79,0.0,255,32767,0.0,2127-15-31,0.0,0.16,26.24,0.0,0.0,0.0,0,4.828125,6,45,05:48,20:11,2025-05-12 19:35:43.361600,Città della Scienza,66.8,1.316688,10.8740425,1.0079004,0.8134434,EU EEA Common AQI,71.3,1.0168043,9.804969,7200,0.92753625,100,100,62.9,0.857971,Very Low,71.2,0.7223197,100,1747078200,Very Low,0.80632025,1.6254612,Very Low,1.6739286,59.5,2.5072465,100,1747078200,1.0724638
2025-05-12T19:35:54Z,20,29.891,73.3,59,65.4,3,2,258,80,0.0,255,32767,0.0,2127-15-31,0.0,0.16,26.24,0.0,0.0,0.0,0,4.828125,6,45,05:48,20:11,2025-05-12 19:35:54.424588,Città della Scienza,66.8,1.316688,10.8740425,1.0079004,0.8134434,EU EEA Common AQI,71.3,1.0168043,9.804969,7200,0.92753625,100,100,62.9,0.857971,Very Low,71.2,0.7223197,100,1747078200,Very Low,0.80632025,1.6254612,Very Low,1.6739286,59.5,2.5072465,100,1747078200,1.0724638
2025-05-12T19:36:05Z,20,29.891,73.3,59,65.4,2,2,263,80,0.0,255,32767,0.0,2127-15-31,0.0,0.16,26.24,0.0,0.0,0.0,0,4.828125,6,45,05:48,20:11,2025-05-12 19:36:05.524585,Città della Scienza,66.8,1.316688,10.8740425,1.0079004,0.8134434,EU EEA Common AQI,71.3,1.0168043,9.804969,7200,0.92753625,100,100,62.9,0.857971,Very Low,71.2,0.7223197,100,1747078200,Very Low,0.80632025,1.6254612,Very Low,1.6739286,59.5,2.5072465,100,1747078200,1.0724638
2025-05-12T19:36:16Z,20,29.891,73.3,59,65.4,2,2,264,80,0.0,255,32767,0.0,2127-15-31,0.0,0.16,26.24,0.0,0.0,0.0,0,4.828125,6,45,05:48,20:11,2025-05-12 19:36:16.590612,Città della Scienza,66.8,1.316688,10.8740425,1.0079004,0.8134434,EU EEA Common AQI,71.3,1.0168043,9.804969,7200,0.92753625,100,100,62.9,0.857971,Very Low,71.2,0.7223197,100,1747078200,Very Low,0.80632025,1.6254612,Very Low,1.6739286,59.5,2.5072465,100,1747078200,1.0724638
2025-05-12T19:36:27Z,20,29.891,73.3,59,65.4,2,2,276,80,0.0,255,32767,0.0,2127-15-31,0.0,0.16,26.24,0.0,0.0,0.0,0,4.828125,6,45,05:48,20:11,2025-05-12 19:36:27.684600,Città della Scienza,66.8,1.316688,10.8740425,1.0079004,0.8134434,EU EEA Common AQI,71.3,1.0168043,9.804969,7200,0.92753625,100,100,62.9,0.857971,Very Low,71.2,0.7223197,100,1747078200,Very Low,0.80632025,1.6254612,Very Low,1.6739286,59.5,2.5072465,100,1747078200,1.0724638
2025-05-12T19:36:38Z,20,29.891,73.4,59,65.4,2,2,276,80,0.0,255,32767,0.0,2127-15-31,0.0,0.16,26.24,0.0,0.0,0.0,0,4.828125,6,45,05:48,20:11,2025-05-12 19:36:38.766592,Città della Scienza,66.8,1.316688,10.8740425,1.0079004,0.8134434,EU EEA Common AQI,71.3,1.0168043,9.804969,7200,0.92753625,100,100,62.9,0.857971,Very Low,71.2,0.7223197,100,1747078200,Very Low,0.80632025,1.6254612,Very Low,1.6739286,59.5,2.5072465,100,1747078200,1.0724638
2025-05-12T19:36:50Z,20,29.891,73.4,59,65.4,2,2,276,80,0.0,255,32767,0.0,2127-15-31,0.0,0.16,26.24,0.0,0.0,0.0,0,4.828125,6,45,05:48,20:11,2025-05-12 19:36:49.837590,Città della Scienza,66.8,1.316688,10.8740425,1.0079004,0.8134434,EU EEA Common AQI,71.3,1.0168043,9.804969,7200,0.92753625,100,100,62.9,0.857971,Very Low,71.2,0.7223197,100,1747078200,Very Low,0.80632025,1.6254612,Very Low,1.6739286,59.5,2.5072465,100,1747078200,1.0724638
2025-05-12T19:37:01Z,20,29.891,73.4,59,65.4,2,2,276,80,0.0,255,32767,0.0,2127-15-31,0.0,0.16,26.24,0.0,0.0,0.0,0,4.828125,6,45,05:48,20:11,2025-05-12 19:37:00.896595,Città della Scienza,66.8,1.316688,10.8740425,1.0079004,0.8134434,EU EEA Common AQI,71.3,1.0168043,9.804969,7200,0.92753625,100,100,62.9,0.857971,Very Low,71.2,0.7223197,100,1747078200,Very Low,0.80632025,1.6254612,Very Low,1.6739286,59.5,2.5072465,100,1747078200,1.0724638
2025-05-12T19:37:12Z,20,29.891,73.4,59,65.4,1,2,276,80,0.0,255,32767,0.0,2127-15-31,0.0,0.16,26.24,0.0,0.0,0.0,0,4.828125,6,45,05:48,20:11,2025-05-12 19:37:11.978599,Città della Scienza,66.8,1.316688,10.8740425,1.0079004,0.8134434,EU EEA Common AQI,71.3,1.0168043,9.804969,7200,0.92753625,100,100,62.9,0.857971,Very Low,71.2,0.7223197,100,1747078200,Very Low,0.80632025,1.6254612,Very Low,1.6739286,59.5,2.5072465,100,1747078200,1.0724638
2025-05-12T19:37:23Z,20,29.891,73.4,59,65.4,2,2,276,80,0.0,255,32767,0.0,2127-15-31,0.0,0.16,26.24,0.0,0.0,0.0,0,4.828125,6,45,05:48,20:11,2025-05-12 19:37:23.005601,Città della Scienza,66.8,1.316688,10.8740425,1.0079004,0.8134434,EU EEA Common AQI,71.3,1.0168043,9.804969,7200,0.92753625,100,100,62.9,0.857971,Very Low,71.2,0.7223197,100,1747078200,Very Low,0.80632025,1.6254612,Very Low,1.6739286,59.5,2.5072465,100,1747078200,1.0724638
2025-05-12T19:37:34Z,20,29.893,73.4,59,65.4,2,2,276,80,0.0,255,32767,0.0,2127-15-31,0.0,0.16,26.24,0.0,0.0,0.0,0,4.828125,6,45,05:48,20:11,2025-05-12 19:37:34.153609,Città della Scienza,66.8,1.316688,10.8740425,1.0079004,0.8134434,EU EEA Common AQI,71.3,1.0168043,9.804969,7200,0.92753625,100,100,62.9,0.857971,Very Low,71.2,0.7223197,100,1747078200,Very Low,0.80632025,1.6254612,Very Low,1.6739286,59.5,2.5072465,100,1747078200,1.0724638
2025-05-12T19:37:45Z,20,29.893,73.4,59,65.4,2,2,286,80,0.0,255,32767,0.0,2127-15-31,0.0,0.16,26.24,0.0,0.0,0.0,0,4.828125,6,45,05:48,20:11,2025-05-12 19:37:45.245593,Città della Scienza,66.8,1.316688,10.8740425,1.0079004,0.8134434,EU EEA Common AQI,71.3,1.0168043,9.804969,7200,0.92753625,100,100,62.9,0.857971,Very Low,71.2,0.7223197,100,1747078200,Very Low,0.80632025,1.6254612,Very Low,1.6739286,59.5,2.5072465,100,1747078200,1.0724638
2025-05-12T19:37:56Z,20,29.893,73.4,59,65.4,2,2,293,80,0.0,255,32767,0.0,2127-15-31,0.0,0.16,26.24,0.0,0.0,0.0,0,4.828125,6,45,05:48,20:11,2025-05-12 19:37:56.285592,Città della Scienza,66.8,1.316688,10.8740425,1.0079004,0.8134434,EU EEA Common AQI,71.3,1.0168043,9.804969,7200,0.92753625,100,100,62.9,0.857971,Very Low,71.2,0.7223197,100,1747078200,Very Low,0.80632025,1.6254612,Very Low,1.6739286,59.5,2.5072465,100,1747078200,1.0724638
2025-05-12T19:38:07Z,20,29.893,73.4,59,65.4,2,2,276,80,0.0,255,32767,0.0,2127-15-31,0.0,0.16,26.24,0.0,0.0,0.0,0,4.828125,6,45,05:48,20:11,2025-05-12 19:38:07.364598,Città della Scienza,66.8,1.316688,10.8740425,1.0079004,0.8134434,EU EEA Common AQI,71.3,1.0168043,9.804969,7200,0.92753625,100,100,62.9,0.857971,Very Low,71.2,0.7223197,100,1747078200,Very Low,0.80632025,1.6254612,Very Low,1.6739286,59.5,2.5072465,100,1747078200,1.0724638
2025-05-12T19:38:18Z,20,29.893,73.4,59,65.4,2,2,276,80,0.0,255,32767,0.0,2127-15-31,0.0,0.16,26.24,0.0,0.0,0.0,0,4.828125,6,45,05:48,20:11,2025-05-12 19:38:18.433610,Città della Scienza,66.8,1.316688,10.8740425,1.0079004,0.8134434,EU EEA Common AQI,71.3,1.0168043,9.804969,7200,0.92753625,100,100,62.9,0.857971,Very Low,71.2,0.7223197,100,1747078200,Very Low,0.80632025,1.6254612,Very Low,1.6739286,59.5,2.5072465,100,1747078200,1.0724638
2025-05-12T19:38:29Z,20,29.893,73.4,59,65.4,2,2,281,80,0.0,255,32767,0.0,2127-15-31,0.0,0.16,26.24,0.0,0.0,0.0,0,4.828125,6,45,05:48,20:11,2025-05-12 19:38:29.505587,Città della Scienza,66.8,1.316688,10.8740425,1.0079004,0.8134434,EU EEA Common AQI,71.3,1.0168043,9.804969,7200,0.92753625,100,100,62.9,0.857971,Very Low,71.2,0.7223197,100,1747078200,Very Low,0.80632025,1.6254612,Very Low,1.6739286,59.5,2.5072465,100,1747078200,1.0724638
2025-05-12T19:38:40Z,20,29.893,73.4,59,65.4,2,2,246,80,0.0,255,32767,0.0,2127-15-31,0.0,0.16,26.24,0.0,0.0,0.0,0,4.828125,6,45,05:48,20:11,2025-05-12 19:38:40.569551,Città della Scienza,66.8,1.316688,10.8740425,1.0079004,0.8134434,EU EEA Common AQI,71.3,1.0168043,9.804969,7200,0.92753625,100,100,62.9,0.857971,Very Low,71.2,0.7223197,100,1747078200,Very Low,0.80632025,1.6254612,Very Low,1.6739286,59.5,2.5072465,100,1747078200,1.0724638
2025-05-12T19:38:51Z,20,29.893,73.4,59,65.4,2,2,260,80,0.0,255,32767,0.0,2127-15-31,0.0,0.16,26.24,0.0,0.0,0.0,0,4.828125,6,45,05:48,20:11,2025-05-12 19:38:51.663601,Città della Scienza,66.8,1.316688,10.8740425,1.0079004,0.8134434,EU EEA Common AQI,71.3,1.0168043,9.804969,7200,0.92753625,100,100,62.9,0.857971,Very Low,71.2,0.7223197,100,1747078200,Very Low,0.80632025,1.6254612,Very Low,1.6739286,59.5,2.5072465,100,1747078200,1.0724638
2025-05-12T19:39:02Z,20,29.893,73.4,59,65.4,1,2,275,80,0.0,255,32767,0.0,2127-15-31,0.0,0.16,26.24,0.0,0.0,0.0,0,4.828125,6,45,05:48,20:11,2025-05-12 19:39:02.731605,Città della Scienza,66.8,1.316688,10.8740425,1.0079004,0.8134434,EU EEA Common AQI,71.3,1.0168043,9.804969,7200,0.92753625,100,100,62.9,0.857971,Very Low,71.2,0.7223197,100,1747078200,Very Low,0.80632025,1.6254612,Very Low,1.6739286,59.5,2.5072465,100,1747078200,1.0724638
2025-05-12T19:39:14Z,20,29.893,73.4,59,65.4,2,2,269,80,0.0,255,32767,0.0,2127-15-31,0.0,0.16,26.24,0.0,0.0,0.0,0,4.828125,6,45,05:48,20:11,2025-05-12 19:39:13.884598,Città della Scienza,66.8,1.316688,10.8740425,1.0079004,0.8134434,EU EEA Common AQI,71.3,1.0168043,9.804969,7200,0.92753625,100,100,62.9,0.857971,Very Low,71.2,0.7223197,100,1747078200,Very Low,0.80632025,1.6254612,Very Low,1.6739286,59.5,2.5072465,100,1747078200,1.0724638
2025-05-12T19:39:25Z,20,29.893,73.4,59,65.4,3,2,249,80,0.0,255,32767,0.0,2127-15-31,0.0,0.16,26.24,0.0,0.0,0.0,0,4.828125,6,45,05:48,20:11,2025-05-12 19:39:24.975590,Città della Scienza,66.8,1.316688,10.8740425,1.0079004,0.8134434,EU EEA Common AQI,71.3,1.0168043,9.804969,7200,0.92753625,100,100,62.9,0.857971,Very Low,71.2,0.7223197,100,1747078200,Very Low,0.80632025,1.6254612,Very Low,1.6739286,59.5,2.5072465,100,1747078200,1.0724638
2025-05-12T19:39:36Z,20,29.894,73.4,59,65.4,1,2,273,80,0.0,255,32767,0.0,2127-15-31,0.0,0.16,26.24,0.0,0.0,0.0,0,4.828125,6,45,05:48,20:11,2025-05-12 19:39:36.048590,Città della Scienza,66.8,1.316688,10.8740425,1.0079004,0.8134434,EU EEA Common AQI,71.3,1.0168043,9.804969,7200,0.92753625,100,100,62.9,0.857971,Very Low,71.2,0.7223197,100,1747078200,Very Low,0.80632025,1.6254612,Very Low,1.6739286,59.5,2.5072465,100,1747078200,1.0724638
2025-05-12T19:39:47Z,20,29.894,73.4,59,65.4,3,2,268,80,0.0,255,32767,0.0,2127-15-31,0.0,0.16,26.24,0.0,0.0,0.0,0,4.828125,6,45,05:48,20:11,2025-05-12 19:39:47.100602,Città della Scienza,66.8,1.316688,10.8740425,1.0079004,0.8134434,EU EEA Common AQI,71.3,1.0168043,9.804969,7200,0.92753625,100,100,62.9,0.857971,Very Low,71.2,0.7223197,100,1747078200,Very Low,0.80632025,1.6254612,Very Low,1.6739286,59.5,2.5072465,100,1747078200,1.0724638
2025-05-12T19:39:58Z,20,29.894,73.4,59,65.4,6,2,269,80,0.0,255,32767,0.0,2127-15-31,0.0,0.16,26.24,0.0,0.0,0.0,0,4.828125,6,45,05:48,20:11,2025-05-12 19:39:58.195604,Città della Scienza,66.8,1.316688,10.8740425,1.0079004,0.8134434,EU EEA Common AQI,71.3,1.0168043,9.804969,7200,0.92753625,100,100,62.9,0.857971,Very Low,71.2,0.7223197,100,1747078200,Very Low,0.80632025,1.6254612,Very Low,1.6739286,59.5,2.5072465,100,1747078200,1.0724638
2025-05-12T19:40:09Z,20,29.894,73.4,59,65.4,7,2,251,80,0.0,255,32767,0.0,2127-15-31,0.0,0.16,26.24,0.0,0.0,0.0,0,4.828125,6,45,05:48,20:11,2025-05-12 19:40:09.269591,Città della Scienza,66.8,1.316688,10.8740425,1.0079004,0.8134434,EU EEA Common AQI,71.3,1.0168043,9.804969,7200,0.92753625,100,100,62.9,0.857971,Very Low,71.2,0.7223197,100,1747078200,Very Low,0.80632025,1.6254612,Very Low,1.6739286,59.5,2.5072465,100,1747078200,1.0724638
2025-05-12T19:40:20Z,20,29.894,73.4,59,65.4,3,2,246,80,0.0,255,32767,0.0,2127-15-31,0.0,0.16,26.24,0.0,0.0,0.0,0,4.828125,6,45,05:48,20:11,2025-05-12 19:40:20.371559,Città della Scienza,66.8,1.316688,10.8740425,1.0079004,0.8134434,EU EEA Common AQI,71.3,1.0168043,9.804969,7200,0.92753625,100,100,62.9,0.857971,Very Low,71.2,0.7223197,100,1747078200,Very Low,0.80632025,1.6254612,Very Low,1.6739286,59.5,2.5072465,100,1747078200,1.0724638
2025-05-12T19:40:31Z,20,29.894,73.4,59,65.4,6,2,269,80,0.0,255,32767,0.0,2127-15-31,0.0,0.16,26.24,0.0,0.0,0.0,0,4.828125,6,45,05:48,20:11,2025-05-12 19:40:31.438596,Città della Scienza,66.8,1.316688,10.8740425,1.0079004,0.8134434,EU EEA Common AQI,71.3,1.0168043,9.804969,7200,0.92753625,100,100,62.9,0.857971,Very Low,71.2,0.7223197,100,1747078200,Very Low,0.80632025,1.6254612,Very Low,1.6739286,59.5,2.5072465,100,1747078200,1.0724638
2025-05-12T19:40:42Z,20,29.895,73.4,59,65.4,4,3,258,80,0.0,255,32767,0.0,2127-15-31,0.0,0.16,26.24,0.0,0.0,0.0,0,4.828125,6,45,05:48,20:11,2025-05-12 19:40:42.578597,Città della Scienza,66.8,1.316688,10.8740425,1.0079004,0.8134434,EU EEA Common AQI,71.3,1.0168043,9.804969,7200,0.92753625,100,100,62.9,0.857971,Very Low,71.2,0.7223197,100,1747078200,Very Low,0.80632025,1.6254612,Very Low,1.6739286,59.5,2.5072465,100,1747078200,1.0724638
2025-05-12T19:40:53Z,20,29.895,73.4,59,65.4,4,3,266,80,0.0,255,32767,0.0,2127-15-31,0.0,0.16,26.24,0.0,0.0,0.0,0,4.828125,6,45,05:48,20:11,2025-05-12 19:40:53.649594,Città della Scienza,66.8,1.316688,10.8740425,1.0079004,0.8134434,EU EEA Common AQI,71.3,1.0168043,9.804969,7200,0.92753625,100,100,62.9,0.857971,Very Low,71.2,0.7223197,100,1747078200,Very Low,0.80632025,1.6254612,Very Low,1.6739286,59.5,2.5072465,100,1747078200,1.0724638
2025-05-12T19:41:04Z,20,29.895,73.4,59,65.4,4,3,261,80,0.0,255,32767,0.0,2127-15-31,0.0,0.16,26.24,0.0,0.0,0.0,0,4.828125,6,45,05:48,20:11,2025-05-12 19:41:04.750593,Città della Scienza,66.8,1.316688,10.8740425,1.0079004,0.8134434,EU EEA Common AQI,71.3,1.0168043,9.804969,7200,0.92753625,100,100,62.9,0.857971,Very Low,71.2,0.7223197,100,1747078200,Very Low,0.80632025,1.6254612,Very Low,1.6739286,59.5,2.5072465,100,1747078200,1.0724638
2025-05-12T19:41:16Z,20,29.895,73.4,59,65.4,7,3,261,80,0.0,255,32767,0.0,2127-15-31,0.0,0.16,26.24,0.0,0.0,0.0,0,4.828125,6,45,05:48,20:11,2025-05-12 19:41:15.816553,Città della Scienza,66.8,1.316688,10.8740425,1.0079004,0.8134434,EU EEA Common AQI,71.3,1.0168043,9.804969,7200,0.92753625,100,100,62.9,0.857971,Very Low,71.2,0.7223197,100,1747078200,Very Low,0.80632025,1.6254612,Very Low,1.6739286,59.5,2.5072465,100,1747078200,1.0724638
2025-05-12T19:41:27Z,20,29.895,73.4,59,65.4,6,3,282,80,0.0,255,32767,0.0,2127-15-31,0.0,0.16,26.24,0.0,0.0,0.0,0,4.828125,6,45,05:48,20:11,2025-05-12 19:41:26.921588,Città della Scienza,66.8,1.316688,10.8740425,1.0079004,0.8134434,EU EEA Common AQI,71.3,1.0168043,9.804969,7200,0.92753625,100,100,62.9,0.857971,Very Low,71.2,0.7223197,100,1747078200,Very Low,0.80632025,1.6254612,Very Low,1.6739286,59.5,2.5072465,100,1747078200,1.0724638
2025-05-12T19:41:38Z,20,29.893,73.3,59,65.4,4,3,315,80,0.0,255,32767,0.0,2127-15-31,0.0,0.16,26.24,0.0,0.0,0.0,0,4.828125,6,45,05:48,20:11,2025-05-12 19:41:38.003598,Città della Scienza,66.8,1.316688,10.8740425,1.0079004,0.8134434,EU EEA Common AQI,71.3,1.0168043,9.804969,7200,0.92753625,100,100,62.9,0.857971,Very Low,71.2,0.7223197,100,1747078200,Very Low,0.80632025,1.6254612,Very Low,1.6739286,59.5,2.5072465,100,1747078200,1.0724638
2025-05-12T19:41:49Z,20,29.893,73.3,59,65.4,5,3,287,80,0.0,255,32767,0.0,2127-15-31,0.0,0.16,26.24,0.0,0.0,0.0,0,4.828125,6,45,05:48,20:11,2025-05-12 19:41:49.094593,Città della Scienza,66.8,1.316688,10.8740425,1.0079004,0.8134434,EU EEA Common AQI,71.3,1.0168043,9.804969,7200,0.92753625,100,100,62.9,0.857971,Very Low,71.2,0.7223197,100,1747078200,Very Low,0.80632025,1.6254612,Very Low,1.6739286,59.5,2.5072465,100,1747078200,1.0724638
2025-05-12T19:42:00Z,20,29.893,73.3,59,65.4,5,3,297,80,0.0,255,32767,0.0,2127-15-31,0.0,0.16,26.24,0.0,0.0,0.0,0,4.828125,6,45,05:48,20:11,2025-05-12 19:42:00.165326,Città della Scienza,66.8,1.316688,10.8740425,1.0079004,0.8134434,EU EEA Common AQI,71.3,1.0168043,9.804969,7200,0.92753625,100,100,62.9,0.857971,Very Low,71.2,0.7223197,100,1747078200,Very Low,0.80632025,1.6254612,Very Low,1.6739286,59.5,2.5072465,100,1747078200,1.0724638
2025-05-12T19:42:11Z,20,29.893,73.3,59,65.4,4,3,302,80,0.0,255,32767,0.0,2127-15-31,0.0,0.16,26.24,0.0,0.0,0.0,0,4.828125,6,45,05:48,20:11,2025-05-12 19:42:11.236599,Città della Scienza,66.8,1.316688,10.8740425,1.0079004,0.8134434,EU EEA Common AQI,71.3,1.0168043,9.804969,7200,0.92753625,100,100,62.9,0.857971,Very Low,71.2,0.7223197,100,1747078200,Very Low,0.80632025,1.6254612,Very Low,1.6739286,59.5,2.5072465,100,1747078200,1.0724638
2025-05-12T19:42:22Z,20,29.893,73.3,59,65.4,3,3,295,80,0.0,255,32767,0.0,2127-15-31,0.0,0.16,26.24,0.0,0.0,0.0,0,4.828125,6,45,05:48,20:11,2025-05-12 19:42:22.290590,Città della Scienza,66.8,1.316688,10.8740425,1.0079004,0.8134434,EU EEA Common AQI,71.3,1.0168043,9.804969,7200,0.92753625,100,100,62.9,0.857971,Very Low,71.2,0.7223197,100,1747078200,Very Low,0.80632025,1.6254612,Very Low,1.6739286,59.5,2.5072465,100,1747078200,1.0724638
2025-05-12T19:42:33Z,20,29.893,73.3,59,65.4,4,3,284,80,0.0,255,32767,0.0,2127-15-31,0.0,0.16,26.24,0.0,0.0,0.0,0,4.828125,6,45,05:48,20:11,2025-05-12 19:42:33.402600,Città della Scienza,66.8,1.316688,10.8740425,1.0079004,0.8134434,EU EEA Common AQI,71.3,1.0168043,9.804969,7200,0.92753625,100,100,62.9,0.857971,Very Low,71.2,0.7223197,100,1747078200,Very Low,0.80632025,1.6254612,Very Low,1.6739286,59.5,2.5072465,100,1747078200,1.0724638
2025-05-12T19:42:44Z,20,29.893,73.4,59,65.4,4,3,286,80,0.0,255,32767,0.0,2127-15-31,0.0,0.16,26.24,0.0,0.0,0.0,0,4.828125,6,45,05:48,20:11,2025-05-12 19:42:44.500591,Città della Scienza,66.8,1.316688,10.8740425,1.0079004,0.8134434,EU EEA Common AQI,71.3,1.0168043,9.804969,7200,0.92753625,100,100,62.9,0.857971,Very Low,71.2,0.7223197,100,1747078200,Very Low,0.80632025,1.6254612,Very Low,1.6739286,59.5,2.5072465,100,1747078200,1.0724638
2025-05-12T19:42:55Z,20,29.893,73.4,59,65.4,4,3,286,80,0.0,255,32767,0.0,2127-15-31,0.0,0.16,26.24,0.0,0.0,0.0,0,4.828125,6,45,05:48,20:11,2025-05-12 19:42:55.567571,Città della Scienza,66.8,1.316688,10.8740425,1.0079004,0.8134434,EU EEA Common AQI,71.3,1.0168043,9.804969,7200,0.92753625,100,100,62.9,0.857971,Very Low,71.2,0.7223197,100,1747078200,Very Low,0.80632025,1.6254612,Very Low,1.6739286,59.5,2.5072465,100,1747078200,1.0724638
2025-05-12T19:43:06Z,20,29.893,73.4,59,65.4,5,3,292,80,0.0,255,32767,0.0,2127-15-31,0.0,0.16,26.24,0.0,0.0,0.0,0,4.828125,6,45,05:48,20:11,2025-05-12 19:43:06.644590,Città della Scienza,66.8,1.316688,10.8740425,1.0079004,0.8134434,EU EEA Common AQI,71.3,1.0168043,9.804969,7200,0.92753625,100,100,62.9,0.857971,Very Low,71.2,0.7223197,100,1747078200,Very Low,0.80632025,1.6254612,Very Low,1.6739286,59.5,2.5072465,100,1747078200,1.0724638
2025-05-12T19:43:17Z,20,29.893,73.4,59,65.4,4,3,263,80,0.0,255,32767,0.0,2127-15-31,0.0,0.16,26.24,0.0,0.0,0.0,0,4.828125,6,45,05:48,20:11,2025-05-12 19:43:17.707605,Città della Scienza,66.8,1.316688,10.8740425,1.0079004,0.8134434,EU EEA Common AQI,71.3,1.0168043,9.804969,7200,0.92753625,100,100,62.9,0.857971,Very Low,71.2,0.7223197,100,1747078200,Very Low,0.80632025,1.6254612,Very Low,1.6739286,59.5,2.5072465,100,1747078200,1.0724638
2025-05-12T19:43:28Z,20,29.893,73.4,59,65.4,3,3,277,80,0.0,255,32767,0.0,2127-15-31,0.0,0.16,26.24,0.0,0.0,0.0,0,4.828125,6,45,05:48,20:11,2025-05-12 19:43:28.788595,Città della Scienza,66.8,1.316688,10.8740425,1.0079004,0.8134434,EU EEA Common AQI,71.3,1.0168043,9.804969,7200,0.92753625,100,100,62.9,0.857971,Very Low,71.2,0.7223197,100,1747078200,Very Low,0.80632025,1.6254612,Very Low,1.6739286,59.5,2.5072465,100,1747078200,1.0724638
2025-05-12T19:43:40Z,20,29.893,73.4,59,65.4,3,3,286,80,0.0,255,32767,0.0,2127-15-31,0.0,0.16,26.24,0.0,0.0,0.0,0,4.828125,6,45,05:48,20:11,2025-05-12 19:43:39.833595,Città della Scienza,66.8,1.316688,10.8740425,1.0079004,0.8134434,EU EEA Common AQI,71.3,1.0168043,9.804969,7200,0.92753625,100,100,62.9,0.857971,Very Low,71.2,0.7223197,100,1747078200,Very Low,0.80632025,1.6254612,Very Low,1.6739286,59.5,2.5072465,100,1747078200,1.0724638
2025-05-12T19:43:51Z,20,29.893,73.4,59,65.4,4,3,250,80,0.0,255,32767,0.0,2127-15-31,0.0,0.16,26.24,0.0,0.0,0.0,0,4.828125,6,45,05:48,20:11,2025-05-12 19:43:50.918588,Città della Scienza,66.8,1.316688,10.8740425,1.0079004,0.8134434,EU EEA Common AQI,71.3,1.0168043,9.804969,7200,0.92753625,100,100,62.9,0.857971,Very Low,71.2,0.7223197,100,1747078200,Very Low,0.80632025,1.6254612,Very Low,1.6739286,59.5,2.5072465,100,1747078200,1.0724638
2025-05-12T19:44:02Z,20,29.893,73.4,59,65.4,4,3,288,80,0.0,255,32767,0.0,2127-15-31,0.0,0.16,26.24,0.0,0.0,0.0,0,4.828125,6,45,05:48,20:11,2025-05-12 19:44:02.040594,Città della Scienza,66.8,1.316688,10.8740425,1.0079004,0.8134434,EU EEA Common AQI,71.3,1.0168043,9.804969,7200,0.92753625,100,100,62.9,0.857971,Very Low,71.2,0.7223197,100,1747078200,Very Low,0.80632025,1.6254612,Very Low,1.6739286,59.5,2.5072465,100,1747078200,1.0724638
2025-05-12T19:44:13Z,20,29.893,73.4,59,65.4,3,3,269,80,0.0,255,32767,0.0,2127-15-31,0.0,0.16,26.24,0.0,0.0,0.0,0,4.828125,6,45,05:48,20:11,2025-05-12 19:44:13.102587,Città della Scienza,66.8,1.316688,10.8740425,1.0079004,0.8134434,EU EEA Common AQI,71.3,1.0168043,9.804969,7200,0.92753625,100,100,62.9,0.857971,Very Low,71.2,0.7223197,100,1747078200,Very Low,0.80632025,1.6254612,Very Low,1.6739286,59.5,2.5072465,100,1747078200,1.0724638
2025-05-12T19:44:24Z,20,29.893,73.4,59,65.4,6,3,266,80,0.0,255,32767,0.0,2127-15-31,0.0,0.16,26.24,0.0,0.0,0.0,0,4.828125,6,45,05:48,20:11,2025-05-12 19:44:24.186591,Città della Scienza,66.8,1.316688,10.8740425,1.0079004,0.8134434,EU EEA Common AQI,71.3,1.0168043,9.804969,7200,0.92753625,100,100,62.9,0.857971,Very Low,71.2,0.7223197,100,1747078200,Very Low,0.80632025,1.6254612,Very Low,1.6739286,59.5,2.5072465,100,1747078200,1.0724638
2025-05-12T19:44:35Z,20,29.893,73.4,59,65.4,8,3,265,80,0.0,255,32767,0.0,2127-15-31,0.0,0.16,26.24,0.0,0.0,0.0,0,4.828125,6,45,05:48,20:11,2025-05-12 19:44:35.276591,Città della Scienza,66.8,1.316688,10.8740425,1.0079004,0.8134434,EU EEA Common AQI,71.3,1.0168043,9.804969,7200,0.92753625,100,100,62.9,0.857971,Very Low,71.2,0.7223197,100,1747078200,Very Low,0.80632025,1.6254612,Very Low,1.6739286,59.5,2.5072465,100,1747078200,1.0724638
2025-05-12T19:44:46Z,20,29.893,73.4,59,65.4,5,3,288,80,0.0,255,32767,0.0,2127-15-31,0.0,0.16,26.24,0.0,0.0,0.0,0,4.828125,6,45,05:48,20:11,2025-05-12 19:44:46.325595,Città della Scienza,66.8,1.316688,10.8740425,1.0079004,0.8134434,EU EEA Common AQI,71.3,1.0168043,9.804969,7200,0.92753625,100,100,62.9,0.857971,Very Low,71.2,0.7223197,100,1747078200,Very Low,0.80632025,1.6254612,Very Low,1.6739286,59.5,2.5072465,100,1747078200,1.0724638
2025-05-12T19:44:57Z,20,29.893,73.4,59,65.4,3,3,257,80,0.0,255,32767,0.0,2127-15-31,0.0,0.16,26.24,0.0,0.0,0.0,0,4.828125,6,45,05:48,20:11,2025-05-12 19:44:57.424557,Città della Scienza,66.8,1.316688,10.8740425,1.0079004,0.8134434,EU EEA Common AQI,71.3,1.0168043,9.804969,7200,0.92753625,100,100,62.9,0.857971,Very Low,71.2,0.7223197,100,1747078200,Very Low,0.80632025,1.6254612,Very Low,1.6739286,59.5,2.5072465,100,1747078200,1.0724638
2025-05-12T19:45:08Z,20,29.893,73.4,59,65.4,6,3,270,80,0.0,255,32767,0.0,2127-15-31,0.0,0.16,26.24,0.0,0.0,0.0,0,4.828125,6,45,05:48,20:11,2025-05-12 19:45:08.526591,Città della Scienza,66.8,1.316688,10.8740425,1.0079004,0.8134434,EU EEA Common AQI,71.3,1.0168043,9.804969,7200,0.92753625,100,100,62.9,0.857971,Very Low,71.2,0.7223197,100,1747078200,Very Low,0.80632025,1.6254612,Very Low,1.6739286,59.5,2.5072465,100,1747078200,1.0724638
2025-05-12T19:45:19Z,20,29.893,73.4,59,65.4,3,3,258,80,0.0,255,32767,0.0,2127-15-31,0.0,0.16,26.24,0.0,0.0,0.0,0,4.828125,6,45,05:48,20:11,2025-05-12 19:45:19.583627,Città della Scienza,66.8,1.316688,10.8740425,1.0079004,0.8134434,EU EEA Common AQI,71.3,1.0168043,9.804969,7200,0.92753625,100,100,62.9,0.857971,Very Low,71.2,0.7223197,100,1747078200,Very Low,0.80632025,1.6254612,Very Low,1.6739286,59.5,2.5072465,100,1747078200,1.0724638
2025-05-12T19:45:30Z,20,29.893,73.4,59,65.4,4,3,267,80,0.0,255,32767,0.0,2127-15-31,0.0,0.16,26.24,0.0,0.0,0.0,0,4.828125,6,45,05:48,20:11,2025-05-12 19:45:30.647590,Città della Scienza,68.8,1.3651376,10.8151,0.9774958,0.800833,EU EEA Common AQI,70.6,1.0010413,9.743909,7200,0.98550725,100,100,62.8,0.8695652,Very Low,70.4,0.76426005,100,1747079100,Very Low,0.7819966,1.6506119,Very Low,1.7493416,59.6,3.057971,100,1747079100,1.0869565
2025-05-12T19:45:41Z,20,29.893,73.3,59,65.4,4,4,242,80,0.0,255,32767,0.0,2127-15-31,0.0,0.16,26.24,0.0,0.0,0.0,0,4.828125,6,45,05:48,20:11,2025-05-12 19:45:41.704586,Città della Scienza,68.8,1.3651376,10.8151,0.9774958,0.800833,EU EEA Common AQI,70.6,1.0010413,9.743909,7200,0.98550725,100,100,62.8,0.8695652,Very Low,70.4,0.76426005,100,1747079100,Very Low,0.7819966,1.6506119,Very Low,1.7493416,59.6,3.057971,100,1747079100,1.0869565
2025-05-12T19:45:52Z,20,29.893,73.3,59,65.4,4,4,260,80,0.0,255,32767,0.0,2127-15-31,0.0,0.16,26.24,0.0,0.0,0.0,0,4.828125,6,45,05:48,20:11,2025-05-12 19:45:52.776553,Città della Scienza,68.8,1.3651376,10.8151,0.9774958,0.800833,EU EEA Common AQI,70.6,1.0010413,9.743909,7200,0.98550725,100,100,62.8,0.8695652,Very Low,70.4,0.76426005,100,1747079100,Very Low,0.7819966,1.6506119,Very Low,1.7493416,59.6,3.057971,100,1747079100,1.0869565
2025-05-12T19:46:04Z,20,29.893,73.3,59,65.4,3,4,256,80,0.0,255,32767,0.0,2127-15-31,0.0,0.16,26.24,0.0,0.0,0.0,0,4.828125,6,45,05:48,20:11,2025-05-12 19:46:03.894593,Città della Scienza,68.8,1.3651376,10.8151,0.9774958,0.800833,EU EEA Common AQI,70.6,1.0010413,9.743909,7200,0.98550725,100,100,62.8,0.8695652,Very Low,70.4,0.76426005,100,1747079100,Very Low,0.7819966,1.6506119,Very Low,1.7493416,59.6,3.057971,100,1747079100,1.0869565
2025-05-12T19:46:15Z,20,29.893,73.3,59,65.4,0,4,263,80,0.0,255,32767,0.0,2127-15-31,0.0,0.16,26.24,0.0,0.0,0.0,0,4.828125,6,45,05:48,20:11,2025-05-12 19:46:14.990591,Città della Scienza,68.8,1.3651376,10.8151,0.9774958,0.800833,EU EEA Common AQI,70.6,1.0010413,9.743909,7200,0.98550725,100,100,62.8,0.8695652,Very Low,70.4,0.76426005,100,1747079100,Very Low,0.7819966,1.6506119,Very Low,1.7493416,59.6,3.057971,100,1747079100,1.0869565
2025-05-12T19:46:26Z,20,29.893,73.3,59,65.4,1,4,263,80,0.0,255,32767,0.0,2127-15-31,0.0,0.16,26.24,0.0,0.0,0.0,0,4.828125,6,45,05:48,20:11,2025-05-12 19:46:26.036589,Città della Scienza,68.8,1.3651376,10.8151,0.9774958,0.800833,EU EEA Common AQI,70.6,1.0010413,9.743909,7200,0.98550725,100,100,62.8,0.8695652,Very Low,70.4,0.76426005,100,1747079100,Very Low,0.7819966,1.6506119,Very Low,1.7493416,59.6,3.057971,100,1747079100,1.0869565
2025-05-12T19:46:37Z,20,29.896,73.3,59,65.4,2,4,263,80,0.0,255,32767,0.0,2127-15-31,0.0,0.16,26.24,0.0,0.0,0.0,0,4.828125,6,45,05:48,20:11,2025-05-12 19:46:37.108598,Città della Scienza,68.8,1.3651376,10.8151,0.9774958,0.800833,EU EEA Common AQI,70.6,1.0010413,9.743909,7200,0.98550725,100,100,62.8,0.8695652,Very Low,70.4,0.76426005,100,1747079100,Very Low,0.7819966,1.6506119,Very Low,1.7493416,59.6,3.057971,100,1747079100,1.0869565
2025-05-12T19:46:48Z,20,29.896,73.3,59,65.3,1,4,263,80,0.0,255,32767,0.0,2127-15-31,0.0,0.16,26.24,0.0,0.0,0.0,0,4.828125,6,45,05:48,20:11,2025-05-12 19:46:48.142588,Città della Scienza,68.8,1.3651376,10.8151,0.9774958,0.800833,EU EEA Common AQI,70.6,1.0010413,9.743909,7200,0.98550725,100,100,62.8,0.8695652,Very Low,70.4,0.76426005,100,1747079100,Very Low,0.7819966,1.6506119,Very Low,1.7493416,59.6,3.057971,100,1747079100,1.0869565
2025-05-12T19:46:59Z,20,29.896,73.3,59,65.4,3,4,273,80,0.0,255,32767,0.0,2127-15-31,0.0,0.16,26.24,0.0,0.0,0.0,0,4.828125,6,45,05:48,20:11,2025-05-12 19:46:59.230592,Città della Scienza,68.8,1.3651376,10.8151,0.9774958,0.800833,EU EEA Common AQI,70.6,1.0010413,9.743909,7200,0.98550725,100,100,62.8,0.8695652,Very Low,70.4,0.76426005,100,1747079100,Very Low,0.7819966,1.6506119,Very Low,1.7493416,59.6,3.057971,100,1747079100,1.0869565
2025-05-12T19:47:10Z,20,29.896,73.3,59,65.4,3,4,260,80,0.0,255,32767,0.0,2127-15-31,0.0,0.16,26.24,0.0,0.0,0.0,0,4.828125,6,45,05:48,20:11,2025-05-12 19:47:10.325588,Città della Scienza,68.8,1.3651376,10.8151,0.9774958,0.800833,EU EEA Common AQI,70.6,1.0010413,9.743909,7200,0.98550725,100,100,62.8,0.8695652,Very Low,70.4,0.76426005,100,1747079100,Very Low,0.7819966,1.6506119,Very Low,1.7493416,59.6,3.057971,100,1747079100,1.0869565
2025-05-12T19:47:21Z,20,29.896,73.3,59,65.4,3,4,261,80,0.0,255,32767,0.0,2127-15-31,0.0,0.16,26.24,0.0,0.0,0.0,0,4.828125,6,45,05:48,20:11,2025-05-12 19:47:21.414598,Città della Scienza,68.8,1.3651376,10.8151,0.9774958,0.800833,EU EEA Common AQI,70.6,1.0010413,9.743909,7200,0.98550725,100,100,62.8,0.8695652,Very Low,70.4,0.76426005,100,1747079100,Very Low,0.7819966,1.6506119,Very Low,1.7493416,59.6,3.057971,100,1747079100,1.0869565
2025-05-12T19:47:32Z,20,29.896,73.3,59,65.4,2,4,261,80,0.0,255,32767,0.0,2127-15-31,0.0,0.16,26.24,0.0,0.0,0.0,0,4.828125,6,45,05:48,20:11,2025-05-12 19:47:32.483591,Città della Scienza,68.8,1.3651376,10.8151,0.9774958,0.800833,EU EEA Common AQI,70.6,1.0010413,9.743909,7200,0.98550725,100,100,62.8,0.8695652,Very Low,70.4,0.76426005,100,1747079100,Very Low,0.7819966,1.6506119,Very Low,1.7493416,59.6,3.057971,100,1747079100,1.0869565
2025-05-12T19:47:43Z,20,29.894,73.3,59,65.4,1,4,261,80,0.0,255,32767,0.0,2127-15-31,0.0,0.16,26.24,0.0,0.0,0.0,0,4.828125,6,45,05:48,20:11,2025-05-12 19:47:43.596606,Città della Scienza,68.8,1.3651376,10.8151,0.9774958,0.800833,EU EEA Common AQI,70.6,1.0010413,9.743909,7200,0.98550725,100,100,62.8,0.8695652,Very Low,70.4,0.76426005,100,1747079100,Very Low,0.7819966,1.6506119,Very Low,1.7493416,59.6,3.057971,100,1747079100,1.0869565
2025-05-12T19:47:54Z,20,29.894,73.3,59,65.4,2,4,277,80,0.0,255,32767,0.0,2127-15-31,0.0,0.16,26.24,0.0,0.0,0.0,0,4.828125,6,45,05:48,20:11,2025-05-12 19:47:54.667597,Città della Scienza,68.8,1.3651376,10.8151,0.9774958,0.800833,EU EEA Common AQI,70.6,1.0010413,9.743909,7200,0.98550725,100,100,62.8,0.8695652,Very Low,70.4,0.76426005,100,1747079100,Very Low,0.7819966,1.6506119,Very Low,1.7493416,59.6,3.057971,100,1747079100,1.0869565
2025-05-12T19:48:05Z,20,29.894,73.3,59,65.3,2,4,278,80,0.0,255,32767,0.0,2127-15-31,0.0,0.16,26.24,0.0,0.0,0.0,0,4.828125,6,45,05:48,20:11,2025-05-12 19:48:05.739593,Città della Scienza,68.8,1.3651376,10.8151,0.9774958,0.800833,EU EEA Common AQI,70.6,1.0010413,9.743909,7200,0.98550725,100,100,62.8,0.8695652,Very Low,70.4,0.76426005,100,1747079100,Very Low,0.7819966,1.6506119,Very Low,1.7493416,59.6,3.057971,100,1747079100,1.0869565
2025-05-12T19:48:17Z,20,29.894,73.3,59,65.4,3,4,277,80,0.0,255,32767,0.0,2127-15-31,0.0,0.16,26.24,0.0,0.0,0.0,0,4.828125,6,45,05:48,20:11,2025-05-12 19:48:16.833556,Città della Scienza,68.8,1.3651376,10.8151,0.9774958,0.800833,EU EEA Common AQI,70.6,1.0010413,9.743909,7200,0.98550725,100,100,62.8,0.8695652,Very Low,70.4,0.76426005,100,1747079100,Very Low,0.7819966,1.6506119,Very Low,1.7493416,59.6,3.057971,100,1747079100,1.0869565
2025-05-12T19:48:28Z,20,29.894,73.3,59,65.4,1,4,283,80,0.0,255,32767,0.0,2127-15-31,0.0,0.16,26.24,0.0,0.0,0.0,0,4.828125,6,45,05:48,20:11,2025-05-12 19:48:27.901597,Città della Scienza,68.8,1.3651376,10.8151,0.9774958,0.800833,EU EEA Common AQI,70.6,1.0010413,9.743909,7200,0.98550725,100,100,62.8,0.8695652,Very Low,70.4,0.76426005,100,1747079100,Very Low,0.7819966,1.6506119,Very Low,1.7493416,59.6,3.057971,100,1747079100,1.0869565
2025-05-12T19:48:39Z,20,29.894,73.3,59,65.4,3,4,274,80,0.0,255,32767,0.0,2127-15-31,0.0,0.16,26.24,0.0,0.0,0.0,0,4.828125,6,45,05:48,20:11,2025-05-12 19:48:38.967593,Città della Scienza,68.8,1.3651376,10.8151,0.9774958,0.800833,EU EEA Common AQI,70.6,1.0010413,9.743909,7200,0.98550725,100,100,62.8,0.8695652,Very Low,70.4,0.76426005,100,1747079100,Very Low,0.7819966,1.6506119,Very Low,1.7493416,59.6,3.057971,100,1747079100,1.0869565
2025-05-12T19:48:50Z,20,29.894,73.3,59,65.4,2,4,277,80,0.0,255,32767,0.0,2127-15-31,0.0,0.16,26.24,0.0,0.0,0.0,0,4.828125,6,45,05:48,20:11,2025-05-12 19:48:50.044593,Città della Scienza,68.8,1.3651376,10.8151,0.9774958,0.800833,EU EEA Common AQI,70.6,1.0010413,9.743909,7200,0.98550725,100,100,62.8,0.8695652,Very Low,70.4,0.76426005,100,1747079100,Very Low,0.7819966,1.6506119,Very Low,1.7493416,59.6,3.057971,100,1747079100,1.0869565
2025-05-12T19:49:01Z,20,29.894,73.3,59,65.4,2,4,282,80,0.0,255,32767,0.0,2127-15-31,0.0,0.16,26.24,0.0,0.0,0.0,0,4.828125,6,45,05:48,20:11,2025-05-12 19:49:01.129593,Città della Scienza,68.8,1.3651376,10.8151,0.9774958,0.800833,EU EEA Common AQI,70.6,1.0010413,9.743909,7200,0.98550725,100,100,62.8,0.8695652,Very Low,70.4,0.76426005,100,1747079100,Very Low,0.7819966,1.6506119,Very Low,1.7493416,59.6,3.057971,100,1747079100,1.0869565
2025-05-12T19:49:12Z,20,29.894,73.3,59,65.4,3,4,290,80,0.0,255,32767,0.0,2127-15-31,0.0,0.16,26.24,0.0,0.0,0.0,0,4.828125,6,45,05:48,20:11,2025-05-12 19:49:12.187599,Città della Scienza,68.8,1.3651376,10.8151,0.9774958,0.800833,EU EEA Common AQI,70.6,1.0010413,9.743909,7200,0.98550725,100,100,62.8,0.8695652,Very Low,70.4,0.76426005,100,1747079100,Very Low,0.7819966,1.6506119,Very Low,1.7493416,59.6,3.057971,100,1747079100,1.0869565
2025-05-12T19:49:23Z,20,29.894,73.3,59,65.4,2,4,290,80,0.0,255,32767,0.0,2127-15-31,0.0,0.16,26.24,0.0,0.0,0.0,0,4.828125,6,45,05:48,20:11,2025-05-12 19:49:23.292586,Città della Scienza,68.8,1.3651376,10.8151,0.9774958,0.800833,EU EEA Common AQI,70.6,1.0010413,9.743909,7200,0.98550725,100,100,62.8,0.8695652,Very Low,70.4,0.76426005,100,1747079100,Very Low,0.7819966,1.6506119,Very Low,1.7493416,59.6,3.057971,100,1747079100,1.0869565
2025-05-12T19:49:34Z,20,29.895,73.2,59,65.4,3,4,270,80,0.0,255,32767,0.0,2127-15-31,0.0,0.16,26.24,0.0,0.0,0.0,0,4.828125,6,45,05:48,20:11,2025-05-12 19:49:34.473588,Città della Scienza,68.8,1.3651376,10.8151,0.9774958,0.800833,EU EEA Common AQI,70.6,1.0010413,9.743909,7200,0.98550725,100,100,62.8,0.8695652,Very Low,70.4,0.76426005,100,1747079100,Very Low,0.7819966,1.6506119,Very Low,1.7493416,59.6,3.057971,100,1747079100,1.0869565
2025-05-12T19:49:45Z,20,29.895,73.2,59,65.4,3,4,281,80,0.0,255,32767,0.0,2127-15-31,0.0,0.16,26.24,0.0,0.0,0.0,0,4.828125,6,45,05:48,20:11,2025-05-12 19:49:45.575598,Città della Scienza,68.8,1.3651376,10.8151,0.9774958,0.800833,EU EEA Common AQI,70.6,1.0010413,9.743909,7200,0.98550725,100,100,62.8,0.8695652,Very Low,70.4,0.76426005,100,1747079100,Very Low,0.7819966,1.6506119,Very Low,1.7493416,59.6,3.057971,100,1747079100,1.0869565
2025-05-12T19:49:56Z,20,29.895,73.2,59,65.3,3,4,286,80,0.0,255,32767,0.0,2127-15-31,0.0,0.16,26.24,0.0,0.0,0.0,0,4.828125,6,45,05:48,20:11,2025-05-12 19:49:56.660554,Città della Scienza,68.8,1.3651376,10.8151,0.9774958,0.800833,EU EEA Common AQI,70.6,1.0010413,9.743909,7200,0.98550725,100,100,62.8,0.8695652,Very Low,70.4,0.76426005,100,1747079100,Very Low,0.7819966,1.6506119,Very Low,1.7493416,59.6,3.057971,100,1747079100,1.0869565
2025-05-12T19:50:07Z,20,29.895,73.2,59,65.4,3,4,285,80,0.0,255,32767,0.0,2127-15-31,0.0,0.16,26.24,0.0,0.0,0.0,0,4.828125,6,45,05:48,20:11,2025-05-12 19:50:07.733598,Città della Scienza,68.8,1.3651376,10.8151,0.9774958,0.800833,EU EEA Common AQI,70.6,1.0010413,9.743909,7200,0.98550725,100,100,62.8,0.8695652,Very Low,70.4,0.76426005,100,1747079100,Very Low,0.7819966,1.6506119,Very Low,1.7493416,59.6,3.057971,100,1747079100,1.0869565
2025-05-12T19:50:19Z,20,29.895,73.2,59,65.4,3,4,288,80,0.0,255,32767,0.0,2127-15-31,0.0,0.16,26.24,0.0,0.0,0.0,0,4.828125,6,45,05:48,20:11,2025-05-12 19:50:18.833593,Città della Scienza,68.8,1.3651376,10.8151,0.9774958,0.800833,EU EEA Common AQI,70.6,1.0010413,9.743909,7200,0.98550725,100,100,62.8,0.8695652,Very Low,70.4,0.76426005,100,1747079100,Very Low,0.7819966,1.6506119,Very Low,1.7493416,59.6,3.057971,100,1747079100,1.0869565
2025-05-12T19:50:30Z,20,29.895,73.2,59,65.3,3,4,272,80,0.0,255,32767,0.0,2127-15-31,0.0,0.16,26.24,0.0,0.0,0.0,0,4.828125,6,45,05:48,20:11,2025-05-12 19:50:29.921590,Città della Scienza,68.8,1.3651376,10.8151,0.9774958,0.800833,EU EEA Common AQI,70.6,1.0010413,9.743909,7200,0.98550725,100,100,62.8,0.8695652,Very Low,70.4,0.76426005,100,1747079100,Very Low,0.7819966,1.6506119,Very Low,1.7493416,59.6,3.057971,100,1747079100,1.0869565
2025-05-12T19:50:41Z,20,29.895,73.2,59,65.4,2,4,272,80,0.0,255,32767,0.0,2127-15-31,0.0,0.16,26.24,0.0,0.0,0.0,0,4.828125,6,45,05:48,20:11,2025-05-12 19:50:41.019606,Città della Scienza,68.8,1.3651376,10.8151,0.9774958,0.800833,EU EEA Common AQI,70.6,1.0010413,9.743909,7200,0.98550725,100,100,62.8,0.8695652,Very Low,70.4,0.76426005,100,1747079100,Very Low,0.7819966,1.6506119,Very Low,1.7493416,59.6,3.057971,100,1747079100,1.0869565
2025-05-12T19:50:52Z,20,29.895,73.2,59,65.4,1,4,273,80,0.0,255,32767,0.0,2127-15-31,0.0,0.16,26.24,0.0,0.0,0.0,0,4.828125,6,45,05:48,20:11,2025-05-12 19:50:52.111597,Città della Scienza,68.8,1.3651376,10.8151,0.9774958,0.800833,EU EEA Common AQI,70.6,1.0010413,9.743909,7200,0.98550725,100,100,62.8,0.8695652,Very Low,70.4,0.76426005,100,1747079100,Very Low,0.7819966,1.6506119,Very Low,1.7493416,59.6,3.057971,100,1747079100,1.0869565
2025-05-12T19:51:03Z,20,29.895,73.2,59,65.4,3,4,232,80,0.0,255,32767,0.0,2127-15-31,0.0,0.16,26.24,0.0,0.0,0.0,0,4.828125,6,45,05:48,20:11,2025-05-12 19:51:03.197599,Città della Scienza,68.8,1.3651376,10.8151,0.9774958,0.800833,EU EEA Common AQI,70.6,1.0010413,9.743909,7200,0.98550725,100,100,62.8,0.8695652,Very Low,70.4,0.76426005,100,1747079100,Very Low,0.7819966,1.6506119,Very Low,1.7493416,59.6,3.057971,100,1747079100,1.0869565
2025-05-12T19:51:14Z,20,29.895,73.2,59,65.4,2,4,241,80,0.0,255,32767,0.0,2127-15-31,0.0,0.16,26.24,0.0,0.0,0.0,0,4.828125,6,45,05:48,20:11,2025-05-12 19:51:14.297592,Città della Scienza,68.8,1.3651376,10.8151,0.9774958,0.800833,EU EEA Common AQI,70.6,1.0010413,9.743909,7200,0.98550725,100,100,62.8,0.8695652,Very Low,70.4,0.76426005,100,1747079100,Very Low,0.7819966,1.6506119,Very Low,1.7493416,59.6,3.057971,100,1747079100,1.0869565
2025-05-12T19:51:25Z,20,29.895,73.2,59,65.4,1,4,242,80,0.0,255,32767,0.0,2127-15-31,0.0,0.16,26.24,0.0,0.0,0.0,0,4.828125,6,45,05:48,20:11,2025-05-12 19:51:25.362597,Città della Scienza,68.8,1.3651376,10.8151,0.9774958,0.800833,EU EEA Common AQI,70.6,1.0010413,9.743909,7200,0.98550725,100,100,62.8,0.8695652,Very Low,70.4,0.76426005,100,1747079100,Very Low,0.7819966,1.6506119,Very Low,1.7493416,59.6,3.057971,100,1747079100,1.0869565
2025-05-12T19:51:36Z,20,29.893,73.2,59,65.4,0,3,242,80,0.0,255,32767,0.0,2127-15-31,0.0,0.16,26.24,0.0,0.0,0.0,0,4.828125,6,45,05:48,20:11,2025-05-12 19:51:36.424595,Città della Scienza,68.8,1.3651376,10.8151,0.9774958,0.800833,EU EEA Common AQI,70.6,1.0010413,9.743909,7200,0.98550725,100,100,62.8,0.8695652,Very Low,70.4,0.76426005,100,1747079100,Very Low,0.7819966,1.6506119,Very Low,1.7493416,59.6,3.057971,100,1747079100,1.0869565
2025-05-12T19:51:47Z,20,29.893,73.2,59,65.4,0,3,242,80,0.0,255,32767,0.0,2127-15-31,0.0,0.16,26.24,0.0,0.0,0.0,0,4.828125,6,45,05:48,20:11,2025-05-12 19:51:47.581591,Città della Scienza,68.8,1.3651376,10.8151,0.9774958,0.800833,EU EEA Common AQI,70.6,1.0010413,9.743909,7200,0.98550725,100,100,62.8,0.8695652,Very Low,70.4,0.76426005,100,1747079100,Very Low,0.7819966,1.6506119,Very Low,1.7493416,59.6,3.057971,100,1747079100,1.0869565
2025-05-12T19:51:58Z,20,29.893,73.2,59,65.4,0,3,242,80,0.0,255,32767,0.0,2127-15-31,0.0,0.16,26.24,0.0,0.0,0.0,0,4.828125,6,45,05:48,20:11,2025-05-12 19:51:58.648019,Città della Scienza,68.8,1.3651376,10.8151,0.9774958,0.800833,EU EEA Common AQI,70.6,1.0010413,9.743909,7200,0.98550725,100,100,62.8,0.8695652,Very Low,70.4,0.76426005,100,1747079100,Very Low,0.7819966,1.6506119,Very Low,1.7493416,59.6,3.057971,100,1747079100,1.0869565
2025-05-12T19:52:09Z,20,29.893,73.2,59,65.4,1,3,242,80,0.0,255,32767,0.0,2127-15-31,0.0,0.16,26.24,0.0,0.0,0.0,0,4.828125,6,45,05:48,20:11,2025-05-12 19:52:09.746595,Città della Scienza,68.8,1.3651376,10.8151,0.9774958,0.800833,EU EEA Common AQI,70.6,1.0010413,9.743909,7200,0.98550725,100,100,62.8,0.8695652,Very Low,70.4,0.76426005,100,1747079100,Very Low,0.7819966,1.6506119,Very Low,1.7493416,59.6,3.057971,100,1747079100,1.0869565
2025-05-12T19:52:20Z,20,29.893,73.2,59,65.4,1,3,241,80,0.0,255,32767,0.0,2127-15-31,0.0,0.16,26.24,0.0,0.0,0.0,0,4.828125,6,45,05:48,20:11,2025-05-12 19:52:20.795594,Città della Scienza,68.8,1.3651376,10.8151,0.9774958,0.800833,EU EEA Common AQI,70.6,1.0010413,9.743909,7200,0.98550725,100,100,62.8,0.8695652,Very Low,70.4,0.76426005,100,1747079100,Very Low,0.7819966,1.6506119,Very Low,1.7493416,59.6,3.057971,100,1747079100,1.0869565
2025-05-12T19:52:32Z,20,29.893,73.2,59,65.4,1,3,241,80,0.0,255,32767,0.0,2127-15-31,0.0,0.16,26.24,0.0,0.0,0.0,0,4.828125,6,45,05:48,20:11,2025-05-12 19:52:31.867601,Città della Scienza,68.8,1.3651376,10.8151,0.9774958,0.800833,EU EEA Common AQI,70.6,1.0010413,9.743909,7200,0.98550725,100,100,62.8,0.8695652,Very Low,70.4,0.76426005,100,1747079100,Very Low,0.7819966,1.6506119,Very Low,1.7493416,59.6,3.057971,100,1747079100,1.0869565
2025-05-12T19:52:43Z,20,29.896,73.3,59,65.4,1,3,242,80,0.0,255,32767,0.0,2127-15-31,0.0,0.16,26.24,0.0,0.0,0.0,0,4.828125,6,45,05:48,20:11,2025-05-12 19:52:42.924605,Città della Scienza,68.8,1.3651376,10.8151,0.9774958,0.800833,EU EEA Common AQI,70.6,1.0010413,9.743909,7200,0.98550725,100,100,62.8,0.8695652,Very Low,70.4,0.76426005,100,1747079100,Very Low,0.7819966,1.6506119,Very Low,1.7493416,59.6,3.057971,100,1747079100,1.0869565
2025-05-12T19:52:54Z,20,29.896,73.3,59,65.4,0,3,241,80,0.0,255,32767,0.0,2127-15-31,0.0,0.16,26.24,0.0,0.0,0.0,0,4.828125,6,45,05:48,20:11,2025-05-12 19:52:54.031586,Città della Scienza,68.8,1.3651376,10.8151,0.9774958,0.800833,EU EEA Common AQI,70.6,1.0010413,9.743909,7200,0.98550725,100,100,62.8,0.8695652,Very Low,70.4,0.76426005,100,1747079100,Very Low,0.7819966,1.6506119,Very Low,1.7493416,59.6,3.057971,100,1747079100,1.0869565
2025-05-12T19:53:05Z,20,29.896,73.3,59,65.4,0,3,242,80,0.0,255,32767,0.0,2127-15-31,0.0,0.16,26.24,0.0,0.0,0.0,0,4.828125,6,45,05:48,20:11,2025-05-12 19:53:05.129618,Città della Scienza,68.8,1.3651376,10.8151,0.9774958,0.800833,EU EEA Common AQI,70.6,1.0010413,9.743909,7200,0.98550725,100,100,62.8,0.8695652,Very Low,70.4,0.76426005,100,1747079100,Very Low,0.7819966,1.6506119,Very Low,1.7493416,59.6,3.057971,100,1747079100,1.0869565
2025-05-12T19:53:16Z,20,29.896,73.3,59,65.4,0,3,242,80,0.0,255,32767,0.0,2127-15-31,0.0,0.16,26.24,0.0,0.0,0.0,0,4.828125,6,45,05:48,20:11,2025-05-12 19:53:16.252580,Città della Scienza,68.8,1.3651376,10.8151,0.9774958,0.800833,EU EEA Common AQI,70.6,1.0010413,9.743909,7200,0.98550725,100,100,62.8,0.8695652,Very Low,70.4,0.76426005,100,1747079100,Very Low,0.7819966,1.6506119,Very Low,1.7493416,59.6,3.057971,100,1747079100,1.0869565
2025-05-12T19:53:27Z,20,29.896,73.3,59,65.4,1,3,241,80,0.0,255,32767,0.0,2127-15-31,0.0,0.16,26.24,0.0,0.0,0.0,0,4.828125,6,45,05:48,20:11,2025-05-12 19:53:27.341586,Città della Scienza,68.8,1.3651376,10.8151,0.9774958,0.800833,EU EEA Common AQI,70.6,1.0010413,9.743909,7200,0.98550725,100,100,62.8,0.8695652,Very Low,70.4,0.76426005,100,1747079100,Very Low,0.7819966,1.6506119,Very Low,1.7493416,59.6,3.057971,100,1747079100,1.0869565
2025-05-12T19:53:38Z,20,29.894,73.2,59,65.4,2,3,292,80,0.0,255,32767,0.0,2127-15-31,0.0,0.16,26.24,0.0,0.0,0.0,0,4.828125,6,45,05:48,20:11,2025-05-12 19:53:38.485589,Città della Scienza,68.8,1.3651376,10.8151,0.9774958,0.800833,EU EEA Common AQI,70.6,1.0010413,9.743909,7200,0.98550725,100,100,62.8,0.8695652,Very Low,70.4,0.76426005,100,1747079100,Very Low,0.7819966,1.6506119,Very Low,1.7493416,59.6,3.057971,100,1747079100,1.0869565
2025-05-12T19:53:49Z,20,29.894,73.2,59,65.4,3,3,294,80,0.0,255,32767,0.0,2127-15-31,0.0,0.16,26.24,0.0,0.0,0.0,0,4.828125,6,45,05:48,20:11,2025-05-12 19:53:49.547595,Città della Scienza,68.8,1.3651376,10.8151,0.9774958,0.800833,EU EEA Common AQI,70.6,1.0010413,9.743909,7200,0.98550725,100,100,62.8,0.8695652,Very Low,70.4,0.76426005,100,1747079100,Very Low,0.7819966,1.6506119,Very Low,1.7493416,59.6,3.057971,100,1747079100,1.0869565
2025-05-12T19:54:00Z,20,29.894,73.2,59,65.4,2,3,272,80,0.0,255,32767,0.0,2127-15-31,0.0,0.16,26.24,0.0,0.0,0.0,0,4.828125,6,45,05:48,20:11,2025-05-12 19:54:00.625557,Città della Scienza,68.8,1.3651376,10.8151,0.9774958,0.800833,EU EEA Common AQI,70.6,1.0010413,9.743909,7200,0.98550725,100,100,62.8,0.8695652,Very Low,70.4,0.76426005,100,1747079100,Very Low,0.7819966,1.6506119,Very Low,1.7493416,59.6,3.057971,100,1747079100,1.0869565
2025-05-12T19:54:11Z,20,29.894,73.2,59,65.4,1,3,269,80,0.0,255,32767,0.0,2127-15-31,0.0,0.16,26.24,0.0,0.0,0.0,0,4.828125,6,45,05:48,20:11,2025-05-12 19:54:11.702589,Città della Scienza,68.8,1.3651376,10.8151,0.9774958,0.800833,EU EEA Common AQI,70.6,1.0010413,9.743909,7200,0.98550725,100,100,62.8,0.8695652,Very Low,70.4,0.76426005,100,1747079100,Very Low,0.7819966,1.6506119,Very Low,1.7493416,59.6,3.057971,100,1747079100,1.0869565
2025-05-12T19:54:22Z,20,29.894,73.2,59,65.4,2,3,293,80,0.0,255,32767,0.0,2127-15-31,0.0,0.16,26.24,0.0,0.0,0.0,0,4.828125,6,45,05:48,20:11,2025-05-12 19:54:22.778594,Città della Scienza,68.8,1.3651376,10.8151,0.9774958,0.800833,EU EEA Common AQI,70.6,1.0010413,9.743909,7200,0.98550725,100,100,62.8,0.8695652,Very Low,70.4,0.76426005,100,1747079100,Very Low,0.7819966,1.6506119,Very Low,1.7493416,59.6,3.057971,100,1747079100,1.0869565
2025-05-12T19:54:34Z,20,29.894,73.2,59,65.3,2,2,277,80,0.0,255,32767,0.0,2127-15-31,0.0,0.16,26.24,0.0,0.0,0.0,0,4.828125,6,45,05:48,20:11,2025-05-12 19:54:34.055592,Città della Scienza
2025-05-12T19:54:45Z,20,29.895,73.2,59,65.3,3,2,269,80,0.0,255,32767,0.0,2127-15-31,0.0,0.16,26.24,0.0,0.0,0.0,0,4.828125,6,45,05:48,20:11,2025-05-12 19:54:45.105601,Città della Scienza
2025-05-12T19:54:56Z,20,29.895,73.2,59,65.3,2,2,269,80,0.0,255,32767,0.0,2127-15-31,0.0,0.16,26.24,0.0,0.0,0.0,0,4.828125,6,45,05:48,20:11,2025-05-12 19:54:56.162601,Città della Scienza
2025-05-12T19:55:07Z,20,29.895,73.2,59,65.3,2,2,268,80,0.0,255,32767,0.0,2127-15-31,0.0,0.16,26.24,0.0,0.0,0.0,0,4.828125,6,45,05:48,20:11,2025-05-12 19:55:07.214593,Città della Scienza
2025-05-12T19:55:18Z,20,29.895,73.2,59,65.3,1,2,269,80,0.0,255,32767,0.0,2127-15-31,0.0,0.16,26.24,0.0,0.0,0.0,0,4.828125,6,45,05:48,20:11,2025-05-12 19:55:18.267593,Città della Scienza
2025-05-12T19:55:29Z,20,29.895,73.2,59,65.4,1,2,268,80,0.0,255,32767,0.0,2127-15-31,0.0,0.16,26.24,0.0,0.0,0.0,0,4.828125,6,45,05:48,20:11,2025-05-12 19:55:29.315592,Città della Scienza
2025-05-12T19:55:40Z,20,29.894,73.3,59,65.4,1,2,268,80,0.0,255,32767,0.0,2127-15-31,0.0,0.16,26.24,0.0,0.0,0.0,0,4.828125,6,45,05:48,20:11,2025-05-12 19:55:40.412598,Città della Scienza
2025-05-12T19:55:51Z,20,29.894,73.3,59,65.4,0,2,269,80,0.0,255,32767,0.0,2127-15-31,0.0,0.16,26.24,0.0,0.0,0.0,0,4.828125,6,45,05:48,20:11,2025-05-12 19:55:51.519608,Città della Scienza
2025-05-12T19:56:02Z,20,29.894,73.3,59,65.4,1,2,269,80,0.0,255,32767,0.0,2127-15-31,0.0,0.16,26.24,0.0,0.0,0.0,0,4.828125,6,45,05:48,20:11,2025-05-12 19:56:02.568591,Città della Scienza
2025-05-12T19:56:13Z,20,29.894,73.3,59,65.4,3,2,243,80,0.0,255,32767,0.0,2127-15-31,0.0,0.16,26.24,0.0,0.0,0.0,0,4.828125,6,45,05:48,20:11,2025-05-12 19:56:13.649584,Città della Scienza
2025-05-12T19:56:24Z,20,29.894,73.3,59,65.4,2,2,240,80,0.0,255,32767,0.0,2127-15-31,0.0,0.16,26.24,0.0,0.0,0.0,0,4.828125,6,45,05:48,20:11,2025-05-12 19:56:24.691595,Città della Scienza
2025-05-12T19:56:35Z,20,29.895,73.2,59,65.3,2,2,239,80,0.0,255,32767,0.0,2127-15-31,0.0,0.16,26.24,0.0,0.0,0.0,0,4.828125,6,45,05:48,20:11,2025-05-12 19:56:35.734596,Città della Scienza
2025-05-12T19:56:46Z,20,29.895,73.2,59,65.3,2,2,239,80,0.0,255,32767,0.0,2127-15-31,0.0,0.16,26.24,0.0,0.0,0.0,0,4.828125,6,45,05:48,20:11,2025-05-12 19:56:46.763593,Città della Scienza
2025-05-12T19:56:58Z,20,29.895,73.2,59,65.4,0,2,239,80,0.0,255,32767,0.0,2127-15-31,0.0,0.16,26.24,0.0,0.0,0.0,0,4.828125,6,45,05:48,20:11,2025-05-12 19:56:57.855600,Città della Scienza
2025-05-12T19:57:09Z,20,29.895,73.2,59,65.3,0,2,239,80,0.0,255,32767,0.0,2127-15-31,0.0,0.16,26.24,0.0,0.0,0.0,0,4.828125,6,45,05:48,20:11,2025-05-12 19:57:08.902596,Città della Scienza
2025-05-12T19:57:20Z,20,29.895,73.2,59,65.4,0,2,239,80,0.0,255,32767,0.0,2127-15-31,0.0,0.16,26.24,0.0,0.0,0.0,0,4.828125,6,45,05:48,20:11,2025-05-12 19:57:19.955596,Città della Scienza
2025-05-12T19:57:31Z,20,29.895,73.2,59,65.3,0,2,239,80,0.0,255,32767,0.0,2127-15-31,0.0,0.16,26.24,0.0,0.0,0.0,0,4.828125,6,45,05:48,20:11,2025-05-12 19:57:31.016589,Città della Scienza
2025-05-12T19:57:42Z,20,29.895,73.3,59,65.4,0,2,239,80,0.0,255,32767,0.0,2127-15-31,0.0,0.16,26.24,0.0,0.0,0.0,0,4.828125,6,45,05:48,20:11,2025-05-12 19:57:42.087588,Città della Scienza
2025-05-12T19:57:53Z,20,29.895,73.3,59,65.4,0,2,239,80,0.0,255,32767,0.0,2127-15-31,0.0,0.16,26.24,0.0,0.0,0.0,0,4.828125,6,45,05:48,20:11,2025-05-12 19:57:53.150592,Città della Scienza
2025-05-12T19:58:04Z,20,29.895,73.3,59,65.4,1,2,239,80,0.0,255,32767,0.0,2127-15-31,0.0,0.16,26.24,0.0,0.0,0.0,0,4.828125,6,45,05:48,20:11,2025-05-12 19:58:04.238610,Città della Scienza
2025-05-12T19:58:15Z,20,29.895,73.3,59,65.4,1,2,239,80,0.0,255,32767,0.0,2127-15-31,0.0,0.16,26.24,0.0,0.0,0.0,0,4.828125,6,45,05:48,20:11,2025-05-12 19:58:15.272591,Città della Scienza
2025-05-12T19:58:26Z,20,29.895,73.3,59,65.4,1,2,239,80,0.0,255,32767,0.0,2127-15-31,0.0,0.16,26.24,0.0,0.0,0.0,0,4.828125,6,45,05:48,20:11,2025-05-12 19:58:26.339596,Città della Scienza
2025-05-12T19:58:37Z,20,29.896,73.2,59,65.3,0,2,239,80,0.0,255,32767,0.0,2127-15-31,0.0,0.16,26.24,0.0,0.0,0.0,0,4.828125,6,45,05:48,20:11,2025-05-12 19:58:37.419589,Città della Scienza
2025-05-12T19:58:48Z,20,29.896,73.2,59,65.4,1,2,246,80,0.0,255,32767,0.0,2127-15-31,0.0,0.16,26.24,0.0,0.0,0.0,0,4.828125,6,45,05:48,20:11,2025-05-12 19:58:48.475610,Città della Scienza
2025-05-12T19:58:59Z,20,29.896,73.2,59,65.4,1,2,281,80,0.0,255,32767,0.0,2127-15-31,0.0,0.16,26.24,0.0,0.0,0.0,0,4.828125,6,45,05:48,20:11,2025-05-12 19:58:59.553586,Città della Scienza
2025-05-12T19:59:10Z,20,29.896,73.2,59,65.4,1,2,281,80,0.0,255,32767,0.0,2127-15-31,0.0,0.16,26.24,0.0,0.0,0.0,0,4.828125,6,45,05:48,20:11,2025-05-12 19:59:10.582603,Città della Scienza
2025-05-12T19:59:21Z,20,29.896,73.2,59,65.4,1,2,281,80,0.0,255,32767,0.0,2127-15-31,0.0,0.16,26.24,0.0,0.0,0.0,0,4.828125,6,45,05:48,20:11,2025-05-12 19:59:21.655596,Città della Scienza
2025-05-12T19:59:32Z,20,29.896,73.2,59,65.4,0,2,281,80,0.0,255,32767,0.0,2127-15-31,0.0,0.16,26.24,0.0,0.0,0.0,0,4.828125,6,45,05:48,20:11,2025-05-12 19:59:32.702595,Città della Scienza
2025-05-12T19:59:43Z,20,29.897,73.3,59,65.4,1,1,281,80,0.0,255,32767,0.0,2127-15-31,0.0,0.16,26.24,0.0,0.0,0.0,0,4.828125,6,45,05:48,20:11,2025-05-12 19:59:43.758592,Città della Scienza
2025-05-12T19:59:55Z,20,29.897,73.3,59,65.4,2,1,267,80,0.0,255,32767,0.0,2127-15-31,0.0,0.16,26.24,0.0,0.0,0.0,0,4.828125,6,45,05:48,20:11,2025-05-12 19:59:54.841596,Città della Scienza
2025-05-12T20:00:06Z,20,29.897,73.3,59,65.4,3,1,242,80,0.0,255,32767,0.0,2127-15-31,0.0,0.16,26.24,0.0,0.0,0.0,0,4.828125,6,45,05:48,20:11,2025-05-12 20:00:05.889598,Città della Scienza,68.8,1.3651376,10.8151,0.9774958,0.800833,EU EEA Common AQI,70.6,1.0010413,9.743909,7200,0.98550725,100,100,62.8,0.8695652,Very Low,70.4,0.76426005,100,1747079100,Very Low,0.7819966,1.6506119,Very Low,1.7493416,59.6,3.057971,100,1747079100,1.0869565
2025-05-12T20:00:17Z,20,29.897,73.3,59,65.4,2,1,242,80,0.0,255,32767,0.0,2127-15-31,0.0,0.16,26.24,0.0,0.0,0.0,0,4.828125,6,45,05:48,20:11,2025-05-12 20:00:16.977609,Città della Scienza,68.8,1.3651376,10.8151,0.9774958,0.800833,EU EEA Common AQI,70.6,1.0010413,9.743909,7200,0.98550725,100,100,62.8,0.8695652,Very Low,70.4,0.76426005,100,1747079100,Very Low,0.7819966,1.6506119,Very Low,1.7493416,59.6,3.057971,100,1747079100,1.0869565
2025-05-12T20:00:28Z,20,29.897,73.3,59,65.4,0,1,242,80,0.0,255,32767,0.0,2127-15-31,0.0,0.16,26.24,0.0,0.0,0.0,0,4.828125,6,45,05:48,20:11,2025-05-12 20:00:28.074604,Città della Scienza,68.3,1.4053925,10.746839,0.91812307,0.7804187,EU EEA Common AQI,70.9,0.9755234,9.676587,7200,0.9142857,100,100,62.9,0.79999995,Very Low,70.7,0.79929805,100,1747080000,Very Low,0.73449844,1.6436763,Very Low,1.6892507,59.7,1.2285714,100,1747080000,1.0
2025-05-12T20:00:39Z,20,29.895,73.3,59,65.4,2,1,246,80,0.0,255,32767,0.0,2127-15-31,0.0,0.16,26.24,0.0,0.0,0.0,0,4.828125,6,45,05:48,20:11,2025-05-12 20:00:39.170587,Città della Scienza,68.3,1.4053925,10.746839,0.91812307,0.7804187,EU EEA Common AQI,70.9,0.9755234,9.676587,7200,0.9142857,100,100,62.9,0.79999995,Very Low,70.7,0.79929805,100,1747080000,Very Low,0.73449844,1.6436763,Very Low,1.6892507,59.7,1.2285714,100,1747080000,1.0
2025-05-12T20:00:50Z,20,29.895,73.3,59,65.4,2,1,242,80,0.0,255,32767,0.0,2127-15-31,0.0,0.16,26.24,0.0,0.0,0.0,0,4.828125,6,45,05:48,20:11,2025-05-12 20:00:50.247589,Città della Scienza,68.3,1.4053925,10.746839,0.91812307,0.7804187,EU EEA Common AQI,70.9,0.9755234,9.676587,7200,0.9142857,100,100,62.9,0.79999995,Very Low,70.7,0.79929805,100,1747080000,Very Low,0.73449844,1.6436763,Very Low,1.6892507,59.7,1.2285714,100,1747080000,1.0
2025-05-12T20:01:01Z,20,29.895,73.3,59,65.4,1,1,242,80,0.0,255,32767,0.0,2127-15-31,0.0,0.16,26.24,0.0,0.0,0.0,0,4.828125,6,45,05:48,20:11,2025-05-12 20:01:01.353608,Città della Scienza,68.3,1.4053925,10.746839,0.91812307,0.7804187,EU EEA Common AQI,70.9,0.9755234,9.676587,7200,0.9142857,100,100,62.9,0.79999995,Very Low,70.7,0.79929805,100,1747080000,Very Low,0.73449844,1.6436763,Very Low,1.6892507,59.7,1.2285714,100,1747080000,1.0
2025-05-12T20:01:12Z,20,29.895,73.3,59,65.4,1,1,242,80,0.0,255,32767,0.0,2127-15-31,0.0,0.16,26.24,0.0,0.0,0.0,0,4.828125,6,45,05:48,20:11,2025-05-12 20:01:12.477601,Città della Scienza,68.3,1.4053925,10.746839,0.91812307,0.7804187,EU EEA Common AQI,70.9,0.9755234,9.676587,7200,0.9142857,100,100,62.9,0.79999995,Very Low,70.7,0.79929805,100,1747080000,Very Low,0.73449844,1.6436763,Very Low,1.6892507,59.7,1.2285714,100,1747080000,1.0
2025-05-12T20:01:23Z,20,29.895,73.3,59,65.4,2,1,254,80,0.0,255,32767,0.0,2127-15-31,0.0,0.16,26.24,0.0,0.0,0.0,0,4.828125,6,45,05:48,20:11,2025-05-12 20:01:23.563605,Città della Scienza,68.3,1.4053925,10.746839,0.91812307,0.7804187,EU EEA Common AQI,70.9,0.9755234,9.676587,7200,0.9142857,100,100,62.9,0.79999995,Very Low,70.7,0.79929805,100,1747080000,Very Low,0.73449844,1.6436763,Very Low,1.6892507,59.7,1.2285714,100,1747080000,1.0
2025-05-12T20:01:34Z,20,29.9,73.2,59,65.4,2,1,291,80,0.0,255,32767,0.0,2127-15-31,0.0,0.16,26.24,0.0,0.0,0.0,0,4.828125,6,45,05:48,20:11,2025-05-12 20:01:34.657599,Città della Scienza,68.3,1.4053925,10.746839,0.91812307,0.7804187,EU EEA Common AQI,70.9,0.9755234,9.676587,7200,0.9142857,100,100,62.9,0.79999995,Very Low,70.7,0.79929805,100,1747080000,Very Low,0.73449844,1.6436763,Very Low,1.6892507,59.7,1.2285714,100,1747080000,1.0
2025-05-12T20:01:45Z,20,29.9,73.2,59,65.3,1,1,291,80,0.0,255,32767,0.0,2127-15-31,0.0,0.16,26.24,0.0,0.0,0.0,0,4.828125,6,45,05:48,20:11,2025-05-12 20:01:45.709592,Città della Scienza,68.3,1.4053925,10.746839,0.91812307,0.7804187,EU EEA Common AQI,70.9,0.9755234,9.676587,7200,0.9142857,100,100,62.9,0.79999995,Very Low,70.7,0.79929805,100,1747080000,Very Low,0.73449844,1.6436763,Very Low,1.6892507,59.7,1.2285714,100,1747080000,1.0
2025-05-12T20:01:57Z,20,29.9,73.2,59,65.3,2,1,291,80,0.0,255,32767,0.0,2127-15-31,0.0,0.16,26.24,0.0,0.0,0.0,0,4.828125,6,45,05:48,20:11,2025-05-12 20:01:56.819596,Città della Scienza,68.3,1.4053925,10.746839,0.91812307,0.7804187,EU EEA Common AQI,70.9,0.9755234,9.676587,7200,0.9142857,100,100,62.9,0.79999995,Very Low,70.7,0.79929805,100,1747080000,Very Low,0.73449844,1.6436763,Very Low,1.6892507,59.7,1.2285714,100,1747080000,1.0
2025-05-12T20:02:08Z,20,29.9,73.2,59,65.4,1,1,291,80,0.0,255,32767,0.0,2127-15-31,0.0,0.16,26.24,0.0,0.0,0.0,0,4.828125,6,45,05:48,20:11,2025-05-12 20:02:07.911602,Città della Scienza,68.3,1.4053925,10.746839,0.91812307,0.7804187,EU EEA Common AQI,70.9,0.9755234,9.676587,7200,0.9142857,100,100,62.9,0.79999995,Very Low,70.7,0.79929805,100,1747080000,Very Low,0.73449844,1.6436763,Very Low,1.6892507,59.7,1.2285714,100,1747080000,1.0
2025-05-12T20:02:19Z,20,29.9,73.2,59,65.3,1,1,291,80,0.0,255,32767,0.0,2127-15-31,0.0,0.16,26.24,0.0,0.0,0.0,0,4.828125,6,45,05:48,20:11,2025-05-12 20:02:19.049559,Città della Scienza,68.3,1.4053925,10.746839,0.91812307,0.7804187,EU EEA Common AQI,70.9,0.9755234,9.676587,7200,0.9142857,100,100,62.9,0.79999995,Very Low,70.7,0.79929805,100,1747080000,Very Low,0.73449844,1.6436763,Very Low,1.6892507,59.7,1.2285714,100,1747080000,1.0
2025-05-12T20:02:30Z,20,29.9,73.2,59,65.4,3,1,266,80,0.0,255,32767,0.0,2127-15-31,0.0,0.16,26.24,0.0,0.0,0.0,0,4.828125,6,45,05:48,20:11,2025-05-12 20:02:30.144591,Città della Scienza,68.3,1.4053925,10.746839,0.91812307,0.7804187,EU EEA Common AQI,70.9,0.9755234,9.676587,7200,0.9142857,100,100,62.9,0.79999995,Very Low,70.7,0.79929805,100,1747080000,Very Low,0.73449844,1.6436763,Very Low,1.6892507,59.7,1.2285714,100,1747080000,1.0
2025-05-12T20:02:41Z,20,29.896,73.3,59,65.4,3,1,260,80,0.0,255,32767,0.0,2127-15-31,0.0,0.16,26.24,0.0,0.0,0.0,0,4.828125,6,45,05:48,20:11,2025-05-12 20:02:41.206588,Città della Scienza,68.3,1.4053925,10.746839,0.91812307,0.7804187,EU EEA Common AQI,70.9,0.9755234,9.676587,7200,0.9142857,100,100,62.9,0.79999995,Very Low,70.7,0.79929805,100,1747080000,Very Low,0.73449844,1.6436763,Very Low,1.6892507,59.7,1.2285714,100,1747080000,1.0
2025-05-12T20:02:52Z,20,29.896,73.3,59,65.4,1,1,262,80,0.0,255,32767,0.0,2127-15-31,0.0,0.16,26.24,0.0,0.0,0.0,0,4.828125,6,45,05:48,20:11,2025-05-12 20:02:52.249973,Città della Scienza,68.3,1.4053925,10.746839,0.91812307,0.7804187,EU EEA Common AQI,70.9,0.9755234,9.676587,7200,0.9142857,100,100,62.9,0.79999995,Very Low,70.7,0.79929805,100,1747080000,Very Low,0.73449844,1.6436763,Very Low,1.6892507,59.7,1.2285714,100,1747080000,1.0
2025-05-12T20:03:03Z,20,29.896,73.3,59,65.4,6,1,269,80,0.0,255,32767,0.0,2127-15-31,0.0,0.16,26.24,0.0,0.0,0.0,0,4.828125,6,45,05:48,20:11,2025-05-12 20:03:03.314600,Città della Scienza,68.3,1.4053925,10.746839,0.91812307,0.7804187,EU EEA Common AQI,70.9,0.9755234,9.676587,7200,0.9142857,100,100,62.9,0.79999995,Very Low,70.7,0.79929805,100,1747080000,Very Low,0.73449844,1.6436763,Very Low,1.6892507,59.7,1.2285714,100,1747080000,1.0
2025-05-12T20:03:14Z,20,29.896,73.3,59,65.3,8,1,268,80,0.0,255,32767,0.0,2127-15-31,0.0,0.16,26.24,0.0,0.0,0.0,0,4.828125,6,45,05:48,20:11,2025-05-12 20:03:14.417596,Città della Scienza,68.3,1.4053925,10.746839,0.91812307,0.7804187,EU EEA Common AQI,70.9,0.9755234,9.676587,7200,0.9142857,100,100,62.9,0.79999995,Very Low,70.7,0.79929805,100,1747080000,Very Low,0.73449844,1.6436763,Very Low,1.6892507,59.7,1.2285714,100,1747080000,1.0
2025-05-12T20:03:25Z,20,29.896,73.3,59,65.3,5,1,248,80,0.0,255,32767,0.0,2127-15-31,0.0,0.16,26.24,0.0,0.0,0.0,0,4.828125,6,45,05:48,20:11,2025-05-12 20:03:25.514593,Città della Scienza,68.3,1.4053925,10.746839,0.91812307,0.7804187,EU EEA Common AQI,70.9,0.9755234,9.676587,7200,0.9142857,100,100,62.9,0.79999995,Very Low,70.7,0.79929805,100,1747080000,Very Low,0.73449844,1.6436763,Very Low,1.6892507,59.7,1.2285714,100,1747080000,1.0
2025-05-12T20:03:36Z,20,29.894,73.3,59,65.4,2,2,279,80,0.0,255,32767,0.0,2127-15-31,0.0,0.16,26.24,0.0,0.0,0.0,0,4.828125,6,45,05:48,20:11,2025-05-12 20:03:36.591595,Città della Scienza,68.3,1.4053925,10.746839,0.91812307,0.7804187,EU EEA Common AQI,70.9,0.9755234,9.676587,7200,0.9142857,100,100,62.9,0.79999995,Very Low,70.7,0.79929805,100,1747080000,Very Low,0.73449844,1.6436763,Very Low,1.6892507,59.7,1.2285714,100,1747080000,1.0
2025-05-12T20:03:47Z,20,29.894,73.3,59,65.4,3,2,244,80,0.0,255,32767,0.0,2127-15-31,0.0,0.16,26.24,0.0,0.0,0.0,0,4.828125,6,45,05:48,20:11,2025-05-12 20:03:47.679588,Città della Scienza,68.3,1.4053925,10.746839,0.91812307,0.7804187,EU EEA Common AQI,70.9,0.9755234,9.676587,7200,0.9142857,100,100,62.9,0.79999995,Very Low,70.7,0.79929805,100,1747080000,Very Low,0.73449844,1.6436763,Very Low,1.6892507,59.7,1.2285714,100,1747080000,1.0
2025-05-12T20:03:58Z,20,29.894,73.3,59,65.4,3,2,254,80,0.0,255,32767,0.0,2127-15-31,0.0,0.16,26.24,0.0,0.0,0.0,0,4.828125,6,45,05:48,20:11,2025-05-12 20:03:58.712592,Città della Scienza,68.3,1.4053925,10.746839,0.91812307,0.7804187,EU EEA Common AQI,70.9,0.9755234,9.676587,7200,0.9142857,100,100,62.9,0.79999995,Very Low,70.7,0.79929805,100,1747080000,Very Low,0.73449844,1.6436763,Very Low,1.6892507,59.7,1.2285714,100,1747080000,1.0
2025-05-12T20:04:10Z,20,29.894,73.3,59,65.4,4,2,249,80,0.0,255,32767,0.0,2127-15-31,0.0,0.16,26.24,0.0,0.0,0.0,0,4.828125,6,45,05:48,20:11,2025-05-12 20:04:09.810595,Città della Scienza,68.3,1.4053925,10.746839,0.91812307,0.7804187,EU EEA Common AQI,70.9,0.9755234,9.676587,7200,0.9142857,100,100,62.9,0.79999995,Very Low,70.7,0.79929805,100,1747080000,Very Low,0.73449844,1.6436763,Very Low,1.6892507,59.7,1.2285714,100,1747080000,1.0
2025-05-12T20:04:21Z,20,29.894,73.3,59,65.4,4,2,252,80,0.0,255,32767,0.0,2127-15-31,0.0,0.16,26.24,0.0,0.0,0.0,0,4.828125,6,45,05:48,20:11,2025-05-12 20:04:20.901597,Città della Scienza,68.3,1.4053925,10.746839,0.91812307,0.7804187,EU EEA Common AQI,70.9,0.9755234,9.676587,7200,0.9142857,100,100,62.9,0.79999995,Very Low,70.7,0.79929805,100,1747080000,Very Low,0.73449844,1.6436763,Very Low,1.6892507,59.7,1.2285714,100,1747080000,1.0
2025-05-12T20:04:32Z,20,29.894,73.3,59,65.4,3,2,267,80,0.0,255,32767,0.0,2127-15-31,0.0,0.16,26.24,0.0,0.0,0.0,0,4.828125,6,45,05:48,20:11,2025-05-12 20:04:31.997895,Città della Scienza,68.3,1.4053925,10.746839,0.91812307,0.7804187,EU EEA Common AQI,70.9,0.9755234,9.676587,7200,0.9142857,100,100,62.9,0.79999995,Very Low,70.7,0.79929805,100,1747080000,Very Low,0.73449844,1.6436763,Very Low,1.6892507,59.7,1.2285714,100,1747080000,1.0
2025-05-12T20:04:43Z,20,29.897,73.3,59,65.4,3,2,263,80,0.0,255,32767,0.0,2127-15-31,0.0,0.16,26.24,0.0,0.0,0.0,0,4.828125,6,45,05:48,20:11,2025-05-12 20:04:43.118595,Città della Scienza,68.3,1.4053925,10.746839,0.91812307,0.7804187,EU EEA Common AQI,70.9,0.9755234,9.676587,7200,0.9142857,100,100,62.9,0.79999995,Very Low,70.7,0.79929805,100,1747080000,Very Low,0.73449844,1.6436763,Very Low,1.6892507,59.7,1.2285714,100,1747080000,1.0
2025-05-12T20:04:54Z,20,29.897,73.3,59,65.4,2,2,290,80,0.0,255,32767,0.0,2127-15-31,0.0,0.16,26.24,0.0,0.0,0.0,0,4.828125,6,45,05:48,20:11,2025-05-12 20:04:54.198594,Città della Scienza,68.3,1.4053925,10.746839,0.91812307,0.7804187,EU EEA Common AQI,70.9,0.9755234,9.676587,7200,0.9142857,100,100,62.9,0.79999995,Very Low,70.7,0.79929805,100,1747080000,Very Low,0.73449844,1.6436763,Very Low,1.6892507,59.7,1.2285714,100,1747080000,1.0
2025-05-12T20:05:05Z,20,29.897,73.3,59,65.4,3,2,274,80,0.0,255,32767,0.0,2127-15-31,0.0,0.16,26.24,0.0,0.0,0.0,0,4.828125,6,45,05:48,20:11,2025-05-12 20:05:05.259596,Città della Scienza,68.3,1.4053925,10.746839,0.91812307,0.7804187,EU EEA Common AQI,70.9,0.9755234,9.676587,7200,0.9142857,100,100,62.9,0.79999995,Very Low,70.7,0.79929805,100,1747080000,Very Low,0.73449844,1.6436763,Very Low,1.6892507,59.7,1.2285714,100,1747080000,1.0
2025-05-12T20:05:16Z,20,29.897,73.3,59,65.4,3,2,288,80,0.0,255,32767,0.0,2127-15-31,0.0,0.16,26.24,0.0,0.0,0.0,0,4.828125,6,45,05:48,20:11,2025-05-12 20:05:16.341587,Città della Scienza,68.3,1.4053925,10.746839,0.91812307,0.7804187,EU EEA Common AQI,70.9,0.9755234,9.676587,7200,0.9142857,100,100,62.9,0.79999995,Very Low,70.7,0.79929805,100,1747080000,Very Low,0.73449844,1.6436763,Very Low,1.6892507,59.7,1.2285714,100,1747080000,1.0
2025-05-12T20:05:27Z,20,29.897,73.3,59,65.4,2,2,275,80,0.0,255,32767,0.0,2127-15-31,0.0,0.16,26.24,0.0,0.0,0.0,0,4.828125,6,45,05:48,20:11,2025-05-12 20:05:27.437595,Città della Scienza,68.3,1.4053925,10.746839,0.91812307,0.7804187,EU EEA Common AQI,70.9,0.9755234,9.676587,7200,0.9142857,100,100,62.9,0.79999995,Very Low,70.7,0.79929805,100,1747080000,Very Low,0.73449844,1.6436763,Very Low,1.6892507,59.7,1.2285714,100,1747080000,1.0
2025-05-12T20:05:38Z,20,29.896,73.4,59,65.4,2,2,272,80,0.0,255,32767,0.0,2127-15-31,0.0,0.16,26.24,0.0,0.0,0.0,0,4.828125,6,45,05:48,20:11,2025-05-12 20:05:38.582558,Città della Scienza,68.3,1.4053925,10.746839,0.91812307,0.7804187,EU EEA Common AQI,70.9,0.9755234,9.676587,7200,0.9142857,100,100,62.9,0.79999995,Very Low,70.7,0.79929805,100,1747080000,Very Low,0.73449844,1.6436763,Very Low,1.6892507,59.7,1.2285714,100,1747080000,1.0
2025-05-12T20:05:49Z,20,29.896,73.4,59,65.4,3,2,251,80,0.0,255,32767,0.0,2127-15-31,0.0,0.16,26.24,0.0,0.0,0.0,0,4.828125,6,45,05:48,20:11,2025-05-12 20:05:49.644592,Città della Scienza,68.3,1.4053925,10.746839,0.91812307,0.7804187,EU EEA Common AQI,70.9,0.9755234,9.676587,7200,0.9142857,100,100,62.9,0.79999995,Very Low,70.7,0.79929805,100,1747080000,Very Low,0.73449844,1.6436763,Very Low,1.6892507,59.7,1.2285714,100,1747080000,1.0
2025-05-12T20:06:00Z,20,29.896,73.4,59,65.4,2,2,194,80,0.0,255,32767,0.0,2127-15-31,0.0,0.16,26.24,0.0,0.0,0.0,0,4.828125,6,45,05:48,20:11,2025-05-12 20:06:00.699590,Città della Scienza,68.3,1.4053925,10.746839,0.91812307,0.7804187,EU EEA Common AQI,70.9,0.9755234,9.676587,7200,0.9142857,100,100,62.9,0.79999995,Very Low,70.7,0.79929805,100,1747080000,Very Low,0.73449844,1.6436763,Very Low,1.6892507,59.7,1.2285714,100,1747080000,1.0
2025-05-12T20:06:12Z,20,29.896,73.4,59,65.4,1,2,194,80,0.0,255,32767,0.0,2127-15-31,0.0,0.16,26.24,0.0,0.0,0.0,0,4.828125,6,45,05:48,20:11,2025-05-12 20:06:11.823596,Città della Scienza,68.3,1.4053925,10.746839,0.91812307,0.7804187,EU EEA Common AQI,70.9,0.9755234,9.676587,7200,0.9142857,100,100,62.9,0.79999995,Very Low,70.7,0.79929805,100,1747080000,Very Low,0.73449844,1.6436763,Very Low,1.6892507,59.7,1.2285714,100,1747080000,1.0
2025-05-12T20:06:23Z,20,29.896,73.4,59,65.4,0,2,194,80,0.0,255,32767,0.0,2127-15-31,0.0,0.16,26.24,0.0,0.0,0.0,0,4.828125,6,45,05:48,20:11,2025-05-12 20:06:22.903590,Città della Scienza,68.3,1.4053925,10.746839,0.91812307,0.7804187,EU EEA Common AQI,70.9,0.9755234,9.676587,7200,0.9142857,100,100,62.9,0.79999995,Very Low,70.7,0.79929805,100,1747080000,Very Low,0.73449844,1.6436763,Very Low,1.6892507,59.7,1.2285714,100,1747080000,1.0
2025-05-12T20:06:34Z,20,29.896,73.3,59,65.4,2,2,273,80,0.0,255,32767,0.0,2127-15-31,0.0,0.16,26.24,0.0,0.0,0.0,0,4.828125,6,45,05:48,20:11,2025-05-12 20:06:34.082590,Città della Scienza,68.3,1.4053925,10.746839,0.91812307,0.7804187,EU EEA Common AQI,70.9,0.9755234,9.676587,7200,0.9142857,100,100,62.9,0.79999995,Very Low,70.7,0.79929805,100,1747080000,Very Low,0.73449844,1.6436763,Very Low,1.6892507,59.7,1.2285714,100,1747080000,1.0
2025-05-12T20:06:45Z,20,29.894,73.3,59,65.4,2,2,270,80,0.0,255,32767,0.0,2127-15-31,0.0,0.16,26.24,0.0,0.0,0.0,0,4.828125,6,45,05:48,20:11,2025-05-12 20:06:45.161595,Città della Scienza,68.3,1.4053925,10.746839,0.91812307,0.7804187,EU EEA Common AQI,70.9,0.9755234,9.676587,7200,0.9142857,100,100,62.9,0.79999995,Very Low,70.7,0.79929805,100,1747080000,Very Low,0.73449844,1.6436763,Very Low,1.6892507,59.7,1.2285714,100,1747080000,1.0
2025-05-12T20:06:56Z,20,29.894,73.3,59,65.4,1,2,270,80,0.0,255,32767,0.0,2127-15-31,0.0,0.16,26.24,0.0,0.0,0.0,0,4.828125,6,45,05:48,20:11,2025-05-12 20:06:56.305603,Città della Scienza,68.3,1.4053925,10.746839,0.91812307,0.7804187,EU EEA Common AQI,70.9,0.9755234,9.676587,7200,0.9142857,100,100,62.9,0.79999995,Very Low,70.7,0.79929805,100,1747080000,Very Low,0.73449844,1.6436763,Very Low,1.6892507,59.7,1.2285714,100,1747080000,1.0
2025-05-12T20:07:07Z,20,29.894,73.3,59,65.4,1,2,270,80,0.0,255,32767,0.0,2127-15-31,0.0,0.16,26.24,0.0,0.0,0.0,0,4.828125,6,45,05:48,20:11,2025-05-12 20:07:07.352592,Città della Scienza,68.3,1.4053925,10.746839,0.91812307,0.7804187,EU EEA Common AQI,70.9,0.9755234,9.676587,7200,0.9142857,100,100,62.9,0.79999995,Very Low,70.7,0.79929805,100,1747080000,Very Low,0.73449844,1.6436763,Very Low,1.6892507,59.7,1.2285714,100,1747080000,1.0
2025-05-12T20:07:18Z,20,29.894,73.3,59,65.4,1,2,270,80,0.0,255,32767,0.0,2127-15-31,0.0,0.16,26.24,0.0,0.0,0.0,0,4.828125,6,45,05:48,20:11,2025-05-12 20:07:18.447594,Città della Scienza,68.3,1.4053925,10.746839,0.91812307,0.7804187,EU EEA Common AQI,70.9,0.9755234,9.676587,7200,0.9142857,100,100,62.9,0.79999995,Very Low,70.7,0.79929805,100,1747080000,Very Low,0.73449844,1.6436763,Very Low,1.6892507,59.7,1.2285714,100,1747080000,1.0
2025-05-12T20:07:29Z,20,29.894,73.3,59,65.4,2,2,293,80,0.0,255,32767,0.0,2127-15-31,0.0,0.16,26.24,0.0,0.0,0.0,0,4.828125,6,45,05:48,20:11,2025-05-12 20:07:29.540557,Città della Scienza,68.3,1.4053925,10.746839,0.91812307,0.7804187,EU EEA Common AQI,70.9,0.9755234,9.676587,7200,0.9142857,100,100,62.9,0.79999995,Very Low,70.7,0.79929805,100,1747080000,Very Low,0.73449844,1.6436763,Very Low,1.6892507,59.7,1.2285714,100,1747080000,1.0
2025-05-12T20:07:40Z,20,29.897,73.3,59,65.4,2,2,293,80,0.0,255,32767,0.0,2127-15-31,0.0,0.16,26.24,0.0,0.0,0.0,0,4.828125,6,45,05:48,20:11,2025-05-12 20:07:40.603555,Città della Scienza,68.3,1.4053925,10.746839,0.91812307,0.7804187,EU EEA Common AQI,70.9,0.9755234,9.676587,7200,0.9142857,100,100,62.9,0.79999995,Very Low,70.7,0.79929805,100,1747080000,Very Low,0.73449844,1.6436763,Very Low,1.6892507,59.7,1.2285714,100,1747080000,1.0
2025-05-12T20:07:51Z,20,29.897,73.3,59,65.4,3,2,296,80,0.0,255,32767,0.0,2127-15-31,0.0,0.16,26.24,0.0,0.0,0.0,0,4.828125,6,45,05:48,20:11,2025-05-12 20:07:51.682592,Città della Scienza,68.3,1.4053925,10.746839,0.91812307,0.7804187,EU EEA Common AQI,70.9,0.9755234,9.676587,7200,0.9142857,100,100,62.9,0.79999995,Very Low,70.7,0.79929805,100,1747080000,Very Low,0.73449844,1.6436763,Very Low,1.6892507,59.7,1.2285714,100,1747080000,1.0
2025-05-12T20:08:02Z,20,29.897,73.3,59,65.4,4,2,325,80,0.0,255,32767,0.0,2127-15-31,0.0,0.16,26.24,0.0,0.0,0.0,0,4.828125,6,45,05:48,20:11,2025-05-12 20:08:02.781590,Città della Scienza,68.3,1.4053925,10.746839,0.91812307,0.7804187,EU EEA Common AQI,70.9,0.9755234,9.676587,7200,0.9142857,100,100,62.9,0.79999995,Very Low,70.7,0.79929805,100,1747080000,Very Low,0.73449844,1.6436763,Very Low,1.6892507,59.7,1.2285714,100,1747080000,1.0
2025-05-12T20:08:14Z,20,29.897,73.3,59,65.4,2,2,252,80,0.0,255,32767,0.0,2127-15-31,0.0,0.16,26.24,0.0,0.0,0.0,0,4.828125,6,45,05:48,20:11,2025-05-12 20:08:13.867600,Città della Scienza,68.3,1.4053925,10.746839,0.91812307,0.7804187,EU EEA Common AQI,70.9,0.9755234,9.676587,7200,0.9142857,100,100,62.9,0.79999995,Very Low,70.7,0.79929805,100,1747080000,Very Low,0.73449844,1.6436763,Very Low,1.6892507,59.7,1.2285714,100,1747080000,1.0
2025-05-12T20:08:25Z,20,29.897,73.3,59,65.4,3,2,273,80,0.0,255,32767,0.0,2127-15-31,0.0,0.16,26.24,0.0,0.0,0.0,0,4.828125,6,45,05:48,20:11,2025-05-12 20:08:24.945586,Città della Scienza,68.3,1.4053925,10.746839,0.91812307,0.7804187,EU EEA Common AQI,70.9,0.9755234,9.676587,7200,0.9142857,100,100,62.9,0.79999995,Very Low,70.7,0.79929805,100,1747080000,Very Low,0.73449844,1.6436763,Very Low,1.6892507,59.7,1.2285714,100,1747080000,1.0
2025-05-12T20:08:36Z,20,29.897,73.3,59,65.4,3,2,253,80,0.0,255,32767,0.0,2127-15-31,0.0,0.16,26.24,0.0,0.0,0.0,0,4.828125,6,45,05:48,20:11,2025-05-12 20:08:36.007589,Città della Scienza,68.3,1.4053925,10.746839,0.91812307,0.7804187,EU EEA Common AQI,70.9,0.9755234,9.676587,7200,0.9142857,100,100,62.9,0.79999995,Very Low,70.7,0.79929805,100,1747080000,Very Low,0.73449844,1.6436763,Very Low,1.6892507,59.7,1.2285714,100,1747080000,1.0
2025-05-12T20:08:47Z,20,29.897,73.3,59,65.4,1,2,253,80,0.0,255,32767,0.0,2127-15-31,0.0,0.16,26.24,0.0,0.0,0.0,0,4.828125,6,45,05:48,20:11,2025-05-12 20:08:47.085595,Città della Scienza,68.3,1.4053925,10.746839,0.91812307,0.7804187,EU EEA Common AQI,70.9,0.9755234,9.676587,7200,0.9142857,100,100,62.9,0.79999995,Very Low,70.7,0.79929805,100,1747080000,Very Low,0.73449844,1.6436763,Very Low,1.6892507,59.7,1.2285714,100,1747080000,1.0
2025-05-12T20:08:58Z,20,29.897,73.3,59,65.4,2,2,253,80,0.0,255,32767,0.0,2127-15-31,0.0,0.16,26.24,0.0,0.0,0.0,0,4.828125,6,45,05:48,20:11,2025-05-12 20:08:58.165601,Città della Scienza,68.3,1.4053925,10.746839,0.91812307,0.7804187,EU EEA Common AQI,70.9,0.9755234,9.676587,7200,0.9142857,100,100,62.9,0.79999995,Very Low,70.7,0.79929805,100,1747080000,Very Low,0.73449844,1.6436763,Very Low,1.6892507,59.7,1.2285714,100,1747080000,1.0
2025-05-12T20:09:09Z,20,29.897,73.3,59,65.4,2,2,269,80,0.0,255,32767,0.0,2127-15-31,0.0,0.16,26.24,0.0,0.0,0.0,0,4.828125,6,45,05:48,20:11,2025-05-12 20:09:09.236597,Città della Scienza,68.3,1.4053925,10.746839,0.91812307,0.7804187,EU EEA Common AQI,70.9,0.9755234,9.676587,7200,0.9142857,100,100,62.9,0.79999995,Very Low,70.7,0.79929805,100,1747080000,Very Low,0.73449844,1.6436763,Very Low,1.6892507,59.7,1.2285714,100,1747080000,1.0
2025-05-12T20:09:20Z,20,29.897,73.3,59,65.4,1,2,269,80,0.0,255,32767,0.0,2127-15-31,0.0,0.16,26.24,0.0,0.0,0.0,0,4.828125,6,45,05:48,20:11,2025-05-12 20:09:20.334592,Città della Scienza,68.3,1.4053925,10.746839,0.91812307,0.7804187,EU EEA Common AQI,70.9,0.9755234,9.676587,7200,0.9142857,100,100,62.9,0.79999995,Very Low,70.7,0.79929805,100,1747080000,Very Low,0.73449844,1.6436763,Very Low,1.6892507,59.7,1.2285714,100,1747080000,1.0
2025-05-12T20:09:31Z,20,29.897,73.3,59,65.4,1,2,269,80,0.0,255,32767,0.0,2127-15-31,0.0,0.16,26.24,0.0,0.0,0.0,0,4.828125,6,45,05:48,20:11,2025-05-12 20:09:31.415593,Città della Scienza,68.3,1.4053925,10.746839,0.91812307,0.7804187,EU EEA Common AQI,70.9,0.9755234,9.676587,7200,0.9142857,100,100,62.9,0.79999995,Very Low,70.7,0.79929805,100,1747080000,Very Low,0.73449844,1.6436763,Very Low,1.6892507,59.7,1.2285714,100,1747080000,1.0
2025-05-12T20:09:42Z,20,29.896,73.3,59,65.4,2,2,360,80,0.0,255,32767,0.0,2127-15-31,0.0,0.16,26.24,0.0,0.0,0.0,0,4.828125,6,45,05:48,20:11,2025-05-12 20:09:42.534610,Città della Scienza,68.3,1.4053925,10.746839,0.91812307,0.7804187,EU EEA Common AQI,70.9,0.9755234,9.676587,7200,0.9142857,100,100,62.9,0.79999995,Very Low,70.7,0.79929805,100,1747080000,Very Low,0.73449844,1.6436763,Very Low,1.6892507,59.7,1.2285714,100,1747080000,1.0
2025-05-12T20:09:53Z,20,29.896,73.3,59,65.4,3,2,273,80,0.0,255,32767,0.0,2127-15-31,0.0,0.16,26.24,0.0,0.0,0.0,0,4.828125,6,45,05:48,20:11,2025-05-12 20:09:53.657602,Città della Scienza,68.3,1.4053925,10.746839,0.91812307,0.7804187,EU EEA Common AQI,70.9,0.9755234,9.676587,7200,0.9142857,100,100,62.9,0.79999995,Very Low,70.7,0.79929805,100,1747080000,Very Low,0.73449844,1.6436763,Very Low,1.6892507,59.7,1.2285714,100,1747080000,1.0
2025-05-12T20:10:04Z,20,29.896,73.3,59,65.4,3,2,262,80,0.0,255,32767,0.0,2127-15-31,0.0,0.16,26.24,0.0,0.0,0.0,0,4.828125,6,45,05:48,20:11,2025-05-12 20:10:04.728607,Città della Scienza,68.3,1.4053925,10.746839,0.91812307,0.7804187,EU EEA Common AQI,70.9,0.9755234,9.676587,7200,0.9142857,100,100,62.9,0.79999995,Very Low,70.7,0.79929805,100,1747080000,Very Low,0.73449844,1.6436763,Very Low,1.6892507,59.7,1.2285714,100,1747080000,1.0
2025-05-12T20:10:16Z,20,29.896,73.3,59,65.4,1,2,262,80,0.0,255,32767,0.0,2127-15-31,0.0,0.16,26.24,0.0,0.0,0.0,0,4.828125,6,45,05:48,20:11,2025-05-12 20:10:15.814599,Città della Scienza,68.3,1.4053925,10.746839,0.91812307,0.7804187,EU EEA Common AQI,70.9,0.9755234,9.676587,7200,0.9142857,100,100,62.9,0.79999995,Very Low,70.7,0.79929805,100,1747080000,Very Low,0.73449844,1.6436763,Very Low,1.6892507,59.7,1.2285714,100,1747080000,1.0
2025-05-12T20:10:27Z,20,29.896,73.3,59,65.4,1,2,267,80,0.0,255,32767,0.0,2127-15-31,0.0,0.16,26.24,0.0,0.0,0.0,0,4.828125,6,45,05:48,20:11,2025-05-12 20:10:26.905596,Città della Scienza,68.3,1.4053925,10.746839,0.91812307,0.7804187,EU EEA Common AQI,70.9,0.9755234,9.676587,7200,0.9142857,100,100,62.9,0.79999995,Very Low,70.7,0.79929805,100,1747080000,Very Low,0.73449844,1.6436763,Very Low,1.6892507,59.7,1.2285714,100,1747080000,1.0
2025-05-12T20:10:38Z,20,29.898,73.3,59,65.4,1,3,286,80,0.0,255,32767,0.0,2127-15-31,0.0,0.16,26.24,0.0,0.0,0.0,0,4.828125,6,45,05:48,20:11,2025-05-12 20:10:37.985590,Città della Scienza,68.3,1.4053925,10.746839,0.91812307,0.7804187,EU EEA Common AQI,70.9,0.9755234,9.676587,7200,0.9142857,100,100,62.9,0.79999995,Very Low,70.7,0.79929805,100,1747080000,Very Low,0.73449844,1.6436763,Very Low,1.6892507,59.7,1.2285714,100,1747080000,1.0
2025-05-12T20:10:49Z,20,29.898,73.3,59,65.4,0,3,286,80,0.0,255,32767,0.0,2127-15-31,0.0,0.16,26.24,0.0,0.0,0.0,0,4.828125,6,45,05:48,20:11,2025-05-12 20:10:49.087627,Città della Scienza,68.3,1.4053925,10.746839,0.91812307,0.7804187,EU EEA Common AQI,70.9,0.9755234,9.676587,7200,0.9142857,100,100,62.9,0.79999995,Very Low,70.7,0.79929805,100,1747080000,Very Low,0.73449844,1.6436763,Very Low,1.6892507,59.7,1.2285714,100,1747080000,1.0
2025-05-12T20:11:00Z,20,29.898,73.3,59,65.4,0,3,286,80,0.0,255,32767,0.0,2127-15-31,0.0,0.16,26.24,0.0,0.0,0.0,0,4.828125,6,45,05:48,20:11,2025-05-12 20:11:00.231650,Città della Scienza,68.3,1.4053925,10.746839,0.91812307,0.7804187,EU EEA Common AQI,70.9,0.9755234,9.676587,7200,0.9142857,100,100,62.9,0.79999995,Very Low,70.7,0.79929805,100,1747080000,Very Low,0.73449844,1.6436763,Very Low,1.6892507,59.7,1.2285714,100,1747080000,1.0
2025-05-12T20:11:11Z,20,29.898,73.3,59,65.4,0,3,286,80,0.0,255,32767,0.0,2127-15-31,0.0,0.16,26.24,0.0,0.0,0.0,0,4.828125,6,45,05:48,20:11,2025-05-12 20:11:11.321608,Città della Scienza,68.3,1.4053925,10.746839,0.91812307,0.7804187,EU EEA Common AQI,70.9,0.9755234,9.676587,7200,0.9142857,100,100,62.9,0.79999995,Very Low,70.7,0.79929805,100,1747080000,Very Low,0.73449844,1.6436763,Very Low,1.6892507,59.7,1.2285714,100,1747080000,1.0
2025-05-12T20:11:22Z,20,29.898,73.3,59,65.4,0,3,286,80,0.0,255,32767,0.0,2127-15-31,0.0,0.16,26.24,0.0,0.0,0.0,0,4.828125,6,45,05:48,20:11,2025-05-12 20:11:22.355615,Città della Scienza,68.3,1.4053925,10.746839,0.91812307,0.7804187,EU EEA Common AQI,70.9,0.9755234,9.676587,7200,0.9142857,100,100,62.9,0.79999995,Very Low,70.7,0.79929805,100,1747080000,Very Low,0.73449844,1.6436763,Very Low,1.6892507,59.7,1.2285714,100,1747080000,1.0
2025-05-12T20:11:33Z,20,29.898,73.3,59,65.4,0,3,286,80,0.0,255,32767,0.0,2127-15-31,0.0,0.16,26.24,0.0,0.0,0.0,0,4.828125,6,45,05:48,20:11,2025-05-12 20:11:33.420609,Città della Scienza,68.3,1.4053925,10.746839,0.91812307,0.7804187,EU EEA Common AQI,70.9,0.9755234,9.676587,7200,0.9142857,100,100,62.9,0.79999995,Very Low,70.7,0.79929805,100,1747080000,Very Low,0.73449844,1.6436763,Very Low,1.6892507,59.7,1.2285714,100,1747080000,1.0
2025-05-12T20:11:44Z,20,29.896,73.3,59,65.4,0,2,286,80,0.0,255,32767,0.0,2127-15-31,0.0,0.16,26.24,0.0,0.0,0.0,0,4.828125,6,45,05:48,20:11,2025-05-12 20:11:44.514606,Città della Scienza,68.3,1.4053925,10.746839,0.91812307,0.7804187,EU EEA Common AQI,70.9,0.9755234,9.676587,7200,0.9142857,100,100,62.9,0.79999995,Very Low,70.7,0.79929805,100,1747080000,Very Low,0.73449844,1.6436763,Very Low,1.6892507,59.7,1.2285714,100,1747080000,1.0
2025-05-12T20:11:55Z,20,29.896,73.3,59,65.4,0,2,286,80,0.0,255,32767,0.0,2127-15-31,0.0,0.16,26.24,0.0,0.0,0.0,0,4.828125,6,45,05:48,20:11,2025-05-12 20:11:55.602575,Città della Scienza,68.3,1.4053925,10.746839,0.91812307,0.7804187,EU EEA Common AQI,70.9,0.9755234,9.676587,7200,0.9142857,100,100,62.9,0.79999995,Very Low,70.7,0.79929805,100,1747080000,Very Low,0.73449844,1.6436763,Very Low,1.6892507,59.7,1.2285714,100,1747080000,1.0
2025-05-12T20:12:06Z,20,29.896,73.3,59,65.4,0,2,286,80,0.0,255,32767,0.0,2127-15-31,0.0,0.16,26.24,0.0,0.0,0.0,0,4.828125,6,45,05:48,20:11,2025-05-12 20:12:06.684555,Città della Scienza,68.3,1.4053925,10.746839,0.91812307,0.7804187,EU EEA Common AQI,70.9,0.9755234,9.676587,7200,0.9142857,100,100,62.9,0.79999995,Very Low,70.7,0.79929805,100,1747080000,Very Low,0.73449844,1.6436763,Very Low,1.6892507,59.7,1.2285714,100,1747080000,1.0
2025-05-12T20:12:17Z,20,29.896,73.3,59,65.4,0,2,286,80,0.0,255,32767,0.0,2127-15-31,0.0,0.16,26.24,0.0,0.0,0.0,0,4.828125,6,45,05:48,20:11,2025-05-12 20:12:17.788593,Città della Scienza,68.3,1.4053925,10.746839,0.91812307,0.7804187,EU EEA Common AQI,70.9,0.9755234,9.676587,7200,0.9142857,100,100,62.9,0.79999995,Very Low,70.7,0.79929805,100,1747080000,Very Low,0.73449844,1.6436763,Very Low,1.6892507,59.7,1.2285714,100,1747080000,1.0
2025-05-12T20:12:29Z,20,29.896,73.3,59,65.4,1,2,286,80,0.0,255,32767,0.0,2127-15-31,0.0,0.16,26.24,0.0,0.0,0.0,0,4.828125,6,45,05:48,20:11,2025-05-12 20:12:28.854601,Città della Scienza,68.3,1.4053925,10.746839,0.91812307,0.7804187,EU EEA Common AQI,70.9,0.9755234,9.676587,7200,0.9142857,100,100,62.9,0.79999995,Very Low,70.7,0.79929805,100,1747080000,Very Low,0.73449844,1.6436763,Very Low,1.6892507,59.7,1.2285714,100,1747080000,1.0
2025-05-12T20:12:40Z,20,29.897,73.3,59,65.4,0,2,286,80,0.0,255,32767,0.0,2127-15-31,0.0,0.16,26.24,0.0,0.0,0.0,0,4.828125,6,45,05:48,20:11,2025-05-12 20:12:39.936595,Città della Scienza,68.3,1.4053925,10.746839,0.91812307,0.7804187,EU EEA Common AQI,70.9,0.9755234,9.676587,7200,0.9142857,100,100,62.9,0.79999995,Very Low,70.7,0.79929805,100,1747080000,Very Low,0.73449844,1.6436763,Very Low,1.6892507,59.7,1.2285714,100,1747080000,1.0
2025-05-12T20:12:51Z,20,29.897,73.3,59,65.4,0,2,286,80,0.0,255,32767,0.0,2127-15-31,0.0,0.16,26.24,0.0,0.0,0.0,0,4.828125,6,45,05:48,20:11,2025-05-12 20:12:51.053608,Città della Scienza,68.3,1.4053925,10.746839,0.91812307,0.7804187,EU EEA Common AQI,70.9,0.9755234,9.676587,7200,0.9142857,100,100,62.9,0.79999995,Very Low,70.7,0.79929805,100,1747080000,Very Low,0.73449844,1.6436763,Very Low,1.6892507,59.7,1.2285714,100,1747080000,1.0
2025-05-12T20:13:02Z,20,29.897,73.3,59,65.4,0,2,286,80,0.0,255,32767,0.0,2127-15-31,0.0,0.16,26.24,0.0,0.0,0.0,0,4.828125,6,45,05:48,20:11,2025-05-12 20:13:02.144592,Città della Scienza,68.3,1.4053925,10.746839,0.91812307,0.7804187,EU EEA Common AQI,70.9,0.9755234,9.676587,7200,0.9142857,100,100,62.9,0.79999995,Very Low,70.7,0.79929805,100,1747080000,Very Low,0.73449844,1.6436763,Very Low,1.6892507,59.7,1.2285714,100,1747080000,1.0
2025-05-12T20:13:13Z,20,29.897,73.3,59,65.4,0,2,286,80,0.0,255,32767,0.0,2127-15-31,0.0,0.16,26.24,0.0,0.0,0.0,0,4.828125,6,45,05:48,20:11,2025-05-12 20:13:13.199598,Città della Scienza,68.3,1.4053925,10.746839,0.91812307,0.7804187,EU EEA Common AQI,70.9,0.9755234,9.676587,7200,0.9142857,100,100,62.9,0.79999995,Very Low,70.7,0.79929805,100,1747080000,Very Low,0.73449844,1.6436763,Very Low,1.6892507,59.7,1.2285714,100,1747080000,1.0
2025-05-12T20:13:24Z,20,29.897,73.3,59,65.4,0,2,286,80,0.0,255,32767,0.0,2127-15-31,0.0,0.16,26.24,0.0,0.0,0.0,0,4.828125,6,45,05:48,20:11,2025-05-12 20:13:24.252605,Città della Scienza,68.3,1.4053925,10.746839,0.91812307,0.7804187,EU EEA Common AQI,70.9,0.9755234,9.676587,7200,0.9142857,100,100,62.9,0.79999995,Very Low,70.7,0.79929805,100,1747080000,Very Low,0.73449844,1.6436763,Very Low,1.6892507,59.7,1.2285714,100,1747080000,1.0
2025-05-12T20:13:35Z,20,29.9,73.3,59,65.4,0,2,286,80,0.0,255,32767,0.0,2127-15-31,0.0,0.16,26.24,0.0,0.0,0.0,0,4.828125,6,45,05:48,20:11,2025-05-12 20:13:35.355602,Città della Scienza,68.3,1.4053925,10.746839,0.91812307,0.7804187,EU EEA Common AQI,70.9,0.9755234,9.676587,7200,0.9142857,100,100,62.9,0.79999995,Very Low,70.7,0.79929805,100,1747080000,Very Low,0.73449844,1.6436763,Very Low,1.6892507,59.7,1.2285714,100,1747080000,1.0
2025-05-12T20:13:46Z,20,29.9,73.3,59,65.4,0,2,286,80,0.0,255,32767,0.0,2127-15-31,0.0,0.16,26.24,0.0,0.0,0.0,0,4.828125,6,45,05:48,20:11,2025-05-12 20:13:46.403596,Città della Scienza,68.3,1.4053925,10.746839,0.91812307,0.7804187,EU EEA Common AQI,70.9,0.9755234,9.676587,7200,0.9142857,100,100,62.9,0.79999995,Very Low,70.7,0.79929805,100,1747080000,Very Low,0.73449844,1.6436763,Very Low,1.6892507,59.7,1.2285714,100,1747080000,1.0
2025-05-12T20:13:57Z,20,29.9,73.3,59,65.4,0,2,286,80,0.0,255,32767,0.0,2127-15-31,0.0,0.16,26.24,0.0,0.0,0.0,0,4.828125,6,45,05:48,20:11,2025-05-12 20:13:57.511592,Città della Scienza,68.3,1.4053925,10.746839,0.91812307,0.7804187,EU EEA Common AQI,70.9,0.9755234,9.676587,7200,0.9142857,100,100,62.9,0.79999995,Very Low,70.7,0.79929805,100,1747080000,Very Low,0.73449844,1.6436763,Very Low,1.6892507,59.7,1.2285714,100,1747080000,1.0
2025-05-12T20:14:08Z,20,29.9,73.3,59,65.4,0,2,286,80,0.0,255,32767,0.0,2127-15-31,0.0,0.16,26.24,0.0,0.0,0.0,0,4.828125,6,45,05:48,20:11,2025-05-12 20:14:08.631599,Città della Scienza,68.3,1.4053925,10.746839,0.91812307,0.7804187,EU EEA Common AQI,70.9,0.9755234,9.676587,7200,0.9142857,100,100,62.9,0.79999995,Very Low,70.7,0.79929805,100,1747080000,Very Low,0.73449844,1.6436763,Very Low,1.6892507,59.7,1.2285714,100,1747080000,1.0
2025-05-12T20:14:19Z,20,29.9,73.3,59,65.4,0,2,286,80,0.0,255,32767,0.0,2127-15-31,0.0,0.16,26.24,0.0,0.0,0.0,0,4.828125,6,45,05:48,20:11,2025-05-12 20:14:19.694594,Città della Scienza,68.3,1.4053925,10.746839,0.91812307,0.7804187,EU EEA Common AQI,70.9,0.9755234,9.676587,7200,0.9142857,100,100,62.9,0.79999995,Very Low,70.7,0.79929805,100,1747080000,Very Low,0.73449844,1.6436763,Very Low,1.6892507,59.7,1.2285714,100,1747080000,1.0
2025-05-12T20:14:31Z,20,29.9,73.3,59,65.4,0,2,286,80,0.0,255,32767,0.0,2127-15-31,0.0,0.16,26.24,0.0,0.0,0.0,0,4.828125,6,45,05:48,20:11,2025-05-12 20:14:30.799588,Città della Scienza,68.3,1.4053925,10.746839,0.91812307,0.7804187,EU EEA Common AQI,70.9,0.9755234,9.676587,7200,0.9142857,100,100,62.9,0.79999995,Very Low,70.7,0.79929805,100,1747080000,Very Low,0.73449844,1.6436763,Very Low,1.6892507,59.7,1.2285714,100,1747080000,1.0
2025-05-12T20:14:42Z,20,29.899,73.3,59,65.4,0,1,286,80,0.0,255,32767,0.0,2127-15-31,0.0,0.16,26.24,0.0,0.0,0.0,0,4.828125,6,45,05:48,20:11,2025-05-12 20:14:41.860590,Città della Scienza,68.3,1.4053925,10.746839,0.91812307,0.7804187,EU EEA Common AQI,70.9,0.9755234,9.676587,7200,0.9142857,100,100,62.9,0.79999995,Very Low,70.7,0.79929805,100,1747080000,Very Low,0.73449844,1.6436763,Very Low,1.6892507,59.7,1.2285714,100,1747080000,1.0
2025-05-12T20:14:53Z,20,29.899,73.3,59,65.4,0,1,286,80,0.0,255,32767,0.0,2127-15-31,0.0,0.16,26.24,0.0,0.0,0.0,0,4.828125,6,45,05:48,20:11,2025-05-12 20:14:52.917606,Città della Scienza,68.3,1.4053925,10.746839,0.91812307,0.7804187,EU EEA Common AQI,70.9,0.9755234,9.676587,7200,0.9142857,100,100,62.9,0.79999995,Very Low,70.7,0.79929805,100,1747080000,Very Low,0.73449844,1.6436763,Very Low,1.6892507,59.7,1.2285714,100,1747080000,1.0
2025-05-12T20:15:04Z,20,29.899,73.3,59,65.4,0,1,286,80,0.0,255,32767,0.0,2127-15-31,0.0,0.16,26.24,0.0,0.0,0.0,0,4.828125,6,45,05:48,20:11,2025-05-12 20:15:03.992594,Città della Scienza,68.3,1.4053925,10.746839,0.91812307,0.7804187,EU EEA Common AQI,70.9,0.9755234,9.676587,7200,0.9142857,100,100,62.9,0.79999995,Very Low,70.7,0.79929805,100,1747080000,Very Low,0.73449844,1.6436763,Very Low,1.6892507,59.7,1.2285714,100,1747080000,1.0
2025-05-12T20:15:15Z,20,29.899,73.3,59,65.4,0,1,286,80,0.0,255,32767,0.0,2127-15-31,0.0,0.16,26.24,0.0,0.0,0.0,0,4.828125,6,45,05:48,20:11,2025-05-12 20:15:15.088597,Città della Scienza,68.3,1.4053925,10.746839,0.91812307,0.7804187,EU EEA Common AQI,70.9,0.9755234,9.676587,7200,0.9142857,100,100,62.9,0.79999995,Very Low,70.7,0.79929805,100,1747080000,Very Low,0.73449844,1.6436763,Very Low,1.6892507,59.7,1.2285714,100,1747080000,1.0
2025-05-12T20:15:26Z,20,29.899,73.3,59,65.3,0,1,286,80,0.0,255,32767,0.0,2127-15-31,0.0,0.16,26.24,0.0,0.0,0.0,0,4.828125,6,45,05:48,20:11,2025-05-12 20:15:26.173591,Città della Scienza,69.0,1.4481493,10.687766,0.87622696,0.7636424,EU EEA Common AQI,70.6,0.954553,9.620731,7200,0.74285716,100,100,62.8,0.6628571,Very Low,70.4,0.83136564,100,1747080900,Very Low,0.70098156,1.6290722,Very Low,1.6377783,59.8,1.9285715,100,1747080900,0.82857144
2025-05-12T20:15:37Z,20,29.898,73.3,60,65.3,0,1,286,80,0.0,255,32767,0.0,2127-15-31,0.0,0.16,26.24,0.0,0.0,0.0,0,4.828125,6,45,05:48,20:11,2025-05-12 20:15:37.285597,Città della Scienza,69.0,1.4481493,10.687766,0.87622696,0.7636424,EU EEA Common AQI,70.6,0.954553,9.620731,7200,0.74285716,100,100,62.8,0.6628571,Very Low,70.4,0.83136564,100,1747080900,Very Low,0.70098156,1.6290722,Very Low,1.6377783,59.8,1.9285715,100,1747080900,0.82857144
2025-05-12T20:15:48Z,20,29.898,73.3,60,65.3,0,1,286,80,0.0,255,32767,0.0,2127-15-31,0.0,0.16,26.24,0.0,0.0,0.0,0,4.828125,6,45,05:48,20:11,2025-05-12 20:15:48.389587,Città della Scienza,69.0,1.4481493,10.687766,0.87622696,0.7636424,EU EEA Common AQI,70.6,0.954553,9.620731,7200,0.74285716,100,100,62.8,0.6628571,Very Low,70.4,0.83136564,100,1747080900,Very Low,0.70098156,1.6290722,Very Low,1.6377783,59.8,1.9285715,100,1747080900,0.82857144
2025-05-12T20:15:59Z,20,29.898,73.3,60,65.3,0,1,286,80,0.0,255,32767,0.0,2127-15-31,0.0,0.16,26.24,0.0,0.0,0.0,0,4.828125,6,45,05:48,20:11,2025-05-12 20:15:59.502592,Città della Scienza,69.0,1.4481493,10.687766,0.87622696,0.7636424,EU EEA Common AQI,70.6,0.954553,9.620731,7200,0.74285716,100,100,62.8,0.6628571,Very Low,70.4,0.83136564,100,1747080900,Very Low,0.70098156,1.6290722,Very Low,1.6377783,59.8,1.9285715,100,1747080900,0.82857144
2025-05-12T20:16:10Z,20,29.898,73.3,60,65.3,0,1,286,80,0.0,255,32767,0.0,2127-15-31,0.0,0.16,26.24,0.0,0.0,0.0,0,4.828125,6,45,05:48,20:11,2025-05-12 20:16:10.780610,Città della Scienza,69.0,1.4481493,10.687766,0.87622696,0.7636424,EU EEA Common AQI,70.6,0.954553,9.620731,7200,0.74285716,100,100,62.8,0.6628571,Very Low,70.4,0.83136564,100,1747080900,Very Low,0.70098156,1.6290722,Very Low,1.6377783,59.8,1.9285715,100,1747080900,0.82857144
2025-05-12T20:16:22Z,20,29.898,73.3,60,65.3,0,1,286,80,0.0,255,32767,0.0,2127-15-31,0.0,0.16,26.24,0.0,0.0,0.0,0,4.828125,6,45,05:48,20:11,2025-05-12 20:16:21.828569,Città della Scienza,69.0,1.4481493,10.687766,0.87622696,0.7636424,EU EEA Common AQI,70.6,0.954553,9.620731,7200,0.74285716,100,100,62.8,0.6628571,Very Low,70.4,0.83136564,100,1747080900,Very Low,0.70098156,1.6290722,Very Low,1.6377783,59.8,1.9285715,100,1747080900,0.82857144
2025-05-12T20:16:33Z,20,29.898,73.3,60,65.3,0,1,286,80,0.0,255,32767,0.0,2127-15-31,0.0,0.16,26.24,0.0,0.0,0.0,0,4.828125,6,45,05:48,20:11,2025-05-12 20:16:32.924601,Città della Scienza,69.0,1.4481493,10.687766,0.87622696,0.7636424,EU EEA Common AQI,70.6,0.954553,9.620731,7200,0.74285716,100,100,62.8,0.6628571,Very Low,70.4,0.83136564,100,1747080900,Very Low,0.70098156,1.6290722,Very Low,1.6377783,59.8,1.9285715,100,1747080900,0.82857144
2025-05-12T20:16:44Z,20,29.901,73.4,59,65.4,1,1,286,80,0.0,255,32767,0.0,2127-15-31,0.0,0.16,26.24,0.0,0.0,0.0,0,4.828125,6,45,05:48,20:11,2025-05-12 20:16:44.029591,Città della Scienza,69.0,1.4481493,10.687766,0.87622696,0.7636424,EU EEA Common AQI,70.6,0.954553,9.620731,7200,0.74285716,100,100,62.8,0.6628571,Very Low,70.4,0.83136564,100,1747080900,Very Low,0.70098156,1.6290722,Very Low,1.6377783,59.8,1.9285715,100,1747080900,0.82857144
2025-05-12T20:16:55Z,20,29.901,73.4,59,65.4,2,1,286,80,0.0,255,32767,0.0,2127-15-31,0.0,0.16,26.24,0.0,0.0,0.0,0,4.828125,6,45,05:48,20:11,2025-05-12 20:16:55.078591,Città della Scienza,69.0,1.4481493,10.687766,0.87622696,0.7636424,EU EEA Common AQI,70.6,0.954553,9.620731,7200,0.74285716,100,100,62.8,0.6628571,Very Low,70.4,0.83136564,100,1747080900,Very Low,0.70098156,1.6290722,Very Low,1.6377783,59.8,1.9285715,100,1747080900,0.82857144
2025-05-12T20:17:06Z,20,29.901,73.4,59,65.4,2,1,255,80,0.0,255,32767,0.0,2127-15-31,0.0,0.16,26.24,0.0,0.0,0.0,0,4.828125,6,45,05:48,20:11,2025-05-12 20:17:06.166598,Città della Scienza,69.0,1.4481493,10.687766,0.87622696,0.7636424,EU EEA Common AQI,70.6,0.954553,9.620731,7200,0.74285716,100,100,62.8,0.6628571,Very Low,70.4,0.83136564,100,1747080900,Very Low,0.70098156,1.6290722,Very Low,1.6377783,59.8,1.9285715,100,1747080900,0.82857144
2025-05-12T20:17:17Z,20,29.901,73.4,59,65.4,2,1,255,80,0.0,255,32767,0.0,2127-15-31,0.0,0.16,26.24,0.0,0.0,0.0,0,4.828125,6,45,05:48,20:11,2025-05-12 20:17:17.216589,Città della Scienza,69.0,1.4481493,10.687766,0.87622696,0.7636424,EU EEA Common AQI,70.6,0.954553,9.620731,7200,0.74285716,100,100,62.8,0.6628571,Very Low,70.4,0.83136564,100,1747080900,Very Low,0.70098156,1.6290722,Very Low,1.6377783,59.8,1.9285715,100,1747080900,0.82857144
2025-05-12T20:17:28Z,20,29.901,73.4,59,65.3,2,1,245,80,0.0,255,32767,0.0,2127-15-31,0.0,0.16,26.24,0.0,0.0,0.0,0,4.828125,6,45,05:48,20:11,2025-05-12 20:17:28.292592,Città della Scienza,69.0,1.4481493,10.687766,0.87622696,0.7636424,EU EEA Common AQI,70.6,0.954553,9.620731,7200,0.74285716,100,100,62.8,0.6628571,Very Low,70.4,0.83136564,100,1747080900,Very Low,0.70098156,1.6290722,Very Low,1.6377783,59.8,1.9285715,100,1747080900,0.82857144
2025-05-12T20:17:39Z,20,29.897,73.4,59,65.3,1,1,245,80,0.0,255,32767,0.0,2127-15-31,0.0,0.16,26.24,0.0,0.0,0.0,0,4.828125,6,45,05:48,20:11,2025-05-12 20:17:39.403595,Città della Scienza,69.0,1.4481493,10.687766,0.87622696,0.7636424,EU EEA Common AQI,70.6,0.954553,9.620731,7200,0.74285716,100,100,62.8,0.6628571,Very Low,70.4,0.83136564,100,1747080900,Very Low,0.70098156,1.6290722,Very Low,1.6377783,59.8,1.9285715,100,1747080900,0.82857144
2025-05-12T20:17:50Z,20,29.897,73.4,59,65.3,0,1,245,80,0.0,255,32767,0.0,2127-15-31,0.0,0.16,26.24,0.0,0.0,0.0,0,4.828125,6,45,05:48,20:11,2025-05-12 20:17:50.505598,Città della Scienza,69.0,1.4481493,10.687766,0.87622696,0.7636424,EU EEA Common AQI,70.6,0.954553,9.620731,7200,0.74285716,100,100,62.8,0.6628571,Very Low,70.4,0.83136564,100,1747080900,Very Low,0.70098156,1.6290722,Very Low,1.6377783,59.8,1.9285715,100,1747080900,0.82857144
2025-05-12T20:18:01Z,20,29.897,73.4,59,65.3,2,1,245,80,0.0,255,32767,0.0,2127-15-31,0.0,0.16,26.24,0.0,0.0,0.0,0,4.828125,6,45,05:48,20:11,2025-05-12 20:18:01.586592,Città della Scienza,69.0,1.4481493,10.687766,0.87622696,0.7636424,EU EEA Common AQI,70.6,0.954553,9.620731,7200,0.74285716,100,100,62.8,0.6628571,Very Low,70.4,0.83136564,100,1747080900,Very Low,0.70098156,1.6290722,Very Low,1.6377783,59.8,1.9285715,100,1747080900,0.82857144
2025-05-12T20:18:12Z,20,29.897,73.4,59,65.3,2,1,245,80,0.0,255,32767,0.0,2127-15-31,0.0,0.16,26.24,0.0,0.0,0.0,0,4.828125,6,45,05:48,20:11,2025-05-12 20:18:12.686602,Città della Scienza,69.0,1.4481493,10.687766,0.87622696,0.7636424,EU EEA Common AQI,70.6,0.954553,9.620731,7200,0.74285716,100,100,62.8,0.6628571,Very Low,70.4,0.83136564,100,1747080900,Very Low,0.70098156,1.6290722,Very Low,1.6377783,59.8,1.9285715,100,1747080900,0.82857144
2025-05-12T20:18:23Z,20,29.897,73.4,59,65.3,2,1,259,80,0.0,255,32767,0.0,2127-15-31,0.0,0.16,26.24,0.0,0.0,0.0,0,4.828125,6,45,05:48,20:11,2025-05-12 20:18:23.771608,Città della Scienza,69.0,1.4481493,10.687766,0.87622696,0.7636424,EU EEA Common AQI,70.6,0.954553,9.620731,7200,0.74285716,100,100,62.8,0.6628571,Very Low,70.4,0.83136564,100,1747080900,Very Low,0.70098156,1.6290722,Very Low,1.6377783,59.8,1.9285715,100,1747080900,0.82857144
2025-05-12T20:18:35Z,20,29.899,73.4,59,65.3,1,1,262,80,0.0,255,32767,0.0,2127-15-31,0.0,0.16,26.24,0.0,0.0,0.0,0,4.828125,6,45,05:48,20:11,2025-05-12 20:18:34.873595,Città della Scienza,69.0,1.4481493,10.687766,0.87622696,0.7636424,EU EEA Common AQI,70.6,0.954553,9.620731,7200,0.74285716,100,100,62.8,0.6628571,Very Low,70.4,0.83136564,100,1747080900,Very Low,0.70098156,1.6290722,Very Low,1.6377783,59.8,1.9285715,100,1747080900,0.82857144
2025-05-12T20:18:46Z,20,29.899,73.4,59,65.3,2,1,262,80,0.0,255,32767,0.0,2127-15-31,0.0,0.16,26.24,0.0,0.0,0.0,0,4.828125,6,45,05:48,20:11,2025-05-12 20:18:45.944594,Città della Scienza,69.0,1.4481493,10.687766,0.87622696,0.7636424,EU EEA Common AQI,70.6,0.954553,9.620731,7200,0.74285716,100,100,62.8,0.6628571,Very Low,70.4,0.83136564,100,1747080900,Very Low,0.70098156,1.6290722,Very Low,1.6377783,59.8,1.9285715,100,1747080900,0.82857144
2025-05-12T20:18:57Z,20,29.899,73.4,59,65.3,3,1,286,80,0.0,255,32767,0.0,2127-15-31,0.0,0.16,26.24,0.0,0.0,0.0,0,4.828125,6,45,05:48,20:11,2025-05-12 20:18:57.044592,Città della Scienza,69.0,1.4481493,10.687766,0.87622696,0.7636424,EU EEA Common AQI,70.6,0.954553,9.620731,7200,0.74285716,100,100,62.8,0.6628571,Very Low,70.4,0.83136564,100,1747080900,Very Low,0.70098156,1.6290722,Very Low,1.6377783,59.8,1.9285715,100,1747080900,0.82857144
2025-05-12T20:19:08Z,20,29.899,73.4,59,65.3,3,1,273,80,0.0,255,32767,0.0,2127-15-31,0.0,0.16,26.24,0.0,0.0,0.0,0,4.828125,6,45,05:48,20:11,2025-05-12 20:19:08.109595,Città della Scienza,69.0,1.4481493,10.687766,0.87622696,0.7636424,EU EEA Common AQI,70.6,0.954553,9.620731,7200,0.74285716,100,100,62.8,0.6628571,Very Low,70.4,0.83136564,100,1747080900,Very Low,0.70098156,1.6290722,Very Low,1.6377783,59.8,1.9285715,100,1747080900,0.82857144
2025-05-12T20:19:19Z,20,29.899,73.4,59,65.3,3,1,248,80,0.0,255,32767,0.0,2127-15-31,0.0,0.16,26.24,0.0,0.0,0.0,0,4.828125,6,45,05:48,20:11,2025-05-12 20:19:19.224587,Città della Scienza,69.0,1.4481493,10.687766,0.87622696,0.7636424,EU EEA Common AQI,70.6,0.954553,9.620731,7200,0.74285716,100,100,62.8,0.6628571,Very Low,70.4,0.83136564,100,1747080900,Very Low,0.70098156,1.6290722,Very Low,1.6377783,59.8,1.9285715,100,1747080900,0.82857144
2025-05-12T20:19:30Z,20,29.899,73.4,59,65.4,3,1,257,80,0.0,255,32767,0.0,2127-15-31,0.0,0.16,26.24,0.0,0.0,0.0,0,4.828125,6,45,05:48,20:11,2025-05-12 20:19:30.296595,Città della Scienza,69.0,1.4481493,10.687766,0.87622696,0.7636424,EU EEA Common AQI,70.6,0.954553,9.620731,7200,0.74285716,100,100,62.8,0.6628571,Very Low,70.4,0.83136564,100,1747080900,Very Low,0.70098156,1.6290722,Very Low,1.6377783,59.8,1.9285715,100,1747080900,0.82857144
2025-05-12T20:19:41Z,20,29.898,73.4,59,65.3,2,1,254,80,0.0,255,32767,0.0,2127-15-31,0.0,0.16,26.24,0.0,0.0,0.0,0,4.828125,6,45,05:48,20:11,2025-05-12 20:19:41.373595,Città della Scienza,69.0,1.4481493,10.687766,0.87622696,0.7636424,EU EEA Common AQI,70.6,0.954553,9.620731,7200,0.74285716,100,100,62.8,0.6628571,Very Low,70.4,0.83136564,100,1747080900,Very Low,0.70098156,1.6290722,Very Low,1.6377783,59.8,1.9285715,100,1747080900,0.82857144
2025-05-12T20:19:52Z,20,29.898,73.4,59,65.3,2,1,254,80,0.0,255,32767,0.0,2127-15-31,0.0,0.16,26.24,0.0,0.0,0.0,0,4.828125,6,45,05:48,20:11,2025-05-12 20:19:52.492594,Città della Scienza,69.0,1.4481493,10.687766,0.87622696,0.7636424,EU EEA Common AQI,70.6,0.954553,9.620731,7200,0.74285716,100,100,62.8,0.6628571,Very Low,70.4,0.83136564,100,1747080900,Very Low,0.70098156,1.6290722,Very Low,1.6377783,59.8,1.9285715,100,1747080900,0.82857144
2025-05-12T20:20:03Z,20,29.898,73.4,59,65.4,1,1,254,80,0.0,255,32767,0.0,2127-15-31,0.0,0.16,26.24,0.0,0.0,0.0,0,4.828125,6,45,05:48,20:11,2025-05-12 20:20:03.563606,Città della Scienza,69.0,1.4481493,10.687766,0.87622696,0.7636424,EU EEA Common AQI,70.6,0.954553,9.620731,7200,0.74285716,100,100,62.8,0.6628571,Very Low,70.4,0.83136564,100,1747080900,Very Low,0.70098156,1.6290722,Very Low,1.6377783,59.8,1.9285715,100,1747080900,0.82857144
2025-05-12T20:20:14Z,20,29.898,73.4,59,65.4,0,1,254,80,0.0,255,32767,0.0,2127-15-31,0.0,0.16,26.24,0.0,0.0,0.0,0,4.828125,6,45,05:48,20:11,2025-05-12 20:20:14.680601,Città della Scienza,69.0,1.4481493,10.687766,0.87622696,0.7636424,EU EEA Common AQI,70.6,0.954553,9.620731,7200,0.74285716,100,100,62.8,0.6628571,Very Low,70.4,0.83136564,100,1747080900,Very Low,0.70098156,1.6290722,Very Low,1.6377783,59.8,1.9285715,100,1747080900,0.82857144
2025-05-12T20:20:25Z,20,29.898,73.4,59,65.4,0,1,254,80,0.0,255,32767,0.0,2127-15-31,0.0,0.16,26.24,0.0,0.0,0.0,0,4.828125,6,45,05:48,20:11,2025-05-12 20:20:25.751593,Città della Scienza,69.0,1.4481493,10.687766,0.87622696,0.7636424,EU EEA Common AQI,70.6,0.954553,9.620731,7200,0.74285716,100,100,62.8,0.6628571,Very Low,70.4,0.83136564,100,1747080900,Very Low,0.70098156,1.6290722,Very Low,1.6377783,59.8,1.9285715,100,1747080900,0.82857144
2025-05-12T20:20:37Z,20,29.898,73.4,59,65.4,2,1,254,80,0.0,255,32767,0.0,2127-15-31,0.0,0.16,26.24,0.0,0.0,0.0,0,4.828125,6,45,05:48,20:11,2025-05-12 20:20:36.828597,Città della Scienza,69.0,1.4481493,10.687766,0.87622696,0.7636424,EU EEA Common AQI,70.6,0.954553,9.620731,7200,0.74285716,100,100,62.8,0.6628571,Very Low,70.4,0.83136564,100,1747080900,Very Low,0.70098156,1.6290722,Very Low,1.6377783,59.8,1.9285715,100,1747080900,0.82857144
2025-05-12T20:20:48Z,20,29.898,73.4,59,65.4,0,1,254,80,0.0,255,32767,0.0,2127-15-31,0.0,0.16,26.24,0.0,0.0,0.0,0,4.828125,6,45,05:48,20:11,2025-05-12 20:20:47.926601,Città della Scienza,69.0,1.4481493,10.687766,0.87622696,0.7636424,EU EEA Common AQI,70.6,0.954553,9.620731,7200,0.74285716,100,100,62.8,0.6628571,Very Low,70.4,0.83136564,100,1747080900,Very Low,0.70098156,1.6290722,Very Low,1.6377783,59.8,1.9285715,100,1747080900,0.82857144
2025-05-12T20:20:59Z,20,29.898,73.4,59,65.3,1,1,241,80,0.0,255,32767,0.0,2127-15-31,0.0,0.16,26.24,0.0,0.0,0.0,0,4.828125,6,45,05:48,20:11,2025-05-12 20:20:58.984592,Città della Scienza,69.0,1.4481493,10.687766,0.87622696,0.7636424,EU EEA Common AQI,70.6,0.954553,9.620731,7200,0.74285716,100,100,62.8,0.6628571,Very Low,70.4,0.83136564,100,1747080900,Very Low,0.70098156,1.6290722,Very Low,1.6377783,59.8,1.9285715,100,1747080900,0.82857144
2025-05-12T20:21:10Z,20,29.898,73.4,59,65.3,1,1,241,80,0.0,255,32767,0.0,2127-15-31,0.0,0.16,26.24,0.0,0.0,0.0,0,4.828125,6,45,05:48,20:11,2025-05-12 20:21:10.101589,Città della Scienza,69.0,1.4481493,10.687766,0.87622696,0.7636424,EU EEA Common AQI,70.6,0.954553,9.620731,7200,0.74285716,100,100,62.8,0.6628571,Very Low,70.4,0.83136564,100,1747080900,Very Low,0.70098156,1.6290722,Very Low,1.6377783,59.8,1.9285715,100,1747080900,0.82857144
2025-05-12T20:21:21Z,20,29.898,73.4,59,65.3,3,1,242,80,0.0,255,32767,0.0,2127-15-31,0.0,0.16,26.24,0.0,0.0,0.0,0,4.828125,6,45,05:48,20:11,2025-05-12 20:21:21.236590,Città della Scienza,69.0,1.4481493,10.687766,0.87622696,0.7636424,EU EEA Common AQI,70.6,0.954553,9.620731,7200,0.74285716,100,100,62.8,0.6628571,Very Low,70.4,0.83136564,100,1747080900,Very Low,0.70098156,1.6290722,Very Low,1.6377783,59.8,1.9285715,100,1747080900,0.82857144
2025-05-12T20:21:32Z,20,29.898,73.4,59,65.4,1,1,248,80,0.0,255,32767,0.0,2127-15-31,0.0,0.16,26.24,0.0,0.0,0.0,0,4.828125,6,45,05:48,20:11,2025-05-12 20:21:32.298611,Città della Scienza,69.0,1.4481493,10.687766,0.87622696,0.7636424,EU EEA Common AQI,70.6,0.954553,9.620731,7200,0.74285716,100,100,62.8,0.6628571,Very Low,70.4,0.83136564,100,1747080900,Very Low,0.70098156,1.6290722,Very Low,1.6377783,59.8,1.9285715,100,1747080900,0.82857144
2025-05-12T20:21:43Z,20,29.898,73.4,59,65.4,3,1,252,80,0.0,255,32767,0.0,2127-15-31,0.0,0.16,26.24,0.0,0.0,0.0,0,4.828125,6,45,05:48,20:11,2025-05-12 20:21:43.380603,Città della Scienza,69.0,1.4481493,10.687766,0.87622696,0.7636424,EU EEA Common AQI,70.6,0.954553,9.620731,7200,0.74285716,100,100,62.8,0.6628571,Very Low,70.4,0.83136564,100,1747080900,Very Low,0.70098156,1.6290722,Very Low,1.6377783,59.8,1.9285715,100,1747080900,0.82857144
2025-05-12T20:21:54Z,20,29.898,73.4,59,65.4,4,1,243,80,0.0,255,32767,0.0,2127-15-31,0.0,0.16,26.24,0.0,0.0,0.0,0,4.828125,6,45,05:48,20:11,2025-05-12 20:21:54.476594,Città della Scienza,69.0,1.4481493,10.687766,0.87622696,0.7636424,EU EEA Common AQI,70.6,0.954553,9.620731,7200,0.74285716,100,100,62.8,0.6628571,Very Low,70.4,0.83136564,100,1747080900,Very Low,0.70098156,1.6290722,Very Low,1.6377783,59.8,1.9285715,100,1747080900,0.82857144
2025-05-12T20:22:05Z,20,29.898,73.4,59,65.4,2,1,243,80,0.0,255,32767,0.0,2127-15-31,0.0,0.16,26.24,0.0,0.0,0.0,0,4.828125,6,45,05:48,20:11,2025-05-12 20:22:05.553606,Città della Scienza,69.0,1.4481493,10.687766,0.87622696,0.7636424,EU EEA Common AQI,70.6,0.954553,9.620731,7200,0.74285716,100,100,62.8,0.6628571,Very Low,70.4,0.83136564,100,1747080900,Very Low,0.70098156,1.6290722,Very Low,1.6377783,59.8,1.9285715,100,1747080900,0.82857144
2025-05-12T20:22:16Z,20,29.898,73.4,59,65.4,3,1,241,80,0.0,255,32767,0.0,2127-15-31,0.0,0.16,26.24,0.0,0.0,0.0,0,4.828125,6,45,05:48,20:11,2025-05-12 20:22:16.619607,Città della Scienza,69.0,1.4481493,10.687766,0.87622696,0.7636424,EU EEA Common AQI,70.6,0.954553,9.620731,7200,0.74285716,100,100,62.8,0.6628571,Very Low,70.4,0.83136564,100,1747080900,Very Low,0.70098156,1.6290722,Very Low,1.6377783,59.8,1.9285715,100,1747080900,0.82857144
2025-05-12T20:22:27Z,20,29.898,73.4,59,65.4,5,1,228,80,0.0,255,32767,0.0,2127-15-31,0.0,0.16,26.24,0.0,0.0,0.0,0,4.828125,6,45,05:48,20:11,2025-05-12 20:22:27.719593,Città della Scienza,69.0,1.4481493,10.687766,0.87622696,0.7636424,EU EEA Common AQI,70.6,0.954553,9.620731,7200,0.74285716,100,100,62.8,0.6628571,Very Low,70.4,0.83136564,100,1747080900,Very Low,0.70098156,1.6290722,Very Low,1.6377783,59.8,1.9285715,100,1747080900,0.82857144
2025-05-12T20:22:39Z,20,29.898,73.4,59,65.4,1,1,211,80,0.0,255,32767,0.0,2127-15-31,0.0,0.16,26.24,0.0,0.0,0.0,0,4.828125,6,45,05:48,20:11,2025-05-12 20:22:38.857594,Città della Scienza,69.0,1.4481493,10.687766,0.87622696,0.7636424,EU EEA Common AQI,70.6,0.954553,9.620731,7200,0.74285716,100,100,62.8,0.6628571,Very Low,70.4,0.83136564,100,1747080900,Very Low,0.70098156,1.6290722,Very Low,1.6377783,59.8,1.9285715,100,1747080900,0.82857144
2025-05-12T20:22:50Z,20,29.898,73.4,59,65.4,3,1,245,80,0.0,255,32767,0.0,2127-15-31,0.0,0.16,26.24,0.0,0.0,0.0,0,4.828125,6,45,05:48,20:11,2025-05-12 20:22:49.955594,Città della Scienza,69.0,1.4481493,10.687766,0.87622696,0.7636424,EU EEA Common AQI,70.6,0.954553,9.620731,7200,0.74285716,100,100,62.8,0.6628571,Very Low,70.4,0.83136564,100,1747080900,Very Low,0.70098156,1.6290722,Very Low,1.6377783,59.8,1.9285715,100,1747080900,0.82857144
2025-05-12T20:23:01Z,20,29.898,73.4,59,65.4,3,1,239,80,0.0,255,32767,0.0,2127-15-31,0.0,0.16,26.24,0.0,0.0,0.0,0,4.828125,6,45,05:48,20:11,2025-05-12 20:23:01.017595,Città della Scienza,69.0,1.4481493,10.687766,0.87622696,0.7636424,EU EEA Common AQI,70.6,0.954553,9.620731,7200,0.74285716,100,100,62.8,0.6628571,Very Low,70.4,0.83136564,100,1747080900,Very Low,0.70098156,1.6290722,Very Low,1.6377783,59.8,1.9285715,100,1747080900,0.82857144
2025-05-12T20:23:12Z,20,29.898,73.4,59,65.4,2,1,234,81,0.0,255,32767,0.0,2127-15-31,0.0,0.16,26.24,0.0,0.0,0.0,0,4.828125,6,45,05:48,20:11,2025-05-12 20:23:12.089588,Città della Scienza,69.0,1.4481493,10.687766,0.87622696,0.7636424,EU EEA Common AQI,70.6,0.954553,9.620731,7200,0.74285716,100,100,62.8,0.6628571,Very Low,70.4,0.83136564,100,1747080900,Very Low,0.70098156,1.6290722,Very Low,1.6377783,59.8,1.9285715,100,1747080900,0.82857144
2025-05-12T20:23:23Z,20,29.898,73.4,59,65.4,2,1,261,81,0.0,255,32767,0.0,2127-15-31,0.0,0.16,26.24,0.0,0.0,0.0,0,4.828125,6,45,05:48,20:11,2025-05-12 20:23:23.177600,Città della Scienza,69.0,1.4481493,10.687766,0.87622696,0.7636424,EU EEA Common AQI,70.6,0.954553,9.620731,7200,0.74285716,100,100,62.8,0.6628571,Very Low,70.4,0.83136564,100,1747080900,Very Low,0.70098156,1.6290722,Very Low,1.6377783,59.8,1.9285715,100,1747080900,0.82857144
2025-05-12T20:23:34Z,20,29.896,73.4,59,65.5,5,1,222,81,0.0,255,32767,0.0,2127-15-31,0.0,0.16,26.24,0.0,0.0,0.0,0,4.828125,6,45,05:48,20:11,2025-05-12 20:23:34.555601,Città della Scienza,69.0,1.4481493,10.687766,0.87622696,0.7636424,EU EEA Common AQI,70.6,0.954553,9.620731,7200,0.74285716,100,100,62.8,0.6628571,Very Low,70.4,0.83136564,100,1747080900,Very Low,0.70098156,1.6290722,Very Low,1.6377783,59.8,1.9285715,100,1747080900,0.82857144
2025-05-12T20:23:45Z,20,29.896,73.4,59,65.4,5,1,245,81,0.0,255,32767,0.0,2127-15-31,0.0,0.16,26.24,0.0,0.0,0.0,0,4.828125,6,45,05:48,20:11,2025-05-12 20:23:45.603589,Città della Scienza,69.0,1.4481493,10.687766,0.87622696,0.7636424,EU EEA Common AQI,70.6,0.954553,9.620731,7200,0.74285716,100,100,62.8,0.6628571,Very Low,70.4,0.83136564,100,1747080900,Very Low,0.70098156,1.6290722,Very Low,1.6377783,59.8,1.9285715,100,1747080900,0.82857144
2025-05-12T20:23:56Z,20,29.896,73.4,59,65.4,9,1,236,81,0.0,255,32767,0.0,2127-15-31,0.0,0.16,26.24,0.0,0.0,0.0,0,4.828125,6,45,05:48,20:11,2025-05-12 20:23:56.685619,Città della Scienza,69.0,1.4481493,10.687766,0.87622696,0.7636424,EU EEA Common AQI,70.6,0.954553,9.620731,7200,0.74285716,100,100,62.8,0.6628571,Very Low,70.4,0.83136564,100,1747080900,Very Low,0.70098156,1.6290722,Very Low,1.6377783,59.8,1.9285715,100,1747080900,0.82857144
2025-05-12T20:24:07Z,20,29.896,73.4,59,65.5,4,1,204,81,0.0,255,32767,0.0,2127-15-31,0.0,0.16,26.24,0.0,0.0,0.0,0,4.828125,6,45,05:48,20:11,2025-05-12 20:24:07.741596,Città della Scienza,69.0,1.4481493,10.687766,0.87622696,0.7636424,EU EEA Common AQI,70.6,0.954553,9.620731,7200,0.74285716,100,100,62.8,0.6628571,Very Low,70.4,0.83136564,100,1747080900,Very Low,0.70098156,1.6290722,Very Low,1.6377783,59.8,1.9285715,100,1747080900,0.82857144
2025-05-12T20:24:19Z,20,29.896,73.4,59,65.5,5,1,252,81,0.0,255,32767,0.0,2127-15-31,0.0,0.16,26.24,0.0,0.0,0.0,0,4.828125,6,45,05:48,20:11,2025-05-12 20:24:18.814598,Città della Scienza,69.0,1.4481493,10.687766,0.87622696,0.7636424,EU EEA Common AQI,70.6,0.954553,9.620731,7200,0.74285716,100,100,62.8,0.6628571,Very Low,70.4,0.83136564,100,1747080900,Very Low,0.70098156,1.6290722,Very Low,1.6377783,59.8,1.9285715,100,1747080900,0.82857144
2025-05-12T20:24:30Z,20,29.896,73.4,59,65.5,8,1,255,81,0.0,255,32767,0.0,2127-15-31,0.0,0.16,26.24,0.0,0.0,0.0,0,4.828125,6,45,05:48,20:11,2025-05-12 20:24:29.864594,Città della Scienza,69.0,1.4481493,10.687766,0.87622696,0.7636424,EU EEA Common AQI,70.6,0.954553,9.620731,7200,0.74285716,100,100,62.8,0.6628571,Very Low,70.4,0.83136564,100,1747080900,Very Low,0.70098156,1.6290722,Very Low,1.6377783,59.8,1.9285715,100,1747080900,0.82857144
2025-05-12T20:24:41Z,20,29.898,73.4,59,65.5,6,2,240,81,0.0,255,32767,0.0,2127-15-31,0.0,0.16,26.24,0.0,0.0,0.0,0,4.828125,6,45,05:48,20:11,2025-05-12 20:24:40.984590,Città della Scienza,69.0,1.4481493,10.687766,0.87622696,0.7636424,EU EEA Common AQI,70.6,0.954553,9.620731,7200,0.74285716,100,100,62.8,0.6628571,Very Low,70.4,0.83136564,100,1747080900,Very Low,0.70098156,1.6290722,Very Low,1.6377783,59.8,1.9285715,100,1747080900,0.82857144
2025-05-12T20:24:52Z,20,29.898,73.4,59,65.5,5,2,231,81,0.0,255,32767,0.0,2127-15-31,0.0,0.16,26.24,0.0,0.0,0.0,0,4.828125,6,45,05:48,20:11,2025-05-12 20:24:52.088597,Città della Scienza,69.0,1.4481493,10.687766,0.87622696,0.7636424,EU EEA Common AQI,70.6,0.954553,9.620731,7200,0.74285716,100,100,62.8,0.6628571,Very Low,70.4,0.83136564,100,1747080900,Very Low,0.70098156,1.6290722,Very Low,1.6377783,59.8,1.9285715,100,1747080900,0.82857144
2025-05-12T20:25:03Z,20,29.898,73.4,59,65.5,10,2,246,81,0.0,255,32767,0.0,2127-15-31,0.0,0.16,26.24,0.0,0.0,0.0,0,4.828125,6,45,05:48,20:11,2025-05-12 20:25:03.217591,Città della Scienza,69.0,1.4481493,10.687766,0.87622696,0.7636424,EU EEA Common AQI,70.6,0.954553,9.620731,7200,0.74285716,100,100,62.8,0.6628571,Very Low,70.4,0.83136564,100,1747080900,Very Low,0.70098156,1.6290722,Very Low,1.6377783,59.8,1.9285715,100,1747080900,0.82857144
2025-05-12T20:25:14Z,20,29.898,73.4,59,65.5,11,2,247,81,0.0,255,32767,0.0,2127-15-31,0.0,0.16,26.24,0.0,0.0,0.0,0,4.828125,6,45,05:48,20:11,2025-05-12 20:25:14.281588,Città della Scienza,69.0,1.4481493,10.687766,0.87622696,0.7636424,EU EEA Common AQI,70.6,0.954553,9.620731,7200,0.74285716,100,100,62.8,0.6628571,Very Low,70.4,0.83136564,100,1747080900,Very Low,0.70098156,1.6290722,Very Low,1.6377783,59.8,1.9285715,100,1747080900,0.82857144
2025-05-12T20:25:25Z,20,29.898,73.4,59,65.6,10,2,243,81,0.0,255,32767,0.0,2127-15-31,0.0,0.16,26.24,0.0,0.0,0.0,0,4.828125,6,45,05:48,20:11,2025-05-12 20:25:25.311587,Città della Scienza,69.0,1.4481493,10.687766,0.87622696,0.7636424,EU EEA Common AQI,70.6,0.954553,9.620731,7200,0.74285716,100,100,62.8,0.6628571,Very Low,70.4,0.83136564,100,1747080900,Very Low,0.70098156,1.6290722,Very Low,1.6377783,59.8,1.9285715,100,1747080900,0.82857144
2025-05-12T20:25:36Z,20,29.899,73.4,59,65.6,10,3,253,81,0.0,255,32767,0.0,2127-15-31,0.0,0.16,26.24,0.0,0.0,0.0,0,4.828125,6,45,05:48,20:11,2025-05-12 20:25:36.358595,Città della Scienza,69.0,1.4481493,10.687766,0.87622696,0.7636424,EU EEA Common AQI,70.6,0.954553,9.620731,7200,0.74285716,100,100,62.8,0.6628571,Very Low,70.4,0.83136564,100,1747080900,Very Low,0.70098156,1.6290722,Very Low,1.6377783,59.8,1.9285715,100,1747080900,0.82857144
2025-05-12T20:25:47Z,20,29.899,73.4,59,65.6,10,3,236,81,0.0,255,32767,0.0,2127-15-31,0.0,0.16,26.24,0.0,0.0,0.0,0,4.828125,6,45,05:48,20:11,2025-05-12 20:25:47.405591,Città della Scienza,69.0,1.4481493,10.687766,0.87622696,0.7636424,EU EEA Common AQI,70.6,0.954553,9.620731,7200,0.74285716,100,100,62.8,0.6628571,Very Low,70.4,0.83136564,100,1747080900,Very Low,0.70098156,1.6290722,Very Low,1.6377783,59.8,1.9285715,100,1747080900,0.82857144
2025-05-12T20:25:58Z,20,29.899,73.4,59,65.6,8,3,245,81,0.0,255,32767,0.0,2127-15-31,0.0,0.16,26.24,0.0,0.0,0.0,0,4.828125,6,45,05:48,20:11,2025-05-12 20:25:58.554593,Città della Scienza,69.0,1.4481493,10.687766,0.87622696,0.7636424,EU EEA Common AQI,70.6,0.954553,9.620731,7200,0.74285716,100,100,62.8,0.6628571,Very Low,70.4,0.83136564,100,1747080900,Very Low,0.70098156,1.6290722,Very Low,1.6377783,59.8,1.9285715,100,1747080900,0.82857144
2025-05-12T20:26:09Z,20,29.899,73.4,59,65.7,10,3,258,81,0.0,255,32767,0.0,2127-15-31,0.0,0.16,26.24,0.0,0.0,0.0,0,4.828125,6,45,05:48,20:11,2025-05-12 20:26:09.626599,Città della Scienza,69.0,1.4481493,10.687766,0.87622696,0.7636424,EU EEA Common AQI,70.6,0.954553,9.620731,7200,0.74285716,100,100,62.8,0.6628571,Very Low,70.4,0.83136564,100,1747080900,Very Low,0.70098156,1.6290722,Very Low,1.6377783,59.8,1.9285715,100,1747080900,0.82857144
2025-05-12T20:26:20Z,20,29.899,73.4,59,65.7,8,3,240,81,0.0,255,32767,0.0,2127-15-31,0.0,0.16,26.24,0.0,0.0,0.0,0,4.828125,6,45,05:48,20:11,2025-05-12 20:26:20.714589,Città della Scienza,69.0,1.4481493,10.687766,0.87622696,0.7636424,EU EEA Common AQI,70.6,0.954553,9.620731,7200,0.74285716,100,100,62.8,0.6628571,Very Low,70.4,0.83136564,100,1747080900,Very Low,0.70098156,1.6290722,Very Low,1.6377783,59.8,1.9285715,100,1747080900,0.82857144
2025-05-12T20:26:31Z,20,29.899,73.4,59,65.6,6,3,234,81,0.0,255,32767,0.0,2127-15-31,0.0,0.16,26.24,0.0,0.0,0.0,0,4.828125,6,45,05:48,20:11,2025-05-12 20:26:31.790613,Città della Scienza,69.0,1.4481493,10.687766,0.87622696,0.7636424,EU EEA Common AQI,70.6,0.954553,9.620731,7200,0.74285716,100,100,62.8,0.6628571,Very Low,70.4,0.83136564,100,1747080900,Very Low,0.70098156,1.6290722,Very Low,1.6377783,59.8,1.9285715,100,1747080900,0.82857144
2025-05-12T20:26:43Z,20,29.899,73.4,59,65.6,10,4,233,81,0.0,255,32767,0.0,2127-15-31,0.0,0.16,26.24,0.0,0.0,0.0,0,4.828125,6,45,05:48,20:11,2025-05-12 20:26:42.854590,Città della Scienza,69.0,1.4481493,10.687766,0.87622696,0.7636424,EU EEA Common AQI,70.6,0.954553,9.620731,7200,0.74285716,100,100,62.8,0.6628571,Very Low,70.4,0.83136564,100,1747080900,Very Low,0.70098156,1.6290722,Very Low,1.6377783,59.8,1.9285715,100,1747080900,0.82857144
2025-05-12T20:26:54Z,20,29.899,73.4,59,65.6,8,4,253,81,0.0,255,32767,0.0,2127-15-31,0.0,0.16,26.24,0.0,0.0,0.0,0,4.828125,6,45,05:48,20:11,2025-05-12 20:26:53.920589,Città della Scienza,69.0,1.4481493,10.687766,0.87622696,0.7636424,EU EEA Common AQI,70.6,0.954553,9.620731,7200,0.74285716,100,100,62.8,0.6628571,Very Low,70.4,0.83136564,100,1747080900,Very Low,0.70098156,1.6290722,Very Low,1.6377783,59.8,1.9285715,100,1747080900,0.82857144
2025-05-12T20:27:05Z,20,29.899,73.4,59,65.7,9,4,244,81,0.0,255,32767,0.0,2127-15-31,0.0,0.16,26.24,0.0,0.0,0.0,0,4.828125,6,45,05:48,20:11,2025-05-12 20:27:05.025621,Città della Scienza,69.0,1.4481493,10.687766,0.87622696,0.7636424,EU EEA Common AQI,70.6,0.954553,9.620731,7200,0.74285716,100,100,62.8,0.6628571,Very Low,70.4,0.83136564,100,1747080900,Very Low,0.70098156,1.6290722,Very Low,1.6377783,59.8,1.9285715,100,1747080900,0.82857144
2025-05-12T20:27:16Z,20,29.899,73.4,59,65.7,11,4,245,81,0.0,255,32767,0.0,2127-15-31,0.0,0.16,26.24,0.0,0.0,0.0,0,4.828125,6,45,05:48,20:11,2025-05-12 20:27:16.076593,Città della Scienza,69.0,1.4481493,10.687766,0.87622696,0.7636424,EU EEA Common AQI,70.6,0.954553,9.620731,7200,0.74285716,100,100,62.8,0.6628571,Very Low,70.4,0.83136564,100,1747080900,Very Low,0.70098156,1.6290722,Very Low,1.6377783,59.8,1.9285715,100,1747080900,0.82857144
2025-05-12T20:27:27Z,20,29.899,73.4,59,65.7,10,4,237,81,0.0,255,32767,0.0,2127-15-31,0.0,0.16,26.24,0.0,0.0,0.0,0,4.828125,6,45,05:48,20:11,2025-05-12 20:27:27.152592,Città della Scienza,69.0,1.4481493,10.687766,0.87622696,0.7636424,EU EEA Common AQI,70.6,0.954553,9.620731,7200,0.74285716,100,100,62.8,0.6628571,Very Low,70.4,0.83136564,100,1747080900,Very Low,0.70098156,1.6290722,Very Low,1.6377783,59.8,1.9285715,100,1747080900,0.82857144
2025-05-12T20:27:38Z,20,29.898,73.5,59,65.7,10,5,238,81,0.0,255,32767,0.0,2127-15-31,0.0,0.16,26.24,0.0,0.0,0.0,0,4.828125,6,45,05:48,20:11,2025-05-12 20:27:38.278583,Città della Scienza,69.0,1.4481493,10.687766,0.87622696,0.7636424,EU EEA Common AQI,70.6,0.954553,9.620731,7200,0.74285716,100,100,62.8,0.6628571,Very Low,70.4,0.83136564,100,1747080900,Very Low,0.70098156,1.6290722,Very Low,1.6377783,59.8,1.9285715,100,1747080900,0.82857144
2025-05-12T20:27:49Z,20,29.898,73.5,59,65.7,7,5,259,81,0.0,255,32767,0.0,2127-15-31,0.0,0.16,26.24,0.0,0.0,0.0,0,4.828125,6,45,05:48,20:11,2025-05-12 20:27:49.359594,Città della Scienza,69.0,1.4481493,10.687766,0.87622696,0.7636424,EU EEA Common AQI,70.6,0.954553,9.620731,7200,0.74285716,100,100,62.8,0.6628571,Very Low,70.4,0.83136564,100,1747080900,Very Low,0.70098156,1.6290722,Very Low,1.6377783,59.8,1.9285715,100,1747080900,0.82857144
2025-05-12T20:28:00Z,20,29.898,73.5,59,65.7,9,5,248,81,0.0,255,32767,0.0,2127-15-31,0.0,0.16,26.24,0.0,0.0,0.0,0,4.828125,6,45,05:48,20:11,2025-05-12 20:28:00.421592,Città della Scienza,69.0,1.4481493,10.687766,0.87622696,0.7636424,EU EEA Common AQI,70.6,0.954553,9.620731,7200,0.74285716,100,100,62.8,0.6628571,Very Low,70.4,0.83136564,100,1747080900,Very Low,0.70098156,1.6290722,Very Low,1.6377783,59.8,1.9285715,100,1747080900,0.82857144
2025-05-12T20:28:11Z,20,29.898,73.5,59,65.7,7,5,273,81,0.0,255,32767,0.0,2127-15-31,0.0,0.16,26.24,0.0,0.0,0.0,0,4.828125,6,45,05:48,20:11,2025-05-12 20:28:11.460584,Città della Scienza,69.0,1.4481493,10.687766,0.87622696,0.7636424,EU EEA Common AQI,70.6,0.954553,9.620731,7200,0.74285716,100,100,62.8,0.6628571,Very Low,70.4,0.83136564,100,1747080900,Very Low,0.70098156,1.6290722,Very Low,1.6377783,59.8,1.9285715,100,1747080900,0.82857144
2025-05-12T20:28:22Z,20,29.898,73.5,59,65.8,8,5,243,81,0.0,255,32767,0.0,2127-15-31,0.0,0.16,26.24,0.0,0.0,0.0,0,4.828125,6,45,05:48,20:11,2025-05-12 20:28:22.537596,Città della Scienza,69.0,1.4481493,10.687766,0.87622696,0.7636424,EU EEA Common AQI,70.6,0.954553,9.620731,7200,0.74285716,100,100,62.8,0.6628571,Very Low,70.4,0.83136564,100,1747080900,Very Low,0.70098156,1.6290722,Very Low,1.6377783,59.8,1.9285715,100,1747080900,0.82857144
2025-05-12T20:28:33Z,20,29.898,73.5,59,65.8,4,5,261,81,0.0,255,32767,0.0,2127-15-31,0.0,0.16,26.24,0.0,0.0,0.0,0,4.828125,6,45,05:48,20:11,2025-05-12 20:28:33.669589,Città della Scienza,69.0,1.4481493,10.687766,0.87622696,0.7636424,EU EEA Common AQI,70.6,0.954553,9.620731,7200,0.74285716,100,100,62.8,0.6628571,Very Low,70.4,0.83136564,100,1747080900,Very Low,0.70098156,1.6290722,Very Low,1.6377783,59.8,1.9285715,100,1747080900,0.82857144
2025-05-12T20:28:44Z,20,29.899,73.4,59,65.8,6,5,243,81,0.0,255,32767,0.0,2127-15-31,0.0,0.16,26.24,0.0,0.0,0.0,0,4.828125,6,45,05:48,20:11,2025-05-12 20:28:44.708608,Città della Scienza,69.0,1.4481493,10.687766,0.87622696,0.7636424,EU EEA Common AQI,70.6,0.954553,9.620731,7200,0.74285716,100,100,62.8,0.6628571,Very Low,70.4,0.83136564,100,1747080900,Very Low,0.70098156,1.6290722,Very Low,1.6377783,59.8,1.9285715,100,1747080900,0.82857144
2025-05-12T20:28:55Z,20,29.899,73.4,59,65.8,9,5,243,81,0.0,255,32767,0.0,2127-15-31,0.0,0.16,26.24,0.0,0.0,0.0,0,4.828125,6,45,05:48,20:11,2025-05-12 20:28:55.782591,Città della Scienza,69.0,1.4481493,10.687766,0.87622696,0.7636424,EU EEA Common AQI,70.6,0.954553,9.620731,7200,0.74285716,100,100,62.8,0.6628571,Very Low,70.4,0.83136564,100,1747080900,Very Low,0.70098156,1.6290722,Very Low,1.6377783,59.8,1.9285715,100,1747080900,0.82857144
2025-05-12T20:29:07Z,20,29.899,73.4,59,65.8,7,5,260,81,0.0,255,32767,0.0,2127-15-31,0.0,0.16,26.24,0.0,0.0,0.0,0,4.828125,6,45,05:48,20:11,2025-05-12 20:29:06.855595,Città della Scienza,69.0,1.4481493,10.687766,0.87622696,0.7636424,EU EEA Common AQI,70.6,0.954553,9.620731,7200,0.74285716,100,100,62.8,0.6628571,Very Low,70.4,0.83136564,100,1747080900,Very Low,0.70098156,1.6290722,Very Low,1.6377783,59.8,1.9285715,100,1747080900,0.82857144
2025-05-12T20:29:18Z,20,29.899,73.4,59,65.8,11,5,267,81,0.0,255,32767,0.0,2127-15-31,0.0,0.16,26.24,0.0,0.0,0.0,0,4.828125,6,45,05:48,20:11,2025-05-12 20:29:17.955594,Città della Scienza,69.0,1.4481493,10.687766,0.87622696,0.7636424,EU EEA Common AQI,70.6,0.954553,9.620731,7200,0.74285716,100,100,62.8,0.6628571,Very Low,70.4,0.83136564,100,1747080900,Very Low,0.70098156,1.6290722,Very Low,1.6377783,59.8,1.9285715,100,1747080900,0.82857144
2025-05-12T20:29:29Z,20,29.899,73.4,59,65.8,10,5,250,81,0.0,255,32767,0.0,2127-15-31,0.0,0.16,26.24,0.0,0.0,0.0,0,4.828125,6,45,05:48,20:11,2025-05-12 20:29:29.013592,Città della Scienza,69.0,1.4481493,10.687766,0.87622696,0.7636424,EU EEA Common AQI,70.6,0.954553,9.620731,7200,0.74285716,100,100,62.8,0.6628571,Very Low,70.4,0.83136564,100,1747080900,Very Low,0.70098156,1.6290722,Very Low,1.6377783,59.8,1.9285715,100,1747080900,0.82857144
2025-05-12T20:29:40Z,20,29.9,73.4,59,65.8,9,6,260,81,0.0,255,32767,0.0,2127-15-31,0.0,0.16,26.24,0.0,0.0,0.0,0,4.828125,6,45,05:48,20:11,2025-05-12 20:29:40.077588,Città della Scienza,69.0,1.4481493,10.687766,0.87622696,0.7636424,EU EEA Common AQI,70.6,0.954553,9.620731,7200,0.74285716,100,100,62.8,0.6628571,Very Low,70.4,0.83136564,100,1747080900,Very Low,0.70098156,1.6290722,Very Low,1.6377783,59.8,1.9285715,100,1747080900,0.82857144
2025-05-12T20:29:51Z,20,29.9,73.4,59,65.8,9,6,236,81,0.0,255,32767,0.0,2127-15-31,0.0,0.16,26.24,0.0,0.0,0.0,0,4.828125,6,45,05:48,20:11,2025-05-12 20:29:51.173587,Città della Scienza,69.0,1.4481493,10.687766,0.87622696,0.7636424,EU EEA Common AQI,70.6,0.954553,9.620731,7200,0.74285716,100,100,62.8,0.6628571,Very Low,70.4,0.83136564,100,1747080900,Very Low,0.70098156,1.6290722,Very Low,1.6377783,59.8,1.9285715,100,1747080900,0.82857144
2025-05-12T20:30:02Z,20,29.9,73.4,59,65.7,9,6,281,81,0.0,255,32767,0.0,2127-15-31,0.0,0.16,26.24,0.0,0.0,0.0,0,4.828125,6,45,05:48,20:11,2025-05-12 20:30:02.240599,Città della Scienza,69.0,1.4481493,10.687766,0.87622696,0.7636424,EU EEA Common AQI,70.6,0.954553,9.620731,7200,0.74285716,100,100,62.8,0.6628571,Very Low,70.4,0.83136564,100,1747080900,Very Low,0.70098156,1.6290722,Very Low,1.6377783,59.8,1.9285715,100,1747080900,0.82857144
2025-05-12T20:30:13Z,20,29.9,73.4,59,65.8,11,6,245,81,0.0,255,32767,0.0,2127-15-31,0.0,0.16,26.24,0.0,0.0,0.0,0,4.828125,6,45,05:48,20:11,2025-05-12 20:30:13.304599,Città della Scienza,69.0,1.4481493,10.687766,0.87622696,0.7636424,EU EEA Common AQI,70.6,0.954553,9.620731,7200,0.74285716,100,100,62.8,0.6628571,Very Low,70.4,0.83136564,100,1747080900,Very Low,0.70098156,1.6290722,Very Low,1.6377783,59.8,1.9285715,100,1747080900,0.82857144
2025-05-12T20:30:24Z,20,29.9,73.4,59,65.8,10,6,246,81,0.0,255,32767,0.0,2127-15-31,0.0,0.16,26.24,0.0,0.0,0.0,0,4.828125,6,45,05:48,20:11,2025-05-12 20:30:24.387557,Città della Scienza,69.0,1.4481493,10.687766,0.87622696,0.7636424,EU EEA Common AQI,70.6,0.954553,9.620731,7200,0.74285716,100,100,62.8,0.6628571,Very Low,70.4,0.83136564,100,1747080900,Very Low,0.70098156,1.6290722,Very Low,1.6377783,59.8,1.9285715,100,1747080900,0.82857144
2025-05-12T20:30:35Z,20,29.899,73.4,60,65.8,10,7,235,81,0.0,255,32767,0.0,2127-15-31,0.0,0.16,26.24,0.0,0.0,0.0,0,4.828125,6,45,05:48,20:11,2025-05-12 20:30:35.468588,Città della Scienza,72.3,1.5336258,10.650083,0.8405936,0.74133104,EU EEA Common AQI,70.4,0.9266639,9.578583,7200,0.22857143,100,100,63.3,0.39999998,Very Low,69.9,0.862146,100,1747081800,Very Low,0.67247486,1.6595714,Very Low,1.6979415,60.6,1.3285714,100,1747081800,0.5
2025-05-12T20:30:46Z,20,29.899,73.4,60,65.8,9,7,236,81,0.0,255,32767,0.0,2127-15-31,0.0,0.16,26.24,0.0,0.0,0.0,0,4.828125,6,45,05:48,20:11,2025-05-12 20:30:46.519550,Città della Scienza,72.3,1.5336258,10.650083,0.8405936,0.74133104,EU EEA Common AQI,70.4,0.9266639,9.578583,7200,0.22857143,100,100,63.3,0.39999998,Very Low,69.9,0.862146,100,1747081800,Very Low,0.67247486,1.6595714,Very Low,1.6979415,60.6,1.3285714,100,1747081800,0.5
2025-05-12T20:30:57Z,20,29.899,73.4,60,65.7,10,7,240,81,0.0,255,32767,0.0,2127-15-31,0.0,0.16,26.24,0.0,0.0,0.0,0,4.828125,6,45,05:48,20:11,2025-05-12 20:30:57.610595,Città della Scienza,72.3,1.5336258,10.650083,0.8405936,0.74133104,EU EEA Common AQI,70.4,0.9266639,9.578583,7200,0.22857143,100,100,63.3,0.39999998,Very Low,69.9,0.862146,100,1747081800,Very Low,0.67247486,1.6595714,Very Low,1.6979415,60.6,1.3285714,100,1747081800,0.5
2025-05-12T20:31:08Z,20,29.899,73.4,60,65.8,7,7,266,81,0.0,255,32767,0.0,2127-15-31,0.0,0.16,26.24,0.0,0.0,0.0,0,4.828125,6,45,05:48,20:11,2025-05-12 20:31:08.735596,Città della Scienza,72.3,1.5336258,10.650083,0.8405936,0.74133104,EU EEA Common AQI,70.4,0.9266639,9.578583,7200,0.22857143,100,100,63.3,0.39999998,Very Low,69.9,0.862146,100,1747081800,Very Low,0.67247486,1.6595714,Very Low,1.6979415,60.6,1.3285714,100,1747081800,0.5
2025-05-12T20:31:20Z,20,29.899,73.4,60,65.7,8,7,244,81,0.0,255,32767,0.0,2127-15-31,0.0,0.16,26.24,0.0,0.0,0.0,0,4.828125,6,45,05:48,20:11,2025-05-12 20:31:19.841592,Città della Scienza,72.3,1.5336258,10.650083,0.8405936,0.74133104,EU EEA Common AQI,70.4,0.9266639,9.578583,7200,0.22857143,100,100,63.3,0.39999998,Very Low,69.9,0.862146,100,1747081800,Very Low,0.67247486,1.6595714,Very Low,1.6979415,60.6,1.3285714,100,1747081800,0.5
2025-05-12T20:31:31Z,20,29.899,73.4,60,65.7,11,7,250,81,0.0,255,32767,0.0,2127-15-31,0.0,0.16,26.24,0.0,0.0,0.0,0,4.828125,6,45,05:48,20:11,2025-05-12 20:31:30.901626,Città della Scienza,72.3,1.5336258,10.650083,0.8405936,0.74133104,EU EEA Common AQI,70.4,0.9266639,9.578583,7200,0.22857143,100,100,63.3,0.39999998,Very Low,69.9,0.862146,100,1747081800,Very Low,0.67247486,1.6595714,Very Low,1.6979415,60.6,1.3285714,100,1747081800,0.5
2025-05-12T20:31:42Z,20,29.899,73.4,60,65.7,9,8,245,81,0.0,255,32767,0.0,2127-15-31,0.0,0.16,26.24,0.0,0.0,0.0,0,4.828125,6,45,05:48,20:11,2025-05-12 20:31:42.023614,Città della Scienza,72.3,1.5336258,10.650083,0.8405936,0.74133104,EU EEA Common AQI,70.4,0.9266639,9.578583,7200,0.22857143,100,100,63.3,0.39999998,Very Low,69.9,0.862146,100,1747081800,Very Low,0.67247486,1.6595714,Very Low,1.6979415,60.6,1.3285714,100,1747081800,0.5
2025-05-12T20:31:53Z,20,29.899,73.4,60,65.7,8,8,259,81,0.0,255,32767,0.0,2127-15-31,0.0,0.16,26.24,0.0,0.0,0.0,0,4.828125,6,45,05:48,20:11,2025-05-12 20:31:53.139603,Città della Scienza,72.3,1.5336258,10.650083,0.8405936,0.74133104,EU EEA Common AQI,70.4,0.9266639,9.578583,7200,0.22857143,100,100,63.3,0.39999998,Very Low,69.9,0.862146,100,1747081800,Very Low,0.67247486,1.6595714,Very Low,1.6979415,60.6,1.3285714,100,1747081800,0.5
2025-05-12T20:32:04Z,20,29.899,73.4,60,65.7,10,8,236,81,0.0,255,32767,0.0,2127-15-31,0.0,0.16,26.24,0.0,0.0,0.0,0,4.828125,6,45,05:48,20:11,2025-05-12 20:32:04.195583,Città della Scienza,72.3,1.5336258,10.650083,0.8405936,0.74133104,EU EEA Common AQI,70.4,0.9266639,9.578583,7200,0.22857143,100,100,63.3,0.39999998,Very Low,69.9,0.862146,100,1747081800,Very Low,0.67247486,1.6595714,Very Low,1.6979415,60.6,1.3285714,100,1747081800,0.5
2025-05-12T20:32:15Z,20,29.899,73.4,60,65.7,6,8,230,81,0.0,255,32767,0.0,2127-15-31,0.0,0.16,26.24,0.0,0.0,0.0,0,4.828125,6,45,05:48,20:11,2025-05-12 20:32:15.282584,Città della Scienza,72.3,1.5336258,10.650083,0.8405936,0.74133104,EU EEA Common AQI,70.4,0.9266639,9.578583,7200,0.22857143,100,100,63.3,0.39999998,Very Low,69.9,0.862146,100,1747081800,Very Low,0.67247486,1.6595714,Very Low,1.6979415,60.6,1.3285714,100,1747081800,0.5
2025-05-12T20:32:26Z,20,29.899,73.4,60,65.7,9,8,271,81,0.0,255,32767,0.0,2127-15-31,0.0,0.16,26.24,0.0,0.0,0.0,0,4.828125,6,45,05:48,20:11,2025-05-12 20:32:26.344608,Città della Scienza,72.3,1.5336258,10.650083,0.8405936,0.74133104,EU EEA Common AQI,70.4,0.9266639,9.578583,7200,0.22857143,100,100,63.3,0.39999998,Very Low,69.9,0.862146,100,1747081800,Very Low,0.67247486,1.6595714,Very Low,1.6979415,60.6,1.3285714,100,1747081800,0.5
2025-05-12T20:32:37Z,20,29.897,73.4,60,65.7,11,8,251,81,0.0,255,32767,0.0,2127-15-31,0.0,0.16,26.24,0.0,0.0,0.0,0,4.828125,6,45,05:48,20:11,2025-05-12 20:32:37.445592,Città della Scienza,72.3,1.5336258,10.650083,0.8405936,0.74133104,EU EEA Common AQI,70.4,0.9266639,9.578583,7200,0.22857143,100,100,63.3,0.39999998,Very Low,69.9,0.862146,100,1747081800,Very Low,0.67247486,1.6595714,Very Low,1.6979415,60.6,1.3285714,100,1747081800,0.5
2025-05-12T20:32:48Z,20,29.897,73.4,60,65.7,11,8,247,81,0.0,255,32767,0.0,2127-15-31,0.0,0.16,26.24,0.0,0.0,0.0,0,4.828125,6,45,05:48,20:11,2025-05-12 20:32:48.477590,Città della Scienza,72.3,1.5336258,10.650083,0.8405936,0.74133104,EU EEA Common AQI,70.4,0.9266639,9.578583,7200,0.22857143,100,100,63.3,0.39999998,Very Low,69.9,0.862146,100,1747081800,Very Low,0.67247486,1.6595714,Very Low,1.6979415,60.6,1.3285714,100,1747081800,0.5
2025-05-12T20:32:59Z,20,29.897,73.4,60,65.7,11,8,265,81,0.0,255,32767,0.0,2127-15-31,0.0,0.16,26.24,0.0,0.0,0.0,0,4.828125,6,45,05:48,20:11,2025-05-12 20:32:59.592592,Città della Scienza,72.3,1.5336258,10.650083,0.8405936,0.74133104,EU EEA Common AQI,70.4,0.9266639,9.578583,7200,0.22857143,100,100,63.3,0.39999998,Very Low,69.9,0.862146,100,1747081800,Very Low,0.67247486,1.6595714,Very Low,1.6979415,60.6,1.3285714,100,1747081800,0.5
2025-05-12T20:33:10Z,20,29.897,73.4,60,65.7,8,8,267,81,0.0,255,32767,0.0,2127-15-31,0.0,0.16,26.24,0.0,0.0,0.0,0,4.828125,6,45,05:48,20:11,2025-05-12 20:33:10.704591,Città della Scienza,72.3,1.5336258,10.650083,0.8405936,0.74133104,EU EEA Common AQI,70.4,0.9266639,9.578583,7200,0.22857143,100,100,63.3,0.39999998,Very Low,69.9,0.862146,100,1747081800,Very Low,0.67247486,1.6595714,Very Low,1.6979415,60.6,1.3285714,100,1747081800,0.5
2025-05-12T20:33:21Z,20,29.897,73.4,60,65.7,11,8,246,81,0.0,255,32767,0.0,2127-15-31,0.0,0.16,26.24,0.0,0.0,0.0,0,4.828125,6,45,05:48,20:11,2025-05-12 20:33:21.776593,Città della Scienza,72.3,1.5336258,10.650083,0.8405936,0.74133104,EU EEA Common AQI,70.4,0.9266639,9.578583,7200,0.22857143,100,100,63.3,0.39999998,Very Low,69.9,0.862146,100,1747081800,Very Low,0.67247486,1.6595714,Very Low,1.6979415,60.6,1.3285714,100,1747081800,0.5
2025-05-12T20:33:33Z,20,29.897,73.4,60,65.7,12,8,240,81,0.0,255,32767,0.0,2127-15-31,0.0,0.16,26.24,0.0,0.0,0.0,0,4.828125,6,45,05:48,20:11,2025-05-12 20:33:32.867598,Città della Scienza,72.3,1.5336258,10.650083,0.8405936,0.74133104,EU EEA Common AQI,70.4,0.9266639,9.578583,7200,0.22857143,100,100,63.3,0.39999998,Very Low,69.9,0.862146,100,1747081800,Very Low,0.67247486,1.6595714,Very Low,1.6979415,60.6,1.3285714,100,1747081800,0.5
2025-05-12T20:33:44Z,20,29.899,73.4,60,65.7,10,9,245,81,0.0,255,32767,0.0,2127-15-31,0.0,0.16,26.24,0.0,0.0,0.0,0,4.828125,6,45,05:48,20:11,2025-05-12 20:33:43.963660,Città della Scienza,72.3,1.5336258,10.650083,0.8405936,0.74133104,EU EEA Common AQI,70.4,0.9266639,9.578583,7200,0.22857143,100,100,63.3,0.39999998,Very Low,69.9,0.862146,100,1747081800,Very Low,0.67247486,1.6595714,Very Low,1.6979415,60.6,1.3285714,100,1747081800,0.5
2025-05-12T20:33:55Z,20,29.899,73.4,60,65.8,11,9,255,81,0.0,255,32767,0.0,2127-15-31,0.0,0.16,26.24,0.0,0.0,0.0,0,4.828125,6,45,05:48,20:11,2025-05-12 20:33:55.088601,Città della Scienza,72.3,1.5336258,10.650083,0.8405936,0.74133104,EU EEA Common AQI,70.4,0.9266639,9.578583,7200,0.22857143,100,100,63.3,0.39999998,Very Low,69.9,0.862146,100,1747081800,Very Low,0.67247486,1.6595714,Very Low,1.6979415,60.6,1.3285714,100,1747081800,0.5
2025-05-12T20:34:06Z,20,29.899,73.4,60,65.7,10,9,250,81,0.0,255,32767,0.0,2127-15-31,0.0,0.16,26.24,0.0,0.0,0.0,0,4.828125,6,45,05:48,20:11,2025-05-12 20:34:06.186600,Città della Scienza,72.3,1.5336258,10.650083,0.8405936,0.74133104,EU EEA Common AQI,70.4,0.9266639,9.578583,7200,0.22857143,100,100,63.3,0.39999998,Very Low,69.9,0.862146,100,1747081800,Very Low,0.67247486,1.6595714,Very Low,1.6979415,60.6,1.3285714,100,1747081800,0.5
2025-05-12T20:34:17Z,20,29.899,73.4,60,65.7,10,9,240,81,0.0,255,32767,0.0,2127-15-31,0.0,0.16,26.24,0.0,0.0,0.0,0,4.828125,6,45,05:48,20:11,2025-05-12 20:34:17.302595,Città della Scienza,72.3,1.5336258,10.650083,0.8405936,0.74133104,EU EEA Common AQI,70.4,0.9266639,9.578583,7200,0.22857143,100,100,63.3,0.39999998,Very Low,69.9,0.862146,100,1747081800,Very Low,0.67247486,1.6595714,Very Low,1.6979415,60.6,1.3285714,100,1747081800,0.5
2025-05-12T20:34:28Z,20,29.899,73.4,60,65.7,9,9,248,81,0.0,255,32767,0.0,2127-15-31,0.0,0.16,26.24,0.0,0.0,0.0,0,4.828125,6,45,05:48,20:11,2025-05-12 20:34:28.388598,Città della Scienza,72.3,1.5336258,10.650083,0.8405936,0.74133104,EU EEA Common AQI,70.4,0.9266639,9.578583,7200,0.22857143,100,100,63.3,0.39999998,Very Low,69.9,0.862146,100,1747081800,Very Low,0.67247486,1.6595714,Very Low,1.6979415,60.6,1.3285714,100,1747081800,0.5
2025-05-12T20:34:39Z,20,29.9,73.3,60,65.7,10,9,240,81,0.0,255,32767,0.0,2127-15-31,0.0,0.16,26.24,0.0,0.0,0.0,0,4.828125,6,45,05:48,20:11,2025-05-12 20:34:39.485600,Città della Scienza,72.3,1.5336258,10.650083,0.8405936,0.74133104,EU EEA Common AQI,70.4,0.9266639,9.578583,7200,0.22857143,100,100,63.3,0.39999998,Very Low,69.9,0.862146,100,1747081800,Very Low,0.67247486,1.6595714,Very Low,1.6979415,60.6,1.3285714,100,1747081800,0.5
2025-05-12T20:34:50Z,20,29.9,73.3,60,65.7,6,9,234,81,0.0,255,32767,0.0,2127-15-31,0.0,0.16,26.24,0.0,0.0,0.0,0,4.828125,6,45,05:48,20:11,2025-05-12 20:34:50.538591,Città della Scienza,72.3,1.5336258,10.650083,0.8405936,0.74133104,EU EEA Common AQI,70.4,0.9266639,9.578583,7200,0.22857143,100,100,63.3,0.39999998,Very Low,69.9,0.862146,100,1747081800,Very Low,0.67247486,1.6595714,Very Low,1.6979415,60.6,1.3285714,100,1747081800,0.5
2025-05-12T20:35:01Z,20,29.9,73.3,60,65.7,7,9,232,81,0.0,255,32767,0.0,2127-15-31,0.0,0.16,26.24,0.0,0.0,0.0,0,4.828125,6,45,05:48,20:11,2025-05-12 20:35:01.598587,Città della Scienza,72.3,1.5336258,10.650083,0.8405936,0.74133104,EU EEA Common AQI,70.4,0.9266639,9.578583,7200,0.22857143,100,100,63.3,0.39999998,Very Low,69.9,0.862146,100,1747081800,Very Low,0.67247486,1.6595714,Very Low,1.6979415,60.6,1.3285714,100,1747081800,0.5
2025-05-12T20:35:12Z,20,29.9,73.3,60,65.7,2,9,284,81,0.0,255,32767,0.0,2127-15-31,0.0,0.16,26.24,0.0,0.0,0.0,0,4.828125,6,45,05:48,20:11,2025-05-12 20:35:12.678590,Città della Scienza,72.3,1.5336258,10.650083,0.8405936,0.74133104,EU EEA Common AQI,70.4,0.9266639,9.578583,7200,0.22857143,100,100,63.3,0.39999998,Very Low,69.9,0.862146,100,1747081800,Very Low,0.67247486,1.6595714,Very Low,1.6979415,60.6,1.3285714,100,1747081800,0.5
2025-05-12T20:35:23Z,20,29.9,73.3,60,65.7,7,9,246,81,0.0,255,32767,0.0,2127-15-31,0.0,0.16,26.24,0.0,0.0,0.0,0,4.828125,6,45,05:48,20:11,2025-05-12 20:35:23.790592,Città della Scienza,72.3,1.5336258,10.650083,0.8405936,0.74133104,EU EEA Common AQI,70.4,0.9266639,9.578583,7200,0.22857143,100,100,63.3,0.39999998,Very Low,69.9,0.862146,100,1747081800,Very Low,0.67247486,1.6595714,Very Low,1.6979415,60.6,1.3285714,100,1747081800,0.5
2025-05-12T20:35:35Z,20,29.901,73.4,60,65.7,7,9,244,81,0.0,255,32767,0.0,2127-15-31,0.0,0.16,26.24,0.0,0.0,0.0,0,4.828125,6,45,05:48,20:11,2025-05-12 20:35:34.866565,Città della Scienza,72.3,1.5336258,10.650083,0.8405936,0.74133104,EU EEA Common AQI,70.4,0.9266639,9.578583,7200,0.22857143,100,100,63.3,0.39999998,Very Low,69.9,0.862146,100,1747081800,Very Low,0.67247486,1.6595714,Very Low,1.6979415,60.6,1.3285714,100,1747081800,0.5
2025-05-12T20:35:46Z,20,29.901,73.4,60,65.7,9,9,236,81,0.0,255,32767,0.0,2127-15-31,0.0,0.16,26.24,0.0,0.0,0.0,0,4.828125,6,45,05:48,20:11,2025-05-12 20:35:45.920591,Città della Scienza,72.3,1.5336258,10.650083,0.8405936,0.74133104,EU EEA Common AQI,70.4,0.9266639,9.578583,7200,0.22857143,100,100,63.3,0.39999998,Very Low,69.9,0.862146,100,1747081800,Very Low,0.67247486,1.6595714,Very Low,1.6979415,60.6,1.3285714,100,1747081800,0.5
2025-05-12T20:35:57Z,20,29.901,73.4,60,65.7,8,9,258,81,0.0,255,32767,0.0,2127-15-31,0.0,0.16,26.24,0.0,0.0,0.0,0,4.828125,6,45,05:48,20:11,2025-05-12 20:35:56.985594,Città della Scienza,72.3,1.5336258,10.650083,0.8405936,0.74133104,EU EEA Common AQI,70.4,0.9266639,9.578583,7200,0.22857143,100,100,63.3,0.39999998,Very Low,69.9,0.862146,100,1747081800,Very Low,0.67247486,1.6595714,Very Low,1.6979415,60.6,1.3285714,100,1747081800,0.5
2025-05-12T20:36:08Z,20,29.901,73.4,60,65.7,10,9,240,81,0.0,255,32767,0.0,2127-15-31,0.0,0.16,26.24,0.0,0.0,0.0,0,4.828125,6,45,05:48,20:11,2025-05-12 20:36:08.043587,Città della Scienza,72.3,1.5336258,10.650083,0.8405936,0.74133104,EU EEA Common AQI,70.4,0.9266639,9.578583,7200,0.22857143,100,100,63.3,0.39999998,Very Low,69.9,0.862146,100,1747081800,Very Low,0.67247486,1.6595714,Very Low,1.6979415,60.6,1.3285714,100,1747081800,0.5
2025-05-12T20:36:19Z,20,29.901,73.4,60,65.7,9,9,239,81,0.0,255,32767,0.0,2127-15-31,0.0,0.16,26.24,0.0,0.0,0.0,0,4.828125,6,45,05:48,20:11,2025-05-12 20:36:19.156599,Città della Scienza,72.3,1.5336258,10.650083,0.8405936,0.74133104,EU EEA Common AQI,70.4,0.9266639,9.578583,7200,0.22857143,100,100,63.3,0.39999998,Very Low,69.9,0.862146,100,1747081800,Very Low,0.67247486,1.6595714,Very Low,1.6979415,60.6,1.3285714,100,1747081800,0.5
2025-05-12T20:36:30Z,20,29.901,73.4,60,65.7,9,9,250,81,0.0,255,32767,0.0,2127-15-31,0.0,0.16,26.24,0.0,0.0,0.0,0,4.828125,6,45,05:48,20:11,2025-05-12 20:36:30.246594,Città della Scienza,72.3,1.5336258,10.650083,0.8405936,0.74133104,EU EEA Common AQI,70.4,0.9266639,9.578583,7200,0.22857143,100,100,63.3,0.39999998,Very Low,69.9,0.862146,100,1747081800,Very Low,0.67247486,1.6595714,Very Low,1.6979415,60.6,1.3285714,100,1747081800,0.5
2025-05-12T20:36:41Z,20,29.901,73.4,60,65.8,11,9,237,81,0.0,255,32767,0.0,2127-15-31,0.0,0.16,26.24,0.0,0.0,0.0,0,4.828125,6,45,05:48,20:11,2025-05-12 20:36:41.344559,Città della Scienza,72.3,1.5336258,10.650083,0.8405936,0.74133104,EU EEA Common AQI,70.4,0.9266639,9.578583,7200,0.22857143,100,100,63.3,0.39999998,Very Low,69.9,0.862146,100,1747081800,Very Low,0.67247486,1.6595714,Very Low,1.6979415,60.6,1.3285714,100,1747081800,0.5
2025-05-12T20:36:52Z,20,29.901,73.4,60,65.8,8,9,241,81,0.0,255,32767,0.0,2127-15-31,0.0,0.16,26.24,0.0,0.0,0.0,0,4.828125,6,45,05:48,20:11,2025-05-12 20:36:52.412593,Città della Scienza,72.3,1.5336258,10.650083,0.8405936,0.74133104,EU EEA Common AQI,70.4,0.9266639,9.578583,7200,0.22857143,100,100,63.3,0.39999998,Very Low,69.9,0.862146,100,1747081800,Very Low,0.67247486,1.6595714,Very Low,1.6979415,60.6,1.3285714,100,1747081800,0.5
2025-05-12T20:37:03Z,20,29.901,73.4,60,65.8,6,9,242,81,0.0,255,32767,0.0,2127-15-31,0.0,0.16,26.24,0.0,0.0,0.0,0,4.828125,6,45,05:48,20:11,2025-05-12 20:37:03.534605,Città della Scienza,72.3,1.5336258,10.650083,0.8405936,0.74133104,EU EEA Common AQI,70.4,0.9266639,9.578583,7200,0.22857143,100,100,63.3,0.39999998,Very Low,69.9,0.862146,100,1747081800,Very Low,0.67247486,1.6595714,Very Low,1.6979415,60.6,1.3285714,100,1747081800,0.5
2025-05-12T20:37:14Z,20,29.901,73.4,60,65.8,9,9,238,81,0.0,255,32767,0.0,2127-15-31,0.0,0.16,26.24,0.0,0.0,0.0,0,4.828125,6,45,05:48,20:11,2025-05-12 20:37:14.604587,Città della Scienza,72.3,1.5336258,10.650083,0.8405936,0.74133104,EU EEA Common AQI,70.4,0.9266639,9.578583,7200,0.22857143,100,100,63.3,0.39999998,Very Low,69.9,0.862146,100,1747081800,Very Low,0.67247486,1.6595714,Very Low,1.6979415,60.6,1.3285714,100,1747081800,0.5
2025-05-12T20:37:25Z,20,29.901,73.4,60,65.8,7,9,248,81,0.0,255,32767,0.0,2127-15-31,0.0,0.16,26.24,0.0,0.0,0.0,0,4.828125,6,45,05:48,20:11,2025-05-12 20:37:25.721601,Città della Scienza,72.3,1.5336258,10.650083,0.8405936,0.74133104,EU EEA Common AQI,70.4,0.9266639,9.578583,7200,0.22857143,100,100,63.3,0.39999998,Very Low,69.9,0.862146,100,1747081800,Very Low,0.67247486,1.6595714,Very Low,1.6979415,60.6,1.3285714,100,1747081800,0.5
2025-05-12T20:37:37Z,20,29.9,73.3,60,65.7,5,9,218,81,0.0,255,32767,0.0,2127-15-31,0.0,0.16,26.24,0.0,0.0,0.0,0,4.828125,6,45,05:48,20:11,2025-05-12 20:37:36.814589,Città della Scienza,72.3,1.5336258,10.650083,0.8405936,0.74133104,EU EEA Common AQI,70.4,0.9266639,9.578583,7200,0.22857143,100,100,63.3,0.39999998,Very Low,69.9,0.862146,100,1747081800,Very Low,0.67247486,1.6595714,Very Low,1.6979415,60.6,1.3285714,100,1747081800,0.5
2025-05-12T20:37:48Z,20,29.9,73.3,60,65.8,7,9,259,81,0.0,255,32767,0.0,2127-15-31,0.0,0.16,26.24,0.0,0.0,0.0,0,4.828125,6,45,05:48,20:11,2025-05-12 20:37:47.897603,Città della Scienza,72.3,1.5336258,10.650083,0.8405936,0.74133104,EU EEA Common AQI,70.4,0.9266639,9.578583,7200,0.22857143,100,100,63.3,0.39999998,Very Low,69.9,0.862146,100,1747081800,Very Low,0.67247486,1.6595714,Very Low,1.6979415,60.6,1.3285714,100,1747081800,0.5
2025-05-12T20:37:59Z,20,29.9,73.3,60,65.7,9,9,247,81,0.0,255,32767,0.0,2127-15-31,0.0,0.16,26.24,0.0,0.0,0.0,0,4.828125,6,45,05:48,20:11,2025-05-12 20:37:59.000592,Città della Scienza,72.3,1.5336258,10.650083,0.8405936,0.74133104,EU EEA Common AQI,70.4,0.9266639,9.578583,7200,0.22857143,100,100,63.3,0.39999998,Very Low,69.9,0.862146,100,1747081800,Very Low,0.67247486,1.6595714,Very Low,1.6979415,60.6,1.3285714,100,1747081800,0.5
2025-05-12T20:38:10Z,20,29.9,73.3,60,65.7,8,9,254,81,0.0,255,32767,0.0,2127-15-31,0.0,0.16,26.24,0.0,0.0,0.0,0,4.828125,6,45,05:48,20:11,2025-05-12 20:38:10.085594,Città della Scienza,72.3,1.5336258,10.650083,0.8405936,0.74133104,EU EEA Common AQI,70.4,0.9266639,9.578583,7200,0.22857143,100,100,63.3,0.39999998,Very Low,69.9,0.862146,100,1747081800,Very Low,0.67247486,1.6595714,Very Low,1.6979415,60.6,1.3285714,100,1747081800,0.5
2025-05-12T20:38:21Z,20,29.9,73.3,60,65.7,5,9,250,81,0.0,255,32767,0.0,2127-15-31,0.0,0.16,26.24,0.0,0.0,0.0,0,4.828125,6,45,05:48,20:11,2025-05-12 20:38:21.202595,Città della Scienza,72.3,1.5336258,10.650083,0.8405936,0.74133104,EU EEA Common AQI,70.4,0.9266639,9.578583,7200,0.22857143,100,100,63.3,0.39999998,Very Low,69.9,0.862146,100,1747081800,Very Low,0.67247486,1.6595714,Very Low,1.6979415,60.6,1.3285714,100,1747081800,0.5
2025-05-12T20:38:32Z,20,29.9,73.3,60,65.8,6,9,233,81,0.0,255,32767,0.0,2127-15-31,0.0,0.16,26.24,0.0,0.0,0.0,0,4.828125,6,45,05:48,20:11,2025-05-12 20:38:32.289591,Città della Scienza,72.3,1.5336258,10.650083,0.8405936,0.74133104,EU EEA Common AQI,70.4,0.9266639,9.578583,7200,0.22857143,100,100,63.3,0.39999998,Very Low,69.9,0.862146,100,1747081800,Very Low,0.67247486,1.6595714,Very Low,1.6979415,60.6,1.3285714,100,1747081800,0.5
2025-05-12T20:38:43Z,20,29.901,73.3,60,65.8,5,9,250,81,0.0,255,32767,0.0,2127-15-31,0.0,0.16,26.24,0.0,0.0,0.0,0,4.828125,6,45,05:48,20:11,2025-05-12 20:38:43.382597,Città della Scienza,72.3,1.5336258,10.650083,0.8405936,0.74133104,EU EEA Common AQI,70.4,0.9266639,9.578583,7200,0.22857143,100,100,63.3,0.39999998,Very Low,69.9,0.862146,100,1747081800,Very Low,0.67247486,1.6595714,Very Low,1.6979415,60.6,1.3285714,100,1747081800,0.5
2025-05-12T20:38:54Z,20,29.901,73.3,60,65.8,6,9,273,81,0.0,255,32767,0.0,2127-15-31,0.0,0.16,26.24,0.0,0.0,0.0,0,4.828125,6,45,05:48,20:11,2025-05-12 20:38:54.462586,Città della Scienza,72.3,1.5336258,10.650083,0.8405936,0.74133104,EU EEA Common AQI,70.4,0.9266639,9.578583,7200,0.22857143,100,100,63.3,0.39999998,Very Low,69.9,0.862146,100,1747081800,Very Low,0.67247486,1.6595714,Very Low,1.6979415,60.6,1.3285714,100,1747081800,0.5
2025-05-12T20:39:05Z,20,29.901,73.3,60,65.8,10,9,255,81,0.0,255,32767,0.0,2127-15-31,0.0,0.16,26.24,0.0,0.0,0.0,0,4.828125,6,45,05:48,20:11,2025-05-12 20:39:05.560589,Città della Scienza,72.3,1.5336258,10.650083,0.8405936,0.74133104,EU EEA Common AQI,70.4,0.9266639,9.578583,7200,0.22857143,100,100,63.3,0.39999998,Very Low,69.9,0.862146,100,1747081800,Very Low,0.67247486,1.6595714,Very Low,1.6979415,60.6,1.3285714,100,1747081800,0.5
2025-05-12T20:39:16Z,20,29.901,73.3,60,65.8,4,9,253,81,0.0,255,32767,0.0,2127-15-31,0.0,0.16,26.24,0.0,0.0,0.0,0,4.828125,6,45,05:48,20:11,2025-05-12 20:39:16.623612,Città della Scienza,72.3,1.5336258,10.650083,0.8405936,0.74133104,EU EEA Common AQI,70.4,0.9266639,9.578583,7200,0.22857143,100,100,63.3,0.39999998,Very Low,69.9,0.862146,100,1747081800,Very Low,0.67247486,1.6595714,Very Low,1.6979415,60.6,1.3285714,100,1747081800,0.5
2025-05-12T20:39:27Z,20,29.901,73.3,60,65.8,5,9,256,81,0.0,255,32767,0.0,2127-15-31,0.0,0.16,26.24,0.0,0.0,0.0,0,4.828125,6,45,05:48,20:11,2025-05-12 20:39:27.685591,Città della Scienza,72.3,1.5336258,10.650083,0.8405936,0.74133104,EU EEA Common AQI,70.4,0.9266639,9.578583,7200,0.22857143,100,100,63.3,0.39999998,Very Low,69.9,0.862146,100,1747081800,Very Low,0.67247486,1.6595714,Very Low,1.6979415,60.6,1.3285714,100,1747081800,0.5
2025-05-12T20:39:38Z,20,29.9,73.3,60,65.7,6,8,236,81,0.0,255,32767,0.0,2127-15-31,0.0,0.16,26.24,0.0,0.0,0.0,0,4.828125,6,45,05:48,20:11,2025-05-12 20:39:38.772552,Città della Scienza,72.3,1.5336258,10.650083,0.8405936,0.74133104,EU EEA Common AQI,70.4,0.9266639,9.578583,7200,0.22857143,100,100,63.3,0.39999998,Very Low,69.9,0.862146,100,1747081800,Very Low,0.67247486,1.6595714,Very Low,1.6979415,60.6,1.3285714,100,1747081800,0.5
2025-05-12T20:39:50Z,20,29.9,73.3,60,65.8,6,8,261,81,0.0,255,32767,0.0,2127-15-31,0.0,0.16,26.24,0.0,0.0,0.0,0,4.828125,6,45,05:48,20:11,2025-05-12 20:39:49.874596,Città della Scienza,72.3,1.5336258,10.650083,0.8405936,0.74133104,EU EEA Common AQI,70.4,0.9266639,9.578583,7200,0.22857143,100,100,63.3,0.39999998,Very Low,69.9,0.862146,100,1747081800,Very Low,0.67247486,1.6595714,Very Low,1.6979415,60.6,1.3285714,100,1747081800,0.5
2025-05-12T20:40:01Z,20,29.9,73.3,60,65.7,3,8,271,81,0.0,255,32767,0.0,2127-15-31,0.0,0.16,26.24,0.0,0.0,0.0,0,4.828125,6,45,05:48,20:11,2025-05-12 20:40:00.949611,Città della Scienza,72.3,1.5336258,10.650083,0.8405936,0.74133104,EU EEA Common AQI,70.4,0.9266639,9.578583,7200,0.22857143,100,100,63.3,0.39999998,Very Low,69.9,0.862146,100,1747081800,Very Low,0.67247486,1.6595714,Very Low,1.6979415,60.6,1.3285714,100,1747081800,0.5
2025-05-12T20:40:12Z,20,29.9,73.3,60,65.7,5,8,252,81,0.0,255,32767,0.0,2127-15-31,0.0,0.16,26.24,0.0,0.0,0.0,0,4.828125,6,45,05:48,20:11,2025-05-12 20:40:12.009593,Città della Scienza,72.3,1.5336258,10.650083,0.8405936,0.74133104,EU EEA Common AQI,70.4,0.9266639,9.578583,7200,0.22857143,100,100,63.3,0.39999998,Very Low,69.9,0.862146,100,1747081800,Very Low,0.67247486,1.6595714,Very Low,1.6979415,60.6,1.3285714,100,1747081800,0.5
2025-05-12T20:40:23Z,20,29.9,73.3,60,65.7,8,8,245,81,0.0,255,32767,0.0,2127-15-31,0.0,0.16,26.24,0.0,0.0,0.0,0,4.828125,6,45,05:48,20:11,2025-05-12 20:40:23.173593,Città della Scienza,72.3,1.5336258,10.650083,0.8405936,0.74133104,EU EEA Common AQI,70.4,0.9266639,9.578583,7200,0.22857143,100,100,63.3,0.39999998,Very Low,69.9,0.862146,100,1747081800,Very Low,0.67247486,1.6595714,Very Low,1.6979415,60.6,1.3285714,100,1747081800,0.5
2025-05-12T20:40:34Z,20,29.9,73.3,60,65.7,6,8,231,81,0.0,255,32767,0.0,2127-15-31,0.0,0.16,26.24,0.0,0.0,0.0,0,4.828125,6,45,05:48,20:11,2025-05-12 20:40:34.236596,Città della Scienza,72.3,1.5336258,10.650083,0.8405936,0.74133104,EU EEA Common AQI,70.4,0.9266639,9.578583,7200,0.22857143,100,100,63.3,0.39999998,Very Low,69.9,0.862146,100,1747081800,Very Low,0.67247486,1.6595714,Very Low,1.6979415,60.6,1.3285714,100,1747081800,0.5
2025-05-12T20:40:45Z,20,29.9,73.3,60,65.7,8,8,246,81,0.0,255,32767,0.0,2127-15-31,0.0,0.16,26.24,0.0,0.0,0.0,0,4.828125,6,45,05:48,20:11,2025-05-12 20:40:45.291587,Città della Scienza,72.3,1.5336258,10.650083,0.8405936,0.74133104,EU EEA Common AQI,70.4,0.9266639,9.578583,7200,0.22857143,100,100,63.3,0.39999998,Very Low,69.9,0.862146,100,1747081800,Very Low,0.67247486,1.6595714,Very Low,1.6979415,60.6,1.3285714,100,1747081800,0.5
2025-05-12T20:40:56Z,20,29.9,73.3,60,65.7,8,8,246,81,0.0,255,32767,0.0,2127-15-31,0.0,0.16,26.24,0.0,0.0,0.0,0,4.828125,6,45,05:48,20:11,2025-05-12 20:40:56.348594,Città della Scienza,72.3,1.5336258,10.650083,0.8405936,0.74133104,EU EEA Common AQI,70.4,0.9266639,9.578583,7200,0.22857143,100,100,63.3,0.39999998,Very Low,69.9,0.862146,100,1747081800,Very Low,0.67247486,1.6595714,Very Low,1.6979415,60.6,1.3285714,100,1747081800,0.5
2025-05-12T20:41:07Z,20,29.9,73.3,60,65.7,10,8,247,81,0.0,255,32767,0.0,2127-15-31,0.0,0.16,26.24,0.0,0.0,0.0,0,4.828125,6,45,05:48,20:11,2025-05-12 20:41:07.411590,Città della Scienza,72.3,1.5336258,10.650083,0.8405936,0.74133104,EU EEA Common AQI,70.4,0.9266639,9.578583,7200,0.22857143,100,100,63.3,0.39999998,Very Low,69.9,0.862146,100,1747081800,Very Low,0.67247486,1.6595714,Very Low,1.6979415,60.6,1.3285714,100,1747081800,0.5
2025-05-12T20:41:18Z,20,29.9,73.3,60,65.8,8,8,242,81,0.0,255,32767,0.0,2127-15-31,0.0,0.16,26.24,0.0,0.0,0.0,0,4.828125,6,45,05:48,20:11,2025-05-12 20:41:18.483593,Città della Scienza,72.3,1.5336258,10.650083,0.8405936,0.74133104,EU EEA Common AQI,70.4,0.9266639,9.578583,7200,0.22857143,100,100,63.3,0.39999998,Very Low,69.9,0.862146,100,1747081800,Very Low,0.67247486,1.6595714,Very Low,1.6979415,60.6,1.3285714,100,1747081800,0.5
2025-05-12T20:41:29Z,20,29.9,73.3,60,65.8,6,8,243,81,0.0,255,32767,0.0,2127-15-31,0.0,0.16,26.24,0.0,0.0,0.0,0,4.828125,6,45,05:48,20:11,2025-05-12 20:41:29.616598,Città della Scienza,72.3,1.5336258,10.650083,0.8405936,0.74133104,EU EEA Common AQI,70.4,0.9266639,9.578583,7200,0.22857143,100,100,63.3,0.39999998,Very Low,69.9,0.862146,100,1747081800,Very Low,0.67247486,1.6595714,Very Low,1.6979415,60.6,1.3285714,100,1747081800,0.5
2025-05-12T20:41:40Z,20,29.902,73.2,60,65.8,5,8,250,81,0.0,255,32767,0.0,2127-15-31,0.0,0.16,26.24,0.0,0.0,0.0,0,4.828125,6,45,05:48,20:11,2025-05-12 20:41:40.717594,Città della Scienza,72.3,1.5336258,10.650083,0.8405936,0.74133104,EU EEA Common AQI,70.4,0.9266639,9.578583,7200,0.22857143,100,100,63.3,0.39999998,Very Low,69.9,0.862146,100,1747081800,Very Low,0.67247486,1.6595714,Very Low,1.6979415,60.6,1.3285714,100,1747081800,0.5
2025-05-12T20:41:51Z,20,29.902,73.2,60,65.7,7,8,250,81,0.0,255,32767,0.0,2127-15-31,0.0,0.16,26.24,0.0,0.0,0.0,0,4.828125,6,45,05:48,20:11,2025-05-12 20:41:51.786596,Città della Scienza,72.3,1.5336258,10.650083,0.8405936,0.74133104,EU EEA Common AQI,70.4,0.9266639,9.578583,7200,0.22857143,100,100,63.3,0.39999998,Very Low,69.9,0.862146,100,1747081800,Very Low,0.67247486,1.6595714,Very Low,1.6979415,60.6,1.3285714,100,1747081800,0.5
2025-05-12T20:42:03Z,20,29.902,73.2,60,65.7,10,8,247,81,0.0,255,32767,0.0,2127-15-31,0.0,0.16,26.24,0.0,0.0,0.0,0,4.828125,6,45,05:48,20:11,2025-05-12 20:42:02.881560,Città della Scienza,72.3,1.5336258,10.650083,0.8405936,0.74133104,EU EEA Common AQI,70.4,0.9266639,9.578583,7200,0.22857143,100,100,63.3,0.39999998,Very Low,69.9,0.862146,100,1747081800,Very Low,0.67247486,1.6595714,Very Low,1.6979415,60.6,1.3285714,100,1747081800,0.5
2025-05-12T20:42:14Z,20,29.902,73.2,60,65.7,7,8,276,81,0.0,255,32767,0.0,2127-15-31,0.0,0.16,26.24,0.0,0.0,0.0,0,4.828125,6,45,05:48,20:11,2025-05-12 20:42:13.983586,Città della Scienza,72.3,1.5336258,10.650083,0.8405936,0.74133104,EU EEA Common AQI,70.4,0.9266639,9.578583,7200,0.22857143,100,100,63.3,0.39999998,Very Low,69.9,0.862146,100,1747081800,Very Low,0.67247486,1.6595714,Very Low,1.6979415,60.6,1.3285714,100,1747081800,0.5
2025-05-12T20:42:25Z,20,29.902,73.2,60,65.8,5,8,249,81,0.0,255,32767,0.0,2127-15-31,0.0,0.16,26.24,0.0,0.0,0.0,0,4.828125,6,45,05:48,20:11,2025-05-12 20:42:25.061578,Città della Scienza,72.3,1.5336258,10.650083,0.8405936,0.74133104,EU EEA Common AQI,70.4,0.9266639,9.578583,7200,0.22857143,100,100,63.3,0.39999998,Very Low,69.9,0.862146,100,1747081800,Very Low,0.67247486,1.6595714,Very Low,1.6979415,60.6,1.3285714,100,1747081800,0.5
2025-05-12T20:42:36Z,20,29.899,73.2,60,65.8,2,8,286,81,0.0,255,32767,0.0,2127-15-31,0.0,0.16,26.24,0.0,0.0,0.0,0,4.828125,6,45,05:48,20:11,2025-05-12 20:42:36.122560,Città della Scienza,72.3,1.5336258,10.650083,0.8405936,0.74133104,EU EEA Common AQI,70.4,0.9266639,9.578583,7200,0.22857143,100,100,63.3,0.39999998,Very Low,69.9,0.862146,100,1747081800,Very Low,0.67247486,1.6595714,Very Low,1.6979415,60.6,1.3285714,100,1747081800,0.5
2025-05-12T20:42:47Z,20,29.899,73.2,60,65.8,5,8,255,81,0.0,255,32767,0.0,2127-15-31,0.0,0.16,26.24,0.0,0.0,0.0,0,4.828125,6,45,05:48,20:11,2025-05-12 20:42:47.206599,Città della Scienza,72.3,1.5336258,10.650083,0.8405936,0.74133104,EU EEA Common AQI,70.4,0.9266639,9.578583,7200,0.22857143,100,100,63.3,0.39999998,Very Low,69.9,0.862146,100,1747081800,Very Low,0.67247486,1.6595714,Very Low,1.6979415,60.6,1.3285714,100,1747081800,0.5
2025-05-12T20:42:58Z,20,29.899,73.2,60,65.8,6,8,241,81,0.0,255,32767,0.0,2127-15-31,0.0,0.16,26.24,0.0,0.0,0.0,0,4.828125,6,45,05:48,20:11,2025-05-12 20:42:58.279596,Città della Scienza,72.3,1.5336258,10.650083,0.8405936,0.74133104,EU EEA Common AQI,70.4,0.9266639,9.578583,7200,0.22857143,100,100,63.3,0.39999998,Very Low,69.9,0.862146,100,1747081800,Very Low,0.67247486,1.6595714,Very Low,1.6979415,60.6,1.3285714,100,1747081800,0.5
2025-05-12T20:43:09Z,20,29.899,73.2,60,65.8,4,8,254,81,0.0,255,32767,0.0,2127-15-31,0.0,0.16,26.24,0.0,0.0,0.0,0,4.828125,6,45,05:48,20:11,2025-05-12 20:43:09.386595,Città della Scienza,72.3,1.5336258,10.650083,0.8405936,0.74133104,EU EEA Common AQI,70.4,0.9266639,9.578583,7200,0.22857143,100,100,63.3,0.39999998,Very Low,69.9,0.862146,100,1747081800,Very Low,0.67247486,1.6595714,Very Low,1.6979415,60.6,1.3285714,100,1747081800,0.5
2025-05-12T20:43:20Z,20,29.899,73.2,60,65.8,4,8,278,81,0.0,255,32767,0.0,2127-15-31,0.0,0.16,26.24,0.0,0.0,0.0,0,4.828125,6,45,05:48,20:11,2025-05-12 20:43:20.463592,Città della Scienza,72.3,1.5336258,10.650083,0.8405936,0.74133104,EU EEA Common AQI,70.4,0.9266639,9.578583,7200,0.22857143,100,100,63.3,0.39999998,Very Low,69.9,0.862146,100,1747081800,Very Low,0.67247486,1.6595714,Very Low,1.6979415,60.6,1.3285714,100,1747081800,0.5
2025-05-12T20:43:31Z,20,29.899,73.2,60,65.8,5,8,252,81,0.0,255,32767,0.0,2127-15-31,0.0,0.16,26.24,0.0,0.0,0.0,0,4.828125,6,45,05:48,20:11,2025-05-12 20:43:31.494589,Città della Scienza,72.3,1.5336258,10.650083,0.8405936,0.74133104,EU EEA Common AQI,70.4,0.9266639,9.578583,7200,0.22857143,100,100,63.3,0.39999998,Very Low,69.9,0.862146,100,1747081800,Very Low,0.67247486,1.6595714,Very Low,1.6979415,60.6,1.3285714,100,1747081800,0.5
2025-05-12T20:43:42Z,20,29.899,73.2,60,65.8,4,7,259,81,0.0,255,32767,0.0,2127-15-31,0.0,0.16,26.24,0.0,0.0,0.0,0,4.828125,6,45,05:48,20:11,2025-05-12 20:43:42.568590,Città della Scienza,72.3,1.5336258,10.650083,0.8405936,0.74133104,EU EEA Common AQI,70.4,0.9266639,9.578583,7200,0.22857143,100,100,63.3,0.39999998,Very Low,69.9,0.862146,100,1747081800,Very Low,0.67247486,1.6595714,Very Low,1.6979415,60.6,1.3285714,100,1747081800,0.5
2025-05-12T20:43:53Z,20,29.899,73.2,60,65.8,8,7,241,81,0.0,255,32767,0.0,2127-15-31,0.0,0.16,26.24,0.0,0.0,0.0,0,4.828125,6,45,05:48,20:11,2025-05-12 20:43:53.646556,Città della Scienza,72.3,1.5336258,10.650083,0.8405936,0.74133104,EU EEA Common AQI,70.4,0.9266639,9.578583,7200,0.22857143,100,100,63.3,0.39999998,Very Low,69.9,0.862146,100,1747081800,Very Low,0.67247486,1.6595714,Very Low,1.6979415,60.6,1.3285714,100,1747081800,0.5
2025-05-12T20:44:04Z,20,29.899,73.2,60,65.8,8,7,252,81,0.0,255,32767,0.0,2127-15-31,0.0,0.16,26.24,0.0,0.0,0.0,0,4.828125,6,45,05:48,20:11,2025-05-12 20:44:04.739610,Città della Scienza,72.3,1.5336258,10.650083,0.8405936,0.74133104,EU EEA Common AQI,70.4,0.9266639,9.578583,7200,0.22857143,100,100,63.3,0.39999998,Very Low,69.9,0.862146,100,1747081800,Very Low,0.67247486,1.6595714,Very Low,1.6979415,60.6,1.3285714,100,1747081800,0.5
2025-05-12T20:44:16Z,20,29.899,73.2,60,65.8,8,7,242,81,0.0,255,32767,0.0,2127-15-31,0.0,0.16,26.24,0.0,0.0,0.0,0,4.828125,6,45,05:48,20:11,2025-05-12 20:44:15.867596,Città della Scienza,72.3,1.5336258,10.650083,0.8405936,0.74133104,EU EEA Common AQI,70.4,0.9266639,9.578583,7200,0.22857143,100,100,63.3,0.39999998,Very Low,69.9,0.862146,100,1747081800,Very Low,0.67247486,1.6595714,Very Low,1.6979415,60.6,1.3285714,100,1747081800,0.5
2025-05-12T20:44:27Z,20,29.899,73.2,60,65.8,8,7,253,81,0.0,255,32767,0.0,2127-15-31,0.0,0.16,26.24,0.0,0.0,0.0,0,4.828125,6,45,05:48,20:11,2025-05-12 20:44:26.936594,Città della Scienza,72.3,1.5336258,10.650083,0.8405936,0.74133104,EU EEA Common AQI,70.4,0.9266639,9.578583,7200,0.22857143,100,100,63.3,0.39999998,Very Low,69.9,0.862146,100,1747081800,Very Low,0.67247486,1.6595714,Very Low,1.6979415,60.6,1.3285714,100,1747081800,0.5
2025-05-12T20:44:38Z,20,29.9,73.2,60,65.8,5,7,252,81,0.0,255,32767,0.0,2127-15-31,0.0,0.16,26.24,0.0,0.0,0.0,0,4.828125,6,45,05:48,20:11,2025-05-12 20:44:37.995590,Città della Scienza,72.3,1.5336258,10.650083,0.8405936,0.74133104,EU EEA Common AQI,70.4,0.9266639,9.578583,7200,0.22857143,100,100,63.3,0.39999998,Very Low,69.9,0.862146,100,1747081800,Very Low,0.67247486,1.6595714,Very Low,1.6979415,60.6,1.3285714,100,1747081800,0.5
2025-05-12T20:44:49Z,20,29.9,73.2,60,65.8,6,7,239,81,0.0,255,32767,0.0,2127-15-31,0.0,0.16,26.24,0.0,0.0,0.0,0,4.828125,6,45,05:48,20:11,2025-05-12 20:44:49.049591,Città della Scienza,72.3,1.5336258,10.650083,0.8405936,0.74133104,EU EEA Common AQI,70.4,0.9266639,9.578583,7200,0.22857143,100,100,63.3,0.39999998,Very Low,69.9,0.862146,100,1747081800,Very Low,0.67247486,1.6595714,Very Low,1.6979415,60.6,1.3285714,100,1747081800,0.5
2025-05-12T20:45:00Z,20,29.9,73.2,60,65.8,4,7,252,81,0.0,255,32767,0.0,2127-15-31,0.0,0.16,26.24,0.0,0.0,0.0,0,4.828125,6,45,05:48,20:11,2025-05-12 20:45:00.196599,Città della Scienza,72.3,1.5336258,10.650083,0.8405936,0.74133104,EU EEA Common AQI,70.4,0.9266639,9.578583,7200,0.22857143,100,100,63.3,0.39999998,Very Low,69.9,0.862146,100,1747081800,Very Low,0.67247486,1.6595714,Very Low,1.6979415,60.6,1.3285714,100,1747081800,0.5
2025-05-12T20:45:11Z,20,29.9,73.2,60,65.8,7,7,248,81,0.0,255,32767,0.0,2127-15-31,0.0,0.16,26.24,0.0,0.0,0.0,0,4.828125,6,45,05:48,20:11,2025-05-12 20:45:11.279605,Città della Scienza,72.3,1.5336258,10.650083,0.8405936,0.74133104,EU EEA Common AQI,70.4,0.9266639,9.578583,7200,0.22857143,100,100,63.3,0.39999998,Very Low,69.9,0.862146,100,1747081800,Very Low,0.67247486,1.6595714,Very Low,1.6979415,60.6,1.3285714,100,1747081800,0.5
2025-05-12T20:45:22Z,20,29.9,73.2,60,65.8,4,7,250,81,0.0,255,32767,0.0,2127-15-31,0.0,0.16,26.24,0.0,0.0,0.0,0,4.828125,6,45,05:48,20:11,2025-05-12 20:45:22.326589,Città della Scienza,72.3,1.5336258,10.650083,0.8405936,0.74133104,EU EEA Common AQI,70.4,0.9266639,9.578583,7200,0.22857143,100,100,63.3,0.39999998,Very Low,69.9,0.862146,100,1747081800,Very Low,0.67247486,1.6595714,Very Low,1.6979415,60.6,1.3285714,100,1747081800,0.5
2025-05-12T20:45:33Z,20,29.9,73.2,60,65.8,6,7,233,81,0.0,255,32767,0.0,2127-15-31,0.0,0.16,26.24,0.0,0.0,0.0,0,4.828125,6,45,05:48,20:11,2025-05-12 20:45:33.422595,Città della Scienza,73.3,1.5627443,10.603639,0.7798516,0.71075106,EU EEA Common AQI,70.4,0.8884389,9.533527,7200,0.34285715,100,100,63.4,0.35428572,Very Low,69.8,0.87499005,100,1747082700,Very Low,0.6238813,1.6312984,Very Low,1.6161761,60.8,0.95714283,100,1747082700,0.44285715
2025-05-12T20:45:44Z,20,29.899,73.2,60,65.8,5,7,244,81,0.0,255,32767,0.0,2127-15-31,0.0,0.16,26.24,0.0,0.0,0.0,0,4.828125,6,45,05:48,20:11,2025-05-12 20:45:44.535609,Città della Scienza,73.3,1.5627443,10.603639,0.7798516,0.71075106,EU EEA Common AQI,70.4,0.8884389,9.533527,7200,0.34285715,100,100,63.4,0.35428572,Very Low,69.8,0.87499005,100,1747082700,Very Low,0.6238813,1.6312984,Very Low,1.6161761,60.8,0.95714283,100,1747082700,0.44285715
2025-05-12T20:45:55Z,20,29.899,73.2,60,65.8,8,7,245,82,0.0,255,32767,0.0,2127-15-31,0.0,0.16,26.24,0.0,0.0,0.0,0,4.828125,6,45,05:48,20:11,2025-05-12 20:45:55.599589,Città della Scienza,73.3,1.5627443,10.603639,0.7798516,0.71075106,EU EEA Common AQI,70.4,0.8884389,9.533527,7200,0.34285715,100,100,63.4,0.35428572,Very Low,69.8,0.87499005,100,1747082700,Very Low,0.6238813,1.6312984,Very Low,1.6161761,60.8,0.95714283,100,1747082700,0.44285715
2025-05-12T20:46:06Z,20,29.899,73.2,60,65.8,11,7,240,82,0.0,255,32767,0.0,2127-15-31,0.0,0.16,26.24,0.0,0.0,0.0,0,4.828125,6,45,05:48,20:11,2025-05-12 20:46:06.666598,Città della Scienza,73.3,1.5627443,10.603639,0.7798516,0.71075106,EU EEA Common AQI,70.4,0.8884389,9.533527,7200,0.34285715,100,100,63.4,0.35428572,Very Low,69.8,0.87499005,100,1747082700,Very Low,0.6238813,1.6312984,Very Low,1.6161761,60.8,0.95714283,100,1747082700,0.44285715
2025-05-12T20:46:17Z,20,29.899,73.2,60,65.9,9,7,243,82,0.0,255,32767,0.0,2127-15-31,0.0,0.16,26.24,0.0,0.0,0.0,0,4.828125,6,45,05:48,20:11,2025-05-12 20:46:17.780595,Città della Scienza,73.3,1.5627443,10.603639,0.7798516,0.71075106,EU EEA Common AQI,70.4,0.8884389,9.533527,7200,0.34285715,100,100,63.4,0.35428572,Very Low,69.8,0.87499005,100,1747082700,Very Low,0.6238813,1.6312984,Very Low,1.6161761,60.8,0.95714283,100,1747082700,0.44285715
2025-05-12T20:46:29Z,20,29.899,73.2,60,65.9,11,7,244,82,0.0,255,32767,0.0,2127-15-31,0.0,0.16,26.24,0.0,0.0,0.0,0,4.828125,6,45,05:48,20:11,2025-05-12 20:46:28.850591,Città della Scienza,73.3,1.5627443,10.603639,0.7798516,0.71075106,EU EEA Common AQI,70.4,0.8884389,9.533527,7200,0.34285715,100,100,63.4,0.35428572,Very Low,69.8,0.87499005,100,1747082700,Very Low,0.6238813,1.6312984,Very Low,1.6161761,60.8,0.95714283,100,1747082700,0.44285715
2025-05-12T20:46:40Z,20,29.897,73.2,60,65.9,7,7,261,82,0.0,255,32767,0.0,2127-15-31,0.0,0.16,26.24,0.0,0.0,0.0,0,4.828125,6,45,05:48,20:11,2025-05-12 20:46:39.915598,Città della Scienza,73.3,1.5627443,10.603639,0.7798516,0.71075106,EU EEA Common AQI,70.4,0.8884389,9.533527,7200,0.34285715,100,100,63.4,0.35428572,Very Low,69.8,0.87499005,100,1747082700,Very Low,0.6238813,1.6312984,Very Low,1.6161761,60.8,0.95714283,100,1747082700,0.44285715
2025-05-12T20:46:51Z,20,29.897,73.2,60,65.9,8,7,264,81,0.0,255,32767,0.0,2127-15-31,0.0,0.16,26.24,0.0,0.0,0.0,0,4.828125,6,45,05:48,20:11,2025-05-12 20:46:50.975553,Città della Scienza,73.3,1.5627443,10.603639,0.7798516,0.71075106,EU EEA Common AQI,70.4,0.8884389,9.533527,7200,0.34285715,100,100,63.4,0.35428572,Very Low,69.8,0.87499005,100,1747082700,Very Low,0.6238813,1.6312984,Very Low,1.6161761,60.8,0.95714283,100,1747082700,0.44285715
2025-05-12T20:47:02Z,20,29.897,73.2,60,65.8,10,7,245,81,0.0,255,32767,0.0,2127-15-31,0.0,0.16,26.24,0.0,0.0,0.0,0,4.828125,6,45,05:48,20:11,2025-05-12 20:47:02.077589,Città della Scienza,73.3,1.5627443,10.603639,0.7798516,0.71075106,EU EEA Common AQI,70.4,0.8884389,9.533527,7200,0.34285715,100,100,63.4,0.35428572,Very Low,69.8,0.87499005,100,1747082700,Very Low,0.6238813,1.6312984,Very Low,1.6161761,60.8,0.95714283,100,1747082700,0.44285715
2025-05-12T20:47:13Z,20,29.897,73.2,60,65.8,6,7,227,81,0.0,255,32767,0.0,2127-15-31,0.0,0.16,26.24,0.0,0.0,0.0,0,4.828125,6,45,05:48,20:11,2025-05-12 20:47:13.157588,Città della Scienza,73.3,1.5627443,10.603639,0.7798516,0.71075106,EU EEA Common AQI,70.4,0.8884389,9.533527,7200,0.34285715,100,100,63.4,0.35428572,Very Low,69.8,0.87499005,100,1747082700,Very Low,0.6238813,1.6312984,Very Low,1.6161761,60.8,0.95714283,100,1747082700,0.44285715
2025-05-12T20:47:24Z,20,29.897,73.2,60,65.8,3,7,259,81,0.0,255,32767,0.0,2127-15-31,0.0,0.16,26.24,0.0,0.0,0.0,0,4.828125,6,45,05:48,20:11,2025-05-12 20:47:24.260589,Città della Scienza,73.3,1.5627443,10.603639,0.7798516,0.71075106,EU EEA Common AQI,70.4,0.8884389,9.533527,7200,0.34285715,100,100,63.4,0.35428572,Very Low,69.8,0.87499005,100,1747082700,Very Low,0.6238813,1.6312984,Very Low,1.6161761,60.8,0.95714283,100,1747082700,0.44285715
2025-05-12T20:47:35Z,20,29.899,73.2,60,65.8,7,7,223,82,0.0,255,32767,0.0,2127-15-31,0.0,0.16,26.24,0.0,0.0,0.0,0,4.828125,6,45,05:48,20:11,2025-05-12 20:47:35.367599,Città della Scienza,73.3,1.5627443,10.603639,0.7798516,0.71075106,EU EEA Common AQI,70.4,0.8884389,9.533527,7200,0.34285715,100,100,63.4,0.35428572,Very Low,69.8,0.87499005,100,1747082700,Very Low,0.6238813,1.6312984,Very Low,1.6161761,60.8,0.95714283,100,1747082700,0.44285715
2025-05-12T20:47:46Z,20,29.899,73.2,60,65.8,8,7,245,82,0.0,255,32767,0.0,2127-15-31,0.0,0.16,26.24,0.0,0.0,0.0,0,4.828125,6,45,05:48,20:11,2025-05-12 20:47:46.438606,Città della Scienza,73.3,1.5627443,10.603639,0.7798516,0.71075106,EU EEA Common AQI,70.4,0.8884389,9.533527,7200,0.34285715,100,100,63.4,0.35428572,Very Low,69.8,0.87499005,100,1747082700,Very Low,0.6238813,1.6312984,Very Low,1.6161761,60.8,0.95714283,100,1747082700,0.44285715
2025-05-12T20:47:57Z,20,29.899,73.2,60,65.8,7,7,276,82,0.0,255,32767,0.0,2127-15-31,0.0,0.16,26.24,0.0,0.0,0.0,0,4.828125,6,45,05:48,20:11,2025-05-12 20:47:57.526586,Città della Scienza,73.3,1.5627443,10.603639,0.7798516,0.71075106,EU EEA Common AQI,70.4,0.8884389,9.533527,7200,0.34285715,100,100,63.4,0.35428572,Very Low,69.8,0.87499005,100,1747082700,Very Low,0.6238813,1.6312984,Very Low,1.6161761,60.8,0.95714283,100,1747082700,0.44285715
2025-05-12T20:48:08Z,20,29.899,73.2,60,65.8,4,7,252,82,0.0,255,32767,0.0,2127-15-31,0.0,0.16,26.24,0.0,0.0,0.0,0,4.828125,6,45,05:48,20:11,2025-05-12 20:48:08.619612,Città della Scienza,73.3,1.5627443,10.603639,0.7798516,0.71075106,EU EEA Common AQI,70.4,0.8884389,9.533527,7200,0.34285715,100,100,63.4,0.35428572,Very Low,69.8,0.87499005,100,1747082700,Very Low,0.6238813,1.6312984,Very Low,1.6161761,60.8,0.95714283,100,1747082700,0.44285715
2025-05-12T20:48:19Z,20,29.899,73.2,60,65.8,6,7,229,82,0.0,255,32767,0.0,2127-15-31,0.0,0.16,26.24,0.0,0.0,0.0,0,4.828125,6,45,05:48,20:11,2025-05-12 20:48:19.694592,Città della Scienza,73.3,1.5627443,10.603639,0.7798516,0.71075106,EU EEA Common AQI,70.4,0.8884389,9.533527,7200,0.34285715,100,100,63.4,0.35428572,Very Low,69.8,0.87499005,100,1747082700,Very Low,0.6238813,1.6312984,Very Low,1.6161761,60.8,0.95714283,100,1747082700,0.44285715
2025-05-12T20:48:30Z,20,29.899,73.2,60,65.8,4,7,244,82,0.0,255,32767,0.0,2127-15-31,0.0,0.16,26.24,0.0,0.0,0.0,0,4.828125,6,45,05:48,20:11,2025-05-12 20:48:30.791592,Città della Scienza,73.3,1.5627443,10.603639,0.7798516,0.71075106,EU EEA Common AQI,70.4,0.8884389,9.533527,7200,0.34285715,100,100,63.4,0.35428572,Very Low,69.8,0.87499005,100,1747082700,Very Low,0.6238813,1.6312984,Very Low,1.6161761,60.8,0.95714283,100,1747082700,0.44285715
2025-05-12T20:48:42Z,20,29.899,73.2,60,65.8,5,7,253,82,0.0,255,32767,0.0,2127-15-31,0.0,0.16,26.24,0.0,0.0,0.0,0,4.828125,6,45,05:48,20:11,2025-05-12 20:48:41.896600,Città della Scienza,73.3,1.5627443,10.603639,0.7798516,0.71075106,EU EEA Common AQI,70.4,0.8884389,9.533527,7200,0.34285715,100,100,63.4,0.35428572,Very Low,69.8,0.87499005,100,1747082700,Very Low,0.6238813,1.6312984,Very Low,1.6161761,60.8,0.95714283,100,1747082700,0.44285715
2025-05-12T20:48:53Z,20,29.899,73.2,60,65.8,6,7,240,82,0.0,255,32767,0.0,2127-15-31,0.0,0.16,26.24,0.0,0.0,0.0,0,4.828125,6,45,05:48,20:11,2025-05-12 20:48:52.989583,Città della Scienza,73.3,1.5627443,10.603639,0.7798516,0.71075106,EU EEA Common AQI,70.4,0.8884389,9.533527,7200,0.34285715,100,100,63.4,0.35428572,Very Low,69.8,0.87499005,100,1747082700,Very Low,0.6238813,1.6312984,Very Low,1.6161761,60.8,0.95714283,100,1747082700,0.44285715
2025-05-12T20:49:04Z,20,29.899,73.2,60,65.8,7,7,261,82,0.0,255,32767,0.0,2127-15-31,0.0,0.16,26.24,0.0,0.0,0.0,0,4.828125,6,45,05:48,20:11,2025-05-12 20:49:04.044584,Città della Scienza,73.3,1.5627443,10.603639,0.7798516,0.71075106,EU EEA Common AQI,70.4,0.8884389,9.533527,7200,0.34285715,100,100,63.4,0.35428572,Very Low,69.8,0.87499005,100,1747082700,Very Low,0.6238813,1.6312984,Very Low,1.6161761,60.8,0.95714283,100,1747082700,0.44285715
2025-05-12T20:49:15Z,20,29.899,73.2,60,65.8,7,7,251,82,0.0,255,32767,0.0,2127-15-31,0.0,0.16,26.24,0.0,0.0,0.0,0,4.828125,6,45,05:48,20:11,2025-05-12 20:49:15.118601,Città della Scienza,73.3,1.5627443,10.603639,0.7798516,0.71075106,EU EEA Common AQI,70.4,0.8884389,9.533527,7200,0.34285715,100,100,63.4,0.35428572,Very Low,69.8,0.87499005,100,1747082700,Very Low,0.6238813,1.6312984,Very Low,1.6161761,60.8,0.95714283,100,1747082700,0.44285715
2025-05-12T20:49:26Z,20,29.899,73.2,60,65.8,3,7,269,82,0.0,255,32767,0.0,2127-15-31,0.0,0.16,26.24,0.0,0.0,0.0,0,4.828125,6,45,05:48,20:11,2025-05-12 20:49:26.187555,Città della Scienza,73.3,1.5627443,10.603639,0.7798516,0.71075106,EU EEA Common AQI,70.4,0.8884389,9.533527,7200,0.34285715,100,100,63.4,0.35428572,Very Low,69.8,0.87499005,100,1747082700,Very Low,0.6238813,1.6312984,Very Low,1.6161761,60.8,0.95714283,100,1747082700,0.44285715
2025-05-12T20:49:37Z,20,29.897,73.2,60,65.7,6,6,264,82,0.0,255,32767,0.0,2127-15-31,0.0,0.16,26.24,0.0,0.0,0.0,0,4.828125,6,45,05:48,20:11,2025-05-12 20:49:37.287588,Città della Scienza,73.3,1.5627443,10.603639,0.7798516,0.71075106,EU EEA Common AQI,70.4,0.8884389,9.533527,7200,0.34285715,100,100,63.4,0.35428572,Very Low,69.8,0.87499005,100,1747082700,Very Low,0.6238813,1.6312984,Very Low,1.6161761,60.8,0.95714283,100,1747082700,0.44285715
2025-05-12T20:49:48Z,20,29.897,73.2,60,65.7,6,6,278,82,0.0,255,32767,0.0,2127-15-31,0.0,0.16,26.24,0.0,0.0,0.0,0,4.828125,6,45,05:48,20:11,2025-05-12 20:49:48.349592,Città della Scienza,73.3,1.5627443,10.603639,0.7798516,0.71075106,EU EEA Common AQI,70.4,0.8884389,9.533527,7200,0.34285715,100,100,63.4,0.35428572,Very Low,69.8,0.87499005,100,1747082700,Very Low,0.6238813,1.6312984,Very Low,1.6161761,60.8,0.95714283,100,1747082700,0.44285715
2025-05-12T20:49:59Z,20,29.897,73.2,60,65.7,6,6,265,82,0.0,255,32767,0.0,2127-15-31,0.0,0.16,26.24,0.0,0.0,0.0,0,4.828125,6,45,05:48,20:11,2025-05-12 20:49:59.441585,Città della Scienza,73.3,1.5627443,10.603639,0.7798516,0.71075106,EU EEA Common AQI,70.4,0.8884389,9.533527,7200,0.34285715,100,100,63.4,0.35428572,Very Low,69.8,0.87499005,100,1747082700,Very Low,0.6238813,1.6312984,Very Low,1.6161761,60.8,0.95714283,100,1747082700,0.44285715
2025-05-12T20:50:10Z,20,29.897,73.2,60,65.8,9,6,252,82,0.0,255,32767,0.0,2127-15-31,0.0,0.16,26.24,0.0,0.0,0.0,0,4.828125,6,45,05:48,20:11,2025-05-12 20:50:10.547596,Città della Scienza,73.3,1.5627443,10.603639,0.7798516,0.71075106,EU EEA Common AQI,70.4,0.8884389,9.533527,7200,0.34285715,100,100,63.4,0.35428572,Very Low,69.8,0.87499005,100,1747082700,Very Low,0.6238813,1.6312984,Very Low,1.6161761,60.8,0.95714283,100,1747082700,0.44285715
2025-05-12T20:50:21Z,20,29.897,73.2,60,65.8,4,6,255,82,0.0,255,32767,0.0,2127-15-31,0.0,0.16,26.24,0.0,0.0,0.0,0,4.828125,6,45,05:48,20:11,2025-05-12 20:50:21.654590,Città della Scienza,73.3,1.5627443,10.603639,0.7798516,0.71075106,EU EEA Common AQI,70.4,0.8884389,9.533527,7200,0.34285715,100,100,63.4,0.35428572,Very Low,69.8,0.87499005,100,1747082700,Very Low,0.6238813,1.6312984,Very Low,1.6161761,60.8,0.95714283,100,1747082700,0.44285715
2025-05-12T20:50:32Z,20,29.897,73.2,60,65.8,2,6,277,82,0.0,255,32767,0.0,2127-15-31,0.0,0.16,26.24,0.0,0.0,0.0,0,4.828125,6,45,05:48,20:11,2025-05-12 20:50:32.745607,Città della Scienza,73.3,1.5627443,10.603639,0.7798516,0.71075106,EU EEA Common AQI,70.4,0.8884389,9.533527,7200,0.34285715,100,100,63.4,0.35428572,Very Low,69.8,0.87499005,100,1747082700,Very Low,0.6238813,1.6312984,Very Low,1.6161761,60.8,0.95714283,100,1747082700,0.44285715
2025-05-12T20:50:44Z,20,29.897,73.1,60,65.8,4,6,236,82,0.0,255,32767,0.0,2127-15-31,0.0,0.16,26.24,0.0,0.0,0.0,0,4.828125,6,45,05:48,20:11,2025-05-12 20:50:43.826607,Città della Scienza,73.3,1.5627443,10.603639,0.7798516,0.71075106,EU EEA Common AQI,70.4,0.8884389,9.533527,7200,0.34285715,100,100,63.4,0.35428572,Very Low,69.8,0.87499005,100,1747082700,Very Low,0.6238813,1.6312984,Very Low,1.6161761,60.8,0.95714283,100,1747082700,0.44285715
2025-05-12T20:50:55Z,20,29.897,73.1,60,65.7,2,6,270,82,0.0,255,32767,0.0,2127-15-31,0.0,0.16,26.24,0.0,0.0,0.0,0,4.828125,6,45,05:48,20:11,2025-05-12 20:50:54.925559,Città della Scienza,73.3,1.5627443,10.603639,0.7798516,0.71075106,EU EEA Common AQI,70.4,0.8884389,9.533527,7200,0.34285715,100,100,63.4,0.35428572,Very Low,69.8,0.87499005,100,1747082700,Very Low,0.6238813,1.6312984,Very Low,1.6161761,60.8,0.95714283,100,1747082700,0.44285715
2025-05-12T20:51:06Z,20,29.897,73.1,60,65.8,4,6,250,82,0.0,255,32767,0.0,2127-15-31,0.0,0.16,26.24,0.0,0.0,0.0,0,4.828125,6,45,05:48,20:11,2025-05-12 20:51:06.045596,Città della Scienza,73.3,1.5627443,10.603639,0.7798516,0.71075106,EU EEA Common AQI,70.4,0.8884389,9.533527,7200,0.34285715,100,100,63.4,0.35428572,Very Low,69.8,0.87499005,100,1747082700,Very Low,0.6238813,1.6312984,Very Low,1.6161761,60.8,0.95714283,100,1747082700,0.44285715
2025-05-12T20:51:17Z,20,29.897,73.1,60,65.7,5,6,288,82,0.0,255,32767,0.0,2127-15-31,0.0,0.16,26.24,0.0,0.0,0.0,0,4.828125,6,45,05:48,20:11,2025-05-12 20:51:17.127597,Città della Scienza,73.3,1.5627443,10.603639,0.7798516,0.71075106,EU EEA Common AQI,70.4,0.8884389,9.533527,7200,0.34285715,100,100,63.4,0.35428572,Very Low,69.8,0.87499005,100,1747082700,Very Low,0.6238813,1.6312984,Very Low,1.6161761,60.8,0.95714283,100,1747082700,0.44285715
2025-05-12T20:51:28Z,20,29.897,73.1,60,65.7,7,6,267,82,0.0,255,32767,0.0,2127-15-31,0.0,0.16,26.24,0.0,0.0,0.0,0,4.828125,6,45,05:48,20:11,2025-05-12 20:51:28.204607,Città della Scienza,73.3,1.5627443,10.603639,0.7798516,0.71075106,EU EEA Common AQI,70.4,0.8884389,9.533527,7200,0.34285715,100,100,63.4,0.35428572,Very Low,69.8,0.87499005,100,1747082700,Very Low,0.6238813,1.6312984,Very Low,1.6161761,60.8,0.95714283,100,1747082700,0.44285715
2025-05-12T20:51:39Z,20,29.899,73.1,60,65.7,4,6,268,82,0.0,255,32767,0.0,2127-15-31,0.0,0.16,26.24,0.0,0.0,0.0,0,4.828125,6,45,05:48,20:11,2025-05-12 20:51:39.285587,Città della Scienza,73.3,1.5627443,10.603639,0.7798516,0.71075106,EU EEA Common AQI,70.4,0.8884389,9.533527,7200,0.34285715,100,100,63.4,0.35428572,Very Low,69.8,0.87499005,100,1747082700,Very Low,0.6238813,1.6312984,Very Low,1.6161761,60.8,0.95714283,100,1747082700,0.44285715
2025-05-12T20:51:50Z,20,29.899,73.1,60,65.7,3,6,223,82,0.0,255,32767,0.0,2127-15-31,0.0,0.16,26.24,0.0,0.0,0.0,0,4.828125,6,45,05:48,20:11,2025-05-12 20:51:50.385594,Città della Scienza,73.3,1.5627443,10.603639,0.7798516,0.71075106,EU EEA Common AQI,70.4,0.8884389,9.533527,7200,0.34285715,100,100,63.4,0.35428572,Very Low,69.8,0.87499005,100,1747082700,Very Low,0.6238813,1.6312984,Very Low,1.6161761,60.8,0.95714283,100,1747082700,0.44285715
2025-05-12T20:52:01Z,20,29.899,73.1,60,65.7,3,6,238,81,0.0,255,32767,0.0,2127-15-31,0.0,0.16,26.24,0.0,0.0,0.0,0,4.828125,6,45,05:48,20:11,2025-05-12 20:52:01.481598,Città della Scienza,73.3,1.5627443,10.603639,0.7798516,0.71075106,EU EEA Common AQI,70.4,0.8884389,9.533527,7200,0.34285715,100,100,63.4,0.35428572,Very Low,69.8,0.87499005,100,1747082700,Very Low,0.6238813,1.6312984,Very Low,1.6161761,60.8,0.95714283,100,1747082700,0.44285715
2025-05-12T20:52:12Z,20,29.899,73.1,60,65.7,9,6,250,81,0.0,255,32767,0.0,2127-15-31,0.0,0.16,26.24,0.0,0.0,0.0,0,4.828125,6,45,05:48,20:11,2025-05-12 20:52:12.571612,Città della Scienza,73.3,1.5627443,10.603639,0.7798516,0.71075106,EU EEA Common AQI,70.4,0.8884389,9.533527,7200,0.34285715,100,100,63.4,0.35428572,Very Low,69.8,0.87499005,100,1747082700,Very Low,0.6238813,1.6312984,Very Low,1.6161761,60.8,0.95714283,100,1747082700,0.44285715
2025-05-12T20:52:23Z,20,29.899,73.1,60,65.7,10,6,243,81,0.0,255,32767,0.0,2127-15-31,0.0,0.16,26.24,0.0,0.0,0.0,0,4.828125,6,45,05:48,20:11,2025-05-12 20:52:23.657594,Città della Scienza,73.3,1.5627443,10.603639,0.7798516,0.71075106,EU EEA Common AQI,70.4,0.8884389,9.533527,7200,0.34285715,100,100,63.4,0.35428572,Very Low,69.8,0.87499005,100,1747082700,Very Low,0.6238813,1.6312984,Very Low,1.6161761,60.8,0.95714283,100,1747082700,0.44285715
2025-05-12T20:52:34Z,20,29.899,73.2,60,65.7,7,6,252,81,0.0,255,32767,0.0,2127-15-31,0.0,0.16,26.24,0.0,0.0,0.0,0,4.828125,6,45,05:48,20:11,2025-05-12 20:52:34.745592,Città della Scienza,73.3,1.5627443,10.603639,0.7798516,0.71075106,EU EEA Common AQI,70.4,0.8884389,9.533527,7200,0.34285715,100,100,63.4,0.35428572,Very Low,69.8,0.87499005,100,1747082700,Very Low,0.6238813,1.6312984,Very Low,1.6161761,60.8,0.95714283,100,1747082700,0.44285715
2025-05-12T20:52:45Z,20,29.899,73.2,60,65.7,5,6,238,81,0.0,255,32767,0.0,2127-15-31,0.0,0.16,26.24,0.0,0.0,0.0,0,4.828125,6,45,05:48,20:11,2025-05-12 20:52:45.793682,Città della Scienza,73.3,1.5627443,10.603639,0.7798516,0.71075106,EU EEA Common AQI,70.4,0.8884389,9.533527,7200,0.34285715,100,100,63.4,0.35428572,Very Low,69.8,0.87499005,100,1747082700,Very Low,0.6238813,1.6312984,Very Low,1.6161761,60.8,0.95714283,100,1747082700,0.44285715
2025-05-12T20:52:57Z,20,29.899,73.2,60,65.8,2,6,250,81,0.0,255,32767,0.0,2127-15-31,0.0,0.16,26.24,0.0,0.0,0.0,0,4.828125,6,45,05:48,20:11,2025-05-12 20:52:56.887620,Città della Scienza,73.3,1.5627443,10.603639,0.7798516,0.71075106,EU EEA Common AQI,70.4,0.8884389,9.533527,7200,0.34285715,100,100,63.4,0.35428572,Very Low,69.8,0.87499005,100,1747082700,Very Low,0.6238813,1.6312984,Very Low,1.6161761,60.8,0.95714283,100,1747082700,0.44285715
2025-05-12T20:53:08Z,20,29.899,73.2,60,65.7,3,6,279,81,0.0,255,32767,0.0,2127-15-31,0.0,0.16,26.24,0.0,0.0,0.0,0,4.828125,6,45,05:48,20:11,2025-05-12 20:53:07.979589,Città della Scienza,73.3,1.5627443,10.603639,0.7798516,0.71075106,EU EEA Common AQI,70.4,0.8884389,9.533527,7200,0.34285715,100,100,63.4,0.35428572,Very Low,69.8,0.87499005,100,1747082700,Very Low,0.6238813,1.6312984,Very Low,1.6161761,60.8,0.95714283,100,1747082700,0.44285715
2025-05-12T20:53:19Z,20,29.899,73.2,60,65.7,4,6,280,81,0.0,255,32767,0.0,2127-15-31,0.0,0.16,26.24,0.0,0.0,0.0,0,4.828125,6,45,05:48,20:11,2025-05-12 20:53:19.089590,Città della Scienza,73.3,1.5627443,10.603639,0.7798516,0.71075106,EU EEA Common AQI,70.4,0.8884389,9.533527,7200,0.34285715,100,100,63.4,0.35428572,Very Low,69.8,0.87499005,100,1747082700,Very Low,0.6238813,1.6312984,Very Low,1.6161761,60.8,0.95714283,100,1747082700,0.44285715
2025-05-12T20:53:30Z,20,29.899,73.2,60,65.7,4,6,248,81,0.0,255,32767,0.0,2127-15-31,0.0,0.16,26.24,0.0,0.0,0.0,0,4.828125,6,45,05:48,20:11,2025-05-12 20:53:30.151558,Città della Scienza,73.3,1.5627443,10.603639,0.7798516,0.71075106,EU EEA Common AQI,70.4,0.8884389,9.533527,7200,0.34285715,100,100,63.4,0.35428572,Very Low,69.8,0.87499005,100,1747082700,Very Low,0.6238813,1.6312984,Very Low,1.6161761,60.8,0.95714283,100,1747082700,0.44285715
2025-05-12T20:53:41Z,20,29.9,73.1,60,65.7,5,6,257,81,0.0,255,32767,0.0,2127-15-31,0.0,0.16,26.24,0.0,0.0,0.0,0,4.828125,6,45,05:48,20:11,2025-05-12 20:53:41.220591,Città della Scienza,73.3,1.5627443,10.603639,0.7798516,0.71075106,EU EEA Common AQI,70.4,0.8884389,9.533527,7200,0.34285715,100,100,63.4,0.35428572,Very Low,69.8,0.87499005,100,1747082700,Very Low,0.6238813,1.6312984,Very Low,1.6161761,60.8,0.95714283,100,1747082700,0.44285715
2025-05-12T20:53:52Z,20,29.9,73.1,60,65.7,7,6,271,81,0.0,255,32767,0.0,2127-15-31,0.0,0.16,26.24,0.0,0.0,0.0,0,4.828125,6,45,05:48,20:11,2025-05-12 20:53:52.287590,Città della Scienza,73.3,1.5627443,10.603639,0.7798516,0.71075106,EU EEA Common AQI,70.4,0.8884389,9.533527,7200,0.34285715,100,100,63.4,0.35428572,Very Low,69.8,0.87499005,100,1747082700,Very Low,0.6238813,1.6312984,Very Low,1.6161761,60.8,0.95714283,100,1747082700,0.44285715
2025-05-12T20:54:03Z,20,29.9,73.1,60,65.8,5,6,245,81,0.0,255,32767,0.0,2127-15-31,0.0,0.16,26.24,0.0,0.0,0.0,0,4.828125,6,45,05:48,20:11,2025-05-12 20:54:03.398594,Città della Scienza,73.3,1.5627443,10.603639,0.7798516,0.71075106,EU EEA Common AQI,70.4,0.8884389,9.533527,7200,0.34285715,100,100,63.4,0.35428572,Very Low,69.8,0.87499005,100,1747082700,Very Low,0.6238813,1.6312984,Very Low,1.6161761,60.8,0.95714283,100,1747082700,0.44285715
2025-05-12T20:54:14Z,20,29.9,73.1,60,65.7,4,6,274,81,0.0,255,32767,0.0,2127-15-31,0.0,0.16,26.24,0.0,0.0,0.0,0,4.828125,6,45,05:48,20:11,2025-05-12 20:54:14.489587,Città della Scienza,73.3,1.5627443,10.603639,0.7798516,0.71075106,EU EEA Common AQI,70.4,0.8884389,9.533527,7200,0.34285715,100,100,63.4,0.35428572,Very Low,69.8,0.87499005,100,1747082700,Very Low,0.6238813,1.6312984,Very Low,1.6161761,60.8,0.95714283,100,1747082700,0.44285715
2025-05-12T20:54:25Z,20,29.9,73.1,60,65.7,4,6,267,81,0.0,255,32767,0.0,2127-15-31,0.0,0.16,26.24,0.0,0.0,0.0,0,4.828125,6,45,05:48,20:11,2025-05-12 20:54:25.583599,Città della Scienza,73.3,1.5627443,10.603639,0.7798516,0.71075106,EU EEA Common AQI,70.4,0.8884389,9.533527,7200,0.34285715,100,100,63.4,0.35428572,Very Low,69.8,0.87499005,100,1747082700,Very Low,0.6238813,1.6312984,Very Low,1.6161761,60.8,0.95714283,100,1747082700,0.44285715
2025-05-12T20:54:36Z,20,29.899,73.1,60,65.7,2,6,255,81,0.0,255,32767,0.0,2127-15-31,0.0,0.16,26.24,0.0,0.0,0.0,0,4.828125,6,45,05:48,20:11,2025-05-12 20:54:36.648599,Città della Scienza
2025-05-12T20:54:47Z,20,29.899,73.1,60,65.7,3,6,247,81,0.0,255,32767,0.0,2127-15-31,0.0,0.16,26.24,0.0,0.0,0.0,0,4.828125,6,45,05:48,20:11,2025-05-12 20:54:47.769599,Città della Scienza
2025-05-12T20:54:59Z,20,29.899,73.1,60,65.7,7,6,249,81,0.0,255,32767,0.0,2127-15-31,0.0,0.16,26.24,0.0,0.0,0.0,0,4.828125,6,45,05:48,20:11,2025-05-12 20:54:58.835603,Città della Scienza
2025-05-12T20:55:10Z,20,29.899,73.1,60,65.7,8,6,245,81,0.0,255,32767,0.0,2127-15-31,0.0,0.16,26.24,0.0,0.0,0.0,0,4.828125,6,45,05:48,20:11,2025-05-12 20:55:09.925591,Città della Scienza
2025-05-12T20:55:21Z,20,29.899,73.1,60,65.7,6,6,236,81,0.0,255,32767,0.0,2127-15-31,0.0,0.16,26.24,0.0,0.0,0.0,0,4.828125,6,45,05:48,20:11,2025-05-12 20:55:21.019553,Città della Scienza
2025-05-12T20:55:32Z,20,29.899,73.1,60,65.7,4,6,263,81,0.0,255,32767,0.0,2127-15-31,0.0,0.16,26.24,0.0,0.0,0.0,0,4.828125,6,45,05:48,20:11,2025-05-12 20:55:32.085594,Città della Scienza
2025-05-12T20:55:43Z,20,29.896,73.1,60,65.7,3,6,262,81,0.0,255,32767,0.0,2127-15-31,0.0,0.16,26.24,0.0,0.0,0.0,0,4.828125,6,45,05:48,20:11,2025-05-12 20:55:43.145590,Città della Scienza
2025-05-12T20:55:54Z,20,29.896,73.1,60,65.7,7,6,255,81,0.0,255,32767,0.0,2127-15-31,0.0,0.16,26.24,0.0,0.0,0.0,0,4.828125,6,45,05:48,20:11,2025-05-12 20:55:54.185595,Città della Scienza
2025-05-12T20:56:05Z,20,29.896,73.1,60,65.8,5,6,234,81,0.0,255,32767,0.0,2127-15-31,0.0,0.16,26.24,0.0,0.0,0.0,0,4.828125,6,45,05:48,20:11,2025-05-12 20:56:05.260583,Città della Scienza
2025-05-12T20:56:16Z,20,29.896,73.1,60,65.8,8,6,243,81,0.0,255,32767,0.0,2127-15-31,0.0,0.16,26.24,0.0,0.0,0.0,0,4.828125,6,45,05:48,20:11,2025-05-12 20:56:16.339599,Città della Scienza
2025-05-12T20:56:27Z,20,29.896,73.1,60,65.7,8,6,244,81,0.0,255,32767,0.0,2127-15-31,0.0,0.16,26.24,0.0,0.0,0.0,0,4.828125,6,45,05:48,20:11,2025-05-12 20:56:27.440595,Città della Scienza
2025-05-12T20:56:38Z,20,29.9,73.1,60,65.7,5,6,242,81,0.0,255,32767,0.0,2127-15-31,0.0,0.16,26.24,0.0,0.0,0.0,0,4.828125,6,45,05:48,20:11,2025-05-12 20:56:38.496587,Città della Scienza
2025-05-12T20:56:49Z,20,29.9,73.1,60,65.7,5,6,257,81,0.0,255,32767,0.0,2127-15-31,0.0,0.16,26.24,0.0,0.0,0.0,0,4.828125,6,45,05:48,20:11,2025-05-12 20:56:49.562598,Città della Scienza
2025-05-12T20:57:00Z,20,29.9,73.1,60,65.7,4,6,267,81,0.0,255,32767,0.0,2127-15-31,0.0,0.16,26.24,0.0,0.0,0.0,0,4.828125,6,45,05:48,20:11,2025-05-12 20:57:00.667595,Città della Scienza
2025-05-12T20:57:11Z,20,29.9,73.1,60,65.7,7,6,269,81,0.0,255,32767,0.0,2127-15-31,0.0,0.16,26.24,0.0,0.0,0.0,0,4.828125,6,45,05:48,20:11,2025-05-12 20:57:11.747605,Città della Scienza
2025-05-12T20:57:23Z,20,29.9,73.1,60,65.7,2,6,289,81,0.0,255,32767,0.0,2127-15-31,0.0,0.16,26.24,0.0,0.0,0.0,0,4.828125,6,45,05:48,20:11,2025-05-12 20:57:22.808597,Città della Scienza
2025-05-12T20:57:34Z,20,29.9,73.1,60,65.7,3,5,248,81,0.0,255,32767,0.0,2127-15-31,0.0,0.16,26.24,0.0,0.0,0.0,0,4.828125,6,45,05:48,20:11,2025-05-12 20:57:33.890606,Città della Scienza
2025-05-12T20:57:45Z,20,29.899,73.0,60,65.7,4,5,275,81,0.0,255,32767,0.0,2127-15-31,0.0,0.16,26.24,0.0,0.0,0.0,0,4.828125,6,45,05:48,20:11,2025-05-12 20:57:44.959589,Città della Scienza
2025-05-12T20:57:56Z,20,29.899,73.0,60,65.7,4,5,257,81,0.0,255,32767,0.0,2127-15-31,0.0,0.16,26.24,0.0,0.0,0.0,0,4.828125,6,45,05:48,20:11,2025-05-12 20:57:56.048595,Città della Scienza
2025-05-12T20:58:07Z,20,29.899,73.0,60,65.7,5,5,250,81,0.0,255,32767,0.0,2127-15-31,0.0,0.16,26.24,0.0,0.0,0.0,0,4.828125,6,45,05:48,20:11,2025-05-12 20:58:07.112608,Città della Scienza
2025-05-12T20:58:18Z,20,29.899,73.0,60,65.7,4,5,269,81,0.0,255,32767,0.0,2127-15-31,0.0,0.16,26.24,0.0,0.0,0.0,0,4.828125,6,45,05:48,20:11,2025-05-12 20:58:18.182606,Città della Scienza
2025-05-12T20:58:29Z,20,29.899,73.0,60,65.7,8,5,250,81,0.0,255,32767,0.0,2127-15-31,0.0,0.16,26.24,0.0,0.0,0.0,0,4.828125,6,45,05:48,20:11,2025-05-12 20:58:29.193611,Città della Scienza
2025-05-12T20:58:40Z,20,29.899,73.0,61,65.7,6,5,276,81,0.0,255,32767,0.0,2127-15-31,0.0,0.16,26.24,0.0,0.0,0.0,0,4.828125,6,45,05:48,20:11,2025-05-12 20:58:40.289589,Città della Scienza
2025-05-12T20:58:51Z,20,29.899,73.0,61,65.7,2,5,286,81,0.0,255,32767,0.0,2127-15-31,0.0,0.16,26.24,0.0,0.0,0.0,0,4.828125,6,45,05:48,20:11,2025-05-12 20:58:51.383595,Città della Scienza
2025-05-12T20:59:02Z,20,29.899,73.0,61,65.7,7,5,244,81,0.0,255,32767,0.0,2127-15-31,0.0,0.16,26.24,0.0,0.0,0.0,0,4.828125,6,45,05:48,20:11,2025-05-12 20:59:02.421600,Città della Scienza
2025-05-12T20:59:13Z,20,29.899,73.0,61,65.7,8,5,296,81,0.0,255,32767,0.0,2127-15-31,0.0,0.16,26.24,0.0,0.0,0.0,0,4.828125,6,45,05:48,20:11,2025-05-12 20:59:13.505590,Città della Scienza
2025-05-12T20:59:24Z,20,29.899,73.0,61,65.7,5,5,257,81,0.0,255,32767,0.0,2127-15-31,0.0,0.16,26.24,0.0,0.0,0.0,0,4.828125,6,45,05:48,20:11,2025-05-12 20:59:24.575592,Città della Scienza
2025-05-12T20:59:35Z,20,29.9,73.0,61,65.7,4,5,238,81,0.0,255,32767,0.0,2127-15-31,0.0,0.16,26.24,0.0,0.0,0.0,0,4.828125,6,45,05:48,20:11,2025-05-12 20:59:35.637598,Città della Scienza
2025-05-12T20:59:46Z,20,29.9,73.0,61,65.7,7,5,250,81,0.0,255,32767,0.0,2127-15-31,0.0,0.16,26.24,0.0,0.0,0.0,0,4.828125,6,45,05:48,20:11,2025-05-12 20:59:46.710593,Città della Scienza
2025-05-12T20:59:57Z,20,29.9,73.0,61,65.7,4,5,254,81,0.0,255,32767,0.0,2127-15-31,0.0,0.16,26.24,0.0,0.0,0.0,0,4.828125,6,45,05:48,20:11,2025-05-12 20:59:57.758597,Città della Scienza
2025-05-12T21:00:09Z,20,29.9,73.0,61,65.6,9,5,267,81,0.0,255,32767,0.0,2127-15-31,0.0,0.16,26.24,0.0,0.0,0.0,0,4.828125,6,45,05:48,20:11,2025-05-12 21:00:08.836592,Città della Scienza,73.3,1.5627443,10.603639,0.7798516,0.71075106,EU EEA Common AQI,70.4,0.8884389,9.533527,7200,0.34285715,100,100,63.4,0.35428572,Very Low,69.8,0.87499005,100,1747082700,Very Low,0.6238813,1.6312984,Very Low,1.6161761,60.8,0.95714283,100,1747082700,0.44285715
2025-05-12T21:00:20Z,20,29.9,73.0,61,65.7,8,5,275,81,0.0,255,32767,0.0,2127-15-31,0.0,0.16,26.24,0.0,0.0,0.0,0,4.828125,6,45,05:48,20:11,2025-05-12 21:00:19.928594,Città della Scienza,73.3,1.5627443,10.603639,0.7798516,0.71075106,EU EEA Common AQI,70.4,0.8884389,9.533527,7200,0.34285715,100,100,63.4,0.35428572,Very Low,69.8,0.87499005,100,1747082700,Very Low,0.6238813,1.6312984,Very Low,1.6161761,60.8,0.95714283,100,1747082700,0.44285715
2025-05-12T21:00:31Z,20,29.9,73.0,61,65.7,4,5,262,81,0.0,255,32767,0.0,2127-15-31,0.0,0.16,26.24,0.0,0.0,0.0,0,4.828125,6,45,05:48,20:11,2025-05-12 21:00:30.992639,Città della Scienza,73.0,1.5807403,10.54045,0.70105314,0.66908664,EU EEA Common AQI,70.2,0.83635837,9.471798,7200,0.23188406,100,100,63.1,0.30144927,Very Low,69.5,0.87394285,100,1747083600,Very Low,0.5608425,1.5621773,Very Low,1.4846816,60.5,1.5362319,100,1747083600,0.3768116
2025-05-12T21:00:42Z,20,29.898,72.9,61,65.7,8,5,269,81,0.0,255,32767,0.0,2127-15-31,0.0,0.16,26.24,0.0,0.0,0.0,0,4.828125,6,9,05:48,20:11,2025-05-12 21:00:42.065598,Città della Scienza,73.0,1.5807403,10.54045,0.70105314,0.66908664,EU EEA Common AQI,70.2,0.83635837,9.471798,7200,0.23188406,100,100,63.1,0.30144927,Very Low,69.5,0.87394285,100,1747083600,Very Low,0.5608425,1.5621773,Very Low,1.4846816,60.5,1.5362319,100,1747083600,0.3768116
2025-05-12T21:00:53Z,20,29.898,72.9,61,65.7,4,5,248,81,0.0,255,32767,0.0,2127-15-31,0.0,0.16,26.24,0.0,0.0,0.0,0,4.828125,6,9,05:48,20:11,2025-05-12 21:00:53.143552,Città della Scienza,73.0,1.5807403,10.54045,0.70105314,0.66908664,EU EEA Common AQI,70.2,0.83635837,9.471798,7200,0.23188406,100,100,63.1,0.30144927,Very Low,69.5,0.87394285,100,1747083600,Very Low,0.5608425,1.5621773,Very Low,1.4846816,60.5,1.5362319,100,1747083600,0.3768116
2025-05-12T21:01:04Z,20,29.898,72.9,61,65.7,5,5,243,81,0.0,255,32767,0.0,2127-15-31,0.0,0.16,26.24,0.0,0.0,0.0,0,4.828125,6,9,05:48,20:11,2025-05-12 21:01:04.231589,Città della Scienza,73.0,1.5807403,10.54045,0.70105314,0.66908664,EU EEA Common AQI,70.2,0.83635837,9.471798,7200,0.23188406,100,100,63.1,0.30144927,Very Low,69.5,0.87394285,100,1747083600,Very Low,0.5608425,1.5621773,Very Low,1.4846816,60.5,1.5362319,100,1747083600,0.3768116
2025-05-12T21:01:15Z,20,29.898,72.9,61,65.7,6,5,262,81,0.0,255,32767,0.0,2127-15-31,0.0,0.16,26.24,0.0,0.0,0.0,0,4.828125,6,9,05:48,20:11,2025-05-12 21:01:15.328600,Città della Scienza,73.0,1.5807403,10.54045,0.70105314,0.66908664,EU EEA Common AQI,70.2,0.83635837,9.471798,7200,0.23188406,100,100,63.1,0.30144927,Very Low,69.5,0.87394285,100,1747083600,Very Low,0.5608425,1.5621773,Very Low,1.4846816,60.5,1.5362319,100,1747083600,0.3768116
2025-05-12T21:01:26Z,20,29.898,72.9,61,65.7,7,5,256,81,0.0,255,32767,0.0,2127-15-31,0.0,0.16,26.24,0.0,0.0,0.0,0,4.828125,6,9,05:48,20:11,2025-05-12 21:01:26.420607,Città della Scienza,73.0,1.5807403,10.54045,0.70105314,0.66908664,EU EEA Common AQI,70.2,0.83635837,9.471798,7200,0.23188406,100,100,63.1,0.30144927,Very Low,69.5,0.87394285,100,1747083600,Very Low,0.5608425,1.5621773,Very Low,1.4846816,60.5,1.5362319,100,1747083600,0.3768116
2025-05-12T21:01:37Z,20,29.898,72.9,61,65.7,8,5,241,81,0.0,255,32767,0.0,2127-15-31,0.0,0.16,26.24,0.0,0.0,0.0,0,4.828125,6,9,05:48,20:11,2025-05-12 21:01:37.526596,Città della Scienza,73.0,1.5807403,10.54045,0.70105314,0.66908664,EU EEA Common AQI,70.2,0.83635837,9.471798,7200,0.23188406,100,100,63.1,0.30144927,Very Low,69.5,0.87394285,100,1747083600,Very Low,0.5608425,1.5621773,Very Low,1.4846816,60.5,1.5362319,100,1747083600,0.3768116
2025-05-12T21:01:48Z,20,29.898,72.9,61,65.7,4,5,263,81,0.0,255,32767,0.0,2127-15-31,0.0,0.16,26.24,0.0,0.0,0.0,0,4.828125,6,9,05:48,20:11,2025-05-12 21:01:48.591598,Città della Scienza,73.0,1.5807403,10.54045,0.70105314,0.66908664,EU EEA Common AQI,70.2,0.83635837,9.471798,7200,0.23188406,100,100,63.1,0.30144927,Very Low,69.5,0.87394285,100,1747083600,Very Low,0.5608425,1.5621773,Very Low,1.4846816,60.5,1.5362319,100,1747083600,0.3768116
2025-05-12T21:01:59Z,20,29.898,72.9,61,65.7,6,5,236,81,0.0,255,32767,0.0,2127-15-31,0.0,0.16,26.24,0.0,0.0,0.0,0,4.828125,6,9,05:48,20:11,2025-05-12 21:01:59.699599,Città della Scienza,73.0,1.5807403,10.54045,0.70105314,0.66908664,EU EEA Common AQI,70.2,0.83635837,9.471798,7200,0.23188406,100,100,63.1,0.30144927,Very Low,69.5,0.87394285,100,1747083600,Very Low,0.5608425,1.5621773,Very Low,1.4846816,60.5,1.5362319,100,1747083600,0.3768116
2025-05-12T21:02:11Z,20,29.898,72.9,61,65.6,5,5,231,81,0.0,255,32767,0.0,2127-15-31,0.0,0.16,26.24,0.0,0.0,0.0,0,4.828125,6,9,05:48,20:11,2025-05-12 21:02:10.829599,Città della Scienza,73.0,1.5807403,10.54045,0.70105314,0.66908664,EU EEA Common AQI,70.2,0.83635837,9.471798,7200,0.23188406,100,100,63.1,0.30144927,Very Low,69.5,0.87394285,100,1747083600,Very Low,0.5608425,1.5621773,Very Low,1.4846816,60.5,1.5362319,100,1747083600,0.3768116
2025-05-12T21:02:22Z,20,29.898,72.9,61,65.6,6,5,219,81,0.0,255,32767,0.0,2127-15-31,0.0,0.16,26.24,0.0,0.0,0.0,0,4.828125,6,9,05:48,20:11,2025-05-12 21:02:21.941601,Città della Scienza,73.0,1.5807403,10.54045,0.70105314,0.66908664,EU EEA Common AQI,70.2,0.83635837,9.471798,7200,0.23188406,100,100,63.1,0.30144927,Very Low,69.5,0.87394285,100,1747083600,Very Low,0.5608425,1.5621773,Very Low,1.4846816,60.5,1.5362319,100,1747083600,0.3768116
2025-05-12T21:02:33Z,20,29.898,72.9,61,65.7,4,5,167,81,0.0,255,32767,0.0,2127-15-31,0.0,0.16,26.24,0.0,0.0,0.0,0,4.828125,6,9,05:48,20:11,2025-05-12 21:02:33.014608,Città della Scienza,73.0,1.5807403,10.54045,0.70105314,0.66908664,EU EEA Common AQI,70.2,0.83635837,9.471798,7200,0.23188406,100,100,63.1,0.30144927,Very Low,69.5,0.87394285,100,1747083600,Very Low,0.5608425,1.5621773,Very Low,1.4846816,60.5,1.5362319,100,1747083600,0.3768116
2025-05-12T21:02:44Z,20,29.902,72.9,61,65.7,7,5,252,81,0.0,255,32767,0.0,2127-15-31,0.0,0.16,26.24,0.0,0.0,0.0,0,4.828125,6,9,05:48,20:11,2025-05-12 21:02:44.114601,Città della Scienza,73.0,1.5807403,10.54045,0.70105314,0.66908664,EU EEA Common AQI,70.2,0.83635837,9.471798,7200,0.23188406,100,100,63.1,0.30144927,Very Low,69.5,0.87394285,100,1747083600,Very Low,0.5608425,1.5621773,Very Low,1.4846816,60.5,1.5362319,100,1747083600,0.3768116
2025-05-12T21:02:55Z,20,29.902,72.9,61,65.7,8,5,253,81,0.0,255,32767,0.0,2127-15-31,0.0,0.16,26.24,0.0,0.0,0.0,0,4.828125,6,9,05:48,20:11,2025-05-12 21:02:55.175594,Città della Scienza,73.0,1.5807403,10.54045,0.70105314,0.66908664,EU EEA Common AQI,70.2,0.83635837,9.471798,7200,0.23188406,100,100,63.1,0.30144927,Very Low,69.5,0.87394285,100,1747083600,Very Low,0.5608425,1.5621773,Very Low,1.4846816,60.5,1.5362319,100,1747083600,0.3768116
2025-05-12T21:03:06Z,20,29.902,72.9,61,65.7,9,5,261,81,0.0,255,32767,0.0,2127-15-31,0.0,0.16,26.24,0.0,0.0,0.0,0,4.828125,6,9,05:48,20:11,2025-05-12 21:03:06.274597,Città della Scienza,73.0,1.5807403,10.54045,0.70105314,0.66908664,EU EEA Common AQI,70.2,0.83635837,9.471798,7200,0.23188406,100,100,63.1,0.30144927,Very Low,69.5,0.87394285,100,1747083600,Very Low,0.5608425,1.5621773,Very Low,1.4846816,60.5,1.5362319,100,1747083600,0.3768116
2025-05-12T21:03:17Z,20,29.902,72.9,61,65.7,6,5,276,81,0.0,255,32767,0.0,2127-15-31,0.0,0.16,26.24,0.0,0.0,0.0,0,4.828125,6,9,05:48,20:11,2025-05-12 21:03:17.315590,Città della Scienza,73.0,1.5807403,10.54045,0.70105314,0.66908664,EU EEA Common AQI,70.2,0.83635837,9.471798,7200,0.23188406,100,100,63.1,0.30144927,Very Low,69.5,0.87394285,100,1747083600,Very Low,0.5608425,1.5621773,Very Low,1.4846816,60.5,1.5362319,100,1747083600,0.3768116
2025-05-12T21:03:28Z,20,29.902,72.9,61,65.7,3,5,277,81,0.0,255,32767,0.0,2127-15-31,0.0,0.16,26.24,0.0,0.0,0.0,0,4.828125,6,9,05:48,20:11,2025-05-12 21:03:28.423590,Città della Scienza,73.0,1.5807403,10.54045,0.70105314,0.66908664,EU EEA Common AQI,70.2,0.83635837,9.471798,7200,0.23188406,100,100,63.1,0.30144927,Very Low,69.5,0.87394285,100,1747083600,Very Low,0.5608425,1.5621773,Very Low,1.4846816,60.5,1.5362319,100,1747083600,0.3768116
2025-05-12T21:03:39Z,20,29.9,72.9,61,65.7,3,6,291,81,0.0,255,32767,0.0,2127-15-31,0.0,0.16,26.24,0.0,0.0,0.0,0,4.828125,6,9,05:48,20:11,2025-05-12 21:03:39.503594,Città della Scienza,73.0,1.5807403,10.54045,0.70105314,0.66908664,EU EEA Common AQI,70.2,0.83635837,9.471798,7200,0.23188406,100,100,63.1,0.30144927,Very Low,69.5,0.87394285,100,1747083600,Very Low,0.5608425,1.5621773,Very Low,1.4846816,60.5,1.5362319,100,1747083600,0.3768116
2025-05-12T21:03:50Z,20,29.9,72.9,61,65.7,2,6,273,81,0.0,255,32767,0.0,2127-15-31,0.0,0.16,26.24,0.0,0.0,0.0,0,4.828125,6,9,05:48,20:11,2025-05-12 21:03:50.555603,Città della Scienza,73.0,1.5807403,10.54045,0.70105314,0.66908664,EU EEA Common AQI,70.2,0.83635837,9.471798,7200,0.23188406,100,100,63.1,0.30144927,Very Low,69.5,0.87394285,100,1747083600,Very Low,0.5608425,1.5621773,Very Low,1.4846816,60.5,1.5362319,100,1747083600,0.3768116
2025-05-12T21:04:01Z,20,29.9,72.9,61,65.7,7,6,236,81,0.0,255,32767,0.0,2127-15-31,0.0,0.16,26.24,0.0,0.0,0.0,0,4.828125,6,9,05:48,20:11,2025-05-12 21:04:01.614604,Città della Scienza,73.0,1.5807403,10.54045,0.70105314,0.66908664,EU EEA Common AQI,70.2,0.83635837,9.471798,7200,0.23188406,100,100,63.1,0.30144927,Very Low,69.5,0.87394285,100,1747083600,Very Low,0.5608425,1.5621773,Very Low,1.4846816,60.5,1.5362319,100,1747083600,0.3768116
2025-05-12T21:04:12Z,20,29.9,72.9,61,65.6,5,6,248,81,0.0,255,32767,0.0,2127-15-31,0.0,0.16,26.24,0.0,0.0,0.0,0,4.828125,6,9,05:48,20:11,2025-05-12 21:04:12.734595,Città della Scienza,73.0,1.5807403,10.54045,0.70105314,0.66908664,EU EEA Common AQI,70.2,0.83635837,9.471798,7200,0.23188406,100,100,63.1,0.30144927,Very Low,69.5,0.87394285,100,1747083600,Very Low,0.5608425,1.5621773,Very Low,1.4846816,60.5,1.5362319,100,1747083600,0.3768116
2025-05-12T21:04:24Z,20,29.9,72.9,61,65.6,3,6,246,81,0.0,255,32767,0.0,2127-15-31,0.0,0.16,26.24,0.0,0.0,0.0,0,4.828125,6,9,05:48,20:11,2025-05-12 21:04:23.804593,Città della Scienza,73.0,1.5807403,10.54045,0.70105314,0.66908664,EU EEA Common AQI,70.2,0.83635837,9.471798,7200,0.23188406,100,100,63.1,0.30144927,Very Low,69.5,0.87394285,100,1747083600,Very Low,0.5608425,1.5621773,Very Low,1.4846816,60.5,1.5362319,100,1747083600,0.3768116
2025-05-12T21:04:35Z,20,29.899,72.9,61,65.6,1,5,246,81,0.0,255,32767,0.0,2127-15-31,0.0,0.16,26.24,0.0,0.0,0.0,0,4.828125,6,9,05:48,20:11,2025-05-12 21:04:34.886593,Città della Scienza,73.0,1.5807403,10.54045,0.70105314,0.66908664,EU EEA Common AQI,70.2,0.83635837,9.471798,7200,0.23188406,100,100,63.1,0.30144927,Very Low,69.5,0.87394285,100,1747083600,Very Low,0.5608425,1.5621773,Very Low,1.4846816,60.5,1.5362319,100,1747083600,0.3768116
2025-05-12T21:04:46Z,20,29.899,72.9,61,65.6,1,5,246,81,0.0,255,32767,0.0,2127-15-31,0.0,0.16,26.24,0.0,0.0,0.0,0,4.828125,6,9,05:48,20:11,2025-05-12 21:04:45.990597,Città della Scienza,73.0,1.5807403,10.54045,0.70105314,0.66908664,EU EEA Common AQI,70.2,0.83635837,9.471798,7200,0.23188406,100,100,63.1,0.30144927,Very Low,69.5,0.87394285,100,1747083600,Very Low,0.5608425,1.5621773,Very Low,1.4846816,60.5,1.5362319,100,1747083600,0.3768116
2025-05-12T21:04:57Z,20,29.899,72.9,61,65.6,0,5,246,81,0.0,255,32767,0.0,2127-15-31,0.0,0.16,26.24,0.0,0.0,0.0,0,4.828125,6,9,05:48,20:11,2025-05-12 21:04:57.050550,Città della Scienza,73.0,1.5807403,10.54045,0.70105314,0.66908664,EU EEA Common AQI,70.2,0.83635837,9.471798,7200,0.23188406,100,100,63.1,0.30144927,Very Low,69.5,0.87394285,100,1747083600,Very Low,0.5608425,1.5621773,Very Low,1.4846816,60.5,1.5362319,100,1747083600,0.3768116
2025-05-12T21:05:08Z,20,29.899,72.9,61,65.6,0,5,254,81,0.0,255,32767,0.0,2127-15-31,0.0,0.16,26.24,0.0,0.0,0.0,0,4.828125,6,9,05:48,20:11,2025-05-12 21:05:08.114580,Città della Scienza,73.0,1.5807403,10.54045,0.70105314,0.66908664,EU EEA Common AQI,70.2,0.83635837,9.471798,7200,0.23188406,100,100,63.1,0.30144927,Very Low,69.5,0.87394285,100,1747083600,Very Low,0.5608425,1.5621773,Very Low,1.4846816,60.5,1.5362319,100,1747083600,0.3768116
2025-05-12T21:05:19Z,20,29.899,72.9,61,65.6,1,5,257,81,0.0,255,32767,0.0,2127-15-31,0.0,0.16,26.24,0.0,0.0,0.0,0,4.828125,6,9,05:48,20:11,2025-05-12 21:05:19.231553,Città della Scienza,73.0,1.5807403,10.54045,0.70105314,0.66908664,EU EEA Common AQI,70.2,0.83635837,9.471798,7200,0.23188406,100,100,63.1,0.30144927,Very Low,69.5,0.87394285,100,1747083600,Very Low,0.5608425,1.5621773,Very Low,1.4846816,60.5,1.5362319,100,1747083600,0.3768116
2025-05-12T21:05:30Z,20,29.899,72.9,61,65.6,1,5,308,81,0.0,255,32767,0.0,2127-15-31,0.0,0.16,26.24,0.0,0.0,0.0,0,4.828125,6,9,05:48,20:11,2025-05-12 21:05:30.294585,Città della Scienza,73.0,1.5807403,10.54045,0.70105314,0.66908664,EU EEA Common AQI,70.2,0.83635837,9.471798,7200,0.23188406,100,100,63.1,0.30144927,Very Low,69.5,0.87394285,100,1747083600,Very Low,0.5608425,1.5621773,Very Low,1.4846816,60.5,1.5362319,100,1747083600,0.3768116
2025-05-12T21:05:41Z,20,29.899,72.9,61,65.6,1,5,308,81,0.0,255,32767,0.0,2127-15-31,0.0,0.16,26.24,0.0,0.0,0.0,0,4.828125,6,9,05:48,20:11,2025-05-12 21:05:41.369593,Città della Scienza,73.0,1.5807403,10.54045,0.70105314,0.66908664,EU EEA Common AQI,70.2,0.83635837,9.471798,7200,0.23188406,100,100,63.1,0.30144927,Very Low,69.5,0.87394285,100,1747083600,Very Low,0.5608425,1.5621773,Very Low,1.4846816,60.5,1.5362319,100,1747083600,0.3768116
2025-05-12T21:05:52Z,20,29.899,72.9,61,65.6,0,5,308,81,0.0,255,32767,0.0,2127-15-31,0.0,0.16,26.24,0.0,0.0,0.0,0,4.828125,6,9,05:48,20:11,2025-05-12 21:05:52.462595,Città della Scienza,73.0,1.5807403,10.54045,0.70105314,0.66908664,EU EEA Common AQI,70.2,0.83635837,9.471798,7200,0.23188406,100,100,63.1,0.30144927,Very Low,69.5,0.87394285,100,1747083600,Very Low,0.5608425,1.5621773,Very Low,1.4846816,60.5,1.5362319,100,1747083600,0.3768116
2025-05-12T21:06:03Z,20,29.899,72.9,61,65.6,0,5,308,81,0.0,255,32767,0.0,2127-15-31,0.0,0.16,26.24,0.0,0.0,0.0,0,4.828125,6,9,05:48,20:11,2025-05-12 21:06:03.516592,Città della Scienza,73.0,1.5807403,10.54045,0.70105314,0.66908664,EU EEA Common AQI,70.2,0.83635837,9.471798,7200,0.23188406,100,100,63.1,0.30144927,Very Low,69.5,0.87394285,100,1747083600,Very Low,0.5608425,1.5621773,Very Low,1.4846816,60.5,1.5362319,100,1747083600,0.3768116
2025-05-12T21:06:14Z,20,29.899,72.9,61,65.6,1,5,308,81,0.0,255,32767,0.0,2127-15-31,0.0,0.16,26.24,0.0,0.0,0.0,0,4.828125,6,9,05:48,20:11,2025-05-12 21:06:14.615603,Città della Scienza,73.0,1.5807403,10.54045,0.70105314,0.66908664,EU EEA Common AQI,70.2,0.83635837,9.471798,7200,0.23188406,100,100,63.1,0.30144927,Very Low,69.5,0.87394285,100,1747083600,Very Low,0.5608425,1.5621773,Very Low,1.4846816,60.5,1.5362319,100,1747083600,0.3768116
2025-05-12T21:06:25Z,20,29.899,72.9,61,65.6,0,5,308,81,0.0,255,32767,0.0,2127-15-31,0.0,0.16,26.24,0.0,0.0,0.0,0,4.828125,6,9,05:48,20:11,2025-05-12 21:06:25.717596,Città della Scienza,73.0,1.5807403,10.54045,0.70105314,0.66908664,EU EEA Common AQI,70.2,0.83635837,9.471798,7200,0.23188406,100,100,63.1,0.30144927,Very Low,69.5,0.87394285,100,1747083600,Very Low,0.5608425,1.5621773,Very Low,1.4846816,60.5,1.5362319,100,1747083600,0.3768116
2025-05-12T21:06:36Z,20,29.898,72.9,61,65.6,0,4,308,81,0.0,255,32767,0.0,2127-15-31,0.0,0.16,26.24,0.0,0.0,0.0,0,4.828125,6,9,05:48,20:11,2025-05-12 21:06:36.797588,Città della Scienza,73.0,1.5807403,10.54045,0.70105314,0.66908664,EU EEA Common AQI,70.2,0.83635837,9.471798,7200,0.23188406,100,100,63.1,0.30144927,Very Low,69.5,0.87394285,100,1747083600,Very Low,0.5608425,1.5621773,Very Low,1.4846816,60.5,1.5362319,100,1747083600,0.3768116
2025-05-12T21:06:48Z,20,29.898,72.9,61,65.6,0,4,308,81,0.0,255,32767,0.0,2127-15-31,0.0,0.16,26.24,0.0,0.0,0.0,0,4.828125,6,9,05:48,20:11,2025-05-12 21:06:47.847595,Città della Scienza,73.0,1.5807403,10.54045,0.70105314,0.66908664,EU EEA Common AQI,70.2,0.83635837,9.471798,7200,0.23188406,100,100,63.1,0.30144927,Very Low,69.5,0.87394285,100,1747083600,Very Low,0.5608425,1.5621773,Very Low,1.4846816,60.5,1.5362319,100,1747083600,0.3768116
2025-05-12T21:06:59Z,20,29.898,72.9,61,65.6,1,4,308,81,0.0,255,32767,0.0,2127-15-31,0.0,0.16,26.24,0.0,0.0,0.0,0,4.828125,6,9,05:48,20:11,2025-05-12 21:06:58.942623,Città della Scienza,73.0,1.5807403,10.54045,0.70105314,0.66908664,EU EEA Common AQI,70.2,0.83635837,9.471798,7200,0.23188406,100,100,63.1,0.30144927,Very Low,69.5,0.87394285,100,1747083600,Very Low,0.5608425,1.5621773,Very Low,1.4846816,60.5,1.5362319,100,1747083600,0.3768116
2025-05-12T21:07:10Z,20,29.898,72.9,61,65.6,2,4,308,81,0.0,255,32767,0.0,2127-15-31,0.0,0.16,26.24,0.0,0.0,0.0,0,4.828125,6,9,05:48,20:11,2025-05-12 21:07:10.035607,Città della Scienza,73.0,1.5807403,10.54045,0.70105314,0.66908664,EU EEA Common AQI,70.2,0.83635837,9.471798,7200,0.23188406,100,100,63.1,0.30144927,Very Low,69.5,0.87394285,100,1747083600,Very Low,0.5608425,1.5621773,Very Low,1.4846816,60.5,1.5362319,100,1747083600,0.3768116
2025-05-12T21:07:21Z,20,29.898,72.9,61,65.6,1,4,304,81,0.0,255,32767,0.0,2127-15-31,0.0,0.16,26.24,0.0,0.0,0.0,0,4.828125,6,9,05:48,20:11,2025-05-12 21:07:21.162593,Città della Scienza,73.0,1.5807403,10.54045,0.70105314,0.66908664,EU EEA Common AQI,70.2,0.83635837,9.471798,7200,0.23188406,100,100,63.1,0.30144927,Very Low,69.5,0.87394285,100,1747083600,Very Low,0.5608425,1.5621773,Very Low,1.4846816,60.5,1.5362319,100,1747083600,0.3768116
2025-05-12T21:07:32Z,20,29.898,72.9,61,65.6,1,4,304,81,0.0,255,32767,0.0,2127-15-31,0.0,0.16,26.24,0.0,0.0,0.0,0,4.828125,6,9,05:48,20:11,2025-05-12 21:07:32.245595,Città della Scienza,73.0,1.5807403,10.54045,0.70105314,0.66908664,EU EEA Common AQI,70.2,0.83635837,9.471798,7200,0.23188406,100,100,63.1,0.30144927,Very Low,69.5,0.87394285,100,1747083600,Very Low,0.5608425,1.5621773,Very Low,1.4846816,60.5,1.5362319,100,1747083600,0.3768116
2025-05-12T21:07:43Z,20,29.898,72.9,61,65.5,0,4,304,81,0.0,255,32767,0.0,2127-15-31,0.0,0.16,26.24,0.0,0.0,0.0,0,4.828125,6,9,05:48,20:11,2025-05-12 21:07:43.343554,Città della Scienza,73.0,1.5807403,10.54045,0.70105314,0.66908664,EU EEA Common AQI,70.2,0.83635837,9.471798,7200,0.23188406,100,100,63.1,0.30144927,Very Low,69.5,0.87394285,100,1747083600,Very Low,0.5608425,1.5621773,Very Low,1.4846816,60.5,1.5362319,100,1747083600,0.3768116
2025-05-12T21:07:54Z,20,29.898,72.9,61,65.5,0,4,304,81,0.0,255,32767,0.0,2127-15-31,0.0,0.16,26.24,0.0,0.0,0.0,0,4.828125,6,9,05:48,20:11,2025-05-12 21:07:54.385601,Città della Scienza,73.0,1.5807403,10.54045,0.70105314,0.66908664,EU EEA Common AQI,70.2,0.83635837,9.471798,7200,0.23188406,100,100,63.1,0.30144927,Very Low,69.5,0.87394285,100,1747083600,Very Low,0.5608425,1.5621773,Very Low,1.4846816,60.5,1.5362319,100,1747083600,0.3768116
2025-05-12T21:08:05Z,20,29.898,72.9,61,65.5,0,4,304,81,0.0,255,32767,0.0,2127-15-31,0.0,0.16,26.24,0.0,0.0,0.0,0,4.828125,6,9,05:48,20:11,2025-05-12 21:08:05.495611,Città della Scienza,73.0,1.5807403,10.54045,0.70105314,0.66908664,EU EEA Common AQI,70.2,0.83635837,9.471798,7200,0.23188406,100,100,63.1,0.30144927,Very Low,69.5,0.87394285,100,1747083600,Very Low,0.5608425,1.5621773,Very Low,1.4846816,60.5,1.5362319,100,1747083600,0.3768116
2025-05-12T21:08:16Z,20,29.898,72.9,61,65.5,0,4,304,81,0.0,255,32767,0.0,2127-15-31,0.0,0.16,26.24,0.0,0.0,0.0,0,4.828125,6,9,05:48,20:11,2025-05-12 21:08:16.574322,Città della Scienza,73.0,1.5807403,10.54045,0.70105314,0.66908664,EU EEA Common AQI,70.2,0.83635837,9.471798,7200,0.23188406,100,100,63.1,0.30144927,Very Low,69.5,0.87394285,100,1747083600,Very Low,0.5608425,1.5621773,Very Low,1.4846816,60.5,1.5362319,100,1747083600,0.3768116
2025-05-12T21:08:27Z,20,29.898,72.9,61,65.5,0,4,304,81,0.0,255,32767,0.0,2127-15-31,0.0,0.16,26.24,0.0,0.0,0.0,0,4.828125,6,9,05:48,20:11,2025-05-12 21:08:27.627594,Città della Scienza,73.0,1.5807403,10.54045,0.70105314,0.66908664,EU EEA Common AQI,70.2,0.83635837,9.471798,7200,0.23188406,100,100,63.1,0.30144927,Very Low,69.5,0.87394285,100,1747083600,Very Low,0.5608425,1.5621773,Very Low,1.4846816,60.5,1.5362319,100,1747083600,0.3768116
2025-05-12T21:08:38Z,20,29.897,72.8,61,65.5,0,4,304,81,0.0,255,32767,0.0,2127-15-31,0.0,0.16,26.24,0.0,0.0,0.0,0,4.828125,6,9,05:48,20:11,2025-05-12 21:08:38.760599,Città della Scienza,73.0,1.5807403,10.54045,0.70105314,0.66908664,EU EEA Common AQI,70.2,0.83635837,9.471798,7200,0.23188406,100,100,63.1,0.30144927,Very Low,69.5,0.87394285,100,1747083600,Very Low,0.5608425,1.5621773,Very Low,1.4846816,60.5,1.5362319,100,1747083600,0.3768116
2025-05-12T21:08:50Z,20,29.897,72.8,61,65.5,0,4,304,81,0.0,255,32767,0.0,2127-15-31,0.0,0.16,26.24,0.0,0.0,0.0,0,4.828125,6,9,05:48,20:11,2025-05-12 21:08:49.852592,Città della Scienza,73.0,1.5807403,10.54045,0.70105314,0.66908664,EU EEA Common AQI,70.2,0.83635837,9.471798,7200,0.23188406,100,100,63.1,0.30144927,Very Low,69.5,0.87394285,100,1747083600,Very Low,0.5608425,1.5621773,Very Low,1.4846816,60.5,1.5362319,100,1747083600,0.3768116
2025-05-12T21:09:01Z,20,29.897,72.8,61,65.5,0,4,304,81,0.0,255,32767,0.0,2127-15-31,0.0,0.16,26.24,0.0,0.0,0.0,0,4.828125,6,9,05:48,20:11,2025-05-12 21:09:00.918591,Città della Scienza,73.0,1.5807403,10.54045,0.70105314,0.66908664,EU EEA Common AQI,70.2,0.83635837,9.471798,7200,0.23188406,100,100,63.1,0.30144927,Very Low,69.5,0.87394285,100,1747083600,Very Low,0.5608425,1.5621773,Very Low,1.4846816,60.5,1.5362319,100,1747083600,0.3768116
2025-05-12T21:09:12Z,20,29.897,72.8,61,65.5,2,4,300,81,0.0,255,32767,0.0,2127-15-31,0.0,0.16,26.24,0.0,0.0,0.0,0,4.828125,6,9,05:48,20:11,2025-05-12 21:09:12.039590,Città della Scienza,73.0,1.5807403,10.54045,0.70105314,0.66908664,EU EEA Common AQI,70.2,0.83635837,9.471798,7200,0.23188406,100,100,63.1,0.30144927,Very Low,69.5,0.87394285,100,1747083600,Very Low,0.5608425,1.5621773,Very Low,1.4846816,60.5,1.5362319,100,1747083600,0.3768116
2025-05-12T21:09:23Z,20,29.897,72.8,61,65.5,1,4,300,81,0.0,255,32767,0.0,2127-15-31,0.0,0.16,26.24,0.0,0.0,0.0,0,4.828125,6,9,05:48,20:11,2025-05-12 21:09:23.107594,Città della Scienza,73.0,1.5807403,10.54045,0.70105314,0.66908664,EU EEA Common AQI,70.2,0.83635837,9.471798,7200,0.23188406,100,100,63.1,0.30144927,Very Low,69.5,0.87394285,100,1747083600,Very Low,0.5608425,1.5621773,Very Low,1.4846816,60.5,1.5362319,100,1747083600,0.3768116
2025-05-12T21:09:34Z,20,29.897,72.9,61,65.5,1,3,300,81,0.0,255,32767,0.0,2127-15-31,0.0,0.16,26.24,0.0,0.0,0.0,0,4.828125,6,9,05:48,20:11,2025-05-12 21:09:34.228586,Città della Scienza,73.0,1.5807403,10.54045,0.70105314,0.66908664,EU EEA Common AQI,70.2,0.83635837,9.471798,7200,0.23188406,100,100,63.1,0.30144927,Very Low,69.5,0.87394285,100,1747083600,Very Low,0.5608425,1.5621773,Very Low,1.4846816,60.5,1.5362319,100,1747083600,0.3768116
2025-05-12T21:09:45Z,20,29.899,72.9,61,65.5,0,3,300,81,0.0,255,32767,0.0,2127-15-31,0.0,0.16,26.24,0.0,0.0,0.0,0,4.828125,6,9,05:48,20:11,2025-05-12 21:09:45.313588,Città della Scienza,73.0,1.5807403,10.54045,0.70105314,0.66908664,EU EEA Common AQI,70.2,0.83635837,9.471798,7200,0.23188406,100,100,63.1,0.30144927,Very Low,69.5,0.87394285,100,1747083600,Very Low,0.5608425,1.5621773,Very Low,1.4846816,60.5,1.5362319,100,1747083600,0.3768116
2025-05-12T21:09:56Z,20,29.899,72.9,61,65.4,0,3,300,81,0.0,255,32767,0.0,2127-15-31,0.0,0.16,26.24,0.0,0.0,0.0,0,4.828125,6,9,05:48,20:11,2025-05-12 21:09:56.376600,Città della Scienza,73.0,1.5807403,10.54045,0.70105314,0.66908664,EU EEA Common AQI,70.2,0.83635837,9.471798,7200,0.23188406,100,100,63.1,0.30144927,Very Low,69.5,0.87394285,100,1747083600,Very Low,0.5608425,1.5621773,Very Low,1.4846816,60.5,1.5362319,100,1747083600,0.3768116
2025-05-12T21:10:07Z,20,29.899,72.9,61,65.5,0,3,300,81,0.0,255,32767,0.0,2127-15-31,0.0,0.16,26.24,0.0,0.0,0.0,0,4.828125,6,9,05:48,20:11,2025-05-12 21:10:07.438590,Città della Scienza,73.0,1.5807403,10.54045,0.70105314,0.66908664,EU EEA Common AQI,70.2,0.83635837,9.471798,7200,0.23188406,100,100,63.1,0.30144927,Very Low,69.5,0.87394285,100,1747083600,Very Low,0.5608425,1.5621773,Very Low,1.4846816,60.5,1.5362319,100,1747083600,0.3768116
2025-05-12T21:10:18Z,20,29.899,72.9,61,65.5,0,3,300,81,0.0,255,32767,0.0,2127-15-31,0.0,0.16,26.24,0.0,0.0,0.0,0,4.828125,6,9,05:48,20:11,2025-05-12 21:10:18.501592,Città della Scienza,73.0,1.5807403,10.54045,0.70105314,0.66908664,EU EEA Common AQI,70.2,0.83635837,9.471798,7200,0.23188406,100,100,63.1,0.30144927,Very Low,69.5,0.87394285,100,1747083600,Very Low,0.5608425,1.5621773,Very Low,1.4846816,60.5,1.5362319,100,1747083600,0.3768116
2025-05-12T21:10:29Z,20,29.899,72.9,61,65.5,0,3,300,81,0.0,255,32767,0.0,2127-15-31,0.0,0.16,26.24,0.0,0.0,0.0,0,4.828125,6,9,05:48,20:11,2025-05-12 21:10:29.581554,Città della Scienza,73.0,1.5807403,10.54045,0.70105314,0.66908664,EU EEA Common AQI,70.2,0.83635837,9.471798,7200,0.23188406,100,100,63.1,0.30144927,Very Low,69.5,0.87394285,100,1747083600,Very Low,0.5608425,1.5621773,Very Low,1.4846816,60.5,1.5362319,100,1747083600,0.3768116
2025-05-12T21:10:40Z,20,29.895,72.8,61,65.4,0,2,300,81,0.0,255,32767,0.0,2127-15-31,0.0,0.16,26.24,0.0,0.0,0.0,0,4.828125,6,9,05:48,20:11,2025-05-12 21:10:40.736588,Città della Scienza,73.0,1.5807403,10.54045,0.70105314,0.66908664,EU EEA Common AQI,70.2,0.83635837,9.471798,7200,0.23188406,100,100,63.1,0.30144927,Very Low,69.5,0.87394285,100,1747083600,Very Low,0.5608425,1.5621773,Very Low,1.4846816,60.5,1.5362319,100,1747083600,0.3768116
2025-05-12T21:10:52Z,20,29.895,72.8,61,65.4,0,2,300,81,0.0,255,32767,0.0,2127-15-31,0.0,0.16,26.24,0.0,0.0,0.0,0,4.828125,6,9,05:48,20:11,2025-05-12 21:10:51.815565,Città della Scienza,73.0,1.5807403,10.54045,0.70105314,0.66908664,EU EEA Common AQI,70.2,0.83635837,9.471798,7200,0.23188406,100,100,63.1,0.30144927,Very Low,69.5,0.87394285,100,1747083600,Very Low,0.5608425,1.5621773,Very Low,1.4846816,60.5,1.5362319,100,1747083600,0.3768116
2025-05-12T21:11:03Z,20,29.895,72.8,61,65.4,0,2,300,81,0.0,255,32767,0.0,2127-15-31,0.0,0.16,26.24,0.0,0.0,0.0,0,4.828125,6,9,05:48,20:11,2025-05-12 21:11:02.845591,Città della Scienza,73.0,1.5807403,10.54045,0.70105314,0.66908664,EU EEA Common AQI,70.2,0.83635837,9.471798,7200,0.23188406,100,100,63.1,0.30144927,Very Low,69.5,0.87394285,100,1747083600,Very Low,0.5608425,1.5621773,Very Low,1.4846816,60.5,1.5362319,100,1747083600,0.3768116
2025-05-12T21:11:14Z,20,29.895,72.8,61,65.4,0,2,300,81,0.0,255,32767,0.0,2127-15-31,0.0,0.16,26.24,0.0,0.0,0.0,0,4.828125,6,9,05:48,20:11,2025-05-12 21:11:13.927613,Città della Scienza,73.0,1.5807403,10.54045,0.70105314,0.66908664,EU EEA Common AQI,70.2,0.83635837,9.471798,7200,0.23188406,100,100,63.1,0.30144927,Very Low,69.5,0.87394285,100,1747083600,Very Low,0.5608425,1.5621773,Very Low,1.4846816,60.5,1.5362319,100,1747083600,0.3768116
2025-05-12T21:11:25Z,20,29.895,72.8,61,65.4,0,2,300,81,0.0,255,32767,0.0,2127-15-31,0.0,0.16,26.24,0.0,0.0,0.0,0,4.828125,6,9,05:48,20:11,2025-05-12 21:11:25.042600,Città della Scienza,73.0,1.5807403,10.54045,0.70105314,0.66908664,EU EEA Common AQI,70.2,0.83635837,9.471798,7200,0.23188406,100,100,63.1,0.30144927,Very Low,69.5,0.87394285,100,1747083600,Very Low,0.5608425,1.5621773,Very Low,1.4846816,60.5,1.5362319,100,1747083600,0.3768116
2025-05-12T21:11:36Z,20,29.9,72.9,61,65.4,0,2,293,81,0.0,255,32767,0.0,2127-15-31,0.0,0.16,26.24,0.0,0.0,0.0,0,4.828125,6,9,05:48,20:11,2025-05-12 21:11:36.139597,Città della Scienza,73.0,1.5807403,10.54045,0.70105314,0.66908664,EU EEA Common AQI,70.2,0.83635837,9.471798,7200,0.23188406,100,100,63.1,0.30144927,Very Low,69.5,0.87394285,100,1747083600,Very Low,0.5608425,1.5621773,Very Low,1.4846816,60.5,1.5362319,100,1747083600,0.3768116
2025-05-12T21:11:47Z,20,29.9,72.9,61,65.4,2,2,275,81,0.0,255,32767,0.0,2127-15-31,0.0,0.16,26.24,0.0,0.0,0.0,0,4.828125,6,9,05:48,20:11,2025-05-12 21:11:47.203603,Città della Scienza,73.0,1.5807403,10.54045,0.70105314,0.66908664,EU EEA Common AQI,70.2,0.83635837,9.471798,7200,0.23188406,100,100,63.1,0.30144927,Very Low,69.5,0.87394285,100,1747083600,Very Low,0.5608425,1.5621773,Very Low,1.4846816,60.5,1.5362319,100,1747083600,0.3768116
2025-05-12T21:11:58Z,20,29.9,72.9,61,65.4,2,2,276,81,0.0,255,32767,0.0,2127-15-31,0.0,0.16,26.24,0.0,0.0,0.0,0,4.828125,6,9,05:48,20:11,2025-05-12 21:11:58.295594,Città della Scienza,73.0,1.5807403,10.54045,0.70105314,0.66908664,EU EEA Common AQI,70.2,0.83635837,9.471798,7200,0.23188406,100,100,63.1,0.30144927,Very Low,69.5,0.87394285,100,1747083600,Very Low,0.5608425,1.5621773,Very Low,1.4846816,60.5,1.5362319,100,1747083600,0.3768116
2025-05-12T21:12:09Z,20,29.9,72.9,61,65.4,2,2,267,81,0.0,255,32767,0.0,2127-15-31,0.0,0.16,26.24,0.0,0.0,0.0,0,4.828125,6,9,05:48,20:11,2025-05-12 21:12:09.397597,Città della Scienza,73.0,1.5807403,10.54045,0.70105314,0.66908664,EU EEA Common AQI,70.2,0.83635837,9.471798,7200,0.23188406,100,100,63.1,0.30144927,Very Low,69.5,0.87394285,100,1747083600,Very Low,0.5608425,1.5621773,Very Low,1.4846816,60.5,1.5362319,100,1747083600,0.3768116
2025-05-12T21:12:20Z,20,29.9,72.9,61,65.4,2,2,267,81,0.0,255,32767,0.0,2127-15-31,0.0,0.16,26.24,0.0,0.0,0.0,0,4.828125,6,9,05:48,20:11,2025-05-12 21:12:20.469619,Città della Scienza,73.0,1.5807403,10.54045,0.70105314,0.66908664,EU EEA Common AQI,70.2,0.83635837,9.471798,7200,0.23188406,100,100,63.1,0.30144927,Very Low,69.5,0.87394285,100,1747083600,Very Low,0.5608425,1.5621773,Very Low,1.4846816,60.5,1.5362319,100,1747083600,0.3768116
2025-05-12T21:12:31Z,20,29.9,72.9,61,65.4,2,2,267,81,0.0,255,32767,0.0,2127-15-31,0.0,0.16,26.24,0.0,0.0,0.0,0,4.828125,6,9,05:48,20:11,2025-05-12 21:12:31.551591,Città della Scienza,73.0,1.5807403,10.54045,0.70105314,0.66908664,EU EEA Common AQI,70.2,0.83635837,9.471798,7200,0.23188406,100,100,63.1,0.30144927,Very Low,69.5,0.87394285,100,1747083600,Very Low,0.5608425,1.5621773,Very Low,1.4846816,60.5,1.5362319,100,1747083600,0.3768116
2025-05-12T21:12:42Z,20,29.897,72.9,61,65.3,2,2,267,81,0.0,255,32767,0.0,2127-15-31,0.0,0.16,26.24,0.0,0.0,0.0,0,4.828125,6,9,05:48,20:11,2025-05-12 21:12:42.634593,Città della Scienza,73.0,1.5807403,10.54045,0.70105314,0.66908664,EU EEA Common AQI,70.2,0.83635837,9.471798,7200,0.23188406,100,100,63.1,0.30144927,Very Low,69.5,0.87394285,100,1747083600,Very Low,0.5608425,1.5621773,Very Low,1.4846816,60.5,1.5362319,100,1747083600,0.3768116
2025-05-12T21:12:53Z,20,29.897,72.9,61,65.3,1,2,267,81,0.0,255,32767,0.0,2127-15-31,0.0,0.16,26.24,0.0,0.0,0.0,0,4.828125,6,9,05:48,20:11,2025-05-12 21:12:53.778588,Città della Scienza,73.0,1.5807403,10.54045,0.70105314,0.66908664,EU EEA Common AQI,70.2,0.83635837,9.471798,7200,0.23188406,100,100,63.1,0.30144927,Very Low,69.5,0.87394285,100,1747083600,Very Low,0.5608425,1.5621773,Very Low,1.4846816,60.5,1.5362319,100,1747083600,0.3768116
2025-05-12T21:13:05Z,20,29.897,72.9,61,65.4,2,2,267,81,0.0,255,32767,0.0,2127-15-31,0.0,0.16,26.24,0.0,0.0,0.0,0,4.828125,6,9,05:48,20:11,2025-05-12 21:13:04.877598,Città della Scienza,73.0,1.5807403,10.54045,0.70105314,0.66908664,EU EEA Common AQI,70.2,0.83635837,9.471798,7200,0.23188406,100,100,63.1,0.30144927,Very Low,69.5,0.87394285,100,1747083600,Very Low,0.5608425,1.5621773,Very Low,1.4846816,60.5,1.5362319,100,1747083600,0.3768116
2025-05-12T21:13:16Z,20,29.897,72.9,61,65.3,1,2,267,81,0.0,255,32767,0.0,2127-15-31,0.0,0.16,26.24,0.0,0.0,0.0,0,4.828125,6,9,05:48,20:11,2025-05-12 21:13:15.993587,Città della Scienza,73.0,1.5807403,10.54045,0.70105314,0.66908664,EU EEA Common AQI,70.2,0.83635837,9.471798,7200,0.23188406,100,100,63.1,0.30144927,Very Low,69.5,0.87394285,100,1747083600,Very Low,0.5608425,1.5621773,Very Low,1.4846816,60.5,1.5362319,100,1747083600,0.3768116
2025-05-12T21:13:27Z,20,29.897,72.9,61,65.3,0,2,267,81,0.0,255,32767,0.0,2127-15-31,0.0,0.16,26.24,0.0,0.0,0.0,0,4.828125,6,9,05:48,20:11,2025-05-12 21:13:27.070589,Città della Scienza,73.0,1.5807403,10.54045,0.70105314,0.66908664,EU EEA Common AQI,70.2,0.83635837,9.471798,7200,0.23188406,100,100,63.1,0.30144927,Very Low,69.5,0.87394285,100,1747083600,Very Low,0.5608425,1.5621773,Very Low,1.4846816,60.5,1.5362319,100,1747083600,0.3768116
2025-05-12T21:13:38Z,20,29.895,72.9,61,65.3,0,1,267,81,0.0,255,32767,0.0,2127-15-31,0.0,0.16,26.24,0.0,0.0,0.0,0,4.828125,6,9,05:48,20:11,2025-05-12 21:13:38.137602,Città della Scienza,73.0,1.5807403,10.54045,0.70105314,0.66908664,EU EEA Common AQI,70.2,0.83635837,9.471798,7200,0.23188406,100,100,63.1,0.30144927,Very Low,69.5,0.87394285,100,1747083600,Very Low,0.5608425,1.5621773,Very Low,1.4846816,60.5,1.5362319,100,1747083600,0.3768116
2025-05-12T21:13:49Z,20,29.895,72.9,61,65.2,5,1,251,81,0.0,255,32767,0.0,2127-15-31,0.0,0.16,26.24,0.0,0.0,0.0,0,4.828125,6,9,05:48,20:11,2025-05-12 21:13:49.227586,Città della Scienza,73.0,1.5807403,10.54045,0.70105314,0.66908664,EU EEA Common AQI,70.2,0.83635837,9.471798,7200,0.23188406,100,100,63.1,0.30144927,Very Low,69.5,0.87394285,100,1747083600,Very Low,0.5608425,1.5621773,Very Low,1.4846816,60.5,1.5362319,100,1747083600,0.3768116
2025-05-12T21:14:00Z,20,29.895,72.9,61,65.3,5,1,257,81,0.0,255,32767,0.0,2127-15-31,0.0,0.16,26.24,0.0,0.0,0.0,0,4.828125,6,9,05:48,20:11,2025-05-12 21:14:00.352559,Città della Scienza,73.0,1.5807403,10.54045,0.70105314,0.66908664,EU EEA Common AQI,70.2,0.83635837,9.471798,7200,0.23188406,100,100,63.1,0.30144927,Very Low,69.5,0.87394285,100,1747083600,Very Low,0.5608425,1.5621773,Very Low,1.4846816,60.5,1.5362319,100,1747083600,0.3768116
2025-05-12T21:14:11Z,20,29.895,72.9,61,65.3,4,1,239,81,0.0,255,32767,0.0,2127-15-31,0.0,0.16,26.24,0.0,0.0,0.0,0,4.828125,6,9,05:48,20:11,2025-05-12 21:14:11.432592,Città della Scienza,73.0,1.5807403,10.54045,0.70105314,0.66908664,EU EEA Common AQI,70.2,0.83635837,9.471798,7200,0.23188406,100,100,63.1,0.30144927,Very Low,69.5,0.87394285,100,1747083600,Very Low,0.5608425,1.5621773,Very Low,1.4846816,60.5,1.5362319,100,1747083600,0.3768116
2025-05-12T21:14:22Z,20,29.895,72.9,61,65.3,2,1,270,81,0.0,255,32767,0.0,2127-15-31,0.0,0.16,26.24,0.0,0.0,0.0,0,4.828125,6,9,05:48,20:11,2025-05-12 21:14:22.540586,Città della Scienza,73.0,1.5807403,10.54045,0.70105314,0.66908664,EU EEA Common AQI,70.2,0.83635837,9.471798,7200,0.23188406,100,100,63.1,0.30144927,Very Low,69.5,0.87394285,100,1747083600,Very Low,0.5608425,1.5621773,Very Low,1.4846816,60.5,1.5362319,100,1747083600,0.3768116
2025-05-12T21:14:33Z,20,29.895,72.9,61,65.3,5,1,239,81,0.0,255,32767,0.0,2127-15-31,0.0,0.16,26.24,0.0,0.0,0.0,0,4.828125,6,9,05:48,20:11,2025-05-12 21:14:33.635590,Città della Scienza,73.0,1.5807403,10.54045,0.70105314,0.66908664,EU EEA Common AQI,70.2,0.83635837,9.471798,7200,0.23188406,100,100,63.1,0.30144927,Very Low,69.5,0.87394285,100,1747083600,Very Low,0.5608425,1.5621773,Very Low,1.4846816,60.5,1.5362319,100,1747083600,0.3768116
2025-05-12T21:14:44Z,20,29.896,72.9,61,65.3,5,1,238,81,0.0,255,32767,0.0,2127-15-31,0.0,0.16,26.24,0.0,0.0,0.0,0,4.828125,6,9,05:48,20:11,2025-05-12 21:14:44.713591,Città della Scienza,73.0,1.5807403,10.54045,0.70105314,0.66908664,EU EEA Common AQI,70.2,0.83635837,9.471798,7200,0.23188406,100,100,63.1,0.30144927,Very Low,69.5,0.87394285,100,1747083600,Very Low,0.5608425,1.5621773,Very Low,1.4846816,60.5,1.5362319,100,1747083600,0.3768116
2025-05-12T21:14:56Z,20,29.896,72.9,61,65.3,4,1,247,81,0.0,255,32767,0.0,2127-15-31,0.0,0.16,26.24,0.0,0.0,0.0,0,4.828125,6,9,05:48,20:11,2025-05-12 21:14:55.813590,Città della Scienza,73.0,1.5807403,10.54045,0.70105314,0.66908664,EU EEA Common AQI,70.2,0.83635837,9.471798,7200,0.23188406,100,100,63.1,0.30144927,Very Low,69.5,0.87394285,100,1747083600,Very Low,0.5608425,1.5621773,Very Low,1.4846816,60.5,1.5362319,100,1747083600,0.3768116
2025-05-12T21:15:07Z,20,29.896,72.9,61,65.3,4,1,277,81,0.0,255,32767,0.0,2127-15-31,0.0,0.16,26.24,0.0,0.0,0.0,0,4.828125,6,9,05:48,20:11,2025-05-12 21:15:06.886597,Città della Scienza,73.0,1.5807403,10.54045,0.70105314,0.66908664,EU EEA Common AQI,70.2,0.83635837,9.471798,7200,0.23188406,100,100,63.1,0.30144927,Very Low,69.5,0.87394285,100,1747083600,Very Low,0.5608425,1.5621773,Very Low,1.4846816,60.5,1.5362319,100,1747083600,0.3768116
2025-05-12T21:15:18Z,20,29.896,72.9,61,65.3,2,1,260,81,0.0,255,32767,0.0,2127-15-31,0.0,0.16,26.24,0.0,0.0,0.0,0,4.828125,6,9,05:48,20:11,2025-05-12 21:15:17.928610,Città della Scienza,73.0,1.5807403,10.54045,0.70105314,0.66908664,EU EEA Common AQI,70.2,0.83635837,9.471798,7200,0.23188406,100,100,63.1,0.30144927,Very Low,69.5,0.87394285,100,1747083600,Very Low,0.5608425,1.5621773,Very Low,1.4846816,60.5,1.5362319,100,1747083600,0.3768116
2025-05-12T21:15:29Z,20,29.896,72.9,61,65.3,2,1,266,81,0.0,255,32767,0.0,2127-15-31,0.0,0.16,26.24,0.0,0.0,0.0,0,4.828125,6,9,05:48,20:11,2025-05-12 21:15:29.028589,Città della Scienza,72.4,1.6152865,10.479421,0.7087123,0.66388035,EU EEA Common AQI,70.1,0.8298505,9.410779,7200,0.5362319,100,100,63.0,0.6724637,Very Low,69.5,0.8814425,100,1747084500,Very Low,0.5669698,1.5728688,Very Low,1.5203446,60.2,1.4492754,100,1747084500,0.8405797
2025-05-12T21:15:40Z,20,29.896,72.9,61,65.3,1,1,266,81,0.0,255,32767,0.0,2127-15-31,0.0,0.16,26.24,0.0,0.0,0.0,0,4.828125,6,9,05:48,20:11,2025-05-12 21:15:40.136595,Città della Scienza,72.4,1.6152865,10.479421,0.7087123,0.66388035,EU EEA Common AQI,70.1,0.8298505,9.410779,7200,0.5362319,100,100,63.0,0.6724637,Very Low,69.5,0.8814425,100,1747084500,Very Low,0.5669698,1.5728688,Very Low,1.5203446,60.2,1.4492754,100,1747084500,0.8405797
2025-05-12T21:15:51Z,20,29.896,72.9,61,65.3,2,1,262,81,0.0,255,32767,0.0,2127-15-31,0.0,0.16,26.24,0.0,0.0,0.0,0,4.828125,6,9,05:48,20:11,2025-05-12 21:15:51.245603,Città della Scienza,72.4,1.6152865,10.479421,0.7087123,0.66388035,EU EEA Common AQI,70.1,0.8298505,9.410779,7200,0.5362319,100,100,63.0,0.6724637,Very Low,69.5,0.8814425,100,1747084500,Very Low,0.5669698,1.5728688,Very Low,1.5203446,60.2,1.4492754,100,1747084500,0.8405797
2025-05-12T21:16:02Z,20,29.896,72.9,61,65.3,3,1,248,81,0.0,255,32767,0.0,2127-15-31,0.0,0.16,26.24,0.0,0.0,0.0,0,4.828125,6,9,05:48,20:11,2025-05-12 21:16:02.339606,Città della Scienza,72.4,1.6152865,10.479421,0.7087123,0.66388035,EU EEA Common AQI,70.1,0.8298505,9.410779,7200,0.5362319,100,100,63.0,0.6724637,Very Low,69.5,0.8814425,100,1747084500,Very Low,0.5669698,1.5728688,Very Low,1.5203446,60.2,1.4492754,100,1747084500,0.8405797
2025-05-12T21:16:13Z,20,29.896,72.9,61,65.3,2,1,233,81,0.0,255,32767,0.0,2127-15-31,0.0,0.16,26.24,0.0,0.0,0.0,0,4.828125,6,9,05:48,20:11,2025-05-12 21:16:13.441589,Città della Scienza,72.4,1.6152865,10.479421,0.7087123,0.66388035,EU EEA Common AQI,70.1,0.8298505,9.410779,7200,0.5362319,100,100,63.0,0.6724637,Very Low,69.5,0.8814425,100,1747084500,Very Low,0.5669698,1.5728688,Very Low,1.5203446,60.2,1.4492754,100,1747084500,0.8405797
2025-05-12T21:16:24Z,20,29.896,72.9,61,65.3,3,1,240,81,0.0,255,32767,0.0,2127-15-31,0.0,0.16,26.24,0.0,0.0,0.0,0,4.828125,6,9,05:48,20:11,2025-05-12 21:16:24.553590,Città della Scienza,72.4,1.6152865,10.479421,0.7087123,0.66388035,EU EEA Common AQI,70.1,0.8298505,9.410779,7200,0.5362319,100,100,63.0,0.6724637,Very Low,69.5,0.8814425,100,1747084500,Very Low,0.5669698,1.5728688,Very Low,1.5203446,60.2,1.4492754,100,1747084500,0.8405797
2025-05-12T21:16:35Z,20,29.896,73.0,61,65.3,1,2,242,81,0.0,255,32767,0.0,2127-15-31,0.0,0.16,26.24,0.0,0.0,0.0,0,4.828125,6,9,05:48,20:11,2025-05-12 21:16:35.684596,Città della Scienza,72.4,1.6152865,10.479421,0.7087123,0.66388035,EU EEA Common AQI,70.1,0.8298505,9.410779,7200,0.5362319,100,100,63.0,0.6724637,Very Low,69.5,0.8814425,100,1747084500,Very Low,0.5669698,1.5728688,Very Low,1.5203446,60.2,1.4492754,100,1747084500,0.8405797
2025-05-12T21:16:46Z,20,29.896,73.0,61,65.3,1,2,267,81,0.0,255,32767,0.0,2127-15-31,0.0,0.16,26.24,0.0,0.0,0.0,0,4.828125,6,9,05:48,20:11,2025-05-12 21:16:46.780589,Città della Scienza,72.4,1.6152865,10.479421,0.7087123,0.66388035,EU EEA Common AQI,70.1,0.8298505,9.410779,7200,0.5362319,100,100,63.0,0.6724637,Very Low,69.5,0.8814425,100,1747084500,Very Low,0.5669698,1.5728688,Very Low,1.5203446,60.2,1.4492754,100,1747084500,0.8405797
2025-05-12T21:16:58Z,20,29.896,73.0,61,65.4,2,2,265,81,0.0,255,32767,0.0,2127-15-31,0.0,0.16,26.24,0.0,0.0,0.0,0,4.828125,6,9,05:48,20:11,2025-05-12 21:16:57.845590,Città della Scienza,72.4,1.6152865,10.479421,0.7087123,0.66388035,EU EEA Common AQI,70.1,0.8298505,9.410779,7200,0.5362319,100,100,63.0,0.6724637,Very Low,69.5,0.8814425,100,1747084500,Very Low,0.5669698,1.5728688,Very Low,1.5203446,60.2,1.4492754,100,1747084500,0.8405797
2025-05-12T21:17:09Z,20,29.896,73.0,61,65.3,3,2,269,81,0.0,255,32767,0.0,2127-15-31,0.0,0.16,26.24,0.0,0.0,0.0,0,4.828125,6,9,05:48,20:11,2025-05-12 21:17:08.946608,Città della Scienza,72.4,1.6152865,10.479421,0.7087123,0.66388035,EU EEA Common AQI,70.1,0.8298505,9.410779,7200,0.5362319,100,100,63.0,0.6724637,Very Low,69.5,0.8814425,100,1747084500,Very Low,0.5669698,1.5728688,Very Low,1.5203446,60.2,1.4492754,100,1747084500,0.8405797
2025-05-12T21:17:20Z,20,29.896,73.0,61,65.4,3,2,276,81,0.0,255,32767,0.0,2127-15-31,0.0,0.16,26.24,0.0,0.0,0.0,0,4.828125,6,9,05:48,20:11,2025-05-12 21:17:20.046593,Città della Scienza,72.4,1.6152865,10.479421,0.7087123,0.66388035,EU EEA Common AQI,70.1,0.8298505,9.410779,7200,0.5362319,100,100,63.0,0.6724637,Very Low,69.5,0.8814425,100,1747084500,Very Low,0.5669698,1.5728688,Very Low,1.5203446,60.2,1.4492754,100,1747084500,0.8405797
2025-05-12T21:17:31Z,20,29.896,73.0,61,65.4,2,2,263,81,0.0,255,32767,0.0,2127-15-31,0.0,0.16,26.24,0.0,0.0,0.0,0,4.828125,6,9,05:48,20:11,2025-05-12 21:17:31.127600,Città della Scienza,72.4,1.6152865,10.479421,0.7087123,0.66388035,EU EEA Common AQI,70.1,0.8298505,9.410779,7200,0.5362319,100,100,63.0,0.6724637,Very Low,69.5,0.8814425,100,1747084500,Very Low,0.5669698,1.5728688,Very Low,1.5203446,60.2,1.4492754,100,1747084500,0.8405797
2025-05-12T21:17:42Z,20,29.898,72.9,61,65.3,1,2,263,81,0.0,255,32767,0.0,2127-15-31,0.0,0.16,26.24,0.0,0.0,0.0,0,4.828125,6,9,05:48,20:11,2025-05-12 21:17:42.186609,Città della Scienza,72.4,1.6152865,10.479421,0.7087123,0.66388035,EU EEA Common AQI,70.1,0.8298505,9.410779,7200,0.5362319,100,100,63.0,0.6724637,Very Low,69.5,0.8814425,100,1747084500,Very Low,0.5669698,1.5728688,Very Low,1.5203446,60.2,1.4492754,100,1747084500,0.8405797
2025-05-12T21:17:53Z,20,29.898,72.9,61,65.4,2,2,254,81,0.0,255,32767,0.0,2127-15-31,0.0,0.16,26.24,0.0,0.0,0.0,0,4.828125,6,9,05:48,20:11,2025-05-12 21:17:53.220600,Città della Scienza,72.4,1.6152865,10.479421,0.7087123,0.66388035,EU EEA Common AQI,70.1,0.8298505,9.410779,7200,0.5362319,100,100,63.0,0.6724637,Very Low,69.5,0.8814425,100,1747084500,Very Low,0.5669698,1.5728688,Very Low,1.5203446,60.2,1.4492754,100,1747084500,0.8405797
2025-05-12T21:18:04Z,20,29.898,72.9,61,65.4,2,2,256,81,0.0,255,32767,0.0,2127-15-31,0.0,0.16,26.24,0.0,0.0,0.0,0,4.828125,6,9,05:48,20:11,2025-05-12 21:18:04.267591,Città della Scienza,72.4,1.6152865,10.479421,0.7087123,0.66388035,EU EEA Common AQI,70.1,0.8298505,9.410779,7200,0.5362319,100,100,63.0,0.6724637,Very Low,69.5,0.8814425,100,1747084500,Very Low,0.5669698,1.5728688,Very Low,1.5203446,60.2,1.4492754,100,1747084500,0.8405797
2025-05-12T21:18:15Z,20,29.898,72.9,61,65.3,2,2,245,81,0.0,255,32767,0.0,2127-15-31,0.0,0.16,26.24,0.0,0.0,0.0,0,4.828125,6,9,05:48,20:11,2025-05-12 21:18:15.358610,Città della Scienza,72.4,1.6152865,10.479421,0.7087123,0.66388035,EU EEA Common AQI,70.1,0.8298505,9.410779,7200,0.5362319,100,100,63.0,0.6724637,Very Low,69.5,0.8814425,100,1747084500,Very Low,0.5669698,1.5728688,Very Low,1.5203446,60.2,1.4492754,100,1747084500,0.8405797
2025-05-12T21:18:26Z,20,29.898,72.9,61,65.3,2,2,242,81,0.0,255,32767,0.0,2127-15-31,0.0,0.16,26.24,0.0,0.0,0.0,0,4.828125,6,9,05:48,20:11,2025-05-12 21:18:26.441598,Città della Scienza,72.4,1.6152865,10.479421,0.7087123,0.66388035,EU EEA Common AQI,70.1,0.8298505,9.410779,7200,0.5362319,100,100,63.0,0.6724637,Very Low,69.5,0.8814425,100,1747084500,Very Low,0.5669698,1.5728688,Very Low,1.5203446,60.2,1.4492754,100,1747084500,0.8405797
2025-05-12T21:18:37Z,20,29.898,73.0,61,65.3,1,2,244,81,0.0,255,32767,0.0,2127-15-31,0.0,0.16,26.24,0.0,0.0,0.0,0,4.828125,6,9,05:48,20:11,2025-05-12 21:18:37.512586,Città della Scienza,72.4,1.6152865,10.479421,0.7087123,0.66388035,EU EEA Common AQI,70.1,0.8298505,9.410779,7200,0.5362319,100,100,63.0,0.6724637,Very Low,69.5,0.8814425,100,1747084500,Very Low,0.5669698,1.5728688,Very Low,1.5203446,60.2,1.4492754,100,1747084500,0.8405797
2025-05-12T21:18:48Z,20,29.898,73.0,61,65.4,1,2,244,81,0.0,255,32767,0.0,2127-15-31,0.0,0.16,26.24,0.0,0.0,0.0,0,4.828125,6,9,05:48,20:11,2025-05-12 21:18:48.586587,Città della Scienza,72.4,1.6152865,10.479421,0.7087123,0.66388035,EU EEA Common AQI,70.1,0.8298505,9.410779,7200,0.5362319,100,100,63.0,0.6724637,Very Low,69.5,0.8814425,100,1747084500,Very Low,0.5669698,1.5728688,Very Low,1.5203446,60.2,1.4492754,100,1747084500,0.8405797
2025-05-12T21:18:59Z,20,29.898,73.0,61,65.3,3,2,256,81,0.0,255,32767,0.0,2127-15-31,0.0,0.16,26.24,0.0,0.0,0.0,0,4.828125,6,9,05:48,20:11,2025-05-12 21:18:59.642609,Città della Scienza,72.4,1.6152865,10.479421,0.7087123,0.66388035,EU EEA Common AQI,70.1,0.8298505,9.410779,7200,0.5362319,100,100,63.0,0.6724637,Very Low,69.5,0.8814425,100,1747084500,Very Low,0.5669698,1.5728688,Very Low,1.5203446,60.2,1.4492754,100,1747084500,0.8405797
2025-05-12T21:19:10Z,20,29.898,73.0,61,65.3,2,2,264,81,0.0,255,32767,0.0,2127-15-31,0.0,0.16,26.24,0.0,0.0,0.0,0,4.828125,6,9,05:48,20:11,2025-05-12 21:19:10.735589,Città della Scienza,72.4,1.6152865,10.479421,0.7087123,0.66388035,EU EEA Common AQI,70.1,0.8298505,9.410779,7200,0.5362319,100,100,63.0,0.6724637,Very Low,69.5,0.8814425,100,1747084500,Very Low,0.5669698,1.5728688,Very Low,1.5203446,60.2,1.4492754,100,1747084500,0.8405797
2025-05-12T21:19:22Z,20,29.898,73.0,61,65.3,2,2,271,81,0.0,255,32767,0.0,2127-15-31,0.0,0.16,26.24,0.0,0.0,0.0,0,4.828125,6,9,05:48,20:11,2025-05-12 21:19:21.850594,Città della Scienza,72.4,1.6152865,10.479421,0.7087123,0.66388035,EU EEA Common AQI,70.1,0.8298505,9.410779,7200,0.5362319,100,100,63.0,0.6724637,Very Low,69.5,0.8814425,100,1747084500,Very Low,0.5669698,1.5728688,Very Low,1.5203446,60.2,1.4492754,100,1747084500,0.8405797
2025-05-12T21:19:33Z,20,29.898,73.0,61,65.3,5,2,250,81,0.0,255,32767,0.0,2127-15-31,0.0,0.16,26.24,0.0,0.0,0.0,0,4.828125,6,9,05:48,20:11,2025-05-12 21:19:32.966599,Città della Scienza,72.4,1.6152865,10.479421,0.7087123,0.66388035,EU EEA Common AQI,70.1,0.8298505,9.410779,7200,0.5362319,100,100,63.0,0.6724637,Very Low,69.5,0.8814425,100,1747084500,Very Low,0.5669698,1.5728688,Very Low,1.5203446,60.2,1.4492754,100,1747084500,0.8405797
2025-05-12T21:19:44Z,20,29.897,73.0,61,65.3,6,2,266,81,0.0,255,32767,0.0,2127-15-31,0.0,0.16,26.24,0.0,0.0,0.0,0,4.828125,6,9,05:48,20:11,2025-05-12 21:19:44.038589,Città della Scienza,72.4,1.6152865,10.479421,0.7087123,0.66388035,EU EEA Common AQI,70.1,0.8298505,9.410779,7200,0.5362319,100,100,63.0,0.6724637,Very Low,69.5,0.8814425,100,1747084500,Very Low,0.5669698,1.5728688,Very Low,1.5203446,60.2,1.4492754,100,1747084500,0.8405797
2025-05-12T21:19:55Z,20,29.897,73.0,61,65.3,7,2,268,81,0.0,255,32767,0.0,2127-15-31,0.0,0.16,26.24,0.0,0.0,0.0,0,4.828125,6,9,05:48,20:11,2025-05-12 21:19:55.116584,Città della Scienza,72.4,1.6152865,10.479421,0.7087123,0.66388035,EU EEA Common AQI,70.1,0.8298505,9.410779,7200,0.5362319,100,100,63.0,0.6724637,Very Low,69.5,0.8814425,100,1747084500,Very Low,0.5669698,1.5728688,Very Low,1.5203446,60.2,1.4492754,100,1747084500,0.8405797
2025-05-12T21:20:06Z,20,29.897,73.0,61,65.3,8,2,267,81,0.0,255,32767,0.0,2127-15-31,0.0,0.16,26.24,0.0,0.0,0.0,0,4.828125,6,9,05:48,20:11,2025-05-12 21:20:06.219596,Città della Scienza,72.4,1.6152865,10.479421,0.7087123,0.66388035,EU EEA Common AQI,70.1,0.8298505,9.410779,7200,0.5362319,100,100,63.0,0.6724637,Very Low,69.5,0.8814425,100,1747084500,Very Low,0.5669698,1.5728688,Very Low,1.5203446,60.2,1.4492754,100,1747084500,0.8405797
2025-05-12T21:20:17Z,20,29.897,73.0,61,65.3,7,2,267,81,0.0,255,32767,0.0,2127-15-31,0.0,0.16,26.24,0.0,0.0,0.0,0,4.828125,6,9,05:48,20:11,2025-05-12 21:20:17.318607,Città della Scienza,72.4,1.6152865,10.479421,0.7087123,0.66388035,EU EEA Common AQI,70.1,0.8298505,9.410779,7200,0.5362319,100,100,63.0,0.6724637,Very Low,69.5,0.8814425,100,1747084500,Very Low,0.5669698,1.5728688,Very Low,1.5203446,60.2,1.4492754,100,1747084500,0.8405797
2025-05-12T21:20:28Z,20,29.897,73.0,61,65.4,6,2,268,81,0.0,255,32767,0.0,2127-15-31,0.0,0.16,26.24,0.0,0.0,0.0,0,4.828125,6,9,05:48,20:11,2025-05-12 21:20:28.427592,Città della Scienza,72.4,1.6152865,10.479421,0.7087123,0.66388035,EU EEA Common AQI,70.1,0.8298505,9.410779,7200,0.5362319,100,100,63.0,0.6724637,Very Low,69.5,0.8814425,100,1747084500,Very Low,0.5669698,1.5728688,Very Low,1.5203446,60.2,1.4492754,100,1747084500,0.8405797
2025-05-12T21:20:39Z,20,29.897,73.0,61,65.3,6,3,263,81,0.0,255,32767,0.0,2127-15-31,0.0,0.16,26.24,0.0,0.0,0.0,0,4.828125,6,9,05:48,20:11,2025-05-12 21:20:39.455854,Città della Scienza,72.4,1.6152865,10.479421,0.7087123,0.66388035,EU EEA Common AQI,70.1,0.8298505,9.410779,7200,0.5362319,100,100,63.0,0.6724637,Very Low,69.5,0.8814425,100,1747084500,Very Low,0.5669698,1.5728688,Very Low,1.5203446,60.2,1.4492754,100,1747084500,0.8405797
2025-05-12T21:20:50Z,20,29.897,73.0,61,65.3,3,3,269,82,0.0,255,32767,0.0,2127-15-31,0.0,0.16,26.24,0.0,0.0,0.0,0,4.828125,6,9,05:48,20:11,2025-05-12 21:20:50.593591,Città della Scienza,72.4,1.6152865,10.479421,0.7087123,0.66388035,EU EEA Common AQI,70.1,0.8298505,9.410779,7200,0.5362319,100,100,63.0,0.6724637,Very Low,69.5,0.8814425,100,1747084500,Very Low,0.5669698,1.5728688,Very Low,1.5203446,60.2,1.4492754,100,1747084500,0.8405797
2025-05-12T21:21:01Z,20,29.897,73.0,61,65.3,3,3,259,82,0.0,255,32767,0.0,2127-15-31,0.0,0.16,26.24,0.0,0.0,0.0,0,4.828125,6,9,05:48,20:11,2025-05-12 21:21:01.661590,Città della Scienza,72.4,1.6152865,10.479421,0.7087123,0.66388035,EU EEA Common AQI,70.1,0.8298505,9.410779,7200,0.5362319,100,100,63.0,0.6724637,Very Low,69.5,0.8814425,100,1747084500,Very Low,0.5669698,1.5728688,Very Low,1.5203446,60.2,1.4492754,100,1747084500,0.8405797
2025-05-12T21:21:12Z,20,29.897,73.0,61,65.3,2,3,269,82,0.0,255,32767,0.0,2127-15-31,0.0,0.16,26.24,0.0,0.0,0.0,0,4.828125,6,9,05:48,20:11,2025-05-12 21:21:12.769592,Città della Scienza,72.4,1.6152865,10.479421,0.7087123,0.66388035,EU EEA Common AQI,70.1,0.8298505,9.410779,7200,0.5362319,100,100,63.0,0.6724637,Very Low,69.5,0.8814425,100,1747084500,Very Low,0.5669698,1.5728688,Very Low,1.5203446,60.2,1.4492754,100,1747084500,0.8405797
2025-05-12T21:21:24Z,20,29.897,73.0,61,65.4,2,3,262,82,0.0,255,32767,0.0,2127-15-31,0.0,0.16,26.24,0.0,0.0,0.0,0,4.828125,6,9,05:48,20:11,2025-05-12 21:21:23.879590,Città della Scienza,72.4,1.6152865,10.479421,0.7087123,0.66388035,EU EEA Common AQI,70.1,0.8298505,9.410779,7200,0.5362319,100,100,63.0,0.6724637,Very Low,69.5,0.8814425,100,1747084500,Very Low,0.5669698,1.5728688,Very Low,1.5203446,60.2,1.4492754,100,1747084500,0.8405797
2025-05-12T21:21:35Z,20,29.896,73.0,61,65.4,4,3,258,82,0.0,255,32767,0.0,2127-15-31,0.0,0.16,26.24,0.0,0.0,0.0,0,4.828125,6,9,05:48,20:11,2025-05-12 21:21:34.968610,Città della Scienza,72.4,1.6152865,10.479421,0.7087123,0.66388035,EU EEA Common AQI,70.1,0.8298505,9.410779,7200,0.5362319,100,100,63.0,0.6724637,Very Low,69.5,0.8814425,100,1747084500,Very Low,0.5669698,1.5728688,Very Low,1.5203446,60.2,1.4492754,100,1747084500,0.8405797
2025-05-12T21:21:46Z,20,29.896,73.0,61,65.4,6,3,275,82,0.0,255,32767,0.0,2127-15-31,0.0,0.16,26.24,0.0,0.0,0.0,0,4.828125,6,9,05:48,20:11,2025-05-12 21:21:46.086597,Città della Scienza,72.4,1.6152865,10.479421,0.7087123,0.66388035,EU EEA Common AQI,70.1,0.8298505,9.410779,7200,0.5362319,100,100,63.0,0.6724637,Very Low,69.5,0.8814425,100,1747084500,Very Low,0.5669698,1.5728688,Very Low,1.5203446,60.2,1.4492754,100,1747084500,0.8405797
2025-05-12T21:21:57Z,20,29.896,73.0,61,65.4,4,3,271,82,0.0,255,32767,0.0,2127-15-31,0.0,0.16,26.24,0.0,0.0,0.0,0,4.828125,6,9,05:48,20:11,2025-05-12 21:21:57.130592,Città della Scienza,72.4,1.6152865,10.479421,0.7087123,0.66388035,EU EEA Common AQI,70.1,0.8298505,9.410779,7200,0.5362319,100,100,63.0,0.6724637,Very Low,69.5,0.8814425,100,1747084500,Very Low,0.5669698,1.5728688,Very Low,1.5203446,60.2,1.4492754,100,1747084500,0.8405797
2025-05-12T21:22:08Z,20,29.896,73.0,61,65.4,2,3,263,82,0.0,255,32767,0.0,2127-15-31,0.0,0.16,26.24,0.0,0.0,0.0,0,4.828125,6,9,05:48,20:11,2025-05-12 21:22:08.204591,Città della Scienza,72.4,1.6152865,10.479421,0.7087123,0.66388035,EU EEA Common AQI,70.1,0.8298505,9.410779,7200,0.5362319,100,100,63.0,0.6724637,Very Low,69.5,0.8814425,100,1747084500,Very Low,0.5669698,1.5728688,Very Low,1.5203446,60.2,1.4492754,100,1747084500,0.8405797
2025-05-12T21:22:19Z,20,29.896,73.0,61,65.3,4,3,236,82,0.0,255,32767,0.0,2127-15-31,0.0,0.16,26.24,0.0,0.0,0.0,0,4.828125,6,9,05:48,20:11,2025-05-12 21:22:19.288595,Città della Scienza,72.4,1.6152865,10.479421,0.7087123,0.66388035,EU EEA Common AQI,70.1,0.8298505,9.410779,7200,0.5362319,100,100,63.0,0.6724637,Very Low,69.5,0.8814425,100,1747084500,Very Low,0.5669698,1.5728688,Very Low,1.5203446,60.2,1.4492754,100,1747084500,0.8405797
2025-05-12T21:22:30Z,20,29.896,73.0,61,65.4,2,3,236,82,0.0,255,32767,0.0,2127-15-31,0.0,0.16,26.24,0.0,0.0,0.0,0,4.828125,6,9,05:48,20:11,2025-05-12 21:22:30.346585,Città della Scienza,72.4,1.6152865,10.479421,0.7087123,0.66388035,EU EEA Common AQI,70.1,0.8298505,9.410779,7200,0.5362319,100,100,63.0,0.6724637,Very Low,69.5,0.8814425,100,1747084500,Very Low,0.5669698,1.5728688,Very Low,1.5203446,60.2,1.4492754,100,1747084500,0.8405797
2025-05-12T21:22:41Z,20,29.895,73.0,61,65.4,2,3,229,82,0.0,255,32767,0.0,2127-15-31,0.0,0.16,26.24,0.0,0.0,0.0,0,4.828125,6,9,05:48,20:11,2025-05-12 21:22:41.433596,Città della Scienza,72.4,1.6152865,10.479421,0.7087123,0.66388035,EU EEA Common AQI,70.1,0.8298505,9.410779,7200,0.5362319,100,100,63.0,0.6724637,Very Low,69.5,0.8814425,100,1747084500,Very Low,0.5669698,1.5728688,Very Low,1.5203446,60.2,1.4492754,100,1747084500,0.8405797
2025-05-12T21:22:52Z,20,29.895,73.0,61,65.4,1,3,229,82,0.0,255,32767,0.0,2127-15-31,0.0,0.16,26.24,0.0,0.0,0.0,0,4.828125,6,9,05:48,20:11,2025-05-12 21:22:52.492600,Città della Scienza,72.4,1.6152865,10.479421,0.7087123,0.66388035,EU EEA Common AQI,70.1,0.8298505,9.410779,7200,0.5362319,100,100,63.0,0.6724637,Very Low,69.5,0.8814425,100,1747084500,Very Low,0.5669698,1.5728688,Very Low,1.5203446,60.2,1.4492754,100,1747084500,0.8405797
2025-05-12T21:23:03Z,20,29.895,73.0,61,65.4,1,3,298,82,0.0,255,32767,0.0,2127-15-31,0.0,0.16,26.24,0.0,0.0,0.0,0,4.828125,6,9,05:48,20:11,2025-05-12 21:23:03.564569,Città della Scienza,72.4,1.6152865,10.479421,0.7087123,0.66388035,EU EEA Common AQI,70.1,0.8298505,9.410779,7200,0.5362319,100,100,63.0,0.6724637,Very Low,69.5,0.8814425,100,1747084500,Very Low,0.5669698,1.5728688,Very Low,1.5203446,60.2,1.4492754,100,1747084500,0.8405797
2025-05-12T21:23:14Z,20,29.895,73.0,61,65.4,4,3,240,82,0.0,255,32767,0.0,2127-15-31,0.0,0.16,26.24,0.0,0.0,0.0,0,4.828125,6,9,05:48,20:11,2025-05-12 21:23:14.661589,Città della Scienza,72.4,1.6152865,10.479421,0.7087123,0.66388035,EU EEA Common AQI,70.1,0.8298505,9.410779,7200,0.5362319,100,100,63.0,0.6724637,Very Low,69.5,0.8814425,100,1747084500,Very Low,0.5669698,1.5728688,Very Low,1.5203446,60.2,1.4492754,100,1747084500,0.8405797
2025-05-12T21:23:25Z,20,29.895,73.0,61,65.4,4,3,251,82,0.0,255,32767,0.0,2127-15-31,0.0,0.16,26.24,0.0,0.0,0.0,0,4.828125,6,9,05:48,20:11,2025-05-12 21:23:25.742589,Città della Scienza,72.4,1.6152865,10.479421,0.7087123,0.66388035,EU EEA Common AQI,70.1,0.8298505,9.410779,7200,0.5362319,100,100,63.0,0.6724637,Very Low,69.5,0.8814425,100,1747084500,Very Low,0.5669698,1.5728688,Very Low,1.5203446,60.2,1.4492754,100,1747084500,0.8405797
2025-05-12T21:23:37Z,20,29.896,73.0,61,65.4,7,3,261,82,0.0,255,32767,0.0,2127-15-31,0.0,0.16,26.24,0.0,0.0,0.0,0,4.828125,6,9,05:48,20:11,2025-05-12 21:23:36.821633,Città della Scienza,72.4,1.6152865,10.479421,0.7087123,0.66388035,EU EEA Common AQI,70.1,0.8298505,9.410779,7200,0.5362319,100,100,63.0,0.6724637,Very Low,69.5,0.8814425,100,1747084500,Very Low,0.5669698,1.5728688,Very Low,1.5203446,60.2,1.4492754,100,1747084500,0.8405797
2025-05-12T21:23:48Z,20,29.896,73.0,61,65.4,4,3,281,82,0.0,255,32767,0.0,2127-15-31,0.0,0.16,26.24,0.0,0.0,0.0,0,4.828125,6,9,05:48,20:11,2025-05-12 21:23:47.901602,Città della Scienza,72.4,1.6152865,10.479421,0.7087123,0.66388035,EU EEA Common AQI,70.1,0.8298505,9.410779,7200,0.5362319,100,100,63.0,0.6724637,Very Low,69.5,0.8814425,100,1747084500,Very Low,0.5669698,1.5728688,Very Low,1.5203446,60.2,1.4492754,100,1747084500,0.8405797
2025-05-12T21:23:59Z,20,29.896,73.0,61,65.4,4,3,263,82,0.0,255,32767,0.0,2127-15-31,0.0,0.16,26.24,0.0,0.0,0.0,0,4.828125,6,9,05:48,20:11,2025-05-12 21:23:58.998600,Città della Scienza,72.4,1.6152865,10.479421,0.7087123,0.66388035,EU EEA Common AQI,70.1,0.8298505,9.410779,7200,0.5362319,100,100,63.0,0.6724637,Very Low,69.5,0.8814425,100,1747084500,Very Low,0.5669698,1.5728688,Very Low,1.5203446,60.2,1.4492754,100,1747084500,0.8405797
2025-05-12T21:24:10Z,20,29.896,73.0,61,65.4,2,3,262,82,0.0,255,32767,0.0,2127-15-31,0.0,0.16,26.24,0.0,0.0,0.0,0,4.828125,6,9,05:48,20:11,2025-05-12 21:24:10.073588,Città della Scienza,72.4,1.6152865,10.479421,0.7087123,0.66388035,EU EEA Common AQI,70.1,0.8298505,9.410779,7200,0.5362319,100,100,63.0,0.6724637,Very Low,69.5,0.8814425,100,1747084500,Very Low,0.5669698,1.5728688,Very Low,1.5203446,60.2,1.4492754,100,1747084500,0.8405797
2025-05-12T21:24:21Z,20,29.896,73.0,61,65.4,2,3,301,82,0.0,255,32767,0.0,2127-15-31,0.0,0.16,26.24,0.0,0.0,0.0,0,4.828125,6,9,05:48,20:11,2025-05-12 21:24:21.151589,Città della Scienza,72.4,1.6152865,10.479421,0.7087123,0.66388035,EU EEA Common AQI,70.1,0.8298505,9.410779,7200,0.5362319,100,100,63.0,0.6724637,Very Low,69.5,0.8814425,100,1747084500,Very Low,0.5669698,1.5728688,Very Low,1.5203446,60.2,1.4492754,100,1747084500,0.8405797
2025-05-12T21:24:32Z,20,29.896,73.0,61,65.4,2,3,273,82,0.0,255,32767,0.0,2127-15-31,0.0,0.16,26.24,0.0,0.0,0.0,0,4.828125,6,9,05:48,20:11,2025-05-12 21:24:32.225594,Città della Scienza,72.4,1.6152865,10.479421,0.7087123,0.66388035,EU EEA Common AQI,70.1,0.8298505,9.410779,7200,0.5362319,100,100,63.0,0.6724637,Very Low,69.5,0.8814425,100,1747084500,Very Low,0.5669698,1.5728688,Very Low,1.5203446,60.2,1.4492754,100,1747084500,0.8405797
2025-05-12T21:24:43Z,20,29.897,73.0,61,65.4,2,3,282,82,0.0,255,32767,0.0,2127-15-31,0.0,0.16,26.24,0.0,0.0,0.0,0,4.828125,6,9,05:48,20:11,2025-05-12 21:24:43.303582,Città della Scienza,72.4,1.6152865,10.479421,0.7087123,0.66388035,EU EEA Common AQI,70.1,0.8298505,9.410779,7200,0.5362319,100,100,63.0,0.6724637,Very Low,69.5,0.8814425,100,1747084500,Very Low,0.5669698,1.5728688,Very Low,1.5203446,60.2,1.4492754,100,1747084500,0.8405797
2025-05-12T21:24:54Z,20,29.897,73.0,61,65.4,2,3,259,82,0.0,255,32767,0.0,2127-15-31,0.0,0.16,26.24,0.0,0.0,0.0,0,4.828125,6,9,05:48,20:11,2025-05-12 21:24:54.396593,Città della Scienza,72.4,1.6152865,10.479421,0.7087123,0.66388035,EU EEA Common AQI,70.1,0.8298505,9.410779,7200,0.5362319,100,100,63.0,0.6724637,Very Low,69.5,0.8814425,100,1747084500,Very Low,0.5669698,1.5728688,Very Low,1.5203446,60.2,1.4492754,100,1747084500,0.8405797
2025-05-12T21:25:05Z,20,29.897,73.0,61,65.4,4,3,234,82,0.0,255,32767,0.0,2127-15-31,0.0,0.16,26.24,0.0,0.0,0.0,0,4.828125,6,9,05:48,20:11,2025-05-12 21:25:05.440581,Città della Scienza,72.4,1.6152865,10.479421,0.7087123,0.66388035,EU EEA Common AQI,70.1,0.8298505,9.410779,7200,0.5362319,100,100,63.0,0.6724637,Very Low,69.5,0.8814425,100,1747084500,Very Low,0.5669698,1.5728688,Very Low,1.5203446,60.2,1.4492754,100,1747084500,0.8405797
2025-05-12T21:25:16Z,20,29.897,73.0,61,65.4,7,3,257,82,0.0,255,32767,0.0,2127-15-31,0.0,0.16,26.24,0.0,0.0,0.0,0,4.828125,6,9,05:48,20:11,2025-05-12 21:25:16.504593,Città della Scienza,72.4,1.6152865,10.479421,0.7087123,0.66388035,EU EEA Common AQI,70.1,0.8298505,9.410779,7200,0.5362319,100,100,63.0,0.6724637,Very Low,69.5,0.8814425,100,1747084500,Very Low,0.5669698,1.5728688,Very Low,1.5203446,60.2,1.4492754,100,1747084500,0.8405797
2025-05-12T21:25:27Z,20,29.897,73.0,61,65.4,7,3,256,82,0.0,255,32767,0.0,2127-15-31,0.0,0.16,26.24,0.0,0.0,0.0,0,4.828125,6,9,05:48,20:11,2025-05-12 21:25:27.546592,Città della Scienza,72.4,1.6152865,10.479421,0.7087123,0.66388035,EU EEA Common AQI,70.1,0.8298505,9.410779,7200,0.5362319,100,100,63.0,0.6724637,Very Low,69.5,0.8814425,100,1747084500,Very Low,0.5669698,1.5728688,Very Low,1.5203446,60.2,1.4492754,100,1747084500,0.8405797
2025-05-12T21:25:38Z,20,29.897,73.0,61,65.4,3,3,248,82,0.0,255,32767,0.0,2127-15-31,0.0,0.16,26.24,0.0,0.0,0.0,0,4.828125,6,9,05:48,20:11,2025-05-12 21:25:38.635591,Città della Scienza,72.4,1.6152865,10.479421,0.7087123,0.66388035,EU EEA Common AQI,70.1,0.8298505,9.410779,7200,0.5362319,100,100,63.0,0.6724637,Very Low,69.5,0.8814425,100,1747084500,Very Low,0.5669698,1.5728688,Very Low,1.5203446,60.2,1.4492754,100,1747084500,0.8405797
2025-05-12T21:25:49Z,20,29.897,73.0,61,65.4,4,3,268,82,0.0,255,32767,0.0,2127-15-31,0.0,0.16,26.24,0.0,0.0,0.0,0,4.828125,6,9,05:48,20:11,2025-05-12 21:25:49.695557,Città della Scienza,72.4,1.6152865,10.479421,0.7087123,0.66388035,EU EEA Common AQI,70.1,0.8298505,9.410779,7200,0.5362319,100,100,63.0,0.6724637,Very Low,69.5,0.8814425,100,1747084500,Very Low,0.5669698,1.5728688,Very Low,1.5203446,60.2,1.4492754,100,1747084500,0.8405797
2025-05-12T21:26:00Z,20,29.897,73.0,61,65.4,4,3,277,82,0.0,255,32767,0.0,2127-15-31,0.0,0.16,26.24,0.0,0.0,0.0,0,4.828125,6,9,05:48,20:11,2025-05-12 21:26:00.772592,Città della Scienza,72.4,1.6152865,10.479421,0.7087123,0.66388035,EU EEA Common AQI,70.1,0.8298505,9.410779,7200,0.5362319,100,100,63.0,0.6724637,Very Low,69.5,0.8814425,100,1747084500,Very Low,0.5669698,1.5728688,Very Low,1.5203446,60.2,1.4492754,100,1747084500,0.8405797
2025-05-12T21:26:12Z,20,29.897,73.0,61,65.5,4,3,247,82,0.0,255,32767,0.0,2127-15-31,0.0,0.16,26.24,0.0,0.0,0.0,0,4.828125,6,9,05:48,20:11,2025-05-12 21:26:11.843595,Città della Scienza,72.4,1.6152865,10.479421,0.7087123,0.66388035,EU EEA Common AQI,70.1,0.8298505,9.410779,7200,0.5362319,100,100,63.0,0.6724637,Very Low,69.5,0.8814425,100,1747084500,Very Low,0.5669698,1.5728688,Very Low,1.5203446,60.2,1.4492754,100,1747084500,0.8405797
2025-05-12T21:26:23Z,20,29.897,73.0,61,65.5,3,3,273,82,0.0,255,32767,0.0,2127-15-31,0.0,0.16,26.24,0.0,0.0,0.0,0,4.828125,6,9,05:48,20:11,2025-05-12 21:26:22.916596,Città della Scienza,72.4,1.6152865,10.479421,0.7087123,0.66388035,EU EEA Common AQI,70.1,0.8298505,9.410779,7200,0.5362319,100,100,63.0,0.6724637,Very Low,69.5,0.8814425,100,1747084500,Very Low,0.5669698,1.5728688,Very Low,1.5203446,60.2,1.4492754,100,1747084500,0.8405797
2025-05-12T21:26:34Z,20,29.897,73.0,61,65.4,7,3,259,82,0.0,255,32767,0.0,2127-15-31,0.0,0.16,26.24,0.0,0.0,0.0,0,4.828125,6,9,05:48,20:11,2025-05-12 21:26:33.967605,Città della Scienza,72.4,1.6152865,10.479421,0.7087123,0.66388035,EU EEA Common AQI,70.1,0.8298505,9.410779,7200,0.5362319,100,100,63.0,0.6724637,Very Low,69.5,0.8814425,100,1747084500,Very Low,0.5669698,1.5728688,Very Low,1.5203446,60.2,1.4492754,100,1747084500,0.8405797
2025-05-12T21:26:45Z,20,29.897,73.0,61,65.4,6,3,269,82,0.0,255,32767,0.0,2127-15-31,0.0,0.16,26.24,0.0,0.0,0.0,0,4.828125,6,9,05:48,20:11,2025-05-12 21:26:45.087592,Città della Scienza,72.4,1.6152865,10.479421,0.7087123,0.66388035,EU EEA Common AQI,70.1,0.8298505,9.410779,7200,0.5362319,100,100,63.0,0.6724637,Very Low,69.5,0.8814425,100,1747084500,Very Low,0.5669698,1.5728688,Very Low,1.5203446,60.2,1.4492754,100,1747084500,0.8405797
2025-05-12T21:26:56Z,20,29.897,73.0,61,65.5,5,3,245,82,0.0,255,32767,0.0,2127-15-31,0.0,0.16,26.24,0.0,0.0,0.0,0,4.828125,6,9,05:48,20:11,2025-05-12 21:26:56.162589,Città della Scienza,72.4,1.6152865,10.479421,0.7087123,0.66388035,EU EEA Common AQI,70.1,0.8298505,9.410779,7200,0.5362319,100,100,63.0,0.6724637,Very Low,69.5,0.8814425,100,1747084500,Very Low,0.5669698,1.5728688,Very Low,1.5203446,60.2,1.4492754,100,1747084500,0.8405797
2025-05-12T21:27:07Z,20,29.897,73.0,61,65.4,8,3,259,82,0.0,255,32767,0.0,2127-15-31,0.0,0.16,26.24,0.0,0.0,0.0,0,4.828125,6,9,05:48,20:11,2025-05-12 21:27:07.245587,Città della Scienza,72.4,1.6152865,10.479421,0.7087123,0.66388035,EU EEA Common AQI,70.1,0.8298505,9.410779,7200,0.5362319,100,100,63.0,0.6724637,Very Low,69.5,0.8814425,100,1747084500,Very Low,0.5669698,1.5728688,Very Low,1.5203446,60.2,1.4492754,100,1747084500,0.8405797
2025-05-12T21:27:18Z,20,29.897,73.0,61,65.4,5,3,254,82,0.0,255,32767,0.0,2127-15-31,0.0,0.16,26.24,0.0,0.0,0.0,0,4.828125,6,9,05:48,20:11,2025-05-12 21:27:18.394592,Città della Scienza,72.4,1.6152865,10.479421,0.7087123,0.66388035,EU EEA Common AQI,70.1,0.8298505,9.410779,7200,0.5362319,100,100,63.0,0.6724637,Very Low,69.5,0.8814425,100,1747084500,Very Low,0.5669698,1.5728688,Very Low,1.5203446,60.2,1.4492754,100,1747084500,0.8405797
2025-05-12T21:27:29Z,20,29.897,73.0,61,65.5,7,3,260,82,0.0,255,32767,0.0,2127-15-31,0.0,0.16,26.24,0.0,0.0,0.0,0,4.828125,6,9,05:48,20:11,2025-05-12 21:27:29.513585,Città della Scienza,72.4,1.6152865,10.479421,0.7087123,0.66388035,EU EEA Common AQI,70.1,0.8298505,9.410779,7200,0.5362319,100,100,63.0,0.6724637,Very Low,69.5,0.8814425,100,1747084500,Very Low,0.5669698,1.5728688,Very Low,1.5203446,60.2,1.4492754,100,1747084500,0.8405797
2025-05-12T21:27:40Z,20,29.896,73.0,61,65.5,6,4,263,82,0.0,255,32767,0.0,2127-15-31,0.0,0.16,26.24,0.0,0.0,0.0,0,4.828125,6,9,05:48,20:11,2025-05-12 21:27:40.612592,Città della Scienza,72.4,1.6152865,10.479421,0.7087123,0.66388035,EU EEA Common AQI,70.1,0.8298505,9.410779,7200,0.5362319,100,100,63.0,0.6724637,Very Low,69.5,0.8814425,100,1747084500,Very Low,0.5669698,1.5728688,Very Low,1.5203446,60.2,1.4492754,100,1747084500,0.8405797
2025-05-12T21:27:51Z,20,29.896,73.0,61,65.5,4,4,271,82,0.0,255,32767,0.0,2127-15-31,0.0,0.16,26.24,0.0,0.0,0.0,0,4.828125,6,9,05:48,20:11,2025-05-12 21:27:51.701588,Città della Scienza,72.4,1.6152865,10.479421,0.7087123,0.66388035,EU EEA Common AQI,70.1,0.8298505,9.410779,7200,0.5362319,100,100,63.0,0.6724637,Very Low,69.5,0.8814425,100,1747084500,Very Low,0.5669698,1.5728688,Very Low,1.5203446,60.2,1.4492754,100,1747084500,0.8405797
2025-05-12T21:28:03Z,20,29.896,73.0,61,65.5,8,4,263,82,0.0,255,32767,0.0,2127-15-31,0.0,0.16,26.24,0.0,0.0,0.0,0,4.828125,6,9,05:48,20:11,2025-05-12 21:28:02.820585,Città della Scienza,72.4,1.6152865,10.479421,0.7087123,0.66388035,EU EEA Common AQI,70.1,0.8298505,9.410779,7200,0.5362319,100,100,63.0,0.6724637,Very Low,69.5,0.8814425,100,1747084500,Very Low,0.5669698,1.5728688,Very Low,1.5203446,60.2,1.4492754,100,1747084500,0.8405797
2025-05-12T21:28:14Z,20,29.896,73.0,61,65.5,6,4,260,82,0.0,255,32767,0.0,2127-15-31,0.0,0.16,26.24,0.0,0.0,0.0,0,4.828125,6,9,05:48,20:11,2025-05-12 21:28:13.883603,Città della Scienza,72.4,1.6152865,10.479421,0.7087123,0.66388035,EU EEA Common AQI,70.1,0.8298505,9.410779,7200,0.5362319,100,100,63.0,0.6724637,Very Low,69.5,0.8814425,100,1747084500,Very Low,0.5669698,1.5728688,Very Low,1.5203446,60.2,1.4492754,100,1747084500,0.8405797
2025-05-12T21:28:25Z,20,29.896,73.0,61,65.5,4,4,259,82,0.0,255,32767,0.0,2127-15-31,0.0,0.16,26.24,0.0,0.0,0.0,0,4.828125,6,9,05:48,20:11,2025-05-12 21:28:25.013591,Città della Scienza,72.4,1.6152865,10.479421,0.7087123,0.66388035,EU EEA Common AQI,70.1,0.8298505,9.410779,7200,0.5362319,100,100,63.0,0.6724637,Very Low,69.5,0.8814425,100,1747084500,Very Low,0.5669698,1.5728688,Very Low,1.5203446,60.2,1.4492754,100,1747084500,0.8405797
2025-05-12T21:28:36Z,20,29.897,73.0,61,65.5,4,4,269,82,0.0,255,32767,0.0,2127-15-31,0.0,0.16,26.24,0.0,0.0,0.0,0,4.828125,6,9,05:48,20:11,2025-05-12 21:28:36.056587,Città della Scienza,72.4,1.6152865,10.479421,0.7087123,0.66388035,EU EEA Common AQI,70.1,0.8298505,9.410779,7200,0.5362319,100,100,63.0,0.6724637,Very Low,69.5,0.8814425,100,1747084500,Very Low,0.5669698,1.5728688,Very Low,1.5203446,60.2,1.4492754,100,1747084500,0.8405797
2025-05-12T21:28:47Z,20,29.897,73.0,61,65.5,3,4,270,82,0.0,255,32767,0.0,2127-15-31,0.0,0.16,26.24,0.0,0.0,0.0,0,4.828125,6,9,05:48,20:11,2025-05-12 21:28:47.174596,Città della Scienza,72.4,1.6152865,10.479421,0.7087123,0.66388035,EU EEA Common AQI,70.1,0.8298505,9.410779,7200,0.5362319,100,100,63.0,0.6724637,Very Low,69.5,0.8814425,100,1747084500,Very Low,0.5669698,1.5728688,Very Low,1.5203446,60.2,1.4492754,100,1747084500,0.8405797
2025-05-12T21:28:58Z,20,29.897,73.0,61,65.5,4,4,229,82,0.0,255,32767,0.0,2127-15-31,0.0,0.16,26.24,0.0,0.0,0.0,0,4.828125,6,9,05:48,20:11,2025-05-12 21:28:58.288592,Città della Scienza,72.4,1.6152865,10.479421,0.7087123,0.66388035,EU EEA Common AQI,70.1,0.8298505,9.410779,7200,0.5362319,100,100,63.0,0.6724637,Very Low,69.5,0.8814425,100,1747084500,Very Low,0.5669698,1.5728688,Very Low,1.5203446,60.2,1.4492754,100,1747084500,0.8405797
2025-05-12T21:29:09Z,20,29.897,73.0,61,65.5,3,4,261,82,0.0,255,32767,0.0,2127-15-31,0.0,0.16,26.24,0.0,0.0,0.0,0,4.828125,6,9,05:48,20:11,2025-05-12 21:29:09.355604,Città della Scienza,72.4,1.6152865,10.479421,0.7087123,0.66388035,EU EEA Common AQI,70.1,0.8298505,9.410779,7200,0.5362319,100,100,63.0,0.6724637,Very Low,69.5,0.8814425,100,1747084500,Very Low,0.5669698,1.5728688,Very Low,1.5203446,60.2,1.4492754,100,1747084500,0.8405797
2025-05-12T21:29:20Z,20,29.897,73.0,61,65.5,7,4,255,82,0.0,255,32767,0.0,2127-15-31,0.0,0.16,26.24,0.0,0.0,0.0,0,4.828125,6,9,05:48,20:11,2025-05-12 21:29:20.490593,Città della Scienza,72.4,1.6152865,10.479421,0.7087123,0.66388035,EU EEA Common AQI,70.1,0.8298505,9.410779,7200,0.5362319,100,100,63.0,0.6724637,Very Low,69.5,0.8814425,100,1747084500,Very Low,0.5669698,1.5728688,Very Low,1.5203446,60.2,1.4492754,100,1747084500,0.8405797
2025-05-12T21:29:31Z,20,29.897,73.0,61,65.5,10,4,239,82,0.0,255,32767,0.0,2127-15-31,0.0,0.16,26.24,0.0,0.0,0.0,0,4.828125,6,9,05:48,20:11,2025-05-12 21:29:31.558144,Città della Scienza,72.4,1.6152865,10.479421,0.7087123,0.66388035,EU EEA Common AQI,70.1,0.8298505,9.410779,7200,0.5362319,100,100,63.0,0.6724637,Very Low,69.5,0.8814425,100,1747084500,Very Low,0.5669698,1.5728688,Very Low,1.5203446,60.2,1.4492754,100,1747084500,0.8405797
2025-05-12T21:29:42Z,20,29.898,73.0,61,65.5,7,4,247,82,0.0,255,32767,0.0,2127-15-31,0.0,0.16,26.24,0.0,0.0,0.0,0,4.828125,6,9,05:48,20:11,2025-05-12 21:29:42.635599,Città della Scienza,72.4,1.6152865,10.479421,0.7087123,0.66388035,EU EEA Common AQI,70.1,0.8298505,9.410779,7200,0.5362319,100,100,63.0,0.6724637,Very Low,69.5,0.8814425,100,1747084500,Very Low,0.5669698,1.5728688,Very Low,1.5203446,60.2,1.4492754,100,1747084500,0.8405797
2025-05-12T21:29:53Z,20,29.898,73.0,61,65.5,8,4,257,82,0.0,255,32767,0.0,2127-15-31,0.0,0.16,26.24,0.0,0.0,0.0,0,4.828125,6,9,05:48,20:11,2025-05-12 21:29:53.730591,Città della Scienza,72.4,1.6152865,10.479421,0.7087123,0.66388035,EU EEA Common AQI,70.1,0.8298505,9.410779,7200,0.5362319,100,100,63.0,0.6724637,Very Low,69.5,0.8814425,100,1747084500,Very Low,0.5669698,1.5728688,Very Low,1.5203446,60.2,1.4492754,100,1747084500,0.8405797
2025-05-12T21:30:05Z,20,29.898,73.0,61,65.5,7,4,278,82,0.0,255,32767,0.0,2127-15-31,0.0,0.16,26.24,0.0,0.0,0.0,0,4.828125,6,9,05:48,20:11,2025-05-12 21:30:04.840590,Città della Scienza,72.4,1.6152865,10.479421,0.7087123,0.66388035,EU EEA Common AQI,70.1,0.8298505,9.410779,7200,0.5362319,100,100,63.0,0.6724637,Very Low,69.5,0.8814425,100,1747084500,Very Low,0.5669698,1.5728688,Very Low,1.5203446,60.2,1.4492754,100,1747084500,0.8405797
2025-05-12T21:30:16Z,20,29.898,73.0,61,65.5,8,4,256,82,0.0,255,32767,0.0,2127-15-31,0.0,0.16,26.24,0.0,0.0,0.0,0,4.828125,6,9,05:48,20:11,2025-05-12 21:30:15.933595,Città della Scienza,72.4,1.6152865,10.479421,0.7087123,0.66388035,EU EEA Common AQI,70.1,0.8298505,9.410779,7200,0.5362319,100,100,63.0,0.6724637,Very Low,69.5,0.8814425,100,1747084500,Very Low,0.5669698,1.5728688,Very Low,1.5203446,60.2,1.4492754,100,1747084500,0.8405797
2025-05-12T21:30:27Z,20,29.898,73.0,61,65.6,4,4,207,82,0.0,255,32767,0.0,2127-15-31,0.0,0.16,26.24,0.0,0.0,0.0,0,4.828125,6,9,05:48,20:11,2025-05-12 21:30:27.018598,Città della Scienza,74.5,1.5990107,10.400406,0.72481453,0.6592227,EU EEA Common AQI,70.2,0.82402843,9.333962,7200,0.74285716,100,100,63.4,0.70857143,Very Low,69.4,0.8577469,100,1747085400,Very Low,0.5798516,1.540628,Very Low,1.4252213,60.9,1.5428572,100,1747085400,0.8857143
2025-05-12T21:30:38Z,20,29.899,73.0,61,65.6,3,4,273,82,0.0,255,32767,0.0,2127-15-31,0.0,0.16,26.24,0.0,0.0,0.0,0,4.828125,6,9,05:48,20:11,2025-05-12 21:30:38.111605,Città della Scienza,74.5,1.5990107,10.400406,0.72481453,0.6592227,EU EEA Common AQI,70.2,0.82402843,9.333962,7200,0.74285716,100,100,63.4,0.70857143,Very Low,69.4,0.8577469,100,1747085400,Very Low,0.5798516,1.540628,Very Low,1.4252213,60.9,1.5428572,100,1747085400,0.8857143
2025-05-12T21:30:49Z,20,29.899,73.0,61,65.6,6,4,230,82,0.0,255,32767,0.0,2127-15-31,0.0,0.16,26.24,0.0,0.0,0.0,0,4.828125,6,9,05:48,20:11,2025-05-12 21:30:49.168577,Città della Scienza,74.5,1.5990107,10.400406,0.72481453,0.6592227,EU EEA Common AQI,70.2,0.82402843,9.333962,7200,0.74285716,100,100,63.4,0.70857143,Very Low,69.4,0.8577469,100,1747085400,Very Low,0.5798516,1.540628,Very Low,1.4252213,60.9,1.5428572,100,1747085400,0.8857143
2025-05-12T21:31:00Z,20,29.899,73.0,61,65.6,7,4,250,82,0.0,255,32767,0.0,2127-15-31,0.0,0.16,26.24,0.0,0.0,0.0,0,4.828125,6,9,05:48,20:11,2025-05-12 21:31:00.303599,Città della Scienza,74.5,1.5990107,10.400406,0.72481453,0.6592227,EU EEA Common AQI,70.2,0.82402843,9.333962,7200,0.74285716,100,100,63.4,0.70857143,Very Low,69.4,0.8577469,100,1747085400,Very Low,0.5798516,1.540628,Very Low,1.4252213,60.9,1.5428572,100,1747085400,0.8857143
2025-05-12T21:31:11Z,20,29.899,73.0,61,65.6,6,4,238,82,0.0,255,32767,0.0,2127-15-31,0.0,0.16,26.24,0.0,0.0,0.0,0,4.828125,6,9,05:48,20:11,2025-05-12 21:31:11.389596,Città della Scienza,74.5,1.5990107,10.400406,0.72481453,0.6592227,EU EEA Common AQI,70.2,0.82402843,9.333962,7200,0.74285716,100,100,63.4,0.70857143,Very Low,69.4,0.8577469,100,1747085400,Very Low,0.5798516,1.540628,Very Low,1.4252213,60.9,1.5428572,100,1747085400,0.8857143
2025-05-12T21:31:22Z,20,29.899,73.0,61,65.6,6,4,241,82,0.0,255,32767,0.0,2127-15-31,0.0,0.16,26.24,0.0,0.0,0.0,0,4.828125,6,9,05:48,20:11,2025-05-12 21:31:22.463601,Città della Scienza,74.5,1.5990107,10.400406,0.72481453,0.6592227,EU EEA Common AQI,70.2,0.82402843,9.333962,7200,0.74285716,100,100,63.4,0.70857143,Very Low,69.4,0.8577469,100,1747085400,Very Low,0.5798516,1.540628,Very Low,1.4252213,60.9,1.5428572,100,1747085400,0.8857143
2025-05-12T21:31:33Z,20,29.899,73.0,61,65.6,4,4,236,82,0.0,255,32767,0.0,2127-15-31,0.0,0.16,26.24,0.0,0.0,0.0,0,4.828125,6,9,05:48,20:11,2025-05-12 21:31:33.578591,Città della Scienza,74.5,1.5990107,10.400406,0.72481453,0.6592227,EU EEA Common AQI,70.2,0.82402843,9.333962,7200,0.74285716,100,100,63.4,0.70857143,Very Low,69.4,0.8577469,100,1747085400,Very Low,0.5798516,1.540628,Very Low,1.4252213,60.9,1.5428572,100,1747085400,0.8857143
2025-05-12T21:31:44Z,20,29.899,73.0,61,65.6,6,5,240,82,0.0,255,32767,0.0,2127-15-31,0.0,0.16,26.24,0.0,0.0,0.0,0,4.828125,6,9,05:48,20:11,2025-05-12 21:31:44.617599,Città della Scienza,74.5,1.5990107,10.400406,0.72481453,0.6592227,EU EEA Common AQI,70.2,0.82402843,9.333962,7200,0.74285716,100,100,63.4,0.70857143,Very Low,69.4,0.8577469,100,1747085400,Very Low,0.5798516,1.540628,Very Low,1.4252213,60.9,1.5428572,100,1747085400,0.8857143
2025-05-12T21:31:55Z,20,29.899,73.0,61,65.6,5,5,240,82,0.0,255,32767,0.0,2127-15-31,0.0,0.16,26.24,0.0,0.0,0.0,0,4.828125,6,9,05:48,20:11,2025-05-12 21:31:55.697592,Città della Scienza,74.5,1.5990107,10.400406,0.72481453,0.6592227,EU EEA Common AQI,70.2,0.82402843,9.333962,7200,0.74285716,100,100,63.4,0.70857143,Very Low,69.4,0.8577469,100,1747085400,Very Low,0.5798516,1.540628,Very Low,1.4252213,60.9,1.5428572,100,1747085400,0.8857143
2025-05-12T21:32:06Z,20,29.899,73.0,61,65.6,4,5,275,82,0.0,255,32767,0.0,2127-15-31,0.0,0.16,26.24,0.0,0.0,0.0,0,4.828125,6,9,05:48,20:11,2025-05-12 21:32:06.774596,Città della Scienza,74.5,1.5990107,10.400406,0.72481453,0.6592227,EU EEA Common AQI,70.2,0.82402843,9.333962,7200,0.74285716,100,100,63.4,0.70857143,Very Low,69.4,0.8577469,100,1747085400,Very Low,0.5798516,1.540628,Very Low,1.4252213,60.9,1.5428572,100,1747085400,0.8857143
2025-05-12T21:32:18Z,20,29.899,73.0,61,65.6,4,5,256,82,0.0,255,32767,0.0,2127-15-31,0.0,0.16,26.24,0.0,0.0,0.0,0,4.828125,6,9,05:48,20:11,2025-05-12 21:32:17.844598,Città della Scienza,74.5,1.5990107,10.400406,0.72481453,0.6592227,EU EEA Common AQI,70.2,0.82402843,9.333962,7200,0.74285716,100,100,63.4,0.70857143,Very Low,69.4,0.8577469,100,1747085400,Very Low,0.5798516,1.540628,Very Low,1.4252213,60.9,1.5428572,100,1747085400,0.8857143
2025-05-12T21:32:29Z,20,29.899,73.0,61,65.6,4,5,244,82,0.0,255,32767,0.0,2127-15-31,0.0,0.16,26.24,0.0,0.0,0.0,0,4.828125,6,9,05:48,20:11,2025-05-12 21:32:28.923601,Città della Scienza,74.5,1.5990107,10.400406,0.72481453,0.6592227,EU EEA Common AQI,70.2,0.82402843,9.333962,7200,0.74285716,100,100,63.4,0.70857143,Very Low,69.4,0.8577469,100,1747085400,Very Low,0.5798516,1.540628,Very Low,1.4252213,60.9,1.5428572,100,1747085400,0.8857143
2025-05-12T21:32:40Z,20,29.899,72.9,61,65.6,4,5,249,82,0.0,255,32767,0.0,2127-15-31,0.0,0.16,26.24,0.0,0.0,0.0,0,4.828125,6,9,05:48,20:11,2025-05-12 21:32:40.021587,Città della Scienza,74.5,1.5990107,10.400406,0.72481453,0.6592227,EU EEA Common AQI,70.2,0.82402843,9.333962,7200,0.74285716,100,100,63.4,0.70857143,Very Low,69.4,0.8577469,100,1747085400,Very Low,0.5798516,1.540628,Very Low,1.4252213,60.9,1.5428572,100,1747085400,0.8857143
2025-05-12T21:32:51Z,20,29.899,72.9,61,65.7,3,5,238,82,0.0,255,32767,0.0,2127-15-31,0.0,0.16,26.24,0.0,0.0,0.0,0,4.828125,6,9,05:48,20:11,2025-05-12 21:32:51.081592,Città della Scienza,74.5,1.5990107,10.400406,0.72481453,0.6592227,EU EEA Common AQI,70.2,0.82402843,9.333962,7200,0.74285716,100,100,63.4,0.70857143,Very Low,69.4,0.8577469,100,1747085400,Very Low,0.5798516,1.540628,Very Low,1.4252213,60.9,1.5428572,100,1747085400,0.8857143
2025-05-12T21:33:02Z,20,29.899,72.9,61,65.7,5,5,256,82,0.0,255,32767,0.0,2127-15-31,0.0,0.16,26.24,0.0,0.0,0.0,0,4.828125,6,9,05:48,20:11,2025-05-12 21:33:02.171612,Città della Scienza,74.5,1.5990107,10.400406,0.72481453,0.6592227,EU EEA Common AQI,70.2,0.82402843,9.333962,7200,0.74285716,100,100,63.4,0.70857143,Very Low,69.4,0.8577469,100,1747085400,Very Low,0.5798516,1.540628,Very Low,1.4252213,60.9,1.5428572,100,1747085400,0.8857143
2025-05-12T21:33:13Z,20,29.899,72.9,61,65.7,5,5,252,82,0.0,255,32767,0.0,2127-15-31,0.0,0.16,26.24,0.0,0.0,0.0,0,4.828125,6,9,05:48,20:11,2025-05-12 21:33:13.247593,Città della Scienza,74.5,1.5990107,10.400406,0.72481453,0.6592227,EU EEA Common AQI,70.2,0.82402843,9.333962,7200,0.74285716,100,100,63.4,0.70857143,Very Low,69.4,0.8577469,100,1747085400,Very Low,0.5798516,1.540628,Very Low,1.4252213,60.9,1.5428572,100,1747085400,0.8857143
2025-05-12T21:33:24Z,20,29.899,72.9,61,65.7,7,5,248,82,0.0,255,32767,0.0,2127-15-31,0.0,0.16,26.24,0.0,0.0,0.0,0,4.828125,6,9,05:48,20:11,2025-05-12 21:33:24.283591,Città della Scienza,74.5,1.5990107,10.400406,0.72481453,0.6592227,EU EEA Common AQI,70.2,0.82402843,9.333962,7200,0.74285716,100,100,63.4,0.70857143,Very Low,69.4,0.8577469,100,1747085400,Very Low,0.5798516,1.540628,Very Low,1.4252213,60.9,1.5428572,100,1747085400,0.8857143
2025-05-12T21:33:35Z,20,29.896,72.9,61,65.8,10,5,251,82,0.0,255,32767,0.0,2127-15-31,0.0,0.16,26.24,0.0,0.0,0.0,0,4.828125,6,9,05:48,20:11,2025-05-12 21:33:35.375605,Città della Scienza,74.5,1.5990107,10.400406,0.72481453,0.6592227,EU EEA Common AQI,70.2,0.82402843,9.333962,7200,0.74285716,100,100,63.4,0.70857143,Very Low,69.4,0.8577469,100,1747085400,Very Low,0.5798516,1.540628,Very Low,1.4252213,60.9,1.5428572,100,1747085400,0.8857143
2025-05-12T21:33:46Z,20,29.896,72.9,61,65.7,10,5,235,82,0.0,255,32767,0.0,2127-15-31,0.0,0.16,26.24,0.0,0.0,0.0,0,4.828125,6,9,05:48,20:11,2025-05-12 21:33:46.427598,Città della Scienza,74.5,1.5990107,10.400406,0.72481453,0.6592227,EU EEA Common AQI,70.2,0.82402843,9.333962,7200,0.74285716,100,100,63.4,0.70857143,Very Low,69.4,0.8577469,100,1747085400,Very Low,0.5798516,1.540628,Very Low,1.4252213,60.9,1.5428572,100,1747085400,0.8857143
2025-05-12T21:33:57Z,20,29.896,72.9,61,65.7,8,5,245,83,0.0,255,32767,0.0,2127-15-31,0.0,0.16,26.24,0.0,0.0,0.0,0,4.828125,6,9,05:48,20:11,2025-05-12 21:33:57.538593,Città della Scienza,74.5,1.5990107,10.400406,0.72481453,0.6592227,EU EEA Common AQI,70.2,0.82402843,9.333962,7200,0.74285716,100,100,63.4,0.70857143,Very Low,69.4,0.8577469,100,1747085400,Very Low,0.5798516,1.540628,Very Low,1.4252213,60.9,1.5428572,100,1747085400,0.8857143
2025-05-12T21:34:08Z,20,29.896,72.9,61,65.7,9,5,267,83,0.0,255,32767,0.0,2127-15-31,0.0,0.16,26.24,0.0,0.0,0.0,0,4.828125,6,9,05:48,20:11,2025-05-12 21:34:08.591592,Città della Scienza,74.5,1.5990107,10.400406,0.72481453,0.6592227,EU EEA Common AQI,70.2,0.82402843,9.333962,7200,0.74285716,100,100,63.4,0.70857143,Very Low,69.4,0.8577469,100,1747085400,Very Low,0.5798516,1.540628,Very Low,1.4252213,60.9,1.5428572,100,1747085400,0.8857143
2025-05-12T21:34:19Z,20,29.896,72.9,61,65.7,8,5,255,83,0.0,255,32767,0.0,2127-15-31,0.0,0.16,26.24,0.0,0.0,0.0,0,4.828125,6,9,05:48,20:11,2025-05-12 21:34:19.671592,Città della Scienza,74.5,1.5990107,10.400406,0.72481453,0.6592227,EU EEA Common AQI,70.2,0.82402843,9.333962,7200,0.74285716,100,100,63.4,0.70857143,Very Low,69.4,0.8577469,100,1747085400,Very Low,0.5798516,1.540628,Very Low,1.4252213,60.9,1.5428572,100,1747085400,0.8857143
2025-05-12T21:34:30Z,20,29.896,72.9,61,65.7,6,5,235,83,0.0,255,32767,0.0,2127-15-31,0.0,0.16,26.24,0.0,0.0,0.0,0,4.828125,6,9,05:48,20:11,2025-05-12 21:34:30.775596,Città della Scienza,74.5,1.5990107,10.400406,0.72481453,0.6592227,EU EEA Common AQI,70.2,0.82402843,9.333962,7200,0.74285716,100,100,63.4,0.70857143,Very Low,69.4,0.8577469,100,1747085400,Very Low,0.5798516,1.540628,Very Low,1.4252213,60.9,1.5428572,100,1747085400,0.8857143
2025-05-12T21:34:42Z,20,29.897,72.9,61,65.7,5,5,246,83,0.0,255,32767,0.0,2127-15-31,0.0,0.16,26.24,0.0,0.0,0.0,0,4.828125,6,9,05:48,20:11,2025-05-12 21:34:41.850593,Città della Scienza,74.5,1.5990107,10.400406,0.72481453,0.6592227,EU EEA Common AQI,70.2,0.82402843,9.333962,7200,0.74285716,100,100,63.4,0.70857143,Very Low,69.4,0.8577469,100,1747085400,Very Low,0.5798516,1.540628,Very Low,1.4252213,60.9,1.5428572,100,1747085400,0.8857143
2025-05-12T21:34:53Z,20,29.897,72.9,61,65.7,7,5,221,83,0.0,255,32767,0.0,2127-15-31,0.0,0.16,26.24,0.0,0.0,0.0,0,4.828125,6,9,05:48,20:11,2025-05-12 21:34:52.957589,Città della Scienza,74.5,1.5990107,10.400406,0.72481453,0.6592227,EU EEA Common AQI,70.2,0.82402843,9.333962,7200,0.74285716,100,100,63.4,0.70857143,Very Low,69.4,0.8577469,100,1747085400,Very Low,0.5798516,1.540628,Very Low,1.4252213,60.9,1.5428572,100,1747085400,0.8857143
2025-05-12T21:35:04Z,20,29.897,72.9,61,65.7,7,5,246,83,0.0,255,32767,0.0,2127-15-31,0.0,0.16,26.24,0.0,0.0,0.0,0,4.828125,6,9,05:48,20:11,2025-05-12 21:35:04.002598,Città della Scienza,74.5,1.5990107,10.400406,0.72481453,0.6592227,EU EEA Common AQI,70.2,0.82402843,9.333962,7200,0.74285716,100,100,63.4,0.70857143,Very Low,69.4,0.8577469,100,1747085400,Very Low,0.5798516,1.540628,Very Low,1.4252213,60.9,1.5428572,100,1747085400,0.8857143
2025-05-12T21:35:15Z,20,29.897,72.9,61,65.7,8,5,264,83,0.0,255,32767,0.0,2127-15-31,0.0,0.16,26.24,0.0,0.0,0.0,0,4.828125,6,9,05:48,20:11,2025-05-12 21:35:15.062590,Città della Scienza,74.5,1.5990107,10.400406,0.72481453,0.6592227,EU EEA Common AQI,70.2,0.82402843,9.333962,7200,0.74285716,100,100,63.4,0.70857143,Very Low,69.4,0.8577469,100,1747085400,Very Low,0.5798516,1.540628,Very Low,1.4252213,60.9,1.5428572,100,1747085400,0.8857143
2025-05-12T21:35:26Z,20,29.897,72.9,61,65.7,9,5,249,83,0.0,255,32767,0.0,2127-15-31,0.0,0.16,26.24,0.0,0.0,0.0,0,4.828125,6,9,05:48,20:11,2025-05-12 21:35:26.178594,Città della Scienza,74.5,1.5990107,10.400406,0.72481453,0.6592227,EU EEA Common AQI,70.2,0.82402843,9.333962,7200,0.74285716,100,100,63.4,0.70857143,Very Low,69.4,0.8577469,100,1747085400,Very Low,0.5798516,1.540628,Very Low,1.4252213,60.9,1.5428572,100,1747085400,0.8857143
2025-05-12T21:35:37Z,20,29.898,72.9,61,65.7,10,6,246,83,0.0,255,32767,0.0,2127-15-31,0.0,0.16,26.24,0.0,0.0,0.0,0,4.828125,6,9,05:48,20:11,2025-05-12 21:35:37.274603,Città della Scienza,74.5,1.5990107,10.400406,0.72481453,0.6592227,EU EEA Common AQI,70.2,0.82402843,9.333962,7200,0.74285716,100,100,63.4,0.70857143,Very Low,69.4,0.8577469,100,1747085400,Very Low,0.5798516,1.540628,Very Low,1.4252213,60.9,1.5428572,100,1747085400,0.8857143
2025-05-12T21:35:48Z,20,29.898,72.9,61,65.7,8,6,244,82,0.0,255,32767,0.0,2127-15-31,0.0,0.16,26.24,0.0,0.0,0.0,0,4.828125,6,9,05:48,20:11,2025-05-12 21:35:48.368604,Città della Scienza,74.5,1.5990107,10.400406,0.72481453,0.6592227,EU EEA Common AQI,70.2,0.82402843,9.333962,7200,0.74285716,100,100,63.4,0.70857143,Very Low,69.4,0.8577469,100,1747085400,Very Low,0.5798516,1.540628,Very Low,1.4252213,60.9,1.5428572,100,1747085400,0.8857143
2025-05-12T21:35:59Z,20,29.898,72.9,61,65.7,7,6,257,82,0.0,255,32767,0.0,2127-15-31,0.0,0.16,26.24,0.0,0.0,0.0,0,4.828125,6,9,05:48,20:11,2025-05-12 21:35:59.462590,Città della Scienza,74.5,1.5990107,10.400406,0.72481453,0.6592227,EU EEA Common AQI,70.2,0.82402843,9.333962,7200,0.74285716,100,100,63.4,0.70857143,Very Low,69.4,0.8577469,100,1747085400,Very Low,0.5798516,1.540628,Very Low,1.4252213,60.9,1.5428572,100,1747085400,0.8857143
2025-05-12T21:36:10Z,20,29.898,72.9,61,65.7,5,6,250,82,0.0,255,32767,0.0,2127-15-31,0.0,0.16,26.24,0.0,0.0,0.0,0,4.828125,6,9,05:48,20:11,2025-05-12 21:36:10.553591,Città della Scienza,74.5,1.5990107,10.400406,0.72481453,0.6592227,EU EEA Common AQI,70.2,0.82402843,9.333962,7200,0.74285716,100,100,63.4,0.70857143,Very Low,69.4,0.8577469,100,1747085400,Very Low,0.5798516,1.540628,Very Low,1.4252213,60.9,1.5428572,100,1747085400,0.8857143
2025-05-12T21:36:21Z,20,29.898,72.9,61,65.7,9,6,244,82,0.0,255,32767,0.0,2127-15-31,0.0,0.16,26.24,0.0,0.0,0.0,0,4.828125,6,9,05:48,20:11,2025-05-12 21:36:21.649592,Città della Scienza,74.5,1.5990107,10.400406,0.72481453,0.6592227,EU EEA Common AQI,70.2,0.82402843,9.333962,7200,0.74285716,100,100,63.4,0.70857143,Very Low,69.4,0.8577469,100,1747085400,Very Low,0.5798516,1.540628,Very Low,1.4252213,60.9,1.5428572,100,1747085400,0.8857143
2025-05-12T21:36:32Z,20,29.898,72.9,61,65.7,8,6,244,82,0.0,255,32767,0.0,2127-15-31,0.0,0.16,26.24,0.0,0.0,0.0,0,4.828125,6,9,05:48,20:11,2025-05-12 21:36:32.731611,Città della Scienza,74.5,1.5990107,10.400406,0.72481453,0.6592227,EU EEA Common AQI,70.2,0.82402843,9.333962,7200,0.74285716,100,100,63.4,0.70857143,Very Low,69.4,0.8577469,100,1747085400,Very Low,0.5798516,1.540628,Very Low,1.4252213,60.9,1.5428572,100,1747085400,0.8857143
2025-05-12T21:36:43Z,20,29.897,73.0,61,65.7,7,6,250,82,0.0,255,32767,0.0,2127-15-31,0.0,0.16,26.24,0.0,0.0,0.0,0,4.828125,6,9,05:48,20:11,2025-05-12 21:36:43.783592,Città della Scienza,74.5,1.5990107,10.400406,0.72481453,0.6592227,EU EEA Common AQI,70.2,0.82402843,9.333962,7200,0.74285716,100,100,63.4,0.70857143,Very Low,69.4,0.8577469,100,1747085400,Very Low,0.5798516,1.540628,Very Low,1.4252213,60.9,1.5428572,100,1747085400,0.8857143
2025-05-12T21:36:55Z,20,29.897,73.0,61,65.7,6,6,242,82,0.0,255,32767,0.0,2127-15-31,0.0,0.16,26.24,0.0,0.0,0.0,0,4.828125,6,9,05:48,20:11,2025-05-12 21:36:54.835615,Città della Scienza,74.5,1.5990107,10.400406,0.72481453,0.6592227,EU EEA Common AQI,70.2,0.82402843,9.333962,7200,0.74285716,100,100,63.4,0.70857143,Very Low,69.4,0.8577469,100,1747085400,Very Low,0.5798516,1.540628,Very Low,1.4252213,60.9,1.5428572,100,1747085400,0.8857143
2025-05-12T21:37:06Z,20,29.897,73.0,61,65.7,8,6,251,82,0.0,255,32767,0.0,2127-15-31,0.0,0.16,26.24,0.0,0.0,0.0,0,4.828125,6,9,05:48,20:11,2025-05-12 21:37:05.944603,Città della Scienza,74.5,1.5990107,10.400406,0.72481453,0.6592227,EU EEA Common AQI,70.2,0.82402843,9.333962,7200,0.74285716,100,100,63.4,0.70857143,Very Low,69.4,0.8577469,100,1747085400,Very Low,0.5798516,1.540628,Very Low,1.4252213,60.9,1.5428572,100,1747085400,0.8857143
2025-05-12T21:37:17Z,20,29.897,73.0,61,65.7,9,6,250,82,0.0,255,32767,0.0,2127-15-31,0.0,0.16,26.24,0.0,0.0,0.0,0,4.828125,6,9,05:48,20:11,2025-05-12 21:37:17.031596,Città della Scienza,74.5,1.5990107,10.400406,0.72481453,0.6592227,EU EEA Common AQI,70.2,0.82402843,9.333962,7200,0.74285716,100,100,63.4,0.70857143,Very Low,69.4,0.8577469,100,1747085400,Very Low,0.5798516,1.540628,Very Low,1.4252213,60.9,1.5428572,100,1747085400,0.8857143
2025-05-12T21:37:28Z,20,29.897,73.0,61,65.7,7,6,254,82,0.0,255,32767,0.0,2127-15-31,0.0,0.16,26.24,0.0,0.0,0.0,0,4.828125,6,9,05:48,20:11,2025-05-12 21:37:28.113597,Città della Scienza,74.5,1.5990107,10.400406,0.72481453,0.6592227,EU EEA Common AQI,70.2,0.82402843,9.333962,7200,0.74285716,100,100,63.4,0.70857143,Very Low,69.4,0.8577469,100,1747085400,Very Low,0.5798516,1.540628,Very Low,1.4252213,60.9,1.5428572,100,1747085400,0.8857143
2025-05-12T21:37:39Z,20,29.896,73.0,61,65.7,12,6,254,82,0.0,255,32767,0.0,2127-15-31,0.0,0.16,26.24,0.0,0.0,0.0,0,4.828125,6,9,05:48,20:11,2025-05-12 21:37:39.168593,Città della Scienza,74.5,1.5990107,10.400406,0.72481453,0.6592227,EU EEA Common AQI,70.2,0.82402843,9.333962,7200,0.74285716,100,100,63.4,0.70857143,Very Low,69.4,0.8577469,100,1747085400,Very Low,0.5798516,1.540628,Very Low,1.4252213,60.9,1.5428572,100,1747085400,0.8857143
2025-05-12T21:37:50Z,20,29.896,73.0,61,65.7,9,6,257,82,0.0,255,32767,0.0,2127-15-31,0.0,0.16,26.24,0.0,0.0,0.0,0,4.828125,6,9,05:48,20:11,2025-05-12 21:37:50.214594,Città della Scienza,74.5,1.5990107,10.400406,0.72481453,0.6592227,EU EEA Common AQI,70.2,0.82402843,9.333962,7200,0.74285716,100,100,63.4,0.70857143,Very Low,69.4,0.8577469,100,1747085400,Very Low,0.5798516,1.540628,Very Low,1.4252213,60.9,1.5428572,100,1747085400,0.8857143
2025-05-12T21:38:01Z,20,29.896,73.0,61,65.7,7,6,254,82,0.0,255,32767,0.0,2127-15-31,0.0,0.16,26.24,0.0,0.0,0.0,0,4.828125,6,9,05:48,20:11,2025-05-12 21:38:01.318592,Città della Scienza,74.5,1.5990107,10.400406,0.72481453,0.6592227,EU EEA Common AQI,70.2,0.82402843,9.333962,7200,0.74285716,100,100,63.4,0.70857143,Very Low,69.4,0.8577469,100,1747085400,Very Low,0.5798516,1.540628,Very Low,1.4252213,60.9,1.5428572,100,1747085400,0.8857143
2025-05-12T21:38:12Z,20,29.896,73.0,61,65.7,8,6,278,82,0.0,255,32767,0.0,2127-15-31,0.0,0.16,26.24,0.0,0.0,0.0,0,4.828125,6,9,05:48,20:11,2025-05-12 21:38:12.402587,Città della Scienza,74.5,1.5990107,10.400406,0.72481453,0.6592227,EU EEA Common AQI,70.2,0.82402843,9.333962,7200,0.74285716,100,100,63.4,0.70857143,Very Low,69.4,0.8577469,100,1747085400,Very Low,0.5798516,1.540628,Very Low,1.4252213,60.9,1.5428572,100,1747085400,0.8857143
2025-05-12T21:38:23Z,20,29.896,73.0,61,65.7,6,6,261,82,0.0,255,32767,0.0,2127-15-31,0.0,0.16,26.24,0.0,0.0,0.0,0,4.828125,6,9,05:48,20:11,2025-05-12 21:38:23.479608,Città della Scienza,74.5,1.5990107,10.400406,0.72481453,0.6592227,EU EEA Common AQI,70.2,0.82402843,9.333962,7200,0.74285716,100,100,63.4,0.70857143,Very Low,69.4,0.8577469,100,1747085400,Very Low,0.5798516,1.540628,Very Low,1.4252213,60.9,1.5428572,100,1747085400,0.8857143
2025-05-12T21:38:34Z,20,29.899,72.9,61,65.7,5,7,238,82,0.0,255,32767,0.0,2127-15-31,0.0,0.16,26.24,0.0,0.0,0.0,0,4.828125,6,9,05:48,20:11,2025-05-12 21:38:34.610624,Città della Scienza,74.5,1.5990107,10.400406,0.72481453,0.6592227,EU EEA Common AQI,70.2,0.82402843,9.333962,7200,0.74285716,100,100,63.4,0.70857143,Very Low,69.4,0.8577469,100,1747085400,Very Low,0.5798516,1.540628,Very Low,1.4252213,60.9,1.5428572,100,1747085400,0.8857143
2025-05-12T21:38:45Z,20,29.899,72.9,61,65.7,10,7,241,82,0.0,255,32767,0.0,2127-15-31,0.0,0.16,26.24,0.0,0.0,0.0,0,4.828125,6,9,05:48,20:11,2025-05-12 21:38:45.699607,Città della Scienza,74.5,1.5990107,10.400406,0.72481453,0.6592227,EU EEA Common AQI,70.2,0.82402843,9.333962,7200,0.74285716,100,100,63.4,0.70857143,Very Low,69.4,0.8577469,100,1747085400,Very Low,0.5798516,1.540628,Very Low,1.4252213,60.9,1.5428572,100,1747085400,0.8857143
2025-05-12T21:38:56Z,20,29.899,72.9,61,65.6,3,7,251,82,0.0,255,32767,0.0,2127-15-31,0.0,0.16,26.24,0.0,0.0,0.0,0,4.828125,6,9,05:48,20:11,2025-05-12 21:38:56.778572,Città della Scienza,74.5,1.5990107,10.400406,0.72481453,0.6592227,EU EEA Common AQI,70.2,0.82402843,9.333962,7200,0.74285716,100,100,63.4,0.70857143,Very Low,69.4,0.8577469,100,1747085400,Very Low,0.5798516,1.540628,Very Low,1.4252213,60.9,1.5428572,100,1747085400,0.8857143
2025-05-12T21:39:08Z,20,29.899,72.9,61,65.7,4,7,217,82,0.0,255,32767,0.0,2127-15-31,0.0,0.16,26.24,0.0,0.0,0.0,0,4.828125,6,9,05:48,20:11,2025-05-12 21:39:07.825616,Città della Scienza,74.5,1.5990107,10.400406,0.72481453,0.6592227,EU EEA Common AQI,70.2,0.82402843,9.333962,7200,0.74285716,100,100,63.4,0.70857143,Very Low,69.4,0.8577469,100,1747085400,Very Low,0.5798516,1.540628,Very Low,1.4252213,60.9,1.5428572,100,1747085400,0.8857143
2025-05-12T21:39:19Z,20,29.899,72.9,61,65.7,8,7,244,82,0.0,255,32767,0.0,2127-15-31,0.0,0.16,26.24,0.0,0.0,0.0,0,4.828125,6,9,05:48,20:11,2025-05-12 21:39:18.912595,Città della Scienza,74.5,1.5990107,10.400406,0.72481453,0.6592227,EU EEA Common AQI,70.2,0.82402843,9.333962,7200,0.74285716,100,100,63.4,0.70857143,Very Low,69.4,0.8577469,100,1747085400,Very Low,0.5798516,1.540628,Very Low,1.4252213,60.9,1.5428572,100,1747085400,0.8857143
2025-05-12T21:39:30Z,20,29.899,72.9,61,65.7,10,7,265,82,0.0,255,32767,0.0,2127-15-31,0.0,0.16,26.24,0.0,0.0,0.0,0,4.828125,6,9,05:48,20:11,2025-05-12 21:39:30.003605,Città della Scienza,74.5,1.5990107,10.400406,0.72481453,0.6592227,EU EEA Common AQI,70.2,0.82402843,9.333962,7200,0.74285716,100,100,63.4,0.70857143,Very Low,69.4,0.8577469,100,1747085400,Very Low,0.5798516,1.540628,Very Low,1.4252213,60.9,1.5428572,100,1747085400,0.8857143
2025-05-12T21:39:41Z,20,29.899,72.9,61,65.7,10,7,246,82,0.0,255,32767,0.0,2127-15-31,0.0,0.16,26.24,0.0,0.0,0.0,0,4.828125,6,9,05:48,20:11,2025-05-12 21:39:41.080594,Città della Scienza,74.5,1.5990107,10.400406,0.72481453,0.6592227,EU EEA Common AQI,70.2,0.82402843,9.333962,7200,0.74285716,100,100,63.4,0.70857143,Very Low,69.4,0.8577469,100,1747085400,Very Low,0.5798516,1.540628,Very Low,1.4252213,60.9,1.5428572,100,1747085400,0.8857143
2025-05-12T21:39:52Z,20,29.899,72.9,61,65.7,8,7,251,82,0.0,255,32767,0.0,2127-15-31,0.0,0.16,26.24,0.0,0.0,0.0,0,4.828125,6,9,05:48,20:11,2025-05-12 21:39:52.148594,Città della Scienza,74.5,1.5990107,10.400406,0.72481453,0.6592227,EU EEA Common AQI,70.2,0.82402843,9.333962,7200,0.74285716,100,100,63.4,0.70857143,Very Low,69.4,0.8577469,100,1747085400,Very Low,0.5798516,1.540628,Very Low,1.4252213,60.9,1.5428572,100,1747085400,0.8857143
2025-05-12T21:40:03Z,20,29.899,72.9,61,65.7,8,7,246,82,0.0,255,32767,0.0,2127-15-31,0.0,0.16,26.24,0.0,0.0,0.0,0,4.828125,6,9,05:48,20:11,2025-05-12 21:40:03.268588,Città della Scienza,74.5,1.5990107,10.400406,0.72481453,0.6592227,EU EEA Common AQI,70.2,0.82402843,9.333962,7200,0.74285716,100,100,63.4,0.70857143,Very Low,69.4,0.8577469,100,1747085400,Very Low,0.5798516,1.540628,Very Low,1.4252213,60.9,1.5428572,100,1747085400,0.8857143
2025-05-12T21:40:14Z,20,29.899,72.9,61,65.7,8,7,280,82,0.0,255,32767,0.0,2127-15-31,0.0,0.16,26.24,0.0,0.0,0.0,0,4.828125,6,9,05:48,20:11,2025-05-12 21:40:14.367592,Città della Scienza,74.5,1.5990107,10.400406,0.72481453,0.6592227,EU EEA Common AQI,70.2,0.82402843,9.333962,7200,0.74285716,100,100,63.4,0.70857143,Very Low,69.4,0.8577469,100,1747085400,Very Low,0.5798516,1.540628,Very Low,1.4252213,60.9,1.5428572,100,1747085400,0.8857143
2025-05-12T21:40:25Z,20,29.899,72.9,61,65.6,10,7,252,82,0.0,255,32767,0.0,2127-15-31,0.0,0.16,26.24,0.0,0.0,0.0,0,4.828125,6,9,05:48,20:11,2025-05-12 21:40:25.466604,Città della Scienza,74.5,1.5990107,10.400406,0.72481453,0.6592227,EU EEA Common AQI,70.2,0.82402843,9.333962,7200,0.74285716,100,100,63.4,0.70857143,Very Low,69.4,0.8577469,100,1747085400,Very Low,0.5798516,1.540628,Very Low,1.4252213,60.9,1.5428572,100,1747085400,0.8857143
2025-05-12T21:40:36Z,20,29.897,73.0,61,65.7,11,7,243,82,0.0,255,32767,0.0,2127-15-31,0.0,0.16,26.24,0.0,0.0,0.0,0,4.828125,6,9,05:48,20:11,2025-05-12 21:40:36.740592,Città della Scienza,74.5,1.5990107,10.400406,0.72481453,0.6592227,EU EEA Common AQI,70.2,0.82402843,9.333962,7200,0.74285716,100,100,63.4,0.70857143,Very Low,69.4,0.8577469,100,1747085400,Very Low,0.5798516,1.540628,Very Low,1.4252213,60.9,1.5428572,100,1747085400,0.8857143
2025-05-12T21:40:48Z,20,29.897,73.0,61,65.7,8,7,252,82,0.0,255,32767,0.0,2127-15-31,0.0,0.16,26.24,0.0,0.0,0.0,0,4.828125,6,9,05:48,20:11,2025-05-12 21:40:47.832602,Città della Scienza,74.5,1.5990107,10.400406,0.72481453,0.6592227,EU EEA Common AQI,70.2,0.82402843,9.333962,7200,0.74285716,100,100,63.4,0.70857143,Very Low,69.4,0.8577469,100,1747085400,Very Low,0.5798516,1.540628,Very Low,1.4252213,60.9,1.5428572,100,1747085400,0.8857143
2025-05-12T21:40:59Z,20,29.897,73.0,61,65.7,11,7,256,82,0.0,255,32767,0.0,2127-15-31,0.0,0.16,26.24,0.0,0.0,0.0,0,4.828125,6,9,05:48,20:11,2025-05-12 21:40:58.876606,Città della Scienza,74.5,1.5990107,10.400406,0.72481453,0.6592227,EU EEA Common AQI,70.2,0.82402843,9.333962,7200,0.74285716,100,100,63.4,0.70857143,Very Low,69.4,0.8577469,100,1747085400,Very Low,0.5798516,1.540628,Very Low,1.4252213,60.9,1.5428572,100,1747085400,0.8857143
2025-05-12T21:41:10Z,20,29.897,73.0,61,65.7,5,7,248,82,0.0,255,32767,0.0,2127-15-31,0.0,0.16,26.24,0.0,0.0,0.0,0,4.828125,6,9,05:48,20:11,2025-05-12 21:41:10.001585,Città della Scienza,74.5,1.5990107,10.400406,0.72481453,0.6592227,EU EEA Common AQI,70.2,0.82402843,9.333962,7200,0.74285716,100,100,63.4,0.70857143,Very Low,69.4,0.8577469,100,1747085400,Very Low,0.5798516,1.540628,Very Low,1.4252213,60.9,1.5428572,100,1747085400,0.8857143
2025-05-12T21:41:21Z,20,29.897,73.0,61,65.7,9,7,265,82,0.0,255,32767,0.0,2127-15-31,0.0,0.16,26.24,0.0,0.0,0.0,0,4.828125,6,9,05:48,20:11,2025-05-12 21:41:21.111605,Città della Scienza,74.5,1.5990107,10.400406,0.72481453,0.6592227,EU EEA Common AQI,70.2,0.82402843,9.333962,7200,0.74285716,100,100,63.4,0.70857143,Very Low,69.4,0.8577469,100,1747085400,Very Low,0.5798516,1.540628,Very Low,1.4252213,60.9,1.5428572,100,1747085400,0.8857143
2025-05-12T21:41:32Z,20,29.897,73.0,61,65.7,12,7,256,82,0.0,255,32767,0.0,2127-15-31,0.0,0.16,26.24,0.0,0.0,0.0,0,4.828125,6,9,05:48,20:11,2025-05-12 21:41:32.200553,Città della Scienza,74.5,1.5990107,10.400406,0.72481453,0.6592227,EU EEA Common AQI,70.2,0.82402843,9.333962,7200,0.74285716,100,100,63.4,0.70857143,Very Low,69.4,0.8577469,100,1747085400,Very Low,0.5798516,1.540628,Very Low,1.4252213,60.9,1.5428572,100,1747085400,0.8857143
2025-05-12T21:41:43Z,20,29.9,72.9,61,65.7,9,7,246,82,0.0,255,32767,0.0,2127-15-31,0.0,0.16,26.24,0.0,0.0,0.0,0,4.828125,6,9,05:48,20:11,2025-05-12 21:41:43.290589,Città della Scienza,74.5,1.5990107,10.400406,0.72481453,0.6592227,EU EEA Common AQI,70.2,0.82402843,9.333962,7200,0.74285716,100,100,63.4,0.70857143,Very Low,69.4,0.8577469,100,1747085400,Very Low,0.5798516,1.540628,Very Low,1.4252213,60.9,1.5428572,100,1747085400,0.8857143
2025-05-12T21:41:54Z,20,29.9,72.9,61,65.7,9,7,256,82,0.0,255,32767,0.0,2127-15-31,0.0,0.16,26.24,0.0,0.0,0.0,0,4.828125,6,9,05:48,20:11,2025-05-12 21:41:54.417561,Città della Scienza,74.5,1.5990107,10.400406,0.72481453,0.6592227,EU EEA Common AQI,70.2,0.82402843,9.333962,7200,0.74285716,100,100,63.4,0.70857143,Very Low,69.4,0.8577469,100,1747085400,Very Low,0.5798516,1.540628,Very Low,1.4252213,60.9,1.5428572,100,1747085400,0.8857143
2025-05-12T21:42:05Z,20,29.9,72.9,61,65.7,8,7,239,82,0.0,255,32767,0.0,2127-15-31,0.0,0.16,26.24,0.0,0.0,0.0,0,4.828125,6,9,05:48,20:11,2025-05-12 21:42:05.485552,Città della Scienza,74.5,1.5990107,10.400406,0.72481453,0.6592227,EU EEA Common AQI,70.2,0.82402843,9.333962,7200,0.74285716,100,100,63.4,0.70857143,Very Low,69.4,0.8577469,100,1747085400,Very Low,0.5798516,1.540628,Very Low,1.4252213,60.9,1.5428572,100,1747085400,0.8857143
2025-05-12T21:42:16Z,20,29.9,72.9,61,65.7,4,7,265,82,0.0,255,32767,0.0,2127-15-31,0.0,0.16,26.24,0.0,0.0,0.0,0,4.828125,6,9,05:48,20:11,2025-05-12 21:42:16.577561,Città della Scienza,74.5,1.5990107,10.400406,0.72481453,0.6592227,EU EEA Common AQI,70.2,0.82402843,9.333962,7200,0.74285716,100,100,63.4,0.70857143,Very Low,69.4,0.8577469,100,1747085400,Very Low,0.5798516,1.540628,Very Low,1.4252213,60.9,1.5428572,100,1747085400,0.8857143
2025-05-12T21:42:27Z,20,29.9,72.9,61,65.7,10,7,257,82,0.0,255,32767,0.0,2127-15-31,0.0,0.16,26.24,0.0,0.0,0.0,0,4.828125,6,9,05:48,20:11,2025-05-12 21:42:27.636610,Città della Scienza,74.5,1.5990107,10.400406,0.72481453,0.6592227,EU EEA Common AQI,70.2,0.82402843,9.333962,7200,0.74285716,100,100,63.4,0.70857143,Very Low,69.4,0.8577469,100,1747085400,Very Low,0.5798516,1.540628,Very Low,1.4252213,60.9,1.5428572,100,1747085400,0.8857143
2025-05-12T21:42:38Z,20,29.898,72.9,61,65.7,6,8,236,82,0.0,255,32767,0.0,2127-15-31,0.0,0.16,26.24,0.0,0.0,0.0,0,4.828125,6,9,05:48,20:11,2025-05-12 21:42:38.752589,Città della Scienza,74.5,1.5990107,10.400406,0.72481453,0.6592227,EU EEA Common AQI,70.2,0.82402843,9.333962,7200,0.74285716,100,100,63.4,0.70857143,Very Low,69.4,0.8577469,100,1747085400,Very Low,0.5798516,1.540628,Very Low,1.4252213,60.9,1.5428572,100,1747085400,0.8857143
2025-05-12T21:42:50Z,20,29.898,72.9,61,65.7,8,8,261,82,0.0,255,32767,0.0,2127-15-31,0.0,0.16,26.24,0.0,0.0,0.0,0,4.828125,6,9,05:48,20:11,2025-05-12 21:42:49.835605,Città della Scienza,74.5,1.5990107,10.400406,0.72481453,0.6592227,EU EEA Common AQI,70.2,0.82402843,9.333962,7200,0.74285716,100,100,63.4,0.70857143,Very Low,69.4,0.8577469,100,1747085400,Very Low,0.5798516,1.540628,Very Low,1.4252213,60.9,1.5428572,100,1747085400,0.8857143
2025-05-12T21:43:01Z,20,29.898,72.9,61,65.7,8,8,244,82,0.0,255,32767,0.0,2127-15-31,0.0,0.16,26.24,0.0,0.0,0.0,0,4.828125,6,9,05:48,20:11,2025-05-12 21:43:00.902589,Città della Scienza,74.5,1.5990107,10.400406,0.72481453,0.6592227,EU EEA Common AQI,70.2,0.82402843,9.333962,7200,0.74285716,100,100,63.4,0.70857143,Very Low,69.4,0.8577469,100,1747085400,Very Low,0.5798516,1.540628,Very Low,1.4252213,60.9,1.5428572,100,1747085400,0.8857143
2025-05-12T21:43:12Z,20,29.898,72.9,61,65.7,11,8,244,82,0.0,255,32767,0.0,2127-15-31,0.0,0.16,26.24,0.0,0.0,0.0,0,4.828125,6,9,05:48,20:11,2025-05-12 21:43:11.955590,Città della Scienza,74.5,1.5990107,10.400406,0.72481453,0.6592227,EU EEA Common AQI,70.2,0.82402843,9.333962,7200,0.74285716,100,100,63.4,0.70857143,Very Low,69.4,0.8577469,100,1747085400,Very Low,0.5798516,1.540628,Very Low,1.4252213,60.9,1.5428572,100,1747085400,0.8857143
2025-05-12T21:43:23Z,20,29.898,72.9,61,65.7,11,8,250,82,0.0,255,32767,0.0,2127-15-31,0.0,0.16,26.24,0.0,0.0,0.0,0,4.828125,6,9,05:48,20:11,2025-05-12 21:43:23.070599,Città della Scienza,74.5,1.5990107,10.400406,0.72481453,0.6592227,EU EEA Common AQI,70.2,0.82402843,9.333962,7200,0.74285716,100,100,63.4,0.70857143,Very Low,69.4,0.8577469,100,1747085400,Very Low,0.5798516,1.540628,Very Low,1.4252213,60.9,1.5428572,100,1747085400,0.8857143
2025-05-12T21:43:34Z,20,29.898,72.9,61,65.7,6,8,267,82,0.0,255,32767,0.0,2127-15-31,0.0,0.16,26.24,0.0,0.0,0.0,0,4.828125,6,9,05:48,20:11,2025-05-12 21:43:34.318618,Città della Scienza,74.5,1.5990107,10.400406,0.72481453,0.6592227,EU EEA Common AQI,70.2,0.82402843,9.333962,7200,0.74285716,100,100,63.4,0.70857143,Very Low,69.4,0.8577469,100,1747085400,Very Low,0.5798516,1.540628,Very Low,1.4252213,60.9,1.5428572,100,1747085400,0.8857143
2025-05-12T21:43:45Z,20,29.899,72.9,61,65.7,9,8,238,82,0.0,255,32767,0.0,2127-15-31,0.0,0.16,26.24,0.0,0.0,0.0,0,4.828125,6,9,05:48,20:11,2025-05-12 21:43:45.391606,Città della Scienza,74.5,1.5990107,10.400406,0.72481453,0.6592227,EU EEA Common AQI,70.2,0.82402843,9.333962,7200,0.74285716,100,100,63.4,0.70857143,Very Low,69.4,0.8577469,100,1747085400,Very Low,0.5798516,1.540628,Very Low,1.4252213,60.9,1.5428572,100,1747085400,0.8857143
2025-05-12T21:43:56Z,20,29.899,72.9,61,65.7,7,8,257,82,0.0,255,32767,0.0,2127-15-31,0.0,0.16,26.24,0.0,0.0,0.0,0,4.828125,6,9,05:48,20:11,2025-05-12 21:43:56.467591,Città della Scienza,74.5,1.5990107,10.400406,0.72481453,0.6592227,EU EEA Common AQI,70.2,0.82402843,9.333962,7200,0.74285716,100,100,63.4,0.70857143,Very Low,69.4,0.8577469,100,1747085400,Very Low,0.5798516,1.540628,Very Low,1.4252213,60.9,1.5428572,100,1747085400,0.8857143
2025-05-12T21:44:07Z,20,29.899,72.9,61,65.7,5,8,240,82,0.0,255,32767,0.0,2127-15-31,0.0,0.16,26.24,0.0,0.0,0.0,0,4.828125,6,9,05:48,20:11,2025-05-12 21:44:07.579601,Città della Scienza,74.5,1.5990107,10.400406,0.72481453,0.6592227,EU EEA Common AQI,70.2,0.82402843,9.333962,7200,0.74285716,100,100,63.4,0.70857143,Very Low,69.4,0.8577469,100,1747085400,Very Low,0.5798516,1.540628,Very Low,1.4252213,60.9,1.5428572,100,1747085400,0.8857143
2025-05-12T21:44:18Z,20,29.899,72.9,61,65.7,4,8,242,82,0.0,255,32767,0.0,2127-15-31,0.0,0.16,26.24,0.0,0.0,0.0,0,4.828125,6,9,05:48,20:11,2025-05-12 21:44:18.661591,Città della Scienza,74.5,1.5990107,10.400406,0.72481453,0.6592227,EU EEA Common AQI,70.2,0.82402843,9.333962,7200,0.74285716,100,100,63.4,0.70857143,Very Low,69.4,0.8577469,100,1747085400,Very Low,0.5798516,1.540628,Very Low,1.4252213,60.9,1.5428572,100,1747085400,0.8857143
2025-05-12T21:44:29Z,20,29.899,72.9,61,65.7,7,8,259,82,0.0,255,32767,0.0,2127-15-31,0.0,0.16,26.24,0.0,0.0,0.0,0,4.828125,6,9,05:48,20:11,2025-05-12 21:44:29.730574,Città della Scienza,74.5,1.5990107,10.400406,0.72481453,0.6592227,EU EEA Common AQI,70.2,0.82402843,9.333962,7200,0.74285716,100,100,63.4,0.70857143,Very Low,69.4,0.8577469,100,1747085400,Very Low,0.5798516,1.540628,Very Low,1.4252213,60.9,1.5428572,100,1747085400,0.8857143
2025-05-12T21:44:41Z,20,29.9,72.9,61,65.7,9,8,254,82,0.0,255,32767,0.0,2127-15-31,0.0,0.16,26.24,0.0,0.0,0.0,0,4.828125,6,9,05:48,20:11,2025-05-12 21:44:40.800594,Città della Scienza,74.5,1.5990107,10.400406,0.72481453,0.6592227,EU EEA Common AQI,70.2,0.82402843,9.333962,7200,0.74285716,100,100,63.4,0.70857143,Very Low,69.4,0.8577469,100,1747085400,Very Low,0.5798516,1.540628,Very Low,1.4252213,60.9,1.5428572,100,1747085400,0.8857143
2025-05-12T21:44:52Z,20,29.9,72.9,61,65.7,10,8,247,82,0.0,255,32767,0.0,2127-15-31,0.0,0.16,26.24,0.0,0.0,0.0,0,4.828125,6,9,05:48,20:11,2025-05-12 21:44:51.881593,Città della Scienza,74.5,1.5990107,10.400406,0.72481453,0.6592227,EU EEA Common AQI,70.2,0.82402843,9.333962,7200,0.74285716,100,100,63.4,0.70857143,Very Low,69.4,0.8577469,100,1747085400,Very Low,0.5798516,1.540628,Very Low,1.4252213,60.9,1.5428572,100,1747085400,0.8857143
2025-05-12T21:45:03Z,20,29.9,72.9,61,65.7,9,8,263,82,0.0,255,32767,0.0,2127-15-31,0.0,0.16,26.24,0.0,0.0,0.0,0,4.828125,6,9,05:48,20:11,2025-05-12 21:45:02.927599,Città della Scienza,74.5,1.5990107,10.400406,0.72481453,0.6592227,EU EEA Common AQI,70.2,0.82402843,9.333962,7200,0.74285716,100,100,63.4,0.70857143,Very Low,69.4,0.8577469,100,1747085400,Very Low,0.5798516,1.540628,Very Low,1.4252213,60.9,1.5428572,100,1747085400,0.8857143
2025-05-12T21:45:14Z,20,29.9,72.9,61,65.7,6,8,240,82,0.0,255,32767,0.0,2127-15-31,0.0,0.16,26.24,0.0,0.0,0.0,0,4.828125,6,9,05:48,20:11,2025-05-12 21:45:14.019593,Città della Scienza,74.5,1.5990107,10.400406,0.72481453,0.6592227,EU EEA Common AQI,70.2,0.82402843,9.333962,7200,0.74285716,100,100,63.4,0.70857143,Very Low,69.4,0.8577469,100,1747085400,Very Low,0.5798516,1.540628,Very Low,1.4252213,60.9,1.5428572,100,1747085400,0.8857143
2025-05-12T21:45:25Z,20,29.9,72.9,61,65.7,9,8,259,83,0.0,255,32767,0.0,2127-15-31,0.0,0.16,26.24,0.0,0.0,0.0,0,4.828125,6,9,05:48,20:11,2025-05-12 21:45:25.097589,Città della Scienza,76.0,1.5980533,10.3177595,0.7752513,0.6639924,EU EEA Common AQI,69.9,0.8299905,9.253694,7200,0.9142857,100,100,63.4,0.7542857,Very Low,68.9,0.8441838,100,1747086300,Very Low,0.620201,1.5280448,Very Low,1.428674,61.1,2.142857,100,1747086300,0.94285715
2025-05-12T21:45:36Z,20,29.898,72.9,61,65.8,12,8,248,83,0.0,255,32767,0.0,2127-15-31,0.0,0.16,26.24,0.0,0.0,0.0,0,4.828125,6,9,05:48,20:11,2025-05-12 21:45:36.153594,Città della Scienza,76.0,1.5980533,10.3177595,0.7752513,0.6639924,EU EEA Common AQI,69.9,0.8299905,9.253694,7200,0.9142857,100,100,63.4,0.7542857,Very Low,68.9,0.8441838,100,1747086300,Very Low,0.620201,1.5280448,Very Low,1.428674,61.1,2.142857,100,1747086300,0.94285715
2025-05-12T21:45:47Z,20,29.898,72.9,61,65.7,11,8,240,83,0.0,255,32767,0.0,2127-15-31,0.0,0.16,26.24,0.0,0.0,0.0,0,4.828125,6,9,05:48,20:11,2025-05-12 21:45:47.213589,Città della Scienza,76.0,1.5980533,10.3177595,0.7752513,0.6639924,EU EEA Common AQI,69.9,0.8299905,9.253694,7200,0.9142857,100,100,63.4,0.7542857,Very Low,68.9,0.8441838,100,1747086300,Very Low,0.620201,1.5280448,Very Low,1.428674,61.1,2.142857,100,1747086300,0.94285715
2025-05-12T21:45:58Z,20,29.898,72.9,61,65.7,9,8,253,83,0.0,255,32767,0.0,2127-15-31,0.0,0.16,26.24,0.0,0.0,0.0,0,4.828125,6,9,05:48,20:11,2025-05-12 21:45:58.300597,Città della Scienza,76.0,1.5980533,10.3177595,0.7752513,0.6639924,EU EEA Common AQI,69.9,0.8299905,9.253694,7200,0.9142857,100,100,63.4,0.7542857,Very Low,68.9,0.8441838,100,1747086300,Very Low,0.620201,1.5280448,Very Low,1.428674,61.1,2.142857,100,1747086300,0.94285715
2025-05-12T21:46:09Z,20,29.898,72.9,61,65.7,9,8,255,83,0.0,255,32767,0.0,2127-15-31,0.0,0.16,26.24,0.0,0.0,0.0,0,4.828125,6,9,05:48,20:11,2025-05-12 21:46:09.335587,Città della Scienza,76.0,1.5980533,10.3177595,0.7752513,0.6639924,EU EEA Common AQI,69.9,0.8299905,9.253694,7200,0.9142857,100,100,63.4,0.7542857,Very Low,68.9,0.8441838,100,1747086300,Very Low,0.620201,1.5280448,Very Low,1.428674,61.1,2.142857,100,1747086300,0.94285715
2025-05-12T21:46:20Z,20,29.898,72.9,61,65.7,6,8,275,82,0.0,255,32767,0.0,2127-15-31,0.0,0.16,26.24,0.0,0.0,0.0,0,4.828125,6,9,05:48,20:11,2025-05-12 21:46:20.447589,Città della Scienza,76.0,1.5980533,10.3177595,0.7752513,0.6639924,EU EEA Common AQI,69.9,0.8299905,9.253694,7200,0.9142857,100,100,63.4,0.7542857,Very Low,68.9,0.8441838,100,1747086300,Very Low,0.620201,1.5280448,Very Low,1.428674,61.1,2.142857,100,1747086300,0.94285715
2025-05-12T21:46:31Z,20,29.898,72.9,61,65.7,3,8,230,82,0.0,255,32767,0.0,2127-15-31,0.0,0.16,26.24,0.0,0.0,0.0,0,4.828125,6,9,05:48,20:11,2025-05-12 21:46:31.566609,Città della Scienza,76.0,1.5980533,10.3177595,0.7752513,0.6639924,EU EEA Common AQI,69.9,0.8299905,9.253694,7200,0.9142857,100,100,63.4,0.7542857,Very Low,68.9,0.8441838,100,1747086300,Very Low,0.620201,1.5280448,Very Low,1.428674,61.1,2.142857,100,1747086300,0.94285715
2025-05-12T21:46:42Z,20,29.897,72.9,61,65.7,6,8,230,82,0.0,255,32767,0.0,2127-15-31,0.0,0.16,26.24,0.0,0.0,0.0,0,4.828125,6,9,05:48,20:11,2025-05-12 21:46:42.655596,Città della Scienza,76.0,1.5980533,10.3177595,0.7752513,0.6639924,EU EEA Common AQI,69.9,0.8299905,9.253694,7200,0.9142857,100,100,63.4,0.7542857,Very Low,68.9,0.8441838,100,1747086300,Very Low,0.620201,1.5280448,Very Low,1.428674,61.1,2.142857,100,1747086300,0.94285715
2025-05-12T21:46:53Z,20,29.897,72.9,61,65.7,11,8,240,82,0.0,255,32767,0.0,2127-15-31,0.0,0.16,26.24,0.0,0.0,0.0,0,4.828125,6,9,05:48,20:11,2025-05-12 21:46:53.768589,Città della Scienza,76.0,1.5980533,10.3177595,0.7752513,0.6639924,EU EEA Common AQI,69.9,0.8299905,9.253694,7200,0.9142857,100,100,63.4,0.7542857,Very Low,68.9,0.8441838,100,1747086300,Very Low,0.620201,1.5280448,Very Low,1.428674,61.1,2.142857,100,1747086300,0.94285715
2025-05-12T21:47:05Z,20,29.897,72.9,61,65.7,11,8,243,82,0.0,255,32767,0.0,2127-15-31,0.0,0.16,26.24,0.0,0.0,0.0,0,4.828125,6,9,05:48,20:11,2025-05-12 21:47:04.834584,Città della Scienza,76.0,1.5980533,10.3177595,0.7752513,0.6639924,EU EEA Common AQI,69.9,0.8299905,9.253694,7200,0.9142857,100,100,63.4,0.7542857,Very Low,68.9,0.8441838,100,1747086300,Very Low,0.620201,1.5280448,Very Low,1.428674,61.1,2.142857,100,1747086300,0.94285715
2025-05-12T21:47:16Z,20,29.897,72.9,61,65.7,9,8,246,82,0.0,255,32767,0.0,2127-15-31,0.0,0.16,26.24,0.0,0.0,0.0,0,4.828125,6,9,05:48,20:11,2025-05-12 21:47:15.914599,Città della Scienza,76.0,1.5980533,10.3177595,0.7752513,0.6639924,EU EEA Common AQI,69.9,0.8299905,9.253694,7200,0.9142857,100,100,63.4,0.7542857,Very Low,68.9,0.8441838,100,1747086300,Very Low,0.620201,1.5280448,Very Low,1.428674,61.1,2.142857,100,1747086300,0.94285715
2025-05-12T21:47:27Z,20,29.897,72.9,61,65.7,9,8,240,82,0.0,255,32767,0.0,2127-15-31,0.0,0.16,26.24,0.0,0.0,0.0,0,4.828125,6,9,05:48,20:11,2025-05-12 21:47:27.032601,Città della Scienza,76.0,1.5980533,10.3177595,0.7752513,0.6639924,EU EEA Common AQI,69.9,0.8299905,9.253694,7200,0.9142857,100,100,63.4,0.7542857,Very Low,68.9,0.8441838,100,1747086300,Very Low,0.620201,1.5280448,Very Low,1.428674,61.1,2.142857,100,1747086300,0.94285715
2025-05-12T21:47:38Z,20,29.899,72.9,61,65.7,11,8,243,82,0.0,255,32767,0.0,2127-15-31,0.0,0.16,26.24,0.0,0.0,0.0,0,4.828125,6,9,05:48,20:11,2025-05-12 21:47:38.131596,Città della Scienza,76.0,1.5980533,10.3177595,0.7752513,0.6639924,EU EEA Common AQI,69.9,0.8299905,9.253694,7200,0.9142857,100,100,63.4,0.7542857,Very Low,68.9,0.8441838,100,1747086300,Very Low,0.620201,1.5280448,Very Low,1.428674,61.1,2.142857,100,1747086300,0.94285715
2025-05-12T21:47:49Z,20,29.899,72.9,61,65.7,9,8,259,82,0.0,255,32767,0.0,2127-15-31,0.0,0.16,26.24,0.0,0.0,0.0,0,4.828125,6,9,05:48,20:11,2025-05-12 21:47:49.267588,Città della Scienza,76.0,1.5980533,10.3177595,0.7752513,0.6639924,EU EEA Common AQI,69.9,0.8299905,9.253694,7200,0.9142857,100,100,63.4,0.7542857,Very Low,68.9,0.8441838,100,1747086300,Very Low,0.620201,1.5280448,Very Low,1.428674,61.1,2.142857,100,1747086300,0.94285715
2025-05-12T21:48:00Z,20,29.899,72.9,61,65.7,11,8,241,82,0.0,255,32767,0.0,2127-15-31,0.0,0.16,26.24,0.0,0.0,0.0,0,4.828125,6,9,05:48,20:11,2025-05-12 21:48:00.302594,Città della Scienza,76.0,1.5980533,10.3177595,0.7752513,0.6639924,EU EEA Common AQI,69.9,0.8299905,9.253694,7200,0.9142857,100,100,63.4,0.7542857,Very Low,68.9,0.8441838,100,1747086300,Very Low,0.620201,1.5280448,Very Low,1.428674,61.1,2.142857,100,1747086300,0.94285715
2025-05-12T21:48:11Z,20,29.899,72.9,61,65.7,9,8,245,82,0.0,255,32767,0.0,2127-15-31,0.0,0.16,26.24,0.0,0.0,0.0,0,4.828125,6,9,05:48,20:11,2025-05-12 21:48:11.375590,Città della Scienza,76.0,1.5980533,10.3177595,0.7752513,0.6639924,EU EEA Common AQI,69.9,0.8299905,9.253694,7200,0.9142857,100,100,63.4,0.7542857,Very Low,68.9,0.8441838,100,1747086300,Very Low,0.620201,1.5280448,Very Low,1.428674,61.1,2.142857,100,1747086300,0.94285715
2025-05-12T21:48:22Z,20,29.899,72.9,61,65.7,5,8,245,82,0.0,255,32767,0.0,2127-15-31,0.0,0.16,26.24,0.0,0.0,0.0,0,4.828125,6,9,05:48,20:11,2025-05-12 21:48:22.449593,Città della Scienza,76.0,1.5980533,10.3177595,0.7752513,0.6639924,EU EEA Common AQI,69.9,0.8299905,9.253694,7200,0.9142857,100,100,63.4,0.7542857,Very Low,68.9,0.8441838,100,1747086300,Very Low,0.620201,1.5280448,Very Low,1.428674,61.1,2.142857,100,1747086300,0.94285715
2025-05-12T21:48:33Z,20,29.899,72.9,61,65.7,6,8,286,82,0.0,255,32767,0.0,2127-15-31,0.0,0.16,26.24,0.0,0.0,0.0,0,4.828125,6,9,05:48,20:11,2025-05-12 21:48:33.547588,Città della Scienza,76.0,1.5980533,10.3177595,0.7752513,0.6639924,EU EEA Common AQI,69.9,0.8299905,9.253694,7200,0.9142857,100,100,63.4,0.7542857,Very Low,68.9,0.8441838,100,1747086300,Very Low,0.620201,1.5280448,Very Low,1.428674,61.1,2.142857,100,1747086300,0.94285715
2025-05-12T21:48:44Z,20,29.899,72.9,61,65.7,7,8,280,82,0.0,255,32767,0.0,2127-15-31,0.0,0.16,26.24,0.0,0.0,0.0,0,4.828125,6,9,05:48,20:11,2025-05-12 21:48:44.601592,Città della Scienza,76.0,1.5980533,10.3177595,0.7752513,0.6639924,EU EEA Common AQI,69.9,0.8299905,9.253694,7200,0.9142857,100,100,63.4,0.7542857,Very Low,68.9,0.8441838,100,1747086300,Very Low,0.620201,1.5280448,Very Low,1.428674,61.1,2.142857,100,1747086300,0.94285715
2025-05-12T21:48:55Z,20,29.899,72.9,61,65.7,5,8,248,83,0.0,255,32767,0.0,2127-15-31,0.0,0.16,26.24,0.0,0.0,0.0,0,4.828125,6,9,05:48,20:11,2025-05-12 21:48:55.703596,Città della Scienza,76.0,1.5980533,10.3177595,0.7752513,0.6639924,EU EEA Common AQI,69.9,0.8299905,9.253694,7200,0.9142857,100,100,63.4,0.7542857,Very Low,68.9,0.8441838,100,1747086300,Very Low,0.620201,1.5280448,Very Low,1.428674,61.1,2.142857,100,1747086300,0.94285715
2025-05-12T21:49:06Z,20,29.899,72.9,61,65.8,9,8,247,83,0.0,255,32767,0.0,2127-15-31,0.0,0.16,26.24,0.0,0.0,0.0,0,4.828125,6,9,05:48,20:11,2025-05-12 21:49:06.777593,Città della Scienza,76.0,1.5980533,10.3177595,0.7752513,0.6639924,EU EEA Common AQI,69.9,0.8299905,9.253694,7200,0.9142857,100,100,63.4,0.7542857,Very Low,68.9,0.8441838,100,1747086300,Very Low,0.620201,1.5280448,Very Low,1.428674,61.1,2.142857,100,1747086300,0.94285715
2025-05-12T21:49:18Z,20,29.899,72.9,61,65.7,10,8,268,83,0.0,255,32767,0.0,2127-15-31,0.0,0.16,26.24,0.0,0.0,0.0,0,4.828125,6,9,05:48,20:11,2025-05-12 21:49:17.847585,Città della Scienza,76.0,1.5980533,10.3177595,0.7752513,0.6639924,EU EEA Common AQI,69.9,0.8299905,9.253694,7200,0.9142857,100,100,63.4,0.7542857,Very Low,68.9,0.8441838,100,1747086300,Very Low,0.620201,1.5280448,Very Low,1.428674,61.1,2.142857,100,1747086300,0.94285715
2025-05-12T21:49:29Z,20,29.899,72.9,61,65.8,11,8,236,83,0.0,255,32767,0.0,2127-15-31,0.0,0.16,26.24,0.0,0.0,0.0,0,4.828125,6,9,05:48,20:11,2025-05-12 21:49:28.916588,Città della Scienza,76.0,1.5980533,10.3177595,0.7752513,0.6639924,EU EEA Common AQI,69.9,0.8299905,9.253694,7200,0.9142857,100,100,63.4,0.7542857,Very Low,68.9,0.8441838,100,1747086300,Very Low,0.620201,1.5280448,Very Low,1.428674,61.1,2.142857,100,1747086300,0.94285715
2025-05-12T21:49:40Z,20,29.896,72.9,62,65.8,12,8,236,83,0.0,255,32767,0.0,2127-15-31,0.0,0.16,26.24,0.0,0.0,0.0,0,4.828125,6,9,05:48,20:11,2025-05-12 21:49:40.012608,Città della Scienza,76.0,1.5980533,10.3177595,0.7752513,0.6639924,EU EEA Common AQI,69.9,0.8299905,9.253694,7200,0.9142857,100,100,63.4,0.7542857,Very Low,68.9,0.8441838,100,1747086300,Very Low,0.620201,1.5280448,Very Low,1.428674,61.1,2.142857,100,1747086300,0.94285715
2025-05-12T21:49:51Z,20,29.896,72.9,62,65.7,7,8,233,82,0.0,255,32767,0.0,2127-15-31,0.0,0.16,26.24,0.0,0.0,0.0,0,4.828125,6,9,05:48,20:11,2025-05-12 21:49:51.057586,Città della Scienza,76.0,1.5980533,10.3177595,0.7752513,0.6639924,EU EEA Common AQI,69.9,0.8299905,9.253694,7200,0.9142857,100,100,63.4,0.7542857,Very Low,68.9,0.8441838,100,1747086300,Very Low,0.620201,1.5280448,Very Low,1.428674,61.1,2.142857,100,1747086300,0.94285715
2025-05-12T21:50:02Z,20,29.896,72.9,62,65.7,7,8,259,82,0.0,255,32767,0.0,2127-15-31,0.0,0.16,26.24,0.0,0.0,0.0,0,4.828125,6,9,05:48,20:11,2025-05-12 21:50:02.155587,Città della Scienza,76.0,1.5980533,10.3177595,0.7752513,0.6639924,EU EEA Common AQI,69.9,0.8299905,9.253694,7200,0.9142857,100,100,63.4,0.7542857,Very Low,68.9,0.8441838,100,1747086300,Very Low,0.620201,1.5280448,Very Low,1.428674,61.1,2.142857,100,1747086300,0.94285715
2025-05-12T21:50:13Z,20,29.896,72.9,62,65.7,7,8,265,82,0.0,255,32767,0.0,2127-15-31,0.0,0.16,26.24,0.0,0.0,0.0,0,4.828125,6,9,05:48,20:11,2025-05-12 21:50:13.232591,Città della Scienza,76.0,1.5980533,10.3177595,0.7752513,0.6639924,EU EEA Common AQI,69.9,0.8299905,9.253694,7200,0.9142857,100,100,63.4,0.7542857,Very Low,68.9,0.8441838,100,1747086300,Very Low,0.620201,1.5280448,Very Low,1.428674,61.1,2.142857,100,1747086300,0.94285715
2025-05-12T21:50:24Z,20,29.896,72.9,62,65.7,8,8,252,82,0.0,255,32767,0.0,2127-15-31,0.0,0.16,26.24,0.0,0.0,0.0,0,4.828125,6,9,05:48,20:11,2025-05-12 21:50:24.324582,Città della Scienza,76.0,1.5980533,10.3177595,0.7752513,0.6639924,EU EEA Common AQI,69.9,0.8299905,9.253694,7200,0.9142857,100,100,63.4,0.7542857,Very Low,68.9,0.8441838,100,1747086300,Very Low,0.620201,1.5280448,Very Low,1.428674,61.1,2.142857,100,1747086300,0.94285715
2025-05-12T21:50:35Z,20,29.899,72.8,62,65.7,9,8,249,82,0.0,255,32767,0.0,2127-15-31,0.0,0.16,26.24,0.0,0.0,0.0,0,4.828125,6,9,05:48,20:11,2025-05-12 21:50:35.396599,Città della Scienza,76.0,1.5980533,10.3177595,0.7752513,0.6639924,EU EEA Common AQI,69.9,0.8299905,9.253694,7200,0.9142857,100,100,63.4,0.7542857,Very Low,68.9,0.8441838,100,1747086300,Very Low,0.620201,1.5280448,Very Low,1.428674,61.1,2.142857,100,1747086300,0.94285715
2025-05-12T21:50:46Z,20,29.899,72.8,62,65.7,6,8,239,82,0.0,255,32767,0.0,2127-15-31,0.0,0.16,26.24,0.0,0.0,0.0,0,4.828125,6,9,05:48,20:11,2025-05-12 21:50:46.430601,Città della Scienza,76.0,1.5980533,10.3177595,0.7752513,0.6639924,EU EEA Common AQI,69.9,0.8299905,9.253694,7200,0.9142857,100,100,63.4,0.7542857,Very Low,68.9,0.8441838,100,1747086300,Very Low,0.620201,1.5280448,Very Low,1.428674,61.1,2.142857,100,1747086300,0.94285715
2025-05-12T21:50:57Z,20,29.899,72.8,62,65.7,10,8,261,82,0.0,255,32767,0.0,2127-15-31,0.0,0.16,26.24,0.0,0.0,0.0,0,4.828125,6,9,05:48,20:11,2025-05-12 21:50:57.762596,Città della Scienza,76.0,1.5980533,10.3177595,0.7752513,0.6639924,EU EEA Common AQI,69.9,0.8299905,9.253694,7200,0.9142857,100,100,63.4,0.7542857,Very Low,68.9,0.8441838,100,1747086300,Very Low,0.620201,1.5280448,Very Low,1.428674,61.1,2.142857,100,1747086300,0.94285715
2025-05-12T21:51:09Z,20,29.899,72.8,62,65.7,7,8,256,82,0.0,255,32767,0.0,2127-15-31,0.0,0.16,26.24,0.0,0.0,0.0,0,4.828125,6,9,05:48,20:11,2025-05-12 21:51:08.825592,Città della Scienza,76.0,1.5980533,10.3177595,0.7752513,0.6639924,EU EEA Common AQI,69.9,0.8299905,9.253694,7200,0.9142857,100,100,63.4,0.7542857,Very Low,68.9,0.8441838,100,1747086300,Very Low,0.620201,1.5280448,Very Low,1.428674,61.1,2.142857,100,1747086300,0.94285715
2025-05-12T21:51:20Z,20,29.899,72.8,62,65.7,10,8,241,82,0.0,255,32767,0.0,2127-15-31,0.0,0.16,26.24,0.0,0.0,0.0,0,4.828125,6,9,05:48,20:11,2025-05-12 21:51:19.918590,Città della Scienza,76.0,1.5980533,10.3177595,0.7752513,0.6639924,EU EEA Common AQI,69.9,0.8299905,9.253694,7200,0.9142857,100,100,63.4,0.7542857,Very Low,68.9,0.8441838,100,1747086300,Very Low,0.620201,1.5280448,Very Low,1.428674,61.1,2.142857,100,1747086300,0.94285715
2025-05-12T21:51:31Z,20,29.899,72.8,62,65.7,8,8,244,82,0.0,255,32767,0.0,2127-15-31,0.0,0.16,26.24,0.0,0.0,0.0,0,4.828125,6,9,05:48,20:11,2025-05-12 21:51:30.986592,Città della Scienza,76.0,1.5980533,10.3177595,0.7752513,0.6639924,EU EEA Common AQI,69.9,0.8299905,9.253694,7200,0.9142857,100,100,63.4,0.7542857,Very Low,68.9,0.8441838,100,1747086300,Very Low,0.620201,1.5280448,Very Low,1.428674,61.1,2.142857,100,1747086300,0.94285715
2025-05-12T21:51:42Z,20,29.898,72.9,62,65.7,10,8,248,82,0.0,255,32767,0.0,2127-15-31,0.0,0.16,26.24,0.0,0.0,0.0,0,4.828125,6,9,05:48,20:11,2025-05-12 21:51:42.086591,Città della Scienza,76.0,1.5980533,10.3177595,0.7752513,0.6639924,EU EEA Common AQI,69.9,0.8299905,9.253694,7200,0.9142857,100,100,63.4,0.7542857,Very Low,68.9,0.8441838,100,1747086300,Very Low,0.620201,1.5280448,Very Low,1.428674,61.1,2.142857,100,1747086300,0.94285715
2025-05-12T21:51:53Z,20,29.898,72.9,62,65.7,7,8,245,82,0.0,255,32767,0.0,2127-15-31,0.0,0.16,26.24,0.0,0.0,0.0,0,4.828125,6,9,05:48,20:11,2025-05-12 21:51:53.142608,Città della Scienza,76.0,1.5980533,10.3177595,0.7752513,0.6639924,EU EEA Common AQI,69.9,0.8299905,9.253694,7200,0.9142857,100,100,63.4,0.7542857,Very Low,68.9,0.8441838,100,1747086300,Very Low,0.620201,1.5280448,Very Low,1.428674,61.1,2.142857,100,1747086300,0.94285715
2025-05-12T21:52:04Z,20,29.898,72.9,62,65.7,11,8,258,82,0.0,255,32767,0.0,2127-15-31,0.0,0.16,26.24,0.0,0.0,0.0,0,4.828125,6,9,05:48,20:11,2025-05-12 21:52:04.245549,Città della Scienza,76.0,1.5980533,10.3177595,0.7752513,0.6639924,EU EEA Common AQI,69.9,0.8299905,9.253694,7200,0.9142857,100,100,63.4,0.7542857,Very Low,68.9,0.8441838,100,1747086300,Very Low,0.620201,1.5280448,Very Low,1.428674,61.1,2.142857,100,1747086300,0.94285715
2025-05-12T21:52:15Z,20,29.898,72.9,62,65.7,8,8,257,82,0.0,255,32767,0.0,2127-15-31,0.0,0.16,26.24,0.0,0.0,0.0,0,4.828125,6,9,05:48,20:11,2025-05-12 21:52:15.378599,Città della Scienza,76.0,1.5980533,10.3177595,0.7752513,0.6639924,EU EEA Common AQI,69.9,0.8299905,9.253694,7200,0.9142857,100,100,63.4,0.7542857,Very Low,68.9,0.8441838,100,1747086300,Very Low,0.620201,1.5280448,Very Low,1.428674,61.1,2.142857,100,1747086300,0.94285715
2025-05-12T21:52:26Z,20,29.898,72.9,62,65.7,6,8,277,82,0.0,255,32767,0.0,2127-15-31,0.0,0.16,26.24,0.0,0.0,0.0,0,4.828125,6,9,05:48,20:11,2025-05-12 21:52:26.408598,Città della Scienza,76.0,1.5980533,10.3177595,0.7752513,0.6639924,EU EEA Common AQI,69.9,0.8299905,9.253694,7200,0.9142857,100,100,63.4,0.7542857,Very Low,68.9,0.8441838,100,1747086300,Very Low,0.620201,1.5280448,Very Low,1.428674,61.1,2.142857,100,1747086300,0.94285715
2025-05-12T21:52:37Z,20,29.897,72.8,62,65.7,3,8,267,82,0.0,255,32767,0.0,2127-15-31,0.0,0.16,26.24,0.0,0.0,0.0,0,4.828125,6,9,05:48,20:11,2025-05-12 21:52:37.506590,Città della Scienza,76.0,1.5980533,10.3177595,0.7752513,0.6639924,EU EEA Common AQI,69.9,0.8299905,9.253694,7200,0.9142857,100,100,63.4,0.7542857,Very Low,68.9,0.8441838,100,1747086300,Very Low,0.620201,1.5280448,Very Low,1.428674,61.1,2.142857,100,1747086300,0.94285715
2025-05-12T21:52:48Z,20,29.897,72.8,62,65.7,3,8,271,82,0.0,255,32767,0.0,2127-15-31,0.0,0.16,26.24,0.0,0.0,0.0,0,4.828125,6,9,05:48,20:11,2025-05-12 21:52:48.597596,Città della Scienza,76.0,1.5980533,10.3177595,0.7752513,0.6639924,EU EEA Common AQI,69.9,0.8299905,9.253694,7200,0.9142857,100,100,63.4,0.7542857,Very Low,68.9,0.8441838,100,1747086300,Very Low,0.620201,1.5280448,Very Low,1.428674,61.1,2.142857,100,1747086300,0.94285715
2025-05-12T21:52:59Z,20,29.897,72.8,62,65.7,7,8,275,82,0.0,255,32767,0.0,2127-15-31,0.0,0.16,26.24,0.0,0.0,0.0,0,4.828125,6,9,05:48,20:11,2025-05-12 21:52:59.675605,Città della Scienza,76.0,1.5980533,10.3177595,0.7752513,0.6639924,EU EEA Common AQI,69.9,0.8299905,9.253694,7200,0.9142857,100,100,63.4,0.7542857,Very Low,68.9,0.8441838,100,1747086300,Very Low,0.620201,1.5280448,Very Low,1.428674,61.1,2.142857,100,1747086300,0.94285715
2025-05-12T21:53:10Z,20,29.897,72.8,62,65.7,5,8,250,82,0.0,255,32767,0.0,2127-15-31,0.0,0.16,26.24,0.0,0.0,0.0,0,4.828125,6,9,05:48,20:11,2025-05-12 21:53:10.748595,Città della Scienza,76.0,1.5980533,10.3177595,0.7752513,0.6639924,EU EEA Common AQI,69.9,0.8299905,9.253694,7200,0.9142857,100,100,63.4,0.7542857,Very Low,68.9,0.8441838,100,1747086300,Very Low,0.620201,1.5280448,Very Low,1.428674,61.1,2.142857,100,1747086300,0.94285715
2025-05-12T21:53:22Z,20,29.897,72.8,62,65.7,4,8,236,82,0.0,255,32767,0.0,2127-15-31,0.0,0.16,26.24,0.0,0.0,0.0,0,4.828125,6,9,05:48,20:11,2025-05-12 21:53:21.835586,Città della Scienza,76.0,1.5980533,10.3177595,0.7752513,0.6639924,EU EEA Common AQI,69.9,0.8299905,9.253694,7200,0.9142857,100,100,63.4,0.7542857,Very Low,68.9,0.8441838,100,1747086300,Very Low,0.620201,1.5280448,Very Low,1.428674,61.1,2.142857,100,1747086300,0.94285715
2025-05-12T21:53:33Z,20,29.897,72.8,62,65.7,9,8,244,82,0.0,255,32767,0.0,2127-15-31,0.0,0.16,26.24,0.0,0.0,0.0,0,4.828125,6,9,05:48,20:11,2025-05-12 21:53:32.913602,Città della Scienza,76.0,1.5980533,10.3177595,0.7752513,0.6639924,EU EEA Common AQI,69.9,0.8299905,9.253694,7200,0.9142857,100,100,63.4,0.7542857,Very Low,68.9,0.8441838,100,1747086300,Very Low,0.620201,1.5280448,Very Low,1.428674,61.1,2.142857,100,1747086300,0.94285715
2025-05-12T21:53:44Z,20,29.899,72.8,62,65.7,7,8,267,82,0.0,255,32767,0.0,2127-15-31,0.0,0.16,26.24,0.0,0.0,0.0,0,4.828125,6,9,05:48,20:11,2025-05-12 21:53:44.028557,Città della Scienza,76.0,1.5980533,10.3177595,0.7752513,0.6639924,EU EEA Common AQI,69.9,0.8299905,9.253694,7200,0.9142857,100,100,63.4,0.7542857,Very Low,68.9,0.8441838,100,1747086300,Very Low,0.620201,1.5280448,Very Low,1.428674,61.1,2.142857,100,1747086300,0.94285715
2025-05-12T21:53:55Z,20,29.899,72.8,62,65.7,4,8,250,82,0.0,255,32767,0.0,2127-15-31,0.0,0.16,26.24,0.0,0.0,0.0,0,4.828125,6,9,05:48,20:11,2025-05-12 21:53:55.118590,Città della Scienza,76.0,1.5980533,10.3177595,0.7752513,0.6639924,EU EEA Common AQI,69.9,0.8299905,9.253694,7200,0.9142857,100,100,63.4,0.7542857,Very Low,68.9,0.8441838,100,1747086300,Very Low,0.620201,1.5280448,Very Low,1.428674,61.1,2.142857,100,1747086300,0.94285715
2025-05-12T21:54:06Z,20,29.899,72.8,62,65.7,4,8,263,82,0.0,255,32767,0.0,2127-15-31,0.0,0.16,26.24,0.0,0.0,0.0,0,4.828125,6,9,05:48,20:11,2025-05-12 21:54:06.174599,Città della Scienza,76.0,1.5980533,10.3177595,0.7752513,0.6639924,EU EEA Common AQI,69.9,0.8299905,9.253694,7200,0.9142857,100,100,63.4,0.7542857,Very Low,68.9,0.8441838,100,1747086300,Very Low,0.620201,1.5280448,Very Low,1.428674,61.1,2.142857,100,1747086300,0.94285715
2025-05-12T21:54:17Z,20,29.899,72.8,62,65.7,5,8,244,82,0.0,255,32767,0.0,2127-15-31,0.0,0.16,26.24,0.0,0.0,0.0,0,4.828125,6,9,05:48,20:11,2025-05-12 21:54:17.313590,Città della Scienza,76.0,1.5980533,10.3177595,0.7752513,0.6639924,EU EEA Common AQI,69.9,0.8299905,9.253694,7200,0.9142857,100,100,63.4,0.7542857,Very Low,68.9,0.8441838,100,1747086300,Very Low,0.620201,1.5280448,Very Low,1.428674,61.1,2.142857,100,1747086300,0.94285715
2025-05-12T21:54:28Z,20,29.899,72.8,62,65.7,4,8,254,82,0.0,255,32767,0.0,2127-15-31,0.0,0.16,26.24,0.0,0.0,0.0,0,4.828125,6,9,05:48,20:11,2025-05-12 21:54:28.410595,Città della Scienza,76.0,1.5980533,10.3177595,0.7752513,0.6639924,EU EEA Common AQI,69.9,0.8299905,9.253694,7200,0.9142857,100,100,63.4,0.7542857,Very Low,68.9,0.8441838,100,1747086300,Very Low,0.620201,1.5280448,Very Low,1.428674,61.1,2.142857,100,1747086300,0.94285715
2025-05-12T21:54:39Z,20,29.898,72.8,62,65.7,4,8,250,82,0.0,255,32767,0.0,2127-15-31,0.0,0.16,26.24,0.0,0.0,0.0,0,4.828125,6,9,05:48,20:11,2025-05-12 21:54:39.506581,Città della Scienza
2025-05-12T21:54:50Z,20,29.898,72.8,62,65.7,5,8,244,82,0.0,255,32767,0.0,2127-15-31,0.0,0.16,26.24,0.0,0.0,0.0,0,4.828125,6,9,05:48,20:11,2025-05-12 21:54:50.579591,Città della Scienza
2025-05-12T21:55:01Z,20,29.898,72.8,62,65.7,4,8,249,82,0.0,255,32767,0.0,2127-15-31,0.0,0.16,26.24,0.0,0.0,0.0,0,4.828125,6,9,05:48,20:11,2025-05-12 21:55:01.627582,Città della Scienza
2025-05-12T21:55:12Z,20,29.898,72.8,62,65.7,3,8,250,82,0.0,255,32767,0.0,2127-15-31,0.0,0.16,26.24,0.0,0.0,0.0,0,4.828125,6,9,05:48,20:11,2025-05-12 21:55:12.684591,Città della Scienza
2025-05-12T21:55:23Z,20,29.898,72.8,62,65.7,2,8,240,82,0.0,255,32767,0.0,2127-15-31,0.0,0.16,26.24,0.0,0.0,0.0,0,4.828125,6,9,05:48,20:11,2025-05-12 21:55:23.739593,Città della Scienza
2025-05-12T21:55:34Z,20,29.897,72.8,62,65.7,0,7,332,82,0.0,255,32767,0.0,2127-15-31,0.0,0.16,26.24,0.0,0.0,0.0,0,4.828125,6,9,05:48,20:11,2025-05-12 21:55:34.758596,Città della Scienza
2025-05-12T21:55:46Z,20,29.897,72.8,62,65.7,1,7,248,82,0.0,255,32767,0.0,2127-15-31,0.0,0.16,26.24,0.0,0.0,0.0,0,4.828125,6,9,05:48,20:11,2025-05-12 21:55:45.868595,Città della Scienza
2025-05-12T21:55:57Z,20,29.897,72.8,62,65.7,4,7,266,82,0.0,255,32767,0.0,2127-15-31,0.0,0.16,26.24,0.0,0.0,0.0,0,4.828125,6,9,05:48,20:11,2025-05-12 21:55:56.916571,Città della Scienza
2025-05-12T21:56:08Z,20,29.897,72.8,62,65.7,3,7,252,82,0.0,255,32767,0.0,2127-15-31,0.0,0.16,26.24,0.0,0.0,0.0,0,4.828125,6,9,05:48,20:11,2025-05-12 21:56:07.972613,Città della Scienza
2025-05-12T21:56:19Z,20,29.897,72.8,62,65.7,3,7,259,82,0.0,255,32767,0.0,2127-15-31,0.0,0.16,26.24,0.0,0.0,0.0,0,4.828125,6,9,05:48,20:11,2025-05-12 21:56:19.061587,Città della Scienza
2025-05-12T21:56:30Z,20,29.897,72.8,62,65.7,7,7,249,82,0.0,255,32767,0.0,2127-15-31,0.0,0.16,26.24,0.0,0.0,0.0,0,4.828125,6,9,05:48,20:11,2025-05-12 21:56:30.087595,Città della Scienza
2025-05-12T21:56:41Z,20,29.899,72.8,62,65.7,8,7,262,82,0.0,255,32767,0.0,2127-15-31,0.0,0.16,26.24,0.0,0.0,0.0,0,4.828125,6,9,05:48,20:11,2025-05-12 21:56:41.156592,Città della Scienza
2025-05-12T21:56:52Z,20,29.899,72.8,62,65.6,5,7,245,83,0.0,255,32767,0.0,2127-15-31,0.0,0.16,26.24,0.0,0.0,0.0,0,4.828125,6,9,05:48,20:11,2025-05-12 21:56:52.238594,Città della Scienza
2025-05-12T21:57:03Z,20,29.899,72.8,62,65.7,3,7,264,83,0.0,255,32767,0.0,2127-15-31,0.0,0.16,26.24,0.0,0.0,0.0,0,4.828125,6,9,05:48,20:11,2025-05-12 21:57:03.298599,Città della Scienza
2025-05-12T21:57:14Z,20,29.899,72.8,62,65.7,6,7,268,83,0.0,255,32767,0.0,2127-15-31,0.0,0.16,26.24,0.0,0.0,0.0,0,4.828125,6,9,05:48,20:11,2025-05-12 21:57:14.344597,Città della Scienza
2025-05-12T21:57:25Z,20,29.899,72.8,62,65.6,7,7,257,83,0.0,255,32767,0.0,2127-15-31,0.0,0.16,26.24,0.0,0.0,0.0,0,4.828125,6,9,05:48,20:11,2025-05-12 21:57:25.403595,Città della Scienza
2025-05-12T21:57:36Z,20,29.897,72.8,62,65.6,6,6,280,82,0.0,255,32767,0.0,2127-15-31,0.0,0.16,26.24,0.0,0.0,0.0,0,4.828125,6,9,05:48,20:11,2025-05-12 21:57:36.475596,Città della Scienza
2025-05-12T21:57:47Z,20,29.897,72.8,62,65.6,6,6,277,82,0.0,255,32767,0.0,2127-15-31,0.0,0.16,26.24,0.0,0.0,0.0,0,4.828125,6,9,05:48,20:11,2025-05-12 21:57:47.532586,Città della Scienza
2025-05-12T21:57:58Z,20,29.897,72.8,62,65.6,2,6,269,82,0.0,255,32767,0.0,2127-15-31,0.0,0.16,26.24,0.0,0.0,0.0,0,4.828125,6,9,05:48,20:11,2025-05-12 21:57:58.630609,Città della Scienza
2025-05-12T21:58:09Z,20,29.897,72.8,62,65.6,6,6,238,82,0.0,255,32767,0.0,2127-15-31,0.0,0.16,26.24,0.0,0.0,0.0,0,4.828125,6,9,05:48,20:11,2025-05-12 21:58:09.643563,Città della Scienza
2025-05-12T21:58:20Z,20,29.897,72.8,62,65.6,4,6,258,82,0.0,255,32767,0.0,2127-15-31,0.0,0.16,26.24,0.0,0.0,0.0,0,4.828125,6,9,05:48,20:11,2025-05-12 21:58:20.723591,Città della Scienza
2025-05-12T21:58:32Z,20,29.897,72.8,62,65.7,7,6,248,83,0.0,255,32767,0.0,2127-15-31,0.0,0.16,26.24,0.0,0.0,0.0,0,4.828125,6,9,05:48,20:11,2025-05-12 21:58:31.806594,Città della Scienza
2025-05-12T21:58:43Z,20,29.899,72.8,62,65.7,6,6,269,83,0.0,255,32767,0.0,2127-15-31,0.0,0.16,26.24,0.0,0.0,0.0,0,4.828125,6,9,05:48,20:11,2025-05-12 21:58:42.883596,Città della Scienza
2025-05-12T21:58:54Z,20,29.899,72.8,62,65.7,4,6,252,83,0.0,255,32767,0.0,2127-15-31,0.0,0.16,26.24,0.0,0.0,0.0,0,4.828125,6,9,05:48,20:11,2025-05-12 21:58:53.963598,Città della Scienza
2025-05-12T21:59:05Z,20,29.899,72.8,62,65.6,4,6,217,83,0.0,255,32767,0.0,2127-15-31,0.0,0.16,26.24,0.0,0.0,0.0,0,4.828125,6,9,05:48,20:11,2025-05-12 21:59:05.066593,Città della Scienza
2025-05-12T21:59:16Z,20,29.899,72.8,62,65.6,4,6,259,83,0.0,255,32767,0.0,2127-15-31,0.0,0.16,26.24,0.0,0.0,0.0,0,4.828125,6,9,05:48,20:11,2025-05-12 21:59:16.174590,Città della Scienza
2025-05-12T21:59:27Z,20,29.899,72.8,62,65.7,3,6,232,83,0.0,255,32767,0.0,2127-15-31,0.0,0.16,26.24,0.0,0.0,0.0,0,4.828125,6,9,05:48,20:11,2025-05-12 21:59:27.201555,Città della Scienza
2025-05-12T21:59:38Z,20,29.897,72.8,62,65.7,2,6,251,83,0.0,255,32767,0.0,2127-15-31,0.0,0.16,26.24,0.0,0.0,0.0,0,4.828125,6,9,05:48,20:11,2025-05-12 21:59:38.269592,Città della Scienza
2025-05-12T21:59:49Z,20,29.897,72.8,62,65.7,4,6,268,83,0.0,255,32767,0.0,2127-15-31,0.0,0.16,26.24,0.0,0.0,0.0,0,4.828125,6,9,05:48,20:11,2025-05-12 21:59:49.319592,Città della Scienza
2025-05-12T22:00:00Z,20,29.897,72.8,62,65.7,3,6,283,83,0.0,255,32767,0.0,2127-15-31,0.0,0.16,26.24,0.0,0.0,0.0,0,4.828125,6,9,05:48,20:11,2025-05-12 22:00:00.402607,Città della Scienza,76.0,1.5980533,10.3177595,0.7752513,0.6639924,EU EEA Common AQI,69.9,0.8299905,9.253694,7200,0.9142857,100,100,63.4,0.7542857,Very Low,68.9,0.8441838,100,1747086300,Very Low,0.620201,1.5280448,Very Low,1.428674,61.1,2.142857,100,1747086300,0.94285715
2025-05-12T22:00:11Z,20,29.897,72.8,62,65.7,7,6,246,83,0.0,255,32767,0.0,2127-15-31,0.0,0.16,26.24,0.0,0.0,0.0,0,4.828125,6,9,05:48,20:11,2025-05-12 22:00:11.492586,Città della Scienza,76.0,1.5980533,10.3177595,0.7752513,0.6639924,EU EEA Common AQI,69.9,0.8299905,9.253694,7200,0.9142857,100,100,63.4,0.7542857,Very Low,68.9,0.8441838,100,1747086300,Very Low,0.620201,1.5280448,Very Low,1.428674,61.1,2.142857,100,1747086300,0.94285715
2025-05-12T22:00:22Z,20,29.897,72.8,62,65.7,3,6,240,83,0.0,255,32767,0.0,2127-15-31,0.0,0.16,26.24,0.0,0.0,0.0,0,4.828125,6,9,05:48,20:11,2025-05-12 22:00:22.656598,Città della Scienza,76.0,1.5980533,10.3177595,0.7752513,0.6639924,EU EEA Common AQI,69.9,0.8299905,9.253694,7200,0.9142857,100,100,63.4,0.7542857,Very Low,68.9,0.8441838,100,1747086300,Very Low,0.620201,1.5280448,Very Low,1.428674,61.1,2.142857,100,1747086300,0.94285715
2025-05-12T22:00:33Z,20,29.897,72.8,62,65.7,5,6,244,83,0.0,255,32767,0.0,2127-15-31,0.0,0.16,26.24,0.0,0.0,0.0,0,4.828125,6,9,05:48,20:11,2025-05-12 22:00:33.756560,Città della Scienza,76.4,1.5815382,10.225858,0.85451066,0.674814,EU EEA Common AQI,69.9,0.8435175,9.16475,7200,0.3,100,100,63.5,0.39999998,Very Low,68.9,0.8245572,100,1747087200,Very Low,0.6836085,1.5644339,Very Low,1.5707107,61.2,1.1714286,100,1747087200,0.5
2025-05-12T22:00:45Z,0,29.898,72.8,62,65.7,4,5,240,83,0.0,255,32767,0.0,2127-15-31,0.0,0.16,26.24,0.0,0.0,0.0,0,4.828125,6,45,05:48,20:12,2025-05-12 22:00:44.861598,Città della Scienza,76.4,1.5815382,10.225858,0.85451066,0.674814,EU EEA Common AQI,69.9,0.8435175,9.16475,7200,0.3,100,100,63.5,0.39999998,Very Low,68.9,0.8245572,100,1747087200,Very Low,0.6836085,1.5644339,Very Low,1.5707107,61.2,1.1714286,100,1747087200,0.5
2025-05-12T22:00:56Z,0,29.898,72.8,62,65.7,3,5,250,83,0.0,255,32767,0.0,2127-15-31,0.0,0.16,26.24,0.0,0.0,0.0,0,4.828125,6,45,05:48,20:12,2025-05-12 22:00:55.961561,Città della Scienza,76.4,1.5815382,10.225858,0.85451066,0.674814,EU EEA Common AQI,69.9,0.8435175,9.16475,7200,0.3,100,100,63.5,0.39999998,Very Low,68.9,0.8245572,100,1747087200,Very Low,0.6836085,1.5644339,Very Low,1.5707107,61.2,1.1714286,100,1747087200,0.5
2025-05-12T22:01:07Z,0,29.898,72.8,62,65.7,2,5,226,83,0.0,255,32767,0.0,2127-15-31,0.0,0.16,26.24,0.0,0.0,0.0,0,4.828125,6,45,05:48,20:12,2025-05-12 22:01:07.037584,Città della Scienza,76.4,1.5815382,10.225858,0.85451066,0.674814,EU EEA Common AQI,69.9,0.8435175,9.16475,7200,0.3,100,100,63.5,0.39999998,Very Low,68.9,0.8245572,100,1747087200,Very Low,0.6836085,1.5644339,Very Low,1.5707107,61.2,1.1714286,100,1747087200,0.5
2025-05-12T22:01:18Z,0,29.898,72.8,62,65.7,10,5,244,83,0.0,255,32767,0.0,2127-15-31,0.0,0.16,26.24,0.0,0.0,0.0,0,4.828125,6,45,05:48,20:12,2025-05-12 22:01:18.280591,Città della Scienza,76.4,1.5815382,10.225858,0.85451066,0.674814,EU EEA Common AQI,69.9,0.8435175,9.16475,7200,0.3,100,100,63.5,0.39999998,Very Low,68.9,0.8245572,100,1747087200,Very Low,0.6836085,1.5644339,Very Low,1.5707107,61.2,1.1714286,100,1747087200,0.5
2025-05-12T22:01:29Z,0,29.898,72.8,62,65.7,10,5,250,83,0.0,255,32767,0.0,2127-15-31,0.0,0.16,26.24,0.0,0.0,0.0,0,4.828125,6,45,05:48,20:12,2025-05-12 22:01:29.354604,Città della Scienza,76.4,1.5815382,10.225858,0.85451066,0.674814,EU EEA Common AQI,69.9,0.8435175,9.16475,7200,0.3,100,100,63.5,0.39999998,Very Low,68.9,0.8245572,100,1747087200,Very Low,0.6836085,1.5644339,Very Low,1.5707107,61.2,1.1714286,100,1747087200,0.5
2025-05-12T22:01:40Z,0,29.899,72.7,62,65.6,7,5,255,83,0.0,255,32767,0.0,2127-15-31,0.0,0.16,26.24,0.0,0.0,0.0,0,4.828125,6,45,05:48,20:12,2025-05-12 22:01:40.464592,Città della Scienza,76.4,1.5815382,10.225858,0.85451066,0.674814,EU EEA Common AQI,69.9,0.8435175,9.16475,7200,0.3,100,100,63.5,0.39999998,Very Low,68.9,0.8245572,100,1747087200,Very Low,0.6836085,1.5644339,Very Low,1.5707107,61.2,1.1714286,100,1747087200,0.5
2025-05-12T22:01:51Z,0,29.899,72.7,62,65.6,4,5,267,83,0.0,255,32767,0.0,2127-15-31,0.0,0.16,26.24,0.0,0.0,0.0,0,4.828125,6,45,05:48,20:12,2025-05-12 22:01:51.510593,Città della Scienza,76.4,1.5815382,10.225858,0.85451066,0.674814,EU EEA Common AQI,69.9,0.8435175,9.16475,7200,0.3,100,100,63.5,0.39999998,Very Low,68.9,0.8245572,100,1747087200,Very Low,0.6836085,1.5644339,Very Low,1.5707107,61.2,1.1714286,100,1747087200,0.5
2025-05-12T22:02:02Z,0,29.899,72.7,62,65.6,9,5,252,83,0.0,255,32767,0.0,2127-15-31,0.0,0.16,26.24,0.0,0.0,0.0,0,4.828125,6,45,05:48,20:12,2025-05-12 22:02:02.562589,Città della Scienza,76.4,1.5815382,10.225858,0.85451066,0.674814,EU EEA Common AQI,69.9,0.8435175,9.16475,7200,0.3,100,100,63.5,0.39999998,Very Low,68.9,0.8245572,100,1747087200,Very Low,0.6836085,1.5644339,Very Low,1.5707107,61.2,1.1714286,100,1747087200,0.5
2025-05-12T22:02:13Z,0,29.899,72.7,62,65.6,6,5,240,83,0.0,255,32767,0.0,2127-15-31,0.0,0.16,26.24,0.0,0.0,0.0,0,4.828125,6,45,05:48,20:12,2025-05-12 22:02:13.670592,Città della Scienza,76.4,1.5815382,10.225858,0.85451066,0.674814,EU EEA Common AQI,69.9,0.8435175,9.16475,7200,0.3,100,100,63.5,0.39999998,Very Low,68.9,0.8245572,100,1747087200,Very Low,0.6836085,1.5644339,Very Low,1.5707107,61.2,1.1714286,100,1747087200,0.5
2025-05-12T22:02:24Z,0,29.899,72.7,62,65.6,4,5,248,83,0.0,255,32767,0.0,2127-15-31,0.0,0.16,26.24,0.0,0.0,0.0,0,4.828125,6,45,05:48,20:12,2025-05-12 22:02:24.744611,Città della Scienza,76.4,1.5815382,10.225858,0.85451066,0.674814,EU EEA Common AQI,69.9,0.8435175,9.16475,7200,0.3,100,100,63.5,0.39999998,Very Low,68.9,0.8245572,100,1747087200,Very Low,0.6836085,1.5644339,Very Low,1.5707107,61.2,1.1714286,100,1747087200,0.5
2025-05-12T22:02:36Z,0,29.899,72.8,62,65.6,5,5,254,83,0.0,255,32767,0.0,2127-15-31,0.0,0.16,26.24,0.0,0.0,0.0,0,4.828125,6,45,05:48,20:12,2025-05-12 22:02:35.857599,Città della Scienza,76.4,1.5815382,10.225858,0.85451066,0.674814,EU EEA Common AQI,69.9,0.8435175,9.16475,7200,0.3,100,100,63.5,0.39999998,Very Low,68.9,0.8245572,100,1747087200,Very Low,0.6836085,1.5644339,Very Low,1.5707107,61.2,1.1714286,100,1747087200,0.5
2025-05-12T22:02:47Z,0,29.899,72.8,62,65.6,8,5,261,83,0.0,255,32767,0.0,2127-15-31,0.0,0.16,26.24,0.0,0.0,0.0,0,4.828125,6,45,05:48,20:12,2025-05-12 22:02:46.979588,Città della Scienza,76.4,1.5815382,10.225858,0.85451066,0.674814,EU EEA Common AQI,69.9,0.8435175,9.16475,7200,0.3,100,100,63.5,0.39999998,Very Low,68.9,0.8245572,100,1747087200,Very Low,0.6836085,1.5644339,Very Low,1.5707107,61.2,1.1714286,100,1747087200,0.5
2025-05-12T22:02:58Z,0,29.899,72.8,62,65.6,6,5,284,83,0.0,255,32767,0.0,2127-15-31,0.0,0.16,26.24,0.0,0.0,0.0,0,4.828125,6,45,05:48,20:12,2025-05-12 22:02:58.065561,Città della Scienza,76.4,1.5815382,10.225858,0.85451066,0.674814,EU EEA Common AQI,69.9,0.8435175,9.16475,7200,0.3,100,100,63.5,0.39999998,Very Low,68.9,0.8245572,100,1747087200,Very Low,0.6836085,1.5644339,Very Low,1.5707107,61.2,1.1714286,100,1747087200,0.5
2025-05-12T22:03:09Z,0,29.899,72.8,62,65.6,5,5,256,83,0.0,255,32767,0.0,2127-15-31,0.0,0.16,26.24,0.0,0.0,0.0,0,4.828125,6,45,05:48,20:12,2025-05-12 22:03:09.188612,Città della Scienza,76.4,1.5815382,10.225858,0.85451066,0.674814,EU EEA Common AQI,69.9,0.8435175,9.16475,7200,0.3,100,100,63.5,0.39999998,Very Low,68.9,0.8245572,100,1747087200,Very Low,0.6836085,1.5644339,Very Low,1.5707107,61.2,1.1714286,100,1747087200,0.5
2025-05-12T22:03:20Z,0,29.899,72.8,62,65.7,4,5,240,83,0.0,255,32767,0.0,2127-15-31,0.0,0.16,26.24,0.0,0.0,0.0,0,4.828125,6,45,05:48,20:12,2025-05-12 22:03:20.327589,Città della Scienza,76.4,1.5815382,10.225858,0.85451066,0.674814,EU EEA Common AQI,69.9,0.8435175,9.16475,7200,0.3,100,100,63.5,0.39999998,Very Low,68.9,0.8245572,100,1747087200,Very Low,0.6836085,1.5644339,Very Low,1.5707107,61.2,1.1714286,100,1747087200,0.5
2025-05-12T22:03:31Z,0,29.899,72.7,62,65.7,4,5,221,83,0.0,255,32767,0.0,2127-15-31,0.0,0.16,26.24,0.0,0.0,0.0,0,4.828125,6,45,05:48,20:12,2025-05-12 22:03:31.380609,Città della Scienza,76.4,1.5815382,10.225858,0.85451066,0.674814,EU EEA Common AQI,69.9,0.8435175,9.16475,7200,0.3,100,100,63.5,0.39999998,Very Low,68.9,0.8245572,100,1747087200,Very Low,0.6836085,1.5644339,Very Low,1.5707107,61.2,1.1714286,100,1747087200,0.5
2025-05-12T22:03:42Z,0,29.899,72.7,62,65.7,8,5,229,83,0.0,255,32767,0.0,2127-15-31,0.0,0.16,26.24,0.0,0.0,0.0,0,4.828125,6,45,05:48,20:12,2025-05-12 22:03:42.468586,Città della Scienza,76.4,1.5815382,10.225858,0.85451066,0.674814,EU EEA Common AQI,69.9,0.8435175,9.16475,7200,0.3,100,100,63.5,0.39999998,Very Low,68.9,0.8245572,100,1747087200,Very Low,0.6836085,1.5644339,Very Low,1.5707107,61.2,1.1714286,100,1747087200,0.5
2025-05-12T22:03:53Z,0,29.899,72.7,62,65.7,7,5,256,83,0.0,255,32767,0.0,2127-15-31,0.0,0.16,26.24,0.0,0.0,0.0,0,4.828125,6,45,05:48,20:12,2025-05-12 22:03:53.554592,Città della Scienza,76.4,1.5815382,10.225858,0.85451066,0.674814,EU EEA Common AQI,69.9,0.8435175,9.16475,7200,0.3,100,100,63.5,0.39999998,Very Low,68.9,0.8245572,100,1747087200,Very Low,0.6836085,1.5644339,Very Low,1.5707107,61.2,1.1714286,100,1747087200,0.5
2025-05-12T22:04:04Z,0,29.899,72.7,62,65.7,5,5,257,83,0.0,255,32767,0.0,2127-15-31,0.0,0.16,26.24,0.0,0.0,0.0,0,4.828125,6,45,05:48,20:12,2025-05-12 22:04:04.667593,Città della Scienza,76.4,1.5815382,10.225858,0.85451066,0.674814,EU EEA Common AQI,69.9,0.8435175,9.16475,7200,0.3,100,100,63.5,0.39999998,Very Low,68.9,0.8245572,100,1747087200,Very Low,0.6836085,1.5644339,Very Low,1.5707107,61.2,1.1714286,100,1747087200,0.5
2025-05-12T22:04:15Z,0,29.899,72.7,62,65.6,4,5,247,83,0.0,255,32767,0.0,2127-15-31,0.0,0.16,26.24,0.0,0.0,0.0,0,4.828125,6,45,05:48,20:12,2025-05-12 22:04:15.715609,Città della Scienza,76.4,1.5815382,10.225858,0.85451066,0.674814,EU EEA Common AQI,69.9,0.8435175,9.16475,7200,0.3,100,100,63.5,0.39999998,Very Low,68.9,0.8245572,100,1747087200,Very Low,0.6836085,1.5644339,Very Low,1.5707107,61.2,1.1714286,100,1747087200,0.5
2025-05-12T22:04:27Z,0,29.899,72.7,62,65.6,7,5,261,83,0.0,255,32767,0.0,2127-15-31,0.0,0.16,26.24,0.0,0.0,0.0,0,4.828125,6,45,05:48,20:12,2025-05-12 22:04:26.829561,Città della Scienza,76.4,1.5815382,10.225858,0.85451066,0.674814,EU EEA Common AQI,69.9,0.8435175,9.16475,7200,0.3,100,100,63.5,0.39999998,Very Low,68.9,0.8245572,100,1747087200,Very Low,0.6836085,1.5644339,Very Low,1.5707107,61.2,1.1714286,100,1747087200,0.5
2025-05-12T22:04:38Z,0,29.899,72.7,62,65.6,6,5,281,83,0.0,255,32767,0.0,2127-15-31,0.0,0.16,26.24,0.0,0.0,0.0,0,4.828125,6,45,05:48,20:12,2025-05-12 22:04:37.911586,Città della Scienza,76.4,1.5815382,10.225858,0.85451066,0.674814,EU EEA Common AQI,69.9,0.8435175,9.16475,7200,0.3,100,100,63.5,0.39999998,Very Low,68.9,0.8245572,100,1747087200,Very Low,0.6836085,1.5644339,Very Low,1.5707107,61.2,1.1714286,100,1747087200,0.5
2025-05-12T22:04:49Z,0,29.899,72.7,62,65.6,6,5,258,83,0.0,255,32767,0.0,2127-15-31,0.0,0.16,26.24,0.0,0.0,0.0,0,4.828125,6,45,05:48,20:12,2025-05-12 22:04:48.991590,Città della Scienza,76.4,1.5815382,10.225858,0.85451066,0.674814,EU EEA Common AQI,69.9,0.8435175,9.16475,7200,0.3,100,100,63.5,0.39999998,Very Low,68.9,0.8245572,100,1747087200,Very Low,0.6836085,1.5644339,Very Low,1.5707107,61.2,1.1714286,100,1747087200,0.5
2025-05-12T22:05:00Z,0,29.899,72.7,62,65.6,4,5,263,83,0.0,255,32767,0.0,2127-15-31,0.0,0.16,26.24,0.0,0.0,0.0,0,4.828125,6,45,05:48,20:12,2025-05-12 22:05:00.111606,Città della Scienza,76.4,1.5815382,10.225858,0.85451066,0.674814,EU EEA Common AQI,69.9,0.8435175,9.16475,7200,0.3,100,100,63.5,0.39999998,Very Low,68.9,0.8245572,100,1747087200,Very Low,0.6836085,1.5644339,Very Low,1.5707107,61.2,1.1714286,100,1747087200,0.5
2025-05-12T22:05:11Z,0,29.899,72.7,62,65.6,7,5,253,83,0.0,255,32767,0.0,2127-15-31,0.0,0.16,26.24,0.0,0.0,0.0,0,4.828125,6,45,05:48,20:12,2025-05-12 22:05:11.226593,Città della Scienza,76.4,1.5815382,10.225858,0.85451066,0.674814,EU EEA Common AQI,69.9,0.8435175,9.16475,7200,0.3,100,100,63.5,0.39999998,Very Low,68.9,0.8245572,100,1747087200,Very Low,0.6836085,1.5644339,Very Low,1.5707107,61.2,1.1714286,100,1747087200,0.5
2025-05-12T22:05:22Z,0,29.899,72.7,62,65.6,4,5,255,83,0.0,255,32767,0.0,2127-15-31,0.0,0.16,26.24,0.0,0.0,0.0,0,4.828125,6,45,05:48,20:12,2025-05-12 22:05:22.318590,Città della Scienza,76.4,1.5815382,10.225858,0.85451066,0.674814,EU EEA Common AQI,69.9,0.8435175,9.16475,7200,0.3,100,100,63.5,0.39999998,Very Low,68.9,0.8245572,100,1747087200,Very Low,0.6836085,1.5644339,Very Low,1.5707107,61.2,1.1714286,100,1747087200,0.5
2025-05-12T22:05:33Z,0,29.898,72.7,62,65.6,5,5,227,83,0.0,255,32767,0.0,2127-15-31,0.0,0.16,26.24,0.0,0.0,0.0,0,4.828125,6,45,05:48,20:12,2025-05-12 22:05:33.376600,Città della Scienza,76.4,1.5815382,10.225858,0.85451066,0.674814,EU EEA Common AQI,69.9,0.8435175,9.16475,7200,0.3,100,100,63.5,0.39999998,Very Low,68.9,0.8245572,100,1747087200,Very Low,0.6836085,1.5644339,Very Low,1.5707107,61.2,1.1714286,100,1747087200,0.5
2025-05-12T22:05:44Z,0,29.898,72.7,62,65.6,10,5,248,83,0.0,255,32767,0.0,2127-15-31,0.0,0.16,26.24,0.0,0.0,0.0,0,4.828125,6,45,05:48,20:12,2025-05-12 22:05:44.455607,Città della Scienza,76.4,1.5815382,10.225858,0.85451066,0.674814,EU EEA Common AQI,69.9,0.8435175,9.16475,7200,0.3,100,100,63.5,0.39999998,Very Low,68.9,0.8245572,100,1747087200,Very Low,0.6836085,1.5644339,Very Low,1.5707107,61.2,1.1714286,100,1747087200,0.5
2025-05-12T22:05:55Z,0,29.898,72.7,62,65.6,8,5,227,83,0.0,255,32767,0.0,2127-15-31,0.0,0.16,26.24,0.0,0.0,0.0,0,4.828125,6,45,05:48,20:12,2025-05-12 22:05:55.550612,Città della Scienza,76.4,1.5815382,10.225858,0.85451066,0.674814,EU EEA Common AQI,69.9,0.8435175,9.16475,7200,0.3,100,100,63.5,0.39999998,Very Low,68.9,0.8245572,100,1747087200,Very Low,0.6836085,1.5644339,Very Low,1.5707107,61.2,1.1714286,100,1747087200,0.5
2025-05-12T22:06:06Z,0,29.898,72.7,62,65.6,8,5,268,83,0.0,255,32767,0.0,2127-15-31,0.0,0.16,26.24,0.0,0.0,0.0,0,4.828125,6,45,05:48,20:12,2025-05-12 22:06:06.638600,Città della Scienza,76.4,1.5815382,10.225858,0.85451066,0.674814,EU EEA Common AQI,69.9,0.8435175,9.16475,7200,0.3,100,100,63.5,0.39999998,Very Low,68.9,0.8245572,100,1747087200,Very Low,0.6836085,1.5644339,Very Low,1.5707107,61.2,1.1714286,100,1747087200,0.5
2025-05-12T22:06:17Z,0,29.898,72.7,62,65.6,8,5,242,83,0.0,255,32767,0.0,2127-15-31,0.0,0.16,26.24,0.0,0.0,0.0,0,4.828125,6,45,05:48,20:12,2025-05-12 22:06:17.725575,Città della Scienza,76.4,1.5815382,10.225858,0.85451066,0.674814,EU EEA Common AQI,69.9,0.8435175,9.16475,7200,0.3,100,100,63.5,0.39999998,Very Low,68.9,0.8245572,100,1747087200,Very Low,0.6836085,1.5644339,Very Low,1.5707107,61.2,1.1714286,100,1747087200,0.5
2025-05-12T22:06:29Z,0,29.898,72.7,62,65.6,8,5,264,83,0.0,255,32767,0.0,2127-15-31,0.0,0.16,26.24,0.0,0.0,0.0,0,4.828125,6,45,05:48,20:12,2025-05-12 22:06:28.817586,Città della Scienza,76.4,1.5815382,10.225858,0.85451066,0.674814,EU EEA Common AQI,69.9,0.8435175,9.16475,7200,0.3,100,100,63.5,0.39999998,Very Low,68.9,0.8245572,100,1747087200,Very Low,0.6836085,1.5644339,Very Low,1.5707107,61.2,1.1714286,100,1747087200,0.5
2025-05-12T22:06:40Z,0,29.899,72.7,62,65.6,6,5,280,83,0.0,255,32767,0.0,2127-15-31,0.0,0.16,26.24,0.0,0.0,0.0,0,4.828125,6,45,05:48,20:12,2025-05-12 22:06:39.940594,Città della Scienza,76.4,1.5815382,10.225858,0.85451066,0.674814,EU EEA Common AQI,69.9,0.8435175,9.16475,7200,0.3,100,100,63.5,0.39999998,Very Low,68.9,0.8245572,100,1747087200,Very Low,0.6836085,1.5644339,Very Low,1.5707107,61.2,1.1714286,100,1747087200,0.5
2025-05-12T22:06:51Z,0,29.899,72.7,62,65.6,7,5,248,83,0.0,255,32767,0.0,2127-15-31,0.0,0.16,26.24,0.0,0.0,0.0,0,4.828125,6,45,05:48,20:12,2025-05-12 22:06:50.997590,Città della Scienza,76.4,1.5815382,10.225858,0.85451066,0.674814,EU EEA Common AQI,69.9,0.8435175,9.16475,7200,0.3,100,100,63.5,0.39999998,Very Low,68.9,0.8245572,100,1747087200,Very Low,0.6836085,1.5644339,Very Low,1.5707107,61.2,1.1714286,100,1747087200,0.5
2025-05-12T22:07:02Z,0,29.899,72.7,62,65.5,10,5,240,83,0.0,255,32767,0.0,2127-15-31,0.0,0.16,26.24,0.0,0.0,0.0,0,4.828125,6,45,05:48,20:12,2025-05-12 22:07:02.107600,Città della Scienza,76.4,1.5815382,10.225858,0.85451066,0.674814,EU EEA Common AQI,69.9,0.8435175,9.16475,7200,0.3,100,100,63.5,0.39999998,Very Low,68.9,0.8245572,100,1747087200,Very Low,0.6836085,1.5644339,Very Low,1.5707107,61.2,1.1714286,100,1747087200,0.5
2025-05-12T22:07:13Z,0,29.899,72.7,62,65.6,8,5,254,83,0.0,255,32767,0.0,2127-15-31,0.0,0.16,26.24,0.0,0.0,0.0,0,4.828125,6,45,05:48,20:12,2025-05-12 22:07:13.206607,Città della Scienza,76.4,1.5815382,10.225858,0.85451066,0.674814,EU EEA Common AQI,69.9,0.8435175,9.16475,7200,0.3,100,100,63.5,0.39999998,Very Low,68.9,0.8245572,100,1747087200,Very Low,0.6836085,1.5644339,Very Low,1.5707107,61.2,1.1714286,100,1747087200,0.5
2025-05-12T22:07:24Z,0,29.899,72.7,62,65.6,9,5,254,83,0.0,255,32767,0.0,2127-15-31,0.0,0.16,26.24,0.0,0.0,0.0,0,4.828125,6,45,05:48,20:12,2025-05-12 22:07:24.271554,Città della Scienza,76.4,1.5815382,10.225858,0.85451066,0.674814,EU EEA Common AQI,69.9,0.8435175,9.16475,7200,0.3,100,100,63.5,0.39999998,Very Low,68.9,0.8245572,100,1747087200,Very Low,0.6836085,1.5644339,Very Low,1.5707107,61.2,1.1714286,100,1747087200,0.5
2025-05-12T22:07:35Z,0,29.901,72.7,62,65.6,10,6,251,83,0.0,255,32767,0.0,2127-15-31,0.0,0.16,26.24,0.0,0.0,0.0,0,4.828125,6,45,05:48,20:12,2025-05-12 22:07:35.376598,Città della Scienza,76.4,1.5815382,10.225858,0.85451066,0.674814,EU EEA Common AQI,69.9,0.8435175,9.16475,7200,0.3,100,100,63.5,0.39999998,Very Low,68.9,0.8245572,100,1747087200,Very Low,0.6836085,1.5644339,Very Low,1.5707107,61.2,1.1714286,100,1747087200,0.5
2025-05-12T22:07:46Z,0,29.901,72.7,62,65.6,8,6,242,83,0.0,255,32767,0.0,2127-15-31,0.0,0.16,26.24,0.0,0.0,0.0,0,4.828125,6,45,05:48,20:12,2025-05-12 22:07:46.450592,Città della Scienza,76.4,1.5815382,10.225858,0.85451066,0.674814,EU EEA Common AQI,69.9,0.8435175,9.16475,7200,0.3,100,100,63.5,0.39999998,Very Low,68.9,0.8245572,100,1747087200,Very Low,0.6836085,1.5644339,Very Low,1.5707107,61.2,1.1714286,100,1747087200,0.5
2025-05-12T22:07:57Z,0,29.901,72.7,62,65.6,8,6,248,83,0.0,255,32767,0.0,2127-15-31,0.0,0.16,26.24,0.0,0.0,0.0,0,4.828125,6,45,05:48,20:12,2025-05-12 22:07:57.503593,Città della Scienza,76.4,1.5815382,10.225858,0.85451066,0.674814,EU EEA Common AQI,69.9,0.8435175,9.16475,7200,0.3,100,100,63.5,0.39999998,Very Low,68.9,0.8245572,100,1747087200,Very Low,0.6836085,1.5644339,Very Low,1.5707107,61.2,1.1714286,100,1747087200,0.5
2025-05-12T22:08:08Z,0,29.901,72.7,62,65.6,10,6,251,83,0.0,255,32767,0.0,2127-15-31,0.0,0.16,26.24,0.0,0.0,0.0,0,4.828125,6,45,05:48,20:12,2025-05-12 22:08:08.627607,Città della Scienza,76.4,1.5815382,10.225858,0.85451066,0.674814,EU EEA Common AQI,69.9,0.8435175,9.16475,7200,0.3,100,100,63.5,0.39999998,Very Low,68.9,0.8245572,100,1747087200,Very Low,0.6836085,1.5644339,Very Low,1.5707107,61.2,1.1714286,100,1747087200,0.5
2025-05-12T22:08:19Z,0,29.901,72.7,62,65.6,7,6,250,83,0.0,255,32767,0.0,2127-15-31,0.0,0.16,26.24,0.0,0.0,0.0,0,4.828125,6,45,05:48,20:12,2025-05-12 22:08:19.684579,Città della Scienza,76.4,1.5815382,10.225858,0.85451066,0.674814,EU EEA Common AQI,69.9,0.8435175,9.16475,7200,0.3,100,100,63.5,0.39999998,Very Low,68.9,0.8245572,100,1747087200,Very Low,0.6836085,1.5644339,Very Low,1.5707107,61.2,1.1714286,100,1747087200,0.5
2025-05-12T22:08:31Z,0,29.901,72.7,62,65.6,10,6,244,83,0.0,255,32767,0.0,2127-15-31,0.0,0.16,26.24,0.0,0.0,0.0,0,4.828125,6,45,05:48,20:12,2025-05-12 22:08:31.115604,Città della Scienza,76.4,1.5815382,10.225858,0.85451066,0.674814,EU EEA Common AQI,69.9,0.8435175,9.16475,7200,0.3,100,100,63.5,0.39999998,Very Low,68.9,0.8245572,100,1747087200,Very Low,0.6836085,1.5644339,Very Low,1.5707107,61.2,1.1714286,100,1747087200,0.5
2025-05-12T22:08:42Z,0,29.899,72.7,62,65.6,9,6,252,83,0.0,255,32767,0.0,2127-15-31,0.0,0.16,26.24,0.0,0.0,0.0,0,4.828125,6,45,05:48,20:12,2025-05-12 22:08:42.162607,Città della Scienza,76.4,1.5815382,10.225858,0.85451066,0.674814,EU EEA Common AQI,69.9,0.8435175,9.16475,7200,0.3,100,100,63.5,0.39999998,Very Low,68.9,0.8245572,100,1747087200,Very Low,0.6836085,1.5644339,Very Low,1.5707107,61.2,1.1714286,100,1747087200,0.5
2025-05-12T22:08:53Z,0,29.899,72.7,62,65.6,7,6,252,83,0.0,255,32767,0.0,2127-15-31,0.0,0.16,26.24,0.0,0.0,0.0,0,4.828125,6,45,05:48,20:12,2025-05-12 22:08:53.269587,Città della Scienza,76.4,1.5815382,10.225858,0.85451066,0.674814,EU EEA Common AQI,69.9,0.8435175,9.16475,7200,0.3,100,100,63.5,0.39999998,Very Low,68.9,0.8245572,100,1747087200,Very Low,0.6836085,1.5644339,Very Low,1.5707107,61.2,1.1714286,100,1747087200,0.5
2025-05-12T22:09:04Z,0,29.899,72.7,62,65.6,2,6,241,83,0.0,255,32767,0.0,2127-15-31,0.0,0.16,26.24,0.0,0.0,0.0,0,4.828125,6,45,05:48,20:12,2025-05-12 22:09:04.397591,Città della Scienza,76.4,1.5815382,10.225858,0.85451066,0.674814,EU EEA Common AQI,69.9,0.8435175,9.16475,7200,0.3,100,100,63.5,0.39999998,Very Low,68.9,0.8245572,100,1747087200,Very Low,0.6836085,1.5644339,Very Low,1.5707107,61.2,1.1714286,100,1747087200,0.5
2025-05-12T22:09:15Z,0,29.899,72.7,62,65.6,9,6,238,83,0.0,255,32767,0.0,2127-15-31,0.0,0.16,26.24,0.0,0.0,0.0,0,4.828125,6,45,05:48,20:12,2025-05-12 22:09:15.510590,Città della Scienza,76.4,1.5815382,10.225858,0.85451066,0.674814,EU EEA Common AQI,69.9,0.8435175,9.16475,7200,0.3,100,100,63.5,0.39999998,Very Low,68.9,0.8245572,100,1747087200,Very Low,0.6836085,1.5644339,Very Low,1.5707107,61.2,1.1714286,100,1747087200,0.5
2025-05-12T22:09:26Z,0,29.899,72.7,62,65.7,6,6,240,83,0.0,255,32767,0.0,2127-15-31,0.0,0.16,26.24,0.0,0.0,0.0,0,4.828125,6,45,05:48,20:12,2025-05-12 22:09:26.582597,Città della Scienza,76.4,1.5815382,10.225858,0.85451066,0.674814,EU EEA Common AQI,69.9,0.8435175,9.16475,7200,0.3,100,100,63.5,0.39999998,Very Low,68.9,0.8245572,100,1747087200,Very Low,0.6836085,1.5644339,Very Low,1.5707107,61.2,1.1714286,100,1747087200,0.5
2025-05-12T22:09:37Z,0,29.898,72.7,62,65.6,5,6,240,83,0.0,255,32767,0.0,2127-15-31,0.0,0.16,26.24,0.0,0.0,0.0,0,4.828125,6,45,05:48,20:12,2025-05-12 22:09:37.702598,Città della Scienza,76.4,1.5815382,10.225858,0.85451066,0.674814,EU EEA Common AQI,69.9,0.8435175,9.16475,7200,0.3,100,100,63.5,0.39999998,Very Low,68.9,0.8245572,100,1747087200,Very Low,0.6836085,1.5644339,Very Low,1.5707107,61.2,1.1714286,100,1747087200,0.5
2025-05-12T22:09:48Z,0,29.898,72.7,62,65.6,2,6,314,83,0.0,255,32767,0.0,2127-15-31,0.0,0.16,26.24,0.0,0.0,0.0,0,4.828125,6,45,05:48,20:12,2025-05-12 22:09:48.785592,Città della Scienza,76.4,1.5815382,10.225858,0.85451066,0.674814,EU EEA Common AQI,69.9,0.8435175,9.16475,7200,0.3,100,100,63.5,0.39999998,Very Low,68.9,0.8245572,100,1747087200,Very Low,0.6836085,1.5644339,Very Low,1.5707107,61.2,1.1714286,100,1747087200,0.5
2025-05-12T22:10:00Z,0,29.898,72.7,62,65.7,6,6,229,83,0.0,255,32767,0.0,2127-15-31,0.0,0.16,26.24,0.0,0.0,0.0,0,4.828125,6,45,05:48,20:12,2025-05-12 22:09:59.881593,Città della Scienza,76.4,1.5815382,10.225858,0.85451066,0.674814,EU EEA Common AQI,69.9,0.8435175,9.16475,7200,0.3,100,100,63.5,0.39999998,Very Low,68.9,0.8245572,100,1747087200,Very Low,0.6836085,1.5644339,Very Low,1.5707107,61.2,1.1714286,100,1747087200,0.5
2025-05-12T22:10:11Z,0,29.898,72.7,62,65.7,5,6,252,83,0.0,255,32767,0.0,2127-15-31,0.0,0.16,26.24,0.0,0.0,0.0,0,4.828125,6,45,05:48,20:12,2025-05-12 22:10:10.974664,Città della Scienza,76.4,1.5815382,10.225858,0.85451066,0.674814,EU EEA Common AQI,69.9,0.8435175,9.16475,7200,0.3,100,100,63.5,0.39999998,Very Low,68.9,0.8245572,100,1747087200,Very Low,0.6836085,1.5644339,Very Low,1.5707107,61.2,1.1714286,100,1747087200,0.5
2025-05-12T22:10:22Z,0,29.898,72.7,62,65.7,6,6,259,83,0.0,255,32767,0.0,2127-15-31,0.0,0.16,26.24,0.0,0.0,0.0,0,4.828125,6,45,05:48,20:12,2025-05-12 22:10:22.086589,Città della Scienza,76.4,1.5815382,10.225858,0.85451066,0.674814,EU EEA Common AQI,69.9,0.8435175,9.16475,7200,0.3,100,100,63.5,0.39999998,Very Low,68.9,0.8245572,100,1747087200,Very Low,0.6836085,1.5644339,Very Low,1.5707107,61.2,1.1714286,100,1747087200,0.5
2025-05-12T22:10:33Z,0,29.899,72.7,62,65.7,7,6,247,83,0.0,255,32767,0.0,2127-15-31,0.0,0.16,26.24,0.0,0.0,0.0,0,4.828125,6,45,05:48,20:12,2025-05-12 22:10:33.161592,Città della Scienza,76.4,1.5815382,10.225858,0.85451066,0.674814,EU EEA Common AQI,69.9,0.8435175,9.16475,7200,0.3,100,100,63.5,0.39999998,Very Low,68.9,0.8245572,100,1747087200,Very Low,0.6836085,1.5644339,Very Low,1.5707107,61.2,1.1714286,100,1747087200,0.5
2025-05-12T22:10:44Z,0,29.899,72.7,62,65.7,3,6,246,83,0.0,255,32767,0.0,2127-15-31,0.0,0.16,26.24,0.0,0.0,0.0,0,4.828125,6,45,05:48,20:12,2025-05-12 22:10:44.289595,Città della Scienza,76.4,1.5815382,10.225858,0.85451066,0.674814,EU EEA Common AQI,69.9,0.8435175,9.16475,7200,0.3,100,100,63.5,0.39999998,Very Low,68.9,0.8245572,100,1747087200,Very Low,0.6836085,1.5644339,Very Low,1.5707107,61.2,1.1714286,100,1747087200,0.5
2025-05-12T22:10:55Z,0,29.899,72.7,62,65.6,4,6,246,83,0.0,255,32767,0.0,2127-15-31,0.0,0.16,26.24,0.0,0.0,0.0,0,4.828125,6,45,05:48,20:12,2025-05-12 22:10:55.365607,Città della Scienza,76.4,1.5815382,10.225858,0.85451066,0.674814,EU EEA Common AQI,69.9,0.8435175,9.16475,7200,0.3,100,100,63.5,0.39999998,Very Low,68.9,0.8245572,100,1747087200,Very Low,0.6836085,1.5644339,Very Low,1.5707107,61.2,1.1714286,100,1747087200,0.5
2025-05-12T22:11:06Z,0,29.899,72.7,62,65.7,6,6,267,83,0.0,255,32767,0.0,2127-15-31,0.0,0.16,26.24,0.0,0.0,0.0,0,4.828125,6,45,05:48,20:12,2025-05-12 22:11:06.408599,Città della Scienza,76.4,1.5815382,10.225858,0.85451066,0.674814,EU EEA Common AQI,69.9,0.8435175,9.16475,7200,0.3,100,100,63.5,0.39999998,Very Low,68.9,0.8245572,100,1747087200,Very Low,0.6836085,1.5644339,Very Low,1.5707107,61.2,1.1714286,100,1747087200,0.5
2025-05-12T22:11:17Z,0,29.899,72.7,62,65.7,5,6,255,83,0.0,255,32767,0.0,2127-15-31,0.0,0.16,26.24,0.0,0.0,0.0,0,4.828125,6,45,05:48,20:12,2025-05-12 22:11:17.468592,Città della Scienza,76.4,1.5815382,10.225858,0.85451066,0.674814,EU EEA Common AQI,69.9,0.8435175,9.16475,7200,0.3,100,100,63.5,0.39999998,Very Low,68.9,0.8245572,100,1747087200,Very Low,0.6836085,1.5644339,Very Low,1.5707107,61.2,1.1714286,100,1747087200,0.5
2025-05-12T22:11:28Z,0,29.899,72.7,62,65.7,8,6,269,83,0.0,255,32767,0.0,2127-15-31,0.0,0.16,26.24,0.0,0.0,0.0,0,4.828125,6,45,05:48,20:12,2025-05-12 22:11:28.495600,Città della Scienza,76.4,1.5815382,10.225858,0.85451066,0.674814,EU EEA Common AQI,69.9,0.8435175,9.16475,7200,0.3,100,100,63.5,0.39999998,Very Low,68.9,0.8245572,100,1747087200,Very Low,0.6836085,1.5644339,Very Low,1.5707107,61.2,1.1714286,100,1747087200,0.5
2025-05-12T22:11:39Z,0,29.9,72.7,62,65.7,4,6,250,83,0.0,255,32767,0.0,2127-15-31,0.0,0.16,26.24,0.0,0.0,0.0,0,4.828125,6,45,05:48,20:12,2025-05-12 22:11:39.553612,Città della Scienza,76.4,1.5815382,10.225858,0.85451066,0.674814,EU EEA Common AQI,69.9,0.8435175,9.16475,7200,0.3,100,100,63.5,0.39999998,Very Low,68.9,0.8245572,100,1747087200,Very Low,0.6836085,1.5644339,Very Low,1.5707107,61.2,1.1714286,100,1747087200,0.5
2025-05-12T22:11:50Z,0,29.9,72.7,62,65.7,4,6,257,83,0.0,255,32767,0.0,2127-15-31,0.0,0.16,26.24,0.0,0.0,0.0,0,4.828125,6,45,05:48,20:12,2025-05-12 22:11:50.630591,Città della Scienza,76.4,1.5815382,10.225858,0.85451066,0.674814,EU EEA Common AQI,69.9,0.8435175,9.16475,7200,0.3,100,100,63.5,0.39999998,Very Low,68.9,0.8245572,100,1747087200,Very Low,0.6836085,1.5644339,Very Low,1.5707107,61.2,1.1714286,100,1747087200,0.5
2025-05-12T22:12:01Z,0,29.9,72.7,62,65.7,8,6,241,83,0.0,255,32767,0.0,2127-15-31,0.0,0.16,26.24,0.0,0.0,0.0,0,4.828125,6,45,05:48,20:12,2025-05-12 22:12:01.681593,Città della Scienza,76.4,1.5815382,10.225858,0.85451066,0.674814,EU EEA Common AQI,69.9,0.8435175,9.16475,7200,0.3,100,100,63.5,0.39999998,Very Low,68.9,0.8245572,100,1747087200,Very Low,0.6836085,1.5644339,Very Low,1.5707107,61.2,1.1714286,100,1747087200,0.5
2025-05-12T22:12:12Z,0,29.9,72.7,62,65.7,9,6,260,83,0.0,255,32767,0.0,2127-15-31,0.0,0.16,26.24,0.0,0.0,0.0,0,4.828125,6,45,05:48,20:12,2025-05-12 22:12:12.780596,Città della Scienza,76.4,1.5815382,10.225858,0.85451066,0.674814,EU EEA Common AQI,69.9,0.8435175,9.16475,7200,0.3,100,100,63.5,0.39999998,Very Low,68.9,0.8245572,100,1747087200,Very Low,0.6836085,1.5644339,Very Low,1.5707107,61.2,1.1714286,100,1747087200,0.5
2025-05-12T22:12:24Z,0,29.9,72.7,62,65.7,7,6,260,83,0.0,255,32767,0.0,2127-15-31,0.0,0.16,26.24,0.0,0.0,0.0,0,4.828125,6,45,05:48,20:12,2025-05-12 22:12:23.854554,Città della Scienza,76.4,1.5815382,10.225858,0.85451066,0.674814,EU EEA Common AQI,69.9,0.8435175,9.16475,7200,0.3,100,100,63.5,0.39999998,Very Low,68.9,0.8245572,100,1747087200,Very Low,0.6836085,1.5644339,Very Low,1.5707107,61.2,1.1714286,100,1747087200,0.5
2025-05-12T22:12:35Z,0,29.9,72.7,62,65.7,7,6,259,83,0.0,255,32767,0.0,2127-15-31,0.0,0.16,26.24,0.0,0.0,0.0,0,4.828125,6,45,05:48,20:12,2025-05-12 22:12:34.927591,Città della Scienza,76.4,1.5815382,10.225858,0.85451066,0.674814,EU EEA Common AQI,69.9,0.8435175,9.16475,7200,0.3,100,100,63.5,0.39999998,Very Low,68.9,0.8245572,100,1747087200,Very Low,0.6836085,1.5644339,Very Low,1.5707107,61.2,1.1714286,100,1747087200,0.5
2025-05-12T22:12:46Z,0,29.9,72.7,62,65.7,7,6,249,83,0.0,255,32767,0.0,2127-15-31,0.0,0.16,26.24,0.0,0.0,0.0,0,4.828125,6,45,05:48,20:12,2025-05-12 22:12:46.025595,Città della Scienza,76.4,1.5815382,10.225858,0.85451066,0.674814,EU EEA Common AQI,69.9,0.8435175,9.16475,7200,0.3,100,100,63.5,0.39999998,Very Low,68.9,0.8245572,100,1747087200,Very Low,0.6836085,1.5644339,Very Low,1.5707107,61.2,1.1714286,100,1747087200,0.5
2025-05-12T22:12:57Z,0,29.9,72.7,62,65.6,6,6,236,83,0.0,255,32767,0.0,2127-15-31,0.0,0.16,26.24,0.0,0.0,0.0,0,4.828125,6,45,05:48,20:12,2025-05-12 22:12:57.084590,Città della Scienza,76.4,1.5815382,10.225858,0.85451066,0.674814,EU EEA Common AQI,69.9,0.8435175,9.16475,7200,0.3,100,100,63.5,0.39999998,Very Low,68.9,0.8245572,100,1747087200,Very Low,0.6836085,1.5644339,Very Low,1.5707107,61.2,1.1714286,100,1747087200,0.5
2025-05-12T22:13:08Z,0,29.9,72.7,62,65.6,8,6,243,83,0.0,255,32767,0.0,2127-15-31,0.0,0.16,26.24,0.0,0.0,0.0,0,4.828125,6,45,05:48,20:12,2025-05-12 22:13:08.188600,Città della Scienza,76.4,1.5815382,10.225858,0.85451066,0.674814,EU EEA Common AQI,69.9,0.8435175,9.16475,7200,0.3,100,100,63.5,0.39999998,Very Low,68.9,0.8245572,100,1747087200,Very Low,0.6836085,1.5644339,Very Low,1.5707107,61.2,1.1714286,100,1747087200,0.5
2025-05-12T22:13:19Z,0,29.9,72.7,62,65.6,4,6,250,83,0.0,255,32767,0.0,2127-15-31,0.0,0.16,26.24,0.0,0.0,0.0,0,4.828125,6,45,05:48,20:12,2025-05-12 22:13:19.286596,Città della Scienza,76.4,1.5815382,10.225858,0.85451066,0.674814,EU EEA Common AQI,69.9,0.8435175,9.16475,7200,0.3,100,100,63.5,0.39999998,Very Low,68.9,0.8245572,100,1747087200,Very Low,0.6836085,1.5644339,Very Low,1.5707107,61.2,1.1714286,100,1747087200,0.5
2025-05-12T22:13:30Z,0,29.9,72.7,62,65.6,9,6,246,83,0.0,255,32767,0.0,2127-15-31,0.0,0.16,26.24,0.0,0.0,0.0,0,4.828125,6,45,05:48,20:12,2025-05-12 22:13:30.348597,Città della Scienza,76.4,1.5815382,10.225858,0.85451066,0.674814,EU EEA Common AQI,69.9,0.8435175,9.16475,7200,0.3,100,100,63.5,0.39999998,Very Low,68.9,0.8245572,100,1747087200,Very Low,0.6836085,1.5644339,Very Low,1.5707107,61.2,1.1714286,100,1747087200,0.5
2025-05-12T22:13:41Z,0,29.899,72.7,62,65.6,3,7,261,83,0.0,255,32767,0.0,2127-15-31,0.0,0.16,26.24,0.0,0.0,0.0,0,4.828125,6,45,05:48,20:12,2025-05-12 22:13:41.416592,Città della Scienza,76.4,1.5815382,10.225858,0.85451066,0.674814,EU EEA Common AQI,69.9,0.8435175,9.16475,7200,0.3,100,100,63.5,0.39999998,Very Low,68.9,0.8245572,100,1747087200,Very Low,0.6836085,1.5644339,Very Low,1.5707107,61.2,1.1714286,100,1747087200,0.5
2025-05-12T22:13:52Z,0,29.899,72.7,62,65.6,2,7,272,83,0.0,255,32767,0.0,2127-15-31,0.0,0.16,26.24,0.0,0.0,0.0,0,4.828125,6,45,05:48,20:12,2025-05-12 22:13:52.467587,Città della Scienza,76.4,1.5815382,10.225858,0.85451066,0.674814,EU EEA Common AQI,69.9,0.8435175,9.16475,7200,0.3,100,100,63.5,0.39999998,Very Low,68.9,0.8245572,100,1747087200,Very Low,0.6836085,1.5644339,Very Low,1.5707107,61.2,1.1714286,100,1747087200,0.5
2025-05-12T22:14:03Z,0,29.899,72.7,62,65.7,1,7,272,83,0.0,255,32767,0.0,2127-15-31,0.0,0.16,26.24,0.0,0.0,0.0,0,4.828125,6,45,05:48,20:12,2025-05-12 22:14:03.546558,Città della Scienza,76.4,1.5815382,10.225858,0.85451066,0.674814,EU EEA Common AQI,69.9,0.8435175,9.16475,7200,0.3,100,100,63.5,0.39999998,Very Low,68.9,0.8245572,100,1747087200,Very Low,0.6836085,1.5644339,Very Low,1.5707107,61.2,1.1714286,100,1747087200,0.5
2025-05-12T22:14:14Z,0,29.899,72.7,62,65.7,6,7,276,83,0.0,255,32767,0.0,2127-15-31,0.0,0.16,26.24,0.0,0.0,0.0,0,4.828125,6,45,05:48,20:12,2025-05-12 22:14:14.628601,Città della Scienza,76.4,1.5815382,10.225858,0.85451066,0.674814,EU EEA Common AQI,69.9,0.8435175,9.16475,7200,0.3,100,100,63.5,0.39999998,Very Low,68.9,0.8245572,100,1747087200,Very Low,0.6836085,1.5644339,Very Low,1.5707107,61.2,1.1714286,100,1747087200,0.5
2025-05-12T22:14:25Z,0,29.899,72.7,62,65.7,6,7,267,83,0.0,255,32767,0.0,2127-15-31,0.0,0.16,26.24,0.0,0.0,0.0,0,4.828125,6,45,05:48,20:12,2025-05-12 22:14:25.721613,Città della Scienza,76.4,1.5815382,10.225858,0.85451066,0.674814,EU EEA Common AQI,69.9,0.8435175,9.16475,7200,0.3,100,100,63.5,0.39999998,Very Low,68.9,0.8245572,100,1747087200,Very Low,0.6836085,1.5644339,Very Low,1.5707107,61.2,1.1714286,100,1747087200,0.5
2025-05-12T22:14:36Z,0,29.897,72.7,62,65.7,3,6,281,83,0.0,255,32767,0.0,2127-15-31,0.0,0.16,26.24,0.0,0.0,0.0,0,4.828125,6,45,05:48,20:12,2025-05-12 22:14:36.760588,Città della Scienza,76.4,1.5815382,10.225858,0.85451066,0.674814,EU EEA Common AQI,69.9,0.8435175,9.16475,7200,0.3,100,100,63.5,0.39999998,Very Low,68.9,0.8245572,100,1747087200,Very Low,0.6836085,1.5644339,Very Low,1.5707107,61.2,1.1714286,100,1747087200,0.5
2025-05-12T22:14:48Z,0,29.897,72.7,62,65.7,7,6,263,83,0.0,255,32767,0.0,2127-15-31,0.0,0.16,26.24,0.0,0.0,0.0,0,4.828125,6,45,05:48,20:12,2025-05-12 22:14:47.840555,Città della Scienza,76.4,1.5815382,10.225858,0.85451066,0.674814,EU EEA Common AQI,69.9,0.8435175,9.16475,7200,0.3,100,100,63.5,0.39999998,Very Low,68.9,0.8245572,100,1747087200,Very Low,0.6836085,1.5644339,Very Low,1.5707107,61.2,1.1714286,100,1747087200,0.5
2025-05-12T22:14:59Z,0,29.897,72.7,62,65.6,4,6,246,83,0.0,255,32767,0.0,2127-15-31,0.0,0.16,26.24,0.0,0.0,0.0,0,4.828125,6,45,05:48,20:12,2025-05-12 22:14:58.899599,Città della Scienza,76.4,1.5815382,10.225858,0.85451066,0.674814,EU EEA Common AQI,69.9,0.8435175,9.16475,7200,0.3,100,100,63.5,0.39999998,Very Low,68.9,0.8245572,100,1747087200,Very Low,0.6836085,1.5644339,Very Low,1.5707107,61.2,1.1714286,100,1747087200,0.5
2025-05-12T22:15:10Z,0,29.897,72.7,62,65.6,8,6,256,83,0.0,255,32767,0.0,2127-15-31,0.0,0.16,26.24,0.0,0.0,0.0,0,4.828125,6,45,05:48,20:12,2025-05-12 22:15:09.968594,Città della Scienza,76.4,1.5815382,10.225858,0.85451066,0.674814,EU EEA Common AQI,69.9,0.8435175,9.16475,7200,0.3,100,100,63.5,0.39999998,Very Low,68.9,0.8245572,100,1747087200,Very Low,0.6836085,1.5644339,Very Low,1.5707107,61.2,1.1714286,100,1747087200,0.5
2025-05-12T22:15:21Z,0,29.897,72.7,62,65.6,7,6,247,83,0.0,255,32767,0.0,2127-15-31,0.0,0.16,26.24,0.0,0.0,0.0,0,4.828125,6,45,05:48,20:12,2025-05-12 22:15:21.024588,Città della Scienza,76.4,1.5815382,10.225858,0.85451066,0.674814,EU EEA Common AQI,69.9,0.8435175,9.16475,7200,0.3,100,100,63.5,0.39999998,Very Low,68.9,0.8245572,100,1747087200,Very Low,0.6836085,1.5644339,Very Low,1.5707107,61.2,1.1714286,100,1747087200,0.5
2025-05-12T22:15:32Z,0,29.898,72.7,62,65.6,5,6,246,83,0.0,255,32767,0.0,2127-15-31,0.0,0.16,26.24,0.0,0.0,0.0,0,4.828125,6,45,05:48,20:12,2025-05-12 22:15:32.065593,Città della Scienza,76.4,1.558366,10.142652,0.81163234,0.65501237,EU EEA Common AQI,69.8,0.8187655,9.083353,7200,1.1428572,100,100,63.4,0.9142858,Very Low,68.8,0.798851,100,1747088100,Very Low,0.6493058,1.5428656,Very Low,1.5169938,61.0,1.3285714,100,1747088100,1.1428572
2025-05-12T22:15:43Z,0,29.898,72.7,62,65.6,5,6,292,83,0.0,255,32767,0.0,2127-15-31,0.0,0.16,26.24,0.0,0.0,0.0,0,4.828125,6,45,05:48,20:12,2025-05-12 22:15:43.140599,Città della Scienza,76.4,1.558366,10.142652,0.81163234,0.65501237,EU EEA Common AQI,69.8,0.8187655,9.083353,7200,1.1428572,100,100,63.4,0.9142858,Very Low,68.8,0.798851,100,1747088100,Very Low,0.6493058,1.5428656,Very Low,1.5169938,61.0,1.3285714,100,1747088100,1.1428572
2025-05-12T22:15:54Z,0,29.898,72.7,62,65.6,4,6,263,83,0.0,255,32767,0.0,2127-15-31,0.0,0.16,26.24,0.0,0.0,0.0,0,4.828125,6,45,05:48,20:12,2025-05-12 22:15:54.216600,Città della Scienza,76.4,1.558366,10.142652,0.81163234,0.65501237,EU EEA Common AQI,69.8,0.8187655,9.083353,7200,1.1428572,100,100,63.4,0.9142858,Very Low,68.8,0.798851,100,1747088100,Very Low,0.6493058,1.5428656,Very Low,1.5169938,61.0,1.3285714,100,1747088100,1.1428572
2025-05-12T22:16:05Z,0,29.898,72.7,62,65.6,6,6,267,83,0.0,255,32767,0.0,2127-15-31,0.0,0.16,26.24,0.0,0.0,0.0,0,4.828125,6,45,05:48,20:12,2025-05-12 22:16:05.272592,Città della Scienza,76.4,1.558366,10.142652,0.81163234,0.65501237,EU EEA Common AQI,69.8,0.8187655,9.083353,7200,1.1428572,100,100,63.4,0.9142858,Very Low,68.8,0.798851,100,1747088100,Very Low,0.6493058,1.5428656,Very Low,1.5169938,61.0,1.3285714,100,1747088100,1.1428572
2025-05-12T22:16:16Z,0,29.898,72.7,62,65.6,7,6,252,83,0.0,255,32767,0.0,2127-15-31,0.0,0.16,26.24,0.0,0.0,0.0,0,4.828125,6,45,05:48,20:12,2025-05-12 22:16:16.388576,Città della Scienza,76.4,1.558366,10.142652,0.81163234,0.65501237,EU EEA Common AQI,69.8,0.8187655,9.083353,7200,1.1428572,100,100,63.4,0.9142858,Very Low,68.8,0.798851,100,1747088100,Very Low,0.6493058,1.5428656,Very Low,1.5169938,61.0,1.3285714,100,1747088100,1.1428572
2025-05-12T22:16:27Z,0,29.898,72.7,62,65.6,4,6,231,83,0.0,255,32767,0.0,2127-15-31,0.0,0.16,26.24,0.0,0.0,0.0,0,4.828125,6,45,05:48,20:12,2025-05-12 22:16:27.471598,Città della Scienza,76.4,1.558366,10.142652,0.81163234,0.65501237,EU EEA Common AQI,69.8,0.8187655,9.083353,7200,1.1428572,100,100,63.4,0.9142858,Very Low,68.8,0.798851,100,1747088100,Very Low,0.6493058,1.5428656,Very Low,1.5169938,61.0,1.3285714,100,1747088100,1.1428572
2025-05-12T22:16:38Z,0,29.9,72.7,62,65.6,7,6,259,83,0.0,255,32767,0.0,2127-15-31,0.0,0.16,26.24,0.0,0.0,0.0,0,4.828125,6,45,05:48,20:12,2025-05-12 22:16:38.573615,Città della Scienza,76.4,1.558366,10.142652,0.81163234,0.65501237,EU EEA Common AQI,69.8,0.8187655,9.083353,7200,1.1428572,100,100,63.4,0.9142858,Very Low,68.8,0.798851,100,1747088100,Very Low,0.6493058,1.5428656,Very Low,1.5169938,61.0,1.3285714,100,1747088100,1.1428572
2025-05-12T22:16:49Z,0,29.9,72.7,62,65.6,8,6,246,83,0.0,255,32767,0.0,2127-15-31,0.0,0.16,26.24,0.0,0.0,0.0,0,4.828125,6,45,05:48,20:12,2025-05-12 22:16:49.642613,Città della Scienza,76.4,1.558366,10.142652,0.81163234,0.65501237,EU EEA Common AQI,69.8,0.8187655,9.083353,7200,1.1428572,100,100,63.4,0.9142858,Very Low,68.8,0.798851,100,1747088100,Very Low,0.6493058,1.5428656,Very Low,1.5169938,61.0,1.3285714,100,1747088100,1.1428572
2025-05-12T22:17:00Z,0,29.9,72.7,62,65.6,2,6,264,83,0.0,255,32767,0.0,2127-15-31,0.0,0.16,26.24,0.0,0.0,0.0,0,4.828125,6,45,05:48,20:12,2025-05-12 22:17:00.729592,Città della Scienza,76.4,1.558366,10.142652,0.81163234,0.65501237,EU EEA Common AQI,69.8,0.8187655,9.083353,7200,1.1428572,100,100,63.4,0.9142858,Very Low,68.8,0.798851,100,1747088100,Very Low,0.6493058,1.5428656,Very Low,1.5169938,61.0,1.3285714,100,1747088100,1.1428572
2025-05-12T22:17:12Z,0,29.9,72.7,62,65.6,5,6,236,83,0.0,255,32767,0.0,2127-15-31,0.0,0.16,26.24,0.0,0.0,0.0,0,4.828125,6,45,05:48,20:12,2025-05-12 22:17:11.811601,Città della Scienza,76.4,1.558366,10.142652,0.81163234,0.65501237,EU EEA Common AQI,69.8,0.8187655,9.083353,7200,1.1428572,100,100,63.4,0.9142858,Very Low,68.8,0.798851,100,1747088100,Very Low,0.6493058,1.5428656,Very Low,1.5169938,61.0,1.3285714,100,1747088100,1.1428572
2025-05-12T22:17:23Z,0,29.9,72.7,62,65.6,4,6,232,83,0.0,255,32767,0.0,2127-15-31,0.0,0.16,26.24,0.0,0.0,0.0,0,4.828125,6,45,05:48,20:12,2025-05-12 22:17:22.918590,Città della Scienza,76.4,1.558366,10.142652,0.81163234,0.65501237,EU EEA Common AQI,69.8,0.8187655,9.083353,7200,1.1428572,100,100,63.4,0.9142858,Very Low,68.8,0.798851,100,1747088100,Very Low,0.6493058,1.5428656,Very Low,1.5169938,61.0,1.3285714,100,1747088100,1.1428572
2025-05-12T22:17:34Z,0,29.896,72.6,62,65.6,3,6,238,83,0.0,255,32767,0.0,2127-15-31,0.0,0.16,26.24,0.0,0.0,0.0,0,4.828125,6,45,05:48,20:12,2025-05-12 22:17:33.995604,Città della Scienza,76.4,1.558366,10.142652,0.81163234,0.65501237,EU EEA Common AQI,69.8,0.8187655,9.083353,7200,1.1428572,100,100,63.4,0.9142858,Very Low,68.8,0.798851,100,1747088100,Very Low,0.6493058,1.5428656,Very Low,1.5169938,61.0,1.3285714,100,1747088100,1.1428572
2025-05-12T22:17:45Z,0,29.896,72.6,62,65.6,2,6,300,83,0.0,255,32767,0.0,2127-15-31,0.0,0.16,26.24,0.0,0.0,0.0,0,4.828125,6,45,05:48,20:12,2025-05-12 22:17:45.089598,Città della Scienza,76.4,1.558366,10.142652,0.81163234,0.65501237,EU EEA Common AQI,69.8,0.8187655,9.083353,7200,1.1428572,100,100,63.4,0.9142858,Very Low,68.8,0.798851,100,1747088100,Very Low,0.6493058,1.5428656,Very Low,1.5169938,61.0,1.3285714,100,1747088100,1.1428572
2025-05-12T22:17:56Z,0,29.896,72.6,62,65.6,4,6,257,83,0.0,255,32767,0.0,2127-15-31,0.0,0.16,26.24,0.0,0.0,0.0,0,4.828125,6,45,05:48,20:12,2025-05-12 22:17:56.136594,Città della Scienza,76.4,1.558366,10.142652,0.81163234,0.65501237,EU EEA Common AQI,69.8,0.8187655,9.083353,7200,1.1428572,100,100,63.4,0.9142858,Very Low,68.8,0.798851,100,1747088100,Very Low,0.6493058,1.5428656,Very Low,1.5169938,61.0,1.3285714,100,1747088100,1.1428572
2025-05-12T22:18:07Z,0,29.896,72.6,62,65.6,7,6,257,83,0.0,255,32767,0.0,2127-15-31,0.0,0.16,26.24,0.0,0.0,0.0,0,4.828125,6,45,05:48,20:12,2025-05-12 22:18:07.174592,Città della Scienza,76.4,1.558366,10.142652,0.81163234,0.65501237,EU EEA Common AQI,69.8,0.8187655,9.083353,7200,1.1428572,100,100,63.4,0.9142858,Very Low,68.8,0.798851,100,1747088100,Very Low,0.6493058,1.5428656,Very Low,1.5169938,61.0,1.3285714,100,1747088100,1.1428572
2025-05-12T22:18:18Z,0,29.896,72.6,62,65.6,4,6,263,83,0.0,255,32767,0.0,2127-15-31,0.0,0.16,26.24,0.0,0.0,0.0,0,4.828125,6,45,05:48,20:12,2025-05-12 22:18:18.276593,Città della Scienza,76.4,1.558366,10.142652,0.81163234,0.65501237,EU EEA Common AQI,69.8,0.8187655,9.083353,7200,1.1428572,100,100,63.4,0.9142858,Very Low,68.8,0.798851,100,1747088100,Very Low,0.6493058,1.5428656,Very Low,1.5169938,61.0,1.3285714,100,1747088100,1.1428572
2025-05-12T22:18:29Z,0,29.896,72.6,62,65.6,4,6,246,83,0.0,255,32767,0.0,2127-15-31,0.0,0.16,26.24,0.0,0.0,0.0,0,4.828125,6,45,05:48,20:12,2025-05-12 22:18:29.356597,Città della Scienza,76.4,1.558366,10.142652,0.81163234,0.65501237,EU EEA Common AQI,69.8,0.8187655,9.083353,7200,1.1428572,100,100,63.4,0.9142858,Very Low,68.8,0.798851,100,1747088100,Very Low,0.6493058,1.5428656,Very Low,1.5169938,61.0,1.3285714,100,1747088100,1.1428572
2025-05-12T22:18:40Z,0,29.896,72.7,62,65.6,4,6,273,83,0.0,255,32767,0.0,2127-15-31,0.0,0.16,26.24,0.0,0.0,0.0,0,4.828125,6,45,05:48,20:12,2025-05-12 22:18:40.385613,Città della Scienza,76.4,1.558366,10.142652,0.81163234,0.65501237,EU EEA Common AQI,69.8,0.8187655,9.083353,7200,1.1428572,100,100,63.4,0.9142858,Very Low,68.8,0.798851,100,1747088100,Very Low,0.6493058,1.5428656,Very Low,1.5169938,61.0,1.3285714,100,1747088100,1.1428572
2025-05-12T22:18:51Z,0,29.896,72.7,62,65.6,6,6,276,83,0.0,255,32767,0.0,2127-15-31,0.0,0.16,26.24,0.0,0.0,0.0,0,4.828125,6,45,05:48,20:12,2025-05-12 22:18:51.447590,Città della Scienza,76.4,1.558366,10.142652,0.81163234,0.65501237,EU EEA Common AQI,69.8,0.8187655,9.083353,7200,1.1428572,100,100,63.4,0.9142858,Very Low,68.8,0.798851,100,1747088100,Very Low,0.6493058,1.5428656,Very Low,1.5169938,61.0,1.3285714,100,1747088100,1.1428572
2025-05-12T22:19:02Z,0,29.896,72.7,62,65.6,8,6,261,83,0.0,255,32767,0.0,2127-15-31,0.0,0.16,26.24,0.0,0.0,0.0,0,4.828125,6,45,05:48,20:12,2025-05-12 22:19:02.522595,Città della Scienza,76.4,1.558366,10.142652,0.81163234,0.65501237,EU EEA Common AQI,69.8,0.8187655,9.083353,7200,1.1428572,100,100,63.4,0.9142858,Very Low,68.8,0.798851,100,1747088100,Very Low,0.6493058,1.5428656,Very Low,1.5169938,61.0,1.3285714,100,1747088100,1.1428572
2025-05-12T22:19:13Z,0,29.896,72.7,62,65.6,7,6,245,83,0.0,255,32767,0.0,2127-15-31,0.0,0.16,26.24,0.0,0.0,0.0,0,4.828125,6,45,05:48,20:12,2025-05-12 22:19:13.607594,Città della Scienza,76.4,1.558366,10.142652,0.81163234,0.65501237,EU EEA Common AQI,69.8,0.8187655,9.083353,7200,1.1428572,100,100,63.4,0.9142858,Very Low,68.8,0.798851,100,1747088100,Very Low,0.6493058,1.5428656,Very Low,1.5169938,61.0,1.3285714,100,1747088100,1.1428572
2025-05-12T22:19:24Z,0,29.896,72.7,62,65.6,3,6,268,83,0.0,255,32767,0.0,2127-15-31,0.0,0.16,26.24,0.0,0.0,0.0,0,4.828125,6,45,05:48,20:12,2025-05-12 22:19:24.678595,Città della Scienza,76.4,1.558366,10.142652,0.81163234,0.65501237,EU EEA Common AQI,69.8,0.8187655,9.083353,7200,1.1428572,100,100,63.4,0.9142858,Very Low,68.8,0.798851,100,1747088100,Very Low,0.6493058,1.5428656,Very Low,1.5169938,61.0,1.3285714,100,1747088100,1.1428572
2025-05-12T22:19:35Z,0,29.896,72.7,62,65.6,8,5,241,83,0.0,255,32767,0.0,2127-15-31,0.0,0.16,26.24,0.0,0.0,0.0,0,4.828125,6,45,05:48,20:12,2025-05-12 22:19:35.779595,Città della Scienza,76.4,1.558366,10.142652,0.81163234,0.65501237,EU EEA Common AQI,69.8,0.8187655,9.083353,7200,1.1428572,100,100,63.4,0.9142858,Very Low,68.8,0.798851,100,1747088100,Very Low,0.6493058,1.5428656,Very Low,1.5169938,61.0,1.3285714,100,1747088100,1.1428572
2025-05-12T22:19:47Z,0,29.896,72.7,62,65.6,7,5,245,83,0.0,255,32767,0.0,2127-15-31,0.0,0.16,26.24,0.0,0.0,0.0,0,4.828125,6,45,05:48,20:12,2025-05-12 22:19:46.840584,Città della Scienza,76.4,1.558366,10.142652,0.81163234,0.65501237,EU EEA Common AQI,69.8,0.8187655,9.083353,7200,1.1428572,100,100,63.4,0.9142858,Very Low,68.8,0.798851,100,1747088100,Very Low,0.6493058,1.5428656,Very Low,1.5169938,61.0,1.3285714,100,1747088100,1.1428572
2025-05-12T22:19:58Z,0,29.896,72.7,62,65.6,5,5,246,83,0.0,255,32767,0.0,2127-15-31,0.0,0.16,26.24,0.0,0.0,0.0,0,4.828125,6,45,05:48,20:12,2025-05-12 22:19:57.888600,Città della Scienza,76.4,1.558366,10.142652,0.81163234,0.65501237,EU EEA Common AQI,69.8,0.8187655,9.083353,7200,1.1428572,100,100,63.4,0.9142858,Very Low,68.8,0.798851,100,1747088100,Very Low,0.6493058,1.5428656,Very Low,1.5169938,61.0,1.3285714,100,1747088100,1.1428572
2025-05-12T22:20:09Z,0,29.896,72.7,62,65.6,4,5,254,83,0.0,255,32767,0.0,2127-15-31,0.0,0.16,26.24,0.0,0.0,0.0,0,4.828125,6,45,05:48,20:12,2025-05-12 22:20:08.979586,Città della Scienza,76.4,1.558366,10.142652,0.81163234,0.65501237,EU EEA Common AQI,69.8,0.8187655,9.083353,7200,1.1428572,100,100,63.4,0.9142858,Very Low,68.8,0.798851,100,1747088100,Very Low,0.6493058,1.5428656,Very Low,1.5169938,61.0,1.3285714,100,1747088100,1.1428572
2025-05-12T22:20:20Z,0,29.896,72.7,62,65.6,5,5,292,83,0.0,255,32767,0.0,2127-15-31,0.0,0.16,26.24,0.0,0.0,0.0,0,4.828125,6,45,05:48,20:12,2025-05-12 22:20:20.033592,Città della Scienza,76.4,1.558366,10.142652,0.81163234,0.65501237,EU EEA Common AQI,69.8,0.8187655,9.083353,7200,1.1428572,100,100,63.4,0.9142858,Very Low,68.8,0.798851,100,1747088100,Very Low,0.6493058,1.5428656,Very Low,1.5169938,61.0,1.3285714,100,1747088100,1.1428572
2025-05-12T22:20:31Z,0,29.896,72.7,62,65.6,4,5,286,83,0.0,255,32767,0.0,2127-15-31,0.0,0.16,26.24,0.0,0.0,0.0,0,4.828125,6,45,05:48,20:12,2025-05-12 22:20:31.156592,Città della Scienza,76.4,1.558366,10.142652,0.81163234,0.65501237,EU EEA Common AQI,69.8,0.8187655,9.083353,7200,1.1428572,100,100,63.4,0.9142858,Very Low,68.8,0.798851,100,1747088100,Very Low,0.6493058,1.5428656,Very Low,1.5169938,61.0,1.3285714,100,1747088100,1.1428572
2025-05-12T22:20:42Z,0,29.898,72.7,62,65.6,3,5,265,83,0.0,255,32767,0.0,2127-15-31,0.0,0.16,26.24,0.0,0.0,0.0,0,4.828125,6,45,05:48,20:12,2025-05-12 22:20:42.281592,Città della Scienza,76.4,1.558366,10.142652,0.81163234,0.65501237,EU EEA Common AQI,69.8,0.8187655,9.083353,7200,1.1428572,100,100,63.4,0.9142858,Very Low,68.8,0.798851,100,1747088100,Very Low,0.6493058,1.5428656,Very Low,1.5169938,61.0,1.3285714,100,1747088100,1.1428572
2025-05-12T22:20:53Z,0,29.898,72.7,62,65.6,5,5,252,83,0.0,255,32767,0.0,2127-15-31,0.0,0.16,26.24,0.0,0.0,0.0,0,4.828125,6,45,05:48,20:12,2025-05-12 22:20:53.370592,Città della Scienza,76.4,1.558366,10.142652,0.81163234,0.65501237,EU EEA Common AQI,69.8,0.8187655,9.083353,7200,1.1428572,100,100,63.4,0.9142858,Very Low,68.8,0.798851,100,1747088100,Very Low,0.6493058,1.5428656,Very Low,1.5169938,61.0,1.3285714,100,1747088100,1.1428572
2025-05-12T22:21:04Z,0,29.898,72.7,62,65.6,3,5,246,83,0.0,255,32767,0.0,2127-15-31,0.0,0.16,26.24,0.0,0.0,0.0,0,4.828125,6,45,05:48,20:12,2025-05-12 22:21:04.487596,Città della Scienza,76.4,1.558366,10.142652,0.81163234,0.65501237,EU EEA Common AQI,69.8,0.8187655,9.083353,7200,1.1428572,100,100,63.4,0.9142858,Very Low,68.8,0.798851,100,1747088100,Very Low,0.6493058,1.5428656,Very Low,1.5169938,61.0,1.3285714,100,1747088100,1.1428572
2025-05-12T22:21:15Z,0,29.898,72.7,62,65.6,2,5,243,83,0.0,255,32767,0.0,2127-15-31,0.0,0.16,26.24,0.0,0.0,0.0,0,4.828125,6,45,05:48,20:12,2025-05-12 22:21:15.540596,Città della Scienza,76.4,1.558366,10.142652,0.81163234,0.65501237,EU EEA Common AQI,69.8,0.8187655,9.083353,7200,1.1428572,100,100,63.4,0.9142858,Very Low,68.8,0.798851,100,1747088100,Very Low,0.6493058,1.5428656,Very Low,1.5169938,61.0,1.3285714,100,1747088100,1.1428572
2025-05-12T22:21:26Z,0,29.898,72.7,62,65.6,1,5,298,83,0.0,255,32767,0.0,2127-15-31,0.0,0.16,26.24,0.0,0.0,0.0,0,4.828125,6,45,05:48,20:12,2025-05-12 22:21:26.610600,Città della Scienza,76.4,1.558366,10.142652,0.81163234,0.65501237,EU EEA Common AQI,69.8,0.8187655,9.083353,7200,1.1428572,100,100,63.4,0.9142858,Very Low,68.8,0.798851,100,1747088100,Very Low,0.6493058,1.5428656,Very Low,1.5169938,61.0,1.3285714,100,1747088100,1.1428572
2025-05-12T22:21:37Z,0,29.898,72.7,62,65.6,3,5,248,83,0.0,255,32767,0.0,2127-15-31,0.0,0.16,26.24,0.0,0.0,0.0,0,4.828125,6,45,05:48,20:12,2025-05-12 22:21:37.716589,Città della Scienza,76.4,1.558366,10.142652,0.81163234,0.65501237,EU EEA Common AQI,69.8,0.8187655,9.083353,7200,1.1428572,100,100,63.4,0.9142858,Very Low,68.8,0.798851,100,1747088100,Very Low,0.6493058,1.5428656,Very Low,1.5169938,61.0,1.3285714,100,1747088100,1.1428572
2025-05-12T22:21:48Z,0,29.898,72.7,62,65.6,3,5,281,83,0.0,255,32767,0.0,2127-15-31,0.0,0.16,26.24,0.0,0.0,0.0,0,4.828125,6,45,05:48,20:12,2025-05-12 22:21:48.798593,Città della Scienza,76.4,1.558366,10.142652,0.81163234,0.65501237,EU EEA Common AQI,69.8,0.8187655,9.083353,7200,1.1428572,100,100,63.4,0.9142858,Very Low,68.8,0.798851,100,1747088100,Very Low,0.6493058,1.5428656,Very Low,1.5169938,61.0,1.3285714,100,1747088100,1.1428572
2025-05-12T22:22:00Z,0,29.898,72.7,62,65.6,5,5,257,83,0.0,255,32767,0.0,2127-15-31,0.0,0.16,26.24,0.0,0.0,0.0,0,4.828125,6,45,05:48,20:12,2025-05-12 22:21:59.897595,Città della Scienza,76.4,1.558366,10.142652,0.81163234,0.65501237,EU EEA Common AQI,69.8,0.8187655,9.083353,7200,1.1428572,100,100,63.4,0.9142858,Very Low,68.8,0.798851,100,1747088100,Very Low,0.6493058,1.5428656,Very Low,1.5169938,61.0,1.3285714,100,1747088100,1.1428572
2025-05-12T22:22:11Z,0,29.898,72.7,62,65.6,4,5,258,83,0.0,255,32767,0.0,2127-15-31,0.0,0.16,26.24,0.0,0.0,0.0,0,4.828125,6,45,05:48,20:12,2025-05-12 22:22:10.988648,Città della Scienza,76.4,1.558366,10.142652,0.81163234,0.65501237,EU EEA Common AQI,69.8,0.8187655,9.083353,7200,1.1428572,100,100,63.4,0.9142858,Very Low,68.8,0.798851,100,1747088100,Very Low,0.6493058,1.5428656,Very Low,1.5169938,61.0,1.3285714,100,1747088100,1.1428572
2025-05-12T22:22:22Z,0,29.898,72.7,62,65.6,4,5,265,83,0.0,255,32767,0.0,2127-15-31,0.0,0.16,26.24,0.0,0.0,0.0,0,4.828125,6,45,05:48,20:12,2025-05-12 22:22:22.078584,Città della Scienza,76.4,1.558366,10.142652,0.81163234,0.65501237,EU EEA Common AQI,69.8,0.8187655,9.083353,7200,1.1428572,100,100,63.4,0.9142858,Very Low,68.8,0.798851,100,1747088100,Very Low,0.6493058,1.5428656,Very Low,1.5169938,61.0,1.3285714,100,1747088100,1.1428572
2025-05-12T22:22:33Z,0,29.899,72.7,62,65.6,5,5,246,83,0.0,255,32767,0.0,2127-15-31,0.0,0.16,26.24,0.0,0.0,0.0,0,4.828125,6,45,05:48,20:12,2025-05-12 22:22:33.195592,Città della Scienza,76.4,1.558366,10.142652,0.81163234,0.65501237,EU EEA Common AQI,69.8,0.8187655,9.083353,7200,1.1428572,100,100,63.4,0.9142858,Very Low,68.8,0.798851,100,1747088100,Very Low,0.6493058,1.5428656,Very Low,1.5169938,61.0,1.3285714,100,1747088100,1.1428572
2025-05-12T22:22:44Z,0,29.899,72.7,62,65.6,4,5,250,83,0.0,255,32767,0.0,2127-15-31,0.0,0.16,26.24,0.0,0.0,0.0,0,4.828125,6,45,05:48,20:12,2025-05-12 22:22:44.241589,Città della Scienza,76.4,1.558366,10.142652,0.81163234,0.65501237,EU EEA Common AQI,69.8,0.8187655,9.083353,7200,1.1428572,100,100,63.4,0.9142858,Very Low,68.8,0.798851,100,1747088100,Very Low,0.6493058,1.5428656,Very Low,1.5169938,61.0,1.3285714,100,1747088100,1.1428572
2025-05-12T22:22:55Z,0,29.899,72.7,62,65.6,3,5,288,83,0.0,255,32767,0.0,2127-15-31,0.0,0.16,26.24,0.0,0.0,0.0,0,4.828125,6,45,05:48,20:12,2025-05-12 22:22:55.286593,Città della Scienza,76.4,1.558366,10.142652,0.81163234,0.65501237,EU EEA Common AQI,69.8,0.8187655,9.083353,7200,1.1428572,100,100,63.4,0.9142858,Very Low,68.8,0.798851,100,1747088100,Very Low,0.6493058,1.5428656,Very Low,1.5169938,61.0,1.3285714,100,1747088100,1.1428572
2025-05-12T22:23:06Z,0,29.899,72.7,62,65.6,3,5,287,83,0.0,255,32767,0.0,2127-15-31,0.0,0.16,26.24,0.0,0.0,0.0,0,4.828125,6,45,05:48,20:12,2025-05-12 22:23:06.368612,Città della Scienza,76.4,1.558366,10.142652,0.81163234,0.65501237,EU EEA Common AQI,69.8,0.8187655,9.083353,7200,1.1428572,100,100,63.4,0.9142858,Very Low,68.8,0.798851,100,1747088100,Very Low,0.6493058,1.5428656,Very Low,1.5169938,61.0,1.3285714,100,1747088100,1.1428572
2025-05-12T22:23:17Z,0,29.899,72.7,62,65.6,3,5,262,83,0.0,255,32767,0.0,2127-15-31,0.0,0.16,26.24,0.0,0.0,0.0,0,4.828125,6,45,05:48,20:12,2025-05-12 22:23:17.439612,Città della Scienza,76.4,1.558366,10.142652,0.81163234,0.65501237,EU EEA Common AQI,69.8,0.8187655,9.083353,7200,1.1428572,100,100,63.4,0.9142858,Very Low,68.8,0.798851,100,1747088100,Very Low,0.6493058,1.5428656,Very Low,1.5169938,61.0,1.3285714,100,1747088100,1.1428572
2025-05-12T22:23:28Z,0,29.899,72.7,62,65.6,2,5,252,83,0.0,255,32767,0.0,2127-15-31,0.0,0.16,26.24,0.0,0.0,0.0,0,4.828125,6,45,05:48,20:12,2025-05-12 22:23:28.530594,Città della Scienza,76.4,1.558366,10.142652,0.81163234,0.65501237,EU EEA Common AQI,69.8,0.8187655,9.083353,7200,1.1428572,100,100,63.4,0.9142858,Very Low,68.8,0.798851,100,1747088100,Very Low,0.6493058,1.5428656,Very Low,1.5169938,61.0,1.3285714,100,1747088100,1.1428572
2025-05-12T22:23:39Z,0,29.899,72.6,62,65.6,2,5,259,83,0.0,255,32767,0.0,2127-15-31,0.0,0.16,26.24,0.0,0.0,0.0,0,4.828125,6,45,05:48,20:12,2025-05-12 22:23:39.624558,Città della Scienza,76.4,1.558366,10.142652,0.81163234,0.65501237,EU EEA Common AQI,69.8,0.8187655,9.083353,7200,1.1428572,100,100,63.4,0.9142858,Very Low,68.8,0.798851,100,1747088100,Very Low,0.6493058,1.5428656,Very Low,1.5169938,61.0,1.3285714,100,1747088100,1.1428572
2025-05-12T22:23:50Z,0,29.899,72.6,62,65.6,1,5,259,83,0.0,255,32767,0.0,2127-15-31,0.0,0.16,26.24,0.0,0.0,0.0,0,4.828125,6,45,05:48,20:12,2025-05-12 22:23:50.682591,Città della Scienza,76.4,1.558366,10.142652,0.81163234,0.65501237,EU EEA Common AQI,69.8,0.8187655,9.083353,7200,1.1428572,100,100,63.4,0.9142858,Very Low,68.8,0.798851,100,1747088100,Very Low,0.6493058,1.5428656,Very Low,1.5169938,61.0,1.3285714,100,1747088100,1.1428572
2025-05-12T22:24:01Z,0,29.899,72.6,62,65.6,3,5,267,83,0.0,255,32767,0.0,2127-15-31,0.0,0.16,26.24,0.0,0.0,0.0,0,4.828125,6,45,05:48,20:12,2025-05-12 22:24:01.729601,Città della Scienza,76.4,1.558366,10.142652,0.81163234,0.65501237,EU EEA Common AQI,69.8,0.8187655,9.083353,7200,1.1428572,100,100,63.4,0.9142858,Very Low,68.8,0.798851,100,1747088100,Very Low,0.6493058,1.5428656,Very Low,1.5169938,61.0,1.3285714,100,1747088100,1.1428572
2025-05-12T22:24:13Z,0,29.899,72.6,62,65.6,5,5,238,83,0.0,255,32767,0.0,2127-15-31,0.0,0.16,26.24,0.0,0.0,0.0,0,4.828125,6,45,05:48,20:12,2025-05-12 22:24:12.829595,Città della Scienza,76.4,1.558366,10.142652,0.81163234,0.65501237,EU EEA Common AQI,69.8,0.8187655,9.083353,7200,1.1428572,100,100,63.4,0.9142858,Very Low,68.8,0.798851,100,1747088100,Very Low,0.6493058,1.5428656,Very Low,1.5169938,61.0,1.3285714,100,1747088100,1.1428572
2025-05-12T22:24:24Z,0,29.899,72.6,62,65.6,6,5,243,83,0.0,255,32767,0.0,2127-15-31,0.0,0.16,26.24,0.0,0.0,0.0,0,4.828125,6,45,05:48,20:12,2025-05-12 22:24:23.897595,Città della Scienza,76.4,1.558366,10.142652,0.81163234,0.65501237,EU EEA Common AQI,69.8,0.8187655,9.083353,7200,1.1428572,100,100,63.4,0.9142858,Very Low,68.8,0.798851,100,1747088100,Very Low,0.6493058,1.5428656,Very Low,1.5169938,61.0,1.3285714,100,1747088100,1.1428572
2025-05-12T22:24:35Z,0,29.9,72.6,63,65.6,2,5,318,83,0.0,255,32767,0.0,2127-15-31,0.0,0.16,26.24,0.0,0.0,0.0,0,4.828125,6,45,05:48,20:12,2025-05-12 22:24:34.947596,Città della Scienza,76.4,1.558366,10.142652,0.81163234,0.65501237,EU EEA Common AQI,69.8,0.8187655,9.083353,7200,1.1428572,100,100,63.4,0.9142858,Very Low,68.8,0.798851,100,1747088100,Very Low,0.6493058,1.5428656,Very Low,1.5169938,61.0,1.3285714,100,1747088100,1.1428572
2025-05-12T22:24:46Z,0,29.9,72.6,63,65.6,3,5,257,83,0.0,255,32767,0.0,2127-15-31,0.0,0.16,26.24,0.0,0.0,0.0,0,4.828125,6,45,05:48,20:12,2025-05-12 22:24:46.026592,Città della Scienza,76.4,1.558366,10.142652,0.81163234,0.65501237,EU EEA Common AQI,69.8,0.8187655,9.083353,7200,1.1428572,100,100,63.4,0.9142858,Very Low,68.8,0.798851,100,1747088100,Very Low,0.6493058,1.5428656,Very Low,1.5169938,61.0,1.3285714,100,1747088100,1.1428572
2025-05-12T22:24:57Z,0,29.9,72.6,63,65.5,1,5,275,83,0.0,255,32767,0.0,2127-15-31,0.0,0.16,26.24,0.0,0.0,0.0,0,4.828125,6,45,05:48,20:12,2025-05-12 22:24:57.108610,Città della Scienza,76.4,1.558366,10.142652,0.81163234,0.65501237,EU EEA Common AQI,69.8,0.8187655,9.083353,7200,1.1428572,100,100,63.4,0.9142858,Very Low,68.8,0.798851,100,1747088100,Very Low,0.6493058,1.5428656,Very Low,1.5169938,61.0,1.3285714,100,1747088100,1.1428572
2025-05-12T22:25:08Z,0,29.9,72.6,63,65.5,2,5,274,83,0.0,255,32767,0.0,2127-15-31,0.0,0.16,26.24,0.0,0.0,0.0,0,4.828125,6,45,05:48,20:12,2025-05-12 22:25:08.151594,Città della Scienza,76.4,1.558366,10.142652,0.81163234,0.65501237,EU EEA Common AQI,69.8,0.8187655,9.083353,7200,1.1428572,100,100,63.4,0.9142858,Very Low,68.8,0.798851,100,1747088100,Very Low,0.6493058,1.5428656,Very Low,1.5169938,61.0,1.3285714,100,1747088100,1.1428572
2025-05-12T22:25:19Z,0,29.9,72.6,63,65.5,2,5,273,83,0.0,255,32767,0.0,2127-15-31,0.0,0.16,26.24,0.0,0.0,0.0,0,4.828125,6,45,05:48,20:12,2025-05-12 22:25:19.218594,Città della Scienza,76.4,1.558366,10.142652,0.81163234,0.65501237,EU EEA Common AQI,69.8,0.8187655,9.083353,7200,1.1428572,100,100,63.4,0.9142858,Very Low,68.8,0.798851,100,1747088100,Very Low,0.6493058,1.5428656,Very Low,1.5169938,61.0,1.3285714,100,1747088100,1.1428572
2025-05-12T22:25:30Z,0,29.9,72.6,63,65.5,3,5,238,83,0.0,255,32767,0.0,2127-15-31,0.0,0.16,26.24,0.0,0.0,0.0,0,4.828125,6,45,05:48,20:12,2025-05-12 22:25:30.273597,Città della Scienza,76.4,1.558366,10.142652,0.81163234,0.65501237,EU EEA Common AQI,69.8,0.8187655,9.083353,7200,1.1428572,100,100,63.4,0.9142858,Very Low,68.8,0.798851,100,1747088100,Very Low,0.6493058,1.5428656,Very Low,1.5169938,61.0,1.3285714,100,1747088100,1.1428572
2025-05-12T22:25:41Z,0,29.898,72.7,62,65.5,2,4,265,83,0.0,255,32767,0.0,2127-15-31,0.0,0.16,26.24,0.0,0.0,0.0,0,4.828125,6,45,05:48,20:12,2025-05-12 22:25:41.361594,Città della Scienza,76.4,1.558366,10.142652,0.81163234,0.65501237,EU EEA Common AQI,69.8,0.8187655,9.083353,7200,1.1428572,100,100,63.4,0.9142858,Very Low,68.8,0.798851,100,1747088100,Very Low,0.6493058,1.5428656,Very Low,1.5169938,61.0,1.3285714,100,1747088100,1.1428572
2025-05-12T22:25:52Z,0,29.898,72.7,62,65.5,2,4,267,83,0.0,255,32767,0.0,2127-15-31,0.0,0.16,26.24,0.0,0.0,0.0,0,4.828125,6,45,05:48,20:12,2025-05-12 22:25:52.453602,Città della Scienza,76.4,1.558366,10.142652,0.81163234,0.65501237,EU EEA Common AQI,69.8,0.8187655,9.083353,7200,1.1428572,100,100,63.4,0.9142858,Very Low,68.8,0.798851,100,1747088100,Very Low,0.6493058,1.5428656,Very Low,1.5169938,61.0,1.3285714,100,1747088100,1.1428572
2025-05-12T22:26:03Z,0,29.898,72.7,62,65.6,4,4,250,83,0.0,255,32767,0.0,2127-15-31,0.0,0.16,26.24,0.0,0.0,0.0,0,4.828125,6,45,05:48,20:12,2025-05-12 22:26:03.531585,Città della Scienza,76.4,1.558366,10.142652,0.81163234,0.65501237,EU EEA Common AQI,69.8,0.8187655,9.083353,7200,1.1428572,100,100,63.4,0.9142858,Very Low,68.8,0.798851,100,1747088100,Very Low,0.6493058,1.5428656,Very Low,1.5169938,61.0,1.3285714,100,1747088100,1.1428572
2025-05-12T22:26:14Z,0,29.898,72.7,62,65.6,3,4,252,83,0.0,255,32767,0.0,2127-15-31,0.0,0.16,26.24,0.0,0.0,0.0,0,4.828125,6,45,05:48,20:12,2025-05-12 22:26:14.584595,Città della Scienza,76.4,1.558366,10.142652,0.81163234,0.65501237,EU EEA Common AQI,69.8,0.8187655,9.083353,7200,1.1428572,100,100,63.4,0.9142858,Very Low,68.8,0.798851,100,1747088100,Very Low,0.6493058,1.5428656,Very Low,1.5169938,61.0,1.3285714,100,1747088100,1.1428572
2025-05-12T22:26:25Z,0,29.898,72.7,62,65.6,3,4,261,83,0.0,255,32767,0.0,2127-15-31,0.0,0.16,26.24,0.0,0.0,0.0,0,4.828125,6,45,05:48,20:12,2025-05-12 22:26:25.685597,Città della Scienza,76.4,1.558366,10.142652,0.81163234,0.65501237,EU EEA Common AQI,69.8,0.8187655,9.083353,7200,1.1428572,100,100,63.4,0.9142858,Very Low,68.8,0.798851,100,1747088100,Very Low,0.6493058,1.5428656,Very Low,1.5169938,61.0,1.3285714,100,1747088100,1.1428572
2025-05-12T22:26:36Z,0,29.9,72.7,62,65.6,6,4,260,83,0.0,255,32767,0.0,2127-15-31,0.0,0.16,26.24,0.0,0.0,0.0,0,4.828125,6,45,05:48,20:12,2025-05-12 22:26:36.769605,Città della Scienza,76.4,1.558366,10.142652,0.81163234,0.65501237,EU EEA Common AQI,69.8,0.8187655,9.083353,7200,1.1428572,100,100,63.4,0.9142858,Very Low,68.8,0.798851,100,1747088100,Very Low,0.6493058,1.5428656,Very Low,1.5169938,61.0,1.3285714,100,1747088100,1.1428572
2025-05-12T22:26:48Z,0,29.9,72.7,62,65.5,5,4,250,83,0.0,255,32767,0.0,2127-15-31,0.0,0.16,26.24,0.0,0.0,0.0,0,4.828125,6,45,05:48,20:12,2025-05-12 22:26:47.866618,Città della Scienza,76.4,1.558366,10.142652,0.81163234,0.65501237,EU EEA Common AQI,69.8,0.8187655,9.083353,7200,1.1428572,100,100,63.4,0.9142858,Very Low,68.8,0.798851,100,1747088100,Very Low,0.6493058,1.5428656,Very Low,1.5169938,61.0,1.3285714,100,1747088100,1.1428572
2025-05-12T22:26:59Z,0,29.9,72.7,62,65.5,5,4,241,83,0.0,255,32767,0.0,2127-15-31,0.0,0.16,26.24,0.0,0.0,0.0,0,4.828125,6,45,05:48,20:12,2025-05-12 22:26:58.979613,Città della Scienza,76.4,1.558366,10.142652,0.81163234,0.65501237,EU EEA Common AQI,69.8,0.8187655,9.083353,7200,1.1428572,100,100,63.4,0.9142858,Very Low,68.8,0.798851,100,1747088100,Very Low,0.6493058,1.5428656,Very Low,1.5169938,61.0,1.3285714,100,1747088100,1.1428572
2025-05-12T22:27:10Z,0,29.9,72.7,62,65.5,4,4,292,83,0.0,255,32767,0.0,2127-15-31,0.0,0.16,26.24,0.0,0.0,0.0,0,4.828125,6,45,05:48,20:12,2025-05-12 22:27:10.112595,Città della Scienza,76.4,1.558366,10.142652,0.81163234,0.65501237,EU EEA Common AQI,69.8,0.8187655,9.083353,7200,1.1428572,100,100,63.4,0.9142858,Very Low,68.8,0.798851,100,1747088100,Very Low,0.6493058,1.5428656,Very Low,1.5169938,61.0,1.3285714,100,1747088100,1.1428572
2025-05-12T22:27:21Z,0,29.9,72.7,62,65.5,4,4,249,83,0.0,255,32767,0.0,2127-15-31,0.0,0.16,26.24,0.0,0.0,0.0,0,4.828125,6,45,05:48,20:12,2025-05-12 22:27:21.147594,Città della Scienza,76.4,1.558366,10.142652,0.81163234,0.65501237,EU EEA Common AQI,69.8,0.8187655,9.083353,7200,1.1428572,100,100,63.4,0.9142858,Very Low,68.8,0.798851,100,1747088100,Very Low,0.6493058,1.5428656,Very Low,1.5169938,61.0,1.3285714,100,1747088100,1.1428572
2025-05-12T22:27:32Z,0,29.898,72.6,62,65.5,2,4,250,83,0.0,255,32767,0.0,2127-15-31,0.0,0.16,26.24,0.0,0.0,0.0,0,4.828125,6,45,05:48,20:12,2025-05-12 22:27:32.195552,Città della Scienza,76.4,1.558366,10.142652,0.81163234,0.65501237,EU EEA Common AQI,69.8,0.8187655,9.083353,7200,1.1428572,100,100,63.4,0.9142858,Very Low,68.8,0.798851,100,1747088100,Very Low,0.6493058,1.5428656,Very Low,1.5169938,61.0,1.3285714,100,1747088100,1.1428572
2025-05-12T22:27:43Z,0,29.898,72.6,62,65.6,3,4,296,83,0.0,255,32767,0.0,2127-15-31,0.0,0.16,26.24,0.0,0.0,0.0,0,4.828125,6,45,05:48,20:12,2025-05-12 22:27:43.245604,Città della Scienza,76.4,1.558366,10.142652,0.81163234,0.65501237,EU EEA Common AQI,69.8,0.8187655,9.083353,7200,1.1428572,100,100,63.4,0.9142858,Very Low,68.8,0.798851,100,1747088100,Very Low,0.6493058,1.5428656,Very Low,1.5169938,61.0,1.3285714,100,1747088100,1.1428572
2025-05-12T22:27:54Z,0,29.898,72.6,62,65.6,4,4,260,83,0.0,255,32767,0.0,2127-15-31,0.0,0.16,26.24,0.0,0.0,0.0,0,4.828125,6,45,05:48,20:12,2025-05-12 22:27:54.298610,Città della Scienza,76.4,1.558366,10.142652,0.81163234,0.65501237,EU EEA Common AQI,69.8,0.8187655,9.083353,7200,1.1428572,100,100,63.4,0.9142858,Very Low,68.8,0.798851,100,1747088100,Very Low,0.6493058,1.5428656,Very Low,1.5169938,61.0,1.3285714,100,1747088100,1.1428572
2025-05-12T22:28:05Z,0,29.898,72.6,62,65.6,3,4,253,83,0.0,255,32767,0.0,2127-15-31,0.0,0.16,26.24,0.0,0.0,0.0,0,4.828125,6,45,05:48,20:12,2025-05-12 22:28:05.411593,Città della Scienza,76.4,1.558366,10.142652,0.81163234,0.65501237,EU EEA Common AQI,69.8,0.8187655,9.083353,7200,1.1428572,100,100,63.4,0.9142858,Very Low,68.8,0.798851,100,1747088100,Very Low,0.6493058,1.5428656,Very Low,1.5169938,61.0,1.3285714,100,1747088100,1.1428572
2025-05-12T22:28:16Z,0,29.898,72.6,62,65.6,2,4,273,83,0.0,255,32767,0.0,2127-15-31,0.0,0.16,26.24,0.0,0.0,0.0,0,4.828125,6,45,05:48,20:12,2025-05-12 22:28:16.581597,Città della Scienza,76.4,1.558366,10.142652,0.81163234,0.65501237,EU EEA Common AQI,69.8,0.8187655,9.083353,7200,1.1428572,100,100,63.4,0.9142858,Very Low,68.8,0.798851,100,1747088100,Very Low,0.6493058,1.5428656,Very Low,1.5169938,61.0,1.3285714,100,1747088100,1.1428572
2025-05-12T22:28:27Z,0,29.898,72.6,62,65.6,3,4,253,83,0.0,255,32767,0.0,2127-15-31,0.0,0.16,26.24,0.0,0.0,0.0,0,4.828125,6,45,05:48,20:12,2025-05-12 22:28:27.639598,Città della Scienza,76.4,1.558366,10.142652,0.81163234,0.65501237,EU EEA Common AQI,69.8,0.8187655,9.083353,7200,1.1428572,100,100,63.4,0.9142858,Very Low,68.8,0.798851,100,1747088100,Very Low,0.6493058,1.5428656,Very Low,1.5169938,61.0,1.3285714,100,1747088100,1.1428572
2025-05-12T22:28:38Z,0,29.898,72.7,63,65.6,2,4,243,83,0.0,255,32767,0.0,2127-15-31,0.0,0.16,26.24,0.0,0.0,0.0,0,4.828125,6,45,05:48,20:12,2025-05-12 22:28:38.717596,Città della Scienza,76.4,1.558366,10.142652,0.81163234,0.65501237,EU EEA Common AQI,69.8,0.8187655,9.083353,7200,1.1428572,100,100,63.4,0.9142858,Very Low,68.8,0.798851,100,1747088100,Very Low,0.6493058,1.5428656,Very Low,1.5169938,61.0,1.3285714,100,1747088100,1.1428572
2025-05-12T22:28:49Z,0,29.898,72.7,63,65.6,4,4,230,83,0.0,255,32767,0.0,2127-15-31,0.0,0.16,26.24,0.0,0.0,0.0,0,4.828125,6,45,05:48,20:12,2025-05-12 22:28:49.774624,Città della Scienza,76.4,1.558366,10.142652,0.81163234,0.65501237,EU EEA Common AQI,69.8,0.8187655,9.083353,7200,1.1428572,100,100,63.4,0.9142858,Very Low,68.8,0.798851,100,1747088100,Very Low,0.6493058,1.5428656,Very Low,1.5169938,61.0,1.3285714,100,1747088100,1.1428572
2025-05-12T22:29:01Z,0,29.898,72.7,63,65.6,2,4,225,83,0.0,255,32767,0.0,2127-15-31,0.0,0.16,26.24,0.0,0.0,0.0,0,4.828125,6,45,05:48,20:12,2025-05-12 22:29:00.800590,Città della Scienza,76.4,1.558366,10.142652,0.81163234,0.65501237,EU EEA Common AQI,69.8,0.8187655,9.083353,7200,1.1428572,100,100,63.4,0.9142858,Very Low,68.8,0.798851,100,1747088100,Very Low,0.6493058,1.5428656,Very Low,1.5169938,61.0,1.3285714,100,1747088100,1.1428572
2025-05-12T22:29:12Z,0,29.898,72.7,63,65.6,2,4,222,83,0.0,255,32767,0.0,2127-15-31,0.0,0.16,26.24,0.0,0.0,0.0,0,4.828125,6,45,05:48,20:12,2025-05-12 22:29:11.892596,Città della Scienza,76.4,1.558366,10.142652,0.81163234,0.65501237,EU EEA Common AQI,69.8,0.8187655,9.083353,7200,1.1428572,100,100,63.4,0.9142858,Very Low,68.8,0.798851,100,1747088100,Very Low,0.6493058,1.5428656,Very Low,1.5169938,61.0,1.3285714,100,1747088100,1.1428572
2025-05-12T22:29:23Z,0,29.898,72.7,63,65.6,1,4,222,83,0.0,255,32767,0.0,2127-15-31,0.0,0.16,26.24,0.0,0.0,0.0,0,4.828125,6,45,05:48,20:12,2025-05-12 22:29:23.010588,Città della Scienza,76.4,1.558366,10.142652,0.81163234,0.65501237,EU EEA Common AQI,69.8,0.8187655,9.083353,7200,1.1428572,100,100,63.4,0.9142858,Very Low,68.8,0.798851,100,1747088100,Very Low,0.6493058,1.5428656,Very Low,1.5169938,61.0,1.3285714,100,1747088100,1.1428572
2025-05-12T22:29:34Z,0,29.897,72.7,63,65.5,0,3,242,83,0.0,255,32767,0.0,2127-15-31,0.0,0.16,26.24,0.0,0.0,0.0,0,4.828125,6,45,05:48,20:12,2025-05-12 22:29:34.081555,Città della Scienza,76.4,1.558366,10.142652,0.81163234,0.65501237,EU EEA Common AQI,69.8,0.8187655,9.083353,7200,1.1428572,100,100,63.4,0.9142858,Very Low,68.8,0.798851,100,1747088100,Very Low,0.6493058,1.5428656,Very Low,1.5169938,61.0,1.3285714,100,1747088100,1.1428572
2025-05-12T22:29:45Z,0,29.897,72.7,63,65.6,1,3,294,83,0.0,255,32767,0.0,2127-15-31,0.0,0.16,26.24,0.0,0.0,0.0,0,4.828125,6,45,05:48,20:12,2025-05-12 22:29:45.180562,Città della Scienza,76.4,1.558366,10.142652,0.81163234,0.65501237,EU EEA Common AQI,69.8,0.8187655,9.083353,7200,1.1428572,100,100,63.4,0.9142858,Very Low,68.8,0.798851,100,1747088100,Very Low,0.6493058,1.5428656,Very Low,1.5169938,61.0,1.3285714,100,1747088100,1.1428572
2025-05-12T22:29:56Z,0,29.897,72.7,63,65.5,0,3,294,83,0.0,255,32767,0.0,2127-15-31,0.0,0.16,26.24,0.0,0.0,0.0,0,4.828125,6,45,05:48,20:12,2025-05-12 22:29:56.224591,Città della Scienza,76.4,1.558366,10.142652,0.81163234,0.65501237,EU EEA Common AQI,69.8,0.8187655,9.083353,7200,1.1428572,100,100,63.4,0.9142858,Very Low,68.8,0.798851,100,1747088100,Very Low,0.6493058,1.5428656,Very Low,1.5169938,61.0,1.3285714,100,1747088100,1.1428572
2025-05-12T22:30:07Z,0,29.897,72.7,63,65.5,1,3,294,83,0.0,255,32767,0.0,2127-15-31,0.0,0.16,26.24,0.0,0.0,0.0,0,4.828125,6,45,05:48,20:12,2025-05-12 22:30:07.272591,Città della Scienza,76.4,1.558366,10.142652,0.81163234,0.65501237,EU EEA Common AQI,69.8,0.8187655,9.083353,7200,1.1428572,100,100,63.4,0.9142858,Very Low,68.8,0.798851,100,1747088100,Very Low,0.6493058,1.5428656,Very Low,1.5169938,61.0,1.3285714,100,1747088100,1.1428572
2025-05-12T22:30:18Z,0,29.897,72.7,63,65.5,2,3,294,83,0.0,255,32767,0.0,2127-15-31,0.0,0.16,26.24,0.0,0.0,0.0,0,4.828125,6,45,05:48,20:12,2025-05-12 22:30:18.363591,Città della Scienza,76.4,1.558366,10.142652,0.81163234,0.65501237,EU EEA Common AQI,69.8,0.8187655,9.083353,7200,1.1428572,100,100,63.4,0.9142858,Very Low,68.8,0.798851,100,1747088100,Very Low,0.6493058,1.5428656,Very Low,1.5169938,61.0,1.3285714,100,1747088100,1.1428572
2025-05-12T22:30:29Z,0,29.897,72.7,63,65.5,1,3,294,83,0.0,255,32767,0.0,2127-15-31,0.0,0.16,26.24,0.0,0.0,0.0,0,4.828125,6,45,05:48,20:12,2025-05-12 22:30:29.456584,Città della Scienza,77.1,1.5729216,10.059069,0.84151304,0.664746,EU EEA Common AQI,69.8,0.83093256,9.004965,7200,1.0428572,100,100,63.5,0.8342857,Very Low,68.7,0.8022978,100,1747089000,Very Low,0.6732104,1.5662177,Very Low,1.5956428,61.3,1.8857143,100,1747089000,1.0428572
2025-05-12T22:30:40Z,0,29.897,72.7,63,65.5,1,3,262,83,0.0,255,32767,0.0,2127-15-31,0.0,0.16,26.24,0.0,0.0,0.0,0,4.828125,6,45,05:48,20:12,2025-05-12 22:30:40.573600,Città della Scienza,77.1,1.5729216,10.059069,0.84151304,0.664746,EU EEA Common AQI,69.8,0.83093256,9.004965,7200,1.0428572,100,100,63.5,0.8342857,Very Low,68.7,0.8022978,100,1747089000,Very Low,0.6732104,1.5662177,Very Low,1.5956428,61.3,1.8857143,100,1747089000,1.0428572
2025-05-12T22:30:51Z,0,29.897,72.7,63,65.5,2,3,257,83,0.0,255,32767,0.0,2127-15-31,0.0,0.16,26.24,0.0,0.0,0.0,0,4.828125,6,45,05:48,20:12,2025-05-12 22:30:51.663601,Città della Scienza,77.1,1.5729216,10.059069,0.84151304,0.664746,EU EEA Common AQI,69.8,0.83093256,9.004965,7200,1.0428572,100,100,63.5,0.8342857,Very Low,68.7,0.8022978,100,1747089000,Very Low,0.6732104,1.5662177,Very Low,1.5956428,61.3,1.8857143,100,1747089000,1.0428572
2025-05-12T22:31:02Z,0,29.897,72.7,63,65.4,2,3,271,83,0.0,255,32767,0.0,2127-15-31,0.0,0.16,26.24,0.0,0.0,0.0,0,4.828125,6,45,05:48,20:12,2025-05-12 22:31:02.713605,Città della Scienza,77.1,1.5729216,10.059069,0.84151304,0.664746,EU EEA Common AQI,69.8,0.83093256,9.004965,7200,1.0428572,100,100,63.5,0.8342857,Very Low,68.7,0.8022978,100,1747089000,Very Low,0.6732104,1.5662177,Very Low,1.5956428,61.3,1.8857143,100,1747089000,1.0428572
2025-05-12T22:31:14Z,0,29.897,72.7,63,65.5,1,3,271,83,0.0,255,32767,0.0,2127-15-31,0.0,0.16,26.24,0.0,0.0,0.0,0,4.828125,6,45,05:48,20:12,2025-05-12 22:31:13.815591,Città della Scienza,77.1,1.5729216,10.059069,0.84151304,0.664746,EU EEA Common AQI,69.8,0.83093256,9.004965,7200,1.0428572,100,100,63.5,0.8342857,Very Low,68.7,0.8022978,100,1747089000,Very Low,0.6732104,1.5662177,Very Low,1.5956428,61.3,1.8857143,100,1747089000,1.0428572
2025-05-12T22:31:25Z,0,29.897,72.7,63,65.5,0,3,271,83,0.0,255,32767,0.0,2127-15-31,0.0,0.16,26.24,0.0,0.0,0.0,0,4.828125,6,45,05:48,20:12,2025-05-12 22:31:24.896573,Città della Scienza,77.1,1.5729216,10.059069,0.84151304,0.664746,EU EEA Common AQI,69.8,0.83093256,9.004965,7200,1.0428572,100,100,63.5,0.8342857,Very Low,68.7,0.8022978,100,1747089000,Very Low,0.6732104,1.5662177,Very Low,1.5956428,61.3,1.8857143,100,1747089000,1.0428572
2025-05-12T22:31:36Z,0,29.898,72.7,63,65.4,0,3,270,83,0.0,255,32767,0.0,2127-15-31,0.0,0.16,26.24,0.0,0.0,0.0,0,4.828125,6,45,05:48,20:12,2025-05-12 22:31:35.991594,Città della Scienza,77.1,1.5729216,10.059069,0.84151304,0.664746,EU EEA Common AQI,69.8,0.83093256,9.004965,7200,1.0428572,100,100,63.5,0.8342857,Very Low,68.7,0.8022978,100,1747089000,Very Low,0.6732104,1.5662177,Very Low,1.5956428,61.3,1.8857143,100,1747089000,1.0428572
2025-05-12T22:31:47Z,0,29.898,72.7,63,65.4,0,3,270,83,0.0,255,32767,0.0,2127-15-31,0.0,0.16,26.24,0.0,0.0,0.0,0,4.828125,6,45,05:48,20:12,2025-05-12 22:31:47.082590,Città della Scienza,77.1,1.5729216,10.059069,0.84151304,0.664746,EU EEA Common AQI,69.8,0.83093256,9.004965,7200,1.0428572,100,100,63.5,0.8342857,Very Low,68.7,0.8022978,100,1747089000,Very Low,0.6732104,1.5662177,Very Low,1.5956428,61.3,1.8857143,100,1747089000,1.0428572
2025-05-12T22:31:58Z,0,29.898,72.7,63,65.4,0,3,270,83,0.0,255,32767,0.0,2127-15-31,0.0,0.16,26.24,0.0,0.0,0.0,0,4.828125,6,45,05:48,20:12,2025-05-12 22:31:58.198591,Città della Scienza,77.1,1.5729216,10.059069,0.84151304,0.664746,EU EEA Common AQI,69.8,0.83093256,9.004965,7200,1.0428572,100,100,63.5,0.8342857,Very Low,68.7,0.8022978,100,1747089000,Very Low,0.6732104,1.5662177,Very Low,1.5956428,61.3,1.8857143,100,1747089000,1.0428572
2025-05-12T22:32:09Z,0,29.898,72.7,63,65.4,0,3,271,83,0.0,255,32767,0.0,2127-15-31,0.0,0.16,26.24,0.0,0.0,0.0,0,4.828125,6,45,05:48,20:12,2025-05-12 22:32:09.278593,Città della Scienza,77.1,1.5729216,10.059069,0.84151304,0.664746,EU EEA Common AQI,69.8,0.83093256,9.004965,7200,1.0428572,100,100,63.5,0.8342857,Very Low,68.7,0.8022978,100,1747089000,Very Low,0.6732104,1.5662177,Very Low,1.5956428,61.3,1.8857143,100,1747089000,1.0428572
2025-05-12T22:32:20Z,0,29.898,72.7,63,65.4,0,3,270,83,0.0,255,32767,0.0,2127-15-31,0.0,0.16,26.24,0.0,0.0,0.0,0,4.828125,6,45,05:48,20:12,2025-05-12 22:32:20.370593,Città della Scienza,77.1,1.5729216,10.059069,0.84151304,0.664746,EU EEA Common AQI,69.8,0.83093256,9.004965,7200,1.0428572,100,100,63.5,0.8342857,Very Low,68.7,0.8022978,100,1747089000,Very Low,0.6732104,1.5662177,Very Low,1.5956428,61.3,1.8857143,100,1747089000,1.0428572
2025-05-12T22:32:31Z,0,29.897,72.7,63,65.4,0,2,270,83,0.0,255,32767,0.0,2127-15-31,0.0,0.16,26.24,0.0,0.0,0.0,0,4.828125,6,45,05:48,20:12,2025-05-12 22:32:31.467592,Città della Scienza,77.1,1.5729216,10.059069,0.84151304,0.664746,EU EEA Common AQI,69.8,0.83093256,9.004965,7200,1.0428572,100,100,63.5,0.8342857,Very Low,68.7,0.8022978,100,1747089000,Very Low,0.6732104,1.5662177,Very Low,1.5956428,61.3,1.8857143,100,1747089000,1.0428572
2025-05-12T22:32:42Z,0,29.897,72.7,63,65.4,2,2,275,83,0.0,255,32767,0.0,2127-15-31,0.0,0.16,26.24,0.0,0.0,0.0,0,4.828125,6,45,05:48,20:12,2025-05-12 22:32:42.567592,Città della Scienza,77.1,1.5729216,10.059069,0.84151304,0.664746,EU EEA Common AQI,69.8,0.83093256,9.004965,7200,1.0428572,100,100,63.5,0.8342857,Very Low,68.7,0.8022978,100,1747089000,Very Low,0.6732104,1.5662177,Very Low,1.5956428,61.3,1.8857143,100,1747089000,1.0428572
2025-05-12T22:32:53Z,0,29.897,72.7,63,65.4,3,2,273,83,0.0,255,32767,0.0,2127-15-31,0.0,0.16,26.24,0.0,0.0,0.0,0,4.828125,6,45,05:48,20:12,2025-05-12 22:32:53.650597,Città della Scienza,77.1,1.5729216,10.059069,0.84151304,0.664746,EU EEA Common AQI,69.8,0.83093256,9.004965,7200,1.0428572,100,100,63.5,0.8342857,Very Low,68.7,0.8022978,100,1747089000,Very Low,0.6732104,1.5662177,Very Low,1.5956428,61.3,1.8857143,100,1747089000,1.0428572
2025-05-12T22:33:04Z,0,29.897,72.7,63,65.3,3,2,248,83,0.0,255,32767,0.0,2127-15-31,0.0,0.16,26.24,0.0,0.0,0.0,0,4.828125,6,45,05:48,20:12,2025-05-12 22:33:04.730588,Città della Scienza,77.1,1.5729216,10.059069,0.84151304,0.664746,EU EEA Common AQI,69.8,0.83093256,9.004965,7200,1.0428572,100,100,63.5,0.8342857,Very Low,68.7,0.8022978,100,1747089000,Very Low,0.6732104,1.5662177,Very Low,1.5956428,61.3,1.8857143,100,1747089000,1.0428572
2025-05-12T22:33:16Z,0,29.897,72.7,63,65.3,2,2,247,83,0.0,255,32767,0.0,2127-15-31,0.0,0.16,26.24,0.0,0.0,0.0,0,4.828125,6,45,05:48,20:12,2025-05-12 22:33:15.840585,Città della Scienza,77.1,1.5729216,10.059069,0.84151304,0.664746,EU EEA Common AQI,69.8,0.83093256,9.004965,7200,1.0428572,100,100,63.5,0.8342857,Very Low,68.7,0.8022978,100,1747089000,Very Low,0.6732104,1.5662177,Very Low,1.5956428,61.3,1.8857143,100,1747089000,1.0428572
2025-05-12T22:33:27Z,0,29.897,72.7,63,65.3,2,2,258,83,0.0,255,32767,0.0,2127-15-31,0.0,0.16,26.24,0.0,0.0,0.0,0,4.828125,6,45,05:48,20:12,2025-05-12 22:33:26.933595,Città della Scienza,77.1,1.5729216,10.059069,0.84151304,0.664746,EU EEA Common AQI,69.8,0.83093256,9.004965,7200,1.0428572,100,100,63.5,0.8342857,Very Low,68.7,0.8022978,100,1747089000,Very Low,0.6732104,1.5662177,Very Low,1.5956428,61.3,1.8857143,100,1747089000,1.0428572
2025-05-12T22:33:38Z,0,29.897,72.7,63,65.3,1,2,258,83,0.0,255,32767,0.0,2127-15-31,0.0,0.16,26.24,0.0,0.0,0.0,0,4.828125,6,45,05:48,20:12,2025-05-12 22:33:38.021593,Città della Scienza,77.1,1.5729216,10.059069,0.84151304,0.664746,EU EEA Common AQI,69.8,0.83093256,9.004965,7200,1.0428572,100,100,63.5,0.8342857,Very Low,68.7,0.8022978,100,1747089000,Very Low,0.6732104,1.5662177,Very Low,1.5956428,61.3,1.8857143,100,1747089000,1.0428572
2025-05-12T22:33:49Z,0,29.897,72.7,63,65.3,1,2,258,83,0.0,255,32767,0.0,2127-15-31,0.0,0.16,26.24,0.0,0.0,0.0,0,4.828125,6,45,05:48,20:12,2025-05-12 22:33:49.160603,Città della Scienza,77.1,1.5729216,10.059069,0.84151304,0.664746,EU EEA Common AQI,69.8,0.83093256,9.004965,7200,1.0428572,100,100,63.5,0.8342857,Very Low,68.7,0.8022978,100,1747089000,Very Low,0.6732104,1.5662177,Very Low,1.5956428,61.3,1.8857143,100,1747089000,1.0428572
2025-05-12T22:34:00Z,0,29.897,72.7,63,65.3,0,2,258,83,0.0,255,32767,0.0,2127-15-31,0.0,0.16,26.24,0.0,0.0,0.0,0,4.828125,6,45,05:48,20:12,2025-05-12 22:34:00.251605,Città della Scienza,77.1,1.5729216,10.059069,0.84151304,0.664746,EU EEA Common AQI,69.8,0.83093256,9.004965,7200,1.0428572,100,100,63.5,0.8342857,Very Low,68.7,0.8022978,100,1747089000,Very Low,0.6732104,1.5662177,Very Low,1.5956428,61.3,1.8857143,100,1747089000,1.0428572
2025-05-12T22:34:11Z,0,29.897,72.7,63,65.3,0,2,258,83,0.0,255,32767,0.0,2127-15-31,0.0,0.16,26.24,0.0,0.0,0.0,0,4.828125,6,45,05:48,20:12,2025-05-12 22:34:11.351592,Città della Scienza,77.1,1.5729216,10.059069,0.84151304,0.664746,EU EEA Common AQI,69.8,0.83093256,9.004965,7200,1.0428572,100,100,63.5,0.8342857,Very Low,68.7,0.8022978,100,1747089000,Very Low,0.6732104,1.5662177,Very Low,1.5956428,61.3,1.8857143,100,1747089000,1.0428572
2025-05-12T22:34:22Z,0,29.897,72.7,63,65.3,2,2,270,83,0.0,255,32767,0.0,2127-15-31,0.0,0.16,26.24,0.0,0.0,0.0,0,4.828125,6,45,05:48,20:12,2025-05-12 22:34:22.430624,Città della Scienza,77.1,1.5729216,10.059069,0.84151304,0.664746,EU EEA Common AQI,69.8,0.83093256,9.004965,7200,1.0428572,100,100,63.5,0.8342857,Very Low,68.7,0.8022978,100,1747089000,Very Low,0.6732104,1.5662177,Very Low,1.5956428,61.3,1.8857143,100,1747089000,1.0428572
2025-05-12T22:34:33Z,0,29.898,72.7,63,65.3,2,2,265,83,0.0,255,32767,0.0,2127-15-31,0.0,0.16,26.24,0.0,0.0,0.0,0,4.828125,6,45,05:48,20:12,2025-05-12 22:34:33.485587,Città della Scienza,77.1,1.5729216,10.059069,0.84151304,0.664746,EU EEA Common AQI,69.8,0.83093256,9.004965,7200,1.0428572,100,100,63.5,0.8342857,Very Low,68.7,0.8022978,100,1747089000,Very Low,0.6732104,1.5662177,Very Low,1.5956428,61.3,1.8857143,100,1747089000,1.0428572
2025-05-12T22:34:44Z,0,29.898,72.7,63,65.3,1,2,265,83,0.0,255,32767,0.0,2127-15-31,0.0,0.16,26.24,0.0,0.0,0.0,0,4.828125,6,45,05:48,20:12,2025-05-12 22:34:44.608563,Città della Scienza,77.1,1.5729216,10.059069,0.84151304,0.664746,EU EEA Common AQI,69.8,0.83093256,9.004965,7200,1.0428572,100,100,63.5,0.8342857,Very Low,68.7,0.8022978,100,1747089000,Very Low,0.6732104,1.5662177,Very Low,1.5956428,61.3,1.8857143,100,1747089000,1.0428572
2025-05-12T22:34:55Z,0,29.898,72.7,63,65.3,1,2,270,83,0.0,255,32767,0.0,2127-15-31,0.0,0.16,26.24,0.0,0.0,0.0,0,4.828125,6,45,05:48,20:12,2025-05-12 22:34:55.706591,Città della Scienza,77.1,1.5729216,10.059069,0.84151304,0.664746,EU EEA Common AQI,69.8,0.83093256,9.004965,7200,1.0428572,100,100,63.5,0.8342857,Very Low,68.7,0.8022978,100,1747089000,Very Low,0.6732104,1.5662177,Very Low,1.5956428,61.3,1.8857143,100,1747089000,1.0428572
2025-05-12T22:35:06Z,0,29.898,72.7,63,65.3,1,2,270,83,0.0,255,32767,0.0,2127-15-31,0.0,0.16,26.24,0.0,0.0,0.0,0,4.828125,6,45,05:48,20:12,2025-05-12 22:35:06.792601,Città della Scienza,77.1,1.5729216,10.059069,0.84151304,0.664746,EU EEA Common AQI,69.8,0.83093256,9.004965,7200,1.0428572,100,100,63.5,0.8342857,Very Low,68.7,0.8022978,100,1747089000,Very Low,0.6732104,1.5662177,Very Low,1.5956428,61.3,1.8857143,100,1747089000,1.0428572
2025-05-12T22:35:18Z,0,29.898,72.7,63,65.3,0,2,270,83,0.0,255,32767,0.0,2127-15-31,0.0,0.16,26.24,0.0,0.0,0.0,0,4.828125,6,45,05:48,20:12,2025-05-12 22:35:17.869611,Città della Scienza,77.1,1.5729216,10.059069,0.84151304,0.664746,EU EEA Common AQI,69.8,0.83093256,9.004965,7200,1.0428572,100,100,63.5,0.8342857,Very Low,68.7,0.8022978,100,1747089000,Very Low,0.6732104,1.5662177,Very Low,1.5956428,61.3,1.8857143,100,1747089000,1.0428572
2025-05-12T22:35:29Z,0,29.898,72.7,63,65.3,2,2,284,83,0.0,255,32767,0.0,2127-15-31,0.0,0.16,26.24,0.0,0.0,0.0,0,4.828125,6,45,05:48,20:12,2025-05-12 22:35:28.963598,Città della Scienza,77.1,1.5729216,10.059069,0.84151304,0.664746,EU EEA Common AQI,69.8,0.83093256,9.004965,7200,1.0428572,100,100,63.5,0.8342857,Very Low,68.7,0.8022978,100,1747089000,Very Low,0.6732104,1.5662177,Very Low,1.5956428,61.3,1.8857143,100,1747089000,1.0428572
2025-05-12T22:35:40Z,0,29.898,72.7,62,65.3,2,2,284,83,0.0,255,32767,0.0,2127-15-31,0.0,0.16,26.24,0.0,0.0,0.0,0,4.828125,6,45,05:48,20:12,2025-05-12 22:35:40.010595,Città della Scienza,77.1,1.5729216,10.059069,0.84151304,0.664746,EU EEA Common AQI,69.8,0.83093256,9.004965,7200,1.0428572,100,100,63.5,0.8342857,Very Low,68.7,0.8022978,100,1747089000,Very Low,0.6732104,1.5662177,Very Low,1.5956428,61.3,1.8857143,100,1747089000,1.0428572
2025-05-12T22:35:51Z,0,29.898,72.7,62,65.3,2,2,288,83,0.0,255,32767,0.0,2127-15-31,0.0,0.16,26.24,0.0,0.0,0.0,0,4.828125,6,45,05:48,20:12,2025-05-12 22:35:51.084590,Città della Scienza,77.1,1.5729216,10.059069,0.84151304,0.664746,EU EEA Common AQI,69.8,0.83093256,9.004965,7200,1.0428572,100,100,63.5,0.8342857,Very Low,68.7,0.8022978,100,1747089000,Very Low,0.6732104,1.5662177,Very Low,1.5956428,61.3,1.8857143,100,1747089000,1.0428572
2025-05-12T22:36:02Z,0,29.898,72.7,62,65.3,1,2,289,83,0.0,255,32767,0.0,2127-15-31,0.0,0.16,26.24,0.0,0.0,0.0,0,4.828125,6,45,05:48,20:12,2025-05-12 22:36:02.184589,Città della Scienza,77.1,1.5729216,10.059069,0.84151304,0.664746,EU EEA Common AQI,69.8,0.83093256,9.004965,7200,1.0428572,100,100,63.5,0.8342857,Very Low,68.7,0.8022978,100,1747089000,Very Low,0.6732104,1.5662177,Very Low,1.5956428,61.3,1.8857143,100,1747089000,1.0428572
2025-05-12T22:36:13Z,0,29.898,72.7,62,65.3,1,2,289,83,0.0,255,32767,0.0,2127-15-31,0.0,0.16,26.24,0.0,0.0,0.0,0,4.828125,6,45,05:48,20:12,2025-05-12 22:36:13.313592,Città della Scienza,77.1,1.5729216,10.059069,0.84151304,0.664746,EU EEA Common AQI,69.8,0.83093256,9.004965,7200,1.0428572,100,100,63.5,0.8342857,Very Low,68.7,0.8022978,100,1747089000,Very Low,0.6732104,1.5662177,Very Low,1.5956428,61.3,1.8857143,100,1747089000,1.0428572
2025-05-12T22:36:24Z,0,29.898,72.7,62,65.2,0,2,289,83,0.0,255,32767,0.0,2127-15-31,0.0,0.16,26.24,0.0,0.0,0.0,0,4.828125,6,45,05:48,20:12,2025-05-12 22:36:24.404591,Città della Scienza,77.1,1.5729216,10.059069,0.84151304,0.664746,EU EEA Common AQI,69.8,0.83093256,9.004965,7200,1.0428572,100,100,63.5,0.8342857,Very Low,68.7,0.8022978,100,1747089000,Very Low,0.6732104,1.5662177,Very Low,1.5956428,61.3,1.8857143,100,1747089000,1.0428572
2025-05-12T22:36:35Z,0,29.896,72.7,62,65.3,0,2,289,83,0.0,255,32767,0.0,2127-15-31,0.0,0.16,26.24,0.0,0.0,0.0,0,4.828125,6,45,05:48,20:12,2025-05-12 22:36:35.505586,Città della Scienza,77.1,1.5729216,10.059069,0.84151304,0.664746,EU EEA Common AQI,69.8,0.83093256,9.004965,7200,1.0428572,100,100,63.5,0.8342857,Very Low,68.7,0.8022978,100,1747089000,Very Low,0.6732104,1.5662177,Very Low,1.5956428,61.3,1.8857143,100,1747089000,1.0428572
2025-05-12T22:36:46Z,0,29.896,72.7,62,65.2,0,2,289,83,0.0,255,32767,0.0,2127-15-31,0.0,0.16,26.24,0.0,0.0,0.0,0,4.828125,6,45,05:48,20:12,2025-05-12 22:36:46.633631,Città della Scienza,77.1,1.5729216,10.059069,0.84151304,0.664746,EU EEA Common AQI,69.8,0.83093256,9.004965,7200,1.0428572,100,100,63.5,0.8342857,Very Low,68.7,0.8022978,100,1747089000,Very Low,0.6732104,1.5662177,Very Low,1.5956428,61.3,1.8857143,100,1747089000,1.0428572
2025-05-12T22:36:57Z,0,29.896,72.7,62,65.2,1,2,289,83,0.0,255,32767,0.0,2127-15-31,0.0,0.16,26.24,0.0,0.0,0.0,0,4.828125,6,45,05:48,20:12,2025-05-12 22:36:57.722590,Città della Scienza,77.1,1.5729216,10.059069,0.84151304,0.664746,EU EEA Common AQI,69.8,0.83093256,9.004965,7200,1.0428572,100,100,63.5,0.8342857,Very Low,68.7,0.8022978,100,1747089000,Very Low,0.6732104,1.5662177,Very Low,1.5956428,61.3,1.8857143,100,1747089000,1.0428572
2025-05-12T22:37:08Z,0,29.896,72.7,62,65.2,2,2,289,83,0.0,255,32767,0.0,2127-15-31,0.0,0.16,26.24,0.0,0.0,0.0,0,4.828125,6,45,05:48,20:12,2025-05-12 22:37:08.778585,Città della Scienza,77.1,1.5729216,10.059069,0.84151304,0.664746,EU EEA Common AQI,69.8,0.83093256,9.004965,7200,1.0428572,100,100,63.5,0.8342857,Very Low,68.7,0.8022978,100,1747089000,Very Low,0.6732104,1.5662177,Very Low,1.5956428,61.3,1.8857143,100,1747089000,1.0428572
2025-05-12T22:37:20Z,0,29.896,72.7,62,65.2,3,2,273,83,0.0,255,32767,0.0,2127-15-31,0.0,0.16,26.24,0.0,0.0,0.0,0,4.828125,6,45,05:48,20:12,2025-05-12 22:37:19.897600,Città della Scienza,77.1,1.5729216,10.059069,0.84151304,0.664746,EU EEA Common AQI,69.8,0.83093256,9.004965,7200,1.0428572,100,100,63.5,0.8342857,Very Low,68.7,0.8022978,100,1747089000,Very Low,0.6732104,1.5662177,Very Low,1.5956428,61.3,1.8857143,100,1747089000,1.0428572
2025-05-12T22:37:31Z,0,29.896,72.8,62,65.2,2,1,273,83,0.0,255,32767,0.0,2127-15-31,0.0,0.16,26.24,0.0,0.0,0.0,0,4.828125,6,45,05:48,20:12,2025-05-12 22:37:31.186590,Città della Scienza,77.1,1.5729216,10.059069,0.84151304,0.664746,EU EEA Common AQI,69.8,0.83093256,9.004965,7200,1.0428572,100,100,63.5,0.8342857,Very Low,68.7,0.8022978,100,1747089000,Very Low,0.6732104,1.5662177,Very Low,1.5956428,61.3,1.8857143,100,1747089000,1.0428572
2025-05-12T22:37:42Z,0,29.895,72.8,62,65.2,2,1,289,83,0.0,255,32767,0.0,2127-15-31,0.0,0.16,26.24,0.0,0.0,0.0,0,4.828125,6,45,05:48,20:12,2025-05-12 22:37:42.310592,Città della Scienza,77.1,1.5729216,10.059069,0.84151304,0.664746,EU EEA Common AQI,69.8,0.83093256,9.004965,7200,1.0428572,100,100,63.5,0.8342857,Very Low,68.7,0.8022978,100,1747089000,Very Low,0.6732104,1.5662177,Very Low,1.5956428,61.3,1.8857143,100,1747089000,1.0428572
2025-05-12T22:37:53Z,0,29.895,72.8,62,65.2,2,1,288,83,0.0,255,32767,0.0,2127-15-31,0.0,0.16,26.24,0.0,0.0,0.0,0,4.828125,6,45,05:48,20:12,2025-05-12 22:37:53.414620,Città della Scienza,77.1,1.5729216,10.059069,0.84151304,0.664746,EU EEA Common AQI,69.8,0.83093256,9.004965,7200,1.0428572,100,100,63.5,0.8342857,Very Low,68.7,0.8022978,100,1747089000,Very Low,0.6732104,1.5662177,Very Low,1.5956428,61.3,1.8857143,100,1747089000,1.0428572
2025-05-12T22:38:04Z,0,29.895,72.8,62,65.2,1,1,290,83,0.0,255,32767,0.0,2127-15-31,0.0,0.16,26.24,0.0,0.0,0.0,0,4.828125,6,45,05:48,20:12,2025-05-12 22:38:04.481591,Città della Scienza,77.1,1.5729216,10.059069,0.84151304,0.664746,EU EEA Common AQI,69.8,0.83093256,9.004965,7200,1.0428572,100,100,63.5,0.8342857,Very Low,68.7,0.8022978,100,1747089000,Very Low,0.6732104,1.5662177,Very Low,1.5956428,61.3,1.8857143,100,1747089000,1.0428572
2025-05-12T22:38:15Z,0,29.895,72.8,62,65.2,5,1,296,83,0.0,255,32767,0.0,2127-15-31,0.0,0.16,26.24,0.0,0.0,0.0,0,4.828125,6,45,05:48,20:12,2025-05-12 22:38:15.553592,Città della Scienza,77.1,1.5729216,10.059069,0.84151304,0.664746,EU EEA Common AQI,69.8,0.83093256,9.004965,7200,1.0428572,100,100,63.5,0.8342857,Very Low,68.7,0.8022978,100,1747089000,Very Low,0.6732104,1.5662177,Very Low,1.5956428,61.3,1.8857143,100,1747089000,1.0428572
2025-05-12T22:38:26Z,0,29.895,72.8,62,65.1,5,1,300,83,0.0,255,32767,0.0,2127-15-31,0.0,0.16,26.24,0.0,0.0,0.0,0,4.828125,6,45,05:48,20:12,2025-05-12 22:38:26.691593,Città della Scienza,77.1,1.5729216,10.059069,0.84151304,0.664746,EU EEA Common AQI,69.8,0.83093256,9.004965,7200,1.0428572,100,100,63.5,0.8342857,Very Low,68.7,0.8022978,100,1747089000,Very Low,0.6732104,1.5662177,Very Low,1.5956428,61.3,1.8857143,100,1747089000,1.0428572
2025-05-12T22:38:37Z,0,29.895,72.8,62,65.1,3,1,296,83,0.0,255,32767,0.0,2127-15-31,0.0,0.16,26.24,0.0,0.0,0.0,0,4.828125,6,45,05:48,20:12,2025-05-12 22:38:37.796598,Città della Scienza,77.1,1.5729216,10.059069,0.84151304,0.664746,EU EEA Common AQI,69.8,0.83093256,9.004965,7200,1.0428572,100,100,63.5,0.8342857,Very Low,68.7,0.8022978,100,1747089000,Very Low,0.6732104,1.5662177,Very Low,1.5956428,61.3,1.8857143,100,1747089000,1.0428572
2025-05-12T22:38:49Z,0,29.895,72.8,62,65.1,4,1,288,83,0.0,255,32767,0.0,2127-15-31,0.0,0.16,26.24,0.0,0.0,0.0,0,4.828125,6,45,05:48,20:12,2025-05-12 22:38:48.852561,Città della Scienza,77.1,1.5729216,10.059069,0.84151304,0.664746,EU EEA Common AQI,69.8,0.83093256,9.004965,7200,1.0428572,100,100,63.5,0.8342857,Very Low,68.7,0.8022978,100,1747089000,Very Low,0.6732104,1.5662177,Very Low,1.5956428,61.3,1.8857143,100,1747089000,1.0428572
2025-05-12T22:39:00Z,0,29.895,72.8,62,65.1,4,1,296,83,0.0,255,32767,0.0,2127-15-31,0.0,0.16,26.24,0.0,0.0,0.0,0,4.828125,6,45,05:48,20:12,2025-05-12 22:38:59.909613,Città della Scienza,77.1,1.5729216,10.059069,0.84151304,0.664746,EU EEA Common AQI,69.8,0.83093256,9.004965,7200,1.0428572,100,100,63.5,0.8342857,Very Low,68.7,0.8022978,100,1747089000,Very Low,0.6732104,1.5662177,Very Low,1.5956428,61.3,1.8857143,100,1747089000,1.0428572
2025-05-12T22:39:11Z,0,29.895,72.8,62,65.1,3,1,296,83,0.0,255,32767,0.0,2127-15-31,0.0,0.16,26.24,0.0,0.0,0.0,0,4.828125,6,45,05:48,20:12,2025-05-12 22:39:11.014595,Città della Scienza,77.1,1.5729216,10.059069,0.84151304,0.664746,EU EEA Common AQI,69.8,0.83093256,9.004965,7200,1.0428572,100,100,63.5,0.8342857,Very Low,68.7,0.8022978,100,1747089000,Very Low,0.6732104,1.5662177,Very Low,1.5956428,61.3,1.8857143,100,1747089000,1.0428572
2025-05-12T22:39:22Z,0,29.895,72.8,62,65.1,2,1,296,83,0.0,255,32767,0.0,2127-15-31,0.0,0.16,26.24,0.0,0.0,0.0,0,4.828125,6,45,05:48,20:12,2025-05-12 22:39:22.098555,Città della Scienza,77.1,1.5729216,10.059069,0.84151304,0.664746,EU EEA Common AQI,69.8,0.83093256,9.004965,7200,1.0428572,100,100,63.5,0.8342857,Very Low,68.7,0.8022978,100,1747089000,Very Low,0.6732104,1.5662177,Very Low,1.5956428,61.3,1.8857143,100,1747089000,1.0428572
2025-05-12T22:39:33Z,0,29.897,72.8,62,65.1,3,1,285,83,0.0,255,32767,0.0,2127-15-31,0.0,0.16,26.24,0.0,0.0,0.0,0,4.828125,6,45,05:48,20:12,2025-05-12 22:39:33.197593,Città della Scienza,77.1,1.5729216,10.059069,0.84151304,0.664746,EU EEA Common AQI,69.8,0.83093256,9.004965,7200,1.0428572,100,100,63.5,0.8342857,Very Low,68.7,0.8022978,100,1747089000,Very Low,0.6732104,1.5662177,Very Low,1.5956428,61.3,1.8857143,100,1747089000,1.0428572
2025-05-12T22:39:44Z,0,29.897,72.8,62,65.1,2,1,292,83,0.0,255,32767,0.0,2127-15-31,0.0,0.16,26.24,0.0,0.0,0.0,0,4.828125,6,45,05:48,20:12,2025-05-12 22:39:44.231592,Città della Scienza,77.1,1.5729216,10.059069,0.84151304,0.664746,EU EEA Common AQI,69.8,0.83093256,9.004965,7200,1.0428572,100,100,63.5,0.8342857,Very Low,68.7,0.8022978,100,1747089000,Very Low,0.6732104,1.5662177,Very Low,1.5956428,61.3,1.8857143,100,1747089000,1.0428572
2025-05-12T22:39:55Z,0,29.897,72.8,62,65.1,2,1,307,83,0.0,255,32767,0.0,2127-15-31,0.0,0.16,26.24,0.0,0.0,0.0,0,4.828125,6,45,05:48,20:12,2025-05-12 22:39:55.325588,Città della Scienza,77.1,1.5729216,10.059069,0.84151304,0.664746,EU EEA Common AQI,69.8,0.83093256,9.004965,7200,1.0428572,100,100,63.5,0.8342857,Very Low,68.7,0.8022978,100,1747089000,Very Low,0.6732104,1.5662177,Very Low,1.5956428,61.3,1.8857143,100,1747089000,1.0428572
2025-05-12T22:40:06Z,0,29.897,72.8,62,65.1,3,1,260,83,0.0,255,32767,0.0,2127-15-31,0.0,0.16,26.24,0.0,0.0,0.0,0,4.828125,6,45,05:48,20:12,2025-05-12 22:40:06.468591,Città della Scienza,77.1,1.5729216,10.059069,0.84151304,0.664746,EU EEA Common AQI,69.8,0.83093256,9.004965,7200,1.0428572,100,100,63.5,0.8342857,Very Low,68.7,0.8022978,100,1747089000,Very Low,0.6732104,1.5662177,Very Low,1.5956428,61.3,1.8857143,100,1747089000,1.0428572
2025-05-12T22:40:17Z,0,29.897,72.8,62,65.1,4,1,275,83,0.0,255,32767,0.0,2127-15-31,0.0,0.16,26.24,0.0,0.0,0.0,0,4.828125,6,45,05:48,20:12,2025-05-12 22:40:17.584596,Città della Scienza,77.1,1.5729216,10.059069,0.84151304,0.664746,EU EEA Common AQI,69.8,0.83093256,9.004965,7200,1.0428572,100,100,63.5,0.8342857,Very Low,68.7,0.8022978,100,1747089000,Very Low,0.6732104,1.5662177,Very Low,1.5956428,61.3,1.8857143,100,1747089000,1.0428572
2025-05-12T22:40:28Z,0,29.897,72.8,62,65.1,3,1,254,83,0.0,255,32767,0.0,2127-15-31,0.0,0.16,26.24,0.0,0.0,0.0,0,4.828125,6,45,05:48,20:12,2025-05-12 22:40:28.644596,Città della Scienza,77.1,1.5729216,10.059069,0.84151304,0.664746,EU EEA Common AQI,69.8,0.83093256,9.004965,7200,1.0428572,100,100,63.5,0.8342857,Very Low,68.7,0.8022978,100,1747089000,Very Low,0.6732104,1.5662177,Very Low,1.5956428,61.3,1.8857143,100,1747089000,1.0428572
2025-05-12T22:40:39Z,0,29.894,72.8,62,65.1,1,2,252,83,0.0,255,32767,0.0,2127-15-31,0.0,0.16,26.24,0.0,0.0,0.0,0,4.828125,6,45,05:48,20:12,2025-05-12 22:40:39.714589,Città della Scienza,77.1,1.5729216,10.059069,0.84151304,0.664746,EU EEA Common AQI,69.8,0.83093256,9.004965,7200,1.0428572,100,100,63.5,0.8342857,Very Low,68.7,0.8022978,100,1747089000,Very Low,0.6732104,1.5662177,Very Low,1.5956428,61.3,1.8857143,100,1747089000,1.0428572
2025-05-12T22:40:51Z,0,29.894,72.8,62,65.1,3,2,292,83,0.0,255,32767,0.0,2127-15-31,0.0,0.16,26.24,0.0,0.0,0.0,0,4.828125,6,45,05:48,20:12,2025-05-12 22:40:50.846592,Città della Scienza,77.1,1.5729216,10.059069,0.84151304,0.664746,EU EEA Common AQI,69.8,0.83093256,9.004965,7200,1.0428572,100,100,63.5,0.8342857,Very Low,68.7,0.8022978,100,1747089000,Very Low,0.6732104,1.5662177,Very Low,1.5956428,61.3,1.8857143,100,1747089000,1.0428572
2025-05-12T22:41:02Z,0,29.894,72.8,62,65.1,2,2,288,83,0.0,255,32767,0.0,2127-15-31,0.0,0.16,26.24,0.0,0.0,0.0,0,4.828125,6,45,05:48,20:12,2025-05-12 22:41:01.925597,Città della Scienza,77.1,1.5729216,10.059069,0.84151304,0.664746,EU EEA Common AQI,69.8,0.83093256,9.004965,7200,1.0428572,100,100,63.5,0.8342857,Very Low,68.7,0.8022978,100,1747089000,Very Low,0.6732104,1.5662177,Very Low,1.5956428,61.3,1.8857143,100,1747089000,1.0428572
2025-05-12T22:41:13Z,0,29.894,72.8,62,65.1,3,2,281,83,0.0,255,32767,0.0,2127-15-31,0.0,0.16,26.24,0.0,0.0,0.0,0,4.828125,6,45,05:48,20:12,2025-05-12 22:41:13.044591,Città della Scienza,77.1,1.5729216,10.059069,0.84151304,0.664746,EU EEA Common AQI,69.8,0.83093256,9.004965,7200,1.0428572,100,100,63.5,0.8342857,Very Low,68.7,0.8022978,100,1747089000,Very Low,0.6732104,1.5662177,Very Low,1.5956428,61.3,1.8857143,100,1747089000,1.0428572
2025-05-12T22:41:24Z,0,29.894,72.8,62,65.1,2,2,279,83,0.0,255,32767,0.0,2127-15-31,0.0,0.16,26.24,0.0,0.0,0.0,0,4.828125,6,45,05:48,20:12,2025-05-12 22:41:24.108595,Città della Scienza,77.1,1.5729216,10.059069,0.84151304,0.664746,EU EEA Common AQI,69.8,0.83093256,9.004965,7200,1.0428572,100,100,63.5,0.8342857,Very Low,68.7,0.8022978,100,1747089000,Very Low,0.6732104,1.5662177,Very Low,1.5956428,61.3,1.8857143,100,1747089000,1.0428572
2025-05-12T22:41:35Z,0,29.893,72.8,62,65.0,1,2,279,83,0.0,255,32767,0.0,2127-15-31,0.0,0.16,26.24,0.0,0.0,0.0,0,4.828125,6,45,05:48,20:12,2025-05-12 22:41:35.194590,Città della Scienza,77.1,1.5729216,10.059069,0.84151304,0.664746,EU EEA Common AQI,69.8,0.83093256,9.004965,7200,1.0428572,100,100,63.5,0.8342857,Very Low,68.7,0.8022978,100,1747089000,Very Low,0.6732104,1.5662177,Very Low,1.5956428,61.3,1.8857143,100,1747089000,1.0428572
2025-05-12T22:41:46Z,0,29.893,72.8,62,65.1,1,2,279,83,0.0,255,32767,0.0,2127-15-31,0.0,0.16,26.24,0.0,0.0,0.0,0,4.828125,6,45,05:48,20:12,2025-05-12 22:41:46.288595,Città della Scienza,77.1,1.5729216,10.059069,0.84151304,0.664746,EU EEA Common AQI,69.8,0.83093256,9.004965,7200,1.0428572,100,100,63.5,0.8342857,Very Low,68.7,0.8022978,100,1747089000,Very Low,0.6732104,1.5662177,Very Low,1.5956428,61.3,1.8857143,100,1747089000,1.0428572
2025-05-12T22:41:57Z,0,29.893,72.8,62,65.1,1,2,279,83,0.0,255,32767,0.0,2127-15-31,0.0,0.16,26.24,0.0,0.0,0.0,0,4.828125,6,45,05:48,20:12,2025-05-12 22:41:57.356586,Città della Scienza,77.1,1.5729216,10.059069,0.84151304,0.664746,EU EEA Common AQI,69.8,0.83093256,9.004965,7200,1.0428572,100,100,63.5,0.8342857,Very Low,68.7,0.8022978,100,1747089000,Very Low,0.6732104,1.5662177,Very Low,1.5956428,61.3,1.8857143,100,1747089000,1.0428572
2025-05-12T22:42:08Z,0,29.893,72.8,62,65.1,3,2,286,83,0.0,255,32767,0.0,2127-15-31,0.0,0.16,26.24,0.0,0.0,0.0,0,4.828125,6,45,05:48,20:12,2025-05-12 22:42:08.428590,Città della Scienza,77.1,1.5729216,10.059069,0.84151304,0.664746,EU EEA Common AQI,69.8,0.83093256,9.004965,7200,1.0428572,100,100,63.5,0.8342857,Very Low,68.7,0.8022978,100,1747089000,Very Low,0.6732104,1.5662177,Very Low,1.5956428,61.3,1.8857143,100,1747089000,1.0428572
2025-05-12T22:42:19Z,0,29.893,72.8,62,65.1,2,2,302,83,0.0,255,32767,0.0,2127-15-31,0.0,0.16,26.24,0.0,0.0,0.0,0,4.828125,6,45,05:48,20:12,2025-05-12 22:42:19.487594,Città della Scienza,77.1,1.5729216,10.059069,0.84151304,0.664746,EU EEA Common AQI,69.8,0.83093256,9.004965,7200,1.0428572,100,100,63.5,0.8342857,Very Low,68.7,0.8022978,100,1747089000,Very Low,0.6732104,1.5662177,Very Low,1.5956428,61.3,1.8857143,100,1747089000,1.0428572
2025-05-12T22:42:30Z,0,29.893,72.8,62,65.1,2,2,302,83,0.0,255,32767,0.0,2127-15-31,0.0,0.16,26.24,0.0,0.0,0.0,0,4.828125,6,45,05:48,20:12,2025-05-12 22:42:30.562597,Città della Scienza,77.1,1.5729216,10.059069,0.84151304,0.664746,EU EEA Common AQI,69.8,0.83093256,9.004965,7200,1.0428572,100,100,63.5,0.8342857,Very Low,68.7,0.8022978,100,1747089000,Very Low,0.6732104,1.5662177,Very Low,1.5956428,61.3,1.8857143,100,1747089000,1.0428572
2025-05-12T22:42:41Z,0,29.894,72.8,62,65.0,1,2,286,83,0.0,255,32767,0.0,2127-15-31,0.0,0.16,26.24,0.0,0.0,0.0,0,4.828125,6,45,05:48,20:12,2025-05-12 22:42:41.634595,Città della Scienza,77.1,1.5729216,10.059069,0.84151304,0.664746,EU EEA Common AQI,69.8,0.83093256,9.004965,7200,1.0428572,100,100,63.5,0.8342857,Very Low,68.7,0.8022978,100,1747089000,Very Low,0.6732104,1.5662177,Very Low,1.5956428,61.3,1.8857143,100,1747089000,1.0428572
2025-05-12T22:42:52Z,0,29.894,72.8,62,65.0,1,2,286,83,0.0,255,32767,0.0,2127-15-31,0.0,0.16,26.24,0.0,0.0,0.0,0,4.828125,6,45,05:48,20:12,2025-05-12 22:42:52.711588,Città della Scienza,77.1,1.5729216,10.059069,0.84151304,0.664746,EU EEA Common AQI,69.8,0.83093256,9.004965,7200,1.0428572,100,100,63.5,0.8342857,Very Low,68.7,0.8022978,100,1747089000,Very Low,0.6732104,1.5662177,Very Low,1.5956428,61.3,1.8857143,100,1747089000,1.0428572
2025-05-12T22:43:04Z,0,29.894,72.8,62,65.0,0,2,286,83,0.0,255,32767,0.0,2127-15-31,0.0,0.16,26.24,0.0,0.0,0.0,0,4.828125,6,45,05:48,20:12,2025-05-12 22:43:03.820594,Città della Scienza,77.1,1.5729216,10.059069,0.84151304,0.664746,EU EEA Common AQI,69.8,0.83093256,9.004965,7200,1.0428572,100,100,63.5,0.8342857,Very Low,68.7,0.8022978,100,1747089000,Very Low,0.6732104,1.5662177,Very Low,1.5956428,61.3,1.8857143,100,1747089000,1.0428572
2025-05-12T22:43:15Z,0,29.894,72.8,62,65.0,1,2,286,83,0.0,255,32767,0.0,2127-15-31,0.0,0.16,26.24,0.0,0.0,0.0,0,4.828125,6,45,05:48,20:12,2025-05-12 22:43:14.899594,Città della Scienza,77.1,1.5729216,10.059069,0.84151304,0.664746,EU EEA Common AQI,69.8,0.83093256,9.004965,7200,1.0428572,100,100,63.5,0.8342857,Very Low,68.7,0.8022978,100,1747089000,Very Low,0.6732104,1.5662177,Very Low,1.5956428,61.3,1.8857143,100,1747089000,1.0428572
2025-05-12T22:43:26Z,0,29.894,72.8,62,65.0,2,2,286,83,0.0,255,32767,0.0,2127-15-31,0.0,0.16,26.24,0.0,0.0,0.0,0,4.828125,6,45,05:48,20:12,2025-05-12 22:43:26.130599,Città della Scienza,77.1,1.5729216,10.059069,0.84151304,0.664746,EU EEA Common AQI,69.8,0.83093256,9.004965,7200,1.0428572,100,100,63.5,0.8342857,Very Low,68.7,0.8022978,100,1747089000,Very Low,0.6732104,1.5662177,Very Low,1.5956428,61.3,1.8857143,100,1747089000,1.0428572
2025-05-12T22:43:37Z,0,29.894,72.9,62,65.0,7,2,294,83,0.0,255,32767,0.0,2127-15-31,0.0,0.16,26.24,0.0,0.0,0.0,0,4.828125,6,45,05:48,20:12,2025-05-12 22:43:37.248606,Città della Scienza,77.1,1.5729216,10.059069,0.84151304,0.664746,EU EEA Common AQI,69.8,0.83093256,9.004965,7200,1.0428572,100,100,63.5,0.8342857,Very Low,68.7,0.8022978,100,1747089000,Very Low,0.6732104,1.5662177,Very Low,1.5956428,61.3,1.8857143,100,1747089000,1.0428572
2025-05-12T22:43:48Z,0,29.894,72.9,62,65.0,4,2,305,83,0.0,255,32767,0.0,2127-15-31,0.0,0.16,26.24,0.0,0.0,0.0,0,4.828125,6,45,05:48,20:12,2025-05-12 22:43:48.311591,Città della Scienza,77.1,1.5729216,10.059069,0.84151304,0.664746,EU EEA Common AQI,69.8,0.83093256,9.004965,7200,1.0428572,100,100,63.5,0.8342857,Very Low,68.7,0.8022978,100,1747089000,Very Low,0.6732104,1.5662177,Very Low,1.5956428,61.3,1.8857143,100,1747089000,1.0428572
2025-05-12T22:44:13Z,0,29.894,72.9,62,65.0,3,2,244,83,0.0,255,32767,0.0,2127-15-31,0.0,0.16,26.24,0.0,0.0,0.0,0,4.828125,6,45,05:48,20:12,2025-05-12 22:44:12.940589,Città della Scienza,77.1,1.5729216,10.059069,0.84151304,0.664746,EU EEA Common AQI,69.8,0.83093256,9.004965,7200,1.0428572,100,100,63.5,0.8342857,Very Low,68.7,0.8022978,100,1747089000,Very Low,0.6732104,1.5662177,Very Low,1.5956428,61.3,1.8857143,100,1747089000,1.0428572
2025-05-12T22:44:24Z,0,29.894,72.9,62,65.0,3,2,198,83,0.0,255,32767,0.0,2127-15-31,0.0,0.16,26.24,0.0,0.0,0.0,0,4.828125,6,45,05:48,20:12,2025-05-12 22:44:24.016592,Città della Scienza,77.1,1.5729216,10.059069,0.84151304,0.664746,EU EEA Common AQI,69.8,0.83093256,9.004965,7200,1.0428572,100,100,63.5,0.8342857,Very Low,68.7,0.8022978,100,1747089000,Very Low,0.6732104,1.5662177,Very Low,1.5956428,61.3,1.8857143,100,1747089000,1.0428572
2025-05-12T22:44:35Z,0,29.894,72.9,62,65.0,1,2,198,83,0.0,255,32767,0.0,2127-15-31,0.0,0.16,26.24,0.0,0.0,0.0,0,4.828125,6,45,05:48,20:12,2025-05-12 22:44:35.104582,Città della Scienza,77.1,1.5729216,10.059069,0.84151304,0.664746,EU EEA Common AQI,69.8,0.83093256,9.004965,7200,1.0428572,100,100,63.5,0.8342857,Very Low,68.7,0.8022978,100,1747089000,Very Low,0.6732104,1.5662177,Very Low,1.5956428,61.3,1.8857143,100,1747089000,1.0428572
2025-05-12T22:44:46Z,0,29.894,72.9,62,65.0,1,2,246,83,0.0,255,32767,0.0,2127-15-31,0.0,0.16,26.24,0.0,0.0,0.0,0,4.828125,6,45,05:48,20:12,2025-05-12 22:44:46.169596,Città della Scienza,77.1,1.5729216,10.059069,0.84151304,0.664746,EU EEA Common AQI,69.8,0.83093256,9.004965,7200,1.0428572,100,100,63.5,0.8342857,Very Low,68.7,0.8022978,100,1747089000,Very Low,0.6732104,1.5662177,Very Low,1.5956428,61.3,1.8857143,100,1747089000,1.0428572
2025-05-12T22:44:57Z,0,29.894,72.9,62,65.0,2,2,248,83,0.0,255,32767,0.0,2127-15-31,0.0,0.16,26.24,0.0,0.0,0.0,0,4.828125,6,45,05:48,20:12,2025-05-12 22:44:57.224590,Città della Scienza,77.1,1.5729216,10.059069,0.84151304,0.664746,EU EEA Common AQI,69.8,0.83093256,9.004965,7200,1.0428572,100,100,63.5,0.8342857,Very Low,68.7,0.8022978,100,1747089000,Very Low,0.6732104,1.5662177,Very Low,1.5956428,61.3,1.8857143,100,1747089000,1.0428572
2025-05-12T22:45:08Z,0,29.894,72.9,62,65.0,3,2,263,83,0.0,255,32767,0.0,2127-15-31,0.0,0.16,26.24,0.0,0.0,0.0,0,4.828125,6,45,05:48,20:12,2025-05-12 22:45:08.310595,Città della Scienza,77.1,1.5729216,10.059069,0.84151304,0.664746,EU EEA Common AQI,69.8,0.83093256,9.004965,7200,1.0428572,100,100,63.5,0.8342857,Very Low,68.7,0.8022978,100,1747089000,Very Low,0.6732104,1.5662177,Very Low,1.5956428,61.3,1.8857143,100,1747089000,1.0428572
2025-05-12T22:45:19Z,0,29.894,72.9,62,65.0,2,2,263,83,0.0,255,32767,0.0,2127-15-31,0.0,0.16,26.24,0.0,0.0,0.0,0,4.828125,6,45,05:48,20:12,2025-05-12 22:45:19.389598,Città della Scienza,77.1,1.5729216,10.059069,0.84151304,0.664746,EU EEA Common AQI,69.8,0.83093256,9.004965,7200,1.0428572,100,100,63.5,0.8342857,Very Low,68.7,0.8022978,100,1747089000,Very Low,0.6732104,1.5662177,Very Low,1.5956428,61.3,1.8857143,100,1747089000,1.0428572
2025-05-12T22:45:30Z,0,29.894,72.9,62,65.0,2,2,265,83,0.0,255,32767,0.0,2127-15-31,0.0,0.16,26.24,0.0,0.0,0.0,0,4.828125,6,45,05:48,20:12,2025-05-12 22:45:30.440593,Città della Scienza,75.3,1.5807403,9.96163,0.893943,0.6882707,EU EEA Common AQI,69.5,0.86033845,8.91319,7200,1.6142857,100,100,63.0,1.4514285,Very Low,68.7,0.81633955,100,1747089900,Very Low,0.7151544,1.611044,Very Low,1.6973904,60.5,2.2428572,100,1747089900,1.8142858
2025-05-12T22:45:41Z,0,29.895,72.9,62,65.0,2,2,265,83,0.0,255,32767,0.0,2127-15-31,0.0,0.16,26.24,0.0,0.0,0.0,0,4.828125,6,45,05:48,20:12,2025-05-12 22:45:41.531553,Città della Scienza,75.3,1.5807403,9.96163,0.893943,0.6882707,EU EEA Common AQI,69.5,0.86033845,8.91319,7200,1.6142857,100,100,63.0,1.4514285,Very Low,68.7,0.81633955,100,1747089900,Very Low,0.7151544,1.611044,Very Low,1.6973904,60.5,2.2428572,100,1747089900,1.8142858
2025-05-12T22:45:52Z,0,29.895,72.9,62,65.0,2,2,265,83,0.0,255,32767,0.0,2127-15-31,0.0,0.16,26.24,0.0,0.0,0.0,0,4.828125,6,45,05:48,20:12,2025-05-12 22:45:52.598590,Città della Scienza,75.3,1.5807403,9.96163,0.893943,0.6882707,EU EEA Common AQI,69.5,0.86033845,8.91319,7200,1.6142857,100,100,63.0,1.4514285,Very Low,68.7,0.81633955,100,1747089900,Very Low,0.7151544,1.611044,Very Low,1.6973904,60.5,2.2428572,100,1747089900,1.8142858
2025-05-12T22:46:03Z,0,29.895,72.9,62,64.9,1,2,265,83,0.0,255,32767,0.0,2127-15-31,0.0,0.16,26.24,0.0,0.0,0.0,0,4.828125,6,45,05:48,20:12,2025-05-12 22:46:03.685596,Città della Scienza,75.3,1.5807403,9.96163,0.893943,0.6882707,EU EEA Common AQI,69.5,0.86033845,8.91319,7200,1.6142857,100,100,63.0,1.4514285,Very Low,68.7,0.81633955,100,1747089900,Very Low,0.7151544,1.611044,Very Low,1.6973904,60.5,2.2428572,100,1747089900,1.8142858
2025-05-12T22:46:14Z,0,29.895,72.9,62,64.9,0,2,265,83,0.0,255,32767,0.0,2127-15-31,0.0,0.16,26.24,0.0,0.0,0.0,0,4.828125,6,45,05:48,20:12,2025-05-12 22:46:14.763589,Città della Scienza,75.3,1.5807403,9.96163,0.893943,0.6882707,EU EEA Common AQI,69.5,0.86033845,8.91319,7200,1.6142857,100,100,63.0,1.4514285,Very Low,68.7,0.81633955,100,1747089900,Very Low,0.7151544,1.611044,Very Low,1.6973904,60.5,2.2428572,100,1747089900,1.8142858
2025-05-12T22:46:26Z,0,29.895,72.9,62,65.0,0,2,265,83,0.0,255,32767,0.0,2127-15-31,0.0,0.16,26.24,0.0,0.0,0.0,0,4.828125,6,45,05:48,20:12,2025-05-12 22:46:25.821551,Città della Scienza,75.3,1.5807403,9.96163,0.893943,0.6882707,EU EEA Common AQI,69.5,0.86033845,8.91319,7200,1.6142857,100,100,63.0,1.4514285,Very Low,68.7,0.81633955,100,1747089900,Very Low,0.7151544,1.611044,Very Low,1.6973904,60.5,2.2428572,100,1747089900,1.8142858
2025-05-12T22:46:37Z,0,29.894,72.9,62,65.0,0,2,265,83,0.0,255,32767,0.0,2127-15-31,0.0,0.16,26.24,0.0,0.0,0.0,0,4.828125,6,45,05:48,20:12,2025-05-12 22:46:36.936585,Città della Scienza,75.3,1.5807403,9.96163,0.893943,0.6882707,EU EEA Common AQI,69.5,0.86033845,8.91319,7200,1.6142857,100,100,63.0,1.4514285,Very Low,68.7,0.81633955,100,1747089900,Very Low,0.7151544,1.611044,Very Low,1.6973904,60.5,2.2428572,100,1747089900,1.8142858
2025-05-12T22:46:48Z,0,29.894,72.9,62,65.0,0,2,265,83,0.0,255,32767,0.0,2127-15-31,0.0,0.16,26.24,0.0,0.0,0.0,0,4.828125,6,45,05:48,20:12,2025-05-12 22:46:47.984300,Città della Scienza,75.3,1.5807403,9.96163,0.893943,0.6882707,EU EEA Common AQI,69.5,0.86033845,8.91319,7200,1.6142857,100,100,63.0,1.4514285,Very Low,68.7,0.81633955,100,1747089900,Very Low,0.7151544,1.611044,Very Low,1.6973904,60.5,2.2428572,100,1747089900,1.8142858
2025-05-12T22:46:59Z,0,29.894,72.9,62,64.9,0,2,265,83,0.0,255,32767,0.0,2127-15-31,0.0,0.16,26.24,0.0,0.0,0.0,0,4.828125,6,45,05:48,20:12,2025-05-12 22:46:59.124599,Città della Scienza,75.3,1.5807403,9.96163,0.893943,0.6882707,EU EEA Common AQI,69.5,0.86033845,8.91319,7200,1.6142857,100,100,63.0,1.4514285,Very Low,68.7,0.81633955,100,1747089900,Very Low,0.7151544,1.611044,Very Low,1.6973904,60.5,2.2428572,100,1747089900,1.8142858
2025-05-12T22:47:10Z,0,29.894,72.9,62,65.0,0,2,265,83,0.0,255,32767,0.0,2127-15-31,0.0,0.16,26.24,0.0,0.0,0.0,0,4.828125,6,45,05:48,20:12,2025-05-12 22:47:10.211559,Città della Scienza,75.3,1.5807403,9.96163,0.893943,0.6882707,EU EEA Common AQI,69.5,0.86033845,8.91319,7200,1.6142857,100,100,63.0,1.4514285,Very Low,68.7,0.81633955,100,1747089900,Very Low,0.7151544,1.611044,Very Low,1.6973904,60.5,2.2428572,100,1747089900,1.8142858
2025-05-12T22:47:21Z,0,29.894,72.9,62,64.9,0,2,265,83,0.0,255,32767,0.0,2127-15-31,0.0,0.16,26.24,0.0,0.0,0.0,0,4.828125,6,45,05:48,20:12,2025-05-12 22:47:21.273591,Città della Scienza,75.3,1.5807403,9.96163,0.893943,0.6882707,EU EEA Common AQI,69.5,0.86033845,8.91319,7200,1.6142857,100,100,63.0,1.4514285,Very Low,68.7,0.81633955,100,1747089900,Very Low,0.7151544,1.611044,Very Low,1.6973904,60.5,2.2428572,100,1747089900,1.8142858
2025-05-12T22:47:32Z,0,29.896,72.9,62,64.9,0,2,265,83,0.0,255,32767,0.0,2127-15-31,0.0,0.16,26.24,0.0,0.0,0.0,0,4.828125,6,45,05:48,20:12,2025-05-12 22:47:32.343591,Città della Scienza,75.3,1.5807403,9.96163,0.893943,0.6882707,EU EEA Common AQI,69.5,0.86033845,8.91319,7200,1.6142857,100,100,63.0,1.4514285,Very Low,68.7,0.81633955,100,1747089900,Very Low,0.7151544,1.611044,Very Low,1.6973904,60.5,2.2428572,100,1747089900,1.8142858
2025-05-12T22:47:43Z,0,29.896,72.9,62,64.9,0,2,265,83,0.0,255,32767,0.0,2127-15-31,0.0,0.16,26.24,0.0,0.0,0.0,0,4.828125,6,45,05:48,20:12,2025-05-12 22:47:43.392565,Città della Scienza,75.3,1.5807403,9.96163,0.893943,0.6882707,EU EEA Common AQI,69.5,0.86033845,8.91319,7200,1.6142857,100,100,63.0,1.4514285,Very Low,68.7,0.81633955,100,1747089900,Very Low,0.7151544,1.611044,Very Low,1.6973904,60.5,2.2428572,100,1747089900,1.8142858
2025-05-12T22:47:54Z,0,29.896,72.9,62,64.9,0,2,265,83,0.0,255,32767,0.0,2127-15-31,0.0,0.16,26.24,0.0,0.0,0.0,0,4.828125,6,45,05:48,20:12,2025-05-12 22:47:54.468608,Città della Scienza,75.3,1.5807403,9.96163,0.893943,0.6882707,EU EEA Common AQI,69.5,0.86033845,8.91319,7200,1.6142857,100,100,63.0,1.4514285,Very Low,68.7,0.81633955,100,1747089900,Very Low,0.7151544,1.611044,Very Low,1.6973904,60.5,2.2428572,100,1747089900,1.8142858
2025-05-12T22:48:05Z,0,29.896,72.9,62,64.9,0,2,265,83,0.0,255,32767,0.0,2127-15-31,0.0,0.16,26.24,0.0,0.0,0.0,0,4.828125,6,45,05:48,20:12,2025-05-12 22:48:05.587608,Città della Scienza,75.3,1.5807403,9.96163,0.893943,0.6882707,EU EEA Common AQI,69.5,0.86033845,8.91319,7200,1.6142857,100,100,63.0,1.4514285,Very Low,68.7,0.81633955,100,1747089900,Very Low,0.7151544,1.611044,Very Low,1.6973904,60.5,2.2428572,100,1747089900,1.8142858
2025-05-12T22:48:16Z,0,29.896,72.9,62,64.9,0,2,265,83,0.0,255,32767,0.0,2127-15-31,0.0,0.16,26.24,0.0,0.0,0.0,0,4.828125,6,45,05:48,20:12,2025-05-12 22:48:16.673592,Città della Scienza,75.3,1.5807403,9.96163,0.893943,0.6882707,EU EEA Common AQI,69.5,0.86033845,8.91319,7200,1.6142857,100,100,63.0,1.4514285,Very Low,68.7,0.81633955,100,1747089900,Very Low,0.7151544,1.611044,Very Low,1.6973904,60.5,2.2428572,100,1747089900,1.8142858
2025-05-12T22:48:27Z,0,29.896,72.9,62,64.9,0,2,265,83,0.0,255,32767,0.0,2127-15-31,0.0,0.16,26.24,0.0,0.0,0.0,0,4.828125,6,45,05:48,20:12,2025-05-12 22:48:27.724613,Città della Scienza,75.3,1.5807403,9.96163,0.893943,0.6882707,EU EEA Common AQI,69.5,0.86033845,8.91319,7200,1.6142857,100,100,63.0,1.4514285,Very Low,68.7,0.81633955,100,1747089900,Very Low,0.7151544,1.611044,Very Low,1.6973904,60.5,2.2428572,100,1747089900,1.8142858
2025-05-12T22:48:38Z,0,29.894,73.0,62,64.9,0,2,265,83,0.0,255,32767,0.0,2127-15-31,0.0,0.16,26.24,0.0,0.0,0.0,0,4.828125,6,45,05:48,20:12,2025-05-12 22:48:38.798593,Città della Scienza,75.3,1.5807403,9.96163,0.893943,0.6882707,EU EEA Common AQI,69.5,0.86033845,8.91319,7200,1.6142857,100,100,63.0,1.4514285,Very Low,68.7,0.81633955,100,1747089900,Very Low,0.7151544,1.611044,Very Low,1.6973904,60.5,2.2428572,100,1747089900,1.8142858
2025-05-12T22:48:50Z,0,29.894,73.0,62,64.9,0,2,265,83,0.0,255,32767,0.0,2127-15-31,0.0,0.16,26.24,0.0,0.0,0.0,0,4.828125,6,45,05:48,20:12,2025-05-12 22:48:49.912594,Città della Scienza,75.3,1.5807403,9.96163,0.893943,0.6882707,EU EEA Common AQI,69.5,0.86033845,8.91319,7200,1.6142857,100,100,63.0,1.4514285,Very Low,68.7,0.81633955,100,1747089900,Very Low,0.7151544,1.611044,Very Low,1.6973904,60.5,2.2428572,100,1747089900,1.8142858
2025-05-12T22:49:01Z,0,29.894,73.0,62,64.9,0,2,265,83,0.0,255,32767,0.0,2127-15-31,0.0,0.16,26.24,0.0,0.0,0.0,0,4.828125,6,45,05:48,20:12,2025-05-12 22:49:00.999593,Città della Scienza,75.3,1.5807403,9.96163,0.893943,0.6882707,EU EEA Common AQI,69.5,0.86033845,8.91319,7200,1.6142857,100,100,63.0,1.4514285,Very Low,68.7,0.81633955,100,1747089900,Very Low,0.7151544,1.611044,Very Low,1.6973904,60.5,2.2428572,100,1747089900,1.8142858
2025-05-12T22:49:12Z,0,29.894,73.0,62,64.9,0,2,265,83,0.0,255,32767,0.0,2127-15-31,0.0,0.16,26.24,0.0,0.0,0.0,0,4.828125,6,45,05:48,20:12,2025-05-12 22:49:12.107596,Città della Scienza,75.3,1.5807403,9.96163,0.893943,0.6882707,EU EEA Common AQI,69.5,0.86033845,8.91319,7200,1.6142857,100,100,63.0,1.4514285,Very Low,68.7,0.81633955,100,1747089900,Very Low,0.7151544,1.611044,Very Low,1.6973904,60.5,2.2428572,100,1747089900,1.8142858
2025-05-12T22:49:23Z,0,29.894,73.0,62,64.9,0,2,265,83,0.0,255,32767,0.0,2127-15-31,0.0,0.16,26.24,0.0,0.0,0.0,0,4.828125,6,45,05:48,20:12,2025-05-12 22:49:23.204607,Città della Scienza,75.3,1.5807403,9.96163,0.893943,0.6882707,EU EEA Common AQI,69.5,0.86033845,8.91319,7200,1.6142857,100,100,63.0,1.4514285,Very Low,68.7,0.81633955,100,1747089900,Very Low,0.7151544,1.611044,Very Low,1.6973904,60.5,2.2428572,100,1747089900,1.8142858
2025-05-12T22:49:34Z,0,29.896,73.0,62,64.9,0,2,265,83,0.0,255,32767,0.0,2127-15-31,0.0,0.16,26.24,0.0,0.0,0.0,0,4.828125,6,45,05:48,20:12,2025-05-12 22:49:34.271551,Città della Scienza,75.3,1.5807403,9.96163,0.893943,0.6882707,EU EEA Common AQI,69.5,0.86033845,8.91319,7200,1.6142857,100,100,63.0,1.4514285,Very Low,68.7,0.81633955,100,1747089900,Very Low,0.7151544,1.611044,Very Low,1.6973904,60.5,2.2428572,100,1747089900,1.8142858
2025-05-12T22:49:45Z,0,29.896,73.0,62,64.9,0,2,265,83,0.0,255,32767,0.0,2127-15-31,0.0,0.16,26.24,0.0,0.0,0.0,0,4.828125,6,45,05:48,20:12,2025-05-12 22:49:45.327590,Città della Scienza,75.3,1.5807403,9.96163,0.893943,0.6882707,EU EEA Common AQI,69.5,0.86033845,8.91319,7200,1.6142857,100,100,63.0,1.4514285,Very Low,68.7,0.81633955,100,1747089900,Very Low,0.7151544,1.611044,Very Low,1.6973904,60.5,2.2428572,100,1747089900,1.8142858
2025-05-12T22:49:56Z,0,29.896,73.0,62,64.9,0,2,265,83,0.0,255,32767,0.0,2127-15-31,0.0,0.16,26.24,0.0,0.0,0.0,0,4.828125,6,45,05:48,20:12,2025-05-12 22:49:56.647595,Città della Scienza,75.3,1.5807403,9.96163,0.893943,0.6882707,EU EEA Common AQI,69.5,0.86033845,8.91319,7200,1.6142857,100,100,63.0,1.4514285,Very Low,68.7,0.81633955,100,1747089900,Very Low,0.7151544,1.611044,Very Low,1.6973904,60.5,2.2428572,100,1747089900,1.8142858
2025-05-12T22:50:07Z,0,29.896,73.0,62,64.9,0,2,265,83,0.0,255,32767,0.0,2127-15-31,0.0,0.16,26.24,0.0,0.0,0.0,0,4.828125,6,45,05:48,20:12,2025-05-12 22:50:07.700594,Città della Scienza,75.3,1.5807403,9.96163,0.893943,0.6882707,EU EEA Common AQI,69.5,0.86033845,8.91319,7200,1.6142857,100,100,63.0,1.4514285,Very Low,68.7,0.81633955,100,1747089900,Very Low,0.7151544,1.611044,Very Low,1.6973904,60.5,2.2428572,100,1747089900,1.8142858
2025-05-12T22:50:19Z,0,29.896,73.0,62,64.9,0,2,265,83,0.0,255,32767,0.0,2127-15-31,0.0,0.16,26.24,0.0,0.0,0.0,0,4.828125,6,45,05:48,20:12,2025-05-12 22:50:18.837595,Città della Scienza,75.3,1.5807403,9.96163,0.893943,0.6882707,EU EEA Common AQI,69.5,0.86033845,8.91319,7200,1.6142857,100,100,63.0,1.4514285,Very Low,68.7,0.81633955,100,1747089900,Very Low,0.7151544,1.611044,Very Low,1.6973904,60.5,2.2428572,100,1747089900,1.8142858
2025-05-12T22:50:30Z,0,29.896,73.0,62,64.9,2,2,260,83,0.0,255,32767,0.0,2127-15-31,0.0,0.16,26.24,0.0,0.0,0.0,0,4.828125,6,45,05:48,20:12,2025-05-12 22:50:29.881602,Città della Scienza,75.3,1.5807403,9.96163,0.893943,0.6882707,EU EEA Common AQI,69.5,0.86033845,8.91319,7200,1.6142857,100,100,63.0,1.4514285,Very Low,68.7,0.81633955,100,1747089900,Very Low,0.7151544,1.611044,Very Low,1.6973904,60.5,2.2428572,100,1747089900,1.8142858
2025-05-12T22:50:41Z,0,29.896,73.0,62,64.9,2,1,259,83,0.0,255,32767,0.0,2127-15-31,0.0,0.16,26.24,0.0,0.0,0.0,0,4.828125,6,45,05:48,20:12,2025-05-12 22:50:40.967585,Città della Scienza,75.3,1.5807403,9.96163,0.893943,0.6882707,EU EEA Common AQI,69.5,0.86033845,8.91319,7200,1.6142857,100,100,63.0,1.4514285,Very Low,68.7,0.81633955,100,1747089900,Very Low,0.7151544,1.611044,Very Low,1.6973904,60.5,2.2428572,100,1747089900,1.8142858
2025-05-12T22:50:52Z,0,29.896,73.0,62,64.9,1,1,259,83,0.0,255,32767,0.0,2127-15-31,0.0,0.16,26.24,0.0,0.0,0.0,0,4.828125,6,45,05:48,20:12,2025-05-12 22:50:52.015597,Città della Scienza,75.3,1.5807403,9.96163,0.893943,0.6882707,EU EEA Common AQI,69.5,0.86033845,8.91319,7200,1.6142857,100,100,63.0,1.4514285,Very Low,68.7,0.81633955,100,1747089900,Very Low,0.7151544,1.611044,Very Low,1.6973904,60.5,2.2428572,100,1747089900,1.8142858
2025-05-12T22:51:03Z,0,29.896,73.0,62,64.8,1,1,259,83,0.0,255,32767,0.0,2127-15-31,0.0,0.16,26.24,0.0,0.0,0.0,0,4.828125,6,45,05:48,20:12,2025-05-12 22:51:03.086592,Città della Scienza,75.3,1.5807403,9.96163,0.893943,0.6882707,EU EEA Common AQI,69.5,0.86033845,8.91319,7200,1.6142857,100,100,63.0,1.4514285,Very Low,68.7,0.81633955,100,1747089900,Very Low,0.7151544,1.611044,Very Low,1.6973904,60.5,2.2428572,100,1747089900,1.8142858
2025-05-12T22:51:14Z,0,29.896,73.0,62,64.8,1,1,259,83,0.0,255,32767,0.0,2127-15-31,0.0,0.16,26.24,0.0,0.0,0.0,0,4.828125,6,45,05:48,20:12,2025-05-12 22:51:14.167598,Città della Scienza,75.3,1.5807403,9.96163,0.893943,0.6882707,EU EEA Common AQI,69.5,0.86033845,8.91319,7200,1.6142857,100,100,63.0,1.4514285,Very Low,68.7,0.81633955,100,1747089900,Very Low,0.7151544,1.611044,Very Low,1.6973904,60.5,2.2428572,100,1747089900,1.8142858
2025-05-12T22:51:25Z,0,29.896,73.0,62,64.7,1,1,259,83,0.0,255,32767,0.0,2127-15-31,0.0,0.16,26.24,0.0,0.0,0.0,0,4.828125,6,45,05:48,20:12,2025-05-12 22:51:25.244604,Città della Scienza,75.3,1.5807403,9.96163,0.893943,0.6882707,EU EEA Common AQI,69.5,0.86033845,8.91319,7200,1.6142857,100,100,63.0,1.4514285,Very Low,68.7,0.81633955,100,1747089900,Very Low,0.7151544,1.611044,Very Low,1.6973904,60.5,2.2428572,100,1747089900,1.8142858
2025-05-12T22:51:36Z,0,29.897,73.0,62,64.7,1,1,259,83,0.0,255,32767,0.0,2127-15-31,0.0,0.16,26.24,0.0,0.0,0.0,0,4.828125,6,45,05:48,20:12,2025-05-12 22:51:36.322579,Città della Scienza,75.3,1.5807403,9.96163,0.893943,0.6882707,EU EEA Common AQI,69.5,0.86033845,8.91319,7200,1.6142857,100,100,63.0,1.4514285,Very Low,68.7,0.81633955,100,1747089900,Very Low,0.7151544,1.611044,Very Low,1.6973904,60.5,2.2428572,100,1747089900,1.8142858
2025-05-12T22:51:47Z,0,29.897,73.0,62,64.8,1,1,259,83,0.0,255,32767,0.0,2127-15-31,0.0,0.16,26.24,0.0,0.0,0.0,0,4.828125,6,45,05:48,20:12,2025-05-12 22:51:47.420601,Città della Scienza,75.3,1.5807403,9.96163,0.893943,0.6882707,EU EEA Common AQI,69.5,0.86033845,8.91319,7200,1.6142857,100,100,63.0,1.4514285,Very Low,68.7,0.81633955,100,1747089900,Very Low,0.7151544,1.611044,Very Low,1.6973904,60.5,2.2428572,100,1747089900,1.8142858
2025-05-12T22:51:58Z,0,29.897,73.0,62,64.8,0,1,259,83,0.0,255,32767,0.0,2127-15-31,0.0,0.16,26.24,0.0,0.0,0.0,0,4.828125,6,45,05:48,20:12,2025-05-12 22:51:58.493592,Città della Scienza,75.3,1.5807403,9.96163,0.893943,0.6882707,EU EEA Common AQI,69.5,0.86033845,8.91319,7200,1.6142857,100,100,63.0,1.4514285,Very Low,68.7,0.81633955,100,1747089900,Very Low,0.7151544,1.611044,Very Low,1.6973904,60.5,2.2428572,100,1747089900,1.8142858
2025-05-12T22:52:09Z,0,29.897,73.0,62,64.7,0,1,259,83,0.0,255,32767,0.0,2127-15-31,0.0,0.16,26.24,0.0,0.0,0.0,0,4.828125,6,45,05:48,20:12,2025-05-12 22:52:09.566592,Città della Scienza,75.3,1.5807403,9.96163,0.893943,0.6882707,EU EEA Common AQI,69.5,0.86033845,8.91319,7200,1.6142857,100,100,63.0,1.4514285,Very Low,68.7,0.81633955,100,1747089900,Very Low,0.7151544,1.611044,Very Low,1.6973904,60.5,2.2428572,100,1747089900,1.8142858
2025-05-12T22:52:20Z,0,29.897,73.0,62,64.7,0,1,259,83,0.0,255,32767,0.0,2127-15-31,0.0,0.16,26.24,0.0,0.0,0.0,0,4.828125,6,45,05:48,20:12,2025-05-12 22:52:20.683587,Città della Scienza,75.3,1.5807403,9.96163,0.893943,0.6882707,EU EEA Common AQI,69.5,0.86033845,8.91319,7200,1.6142857,100,100,63.0,1.4514285,Very Low,68.7,0.81633955,100,1747089900,Very Low,0.7151544,1.611044,Very Low,1.6973904,60.5,2.2428572,100,1747089900,1.8142858
2025-05-12T22:52:31Z,0,29.895,73.0,62,64.8,0,1,259,83,0.0,255,32767,0.0,2127-15-31,0.0,0.16,26.24,0.0,0.0,0.0,0,4.828125,6,45,05:48,20:12,2025-05-12 22:52:31.758616,Città della Scienza,75.3,1.5807403,9.96163,0.893943,0.6882707,EU EEA Common AQI,69.5,0.86033845,8.91319,7200,1.6142857,100,100,63.0,1.4514285,Very Low,68.7,0.81633955,100,1747089900,Very Low,0.7151544,1.611044,Very Low,1.6973904,60.5,2.2428572,100,1747089900,1.8142858
2025-05-12T22:52:43Z,0,29.895,73.0,62,64.8,0,1,259,83,0.0,255,32767,0.0,2127-15-31,0.0,0.16,26.24,0.0,0.0,0.0,0,4.828125,6,45,05:48,20:12,2025-05-12 22:52:42.810604,Città della Scienza,75.3,1.5807403,9.96163,0.893943,0.6882707,EU EEA Common AQI,69.5,0.86033845,8.91319,7200,1.6142857,100,100,63.0,1.4514285,Very Low,68.7,0.81633955,100,1747089900,Very Low,0.7151544,1.611044,Very Low,1.6973904,60.5,2.2428572,100,1747089900,1.8142858
2025-05-12T22:52:54Z,0,29.895,73.0,62,64.7,0,1,259,83,0.0,255,32767,0.0,2127-15-31,0.0,0.16,26.24,0.0,0.0,0.0,0,4.828125,6,45,05:48,20:12,2025-05-12 22:52:53.896594,Città della Scienza,75.3,1.5807403,9.96163,0.893943,0.6882707,EU EEA Common AQI,69.5,0.86033845,8.91319,7200,1.6142857,100,100,63.0,1.4514285,Very Low,68.7,0.81633955,100,1747089900,Very Low,0.7151544,1.611044,Very Low,1.6973904,60.5,2.2428572,100,1747089900,1.8142858
2025-05-12T22:53:05Z,0,29.895,73.0,62,64.8,0,1,259,83,0.0,255,32767,0.0,2127-15-31,0.0,0.16,26.24,0.0,0.0,0.0,0,4.828125,6,45,05:48,20:12,2025-05-12 22:53:04.992596,Città della Scienza,75.3,1.5807403,9.96163,0.893943,0.6882707,EU EEA Common AQI,69.5,0.86033845,8.91319,7200,1.6142857,100,100,63.0,1.4514285,Very Low,68.7,0.81633955,100,1747089900,Very Low,0.7151544,1.611044,Very Low,1.6973904,60.5,2.2428572,100,1747089900,1.8142858
2025-05-12T22:53:16Z,0,29.895,73.0,62,64.8,1,1,259,83,0.0,255,32767,0.0,2127-15-31,0.0,0.16,26.24,0.0,0.0,0.0,0,4.828125,6,45,05:48,20:12,2025-05-12 22:53:16.049586,Città della Scienza,75.3,1.5807403,9.96163,0.893943,0.6882707,EU EEA Common AQI,69.5,0.86033845,8.91319,7200,1.6142857,100,100,63.0,1.4514285,Very Low,68.7,0.81633955,100,1747089900,Very Low,0.7151544,1.611044,Very Low,1.6973904,60.5,2.2428572,100,1747089900,1.8142858
2025-05-12T22:53:27Z,0,29.895,73.0,62,64.8,0,1,259,83,0.0,255,32767,0.0,2127-15-31,0.0,0.16,26.24,0.0,0.0,0.0,0,4.828125,6,45,05:48,20:12,2025-05-12 22:53:27.148576,Città della Scienza,75.3,1.5807403,9.96163,0.893943,0.6882707,EU EEA Common AQI,69.5,0.86033845,8.91319,7200,1.6142857,100,100,63.0,1.4514285,Very Low,68.7,0.81633955,100,1747089900,Very Low,0.7151544,1.611044,Very Low,1.6973904,60.5,2.2428572,100,1747089900,1.8142858
2025-05-12T22:53:38Z,0,29.899,73.0,62,64.7,1,1,259,83,0.0,255,32767,0.0,2127-15-31,0.0,0.16,26.24,0.0,0.0,0.0,0,4.828125,6,45,05:48,20:12,2025-05-12 22:53:38.181601,Città della Scienza,75.3,1.5807403,9.96163,0.893943,0.6882707,EU EEA Common AQI,69.5,0.86033845,8.91319,7200,1.6142857,100,100,63.0,1.4514285,Very Low,68.7,0.81633955,100,1747089900,Very Low,0.7151544,1.611044,Very Low,1.6973904,60.5,2.2428572,100,1747089900,1.8142858
2025-05-12T22:53:49Z,0,29.899,73.0,62,64.7,0,1,259,83,0.0,255,32767,0.0,2127-15-31,0.0,0.16,26.24,0.0,0.0,0.0,0,4.828125,6,45,05:48,20:12,2025-05-12 22:53:49.256590,Città della Scienza,75.3,1.5807403,9.96163,0.893943,0.6882707,EU EEA Common AQI,69.5,0.86033845,8.91319,7200,1.6142857,100,100,63.0,1.4514285,Very Low,68.7,0.81633955,100,1747089900,Very Low,0.7151544,1.611044,Very Low,1.6973904,60.5,2.2428572,100,1747089900,1.8142858
2025-05-12T22:54:00Z,0,29.899,73.0,62,64.7,0,1,259,83,0.0,255,32767,0.0,2127-15-31,0.0,0.16,26.24,0.0,0.0,0.0,0,4.828125,6,45,05:48,20:12,2025-05-12 22:54:00.314598,Città della Scienza
2025-05-12T22:54:11Z,0,29.899,73.0,62,64.7,0,1,259,83,0.0,255,32767,0.0,2127-15-31,0.0,0.16,26.24,0.0,0.0,0.0,0,4.828125,6,45,05:48,20:12,2025-05-12 22:54:11.369598,Città della Scienza
2025-05-12T22:54:22Z,0,29.899,73.0,62,64.7,0,1,259,83,0.0,255,32767,0.0,2127-15-31,0.0,0.16,26.24,0.0,0.0,0.0,0,4.828125,6,45,05:48,20:12,2025-05-12 22:54:22.443598,Città della Scienza
2025-05-12T22:54:33Z,0,29.9,73.0,62,64.7,0,0,259,83,0.0,255,32767,0.0,2127-15-31,0.0,0.16,26.24,0.0,0.0,0.0,0,4.828125,6,45,05:48,20:12,2025-05-12 22:54:33.504590,Città della Scienza
2025-05-12T22:54:44Z,0,29.9,73.0,62,64.7,0,0,259,83,0.0,255,32767,0.0,2127-15-31,0.0,0.16,26.24,0.0,0.0,0.0,0,4.828125,6,45,05:48,20:12,2025-05-12 22:54:44.570595,Città della Scienza
2025-05-12T22:54:55Z,0,29.9,73.0,62,64.7,0,0,259,83,0.0,255,32767,0.0,2127-15-31,0.0,0.16,26.24,0.0,0.0,0.0,0,4.828125,6,45,05:48,20:12,2025-05-12 22:54:55.630596,Città della Scienza
2025-05-12T22:55:06Z,0,29.9,73.0,62,64.7,0,0,259,83,0.0,255,32767,0.0,2127-15-31,0.0,0.16,26.24,0.0,0.0,0.0,0,4.828125,6,45,05:48,20:12,2025-05-12 22:55:06.706601,Città della Scienza
2025-05-12T22:55:17Z,0,29.9,73.0,62,64.7,0,0,259,83,0.0,255,32767,0.0,2127-15-31,0.0,0.16,26.24,0.0,0.0,0.0,0,4.828125,6,45,05:48,20:12,2025-05-12 22:55:17.783598,Città della Scienza
2025-05-12T22:55:29Z,0,29.9,73.0,62,64.7,0,0,259,83,0.0,255,32767,0.0,2127-15-31,0.0,0.16,26.24,0.0,0.0,0.0,0,4.828125,6,45,05:48,20:12,2025-05-12 22:55:28.846587,Città della Scienza
2025-05-12T22:55:40Z,0,29.898,73.0,62,64.7,0,0,259,83,0.0,255,32767,0.0,2127-15-31,0.0,0.16,26.24,0.0,0.0,0.0,0,4.828125,6,45,05:48,20:12,2025-05-12 22:55:39.907595,Città della Scienza
2025-05-12T22:55:51Z,0,29.898,73.0,62,64.7,0,0,259,83,0.0,255,32767,0.0,2127-15-31,0.0,0.16,26.24,0.0,0.0,0.0,0,4.828125,6,45,05:48,20:12,2025-05-12 22:55:50.987554,Città della Scienza
2025-05-12T22:56:02Z,0,29.898,73.0,62,64.6,0,0,259,83,0.0,255,32767,0.0,2127-15-31,0.0,0.16,26.24,0.0,0.0,0.0,0,4.828125,6,45,05:48,20:12,2025-05-12 22:56:02.053598,Città della Scienza
2025-05-12T22:56:13Z,0,29.898,73.0,62,64.6,0,0,259,83,0.0,255,32767,0.0,2127-15-31,0.0,0.16,26.24,0.0,0.0,0.0,0,4.828125,6,45,05:48,20:12,2025-05-12 22:56:13.079597,Città della Scienza
2025-05-12T22:56:24Z,0,29.898,73.0,62,64.7,0,0,259,83,0.0,255,32767,0.0,2127-15-31,0.0,0.16,26.24,0.0,0.0,0.0,0,4.828125,6,45,05:48,20:12,2025-05-12 22:56:24.132560,Città della Scienza
2025-05-12T22:56:35Z,0,29.898,73.0,62,64.6,0,0,259,83,0.0,255,32767,0.0,2127-15-31,0.0,0.16,26.24,0.0,0.0,0.0,0,4.828125,6,45,05:48,20:12,2025-05-12 22:56:35.234601,Città della Scienza
2025-05-12T22:56:46Z,0,29.898,73.0,62,64.6,0,0,259,83,0.0,255,32767,0.0,2127-15-31,0.0,0.16,26.24,0.0,0.0,0.0,0,4.828125,6,45,05:48,20:12,2025-05-12 22:56:46.269593,Città della Scienza
2025-05-12T22:56:57Z,0,29.898,73.0,62,64.6,0,0,259,83,0.0,255,32767,0.0,2127-15-31,0.0,0.16,26.24,0.0,0.0,0.0,0,4.828125,6,45,05:48,20:12,2025-05-12 22:56:57.380596,Città della Scienza
2025-05-12T22:57:08Z,0,29.898,73.0,62,64.6,1,0,259,83,0.0,255,32767,0.0,2127-15-31,0.0,0.16,26.24,0.0,0.0,0.0,0,4.828125,6,45,05:48,20:12,2025-05-12 22:57:08.457587,Città della Scienza
2025-05-12T22:57:19Z,0,29.898,73.0,62,64.6,1,0,259,83,0.0,255,32767,0.0,2127-15-31,0.0,0.16,26.24,0.0,0.0,0.0,0,4.828125,6,45,05:48,20:12,2025-05-12 22:57:19.531602,Città della Scienza,75.3,1.5807403,9.96163,0.893943,0.6882707,EU EEA Common AQI,69.5,0.86033845,8.91319,7200,1.6142857,100,100,63.0,1.4514285,Very Low,68.7,0.81633955,100,1747089900,Very Low,0.7151544,1.611044,Very Low,1.6973904,60.5,2.2428572,100,1747089900,1.8142858
2025-05-12T22:57:30Z,0,29.898,73.0,62,64.6,1,0,259,83,0.0,255,32767,0.0,2127-15-31,0.0,0.16,26.24,0.0,0.0,0.0,0,4.828125,6,45,05:48,20:12,2025-05-12 22:57:30.608604,Città della Scienza
2025-05-12T22:57:42Z,0,29.898,73.1,62,64.6,1,0,259,83,0.0,255,32767,0.0,2127-15-31,0.0,0.16,26.24,0.0,0.0,0.0,0,4.828125,6,45,05:48,20:12,2025-05-12 22:57:41.913607,Città della Scienza
2025-05-12T22:57:53Z,0,29.898,73.1,62,64.6,2,0,307,83,0.0,255,32767,0.0,2127-15-31,0.0,0.16,26.24,0.0,0.0,0.0,0,4.828125,6,45,05:48,20:12,2025-05-12 22:57:52.996608,Città della Scienza
2025-05-12T22:58:04Z,0,29.898,73.1,62,64.6,3,0,260,83,0.0,255,32767,0.0,2127-15-31,0.0,0.16,26.24,0.0,0.0,0.0,0,4.828125,6,45,05:48,20:12,2025-05-12 22:58:04.061556,Città della Scienza
2025-05-12T22:58:15Z,0,29.898,73.1,62,64.6,2,0,260,83,0.0,255,32767,0.0,2127-15-31,0.0,0.16,26.24,0.0,0.0,0.0,0,4.828125,6,45,05:48,20:12,2025-05-12 22:58:15.121594,Città della Scienza
2025-05-12T22:58:26Z,0,29.898,73.1,62,64.6,1,0,260,83,0.0,255,32767,0.0,2127-15-31,0.0,0.16,26.24,0.0,0.0,0.0,0,4.828125,6,45,05:48,20:12,2025-05-12 22:58:26.195593,Città della Scienza
2025-05-12T22:58:37Z,0,29.899,73.1,62,64.6,1,0,260,83,0.0,255,32767,0.0,2127-15-31,0.0,0.16,26.24,0.0,0.0,0.0,0,4.828125,6,45,05:48,20:12,2025-05-12 22:58:37.261586,Città della Scienza
2025-05-12T22:58:48Z,0,29.899,73.1,62,64.6,1,0,260,83,0.0,255,32767,0.0,2127-15-31,0.0,0.16,26.24,0.0,0.0,0.0,0,4.828125,6,45,05:48,20:12,2025-05-12 22:58:48.346586,Città della Scienza
2025-05-12T22:58:59Z,0,29.899,73.1,62,64.6,0,0,260,83,0.0,255,32767,0.0,2127-15-31,0.0,0.16,26.24,0.0,0.0,0.0,0,4.828125,6,45,05:48,20:12,2025-05-12 22:58:59.454591,Città della Scienza
2025-05-12T22:59:10Z,0,29.899,73.1,62,64.6,0,0,260,83,0.0,255,32767,0.0,2127-15-31,0.0,0.16,26.24,0.0,0.0,0.0,0,4.828125,6,45,05:48,20:12,2025-05-12 22:59:10.508598,Città della Scienza
2025-05-12T22:59:21Z,0,29.899,73.1,62,64.6,0,0,260,83,0.0,255,32767,0.0,2127-15-31,0.0,0.16,26.24,0.0,0.0,0.0,0,4.828125,6,45,05:48,20:12,2025-05-12 22:59:21.564594,Città della Scienza
2025-05-12T22:59:32Z,0,29.898,73.1,62,64.6,0,0,260,83,0.0,255,32767,0.0,2127-15-31,0.0,0.16,26.24,0.0,0.0,0.0,0,4.828125,6,45,05:48,20:12,2025-05-12 22:59:32.655588,Città della Scienza
2025-05-12T22:59:43Z,0,29.898,73.1,62,64.6,0,0,260,83,0.0,255,32767,0.0,2127-15-31,0.0,0.16,26.24,0.0,0.0,0.0,0,4.828125,6,45,05:48,20:12,2025-05-12 22:59:43.718598,Città della Scienza
2025-05-12T22:59:55Z,0,29.898,73.1,62,64.6,1,0,260,83,0.0,255,32767,0.0,2127-15-31,0.0,0.16,26.24,0.0,0.0,0.0,0,4.828125,6,45,05:48,20:12,2025-05-12 22:59:54.809594,Città della Scienza
2025-05-12T23:00:06Z,0,29.898,73.1,62,64.6,0,0,260,83,0.0,255,32767,0.0,2127-15-31,0.0,0.16,26.24,0.0,0.0,0.0,0,4.828125,6,45,05:48,20:12,2025-05-12 23:00:05.873593,Città della Scienza,75.3,1.5807403,9.96163,0.893943,0.6882707,EU EEA Common AQI,69.5,0.86033845,8.91319,7200,1.6142857,100,100,63.0,1.4514285,Very Low,68.7,0.81633955,100,1747089900,Very Low,0.7151544,1.611044,Very Low,1.6973904,60.5,2.2428572,100,1747089900,1.8142858
2025-05-12T23:00:17Z,0,29.898,73.1,62,64.6,1,0,260,83,0.0,255,32767,0.0,2127-15-31,0.0,0.16,26.24,0.0,0.0,0.0,0,4.828125,6,45,05:48,20:12,2025-05-12 23:00:16.986591,Città della Scienza,75.3,1.5807403,9.96163,0.893943,0.6882707,EU EEA Common AQI,69.5,0.86033845,8.91319,7200,1.6142857,100,100,63.0,1.4514285,Very Low,68.7,0.81633955,100,1747089900,Very Low,0.7151544,1.611044,Very Low,1.6973904,60.5,2.2428572,100,1747089900,1.8142858
2025-05-12T23:00:28Z,0,29.898,73.1,62,64.6,1,0,260,83,0.0,255,32767,0.0,2127-15-31,0.0,0.16,26.24,0.0,0.0,0.0,0,4.828125,6,45,05:48,20:12,2025-05-12 23:00:28.077599,Città della Scienza,74.7,1.6556566,9.8920555,1.1017476,0.776867,EU EEA Common AQI,69.5,0.97108376,8.846055,7200,1.3857143,100,100,62.8,1.4514285,Very Low,68.7,0.8857508,100,1747090800,Very Low,0.8813981,1.7364473,Very Low,1.9116591,60.3,2.9857142,100,1747090800,1.8142858
2025-05-12T23:00:39Z,0,29.899,73.1,62,64.6,0,0,260,83,0.0,255,32767,0.0,2127-15-31,0.0,0.16,26.24,0.0,0.0,0.0,0,4.828125,6,45,05:48,20:12,2025-05-12 23:00:39.159596,Città della Scienza,74.7,1.6556566,9.8920555,1.1017476,0.776867,EU EEA Common AQI,69.5,0.97108376,8.846055,7200,1.3857143,100,100,62.8,1.4514285,Very Low,68.7,0.8857508,100,1747090800,Very Low,0.8813981,1.7364473,Very Low,1.9116591,60.3,2.9857142,100,1747090800,1.8142858
2025-05-12T23:00:50Z,0,29.899,73.1,62,64.6,0,0,260,83,0.0,255,32767,0.0,2127-15-31,0.0,0.16,26.24,0.0,0.0,0.0,0,4.828125,6,45,05:48,20:12,2025-05-12 23:00:50.227609,Città della Scienza,74.7,1.6556566,9.8920555,1.1017476,0.776867,EU EEA Common AQI,69.5,0.97108376,8.846055,7200,1.3857143,100,100,62.8,1.4514285,Very Low,68.7,0.8857508,100,1747090800,Very Low,0.8813981,1.7364473,Very Low,1.9116591,60.3,2.9857142,100,1747090800,1.8142858
2025-05-12T23:01:01Z,0,29.899,73.1,62,64.6,2,0,260,83,0.0,255,32767,0.0,2127-15-31,0.0,0.16,26.24,0.0,0.0,0.0,0,4.828125,6,45,05:48,20:12,2025-05-12 23:01:01.322590,Città della Scienza,74.7,1.6556566,9.8920555,1.1017476,0.776867,EU EEA Common AQI,69.5,0.97108376,8.846055,7200,1.3857143,100,100,62.8,1.4514285,Very Low,68.7,0.8857508,100,1747090800,Very Low,0.8813981,1.7364473,Very Low,1.9116591,60.3,2.9857142,100,1747090800,1.8142858
2025-05-12T23:01:12Z,0,29.899,73.1,62,64.6,0,0,260,83,0.0,255,32767,0.0,2127-15-31,0.0,0.16,26.24,0.0,0.0,0.0,0,4.828125,6,45,05:48,20:12,2025-05-12 23:01:12.435595,Città della Scienza,74.7,1.6556566,9.8920555,1.1017476,0.776867,EU EEA Common AQI,69.5,0.97108376,8.846055,7200,1.3857143,100,100,62.8,1.4514285,Very Low,68.7,0.8857508,100,1747090800,Very Low,0.8813981,1.7364473,Very Low,1.9116591,60.3,2.9857142,100,1747090800,1.8142858
2025-05-12T23:01:23Z,0,29.899,73.1,62,64.6,0,0,260,83,0.0,255,32767,0.0,2127-15-31,0.0,0.16,26.24,0.0,0.0,0.0,0,4.828125,6,45,05:48,20:12,2025-05-12 23:01:23.471592,Città della Scienza,74.7,1.6556566,9.8920555,1.1017476,0.776867,EU EEA Common AQI,69.5,0.97108376,8.846055,7200,1.3857143,100,100,62.8,1.4514285,Very Low,68.7,0.8857508,100,1747090800,Very Low,0.8813981,1.7364473,Very Low,1.9116591,60.3,2.9857142,100,1747090800,1.8142858
2025-05-12T23:01:34Z,0,29.898,73.1,62,64.6,0,0,260,83,0.0,255,32767,0.0,2127-15-31,0.0,0.16,26.24,0.0,0.0,0.0,0,4.828125,6,45,05:48,20:12,2025-05-12 23:01:34.533591,Città della Scienza,74.7,1.6556566,9.8920555,1.1017476,0.776867,EU EEA Common AQI,69.5,0.97108376,8.846055,7200,1.3857143,100,100,62.8,1.4514285,Very Low,68.7,0.8857508,100,1747090800,Very Low,0.8813981,1.7364473,Very Low,1.9116591,60.3,2.9857142,100,1747090800,1.8142858
2025-05-12T23:01:45Z,0,29.898,73.1,62,64.6,0,0,260,83,0.0,255,32767,0.0,2127-15-31,0.0,0.16,26.24,0.0,0.0,0.0,0,4.828125,6,45,05:48,20:12,2025-05-12 23:01:45.603597,Città della Scienza,74.7,1.6556566,9.8920555,1.1017476,0.776867,EU EEA Common AQI,69.5,0.97108376,8.846055,7200,1.3857143,100,100,62.8,1.4514285,Very Low,68.7,0.8857508,100,1747090800,Very Low,0.8813981,1.7364473,Very Low,1.9116591,60.3,2.9857142,100,1747090800,1.8142858
2025-05-12T23:01:56Z,0,29.898,73.1,62,64.6,0,0,260,83,0.0,255,32767,0.0,2127-15-31,0.0,0.16,26.24,0.0,0.0,0.0,0,4.828125,6,45,05:48,20:12,2025-05-12 23:01:56.669608,Città della Scienza,74.7,1.6556566,9.8920555,1.1017476,0.776867,EU EEA Common AQI,69.5,0.97108376,8.846055,7200,1.3857143,100,100,62.8,1.4514285,Very Low,68.7,0.8857508,100,1747090800,Very Low,0.8813981,1.7364473,Very Low,1.9116591,60.3,2.9857142,100,1747090800,1.8142858
2025-05-12T23:02:07Z,0,29.898,73.1,62,64.5,0,0,260,83,0.0,255,32767,0.0,2127-15-31,0.0,0.16,26.24,0.0,0.0,0.0,0,4.828125,6,45,05:48,20:12,2025-05-12 23:02:07.740587,Città della Scienza,74.7,1.6556566,9.8920555,1.1017476,0.776867,EU EEA Common AQI,69.5,0.97108376,8.846055,7200,1.3857143,100,100,62.8,1.4514285,Very Low,68.7,0.8857508,100,1747090800,Very Low,0.8813981,1.7364473,Very Low,1.9116591,60.3,2.9857142,100,1747090800,1.8142858
2025-05-12T23:02:19Z,0,29.898,73.1,62,64.5,2,0,260,83,0.0,255,32767,0.0,2127-15-31,0.0,0.16,26.24,0.0,0.0,0.0,0,4.828125,6,45,05:48,20:12,2025-05-12 23:02:18.817553,Città della Scienza,74.7,1.6556566,9.8920555,1.1017476,0.776867,EU EEA Common AQI,69.5,0.97108376,8.846055,7200,1.3857143,100,100,62.8,1.4514285,Very Low,68.7,0.8857508,100,1747090800,Very Low,0.8813981,1.7364473,Very Low,1.9116591,60.3,2.9857142,100,1747090800,1.8142858
2025-05-12T23:02:30Z,0,29.898,73.1,62,64.5,1,0,260,83,0.0,255,32767,0.0,2127-15-31,0.0,0.16,26.24,0.0,0.0,0.0,0,4.828125,6,45,05:48,20:12,2025-05-12 23:02:29.948609,Città della Scienza,74.7,1.6556566,9.8920555,1.1017476,0.776867,EU EEA Common AQI,69.5,0.97108376,8.846055,7200,1.3857143,100,100,62.8,1.4514285,Very Low,68.7,0.8857508,100,1747090800,Very Low,0.8813981,1.7364473,Very Low,1.9116591,60.3,2.9857142,100,1747090800,1.8142858
2025-05-12T23:02:41Z,0,29.899,73.1,62,64.5,0,0,260,83,0.0,255,32767,0.0,2127-15-31,0.0,0.16,26.24,0.0,0.0,0.0,0,4.828125,6,45,05:48,20:12,2025-05-12 23:02:41.053585,Città della Scienza,74.7,1.6556566,9.8920555,1.1017476,0.776867,EU EEA Common AQI,69.5,0.97108376,8.846055,7200,1.3857143,100,100,62.8,1.4514285,Very Low,68.7,0.8857508,100,1747090800,Very Low,0.8813981,1.7364473,Very Low,1.9116591,60.3,2.9857142,100,1747090800,1.8142858
2025-05-12T23:02:52Z,0,29.899,73.1,62,64.5,0,0,260,83,0.0,255,32767,0.0,2127-15-31,0.0,0.16,26.24,0.0,0.0,0.0,0,4.828125,6,45,05:48,20:12,2025-05-12 23:02:52.150598,Città della Scienza,74.7,1.6556566,9.8920555,1.1017476,0.776867,EU EEA Common AQI,69.5,0.97108376,8.846055,7200,1.3857143,100,100,62.8,1.4514285,Very Low,68.7,0.8857508,100,1747090800,Very Low,0.8813981,1.7364473,Very Low,1.9116591,60.3,2.9857142,100,1747090800,1.8142858
2025-05-12T23:03:03Z,0,29.899,73.1,62,64.5,0,0,260,83,0.0,255,32767,0.0,2127-15-31,0.0,0.16,26.24,0.0,0.0,0.0,0,4.828125,6,45,05:48,20:12,2025-05-12 23:03:03.287600,Città della Scienza,74.7,1.6556566,9.8920555,1.1017476,0.776867,EU EEA Common AQI,69.5,0.97108376,8.846055,7200,1.3857143,100,100,62.8,1.4514285,Very Low,68.7,0.8857508,100,1747090800,Very Low,0.8813981,1.7364473,Very Low,1.9116591,60.3,2.9857142,100,1747090800,1.8142858
2025-05-12T23:03:14Z,0,29.899,73.1,62,64.5,0,0,260,83,0.0,255,32767,0.0,2127-15-31,0.0,0.16,26.24,0.0,0.0,0.0,0,4.828125,6,45,05:48,20:12,2025-05-12 23:03:14.385593,Città della Scienza,74.7,1.6556566,9.8920555,1.1017476,0.776867,EU EEA Common AQI,69.5,0.97108376,8.846055,7200,1.3857143,100,100,62.8,1.4514285,Very Low,68.7,0.8857508,100,1747090800,Very Low,0.8813981,1.7364473,Very Low,1.9116591,60.3,2.9857142,100,1747090800,1.8142858
2025-05-12T23:03:25Z,0,29.899,73.1,62,64.5,0,0,260,83,0.0,255,32767,0.0,2127-15-31,0.0,0.16,26.24,0.0,0.0,0.0,0,4.828125,6,45,05:48,20:12,2025-05-12 23:03:25.458596,Città della Scienza,74.7,1.6556566,9.8920555,1.1017476,0.776867,EU EEA Common AQI,69.5,0.97108376,8.846055,7200,1.3857143,100,100,62.8,1.4514285,Very Low,68.7,0.8857508,100,1747090800,Very Low,0.8813981,1.7364473,Very Low,1.9116591,60.3,2.9857142,100,1747090800,1.8142858
2025-05-12T23:03:36Z,0,29.897,73.1,62,64.6,0,0,260,83,0.0,255,32767,0.0,2127-15-31,0.0,0.16,26.24,0.0,0.0,0.0,0,4.828125,6,45,05:48,20:12,2025-05-12 23:03:36.537590,Città della Scienza,74.7,1.6556566,9.8920555,1.1017476,0.776867,EU EEA Common AQI,69.5,0.97108376,8.846055,7200,1.3857143,100,100,62.8,1.4514285,Very Low,68.7,0.8857508,100,1747090800,Very Low,0.8813981,1.7364473,Very Low,1.9116591,60.3,2.9857142,100,1747090800,1.8142858
2025-05-12T23:03:47Z,0,29.897,73.1,62,64.5,0,0,260,83,0.0,255,32767,0.0,2127-15-31,0.0,0.16,26.24,0.0,0.0,0.0,0,4.828125,6,45,05:48,20:12,2025-05-12 23:03:47.628617,Città della Scienza,74.7,1.6556566,9.8920555,1.1017476,0.776867,EU EEA Common AQI,69.5,0.97108376,8.846055,7200,1.3857143,100,100,62.8,1.4514285,Very Low,68.7,0.8857508,100,1747090800,Very Low,0.8813981,1.7364473,Very Low,1.9116591,60.3,2.9857142,100,1747090800,1.8142858
2025-05-12T23:03:58Z,0,29.897,73.1,62,64.5,0,0,260,83,0.0,255,32767,0.0,2127-15-31,0.0,0.16,26.24,0.0,0.0,0.0,0,4.828125,6,45,05:48,20:12,2025-05-12 23:03:58.706595,Città della Scienza,74.7,1.6556566,9.8920555,1.1017476,0.776867,EU EEA Common AQI,69.5,0.97108376,8.846055,7200,1.3857143,100,100,62.8,1.4514285,Very Low,68.7,0.8857508,100,1747090800,Very Low,0.8813981,1.7364473,Very Low,1.9116591,60.3,2.9857142,100,1747090800,1.8142858
2025-05-12T23:04:10Z,0,29.897,73.1,62,64.6,0,0,260,83,0.0,255,32767,0.0,2127-15-31,0.0,0.16,26.24,0.0,0.0,0.0,0,4.828125,6,45,05:48,20:12,2025-05-12 23:04:09.818599,Città della Scienza,74.7,1.6556566,9.8920555,1.1017476,0.776867,EU EEA Common AQI,69.5,0.97108376,8.846055,7200,1.3857143,100,100,62.8,1.4514285,Very Low,68.7,0.8857508,100,1747090800,Very Low,0.8813981,1.7364473,Very Low,1.9116591,60.3,2.9857142,100,1747090800,1.8142858
2025-05-12T23:04:21Z,0,29.897,73.1,62,64.6,0,0,260,83,0.0,255,32767,0.0,2127-15-31,0.0,0.16,26.24,0.0,0.0,0.0,0,4.828125,6,45,05:48,20:12,2025-05-12 23:04:20.889596,Città della Scienza,74.7,1.6556566,9.8920555,1.1017476,0.776867,EU EEA Common AQI,69.5,0.97108376,8.846055,7200,1.3857143,100,100,62.8,1.4514285,Very Low,68.7,0.8857508,100,1747090800,Very Low,0.8813981,1.7364473,Very Low,1.9116591,60.3,2.9857142,100,1747090800,1.8142858
2025-05-12T23:04:32Z,0,29.899,73.1,62,64.6,0,0,260,83,0.0,255,32767,0.0,2127-15-31,0.0,0.16,26.24,0.0,0.0,0.0,0,4.828125,6,45,05:48,20:12,2025-05-12 23:04:31.928590,Città della Scienza,74.7,1.6556566,9.8920555,1.1017476,0.776867,EU EEA Common AQI,69.5,0.97108376,8.846055,7200,1.3857143,100,100,62.8,1.4514285,Very Low,68.7,0.8857508,100,1747090800,Very Low,0.8813981,1.7364473,Very Low,1.9116591,60.3,2.9857142,100,1747090800,1.8142858
2025-05-12T23:04:43Z,0,29.899,73.1,62,64.5,0,0,260,83,0.0,255,32767,0.0,2127-15-31,0.0,0.16,26.24,0.0,0.0,0.0,0,4.828125,6,45,05:48,20:12,2025-05-12 23:04:42.988597,Città della Scienza,74.7,1.6556566,9.8920555,1.1017476,0.776867,EU EEA Common AQI,69.5,0.97108376,8.846055,7200,1.3857143,100,100,62.8,1.4514285,Very Low,68.7,0.8857508,100,1747090800,Very Low,0.8813981,1.7364473,Very Low,1.9116591,60.3,2.9857142,100,1747090800,1.8142858
2025-05-12T23:04:54Z,0,29.899,73.1,62,64.5,0,0,260,83,0.0,255,32767,0.0,2127-15-31,0.0,0.16,26.24,0.0,0.0,0.0,0,4.828125,6,45,05:48,20:12,2025-05-12 23:04:54.087591,Città della Scienza,74.7,1.6556566,9.8920555,1.1017476,0.776867,EU EEA Common AQI,69.5,0.97108376,8.846055,7200,1.3857143,100,100,62.8,1.4514285,Very Low,68.7,0.8857508,100,1747090800,Very Low,0.8813981,1.7364473,Very Low,1.9116591,60.3,2.9857142,100,1747090800,1.8142858
2025-05-12T23:05:05Z,0,29.899,73.1,62,64.5,0,0,260,83,0.0,255,32767,0.0,2127-15-31,0.0,0.16,26.24,0.0,0.0,0.0,0,4.828125,6,45,05:48,20:12,2025-05-12 23:05:05.145592,Città della Scienza,74.7,1.6556566,9.8920555,1.1017476,0.776867,EU EEA Common AQI,69.5,0.97108376,8.846055,7200,1.3857143,100,100,62.8,1.4514285,Very Low,68.7,0.8857508,100,1747090800,Very Low,0.8813981,1.7364473,Very Low,1.9116591,60.3,2.9857142,100,1747090800,1.8142858
2025-05-12T23:05:16Z,0,29.899,73.1,62,64.5,0,0,260,83,0.0,255,32767,0.0,2127-15-31,0.0,0.16,26.24,0.0,0.0,0.0,0,4.828125,6,45,05:48,20:12,2025-05-12 23:05:16.279593,Città della Scienza,74.7,1.6556566,9.8920555,1.1017476,0.776867,EU EEA Common AQI,69.5,0.97108376,8.846055,7200,1.3857143,100,100,62.8,1.4514285,Very Low,68.7,0.8857508,100,1747090800,Very Low,0.8813981,1.7364473,Very Low,1.9116591,60.3,2.9857142,100,1747090800,1.8142858
2025-05-12T23:05:27Z,0,29.899,73.1,62,64.5,0,0,260,83,0.0,255,32767,0.0,2127-15-31,0.0,0.16,26.24,0.0,0.0,0.0,0,4.828125,6,45,05:48,20:12,2025-05-12 23:05:27.338551,Città della Scienza,74.7,1.6556566,9.8920555,1.1017476,0.776867,EU EEA Common AQI,69.5,0.97108376,8.846055,7200,1.3857143,100,100,62.8,1.4514285,Very Low,68.7,0.8857508,100,1747090800,Very Low,0.8813981,1.7364473,Very Low,1.9116591,60.3,2.9857142,100,1747090800,1.8142858
2025-05-12T23:05:38Z,0,29.897,73.1,62,64.5,0,0,260,83,0.0,255,32767,0.0,2127-15-31,0.0,0.16,26.24,0.0,0.0,0.0,0,4.828125,6,45,05:48,20:12,2025-05-12 23:05:38.430593,Città della Scienza,74.7,1.6556566,9.8920555,1.1017476,0.776867,EU EEA Common AQI,69.5,0.97108376,8.846055,7200,1.3857143,100,100,62.8,1.4514285,Very Low,68.7,0.8857508,100,1747090800,Very Low,0.8813981,1.7364473,Very Low,1.9116591,60.3,2.9857142,100,1747090800,1.8142858
2025-05-12T23:05:49Z,0,29.897,73.1,62,64.5,0,0,260,83,0.0,255,32767,0.0,2127-15-31,0.0,0.16,26.24,0.0,0.0,0.0,0,4.828125,6,45,05:48,20:12,2025-05-12 23:05:49.484608,Città della Scienza,74.7,1.6556566,9.8920555,1.1017476,0.776867,EU EEA Common AQI,69.5,0.97108376,8.846055,7200,1.3857143,100,100,62.8,1.4514285,Very Low,68.7,0.8857508,100,1747090800,Very Low,0.8813981,1.7364473,Very Low,1.9116591,60.3,2.9857142,100,1747090800,1.8142858
2025-05-12T23:06:00Z,0,29.897,73.1,62,64.5,0,0,260,83,0.0,255,32767,0.0,2127-15-31,0.0,0.16,26.24,0.0,0.0,0.0,0,4.828125,6,45,05:48,20:12,2025-05-12 23:06:00.618560,Città della Scienza,74.7,1.6556566,9.8920555,1.1017476,0.776867,EU EEA Common AQI,69.5,0.97108376,8.846055,7200,1.3857143,100,100,62.8,1.4514285,Very Low,68.7,0.8857508,100,1747090800,Very Low,0.8813981,1.7364473,Very Low,1.9116591,60.3,2.9857142,100,1747090800,1.8142858
2025-05-12T23:06:12Z,0,29.897,73.1,62,64.5,0,0,260,83,0.0,255,32767,0.0,2127-15-31,0.0,0.16,26.24,0.0,0.0,0.0,0,4.828125,6,45,05:48,20:12,2025-05-12 23:06:11.882591,Città della Scienza,74.7,1.6556566,9.8920555,1.1017476,0.776867,EU EEA Common AQI,69.5,0.97108376,8.846055,7200,1.3857143,100,100,62.8,1.4514285,Very Low,68.7,0.8857508,100,1747090800,Very Low,0.8813981,1.7364473,Very Low,1.9116591,60.3,2.9857142,100,1747090800,1.8142858
2025-05-12T23:06:23Z,0,29.897,73.1,62,64.5,0,0,260,83,0.0,255,32767,0.0,2127-15-31,0.0,0.16,26.24,0.0,0.0,0.0,0,4.828125,6,45,05:48,20:12,2025-05-12 23:06:22.982599,Città della Scienza,74.7,1.6556566,9.8920555,1.1017476,0.776867,EU EEA Common AQI,69.5,0.97108376,8.846055,7200,1.3857143,100,100,62.8,1.4514285,Very Low,68.7,0.8857508,100,1747090800,Very Low,0.8813981,1.7364473,Very Low,1.9116591,60.3,2.9857142,100,1747090800,1.8142858
2025-05-12T23:06:34Z,0,29.899,73.1,62,64.5,0,0,260,83,0.0,255,32767,0.0,2127-15-31,0.0,0.16,26.24,0.0,0.0,0.0,0,4.828125,6,45,05:48,20:12,2025-05-12 23:06:34.049605,Città della Scienza,74.7,1.6556566,9.8920555,1.1017476,0.776867,EU EEA Common AQI,69.5,0.97108376,8.846055,7200,1.3857143,100,100,62.8,1.4514285,Very Low,68.7,0.8857508,100,1747090800,Very Low,0.8813981,1.7364473,Very Low,1.9116591,60.3,2.9857142,100,1747090800,1.8142858
2025-05-12T23:06:45Z,0,29.899,73.1,62,64.5,0,0,260,83,0.0,255,32767,0.0,2127-15-31,0.0,0.16,26.24,0.0,0.0,0.0,0,4.828125,6,45,05:48,20:12,2025-05-12 23:06:45.119602,Città della Scienza,74.7,1.6556566,9.8920555,1.1017476,0.776867,EU EEA Common AQI,69.5,0.97108376,8.846055,7200,1.3857143,100,100,62.8,1.4514285,Very Low,68.7,0.8857508,100,1747090800,Very Low,0.8813981,1.7364473,Very Low,1.9116591,60.3,2.9857142,100,1747090800,1.8142858
2025-05-12T23:06:56Z,0,29.899,73.1,62,64.5,0,0,260,83,0.0,255,32767,0.0,2127-15-31,0.0,0.16,26.24,0.0,0.0,0.0,0,4.828125,6,45,05:48,20:12,2025-05-12 23:06:56.231584,Città della Scienza,74.7,1.6556566,9.8920555,1.1017476,0.776867,EU EEA Common AQI,69.5,0.97108376,8.846055,7200,1.3857143,100,100,62.8,1.4514285,Very Low,68.7,0.8857508,100,1747090800,Very Low,0.8813981,1.7364473,Very Low,1.9116591,60.3,2.9857142,100,1747090800,1.8142858
2025-05-12T23:07:07Z,0,29.899,73.1,62,64.5,0,0,260,83,0.0,255,32767,0.0,2127-15-31,0.0,0.16,26.24,0.0,0.0,0.0,0,4.828125,6,45,05:48,20:12,2025-05-12 23:07:07.283606,Città della Scienza,74.7,1.6556566,9.8920555,1.1017476,0.776867,EU EEA Common AQI,69.5,0.97108376,8.846055,7200,1.3857143,100,100,62.8,1.4514285,Very Low,68.7,0.8857508,100,1747090800,Very Low,0.8813981,1.7364473,Very Low,1.9116591,60.3,2.9857142,100,1747090800,1.8142858
2025-05-12T23:07:18Z,0,29.899,73.1,62,64.5,0,0,260,83,0.0,255,32767,0.0,2127-15-31,0.0,0.16,26.24,0.0,0.0,0.0,0,4.828125,6,45,05:48,20:12,2025-05-12 23:07:18.338592,Città della Scienza,74.7,1.6556566,9.8920555,1.1017476,0.776867,EU EEA Common AQI,69.5,0.97108376,8.846055,7200,1.3857143,100,100,62.8,1.4514285,Very Low,68.7,0.8857508,100,1747090800,Very Low,0.8813981,1.7364473,Very Low,1.9116591,60.3,2.9857142,100,1747090800,1.8142858
2025-05-12T23:07:29Z,0,29.899,73.1,62,64.5,0,0,260,83,0.0,255,32767,0.0,2127-15-31,0.0,0.16,26.24,0.0,0.0,0.0,0,4.828125,6,45,05:48,20:12,2025-05-12 23:07:29.691595,Città della Scienza,74.7,1.6556566,9.8920555,1.1017476,0.776867,EU EEA Common AQI,69.5,0.97108376,8.846055,7200,1.3857143,100,100,62.8,1.4514285,Very Low,68.7,0.8857508,100,1747090800,Very Low,0.8813981,1.7364473,Very Low,1.9116591,60.3,2.9857142,100,1747090800,1.8142858
2025-05-12T23:07:40Z,0,29.896,73.1,62,64.5,0,0,260,83,0.0,255,32767,0.0,2127-15-31,0.0,0.16,26.24,0.0,0.0,0.0,0,4.828125,6,45,05:48,20:12,2025-05-12 23:07:40.793604,Città della Scienza,74.7,1.6556566,9.8920555,1.1017476,0.776867,EU EEA Common AQI,69.5,0.97108376,8.846055,7200,1.3857143,100,100,62.8,1.4514285,Very Low,68.7,0.8857508,100,1747090800,Very Low,0.8813981,1.7364473,Very Low,1.9116591,60.3,2.9857142,100,1747090800,1.8142858
2025-05-12T23:07:52Z,0,29.896,73.1,62,64.5,0,0,260,83,0.0,255,32767,0.0,2127-15-31,0.0,0.16,26.24,0.0,0.0,0.0,0,4.828125,6,45,05:48,20:12,2025-05-12 23:07:51.888618,Città della Scienza,74.7,1.6556566,9.8920555,1.1017476,0.776867,EU EEA Common AQI,69.5,0.97108376,8.846055,7200,1.3857143,100,100,62.8,1.4514285,Very Low,68.7,0.8857508,100,1747090800,Very Low,0.8813981,1.7364473,Very Low,1.9116591,60.3,2.9857142,100,1747090800,1.8142858
2025-05-12T23:08:03Z,0,29.896,73.1,62,64.5,0,0,260,83,0.0,255,32767,0.0,2127-15-31,0.0,0.16,26.24,0.0,0.0,0.0,0,4.828125,6,45,05:48,20:12,2025-05-12 23:08:02.975592,Città della Scienza,74.7,1.6556566,9.8920555,1.1017476,0.776867,EU EEA Common AQI,69.5,0.97108376,8.846055,7200,1.3857143,100,100,62.8,1.4514285,Very Low,68.7,0.8857508,100,1747090800,Very Low,0.8813981,1.7364473,Very Low,1.9116591,60.3,2.9857142,100,1747090800,1.8142858
2025-05-12T23:08:14Z,0,29.896,73.1,62,64.5,0,0,260,83,0.0,255,32767,0.0,2127-15-31,0.0,0.16,26.24,0.0,0.0,0.0,0,4.828125,6,45,05:48,20:12,2025-05-12 23:08:14.068593,Città della Scienza,74.7,1.6556566,9.8920555,1.1017476,0.776867,EU EEA Common AQI,69.5,0.97108376,8.846055,7200,1.3857143,100,100,62.8,1.4514285,Very Low,68.7,0.8857508,100,1747090800,Very Low,0.8813981,1.7364473,Very Low,1.9116591,60.3,2.9857142,100,1747090800,1.8142858
2025-05-12T23:08:25Z,0,29.896,73.1,62,64.5,0,0,260,83,0.0,255,32767,0.0,2127-15-31,0.0,0.16,26.24,0.0,0.0,0.0,0,4.828125,6,45,05:48,20:12,2025-05-12 23:08:25.156592,Città della Scienza,74.7,1.6556566,9.8920555,1.1017476,0.776867,EU EEA Common AQI,69.5,0.97108376,8.846055,7200,1.3857143,100,100,62.8,1.4514285,Very Low,68.7,0.8857508,100,1747090800,Very Low,0.8813981,1.7364473,Very Low,1.9116591,60.3,2.9857142,100,1747090800,1.8142858
2025-05-12T23:08:36Z,0,29.898,73.1,62,64.5,0,0,260,83,0.0,255,32767,0.0,2127-15-31,0.0,0.16,26.24,0.0,0.0,0.0,0,4.828125,6,45,05:48,20:12,2025-05-12 23:08:36.258591,Città della Scienza,74.7,1.6556566,9.8920555,1.1017476,0.776867,EU EEA Common AQI,69.5,0.97108376,8.846055,7200,1.3857143,100,100,62.8,1.4514285,Very Low,68.7,0.8857508,100,1747090800,Very Low,0.8813981,1.7364473,Very Low,1.9116591,60.3,2.9857142,100,1747090800,1.8142858
2025-05-12T23:08:47Z,0,29.898,73.1,62,64.5,1,0,35,83,0.0,255,32767,0.0,2127-15-31,0.0,0.16,26.24,0.0,0.0,0.0,0,4.828125,6,45,05:48,20:12,2025-05-12 23:08:47.359602,Città della Scienza,74.7,1.6556566,9.8920555,1.1017476,0.776867,EU EEA Common AQI,69.5,0.97108376,8.846055,7200,1.3857143,100,100,62.8,1.4514285,Very Low,68.7,0.8857508,100,1747090800,Very Low,0.8813981,1.7364473,Very Low,1.9116591,60.3,2.9857142,100,1747090800,1.8142858
2025-05-12T23:08:58Z,0,29.898,73.1,62,64.5,1,0,355,83,0.0,255,32767,0.0,2127-15-31,0.0,0.16,26.24,0.0,0.0,0.0,0,4.828125,6,45,05:48,20:12,2025-05-12 23:08:58.448561,Città della Scienza,74.7,1.6556566,9.8920555,1.1017476,0.776867,EU EEA Common AQI,69.5,0.97108376,8.846055,7200,1.3857143,100,100,62.8,1.4514285,Very Low,68.7,0.8857508,100,1747090800,Very Low,0.8813981,1.7364473,Very Low,1.9116591,60.3,2.9857142,100,1747090800,1.8142858
2025-05-12T23:09:09Z,0,29.898,73.1,62,64.5,1,0,355,83,0.0,255,32767,0.0,2127-15-31,0.0,0.16,26.24,0.0,0.0,0.0,0,4.828125,6,45,05:48,20:12,2025-05-12 23:09:09.524584,Città della Scienza,74.7,1.6556566,9.8920555,1.1017476,0.776867,EU EEA Common AQI,69.5,0.97108376,8.846055,7200,1.3857143,100,100,62.8,1.4514285,Very Low,68.7,0.8857508,100,1747090800,Very Low,0.8813981,1.7364473,Very Low,1.9116591,60.3,2.9857142,100,1747090800,1.8142858
2025-05-12T23:09:20Z,0,29.898,73.1,62,64.5,1,0,303,83,0.0,255,32767,0.0,2127-15-31,0.0,0.16,26.24,0.0,0.0,0.0,0,4.828125,6,45,05:48,20:12,2025-05-12 23:09:20.632602,Città della Scienza,74.7,1.6556566,9.8920555,1.1017476,0.776867,EU EEA Common AQI,69.5,0.97108376,8.846055,7200,1.3857143,100,100,62.8,1.4514285,Very Low,68.7,0.8857508,100,1747090800,Very Low,0.8813981,1.7364473,Very Low,1.9116591,60.3,2.9857142,100,1747090800,1.8142858
2025-05-12T23:09:31Z,0,29.896,73.2,62,64.5,1,0,303,83,0.0,255,32767,0.0,2127-15-31,0.0,0.16,26.24,0.0,0.0,0.0,0,4.828125,6,45,05:48,20:12,2025-05-12 23:09:31.727594,Città della Scienza,74.7,1.6556566,9.8920555,1.1017476,0.776867,EU EEA Common AQI,69.5,0.97108376,8.846055,7200,1.3857143,100,100,62.8,1.4514285,Very Low,68.7,0.8857508,100,1747090800,Very Low,0.8813981,1.7364473,Very Low,1.9116591,60.3,2.9857142,100,1747090800,1.8142858
2025-05-12T23:09:43Z,0,29.896,73.2,62,64.5,1,0,303,83,0.0,255,32767,0.0,2127-15-31,0.0,0.16,26.24,0.0,0.0,0.0,0,4.828125,6,45,05:48,20:12,2025-05-12 23:09:42.808590,Città della Scienza,74.7,1.6556566,9.8920555,1.1017476,0.776867,EU EEA Common AQI,69.5,0.97108376,8.846055,7200,1.3857143,100,100,62.8,1.4514285,Very Low,68.7,0.8857508,100,1747090800,Very Low,0.8813981,1.7364473,Very Low,1.9116591,60.3,2.9857142,100,1747090800,1.8142858
2025-05-12T23:09:54Z,0,29.896,73.2,62,64.5,1,0,303,83,0.0,255,32767,0.0,2127-15-31,0.0,0.16,26.24,0.0,0.0,0.0,0,4.828125,6,45,05:48,20:12,2025-05-12 23:09:53.923610,Città della Scienza,74.7,1.6556566,9.8920555,1.1017476,0.776867,EU EEA Common AQI,69.5,0.97108376,8.846055,7200,1.3857143,100,100,62.8,1.4514285,Very Low,68.7,0.8857508,100,1747090800,Very Low,0.8813981,1.7364473,Very Low,1.9116591,60.3,2.9857142,100,1747090800,1.8142858
2025-05-12T23:10:05Z,0,29.896,73.2,62,64.5,1,0,303,83,0.0,255,32767,0.0,2127-15-31,0.0,0.16,26.24,0.0,0.0,0.0,0,4.828125,6,45,05:48,20:12,2025-05-12 23:10:04.960612,Città della Scienza,74.7,1.6556566,9.8920555,1.1017476,0.776867,EU EEA Common AQI,69.5,0.97108376,8.846055,7200,1.3857143,100,100,62.8,1.4514285,Very Low,68.7,0.8857508,100,1747090800,Very Low,0.8813981,1.7364473,Very Low,1.9116591,60.3,2.9857142,100,1747090800,1.8142858
2025-05-12T23:10:16Z,0,29.896,73.2,62,64.5,1,0,303,83,0.0,255,32767,0.0,2127-15-31,0.0,0.16,26.24,0.0,0.0,0.0,0,4.828125,6,45,05:48,20:12,2025-05-12 23:10:16.038589,Città della Scienza,74.7,1.6556566,9.8920555,1.1017476,0.776867,EU EEA Common AQI,69.5,0.97108376,8.846055,7200,1.3857143,100,100,62.8,1.4514285,Very Low,68.7,0.8857508,100,1747090800,Very Low,0.8813981,1.7364473,Very Low,1.9116591,60.3,2.9857142,100,1747090800,1.8142858
2025-05-12T23:10:27Z,0,29.896,73.2,62,64.5,0,0,303,83,0.0,255,32767,0.0,2127-15-31,0.0,0.16,26.24,0.0,0.0,0.0,0,4.828125,6,45,05:48,20:12,2025-05-12 23:10:27.116599,Città della Scienza,74.7,1.6556566,9.8920555,1.1017476,0.776867,EU EEA Common AQI,69.5,0.97108376,8.846055,7200,1.3857143,100,100,62.8,1.4514285,Very Low,68.7,0.8857508,100,1747090800,Very Low,0.8813981,1.7364473,Very Low,1.9116591,60.3,2.9857142,100,1747090800,1.8142858
2025-05-12T23:10:38Z,0,29.898,73.1,62,64.5,0,0,303,83,0.0,255,32767,0.0,2127-15-31,0.0,0.16,26.24,0.0,0.0,0.0,0,4.828125,6,45,05:48,20:12,2025-05-12 23:10:38.214601,Città della Scienza,74.7,1.6556566,9.8920555,1.1017476,0.776867,EU EEA Common AQI,69.5,0.97108376,8.846055,7200,1.3857143,100,100,62.8,1.4514285,Very Low,68.7,0.8857508,100,1747090800,Very Low,0.8813981,1.7364473,Very Low,1.9116591,60.3,2.9857142,100,1747090800,1.8142858
2025-05-12T23:10:49Z,0,29.898,73.1,62,64.5,0,0,303,83,0.0,255,32767,0.0,2127-15-31,0.0,0.16,26.24,0.0,0.0,0.0,0,4.828125,6,45,05:48,20:12,2025-05-12 23:10:49.285605,Città della Scienza,74.7,1.6556566,9.8920555,1.1017476,0.776867,EU EEA Common AQI,69.5,0.97108376,8.846055,7200,1.3857143,100,100,62.8,1.4514285,Very Low,68.7,0.8857508,100,1747090800,Very Low,0.8813981,1.7364473,Very Low,1.9116591,60.3,2.9857142,100,1747090800,1.8142858
2025-05-12T23:11:00Z,0,29.898,73.1,62,64.5,1,0,303,83,0.0,255,32767,0.0,2127-15-31,0.0,0.16,26.24,0.0,0.0,0.0,0,4.828125,6,45,05:48,20:12,2025-05-12 23:11:00.381561,Città della Scienza,74.7,1.6556566,9.8920555,1.1017476,0.776867,EU EEA Common AQI,69.5,0.97108376,8.846055,7200,1.3857143,100,100,62.8,1.4514285,Very Low,68.7,0.8857508,100,1747090800,Very Low,0.8813981,1.7364473,Very Low,1.9116591,60.3,2.9857142,100,1747090800,1.8142858
2025-05-12T23:11:11Z,0,29.898,73.1,62,64.5,0,0,303,83,0.0,255,32767,0.0,2127-15-31,0.0,0.16,26.24,0.0,0.0,0.0,0,4.828125,6,45,05:48,20:12,2025-05-12 23:11:11.471592,Città della Scienza,74.7,1.6556566,9.8920555,1.1017476,0.776867,EU EEA Common AQI,69.5,0.97108376,8.846055,7200,1.3857143,100,100,62.8,1.4514285,Very Low,68.7,0.8857508,100,1747090800,Very Low,0.8813981,1.7364473,Very Low,1.9116591,60.3,2.9857142,100,1747090800,1.8142858
2025-05-12T23:11:22Z,0,29.898,73.1,62,64.5,0,0,303,83,0.0,255,32767,0.0,2127-15-31,0.0,0.16,26.24,0.0,0.0,0.0,0,4.828125,6,45,05:48,20:12,2025-05-12 23:11:22.579593,Città della Scienza,74.7,1.6556566,9.8920555,1.1017476,0.776867,EU EEA Common AQI,69.5,0.97108376,8.846055,7200,1.3857143,100,100,62.8,1.4514285,Very Low,68.7,0.8857508,100,1747090800,Very Low,0.8813981,1.7364473,Very Low,1.9116591,60.3,2.9857142,100,1747090800,1.8142858
2025-05-12T23:11:33Z,0,29.897,73.1,62,64.5,0,0,312,83,0.0,255,32767,0.0,2127-15-31,0.0,0.16,26.24,0.0,0.0,0.0,0,4.828125,6,45,05:48,20:12,2025-05-12 23:11:33.659589,Città della Scienza,74.7,1.6556566,9.8920555,1.1017476,0.776867,EU EEA Common AQI,69.5,0.97108376,8.846055,7200,1.3857143,100,100,62.8,1.4514285,Very Low,68.7,0.8857508,100,1747090800,Very Low,0.8813981,1.7364473,Very Low,1.9116591,60.3,2.9857142,100,1747090800,1.8142858
2025-05-12T23:11:44Z,0,29.897,73.1,62,64.5,0,0,323,83,0.0,255,32767,0.0,2127-15-31,0.0,0.16,26.24,0.0,0.0,0.0,0,4.828125,6,45,05:48,20:12,2025-05-12 23:11:44.729558,Città della Scienza,74.7,1.6556566,9.8920555,1.1017476,0.776867,EU EEA Common AQI,69.5,0.97108376,8.846055,7200,1.3857143,100,100,62.8,1.4514285,Very Low,68.7,0.8857508,100,1747090800,Very Low,0.8813981,1.7364473,Very Low,1.9116591,60.3,2.9857142,100,1747090800,1.8142858
2025-05-12T23:11:56Z,0,29.897,73.1,62,64.5,0,0,323,83,0.0,255,32767,0.0,2127-15-31,0.0,0.16,26.24,0.0,0.0,0.0,0,4.828125,6,45,05:48,20:12,2025-05-12 23:11:55.810605,Città della Scienza,74.7,1.6556566,9.8920555,1.1017476,0.776867,EU EEA Common AQI,69.5,0.97108376,8.846055,7200,1.3857143,100,100,62.8,1.4514285,Very Low,68.7,0.8857508,100,1747090800,Very Low,0.8813981,1.7364473,Very Low,1.9116591,60.3,2.9857142,100,1747090800,1.8142858
2025-05-12T23:12:07Z,0,29.897,73.1,62,64.5,0,0,323,83,0.0,255,32767,0.0,2127-15-31,0.0,0.16,26.24,0.0,0.0,0.0,0,4.828125,6,45,05:48,20:12,2025-05-12 23:12:06.850609,Città della Scienza,74.7,1.6556566,9.8920555,1.1017476,0.776867,EU EEA Common AQI,69.5,0.97108376,8.846055,7200,1.3857143,100,100,62.8,1.4514285,Very Low,68.7,0.8857508,100,1747090800,Very Low,0.8813981,1.7364473,Very Low,1.9116591,60.3,2.9857142,100,1747090800,1.8142858
2025-05-12T23:12:18Z,0,29.897,73.1,62,64.5,0,0,323,83,0.0,255,32767,0.0,2127-15-31,0.0,0.16,26.24,0.0,0.0,0.0,0,4.828125,6,45,05:48,20:12,2025-05-12 23:12:17.928596,Città della Scienza,74.7,1.6556566,9.8920555,1.1017476,0.776867,EU EEA Common AQI,69.5,0.97108376,8.846055,7200,1.3857143,100,100,62.8,1.4514285,Very Low,68.7,0.8857508,100,1747090800,Very Low,0.8813981,1.7364473,Very Low,1.9116591,60.3,2.9857142,100,1747090800,1.8142858
2025-05-12T23:12:29Z,0,29.897,73.1,62,64.5,0,0,323,83,0.0,255,32767,0.0,2127-15-31,0.0,0.16,26.24,0.0,0.0,0.0,0,4.828125,6,45,05:48,20:12,2025-05-12 23:12:28.988598,Città della Scienza,74.7,1.6556566,9.8920555,1.1017476,0.776867,EU EEA Common AQI,69.5,0.97108376,8.846055,7200,1.3857143,100,100,62.8,1.4514285,Very Low,68.7,0.8857508,100,1747090800,Very Low,0.8813981,1.7364473,Very Low,1.9116591,60.3,2.9857142,100,1747090800,1.8142858
2025-05-12T23:12:40Z,0,29.896,73.1,62,64.4,0,0,323,83,0.0,255,32767,0.0,2127-15-31,0.0,0.16,26.24,0.0,0.0,0.0,0,4.828125,6,45,05:48,20:12,2025-05-12 23:12:40.105598,Città della Scienza,74.7,1.6556566,9.8920555,1.1017476,0.776867,EU EEA Common AQI,69.5,0.97108376,8.846055,7200,1.3857143,100,100,62.8,1.4514285,Very Low,68.7,0.8857508,100,1747090800,Very Low,0.8813981,1.7364473,Very Low,1.9116591,60.3,2.9857142,100,1747090800,1.8142858
2025-05-12T23:12:51Z,0,29.896,73.1,62,64.5,0,0,323,83,0.0,255,32767,0.0,2127-15-31,0.0,0.16,26.24,0.0,0.0,0.0,0,4.828125,6,45,05:48,20:12,2025-05-12 23:12:51.179567,Città della Scienza,74.7,1.6556566,9.8920555,1.1017476,0.776867,EU EEA Common AQI,69.5,0.97108376,8.846055,7200,1.3857143,100,100,62.8,1.4514285,Very Low,68.7,0.8857508,100,1747090800,Very Low,0.8813981,1.7364473,Very Low,1.9116591,60.3,2.9857142,100,1747090800,1.8142858
2025-05-12T23:13:02Z,0,29.896,73.1,62,64.5,0,0,323,83,0.0,255,32767,0.0,2127-15-31,0.0,0.16,26.24,0.0,0.0,0.0,0,4.828125,6,45,05:48,20:12,2025-05-12 23:13:02.261591,Città della Scienza,74.7,1.6556566,9.8920555,1.1017476,0.776867,EU EEA Common AQI,69.5,0.97108376,8.846055,7200,1.3857143,100,100,62.8,1.4514285,Very Low,68.7,0.8857508,100,1747090800,Very Low,0.8813981,1.7364473,Very Low,1.9116591,60.3,2.9857142,100,1747090800,1.8142858
2025-05-12T23:13:13Z,0,29.896,73.1,62,64.5,0,0,323,83,0.0,255,32767,0.0,2127-15-31,0.0,0.16,26.24,0.0,0.0,0.0,0,4.828125,6,45,05:48,20:12,2025-05-12 23:13:13.316597,Città della Scienza,74.7,1.6556566,9.8920555,1.1017476,0.776867,EU EEA Common AQI,69.5,0.97108376,8.846055,7200,1.3857143,100,100,62.8,1.4514285,Very Low,68.7,0.8857508,100,1747090800,Very Low,0.8813981,1.7364473,Very Low,1.9116591,60.3,2.9857142,100,1747090800,1.8142858
2025-05-12T23:13:38Z,0,29.895,73.1,62,64.4,0,0,323,83,0.0,255,32767,0.0,2127-15-31,0.0,0.16,26.24,0.0,0.0,0.0,0,4.828125,6,45,05:48,20:12,2025-05-12 23:13:38.002590,Città della Scienza,74.7,1.6556566,9.8920555,1.1017476,0.776867,EU EEA Common AQI,69.5,0.97108376,8.846055,7200,1.3857143,100,100,62.8,1.4514285,Very Low,68.7,0.8857508,100,1747090800,Very Low,0.8813981,1.7364473,Very Low,1.9116591,60.3,2.9857142,100,1747090800,1.8142858
2025-05-12T23:13:49Z,0,29.895,73.1,62,64.4,0,0,323,83,0.0,255,32767,0.0,2127-15-31,0.0,0.16,26.24,0.0,0.0,0.0,0,4.828125,6,45,05:48,20:12,2025-05-12 23:13:49.058594,Città della Scienza,74.7,1.6556566,9.8920555,1.1017476,0.776867,EU EEA Common AQI,69.5,0.97108376,8.846055,7200,1.3857143,100,100,62.8,1.4514285,Very Low,68.7,0.8857508,100,1747090800,Very Low,0.8813981,1.7364473,Very Low,1.9116591,60.3,2.9857142,100,1747090800,1.8142858
2025-05-12T23:14:00Z,0,29.895,73.1,62,64.3,0,0,323,83,0.0,255,32767,0.0,2127-15-31,0.0,0.16,26.24,0.0,0.0,0.0,0,4.828125,6,45,05:48,20:12,2025-05-12 23:14:00.099597,Città della Scienza,74.7,1.6556566,9.8920555,1.1017476,0.776867,EU EEA Common AQI,69.5,0.97108376,8.846055,7200,1.3857143,100,100,62.8,1.4514285,Very Low,68.7,0.8857508,100,1747090800,Very Low,0.8813981,1.7364473,Very Low,1.9116591,60.3,2.9857142,100,1747090800,1.8142858
2025-05-12T23:14:11Z,0,29.895,73.1,62,64.3,0,0,323,83,0.0,255,32767,0.0,2127-15-31,0.0,0.16,26.24,0.0,0.0,0.0,0,4.828125,6,45,05:48,20:12,2025-05-12 23:14:11.197590,Città della Scienza,74.7,1.6556566,9.8920555,1.1017476,0.776867,EU EEA Common AQI,69.5,0.97108376,8.846055,7200,1.3857143,100,100,62.8,1.4514285,Very Low,68.7,0.8857508,100,1747090800,Very Low,0.8813981,1.7364473,Very Low,1.9116591,60.3,2.9857142,100,1747090800,1.8142858
2025-05-12T23:14:22Z,0,29.895,73.1,62,64.3,1,0,323,83,0.0,255,32767,0.0,2127-15-31,0.0,0.16,26.24,0.0,0.0,0.0,0,4.828125,6,45,05:48,20:12,2025-05-12 23:14:22.255591,Città della Scienza,74.7,1.6556566,9.8920555,1.1017476,0.776867,EU EEA Common AQI,69.5,0.97108376,8.846055,7200,1.3857143,100,100,62.8,1.4514285,Very Low,68.7,0.8857508,100,1747090800,Very Low,0.8813981,1.7364473,Very Low,1.9116591,60.3,2.9857142,100,1747090800,1.8142858
2025-05-12T23:14:33Z,0,29.896,73.1,62,64.3,1,0,323,83,0.0,255,32767,0.0,2127-15-31,0.0,0.16,26.24,0.0,0.0,0.0,0,4.828125,6,45,05:48,20:12,2025-05-12 23:14:33.323591,Città della Scienza,74.7,1.6556566,9.8920555,1.1017476,0.776867,EU EEA Common AQI,69.5,0.97108376,8.846055,7200,1.3857143,100,100,62.8,1.4514285,Very Low,68.7,0.8857508,100,1747090800,Very Low,0.8813981,1.7364473,Very Low,1.9116591,60.3,2.9857142,100,1747090800,1.8142858
2025-05-12T23:14:44Z,0,29.896,73.1,62,64.3,0,0,323,83,0.0,255,32767,0.0,2127-15-31,0.0,0.16,26.24,0.0,0.0,0.0,0,4.828125,6,45,05:48,20:12,2025-05-12 23:14:44.404605,Città della Scienza,74.7,1.6556566,9.8920555,1.1017476,0.776867,EU EEA Common AQI,69.5,0.97108376,8.846055,7200,1.3857143,100,100,62.8,1.4514285,Very Low,68.7,0.8857508,100,1747090800,Very Low,0.8813981,1.7364473,Very Low,1.9116591,60.3,2.9857142,100,1747090800,1.8142858
2025-05-12T23:14:55Z,0,29.896,73.1,62,64.3,0,0,323,83,0.0,255,32767,0.0,2127-15-31,0.0,0.16,26.24,0.0,0.0,0.0,0,4.828125,6,45,05:48,20:12,2025-05-12 23:14:55.498591,Città della Scienza,74.7,1.6556566,9.8920555,1.1017476,0.776867,EU EEA Common AQI,69.5,0.97108376,8.846055,7200,1.3857143,100,100,62.8,1.4514285,Very Low,68.7,0.8857508,100,1747090800,Very Low,0.8813981,1.7364473,Very Low,1.9116591,60.3,2.9857142,100,1747090800,1.8142858
2025-05-12T23:15:06Z,0,29.896,73.1,62,64.3,0,0,323,83,0.0,255,32767,0.0,2127-15-31,0.0,0.16,26.24,0.0,0.0,0.0,0,4.828125,6,45,05:48,20:12,2025-05-12 23:15:06.583599,Città della Scienza,74.7,1.6556566,9.8920555,1.1017476,0.776867,EU EEA Common AQI,69.5,0.97108376,8.846055,7200,1.3857143,100,100,62.8,1.4514285,Very Low,68.7,0.8857508,100,1747090800,Very Low,0.8813981,1.7364473,Very Low,1.9116591,60.3,2.9857142,100,1747090800,1.8142858
2025-05-12T23:15:17Z,0,29.896,73.1,62,64.3,0,0,323,83,0.0,255,32767,0.0,2127-15-31,0.0,0.16,26.24,0.0,0.0,0.0,0,4.828125,6,45,05:48,20:12,2025-05-12 23:15:17.674588,Città della Scienza,74.7,1.6556566,9.8920555,1.1017476,0.776867,EU EEA Common AQI,69.5,0.97108376,8.846055,7200,1.3857143,100,100,62.8,1.4514285,Very Low,68.7,0.8857508,100,1747090800,Very Low,0.8813981,1.7364473,Very Low,1.9116591,60.3,2.9857142,100,1747090800,1.8142858
2025-05-12T23:15:28Z,0,29.896,73.1,62,64.3,0,0,323,83,0.0,255,32767,0.0,2127-15-31,0.0,0.16,26.24,0.0,0.0,0.0,0,4.828125,6,45,05:48,20:12,2025-05-12 23:15:28.745551,Città della Scienza,74.1,1.7372537,9.807007,1.3519272,0.86712426,EU EEA Common AQI,69.3,1.0839053,8.765361,7200,1.2571429,100,100,62.6,1.5314285,Very Low,68.6,0.95739245,100,1747091700,Very Low,1.0815417,1.8572099,Very Low,2.1745272,60.0,2.5714285,100,1747091700,1.9142857
2025-05-12T23:15:40Z,0,29.897,73.1,62,64.3,0,0,323,83,0.0,255,32767,0.0,2127-15-31,0.0,0.16,26.24,0.0,0.0,0.0,0,4.828125,6,45,05:48,20:12,2025-05-12 23:15:39.836594,Città della Scienza,74.1,1.7372537,9.807007,1.3519272,0.86712426,EU EEA Common AQI,69.3,1.0839053,8.765361,7200,1.2571429,100,100,62.6,1.5314285,Very Low,68.6,0.95739245,100,1747091700,Very Low,1.0815417,1.8572099,Very Low,2.1745272,60.0,2.5714285,100,1747091700,1.9142857
2025-05-12T23:15:51Z,0,29.897,73.1,62,64.3,0,0,323,83,0.0,255,32767,0.0,2127-15-31,0.0,0.16,26.24,0.0,0.0,0.0,0,4.828125,6,45,05:48,20:12,2025-05-12 23:15:50.901608,Città della Scienza,74.1,1.7372537,9.807007,1.3519272,0.86712426,EU EEA Common AQI,69.3,1.0839053,8.765361,7200,1.2571429,100,100,62.6,1.5314285,Very Low,68.6,0.95739245,100,1747091700,Very Low,1.0815417,1.8572099,Very Low,2.1745272,60.0,2.5714285,100,1747091700,1.9142857
2025-05-12T23:16:02Z,0,29.897,73.1,62,64.3,0,0,323,83,0.0,255,32767,0.0,2127-15-31,0.0,0.16,26.24,0.0,0.0,0.0,0,4.828125,6,45,05:48,20:12,2025-05-12 23:16:01.963612,Città della Scienza,74.1,1.7372537,9.807007,1.3519272,0.86712426,EU EEA Common AQI,69.3,1.0839053,8.765361,7200,1.2571429,100,100,62.6,1.5314285,Very Low,68.6,0.95739245,100,1747091700,Very Low,1.0815417,1.8572099,Very Low,2.1745272,60.0,2.5714285,100,1747091700,1.9142857
2025-05-12T23:16:13Z,0,29.897,73.1,62,64.3,0,0,323,83,0.0,255,32767,0.0,2127-15-31,0.0,0.16,26.24,0.0,0.0,0.0,0,4.828125,6,45,05:48,20:12,2025-05-12 23:16:13.023591,Città della Scienza,74.1,1.7372537,9.807007,1.3519272,0.86712426,EU EEA Common AQI,69.3,1.0839053,8.765361,7200,1.2571429,100,100,62.6,1.5314285,Very Low,68.6,0.95739245,100,1747091700,Very Low,1.0815417,1.8572099,Very Low,2.1745272,60.0,2.5714285,100,1747091700,1.9142857
2025-05-12T23:16:24Z,0,29.897,73.1,62,64.3,0,0,323,83,0.0,255,32767,0.0,2127-15-31,0.0,0.16,26.24,0.0,0.0,0.0,0,4.828125,6,45,05:48,20:12,2025-05-12 23:16:24.117601,Città della Scienza,74.1,1.7372537,9.807007,1.3519272,0.86712426,EU EEA Common AQI,69.3,1.0839053,8.765361,7200,1.2571429,100,100,62.6,1.5314285,Very Low,68.6,0.95739245,100,1747091700,Very Low,1.0815417,1.8572099,Very Low,2.1745272,60.0,2.5714285,100,1747091700,1.9142857
2025-05-12T23:16:35Z,0,29.896,73.1,62,64.3,0,0,323,83,0.0,255,32767,0.0,2127-15-31,0.0,0.16,26.24,0.0,0.0,0.0,0,4.828125,6,45,05:48,20:12,2025-05-12 23:16:35.199587,Città della Scienza,74.1,1.7372537,9.807007,1.3519272,0.86712426,EU EEA Common AQI,69.3,1.0839053,8.765361,7200,1.2571429,100,100,62.6,1.5314285,Very Low,68.6,0.95739245,100,1747091700,Very Low,1.0815417,1.8572099,Very Low,2.1745272,60.0,2.5714285,100,1747091700,1.9142857
2025-05-12T23:16:46Z,0,29.896,73.1,62,64.3,0,0,323,83,0.0,255,32767,0.0,2127-15-31,0.0,0.16,26.24,0.0,0.0,0.0,0,4.828125,6,45,05:48,20:12,2025-05-12 23:16:46.271602,Città della Scienza,74.1,1.7372537,9.807007,1.3519272,0.86712426,EU EEA Common AQI,69.3,1.0839053,8.765361,7200,1.2571429,100,100,62.6,1.5314285,Very Low,68.6,0.95739245,100,1747091700,Very Low,1.0815417,1.8572099,Very Low,2.1745272,60.0,2.5714285,100,1747091700,1.9142857
2025-05-12T23:16:57Z,0,29.896,73.1,62,64.3,0,0,323,83,0.0,255,32767,0.0,2127-15-31,0.0,0.16,26.24,0.0,0.0,0.0,0,4.828125,6,45,05:48,20:12,2025-05-12 23:16:57.355598,Città della Scienza,74.1,1.7372537,9.807007,1.3519272,0.86712426,EU EEA Common AQI,69.3,1.0839053,8.765361,7200,1.2571429,100,100,62.6,1.5314285,Very Low,68.6,0.95739245,100,1747091700,Very Low,1.0815417,1.8572099,Very Low,2.1745272,60.0,2.5714285,100,1747091700,1.9142857
2025-05-12T23:17:08Z,0,29.896,73.1,62,64.3,1,0,329,83,0.0,255,32767,0.0,2127-15-31,0.0,0.16,26.24,0.0,0.0,0.0,0,4.828125,6,45,05:48,20:12,2025-05-12 23:17:08.419664,Città della Scienza,74.1,1.7372537,9.807007,1.3519272,0.86712426,EU EEA Common AQI,69.3,1.0839053,8.765361,7200,1.2571429,100,100,62.6,1.5314285,Very Low,68.6,0.95739245,100,1747091700,Very Low,1.0815417,1.8572099,Very Low,2.1745272,60.0,2.5714285,100,1747091700,1.9142857
2025-05-12T23:17:19Z,0,29.896,73.1,62,64.3,1,0,9,83,0.0,255,32767,0.0,2127-15-31,0.0,0.16,26.24,0.0,0.0,0.0,0,4.828125,6,45,05:48,20:12,2025-05-12 23:17:19.467591,Città della Scienza,74.1,1.7372537,9.807007,1.3519272,0.86712426,EU EEA Common AQI,69.3,1.0839053,8.765361,7200,1.2571429,100,100,62.6,1.5314285,Very Low,68.6,0.95739245,100,1747091700,Very Low,1.0815417,1.8572099,Very Low,2.1745272,60.0,2.5714285,100,1747091700,1.9142857
2025-05-12T23:17:30Z,0,29.896,73.1,62,64.3,1,0,9,83,0.0,255,32767,0.0,2127-15-31,0.0,0.16,26.24,0.0,0.0,0.0,0,4.828125,6,45,05:48,20:12,2025-05-12 23:17:30.562601,Città della Scienza,74.1,1.7372537,9.807007,1.3519272,0.86712426,EU EEA Common AQI,69.3,1.0839053,8.765361,7200,1.2571429,100,100,62.6,1.5314285,Very Low,68.6,0.95739245,100,1747091700,Very Low,1.0815417,1.8572099,Very Low,2.1745272,60.0,2.5714285,100,1747091700,1.9142857
2025-05-12T23:17:41Z,0,29.897,73.1,62,64.3,1,0,9,83,0.0,255,32767,0.0,2127-15-31,0.0,0.16,26.24,0.0,0.0,0.0,0,4.828125,6,45,05:48,20:12,2025-05-12 23:17:41.651595,Città della Scienza,74.1,1.7372537,9.807007,1.3519272,0.86712426,EU EEA Common AQI,69.3,1.0839053,8.765361,7200,1.2571429,100,100,62.6,1.5314285,Very Low,68.6,0.95739245,100,1747091700,Very Low,1.0815417,1.8572099,Very Low,2.1745272,60.0,2.5714285,100,1747091700,1.9142857
2025-05-12T23:17:52Z,0,29.897,73.1,62,64.2,1,0,9,83,0.0,255,32767,0.0,2127-15-31,0.0,0.16,26.24,0.0,0.0,0.0,0,4.828125,6,45,05:48,20:12,2025-05-12 23:17:52.739587,Città della Scienza,74.1,1.7372537,9.807007,1.3519272,0.86712426,EU EEA Common AQI,69.3,1.0839053,8.765361,7200,1.2571429,100,100,62.6,1.5314285,Very Low,68.6,0.95739245,100,1747091700,Very Low,1.0815417,1.8572099,Very Low,2.1745272,60.0,2.5714285,100,1747091700,1.9142857
2025-05-12T23:18:04Z,0,29.897,73.1,62,64.2,1,0,9,83,0.0,255,32767,0.0,2127-15-31,0.0,0.16,26.24,0.0,0.0,0.0,0,4.828125,6,45,05:48,20:12,2025-05-12 23:18:03.804599,Città della Scienza,74.1,1.7372537,9.807007,1.3519272,0.86712426,EU EEA Common AQI,69.3,1.0839053,8.765361,7200,1.2571429,100,100,62.6,1.5314285,Very Low,68.6,0.95739245,100,1747091700,Very Low,1.0815417,1.8572099,Very Low,2.1745272,60.0,2.5714285,100,1747091700,1.9142857
2025-05-12T23:18:15Z,0,29.897,73.1,62,64.2,0,0,9,83,0.0,255,32767,0.0,2127-15-31,0.0,0.16,26.24,0.0,0.0,0.0,0,4.828125,6,45,05:48,20:12,2025-05-12 23:18:14.923594,Città della Scienza,74.1,1.7372537,9.807007,1.3519272,0.86712426,EU EEA Common AQI,69.3,1.0839053,8.765361,7200,1.2571429,100,100,62.6,1.5314285,Very Low,68.6,0.95739245,100,1747091700,Very Low,1.0815417,1.8572099,Very Low,2.1745272,60.0,2.5714285,100,1747091700,1.9142857
2025-05-12T23:18:26Z,0,29.897,73.1,62,64.3,0,0,9,83,0.0,255,32767,0.0,2127-15-31,0.0,0.16,26.24,0.0,0.0,0.0,0,4.828125,6,45,05:48,20:12,2025-05-12 23:18:26.030587,Città della Scienza,74.1,1.7372537,9.807007,1.3519272,0.86712426,EU EEA Common AQI,69.3,1.0839053,8.765361,7200,1.2571429,100,100,62.6,1.5314285,Very Low,68.6,0.95739245,100,1747091700,Very Low,1.0815417,1.8572099,Very Low,2.1745272,60.0,2.5714285,100,1747091700,1.9142857
2025-05-12T23:18:37Z,0,29.897,73.1,62,64.2,0,0,9,83,0.0,255,32767,0.0,2127-15-31,0.0,0.16,26.24,0.0,0.0,0.0,0,4.828125,6,45,05:48,20:12,2025-05-12 23:18:37.099587,Città della Scienza,74.1,1.7372537,9.807007,1.3519272,0.86712426,EU EEA Common AQI,69.3,1.0839053,8.765361,7200,1.2571429,100,100,62.6,1.5314285,Very Low,68.6,0.95739245,100,1747091700,Very Low,1.0815417,1.8572099,Very Low,2.1745272,60.0,2.5714285,100,1747091700,1.9142857
2025-05-12T23:18:48Z,0,29.897,73.1,62,64.2,0,0,9,83,0.0,255,32767,0.0,2127-15-31,0.0,0.16,26.24,0.0,0.0,0.0,0,4.828125,6,45,05:48,20:12,2025-05-12 23:18:48.158594,Città della Scienza,74.1,1.7372537,9.807007,1.3519272,0.86712426,EU EEA Common AQI,69.3,1.0839053,8.765361,7200,1.2571429,100,100,62.6,1.5314285,Very Low,68.6,0.95739245,100,1747091700,Very Low,1.0815417,1.8572099,Very Low,2.1745272,60.0,2.5714285,100,1747091700,1.9142857
2025-05-12T23:18:59Z,0,29.897,73.1,62,64.2,1,0,9,83,0.0,255,32767,0.0,2127-15-31,0.0,0.16,26.24,0.0,0.0,0.0,0,4.828125,6,45,05:48,20:12,2025-05-12 23:18:59.274589,Città della Scienza,74.1,1.7372537,9.807007,1.3519272,0.86712426,EU EEA Common AQI,69.3,1.0839053,8.765361,7200,1.2571429,100,100,62.6,1.5314285,Very Low,68.6,0.95739245,100,1747091700,Very Low,1.0815417,1.8572099,Very Low,2.1745272,60.0,2.5714285,100,1747091700,1.9142857
2025-05-12T23:19:10Z,0,29.897,73.1,62,64.2,0,0,9,83,0.0,255,32767,0.0,2127-15-31,0.0,0.16,26.24,0.0,0.0,0.0,0,4.828125,6,45,05:48,20:12,2025-05-12 23:19:10.353586,Città della Scienza,74.1,1.7372537,9.807007,1.3519272,0.86712426,EU EEA Common AQI,69.3,1.0839053,8.765361,7200,1.2571429,100,100,62.6,1.5314285,Very Low,68.6,0.95739245,100,1747091700,Very Low,1.0815417,1.8572099,Very Low,2.1745272,60.0,2.5714285,100,1747091700,1.9142857
2025-05-12T23:19:21Z,0,29.897,73.1,62,64.2,0,0,9,83,0.0,255,32767,0.0,2127-15-31,0.0,0.16,26.24,0.0,0.0,0.0,0,4.828125,6,45,05:48,20:12,2025-05-12 23:19:21.430590,Città della Scienza,74.1,1.7372537,9.807007,1.3519272,0.86712426,EU EEA Common AQI,69.3,1.0839053,8.765361,7200,1.2571429,100,100,62.6,1.5314285,Very Low,68.6,0.95739245,100,1747091700,Very Low,1.0815417,1.8572099,Very Low,2.1745272,60.0,2.5714285,100,1747091700,1.9142857
2025-05-12T23:19:32Z,0,29.896,73.1,62,64.2,0,0,9,83,0.0,255,32767,0.0,2127-15-31,0.0,0.16,26.24,0.0,0.0,0.0,0,4.828125,6,45,05:48,20:12,2025-05-12 23:19:32.495601,Città della Scienza,74.1,1.7372537,9.807007,1.3519272,0.86712426,EU EEA Common AQI,69.3,1.0839053,8.765361,7200,1.2571429,100,100,62.6,1.5314285,Very Low,68.6,0.95739245,100,1747091700,Very Low,1.0815417,1.8572099,Very Low,2.1745272,60.0,2.5714285,100,1747091700,1.9142857
2025-05-12T23:19:43Z,0,29.896,73.1,62,64.2,0,0,9,83,0.0,255,32767,0.0,2127-15-31,0.0,0.16,26.24,0.0,0.0,0.0,0,4.828125,6,45,05:48,20:12,2025-05-12 23:19:43.535612,Città della Scienza,74.1,1.7372537,9.807007,1.3519272,0.86712426,EU EEA Common AQI,69.3,1.0839053,8.765361,7200,1.2571429,100,100,62.6,1.5314285,Very Low,68.6,0.95739245,100,1747091700,Very Low,1.0815417,1.8572099,Very Low,2.1745272,60.0,2.5714285,100,1747091700,1.9142857
2025-05-12T23:19:54Z,0,29.896,73.1,62,64.2,0,0,9,83,0.0,255,32767,0.0,2127-15-31,0.0,0.16,26.24,0.0,0.0,0.0,0,4.828125,6,45,05:48,20:12,2025-05-12 23:19:54.600600,Città della Scienza,74.1,1.7372537,9.807007,1.3519272,0.86712426,EU EEA Common AQI,69.3,1.0839053,8.765361,7200,1.2571429,100,100,62.6,1.5314285,Very Low,68.6,0.95739245,100,1747091700,Very Low,1.0815417,1.8572099,Very Low,2.1745272,60.0,2.5714285,100,1747091700,1.9142857
2025-05-12T23:20:05Z,0,29.896,73.1,62,64.2,0,0,9,83,0.0,255,32767,0.0,2127-15-31,0.0,0.16,26.24,0.0,0.0,0.0,0,4.828125,6,45,05:48,20:12,2025-05-12 23:20:05.692587,Città della Scienza,74.1,1.7372537,9.807007,1.3519272,0.86712426,EU EEA Common AQI,69.3,1.0839053,8.765361,7200,1.2571429,100,100,62.6,1.5314285,Very Low,68.6,0.95739245,100,1747091700,Very Low,1.0815417,1.8572099,Very Low,2.1745272,60.0,2.5714285,100,1747091700,1.9142857
2025-05-12T23:20:17Z,0,29.896,73.1,62,64.1,0,0,9,83,0.0,255,32767,0.0,2127-15-31,0.0,0.16,26.24,0.0,0.0,0.0,0,4.828125,6,45,05:48,20:12,2025-05-12 23:20:16.818590,Città della Scienza,74.1,1.7372537,9.807007,1.3519272,0.86712426,EU EEA Common AQI,69.3,1.0839053,8.765361,7200,1.2571429,100,100,62.6,1.5314285,Very Low,68.6,0.95739245,100,1747091700,Very Low,1.0815417,1.8572099,Very Low,2.1745272,60.0,2.5714285,100,1747091700,1.9142857
2025-05-12T23:20:28Z,0,29.896,73.1,62,64.1,0,0,9,83,0.0,255,32767,0.0,2127-15-31,0.0,0.16,26.24,0.0,0.0,0.0,0,4.828125,6,45,05:48,20:12,2025-05-12 23:20:27.883601,Città della Scienza,74.1,1.7372537,9.807007,1.3519272,0.86712426,EU EEA Common AQI,69.3,1.0839053,8.765361,7200,1.2571429,100,100,62.6,1.5314285,Very Low,68.6,0.95739245,100,1747091700,Very Low,1.0815417,1.8572099,Very Low,2.1745272,60.0,2.5714285,100,1747091700,1.9142857
2025-05-12T23:20:39Z,0,29.894,73.2,62,64.1,0,0,9,83,0.0,255,32767,0.0,2127-15-31,0.0,0.16,26.24,0.0,0.0,0.0,0,4.828125,6,45,05:48,20:12,2025-05-12 23:20:39.004584,Città della Scienza,74.1,1.7372537,9.807007,1.3519272,0.86712426,EU EEA Common AQI,69.3,1.0839053,8.765361,7200,1.2571429,100,100,62.6,1.5314285,Very Low,68.6,0.95739245,100,1747091700,Very Low,1.0815417,1.8572099,Very Low,2.1745272,60.0,2.5714285,100,1747091700,1.9142857
2025-05-12T23:20:50Z,0,29.894,73.2,62,64.1,0,0,9,83,0.0,255,32767,0.0,2127-15-31,0.0,0.16,26.24,0.0,0.0,0.0,0,4.828125,6,45,05:48,20:12,2025-05-12 23:20:50.071604,Città della Scienza,74.1,1.7372537,9.807007,1.3519272,0.86712426,EU EEA Common AQI,69.3,1.0839053,8.765361,7200,1.2571429,100,100,62.6,1.5314285,Very Low,68.6,0.95739245,100,1747091700,Very Low,1.0815417,1.8572099,Very Low,2.1745272,60.0,2.5714285,100,1747091700,1.9142857
2025-05-12T23:21:01Z,0,29.894,73.2,62,64.1,0,0,9,83,0.0,255,32767,0.0,2127-15-31,0.0,0.16,26.24,0.0,0.0,0.0,0,4.828125,6,45,05:48,20:12,2025-05-12 23:21:01.147605,Città della Scienza,74.1,1.7372537,9.807007,1.3519272,0.86712426,EU EEA Common AQI,69.3,1.0839053,8.765361,7200,1.2571429,100,100,62.6,1.5314285,Very Low,68.6,0.95739245,100,1747091700,Very Low,1.0815417,1.8572099,Very Low,2.1745272,60.0,2.5714285,100,1747091700,1.9142857
2025-05-12T23:21:12Z,0,29.894,73.2,62,64.1,0,0,9,83,0.0,255,32767,0.0,2127-15-31,0.0,0.16,26.24,0.0,0.0,0.0,0,4.828125,6,45,05:48,20:12,2025-05-12 23:21:12.196589,Città della Scienza,74.1,1.7372537,9.807007,1.3519272,0.86712426,EU EEA Common AQI,69.3,1.0839053,8.765361,7200,1.2571429,100,100,62.6,1.5314285,Very Low,68.6,0.95739245,100,1747091700,Very Low,1.0815417,1.8572099,Very Low,2.1745272,60.0,2.5714285,100,1747091700,1.9142857
2025-05-12T23:21:23Z,0,29.894,73.2,62,64.1,0,0,9,83,0.0,255,32767,0.0,2127-15-31,0.0,0.16,26.24,0.0,0.0,0.0,0,4.828125,6,45,05:48,20:12,2025-05-12 23:21:23.317584,Città della Scienza,74.1,1.7372537,9.807007,1.3519272,0.86712426,EU EEA Common AQI,69.3,1.0839053,8.765361,7200,1.2571429,100,100,62.6,1.5314285,Very Low,68.6,0.95739245,100,1747091700,Very Low,1.0815417,1.8572099,Very Low,2.1745272,60.0,2.5714285,100,1747091700,1.9142857
2025-05-12T23:21:34Z,0,29.895,73.1,62,64.1,0,0,9,83,0.0,255,32767,0.0,2127-15-31,0.0,0.16,26.24,0.0,0.0,0.0,0,4.828125,6,45,05:48,20:12,2025-05-12 23:21:34.397597,Città della Scienza,74.1,1.7372537,9.807007,1.3519272,0.86712426,EU EEA Common AQI,69.3,1.0839053,8.765361,7200,1.2571429,100,100,62.6,1.5314285,Very Low,68.6,0.95739245,100,1747091700,Very Low,1.0815417,1.8572099,Very Low,2.1745272,60.0,2.5714285,100,1747091700,1.9142857
2025-05-12T23:21:45Z,0,29.895,73.1,62,64.1,0,0,9,83,0.0,255,32767,0.0,2127-15-31,0.0,0.16,26.24,0.0,0.0,0.0,0,4.828125,6,45,05:48,20:12,2025-05-12 23:21:45.516599,Città della Scienza,74.1,1.7372537,9.807007,1.3519272,0.86712426,EU EEA Common AQI,69.3,1.0839053,8.765361,7200,1.2571429,100,100,62.6,1.5314285,Very Low,68.6,0.95739245,100,1747091700,Very Low,1.0815417,1.8572099,Very Low,2.1745272,60.0,2.5714285,100,1747091700,1.9142857
2025-05-12T23:21:56Z,0,29.895,73.1,62,64.1,0,0,9,83,0.0,255,32767,0.0,2127-15-31,0.0,0.16,26.24,0.0,0.0,0.0,0,4.828125,6,45,05:48,20:12,2025-05-12 23:21:56.573599,Città della Scienza,74.1,1.7372537,9.807007,1.3519272,0.86712426,EU EEA Common AQI,69.3,1.0839053,8.765361,7200,1.2571429,100,100,62.6,1.5314285,Very Low,68.6,0.95739245,100,1747091700,Very Low,1.0815417,1.8572099,Very Low,2.1745272,60.0,2.5714285,100,1747091700,1.9142857
2025-05-12T23:22:07Z,0,29.895,73.1,62,64.1,0,0,9,83,0.0,255,32767,0.0,2127-15-31,0.0,0.16,26.24,0.0,0.0,0.0,0,4.828125,6,45,05:48,20:12,2025-05-12 23:22:07.651600,Città della Scienza,74.1,1.7372537,9.807007,1.3519272,0.86712426,EU EEA Common AQI,69.3,1.0839053,8.765361,7200,1.2571429,100,100,62.6,1.5314285,Very Low,68.6,0.95739245,100,1747091700,Very Low,1.0815417,1.8572099,Very Low,2.1745272,60.0,2.5714285,100,1747091700,1.9142857
2025-05-12T23:22:18Z,0,29.895,73.1,62,64.1,0,0,9,83,0.0,255,32767,0.0,2127-15-31,0.0,0.16,26.24,0.0,0.0,0.0,0,4.828125,6,45,05:48,20:12,2025-05-12 23:22:18.737591,Città della Scienza,74.1,1.7372537,9.807007,1.3519272,0.86712426,EU EEA Common AQI,69.3,1.0839053,8.765361,7200,1.2571429,100,100,62.6,1.5314285,Very Low,68.6,0.95739245,100,1747091700,Very Low,1.0815417,1.8572099,Very Low,2.1745272,60.0,2.5714285,100,1747091700,1.9142857
2025-05-12T23:22:30Z,0,29.895,73.1,62,64.1,0,0,9,84,0.0,255,32767,0.0,2127-15-31,0.0,0.16,26.24,0.0,0.0,0.0,0,4.828125,6,45,05:48,20:12,2025-05-12 23:22:29.836588,Città della Scienza,74.1,1.7372537,9.807007,1.3519272,0.86712426,EU EEA Common AQI,69.3,1.0839053,8.765361,7200,1.2571429,100,100,62.6,1.5314285,Very Low,68.6,0.95739245,100,1747091700,Very Low,1.0815417,1.8572099,Very Low,2.1745272,60.0,2.5714285,100,1747091700,1.9142857
2025-05-12T23:22:41Z,0,29.897,73.1,62,64.1,0,0,9,84,0.0,255,32767,0.0,2127-15-31,0.0,0.16,26.24,0.0,0.0,0.0,0,4.828125,6,45,05:48,20:12,2025-05-12 23:22:40.953612,Città della Scienza,74.1,1.7372537,9.807007,1.3519272,0.86712426,EU EEA Common AQI,69.3,1.0839053,8.765361,7200,1.2571429,100,100,62.6,1.5314285,Very Low,68.6,0.95739245,100,1747091700,Very Low,1.0815417,1.8572099,Very Low,2.1745272,60.0,2.5714285,100,1747091700,1.9142857
2025-05-12T23:22:52Z,0,29.897,73.1,62,64.1,0,0,9,84,0.0,255,32767,0.0,2127-15-31,0.0,0.16,26.24,0.0,0.0,0.0,0,4.828125,6,45,05:48,20:12,2025-05-12 23:22:52.049591,Città della Scienza,74.1,1.7372537,9.807007,1.3519272,0.86712426,EU EEA Common AQI,69.3,1.0839053,8.765361,7200,1.2571429,100,100,62.6,1.5314285,Very Low,68.6,0.95739245,100,1747091700,Very Low,1.0815417,1.8572099,Very Low,2.1745272,60.0,2.5714285,100,1747091700,1.9142857
2025-05-12T23:23:03Z,0,29.897,73.1,62,64.1,0,0,9,84,0.0,255,32767,0.0,2127-15-31,0.0,0.16,26.24,0.0,0.0,0.0,0,4.828125,6,45,05:48,20:12,2025-05-12 23:23:03.088616,Città della Scienza,74.1,1.7372537,9.807007,1.3519272,0.86712426,EU EEA Common AQI,69.3,1.0839053,8.765361,7200,1.2571429,100,100,62.6,1.5314285,Very Low,68.6,0.95739245,100,1747091700,Very Low,1.0815417,1.8572099,Very Low,2.1745272,60.0,2.5714285,100,1747091700,1.9142857
2025-05-12T23:23:14Z,0,29.897,73.1,62,64.2,0,0,9,84,0.0,255,32767,0.0,2127-15-31,0.0,0.16,26.24,0.0,0.0,0.0,0,4.828125,6,45,05:48,20:12,2025-05-12 23:23:14.186592,Città della Scienza,74.1,1.7372537,9.807007,1.3519272,0.86712426,EU EEA Common AQI,69.3,1.0839053,8.765361,7200,1.2571429,100,100,62.6,1.5314285,Very Low,68.6,0.95739245,100,1747091700,Very Low,1.0815417,1.8572099,Very Low,2.1745272,60.0,2.5714285,100,1747091700,1.9142857
2025-05-12T23:23:25Z,0,29.897,73.1,62,64.1,0,0,9,83,0.0,255,32767,0.0,2127-15-31,0.0,0.16,26.24,0.0,0.0,0.0,0,4.828125,6,45,05:48,20:12,2025-05-12 23:23:25.291562,Città della Scienza,74.1,1.7372537,9.807007,1.3519272,0.86712426,EU EEA Common AQI,69.3,1.0839053,8.765361,7200,1.2571429,100,100,62.6,1.5314285,Very Low,68.6,0.95739245,100,1747091700,Very Low,1.0815417,1.8572099,Very Low,2.1745272,60.0,2.5714285,100,1747091700,1.9142857
2025-05-12T23:23:36Z,0,29.895,73.1,62,64.1,0,0,9,83,0.0,255,32767,0.0,2127-15-31,0.0,0.16,26.24,0.0,0.0,0.0,0,4.828125,6,45,05:48,20:12,2025-05-12 23:23:36.407595,Città della Scienza,74.1,1.7372537,9.807007,1.3519272,0.86712426,EU EEA Common AQI,69.3,1.0839053,8.765361,7200,1.2571429,100,100,62.6,1.5314285,Very Low,68.6,0.95739245,100,1747091700,Very Low,1.0815417,1.8572099,Very Low,2.1745272,60.0,2.5714285,100,1747091700,1.9142857
2025-05-12T23:23:47Z,0,29.895,73.1,62,64.1,0,0,9,83,0.0,255,32767,0.0,2127-15-31,0.0,0.16,26.24,0.0,0.0,0.0,0,4.828125,6,45,05:48,20:12,2025-05-12 23:23:47.510600,Città della Scienza,74.1,1.7372537,9.807007,1.3519272,0.86712426,EU EEA Common AQI,69.3,1.0839053,8.765361,7200,1.2571429,100,100,62.6,1.5314285,Very Low,68.6,0.95739245,100,1747091700,Very Low,1.0815417,1.8572099,Very Low,2.1745272,60.0,2.5714285,100,1747091700,1.9142857
2025-05-12T23:23:58Z,0,29.895,73.1,62,64.1,0,0,9,83,0.0,255,32767,0.0,2127-15-31,0.0,0.16,26.24,0.0,0.0,0.0,0,4.828125,6,45,05:48,20:12,2025-05-12 23:23:58.587579,Città della Scienza,74.1,1.7372537,9.807007,1.3519272,0.86712426,EU EEA Common AQI,69.3,1.0839053,8.765361,7200,1.2571429,100,100,62.6,1.5314285,Very Low,68.6,0.95739245,100,1747091700,Very Low,1.0815417,1.8572099,Very Low,2.1745272,60.0,2.5714285,100,1747091700,1.9142857
2025-05-12T23:24:09Z,0,29.895,73.1,62,64.1,0,0,9,83,0.0,255,32767,0.0,2127-15-31,0.0,0.16,26.24,0.0,0.0,0.0,0,4.828125,6,45,05:48,20:12,2025-05-12 23:24:09.704596,Città della Scienza,74.1,1.7372537,9.807007,1.3519272,0.86712426,EU EEA Common AQI,69.3,1.0839053,8.765361,7200,1.2571429,100,100,62.6,1.5314285,Very Low,68.6,0.95739245,100,1747091700,Very Low,1.0815417,1.8572099,Very Low,2.1745272,60.0,2.5714285,100,1747091700,1.9142857
2025-05-12T23:24:21Z,0,29.895,73.1,62,64.1,0,0,9,83,0.0,255,32767,0.0,2127-15-31,0.0,0.16,26.24,0.0,0.0,0.0,0,4.828125,6,45,05:48,20:12,2025-05-12 23:24:20.800588,Città della Scienza,74.1,1.7372537,9.807007,1.3519272,0.86712426,EU EEA Common AQI,69.3,1.0839053,8.765361,7200,1.2571429,100,100,62.6,1.5314285,Very Low,68.6,0.95739245,100,1747091700,Very Low,1.0815417,1.8572099,Very Low,2.1745272,60.0,2.5714285,100,1747091700,1.9142857
2025-05-12T23:24:32Z,0,29.895,73.1,62,64.1,0,0,9,83,0.0,255,32767,0.0,2127-15-31,0.0,0.16,26.24,0.0,0.0,0.0,0,4.828125,6,45,05:48,20:12,2025-05-12 23:24:31.907600,Città della Scienza,74.1,1.7372537,9.807007,1.3519272,0.86712426,EU EEA Common AQI,69.3,1.0839053,8.765361,7200,1.2571429,100,100,62.6,1.5314285,Very Low,68.6,0.95739245,100,1747091700,Very Low,1.0815417,1.8572099,Very Low,2.1745272,60.0,2.5714285,100,1747091700,1.9142857
2025-05-12T23:24:43Z,0,29.895,73.1,62,64.1,0,0,9,83,0.0,255,32767,0.0,2127-15-31,0.0,0.16,26.24,0.0,0.0,0.0,0,4.828125,6,45,05:48,20:12,2025-05-12 23:24:42.986598,Città della Scienza,74.1,1.7372537,9.807007,1.3519272,0.86712426,EU EEA Common AQI,69.3,1.0839053,8.765361,7200,1.2571429,100,100,62.6,1.5314285,Very Low,68.6,0.95739245,100,1747091700,Very Low,1.0815417,1.8572099,Very Low,2.1745272,60.0,2.5714285,100,1747091700,1.9142857
2025-05-12T23:24:54Z,0,29.895,73.1,62,64.1,0,0,9,83,0.0,255,32767,0.0,2127-15-31,0.0,0.16,26.24,0.0,0.0,0.0,0,4.828125,6,45,05:48,20:12,2025-05-12 23:24:54.054589,Città della Scienza,74.1,1.7372537,9.807007,1.3519272,0.86712426,EU EEA Common AQI,69.3,1.0839053,8.765361,7200,1.2571429,100,100,62.6,1.5314285,Very Low,68.6,0.95739245,100,1747091700,Very Low,1.0815417,1.8572099,Very Low,2.1745272,60.0,2.5714285,100,1747091700,1.9142857
2025-05-12T23:25:05Z,0,29.895,73.1,62,64.1,0,0,9,83,0.0,255,32767,0.0,2127-15-31,0.0,0.16,26.24,0.0,0.0,0.0,0,4.828125,6,45,05:48,20:12,2025-05-12 23:25:05.131610,Città della Scienza,74.1,1.7372537,9.807007,1.3519272,0.86712426,EU EEA Common AQI,69.3,1.0839053,8.765361,7200,1.2571429,100,100,62.6,1.5314285,Very Low,68.6,0.95739245,100,1747091700,Very Low,1.0815417,1.8572099,Very Low,2.1745272,60.0,2.5714285,100,1747091700,1.9142857
2025-05-12T23:25:16Z,0,29.895,73.1,62,64.1,0,0,9,83,0.0,255,32767,0.0,2127-15-31,0.0,0.16,26.24,0.0,0.0,0.0,0,4.828125,6,45,05:48,20:12,2025-05-12 23:25:16.202593,Città della Scienza,74.1,1.7372537,9.807007,1.3519272,0.86712426,EU EEA Common AQI,69.3,1.0839053,8.765361,7200,1.2571429,100,100,62.6,1.5314285,Very Low,68.6,0.95739245,100,1747091700,Very Low,1.0815417,1.8572099,Very Low,2.1745272,60.0,2.5714285,100,1747091700,1.9142857
2025-05-12T23:25:27Z,0,29.895,73.1,62,64.1,0,0,9,83,0.0,255,32767,0.0,2127-15-31,0.0,0.16,26.24,0.0,0.0,0.0,0,4.828125,6,45,05:48,20:12,2025-05-12 23:25:27.288595,Città della Scienza,74.1,1.7372537,9.807007,1.3519272,0.86712426,EU EEA Common AQI,69.3,1.0839053,8.765361,7200,1.2571429,100,100,62.6,1.5314285,Very Low,68.6,0.95739245,100,1747091700,Very Low,1.0815417,1.8572099,Very Low,2.1745272,60.0,2.5714285,100,1747091700,1.9142857
2025-05-12T23:25:38Z,0,29.894,73.1,62,64.1,0,0,9,83,0.0,255,32767,0.0,2127-15-31,0.0,0.16,26.24,0.0,0.0,0.0,0,4.828125,6,45,05:48,20:12,2025-05-12 23:25:38.360612,Città della Scienza,74.1,1.7372537,9.807007,1.3519272,0.86712426,EU EEA Common AQI,69.3,1.0839053,8.765361,7200,1.2571429,100,100,62.6,1.5314285,Very Low,68.6,0.95739245,100,1747091700,Very Low,1.0815417,1.8572099,Very Low,2.1745272,60.0,2.5714285,100,1747091700,1.9142857
2025-05-12T23:25:49Z,0,29.894,73.1,62,64.1,0,0,9,83,0.0,255,32767,0.0,2127-15-31,0.0,0.16,26.24,0.0,0.0,0.0,0,4.828125,6,45,05:48,20:12,2025-05-12 23:25:49.438617,Città della Scienza,74.1,1.7372537,9.807007,1.3519272,0.86712426,EU EEA Common AQI,69.3,1.0839053,8.765361,7200,1.2571429,100,100,62.6,1.5314285,Very Low,68.6,0.95739245,100,1747091700,Very Low,1.0815417,1.8572099,Very Low,2.1745272,60.0,2.5714285,100,1747091700,1.9142857
2025-05-12T23:26:00Z,0,29.894,73.1,62,64.1,0,0,9,83,0.0,255,32767,0.0,2127-15-31,0.0,0.16,26.24,0.0,0.0,0.0,0,4.828125,6,45,05:48,20:12,2025-05-12 23:26:00.500626,Città della Scienza,74.1,1.7372537,9.807007,1.3519272,0.86712426,EU EEA Common AQI,69.3,1.0839053,8.765361,7200,1.2571429,100,100,62.6,1.5314285,Very Low,68.6,0.95739245,100,1747091700,Very Low,1.0815417,1.8572099,Very Low,2.1745272,60.0,2.5714285,100,1747091700,1.9142857
2025-05-12T23:26:11Z,0,29.894,73.1,62,64.1,0,0,9,83,0.0,255,32767,0.0,2127-15-31,0.0,0.16,26.24,0.0,0.0,0.0,0,4.828125,6,45,05:48,20:12,2025-05-12 23:26:11.567591,Città della Scienza,74.1,1.7372537,9.807007,1.3519272,0.86712426,EU EEA Common AQI,69.3,1.0839053,8.765361,7200,1.2571429,100,100,62.6,1.5314285,Very Low,68.6,0.95739245,100,1747091700,Very Low,1.0815417,1.8572099,Very Low,2.1745272,60.0,2.5714285,100,1747091700,1.9142857
2025-05-12T23:26:22Z,0,29.894,73.1,62,64.1,0,0,9,83,0.0,255,32767,0.0,2127-15-31,0.0,0.16,26.24,0.0,0.0,0.0,0,4.828125,6,45,05:48,20:12,2025-05-12 23:26:22.621602,Città della Scienza,74.1,1.7372537,9.807007,1.3519272,0.86712426,EU EEA Common AQI,69.3,1.0839053,8.765361,7200,1.2571429,100,100,62.6,1.5314285,Very Low,68.6,0.95739245,100,1747091700,Very Low,1.0815417,1.8572099,Very Low,2.1745272,60.0,2.5714285,100,1747091700,1.9142857
2025-05-12T23:26:33Z,0,29.893,73.1,62,64.1,0,0,9,83,0.0,255,32767,0.0,2127-15-31,0.0,0.16,26.24,0.0,0.0,0.0,0,4.828125,6,45,05:48,20:12,2025-05-12 23:26:33.717594,Città della Scienza,74.1,1.7372537,9.807007,1.3519272,0.86712426,EU EEA Common AQI,69.3,1.0839053,8.765361,7200,1.2571429,100,100,62.6,1.5314285,Very Low,68.6,0.95739245,100,1747091700,Very Low,1.0815417,1.8572099,Very Low,2.1745272,60.0,2.5714285,100,1747091700,1.9142857
2025-05-12T23:26:44Z,0,29.893,73.1,62,64.1,0,0,9,83,0.0,255,32767,0.0,2127-15-31,0.0,0.16,26.24,0.0,0.0,0.0,0,4.828125,6,45,05:48,20:12,2025-05-12 23:26:44.789594,Città della Scienza,74.1,1.7372537,9.807007,1.3519272,0.86712426,EU EEA Common AQI,69.3,1.0839053,8.765361,7200,1.2571429,100,100,62.6,1.5314285,Very Low,68.6,0.95739245,100,1747091700,Very Low,1.0815417,1.8572099,Very Low,2.1745272,60.0,2.5714285,100,1747091700,1.9142857
2025-05-12T23:26:56Z,0,29.893,73.1,62,64.1,0,0,9,83,0.0,255,32767,0.0,2127-15-31,0.0,0.16,26.24,0.0,0.0,0.0,0,4.828125,6,45,05:48,20:12,2025-05-12 23:26:55.911589,Città della Scienza,74.1,1.7372537,9.807007,1.3519272,0.86712426,EU EEA Common AQI,69.3,1.0839053,8.765361,7200,1.2571429,100,100,62.6,1.5314285,Very Low,68.6,0.95739245,100,1747091700,Very Low,1.0815417,1.8572099,Very Low,2.1745272,60.0,2.5714285,100,1747091700,1.9142857
2025-05-12T23:27:07Z,0,29.893,73.1,62,64.1,0,0,9,83,0.0,255,32767,0.0,2127-15-31,0.0,0.16,26.24,0.0,0.0,0.0,0,4.828125,6,45,05:48,20:12,2025-05-12 23:27:07.031592,Città della Scienza,74.1,1.7372537,9.807007,1.3519272,0.86712426,EU EEA Common AQI,69.3,1.0839053,8.765361,7200,1.2571429,100,100,62.6,1.5314285,Very Low,68.6,0.95739245,100,1747091700,Very Low,1.0815417,1.8572099,Very Low,2.1745272,60.0,2.5714285,100,1747091700,1.9142857
2025-05-12T23:27:18Z,0,29.893,73.1,62,64.1,0,0,9,83,0.0,255,32767,0.0,2127-15-31,0.0,0.16,26.24,0.0,0.0,0.0,0,4.828125,6,45,05:48,20:12,2025-05-12 23:27:18.080588,Città della Scienza,74.1,1.7372537,9.807007,1.3519272,0.86712426,EU EEA Common AQI,69.3,1.0839053,8.765361,7200,1.2571429,100,100,62.6,1.5314285,Very Low,68.6,0.95739245,100,1747091700,Very Low,1.0815417,1.8572099,Very Low,2.1745272,60.0,2.5714285,100,1747091700,1.9142857
2025-05-12T23:27:29Z,0,29.893,73.1,62,64.1,0,0,9,83,0.0,255,32767,0.0,2127-15-31,0.0,0.16,26.24,0.0,0.0,0.0,0,4.828125,6,45,05:48,20:12,2025-05-12 23:27:29.120593,Città della Scienza,74.1,1.7372537,9.807007,1.3519272,0.86712426,EU EEA Common AQI,69.3,1.0839053,8.765361,7200,1.2571429,100,100,62.6,1.5314285,Very Low,68.6,0.95739245,100,1747091700,Very Low,1.0815417,1.8572099,Very Low,2.1745272,60.0,2.5714285,100,1747091700,1.9142857
2025-05-12T23:27:40Z,0,29.893,73.1,62,64.1,0,0,9,83,0.0,255,32767,0.0,2127-15-31,0.0,0.16,26.24,0.0,0.0,0.0,0,4.828125,6,45,05:48,20:12,2025-05-12 23:27:40.206588,Città della Scienza,74.1,1.7372537,9.807007,1.3519272,0.86712426,EU EEA Common AQI,69.3,1.0839053,8.765361,7200,1.2571429,100,100,62.6,1.5314285,Very Low,68.6,0.95739245,100,1747091700,Very Low,1.0815417,1.8572099,Very Low,2.1745272,60.0,2.5714285,100,1747091700,1.9142857
2025-05-12T23:27:51Z,0,29.893,73.1,62,64.1,0,0,9,83,0.0,255,32767,0.0,2127-15-31,0.0,0.16,26.24,0.0,0.0,0.0,0,4.828125,6,45,05:48,20:12,2025-05-12 23:27:51.293589,Città della Scienza,74.1,1.7372537,9.807007,1.3519272,0.86712426,EU EEA Common AQI,69.3,1.0839053,8.765361,7200,1.2571429,100,100,62.6,1.5314285,Very Low,68.6,0.95739245,100,1747091700,Very Low,1.0815417,1.8572099,Very Low,2.1745272,60.0,2.5714285,100,1747091700,1.9142857
2025-05-12T23:28:02Z,0,29.893,73.1,62,64.1,0,0,9,83,0.0,255,32767,0.0,2127-15-31,0.0,0.16,26.24,0.0,0.0,0.0,0,4.828125,6,45,05:48,20:12,2025-05-12 23:28:02.397583,Città della Scienza,74.1,1.7372537,9.807007,1.3519272,0.86712426,EU EEA Common AQI,69.3,1.0839053,8.765361,7200,1.2571429,100,100,62.6,1.5314285,Very Low,68.6,0.95739245,100,1747091700,Very Low,1.0815417,1.8572099,Very Low,2.1745272,60.0,2.5714285,100,1747091700,1.9142857
2025-05-12T23:28:13Z,0,29.893,73.1,62,64.1,0,0,9,83,0.0,255,32767,0.0,2127-15-31,0.0,0.16,26.24,0.0,0.0,0.0,0,4.828125,6,45,05:48,20:12,2025-05-12 23:28:13.467597,Città della Scienza,74.1,1.7372537,9.807007,1.3519272,0.86712426,EU EEA Common AQI,69.3,1.0839053,8.765361,7200,1.2571429,100,100,62.6,1.5314285,Very Low,68.6,0.95739245,100,1747091700,Very Low,1.0815417,1.8572099,Very Low,2.1745272,60.0,2.5714285,100,1747091700,1.9142857
2025-05-12T23:28:24Z,0,29.893,73.1,62,64.0,0,0,9,83,0.0,255,32767,0.0,2127-15-31,0.0,0.16,26.24,0.0,0.0,0.0,0,4.828125,6,45,05:48,20:12,2025-05-12 23:28:24.561597,Città della Scienza,74.1,1.7372537,9.807007,1.3519272,0.86712426,EU EEA Common AQI,69.3,1.0839053,8.765361,7200,1.2571429,100,100,62.6,1.5314285,Very Low,68.6,0.95739245,100,1747091700,Very Low,1.0815417,1.8572099,Very Low,2.1745272,60.0,2.5714285,100,1747091700,1.9142857
2025-05-12T23:28:35Z,0,29.895,73.1,62,64.1,0,0,9,83,0.0,255,32767,0.0,2127-15-31,0.0,0.16,26.24,0.0,0.0,0.0,0,4.828125,6,45,05:48,20:12,2025-05-12 23:28:35.672581,Città della Scienza,74.1,1.7372537,9.807007,1.3519272,0.86712426,EU EEA Common AQI,69.3,1.0839053,8.765361,7200,1.2571429,100,100,62.6,1.5314285,Very Low,68.6,0.95739245,100,1747091700,Very Low,1.0815417,1.8572099,Very Low,2.1745272,60.0,2.5714285,100,1747091700,1.9142857
2025-05-12T23:28:46Z,0,29.895,73.1,62,64.1,0,0,9,83,0.0,255,32767,0.0,2127-15-31,0.0,0.16,26.24,0.0,0.0,0.0,0,4.828125,6,45,05:48,20:12,2025-05-12 23:28:46.763589,Città della Scienza,74.1,1.7372537,9.807007,1.3519272,0.86712426,EU EEA Common AQI,69.3,1.0839053,8.765361,7200,1.2571429,100,100,62.6,1.5314285,Very Low,68.6,0.95739245,100,1747091700,Very Low,1.0815417,1.8572099,Very Low,2.1745272,60.0,2.5714285,100,1747091700,1.9142857
2025-05-12T23:28:58Z,0,29.895,73.1,62,64.1,0,0,9,83,0.0,255,32767,0.0,2127-15-31,0.0,0.16,26.24,0.0,0.0,0.0,0,4.828125,6,45,05:48,20:12,2025-05-12 23:28:57.872596,Città della Scienza,74.1,1.7372537,9.807007,1.3519272,0.86712426,EU EEA Common AQI,69.3,1.0839053,8.765361,7200,1.2571429,100,100,62.6,1.5314285,Very Low,68.6,0.95739245,100,1747091700,Very Low,1.0815417,1.8572099,Very Low,2.1745272,60.0,2.5714285,100,1747091700,1.9142857
2025-05-12T23:29:09Z,0,29.895,73.1,62,64.0,0,0,9,83,0.0,255,32767,0.0,2127-15-31,0.0,0.16,26.24,0.0,0.0,0.0,0,4.828125,6,45,05:48,20:12,2025-05-12 23:29:08.949373,Città della Scienza,74.1,1.7372537,9.807007,1.3519272,0.86712426,EU EEA Common AQI,69.3,1.0839053,8.765361,7200,1.2571429,100,100,62.6,1.5314285,Very Low,68.6,0.95739245,100,1747091700,Very Low,1.0815417,1.8572099,Very Low,2.1745272,60.0,2.5714285,100,1747091700,1.9142857
2025-05-12T23:29:20Z,0,29.895,73.1,62,64.0,0,0,9,83,0.0,255,32767,0.0,2127-15-31,0.0,0.16,26.24,0.0,0.0,0.0,0,4.828125,6,45,05:48,20:12,2025-05-12 23:29:20.045552,Città della Scienza,74.1,1.7372537,9.807007,1.3519272,0.86712426,EU EEA Common AQI,69.3,1.0839053,8.765361,7200,1.2571429,100,100,62.6,1.5314285,Very Low,68.6,0.95739245,100,1747091700,Very Low,1.0815417,1.8572099,Very Low,2.1745272,60.0,2.5714285,100,1747091700,1.9142857
2025-05-12T23:29:31Z,0,29.895,73.1,62,64.0,0,0,9,83,0.0,255,32767,0.0,2127-15-31,0.0,0.16,26.24,0.0,0.0,0.0,0,4.828125,6,45,05:48,20:12,2025-05-12 23:29:31.303597,Città della Scienza,74.1,1.7372537,9.807007,1.3519272,0.86712426,EU EEA Common AQI,69.3,1.0839053,8.765361,7200,1.2571429,100,100,62.6,1.5314285,Very Low,68.6,0.95739245,100,1747091700,Very Low,1.0815417,1.8572099,Very Low,2.1745272,60.0,2.5714285,100,1747091700,1.9142857
2025-05-12T23:29:42Z,0,29.894,73.1,62,64.0,0,0,9,83,0.0,255,32767,0.0,2127-15-31,0.0,0.16,26.24,0.0,0.0,0.0,0,4.828125,6,45,05:48,20:12,2025-05-12 23:29:42.350597,Città della Scienza,74.1,1.7372537,9.807007,1.3519272,0.86712426,EU EEA Common AQI,69.3,1.0839053,8.765361,7200,1.2571429,100,100,62.6,1.5314285,Very Low,68.6,0.95739245,100,1747091700,Very Low,1.0815417,1.8572099,Very Low,2.1745272,60.0,2.5714285,100,1747091700,1.9142857
2025-05-12T23:29:53Z,0,29.894,73.1,62,64.0,0,0,9,83,0.0,255,32767,0.0,2127-15-31,0.0,0.16,26.24,0.0,0.0,0.0,0,4.828125,6,45,05:48,20:12,2025-05-12 23:29:53.443595,Città della Scienza,74.1,1.7372537,9.807007,1.3519272,0.86712426,EU EEA Common AQI,69.3,1.0839053,8.765361,7200,1.2571429,100,100,62.6,1.5314285,Very Low,68.6,0.95739245,100,1747091700,Very Low,1.0815417,1.8572099,Very Low,2.1745272,60.0,2.5714285,100,1747091700,1.9142857
2025-05-12T23:30:04Z,0,29.894,73.1,62,64.0,0,0,9,83,0.0,255,32767,0.0,2127-15-31,0.0,0.16,26.24,0.0,0.0,0.0,0,4.828125,6,45,05:48,20:12,2025-05-12 23:30:04.503599,Città della Scienza,74.1,1.7372537,9.807007,1.3519272,0.86712426,EU EEA Common AQI,69.3,1.0839053,8.765361,7200,1.2571429,100,100,62.6,1.5314285,Very Low,68.6,0.95739245,100,1747091700,Very Low,1.0815417,1.8572099,Very Low,2.1745272,60.0,2.5714285,100,1747091700,1.9142857
2025-05-12T23:30:15Z,0,29.894,73.1,62,64.0,0,0,9,83,0.0,255,32767,0.0,2127-15-31,0.0,0.16,26.24,0.0,0.0,0.0,0,4.828125,6,45,05:48,20:12,2025-05-12 23:30:15.614600,Città della Scienza,74.1,1.7372537,9.807007,1.3519272,0.86712426,EU EEA Common AQI,69.3,1.0839053,8.765361,7200,1.2571429,100,100,62.6,1.5314285,Very Low,68.6,0.95739245,100,1747091700,Very Low,1.0815417,1.8572099,Very Low,2.1745272,60.0,2.5714285,100,1747091700,1.9142857
2025-05-12T23:30:26Z,0,29.894,73.1,62,64.0,0,0,9,84,0.0,255,32767,0.0,2127-15-31,0.0,0.16,26.24,0.0,0.0,0.0,0,4.828125,6,45,05:48,20:12,2025-05-12 23:30:26.710592,Città della Scienza,75.2,1.8047711,9.708381,1.5947822,0.9692106,EU EEA Common AQI,69.0,1.2115134,8.670892,7200,1.1857142,100,100,62.5,1.1314285,Very Low,68.2,1.053694,100,1747092600,Very Low,1.2758257,1.9784629,Very Low,2.3934896,60.0,3.0857143,100,1747092600,1.4142857
2025-05-12T23:30:37Z,0,29.893,73.2,62,64.0,0,0,9,84,0.0,255,32767,0.0,2127-15-31,0.0,0.16,26.24,0.0,0.0,0.0,0,4.828125,6,45,05:48,20:12,2025-05-12 23:30:37.798593,Città della Scienza,75.2,1.8047711,9.708381,1.5947822,0.9692106,EU EEA Common AQI,69.0,1.2115134,8.670892,7200,1.1857142,100,100,62.5,1.1314285,Very Low,68.2,1.053694,100,1747092600,Very Low,1.2758257,1.9784629,Very Low,2.3934896,60.0,3.0857143,100,1747092600,1.4142857
2025-05-12T23:30:49Z,0,29.893,73.2,62,64.0,0,0,333,84,0.0,255,32767,0.0,2127-15-31,0.0,0.16,26.24,0.0,0.0,0.0,0,4.828125,6,45,05:48,20:12,2025-05-12 23:30:48.899596,Città della Scienza,75.2,1.8047711,9.708381,1.5947822,0.9692106,EU EEA Common AQI,69.0,1.2115134,8.670892,7200,1.1857142,100,100,62.5,1.1314285,Very Low,68.2,1.053694,100,1747092600,Very Low,1.2758257,1.9784629,Very Low,2.3934896,60.0,3.0857143,100,1747092600,1.4142857
2025-05-12T23:31:00Z,0,29.893,73.2,62,64.0,0,0,289,84,0.0,255,32767,0.0,2127-15-31,0.0,0.16,26.24,0.0,0.0,0.0,0,4.828125,6,45,05:48,20:12,2025-05-12 23:30:59.976551,Città della Scienza,75.2,1.8047711,9.708381,1.5947822,0.9692106,EU EEA Common AQI,69.0,1.2115134,8.670892,7200,1.1857142,100,100,62.5,1.1314285,Very Low,68.2,1.053694,100,1747092600,Very Low,1.2758257,1.9784629,Very Low,2.3934896,60.0,3.0857143,100,1747092600,1.4142857
2025-05-12T23:31:11Z,0,29.893,73.2,62,64.0,0,0,289,84,0.0,255,32767,0.0,2127-15-31,0.0,0.16,26.24,0.0,0.0,0.0,0,4.828125,6,45,05:48,20:12,2025-05-12 23:31:11.070593,Città della Scienza,75.2,1.8047711,9.708381,1.5947822,0.9692106,EU EEA Common AQI,69.0,1.2115134,8.670892,7200,1.1857142,100,100,62.5,1.1314285,Very Low,68.2,1.053694,100,1747092600,Very Low,1.2758257,1.9784629,Very Low,2.3934896,60.0,3.0857143,100,1747092600,1.4142857
2025-05-12T23:31:22Z,0,29.893,73.2,62,64.0,0,0,289,84,0.0,255,32767,0.0,2127-15-31,0.0,0.16,26.24,0.0,0.0,0.0,0,4.828125,6,45,05:48,20:12,2025-05-12 23:31:22.179554,Città della Scienza,75.2,1.8047711,9.708381,1.5947822,0.9692106,EU EEA Common AQI,69.0,1.2115134,8.670892,7200,1.1857142,100,100,62.5,1.1314285,Very Low,68.2,1.053694,100,1747092600,Very Low,1.2758257,1.9784629,Very Low,2.3934896,60.0,3.0857143,100,1747092600,1.4142857
2025-05-12T23:31:33Z,0,29.893,73.2,62,64.0,0,0,289,84,0.0,255,32767,0.0,2127-15-31,0.0,0.16,26.24,0.0,0.0,0.0,0,4.828125,6,45,05:48,20:12,2025-05-12 23:31:33.269594,Città della Scienza,75.2,1.8047711,9.708381,1.5947822,0.9692106,EU EEA Common AQI,69.0,1.2115134,8.670892,7200,1.1857142,100,100,62.5,1.1314285,Very Low,68.2,1.053694,100,1747092600,Very Low,1.2758257,1.9784629,Very Low,2.3934896,60.0,3.0857143,100,1747092600,1.4142857
2025-05-12T23:31:44Z,0,29.893,73.2,62,64.0,0,0,289,84,0.0,255,32767,0.0,2127-15-31,0.0,0.16,26.24,0.0,0.0,0.0,0,4.828125,6,45,05:48,20:12,2025-05-12 23:31:44.359596,Città della Scienza,75.2,1.8047711,9.708381,1.5947822,0.9692106,EU EEA Common AQI,69.0,1.2115134,8.670892,7200,1.1857142,100,100,62.5,1.1314285,Very Low,68.2,1.053694,100,1747092600,Very Low,1.2758257,1.9784629,Very Low,2.3934896,60.0,3.0857143,100,1747092600,1.4142857
2025-05-12T23:31:55Z,0,29.893,73.2,62,64.0,0,0,289,84,0.0,255,32767,0.0,2127-15-31,0.0,0.16,26.24,0.0,0.0,0.0,0,4.828125,6,45,05:48,20:12,2025-05-12 23:31:55.423570,Città della Scienza,75.2,1.8047711,9.708381,1.5947822,0.9692106,EU EEA Common AQI,69.0,1.2115134,8.670892,7200,1.1857142,100,100,62.5,1.1314285,Very Low,68.2,1.053694,100,1747092600,Very Low,1.2758257,1.9784629,Very Low,2.3934896,60.0,3.0857143,100,1747092600,1.4142857
2025-05-12T23:32:06Z,0,29.893,73.2,62,64.0,0,0,289,84,0.0,255,32767,0.0,2127-15-31,0.0,0.16,26.24,0.0,0.0,0.0,0,4.828125,6,45,05:48,20:12,2025-05-12 23:32:06.490597,Città della Scienza,75.2,1.8047711,9.708381,1.5947822,0.9692106,EU EEA Common AQI,69.0,1.2115134,8.670892,7200,1.1857142,100,100,62.5,1.1314285,Very Low,68.2,1.053694,100,1747092600,Very Low,1.2758257,1.9784629,Very Low,2.3934896,60.0,3.0857143,100,1747092600,1.4142857
2025-05-12T23:32:17Z,0,29.893,73.2,62,64.0,0,0,289,84,0.0,255,32767,0.0,2127-15-31,0.0,0.16,26.24,0.0,0.0,0.0,0,4.828125,6,45,05:48,20:12,2025-05-12 23:32:17.575614,Città della Scienza,75.2,1.8047711,9.708381,1.5947822,0.9692106,EU EEA Common AQI,69.0,1.2115134,8.670892,7200,1.1857142,100,100,62.5,1.1314285,Very Low,68.2,1.053694,100,1747092600,Very Low,1.2758257,1.9784629,Very Low,2.3934896,60.0,3.0857143,100,1747092600,1.4142857
2025-05-12T23:32:28Z,0,29.893,73.2,62,64.0,0,0,289,84,0.0,255,32767,0.0,2127-15-31,0.0,0.16,26.24,0.0,0.0,0.0,0,4.828125,6,45,05:48,20:12,2025-05-12 23:32:28.628593,Città della Scienza,75.2,1.8047711,9.708381,1.5947822,0.9692106,EU EEA Common AQI,69.0,1.2115134,8.670892,7200,1.1857142,100,100,62.5,1.1314285,Very Low,68.2,1.053694,100,1747092600,Very Low,1.2758257,1.9784629,Very Low,2.3934896,60.0,3.0857143,100,1747092600,1.4142857
2025-05-12T23:32:39Z,0,29.893,73.2,62,64.0,0,0,289,84,0.0,255,32767,0.0,2127-15-31,0.0,0.16,26.24,0.0,0.0,0.0,0,4.828125,6,45,05:48,20:12,2025-05-12 23:32:39.738606,Città della Scienza,75.2,1.8047711,9.708381,1.5947822,0.9692106,EU EEA Common AQI,69.0,1.2115134,8.670892,7200,1.1857142,100,100,62.5,1.1314285,Very Low,68.2,1.053694,100,1747092600,Very Low,1.2758257,1.9784629,Very Low,2.3934896,60.0,3.0857143,100,1747092600,1.4142857
2025-05-12T23:32:51Z,0,29.893,73.2,62,64.0,0,0,289,84,0.0,255,32767,0.0,2127-15-31,0.0,0.16,26.24,0.0,0.0,0.0,0,4.828125,6,45,05:48,20:12,2025-05-12 23:32:50.807597,Città della Scienza,75.2,1.8047711,9.708381,1.5947822,0.9692106,EU EEA Common AQI,69.0,1.2115134,8.670892,7200,1.1857142,100,100,62.5,1.1314285,Very Low,68.2,1.053694,100,1747092600,Very Low,1.2758257,1.9784629,Very Low,2.3934896,60.0,3.0857143,100,1747092600,1.4142857
2025-05-12T23:33:02Z,0,29.893,73.2,62,64.0,0,0,289,84,0.0,255,32767,0.0,2127-15-31,0.0,0.16,26.24,0.0,0.0,0.0,0,4.828125,6,45,05:48,20:12,2025-05-12 23:33:01.862612,Città della Scienza,75.2,1.8047711,9.708381,1.5947822,0.9692106,EU EEA Common AQI,69.0,1.2115134,8.670892,7200,1.1857142,100,100,62.5,1.1314285,Very Low,68.2,1.053694,100,1747092600,Very Low,1.2758257,1.9784629,Very Low,2.3934896,60.0,3.0857143,100,1747092600,1.4142857
2025-05-12T23:33:13Z,0,29.893,73.2,62,64.0,0,0,289,84,0.0,255,32767,0.0,2127-15-31,0.0,0.16,26.24,0.0,0.0,0.0,0,4.828125,6,45,05:48,20:12,2025-05-12 23:33:12.950598,Città della Scienza,75.2,1.8047711,9.708381,1.5947822,0.9692106,EU EEA Common AQI,69.0,1.2115134,8.670892,7200,1.1857142,100,100,62.5,1.1314285,Very Low,68.2,1.053694,100,1747092600,Very Low,1.2758257,1.9784629,Very Low,2.3934896,60.0,3.0857143,100,1747092600,1.4142857
2025-05-12T23:33:24Z,0,29.893,73.2,62,64.0,0,0,289,84,0.0,255,32767,0.0,2127-15-31,0.0,0.16,26.24,0.0,0.0,0.0,0,4.828125,6,45,05:48,20:12,2025-05-12 23:33:23.974598,Città della Scienza,75.2,1.8047711,9.708381,1.5947822,0.9692106,EU EEA Common AQI,69.0,1.2115134,8.670892,7200,1.1857142,100,100,62.5,1.1314285,Very Low,68.2,1.053694,100,1747092600,Very Low,1.2758257,1.9784629,Very Low,2.3934896,60.0,3.0857143,100,1747092600,1.4142857
2025-05-12T23:33:35Z,0,29.893,73.1,62,64.1,0,0,289,84,0.0,255,32767,0.0,2127-15-31,0.0,0.16,26.24,0.0,0.0,0.0,0,4.828125,6,45,05:48,20:12,2025-05-12 23:33:35.032589,Città della Scienza,75.2,1.8047711,9.708381,1.5947822,0.9692106,EU EEA Common AQI,69.0,1.2115134,8.670892,7200,1.1857142,100,100,62.5,1.1314285,Very Low,68.2,1.053694,100,1747092600,Very Low,1.2758257,1.9784629,Very Low,2.3934896,60.0,3.0857143,100,1747092600,1.4142857
2025-05-12T23:33:46Z,0,29.893,73.1,62,64.0,0,0,289,84,0.0,255,32767,0.0,2127-15-31,0.0,0.16,26.24,0.0,0.0,0.0,0,4.828125,6,45,05:48,20:12,2025-05-12 23:33:46.163609,Città della Scienza,75.2,1.8047711,9.708381,1.5947822,0.9692106,EU EEA Common AQI,69.0,1.2115134,8.670892,7200,1.1857142,100,100,62.5,1.1314285,Very Low,68.2,1.053694,100,1747092600,Very Low,1.2758257,1.9784629,Very Low,2.3934896,60.0,3.0857143,100,1747092600,1.4142857
2025-05-12T23:33:57Z,0,29.893,73.1,62,64.0,0,0,289,84,0.0,255,32767,0.0,2127-15-31,0.0,0.16,26.24,0.0,0.0,0.0,0,4.828125,6,45,05:48,20:12,2025-05-12 23:33:57.214594,Città della Scienza,75.2,1.8047711,9.708381,1.5947822,0.9692106,EU EEA Common AQI,69.0,1.2115134,8.670892,7200,1.1857142,100,100,62.5,1.1314285,Very Low,68.2,1.053694,100,1747092600,Very Low,1.2758257,1.9784629,Very Low,2.3934896,60.0,3.0857143,100,1747092600,1.4142857
2025-05-12T23:34:08Z,0,29.893,73.1,62,64.1,0,0,289,84,0.0,255,32767,0.0,2127-15-31,0.0,0.16,26.24,0.0,0.0,0.0,0,4.828125,6,45,05:48,20:12,2025-05-12 23:34:08.331597,Città della Scienza,75.2,1.8047711,9.708381,1.5947822,0.9692106,EU EEA Common AQI,69.0,1.2115134,8.670892,7200,1.1857142,100,100,62.5,1.1314285,Very Low,68.2,1.053694,100,1747092600,Very Low,1.2758257,1.9784629,Very Low,2.3934896,60.0,3.0857143,100,1747092600,1.4142857
2025-05-12T23:34:19Z,0,29.893,73.1,62,64.0,0,0,289,84,0.0,255,32767,0.0,2127-15-31,0.0,0.16,26.24,0.0,0.0,0.0,0,4.828125,6,45,05:48,20:12,2025-05-12 23:34:19.402595,Città della Scienza,75.2,1.8047711,9.708381,1.5947822,0.9692106,EU EEA Common AQI,69.0,1.2115134,8.670892,7200,1.1857142,100,100,62.5,1.1314285,Very Low,68.2,1.053694,100,1747092600,Very Low,1.2758257,1.9784629,Very Low,2.3934896,60.0,3.0857143,100,1747092600,1.4142857
2025-05-12T23:34:30Z,0,29.893,73.1,62,64.0,0,0,289,84,0.0,255,32767,0.0,2127-15-31,0.0,0.16,26.24,0.0,0.0,0.0,0,4.828125,6,45,05:48,20:12,2025-05-12 23:34:30.479596,Città della Scienza,75.2,1.8047711,9.708381,1.5947822,0.9692106,EU EEA Common AQI,69.0,1.2115134,8.670892,7200,1.1857142,100,100,62.5,1.1314285,Very Low,68.2,1.053694,100,1747092600,Very Low,1.2758257,1.9784629,Very Low,2.3934896,60.0,3.0857143,100,1747092600,1.4142857
2025-05-12T23:34:41Z,0,29.894,73.2,62,64.0,0,0,289,84,0.0,255,32767,0.0,2127-15-31,0.0,0.16,26.24,0.0,0.0,0.0,0,4.828125,6,45,05:48,20:12,2025-05-12 23:34:41.538591,Città della Scienza,75.2,1.8047711,9.708381,1.5947822,0.9692106,EU EEA Common AQI,69.0,1.2115134,8.670892,7200,1.1857142,100,100,62.5,1.1314285,Very Low,68.2,1.053694,100,1747092600,Very Low,1.2758257,1.9784629,Very Low,2.3934896,60.0,3.0857143,100,1747092600,1.4142857
2025-05-12T23:34:52Z,0,29.894,73.2,62,64.0,0,0,289,84,0.0,255,32767,0.0,2127-15-31,0.0,0.16,26.24,0.0,0.0,0.0,0,4.828125,6,45,05:48,20:12,2025-05-12 23:34:52.668586,Città della Scienza,75.2,1.8047711,9.708381,1.5947822,0.9692106,EU EEA Common AQI,69.0,1.2115134,8.670892,7200,1.1857142,100,100,62.5,1.1314285,Very Low,68.2,1.053694,100,1747092600,Very Low,1.2758257,1.9784629,Very Low,2.3934896,60.0,3.0857143,100,1747092600,1.4142857
2025-05-12T23:35:03Z,0,29.894,73.2,62,64.0,0,0,289,84,0.0,255,32767,0.0,2127-15-31,0.0,0.16,26.24,0.0,0.0,0.0,0,4.828125,6,45,05:48,20:12,2025-05-12 23:35:03.756604,Città della Scienza,75.2,1.8047711,9.708381,1.5947822,0.9692106,EU EEA Common AQI,69.0,1.2115134,8.670892,7200,1.1857142,100,100,62.5,1.1314285,Very Low,68.2,1.053694,100,1747092600,Very Low,1.2758257,1.9784629,Very Low,2.3934896,60.0,3.0857143,100,1747092600,1.4142857
2025-05-12T23:35:15Z,0,29.894,73.2,62,64.0,0,0,289,84,0.0,255,32767,0.0,2127-15-31,0.0,0.16,26.24,0.0,0.0,0.0,0,4.828125,6,45,05:48,20:12,2025-05-12 23:35:14.830591,Città della Scienza,75.2,1.8047711,9.708381,1.5947822,0.9692106,EU EEA Common AQI,69.0,1.2115134,8.670892,7200,1.1857142,100,100,62.5,1.1314285,Very Low,68.2,1.053694,100,1747092600,Very Low,1.2758257,1.9784629,Very Low,2.3934896,60.0,3.0857143,100,1747092600,1.4142857
2025-05-12T23:35:26Z,0,29.894,73.2,62,64.0,0,0,289,84,0.0,255,32767,0.0,2127-15-31,0.0,0.16,26.24,0.0,0.0,0.0,0,4.828125,6,45,05:48,20:12,2025-05-12 23:35:25.931594,Città della Scienza,75.2,1.8047711,9.708381,1.5947822,0.9692106,EU EEA Common AQI,69.0,1.2115134,8.670892,7200,1.1857142,100,100,62.5,1.1314285,Very Low,68.2,1.053694,100,1747092600,Very Low,1.2758257,1.9784629,Very Low,2.3934896,60.0,3.0857143,100,1747092600,1.4142857
2025-05-12T23:35:37Z,0,29.891,73.1,62,64.0,0,0,289,84,0.0,255,32767,0.0,2127-15-31,0.0,0.16,26.24,0.0,0.0,0.0,0,4.828125,6,45,05:48,20:12,2025-05-12 23:35:36.976611,Città della Scienza,75.2,1.8047711,9.708381,1.5947822,0.9692106,EU EEA Common AQI,69.0,1.2115134,8.670892,7200,1.1857142,100,100,62.5,1.1314285,Very Low,68.2,1.053694,100,1747092600,Very Low,1.2758257,1.9784629,Very Low,2.3934896,60.0,3.0857143,100,1747092600,1.4142857
2025-05-12T23:35:48Z,0,29.891,73.1,62,64.0,0,0,289,84,0.0,255,32767,0.0,2127-15-31,0.0,0.16,26.24,0.0,0.0,0.0,0,4.828125,6,45,05:48,20:12,2025-05-12 23:35:48.085597,Città della Scienza,75.2,1.8047711,9.708381,1.5947822,0.9692106,EU EEA Common AQI,69.0,1.2115134,8.670892,7200,1.1857142,100,100,62.5,1.1314285,Very Low,68.2,1.053694,100,1747092600,Very Low,1.2758257,1.9784629,Very Low,2.3934896,60.0,3.0857143,100,1747092600,1.4142857
2025-05-12T23:35:59Z,0,29.891,73.1,62,64.0,0,0,289,84,0.0,255,32767,0.0,2127-15-31,0.0,0.16,26.24,0.0,0.0,0.0,0,4.828125,6,45,05:48,20:12,2025-05-12 23:35:59.178589,Città della Scienza,75.2,1.8047711,9.708381,1.5947822,0.9692106,EU EEA Common AQI,69.0,1.2115134,8.670892,7200,1.1857142,100,100,62.5,1.1314285,Very Low,68.2,1.053694,100,1747092600,Very Low,1.2758257,1.9784629,Very Low,2.3934896,60.0,3.0857143,100,1747092600,1.4142857
2025-05-12T23:36:10Z,0,29.891,73.1,62,64.0,0,0,289,84,0.0,255,32767,0.0,2127-15-31,0.0,0.16,26.24,0.0,0.0,0.0,0,4.828125,6,45,05:48,20:12,2025-05-12 23:36:10.306590,Città della Scienza,75.2,1.8047711,9.708381,1.5947822,0.9692106,EU EEA Common AQI,69.0,1.2115134,8.670892,7200,1.1857142,100,100,62.5,1.1314285,Very Low,68.2,1.053694,100,1747092600,Very Low,1.2758257,1.9784629,Very Low,2.3934896,60.0,3.0857143,100,1747092600,1.4142857
2025-05-12T23:36:21Z,0,29.891,73.1,62,64.0,0,0,289,84,0.0,255,32767,0.0,2127-15-31,0.0,0.16,26.24,0.0,0.0,0.0,0,4.828125,6,45,05:48,20:12,2025-05-12 23:36:21.391618,Città della Scienza,75.2,1.8047711,9.708381,1.5947822,0.9692106,EU EEA Common AQI,69.0,1.2115134,8.670892,7200,1.1857142,100,100,62.5,1.1314285,Very Low,68.2,1.053694,100,1747092600,Very Low,1.2758257,1.9784629,Very Low,2.3934896,60.0,3.0857143,100,1747092600,1.4142857
2025-05-12T23:36:32Z,0,29.892,73.1,62,64.0,0,0,289,84,0.0,255,32767,0.0,2127-15-31,0.0,0.16,26.24,0.0,0.0,0.0,0,4.828125,6,45,05:48,20:12,2025-05-12 23:36:32.477592,Città della Scienza,75.2,1.8047711,9.708381,1.5947822,0.9692106,EU EEA Common AQI,69.0,1.2115134,8.670892,7200,1.1857142,100,100,62.5,1.1314285,Very Low,68.2,1.053694,100,1747092600,Very Low,1.2758257,1.9784629,Very Low,2.3934896,60.0,3.0857143,100,1747092600,1.4142857
2025-05-12T23:36:43Z,0,29.892,73.1,62,64.0,0,0,289,84,0.0,255,32767,0.0,2127-15-31,0.0,0.16,26.24,0.0,0.0,0.0,0,4.828125,6,45,05:48,20:12,2025-05-12 23:36:43.553584,Città della Scienza,75.2,1.8047711,9.708381,1.5947822,0.9692106,EU EEA Common AQI,69.0,1.2115134,8.670892,7200,1.1857142,100,100,62.5,1.1314285,Very Low,68.2,1.053694,100,1747092600,Very Low,1.2758257,1.9784629,Very Low,2.3934896,60.0,3.0857143,100,1747092600,1.4142857
2025-05-12T23:36:54Z,0,29.892,73.1,62,64.0,0,0,289,84,0.0,255,32767,0.0,2127-15-31,0.0,0.16,26.24,0.0,0.0,0.0,0,4.828125,6,45,05:48,20:12,2025-05-12 23:36:54.644594,Città della Scienza,75.2,1.8047711,9.708381,1.5947822,0.9692106,EU EEA Common AQI,69.0,1.2115134,8.670892,7200,1.1857142,100,100,62.5,1.1314285,Very Low,68.2,1.053694,100,1747092600,Very Low,1.2758257,1.9784629,Very Low,2.3934896,60.0,3.0857143,100,1747092600,1.4142857
2025-05-12T23:37:05Z,0,29.892,73.1,62,64.0,0,0,289,84,0.0,255,32767,0.0,2127-15-31,0.0,0.16,26.24,0.0,0.0,0.0,0,4.828125,6,45,05:48,20:12,2025-05-12 23:37:05.741592,Città della Scienza,75.2,1.8047711,9.708381,1.5947822,0.9692106,EU EEA Common AQI,69.0,1.2115134,8.670892,7200,1.1857142,100,100,62.5,1.1314285,Very Low,68.2,1.053694,100,1747092600,Very Low,1.2758257,1.9784629,Very Low,2.3934896,60.0,3.0857143,100,1747092600,1.4142857
2025-05-12T23:37:17Z,0,29.892,73.1,62,64.0,0,0,289,84,0.0,255,32767,0.0,2127-15-31,0.0,0.16,26.24,0.0,0.0,0.0,0,4.828125,6,45,05:48,20:12,2025-05-12 23:37:16.830597,Città della Scienza,75.2,1.8047711,9.708381,1.5947822,0.9692106,EU EEA Common AQI,69.0,1.2115134,8.670892,7200,1.1857142,100,100,62.5,1.1314285,Very Low,68.2,1.053694,100,1747092600,Very Low,1.2758257,1.9784629,Very Low,2.3934896,60.0,3.0857143,100,1747092600,1.4142857
2025-05-12T23:37:28Z,0,29.892,73.1,62,64.0,0,0,289,84,0.0,255,32767,0.0,2127-15-31,0.0,0.16,26.24,0.0,0.0,0.0,0,4.828125,6,45,05:48,20:12,2025-05-12 23:37:27.955591,Città della Scienza,75.2,1.8047711,9.708381,1.5947822,0.9692106,EU EEA Common AQI,69.0,1.2115134,8.670892,7200,1.1857142,100,100,62.5,1.1314285,Very Low,68.2,1.053694,100,1747092600,Very Low,1.2758257,1.9784629,Very Low,2.3934896,60.0,3.0857143,100,1747092600,1.4142857
2025-05-12T23:37:39Z,0,29.893,73.1,62,64.0,0,0,289,84,0.0,255,32767,0.0,2127-15-31,0.0,0.16,26.24,0.0,0.0,0.0,0,4.828125,6,45,05:48,20:12,2025-05-12 23:37:39.039595,Città della Scienza,75.2,1.8047711,9.708381,1.5947822,0.9692106,EU EEA Common AQI,69.0,1.2115134,8.670892,7200,1.1857142,100,100,62.5,1.1314285,Very Low,68.2,1.053694,100,1747092600,Very Low,1.2758257,1.9784629,Very Low,2.3934896,60.0,3.0857143,100,1747092600,1.4142857
2025-05-12T23:37:50Z,0,29.893,73.1,62,64.0,0,0,289,84,0.0,255,32767,0.0,2127-15-31,0.0,0.16,26.24,0.0,0.0,0.0,0,4.828125,6,45,05:48,20:12,2025-05-12 23:37:50.108595,Città della Scienza,75.2,1.8047711,9.708381,1.5947822,0.9692106,EU EEA Common AQI,69.0,1.2115134,8.670892,7200,1.1857142,100,100,62.5,1.1314285,Very Low,68.2,1.053694,100,1747092600,Very Low,1.2758257,1.9784629,Very Low,2.3934896,60.0,3.0857143,100,1747092600,1.4142857
2025-05-12T23:38:01Z,0,29.893,73.1,62,64.0,0,0,289,84,0.0,255,32767,0.0,2127-15-31,0.0,0.16,26.24,0.0,0.0,0.0,0,4.828125,6,45,05:48,20:12,2025-05-12 23:38:01.166592,Città della Scienza,75.2,1.8047711,9.708381,1.5947822,0.9692106,EU EEA Common AQI,69.0,1.2115134,8.670892,7200,1.1857142,100,100,62.5,1.1314285,Very Low,68.2,1.053694,100,1747092600,Very Low,1.2758257,1.9784629,Very Low,2.3934896,60.0,3.0857143,100,1747092600,1.4142857
2025-05-12T23:38:12Z,0,29.893,73.1,62,64.0,0,0,289,84,0.0,255,32767,0.0,2127-15-31,0.0,0.16,26.24,0.0,0.0,0.0,0,4.828125,6,45,05:48,20:12,2025-05-12 23:38:12.264595,Città della Scienza,75.2,1.8047711,9.708381,1.5947822,0.9692106,EU EEA Common AQI,69.0,1.2115134,8.670892,7200,1.1857142,100,100,62.5,1.1314285,Very Low,68.2,1.053694,100,1747092600,Very Low,1.2758257,1.9784629,Very Low,2.3934896,60.0,3.0857143,100,1747092600,1.4142857
2025-05-12T23:38:23Z,0,29.893,73.1,62,64.0,0,0,289,84,0.0,255,32767,0.0,2127-15-31,0.0,0.16,26.24,0.0,0.0,0.0,0,4.828125,6,45,05:48,20:12,2025-05-12 23:38:23.329600,Città della Scienza,75.2,1.8047711,9.708381,1.5947822,0.9692106,EU EEA Common AQI,69.0,1.2115134,8.670892,7200,1.1857142,100,100,62.5,1.1314285,Very Low,68.2,1.053694,100,1747092600,Very Low,1.2758257,1.9784629,Very Low,2.3934896,60.0,3.0857143,100,1747092600,1.4142857
2025-05-12T23:38:34Z,0,29.892,73.2,62,64.0,0,0,289,84,0.0,255,32767,0.0,2127-15-31,0.0,0.16,26.24,0.0,0.0,0.0,0,4.828125,6,45,05:48,20:12,2025-05-12 23:38:34.404592,Città della Scienza,75.2,1.8047711,9.708381,1.5947822,0.9692106,EU EEA Common AQI,69.0,1.2115134,8.670892,7200,1.1857142,100,100,62.5,1.1314285,Very Low,68.2,1.053694,100,1747092600,Very Low,1.2758257,1.9784629,Very Low,2.3934896,60.0,3.0857143,100,1747092600,1.4142857
2025-05-12T23:38:45Z,0,29.892,73.2,62,63.9,0,0,289,84,0.0,255,32767,0.0,2127-15-31,0.0,0.16,26.24,0.0,0.0,0.0,0,4.828125,6,45,05:48,20:12,2025-05-12 23:38:45.449589,Città della Scienza,75.2,1.8047711,9.708381,1.5947822,0.9692106,EU EEA Common AQI,69.0,1.2115134,8.670892,7200,1.1857142,100,100,62.5,1.1314285,Very Low,68.2,1.053694,100,1747092600,Very Low,1.2758257,1.9784629,Very Low,2.3934896,60.0,3.0857143,100,1747092600,1.4142857
2025-05-12T23:38:56Z,0,29.892,73.2,62,63.9,0,0,289,84,0.0,255,32767,0.0,2127-15-31,0.0,0.16,26.24,0.0,0.0,0.0,0,4.828125,6,45,05:48,20:12,2025-05-12 23:38:56.552587,Città della Scienza,75.2,1.8047711,9.708381,1.5947822,0.9692106,EU EEA Common AQI,69.0,1.2115134,8.670892,7200,1.1857142,100,100,62.5,1.1314285,Very Low,68.2,1.053694,100,1747092600,Very Low,1.2758257,1.9784629,Very Low,2.3934896,60.0,3.0857143,100,1747092600,1.4142857
2025-05-12T23:39:07Z,0,29.892,73.2,62,63.9,0,0,289,84,0.0,255,32767,0.0,2127-15-31,0.0,0.16,26.24,0.0,0.0,0.0,0,4.828125,6,45,05:48,20:12,2025-05-12 23:39:07.621612,Città della Scienza,75.2,1.8047711,9.708381,1.5947822,0.9692106,EU EEA Common AQI,69.0,1.2115134,8.670892,7200,1.1857142,100,100,62.5,1.1314285,Very Low,68.2,1.053694,100,1747092600,Very Low,1.2758257,1.9784629,Very Low,2.3934896,60.0,3.0857143,100,1747092600,1.4142857
2025-05-12T23:39:18Z,0,29.892,73.2,62,63.9,0,0,289,84,0.0,255,32767,0.0,2127-15-31,0.0,0.16,26.24,0.0,0.0,0.0,0,4.828125,6,45,05:48,20:12,2025-05-12 23:39:18.673597,Città della Scienza,75.2,1.8047711,9.708381,1.5947822,0.9692106,EU EEA Common AQI,69.0,1.2115134,8.670892,7200,1.1857142,100,100,62.5,1.1314285,Very Low,68.2,1.053694,100,1747092600,Very Low,1.2758257,1.9784629,Very Low,2.3934896,60.0,3.0857143,100,1747092600,1.4142857
2025-05-12T23:39:29Z,0,29.892,73.2,62,63.9,0,0,289,84,0.0,255,32767,0.0,2127-15-31,0.0,0.16,26.24,0.0,0.0,0.0,0,4.828125,6,45,05:48,20:12,2025-05-12 23:39:29.784609,Città della Scienza,75.2,1.8047711,9.708381,1.5947822,0.9692106,EU EEA Common AQI,69.0,1.2115134,8.670892,7200,1.1857142,100,100,62.5,1.1314285,Very Low,68.2,1.053694,100,1747092600,Very Low,1.2758257,1.9784629,Very Low,2.3934896,60.0,3.0857143,100,1747092600,1.4142857
2025-05-12T23:39:41Z,0,29.892,73.2,62,63.9,0,0,289,84,0.0,255,32767,0.0,2127-15-31,0.0,0.16,26.24,0.0,0.0,0.0,0,4.828125,6,45,05:48,20:12,2025-05-12 23:39:40.882601,Città della Scienza,75.2,1.8047711,9.708381,1.5947822,0.9692106,EU EEA Common AQI,69.0,1.2115134,8.670892,7200,1.1857142,100,100,62.5,1.1314285,Very Low,68.2,1.053694,100,1747092600,Very Low,1.2758257,1.9784629,Very Low,2.3934896,60.0,3.0857143,100,1747092600,1.4142857
2025-05-12T23:39:52Z,0,29.892,73.2,62,63.9,0,0,289,84,0.0,255,32767,0.0,2127-15-31,0.0,0.16,26.24,0.0,0.0,0.0,0,4.828125,6,45,05:48,20:12,2025-05-12 23:39:51.998596,Città della Scienza,75.2,1.8047711,9.708381,1.5947822,0.9692106,EU EEA Common AQI,69.0,1.2115134,8.670892,7200,1.1857142,100,100,62.5,1.1314285,Very Low,68.2,1.053694,100,1747092600,Very Low,1.2758257,1.9784629,Very Low,2.3934896,60.0,3.0857143,100,1747092600,1.4142857
2025-05-12T23:40:03Z,0,29.892,73.2,62,63.9,0,0,289,84,0.0,255,32767,0.0,2127-15-31,0.0,0.16,26.24,0.0,0.0,0.0,0,4.828125,6,45,05:48,20:12,2025-05-12 23:40:03.058588,Città della Scienza,75.2,1.8047711,9.708381,1.5947822,0.9692106,EU EEA Common AQI,69.0,1.2115134,8.670892,7200,1.1857142,100,100,62.5,1.1314285,Very Low,68.2,1.053694,100,1747092600,Very Low,1.2758257,1.9784629,Very Low,2.3934896,60.0,3.0857143,100,1747092600,1.4142857
2025-05-12T23:40:14Z,0,29.892,73.2,62,63.9,0,0,289,84,0.0,255,32767,0.0,2127-15-31,0.0,0.16,26.24,0.0,0.0,0.0,0,4.828125,6,45,05:48,20:12,2025-05-12 23:40:14.134597,Città della Scienza,75.2,1.8047711,9.708381,1.5947822,0.9692106,EU EEA Common AQI,69.0,1.2115134,8.670892,7200,1.1857142,100,100,62.5,1.1314285,Very Low,68.2,1.053694,100,1747092600,Very Low,1.2758257,1.9784629,Very Low,2.3934896,60.0,3.0857143,100,1747092600,1.4142857
2025-05-12T23:40:25Z,0,29.892,73.2,62,63.9,0,0,289,84,0.0,255,32767,0.0,2127-15-31,0.0,0.16,26.24,0.0,0.0,0.0,0,4.828125,6,45,05:48,20:12,2025-05-12 23:40:25.207589,Città della Scienza,75.2,1.8047711,9.708381,1.5947822,0.9692106,EU EEA Common AQI,69.0,1.2115134,8.670892,7200,1.1857142,100,100,62.5,1.1314285,Very Low,68.2,1.053694,100,1747092600,Very Low,1.2758257,1.9784629,Very Low,2.3934896,60.0,3.0857143,100,1747092600,1.4142857
2025-05-12T23:40:36Z,0,29.891,73.1,62,63.9,0,0,289,84,0.0,255,32767,0.0,2127-15-31,0.0,0.16,26.24,0.0,0.0,0.0,0,4.828125,6,45,05:48,20:12,2025-05-12 23:40:36.252587,Città della Scienza,75.2,1.8047711,9.708381,1.5947822,0.9692106,EU EEA Common AQI,69.0,1.2115134,8.670892,7200,1.1857142,100,100,62.5,1.1314285,Very Low,68.2,1.053694,100,1747092600,Very Low,1.2758257,1.9784629,Very Low,2.3934896,60.0,3.0857143,100,1747092600,1.4142857
2025-05-12T23:40:47Z,0,29.891,73.1,62,63.9,0,0,289,84,0.0,255,32767,0.0,2127-15-31,0.0,0.16,26.24,0.0,0.0,0.0,0,4.828125,6,45,05:48,20:12,2025-05-12 23:40:47.325590,Città della Scienza,75.2,1.8047711,9.708381,1.5947822,0.9692106,EU EEA Common AQI,69.0,1.2115134,8.670892,7200,1.1857142,100,100,62.5,1.1314285,Very Low,68.2,1.053694,100,1747092600,Very Low,1.2758257,1.9784629,Very Low,2.3934896,60.0,3.0857143,100,1747092600,1.4142857
2025-05-12T23:40:58Z,0,29.891,73.1,62,63.9,0,0,289,84,0.0,255,32767,0.0,2127-15-31,0.0,0.16,26.24,0.0,0.0,0.0,0,4.828125,6,45,05:48,20:12,2025-05-12 23:40:58.362595,Città della Scienza,75.2,1.8047711,9.708381,1.5947822,0.9692106,EU EEA Common AQI,69.0,1.2115134,8.670892,7200,1.1857142,100,100,62.5,1.1314285,Very Low,68.2,1.053694,100,1747092600,Very Low,1.2758257,1.9784629,Very Low,2.3934896,60.0,3.0857143,100,1747092600,1.4142857
2025-05-12T23:41:09Z,0,29.891,73.1,62,63.9,0,0,289,84,0.0,255,32767,0.0,2127-15-31,0.0,0.16,26.24,0.0,0.0,0.0,0,4.828125,6,45,05:48,20:12,2025-05-12 23:41:09.454613,Città della Scienza,75.2,1.8047711,9.708381,1.5947822,0.9692106,EU EEA Common AQI,69.0,1.2115134,8.670892,7200,1.1857142,100,100,62.5,1.1314285,Very Low,68.2,1.053694,100,1747092600,Very Low,1.2758257,1.9784629,Very Low,2.3934896,60.0,3.0857143,100,1747092600,1.4142857
2025-05-12T23:41:20Z,0,29.891,73.1,62,63.9,0,0,289,84,0.0,255,32767,0.0,2127-15-31,0.0,0.16,26.24,0.0,0.0,0.0,0,4.828125,6,45,05:48,20:12,2025-05-12 23:41:20.540602,Città della Scienza,75.2,1.8047711,9.708381,1.5947822,0.9692106,EU EEA Common AQI,69.0,1.2115134,8.670892,7200,1.1857142,100,100,62.5,1.1314285,Very Low,68.2,1.053694,100,1747092600,Very Low,1.2758257,1.9784629,Very Low,2.3934896,60.0,3.0857143,100,1747092600,1.4142857
2025-05-12T23:41:31Z,0,29.891,73.1,62,63.8,0,0,289,84,0.0,255,32767,0.0,2127-15-31,0.0,0.16,26.24,0.0,0.0,0.0,0,4.828125,6,45,05:48,20:12,2025-05-12 23:41:31.666597,Città della Scienza,75.2,1.8047711,9.708381,1.5947822,0.9692106,EU EEA Common AQI,69.0,1.2115134,8.670892,7200,1.1857142,100,100,62.5,1.1314285,Very Low,68.2,1.053694,100,1747092600,Very Low,1.2758257,1.9784629,Very Low,2.3934896,60.0,3.0857143,100,1747092600,1.4142857
2025-05-12T23:41:42Z,0,29.891,73.1,62,63.8,0,0,289,84,0.0,255,32767,0.0,2127-15-31,0.0,0.16,26.24,0.0,0.0,0.0,0,4.828125,6,45,05:48,20:12,2025-05-12 23:41:42.761587,Città della Scienza,75.2,1.8047711,9.708381,1.5947822,0.9692106,EU EEA Common AQI,69.0,1.2115134,8.670892,7200,1.1857142,100,100,62.5,1.1314285,Very Low,68.2,1.053694,100,1747092600,Very Low,1.2758257,1.9784629,Very Low,2.3934896,60.0,3.0857143,100,1747092600,1.4142857
2025-05-12T23:41:54Z,0,29.891,73.1,62,63.8,0,0,289,84,0.0,255,32767,0.0,2127-15-31,0.0,0.16,26.24,0.0,0.0,0.0,0,4.828125,6,45,05:48,20:12,2025-05-12 23:41:53.829588,Città della Scienza,75.2,1.8047711,9.708381,1.5947822,0.9692106,EU EEA Common AQI,69.0,1.2115134,8.670892,7200,1.1857142,100,100,62.5,1.1314285,Very Low,68.2,1.053694,100,1747092600,Very Low,1.2758257,1.9784629,Very Low,2.3934896,60.0,3.0857143,100,1747092600,1.4142857
2025-05-12T23:42:05Z,0,29.891,73.1,62,63.8,0,0,289,84,0.0,255,32767,0.0,2127-15-31,0.0,0.16,26.24,0.0,0.0,0.0,0,4.828125,6,45,05:48,20:12,2025-05-12 23:42:04.882600,Città della Scienza,75.2,1.8047711,9.708381,1.5947822,0.9692106,EU EEA Common AQI,69.0,1.2115134,8.670892,7200,1.1857142,100,100,62.5,1.1314285,Very Low,68.2,1.053694,100,1747092600,Very Low,1.2758257,1.9784629,Very Low,2.3934896,60.0,3.0857143,100,1747092600,1.4142857
2025-05-12T23:42:16Z,0,29.891,73.1,62,63.8,0,0,289,84,0.0,255,32767,0.0,2127-15-31,0.0,0.16,26.24,0.0,0.0,0.0,0,4.828125,6,45,05:48,20:12,2025-05-12 23:42:15.973583,Città della Scienza,75.2,1.8047711,9.708381,1.5947822,0.9692106,EU EEA Common AQI,69.0,1.2115134,8.670892,7200,1.1857142,100,100,62.5,1.1314285,Very Low,68.2,1.053694,100,1747092600,Very Low,1.2758257,1.9784629,Very Low,2.3934896,60.0,3.0857143,100,1747092600,1.4142857
2025-05-12T23:42:27Z,0,29.891,73.1,62,63.8,0,0,289,84,0.0,255,32767,0.0,2127-15-31,0.0,0.16,26.24,0.0,0.0,0.0,0,4.828125,6,45,05:48,20:12,2025-05-12 23:42:27.035590,Città della Scienza,75.2,1.8047711,9.708381,1.5947822,0.9692106,EU EEA Common AQI,69.0,1.2115134,8.670892,7200,1.1857142,100,100,62.5,1.1314285,Very Low,68.2,1.053694,100,1747092600,Very Low,1.2758257,1.9784629,Very Low,2.3934896,60.0,3.0857143,100,1747092600,1.4142857
2025-05-12T23:42:38Z,0,29.894,73.1,62,63.8,0,0,289,84,0.0,255,32767,0.0,2127-15-31,0.0,0.16,26.24,0.0,0.0,0.0,0,4.828125,6,45,05:48,20:12,2025-05-12 23:42:38.088591,Città della Scienza,75.2,1.8047711,9.708381,1.5947822,0.9692106,EU EEA Common AQI,69.0,1.2115134,8.670892,7200,1.1857142,100,100,62.5,1.1314285,Very Low,68.2,1.053694,100,1747092600,Very Low,1.2758257,1.9784629,Very Low,2.3934896,60.0,3.0857143,100,1747092600,1.4142857
2025-05-12T23:42:49Z,0,29.894,73.1,62,63.8,0,0,289,84,0.0,255,32767,0.0,2127-15-31,0.0,0.16,26.24,0.0,0.0,0.0,0,4.828125,6,45,05:48,20:12,2025-05-12 23:42:49.145590,Città della Scienza,75.2,1.8047711,9.708381,1.5947822,0.9692106,EU EEA Common AQI,69.0,1.2115134,8.670892,7200,1.1857142,100,100,62.5,1.1314285,Very Low,68.2,1.053694,100,1747092600,Very Low,1.2758257,1.9784629,Very Low,2.3934896,60.0,3.0857143,100,1747092600,1.4142857
2025-05-12T23:43:00Z,0,29.894,73.1,62,63.8,0,0,289,84,0.0,255,32767,0.0,2127-15-31,0.0,0.16,26.24,0.0,0.0,0.0,0,4.828125,6,45,05:48,20:12,2025-05-12 23:43:00.216665,Città della Scienza,75.2,1.8047711,9.708381,1.5947822,0.9692106,EU EEA Common AQI,69.0,1.2115134,8.670892,7200,1.1857142,100,100,62.5,1.1314285,Very Low,68.2,1.053694,100,1747092600,Very Low,1.2758257,1.9784629,Very Low,2.3934896,60.0,3.0857143,100,1747092600,1.4142857
2025-05-12T23:43:11Z,0,29.894,73.1,62,63.8,0,0,289,84,0.0,255,32767,0.0,2127-15-31,0.0,0.16,26.24,0.0,0.0,0.0,0,4.828125,6,45,05:48,20:12,2025-05-12 23:43:11.286604,Città della Scienza,75.2,1.8047711,9.708381,1.5947822,0.9692106,EU EEA Common AQI,69.0,1.2115134,8.670892,7200,1.1857142,100,100,62.5,1.1314285,Very Low,68.2,1.053694,100,1747092600,Very Low,1.2758257,1.9784629,Very Low,2.3934896,60.0,3.0857143,100,1747092600,1.4142857
2025-05-12T23:43:22Z,0,29.894,73.1,62,63.7,0,0,289,84,0.0,255,32767,0.0,2127-15-31,0.0,0.16,26.24,0.0,0.0,0.0,0,4.828125,6,45,05:48,20:12,2025-05-12 23:43:22.369587,Città della Scienza,75.2,1.8047711,9.708381,1.5947822,0.9692106,EU EEA Common AQI,69.0,1.2115134,8.670892,7200,1.1857142,100,100,62.5,1.1314285,Very Low,68.2,1.053694,100,1747092600,Very Low,1.2758257,1.9784629,Very Low,2.3934896,60.0,3.0857143,100,1747092600,1.4142857
2025-05-12T23:43:33Z,0,29.893,73.1,62,63.8,0,0,289,84,0.0,255,32767,0.0,2127-15-31,0.0,0.16,26.24,0.0,0.0,0.0,0,4.828125,6,45,05:48,20:12,2025-05-12 23:43:33.493601,Città della Scienza,75.2,1.8047711,9.708381,1.5947822,0.9692106,EU EEA Common AQI,69.0,1.2115134,8.670892,7200,1.1857142,100,100,62.5,1.1314285,Very Low,68.2,1.053694,100,1747092600,Very Low,1.2758257,1.9784629,Very Low,2.3934896,60.0,3.0857143,100,1747092600,1.4142857
2025-05-12T23:43:44Z,0,29.893,73.1,62,63.8,0,0,289,84,0.0,255,32767,0.0,2127-15-31,0.0,0.16,26.24,0.0,0.0,0.0,0,4.828125,6,45,05:48,20:12,2025-05-12 23:43:44.555593,Città della Scienza,75.2,1.8047711,9.708381,1.5947822,0.9692106,EU EEA Common AQI,69.0,1.2115134,8.670892,7200,1.1857142,100,100,62.5,1.1314285,Very Low,68.2,1.053694,100,1747092600,Very Low,1.2758257,1.9784629,Very Low,2.3934896,60.0,3.0857143,100,1747092600,1.4142857
2025-05-12T23:43:55Z,0,29.893,73.1,62,63.8,0,0,289,84,0.0,255,32767,0.0,2127-15-31,0.0,0.16,26.24,0.0,0.0,0.0,0,4.828125,6,45,05:48,20:12,2025-05-12 23:43:55.600596,Città della Scienza,75.2,1.8047711,9.708381,1.5947822,0.9692106,EU EEA Common AQI,69.0,1.2115134,8.670892,7200,1.1857142,100,100,62.5,1.1314285,Very Low,68.2,1.053694,100,1747092600,Very Low,1.2758257,1.9784629,Very Low,2.3934896,60.0,3.0857143,100,1747092600,1.4142857
2025-05-12T23:44:06Z,0,29.893,73.1,62,63.8,0,0,289,84,0.0,255,32767,0.0,2127-15-31,0.0,0.16,26.24,0.0,0.0,0.0,0,4.828125,6,45,05:48,20:12,2025-05-12 23:44:06.668600,Città della Scienza,75.2,1.8047711,9.708381,1.5947822,0.9692106,EU EEA Common AQI,69.0,1.2115134,8.670892,7200,1.1857142,100,100,62.5,1.1314285,Very Low,68.2,1.053694,100,1747092600,Very Low,1.2758257,1.9784629,Very Low,2.3934896,60.0,3.0857143,100,1747092600,1.4142857
2025-05-12T23:44:17Z,0,29.893,73.1,62,63.7,0,0,289,84,0.0,255,32767,0.0,2127-15-31,0.0,0.16,26.24,0.0,0.0,0.0,0,4.828125,6,45,05:48,20:12,2025-05-12 23:44:17.731588,Città della Scienza,75.2,1.8047711,9.708381,1.5947822,0.9692106,EU EEA Common AQI,69.0,1.2115134,8.670892,7200,1.1857142,100,100,62.5,1.1314285,Very Low,68.2,1.053694,100,1747092600,Very Low,1.2758257,1.9784629,Very Low,2.3934896,60.0,3.0857143,100,1747092600,1.4142857
2025-05-12T23:44:29Z,0,29.893,73.1,62,63.7,0,0,289,84,0.0,255,32767,0.0,2127-15-31,0.0,0.16,26.24,0.0,0.0,0.0,0,4.828125,6,45,05:48,20:12,2025-05-12 23:44:28.810594,Città della Scienza,75.2,1.8047711,9.708381,1.5947822,0.9692106,EU EEA Common AQI,69.0,1.2115134,8.670892,7200,1.1857142,100,100,62.5,1.1314285,Very Low,68.2,1.053694,100,1747092600,Very Low,1.2758257,1.9784629,Very Low,2.3934896,60.0,3.0857143,100,1747092600,1.4142857
2025-05-12T23:44:40Z,0,29.892,73.1,62,63.7,0,0,289,84,0.0,255,32767,0.0,2127-15-31,0.0,0.16,26.24,0.0,0.0,0.0,0,4.828125,6,45,05:48,20:12,2025-05-12 23:44:39.916619,Città della Scienza,75.2,1.8047711,9.708381,1.5947822,0.9692106,EU EEA Common AQI,69.0,1.2115134,8.670892,7200,1.1857142,100,100,62.5,1.1314285,Very Low,68.2,1.053694,100,1747092600,Very Low,1.2758257,1.9784629,Very Low,2.3934896,60.0,3.0857143,100,1747092600,1.4142857
2025-05-12T23:44:51Z,0,29.892,73.1,62,63.7,0,0,289,84,0.0,255,32767,0.0,2127-15-31,0.0,0.16,26.24,0.0,0.0,0.0,0,4.828125,6,45,05:48,20:12,2025-05-12 23:44:51.000591,Città della Scienza,75.2,1.8047711,9.708381,1.5947822,0.9692106,EU EEA Common AQI,69.0,1.2115134,8.670892,7200,1.1857142,100,100,62.5,1.1314285,Very Low,68.2,1.053694,100,1747092600,Very Low,1.2758257,1.9784629,Very Low,2.3934896,60.0,3.0857143,100,1747092600,1.4142857
2025-05-12T23:45:02Z,0,29.892,73.1,62,63.7,0,0,289,84,0.0,255,32767,0.0,2127-15-31,0.0,0.16,26.24,0.0,0.0,0.0,0,4.828125,6,45,05:48,20:12,2025-05-12 23:45:02.102593,Città della Scienza,75.2,1.8047711,9.708381,1.5947822,0.9692106,EU EEA Common AQI,69.0,1.2115134,8.670892,7200,1.1857142,100,100,62.5,1.1314285,Very Low,68.2,1.053694,100,1747092600,Very Low,1.2758257,1.9784629,Very Low,2.3934896,60.0,3.0857143,100,1747092600,1.4142857
2025-05-12T23:45:13Z,0,29.892,73.1,62,63.8,0,0,289,84,0.0,255,32767,0.0,2127-15-31,0.0,0.16,26.24,0.0,0.0,0.0,0,4.828125,6,45,05:48,20:12,2025-05-12 23:45:13.257594,Città della Scienza,75.2,1.8047711,9.708381,1.5947822,0.9692106,EU EEA Common AQI,69.0,1.2115134,8.670892,7200,1.1857142,100,100,62.5,1.1314285,Very Low,68.2,1.053694,100,1747092600,Very Low,1.2758257,1.9784629,Very Low,2.3934896,60.0,3.0857143,100,1747092600,1.4142857
2025-05-12T23:45:24Z,0,29.892,73.1,62,63.7,0,0,289,84,0.0,255,32767,0.0,2127-15-31,0.0,0.16,26.24,0.0,0.0,0.0,0,4.828125,6,45,05:48,20:12,2025-05-12 23:45:24.329588,Città della Scienza,75.2,1.8047711,9.708381,1.5947822,0.9692106,EU EEA Common AQI,69.0,1.2115134,8.670892,7200,1.1857142,100,100,62.5,1.1314285,Very Low,68.2,1.053694,100,1747092600,Very Low,1.2758257,1.9784629,Very Low,2.3934896,60.0,3.0857143,100,1747092600,1.4142857
2025-05-12T23:45:35Z,0,29.896,73.1,62,63.7,0,0,289,84,0.0,255,32767,0.0,2127-15-31,0.0,0.16,26.24,0.0,0.0,0.0,0,4.828125,6,45,05:48,20:12,2025-05-12 23:45:35.388590,Città della Scienza,75.1,1.8950853,9.588959,1.7879876,1.0583844,EU EEA Common AQI,68.8,1.3229806,8.557075,7200,1.8,100,100,62.4,1.622857,Very Low,68.1,1.1524653,100,1747093500,Very Low,1.43039,2.0837815,Very Low,2.5589855,59.9,3.5714285,100,1747093500,2.0285714
2025-05-12T23:45:46Z,0,29.896,73.1,62,63.7,0,0,289,84,0.0,255,32767,0.0,2127-15-31,0.0,0.16,26.24,0.0,0.0,0.0,0,4.828125,6,45,05:48,20:12,2025-05-12 23:45:46.491619,Città della Scienza,75.1,1.8950853,9.588959,1.7879876,1.0583844,EU EEA Common AQI,68.8,1.3229806,8.557075,7200,1.8,100,100,62.4,1.622857,Very Low,68.1,1.1524653,100,1747093500,Very Low,1.43039,2.0837815,Very Low,2.5589855,59.9,3.5714285,100,1747093500,2.0285714
2025-05-12T23:45:57Z,0,29.896,73.1,62,63.7,0,0,289,84,0.0,255,32767,0.0,2127-15-31,0.0,0.16,26.24,0.0,0.0,0.0,0,4.828125,6,45,05:48,20:12,2025-05-12 23:45:57.595617,Città della Scienza,75.1,1.8950853,9.588959,1.7879876,1.0583844,EU EEA Common AQI,68.8,1.3229806,8.557075,7200,1.8,100,100,62.4,1.622857,Very Low,68.1,1.1524653,100,1747093500,Very Low,1.43039,2.0837815,Very Low,2.5589855,59.9,3.5714285,100,1747093500,2.0285714
2025-05-12T23:46:08Z,0,29.896,73.1,62,63.7,0,0,289,84,0.0,255,32767,0.0,2127-15-31,0.0,0.16,26.24,0.0,0.0,0.0,0,4.828125,6,45,05:48,20:12,2025-05-12 23:46:08.688591,Città della Scienza,75.1,1.8950853,9.588959,1.7879876,1.0583844,EU EEA Common AQI,68.8,1.3229806,8.557075,7200,1.8,100,100,62.4,1.622857,Very Low,68.1,1.1524653,100,1747093500,Very Low,1.43039,2.0837815,Very Low,2.5589855,59.9,3.5714285,100,1747093500,2.0285714
2025-05-12T23:46:19Z,0,29.896,73.1,62,63.8,0,0,289,84,0.0,255,32767,0.0,2127-15-31,0.0,0.16,26.24,0.0,0.0,0.0,0,4.828125,6,45,05:48,20:12,2025-05-12 23:46:19.740602,Città della Scienza,75.1,1.8950853,9.588959,1.7879876,1.0583844,EU EEA Common AQI,68.8,1.3229806,8.557075,7200,1.8,100,100,62.4,1.622857,Very Low,68.1,1.1524653,100,1747093500,Very Low,1.43039,2.0837815,Very Low,2.5589855,59.9,3.5714285,100,1747093500,2.0285714
2025-05-12T23:46:31Z,0,29.896,73.1,62,63.7,0,0,289,84,0.0,255,32767,0.0,2127-15-31,0.0,0.16,26.24,0.0,0.0,0.0,0,4.828125,6,45,05:48,20:12,2025-05-12 23:46:30.807587,Città della Scienza,75.1,1.8950853,9.588959,1.7879876,1.0583844,EU EEA Common AQI,68.8,1.3229806,8.557075,7200,1.8,100,100,62.4,1.622857,Very Low,68.1,1.1524653,100,1747093500,Very Low,1.43039,2.0837815,Very Low,2.5589855,59.9,3.5714285,100,1747093500,2.0285714
2025-05-12T23:46:42Z,0,29.894,73.1,62,63.7,0,0,289,84,0.0,255,32767,0.0,2127-15-31,0.0,0.16,26.24,0.0,0.0,0.0,0,4.828125,6,45,05:48,20:12,2025-05-12 23:46:41.869596,Città della Scienza,75.1,1.8950853,9.588959,1.7879876,1.0583844,EU EEA Common AQI,68.8,1.3229806,8.557075,7200,1.8,100,100,62.4,1.622857,Very Low,68.1,1.1524653,100,1747093500,Very Low,1.43039,2.0837815,Very Low,2.5589855,59.9,3.5714285,100,1747093500,2.0285714
2025-05-12T23:46:53Z,0,29.894,73.1,62,63.7,0,0,289,84,0.0,255,32767,0.0,2127-15-31,0.0,0.16,26.24,0.0,0.0,0.0,0,4.828125,6,45,05:48,20:12,2025-05-12 23:46:52.968596,Città della Scienza,75.1,1.8950853,9.588959,1.7879876,1.0583844,EU EEA Common AQI,68.8,1.3229806,8.557075,7200,1.8,100,100,62.4,1.622857,Very Low,68.1,1.1524653,100,1747093500,Very Low,1.43039,2.0837815,Very Low,2.5589855,59.9,3.5714285,100,1747093500,2.0285714
2025-05-12T23:47:04Z,0,29.894,73.1,62,63.7,0,0,289,84,0.0,255,32767,0.0,2127-15-31,0.0,0.16,26.24,0.0,0.0,0.0,0,4.828125,6,45,05:48,20:12,2025-05-12 23:47:04.039586,Città della Scienza,75.1,1.8950853,9.588959,1.7879876,1.0583844,EU EEA Common AQI,68.8,1.3229806,8.557075,7200,1.8,100,100,62.4,1.622857,Very Low,68.1,1.1524653,100,1747093500,Very Low,1.43039,2.0837815,Very Low,2.5589855,59.9,3.5714285,100,1747093500,2.0285714
2025-05-12T23:47:15Z,0,29.894,73.1,62,63.7,0,0,289,84,0.0,255,32767,0.0,2127-15-31,0.0,0.16,26.24,0.0,0.0,0.0,0,4.828125,6,45,05:48,20:12,2025-05-12 23:47:15.111592,Città della Scienza,75.1,1.8950853,9.588959,1.7879876,1.0583844,EU EEA Common AQI,68.8,1.3229806,8.557075,7200,1.8,100,100,62.4,1.622857,Very Low,68.1,1.1524653,100,1747093500,Very Low,1.43039,2.0837815,Very Low,2.5589855,59.9,3.5714285,100,1747093500,2.0285714
2025-05-12T23:47:26Z,0,29.894,73.1,62,63.7,0,0,289,84,0.0,255,32767,0.0,2127-15-31,0.0,0.16,26.24,0.0,0.0,0.0,0,4.828125,6,45,05:48,20:12,2025-05-12 23:47:26.254587,Città della Scienza,75.1,1.8950853,9.588959,1.7879876,1.0583844,EU EEA Common AQI,68.8,1.3229806,8.557075,7200,1.8,100,100,62.4,1.622857,Very Low,68.1,1.1524653,100,1747093500,Very Low,1.43039,2.0837815,Very Low,2.5589855,59.9,3.5714285,100,1747093500,2.0285714
2025-05-12T23:47:37Z,0,29.894,73.1,62,63.7,0,0,289,84,0.0,255,32767,0.0,2127-15-31,0.0,0.16,26.24,0.0,0.0,0.0,0,4.828125,6,45,05:48,20:12,2025-05-12 23:47:37.326564,Città della Scienza,75.1,1.8950853,9.588959,1.7879876,1.0583844,EU EEA Common AQI,68.8,1.3229806,8.557075,7200,1.8,100,100,62.4,1.622857,Very Low,68.1,1.1524653,100,1747093500,Very Low,1.43039,2.0837815,Very Low,2.5589855,59.9,3.5714285,100,1747093500,2.0285714
2025-05-12T23:47:48Z,0,29.894,73.1,62,63.7,0,0,289,84,0.0,255,32767,0.0,2127-15-31,0.0,0.16,26.24,0.0,0.0,0.0,0,4.828125,6,45,05:48,20:12,2025-05-12 23:47:48.392591,Città della Scienza,75.1,1.8950853,9.588959,1.7879876,1.0583844,EU EEA Common AQI,68.8,1.3229806,8.557075,7200,1.8,100,100,62.4,1.622857,Very Low,68.1,1.1524653,100,1747093500,Very Low,1.43039,2.0837815,Very Low,2.5589855,59.9,3.5714285,100,1747093500,2.0285714
2025-05-12T23:47:59Z,0,29.894,73.1,62,63.7,0,0,289,84,0.0,255,32767,0.0,2127-15-31,0.0,0.16,26.24,0.0,0.0,0.0,0,4.828125,6,45,05:48,20:12,2025-05-12 23:47:59.498591,Città della Scienza,75.1,1.8950853,9.588959,1.7879876,1.0583844,EU EEA Common AQI,68.8,1.3229806,8.557075,7200,1.8,100,100,62.4,1.622857,Very Low,68.1,1.1524653,100,1747093500,Very Low,1.43039,2.0837815,Very Low,2.5589855,59.9,3.5714285,100,1747093500,2.0285714
2025-05-12T23:48:10Z,0,29.894,73.1,62,63.7,0,0,289,84,0.0,255,32767,0.0,2127-15-31,0.0,0.16,26.24,0.0,0.0,0.0,0,4.828125,6,45,05:48,20:12,2025-05-12 23:48:10.594589,Città della Scienza,75.1,1.8950853,9.588959,1.7879876,1.0583844,EU EEA Common AQI,68.8,1.3229806,8.557075,7200,1.8,100,100,62.4,1.622857,Very Low,68.1,1.1524653,100,1747093500,Very Low,1.43039,2.0837815,Very Low,2.5589855,59.9,3.5714285,100,1747093500,2.0285714
2025-05-12T23:48:21Z,0,29.894,73.1,62,63.7,0,0,289,84,0.0,255,32767,0.0,2127-15-31,0.0,0.16,26.24,0.0,0.0,0.0,0,4.828125,6,45,05:48,20:12,2025-05-12 23:48:21.682602,Città della Scienza,75.1,1.8950853,9.588959,1.7879876,1.0583844,EU EEA Common AQI,68.8,1.3229806,8.557075,7200,1.8,100,100,62.4,1.622857,Very Low,68.1,1.1524653,100,1747093500,Very Low,1.43039,2.0837815,Very Low,2.5589855,59.9,3.5714285,100,1747093500,2.0285714
2025-05-12T23:48:33Z,0,29.893,73.1,62,63.6,0,0,289,84,0.0,255,32767,0.0,2127-15-31,0.0,0.16,26.24,0.0,0.0,0.0,0,4.828125,6,45,05:48,20:12,2025-05-12 23:48:32.801594,Città della Scienza,75.1,1.8950853,9.588959,1.7879876,1.0583844,EU EEA Common AQI,68.8,1.3229806,8.557075,7200,1.8,100,100,62.4,1.622857,Very Low,68.1,1.1524653,100,1747093500,Very Low,1.43039,2.0837815,Very Low,2.5589855,59.9,3.5714285,100,1747093500,2.0285714
2025-05-12T23:48:44Z,0,29.893,73.1,62,63.6,0,0,289,84,0.0,255,32767,0.0,2127-15-31,0.0,0.16,26.24,0.0,0.0,0.0,0,4.828125,6,45,05:48,20:12,2025-05-12 23:48:43.853582,Città della Scienza,75.1,1.8950853,9.588959,1.7879876,1.0583844,EU EEA Common AQI,68.8,1.3229806,8.557075,7200,1.8,100,100,62.4,1.622857,Very Low,68.1,1.1524653,100,1747093500,Very Low,1.43039,2.0837815,Very Low,2.5589855,59.9,3.5714285,100,1747093500,2.0285714
2025-05-12T23:48:55Z,0,29.893,73.1,62,63.6,0,0,289,84,0.0,255,32767,0.0,2127-15-31,0.0,0.16,26.24,0.0,0.0,0.0,0,4.828125,6,45,05:48,20:12,2025-05-12 23:48:54.936590,Città della Scienza,75.1,1.8950853,9.588959,1.7879876,1.0583844,EU EEA Common AQI,68.8,1.3229806,8.557075,7200,1.8,100,100,62.4,1.622857,Very Low,68.1,1.1524653,100,1747093500,Very Low,1.43039,2.0837815,Very Low,2.5589855,59.9,3.5714285,100,1747093500,2.0285714
2025-05-12T23:49:06Z,0,29.893,73.1,62,63.6,0,0,289,84,0.0,255,32767,0.0,2127-15-31,0.0,0.16,26.24,0.0,0.0,0.0,0,4.828125,6,45,05:48,20:12,2025-05-12 23:49:06.002595,Città della Scienza,75.1,1.8950853,9.588959,1.7879876,1.0583844,EU EEA Common AQI,68.8,1.3229806,8.557075,7200,1.8,100,100,62.4,1.622857,Very Low,68.1,1.1524653,100,1747093500,Very Low,1.43039,2.0837815,Very Low,2.5589855,59.9,3.5714285,100,1747093500,2.0285714
2025-05-12T23:49:17Z,0,29.893,73.1,62,63.6,0,0,289,84,0.0,255,32767,0.0,2127-15-31,0.0,0.16,26.24,0.0,0.0,0.0,0,4.828125,6,45,05:48,20:12,2025-05-12 23:49:17.083600,Città della Scienza,75.1,1.8950853,9.588959,1.7879876,1.0583844,EU EEA Common AQI,68.8,1.3229806,8.557075,7200,1.8,100,100,62.4,1.622857,Very Low,68.1,1.1524653,100,1747093500,Very Low,1.43039,2.0837815,Very Low,2.5589855,59.9,3.5714285,100,1747093500,2.0285714
2025-05-12T23:49:28Z,0,29.893,73.1,62,63.6,0,0,289,84,0.0,255,32767,0.0,2127-15-31,0.0,0.16,26.24,0.0,0.0,0.0,0,4.828125,6,45,05:48,20:12,2025-05-12 23:49:28.169603,Città della Scienza,75.1,1.8950853,9.588959,1.7879876,1.0583844,EU EEA Common AQI,68.8,1.3229806,8.557075,7200,1.8,100,100,62.4,1.622857,Very Low,68.1,1.1524653,100,1747093500,Very Low,1.43039,2.0837815,Very Low,2.5589855,59.9,3.5714285,100,1747093500,2.0285714
2025-05-12T23:49:39Z,0,29.895,73.1,62,63.6,0,0,289,84,0.0,255,32767,0.0,2127-15-31,0.0,0.16,26.24,0.0,0.0,0.0,0,4.828125,6,45,05:48,20:12,2025-05-12 23:49:39.214587,Città della Scienza,75.1,1.8950853,9.588959,1.7879876,1.0583844,EU EEA Common AQI,68.8,1.3229806,8.557075,7200,1.8,100,100,62.4,1.622857,Very Low,68.1,1.1524653,100,1747093500,Very Low,1.43039,2.0837815,Very Low,2.5589855,59.9,3.5714285,100,1747093500,2.0285714
2025-05-12T23:49:50Z,0,29.895,73.1,62,63.6,0,0,289,84,0.0,255,32767,0.0,2127-15-31,0.0,0.16,26.24,0.0,0.0,0.0,0,4.828125,6,45,05:48,20:12,2025-05-12 23:49:50.322595,Città della Scienza,75.1,1.8950853,9.588959,1.7879876,1.0583844,EU EEA Common AQI,68.8,1.3229806,8.557075,7200,1.8,100,100,62.4,1.622857,Very Low,68.1,1.1524653,100,1747093500,Very Low,1.43039,2.0837815,Very Low,2.5589855,59.9,3.5714285,100,1747093500,2.0285714
2025-05-12T23:50:01Z,0,29.895,73.1,62,63.6,0,0,289,84,0.0,255,32767,0.0,2127-15-31,0.0,0.16,26.24,0.0,0.0,0.0,0,4.828125,6,45,05:48,20:12,2025-05-12 23:50:01.403606,Città della Scienza,75.1,1.8950853,9.588959,1.7879876,1.0583844,EU EEA Common AQI,68.8,1.3229806,8.557075,7200,1.8,100,100,62.4,1.622857,Very Low,68.1,1.1524653,100,1747093500,Very Low,1.43039,2.0837815,Very Low,2.5589855,59.9,3.5714285,100,1747093500,2.0285714
2025-05-12T23:50:12Z,0,29.895,73.1,62,63.6,0,0,289,84,0.0,255,32767,0.0,2127-15-31,0.0,0.16,26.24,0.0,0.0,0.0,0,4.828125,6,45,05:48,20:12,2025-05-12 23:50:12.486553,Città della Scienza,75.1,1.8950853,9.588959,1.7879876,1.0583844,EU EEA Common AQI,68.8,1.3229806,8.557075,7200,1.8,100,100,62.4,1.622857,Very Low,68.1,1.1524653,100,1747093500,Very Low,1.43039,2.0837815,Very Low,2.5589855,59.9,3.5714285,100,1747093500,2.0285714
2025-05-12T23:50:23Z,0,29.895,73.1,62,63.6,0,0,289,84,0.0,255,32767,0.0,2127-15-31,0.0,0.16,26.24,0.0,0.0,0.0,0,4.828125,6,45,05:48,20:12,2025-05-12 23:50:23.568592,Città della Scienza,75.1,1.8950853,9.588959,1.7879876,1.0583844,EU EEA Common AQI,68.8,1.3229806,8.557075,7200,1.8,100,100,62.4,1.622857,Very Low,68.1,1.1524653,100,1747093500,Very Low,1.43039,2.0837815,Very Low,2.5589855,59.9,3.5714285,100,1747093500,2.0285714
2025-05-12T23:50:34Z,0,29.893,73.0,62,63.6,0,0,289,84,0.0,255,32767,0.0,2127-15-31,0.0,0.16,26.24,0.0,0.0,0.0,0,4.828125,6,45,05:48,20:12,2025-05-12 23:50:34.693589,Città della Scienza,75.1,1.8950853,9.588959,1.7879876,1.0583844,EU EEA Common AQI,68.8,1.3229806,8.557075,7200,1.8,100,100,62.4,1.622857,Very Low,68.1,1.1524653,100,1747093500,Very Low,1.43039,2.0837815,Very Low,2.5589855,59.9,3.5714285,100,1747093500,2.0285714
2025-05-12T23:50:46Z,0,29.893,73.0,62,63.6,0,0,289,84,0.0,255,32767,0.0,2127-15-31,0.0,0.16,26.24,0.0,0.0,0.0,0,4.828125,6,45,05:48,20:12,2025-05-12 23:50:46.032597,Città della Scienza,75.1,1.8950853,9.588959,1.7879876,1.0583844,EU EEA Common AQI,68.8,1.3229806,8.557075,7200,1.8,100,100,62.4,1.622857,Very Low,68.1,1.1524653,100,1747093500,Very Low,1.43039,2.0837815,Very Low,2.5589855,59.9,3.5714285,100,1747093500,2.0285714
2025-05-12T23:50:57Z,0,29.893,73.0,62,63.6,0,0,289,84,0.0,255,32767,0.0,2127-15-31,0.0,0.16,26.24,0.0,0.0,0.0,0,4.828125,6,45,05:48,20:12,2025-05-12 23:50:57.107599,Città della Scienza,75.1,1.8950853,9.588959,1.7879876,1.0583844,EU EEA Common AQI,68.8,1.3229806,8.557075,7200,1.8,100,100,62.4,1.622857,Very Low,68.1,1.1524653,100,1747093500,Very Low,1.43039,2.0837815,Very Low,2.5589855,59.9,3.5714285,100,1747093500,2.0285714
2025-05-12T23:51:08Z,0,29.893,73.0,62,63.6,0,0,289,84,0.0,255,32767,0.0,2127-15-31,0.0,0.16,26.24,0.0,0.0,0.0,0,4.828125,6,45,05:48,20:12,2025-05-12 23:51:08.186589,Città della Scienza,75.1,1.8950853,9.588959,1.7879876,1.0583844,EU EEA Common AQI,68.8,1.3229806,8.557075,7200,1.8,100,100,62.4,1.622857,Very Low,68.1,1.1524653,100,1747093500,Very Low,1.43039,2.0837815,Very Low,2.5589855,59.9,3.5714285,100,1747093500,2.0285714
2025-05-12T23:51:19Z,0,29.893,73.0,62,63.6,0,0,289,84,0.0,255,32767,0.0,2127-15-31,0.0,0.16,26.24,0.0,0.0,0.0,0,4.828125,6,45,05:48,20:12,2025-05-12 23:51:19.265596,Città della Scienza,75.1,1.8950853,9.588959,1.7879876,1.0583844,EU EEA Common AQI,68.8,1.3229806,8.557075,7200,1.8,100,100,62.4,1.622857,Very Low,68.1,1.1524653,100,1747093500,Very Low,1.43039,2.0837815,Very Low,2.5589855,59.9,3.5714285,100,1747093500,2.0285714
2025-05-12T23:51:30Z,0,29.893,73.0,62,63.5,0,0,289,84,0.0,255,32767,0.0,2127-15-31,0.0,0.16,26.24,0.0,0.0,0.0,0,4.828125,6,45,05:48,20:12,2025-05-12 23:51:30.405589,Città della Scienza,75.1,1.8950853,9.588959,1.7879876,1.0583844,EU EEA Common AQI,68.8,1.3229806,8.557075,7200,1.8,100,100,62.4,1.622857,Very Low,68.1,1.1524653,100,1747093500,Very Low,1.43039,2.0837815,Very Low,2.5589855,59.9,3.5714285,100,1747093500,2.0285714
2025-05-12T23:51:41Z,0,29.892,73.0,62,63.5,0,0,289,84,0.0,255,32767,0.0,2127-15-31,0.0,0.16,26.24,0.0,0.0,0.0,0,4.828125,6,45,05:48,20:12,2025-05-12 23:51:41.491611,Città della Scienza,75.1,1.8950853,9.588959,1.7879876,1.0583844,EU EEA Common AQI,68.8,1.3229806,8.557075,7200,1.8,100,100,62.4,1.622857,Very Low,68.1,1.1524653,100,1747093500,Very Low,1.43039,2.0837815,Very Low,2.5589855,59.9,3.5714285,100,1747093500,2.0285714
2025-05-12T23:51:52Z,0,29.892,73.0,62,63.5,0,0,289,84,0.0,255,32767,0.0,2127-15-31,0.0,0.16,26.24,0.0,0.0,0.0,0,4.828125,6,45,05:48,20:12,2025-05-12 23:51:52.594590,Città della Scienza,75.1,1.8950853,9.588959,1.7879876,1.0583844,EU EEA Common AQI,68.8,1.3229806,8.557075,7200,1.8,100,100,62.4,1.622857,Very Low,68.1,1.1524653,100,1747093500,Very Low,1.43039,2.0837815,Very Low,2.5589855,59.9,3.5714285,100,1747093500,2.0285714
2025-05-12T23:52:03Z,0,29.892,73.0,62,63.5,0,0,289,84,0.0,255,32767,0.0,2127-15-31,0.0,0.16,26.24,0.0,0.0,0.0,0,4.828125,6,45,05:48,20:12,2025-05-12 23:52:03.704593,Città della Scienza,75.1,1.8950853,9.588959,1.7879876,1.0583844,EU EEA Common AQI,68.8,1.3229806,8.557075,7200,1.8,100,100,62.4,1.622857,Very Low,68.1,1.1524653,100,1747093500,Very Low,1.43039,2.0837815,Very Low,2.5589855,59.9,3.5714285,100,1747093500,2.0285714
2025-05-12T23:52:15Z,0,29.892,73.0,62,63.5,0,0,289,84,0.0,255,32767,0.0,2127-15-31,0.0,0.16,26.24,0.0,0.0,0.0,0,4.828125,6,45,05:48,20:12,2025-05-12 23:52:14.823620,Città della Scienza,75.1,1.8950853,9.588959,1.7879876,1.0583844,EU EEA Common AQI,68.8,1.3229806,8.557075,7200,1.8,100,100,62.4,1.622857,Very Low,68.1,1.1524653,100,1747093500,Very Low,1.43039,2.0837815,Very Low,2.5589855,59.9,3.5714285,100,1747093500,2.0285714
2025-05-12T23:52:26Z,0,29.892,73.0,62,63.5,0,0,289,84,0.0,255,32767,0.0,2127-15-31,0.0,0.16,26.24,0.0,0.0,0.0,0,4.828125,6,45,05:48,20:12,2025-05-12 23:52:25.919595,Città della Scienza,75.1,1.8950853,9.588959,1.7879876,1.0583844,EU EEA Common AQI,68.8,1.3229806,8.557075,7200,1.8,100,100,62.4,1.622857,Very Low,68.1,1.1524653,100,1747093500,Very Low,1.43039,2.0837815,Very Low,2.5589855,59.9,3.5714285,100,1747093500,2.0285714
2025-05-12T23:52:37Z,0,29.893,73.0,62,63.5,0,0,289,84,0.0,255,32767,0.0,2127-15-31,0.0,0.16,26.24,0.0,0.0,0.0,0,4.828125,6,45,05:48,20:12,2025-05-12 23:52:37.026588,Città della Scienza,75.1,1.8950853,9.588959,1.7879876,1.0583844,EU EEA Common AQI,68.8,1.3229806,8.557075,7200,1.8,100,100,62.4,1.622857,Very Low,68.1,1.1524653,100,1747093500,Very Low,1.43039,2.0837815,Very Low,2.5589855,59.9,3.5714285,100,1747093500,2.0285714
2025-05-12T23:52:48Z,0,29.893,73.0,62,63.5,0,0,289,84,0.0,255,32767,0.0,2127-15-31,0.0,0.16,26.24,0.0,0.0,0.0,0,4.828125,6,45,05:48,20:12,2025-05-12 23:52:48.124593,Città della Scienza,75.1,1.8950853,9.588959,1.7879876,1.0583844,EU EEA Common AQI,68.8,1.3229806,8.557075,7200,1.8,100,100,62.4,1.622857,Very Low,68.1,1.1524653,100,1747093500,Very Low,1.43039,2.0837815,Very Low,2.5589855,59.9,3.5714285,100,1747093500,2.0285714
2025-05-12T23:52:59Z,0,29.893,73.0,62,63.5,0,0,289,84,0.0,255,32767,0.0,2127-15-31,0.0,0.16,26.24,0.0,0.0,0.0,0,4.828125,6,45,05:48,20:12,2025-05-12 23:52:59.173591,Città della Scienza,75.1,1.8950853,9.588959,1.7879876,1.0583844,EU EEA Common AQI,68.8,1.3229806,8.557075,7200,1.8,100,100,62.4,1.622857,Very Low,68.1,1.1524653,100,1747093500,Very Low,1.43039,2.0837815,Very Low,2.5589855,59.9,3.5714285,100,1747093500,2.0285714
2025-05-12T23:53:10Z,0,29.893,73.0,62,63.5,0,0,289,84,0.0,255,32767,0.0,2127-15-31,0.0,0.16,26.24,0.0,0.0,0.0,0,4.828125,6,45,05:48,20:12,2025-05-12 23:53:10.249617,Città della Scienza,75.1,1.8950853,9.588959,1.7879876,1.0583844,EU EEA Common AQI,68.8,1.3229806,8.557075,7200,1.8,100,100,62.4,1.622857,Very Low,68.1,1.1524653,100,1747093500,Very Low,1.43039,2.0837815,Very Low,2.5589855,59.9,3.5714285,100,1747093500,2.0285714
2025-05-12T23:53:21Z,0,29.893,73.0,62,63.5,0,0,289,84,0.0,255,32767,0.0,2127-15-31,0.0,0.16,26.24,0.0,0.0,0.0,0,4.828125,6,45,05:48,20:12,2025-05-12 23:53:21.336590,Città della Scienza,75.1,1.8950853,9.588959,1.7879876,1.0583844,EU EEA Common AQI,68.8,1.3229806,8.557075,7200,1.8,100,100,62.4,1.622857,Very Low,68.1,1.1524653,100,1747093500,Very Low,1.43039,2.0837815,Very Low,2.5589855,59.9,3.5714285,100,1747093500,2.0285714
2025-05-12T23:53:32Z,0,29.892,73.0,62,63.5,0,0,289,84,0.0,255,32767,0.0,2127-15-31,0.0,0.16,26.24,0.0,0.0,0.0,0,4.828125,6,45,05:48,20:12,2025-05-12 23:53:32.409603,Città della Scienza,75.1,1.8950853,9.588959,1.7879876,1.0583844,EU EEA Common AQI,68.8,1.3229806,8.557075,7200,1.8,100,100,62.4,1.622857,Very Low,68.1,1.1524653,100,1747093500,Very Low,1.43039,2.0837815,Very Low,2.5589855,59.9,3.5714285,100,1747093500,2.0285714
2025-05-12T23:53:43Z,0,29.892,73.0,62,63.5,0,0,289,84,0.0,255,32767,0.0,2127-15-31,0.0,0.16,26.24,0.0,0.0,0.0,0,4.828125,6,45,05:48,20:12,2025-05-12 23:53:43.533596,Città della Scienza,75.1,1.8950853,9.588959,1.7879876,1.0583844,EU EEA Common AQI,68.8,1.3229806,8.557075,7200,1.8,100,100,62.4,1.622857,Very Low,68.1,1.1524653,100,1747093500,Very Low,1.43039,2.0837815,Very Low,2.5589855,59.9,3.5714285,100,1747093500,2.0285714
2025-05-12T23:53:54Z,0,29.892,73.0,62,63.5,0,0,289,84,0.0,255,32767,0.0,2127-15-31,0.0,0.16,26.24,0.0,0.0,0.0,0,4.828125,6,45,05:48,20:12,2025-05-12 23:53:54.606596,Città della Scienza,75.1,1.8950853,9.588959,1.7879876,1.0583844,EU EEA Common AQI,68.8,1.3229806,8.557075,7200,1.8,100,100,62.4,1.622857,Very Low,68.1,1.1524653,100,1747093500,Very Low,1.43039,2.0837815,Very Low,2.5589855,59.9,3.5714285,100,1747093500,2.0285714
2025-05-12T23:54:05Z,0,29.892,73.0,62,63.4,0,0,289,84,0.0,255,32767,0.0,2127-15-31,0.0,0.16,26.24,0.0,0.0,0.0,0,4.828125,6,45,05:48,20:12,2025-05-12 23:54:05.665594,Città della Scienza
2025-05-12T23:54:16Z,0,29.892,73.0,62,63.4,0,0,289,84,0.0,255,32767,0.0,2127-15-31,0.0,0.16,26.24,0.0,0.0,0.0,0,4.828125,6,45,05:48,20:12,2025-05-12 23:54:16.747597,Città della Scienza
2025-05-12T23:54:27Z,0,29.892,73.0,62,63.4,0,0,289,84,0.0,255,32767,0.0,2127-15-31,0.0,0.16,26.24,0.0,0.0,0.0,0,4.828125,6,45,05:48,20:12,2025-05-12 23:54:27.760596,Città della Scienza
2025-05-12T23:54:39Z,0,29.893,73.0,62,63.5,0,0,289,84,0.0,255,32767,0.0,2127-15-31,0.0,0.16,26.24,0.0,0.0,0.0,0,4.828125,6,45,05:48,20:12,2025-05-12 23:54:38.840592,Città della Scienza
2025-05-12T23:54:50Z,0,29.893,73.0,62,63.4,0,0,289,84,0.0,255,32767,0.0,2127-15-31,0.0,0.16,26.24,0.0,0.0,0.0,0,4.828125,6,45,05:48,20:12,2025-05-12 23:54:49.955596,Città della Scienza
2025-05-12T23:55:01Z,0,29.893,73.0,62,63.4,0,0,289,84,0.0,255,32767,0.0,2127-15-31,0.0,0.16,26.24,0.0,0.0,0.0,0,4.828125,6,45,05:48,20:12,2025-05-12 23:55:01.012588,Città della Scienza
2025-05-12T23:55:12Z,0,29.893,73.0,62,63.4,0,0,289,84,0.0,255,32767,0.0,2127-15-31,0.0,0.16,26.24,0.0,0.0,0.0,0,4.828125,6,45,05:48,20:12,2025-05-12 23:55:12.074596,Città della Scienza
2025-05-12T23:55:23Z,0,29.893,73.0,62,63.4,0,0,289,84,0.0,255,32767,0.0,2127-15-31,0.0,0.16,26.24,0.0,0.0,0.0,0,4.828125,6,45,05:48,20:12,2025-05-12 23:55:23.124591,Città della Scienza
2025-05-12T23:55:34Z,0,29.891,73.0,62,63.4,0,0,289,84,0.0,255,32767,0.0,2127-15-31,0.0,0.16,26.24,0.0,0.0,0.0,0,4.828125,6,45,05:48,20:12,2025-05-12 23:55:34.184593,Città della Scienza
2025-05-12T23:55:45Z,0,29.891,73.0,62,63.4,0,0,289,84,0.0,255,32767,0.0,2127-15-31,0.0,0.16,26.24,0.0,0.0,0.0,0,4.828125,6,45,05:48,20:12,2025-05-12 23:55:45.216596,Città della Scienza
2025-05-12T23:55:56Z,0,29.891,73.0,62,63.4,0,0,289,84,0.0,255,32767,0.0,2127-15-31,0.0,0.16,26.24,0.0,0.0,0.0,0,4.828125,6,45,05:48,20:12,2025-05-12 23:55:56.313609,Città della Scienza
2025-05-12T23:56:07Z,0,29.891,73.0,62,63.4,0,0,289,84,0.0,255,32767,0.0,2127-15-31,0.0,0.16,26.24,0.0,0.0,0.0,0,4.828125,6,45,05:48,20:12,2025-05-12 23:56:07.364602,Città della Scienza
2025-05-12T23:56:18Z,0,29.891,73.0,62,63.4,0,0,289,84,0.0,255,32767,0.0,2127-15-31,0.0,0.16,26.24,0.0,0.0,0.0,0,4.828125,6,45,05:48,20:12,2025-05-12 23:56:18.466554,Città della Scienza
2025-05-12T23:56:29Z,0,29.891,73.0,62,63.4,0,0,289,84,0.0,255,32767,0.0,2127-15-31,0.0,0.16,26.24,0.0,0.0,0.0,0,4.828125,6,45,05:48,20:12,2025-05-12 23:56:29.541592,Città della Scienza
2025-05-12T23:56:40Z,0,29.892,73.0,62,63.4,0,0,289,84,0.0,255,32767,0.0,2127-15-31,0.0,0.16,26.24,0.0,0.0,0.0,0,4.828125,6,45,05:48,20:12,2025-05-12 23:56:40.613594,Città della Scienza
2025-05-12T23:56:51Z,0,29.892,73.0,62,63.3,0,0,289,84,0.0,255,32767,0.0,2127-15-31,0.0,0.16,26.24,0.0,0.0,0.0,0,4.828125,6,45,05:48,20:12,2025-05-12 23:56:51.692591,Città della Scienza
2025-05-12T23:57:02Z,0,29.892,73.0,62,63.4,0,0,289,84,0.0,255,32767,0.0,2127-15-31,0.0,0.16,26.24,0.0,0.0,0.0,0,4.828125,6,45,05:48,20:12,2025-05-12 23:57:02.760586,Città della Scienza
2025-05-12T23:57:14Z,0,29.892,73.0,62,63.4,0,0,289,84,0.0,255,32767,0.0,2127-15-31,0.0,0.16,26.24,0.0,0.0,0.0,0,4.828125,6,45,05:48,20:12,2025-05-12 23:57:13.841599,Città della Scienza
2025-05-12T23:57:25Z,0,29.892,73.0,62,63.4,0,0,289,84,0.0,255,32767,0.0,2127-15-31,0.0,0.16,26.24,0.0,0.0,0.0,0,4.828125,6,45,05:48,20:12,2025-05-12 23:57:24.892552,Città della Scienza
2025-05-12T23:57:36Z,0,29.891,73.0,62,63.3,0,0,289,84,0.0,255,32767,0.0,2127-15-31,0.0,0.16,26.24,0.0,0.0,0.0,0,4.828125,6,45,05:48,20:12,2025-05-12 23:57:35.937606,Città della Scienza
2025-05-12T23:57:47Z,0,29.891,73.0,62,63.3,0,0,289,84,0.0,255,32767,0.0,2127-15-31,0.0,0.16,26.24,0.0,0.0,0.0,0,4.828125,6,45,05:48,20:12,2025-05-12 23:57:46.999594,Città della Scienza
2025-05-12T23:57:58Z,0,29.891,73.0,62,63.4,0,0,289,84,0.0,255,32767,0.0,2127-15-31,0.0,0.16,26.24,0.0,0.0,0.0,0,4.828125,6,45,05:48,20:12,2025-05-12 23:57:58.053608,Città della Scienza
2025-05-12T23:58:09Z,0,29.891,73.0,62,63.3,0,0,289,84,0.0,255,32767,0.0,2127-15-31,0.0,0.16,26.24,0.0,0.0,0.0,0,4.828125,6,45,05:48,20:12,2025-05-12 23:58:09.101593,Città della Scienza
2025-05-12T23:58:20Z,0,29.891,73.0,62,63.3,0,0,289,84,0.0,255,32767,0.0,2127-15-31,0.0,0.16,26.24,0.0,0.0,0.0,0,4.828125,6,45,05:48,20:12,2025-05-12 23:58:20.180599,Città della Scienza
2025-05-12T23:58:31Z,0,29.891,73.0,62,63.3,0,0,289,84,0.0,255,32767,0.0,2127-15-31,0.0,0.16,26.24,0.0,0.0,0.0,0,4.828125,6,45,05:48,20:12,2025-05-12 23:58:31.371606,Città della Scienza
2025-05-12T23:58:42Z,0,29.89,73.0,62,63.4,0,0,289,84,0.0,255,32767,0.0,2127-15-31,0.0,0.16,26.24,0.0,0.0,0.0,0,4.828125,6,45,05:48,20:12,2025-05-12 23:58:42.413605,Città della Scienza
2025-05-12T23:58:53Z,0,29.89,73.0,62,63.3,0,0,289,84,0.0,255,32767,0.0,2127-15-31,0.0,0.16,26.24,0.0,0.0,0.0,0,4.828125,6,45,05:48,20:12,2025-05-12 23:58:53.514595,Città della Scienza
2025-05-12T23:59:04Z,0,29.89,73.0,62,63.4,0,0,347,84,0.0,255,32767,0.0,2127-15-31,0.0,0.16,26.24,0.0,0.0,0.0,0,4.828125,6,45,05:48,20:12,2025-05-12 23:59:04.568588,Città della Scienza
2025-05-12T23:59:15Z,0,29.89,73.0,62,63.3,0,0,355,84,0.0,255,32767,0.0,2127-15-31,0.0,0.16,26.24,0.0,0.0,0.0,0,4.828125,6,45,05:48,20:12,2025-05-12 23:59:15.652607,Città della Scienza
2025-05-12T23:59:26Z,0,29.89,73.0,62,63.3,0,0,355,84,0.0,255,32767,0.0,2127-15-31,0.0,0.16,26.24,0.0,0.0,0.0,0,4.828125,6,45,05:48,20:12,2025-05-12 23:59:26.700601,Città della Scienza
2025-05-12T23:59:37Z,0,29.892,73.0,62,63.3,0,0,355,84,0.0,255,32767,0.0,2127-15-31,0.0,0.16,26.24,0.0,0.0,0.0,0,4.828125,6,45,05:48,20:12,2025-05-12 23:59:37.794594,Città della Scienza
2025-05-12T23:59:49Z,0,29.892,73.0,62,63.3,0,0,355,84,0.0,255,32767,0.0,2127-15-31,0.0,0.16,26.24,0.0,0.0,0.0,0,4.828125,6,45,05:48,20:12,2025-05-12 23:59:48.865596,Città della Scienza
