Datetime,BarTrend,Barometer,TempIn,HumIn,TempOut,WindSpeed,WindSpeed10Min,WindDir,HumOut,RainRate,UV,SolarRad,RainStorm,StormStartDate,RainDay,RainMonth,RainYear,ETDay,ETMonth,ETYear,BatteryStatus,BatteryVolts,ForecastIcon,ForecastRuleNo,SunRise,SunSet,DatetimeWS,place,hum,pm_10_3_hour,pm_10_24_hour,pm_2p5_1_hour,aqi_nowcast_val,aqi_type,heat_index,pm_2p5_nowcast,pm_2p5_24_hour,tz_offset,pm_1,pct_pm_data_nowcast,pct_pm_data_24_hour,wet_bulb,aqi_val,aqi_desc,temp,pm_2p5_3_hour,pct_pm_data_3_hour,last_report_time,aqi_nowcast_desc,aqi_1_hour_val,pm_10_nowcast,aqi_1_hour_desc,pm_10_1_hour,dew_point,pm_10,pct_pm_data_1_hour,ts,pm_2p5
2025-05-22T00:00:04Z,0,29.941,73.2,62,62.8,2,2,41,84,0.0,255,32767,0.11,2090-9-18,0.0,0.52,26.6,0.0,0.0,0.0,0,4.822265625,6,45,05:40,20:21,2025-05-22 00:00:03.845808,Città della Scienza,79.9,7.5652103,7.444377,7.383841,5.166897,EU EEA Common AQI,66.2,6.4586215,5.114412,7200,7.0869565,100,100,61.2,6.214493,Very Low,65.6,6.1677184,100,1747871100,Very Low,5.9070725,7.9335566,Very Low,8.844642,59.2,10.072464,100,1747871100,7.768116
2025-05-22T00:00:15Z,0,29.941,73.2,62,62.9,3,2,41,84,0.0,255,32767,0.11,2090-9-18,0.0,0.52,26.6,0.0,0.0,0.0,0,4.822265625,6,45,05:40,20:21,2025-05-22 00:00:14.903785,Città della Scienza,79.9,7.5652103,7.444377,7.383841,5.166897,EU EEA Common AQI,66.2,6.4586215,5.114412,7200,7.0869565,100,100,61.2,6.214493,Very Low,65.6,6.1677184,100,1747871100,Very Low,5.9070725,7.9335566,Very Low,8.844642,59.2,10.072464,100,1747871100,7.768116
2025-05-22T00:00:26Z,0,29.941,73.2,62,62.9,3,2,41,84,0.0,255,32767,0.11,2090-9-18,0.0,0.52,26.6,0.0,0.0,0.0,0,4.822265625,6,45,05:40,20:21,2025-05-22 00:00:25.995753,Città della Scienza,80.5,7.7603226,7.4420657,7.620954,5.3440614,EU EEA Common AQI,65.8,6.680077,5.1187344,7200,5.885714,100,100,61.1,5.165714,Very Low,65.2,6.3670635,100,1747872000,Very Low,6.096763,8.169639,Very Low,9.130664,59.1,9.428572,100,1747872000,6.457143
2025-05-22T00:00:37Z,236,29.944,73.2,62,62.9,3,2,41,84,0.0,255,32767,0.11,2090-9-18,0.0,0.52,26.6,0.0,0.0,0.0,0,4.822265625,6,45,05:40,20:21,2025-05-22 00:00:37.095789,Città della Scienza,80.5,7.7603226,7.4420657,7.620954,5.3440614,EU EEA Common AQI,65.8,6.680077,5.1187344,7200,5.885714,100,100,61.1,5.165714,Very Low,65.2,6.3670635,100,1747872000,Very Low,6.096763,8.169639,Very Low,9.130664,59.1,9.428572,100,1747872000,6.457143
2025-05-22T00:00:48Z,236,29.944,73.2,62,62.9,3,2,41,84,0.0,255,32767,0.11,2090-9-18,0.0,0.52,26.6,0.0,0.0,0.0,0,4.822265625,6,45,05:40,20:21,2025-05-22 00:00:48.189795,Città della Scienza,80.5,7.7603226,7.4420657,7.620954,5.3440614,EU EEA Common AQI,65.8,6.680077,5.1187344,7200,5.885714,100,100,61.1,5.165714,Very Low,65.2,6.3670635,100,1747872000,Very Low,6.096763,8.169639,Very Low,9.130664,59.1,9.428572,100,1747872000,6.457143
2025-05-22T00:00:59Z,236,29.944,73.2,62,62.8,3,2,41,84,0.0,255,32767,0.11,2090-9-18,0.0,0.52,26.6,0.0,0.0,0.0,0,4.822265625,6,45,05:40,20:21,2025-05-22 00:00:59.266082,Città della Scienza,80.5,7.7603226,7.4420657,7.620954,5.3440614,EU EEA Common AQI,65.8,6.680077,5.1187344,7200,5.885714,100,100,61.1,5.165714,Very Low,65.2,6.3670635,100,1747872000,Very Low,6.096763,8.169639,Very Low,9.130664,59.1,9.428572,100,1747872000,6.457143
2025-05-22T00:01:10Z,236,29.944,73.2,62,62.9,3,2,41,84,0.0,255,32767,0.11,2090-9-18,0.0,0.52,26.6,0.0,0.0,0.0,0,4.822265625,6,45,05:40,20:21,2025-05-22 00:01:10.289781,Città della Scienza,80.5,7.7603226,7.4420657,7.620954,5.3440614,EU EEA Common AQI,65.8,6.680077,5.1187344,7200,5.885714,100,100,61.1,5.165714,Very Low,65.2,6.3670635,100,1747872000,Very Low,6.096763,8.169639,Very Low,9.130664,59.1,9.428572,100,1747872000,6.457143
2025-05-22T00:01:21Z,236,29.944,73.2,62,62.9,3,2,41,84,0.0,255,32767,0.11,2090-9-18,0.0,0.52,26.6,0.0,0.0,0.0,0,4.822265625,6,45,05:40,20:21,2025-05-22 00:01:21.369790,Città della Scienza,80.5,7.7603226,7.4420657,7.620954,5.3440614,EU EEA Common AQI,65.8,6.680077,5.1187344,7200,5.885714,100,100,61.1,5.165714,Very Low,65.2,6.3670635,100,1747872000,Very Low,6.096763,8.169639,Very Low,9.130664,59.1,9.428572,100,1747872000,6.457143
2025-05-22T00:01:32Z,236,29.943,73.1,62,62.9,3,2,41,84,0.0,255,32767,0.11,2090-9-18,0.0,0.52,26.6,0.0,0.0,0.0,0,4.822265625,6,45,05:40,20:21,2025-05-22 00:01:32.538792,Città della Scienza,80.5,7.7603226,7.4420657,7.620954,5.3440614,EU EEA Common AQI,65.8,6.680077,5.1187344,7200,5.885714,100,100,61.1,5.165714,Very Low,65.2,6.3670635,100,1747872000,Very Low,6.096763,8.169639,Very Low,9.130664,59.1,9.428572,100,1747872000,6.457143
2025-05-22T00:01:43Z,236,29.943,73.1,62,62.9,3,2,41,84,0.0,255,32767,0.11,2090-9-18,0.0,0.52,26.6,0.0,0.0,0.0,0,4.822265625,6,45,05:40,20:21,2025-05-22 00:01:43.653789,Città della Scienza,80.5,7.7603226,7.4420657,7.620954,5.3440614,EU EEA Common AQI,65.8,6.680077,5.1187344,7200,5.885714,100,100,61.1,5.165714,Very Low,65.2,6.3670635,100,1747872000,Very Low,6.096763,8.169639,Very Low,9.130664,59.1,9.428572,100,1747872000,6.457143
2025-05-22T00:01:54Z,236,29.943,73.1,62,62.9,3,2,41,84,0.0,255,32767,0.11,2090-9-18,0.0,0.52,26.6,0.0,0.0,0.0,0,4.822265625,6,45,05:40,20:21,2025-05-22 00:01:54.702792,Città della Scienza,80.5,7.7603226,7.4420657,7.620954,5.3440614,EU EEA Common AQI,65.8,6.680077,5.1187344,7200,5.885714,100,100,61.1,5.165714,Very Low,65.2,6.3670635,100,1747872000,Very Low,6.096763,8.169639,Very Low,9.130664,59.1,9.428572,100,1747872000,6.457143
2025-05-22T00:02:05Z,236,29.943,73.1,62,62.9,3,2,41,84,0.0,255,32767,0.11,2090-9-18,0.0,0.52,26.6,0.0,0.0,0.0,0,4.822265625,6,45,05:40,20:21,2025-05-22 00:02:05.782783,Città della Scienza,80.5,7.7603226,7.4420657,7.620954,5.3440614,EU EEA Common AQI,65.8,6.680077,5.1187344,7200,5.885714,100,100,61.1,5.165714,Very Low,65.2,6.3670635,100,1747872000,Very Low,6.096763,8.169639,Very Low,9.130664,59.1,9.428572,100,1747872000,6.457143
2025-05-22T00:02:17Z,236,29.943,73.1,62,62.9,1,2,41,84,0.0,255,32767,0.11,2090-9-18,0.0,0.52,26.6,0.0,0.0,0.0,0,4.822265625,6,45,05:40,20:21,2025-05-22 00:02:16.850778,Città della Scienza,80.5,7.7603226,7.4420657,7.620954,5.3440614,EU EEA Common AQI,65.8,6.680077,5.1187344,7200,5.885714,100,100,61.1,5.165714,Very Low,65.2,6.3670635,100,1747872000,Very Low,6.096763,8.169639,Very Low,9.130664,59.1,9.428572,100,1747872000,6.457143
2025-05-22T00:02:28Z,236,29.943,73.1,62,62.9,3,2,33,84,0.0,255,32767,0.11,2090-9-18,0.0,0.52,26.6,0.0,0.0,0.0,0,4.822265625,6,45,05:40,20:21,2025-05-22 00:02:27.923794,Città della Scienza,80.5,7.7603226,7.4420657,7.620954,5.3440614,EU EEA Common AQI,65.8,6.680077,5.1187344,7200,5.885714,100,100,61.1,5.165714,Very Low,65.2,6.3670635,100,1747872000,Very Low,6.096763,8.169639,Very Low,9.130664,59.1,9.428572,100,1747872000,6.457143
2025-05-22T00:02:39Z,236,29.942,73.1,62,62.9,2,2,33,84,0.0,255,32767,0.11,2090-9-18,0.0,0.52,26.6,0.0,0.0,0.0,0,4.822265625,6,45,05:40,20:21,2025-05-22 00:02:38.992792,Città della Scienza,80.5,7.7603226,7.4420657,7.620954,5.3440614,EU EEA Common AQI,65.8,6.680077,5.1187344,7200,5.885714,100,100,61.1,5.165714,Very Low,65.2,6.3670635,100,1747872000,Very Low,6.096763,8.169639,Very Low,9.130664,59.1,9.428572,100,1747872000,6.457143
2025-05-22T00:02:50Z,236,29.942,73.1,62,62.9,3,2,33,84,0.0,255,32767,0.11,2090-9-18,0.0,0.52,26.6,0.0,0.0,0.0,0,4.822265625,6,45,05:40,20:21,2025-05-22 00:02:50.084788,Città della Scienza,80.5,7.7603226,7.4420657,7.620954,5.3440614,EU EEA Common AQI,65.8,6.680077,5.1187344,7200,5.885714,100,100,61.1,5.165714,Very Low,65.2,6.3670635,100,1747872000,Very Low,6.096763,8.169639,Very Low,9.130664,59.1,9.428572,100,1747872000,6.457143
2025-05-22T00:03:01Z,236,29.942,73.1,62,62.9,2,2,30,84,0.0,255,32767,0.11,2090-9-18,0.0,0.52,26.6,0.0,0.0,0.0,0,4.822265625,6,45,05:40,20:21,2025-05-22 00:03:01.187802,Città della Scienza,80.5,7.7603226,7.4420657,7.620954,5.3440614,EU EEA Common AQI,65.8,6.680077,5.1187344,7200,5.885714,100,100,61.1,5.165714,Very Low,65.2,6.3670635,100,1747872000,Very Low,6.096763,8.169639,Very Low,9.130664,59.1,9.428572,100,1747872000,6.457143
2025-05-22T00:03:12Z,236,29.942,73.1,62,63.0,3,2,30,84,0.0,255,32767,0.11,2090-9-18,0.0,0.52,26.6,0.0,0.0,0.0,0,4.822265625,6,45,05:40,20:21,2025-05-22 00:03:12.267805,Città della Scienza,80.5,7.7603226,7.4420657,7.620954,5.3440614,EU EEA Common AQI,65.8,6.680077,5.1187344,7200,5.885714,100,100,61.1,5.165714,Very Low,65.2,6.3670635,100,1747872000,Very Low,6.096763,8.169639,Very Low,9.130664,59.1,9.428572,100,1747872000,6.457143
2025-05-22T00:03:23Z,236,29.942,73.1,62,63.0,2,2,35,84,0.0,255,32767,0.11,2090-9-18,0.0,0.52,26.6,0.0,0.0,0.0,0,4.822265625,6,45,05:40,20:21,2025-05-22 00:03:23.342806,Città della Scienza,80.5,7.7603226,7.4420657,7.620954,5.3440614,EU EEA Common AQI,65.8,6.680077,5.1187344,7200,5.885714,100,100,61.1,5.165714,Very Low,65.2,6.3670635,100,1747872000,Very Low,6.096763,8.169639,Very Low,9.130664,59.1,9.428572,100,1747872000,6.457143
2025-05-22T00:03:34Z,236,29.941,73.1,62,63.0,3,3,27,84,0.0,255,32767,0.11,2090-9-18,0.0,0.52,26.6,0.0,0.0,0.0,0,4.822265625,6,45,05:40,20:21,2025-05-22 00:03:34.398794,Città della Scienza,80.5,7.7603226,7.4420657,7.620954,5.3440614,EU EEA Common AQI,65.8,6.680077,5.1187344,7200,5.885714,100,100,61.1,5.165714,Very Low,65.2,6.3670635,100,1747872000,Very Low,6.096763,8.169639,Very Low,9.130664,59.1,9.428572,100,1747872000,6.457143
2025-05-22T00:03:45Z,236,29.941,73.1,62,62.9,3,3,60,84,0.0,255,32767,0.11,2090-9-18,0.0,0.52,26.6,0.0,0.0,0.0,0,4.822265625,6,45,05:40,20:21,2025-05-22 00:03:45.500805,Città della Scienza,80.5,7.7603226,7.4420657,7.620954,5.3440614,EU EEA Common AQI,65.8,6.680077,5.1187344,7200,5.885714,100,100,61.1,5.165714,Very Low,65.2,6.3670635,100,1747872000,Very Low,6.096763,8.169639,Very Low,9.130664,59.1,9.428572,100,1747872000,6.457143
2025-05-22T00:03:56Z,236,29.941,73.1,62,62.9,2,3,39,84,0.0,255,32767,0.11,2090-9-18,0.0,0.52,26.6,0.0,0.0,0.0,0,4.822265625,6,45,05:40,20:21,2025-05-22 00:03:56.565785,Città della Scienza,80.5,7.7603226,7.4420657,7.620954,5.3440614,EU EEA Common AQI,65.8,6.680077,5.1187344,7200,5.885714,100,100,61.1,5.165714,Very Low,65.2,6.3670635,100,1747872000,Very Low,6.096763,8.169639,Very Low,9.130664,59.1,9.428572,100,1747872000,6.457143
2025-05-22T00:04:07Z,236,29.941,73.1,62,62.9,3,3,38,84,0.0,255,32767,0.11,2090-9-18,0.0,0.52,26.6,0.0,0.0,0.0,0,4.822265625,6,45,05:40,20:21,2025-05-22 00:04:07.651788,Città della Scienza,80.5,7.7603226,7.4420657,7.620954,5.3440614,EU EEA Common AQI,65.8,6.680077,5.1187344,7200,5.885714,100,100,61.1,5.165714,Very Low,65.2,6.3670635,100,1747872000,Very Low,6.096763,8.169639,Very Low,9.130664,59.1,9.428572,100,1747872000,6.457143
2025-05-22T00:04:18Z,236,29.941,73.1,62,63.0,3,3,34,84,0.0,255,32767,0.11,2090-9-18,0.0,0.52,26.6,0.0,0.0,0.0,0,4.822265625,6,45,05:40,20:21,2025-05-22 00:04:18.702790,Città della Scienza,80.5,7.7603226,7.4420657,7.620954,5.3440614,EU EEA Common AQI,65.8,6.680077,5.1187344,7200,5.885714,100,100,61.1,5.165714,Very Low,65.2,6.3670635,100,1747872000,Very Low,6.096763,8.169639,Very Low,9.130664,59.1,9.428572,100,1747872000,6.457143
2025-05-22T00:04:29Z,236,29.941,73.1,62,63.0,2,3,26,84,0.0,255,32767,0.11,2090-9-18,0.0,0.52,26.6,0.0,0.0,0.0,0,4.822265625,6,45,05:40,20:21,2025-05-22 00:04:29.755843,Città della Scienza,80.5,7.7603226,7.4420657,7.620954,5.3440614,EU EEA Common AQI,65.8,6.680077,5.1187344,7200,5.885714,100,100,61.1,5.165714,Very Low,65.2,6.3670635,100,1747872000,Very Low,6.096763,8.169639,Very Low,9.130664,59.1,9.428572,100,1747872000,6.457143
2025-05-22T00:04:41Z,236,29.94,73.0,62,63.0,1,3,26,84,0.0,255,32767,0.11,2090-9-18,0.0,0.52,26.6,0.0,0.0,0.0,0,4.822265625,6,45,05:40,20:21,2025-05-22 00:04:40.830807,Città della Scienza,80.5,7.7603226,7.4420657,7.620954,5.3440614,EU EEA Common AQI,65.8,6.680077,5.1187344,7200,5.885714,100,100,61.1,5.165714,Very Low,65.2,6.3670635,100,1747872000,Very Low,6.096763,8.169639,Very Low,9.130664,59.1,9.428572,100,1747872000,6.457143
2025-05-22T00:04:52Z,236,29.94,73.0,62,63.0,1,3,26,84,0.0,255,32767,0.11,2090-9-18,0.0,0.52,26.6,0.0,0.0,0.0,0,4.822265625,6,45,05:40,20:21,2025-05-22 00:04:51.894792,Città della Scienza,80.5,7.7603226,7.4420657,7.620954,5.3440614,EU EEA Common AQI,65.8,6.680077,5.1187344,7200,5.885714,100,100,61.1,5.165714,Very Low,65.2,6.3670635,100,1747872000,Very Low,6.096763,8.169639,Very Low,9.130664,59.1,9.428572,100,1747872000,6.457143
2025-05-22T00:05:03Z,236,29.94,73.0,62,63.0,2,3,26,84,0.0,255,32767,0.11,2090-9-18,0.0,0.52,26.6,0.0,0.0,0.0,0,4.822265625,6,45,05:40,20:21,2025-05-22 00:05:02.964789,Città della Scienza,80.5,7.7603226,7.4420657,7.620954,5.3440614,EU EEA Common AQI,65.8,6.680077,5.1187344,7200,5.885714,100,100,61.1,5.165714,Very Low,65.2,6.3670635,100,1747872000,Very Low,6.096763,8.169639,Very Low,9.130664,59.1,9.428572,100,1747872000,6.457143
2025-05-22T00:05:14Z,236,29.94,73.0,62,63.0,2,3,26,84,0.0,255,32767,0.11,2090-9-18,0.0,0.52,26.6,0.0,0.0,0.0,0,4.822265625,6,45,05:40,20:21,2025-05-22 00:05:14.046790,Città della Scienza,80.5,7.7603226,7.4420657,7.620954,5.3440614,EU EEA Common AQI,65.8,6.680077,5.1187344,7200,5.885714,100,100,61.1,5.165714,Very Low,65.2,6.3670635,100,1747872000,Very Low,6.096763,8.169639,Very Low,9.130664,59.1,9.428572,100,1747872000,6.457143
2025-05-22T00:05:25Z,236,29.94,73.0,62,63.0,3,3,26,84,0.0,255,32767,0.11,2090-9-18,0.0,0.52,26.6,0.0,0.0,0.0,0,4.822265625,6,45,05:40,20:21,2025-05-22 00:05:25.114800,Città della Scienza,80.5,7.7603226,7.4420657,7.620954,5.3440614,EU EEA Common AQI,65.8,6.680077,5.1187344,7200,5.885714,100,100,61.1,5.165714,Very Low,65.2,6.3670635,100,1747872000,Very Low,6.096763,8.169639,Very Low,9.130664,59.1,9.428572,100,1747872000,6.457143
2025-05-22T00:05:36Z,236,29.94,73.0,62,63.0,3,3,29,84,0.0,255,32767,0.11,2090-9-18,0.0,0.52,26.6,0.0,0.0,0.0,0,4.822265625,6,45,05:40,20:21,2025-05-22 00:05:36.134796,Città della Scienza,80.5,7.7603226,7.4420657,7.620954,5.3440614,EU EEA Common AQI,65.8,6.680077,5.1187344,7200,5.885714,100,100,61.1,5.165714,Very Low,65.2,6.3670635,100,1747872000,Very Low,6.096763,8.169639,Very Low,9.130664,59.1,9.428572,100,1747872000,6.457143
2025-05-22T00:05:47Z,236,29.94,73.0,62,63.0,3,3,29,84,0.0,255,32767,0.11,2090-9-18,0.0,0.52,26.6,0.0,0.0,0.0,0,4.822265625,6,45,05:40,20:21,2025-05-22 00:05:47.230802,Città della Scienza,80.5,7.7603226,7.4420657,7.620954,5.3440614,EU EEA Common AQI,65.8,6.680077,5.1187344,7200,5.885714,100,100,61.1,5.165714,Very Low,65.2,6.3670635,100,1747872000,Very Low,6.096763,8.169639,Very Low,9.130664,59.1,9.428572,100,1747872000,6.457143
2025-05-22T00:05:58Z,236,29.94,73.0,62,63.0,3,3,29,84,0.0,255,32767,0.11,2090-9-18,0.0,0.52,26.6,0.0,0.0,0.0,0,4.822265625,6,45,05:40,20:21,2025-05-22 00:05:58.339806,Città della Scienza,80.5,7.7603226,7.4420657,7.620954,5.3440614,EU EEA Common AQI,65.8,6.680077,5.1187344,7200,5.885714,100,100,61.1,5.165714,Very Low,65.2,6.3670635,100,1747872000,Very Low,6.096763,8.169639,Very Low,9.130664,59.1,9.428572,100,1747872000,6.457143
2025-05-22T00:06:09Z,236,29.94,73.0,62,63.0,3,3,29,84,0.0,255,32767,0.11,2090-9-18,0.0,0.52,26.6,0.0,0.0,0.0,0,4.822265625,6,45,05:40,20:21,2025-05-22 00:06:09.392787,Città della Scienza,80.5,7.7603226,7.4420657,7.620954,5.3440614,EU EEA Common AQI,65.8,6.680077,5.1187344,7200,5.885714,100,100,61.1,5.165714,Very Low,65.2,6.3670635,100,1747872000,Very Low,6.096763,8.169639,Very Low,9.130664,59.1,9.428572,100,1747872000,6.457143
2025-05-22T00:06:20Z,236,29.94,73.0,62,63.0,3,3,32,84,0.0,255,32767,0.11,2090-9-18,0.0,0.52,26.6,0.0,0.0,0.0,0,4.822265625,6,45,05:40,20:21,2025-05-22 00:06:20.469793,Città della Scienza,80.5,7.7603226,7.4420657,7.620954,5.3440614,EU EEA Common AQI,65.8,6.680077,5.1187344,7200,5.885714,100,100,61.1,5.165714,Very Low,65.2,6.3670635,100,1747872000,Very Low,6.096763,8.169639,Very Low,9.130664,59.1,9.428572,100,1747872000,6.457143
2025-05-22T00:06:31Z,236,29.94,73.0,62,63.0,3,3,32,84,0.0,255,32767,0.11,2090-9-18,0.0,0.52,26.6,0.0,0.0,0.0,0,4.822265625,6,45,05:40,20:21,2025-05-22 00:06:31.576789,Città della Scienza,80.5,7.7603226,7.4420657,7.620954,5.3440614,EU EEA Common AQI,65.8,6.680077,5.1187344,7200,5.885714,100,100,61.1,5.165714,Very Low,65.2,6.3670635,100,1747872000,Very Low,6.096763,8.169639,Very Low,9.130664,59.1,9.428572,100,1747872000,6.457143
2025-05-22T00:06:42Z,236,29.939,72.9,62,63.0,3,3,32,84,0.0,255,32767,0.11,2090-9-18,0.0,0.52,26.6,0.0,0.0,0.0,0,4.822265625,6,45,05:40,20:21,2025-05-22 00:06:42.603792,Città della Scienza,80.5,7.7603226,7.4420657,7.620954,5.3440614,EU EEA Common AQI,65.8,6.680077,5.1187344,7200,5.885714,100,100,61.1,5.165714,Very Low,65.2,6.3670635,100,1747872000,Very Low,6.096763,8.169639,Very Low,9.130664,59.1,9.428572,100,1747872000,6.457143
2025-05-22T00:06:53Z,236,29.939,72.9,62,63.0,2,3,32,84,0.0,255,32767,0.11,2090-9-18,0.0,0.52,26.6,0.0,0.0,0.0,0,4.822265625,6,45,05:40,20:21,2025-05-22 00:06:53.697796,Città della Scienza,80.5,7.7603226,7.4420657,7.620954,5.3440614,EU EEA Common AQI,65.8,6.680077,5.1187344,7200,5.885714,100,100,61.1,5.165714,Very Low,65.2,6.3670635,100,1747872000,Very Low,6.096763,8.169639,Very Low,9.130664,59.1,9.428572,100,1747872000,6.457143
2025-05-22T00:07:04Z,236,29.939,72.9,62,63.0,3,3,32,84,0.0,255,32767,0.11,2090-9-18,0.0,0.52,26.6,0.0,0.0,0.0,0,4.822265625,6,45,05:40,20:21,2025-05-22 00:07:04.794792,Città della Scienza,80.5,7.7603226,7.4420657,7.620954,5.3440614,EU EEA Common AQI,65.8,6.680077,5.1187344,7200,5.885714,100,100,61.1,5.165714,Very Low,65.2,6.3670635,100,1747872000,Very Low,6.096763,8.169639,Very Low,9.130664,59.1,9.428572,100,1747872000,6.457143
2025-05-22T00:07:16Z,236,29.939,72.9,62,63.1,3,3,32,84,0.0,255,32767,0.11,2090-9-18,0.0,0.52,26.6,0.0,0.0,0.0,0,4.822265625,6,45,05:40,20:21,2025-05-22 00:07:15.882788,Città della Scienza,80.5,7.7603226,7.4420657,7.620954,5.3440614,EU EEA Common AQI,65.8,6.680077,5.1187344,7200,5.885714,100,100,61.1,5.165714,Very Low,65.2,6.3670635,100,1747872000,Very Low,6.096763,8.169639,Very Low,9.130664,59.1,9.428572,100,1747872000,6.457143
2025-05-22T00:07:27Z,236,29.939,72.9,62,63.1,3,3,32,84,0.0,255,32767,0.11,2090-9-18,0.0,0.52,26.6,0.0,0.0,0.0,0,4.822265625,6,45,05:40,20:21,2025-05-22 00:07:26.907785,Città della Scienza,80.5,7.7603226,7.4420657,7.620954,5.3440614,EU EEA Common AQI,65.8,6.680077,5.1187344,7200,5.885714,100,100,61.1,5.165714,Very Low,65.2,6.3670635,100,1747872000,Very Low,6.096763,8.169639,Very Low,9.130664,59.1,9.428572,100,1747872000,6.457143
2025-05-22T00:07:38Z,236,29.938,72.9,63,63.1,3,3,32,84,0.0,255,32767,0.11,2090-9-18,0.0,0.52,26.6,0.0,0.0,0.0,0,4.822265625,6,45,05:40,20:21,2025-05-22 00:07:38.007791,Città della Scienza,80.5,7.7603226,7.4420657,7.620954,5.3440614,EU EEA Common AQI,65.8,6.680077,5.1187344,7200,5.885714,100,100,61.1,5.165714,Very Low,65.2,6.3670635,100,1747872000,Very Low,6.096763,8.169639,Very Low,9.130664,59.1,9.428572,100,1747872000,6.457143
2025-05-22T00:07:49Z,236,29.938,72.9,63,63.1,3,3,32,84,0.0,255,32767,0.11,2090-9-18,0.0,0.52,26.6,0.0,0.0,0.0,0,4.822265625,6,45,05:40,20:21,2025-05-22 00:07:49.127786,Città della Scienza,80.5,7.7603226,7.4420657,7.620954,5.3440614,EU EEA Common AQI,65.8,6.680077,5.1187344,7200,5.885714,100,100,61.1,5.165714,Very Low,65.2,6.3670635,100,1747872000,Very Low,6.096763,8.169639,Very Low,9.130664,59.1,9.428572,100,1747872000,6.457143
2025-05-22T00:08:00Z,236,29.938,72.9,63,63.1,3,3,32,84,0.0,255,32767,0.11,2090-9-18,0.0,0.52,26.6,0.0,0.0,0.0,0,4.822265625,6,45,05:40,20:21,2025-05-22 00:08:00.167796,Città della Scienza,80.5,7.7603226,7.4420657,7.620954,5.3440614,EU EEA Common AQI,65.8,6.680077,5.1187344,7200,5.885714,100,100,61.1,5.165714,Very Low,65.2,6.3670635,100,1747872000,Very Low,6.096763,8.169639,Very Low,9.130664,59.1,9.428572,100,1747872000,6.457143
2025-05-22T00:08:11Z,236,29.938,72.9,63,63.1,3,3,43,84,0.0,255,32767,0.11,2090-9-18,0.0,0.52,26.6,0.0,0.0,0.0,0,4.822265625,6,45,05:40,20:21,2025-05-22 00:08:11.264784,Città della Scienza,80.5,7.7603226,7.4420657,7.620954,5.3440614,EU EEA Common AQI,65.8,6.680077,5.1187344,7200,5.885714,100,100,61.1,5.165714,Very Low,65.2,6.3670635,100,1747872000,Very Low,6.096763,8.169639,Very Low,9.130664,59.1,9.428572,100,1747872000,6.457143
2025-05-22T00:08:22Z,236,29.938,72.9,63,63.2,3,3,36,84,0.0,255,32767,0.11,2090-9-18,0.0,0.52,26.6,0.0,0.0,0.0,0,4.822265625,6,45,05:40,20:21,2025-05-22 00:08:22.377797,Città della Scienza,80.5,7.7603226,7.4420657,7.620954,5.3440614,EU EEA Common AQI,65.8,6.680077,5.1187344,7200,5.885714,100,100,61.1,5.165714,Very Low,65.2,6.3670635,100,1747872000,Very Low,6.096763,8.169639,Very Low,9.130664,59.1,9.428572,100,1747872000,6.457143
2025-05-22T00:08:33Z,236,29.939,72.9,63,63.2,3,3,40,84,0.0,255,32767,0.11,2090-9-18,0.0,0.52,26.6,0.0,0.0,0.0,0,4.822265625,6,45,05:40,20:21,2025-05-22 00:08:33.473794,Città della Scienza,80.5,7.7603226,7.4420657,7.620954,5.3440614,EU EEA Common AQI,65.8,6.680077,5.1187344,7200,5.885714,100,100,61.1,5.165714,Very Low,65.2,6.3670635,100,1747872000,Very Low,6.096763,8.169639,Very Low,9.130664,59.1,9.428572,100,1747872000,6.457143
2025-05-22T00:08:44Z,236,29.939,72.9,63,63.2,3,3,38,84,0.0,255,32767,0.11,2090-9-18,0.0,0.52,26.6,0.0,0.0,0.0,0,4.822265625,6,45,05:40,20:21,2025-05-22 00:08:44.556793,Città della Scienza,80.5,7.7603226,7.4420657,7.620954,5.3440614,EU EEA Common AQI,65.8,6.680077,5.1187344,7200,5.885714,100,100,61.1,5.165714,Very Low,65.2,6.3670635,100,1747872000,Very Low,6.096763,8.169639,Very Low,9.130664,59.1,9.428572,100,1747872000,6.457143
2025-05-22T00:08:55Z,236,29.939,72.9,63,63.2,3,3,40,84,0.0,255,32767,0.11,2090-9-18,0.0,0.52,26.6,0.0,0.0,0.0,0,4.822265625,6,45,05:40,20:21,2025-05-22 00:08:55.607802,Città della Scienza,80.5,7.7603226,7.4420657,7.620954,5.3440614,EU EEA Common AQI,65.8,6.680077,5.1187344,7200,5.885714,100,100,61.1,5.165714,Very Low,65.2,6.3670635,100,1747872000,Very Low,6.096763,8.169639,Very Low,9.130664,59.1,9.428572,100,1747872000,6.457143
2025-05-22T00:09:06Z,236,29.939,72.9,63,63.2,3,3,40,84,0.0,255,32767,0.11,2090-9-18,0.0,0.52,26.6,0.0,0.0,0.0,0,4.822265625,6,45,05:40,20:21,2025-05-22 00:09:06.653791,Città della Scienza,80.5,7.7603226,7.4420657,7.620954,5.3440614,EU EEA Common AQI,65.8,6.680077,5.1187344,7200,5.885714,100,100,61.1,5.165714,Very Low,65.2,6.3670635,100,1747872000,Very Low,6.096763,8.169639,Very Low,9.130664,59.1,9.428572,100,1747872000,6.457143
2025-05-22T00:09:17Z,236,29.939,72.9,63,63.2,3,3,40,84,0.0,255,32767,0.11,2090-9-18,0.0,0.52,26.6,0.0,0.0,0.0,0,4.822265625,6,45,05:40,20:21,2025-05-22 00:09:17.701797,Città della Scienza,80.5,7.7603226,7.4420657,7.620954,5.3440614,EU EEA Common AQI,65.8,6.680077,5.1187344,7200,5.885714,100,100,61.1,5.165714,Very Low,65.2,6.3670635,100,1747872000,Very Low,6.096763,8.169639,Very Low,9.130664,59.1,9.428572,100,1747872000,6.457143
2025-05-22T00:09:28Z,236,29.939,72.9,63,63.2,3,3,40,84,0.0,255,32767,0.11,2090-9-18,0.0,0.52,26.6,0.0,0.0,0.0,0,4.822265625,6,45,05:40,20:21,2025-05-22 00:09:28.775793,Città della Scienza,80.5,7.7603226,7.4420657,7.620954,5.3440614,EU EEA Common AQI,65.8,6.680077,5.1187344,7200,5.885714,100,100,61.1,5.165714,Very Low,65.2,6.3670635,100,1747872000,Very Low,6.096763,8.169639,Very Low,9.130664,59.1,9.428572,100,1747872000,6.457143
2025-05-22T00:09:40Z,236,29.938,72.8,63,63.2,2,3,40,84,0.0,255,32767,0.11,2090-9-18,0.0,0.52,26.6,0.0,0.0,0.0,0,4.822265625,6,45,05:40,20:21,2025-05-22 00:09:39.855792,Città della Scienza,80.5,7.7603226,7.4420657,7.620954,5.3440614,EU EEA Common AQI,65.8,6.680077,5.1187344,7200,5.885714,100,100,61.1,5.165714,Very Low,65.2,6.3670635,100,1747872000,Very Low,6.096763,8.169639,Very Low,9.130664,59.1,9.428572,100,1747872000,6.457143
2025-05-22T00:09:51Z,236,29.938,72.8,63,63.2,2,3,40,84,0.0,255,32767,0.11,2090-9-18,0.0,0.52,26.6,0.0,0.0,0.0,0,4.822265625,6,45,05:40,20:21,2025-05-22 00:09:50.975786,Città della Scienza,80.5,7.7603226,7.4420657,7.620954,5.3440614,EU EEA Common AQI,65.8,6.680077,5.1187344,7200,5.885714,100,100,61.1,5.165714,Very Low,65.2,6.3670635,100,1747872000,Very Low,6.096763,8.169639,Very Low,9.130664,59.1,9.428572,100,1747872000,6.457143
2025-05-22T00:10:02Z,236,29.938,72.8,63,63.2,2,3,40,84,0.0,255,32767,0.11,2090-9-18,0.0,0.52,26.6,0.0,0.0,0.0,0,4.822265625,6,45,05:40,20:21,2025-05-22 00:10:02.047772,Città della Scienza,80.5,7.7603226,7.4420657,7.620954,5.3440614,EU EEA Common AQI,65.8,6.680077,5.1187344,7200,5.885714,100,100,61.1,5.165714,Very Low,65.2,6.3670635,100,1747872000,Very Low,6.096763,8.169639,Very Low,9.130664,59.1,9.428572,100,1747872000,6.457143
2025-05-22T00:10:13Z,236,29.938,72.8,63,63.3,1,3,40,84,0.0,255,32767,0.11,2090-9-18,0.0,0.52,26.6,0.0,0.0,0.0,0,4.822265625,6,45,05:40,20:21,2025-05-22 00:10:13.182795,Città della Scienza,80.5,7.7603226,7.4420657,7.620954,5.3440614,EU EEA Common AQI,65.8,6.680077,5.1187344,7200,5.885714,100,100,61.1,5.165714,Very Low,65.2,6.3670635,100,1747872000,Very Low,6.096763,8.169639,Very Low,9.130664,59.1,9.428572,100,1747872000,6.457143
2025-05-22T00:10:24Z,236,29.938,72.8,63,63.3,2,3,40,84,0.0,255,32767,0.11,2090-9-18,0.0,0.52,26.6,0.0,0.0,0.0,0,4.822265625,6,45,05:40,20:21,2025-05-22 00:10:24.260787,Città della Scienza,80.5,7.7603226,7.4420657,7.620954,5.3440614,EU EEA Common AQI,65.8,6.680077,5.1187344,7200,5.885714,100,100,61.1,5.165714,Very Low,65.2,6.3670635,100,1747872000,Very Low,6.096763,8.169639,Very Low,9.130664,59.1,9.428572,100,1747872000,6.457143
2025-05-22T00:10:35Z,236,29.938,72.8,63,63.3,2,3,40,84,0.0,255,32767,0.11,2090-9-18,0.0,0.52,26.6,0.0,0.0,0.0,0,4.822265625,6,45,05:40,20:21,2025-05-22 00:10:35.343803,Città della Scienza,80.5,7.7603226,7.4420657,7.620954,5.3440614,EU EEA Common AQI,65.8,6.680077,5.1187344,7200,5.885714,100,100,61.1,5.165714,Very Low,65.2,6.3670635,100,1747872000,Very Low,6.096763,8.169639,Very Low,9.130664,59.1,9.428572,100,1747872000,6.457143
2025-05-22T00:10:46Z,236,29.938,72.8,63,63.3,2,3,40,84,0.0,255,32767,0.11,2090-9-18,0.0,0.52,26.6,0.0,0.0,0.0,0,4.822265625,6,45,05:40,20:21,2025-05-22 00:10:46.417784,Città della Scienza,80.5,7.7603226,7.4420657,7.620954,5.3440614,EU EEA Common AQI,65.8,6.680077,5.1187344,7200,5.885714,100,100,61.1,5.165714,Very Low,65.2,6.3670635,100,1747872000,Very Low,6.096763,8.169639,Very Low,9.130664,59.1,9.428572,100,1747872000,6.457143
2025-05-22T00:10:57Z,236,29.938,72.8,63,63.3,2,3,40,84,0.0,255,32767,0.11,2090-9-18,0.0,0.52,26.6,0.0,0.0,0.0,0,4.822265625,6,45,05:40,20:21,2025-05-22 00:10:57.513788,Città della Scienza,80.5,7.7603226,7.4420657,7.620954,5.3440614,EU EEA Common AQI,65.8,6.680077,5.1187344,7200,5.885714,100,100,61.1,5.165714,Very Low,65.2,6.3670635,100,1747872000,Very Low,6.096763,8.169639,Very Low,9.130664,59.1,9.428572,100,1747872000,6.457143
2025-05-22T00:11:08Z,236,29.938,72.8,63,63.3,2,3,40,84,0.0,255,32767,0.11,2090-9-18,0.0,0.52,26.6,0.0,0.0,0.0,0,4.822265625,6,45,05:40,20:21,2025-05-22 00:11:08.565789,Città della Scienza,80.5,7.7603226,7.4420657,7.620954,5.3440614,EU EEA Common AQI,65.8,6.680077,5.1187344,7200,5.885714,100,100,61.1,5.165714,Very Low,65.2,6.3670635,100,1747872000,Very Low,6.096763,8.169639,Very Low,9.130664,59.1,9.428572,100,1747872000,6.457143
2025-05-22T00:11:19Z,236,29.938,72.8,63,63.3,2,3,40,84,0.0,255,32767,0.11,2090-9-18,0.0,0.52,26.6,0.0,0.0,0.0,0,4.822265625,6,45,05:40,20:21,2025-05-22 00:11:19.635793,Città della Scienza,80.5,7.7603226,7.4420657,7.620954,5.3440614,EU EEA Common AQI,65.8,6.680077,5.1187344,7200,5.885714,100,100,61.1,5.165714,Very Low,65.2,6.3670635,100,1747872000,Very Low,6.096763,8.169639,Very Low,9.130664,59.1,9.428572,100,1747872000,6.457143
2025-05-22T00:11:30Z,236,29.938,72.8,63,63.3,2,3,40,84,0.0,255,32767,0.11,2090-9-18,0.0,0.52,26.6,0.0,0.0,0.0,0,4.822265625,6,45,05:40,20:21,2025-05-22 00:11:30.699791,Città della Scienza,80.5,7.7603226,7.4420657,7.620954,5.3440614,EU EEA Common AQI,65.8,6.680077,5.1187344,7200,5.885714,100,100,61.1,5.165714,Very Low,65.2,6.3670635,100,1747872000,Very Low,6.096763,8.169639,Very Low,9.130664,59.1,9.428572,100,1747872000,6.457143
2025-05-22T00:11:41Z,236,29.937,72.8,63,63.3,2,3,40,84,0.0,255,32767,0.11,2090-9-18,0.0,0.52,26.6,0.0,0.0,0.0,0,4.822265625,6,45,05:40,20:21,2025-05-22 00:11:41.776784,Città della Scienza,80.5,7.7603226,7.4420657,7.620954,5.3440614,EU EEA Common AQI,65.8,6.680077,5.1187344,7200,5.885714,100,100,61.1,5.165714,Very Low,65.2,6.3670635,100,1747872000,Very Low,6.096763,8.169639,Very Low,9.130664,59.1,9.428572,100,1747872000,6.457143
2025-05-22T00:11:53Z,236,29.937,72.8,63,63.4,2,3,40,84,0.0,255,32767,0.11,2090-9-18,0.0,0.52,26.6,0.0,0.0,0.0,0,4.822265625,6,45,05:40,20:21,2025-05-22 00:11:52.836787,Città della Scienza,80.5,7.7603226,7.4420657,7.620954,5.3440614,EU EEA Common AQI,65.8,6.680077,5.1187344,7200,5.885714,100,100,61.1,5.165714,Very Low,65.2,6.3670635,100,1747872000,Very Low,6.096763,8.169639,Very Low,9.130664,59.1,9.428572,100,1747872000,6.457143
2025-05-22T00:12:04Z,236,29.937,72.8,63,63.4,2,3,40,84,0.0,255,32767,0.11,2090-9-18,0.0,0.52,26.6,0.0,0.0,0.0,0,4.822265625,6,45,05:40,20:21,2025-05-22 00:12:03.915796,Città della Scienza,80.5,7.7603226,7.4420657,7.620954,5.3440614,EU EEA Common AQI,65.8,6.680077,5.1187344,7200,5.885714,100,100,61.1,5.165714,Very Low,65.2,6.3670635,100,1747872000,Very Low,6.096763,8.169639,Very Low,9.130664,59.1,9.428572,100,1747872000,6.457143
2025-05-22T00:12:15Z,236,29.937,72.8,63,63.4,2,3,40,84,0.0,255,32767,0.11,2090-9-18,0.0,0.52,26.6,0.0,0.0,0.0,0,4.822265625,6,45,05:40,20:21,2025-05-22 00:12:14.974797,Città della Scienza,80.5,7.7603226,7.4420657,7.620954,5.3440614,EU EEA Common AQI,65.8,6.680077,5.1187344,7200,5.885714,100,100,61.1,5.165714,Very Low,65.2,6.3670635,100,1747872000,Very Low,6.096763,8.169639,Very Low,9.130664,59.1,9.428572,100,1747872000,6.457143
2025-05-22T00:12:26Z,236,29.937,72.8,63,63.4,2,3,40,84,0.0,255,32767,0.11,2090-9-18,0.0,0.52,26.6,0.0,0.0,0.0,0,4.822265625,6,45,05:40,20:21,2025-05-22 00:12:26.083749,Città della Scienza,80.5,7.7603226,7.4420657,7.620954,5.3440614,EU EEA Common AQI,65.8,6.680077,5.1187344,7200,5.885714,100,100,61.1,5.165714,Very Low,65.2,6.3670635,100,1747872000,Very Low,6.096763,8.169639,Very Low,9.130664,59.1,9.428572,100,1747872000,6.457143
2025-05-22T00:12:37Z,236,29.935,72.7,63,63.4,2,3,40,84,0.0,255,32767,0.11,2090-9-18,0.0,0.52,26.6,0.0,0.0,0.0,0,4.822265625,6,45,05:40,20:21,2025-05-22 00:12:37.136798,Città della Scienza,80.5,7.7603226,7.4420657,7.620954,5.3440614,EU EEA Common AQI,65.8,6.680077,5.1187344,7200,5.885714,100,100,61.1,5.165714,Very Low,65.2,6.3670635,100,1747872000,Very Low,6.096763,8.169639,Very Low,9.130664,59.1,9.428572,100,1747872000,6.457143
2025-05-22T00:12:48Z,236,29.935,72.7,63,63.4,2,3,40,84,0.0,255,32767,0.11,2090-9-18,0.0,0.52,26.6,0.0,0.0,0.0,0,4.822265625,6,45,05:40,20:21,2025-05-22 00:12:48.213798,Città della Scienza,80.5,7.7603226,7.4420657,7.620954,5.3440614,EU EEA Common AQI,65.8,6.680077,5.1187344,7200,5.885714,100,100,61.1,5.165714,Very Low,65.2,6.3670635,100,1747872000,Very Low,6.096763,8.169639,Very Low,9.130664,59.1,9.428572,100,1747872000,6.457143
2025-05-22T00:12:59Z,236,29.935,72.7,63,63.4,2,3,40,84,0.0,255,32767,0.11,2090-9-18,0.0,0.52,26.6,0.0,0.0,0.0,0,4.822265625,6,45,05:40,20:21,2025-05-22 00:12:59.292787,Città della Scienza,80.5,7.7603226,7.4420657,7.620954,5.3440614,EU EEA Common AQI,65.8,6.680077,5.1187344,7200,5.885714,100,100,61.1,5.165714,Very Low,65.2,6.3670635,100,1747872000,Very Low,6.096763,8.169639,Very Low,9.130664,59.1,9.428572,100,1747872000,6.457143
2025-05-22T00:13:10Z,236,29.935,72.7,63,63.4,2,3,40,84,0.0,255,32767,0.11,2090-9-18,0.0,0.52,26.6,0.0,0.0,0.0,0,4.822265625,6,45,05:40,20:21,2025-05-22 00:13:10.375797,Città della Scienza,80.5,7.7603226,7.4420657,7.620954,5.3440614,EU EEA Common AQI,65.8,6.680077,5.1187344,7200,5.885714,100,100,61.1,5.165714,Very Low,65.2,6.3670635,100,1747872000,Very Low,6.096763,8.169639,Very Low,9.130664,59.1,9.428572,100,1747872000,6.457143
2025-05-22T00:13:21Z,236,29.935,72.7,63,63.4,2,3,40,84,0.0,255,32767,0.11,2090-9-18,0.0,0.52,26.6,0.0,0.0,0.0,0,4.822265625,6,45,05:40,20:21,2025-05-22 00:13:21.516792,Città della Scienza,80.5,7.7603226,7.4420657,7.620954,5.3440614,EU EEA Common AQI,65.8,6.680077,5.1187344,7200,5.885714,100,100,61.1,5.165714,Very Low,65.2,6.3670635,100,1747872000,Very Low,6.096763,8.169639,Very Low,9.130664,59.1,9.428572,100,1747872000,6.457143
2025-05-22T00:13:32Z,236,29.934,72.7,63,63.4,2,3,40,84,0.0,255,32767,0.11,2090-9-18,0.0,0.52,26.6,0.0,0.0,0.0,0,4.822265625,6,45,05:40,20:21,2025-05-22 00:13:32.542790,Città della Scienza,80.5,7.7603226,7.4420657,7.620954,5.3440614,EU EEA Common AQI,65.8,6.680077,5.1187344,7200,5.885714,100,100,61.1,5.165714,Very Low,65.2,6.3670635,100,1747872000,Very Low,6.096763,8.169639,Very Low,9.130664,59.1,9.428572,100,1747872000,6.457143
2025-05-22T00:13:43Z,236,29.934,72.7,63,63.4,2,3,40,84,0.0,255,32767,0.11,2090-9-18,0.0,0.52,26.6,0.0,0.0,0.0,0,4.822265625,6,45,05:40,20:21,2025-05-22 00:13:43.645791,Città della Scienza,80.5,7.7603226,7.4420657,7.620954,5.3440614,EU EEA Common AQI,65.8,6.680077,5.1187344,7200,5.885714,100,100,61.1,5.165714,Very Low,65.2,6.3670635,100,1747872000,Very Low,6.096763,8.169639,Very Low,9.130664,59.1,9.428572,100,1747872000,6.457143
2025-05-22T00:13:54Z,236,29.934,72.7,63,63.5,1,3,40,84,0.0,255,32767,0.11,2090-9-18,0.0,0.52,26.6,0.0,0.0,0.0,0,4.822265625,6,45,05:40,20:21,2025-05-22 00:13:54.754798,Città della Scienza,80.5,7.7603226,7.4420657,7.620954,5.3440614,EU EEA Common AQI,65.8,6.680077,5.1187344,7200,5.885714,100,100,61.1,5.165714,Very Low,65.2,6.3670635,100,1747872000,Very Low,6.096763,8.169639,Very Low,9.130664,59.1,9.428572,100,1747872000,6.457143
2025-05-22T00:14:06Z,236,29.934,72.7,63,63.5,0,3,40,84,0.0,255,32767,0.11,2090-9-18,0.0,0.52,26.6,0.0,0.0,0.0,0,4.822265625,6,45,05:40,20:21,2025-05-22 00:14:05.860792,Città della Scienza,80.5,7.7603226,7.4420657,7.620954,5.3440614,EU EEA Common AQI,65.8,6.680077,5.1187344,7200,5.885714,100,100,61.1,5.165714,Very Low,65.2,6.3670635,100,1747872000,Very Low,6.096763,8.169639,Very Low,9.130664,59.1,9.428572,100,1747872000,6.457143
2025-05-22T00:14:17Z,236,29.934,72.7,63,63.5,0,3,40,84,0.0,255,32767,0.11,2090-9-18,0.0,0.52,26.6,0.0,0.0,0.0,0,4.822265625,6,45,05:40,20:21,2025-05-22 00:14:16.913795,Città della Scienza,80.5,7.7603226,7.4420657,7.620954,5.3440614,EU EEA Common AQI,65.8,6.680077,5.1187344,7200,5.885714,100,100,61.1,5.165714,Very Low,65.2,6.3670635,100,1747872000,Very Low,6.096763,8.169639,Very Low,9.130664,59.1,9.428572,100,1747872000,6.457143
2025-05-22T00:14:28Z,236,29.934,72.7,63,63.5,0,3,40,84,0.0,255,32767,0.11,2090-9-18,0.0,0.52,26.6,0.0,0.0,0.0,0,4.822265625,6,45,05:40,20:21,2025-05-22 00:14:28.009788,Città della Scienza,80.5,7.7603226,7.4420657,7.620954,5.3440614,EU EEA Common AQI,65.8,6.680077,5.1187344,7200,5.885714,100,100,61.1,5.165714,Very Low,65.2,6.3670635,100,1747872000,Very Low,6.096763,8.169639,Very Low,9.130664,59.1,9.428572,100,1747872000,6.457143
2025-05-22T00:14:39Z,236,29.936,72.8,63,63.5,1,2,40,84,0.0,255,32767,0.11,2090-9-18,0.0,0.52,26.6,0.0,0.0,0.0,0,4.822265625,6,45,05:40,20:21,2025-05-22 00:14:39.108787,Città della Scienza,80.5,7.7603226,7.4420657,7.620954,5.3440614,EU EEA Common AQI,65.8,6.680077,5.1187344,7200,5.885714,100,100,61.1,5.165714,Very Low,65.2,6.3670635,100,1747872000,Very Low,6.096763,8.169639,Very Low,9.130664,59.1,9.428572,100,1747872000,6.457143
2025-05-22T00:14:50Z,236,29.936,72.8,63,63.5,1,2,40,84,0.0,255,32767,0.11,2090-9-18,0.0,0.52,26.6,0.0,0.0,0.0,0,4.822265625,6,45,05:40,20:21,2025-05-22 00:14:50.181791,Città della Scienza,80.5,7.7603226,7.4420657,7.620954,5.3440614,EU EEA Common AQI,65.8,6.680077,5.1187344,7200,5.885714,100,100,61.1,5.165714,Very Low,65.2,6.3670635,100,1747872000,Very Low,6.096763,8.169639,Very Low,9.130664,59.1,9.428572,100,1747872000,6.457143
2025-05-22T00:15:01Z,236,29.936,72.8,63,63.5,1,2,40,84,0.0,255,32767,0.11,2090-9-18,0.0,0.52,26.6,0.0,0.0,0.0,0,4.822265625,6,45,05:40,20:21,2025-05-22 00:15:01.251798,Città della Scienza,80.5,7.7603226,7.4420657,7.620954,5.3440614,EU EEA Common AQI,65.8,6.680077,5.1187344,7200,5.885714,100,100,61.1,5.165714,Very Low,65.2,6.3670635,100,1747872000,Very Low,6.096763,8.169639,Very Low,9.130664,59.1,9.428572,100,1747872000,6.457143
2025-05-22T00:15:12Z,236,29.936,72.8,63,63.5,1,2,40,84,0.0,255,32767,0.11,2090-9-18,0.0,0.52,26.6,0.0,0.0,0.0,0,4.822265625,6,45,05:40,20:21,2025-05-22 00:15:12.334799,Città della Scienza,80.5,7.7603226,7.4420657,7.620954,5.3440614,EU EEA Common AQI,65.8,6.680077,5.1187344,7200,5.885714,100,100,61.1,5.165714,Very Low,65.2,6.3670635,100,1747872000,Very Low,6.096763,8.169639,Very Low,9.130664,59.1,9.428572,100,1747872000,6.457143
2025-05-22T00:15:23Z,236,29.936,72.8,63,63.5,0,2,40,84,0.0,255,32767,0.11,2090-9-18,0.0,0.52,26.6,0.0,0.0,0.0,0,4.822265625,6,45,05:40,20:21,2025-05-22 00:15:23.439809,Città della Scienza,80.5,7.7603226,7.4420657,7.620954,5.3440614,EU EEA Common AQI,65.8,6.680077,5.1187344,7200,5.885714,100,100,61.1,5.165714,Very Low,65.2,6.3670635,100,1747872000,Very Low,6.096763,8.169639,Very Low,9.130664,59.1,9.428572,100,1747872000,6.457143
2025-05-22T00:15:34Z,236,29.937,72.7,63,63.5,1,2,40,84,0.0,255,32767,0.11,2090-9-18,0.0,0.52,26.6,0.0,0.0,0.0,0,4.822265625,6,45,05:40,20:21,2025-05-22 00:15:34.475792,Città della Scienza,81.1,7.9428067,7.437732,7.8242207,5.520827,EU EEA Common AQI,65.8,6.901034,5.1239467,7200,7.0571427,100,100,61.2,6.1942854,Very Low,65.2,6.576404,100,1747872900,Very Low,6.259376,8.36479,Very Low,9.329736,59.3,10.142858,100,1747872900,7.742857
2025-05-22T00:15:45Z,236,29.937,72.7,63,63.6,1,2,40,84,0.0,255,32767,0.11,2090-9-18,0.0,0.52,26.6,0.0,0.0,0.0,0,4.822265625,6,45,05:40,20:21,2025-05-22 00:15:45.549791,Città della Scienza,81.1,7.9428067,7.437732,7.8242207,5.520827,EU EEA Common AQI,65.8,6.901034,5.1239467,7200,7.0571427,100,100,61.2,6.1942854,Very Low,65.2,6.576404,100,1747872900,Very Low,6.259376,8.36479,Very Low,9.329736,59.3,10.142858,100,1747872900,7.742857
2025-05-22T00:15:56Z,236,29.937,72.7,63,63.6,0,2,40,84,0.0,255,32767,0.11,2090-9-18,0.0,0.52,26.6,0.0,0.0,0.0,0,4.822265625,6,45,05:40,20:21,2025-05-22 00:15:56.643796,Città della Scienza,81.1,7.9428067,7.437732,7.8242207,5.520827,EU EEA Common AQI,65.8,6.901034,5.1239467,7200,7.0571427,100,100,61.2,6.1942854,Very Low,65.2,6.576404,100,1747872900,Very Low,6.259376,8.36479,Very Low,9.329736,59.3,10.142858,100,1747872900,7.742857
2025-05-22T00:16:07Z,236,29.937,72.7,63,63.6,0,2,40,84,0.0,255,32767,0.11,2090-9-18,0.0,0.52,26.6,0.0,0.0,0.0,0,4.822265625,6,45,05:40,20:21,2025-05-22 00:16:07.772862,Città della Scienza,81.1,7.9428067,7.437732,7.8242207,5.520827,EU EEA Common AQI,65.8,6.901034,5.1239467,7200,7.0571427,100,100,61.2,6.1942854,Very Low,65.2,6.576404,100,1747872900,Very Low,6.259376,8.36479,Very Low,9.329736,59.3,10.142858,100,1747872900,7.742857
2025-05-22T00:16:19Z,236,29.937,72.7,63,63.6,2,2,40,84,0.0,255,32767,0.11,2090-9-18,0.0,0.52,26.6,0.0,0.0,0.0,0,4.822265625,6,45,05:40,20:21,2025-05-22 00:16:19.132790,Città della Scienza,81.1,7.9428067,7.437732,7.8242207,5.520827,EU EEA Common AQI,65.8,6.901034,5.1239467,7200,7.0571427,100,100,61.2,6.1942854,Very Low,65.2,6.576404,100,1747872900,Very Low,6.259376,8.36479,Very Low,9.329736,59.3,10.142858,100,1747872900,7.742857
2025-05-22T00:16:30Z,236,29.937,72.7,63,63.6,1,2,40,84,0.0,255,32767,0.11,2090-9-18,0.0,0.52,26.6,0.0,0.0,0.0,0,4.822265625,6,45,05:40,20:21,2025-05-22 00:16:30.211817,Città della Scienza,81.1,7.9428067,7.437732,7.8242207,5.520827,EU EEA Common AQI,65.8,6.901034,5.1239467,7200,7.0571427,100,100,61.2,6.1942854,Very Low,65.2,6.576404,100,1747872900,Very Low,6.259376,8.36479,Very Low,9.329736,59.3,10.142858,100,1747872900,7.742857
2025-05-22T00:16:41Z,236,29.937,72.8,63,63.6,1,2,40,84,0.0,255,32767,0.11,2090-9-18,0.0,0.52,26.6,0.0,0.0,0.0,0,4.822265625,6,45,05:40,20:21,2025-05-22 00:16:41.281818,Città della Scienza,81.1,7.9428067,7.437732,7.8242207,5.520827,EU EEA Common AQI,65.8,6.901034,5.1239467,7200,7.0571427,100,100,61.2,6.1942854,Very Low,65.2,6.576404,100,1747872900,Very Low,6.259376,8.36479,Very Low,9.329736,59.3,10.142858,100,1747872900,7.742857
2025-05-22T00:16:52Z,236,29.937,72.8,63,63.6,1,2,40,84,0.0,255,32767,0.11,2090-9-18,0.0,0.52,26.6,0.0,0.0,0.0,0,4.822265625,6,45,05:40,20:21,2025-05-22 00:16:52.351787,Città della Scienza,81.1,7.9428067,7.437732,7.8242207,5.520827,EU EEA Common AQI,65.8,6.901034,5.1239467,7200,7.0571427,100,100,61.2,6.1942854,Very Low,65.2,6.576404,100,1747872900,Very Low,6.259376,8.36479,Very Low,9.329736,59.3,10.142858,100,1747872900,7.742857
2025-05-22T00:17:03Z,236,29.937,72.8,63,63.7,1,2,40,84,0.0,255,32767,0.11,2090-9-18,0.0,0.52,26.6,0.0,0.0,0.0,0,4.822265625,6,45,05:40,20:21,2025-05-22 00:17:03.448752,Città della Scienza,81.1,7.9428067,7.437732,7.8242207,5.520827,EU EEA Common AQI,65.8,6.901034,5.1239467,7200,7.0571427,100,100,61.2,6.1942854,Very Low,65.2,6.576404,100,1747872900,Very Low,6.259376,8.36479,Very Low,9.329736,59.3,10.142858,100,1747872900,7.742857
2025-05-22T00:17:14Z,236,29.937,72.8,63,63.7,1,2,40,84,0.0,255,32767,0.11,2090-9-18,0.0,0.52,26.6,0.0,0.0,0.0,0,4.822265625,6,45,05:40,20:21,2025-05-22 00:17:14.501786,Città della Scienza,81.1,7.9428067,7.437732,7.8242207,5.520827,EU EEA Common AQI,65.8,6.901034,5.1239467,7200,7.0571427,100,100,61.2,6.1942854,Very Low,65.2,6.576404,100,1747872900,Very Low,6.259376,8.36479,Very Low,9.329736,59.3,10.142858,100,1747872900,7.742857
2025-05-22T00:17:25Z,236,29.937,72.8,63,63.7,1,2,40,84,0.0,255,32767,0.11,2090-9-18,0.0,0.52,26.6,0.0,0.0,0.0,0,4.822265625,6,45,05:40,20:21,2025-05-22 00:17:25.605793,Città della Scienza,81.1,7.9428067,7.437732,7.8242207,5.520827,EU EEA Common AQI,65.8,6.901034,5.1239467,7200,7.0571427,100,100,61.2,6.1942854,Very Low,65.2,6.576404,100,1747872900,Very Low,6.259376,8.36479,Very Low,9.329736,59.3,10.142858,100,1747872900,7.742857
2025-05-22T00:17:36Z,236,29.935,72.7,63,63.7,1,2,40,84,0.0,255,32767,0.11,2090-9-18,0.0,0.52,26.6,0.0,0.0,0.0,0,4.822265625,6,45,05:40,20:21,2025-05-22 00:17:36.682787,Città della Scienza,81.1,7.9428067,7.437732,7.8242207,5.520827,EU EEA Common AQI,65.8,6.901034,5.1239467,7200,7.0571427,100,100,61.2,6.1942854,Very Low,65.2,6.576404,100,1747872900,Very Low,6.259376,8.36479,Very Low,9.329736,59.3,10.142858,100,1747872900,7.742857
2025-05-22T00:17:47Z,236,29.935,72.7,63,63.7,0,2,40,84,0.0,255,32767,0.11,2090-9-18,0.0,0.52,26.6,0.0,0.0,0.0,0,4.822265625,6,45,05:40,20:21,2025-05-22 00:17:47.759801,Città della Scienza,81.1,7.9428067,7.437732,7.8242207,5.520827,EU EEA Common AQI,65.8,6.901034,5.1239467,7200,7.0571427,100,100,61.2,6.1942854,Very Low,65.2,6.576404,100,1747872900,Very Low,6.259376,8.36479,Very Low,9.329736,59.3,10.142858,100,1747872900,7.742857
2025-05-22T00:17:59Z,236,29.935,72.7,63,63.7,0,2,40,84,0.0,255,32767,0.11,2090-9-18,0.0,0.52,26.6,0.0,0.0,0.0,0,4.822265625,6,45,05:40,20:21,2025-05-22 00:17:58.856826,Città della Scienza,81.1,7.9428067,7.437732,7.8242207,5.520827,EU EEA Common AQI,65.8,6.901034,5.1239467,7200,7.0571427,100,100,61.2,6.1942854,Very Low,65.2,6.576404,100,1747872900,Very Low,6.259376,8.36479,Very Low,9.329736,59.3,10.142858,100,1747872900,7.742857
2025-05-22T00:18:10Z,236,29.935,72.7,63,63.7,1,2,40,84,0.0,255,32767,0.11,2090-9-18,0.0,0.52,26.6,0.0,0.0,0.0,0,4.822265625,6,45,05:40,20:21,2025-05-22 00:18:09.925817,Città della Scienza,81.1,7.9428067,7.437732,7.8242207,5.520827,EU EEA Common AQI,65.8,6.901034,5.1239467,7200,7.0571427,100,100,61.2,6.1942854,Very Low,65.2,6.576404,100,1747872900,Very Low,6.259376,8.36479,Very Low,9.329736,59.3,10.142858,100,1747872900,7.742857
2025-05-22T00:18:21Z,236,29.935,72.7,63,63.7,0,2,40,84,0.0,255,32767,0.11,2090-9-18,0.0,0.52,26.6,0.0,0.0,0.0,0,4.822265625,6,45,05:40,20:21,2025-05-22 00:18:21.019752,Città della Scienza,81.1,7.9428067,7.437732,7.8242207,5.520827,EU EEA Common AQI,65.8,6.901034,5.1239467,7200,7.0571427,100,100,61.2,6.1942854,Very Low,65.2,6.576404,100,1747872900,Very Low,6.259376,8.36479,Very Low,9.329736,59.3,10.142858,100,1747872900,7.742857
2025-05-22T00:18:32Z,236,29.935,72.8,63,63.7,0,2,40,84,0.0,255,32767,0.11,2090-9-18,0.0,0.52,26.6,0.0,0.0,0.0,0,4.822265625,6,45,05:40,20:21,2025-05-22 00:18:32.228796,Città della Scienza,81.1,7.9428067,7.437732,7.8242207,5.520827,EU EEA Common AQI,65.8,6.901034,5.1239467,7200,7.0571427,100,100,61.2,6.1942854,Very Low,65.2,6.576404,100,1747872900,Very Low,6.259376,8.36479,Very Low,9.329736,59.3,10.142858,100,1747872900,7.742857
2025-05-22T00:18:43Z,236,29.936,72.8,63,63.7,1,2,40,84,0.0,255,32767,0.11,2090-9-18,0.0,0.52,26.6,0.0,0.0,0.0,0,4.822265625,6,45,05:40,20:21,2025-05-22 00:18:43.326789,Città della Scienza,81.1,7.9428067,7.437732,7.8242207,5.520827,EU EEA Common AQI,65.8,6.901034,5.1239467,7200,7.0571427,100,100,61.2,6.1942854,Very Low,65.2,6.576404,100,1747872900,Very Low,6.259376,8.36479,Very Low,9.329736,59.3,10.142858,100,1747872900,7.742857
2025-05-22T00:18:54Z,236,29.936,72.8,63,63.7,1,2,40,84,0.0,255,32767,0.11,2090-9-18,0.0,0.52,26.6,0.0,0.0,0.0,0,4.822265625,6,45,05:40,20:21,2025-05-22 00:18:54.421790,Città della Scienza,81.1,7.9428067,7.437732,7.8242207,5.520827,EU EEA Common AQI,65.8,6.901034,5.1239467,7200,7.0571427,100,100,61.2,6.1942854,Very Low,65.2,6.576404,100,1747872900,Very Low,6.259376,8.36479,Very Low,9.329736,59.3,10.142858,100,1747872900,7.742857
2025-05-22T00:19:05Z,236,29.936,72.8,63,63.7,0,2,40,84,0.0,255,32767,0.11,2090-9-18,0.0,0.52,26.6,0.0,0.0,0.0,0,4.822265625,6,45,05:40,20:21,2025-05-22 00:19:05.513784,Città della Scienza,81.1,7.9428067,7.437732,7.8242207,5.520827,EU EEA Common AQI,65.8,6.901034,5.1239467,7200,7.0571427,100,100,61.2,6.1942854,Very Low,65.2,6.576404,100,1747872900,Very Low,6.259376,8.36479,Very Low,9.329736,59.3,10.142858,100,1747872900,7.742857
2025-05-22T00:19:16Z,236,29.936,72.8,63,63.7,1,2,40,84,0.0,255,32767,0.11,2090-9-18,0.0,0.52,26.6,0.0,0.0,0.0,0,4.822265625,6,45,05:40,20:21,2025-05-22 00:19:16.591757,Città della Scienza,81.1,7.9428067,7.437732,7.8242207,5.520827,EU EEA Common AQI,65.8,6.901034,5.1239467,7200,7.0571427,100,100,61.2,6.1942854,Very Low,65.2,6.576404,100,1747872900,Very Low,6.259376,8.36479,Very Low,9.329736,59.3,10.142858,100,1747872900,7.742857
2025-05-22T00:19:27Z,236,29.936,72.8,63,63.8,1,2,40,84,0.0,255,32767,0.11,2090-9-18,0.0,0.52,26.6,0.0,0.0,0.0,0,4.822265625,6,45,05:40,20:21,2025-05-22 00:19:27.689785,Città della Scienza,81.1,7.9428067,7.437732,7.8242207,5.520827,EU EEA Common AQI,65.8,6.901034,5.1239467,7200,7.0571427,100,100,61.2,6.1942854,Very Low,65.2,6.576404,100,1747872900,Very Low,6.259376,8.36479,Very Low,9.329736,59.3,10.142858,100,1747872900,7.742857
2025-05-22T00:19:38Z,236,29.937,72.8,63,63.8,0,1,40,84,0.0,255,32767,0.11,2090-9-18,0.0,0.52,26.6,0.0,0.0,0.0,0,4.822265625,6,45,05:40,20:21,2025-05-22 00:19:38.798789,Città della Scienza,81.1,7.9428067,7.437732,7.8242207,5.520827,EU EEA Common AQI,65.8,6.901034,5.1239467,7200,7.0571427,100,100,61.2,6.1942854,Very Low,65.2,6.576404,100,1747872900,Very Low,6.259376,8.36479,Very Low,9.329736,59.3,10.142858,100,1747872900,7.742857
2025-05-22T00:19:50Z,236,29.937,72.8,63,63.8,0,1,40,84,0.0,255,32767,0.11,2090-9-18,0.0,0.52,26.6,0.0,0.0,0.0,0,4.822265625,6,45,05:40,20:21,2025-05-22 00:19:49.884790,Città della Scienza,81.1,7.9428067,7.437732,7.8242207,5.520827,EU EEA Common AQI,65.8,6.901034,5.1239467,7200,7.0571427,100,100,61.2,6.1942854,Very Low,65.2,6.576404,100,1747872900,Very Low,6.259376,8.36479,Very Low,9.329736,59.3,10.142858,100,1747872900,7.742857
2025-05-22T00:20:01Z,236,29.937,72.8,63,63.8,0,1,40,84,0.0,255,32767,0.11,2090-9-18,0.0,0.52,26.6,0.0,0.0,0.0,0,4.822265625,6,45,05:40,20:21,2025-05-22 00:20:00.999790,Città della Scienza,81.1,7.9428067,7.437732,7.8242207,5.520827,EU EEA Common AQI,65.8,6.901034,5.1239467,7200,7.0571427,100,100,61.2,6.1942854,Very Low,65.2,6.576404,100,1747872900,Very Low,6.259376,8.36479,Very Low,9.329736,59.3,10.142858,100,1747872900,7.742857
2025-05-22T00:20:12Z,236,29.937,72.8,63,63.7,0,1,40,84,0.0,255,32767,0.11,2090-9-18,0.0,0.52,26.6,0.0,0.0,0.0,0,4.822265625,6,45,05:40,20:21,2025-05-22 00:20:12.056793,Città della Scienza,81.1,7.9428067,7.437732,7.8242207,5.520827,EU EEA Common AQI,65.8,6.901034,5.1239467,7200,7.0571427,100,100,61.2,6.1942854,Very Low,65.2,6.576404,100,1747872900,Very Low,6.259376,8.36479,Very Low,9.329736,59.3,10.142858,100,1747872900,7.742857
2025-05-22T00:20:23Z,236,29.937,72.8,63,63.7,0,1,40,84,0.0,255,32767,0.11,2090-9-18,0.0,0.52,26.6,0.0,0.0,0.0,0,4.822265625,6,45,05:40,20:21,2025-05-22 00:20:23.128794,Città della Scienza,81.1,7.9428067,7.437732,7.8242207,5.520827,EU EEA Common AQI,65.8,6.901034,5.1239467,7200,7.0571427,100,100,61.2,6.1942854,Very Low,65.2,6.576404,100,1747872900,Very Low,6.259376,8.36479,Very Low,9.329736,59.3,10.142858,100,1747872900,7.742857
2025-05-22T00:20:34Z,236,29.936,72.8,63,63.7,0,1,40,83,0.0,255,32767,0.11,2090-9-18,0.0,0.52,26.6,0.0,0.0,0.0,0,4.822265625,6,45,05:40,20:21,2025-05-22 00:20:34.228756,Città della Scienza,81.1,7.9428067,7.437732,7.8242207,5.520827,EU EEA Common AQI,65.8,6.901034,5.1239467,7200,7.0571427,100,100,61.2,6.1942854,Very Low,65.2,6.576404,100,1747872900,Very Low,6.259376,8.36479,Very Low,9.329736,59.3,10.142858,100,1747872900,7.742857
2025-05-22T00:20:45Z,236,29.936,72.8,63,63.8,0,1,40,83,0.0,255,32767,0.11,2090-9-18,0.0,0.52,26.6,0.0,0.0,0.0,0,4.822265625,6,45,05:40,20:21,2025-05-22 00:20:45.335784,Città della Scienza,81.1,7.9428067,7.437732,7.8242207,5.520827,EU EEA Common AQI,65.8,6.901034,5.1239467,7200,7.0571427,100,100,61.2,6.1942854,Very Low,65.2,6.576404,100,1747872900,Very Low,6.259376,8.36479,Very Low,9.329736,59.3,10.142858,100,1747872900,7.742857
2025-05-22T00:20:56Z,236,29.936,72.8,63,63.8,0,1,40,83,0.0,255,32767,0.11,2090-9-18,0.0,0.52,26.6,0.0,0.0,0.0,0,4.822265625,6,45,05:40,20:21,2025-05-22 00:20:56.404787,Città della Scienza,81.1,7.9428067,7.437732,7.8242207,5.520827,EU EEA Common AQI,65.8,6.901034,5.1239467,7200,7.0571427,100,100,61.2,6.1942854,Very Low,65.2,6.576404,100,1747872900,Very Low,6.259376,8.36479,Very Low,9.329736,59.3,10.142858,100,1747872900,7.742857
2025-05-22T00:21:07Z,236,29.936,72.8,63,63.7,0,1,40,83,0.0,255,32767,0.11,2090-9-18,0.0,0.52,26.6,0.0,0.0,0.0,0,4.822265625,6,45,05:40,20:21,2025-05-22 00:21:07.513787,Città della Scienza,81.1,7.9428067,7.437732,7.8242207,5.520827,EU EEA Common AQI,65.8,6.901034,5.1239467,7200,7.0571427,100,100,61.2,6.1942854,Very Low,65.2,6.576404,100,1747872900,Very Low,6.259376,8.36479,Very Low,9.329736,59.3,10.142858,100,1747872900,7.742857
2025-05-22T00:21:18Z,236,29.936,72.8,63,63.8,0,1,40,83,0.0,255,32767,0.11,2090-9-18,0.0,0.52,26.6,0.0,0.0,0.0,0,4.822265625,6,45,05:40,20:21,2025-05-22 00:21:18.573781,Città della Scienza,81.1,7.9428067,7.437732,7.8242207,5.520827,EU EEA Common AQI,65.8,6.901034,5.1239467,7200,7.0571427,100,100,61.2,6.1942854,Very Low,65.2,6.576404,100,1747872900,Very Low,6.259376,8.36479,Very Low,9.329736,59.3,10.142858,100,1747872900,7.742857
2025-05-22T00:21:29Z,236,29.936,72.8,63,63.8,1,1,40,83,0.0,255,32767,0.11,2090-9-18,0.0,0.52,26.6,0.0,0.0,0.0,0,4.822265625,6,45,05:40,20:21,2025-05-22 00:21:29.663780,Città della Scienza,81.1,7.9428067,7.437732,7.8242207,5.520827,EU EEA Common AQI,65.8,6.901034,5.1239467,7200,7.0571427,100,100,61.2,6.1942854,Very Low,65.2,6.576404,100,1747872900,Very Low,6.259376,8.36479,Very Low,9.329736,59.3,10.142858,100,1747872900,7.742857
2025-05-22T00:21:40Z,236,29.939,72.8,63,63.8,1,1,40,83,0.0,255,32767,0.11,2090-9-18,0.0,0.52,26.6,0.0,0.0,0.0,0,4.822265625,6,45,05:40,20:21,2025-05-22 00:21:40.710805,Città della Scienza,81.1,7.9428067,7.437732,7.8242207,5.520827,EU EEA Common AQI,65.8,6.901034,5.1239467,7200,7.0571427,100,100,61.2,6.1942854,Very Low,65.2,6.576404,100,1747872900,Very Low,6.259376,8.36479,Very Low,9.329736,59.3,10.142858,100,1747872900,7.742857
2025-05-22T00:21:51Z,236,29.939,72.8,63,63.7,0,1,40,83,0.0,255,32767,0.11,2090-9-18,0.0,0.52,26.6,0.0,0.0,0.0,0,4.822265625,6,45,05:40,20:21,2025-05-22 00:21:51.790784,Città della Scienza,81.1,7.9428067,7.437732,7.8242207,5.520827,EU EEA Common AQI,65.8,6.901034,5.1239467,7200,7.0571427,100,100,61.2,6.1942854,Very Low,65.2,6.576404,100,1747872900,Very Low,6.259376,8.36479,Very Low,9.329736,59.3,10.142858,100,1747872900,7.742857
2025-05-22T00:22:03Z,236,29.939,72.8,63,63.7,1,1,40,83,0.0,255,32767,0.11,2090-9-18,0.0,0.52,26.6,0.0,0.0,0.0,0,4.822265625,6,45,05:40,20:21,2025-05-22 00:22:02.848785,Città della Scienza,81.1,7.9428067,7.437732,7.8242207,5.520827,EU EEA Common AQI,65.8,6.901034,5.1239467,7200,7.0571427,100,100,61.2,6.1942854,Very Low,65.2,6.576404,100,1747872900,Very Low,6.259376,8.36479,Very Low,9.329736,59.3,10.142858,100,1747872900,7.742857
2025-05-22T00:22:14Z,236,29.939,72.8,63,63.7,1,1,36,83,0.0,255,32767,0.11,2090-9-18,0.0,0.52,26.6,0.0,0.0,0.0,0,4.822265625,6,45,05:40,20:21,2025-05-22 00:22:13.908798,Città della Scienza,81.1,7.9428067,7.437732,7.8242207,5.520827,EU EEA Common AQI,65.8,6.901034,5.1239467,7200,7.0571427,100,100,61.2,6.1942854,Very Low,65.2,6.576404,100,1747872900,Very Low,6.259376,8.36479,Very Low,9.329736,59.3,10.142858,100,1747872900,7.742857
2025-05-22T00:22:25Z,236,29.939,72.8,63,63.7,1,1,23,83,0.0,255,32767,0.11,2090-9-18,0.0,0.52,26.6,0.0,0.0,0.0,0,4.822265625,6,45,05:40,20:21,2025-05-22 00:22:25.005791,Città della Scienza,81.1,7.9428067,7.437732,7.8242207,5.520827,EU EEA Common AQI,65.8,6.901034,5.1239467,7200,7.0571427,100,100,61.2,6.1942854,Very Low,65.2,6.576404,100,1747872900,Very Low,6.259376,8.36479,Very Low,9.329736,59.3,10.142858,100,1747872900,7.742857
2025-05-22T00:22:36Z,236,29.934,72.8,63,63.7,0,1,23,83,0.0,255,32767,0.11,2090-9-18,0.0,0.52,26.6,0.0,0.0,0.0,0,4.822265625,6,45,05:40,20:21,2025-05-22 00:22:36.125788,Città della Scienza,81.1,7.9428067,7.437732,7.8242207,5.520827,EU EEA Common AQI,65.8,6.901034,5.1239467,7200,7.0571427,100,100,61.2,6.1942854,Very Low,65.2,6.576404,100,1747872900,Very Low,6.259376,8.36479,Very Low,9.329736,59.3,10.142858,100,1747872900,7.742857
2025-05-22T00:22:47Z,236,29.934,72.8,63,63.7,1,1,23,83,0.0,255,32767,0.11,2090-9-18,0.0,0.52,26.6,0.0,0.0,0.0,0,4.822265625,6,45,05:40,20:21,2025-05-22 00:22:47.166793,Città della Scienza,81.1,7.9428067,7.437732,7.8242207,5.520827,EU EEA Common AQI,65.8,6.901034,5.1239467,7200,7.0571427,100,100,61.2,6.1942854,Very Low,65.2,6.576404,100,1747872900,Very Low,6.259376,8.36479,Very Low,9.329736,59.3,10.142858,100,1747872900,7.742857
2025-05-22T00:22:58Z,236,29.934,72.8,63,63.7,0,1,23,83,0.0,255,32767,0.11,2090-9-18,0.0,0.52,26.6,0.0,0.0,0.0,0,4.822265625,6,45,05:40,20:21,2025-05-22 00:22:58.271789,Città della Scienza,81.1,7.9428067,7.437732,7.8242207,5.520827,EU EEA Common AQI,65.8,6.901034,5.1239467,7200,7.0571427,100,100,61.2,6.1942854,Very Low,65.2,6.576404,100,1747872900,Very Low,6.259376,8.36479,Very Low,9.329736,59.3,10.142858,100,1747872900,7.742857
2025-05-22T00:23:09Z,236,29.934,72.8,63,63.6,1,1,23,83,0.0,255,32767,0.11,2090-9-18,0.0,0.52,26.6,0.0,0.0,0.0,0,4.822265625,6,45,05:40,20:21,2025-05-22 00:23:09.349801,Città della Scienza,81.1,7.9428067,7.437732,7.8242207,5.520827,EU EEA Common AQI,65.8,6.901034,5.1239467,7200,7.0571427,100,100,61.2,6.1942854,Very Low,65.2,6.576404,100,1747872900,Very Low,6.259376,8.36479,Very Low,9.329736,59.3,10.142858,100,1747872900,7.742857
2025-05-22T00:23:20Z,236,29.934,72.8,63,63.6,0,1,23,83,0.0,255,32767,0.11,2090-9-18,0.0,0.52,26.6,0.0,0.0,0.0,0,4.822265625,6,45,05:40,20:21,2025-05-22 00:23:20.373795,Città della Scienza,81.1,7.9428067,7.437732,7.8242207,5.520827,EU EEA Common AQI,65.8,6.901034,5.1239467,7200,7.0571427,100,100,61.2,6.1942854,Very Low,65.2,6.576404,100,1747872900,Very Low,6.259376,8.36479,Very Low,9.329736,59.3,10.142858,100,1747872900,7.742857
2025-05-22T00:23:31Z,236,29.934,72.8,63,63.6,0,1,23,83,0.0,255,32767,0.11,2090-9-18,0.0,0.52,26.6,0.0,0.0,0.0,0,4.822265625,6,45,05:40,20:21,2025-05-22 00:23:31.487799,Città della Scienza,81.1,7.9428067,7.437732,7.8242207,5.520827,EU EEA Common AQI,65.8,6.901034,5.1239467,7200,7.0571427,100,100,61.2,6.1942854,Very Low,65.2,6.576404,100,1747872900,Very Low,6.259376,8.36479,Very Low,9.329736,59.3,10.142858,100,1747872900,7.742857
2025-05-22T00:23:42Z,236,29.935,72.8,63,63.6,0,1,23,83,0.0,255,32767,0.11,2090-9-18,0.0,0.52,26.6,0.0,0.0,0.0,0,4.822265625,6,45,05:40,20:21,2025-05-22 00:23:42.566799,Città della Scienza,81.1,7.9428067,7.437732,7.8242207,5.520827,EU EEA Common AQI,65.8,6.901034,5.1239467,7200,7.0571427,100,100,61.2,6.1942854,Very Low,65.2,6.576404,100,1747872900,Very Low,6.259376,8.36479,Very Low,9.329736,59.3,10.142858,100,1747872900,7.742857
2025-05-22T00:23:53Z,236,29.935,72.8,63,63.6,0,1,23,83,0.0,255,32767,0.11,2090-9-18,0.0,0.52,26.6,0.0,0.0,0.0,0,4.822265625,6,45,05:40,20:21,2025-05-22 00:23:53.631783,Città della Scienza,81.1,7.9428067,7.437732,7.8242207,5.520827,EU EEA Common AQI,65.8,6.901034,5.1239467,7200,7.0571427,100,100,61.2,6.1942854,Very Low,65.2,6.576404,100,1747872900,Very Low,6.259376,8.36479,Very Low,9.329736,59.3,10.142858,100,1747872900,7.742857
2025-05-22T00:24:04Z,236,29.935,72.8,63,63.6,0,1,23,83,0.0,255,32767,0.11,2090-9-18,0.0,0.52,26.6,0.0,0.0,0.0,0,4.822265625,6,45,05:40,20:21,2025-05-22 00:24:04.749801,Città della Scienza,81.1,7.9428067,7.437732,7.8242207,5.520827,EU EEA Common AQI,65.8,6.901034,5.1239467,7200,7.0571427,100,100,61.2,6.1942854,Very Low,65.2,6.576404,100,1747872900,Very Low,6.259376,8.36479,Very Low,9.329736,59.3,10.142858,100,1747872900,7.742857
2025-05-22T00:24:16Z,236,29.935,72.8,63,63.6,0,1,23,83,0.0,255,32767,0.11,2090-9-18,0.0,0.52,26.6,0.0,0.0,0.0,0,4.822265625,6,45,05:40,20:21,2025-05-22 00:24:15.808790,Città della Scienza,81.1,7.9428067,7.437732,7.8242207,5.520827,EU EEA Common AQI,65.8,6.901034,5.1239467,7200,7.0571427,100,100,61.2,6.1942854,Very Low,65.2,6.576404,100,1747872900,Very Low,6.259376,8.36479,Very Low,9.329736,59.3,10.142858,100,1747872900,7.742857
2025-05-22T00:24:27Z,236,29.935,72.8,63,63.6,0,1,23,83,0.0,255,32767,0.11,2090-9-18,0.0,0.52,26.6,0.0,0.0,0.0,0,4.822265625,6,45,05:40,20:21,2025-05-22 00:24:26.899803,Città della Scienza,81.1,7.9428067,7.437732,7.8242207,5.520827,EU EEA Common AQI,65.8,6.901034,5.1239467,7200,7.0571427,100,100,61.2,6.1942854,Very Low,65.2,6.576404,100,1747872900,Very Low,6.259376,8.36479,Very Low,9.329736,59.3,10.142858,100,1747872900,7.742857
2025-05-22T00:24:38Z,236,29.935,72.8,63,63.6,0,1,23,83,0.0,255,32767,0.11,2090-9-18,0.0,0.52,26.6,0.0,0.0,0.0,0,4.822265625,6,45,05:40,20:21,2025-05-22 00:24:38.005794,Città della Scienza,81.1,7.9428067,7.437732,7.8242207,5.520827,EU EEA Common AQI,65.8,6.901034,5.1239467,7200,7.0571427,100,100,61.2,6.1942854,Very Low,65.2,6.576404,100,1747872900,Very Low,6.259376,8.36479,Very Low,9.329736,59.3,10.142858,100,1747872900,7.742857
2025-05-22T00:24:49Z,236,29.935,72.8,63,63.6,0,1,23,83,0.0,255,32767,0.11,2090-9-18,0.0,0.52,26.6,0.0,0.0,0.0,0,4.822265625,6,45,05:40,20:21,2025-05-22 00:24:49.057788,Città della Scienza,81.1,7.9428067,7.437732,7.8242207,5.520827,EU EEA Common AQI,65.8,6.901034,5.1239467,7200,7.0571427,100,100,61.2,6.1942854,Very Low,65.2,6.576404,100,1747872900,Very Low,6.259376,8.36479,Very Low,9.329736,59.3,10.142858,100,1747872900,7.742857
2025-05-22T00:25:00Z,236,29.935,72.8,63,63.6,0,1,22,83,0.0,255,32767,0.11,2090-9-18,0.0,0.52,26.6,0.0,0.0,0.0,0,4.822265625,6,45,05:40,20:21,2025-05-22 00:25:00.175797,Città della Scienza,81.1,7.9428067,7.437732,7.8242207,5.520827,EU EEA Common AQI,65.8,6.901034,5.1239467,7200,7.0571427,100,100,61.2,6.1942854,Very Low,65.2,6.576404,100,1747872900,Very Low,6.259376,8.36479,Very Low,9.329736,59.3,10.142858,100,1747872900,7.742857
2025-05-22T00:25:11Z,236,29.935,72.8,63,63.5,0,1,23,83,0.0,255,32767,0.11,2090-9-18,0.0,0.52,26.6,0.0,0.0,0.0,0,4.822265625,6,45,05:40,20:21,2025-05-22 00:25:11.240789,Città della Scienza,81.1,7.9428067,7.437732,7.8242207,5.520827,EU EEA Common AQI,65.8,6.901034,5.1239467,7200,7.0571427,100,100,61.2,6.1942854,Very Low,65.2,6.576404,100,1747872900,Very Low,6.259376,8.36479,Very Low,9.329736,59.3,10.142858,100,1747872900,7.742857
2025-05-22T00:25:22Z,236,29.935,72.8,63,63.5,0,1,23,83,0.0,255,32767,0.11,2090-9-18,0.0,0.52,26.6,0.0,0.0,0.0,0,4.822265625,6,45,05:40,20:21,2025-05-22 00:25:22.354756,Città della Scienza,81.1,7.9428067,7.437732,7.8242207,5.520827,EU EEA Common AQI,65.8,6.901034,5.1239467,7200,7.0571427,100,100,61.2,6.1942854,Very Low,65.2,6.576404,100,1747872900,Very Low,6.259376,8.36479,Very Low,9.329736,59.3,10.142858,100,1747872900,7.742857
2025-05-22T00:25:33Z,236,29.935,72.9,63,63.5,0,0,23,83,0.0,255,32767,0.11,2090-9-18,0.0,0.52,26.6,0.0,0.0,0.0,0,4.822265625,6,45,05:40,20:21,2025-05-22 00:25:33.432782,Città della Scienza,81.1,7.9428067,7.437732,7.8242207,5.520827,EU EEA Common AQI,65.8,6.901034,5.1239467,7200,7.0571427,100,100,61.2,6.1942854,Very Low,65.2,6.576404,100,1747872900,Very Low,6.259376,8.36479,Very Low,9.329736,59.3,10.142858,100,1747872900,7.742857
2025-05-22T00:25:44Z,236,29.935,72.9,63,63.5,0,0,23,83,0.0,255,32767,0.11,2090-9-18,0.0,0.52,26.6,0.0,0.0,0.0,0,4.822265625,6,45,05:40,20:21,2025-05-22 00:25:44.534803,Città della Scienza,81.1,7.9428067,7.437732,7.8242207,5.520827,EU EEA Common AQI,65.8,6.901034,5.1239467,7200,7.0571427,100,100,61.2,6.1942854,Very Low,65.2,6.576404,100,1747872900,Very Low,6.259376,8.36479,Very Low,9.329736,59.3,10.142858,100,1747872900,7.742857
2025-05-22T00:25:55Z,236,29.935,72.9,63,63.5,0,0,23,83,0.0,255,32767,0.11,2090-9-18,0.0,0.52,26.6,0.0,0.0,0.0,0,4.822265625,6,45,05:40,20:21,2025-05-22 00:25:55.584799,Città della Scienza,81.1,7.9428067,7.437732,7.8242207,5.520827,EU EEA Common AQI,65.8,6.901034,5.1239467,7200,7.0571427,100,100,61.2,6.1942854,Very Low,65.2,6.576404,100,1747872900,Very Low,6.259376,8.36479,Very Low,9.329736,59.3,10.142858,100,1747872900,7.742857
2025-05-22T00:26:06Z,236,29.935,72.9,63,63.5,0,0,23,83,0.0,255,32767,0.11,2090-9-18,0.0,0.52,26.6,0.0,0.0,0.0,0,4.822265625,6,45,05:40,20:21,2025-05-22 00:26:06.653786,Città della Scienza,81.1,7.9428067,7.437732,7.8242207,5.520827,EU EEA Common AQI,65.8,6.901034,5.1239467,7200,7.0571427,100,100,61.2,6.1942854,Very Low,65.2,6.576404,100,1747872900,Very Low,6.259376,8.36479,Very Low,9.329736,59.3,10.142858,100,1747872900,7.742857
2025-05-22T00:26:17Z,236,29.935,72.9,63,63.5,0,0,23,83,0.0,255,32767,0.11,2090-9-18,0.0,0.52,26.6,0.0,0.0,0.0,0,4.822265625,6,45,05:40,20:21,2025-05-22 00:26:17.776800,Città della Scienza,81.1,7.9428067,7.437732,7.8242207,5.520827,EU EEA Common AQI,65.8,6.901034,5.1239467,7200,7.0571427,100,100,61.2,6.1942854,Very Low,65.2,6.576404,100,1747872900,Very Low,6.259376,8.36479,Very Low,9.329736,59.3,10.142858,100,1747872900,7.742857
2025-05-22T00:26:29Z,236,29.935,72.9,63,63.5,0,0,23,83,0.0,255,32767,0.11,2090-9-18,0.0,0.52,26.6,0.0,0.0,0.0,0,4.822265625,6,45,05:40,20:21,2025-05-22 00:26:28.851808,Città della Scienza,81.1,7.9428067,7.437732,7.8242207,5.520827,EU EEA Common AQI,65.8,6.901034,5.1239467,7200,7.0571427,100,100,61.2,6.1942854,Very Low,65.2,6.576404,100,1747872900,Very Low,6.259376,8.36479,Very Low,9.329736,59.3,10.142858,100,1747872900,7.742857
2025-05-22T00:26:40Z,236,29.936,72.9,63,63.5,0,0,23,83,0.0,255,32767,0.11,2090-9-18,0.0,0.52,26.6,0.0,0.0,0.0,0,4.822265625,6,45,05:40,20:21,2025-05-22 00:26:39.901786,Città della Scienza,81.1,7.9428067,7.437732,7.8242207,5.520827,EU EEA Common AQI,65.8,6.901034,5.1239467,7200,7.0571427,100,100,61.2,6.1942854,Very Low,65.2,6.576404,100,1747872900,Very Low,6.259376,8.36479,Very Low,9.329736,59.3,10.142858,100,1747872900,7.742857
2025-05-22T00:26:51Z,236,29.936,72.9,63,63.5,0,0,23,83,0.0,255,32767,0.11,2090-9-18,0.0,0.52,26.6,0.0,0.0,0.0,0,4.822265625,6,45,05:40,20:21,2025-05-22 00:26:51.008785,Città della Scienza,81.1,7.9428067,7.437732,7.8242207,5.520827,EU EEA Common AQI,65.8,6.901034,5.1239467,7200,7.0571427,100,100,61.2,6.1942854,Very Low,65.2,6.576404,100,1747872900,Very Low,6.259376,8.36479,Very Low,9.329736,59.3,10.142858,100,1747872900,7.742857
2025-05-22T00:27:02Z,236,29.936,72.9,63,63.5,0,0,22,83,0.0,255,32767,0.11,2090-9-18,0.0,0.52,26.6,0.0,0.0,0.0,0,4.822265625,6,45,05:40,20:21,2025-05-22 00:27:02.065793,Città della Scienza,81.1,7.9428067,7.437732,7.8242207,5.520827,EU EEA Common AQI,65.8,6.901034,5.1239467,7200,7.0571427,100,100,61.2,6.1942854,Very Low,65.2,6.576404,100,1747872900,Very Low,6.259376,8.36479,Very Low,9.329736,59.3,10.142858,100,1747872900,7.742857
2025-05-22T00:27:13Z,236,29.936,72.9,63,63.4,0,0,22,83,0.0,255,32767,0.11,2090-9-18,0.0,0.52,26.6,0.0,0.0,0.0,0,4.822265625,6,45,05:40,20:21,2025-05-22 00:27:13.114807,Città della Scienza,81.1,7.9428067,7.437732,7.8242207,5.520827,EU EEA Common AQI,65.8,6.901034,5.1239467,7200,7.0571427,100,100,61.2,6.1942854,Very Low,65.2,6.576404,100,1747872900,Very Low,6.259376,8.36479,Very Low,9.329736,59.3,10.142858,100,1747872900,7.742857
2025-05-22T00:27:24Z,236,29.936,72.9,63,63.4,0,0,23,83,0.0,255,32767,0.11,2090-9-18,0.0,0.52,26.6,0.0,0.0,0.0,0,4.822265625,6,45,05:40,20:21,2025-05-22 00:27:24.212807,Città della Scienza,81.1,7.9428067,7.437732,7.8242207,5.520827,EU EEA Common AQI,65.8,6.901034,5.1239467,7200,7.0571427,100,100,61.2,6.1942854,Very Low,65.2,6.576404,100,1747872900,Very Low,6.259376,8.36479,Very Low,9.329736,59.3,10.142858,100,1747872900,7.742857
2025-05-22T00:27:35Z,236,29.938,72.9,63,63.4,0,0,23,83,0.0,255,32767,0.11,2090-9-18,0.0,0.52,26.6,0.0,0.0,0.0,0,4.822265625,6,45,05:40,20:21,2025-05-22 00:27:35.304790,Città della Scienza,81.1,7.9428067,7.437732,7.8242207,5.520827,EU EEA Common AQI,65.8,6.901034,5.1239467,7200,7.0571427,100,100,61.2,6.1942854,Very Low,65.2,6.576404,100,1747872900,Very Low,6.259376,8.36479,Very Low,9.329736,59.3,10.142858,100,1747872900,7.742857
2025-05-22T00:27:46Z,236,29.938,72.9,63,63.5,0,0,23,83,0.0,255,32767,0.11,2090-9-18,0.0,0.52,26.6,0.0,0.0,0.0,0,4.822265625,6,45,05:40,20:21,2025-05-22 00:27:46.380801,Città della Scienza,81.1,7.9428067,7.437732,7.8242207,5.520827,EU EEA Common AQI,65.8,6.901034,5.1239467,7200,7.0571427,100,100,61.2,6.1942854,Very Low,65.2,6.576404,100,1747872900,Very Low,6.259376,8.36479,Very Low,9.329736,59.3,10.142858,100,1747872900,7.742857
2025-05-22T00:27:57Z,236,29.938,72.9,63,63.4,0,0,23,83,0.0,255,32767,0.11,2090-9-18,0.0,0.52,26.6,0.0,0.0,0.0,0,4.822265625,6,45,05:40,20:21,2025-05-22 00:27:57.439792,Città della Scienza,81.1,7.9428067,7.437732,7.8242207,5.520827,EU EEA Common AQI,65.8,6.901034,5.1239467,7200,7.0571427,100,100,61.2,6.1942854,Very Low,65.2,6.576404,100,1747872900,Very Low,6.259376,8.36479,Very Low,9.329736,59.3,10.142858,100,1747872900,7.742857
2025-05-22T00:28:08Z,236,29.938,72.9,63,63.4,0,0,23,83,0.0,255,32767,0.11,2090-9-18,0.0,0.52,26.6,0.0,0.0,0.0,0,4.822265625,6,45,05:40,20:21,2025-05-22 00:28:08.510778,Città della Scienza,81.1,7.9428067,7.437732,7.8242207,5.520827,EU EEA Common AQI,65.8,6.901034,5.1239467,7200,7.0571427,100,100,61.2,6.1942854,Very Low,65.2,6.576404,100,1747872900,Very Low,6.259376,8.36479,Very Low,9.329736,59.3,10.142858,100,1747872900,7.742857
2025-05-22T00:28:19Z,236,29.938,72.9,63,63.4,0,0,23,83,0.0,255,32767,0.11,2090-9-18,0.0,0.52,26.6,0.0,0.0,0.0,0,4.822265625,6,45,05:40,20:21,2025-05-22 00:28:19.607799,Città della Scienza,81.1,7.9428067,7.437732,7.8242207,5.520827,EU EEA Common AQI,65.8,6.901034,5.1239467,7200,7.0571427,100,100,61.2,6.1942854,Very Low,65.2,6.576404,100,1747872900,Very Low,6.259376,8.36479,Very Low,9.329736,59.3,10.142858,100,1747872900,7.742857
2025-05-22T00:28:30Z,236,29.938,72.9,63,63.4,0,0,23,83,0.0,255,32767,0.11,2090-9-18,0.0,0.52,26.6,0.0,0.0,0.0,0,4.822265625,6,45,05:40,20:21,2025-05-22 00:28:30.719773,Città della Scienza,81.1,7.9428067,7.437732,7.8242207,5.520827,EU EEA Common AQI,65.8,6.901034,5.1239467,7200,7.0571427,100,100,61.2,6.1942854,Very Low,65.2,6.576404,100,1747872900,Very Low,6.259376,8.36479,Very Low,9.329736,59.3,10.142858,100,1747872900,7.742857
2025-05-22T00:28:41Z,236,29.934,72.9,63,63.4,0,0,23,83,0.0,255,32767,0.11,2090-9-18,0.0,0.52,26.6,0.0,0.0,0.0,0,4.822265625,6,45,05:40,20:21,2025-05-22 00:28:41.793788,Città della Scienza,81.1,7.9428067,7.437732,7.8242207,5.520827,EU EEA Common AQI,65.8,6.901034,5.1239467,7200,7.0571427,100,100,61.2,6.1942854,Very Low,65.2,6.576404,100,1747872900,Very Low,6.259376,8.36479,Very Low,9.329736,59.3,10.142858,100,1747872900,7.742857
2025-05-22T00:28:53Z,236,29.934,72.9,63,63.3,0,0,23,83,0.0,255,32767,0.11,2090-9-18,0.0,0.52,26.6,0.0,0.0,0.0,0,4.822265625,6,45,05:40,20:21,2025-05-22 00:28:52.866790,Città della Scienza,81.1,7.9428067,7.437732,7.8242207,5.520827,EU EEA Common AQI,65.8,6.901034,5.1239467,7200,7.0571427,100,100,61.2,6.1942854,Very Low,65.2,6.576404,100,1747872900,Very Low,6.259376,8.36479,Very Low,9.329736,59.3,10.142858,100,1747872900,7.742857
2025-05-22T00:29:04Z,236,29.934,72.9,63,63.4,0,0,23,83,0.0,255,32767,0.11,2090-9-18,0.0,0.52,26.6,0.0,0.0,0.0,0,4.822265625,6,45,05:40,20:21,2025-05-22 00:29:03.922794,Città della Scienza,81.1,7.9428067,7.437732,7.8242207,5.520827,EU EEA Common AQI,65.8,6.901034,5.1239467,7200,7.0571427,100,100,61.2,6.1942854,Very Low,65.2,6.576404,100,1747872900,Very Low,6.259376,8.36479,Very Low,9.329736,59.3,10.142858,100,1747872900,7.742857
2025-05-22T00:29:15Z,236,29.934,72.9,63,63.3,0,0,23,83,0.0,255,32767,0.11,2090-9-18,0.0,0.52,26.6,0.0,0.0,0.0,0,4.822265625,6,45,05:40,20:21,2025-05-22 00:29:14.959799,Città della Scienza,81.1,7.9428067,7.437732,7.8242207,5.520827,EU EEA Common AQI,65.8,6.901034,5.1239467,7200,7.0571427,100,100,61.2,6.1942854,Very Low,65.2,6.576404,100,1747872900,Very Low,6.259376,8.36479,Very Low,9.329736,59.3,10.142858,100,1747872900,7.742857
2025-05-22T00:29:26Z,236,29.934,72.9,63,63.3,0,0,23,83,0.0,255,32767,0.11,2090-9-18,0.0,0.52,26.6,0.0,0.0,0.0,0,4.822265625,6,45,05:40,20:21,2025-05-22 00:29:26.097752,Città della Scienza,81.1,7.9428067,7.437732,7.8242207,5.520827,EU EEA Common AQI,65.8,6.901034,5.1239467,7200,7.0571427,100,100,61.2,6.1942854,Very Low,65.2,6.576404,100,1747872900,Very Low,6.259376,8.36479,Very Low,9.329736,59.3,10.142858,100,1747872900,7.742857
2025-05-22T00:29:37Z,236,29.934,72.9,63,63.3,0,0,23,83,0.0,255,32767,0.11,2090-9-18,0.0,0.52,26.6,0.0,0.0,0.0,0,4.822265625,6,45,05:40,20:21,2025-05-22 00:29:37.146788,Città della Scienza,81.1,7.9428067,7.437732,7.8242207,5.520827,EU EEA Common AQI,65.8,6.901034,5.1239467,7200,7.0571427,100,100,61.2,6.1942854,Very Low,65.2,6.576404,100,1747872900,Very Low,6.259376,8.36479,Very Low,9.329736,59.3,10.142858,100,1747872900,7.742857
2025-05-22T00:29:48Z,236,29.934,72.9,63,63.3,0,0,23,83,0.0,255,32767,0.11,2090-9-18,0.0,0.52,26.6,0.0,0.0,0.0,0,4.822265625,6,45,05:40,20:21,2025-05-22 00:29:48.222781,Città della Scienza,81.1,7.9428067,7.437732,7.8242207,5.520827,EU EEA Common AQI,65.8,6.901034,5.1239467,7200,7.0571427,100,100,61.2,6.1942854,Very Low,65.2,6.576404,100,1747872900,Very Low,6.259376,8.36479,Very Low,9.329736,59.3,10.142858,100,1747872900,7.742857
2025-05-22T00:29:59Z,236,29.934,72.9,63,63.2,0,0,23,83,0.0,255,32767,0.11,2090-9-18,0.0,0.52,26.6,0.0,0.0,0.0,0,4.822265625,6,45,05:40,20:21,2025-05-22 00:29:59.292781,Città della Scienza,81.1,7.9428067,7.437732,7.8242207,5.520827,EU EEA Common AQI,65.8,6.901034,5.1239467,7200,7.0571427,100,100,61.2,6.1942854,Very Low,65.2,6.576404,100,1747872900,Very Low,6.259376,8.36479,Very Low,9.329736,59.3,10.142858,100,1747872900,7.742857
2025-05-22T00:30:10Z,236,29.934,72.9,63,63.2,0,0,23,83,0.0,255,32767,0.11,2090-9-18,0.0,0.52,26.6,0.0,0.0,0.0,0,4.822265625,6,45,05:40,20:21,2025-05-22 00:30:10.342803,Città della Scienza,81.1,7.9428067,7.437732,7.8242207,5.520827,EU EEA Common AQI,65.8,6.901034,5.1239467,7200,7.0571427,100,100,61.2,6.1942854,Very Low,65.2,6.576404,100,1747872900,Very Low,6.259376,8.36479,Very Low,9.329736,59.3,10.142858,100,1747872900,7.742857
2025-05-22T00:30:21Z,236,29.934,72.9,63,63.2,0,0,23,83,0.0,255,32767,0.11,2090-9-18,0.0,0.52,26.6,0.0,0.0,0.0,0,4.822265625,6,45,05:40,20:21,2025-05-22 00:30:21.428791,Città della Scienza,81.1,7.9428067,7.437732,7.8242207,5.520827,EU EEA Common AQI,65.8,6.901034,5.1239467,7200,7.0571427,100,100,61.2,6.1942854,Very Low,65.2,6.576404,100,1747872900,Very Low,6.259376,8.36479,Very Low,9.329736,59.3,10.142858,100,1747872900,7.742857
2025-05-22T00:30:32Z,236,29.932,72.9,63,63.2,0,0,23,83,0.0,255,32767,0.11,2090-9-18,0.0,0.52,26.6,0.0,0.0,0.0,0,4.822265625,6,45,05:40,20:21,2025-05-22 00:30:32.540786,Città della Scienza,80.5,8.176851,7.4314985,8.013906,5.679934,EU EEA Common AQI,65.7,7.099918,5.1275077,7200,8.071428,100,100,61.0,7.0057144,Very Low,65.1,6.806854,100,1747873800,Very Low,6.411124,8.554351,Very Low,9.452169,59.0,9.642858,100,1747873800,8.757143
2025-05-22T00:30:43Z,236,29.932,72.9,63,63.2,0,0,23,83,0.0,255,32767,0.11,2090-9-18,0.0,0.52,26.6,0.0,0.0,0.0,0,4.822265625,6,45,05:40,20:21,2025-05-22 00:30:43.601787,Città della Scienza,80.5,8.176851,7.4314985,8.013906,5.679934,EU EEA Common AQI,65.7,7.099918,5.1275077,7200,8.071428,100,100,61.0,7.0057144,Very Low,65.1,6.806854,100,1747873800,Very Low,6.411124,8.554351,Very Low,9.452169,59.0,9.642858,100,1747873800,8.757143
2025-05-22T00:30:54Z,236,29.932,72.9,63,63.2,0,0,23,83,0.0,255,32767,0.11,2090-9-18,0.0,0.52,26.6,0.0,0.0,0.0,0,4.822265625,6,45,05:40,20:21,2025-05-22 00:30:54.672789,Città della Scienza,80.5,8.176851,7.4314985,8.013906,5.679934,EU EEA Common AQI,65.7,7.099918,5.1275077,7200,8.071428,100,100,61.0,7.0057144,Very Low,65.1,6.806854,100,1747873800,Very Low,6.411124,8.554351,Very Low,9.452169,59.0,9.642858,100,1747873800,8.757143
2025-05-22T00:31:05Z,236,29.932,72.9,63,63.1,0,0,23,83,0.0,255,32767,0.11,2090-9-18,0.0,0.52,26.6,0.0,0.0,0.0,0,4.822265625,6,45,05:40,20:21,2025-05-22 00:31:05.750792,Città della Scienza,80.5,8.176851,7.4314985,8.013906,5.679934,EU EEA Common AQI,65.7,7.099918,5.1275077,7200,8.071428,100,100,61.0,7.0057144,Very Low,65.1,6.806854,100,1747873800,Very Low,6.411124,8.554351,Very Low,9.452169,59.0,9.642858,100,1747873800,8.757143
2025-05-22T00:31:17Z,236,29.932,72.9,63,63.1,0,0,22,83,0.0,255,32767,0.11,2090-9-18,0.0,0.52,26.6,0.0,0.0,0.0,0,4.822265625,6,45,05:40,20:21,2025-05-22 00:31:16.872795,Città della Scienza,80.5,8.176851,7.4314985,8.013906,5.679934,EU EEA Common AQI,65.7,7.099918,5.1275077,7200,8.071428,100,100,61.0,7.0057144,Very Low,65.1,6.806854,100,1747873800,Very Low,6.411124,8.554351,Very Low,9.452169,59.0,9.642858,100,1747873800,8.757143
2025-05-22T00:31:28Z,236,29.932,72.9,63,63.1,0,0,23,83,0.0,255,32767,0.11,2090-9-18,0.0,0.52,26.6,0.0,0.0,0.0,0,4.822265625,6,45,05:40,20:21,2025-05-22 00:31:27.961792,Città della Scienza,80.5,8.176851,7.4314985,8.013906,5.679934,EU EEA Common AQI,65.7,7.099918,5.1275077,7200,8.071428,100,100,61.0,7.0057144,Very Low,65.1,6.806854,100,1747873800,Very Low,6.411124,8.554351,Very Low,9.452169,59.0,9.642858,100,1747873800,8.757143
2025-05-22T00:31:39Z,236,29.935,72.9,63,63.1,0,0,23,83,0.0,255,32767,0.11,2090-9-18,0.0,0.52,26.6,0.0,0.0,0.0,0,4.822265625,6,45,05:40,20:21,2025-05-22 00:31:39.004788,Città della Scienza,80.5,8.176851,7.4314985,8.013906,5.679934,EU EEA Common AQI,65.7,7.099918,5.1275077,7200,8.071428,100,100,61.0,7.0057144,Very Low,65.1,6.806854,100,1747873800,Very Low,6.411124,8.554351,Very Low,9.452169,59.0,9.642858,100,1747873800,8.757143
2025-05-22T00:31:50Z,236,29.935,72.9,63,63.0,0,0,23,83,0.0,255,32767,0.11,2090-9-18,0.0,0.52,26.6,0.0,0.0,0.0,0,4.822265625,6,45,05:40,20:21,2025-05-22 00:31:50.078801,Città della Scienza,80.5,8.176851,7.4314985,8.013906,5.679934,EU EEA Common AQI,65.7,7.099918,5.1275077,7200,8.071428,100,100,61.0,7.0057144,Very Low,65.1,6.806854,100,1747873800,Very Low,6.411124,8.554351,Very Low,9.452169,59.0,9.642858,100,1747873800,8.757143
2025-05-22T00:32:01Z,236,29.935,72.9,63,63.0,0,0,22,83,0.0,255,32767,0.11,2090-9-18,0.0,0.52,26.6,0.0,0.0,0.0,0,4.822265625,6,45,05:40,20:21,2025-05-22 00:32:01.148791,Città della Scienza,80.5,8.176851,7.4314985,8.013906,5.679934,EU EEA Common AQI,65.7,7.099918,5.1275077,7200,8.071428,100,100,61.0,7.0057144,Very Low,65.1,6.806854,100,1747873800,Very Low,6.411124,8.554351,Very Low,9.452169,59.0,9.642858,100,1747873800,8.757143
2025-05-22T00:32:12Z,236,29.935,72.9,63,62.9,0,0,23,83,0.0,255,32767,0.11,2090-9-18,0.0,0.52,26.6,0.0,0.0,0.0,0,4.822265625,6,45,05:40,20:21,2025-05-22 00:32:12.210782,Città della Scienza,80.5,8.176851,7.4314985,8.013906,5.679934,EU EEA Common AQI,65.7,7.099918,5.1275077,7200,8.071428,100,100,61.0,7.0057144,Very Low,65.1,6.806854,100,1747873800,Very Low,6.411124,8.554351,Very Low,9.452169,59.0,9.642858,100,1747873800,8.757143
2025-05-22T00:32:23Z,236,29.935,72.9,63,62.9,0,0,23,83,0.0,255,32767,0.11,2090-9-18,0.0,0.52,26.6,0.0,0.0,0.0,0,4.822265625,6,45,05:40,20:21,2025-05-22 00:32:23.317788,Città della Scienza,80.5,8.176851,7.4314985,8.013906,5.679934,EU EEA Common AQI,65.7,7.099918,5.1275077,7200,8.071428,100,100,61.0,7.0057144,Very Low,65.1,6.806854,100,1747873800,Very Low,6.411124,8.554351,Very Low,9.452169,59.0,9.642858,100,1747873800,8.757143
2025-05-22T00:32:34Z,236,29.934,72.9,63,62.9,0,0,23,83,0.0,255,32767,0.11,2090-9-18,0.0,0.52,26.6,0.0,0.0,0.0,0,4.822265625,6,45,05:40,20:21,2025-05-22 00:32:34.436788,Città della Scienza,80.5,8.176851,7.4314985,8.013906,5.679934,EU EEA Common AQI,65.7,7.099918,5.1275077,7200,8.071428,100,100,61.0,7.0057144,Very Low,65.1,6.806854,100,1747873800,Very Low,6.411124,8.554351,Very Low,9.452169,59.0,9.642858,100,1747873800,8.757143
2025-05-22T00:32:45Z,236,29.934,72.9,63,62.9,0,0,23,83,0.0,255,32767,0.11,2090-9-18,0.0,0.52,26.6,0.0,0.0,0.0,0,4.822265625,6,45,05:40,20:21,2025-05-22 00:32:45.504790,Città della Scienza,80.5,8.176851,7.4314985,8.013906,5.679934,EU EEA Common AQI,65.7,7.099918,5.1275077,7200,8.071428,100,100,61.0,7.0057144,Very Low,65.1,6.806854,100,1747873800,Very Low,6.411124,8.554351,Very Low,9.452169,59.0,9.642858,100,1747873800,8.757143
2025-05-22T00:32:56Z,236,29.934,72.9,63,62.9,0,0,23,83,0.0,255,32767,0.11,2090-9-18,0.0,0.52,26.6,0.0,0.0,0.0,0,4.822265625,6,45,05:40,20:21,2025-05-22 00:32:56.554789,Città della Scienza,80.5,8.176851,7.4314985,8.013906,5.679934,EU EEA Common AQI,65.7,7.099918,5.1275077,7200,8.071428,100,100,61.0,7.0057144,Very Low,65.1,6.806854,100,1747873800,Very Low,6.411124,8.554351,Very Low,9.452169,59.0,9.642858,100,1747873800,8.757143
2025-05-22T00:33:07Z,236,29.934,72.9,63,62.9,0,0,23,83,0.0,255,32767,0.11,2090-9-18,0.0,0.52,26.6,0.0,0.0,0.0,0,4.822265625,6,45,05:40,20:21,2025-05-22 00:33:07.690801,Città della Scienza,80.5,8.176851,7.4314985,8.013906,5.679934,EU EEA Common AQI,65.7,7.099918,5.1275077,7200,8.071428,100,100,61.0,7.0057144,Very Low,65.1,6.806854,100,1747873800,Very Low,6.411124,8.554351,Very Low,9.452169,59.0,9.642858,100,1747873800,8.757143
2025-05-22T00:33:18Z,236,29.934,72.9,63,62.9,0,0,23,83,0.0,255,32767,0.11,2090-9-18,0.0,0.52,26.6,0.0,0.0,0.0,0,4.822265625,6,45,05:40,20:21,2025-05-22 00:33:18.720803,Città della Scienza,80.5,8.176851,7.4314985,8.013906,5.679934,EU EEA Common AQI,65.7,7.099918,5.1275077,7200,8.071428,100,100,61.0,7.0057144,Very Low,65.1,6.806854,100,1747873800,Very Low,6.411124,8.554351,Very Low,9.452169,59.0,9.642858,100,1747873800,8.757143
2025-05-22T00:33:30Z,236,29.934,72.9,63,62.9,1,0,23,83,0.0,255,32767,0.11,2090-9-18,0.0,0.52,26.6,0.0,0.0,0.0,0,4.822265625,6,45,05:40,20:21,2025-05-22 00:33:29.863805,Città della Scienza,80.5,8.176851,7.4314985,8.013906,5.679934,EU EEA Common AQI,65.7,7.099918,5.1275077,7200,8.071428,100,100,61.0,7.0057144,Very Low,65.1,6.806854,100,1747873800,Very Low,6.411124,8.554351,Very Low,9.452169,59.0,9.642858,100,1747873800,8.757143
2025-05-22T00:33:41Z,236,29.933,72.9,63,62.8,1,0,23,83,0.0,255,32767,0.11,2090-9-18,0.0,0.52,26.6,0.0,0.0,0.0,0,4.822265625,6,45,05:40,20:21,2025-05-22 00:33:40.902795,Città della Scienza,80.5,8.176851,7.4314985,8.013906,5.679934,EU EEA Common AQI,65.7,7.099918,5.1275077,7200,8.071428,100,100,61.0,7.0057144,Very Low,65.1,6.806854,100,1747873800,Very Low,6.411124,8.554351,Very Low,9.452169,59.0,9.642858,100,1747873800,8.757143
2025-05-22T00:33:52Z,236,29.933,72.9,63,62.8,1,0,23,83,0.0,255,32767,0.11,2090-9-18,0.0,0.52,26.6,0.0,0.0,0.0,0,4.822265625,6,45,05:40,20:21,2025-05-22 00:33:51.997790,Città della Scienza,80.5,8.176851,7.4314985,8.013906,5.679934,EU EEA Common AQI,65.7,7.099918,5.1275077,7200,8.071428,100,100,61.0,7.0057144,Very Low,65.1,6.806854,100,1747873800,Very Low,6.411124,8.554351,Very Low,9.452169,59.0,9.642858,100,1747873800,8.757143
2025-05-22T00:34:03Z,236,29.933,72.9,63,62.8,1,0,26,83,0.0,255,32767,0.11,2090-9-18,0.0,0.52,26.6,0.0,0.0,0.0,0,4.822265625,6,45,05:40,20:21,2025-05-22 00:34:03.081779,Città della Scienza,80.5,8.176851,7.4314985,8.013906,5.679934,EU EEA Common AQI,65.7,7.099918,5.1275077,7200,8.071428,100,100,61.0,7.0057144,Very Low,65.1,6.806854,100,1747873800,Very Low,6.411124,8.554351,Very Low,9.452169,59.0,9.642858,100,1747873800,8.757143
2025-05-22T00:34:14Z,236,29.933,72.9,63,62.8,1,0,26,83,0.0,255,32767,0.11,2090-9-18,0.0,0.52,26.6,0.0,0.0,0.0,0,4.822265625,6,45,05:40,20:21,2025-05-22 00:34:14.328785,Città della Scienza,80.5,8.176851,7.4314985,8.013906,5.679934,EU EEA Common AQI,65.7,7.099918,5.1275077,7200,8.071428,100,100,61.0,7.0057144,Very Low,65.1,6.806854,100,1747873800,Very Low,6.411124,8.554351,Very Low,9.452169,59.0,9.642858,100,1747873800,8.757143
2025-05-22T00:34:25Z,236,29.933,72.9,63,62.8,1,0,26,83,0.0,255,32767,0.11,2090-9-18,0.0,0.52,26.6,0.0,0.0,0.0,0,4.822265625,6,45,05:40,20:21,2025-05-22 00:34:25.427811,Città della Scienza,80.5,8.176851,7.4314985,8.013906,5.679934,EU EEA Common AQI,65.7,7.099918,5.1275077,7200,8.071428,100,100,61.0,7.0057144,Very Low,65.1,6.806854,100,1747873800,Very Low,6.411124,8.554351,Very Low,9.452169,59.0,9.642858,100,1747873800,8.757143
2025-05-22T00:34:36Z,236,29.934,72.9,63,62.7,1,0,26,83,0.0,255,32767,0.11,2090-9-18,0.0,0.52,26.6,0.0,0.0,0.0,0,4.822265625,6,45,05:40,20:21,2025-05-22 00:34:36.526789,Città della Scienza,80.5,8.176851,7.4314985,8.013906,5.679934,EU EEA Common AQI,65.7,7.099918,5.1275077,7200,8.071428,100,100,61.0,7.0057144,Very Low,65.1,6.806854,100,1747873800,Very Low,6.411124,8.554351,Very Low,9.452169,59.0,9.642858,100,1747873800,8.757143
2025-05-22T00:34:47Z,236,29.934,72.9,63,62.7,1,0,26,83,0.0,255,32767,0.11,2090-9-18,0.0,0.52,26.6,0.0,0.0,0.0,0,4.822265625,6,45,05:40,20:21,2025-05-22 00:34:47.590785,Città della Scienza,80.5,8.176851,7.4314985,8.013906,5.679934,EU EEA Common AQI,65.7,7.099918,5.1275077,7200,8.071428,100,100,61.0,7.0057144,Very Low,65.1,6.806854,100,1747873800,Very Low,6.411124,8.554351,Very Low,9.452169,59.0,9.642858,100,1747873800,8.757143
2025-05-22T00:34:58Z,236,29.934,72.9,63,62.7,1,0,26,83,0.0,255,32767,0.11,2090-9-18,0.0,0.52,26.6,0.0,0.0,0.0,0,4.822265625,6,45,05:40,20:21,2025-05-22 00:34:58.712796,Città della Scienza,80.5,8.176851,7.4314985,8.013906,5.679934,EU EEA Common AQI,65.7,7.099918,5.1275077,7200,8.071428,100,100,61.0,7.0057144,Very Low,65.1,6.806854,100,1747873800,Very Low,6.411124,8.554351,Very Low,9.452169,59.0,9.642858,100,1747873800,8.757143
2025-05-22T00:35:09Z,236,29.934,72.9,63,62.7,1,0,26,83,0.0,255,32767,0.11,2090-9-18,0.0,0.52,26.6,0.0,0.0,0.0,0,4.822265625,6,45,05:40,20:21,2025-05-22 00:35:09.788792,Città della Scienza,80.5,8.176851,7.4314985,8.013906,5.679934,EU EEA Common AQI,65.7,7.099918,5.1275077,7200,8.071428,100,100,61.0,7.0057144,Very Low,65.1,6.806854,100,1747873800,Very Low,6.411124,8.554351,Very Low,9.452169,59.0,9.642858,100,1747873800,8.757143
2025-05-22T00:35:21Z,236,29.934,72.9,63,62.7,1,0,26,83,0.0,255,32767,0.11,2090-9-18,0.0,0.52,26.6,0.0,0.0,0.0,0,4.822265625,6,45,05:40,20:21,2025-05-22 00:35:20.861794,Città della Scienza,80.5,8.176851,7.4314985,8.013906,5.679934,EU EEA Common AQI,65.7,7.099918,5.1275077,7200,8.071428,100,100,61.0,7.0057144,Very Low,65.1,6.806854,100,1747873800,Very Low,6.411124,8.554351,Very Low,9.452169,59.0,9.642858,100,1747873800,8.757143
2025-05-22T00:35:32Z,236,29.934,72.9,63,62.7,1,0,26,83,0.0,255,32767,0.11,2090-9-18,0.0,0.52,26.6,0.0,0.0,0.0,0,4.822265625,6,45,05:40,20:21,2025-05-22 00:35:31.935791,Città della Scienza,80.5,8.176851,7.4314985,8.013906,5.679934,EU EEA Common AQI,65.7,7.099918,5.1275077,7200,8.071428,100,100,61.0,7.0057144,Very Low,65.1,6.806854,100,1747873800,Very Low,6.411124,8.554351,Very Low,9.452169,59.0,9.642858,100,1747873800,8.757143
2025-05-22T00:35:43Z,236,29.934,72.9,62,62.7,1,0,26,83,0.0,255,32767,0.11,2090-9-18,0.0,0.52,26.6,0.0,0.0,0.0,0,4.822265625,6,45,05:40,20:21,2025-05-22 00:35:43.032782,Città della Scienza,80.5,8.176851,7.4314985,8.013906,5.679934,EU EEA Common AQI,65.7,7.099918,5.1275077,7200,8.071428,100,100,61.0,7.0057144,Very Low,65.1,6.806854,100,1747873800,Very Low,6.411124,8.554351,Very Low,9.452169,59.0,9.642858,100,1747873800,8.757143
2025-05-22T00:35:54Z,236,29.934,72.9,62,62.7,1,0,26,83,0.0,255,32767,0.11,2090-9-18,0.0,0.52,26.6,0.0,0.0,0.0,0,4.822265625,6,45,05:40,20:21,2025-05-22 00:35:54.115793,Città della Scienza,80.5,8.176851,7.4314985,8.013906,5.679934,EU EEA Common AQI,65.7,7.099918,5.1275077,7200,8.071428,100,100,61.0,7.0057144,Very Low,65.1,6.806854,100,1747873800,Very Low,6.411124,8.554351,Very Low,9.452169,59.0,9.642858,100,1747873800,8.757143
2025-05-22T00:36:05Z,236,29.934,72.9,62,62.6,1,0,26,83,0.0,255,32767,0.11,2090-9-18,0.0,0.52,26.6,0.0,0.0,0.0,0,4.822265625,6,45,05:40,20:21,2025-05-22 00:36:05.183785,Città della Scienza,80.5,8.176851,7.4314985,8.013906,5.679934,EU EEA Common AQI,65.7,7.099918,5.1275077,7200,8.071428,100,100,61.0,7.0057144,Very Low,65.1,6.806854,100,1747873800,Very Low,6.411124,8.554351,Very Low,9.452169,59.0,9.642858,100,1747873800,8.757143
2025-05-22T00:36:16Z,236,29.934,72.9,62,62.6,1,0,26,84,0.0,255,32767,0.11,2090-9-18,0.0,0.52,26.6,0.0,0.0,0.0,0,4.822265625,6,45,05:40,20:21,2025-05-22 00:36:16.290787,Città della Scienza,80.5,8.176851,7.4314985,8.013906,5.679934,EU EEA Common AQI,65.7,7.099918,5.1275077,7200,8.071428,100,100,61.0,7.0057144,Very Low,65.1,6.806854,100,1747873800,Very Low,6.411124,8.554351,Very Low,9.452169,59.0,9.642858,100,1747873800,8.757143
2025-05-22T00:36:27Z,236,29.934,72.9,62,62.7,1,0,26,84,0.0,255,32767,0.11,2090-9-18,0.0,0.52,26.6,0.0,0.0,0.0,0,4.822265625,6,45,05:40,20:21,2025-05-22 00:36:27.366805,Città della Scienza,80.5,8.176851,7.4314985,8.013906,5.679934,EU EEA Common AQI,65.7,7.099918,5.1275077,7200,8.071428,100,100,61.0,7.0057144,Very Low,65.1,6.806854,100,1747873800,Very Low,6.411124,8.554351,Very Low,9.452169,59.0,9.642858,100,1747873800,8.757143
2025-05-22T00:36:38Z,236,29.935,72.9,62,62.7,1,0,26,84,0.0,255,32767,0.11,2090-9-18,0.0,0.52,26.6,0.0,0.0,0.0,0,4.822265625,6,45,05:40,20:21,2025-05-22 00:36:38.463789,Città della Scienza,80.5,8.176851,7.4314985,8.013906,5.679934,EU EEA Common AQI,65.7,7.099918,5.1275077,7200,8.071428,100,100,61.0,7.0057144,Very Low,65.1,6.806854,100,1747873800,Very Low,6.411124,8.554351,Very Low,9.452169,59.0,9.642858,100,1747873800,8.757143
2025-05-22T00:36:49Z,236,29.935,72.9,62,62.7,1,0,26,84,0.0,255,32767,0.11,2090-9-18,0.0,0.52,26.6,0.0,0.0,0.0,0,4.822265625,6,45,05:40,20:21,2025-05-22 00:36:49.534790,Città della Scienza,80.5,8.176851,7.4314985,8.013906,5.679934,EU EEA Common AQI,65.7,7.099918,5.1275077,7200,8.071428,100,100,61.0,7.0057144,Very Low,65.1,6.806854,100,1747873800,Very Low,6.411124,8.554351,Very Low,9.452169,59.0,9.642858,100,1747873800,8.757143
2025-05-22T00:37:00Z,236,29.935,72.9,62,62.6,1,0,26,84,0.0,255,32767,0.11,2090-9-18,0.0,0.52,26.6,0.0,0.0,0.0,0,4.822265625,6,45,05:40,20:21,2025-05-22 00:37:00.579786,Città della Scienza,80.5,8.176851,7.4314985,8.013906,5.679934,EU EEA Common AQI,65.7,7.099918,5.1275077,7200,8.071428,100,100,61.0,7.0057144,Very Low,65.1,6.806854,100,1747873800,Very Low,6.411124,8.554351,Very Low,9.452169,59.0,9.642858,100,1747873800,8.757143
2025-05-22T00:37:11Z,236,29.935,72.9,62,62.6,1,0,26,84,0.0,255,32767,0.11,2090-9-18,0.0,0.52,26.6,0.0,0.0,0.0,0,4.822265625,6,45,05:40,20:21,2025-05-22 00:37:11.757790,Città della Scienza,80.5,8.176851,7.4314985,8.013906,5.679934,EU EEA Common AQI,65.7,7.099918,5.1275077,7200,8.071428,100,100,61.0,7.0057144,Very Low,65.1,6.806854,100,1747873800,Very Low,6.411124,8.554351,Very Low,9.452169,59.0,9.642858,100,1747873800,8.757143
2025-05-22T00:37:23Z,236,29.935,72.9,62,62.6,0,0,26,84,0.0,255,32767,0.11,2090-9-18,0.0,0.52,26.6,0.0,0.0,0.0,0,4.822265625,6,45,05:40,20:21,2025-05-22 00:37:22.856802,Città della Scienza,80.5,8.176851,7.4314985,8.013906,5.679934,EU EEA Common AQI,65.7,7.099918,5.1275077,7200,8.071428,100,100,61.0,7.0057144,Very Low,65.1,6.806854,100,1747873800,Very Low,6.411124,8.554351,Very Low,9.452169,59.0,9.642858,100,1747873800,8.757143
2025-05-22T00:37:34Z,236,29.933,72.9,63,62.6,1,0,26,84,0.0,255,32767,0.11,2090-9-18,0.0,0.52,26.6,0.0,0.0,0.0,0,4.822265625,6,45,05:40,20:21,2025-05-22 00:37:33.979809,Città della Scienza,80.5,8.176851,7.4314985,8.013906,5.679934,EU EEA Common AQI,65.7,7.099918,5.1275077,7200,8.071428,100,100,61.0,7.0057144,Very Low,65.1,6.806854,100,1747873800,Very Low,6.411124,8.554351,Very Low,9.452169,59.0,9.642858,100,1747873800,8.757143
2025-05-22T00:37:45Z,236,29.933,72.9,63,62.6,1,0,26,84,0.0,255,32767,0.11,2090-9-18,0.0,0.52,26.6,0.0,0.0,0.0,0,4.822265625,6,45,05:40,20:21,2025-05-22 00:37:45.060788,Città della Scienza,80.5,8.176851,7.4314985,8.013906,5.679934,EU EEA Common AQI,65.7,7.099918,5.1275077,7200,8.071428,100,100,61.0,7.0057144,Very Low,65.1,6.806854,100,1747873800,Very Low,6.411124,8.554351,Very Low,9.452169,59.0,9.642858,100,1747873800,8.757143
2025-05-22T00:37:56Z,236,29.933,72.9,63,62.6,1,0,26,84,0.0,255,32767,0.11,2090-9-18,0.0,0.52,26.6,0.0,0.0,0.0,0,4.822265625,6,45,05:40,20:21,2025-05-22 00:37:56.123795,Città della Scienza,80.5,8.176851,7.4314985,8.013906,5.679934,EU EEA Common AQI,65.7,7.099918,5.1275077,7200,8.071428,100,100,61.0,7.0057144,Very Low,65.1,6.806854,100,1747873800,Very Low,6.411124,8.554351,Very Low,9.452169,59.0,9.642858,100,1747873800,8.757143
2025-05-22T00:38:07Z,236,29.933,72.9,63,62.6,0,0,26,84,0.0,255,32767,0.11,2090-9-18,0.0,0.52,26.6,0.0,0.0,0.0,0,4.822265625,6,45,05:40,20:21,2025-05-22 00:38:07.189793,Città della Scienza,80.5,8.176851,7.4314985,8.013906,5.679934,EU EEA Common AQI,65.7,7.099918,5.1275077,7200,8.071428,100,100,61.0,7.0057144,Very Low,65.1,6.806854,100,1747873800,Very Low,6.411124,8.554351,Very Low,9.452169,59.0,9.642858,100,1747873800,8.757143
2025-05-22T00:38:18Z,236,29.933,72.9,63,62.6,0,0,26,84,0.0,255,32767,0.11,2090-9-18,0.0,0.52,26.6,0.0,0.0,0.0,0,4.822265625,6,45,05:40,20:21,2025-05-22 00:38:18.239786,Città della Scienza,80.5,8.176851,7.4314985,8.013906,5.679934,EU EEA Common AQI,65.7,7.099918,5.1275077,7200,8.071428,100,100,61.0,7.0057144,Very Low,65.1,6.806854,100,1747873800,Very Low,6.411124,8.554351,Very Low,9.452169,59.0,9.642858,100,1747873800,8.757143
2025-05-22T00:38:29Z,236,29.933,72.9,63,62.6,1,0,26,84,0.0,255,32767,0.11,2090-9-18,0.0,0.52,26.6,0.0,0.0,0.0,0,4.822265625,6,45,05:40,20:21,2025-05-22 00:38:29.319786,Città della Scienza,80.5,8.176851,7.4314985,8.013906,5.679934,EU EEA Common AQI,65.7,7.099918,5.1275077,7200,8.071428,100,100,61.0,7.0057144,Very Low,65.1,6.806854,100,1747873800,Very Low,6.411124,8.554351,Very Low,9.452169,59.0,9.642858,100,1747873800,8.757143
2025-05-22T00:38:40Z,236,29.932,72.9,62,62.6,1,1,26,84,0.0,255,32767,0.11,2090-9-18,0.0,0.52,26.6,0.0,0.0,0.0,0,4.822265625,6,45,05:40,20:21,2025-05-22 00:38:40.394804,Città della Scienza,80.5,8.176851,7.4314985,8.013906,5.679934,EU EEA Common AQI,65.7,7.099918,5.1275077,7200,8.071428,100,100,61.0,7.0057144,Very Low,65.1,6.806854,100,1747873800,Very Low,6.411124,8.554351,Very Low,9.452169,59.0,9.642858,100,1747873800,8.757143
2025-05-22T00:38:51Z,236,29.932,72.9,62,62.6,1,1,26,84,0.0,255,32767,0.11,2090-9-18,0.0,0.52,26.6,0.0,0.0,0.0,0,4.822265625,6,45,05:40,20:21,2025-05-22 00:38:51.438783,Città della Scienza,80.5,8.176851,7.4314985,8.013906,5.679934,EU EEA Common AQI,65.7,7.099918,5.1275077,7200,8.071428,100,100,61.0,7.0057144,Very Low,65.1,6.806854,100,1747873800,Very Low,6.411124,8.554351,Very Low,9.452169,59.0,9.642858,100,1747873800,8.757143
2025-05-22T00:39:02Z,236,29.932,72.9,62,62.6,1,1,26,84,0.0,255,32767,0.11,2090-9-18,0.0,0.52,26.6,0.0,0.0,0.0,0,4.822265625,6,45,05:40,20:21,2025-05-22 00:39:02.514798,Città della Scienza,80.5,8.176851,7.4314985,8.013906,5.679934,EU EEA Common AQI,65.7,7.099918,5.1275077,7200,8.071428,100,100,61.0,7.0057144,Very Low,65.1,6.806854,100,1747873800,Very Low,6.411124,8.554351,Very Low,9.452169,59.0,9.642858,100,1747873800,8.757143
2025-05-22T00:39:13Z,236,29.932,72.9,62,62.5,1,1,26,84,0.0,255,32767,0.11,2090-9-18,0.0,0.52,26.6,0.0,0.0,0.0,0,4.822265625,6,45,05:40,20:21,2025-05-22 00:39:13.592779,Città della Scienza,80.5,8.176851,7.4314985,8.013906,5.679934,EU EEA Common AQI,65.7,7.099918,5.1275077,7200,8.071428,100,100,61.0,7.0057144,Very Low,65.1,6.806854,100,1747873800,Very Low,6.411124,8.554351,Very Low,9.452169,59.0,9.642858,100,1747873800,8.757143
2025-05-22T00:39:24Z,236,29.932,72.9,62,62.5,1,1,26,84,0.0,255,32767,0.11,2090-9-18,0.0,0.52,26.6,0.0,0.0,0.0,0,4.822265625,6,45,05:40,20:21,2025-05-22 00:39:24.669790,Città della Scienza,80.5,8.176851,7.4314985,8.013906,5.679934,EU EEA Common AQI,65.7,7.099918,5.1275077,7200,8.071428,100,100,61.0,7.0057144,Very Low,65.1,6.806854,100,1747873800,Very Low,6.411124,8.554351,Very Low,9.452169,59.0,9.642858,100,1747873800,8.757143
2025-05-22T00:39:36Z,236,29.934,72.9,62,62.6,1,1,26,84,0.0,255,32767,0.11,2090-9-18,0.0,0.52,26.6,0.0,0.0,0.0,0,4.822265625,6,45,05:40,20:21,2025-05-22 00:39:35.835784,Città della Scienza,80.5,8.176851,7.4314985,8.013906,5.679934,EU EEA Common AQI,65.7,7.099918,5.1275077,7200,8.071428,100,100,61.0,7.0057144,Very Low,65.1,6.806854,100,1747873800,Very Low,6.411124,8.554351,Very Low,9.452169,59.0,9.642858,100,1747873800,8.757143
2025-05-22T00:39:47Z,236,29.934,72.9,62,62.6,1,1,26,84,0.0,255,32767,0.11,2090-9-18,0.0,0.52,26.6,0.0,0.0,0.0,0,4.822265625,6,45,05:40,20:21,2025-05-22 00:39:46.958788,Città della Scienza,80.5,8.176851,7.4314985,8.013906,5.679934,EU EEA Common AQI,65.7,7.099918,5.1275077,7200,8.071428,100,100,61.0,7.0057144,Very Low,65.1,6.806854,100,1747873800,Very Low,6.411124,8.554351,Very Low,9.452169,59.0,9.642858,100,1747873800,8.757143
2025-05-22T00:39:58Z,236,29.934,72.9,62,62.6,1,1,26,84,0.0,255,32767,0.11,2090-9-18,0.0,0.52,26.6,0.0,0.0,0.0,0,4.822265625,6,45,05:40,20:21,2025-05-22 00:39:58.003785,Città della Scienza,80.5,8.176851,7.4314985,8.013906,5.679934,EU EEA Common AQI,65.7,7.099918,5.1275077,7200,8.071428,100,100,61.0,7.0057144,Very Low,65.1,6.806854,100,1747873800,Very Low,6.411124,8.554351,Very Low,9.452169,59.0,9.642858,100,1747873800,8.757143
2025-05-22T00:40:09Z,236,29.934,72.9,62,62.5,1,1,26,84,0.0,255,32767,0.11,2090-9-18,0.0,0.52,26.6,0.0,0.0,0.0,0,4.822265625,6,45,05:40,20:21,2025-05-22 00:40:09.076789,Città della Scienza,80.5,8.176851,7.4314985,8.013906,5.679934,EU EEA Common AQI,65.7,7.099918,5.1275077,7200,8.071428,100,100,61.0,7.0057144,Very Low,65.1,6.806854,100,1747873800,Very Low,6.411124,8.554351,Very Low,9.452169,59.0,9.642858,100,1747873800,8.757143
2025-05-22T00:40:20Z,236,29.934,72.9,62,62.5,0,1,26,84,0.0,255,32767,0.11,2090-9-18,0.0,0.52,26.6,0.0,0.0,0.0,0,4.822265625,6,45,05:40,20:21,2025-05-22 00:40:20.174805,Città della Scienza,80.5,8.176851,7.4314985,8.013906,5.679934,EU EEA Common AQI,65.7,7.099918,5.1275077,7200,8.071428,100,100,61.0,7.0057144,Very Low,65.1,6.806854,100,1747873800,Very Low,6.411124,8.554351,Very Low,9.452169,59.0,9.642858,100,1747873800,8.757143
2025-05-22T00:40:31Z,236,29.934,72.9,62,62.5,1,1,26,84,0.0,255,32767,0.11,2090-9-18,0.0,0.52,26.6,0.0,0.0,0.0,0,4.822265625,6,45,05:40,20:21,2025-05-22 00:40:31.270754,Città della Scienza,80.5,8.176851,7.4314985,8.013906,5.679934,EU EEA Common AQI,65.7,7.099918,5.1275077,7200,8.071428,100,100,61.0,7.0057144,Very Low,65.1,6.806854,100,1747873800,Very Low,6.411124,8.554351,Very Low,9.452169,59.0,9.642858,100,1747873800,8.757143
2025-05-22T00:40:42Z,236,29.933,72.9,62,62.5,0,1,36,84,0.0,255,32767,0.11,2090-9-18,0.0,0.52,26.6,0.0,0.0,0.0,0,4.822265625,6,45,05:40,20:21,2025-05-22 00:40:42.367806,Città della Scienza,80.5,8.176851,7.4314985,8.013906,5.679934,EU EEA Common AQI,65.7,7.099918,5.1275077,7200,8.071428,100,100,61.0,7.0057144,Very Low,65.1,6.806854,100,1747873800,Very Low,6.411124,8.554351,Very Low,9.452169,59.0,9.642858,100,1747873800,8.757143
2025-05-22T00:40:53Z,236,29.933,72.9,62,62.5,0,1,36,84,0.0,255,32767,0.11,2090-9-18,0.0,0.52,26.6,0.0,0.0,0.0,0,4.822265625,6,45,05:40,20:21,2025-05-22 00:40:53.468784,Città della Scienza,80.5,8.176851,7.4314985,8.013906,5.679934,EU EEA Common AQI,65.7,7.099918,5.1275077,7200,8.071428,100,100,61.0,7.0057144,Very Low,65.1,6.806854,100,1747873800,Very Low,6.411124,8.554351,Very Low,9.452169,59.0,9.642858,100,1747873800,8.757143
2025-05-22T00:41:04Z,236,29.933,72.9,62,62.5,0,1,36,84,0.0,255,32767,0.11,2090-9-18,0.0,0.52,26.6,0.0,0.0,0.0,0,4.822265625,6,45,05:40,20:21,2025-05-22 00:41:04.546797,Città della Scienza,80.5,8.176851,7.4314985,8.013906,5.679934,EU EEA Common AQI,65.7,7.099918,5.1275077,7200,8.071428,100,100,61.0,7.0057144,Very Low,65.1,6.806854,100,1747873800,Very Low,6.411124,8.554351,Very Low,9.452169,59.0,9.642858,100,1747873800,8.757143
2025-05-22T00:41:15Z,236,29.933,72.9,62,62.5,0,1,36,84,0.0,255,32767,0.11,2090-9-18,0.0,0.52,26.6,0.0,0.0,0.0,0,4.822265625,6,45,05:40,20:21,2025-05-22 00:41:15.663794,Città della Scienza,80.5,8.176851,7.4314985,8.013906,5.679934,EU EEA Common AQI,65.7,7.099918,5.1275077,7200,8.071428,100,100,61.0,7.0057144,Very Low,65.1,6.806854,100,1747873800,Very Low,6.411124,8.554351,Very Low,9.452169,59.0,9.642858,100,1747873800,8.757143
2025-05-22T00:41:26Z,236,29.933,72.9,62,62.5,2,1,5,84,0.0,255,32767,0.11,2090-9-18,0.0,0.52,26.6,0.0,0.0,0.0,0,4.822265625,6,45,05:40,20:21,2025-05-22 00:41:26.734791,Città della Scienza,80.5,8.176851,7.4314985,8.013906,5.679934,EU EEA Common AQI,65.7,7.099918,5.1275077,7200,8.071428,100,100,61.0,7.0057144,Very Low,65.1,6.806854,100,1747873800,Very Low,6.411124,8.554351,Very Low,9.452169,59.0,9.642858,100,1747873800,8.757143
2025-05-22T00:41:38Z,236,29.934,72.9,62,62.5,3,1,360,84,0.0,255,32767,0.11,2090-9-18,0.0,0.52,26.6,0.0,0.0,0.0,0,4.822265625,6,45,05:40,20:21,2025-05-22 00:41:37.840101,Città della Scienza,80.5,8.176851,7.4314985,8.013906,5.679934,EU EEA Common AQI,65.7,7.099918,5.1275077,7200,8.071428,100,100,61.0,7.0057144,Very Low,65.1,6.806854,100,1747873800,Very Low,6.411124,8.554351,Very Low,9.452169,59.0,9.642858,100,1747873800,8.757143
2025-05-22T00:41:49Z,236,29.934,72.9,62,62.5,2,1,360,84,0.0,255,32767,0.11,2090-9-18,0.0,0.52,26.6,0.0,0.0,0.0,0,4.822265625,6,45,05:40,20:21,2025-05-22 00:41:48.886790,Città della Scienza,80.5,8.176851,7.4314985,8.013906,5.679934,EU EEA Common AQI,65.7,7.099918,5.1275077,7200,8.071428,100,100,61.0,7.0057144,Very Low,65.1,6.806854,100,1747873800,Very Low,6.411124,8.554351,Very Low,9.452169,59.0,9.642858,100,1747873800,8.757143
2025-05-22T00:42:00Z,236,29.934,72.9,62,62.5,2,1,360,84,0.0,255,32767,0.11,2090-9-18,0.0,0.52,26.6,0.0,0.0,0.0,0,4.822265625,6,45,05:40,20:21,2025-05-22 00:41:59.997799,Città della Scienza,80.5,8.176851,7.4314985,8.013906,5.679934,EU EEA Common AQI,65.7,7.099918,5.1275077,7200,8.071428,100,100,61.0,7.0057144,Very Low,65.1,6.806854,100,1747873800,Very Low,6.411124,8.554351,Very Low,9.452169,59.0,9.642858,100,1747873800,8.757143
2025-05-22T00:42:11Z,236,29.934,72.9,62,62.5,2,1,360,84,0.0,255,32767,0.11,2090-9-18,0.0,0.52,26.6,0.0,0.0,0.0,0,4.822265625,6,45,05:40,20:21,2025-05-22 00:42:11.093786,Città della Scienza,80.5,8.176851,7.4314985,8.013906,5.679934,EU EEA Common AQI,65.7,7.099918,5.1275077,7200,8.071428,100,100,61.0,7.0057144,Very Low,65.1,6.806854,100,1747873800,Very Low,6.411124,8.554351,Very Low,9.452169,59.0,9.642858,100,1747873800,8.757143
2025-05-22T00:42:22Z,236,29.934,72.9,62,62.5,2,1,360,84,0.0,255,32767,0.11,2090-9-18,0.0,0.52,26.6,0.0,0.0,0.0,0,4.822265625,6,45,05:40,20:21,2025-05-22 00:42:22.154794,Città della Scienza,80.5,8.176851,7.4314985,8.013906,5.679934,EU EEA Common AQI,65.7,7.099918,5.1275077,7200,8.071428,100,100,61.0,7.0057144,Very Low,65.1,6.806854,100,1747873800,Very Low,6.411124,8.554351,Very Low,9.452169,59.0,9.642858,100,1747873800,8.757143
2025-05-22T00:42:33Z,236,29.933,72.9,62,62.5,1,1,360,84,0.0,255,32767,0.11,2090-9-18,0.0,0.52,26.6,0.0,0.0,0.0,0,4.822265625,6,45,05:40,20:21,2025-05-22 00:42:33.187790,Città della Scienza,80.5,8.176851,7.4314985,8.013906,5.679934,EU EEA Common AQI,65.7,7.099918,5.1275077,7200,8.071428,100,100,61.0,7.0057144,Very Low,65.1,6.806854,100,1747873800,Very Low,6.411124,8.554351,Very Low,9.452169,59.0,9.642858,100,1747873800,8.757143
2025-05-22T00:42:44Z,236,29.933,72.9,62,62.5,1,1,360,84,0.0,255,32767,0.11,2090-9-18,0.0,0.52,26.6,0.0,0.0,0.0,0,4.822265625,6,45,05:40,20:21,2025-05-22 00:42:44.303787,Città della Scienza,80.5,8.176851,7.4314985,8.013906,5.679934,EU EEA Common AQI,65.7,7.099918,5.1275077,7200,8.071428,100,100,61.0,7.0057144,Very Low,65.1,6.806854,100,1747873800,Very Low,6.411124,8.554351,Very Low,9.452169,59.0,9.642858,100,1747873800,8.757143
2025-05-22T00:42:55Z,236,29.933,72.9,62,62.5,0,1,360,84,0.0,255,32767,0.11,2090-9-18,0.0,0.52,26.6,0.0,0.0,0.0,0,4.822265625,6,45,05:40,20:21,2025-05-22 00:42:55.413799,Città della Scienza,80.5,8.176851,7.4314985,8.013906,5.679934,EU EEA Common AQI,65.7,7.099918,5.1275077,7200,8.071428,100,100,61.0,7.0057144,Very Low,65.1,6.806854,100,1747873800,Very Low,6.411124,8.554351,Very Low,9.452169,59.0,9.642858,100,1747873800,8.757143
2025-05-22T00:43:06Z,236,29.933,72.9,62,62.5,0,1,360,84,0.0,255,32767,0.11,2090-9-18,0.0,0.52,26.6,0.0,0.0,0.0,0,4.822265625,6,45,05:40,20:21,2025-05-22 00:43:06.495786,Città della Scienza,80.5,8.176851,7.4314985,8.013906,5.679934,EU EEA Common AQI,65.7,7.099918,5.1275077,7200,8.071428,100,100,61.0,7.0057144,Very Low,65.1,6.806854,100,1747873800,Very Low,6.411124,8.554351,Very Low,9.452169,59.0,9.642858,100,1747873800,8.757143
2025-05-22T00:43:17Z,236,29.933,72.9,62,62.5,0,1,360,84,0.0,255,32767,0.11,2090-9-18,0.0,0.52,26.6,0.0,0.0,0.0,0,4.822265625,6,45,05:40,20:21,2025-05-22 00:43:17.588487,Città della Scienza,80.5,8.176851,7.4314985,8.013906,5.679934,EU EEA Common AQI,65.7,7.099918,5.1275077,7200,8.071428,100,100,61.0,7.0057144,Very Low,65.1,6.806854,100,1747873800,Very Low,6.411124,8.554351,Very Low,9.452169,59.0,9.642858,100,1747873800,8.757143
2025-05-22T00:43:28Z,236,29.933,72.9,62,62.5,0,1,10,84,0.0,255,32767,0.11,2090-9-18,0.0,0.52,26.6,0.0,0.0,0.0,0,4.822265625,6,45,05:40,20:21,2025-05-22 00:43:28.719792,Città della Scienza,80.5,8.176851,7.4314985,8.013906,5.679934,EU EEA Common AQI,65.7,7.099918,5.1275077,7200,8.071428,100,100,61.0,7.0057144,Very Low,65.1,6.806854,100,1747873800,Very Low,6.411124,8.554351,Very Low,9.452169,59.0,9.642858,100,1747873800,8.757143
2025-05-22T00:43:39Z,236,29.932,72.9,62,62.5,0,1,10,84,0.0,255,32767,0.11,2090-9-18,0.0,0.52,26.6,0.0,0.0,0.0,0,4.822265625,6,45,05:40,20:21,2025-05-22 00:43:39.761786,Città della Scienza,80.5,8.176851,7.4314985,8.013906,5.679934,EU EEA Common AQI,65.7,7.099918,5.1275077,7200,8.071428,100,100,61.0,7.0057144,Very Low,65.1,6.806854,100,1747873800,Very Low,6.411124,8.554351,Very Low,9.452169,59.0,9.642858,100,1747873800,8.757143
2025-05-22T00:43:51Z,236,29.932,72.9,62,62.5,0,1,5,84,0.0,255,32767,0.11,2090-9-18,0.0,0.52,26.6,0.0,0.0,0.0,0,4.822265625,6,45,05:40,20:21,2025-05-22 00:43:50.819787,Città della Scienza,80.5,8.176851,7.4314985,8.013906,5.679934,EU EEA Common AQI,65.7,7.099918,5.1275077,7200,8.071428,100,100,61.0,7.0057144,Very Low,65.1,6.806854,100,1747873800,Very Low,6.411124,8.554351,Very Low,9.452169,59.0,9.642858,100,1747873800,8.757143
2025-05-22T00:44:02Z,236,29.932,72.9,62,62.5,0,1,5,84,0.0,255,32767,0.11,2090-9-18,0.0,0.52,26.6,0.0,0.0,0.0,0,4.822265625,6,45,05:40,20:21,2025-05-22 00:44:01.869803,Città della Scienza,80.5,8.176851,7.4314985,8.013906,5.679934,EU EEA Common AQI,65.7,7.099918,5.1275077,7200,8.071428,100,100,61.0,7.0057144,Very Low,65.1,6.806854,100,1747873800,Very Low,6.411124,8.554351,Very Low,9.452169,59.0,9.642858,100,1747873800,8.757143
2025-05-22T00:44:13Z,236,29.932,72.9,62,62.5,0,1,5,84,0.0,255,32767,0.11,2090-9-18,0.0,0.52,26.6,0.0,0.0,0.0,0,4.822265625,6,45,05:40,20:21,2025-05-22 00:44:13.013787,Città della Scienza,80.5,8.176851,7.4314985,8.013906,5.679934,EU EEA Common AQI,65.7,7.099918,5.1275077,7200,8.071428,100,100,61.0,7.0057144,Very Low,65.1,6.806854,100,1747873800,Very Low,6.411124,8.554351,Very Low,9.452169,59.0,9.642858,100,1747873800,8.757143
2025-05-22T00:44:24Z,236,29.932,72.9,62,62.5,0,1,5,84,0.0,255,32767,0.11,2090-9-18,0.0,0.52,26.6,0.0,0.0,0.0,0,4.822265625,6,45,05:40,20:21,2025-05-22 00:44:24.118790,Città della Scienza,80.5,8.176851,7.4314985,8.013906,5.679934,EU EEA Common AQI,65.7,7.099918,5.1275077,7200,8.071428,100,100,61.0,7.0057144,Very Low,65.1,6.806854,100,1747873800,Very Low,6.411124,8.554351,Very Low,9.452169,59.0,9.642858,100,1747873800,8.757143
2025-05-22T00:44:35Z,236,29.934,72.9,62,62.5,2,1,11,84,0.0,255,32767,0.11,2090-9-18,0.0,0.52,26.6,0.0,0.0,0.0,0,4.822265625,6,45,05:40,20:21,2025-05-22 00:44:35.203794,Città della Scienza,80.5,8.176851,7.4314985,8.013906,5.679934,EU EEA Common AQI,65.7,7.099918,5.1275077,7200,8.071428,100,100,61.0,7.0057144,Very Low,65.1,6.806854,100,1747873800,Very Low,6.411124,8.554351,Very Low,9.452169,59.0,9.642858,100,1747873800,8.757143
2025-05-22T00:44:46Z,236,29.934,72.9,62,62.5,1,1,11,84,0.0,255,32767,0.11,2090-9-18,0.0,0.52,26.6,0.0,0.0,0.0,0,4.822265625,6,45,05:40,20:21,2025-05-22 00:44:46.289792,Città della Scienza,80.5,8.176851,7.4314985,8.013906,5.679934,EU EEA Common AQI,65.7,7.099918,5.1275077,7200,8.071428,100,100,61.0,7.0057144,Very Low,65.1,6.806854,100,1747873800,Very Low,6.411124,8.554351,Very Low,9.452169,59.0,9.642858,100,1747873800,8.757143
2025-05-22T00:44:57Z,236,29.934,72.9,62,62.5,0,1,11,84,0.0,255,32767,0.11,2090-9-18,0.0,0.52,26.6,0.0,0.0,0.0,0,4.822265625,6,45,05:40,20:21,2025-05-22 00:44:57.327785,Città della Scienza,80.5,8.176851,7.4314985,8.013906,5.679934,EU EEA Common AQI,65.7,7.099918,5.1275077,7200,8.071428,100,100,61.0,7.0057144,Very Low,65.1,6.806854,100,1747873800,Very Low,6.411124,8.554351,Very Low,9.452169,59.0,9.642858,100,1747873800,8.757143
2025-05-22T00:45:08Z,236,29.934,72.9,62,62.5,0,1,11,84,0.0,255,32767,0.11,2090-9-18,0.0,0.52,26.6,0.0,0.0,0.0,0,4.822265625,6,45,05:40,20:21,2025-05-22 00:45:08.416784,Città della Scienza,80.5,8.176851,7.4314985,8.013906,5.679934,EU EEA Common AQI,65.7,7.099918,5.1275077,7200,8.071428,100,100,61.0,7.0057144,Very Low,65.1,6.806854,100,1747873800,Very Low,6.411124,8.554351,Very Low,9.452169,59.0,9.642858,100,1747873800,8.757143
2025-05-22T00:45:19Z,236,29.934,72.9,62,62.5,1,1,11,84,0.0,255,32767,0.11,2090-9-18,0.0,0.52,26.6,0.0,0.0,0.0,0,4.822265625,6,45,05:40,20:21,2025-05-22 00:45:19.529785,Città della Scienza,80.5,8.176851,7.4314985,8.013906,5.679934,EU EEA Common AQI,65.7,7.099918,5.1275077,7200,8.071428,100,100,61.0,7.0057144,Very Low,65.1,6.806854,100,1747873800,Very Low,6.411124,8.554351,Very Low,9.452169,59.0,9.642858,100,1747873800,8.757143
2025-05-22T00:45:30Z,236,29.934,72.9,62,62.4,0,1,11,84,0.0,255,32767,0.11,2090-9-18,0.0,0.52,26.6,0.0,0.0,0.0,0,4.822265625,6,45,05:40,20:21,2025-05-22 00:45:30.650788,Città della Scienza,81.3,8.520207,7.4283547,8.252815,5.885039,EU EEA Common AQI,65.4,7.356299,5.135942,7200,9.771428,100,100,60.9,9.028571,Very Low,64.8,7.1231627,100,1747874700,Very Low,6.602252,8.832892,Very Low,9.731129,59.0,12.942857,100,1747874700,11.285714
2025-05-22T00:45:41Z,236,29.934,72.9,62,62.4,0,1,11,84,0.0,255,32767,0.11,2090-9-18,0.0,0.52,26.6,0.0,0.0,0.0,0,4.822265625,6,45,05:40,20:21,2025-05-22 00:45:41.749788,Città della Scienza,81.3,8.520207,7.4283547,8.252815,5.885039,EU EEA Common AQI,65.4,7.356299,5.135942,7200,9.771428,100,100,60.9,9.028571,Very Low,64.8,7.1231627,100,1747874700,Very Low,6.602252,8.832892,Very Low,9.731129,59.0,12.942857,100,1747874700,11.285714
2025-05-22T00:45:53Z,236,29.934,72.9,62,62.4,0,1,11,84,0.0,255,32767,0.11,2090-9-18,0.0,0.52,26.6,0.0,0.0,0.0,0,4.822265625,6,45,05:40,20:21,2025-05-22 00:45:52.829793,Città della Scienza,81.3,8.520207,7.4283547,8.252815,5.885039,EU EEA Common AQI,65.4,7.356299,5.135942,7200,9.771428,100,100,60.9,9.028571,Very Low,64.8,7.1231627,100,1747874700,Very Low,6.602252,8.832892,Very Low,9.731129,59.0,12.942857,100,1747874700,11.285714
2025-05-22T00:46:04Z,236,29.934,72.9,62,62.4,0,1,11,84,0.0,255,32767,0.11,2090-9-18,0.0,0.52,26.6,0.0,0.0,0.0,0,4.822265625,6,45,05:40,20:21,2025-05-22 00:46:03.933789,Città della Scienza,81.3,8.520207,7.4283547,8.252815,5.885039,EU EEA Common AQI,65.4,7.356299,5.135942,7200,9.771428,100,100,60.9,9.028571,Very Low,64.8,7.1231627,100,1747874700,Very Low,6.602252,8.832892,Very Low,9.731129,59.0,12.942857,100,1747874700,11.285714
2025-05-22T00:46:15Z,236,29.934,72.9,62,62.4,0,1,11,84,0.0,255,32767,0.11,2090-9-18,0.0,0.52,26.6,0.0,0.0,0.0,0,4.822265625,6,45,05:40,20:21,2025-05-22 00:46:15.018795,Città della Scienza,81.3,8.520207,7.4283547,8.252815,5.885039,EU EEA Common AQI,65.4,7.356299,5.135942,7200,9.771428,100,100,60.9,9.028571,Very Low,64.8,7.1231627,100,1747874700,Very Low,6.602252,8.832892,Very Low,9.731129,59.0,12.942857,100,1747874700,11.285714
2025-05-22T00:46:26Z,236,29.934,72.9,62,62.4,0,1,11,84,0.0,255,32767,0.11,2090-9-18,0.0,0.52,26.6,0.0,0.0,0.0,0,4.822265625,6,45,05:40,20:21,2025-05-22 00:46:26.065787,Città della Scienza,81.3,8.520207,7.4283547,8.252815,5.885039,EU EEA Common AQI,65.4,7.356299,5.135942,7200,9.771428,100,100,60.9,9.028571,Very Low,64.8,7.1231627,100,1747874700,Very Low,6.602252,8.832892,Very Low,9.731129,59.0,12.942857,100,1747874700,11.285714
2025-05-22T00:46:37Z,236,29.93,72.9,62,62.4,0,1,11,84,0.0,255,32767,0.11,2090-9-18,0.0,0.52,26.6,0.0,0.0,0.0,0,4.822265625,6,45,05:40,20:21,2025-05-22 00:46:37.089248,Città della Scienza,81.3,8.520207,7.4283547,8.252815,5.885039,EU EEA Common AQI,65.4,7.356299,5.135942,7200,9.771428,100,100,60.9,9.028571,Very Low,64.8,7.1231627,100,1747874700,Very Low,6.602252,8.832892,Very Low,9.731129,59.0,12.942857,100,1747874700,11.285714
2025-05-22T00:46:48Z,236,29.93,72.9,62,62.4,0,1,11,84,0.0,255,32767,0.11,2090-9-18,0.0,0.52,26.6,0.0,0.0,0.0,0,4.822265625,6,45,05:40,20:21,2025-05-22 00:46:48.241824,Città della Scienza,81.3,8.520207,7.4283547,8.252815,5.885039,EU EEA Common AQI,65.4,7.356299,5.135942,7200,9.771428,100,100,60.9,9.028571,Very Low,64.8,7.1231627,100,1747874700,Very Low,6.602252,8.832892,Very Low,9.731129,59.0,12.942857,100,1747874700,11.285714
2025-05-22T00:46:59Z,236,29.93,72.9,62,62.4,0,1,11,84,0.0,255,32767,0.11,2090-9-18,0.0,0.52,26.6,0.0,0.0,0.0,0,4.822265625,6,45,05:40,20:21,2025-05-22 00:46:59.273797,Città della Scienza,81.3,8.520207,7.4283547,8.252815,5.885039,EU EEA Common AQI,65.4,7.356299,5.135942,7200,9.771428,100,100,60.9,9.028571,Very Low,64.8,7.1231627,100,1747874700,Very Low,6.602252,8.832892,Very Low,9.731129,59.0,12.942857,100,1747874700,11.285714
2025-05-22T00:47:10Z,236,29.93,72.9,62,62.4,0,1,11,84,0.0,255,32767,0.11,2090-9-18,0.0,0.52,26.6,0.0,0.0,0.0,0,4.822265625,6,45,05:40,20:21,2025-05-22 00:47:10.347792,Città della Scienza,81.3,8.520207,7.4283547,8.252815,5.885039,EU EEA Common AQI,65.4,7.356299,5.135942,7200,9.771428,100,100,60.9,9.028571,Very Low,64.8,7.1231627,100,1747874700,Very Low,6.602252,8.832892,Very Low,9.731129,59.0,12.942857,100,1747874700,11.285714
2025-05-22T00:47:21Z,236,29.93,72.9,62,62.3,0,1,11,84,0.0,255,32767,0.11,2090-9-18,0.0,0.52,26.6,0.0,0.0,0.0,0,4.822265625,6,45,05:40,20:21,2025-05-22 00:47:21.394792,Città della Scienza,81.3,8.520207,7.4283547,8.252815,5.885039,EU EEA Common AQI,65.4,7.356299,5.135942,7200,9.771428,100,100,60.9,9.028571,Very Low,64.8,7.1231627,100,1747874700,Very Low,6.602252,8.832892,Very Low,9.731129,59.0,12.942857,100,1747874700,11.285714
2025-05-22T00:47:32Z,236,29.932,72.8,62,62.3,0,1,11,84,0.0,255,32767,0.11,2090-9-18,0.0,0.52,26.6,0.0,0.0,0.0,0,4.822265625,6,45,05:40,20:21,2025-05-22 00:47:32.443781,Città della Scienza,81.3,8.520207,7.4283547,8.252815,5.885039,EU EEA Common AQI,65.4,7.356299,5.135942,7200,9.771428,100,100,60.9,9.028571,Very Low,64.8,7.1231627,100,1747874700,Very Low,6.602252,8.832892,Very Low,9.731129,59.0,12.942857,100,1747874700,11.285714
2025-05-22T00:47:43Z,236,29.932,72.8,62,62.3,0,1,11,84,0.0,255,32767,0.11,2090-9-18,0.0,0.52,26.6,0.0,0.0,0.0,0,4.822265625,6,45,05:40,20:21,2025-05-22 00:47:43.575798,Città della Scienza,81.3,8.520207,7.4283547,8.252815,5.885039,EU EEA Common AQI,65.4,7.356299,5.135942,7200,9.771428,100,100,60.9,9.028571,Very Low,64.8,7.1231627,100,1747874700,Very Low,6.602252,8.832892,Very Low,9.731129,59.0,12.942857,100,1747874700,11.285714
2025-05-22T00:47:54Z,236,29.932,72.8,62,62.3,0,1,11,84,0.0,255,32767,0.11,2090-9-18,0.0,0.52,26.6,0.0,0.0,0.0,0,4.822265625,6,45,05:40,20:21,2025-05-22 00:47:54.636787,Città della Scienza,81.3,8.520207,7.4283547,8.252815,5.885039,EU EEA Common AQI,65.4,7.356299,5.135942,7200,9.771428,100,100,60.9,9.028571,Very Low,64.8,7.1231627,100,1747874700,Very Low,6.602252,8.832892,Very Low,9.731129,59.0,12.942857,100,1747874700,11.285714
2025-05-22T00:48:05Z,236,29.932,72.8,62,62.3,1,1,15,84,0.0,255,32767,0.11,2090-9-18,0.0,0.52,26.6,0.0,0.0,0.0,0,4.822265625,6,45,05:40,20:21,2025-05-22 00:48:05.712791,Città della Scienza,81.3,8.520207,7.4283547,8.252815,5.885039,EU EEA Common AQI,65.4,7.356299,5.135942,7200,9.771428,100,100,60.9,9.028571,Very Low,64.8,7.1231627,100,1747874700,Very Low,6.602252,8.832892,Very Low,9.731129,59.0,12.942857,100,1747874700,11.285714
2025-05-22T00:48:16Z,236,29.932,72.8,62,62.3,0,1,15,84,0.0,255,32767,0.11,2090-9-18,0.0,0.52,26.6,0.0,0.0,0.0,0,4.822265625,6,45,05:40,20:21,2025-05-22 00:48:16.770785,Città della Scienza,81.3,8.520207,7.4283547,8.252815,5.885039,EU EEA Common AQI,65.4,7.356299,5.135942,7200,9.771428,100,100,60.9,9.028571,Very Low,64.8,7.1231627,100,1747874700,Very Low,6.602252,8.832892,Very Low,9.731129,59.0,12.942857,100,1747874700,11.285714
2025-05-22T00:48:28Z,236,29.932,72.8,62,62.3,1,1,15,84,0.0,255,32767,0.11,2090-9-18,0.0,0.52,26.6,0.0,0.0,0.0,0,4.822265625,6,45,05:40,20:21,2025-05-22 00:48:27.867790,Città della Scienza,81.3,8.520207,7.4283547,8.252815,5.885039,EU EEA Common AQI,65.4,7.356299,5.135942,7200,9.771428,100,100,60.9,9.028571,Very Low,64.8,7.1231627,100,1747874700,Very Low,6.602252,8.832892,Very Low,9.731129,59.0,12.942857,100,1747874700,11.285714
2025-05-22T00:48:39Z,236,29.932,72.8,62,62.3,0,1,15,85,0.0,255,32767,0.11,2090-9-18,0.0,0.52,26.6,0.0,0.0,0.0,0,4.822265625,6,45,05:40,20:21,2025-05-22 00:48:39.003752,Città della Scienza,81.3,8.520207,7.4283547,8.252815,5.885039,EU EEA Common AQI,65.4,7.356299,5.135942,7200,9.771428,100,100,60.9,9.028571,Very Low,64.8,7.1231627,100,1747874700,Very Low,6.602252,8.832892,Very Low,9.731129,59.0,12.942857,100,1747874700,11.285714
2025-05-22T00:48:50Z,236,29.932,72.8,62,62.3,0,1,15,85,0.0,255,32767,0.11,2090-9-18,0.0,0.52,26.6,0.0,0.0,0.0,0,4.822265625,6,45,05:40,20:21,2025-05-22 00:48:50.111791,Città della Scienza,81.3,8.520207,7.4283547,8.252815,5.885039,EU EEA Common AQI,65.4,7.356299,5.135942,7200,9.771428,100,100,60.9,9.028571,Very Low,64.8,7.1231627,100,1747874700,Very Low,6.602252,8.832892,Very Low,9.731129,59.0,12.942857,100,1747874700,11.285714
2025-05-22T00:49:01Z,236,29.932,72.8,62,62.3,1,1,18,85,0.0,255,32767,0.11,2090-9-18,0.0,0.52,26.6,0.0,0.0,0.0,0,4.822265625,6,45,05:40,20:21,2025-05-22 00:49:01.201793,Città della Scienza,81.3,8.520207,7.4283547,8.252815,5.885039,EU EEA Common AQI,65.4,7.356299,5.135942,7200,9.771428,100,100,60.9,9.028571,Very Low,64.8,7.1231627,100,1747874700,Very Low,6.602252,8.832892,Very Low,9.731129,59.0,12.942857,100,1747874700,11.285714
2025-05-22T00:49:12Z,236,29.932,72.8,62,62.3,0,1,18,85,0.0,255,32767,0.11,2090-9-18,0.0,0.52,26.6,0.0,0.0,0.0,0,4.822265625,6,45,05:40,20:21,2025-05-22 00:49:12.309804,Città della Scienza,81.3,8.520207,7.4283547,8.252815,5.885039,EU EEA Common AQI,65.4,7.356299,5.135942,7200,9.771428,100,100,60.9,9.028571,Very Low,64.8,7.1231627,100,1747874700,Very Low,6.602252,8.832892,Very Low,9.731129,59.0,12.942857,100,1747874700,11.285714
2025-05-22T00:49:23Z,236,29.932,72.8,62,62.3,1,1,25,85,0.0,255,32767,0.11,2090-9-18,0.0,0.52,26.6,0.0,0.0,0.0,0,4.822265625,6,45,05:40,20:21,2025-05-22 00:49:23.358793,Città della Scienza,81.3,8.520207,7.4283547,8.252815,5.885039,EU EEA Common AQI,65.4,7.356299,5.135942,7200,9.771428,100,100,60.9,9.028571,Very Low,64.8,7.1231627,100,1747874700,Very Low,6.602252,8.832892,Very Low,9.731129,59.0,12.942857,100,1747874700,11.285714
2025-05-22T00:49:34Z,236,29.93,72.8,62,62.3,1,1,25,85,0.0,255,32767,0.11,2090-9-18,0.0,0.52,26.6,0.0,0.0,0.0,0,4.822265625,6,45,05:40,20:21,2025-05-22 00:49:34.483787,Città della Scienza,81.3,8.520207,7.4283547,8.252815,5.885039,EU EEA Common AQI,65.4,7.356299,5.135942,7200,9.771428,100,100,60.9,9.028571,Very Low,64.8,7.1231627,100,1747874700,Very Low,6.602252,8.832892,Very Low,9.731129,59.0,12.942857,100,1747874700,11.285714
2025-05-22T00:49:45Z,236,29.93,72.8,62,62.2,0,1,25,85,0.0,255,32767,0.11,2090-9-18,0.0,0.52,26.6,0.0,0.0,0.0,0,4.822265625,6,45,05:40,20:21,2025-05-22 00:49:45.563782,Città della Scienza,81.3,8.520207,7.4283547,8.252815,5.885039,EU EEA Common AQI,65.4,7.356299,5.135942,7200,9.771428,100,100,60.9,9.028571,Very Low,64.8,7.1231627,100,1747874700,Very Low,6.602252,8.832892,Very Low,9.731129,59.0,12.942857,100,1747874700,11.285714
2025-05-22T00:49:56Z,236,29.93,72.8,62,62.3,1,1,25,85,0.0,255,32767,0.11,2090-9-18,0.0,0.52,26.6,0.0,0.0,0.0,0,4.822265625,6,45,05:40,20:21,2025-05-22 00:49:56.686797,Città della Scienza,81.3,8.520207,7.4283547,8.252815,5.885039,EU EEA Common AQI,65.4,7.356299,5.135942,7200,9.771428,100,100,60.9,9.028571,Very Low,64.8,7.1231627,100,1747874700,Very Low,6.602252,8.832892,Very Low,9.731129,59.0,12.942857,100,1747874700,11.285714
2025-05-22T00:50:07Z,236,29.93,72.8,62,62.3,1,1,25,85,0.0,255,32767,0.11,2090-9-18,0.0,0.52,26.6,0.0,0.0,0.0,0,4.822265625,6,45,05:40,20:21,2025-05-22 00:50:07.790788,Città della Scienza,81.3,8.520207,7.4283547,8.252815,5.885039,EU EEA Common AQI,65.4,7.356299,5.135942,7200,9.771428,100,100,60.9,9.028571,Very Low,64.8,7.1231627,100,1747874700,Very Low,6.602252,8.832892,Very Low,9.731129,59.0,12.942857,100,1747874700,11.285714
2025-05-22T00:50:19Z,236,29.93,72.8,62,62.3,1,1,26,85,0.0,255,32767,0.11,2090-9-18,0.0,0.52,26.6,0.0,0.0,0.0,0,4.822265625,6,45,05:40,20:21,2025-05-22 00:50:18.877752,Città della Scienza,81.3,8.520207,7.4283547,8.252815,5.885039,EU EEA Common AQI,65.4,7.356299,5.135942,7200,9.771428,100,100,60.9,9.028571,Very Low,64.8,7.1231627,100,1747874700,Very Low,6.602252,8.832892,Very Low,9.731129,59.0,12.942857,100,1747874700,11.285714
2025-05-22T00:50:30Z,236,29.93,72.8,62,62.3,2,1,26,85,0.0,255,32767,0.11,2090-9-18,0.0,0.52,26.6,0.0,0.0,0.0,0,4.822265625,6,45,05:40,20:21,2025-05-22 00:50:29.928785,Città della Scienza,81.3,8.520207,7.4283547,8.252815,5.885039,EU EEA Common AQI,65.4,7.356299,5.135942,7200,9.771428,100,100,60.9,9.028571,Very Low,64.8,7.1231627,100,1747874700,Very Low,6.602252,8.832892,Very Low,9.731129,59.0,12.942857,100,1747874700,11.285714
2025-05-22T00:50:41Z,236,29.934,72.8,62,62.3,1,1,26,85,0.0,255,32767,0.11,2090-9-18,0.0,0.52,26.6,0.0,0.0,0.0,0,4.822265625,6,45,05:40,20:21,2025-05-22 00:50:41.026786,Città della Scienza,81.3,8.520207,7.4283547,8.252815,5.885039,EU EEA Common AQI,65.4,7.356299,5.135942,7200,9.771428,100,100,60.9,9.028571,Very Low,64.8,7.1231627,100,1747874700,Very Low,6.602252,8.832892,Very Low,9.731129,59.0,12.942857,100,1747874700,11.285714
2025-05-22T00:50:52Z,236,29.934,72.8,62,62.3,1,1,26,85,0.0,255,32767,0.11,2090-9-18,0.0,0.52,26.6,0.0,0.0,0.0,0,4.822265625,6,45,05:40,20:21,2025-05-22 00:50:52.130798,Città della Scienza,81.3,8.520207,7.4283547,8.252815,5.885039,EU EEA Common AQI,65.4,7.356299,5.135942,7200,9.771428,100,100,60.9,9.028571,Very Low,64.8,7.1231627,100,1747874700,Very Low,6.602252,8.832892,Very Low,9.731129,59.0,12.942857,100,1747874700,11.285714
2025-05-22T00:51:03Z,236,29.934,72.8,62,62.3,1,1,26,85,0.0,255,32767,0.11,2090-9-18,0.0,0.52,26.6,0.0,0.0,0.0,0,4.822265625,6,45,05:40,20:21,2025-05-22 00:51:03.228795,Città della Scienza,81.3,8.520207,7.4283547,8.252815,5.885039,EU EEA Common AQI,65.4,7.356299,5.135942,7200,9.771428,100,100,60.9,9.028571,Very Low,64.8,7.1231627,100,1747874700,Very Low,6.602252,8.832892,Very Low,9.731129,59.0,12.942857,100,1747874700,11.285714
2025-05-22T00:51:14Z,236,29.934,72.8,62,62.3,2,1,26,85,0.0,255,32767,0.11,2090-9-18,0.0,0.52,26.6,0.0,0.0,0.0,0,4.822265625,6,45,05:40,20:21,2025-05-22 00:51:14.298785,Città della Scienza,81.3,8.520207,7.4283547,8.252815,5.885039,EU EEA Common AQI,65.4,7.356299,5.135942,7200,9.771428,100,100,60.9,9.028571,Very Low,64.8,7.1231627,100,1747874700,Very Low,6.602252,8.832892,Very Low,9.731129,59.0,12.942857,100,1747874700,11.285714
2025-05-22T00:51:25Z,236,29.934,72.8,62,62.3,1,1,26,85,0.0,255,32767,0.11,2090-9-18,0.0,0.52,26.6,0.0,0.0,0.0,0,4.822265625,6,45,05:40,20:21,2025-05-22 00:51:25.401790,Città della Scienza,81.3,8.520207,7.4283547,8.252815,5.885039,EU EEA Common AQI,65.4,7.356299,5.135942,7200,9.771428,100,100,60.9,9.028571,Very Low,64.8,7.1231627,100,1747874700,Very Low,6.602252,8.832892,Very Low,9.731129,59.0,12.942857,100,1747874700,11.285714
2025-05-22T00:51:36Z,236,29.932,72.8,62,62.3,0,1,26,85,0.0,255,32767,0.11,2090-9-18,0.0,0.52,26.6,0.0,0.0,0.0,0,4.822265625,6,45,05:40,20:21,2025-05-22 00:51:36.446786,Città della Scienza,81.3,8.520207,7.4283547,8.252815,5.885039,EU EEA Common AQI,65.4,7.356299,5.135942,7200,9.771428,100,100,60.9,9.028571,Very Low,64.8,7.1231627,100,1747874700,Very Low,6.602252,8.832892,Very Low,9.731129,59.0,12.942857,100,1747874700,11.285714
2025-05-22T00:51:47Z,236,29.932,72.8,62,62.2,0,1,26,85,0.0,255,32767,0.11,2090-9-18,0.0,0.52,26.6,0.0,0.0,0.0,0,4.822265625,6,45,05:40,20:21,2025-05-22 00:51:47.571779,Città della Scienza,81.3,8.520207,7.4283547,8.252815,5.885039,EU EEA Common AQI,65.4,7.356299,5.135942,7200,9.771428,100,100,60.9,9.028571,Very Low,64.8,7.1231627,100,1747874700,Very Low,6.602252,8.832892,Very Low,9.731129,59.0,12.942857,100,1747874700,11.285714
2025-05-22T00:51:58Z,236,29.932,72.8,62,62.2,1,1,26,85,0.0,255,32767,0.11,2090-9-18,0.0,0.52,26.6,0.0,0.0,0.0,0,4.822265625,6,45,05:40,20:21,2025-05-22 00:51:58.688783,Città della Scienza,81.3,8.520207,7.4283547,8.252815,5.885039,EU EEA Common AQI,65.4,7.356299,5.135942,7200,9.771428,100,100,60.9,9.028571,Very Low,64.8,7.1231627,100,1747874700,Very Low,6.602252,8.832892,Very Low,9.731129,59.0,12.942857,100,1747874700,11.285714
2025-05-22T00:52:09Z,236,29.932,72.8,62,62.2,0,1,26,85,0.0,255,32767,0.11,2090-9-18,0.0,0.52,26.6,0.0,0.0,0.0,0,4.822265625,6,45,05:40,20:21,2025-05-22 00:52:09.784790,Città della Scienza,81.3,8.520207,7.4283547,8.252815,5.885039,EU EEA Common AQI,65.4,7.356299,5.135942,7200,9.771428,100,100,60.9,9.028571,Very Low,64.8,7.1231627,100,1747874700,Very Low,6.602252,8.832892,Very Low,9.731129,59.0,12.942857,100,1747874700,11.285714
2025-05-22T00:52:21Z,236,29.932,72.8,62,62.2,0,1,26,85,0.0,255,32767,0.11,2090-9-18,0.0,0.52,26.6,0.0,0.0,0.0,0,4.822265625,6,45,05:40,20:21,2025-05-22 00:52:20.856784,Città della Scienza,81.3,8.520207,7.4283547,8.252815,5.885039,EU EEA Common AQI,65.4,7.356299,5.135942,7200,9.771428,100,100,60.9,9.028571,Very Low,64.8,7.1231627,100,1747874700,Very Low,6.602252,8.832892,Very Low,9.731129,59.0,12.942857,100,1747874700,11.285714
2025-05-22T00:52:32Z,236,29.932,72.8,62,62.2,0,1,26,85,0.0,255,32767,0.11,2090-9-18,0.0,0.52,26.6,0.0,0.0,0.0,0,4.822265625,6,45,05:40,20:21,2025-05-22 00:52:31.876804,Città della Scienza,81.3,8.520207,7.4283547,8.252815,5.885039,EU EEA Common AQI,65.4,7.356299,5.135942,7200,9.771428,100,100,60.9,9.028571,Very Low,64.8,7.1231627,100,1747874700,Very Low,6.602252,8.832892,Very Low,9.731129,59.0,12.942857,100,1747874700,11.285714
2025-05-22T00:52:43Z,236,29.93,72.8,62,62.2,0,0,26,85,0.0,255,32767,0.11,2090-9-18,0.0,0.52,26.6,0.0,0.0,0.0,0,4.822265625,6,45,05:40,20:21,2025-05-22 00:52:42.922787,Città della Scienza,81.3,8.520207,7.4283547,8.252815,5.885039,EU EEA Common AQI,65.4,7.356299,5.135942,7200,9.771428,100,100,60.9,9.028571,Very Low,64.8,7.1231627,100,1747874700,Very Low,6.602252,8.832892,Very Low,9.731129,59.0,12.942857,100,1747874700,11.285714
2025-05-22T00:52:54Z,236,29.93,72.8,62,62.2,0,0,26,85,0.0,255,32767,0.11,2090-9-18,0.0,0.52,26.6,0.0,0.0,0.0,0,4.822265625,6,45,05:40,20:21,2025-05-22 00:52:54.006782,Città della Scienza,81.3,8.520207,7.4283547,8.252815,5.885039,EU EEA Common AQI,65.4,7.356299,5.135942,7200,9.771428,100,100,60.9,9.028571,Very Low,64.8,7.1231627,100,1747874700,Very Low,6.602252,8.832892,Very Low,9.731129,59.0,12.942857,100,1747874700,11.285714
2025-05-22T00:53:05Z,236,29.93,72.8,62,62.2,0,0,26,85,0.0,255,32767,0.11,2090-9-18,0.0,0.52,26.6,0.0,0.0,0.0,0,4.822265625,6,45,05:40,20:21,2025-05-22 00:53:05.100790,Città della Scienza,81.3,8.520207,7.4283547,8.252815,5.885039,EU EEA Common AQI,65.4,7.356299,5.135942,7200,9.771428,100,100,60.9,9.028571,Very Low,64.8,7.1231627,100,1747874700,Very Low,6.602252,8.832892,Very Low,9.731129,59.0,12.942857,100,1747874700,11.285714
2025-05-22T00:53:16Z,236,29.93,72.8,62,62.2,1,0,350,85,0.0,255,32767,0.11,2090-9-18,0.0,0.52,26.6,0.0,0.0,0.0,0,4.822265625,6,45,05:40,20:21,2025-05-22 00:53:16.205787,Città della Scienza,81.3,8.520207,7.4283547,8.252815,5.885039,EU EEA Common AQI,65.4,7.356299,5.135942,7200,9.771428,100,100,60.9,9.028571,Very Low,64.8,7.1231627,100,1747874700,Very Low,6.602252,8.832892,Very Low,9.731129,59.0,12.942857,100,1747874700,11.285714
2025-05-22T00:53:27Z,236,29.93,72.8,62,62.2,0,0,350,85,0.0,255,32767,0.11,2090-9-18,0.0,0.52,26.6,0.0,0.0,0.0,0,4.822265625,6,45,05:40,20:21,2025-05-22 00:53:27.274785,Città della Scienza,81.3,8.520207,7.4283547,8.252815,5.885039,EU EEA Common AQI,65.4,7.356299,5.135942,7200,9.771428,100,100,60.9,9.028571,Very Low,64.8,7.1231627,100,1747874700,Very Low,6.602252,8.832892,Very Low,9.731129,59.0,12.942857,100,1747874700,11.285714
2025-05-22T00:53:38Z,236,29.932,72.7,62,62.2,0,0,350,85,0.0,255,32767,0.11,2090-9-18,0.0,0.52,26.6,0.0,0.0,0.0,0,4.822265625,6,45,05:40,20:21,2025-05-22 00:53:38.354822,Città della Scienza,81.3,8.520207,7.4283547,8.252815,5.885039,EU EEA Common AQI,65.4,7.356299,5.135942,7200,9.771428,100,100,60.9,9.028571,Very Low,64.8,7.1231627,100,1747874700,Very Low,6.602252,8.832892,Very Low,9.731129,59.0,12.942857,100,1747874700,11.285714
2025-05-22T00:53:49Z,236,29.932,72.7,62,62.3,1,0,350,85,0.0,255,32767,0.11,2090-9-18,0.0,0.52,26.6,0.0,0.0,0.0,0,4.822265625,6,45,05:40,20:21,2025-05-22 00:53:49.453789,Città della Scienza,81.3,8.520207,7.4283547,8.252815,5.885039,EU EEA Common AQI,65.4,7.356299,5.135942,7200,9.771428,100,100,60.9,9.028571,Very Low,64.8,7.1231627,100,1747874700,Very Low,6.602252,8.832892,Very Low,9.731129,59.0,12.942857,100,1747874700,11.285714
2025-05-22T00:54:00Z,236,29.932,72.7,62,62.3,2,0,355,85,0.0,255,32767,0.11,2090-9-18,0.0,0.52,26.6,0.0,0.0,0.0,0,4.822265625,6,45,05:40,20:21,2025-05-22 00:54:00.546790,Città della Scienza,81.3,8.520207,7.4283547,8.252815,5.885039,EU EEA Common AQI,65.4,7.356299,5.135942,7200,9.771428,100,100,60.9,9.028571,Very Low,64.8,7.1231627,100,1747874700,Very Low,6.602252,8.832892,Very Low,9.731129,59.0,12.942857,100,1747874700,11.285714
2025-05-22T00:54:11Z,236,29.932,72.7,62,62.3,0,0,355,85,0.0,255,32767,0.11,2090-9-18,0.0,0.52,26.6,0.0,0.0,0.0,0,4.822265625,6,45,05:40,20:21,2025-05-22 00:54:11.612791,Città della Scienza
2025-05-22T00:54:22Z,236,29.932,72.7,62,62.3,0,0,355,85,0.0,255,32767,0.11,2090-9-18,0.0,0.52,26.6,0.0,0.0,0.0,0,4.822265625,6,45,05:40,20:21,2025-05-22 00:54:22.670790,Città della Scienza
2025-05-22T00:54:33Z,236,29.932,72.7,62,62.3,0,0,355,85,0.0,255,32767,0.11,2090-9-18,0.0,0.52,26.6,0.0,0.0,0.0,0,4.822265625,6,45,05:40,20:21,2025-05-22 00:54:33.778871,Città della Scienza
2025-05-22T00:54:45Z,236,29.932,72.7,62,62.3,0,0,355,85,0.0,255,32767,0.11,2090-9-18,0.0,0.52,26.6,0.0,0.0,0.0,0,4.822265625,6,45,05:40,20:21,2025-05-22 00:54:44.807784,Città della Scienza
2025-05-22T00:54:56Z,236,29.932,72.7,62,62.3,0,0,355,85,0.0,255,32767,0.11,2090-9-18,0.0,0.52,26.6,0.0,0.0,0.0,0,4.822265625,6,45,05:40,20:21,2025-05-22 00:54:55.841127,Città della Scienza
2025-05-22T00:55:07Z,236,29.932,72.7,62,62.3,0,0,355,85,0.0,255,32767,0.11,2090-9-18,0.0,0.52,26.6,0.0,0.0,0.0,0,4.822265625,6,45,05:40,20:21,2025-05-22 00:55:06.862783,Città della Scienza
2025-05-22T00:55:18Z,236,29.932,72.7,62,62.3,0,0,355,85,0.0,255,32767,0.11,2090-9-18,0.0,0.52,26.6,0.0,0.0,0.0,0,4.822265625,6,45,05:40,20:21,2025-05-22 00:55:17.902788,Città della Scienza
2025-05-22T00:55:29Z,236,29.932,72.7,62,62.3,0,0,355,85,0.0,255,32767,0.11,2090-9-18,0.0,0.52,26.6,0.0,0.0,0.0,0,4.822265625,6,45,05:40,20:21,2025-05-22 00:55:29.029784,Città della Scienza
2025-05-22T00:55:40Z,236,29.932,72.7,62,62.3,0,0,355,85,0.0,255,32767,0.11,2090-9-18,0.0,0.52,26.6,0.0,0.0,0.0,0,4.822265625,6,45,05:40,20:21,2025-05-22 00:55:40.071788,Città della Scienza
2025-05-22T00:55:51Z,236,29.932,72.7,62,62.3,0,0,355,85,0.0,255,32767,0.11,2090-9-18,0.0,0.52,26.6,0.0,0.0,0.0,0,4.822265625,6,45,05:40,20:21,2025-05-22 00:55:51.133794,Città della Scienza
2025-05-22T00:56:02Z,236,29.932,72.7,62,62.3,0,0,355,85,0.0,255,32767,0.11,2090-9-18,0.0,0.52,26.6,0.0,0.0,0.0,0,4.822265625,6,45,05:40,20:21,2025-05-22 00:56:02.189786,Città della Scienza
2025-05-22T00:56:13Z,236,29.932,72.7,62,62.3,0,0,355,85,0.0,255,32767,0.11,2090-9-18,0.0,0.52,26.6,0.0,0.0,0.0,0,4.822265625,6,45,05:40,20:21,2025-05-22 00:56:13.245788,Città della Scienza
2025-05-22T00:56:24Z,236,29.932,72.7,62,62.3,0,0,355,85,0.0,255,32767,0.11,2090-9-18,0.0,0.52,26.6,0.0,0.0,0.0,0,4.822265625,6,45,05:40,20:21,2025-05-22 00:56:24.305799,Città della Scienza
2025-05-22T00:56:35Z,236,29.93,72.7,62,62.3,0,0,355,85,0.0,255,32767,0.11,2090-9-18,0.0,0.52,26.6,0.0,0.0,0.0,0,4.822265625,6,45,05:40,20:21,2025-05-22 00:56:35.375804,Città della Scienza
2025-05-22T00:56:46Z,236,29.93,72.7,62,62.3,0,0,355,85,0.0,255,32767,0.11,2090-9-18,0.0,0.52,26.6,0.0,0.0,0.0,0,4.822265625,6,45,05:40,20:21,2025-05-22 00:56:46.454796,Città della Scienza
2025-05-22T00:56:57Z,236,29.93,72.7,62,62.3,0,0,355,85,0.0,255,32767,0.11,2090-9-18,0.0,0.52,26.6,0.0,0.0,0.0,0,4.822265625,6,45,05:40,20:21,2025-05-22 00:56:57.464792,Città della Scienza
2025-05-22T00:57:08Z,236,29.93,72.7,62,62.3,0,0,355,85,0.0,255,32767,0.11,2090-9-18,0.0,0.52,26.6,0.0,0.0,0.0,0,4.822265625,6,45,05:40,20:21,2025-05-22 00:57:08.503783,Città della Scienza
2025-05-22T00:57:19Z,236,29.93,72.7,62,62.3,0,0,355,85,0.0,255,32767,0.11,2090-9-18,0.0,0.52,26.6,0.0,0.0,0.0,0,4.822265625,6,45,05:40,20:21,2025-05-22 00:57:19.613805,Città della Scienza
2025-05-22T00:57:31Z,236,29.93,72.7,62,62.3,0,0,355,85,0.0,255,32767,0.11,2090-9-18,0.0,0.52,26.6,0.0,0.0,0.0,0,4.822265625,6,45,05:40,20:21,2025-05-22 00:57:30.802789,Città della Scienza
2025-05-22T00:57:42Z,236,29.932,72.7,62,62.3,0,0,355,85,0.0,255,32767,0.11,2090-9-18,0.0,0.52,26.6,0.0,0.0,0.0,0,4.822265625,6,45,05:40,20:21,2025-05-22 00:57:41.807795,Città della Scienza
2025-05-22T00:57:53Z,236,29.932,72.7,62,62.3,0,0,355,85,0.0,255,32767,0.11,2090-9-18,0.0,0.52,26.6,0.0,0.0,0.0,0,4.822265625,6,45,05:40,20:21,2025-05-22 00:57:52.882796,Città della Scienza
2025-05-22T00:58:04Z,236,29.932,72.7,62,62.3,0,0,355,85,0.0,255,32767,0.11,2090-9-18,0.0,0.52,26.6,0.0,0.0,0.0,0,4.822265625,6,45,05:40,20:21,2025-05-22 00:58:03.998795,Città della Scienza
2025-05-22T00:58:15Z,236,29.932,72.7,62,62.3,0,0,355,85,0.0,255,32767,0.11,2090-9-18,0.0,0.52,26.6,0.0,0.0,0.0,0,4.822265625,6,45,05:40,20:21,2025-05-22 00:58:15.013757,Città della Scienza
2025-05-22T00:58:26Z,236,29.932,72.7,62,62.3,0,0,355,85,0.0,255,32767,0.11,2090-9-18,0.0,0.52,26.6,0.0,0.0,0.0,0,4.822265625,6,45,05:40,20:21,2025-05-22 00:58:26.064787,Città della Scienza
2025-05-22T00:58:37Z,236,29.93,72.7,62,62.3,0,0,355,85,0.0,255,32767,0.11,2090-9-18,0.0,0.52,26.6,0.0,0.0,0.0,0,4.822265625,6,45,05:40,20:21,2025-05-22 00:58:37.103790,Città della Scienza
2025-05-22T00:58:48Z,236,29.93,72.7,62,62.3,0,0,355,85,0.0,255,32767,0.11,2090-9-18,0.0,0.52,26.6,0.0,0.0,0.0,0,4.822265625,6,45,05:40,20:21,2025-05-22 00:58:48.134794,Città della Scienza
2025-05-22T00:58:59Z,236,29.93,72.7,62,62.3,0,0,355,85,0.0,255,32767,0.11,2090-9-18,0.0,0.52,26.6,0.0,0.0,0.0,0,4.822265625,6,45,05:40,20:21,2025-05-22 00:58:59.168788,Città della Scienza
2025-05-22T00:59:10Z,236,29.93,72.7,62,62.3,0,0,355,85,0.0,255,32767,0.11,2090-9-18,0.0,0.52,26.6,0.0,0.0,0.0,0,4.822265625,6,45,05:40,20:21,2025-05-22 00:59:10.248801,Città della Scienza
2025-05-22T00:59:21Z,236,29.93,72.7,62,62.3,0,0,355,85,0.0,255,32767,0.11,2090-9-18,0.0,0.52,26.6,0.0,0.0,0.0,0,4.822265625,6,45,05:40,20:21,2025-05-22 00:59:21.304756,Città della Scienza
2025-05-22T00:59:32Z,236,29.932,72.7,62,62.3,0,0,355,85,0.0,255,32767,0.11,2090-9-18,0.0,0.52,26.6,0.0,0.0,0.0,0,4.822265625,6,45,05:40,20:21,2025-05-22 00:59:32.438793,Città della Scienza
2025-05-22T00:59:43Z,236,29.932,72.7,62,62.3,0,0,355,85,0.0,255,32767,0.11,2090-9-18,0.0,0.52,26.6,0.0,0.0,0.0,0,4.822265625,6,45,05:40,20:21,2025-05-22 00:59:43.502789,Città della Scienza
2025-05-22T00:59:54Z,236,29.932,72.7,62,62.3,0,0,355,85,0.0,255,32767,0.11,2090-9-18,0.0,0.52,26.6,0.0,0.0,0.0,0,4.822265625,6,45,05:40,20:21,2025-05-22 00:59:54.559783,Città della Scienza
2025-05-22T01:00:05Z,236,29.932,72.7,62,62.3,0,0,355,85,0.0,255,32767,0.11,2090-9-18,0.0,0.52,26.6,0.0,0.0,0.0,0,4.822265625,6,45,05:40,20:21,2025-05-22 01:00:05.564807,Città della Scienza,81.3,8.520207,7.4283547,8.252815,5.885039,EU EEA Common AQI,65.4,7.356299,5.135942,7200,9.771428,100,100,60.9,9.028571,Very Low,64.8,7.1231627,100,1747874700,Very Low,6.602252,8.832892,Very Low,9.731129,59.0,12.942857,100,1747874700,11.285714
2025-05-22T01:00:16Z,236,29.932,72.7,62,62.3,0,0,355,85,0.0,255,32767,0.11,2090-9-18,0.0,0.52,26.6,0.0,0.0,0.0,0,4.822265625,6,45,05:40,20:21,2025-05-22 01:00:16.668791,Città della Scienza,81.3,8.520207,7.4283547,8.252815,5.885039,EU EEA Common AQI,65.4,7.356299,5.135942,7200,9.771428,100,100,60.9,9.028571,Very Low,64.8,7.1231627,100,1747874700,Very Low,6.602252,8.832892,Very Low,9.731129,59.0,12.942857,100,1747874700,11.285714
2025-05-22T01:00:27Z,236,29.932,72.7,62,62.3,0,0,355,85,0.0,255,32767,0.11,2090-9-18,0.0,0.52,26.6,0.0,0.0,0.0,0,4.822265625,6,45,05:40,20:21,2025-05-22 01:00:27.769782,Città della Scienza,81.7,9.023964,7.4507904,8.962137,6.2574544,EU EEA Common AQI,65.5,7.8218184,5.1644583,7200,8.26087,100,100,61.0,8.231884,Very Low,64.9,7.589504,100,1747875600,Very Low,7.1697097,9.324189,Very Low,10.477354,59.2,12.086957,100,1747875600,10.289855
2025-05-22T01:00:39Z,236,29.932,72.7,62,62.3,0,0,355,85,0.0,255,32767,0.11,2090-9-18,0.0,0.52,26.6,0.0,0.0,0.0,0,4.822265625,6,45,05:40,20:21,2025-05-22 01:00:38.843788,Città della Scienza,81.7,9.023964,7.4507904,8.962137,6.2574544,EU EEA Common AQI,65.5,7.8218184,5.1644583,7200,8.26087,100,100,61.0,8.231884,Very Low,64.9,7.589504,100,1747875600,Very Low,7.1697097,9.324189,Very Low,10.477354,59.2,12.086957,100,1747875600,10.289855
2025-05-22T01:00:50Z,236,29.932,72.7,62,62.3,0,0,355,85,0.0,255,32767,0.11,2090-9-18,0.0,0.52,26.6,0.0,0.0,0.0,0,4.822265625,6,45,05:40,20:21,2025-05-22 01:00:49.978794,Città della Scienza,81.7,9.023964,7.4507904,8.962137,6.2574544,EU EEA Common AQI,65.5,7.8218184,5.1644583,7200,8.26087,100,100,61.0,8.231884,Very Low,64.9,7.589504,100,1747875600,Very Low,7.1697097,9.324189,Very Low,10.477354,59.2,12.086957,100,1747875600,10.289855
2025-05-22T01:01:01Z,236,29.932,72.7,62,62.3,0,0,355,85,0.0,255,32767,0.11,2090-9-18,0.0,0.52,26.6,0.0,0.0,0.0,0,4.822265625,6,45,05:40,20:21,2025-05-22 01:01:01.121754,Città della Scienza,81.7,9.023964,7.4507904,8.962137,6.2574544,EU EEA Common AQI,65.5,7.8218184,5.1644583,7200,8.26087,100,100,61.0,8.231884,Very Low,64.9,7.589504,100,1747875600,Very Low,7.1697097,9.324189,Very Low,10.477354,59.2,12.086957,100,1747875600,10.289855
2025-05-22T01:01:12Z,236,29.932,72.7,62,62.3,0,0,355,85,0.0,255,32767,0.11,2090-9-18,0.0,0.52,26.6,0.0,0.0,0.0,0,4.822265625,6,45,05:40,20:21,2025-05-22 01:01:12.204789,Città della Scienza,81.7,9.023964,7.4507904,8.962137,6.2574544,EU EEA Common AQI,65.5,7.8218184,5.1644583,7200,8.26087,100,100,61.0,8.231884,Very Low,64.9,7.589504,100,1747875600,Very Low,7.1697097,9.324189,Very Low,10.477354,59.2,12.086957,100,1747875600,10.289855
2025-05-22T01:01:23Z,236,29.932,72.7,62,62.3,0,0,355,85,0.0,255,32767,0.11,2090-9-18,0.0,0.52,26.6,0.0,0.0,0.0,0,4.822265625,6,45,05:40,20:21,2025-05-22 01:01:23.287783,Città della Scienza,81.7,9.023964,7.4507904,8.962137,6.2574544,EU EEA Common AQI,65.5,7.8218184,5.1644583,7200,8.26087,100,100,61.0,8.231884,Very Low,64.9,7.589504,100,1747875600,Very Low,7.1697097,9.324189,Very Low,10.477354,59.2,12.086957,100,1747875600,10.289855
2025-05-22T01:01:34Z,236,29.93,72.7,62,62.3,0,0,355,85,0.0,255,32767,0.11,2090-9-18,0.0,0.52,26.6,0.0,0.0,0.0,0,4.822265625,6,45,05:40,20:21,2025-05-22 01:01:34.350785,Città della Scienza,81.7,9.023964,7.4507904,8.962137,6.2574544,EU EEA Common AQI,65.5,7.8218184,5.1644583,7200,8.26087,100,100,61.0,8.231884,Very Low,64.9,7.589504,100,1747875600,Very Low,7.1697097,9.324189,Very Low,10.477354,59.2,12.086957,100,1747875600,10.289855
2025-05-22T01:01:45Z,236,29.93,72.7,62,62.3,0,0,355,85,0.0,255,32767,0.11,2090-9-18,0.0,0.52,26.6,0.0,0.0,0.0,0,4.822265625,6,45,05:40,20:21,2025-05-22 01:01:45.481792,Città della Scienza,81.7,9.023964,7.4507904,8.962137,6.2574544,EU EEA Common AQI,65.5,7.8218184,5.1644583,7200,8.26087,100,100,61.0,8.231884,Very Low,64.9,7.589504,100,1747875600,Very Low,7.1697097,9.324189,Very Low,10.477354,59.2,12.086957,100,1747875600,10.289855
2025-05-22T01:01:56Z,236,29.93,72.7,62,62.4,0,0,355,85,0.0,255,32767,0.11,2090-9-18,0.0,0.52,26.6,0.0,0.0,0.0,0,4.822265625,6,45,05:40,20:21,2025-05-22 01:01:56.542789,Città della Scienza,81.7,9.023964,7.4507904,8.962137,6.2574544,EU EEA Common AQI,65.5,7.8218184,5.1644583,7200,8.26087,100,100,61.0,8.231884,Very Low,64.9,7.589504,100,1747875600,Very Low,7.1697097,9.324189,Very Low,10.477354,59.2,12.086957,100,1747875600,10.289855
2025-05-22T01:02:07Z,236,29.93,72.7,62,62.3,0,0,355,85,0.0,255,32767,0.11,2090-9-18,0.0,0.52,26.6,0.0,0.0,0.0,0,4.822265625,6,45,05:40,20:21,2025-05-22 01:02:07.668801,Città della Scienza,81.7,9.023964,7.4507904,8.962137,6.2574544,EU EEA Common AQI,65.5,7.8218184,5.1644583,7200,8.26087,100,100,61.0,8.231884,Very Low,64.9,7.589504,100,1747875600,Very Low,7.1697097,9.324189,Very Low,10.477354,59.2,12.086957,100,1747875600,10.289855
2025-05-22T01:02:18Z,236,29.93,72.7,62,62.3,0,0,355,85,0.0,255,32767,0.11,2090-9-18,0.0,0.52,26.6,0.0,0.0,0.0,0,4.822265625,6,45,05:40,20:21,2025-05-22 01:02:18.748815,Città della Scienza,81.7,9.023964,7.4507904,8.962137,6.2574544,EU EEA Common AQI,65.5,7.8218184,5.1644583,7200,8.26087,100,100,61.0,8.231884,Very Low,64.9,7.589504,100,1747875600,Very Low,7.1697097,9.324189,Very Low,10.477354,59.2,12.086957,100,1747875600,10.289855
2025-05-22T01:02:30Z,236,29.93,72.7,62,62.3,0,0,355,85,0.0,255,32767,0.11,2090-9-18,0.0,0.52,26.6,0.0,0.0,0.0,0,4.822265625,6,45,05:40,20:21,2025-05-22 01:02:29.845794,Città della Scienza,81.7,9.023964,7.4507904,8.962137,6.2574544,EU EEA Common AQI,65.5,7.8218184,5.1644583,7200,8.26087,100,100,61.0,8.231884,Very Low,64.9,7.589504,100,1747875600,Very Low,7.1697097,9.324189,Very Low,10.477354,59.2,12.086957,100,1747875600,10.289855
2025-05-22T01:02:41Z,236,29.93,72.7,62,62.4,0,0,355,85,0.0,255,32767,0.11,2090-9-18,0.0,0.52,26.6,0.0,0.0,0.0,0,4.822265625,6,45,05:40,20:21,2025-05-22 01:02:40.967793,Città della Scienza,81.7,9.023964,7.4507904,8.962137,6.2574544,EU EEA Common AQI,65.5,7.8218184,5.1644583,7200,8.26087,100,100,61.0,8.231884,Very Low,64.9,7.589504,100,1747875600,Very Low,7.1697097,9.324189,Very Low,10.477354,59.2,12.086957,100,1747875600,10.289855
2025-05-22T01:02:52Z,236,29.93,72.7,62,62.4,0,0,355,85,0.0,255,32767,0.11,2090-9-18,0.0,0.52,26.6,0.0,0.0,0.0,0,4.822265625,6,45,05:40,20:21,2025-05-22 01:02:52.071791,Città della Scienza,81.7,9.023964,7.4507904,8.962137,6.2574544,EU EEA Common AQI,65.5,7.8218184,5.1644583,7200,8.26087,100,100,61.0,8.231884,Very Low,64.9,7.589504,100,1747875600,Very Low,7.1697097,9.324189,Very Low,10.477354,59.2,12.086957,100,1747875600,10.289855
2025-05-22T01:03:03Z,236,29.93,72.7,62,62.4,0,0,355,85,0.0,255,32767,0.11,2090-9-18,0.0,0.52,26.6,0.0,0.0,0.0,0,4.822265625,6,45,05:40,20:21,2025-05-22 01:03:03.158796,Città della Scienza,81.7,9.023964,7.4507904,8.962137,6.2574544,EU EEA Common AQI,65.5,7.8218184,5.1644583,7200,8.26087,100,100,61.0,8.231884,Very Low,64.9,7.589504,100,1747875600,Very Low,7.1697097,9.324189,Very Low,10.477354,59.2,12.086957,100,1747875600,10.289855
2025-05-22T01:03:14Z,236,29.93,72.7,62,62.4,0,0,355,85,0.0,255,32767,0.11,2090-9-18,0.0,0.52,26.6,0.0,0.0,0.0,0,4.822265625,6,45,05:40,20:21,2025-05-22 01:03:14.215794,Città della Scienza,81.7,9.023964,7.4507904,8.962137,6.2574544,EU EEA Common AQI,65.5,7.8218184,5.1644583,7200,8.26087,100,100,61.0,8.231884,Very Low,64.9,7.589504,100,1747875600,Very Low,7.1697097,9.324189,Very Low,10.477354,59.2,12.086957,100,1747875600,10.289855
2025-05-22T01:03:25Z,236,29.93,72.7,62,62.4,0,0,355,86,0.0,255,32767,0.11,2090-9-18,0.0,0.52,26.6,0.0,0.0,0.0,0,4.822265625,6,45,05:40,20:21,2025-05-22 01:03:25.311787,Città della Scienza,81.7,9.023964,7.4507904,8.962137,6.2574544,EU EEA Common AQI,65.5,7.8218184,5.1644583,7200,8.26087,100,100,61.0,8.231884,Very Low,64.9,7.589504,100,1747875600,Very Low,7.1697097,9.324189,Very Low,10.477354,59.2,12.086957,100,1747875600,10.289855
2025-05-22T01:03:36Z,236,29.93,72.7,63,62.4,0,0,355,86,0.0,255,32767,0.11,2090-9-18,0.0,0.52,26.6,0.0,0.0,0.0,0,4.822265625,6,45,05:40,20:21,2025-05-22 01:03:36.391796,Città della Scienza,81.7,9.023964,7.4507904,8.962137,6.2574544,EU EEA Common AQI,65.5,7.8218184,5.1644583,7200,8.26087,100,100,61.0,8.231884,Very Low,64.9,7.589504,100,1747875600,Very Low,7.1697097,9.324189,Very Low,10.477354,59.2,12.086957,100,1747875600,10.289855
2025-05-22T01:03:47Z,236,29.93,72.7,63,62.4,0,0,355,86,0.0,255,32767,0.11,2090-9-18,0.0,0.52,26.6,0.0,0.0,0.0,0,4.822265625,6,45,05:40,20:21,2025-05-22 01:03:47.444790,Città della Scienza,81.7,9.023964,7.4507904,8.962137,6.2574544,EU EEA Common AQI,65.5,7.8218184,5.1644583,7200,8.26087,100,100,61.0,8.231884,Very Low,64.9,7.589504,100,1747875600,Very Low,7.1697097,9.324189,Very Low,10.477354,59.2,12.086957,100,1747875600,10.289855
2025-05-22T01:03:58Z,236,29.93,72.7,63,62.4,0,0,355,86,0.0,255,32767,0.11,2090-9-18,0.0,0.52,26.6,0.0,0.0,0.0,0,4.822265625,6,45,05:40,20:21,2025-05-22 01:03:58.544785,Città della Scienza,81.7,9.023964,7.4507904,8.962137,6.2574544,EU EEA Common AQI,65.5,7.8218184,5.1644583,7200,8.26087,100,100,61.0,8.231884,Very Low,64.9,7.589504,100,1747875600,Very Low,7.1697097,9.324189,Very Low,10.477354,59.2,12.086957,100,1747875600,10.289855
2025-05-22T01:04:09Z,236,29.93,72.7,63,62.4,0,0,355,86,0.0,255,32767,0.11,2090-9-18,0.0,0.52,26.6,0.0,0.0,0.0,0,4.822265625,6,45,05:40,20:21,2025-05-22 01:04:09.609800,Città della Scienza,81.7,9.023964,7.4507904,8.962137,6.2574544,EU EEA Common AQI,65.5,7.8218184,5.1644583,7200,8.26087,100,100,61.0,8.231884,Very Low,64.9,7.589504,100,1747875600,Very Low,7.1697097,9.324189,Very Low,10.477354,59.2,12.086957,100,1747875600,10.289855
2025-05-22T01:04:20Z,236,29.93,72.7,63,62.4,0,0,355,86,0.0,255,32767,0.11,2090-9-18,0.0,0.52,26.6,0.0,0.0,0.0,0,4.822265625,6,45,05:40,20:21,2025-05-22 01:04:20.702789,Città della Scienza,81.7,9.023964,7.4507904,8.962137,6.2574544,EU EEA Common AQI,65.5,7.8218184,5.1644583,7200,8.26087,100,100,61.0,8.231884,Very Low,64.9,7.589504,100,1747875600,Very Low,7.1697097,9.324189,Very Low,10.477354,59.2,12.086957,100,1747875600,10.289855
2025-05-22T01:04:32Z,236,29.93,72.7,63,62.4,0,0,355,86,0.0,255,32767,0.11,2090-9-18,0.0,0.52,26.6,0.0,0.0,0.0,0,4.822265625,6,45,05:40,20:21,2025-05-22 01:04:31.820782,Città della Scienza,81.7,9.023964,7.4507904,8.962137,6.2574544,EU EEA Common AQI,65.5,7.8218184,5.1644583,7200,8.26087,100,100,61.0,8.231884,Very Low,64.9,7.589504,100,1747875600,Very Low,7.1697097,9.324189,Very Low,10.477354,59.2,12.086957,100,1747875600,10.289855
2025-05-22T01:04:43Z,236,29.927,72.7,63,62.5,0,0,355,86,0.0,255,32767,0.11,2090-9-18,0.0,0.52,26.6,0.0,0.0,0.0,0,4.822265625,6,45,05:40,20:21,2025-05-22 01:04:42.897750,Città della Scienza,81.7,9.023964,7.4507904,8.962137,6.2574544,EU EEA Common AQI,65.5,7.8218184,5.1644583,7200,8.26087,100,100,61.0,8.231884,Very Low,64.9,7.589504,100,1747875600,Very Low,7.1697097,9.324189,Very Low,10.477354,59.2,12.086957,100,1747875600,10.289855
2025-05-22T01:04:54Z,236,29.927,72.7,63,62.5,0,0,355,86,0.0,255,32767,0.11,2090-9-18,0.0,0.52,26.6,0.0,0.0,0.0,0,4.822265625,6,45,05:40,20:21,2025-05-22 01:04:53.983788,Città della Scienza,81.7,9.023964,7.4507904,8.962137,6.2574544,EU EEA Common AQI,65.5,7.8218184,5.1644583,7200,8.26087,100,100,61.0,8.231884,Very Low,64.9,7.589504,100,1747875600,Very Low,7.1697097,9.324189,Very Low,10.477354,59.2,12.086957,100,1747875600,10.289855
2025-05-22T01:05:05Z,236,29.927,72.7,63,62.5,0,0,355,86,0.0,255,32767,0.11,2090-9-18,0.0,0.52,26.6,0.0,0.0,0.0,0,4.822265625,6,45,05:40,20:21,2025-05-22 01:05:05.079782,Città della Scienza,81.7,9.023964,7.4507904,8.962137,6.2574544,EU EEA Common AQI,65.5,7.8218184,5.1644583,7200,8.26087,100,100,61.0,8.231884,Very Low,64.9,7.589504,100,1747875600,Very Low,7.1697097,9.324189,Very Low,10.477354,59.2,12.086957,100,1747875600,10.289855
2025-05-22T01:05:16Z,236,29.927,72.7,63,62.5,0,0,355,86,0.0,255,32767,0.11,2090-9-18,0.0,0.52,26.6,0.0,0.0,0.0,0,4.822265625,6,45,05:40,20:21,2025-05-22 01:05:16.153793,Città della Scienza,81.7,9.023964,7.4507904,8.962137,6.2574544,EU EEA Common AQI,65.5,7.8218184,5.1644583,7200,8.26087,100,100,61.0,8.231884,Very Low,64.9,7.589504,100,1747875600,Very Low,7.1697097,9.324189,Very Low,10.477354,59.2,12.086957,100,1747875600,10.289855
2025-05-22T01:05:27Z,236,29.927,72.7,63,62.5,0,0,355,86,0.0,255,32767,0.11,2090-9-18,0.0,0.52,26.6,0.0,0.0,0.0,0,4.822265625,6,45,05:40,20:21,2025-05-22 01:05:27.178748,Città della Scienza,81.7,9.023964,7.4507904,8.962137,6.2574544,EU EEA Common AQI,65.5,7.8218184,5.1644583,7200,8.26087,100,100,61.0,8.231884,Very Low,64.9,7.589504,100,1747875600,Very Low,7.1697097,9.324189,Very Low,10.477354,59.2,12.086957,100,1747875600,10.289855
2025-05-22T01:05:38Z,236,29.929,72.7,63,62.5,0,0,355,86,0.0,255,32767,0.11,2090-9-18,0.0,0.52,26.6,0.0,0.0,0.0,0,4.822265625,6,45,05:40,20:21,2025-05-22 01:05:38.277785,Città della Scienza,81.7,9.023964,7.4507904,8.962137,6.2574544,EU EEA Common AQI,65.5,7.8218184,5.1644583,7200,8.26087,100,100,61.0,8.231884,Very Low,64.9,7.589504,100,1747875600,Very Low,7.1697097,9.324189,Very Low,10.477354,59.2,12.086957,100,1747875600,10.289855
2025-05-22T01:05:49Z,236,29.929,72.7,63,62.5,0,0,355,86,0.0,255,32767,0.11,2090-9-18,0.0,0.52,26.6,0.0,0.0,0.0,0,4.822265625,6,45,05:40,20:21,2025-05-22 01:05:49.395779,Città della Scienza,81.7,9.023964,7.4507904,8.962137,6.2574544,EU EEA Common AQI,65.5,7.8218184,5.1644583,7200,8.26087,100,100,61.0,8.231884,Very Low,64.9,7.589504,100,1747875600,Very Low,7.1697097,9.324189,Very Low,10.477354,59.2,12.086957,100,1747875600,10.289855
2025-05-22T01:06:00Z,236,29.929,72.7,63,62.6,0,0,355,86,0.0,255,32767,0.11,2090-9-18,0.0,0.52,26.6,0.0,0.0,0.0,0,4.822265625,6,45,05:40,20:21,2025-05-22 01:06:00.513795,Città della Scienza,81.7,9.023964,7.4507904,8.962137,6.2574544,EU EEA Common AQI,65.5,7.8218184,5.1644583,7200,8.26087,100,100,61.0,8.231884,Very Low,64.9,7.589504,100,1747875600,Very Low,7.1697097,9.324189,Very Low,10.477354,59.2,12.086957,100,1747875600,10.289855
2025-05-22T01:06:11Z,236,29.929,72.7,63,62.6,0,0,355,86,0.0,255,32767,0.11,2090-9-18,0.0,0.52,26.6,0.0,0.0,0.0,0,4.822265625,6,45,05:40,20:21,2025-05-22 01:06:11.623795,Città della Scienza,81.7,9.023964,7.4507904,8.962137,6.2574544,EU EEA Common AQI,65.5,7.8218184,5.1644583,7200,8.26087,100,100,61.0,8.231884,Very Low,64.9,7.589504,100,1747875600,Very Low,7.1697097,9.324189,Very Low,10.477354,59.2,12.086957,100,1747875600,10.289855
2025-05-22T01:06:22Z,236,29.929,72.7,63,62.6,0,0,355,86,0.0,255,32767,0.11,2090-9-18,0.0,0.52,26.6,0.0,0.0,0.0,0,4.822265625,6,45,05:40,20:21,2025-05-22 01:06:22.688754,Città della Scienza,81.7,9.023964,7.4507904,8.962137,6.2574544,EU EEA Common AQI,65.5,7.8218184,5.1644583,7200,8.26087,100,100,61.0,8.231884,Very Low,64.9,7.589504,100,1747875600,Very Low,7.1697097,9.324189,Very Low,10.477354,59.2,12.086957,100,1747875600,10.289855
2025-05-22T01:06:33Z,236,29.928,72.7,62,62.6,0,0,355,86,0.0,255,32767,0.11,2090-9-18,0.0,0.52,26.6,0.0,0.0,0.0,0,4.822265625,6,45,05:40,20:21,2025-05-22 01:06:33.787787,Città della Scienza,81.7,9.023964,7.4507904,8.962137,6.2574544,EU EEA Common AQI,65.5,7.8218184,5.1644583,7200,8.26087,100,100,61.0,8.231884,Very Low,64.9,7.589504,100,1747875600,Very Low,7.1697097,9.324189,Very Low,10.477354,59.2,12.086957,100,1747875600,10.289855
2025-05-22T01:06:45Z,236,29.928,72.7,62,62.6,0,0,355,86,0.0,255,32767,0.11,2090-9-18,0.0,0.52,26.6,0.0,0.0,0.0,0,4.822265625,6,45,05:40,20:21,2025-05-22 01:06:44.836789,Città della Scienza,81.7,9.023964,7.4507904,8.962137,6.2574544,EU EEA Common AQI,65.5,7.8218184,5.1644583,7200,8.26087,100,100,61.0,8.231884,Very Low,64.9,7.589504,100,1747875600,Very Low,7.1697097,9.324189,Very Low,10.477354,59.2,12.086957,100,1747875600,10.289855
2025-05-22T01:06:56Z,236,29.928,72.7,62,62.5,0,0,355,86,0.0,255,32767,0.11,2090-9-18,0.0,0.52,26.6,0.0,0.0,0.0,0,4.822265625,6,45,05:40,20:21,2025-05-22 01:06:55.960791,Città della Scienza,81.7,9.023964,7.4507904,8.962137,6.2574544,EU EEA Common AQI,65.5,7.8218184,5.1644583,7200,8.26087,100,100,61.0,8.231884,Very Low,64.9,7.589504,100,1747875600,Very Low,7.1697097,9.324189,Very Low,10.477354,59.2,12.086957,100,1747875600,10.289855
2025-05-22T01:07:07Z,236,29.928,72.7,62,62.5,0,0,355,86,0.0,255,32767,0.11,2090-9-18,0.0,0.52,26.6,0.0,0.0,0.0,0,4.822265625,6,45,05:40,20:21,2025-05-22 01:07:07.049797,Città della Scienza,81.7,9.023964,7.4507904,8.962137,6.2574544,EU EEA Common AQI,65.5,7.8218184,5.1644583,7200,8.26087,100,100,61.0,8.231884,Very Low,64.9,7.589504,100,1747875600,Very Low,7.1697097,9.324189,Very Low,10.477354,59.2,12.086957,100,1747875600,10.289855
2025-05-22T01:07:18Z,236,29.928,72.7,62,62.6,0,0,355,86,0.0,255,32767,0.11,2090-9-18,0.0,0.52,26.6,0.0,0.0,0.0,0,4.822265625,6,45,05:40,20:21,2025-05-22 01:07:18.096786,Città della Scienza,81.7,9.023964,7.4507904,8.962137,6.2574544,EU EEA Common AQI,65.5,7.8218184,5.1644583,7200,8.26087,100,100,61.0,8.231884,Very Low,64.9,7.589504,100,1747875600,Very Low,7.1697097,9.324189,Very Low,10.477354,59.2,12.086957,100,1747875600,10.289855
2025-05-22T01:07:29Z,236,29.928,72.7,62,62.6,0,0,355,86,0.0,255,32767,0.11,2090-9-18,0.0,0.52,26.6,0.0,0.0,0.0,0,4.822265625,6,45,05:40,20:21,2025-05-22 01:07:29.187791,Città della Scienza,81.7,9.023964,7.4507904,8.962137,6.2574544,EU EEA Common AQI,65.5,7.8218184,5.1644583,7200,8.26087,100,100,61.0,8.231884,Very Low,64.9,7.589504,100,1747875600,Very Low,7.1697097,9.324189,Very Low,10.477354,59.2,12.086957,100,1747875600,10.289855
2025-05-22T01:07:40Z,236,29.928,72.7,63,62.6,0,0,355,86,0.0,255,32767,0.11,2090-9-18,0.0,0.52,26.6,0.0,0.0,0.0,0,4.822265625,6,45,05:40,20:21,2025-05-22 01:07:40.238758,Città della Scienza,81.7,9.023964,7.4507904,8.962137,6.2574544,EU EEA Common AQI,65.5,7.8218184,5.1644583,7200,8.26087,100,100,61.0,8.231884,Very Low,64.9,7.589504,100,1747875600,Very Low,7.1697097,9.324189,Very Low,10.477354,59.2,12.086957,100,1747875600,10.289855
2025-05-22T01:07:51Z,236,29.928,72.7,63,62.6,0,0,355,86,0.0,255,32767,0.11,2090-9-18,0.0,0.52,26.6,0.0,0.0,0.0,0,4.822265625,6,45,05:40,20:21,2025-05-22 01:07:51.343786,Città della Scienza,81.7,9.023964,7.4507904,8.962137,6.2574544,EU EEA Common AQI,65.5,7.8218184,5.1644583,7200,8.26087,100,100,61.0,8.231884,Very Low,64.9,7.589504,100,1747875600,Very Low,7.1697097,9.324189,Very Low,10.477354,59.2,12.086957,100,1747875600,10.289855
2025-05-22T01:08:02Z,236,29.928,72.7,63,62.6,0,0,355,86,0.0,255,32767,0.11,2090-9-18,0.0,0.52,26.6,0.0,0.0,0.0,0,4.822265625,6,45,05:40,20:21,2025-05-22 01:08:02.409788,Città della Scienza,81.7,9.023964,7.4507904,8.962137,6.2574544,EU EEA Common AQI,65.5,7.8218184,5.1644583,7200,8.26087,100,100,61.0,8.231884,Very Low,64.9,7.589504,100,1747875600,Very Low,7.1697097,9.324189,Very Low,10.477354,59.2,12.086957,100,1747875600,10.289855
2025-05-22T01:08:13Z,236,29.928,72.7,63,62.6,0,0,355,86,0.0,255,32767,0.11,2090-9-18,0.0,0.52,26.6,0.0,0.0,0.0,0,4.822265625,6,45,05:40,20:21,2025-05-22 01:08:13.543786,Città della Scienza,81.7,9.023964,7.4507904,8.962137,6.2574544,EU EEA Common AQI,65.5,7.8218184,5.1644583,7200,8.26087,100,100,61.0,8.231884,Very Low,64.9,7.589504,100,1747875600,Very Low,7.1697097,9.324189,Very Low,10.477354,59.2,12.086957,100,1747875600,10.289855
2025-05-22T01:08:24Z,236,29.928,72.7,63,62.7,0,0,355,86,0.0,255,32767,0.11,2090-9-18,0.0,0.52,26.6,0.0,0.0,0.0,0,4.822265625,6,45,05:40,20:21,2025-05-22 01:08:24.563823,Città della Scienza,81.7,9.023964,7.4507904,8.962137,6.2574544,EU EEA Common AQI,65.5,7.8218184,5.1644583,7200,8.26087,100,100,61.0,8.231884,Very Low,64.9,7.589504,100,1747875600,Very Low,7.1697097,9.324189,Very Low,10.477354,59.2,12.086957,100,1747875600,10.289855
2025-05-22T01:08:35Z,236,29.927,72.7,63,62.7,0,0,355,86,0.0,255,32767,0.11,2090-9-18,0.0,0.52,26.6,0.0,0.0,0.0,0,4.822265625,6,45,05:40,20:21,2025-05-22 01:08:35.640794,Città della Scienza,81.7,9.023964,7.4507904,8.962137,6.2574544,EU EEA Common AQI,65.5,7.8218184,5.1644583,7200,8.26087,100,100,61.0,8.231884,Very Low,64.9,7.589504,100,1747875600,Very Low,7.1697097,9.324189,Very Low,10.477354,59.2,12.086957,100,1747875600,10.289855
2025-05-22T01:08:46Z,236,29.927,72.7,63,62.7,0,0,355,86,0.0,255,32767,0.11,2090-9-18,0.0,0.52,26.6,0.0,0.0,0.0,0,4.822265625,6,45,05:40,20:21,2025-05-22 01:08:46.744796,Città della Scienza,81.7,9.023964,7.4507904,8.962137,6.2574544,EU EEA Common AQI,65.5,7.8218184,5.1644583,7200,8.26087,100,100,61.0,8.231884,Very Low,64.9,7.589504,100,1747875600,Very Low,7.1697097,9.324189,Very Low,10.477354,59.2,12.086957,100,1747875600,10.289855
2025-05-22T01:08:58Z,236,29.927,72.7,63,62.7,0,0,355,86,0.0,255,32767,0.11,2090-9-18,0.0,0.52,26.6,0.0,0.0,0.0,0,4.822265625,6,45,05:40,20:21,2025-05-22 01:08:57.872799,Città della Scienza,81.7,9.023964,7.4507904,8.962137,6.2574544,EU EEA Common AQI,65.5,7.8218184,5.1644583,7200,8.26087,100,100,61.0,8.231884,Very Low,64.9,7.589504,100,1747875600,Very Low,7.1697097,9.324189,Very Low,10.477354,59.2,12.086957,100,1747875600,10.289855
2025-05-22T01:09:09Z,236,29.927,72.7,63,62.7,0,0,355,86,0.0,255,32767,0.11,2090-9-18,0.0,0.52,26.6,0.0,0.0,0.0,0,4.822265625,6,45,05:40,20:21,2025-05-22 01:09:08.951435,Città della Scienza,81.7,9.023964,7.4507904,8.962137,6.2574544,EU EEA Common AQI,65.5,7.8218184,5.1644583,7200,8.26087,100,100,61.0,8.231884,Very Low,64.9,7.589504,100,1747875600,Very Low,7.1697097,9.324189,Very Low,10.477354,59.2,12.086957,100,1747875600,10.289855
2025-05-22T01:09:20Z,236,29.927,72.7,63,62.7,1,0,240,86,0.0,255,32767,0.11,2090-9-18,0.0,0.52,26.6,0.0,0.0,0.0,0,4.822265625,6,45,05:40,20:21,2025-05-22 01:09:20.021792,Città della Scienza,81.7,9.023964,7.4507904,8.962137,6.2574544,EU EEA Common AQI,65.5,7.8218184,5.1644583,7200,8.26087,100,100,61.0,8.231884,Very Low,64.9,7.589504,100,1747875600,Very Low,7.1697097,9.324189,Very Low,10.477354,59.2,12.086957,100,1747875600,10.289855
2025-05-22T01:09:31Z,236,29.927,72.7,63,62.7,1,0,224,86,0.0,255,32767,0.11,2090-9-18,0.0,0.52,26.6,0.0,0.0,0.0,0,4.822265625,6,45,05:40,20:21,2025-05-22 01:09:31.095796,Città della Scienza,81.7,9.023964,7.4507904,8.962137,6.2574544,EU EEA Common AQI,65.5,7.8218184,5.1644583,7200,8.26087,100,100,61.0,8.231884,Very Low,64.9,7.589504,100,1747875600,Very Low,7.1697097,9.324189,Very Low,10.477354,59.2,12.086957,100,1747875600,10.289855
2025-05-22T01:09:42Z,236,29.927,72.7,62,62.7,2,0,224,86,0.0,255,32767,0.11,2090-9-18,0.0,0.52,26.6,0.0,0.0,0.0,0,4.822265625,6,45,05:40,20:21,2025-05-22 01:09:42.226778,Città della Scienza,81.7,9.023964,7.4507904,8.962137,6.2574544,EU EEA Common AQI,65.5,7.8218184,5.1644583,7200,8.26087,100,100,61.0,8.231884,Very Low,64.9,7.589504,100,1747875600,Very Low,7.1697097,9.324189,Very Low,10.477354,59.2,12.086957,100,1747875600,10.289855
2025-05-22T01:09:53Z,236,29.927,72.7,62,62.7,3,0,238,86,0.0,255,32767,0.11,2090-9-18,0.0,0.52,26.6,0.0,0.0,0.0,0,4.822265625,6,45,05:40,20:21,2025-05-22 01:09:53.302790,Città della Scienza,81.7,9.023964,7.4507904,8.962137,6.2574544,EU EEA Common AQI,65.5,7.8218184,5.1644583,7200,8.26087,100,100,61.0,8.231884,Very Low,64.9,7.589504,100,1747875600,Very Low,7.1697097,9.324189,Very Low,10.477354,59.2,12.086957,100,1747875600,10.289855
2025-05-22T01:10:04Z,236,29.927,72.7,62,62.8,4,0,215,86,0.0,255,32767,0.11,2090-9-18,0.0,0.52,26.6,0.0,0.0,0.0,0,4.822265625,6,45,05:40,20:21,2025-05-22 01:10:04.404788,Città della Scienza,81.7,9.023964,7.4507904,8.962137,6.2574544,EU EEA Common AQI,65.5,7.8218184,5.1644583,7200,8.26087,100,100,61.0,8.231884,Very Low,64.9,7.589504,100,1747875600,Very Low,7.1697097,9.324189,Very Low,10.477354,59.2,12.086957,100,1747875600,10.289855
2025-05-22T01:10:15Z,236,29.927,72.7,62,62.8,3,0,207,86,0.0,255,32767,0.11,2090-9-18,0.0,0.52,26.6,0.0,0.0,0.0,0,4.822265625,6,45,05:40,20:21,2025-05-22 01:10:15.433783,Città della Scienza,81.7,9.023964,7.4507904,8.962137,6.2574544,EU EEA Common AQI,65.5,7.8218184,5.1644583,7200,8.26087,100,100,61.0,8.231884,Very Low,64.9,7.589504,100,1747875600,Very Low,7.1697097,9.324189,Very Low,10.477354,59.2,12.086957,100,1747875600,10.289855
2025-05-22T01:10:26Z,236,29.927,72.7,62,62.9,2,0,205,86,0.0,255,32767,0.11,2090-9-18,0.0,0.52,26.6,0.0,0.0,0.0,0,4.822265625,6,45,05:40,20:21,2025-05-22 01:10:26.477809,Città della Scienza,81.7,9.023964,7.4507904,8.962137,6.2574544,EU EEA Common AQI,65.5,7.8218184,5.1644583,7200,8.26087,100,100,61.0,8.231884,Very Low,64.9,7.589504,100,1747875600,Very Low,7.1697097,9.324189,Very Low,10.477354,59.2,12.086957,100,1747875600,10.289855
2025-05-22T01:10:37Z,236,29.928,72.7,62,62.9,1,0,218,86,0.0,255,32767,0.11,2090-9-18,0.0,0.52,26.6,0.0,0.0,0.0,0,4.822265625,6,45,05:40,20:21,2025-05-22 01:10:37.555781,Città della Scienza,81.7,9.023964,7.4507904,8.962137,6.2574544,EU EEA Common AQI,65.5,7.8218184,5.1644583,7200,8.26087,100,100,61.0,8.231884,Very Low,64.9,7.589504,100,1747875600,Very Low,7.1697097,9.324189,Very Low,10.477354,59.2,12.086957,100,1747875600,10.289855
2025-05-22T01:10:48Z,236,29.928,72.7,62,62.9,3,0,225,86,0.0,255,32767,0.11,2090-9-18,0.0,0.52,26.6,0.0,0.0,0.0,0,4.822265625,6,45,05:40,20:21,2025-05-22 01:10:48.608789,Città della Scienza,81.7,9.023964,7.4507904,8.962137,6.2574544,EU EEA Common AQI,65.5,7.8218184,5.1644583,7200,8.26087,100,100,61.0,8.231884,Very Low,64.9,7.589504,100,1747875600,Very Low,7.1697097,9.324189,Very Low,10.477354,59.2,12.086957,100,1747875600,10.289855
2025-05-22T01:10:59Z,236,29.928,72.7,62,62.9,2,0,225,86,0.0,255,32767,0.11,2090-9-18,0.0,0.52,26.6,0.0,0.0,0.0,0,4.822265625,6,45,05:40,20:21,2025-05-22 01:10:59.692788,Città della Scienza,81.7,9.023964,7.4507904,8.962137,6.2574544,EU EEA Common AQI,65.5,7.8218184,5.1644583,7200,8.26087,100,100,61.0,8.231884,Very Low,64.9,7.589504,100,1747875600,Very Low,7.1697097,9.324189,Very Low,10.477354,59.2,12.086957,100,1747875600,10.289855
2025-05-22T01:11:11Z,236,29.928,72.7,62,62.9,3,0,211,86,0.0,255,32767,0.11,2090-9-18,0.0,0.52,26.6,0.0,0.0,0.0,0,4.822265625,6,45,05:40,20:21,2025-05-22 01:11:10.844797,Città della Scienza,81.7,9.023964,7.4507904,8.962137,6.2574544,EU EEA Common AQI,65.5,7.8218184,5.1644583,7200,8.26087,100,100,61.0,8.231884,Very Low,64.9,7.589504,100,1747875600,Very Low,7.1697097,9.324189,Very Low,10.477354,59.2,12.086957,100,1747875600,10.289855
2025-05-22T01:11:22Z,236,29.928,72.7,62,63.0,2,0,225,86,0.0,255,32767,0.11,2090-9-18,0.0,0.52,26.6,0.0,0.0,0.0,0,4.822265625,6,45,05:40,20:21,2025-05-22 01:11:21.913790,Città della Scienza,81.7,9.023964,7.4507904,8.962137,6.2574544,EU EEA Common AQI,65.5,7.8218184,5.1644583,7200,8.26087,100,100,61.0,8.231884,Very Low,64.9,7.589504,100,1747875600,Very Low,7.1697097,9.324189,Very Low,10.477354,59.2,12.086957,100,1747875600,10.289855
2025-05-22T01:11:33Z,236,29.927,72.7,62,63.0,3,0,224,86,0.0,255,32767,0.11,2090-9-18,0.0,0.52,26.6,0.0,0.0,0.0,0,4.822265625,6,45,05:40,20:21,2025-05-22 01:11:33.051785,Città della Scienza,81.7,9.023964,7.4507904,8.962137,6.2574544,EU EEA Common AQI,65.5,7.8218184,5.1644583,7200,8.26087,100,100,61.0,8.231884,Very Low,64.9,7.589504,100,1747875600,Very Low,7.1697097,9.324189,Very Low,10.477354,59.2,12.086957,100,1747875600,10.289855
2025-05-22T01:11:44Z,236,29.927,72.7,62,63.0,4,0,230,86,0.0,255,32767,0.11,2090-9-18,0.0,0.52,26.6,0.0,0.0,0.0,0,4.822265625,6,45,05:40,20:21,2025-05-22 01:11:44.104779,Città della Scienza,81.7,9.023964,7.4507904,8.962137,6.2574544,EU EEA Common AQI,65.5,7.8218184,5.1644583,7200,8.26087,100,100,61.0,8.231884,Very Low,64.9,7.589504,100,1747875600,Very Low,7.1697097,9.324189,Very Low,10.477354,59.2,12.086957,100,1747875600,10.289855
2025-05-22T01:11:55Z,236,29.927,72.7,62,63.1,4,0,235,86,0.0,255,32767,0.11,2090-9-18,0.0,0.52,26.6,0.0,0.0,0.0,0,4.822265625,6,45,05:40,20:21,2025-05-22 01:11:55.169800,Città della Scienza,81.7,9.023964,7.4507904,8.962137,6.2574544,EU EEA Common AQI,65.5,7.8218184,5.1644583,7200,8.26087,100,100,61.0,8.231884,Very Low,64.9,7.589504,100,1747875600,Very Low,7.1697097,9.324189,Very Low,10.477354,59.2,12.086957,100,1747875600,10.289855
2025-05-22T01:12:06Z,236,29.927,72.7,62,63.1,3,0,235,86,0.0,255,32767,0.11,2090-9-18,0.0,0.52,26.6,0.0,0.0,0.0,0,4.822265625,6,45,05:40,20:21,2025-05-22 01:12:06.246787,Città della Scienza,81.7,9.023964,7.4507904,8.962137,6.2574544,EU EEA Common AQI,65.5,7.8218184,5.1644583,7200,8.26087,100,100,61.0,8.231884,Very Low,64.9,7.589504,100,1747875600,Very Low,7.1697097,9.324189,Very Low,10.477354,59.2,12.086957,100,1747875600,10.289855
2025-05-22T01:12:17Z,236,29.927,72.7,62,63.1,3,0,230,86,0.0,255,32767,0.11,2090-9-18,0.0,0.52,26.6,0.0,0.0,0.0,0,4.822265625,6,45,05:40,20:21,2025-05-22 01:12:17.323804,Città della Scienza,81.7,9.023964,7.4507904,8.962137,6.2574544,EU EEA Common AQI,65.5,7.8218184,5.1644583,7200,8.26087,100,100,61.0,8.231884,Very Low,64.9,7.589504,100,1747875600,Very Low,7.1697097,9.324189,Very Low,10.477354,59.2,12.086957,100,1747875600,10.289855
2025-05-22T01:12:28Z,236,29.927,72.7,62,63.1,2,0,229,86,0.0,255,32767,0.11,2090-9-18,0.0,0.52,26.6,0.0,0.0,0.0,0,4.822265625,6,45,05:40,20:21,2025-05-22 01:12:28.386798,Città della Scienza,81.7,9.023964,7.4507904,8.962137,6.2574544,EU EEA Common AQI,65.5,7.8218184,5.1644583,7200,8.26087,100,100,61.0,8.231884,Very Low,64.9,7.589504,100,1747875600,Very Low,7.1697097,9.324189,Very Low,10.477354,59.2,12.086957,100,1747875600,10.289855
2025-05-22T01:12:39Z,236,29.927,72.7,63,63.1,2,1,229,86,0.0,255,32767,0.11,2090-9-18,0.0,0.52,26.6,0.0,0.0,0.0,0,4.822265625,6,45,05:40,20:21,2025-05-22 01:12:39.510775,Città della Scienza,81.7,9.023964,7.4507904,8.962137,6.2574544,EU EEA Common AQI,65.5,7.8218184,5.1644583,7200,8.26087,100,100,61.0,8.231884,Very Low,64.9,7.589504,100,1747875600,Very Low,7.1697097,9.324189,Very Low,10.477354,59.2,12.086957,100,1747875600,10.289855
2025-05-22T01:12:50Z,236,29.927,72.7,63,63.1,2,1,220,86,0.0,255,32767,0.11,2090-9-18,0.0,0.52,26.6,0.0,0.0,0.0,0,4.822265625,6,45,05:40,20:21,2025-05-22 01:12:50.625792,Città della Scienza,81.7,9.023964,7.4507904,8.962137,6.2574544,EU EEA Common AQI,65.5,7.8218184,5.1644583,7200,8.26087,100,100,61.0,8.231884,Very Low,64.9,7.589504,100,1747875600,Very Low,7.1697097,9.324189,Very Low,10.477354,59.2,12.086957,100,1747875600,10.289855
2025-05-22T01:13:01Z,236,29.927,72.7,63,63.2,2,1,220,86,0.0,255,32767,0.11,2090-9-18,0.0,0.52,26.6,0.0,0.0,0.0,0,4.822265625,6,45,05:40,20:21,2025-05-22 01:13:01.703802,Città della Scienza,81.7,9.023964,7.4507904,8.962137,6.2574544,EU EEA Common AQI,65.5,7.8218184,5.1644583,7200,8.26087,100,100,61.0,8.231884,Very Low,64.9,7.589504,100,1747875600,Very Low,7.1697097,9.324189,Very Low,10.477354,59.2,12.086957,100,1747875600,10.289855
2025-05-22T01:13:13Z,236,29.927,72.7,63,63.2,2,1,220,86,0.0,255,32767,0.11,2090-9-18,0.0,0.52,26.6,0.0,0.0,0.0,0,4.822265625,6,45,05:40,20:21,2025-05-22 01:13:12.822791,Città della Scienza,81.7,9.023964,7.4507904,8.962137,6.2574544,EU EEA Common AQI,65.5,7.8218184,5.1644583,7200,8.26087,100,100,61.0,8.231884,Very Low,64.9,7.589504,100,1747875600,Very Low,7.1697097,9.324189,Very Low,10.477354,59.2,12.086957,100,1747875600,10.289855
2025-05-22T01:13:24Z,236,29.927,72.7,63,63.3,2,1,220,86,0.0,255,32767,0.11,2090-9-18,0.0,0.52,26.6,0.0,0.0,0.0,0,4.822265625,6,45,05:40,20:21,2025-05-22 01:13:23.895785,Città della Scienza,81.7,9.023964,7.4507904,8.962137,6.2574544,EU EEA Common AQI,65.5,7.8218184,5.1644583,7200,8.26087,100,100,61.0,8.231884,Very Low,64.9,7.589504,100,1747875600,Very Low,7.1697097,9.324189,Very Low,10.477354,59.2,12.086957,100,1747875600,10.289855
2025-05-22T01:13:35Z,236,29.928,72.7,62,63.2,1,1,220,86,0.0,255,32767,0.11,2090-9-18,0.0,0.52,26.6,0.0,0.0,0.0,0,4.822265625,6,45,05:40,20:21,2025-05-22 01:13:34.970792,Città della Scienza,81.7,9.023964,7.4507904,8.962137,6.2574544,EU EEA Common AQI,65.5,7.8218184,5.1644583,7200,8.26087,100,100,61.0,8.231884,Very Low,64.9,7.589504,100,1747875600,Very Low,7.1697097,9.324189,Very Low,10.477354,59.2,12.086957,100,1747875600,10.289855
2025-05-22T01:13:46Z,236,29.928,72.7,62,63.2,0,1,220,86,0.0,255,32767,0.11,2090-9-18,0.0,0.52,26.6,0.0,0.0,0.0,0,4.822265625,6,45,05:40,20:21,2025-05-22 01:13:46.096793,Città della Scienza,81.7,9.023964,7.4507904,8.962137,6.2574544,EU EEA Common AQI,65.5,7.8218184,5.1644583,7200,8.26087,100,100,61.0,8.231884,Very Low,64.9,7.589504,100,1747875600,Very Low,7.1697097,9.324189,Very Low,10.477354,59.2,12.086957,100,1747875600,10.289855
2025-05-22T01:13:57Z,236,29.928,72.7,62,63.3,1,1,220,86,0.0,255,32767,0.11,2090-9-18,0.0,0.52,26.6,0.0,0.0,0.0,0,4.822265625,6,45,05:40,20:21,2025-05-22 01:13:57.199788,Città della Scienza,81.7,9.023964,7.4507904,8.962137,6.2574544,EU EEA Common AQI,65.5,7.8218184,5.1644583,7200,8.26087,100,100,61.0,8.231884,Very Low,64.9,7.589504,100,1747875600,Very Low,7.1697097,9.324189,Very Low,10.477354,59.2,12.086957,100,1747875600,10.289855
2025-05-22T01:14:08Z,236,29.928,72.7,62,63.3,2,1,220,86,0.0,255,32767,0.11,2090-9-18,0.0,0.52,26.6,0.0,0.0,0.0,0,4.822265625,6,45,05:40,20:21,2025-05-22 01:14:08.512790,Città della Scienza,81.7,9.023964,7.4507904,8.962137,6.2574544,EU EEA Common AQI,65.5,7.8218184,5.1644583,7200,8.26087,100,100,61.0,8.231884,Very Low,64.9,7.589504,100,1747875600,Very Low,7.1697097,9.324189,Very Low,10.477354,59.2,12.086957,100,1747875600,10.289855
2025-05-22T01:14:19Z,236,29.928,72.7,62,63.3,1,1,220,86,0.0,255,32767,0.11,2090-9-18,0.0,0.52,26.6,0.0,0.0,0.0,0,4.822265625,6,45,05:40,20:21,2025-05-22 01:14:19.627799,Città della Scienza,81.7,9.023964,7.4507904,8.962137,6.2574544,EU EEA Common AQI,65.5,7.8218184,5.1644583,7200,8.26087,100,100,61.0,8.231884,Very Low,64.9,7.589504,100,1747875600,Very Low,7.1697097,9.324189,Very Low,10.477354,59.2,12.086957,100,1747875600,10.289855
2025-05-22T01:14:30Z,236,29.928,72.7,62,63.3,1,1,220,86,0.0,255,32767,0.11,2090-9-18,0.0,0.52,26.6,0.0,0.0,0.0,0,4.822265625,6,45,05:40,20:21,2025-05-22 01:14:30.725796,Città della Scienza,81.7,9.023964,7.4507904,8.962137,6.2574544,EU EEA Common AQI,65.5,7.8218184,5.1644583,7200,8.26087,100,100,61.0,8.231884,Very Low,64.9,7.589504,100,1747875600,Very Low,7.1697097,9.324189,Very Low,10.477354,59.2,12.086957,100,1747875600,10.289855
2025-05-22T01:14:42Z,236,29.926,72.8,62,63.3,0,1,220,86,0.0,255,32767,0.11,2090-9-18,0.0,0.52,26.6,0.0,0.0,0.0,0,4.822265625,6,45,05:40,20:21,2025-05-22 01:14:41.824776,Città della Scienza,81.7,9.023964,7.4507904,8.962137,6.2574544,EU EEA Common AQI,65.5,7.8218184,5.1644583,7200,8.26087,100,100,61.0,8.231884,Very Low,64.9,7.589504,100,1747875600,Very Low,7.1697097,9.324189,Very Low,10.477354,59.2,12.086957,100,1747875600,10.289855
2025-05-22T01:14:53Z,236,29.926,72.8,62,63.4,1,1,220,86,0.0,255,32767,0.11,2090-9-18,0.0,0.52,26.6,0.0,0.0,0.0,0,4.822265625,6,45,05:40,20:21,2025-05-22 01:14:52.941790,Città della Scienza,81.7,9.023964,7.4507904,8.962137,6.2574544,EU EEA Common AQI,65.5,7.8218184,5.1644583,7200,8.26087,100,100,61.0,8.231884,Very Low,64.9,7.589504,100,1747875600,Very Low,7.1697097,9.324189,Very Low,10.477354,59.2,12.086957,100,1747875600,10.289855
2025-05-22T01:15:04Z,236,29.926,72.8,62,63.4,1,1,220,86,0.0,255,32767,0.11,2090-9-18,0.0,0.52,26.6,0.0,0.0,0.0,0,4.822265625,6,45,05:40,20:21,2025-05-22 01:15:04.015790,Città della Scienza,81.7,9.023964,7.4507904,8.962137,6.2574544,EU EEA Common AQI,65.5,7.8218184,5.1644583,7200,8.26087,100,100,61.0,8.231884,Very Low,64.9,7.589504,100,1747875600,Very Low,7.1697097,9.324189,Very Low,10.477354,59.2,12.086957,100,1747875600,10.289855
2025-05-22T01:15:15Z,236,29.926,72.8,62,63.4,1,1,220,86,0.0,255,32767,0.11,2090-9-18,0.0,0.52,26.6,0.0,0.0,0.0,0,4.822265625,6,45,05:40,20:21,2025-05-22 01:15:15.071782,Città della Scienza,81.7,9.023964,7.4507904,8.962137,6.2574544,EU EEA Common AQI,65.5,7.8218184,5.1644583,7200,8.26087,100,100,61.0,8.231884,Very Low,64.9,7.589504,100,1747875600,Very Low,7.1697097,9.324189,Very Low,10.477354,59.2,12.086957,100,1747875600,10.289855
2025-05-22T01:15:26Z,236,29.926,72.8,62,63.4,1,1,214,86,0.0,255,32767,0.11,2090-9-18,0.0,0.52,26.6,0.0,0.0,0.0,0,4.822265625,6,45,05:40,20:21,2025-05-22 01:15:26.171788,Città della Scienza,81.6,9.344784,7.4540763,9.231433,6.4536047,EU EEA Common AQI,66.0,8.067006,5.179831,7200,7.3768115,100,100,61.4,6.53913,Very Low,65.3,7.898466,100,1747876500,Very Low,7.3851457,9.605785,Very Low,10.845232,59.6,9.695652,100,1747876500,8.173913
2025-05-22T01:15:37Z,236,29.93,72.7,62,63.4,2,1,214,86,0.0,255,32767,0.11,2090-9-18,0.0,0.52,26.6,0.0,0.0,0.0,0,4.822265625,6,45,05:40,20:21,2025-05-22 01:15:37.276788,Città della Scienza,81.6,9.344784,7.4540763,9.231433,6.4536047,EU EEA Common AQI,66.0,8.067006,5.179831,7200,7.3768115,100,100,61.4,6.53913,Very Low,65.3,7.898466,100,1747876500,Very Low,7.3851457,9.605785,Very Low,10.845232,59.6,9.695652,100,1747876500,8.173913
2025-05-22T01:15:48Z,236,29.93,72.7,62,63.4,1,1,214,86,0.0,255,32767,0.11,2090-9-18,0.0,0.52,26.6,0.0,0.0,0.0,0,4.822265625,6,45,05:40,20:21,2025-05-22 01:15:48.415793,Città della Scienza,81.6,9.344784,7.4540763,9.231433,6.4536047,EU EEA Common AQI,66.0,8.067006,5.179831,7200,7.3768115,100,100,61.4,6.53913,Very Low,65.3,7.898466,100,1747876500,Very Low,7.3851457,9.605785,Very Low,10.845232,59.6,9.695652,100,1747876500,8.173913
2025-05-22T01:15:59Z,236,29.93,72.7,62,63.4,1,1,221,86,0.0,255,32767,0.11,2090-9-18,0.0,0.52,26.6,0.0,0.0,0.0,0,4.822265625,6,45,05:40,20:21,2025-05-22 01:15:59.766789,Città della Scienza,81.6,9.344784,7.4540763,9.231433,6.4536047,EU EEA Common AQI,66.0,8.067006,5.179831,7200,7.3768115,100,100,61.4,6.53913,Very Low,65.3,7.898466,100,1747876500,Very Low,7.3851457,9.605785,Very Low,10.845232,59.6,9.695652,100,1747876500,8.173913
2025-05-22T01:16:10Z,236,29.93,72.7,62,63.4,1,1,196,86,0.0,255,32767,0.11,2090-9-18,0.0,0.52,26.6,0.0,0.0,0.0,0,4.822265625,6,45,05:40,20:21,2025-05-22 01:16:10.798802,Città della Scienza,81.6,9.344784,7.4540763,9.231433,6.4536047,EU EEA Common AQI,66.0,8.067006,5.179831,7200,7.3768115,100,100,61.4,6.53913,Very Low,65.3,7.898466,100,1747876500,Very Low,7.3851457,9.605785,Very Low,10.845232,59.6,9.695652,100,1747876500,8.173913
2025-05-22T01:16:22Z,236,29.93,72.7,62,63.4,2,1,200,86,0.0,255,32767,0.11,2090-9-18,0.0,0.52,26.6,0.0,0.0,0.0,0,4.822265625,6,45,05:40,20:21,2025-05-22 01:16:21.928792,Città della Scienza,81.6,9.344784,7.4540763,9.231433,6.4536047,EU EEA Common AQI,66.0,8.067006,5.179831,7200,7.3768115,100,100,61.4,6.53913,Very Low,65.3,7.898466,100,1747876500,Very Low,7.3851457,9.605785,Very Low,10.845232,59.6,9.695652,100,1747876500,8.173913
2025-05-22T01:16:33Z,236,29.927,72.7,62,63.5,1,1,205,86,0.0,255,32767,0.11,2090-9-18,0.0,0.52,26.6,0.0,0.0,0.0,0,4.822265625,6,45,05:40,20:21,2025-05-22 01:16:33.003801,Città della Scienza,81.6,9.344784,7.4540763,9.231433,6.4536047,EU EEA Common AQI,66.0,8.067006,5.179831,7200,7.3768115,100,100,61.4,6.53913,Very Low,65.3,7.898466,100,1747876500,Very Low,7.3851457,9.605785,Very Low,10.845232,59.6,9.695652,100,1747876500,8.173913
2025-05-22T01:16:44Z,236,29.927,72.7,62,63.5,2,1,232,86,0.0,255,32767,0.11,2090-9-18,0.0,0.52,26.6,0.0,0.0,0.0,0,4.822265625,6,45,05:40,20:21,2025-05-22 01:16:44.139810,Città della Scienza,81.6,9.344784,7.4540763,9.231433,6.4536047,EU EEA Common AQI,66.0,8.067006,5.179831,7200,7.3768115,100,100,61.4,6.53913,Very Low,65.3,7.898466,100,1747876500,Very Low,7.3851457,9.605785,Very Low,10.845232,59.6,9.695652,100,1747876500,8.173913
2025-05-22T01:16:55Z,236,29.927,72.7,62,63.5,3,1,230,86,0.0,255,32767,0.11,2090-9-18,0.0,0.52,26.6,0.0,0.0,0.0,0,4.822265625,6,45,05:40,20:21,2025-05-22 01:16:55.234799,Città della Scienza,81.6,9.344784,7.4540763,9.231433,6.4536047,EU EEA Common AQI,66.0,8.067006,5.179831,7200,7.3768115,100,100,61.4,6.53913,Very Low,65.3,7.898466,100,1747876500,Very Low,7.3851457,9.605785,Very Low,10.845232,59.6,9.695652,100,1747876500,8.173913
2025-05-22T01:17:06Z,236,29.927,72.7,62,63.5,2,1,226,86,0.0,255,32767,0.11,2090-9-18,0.0,0.52,26.6,0.0,0.0,0.0,0,4.822265625,6,45,05:40,20:21,2025-05-22 01:17:06.364790,Città della Scienza,81.6,9.344784,7.4540763,9.231433,6.4536047,EU EEA Common AQI,66.0,8.067006,5.179831,7200,7.3768115,100,100,61.4,6.53913,Very Low,65.3,7.898466,100,1747876500,Very Low,7.3851457,9.605785,Very Low,10.845232,59.6,9.695652,100,1747876500,8.173913
2025-05-22T01:17:17Z,236,29.927,72.7,62,63.5,3,1,238,86,0.0,255,32767,0.11,2090-9-18,0.0,0.52,26.6,0.0,0.0,0.0,0,4.822265625,6,45,05:40,20:21,2025-05-22 01:17:17.417785,Città della Scienza,81.6,9.344784,7.4540763,9.231433,6.4536047,EU EEA Common AQI,66.0,8.067006,5.179831,7200,7.3768115,100,100,61.4,6.53913,Very Low,65.3,7.898466,100,1747876500,Very Low,7.3851457,9.605785,Very Low,10.845232,59.6,9.695652,100,1747876500,8.173913
2025-05-22T01:17:28Z,236,29.927,72.7,62,63.5,2,1,237,86,0.0,255,32767,0.11,2090-9-18,0.0,0.52,26.6,0.0,0.0,0.0,0,4.822265625,6,45,05:40,20:21,2025-05-22 01:17:28.535788,Città della Scienza,81.6,9.344784,7.4540763,9.231433,6.4536047,EU EEA Common AQI,66.0,8.067006,5.179831,7200,7.3768115,100,100,61.4,6.53913,Very Low,65.3,7.898466,100,1747876500,Very Low,7.3851457,9.605785,Very Low,10.845232,59.6,9.695652,100,1747876500,8.173913
2025-05-22T01:17:39Z,236,29.929,72.8,62,63.5,3,1,237,86,0.0,255,32767,0.11,2090-9-18,0.0,0.52,26.6,0.0,0.0,0.0,0,4.822265625,6,45,05:40,20:21,2025-05-22 01:17:39.658786,Città della Scienza,81.6,9.344784,7.4540763,9.231433,6.4536047,EU EEA Common AQI,66.0,8.067006,5.179831,7200,7.3768115,100,100,61.4,6.53913,Very Low,65.3,7.898466,100,1747876500,Very Low,7.3851457,9.605785,Very Low,10.845232,59.6,9.695652,100,1747876500,8.173913
2025-05-22T01:17:50Z,236,29.929,72.8,62,63.5,2,1,237,86,0.0,255,32767,0.11,2090-9-18,0.0,0.52,26.6,0.0,0.0,0.0,0,4.822265625,6,45,05:40,20:21,2025-05-22 01:17:50.699792,Città della Scienza,81.6,9.344784,7.4540763,9.231433,6.4536047,EU EEA Common AQI,66.0,8.067006,5.179831,7200,7.3768115,100,100,61.4,6.53913,Very Low,65.3,7.898466,100,1747876500,Very Low,7.3851457,9.605785,Very Low,10.845232,59.6,9.695652,100,1747876500,8.173913
2025-05-22T01:18:01Z,236,29.929,72.8,62,63.5,1,1,237,86,0.0,255,32767,0.11,2090-9-18,0.0,0.52,26.6,0.0,0.0,0.0,0,4.822265625,6,45,05:40,20:21,2025-05-22 01:18:01.798788,Città della Scienza,81.6,9.344784,7.4540763,9.231433,6.4536047,EU EEA Common AQI,66.0,8.067006,5.179831,7200,7.3768115,100,100,61.4,6.53913,Very Low,65.3,7.898466,100,1747876500,Very Low,7.3851457,9.605785,Very Low,10.845232,59.6,9.695652,100,1747876500,8.173913
2025-05-22T01:18:13Z,236,29.929,72.8,62,63.6,0,1,237,86,0.0,255,32767,0.11,2090-9-18,0.0,0.52,26.6,0.0,0.0,0.0,0,4.822265625,6,45,05:40,20:21,2025-05-22 01:18:12.873795,Città della Scienza,81.6,9.344784,7.4540763,9.231433,6.4536047,EU EEA Common AQI,66.0,8.067006,5.179831,7200,7.3768115,100,100,61.4,6.53913,Very Low,65.3,7.898466,100,1747876500,Very Low,7.3851457,9.605785,Very Low,10.845232,59.6,9.695652,100,1747876500,8.173913
2025-05-22T01:18:24Z,236,29.929,72.8,62,63.6,0,1,237,86,0.0,255,32767,0.11,2090-9-18,0.0,0.52,26.6,0.0,0.0,0.0,0,4.822265625,6,45,05:40,20:21,2025-05-22 01:18:23.979795,Città della Scienza,81.6,9.344784,7.4540763,9.231433,6.4536047,EU EEA Common AQI,66.0,8.067006,5.179831,7200,7.3768115,100,100,61.4,6.53913,Very Low,65.3,7.898466,100,1747876500,Very Low,7.3851457,9.605785,Very Low,10.845232,59.6,9.695652,100,1747876500,8.173913
2025-05-22T01:18:35Z,236,29.929,72.8,62,63.6,1,2,237,86,0.0,255,32767,0.11,2090-9-18,0.0,0.52,26.6,0.0,0.0,0.0,0,4.822265625,6,45,05:40,20:21,2025-05-22 01:18:35.083786,Città della Scienza,81.6,9.344784,7.4540763,9.231433,6.4536047,EU EEA Common AQI,66.0,8.067006,5.179831,7200,7.3768115,100,100,61.4,6.53913,Very Low,65.3,7.898466,100,1747876500,Very Low,7.3851457,9.605785,Very Low,10.845232,59.6,9.695652,100,1747876500,8.173913
2025-05-22T01:18:46Z,236,29.929,72.8,62,63.6,1,2,237,86,0.0,255,32767,0.11,2090-9-18,0.0,0.52,26.6,0.0,0.0,0.0,0,4.822265625,6,45,05:40,20:21,2025-05-22 01:18:46.221787,Città della Scienza,81.6,9.344784,7.4540763,9.231433,6.4536047,EU EEA Common AQI,66.0,8.067006,5.179831,7200,7.3768115,100,100,61.4,6.53913,Very Low,65.3,7.898466,100,1747876500,Very Low,7.3851457,9.605785,Very Low,10.845232,59.6,9.695652,100,1747876500,8.173913
2025-05-22T01:18:57Z,236,29.929,72.8,62,63.6,1,2,237,86,0.0,255,32767,0.11,2090-9-18,0.0,0.52,26.6,0.0,0.0,0.0,0,4.822265625,6,45,05:40,20:21,2025-05-22 01:18:57.292794,Città della Scienza,81.6,9.344784,7.4540763,9.231433,6.4536047,EU EEA Common AQI,66.0,8.067006,5.179831,7200,7.3768115,100,100,61.4,6.53913,Very Low,65.3,7.898466,100,1747876500,Very Low,7.3851457,9.605785,Very Low,10.845232,59.6,9.695652,100,1747876500,8.173913
2025-05-22T01:19:08Z,236,29.929,72.8,62,63.6,3,2,213,86,0.0,255,32767,0.11,2090-9-18,0.0,0.52,26.6,0.0,0.0,0.0,0,4.822265625,6,45,05:40,20:21,2025-05-22 01:19:08.341745,Città della Scienza,81.6,9.344784,7.4540763,9.231433,6.4536047,EU EEA Common AQI,66.0,8.067006,5.179831,7200,7.3768115,100,100,61.4,6.53913,Very Low,65.3,7.898466,100,1747876500,Very Low,7.3851457,9.605785,Very Low,10.845232,59.6,9.695652,100,1747876500,8.173913
2025-05-22T01:19:19Z,236,29.929,72.8,62,63.6,2,2,227,86,0.0,255,32767,0.11,2090-9-18,0.0,0.52,26.6,0.0,0.0,0.0,0,4.822265625,6,45,05:40,20:21,2025-05-22 01:19:19.458750,Città della Scienza,81.6,9.344784,7.4540763,9.231433,6.4536047,EU EEA Common AQI,66.0,8.067006,5.179831,7200,7.3768115,100,100,61.4,6.53913,Very Low,65.3,7.898466,100,1747876500,Very Low,7.3851457,9.605785,Very Low,10.845232,59.6,9.695652,100,1747876500,8.173913
2025-05-22T01:19:30Z,236,29.929,72.8,62,63.7,3,2,222,86,0.0,255,32767,0.11,2090-9-18,0.0,0.52,26.6,0.0,0.0,0.0,0,4.822265625,6,45,05:40,20:21,2025-05-22 01:19:30.477790,Città della Scienza,81.6,9.344784,7.4540763,9.231433,6.4536047,EU EEA Common AQI,66.0,8.067006,5.179831,7200,7.3768115,100,100,61.4,6.53913,Very Low,65.3,7.898466,100,1747876500,Very Low,7.3851457,9.605785,Very Low,10.845232,59.6,9.695652,100,1747876500,8.173913
2025-05-22T01:19:41Z,236,29.929,72.8,62,63.7,5,2,223,86,0.0,255,32767,0.11,2090-9-18,0.0,0.52,26.6,0.0,0.0,0.0,0,4.822265625,6,45,05:40,20:21,2025-05-22 01:19:41.557520,Città della Scienza,81.6,9.344784,7.4540763,9.231433,6.4536047,EU EEA Common AQI,66.0,8.067006,5.179831,7200,7.3768115,100,100,61.4,6.53913,Very Low,65.3,7.898466,100,1747876500,Very Low,7.3851457,9.605785,Very Low,10.845232,59.6,9.695652,100,1747876500,8.173913
2025-05-22T01:19:52Z,236,29.929,72.8,62,63.7,4,2,210,86,0.0,255,32767,0.11,2090-9-18,0.0,0.52,26.6,0.0,0.0,0.0,0,4.822265625,6,45,05:40,20:21,2025-05-22 01:19:52.642797,Città della Scienza,81.6,9.344784,7.4540763,9.231433,6.4536047,EU EEA Common AQI,66.0,8.067006,5.179831,7200,7.3768115,100,100,61.4,6.53913,Very Low,65.3,7.898466,100,1747876500,Very Low,7.3851457,9.605785,Very Low,10.845232,59.6,9.695652,100,1747876500,8.173913
2025-05-22T01:20:03Z,236,29.929,72.8,62,63.7,3,2,206,85,0.0,255,32767,0.11,2090-9-18,0.0,0.52,26.6,0.0,0.0,0.0,0,4.822265625,6,45,05:40,20:21,2025-05-22 01:20:03.699789,Città della Scienza,81.6,9.344784,7.4540763,9.231433,6.4536047,EU EEA Common AQI,66.0,8.067006,5.179831,7200,7.3768115,100,100,61.4,6.53913,Very Low,65.3,7.898466,100,1747876500,Very Low,7.3851457,9.605785,Very Low,10.845232,59.6,9.695652,100,1747876500,8.173913
2025-05-22T01:20:14Z,236,29.929,72.8,62,63.7,2,2,178,85,0.0,255,32767,0.11,2090-9-18,0.0,0.52,26.6,0.0,0.0,0.0,0,4.822265625,6,45,05:40,20:21,2025-05-22 01:20:14.775798,Città della Scienza,81.6,9.344784,7.4540763,9.231433,6.4536047,EU EEA Common AQI,66.0,8.067006,5.179831,7200,7.3768115,100,100,61.4,6.53913,Very Low,65.3,7.898466,100,1747876500,Very Low,7.3851457,9.605785,Very Low,10.845232,59.6,9.695652,100,1747876500,8.173913
2025-05-22T01:20:26Z,236,29.929,72.8,62,63.7,1,2,178,85,0.0,255,32767,0.11,2090-9-18,0.0,0.52,26.6,0.0,0.0,0.0,0,4.822265625,6,45,05:40,20:21,2025-05-22 01:20:25.874782,Città della Scienza,81.6,9.344784,7.4540763,9.231433,6.4536047,EU EEA Common AQI,66.0,8.067006,5.179831,7200,7.3768115,100,100,61.4,6.53913,Very Low,65.3,7.898466,100,1747876500,Very Low,7.3851457,9.605785,Very Low,10.845232,59.6,9.695652,100,1747876500,8.173913
2025-05-22T01:20:37Z,236,29.929,72.8,62,63.7,2,2,192,85,0.0,255,32767,0.11,2090-9-18,0.0,0.52,26.6,0.0,0.0,0.0,0,4.822265625,6,45,05:40,20:21,2025-05-22 01:20:36.959787,Città della Scienza,81.6,9.344784,7.4540763,9.231433,6.4536047,EU EEA Common AQI,66.0,8.067006,5.179831,7200,7.3768115,100,100,61.4,6.53913,Very Low,65.3,7.898466,100,1747876500,Very Low,7.3851457,9.605785,Very Low,10.845232,59.6,9.695652,100,1747876500,8.173913
2025-05-22T01:20:48Z,236,29.929,72.8,62,63.7,2,2,211,85,0.0,255,32767,0.11,2090-9-18,0.0,0.52,26.6,0.0,0.0,0.0,0,4.822265625,6,45,05:40,20:21,2025-05-22 01:20:48.008795,Città della Scienza,81.6,9.344784,7.4540763,9.231433,6.4536047,EU EEA Common AQI,66.0,8.067006,5.179831,7200,7.3768115,100,100,61.4,6.53913,Very Low,65.3,7.898466,100,1747876500,Very Low,7.3851457,9.605785,Very Low,10.845232,59.6,9.695652,100,1747876500,8.173913
2025-05-22T01:20:59Z,236,29.929,72.8,62,63.7,2,2,233,85,0.0,255,32767,0.11,2090-9-18,0.0,0.52,26.6,0.0,0.0,0.0,0,4.822265625,6,45,05:40,20:21,2025-05-22 01:20:59.072791,Città della Scienza,81.6,9.344784,7.4540763,9.231433,6.4536047,EU EEA Common AQI,66.0,8.067006,5.179831,7200,7.3768115,100,100,61.4,6.53913,Very Low,65.3,7.898466,100,1747876500,Very Low,7.3851457,9.605785,Very Low,10.845232,59.6,9.695652,100,1747876500,8.173913
2025-05-22T01:21:10Z,236,29.929,72.8,62,63.7,2,2,225,85,0.0,255,32767,0.11,2090-9-18,0.0,0.52,26.6,0.0,0.0,0.0,0,4.822265625,6,45,05:40,20:21,2025-05-22 01:21:10.171788,Città della Scienza,81.6,9.344784,7.4540763,9.231433,6.4536047,EU EEA Common AQI,66.0,8.067006,5.179831,7200,7.3768115,100,100,61.4,6.53913,Very Low,65.3,7.898466,100,1747876500,Very Low,7.3851457,9.605785,Very Low,10.845232,59.6,9.695652,100,1747876500,8.173913
2025-05-22T01:21:21Z,236,29.929,72.8,62,63.7,1,2,225,85,0.0,255,32767,0.11,2090-9-18,0.0,0.52,26.6,0.0,0.0,0.0,0,4.822265625,6,45,05:40,20:21,2025-05-22 01:21:21.288804,Città della Scienza,81.6,9.344784,7.4540763,9.231433,6.4536047,EU EEA Common AQI,66.0,8.067006,5.179831,7200,7.3768115,100,100,61.4,6.53913,Very Low,65.3,7.898466,100,1747876500,Very Low,7.3851457,9.605785,Very Low,10.845232,59.6,9.695652,100,1747876500,8.173913
2025-05-22T01:21:32Z,236,29.929,72.8,62,63.7,1,2,225,85,0.0,255,32767,0.11,2090-9-18,0.0,0.52,26.6,0.0,0.0,0.0,0,4.822265625,6,45,05:40,20:21,2025-05-22 01:21:32.395801,Città della Scienza,81.6,9.344784,7.4540763,9.231433,6.4536047,EU EEA Common AQI,66.0,8.067006,5.179831,7200,7.3768115,100,100,61.4,6.53913,Very Low,65.3,7.898466,100,1747876500,Very Low,7.3851457,9.605785,Very Low,10.845232,59.6,9.695652,100,1747876500,8.173913
2025-05-22T01:21:43Z,236,29.927,72.8,62,63.7,1,2,225,85,0.0,255,32767,0.11,2090-9-18,0.0,0.52,26.6,0.0,0.0,0.0,0,4.822265625,6,45,05:40,20:21,2025-05-22 01:21:43.457793,Città della Scienza,81.6,9.344784,7.4540763,9.231433,6.4536047,EU EEA Common AQI,66.0,8.067006,5.179831,7200,7.3768115,100,100,61.4,6.53913,Very Low,65.3,7.898466,100,1747876500,Very Low,7.3851457,9.605785,Very Low,10.845232,59.6,9.695652,100,1747876500,8.173913
2025-05-22T01:21:54Z,236,29.927,72.8,62,63.7,1,2,225,85,0.0,255,32767,0.11,2090-9-18,0.0,0.52,26.6,0.0,0.0,0.0,0,4.822265625,6,45,05:40,20:21,2025-05-22 01:21:54.561804,Città della Scienza,81.6,9.344784,7.4540763,9.231433,6.4536047,EU EEA Common AQI,66.0,8.067006,5.179831,7200,7.3768115,100,100,61.4,6.53913,Very Low,65.3,7.898466,100,1747876500,Very Low,7.3851457,9.605785,Very Low,10.845232,59.6,9.695652,100,1747876500,8.173913
2025-05-22T01:22:05Z,236,29.927,72.8,62,63.7,2,2,263,85,0.0,255,32767,0.11,2090-9-18,0.0,0.52,26.6,0.0,0.0,0.0,0,4.822265625,6,45,05:40,20:21,2025-05-22 01:22:05.635804,Città della Scienza,81.6,9.344784,7.4540763,9.231433,6.4536047,EU EEA Common AQI,66.0,8.067006,5.179831,7200,7.3768115,100,100,61.4,6.53913,Very Low,65.3,7.898466,100,1747876500,Very Low,7.3851457,9.605785,Very Low,10.845232,59.6,9.695652,100,1747876500,8.173913
2025-05-22T01:22:16Z,236,29.927,72.8,62,63.8,2,2,173,85,0.0,255,32767,0.11,2090-9-18,0.0,0.52,26.6,0.0,0.0,0.0,0,4.822265625,6,45,05:40,20:21,2025-05-22 01:22:16.748788,Città della Scienza,81.6,9.344784,7.4540763,9.231433,6.4536047,EU EEA Common AQI,66.0,8.067006,5.179831,7200,7.3768115,100,100,61.4,6.53913,Very Low,65.3,7.898466,100,1747876500,Very Low,7.3851457,9.605785,Very Low,10.845232,59.6,9.695652,100,1747876500,8.173913
2025-05-22T01:22:28Z,236,29.927,72.8,62,63.8,3,2,238,85,0.0,255,32767,0.11,2090-9-18,0.0,0.52,26.6,0.0,0.0,0.0,0,4.822265625,6,45,05:40,20:21,2025-05-22 01:22:27.834783,Città della Scienza,81.6,9.344784,7.4540763,9.231433,6.4536047,EU EEA Common AQI,66.0,8.067006,5.179831,7200,7.3768115,100,100,61.4,6.53913,Very Low,65.3,7.898466,100,1747876500,Very Low,7.3851457,9.605785,Very Low,10.845232,59.6,9.695652,100,1747876500,8.173913
2025-05-22T01:22:39Z,236,29.927,72.8,62,63.8,4,2,232,85,0.0,255,32767,0.11,2090-9-18,0.0,0.52,26.6,0.0,0.0,0.0,0,4.822265625,6,45,05:40,20:21,2025-05-22 01:22:38.939793,Città della Scienza,81.6,9.344784,7.4540763,9.231433,6.4536047,EU EEA Common AQI,66.0,8.067006,5.179831,7200,7.3768115,100,100,61.4,6.53913,Very Low,65.3,7.898466,100,1747876500,Very Low,7.3851457,9.605785,Very Low,10.845232,59.6,9.695652,100,1747876500,8.173913
2025-05-22T01:22:50Z,236,29.927,72.8,62,63.8,2,2,240,85,0.0,255,32767,0.11,2090-9-18,0.0,0.52,26.6,0.0,0.0,0.0,0,4.822265625,6,45,05:40,20:21,2025-05-22 01:22:49.998795,Città della Scienza,81.6,9.344784,7.4540763,9.231433,6.4536047,EU EEA Common AQI,66.0,8.067006,5.179831,7200,7.3768115,100,100,61.4,6.53913,Very Low,65.3,7.898466,100,1747876500,Very Low,7.3851457,9.605785,Very Low,10.845232,59.6,9.695652,100,1747876500,8.173913
2025-05-22T01:23:01Z,236,29.927,72.8,62,63.8,1,2,234,85,0.0,255,32767,0.11,2090-9-18,0.0,0.52,26.6,0.0,0.0,0.0,0,4.822265625,6,45,05:40,20:21,2025-05-22 01:23:01.048789,Città della Scienza,81.6,9.344784,7.4540763,9.231433,6.4536047,EU EEA Common AQI,66.0,8.067006,5.179831,7200,7.3768115,100,100,61.4,6.53913,Very Low,65.3,7.898466,100,1747876500,Very Low,7.3851457,9.605785,Very Low,10.845232,59.6,9.695652,100,1747876500,8.173913
2025-05-22T01:23:12Z,236,29.927,72.8,62,63.8,2,2,234,85,0.0,255,32767,0.11,2090-9-18,0.0,0.52,26.6,0.0,0.0,0.0,0,4.822265625,6,45,05:40,20:21,2025-05-22 01:23:12.123789,Città della Scienza,81.6,9.344784,7.4540763,9.231433,6.4536047,EU EEA Common AQI,66.0,8.067006,5.179831,7200,7.3768115,100,100,61.4,6.53913,Very Low,65.3,7.898466,100,1747876500,Very Low,7.3851457,9.605785,Very Low,10.845232,59.6,9.695652,100,1747876500,8.173913
2025-05-22T01:23:23Z,236,29.927,72.8,62,63.8,2,2,234,85,0.0,255,32767,0.11,2090-9-18,0.0,0.52,26.6,0.0,0.0,0.0,0,4.822265625,6,45,05:40,20:21,2025-05-22 01:23:23.191786,Città della Scienza,81.6,9.344784,7.4540763,9.231433,6.4536047,EU EEA Common AQI,66.0,8.067006,5.179831,7200,7.3768115,100,100,61.4,6.53913,Very Low,65.3,7.898466,100,1747876500,Very Low,7.3851457,9.605785,Very Low,10.845232,59.6,9.695652,100,1747876500,8.173913
2025-05-22T01:23:34Z,236,29.928,72.8,62,63.8,2,2,201,85,0.0,255,32767,0.11,2090-9-18,0.0,0.52,26.6,0.0,0.0,0.0,0,4.822265625,6,45,05:40,20:21,2025-05-22 01:23:34.263789,Città della Scienza,81.6,9.344784,7.4540763,9.231433,6.4536047,EU EEA Common AQI,66.0,8.067006,5.179831,7200,7.3768115,100,100,61.4,6.53913,Very Low,65.3,7.898466,100,1747876500,Very Low,7.3851457,9.605785,Very Low,10.845232,59.6,9.695652,100,1747876500,8.173913
2025-05-22T01:23:45Z,236,29.928,72.8,62,63.8,3,2,210,85,0.0,255,32767,0.11,2090-9-18,0.0,0.52,26.6,0.0,0.0,0.0,0,4.822265625,6,45,05:40,20:21,2025-05-22 01:23:45.324787,Città della Scienza,81.6,9.344784,7.4540763,9.231433,6.4536047,EU EEA Common AQI,66.0,8.067006,5.179831,7200,7.3768115,100,100,61.4,6.53913,Very Low,65.3,7.898466,100,1747876500,Very Low,7.3851457,9.605785,Very Low,10.845232,59.6,9.695652,100,1747876500,8.173913
2025-05-22T01:23:56Z,236,29.928,72.8,62,63.8,3,2,225,85,0.0,255,32767,0.11,2090-9-18,0.0,0.52,26.6,0.0,0.0,0.0,0,4.822265625,6,45,05:40,20:21,2025-05-22 01:23:56.397787,Città della Scienza,81.6,9.344784,7.4540763,9.231433,6.4536047,EU EEA Common AQI,66.0,8.067006,5.179831,7200,7.3768115,100,100,61.4,6.53913,Very Low,65.3,7.898466,100,1747876500,Very Low,7.3851457,9.605785,Very Low,10.845232,59.6,9.695652,100,1747876500,8.173913
2025-05-22T01:24:07Z,236,29.928,72.8,62,63.8,3,2,211,85,0.0,255,32767,0.11,2090-9-18,0.0,0.52,26.6,0.0,0.0,0.0,0,4.822265625,6,45,05:40,20:21,2025-05-22 01:24:07.498785,Città della Scienza,81.6,9.344784,7.4540763,9.231433,6.4536047,EU EEA Common AQI,66.0,8.067006,5.179831,7200,7.3768115,100,100,61.4,6.53913,Very Low,65.3,7.898466,100,1747876500,Very Low,7.3851457,9.605785,Very Low,10.845232,59.6,9.695652,100,1747876500,8.173913
2025-05-22T01:24:18Z,236,29.928,72.8,62,63.8,2,2,221,85,0.0,255,32767,0.11,2090-9-18,0.0,0.52,26.6,0.0,0.0,0.0,0,4.822265625,6,45,05:40,20:21,2025-05-22 01:24:18.620804,Città della Scienza,81.6,9.344784,7.4540763,9.231433,6.4536047,EU EEA Common AQI,66.0,8.067006,5.179831,7200,7.3768115,100,100,61.4,6.53913,Very Low,65.3,7.898466,100,1747876500,Very Low,7.3851457,9.605785,Very Low,10.845232,59.6,9.695652,100,1747876500,8.173913
2025-05-22T01:24:29Z,236,29.928,72.8,62,63.8,1,2,202,85,0.0,255,32767,0.11,2090-9-18,0.0,0.52,26.6,0.0,0.0,0.0,0,4.822265625,6,45,05:40,20:21,2025-05-22 01:24:29.748793,Città della Scienza,81.6,9.344784,7.4540763,9.231433,6.4536047,EU EEA Common AQI,66.0,8.067006,5.179831,7200,7.3768115,100,100,61.4,6.53913,Very Low,65.3,7.898466,100,1747876500,Very Low,7.3851457,9.605785,Very Low,10.845232,59.6,9.695652,100,1747876500,8.173913
2025-05-22T01:24:40Z,236,29.927,72.8,62,63.9,1,2,202,85,0.0,255,32767,0.11,2090-9-18,0.0,0.52,26.6,0.0,0.0,0.0,0,4.822265625,6,45,05:40,20:21,2025-05-22 01:24:40.770789,Città della Scienza,81.6,9.344784,7.4540763,9.231433,6.4536047,EU EEA Common AQI,66.0,8.067006,5.179831,7200,7.3768115,100,100,61.4,6.53913,Very Low,65.3,7.898466,100,1747876500,Very Low,7.3851457,9.605785,Very Low,10.845232,59.6,9.695652,100,1747876500,8.173913
2025-05-22T01:24:52Z,236,29.927,72.8,62,63.9,2,2,229,85,0.0,255,32767,0.11,2090-9-18,0.0,0.52,26.6,0.0,0.0,0.0,0,4.822265625,6,45,05:40,20:21,2025-05-22 01:24:51.829751,Città della Scienza,81.6,9.344784,7.4540763,9.231433,6.4536047,EU EEA Common AQI,66.0,8.067006,5.179831,7200,7.3768115,100,100,61.4,6.53913,Very Low,65.3,7.898466,100,1747876500,Very Low,7.3851457,9.605785,Very Low,10.845232,59.6,9.695652,100,1747876500,8.173913
2025-05-22T01:25:03Z,236,29.927,72.8,62,63.9,2,2,229,85,0.0,255,32767,0.11,2090-9-18,0.0,0.52,26.6,0.0,0.0,0.0,0,4.822265625,6,45,05:40,20:21,2025-05-22 01:25:02.923794,Città della Scienza,81.6,9.344784,7.4540763,9.231433,6.4536047,EU EEA Common AQI,66.0,8.067006,5.179831,7200,7.3768115,100,100,61.4,6.53913,Very Low,65.3,7.898466,100,1747876500,Very Low,7.3851457,9.605785,Very Low,10.845232,59.6,9.695652,100,1747876500,8.173913
2025-05-22T01:25:14Z,236,29.927,72.8,62,63.9,1,2,229,85,0.0,255,32767,0.11,2090-9-18,0.0,0.52,26.6,0.0,0.0,0.0,0,4.822265625,6,45,05:40,20:21,2025-05-22 01:25:14.032789,Città della Scienza,81.6,9.344784,7.4540763,9.231433,6.4536047,EU EEA Common AQI,66.0,8.067006,5.179831,7200,7.3768115,100,100,61.4,6.53913,Very Low,65.3,7.898466,100,1747876500,Very Low,7.3851457,9.605785,Very Low,10.845232,59.6,9.695652,100,1747876500,8.173913
2025-05-22T01:25:25Z,236,29.927,72.8,62,63.9,0,2,229,85,0.0,255,32767,0.11,2090-9-18,0.0,0.52,26.6,0.0,0.0,0.0,0,4.822265625,6,45,05:40,20:21,2025-05-22 01:25:25.058793,Città della Scienza,81.6,9.344784,7.4540763,9.231433,6.4536047,EU EEA Common AQI,66.0,8.067006,5.179831,7200,7.3768115,100,100,61.4,6.53913,Very Low,65.3,7.898466,100,1747876500,Very Low,7.3851457,9.605785,Very Low,10.845232,59.6,9.695652,100,1747876500,8.173913
2025-05-22T01:25:36Z,236,29.926,72.8,62,63.9,0,2,229,85,0.0,255,32767,0.11,2090-9-18,0.0,0.52,26.6,0.0,0.0,0.0,0,4.822265625,6,45,05:40,20:21,2025-05-22 01:25:36.189791,Città della Scienza,81.6,9.344784,7.4540763,9.231433,6.4536047,EU EEA Common AQI,66.0,8.067006,5.179831,7200,7.3768115,100,100,61.4,6.53913,Very Low,65.3,7.898466,100,1747876500,Very Low,7.3851457,9.605785,Very Low,10.845232,59.6,9.695652,100,1747876500,8.173913
2025-05-22T01:25:47Z,236,29.926,72.8,62,63.9,2,2,200,85,0.0,255,32767,0.11,2090-9-18,0.0,0.52,26.6,0.0,0.0,0.0,0,4.822265625,6,45,05:40,20:21,2025-05-22 01:25:47.263784,Città della Scienza,81.6,9.344784,7.4540763,9.231433,6.4536047,EU EEA Common AQI,66.0,8.067006,5.179831,7200,7.3768115,100,100,61.4,6.53913,Very Low,65.3,7.898466,100,1747876500,Very Low,7.3851457,9.605785,Very Low,10.845232,59.6,9.695652,100,1747876500,8.173913
2025-05-22T01:25:58Z,236,29.926,72.8,62,64.0,1,2,200,85,0.0,255,32767,0.11,2090-9-18,0.0,0.52,26.6,0.0,0.0,0.0,0,4.822265625,6,45,05:40,20:21,2025-05-22 01:25:58.359795,Città della Scienza,81.6,9.344784,7.4540763,9.231433,6.4536047,EU EEA Common AQI,66.0,8.067006,5.179831,7200,7.3768115,100,100,61.4,6.53913,Very Low,65.3,7.898466,100,1747876500,Very Low,7.3851457,9.605785,Very Low,10.845232,59.6,9.695652,100,1747876500,8.173913
2025-05-22T01:26:09Z,236,29.926,72.8,62,63.9,0,2,200,85,0.0,255,32767,0.11,2090-9-18,0.0,0.52,26.6,0.0,0.0,0.0,0,4.822265625,6,45,05:40,20:21,2025-05-22 01:26:09.438784,Città della Scienza,81.6,9.344784,7.4540763,9.231433,6.4536047,EU EEA Common AQI,66.0,8.067006,5.179831,7200,7.3768115,100,100,61.4,6.53913,Very Low,65.3,7.898466,100,1747876500,Very Low,7.3851457,9.605785,Very Low,10.845232,59.6,9.695652,100,1747876500,8.173913
2025-05-22T01:26:20Z,236,29.926,72.8,62,63.9,0,2,200,85,0.0,255,32767,0.11,2090-9-18,0.0,0.52,26.6,0.0,0.0,0.0,0,4.822265625,6,45,05:40,20:21,2025-05-22 01:26:20.519790,Città della Scienza,81.6,9.344784,7.4540763,9.231433,6.4536047,EU EEA Common AQI,66.0,8.067006,5.179831,7200,7.3768115,100,100,61.4,6.53913,Very Low,65.3,7.898466,100,1747876500,Very Low,7.3851457,9.605785,Very Low,10.845232,59.6,9.695652,100,1747876500,8.173913
2025-05-22T01:26:31Z,236,29.926,72.8,62,63.9,2,2,200,85,0.0,255,32767,0.11,2090-9-18,0.0,0.52,26.6,0.0,0.0,0.0,0,4.822265625,6,45,05:40,20:21,2025-05-22 01:26:31.590788,Città della Scienza,81.6,9.344784,7.4540763,9.231433,6.4536047,EU EEA Common AQI,66.0,8.067006,5.179831,7200,7.3768115,100,100,61.4,6.53913,Very Low,65.3,7.898466,100,1747876500,Very Low,7.3851457,9.605785,Very Low,10.845232,59.6,9.695652,100,1747876500,8.173913
2025-05-22T01:26:42Z,236,29.927,72.8,62,63.9,0,2,200,85,0.0,255,32767,0.11,2090-9-18,0.0,0.52,26.6,0.0,0.0,0.0,0,4.822265625,6,45,05:40,20:21,2025-05-22 01:26:42.705783,Città della Scienza,81.6,9.344784,7.4540763,9.231433,6.4536047,EU EEA Common AQI,66.0,8.067006,5.179831,7200,7.3768115,100,100,61.4,6.53913,Very Low,65.3,7.898466,100,1747876500,Very Low,7.3851457,9.605785,Very Low,10.845232,59.6,9.695652,100,1747876500,8.173913
2025-05-22T01:26:54Z,236,29.927,72.8,62,63.9,0,2,200,85,0.0,255,32767,0.11,2090-9-18,0.0,0.52,26.6,0.0,0.0,0.0,0,4.822265625,6,45,05:40,20:21,2025-05-22 01:26:53.799793,Città della Scienza,81.6,9.344784,7.4540763,9.231433,6.4536047,EU EEA Common AQI,66.0,8.067006,5.179831,7200,7.3768115,100,100,61.4,6.53913,Very Low,65.3,7.898466,100,1747876500,Very Low,7.3851457,9.605785,Very Low,10.845232,59.6,9.695652,100,1747876500,8.173913
2025-05-22T01:27:05Z,236,29.927,72.8,62,63.9,0,2,200,84,0.0,255,32767,0.11,2090-9-18,0.0,0.52,26.6,0.0,0.0,0.0,0,4.822265625,6,45,05:40,20:21,2025-05-22 01:27:04.892789,Città della Scienza,81.6,9.344784,7.4540763,9.231433,6.4536047,EU EEA Common AQI,66.0,8.067006,5.179831,7200,7.3768115,100,100,61.4,6.53913,Very Low,65.3,7.898466,100,1747876500,Very Low,7.3851457,9.605785,Very Low,10.845232,59.6,9.695652,100,1747876500,8.173913
2025-05-22T01:27:16Z,236,29.927,72.8,62,63.8,0,2,200,84,0.0,255,32767,0.11,2090-9-18,0.0,0.52,26.6,0.0,0.0,0.0,0,4.822265625,6,45,05:40,20:21,2025-05-22 01:27:15.931786,Città della Scienza,81.6,9.344784,7.4540763,9.231433,6.4536047,EU EEA Common AQI,66.0,8.067006,5.179831,7200,7.3768115,100,100,61.4,6.53913,Very Low,65.3,7.898466,100,1747876500,Very Low,7.3851457,9.605785,Very Low,10.845232,59.6,9.695652,100,1747876500,8.173913
2025-05-22T01:27:27Z,236,29.927,72.8,62,63.8,0,2,200,84,0.0,255,32767,0.11,2090-9-18,0.0,0.52,26.6,0.0,0.0,0.0,0,4.822265625,6,45,05:40,20:21,2025-05-22 01:27:27.046810,Città della Scienza,81.6,9.344784,7.4540763,9.231433,6.4536047,EU EEA Common AQI,66.0,8.067006,5.179831,7200,7.3768115,100,100,61.4,6.53913,Very Low,65.3,7.898466,100,1747876500,Very Low,7.3851457,9.605785,Very Low,10.845232,59.6,9.695652,100,1747876500,8.173913
2025-05-22T01:27:38Z,236,29.928,72.8,62,63.8,0,2,200,84,0.0,255,32767,0.11,2090-9-18,0.0,0.52,26.6,0.0,0.0,0.0,0,4.822265625,6,45,05:40,20:21,2025-05-22 01:27:38.121793,Città della Scienza,81.6,9.344784,7.4540763,9.231433,6.4536047,EU EEA Common AQI,66.0,8.067006,5.179831,7200,7.3768115,100,100,61.4,6.53913,Very Low,65.3,7.898466,100,1747876500,Very Low,7.3851457,9.605785,Very Low,10.845232,59.6,9.695652,100,1747876500,8.173913
2025-05-22T01:27:49Z,236,29.928,72.8,62,63.8,0,2,200,84,0.0,255,32767,0.11,2090-9-18,0.0,0.52,26.6,0.0,0.0,0.0,0,4.822265625,6,45,05:40,20:21,2025-05-22 01:27:49.194790,Città della Scienza,81.6,9.344784,7.4540763,9.231433,6.4536047,EU EEA Common AQI,66.0,8.067006,5.179831,7200,7.3768115,100,100,61.4,6.53913,Very Low,65.3,7.898466,100,1747876500,Very Low,7.3851457,9.605785,Very Low,10.845232,59.6,9.695652,100,1747876500,8.173913
2025-05-22T01:28:00Z,236,29.928,72.8,62,63.8,0,2,200,84,0.0,255,32767,0.11,2090-9-18,0.0,0.52,26.6,0.0,0.0,0.0,0,4.822265625,6,45,05:40,20:21,2025-05-22 01:28:00.255809,Città della Scienza,81.6,9.344784,7.4540763,9.231433,6.4536047,EU EEA Common AQI,66.0,8.067006,5.179831,7200,7.3768115,100,100,61.4,6.53913,Very Low,65.3,7.898466,100,1747876500,Very Low,7.3851457,9.605785,Very Low,10.845232,59.6,9.695652,100,1747876500,8.173913
2025-05-22T01:28:11Z,236,29.928,72.8,62,63.8,1,2,200,84,0.0,255,32767,0.11,2090-9-18,0.0,0.52,26.6,0.0,0.0,0.0,0,4.822265625,6,45,05:40,20:21,2025-05-22 01:28:11.367792,Città della Scienza,81.6,9.344784,7.4540763,9.231433,6.4536047,EU EEA Common AQI,66.0,8.067006,5.179831,7200,7.3768115,100,100,61.4,6.53913,Very Low,65.3,7.898466,100,1747876500,Very Low,7.3851457,9.605785,Very Low,10.845232,59.6,9.695652,100,1747876500,8.173913
2025-05-22T01:28:22Z,236,29.928,72.8,62,63.7,1,2,200,84,0.0,255,32767,0.11,2090-9-18,0.0,0.52,26.6,0.0,0.0,0.0,0,4.822265625,6,45,05:40,20:21,2025-05-22 01:28:22.414790,Città della Scienza,81.6,9.344784,7.4540763,9.231433,6.4536047,EU EEA Common AQI,66.0,8.067006,5.179831,7200,7.3768115,100,100,61.4,6.53913,Very Low,65.3,7.898466,100,1747876500,Very Low,7.3851457,9.605785,Very Low,10.845232,59.6,9.695652,100,1747876500,8.173913
2025-05-22T01:28:33Z,236,29.928,72.8,62,63.7,1,2,200,84,0.0,255,32767,0.11,2090-9-18,0.0,0.52,26.6,0.0,0.0,0.0,0,4.822265625,6,45,05:40,20:21,2025-05-22 01:28:33.465787,Città della Scienza,81.6,9.344784,7.4540763,9.231433,6.4536047,EU EEA Common AQI,66.0,8.067006,5.179831,7200,7.3768115,100,100,61.4,6.53913,Very Low,65.3,7.898466,100,1747876500,Very Low,7.3851457,9.605785,Very Low,10.845232,59.6,9.695652,100,1747876500,8.173913
2025-05-22T01:28:44Z,236,29.928,72.8,62,63.7,2,2,200,84,0.0,255,32767,0.11,2090-9-18,0.0,0.52,26.6,0.0,0.0,0.0,0,4.822265625,6,45,05:40,20:21,2025-05-22 01:28:44.559796,Città della Scienza,81.6,9.344784,7.4540763,9.231433,6.4536047,EU EEA Common AQI,66.0,8.067006,5.179831,7200,7.3768115,100,100,61.4,6.53913,Very Low,65.3,7.898466,100,1747876500,Very Low,7.3851457,9.605785,Very Low,10.845232,59.6,9.695652,100,1747876500,8.173913
2025-05-22T01:28:55Z,236,29.928,72.8,62,63.7,1,2,200,84,0.0,255,32767,0.11,2090-9-18,0.0,0.52,26.6,0.0,0.0,0.0,0,4.822265625,6,45,05:40,20:21,2025-05-22 01:28:55.657765,Città della Scienza,81.6,9.344784,7.4540763,9.231433,6.4536047,EU EEA Common AQI,66.0,8.067006,5.179831,7200,7.3768115,100,100,61.4,6.53913,Very Low,65.3,7.898466,100,1747876500,Very Low,7.3851457,9.605785,Very Low,10.845232,59.6,9.695652,100,1747876500,8.173913
2025-05-22T01:29:06Z,236,29.928,72.8,62,63.7,1,2,200,84,0.0,255,32767,0.11,2090-9-18,0.0,0.52,26.6,0.0,0.0,0.0,0,4.822265625,6,45,05:40,20:21,2025-05-22 01:29:06.755786,Città della Scienza,81.6,9.344784,7.4540763,9.231433,6.4536047,EU EEA Common AQI,66.0,8.067006,5.179831,7200,7.3768115,100,100,61.4,6.53913,Very Low,65.3,7.898466,100,1747876500,Very Low,7.3851457,9.605785,Very Low,10.845232,59.6,9.695652,100,1747876500,8.173913
2025-05-22T01:29:18Z,236,29.928,72.8,62,63.6,1,2,200,84,0.0,255,32767,0.11,2090-9-18,0.0,0.52,26.6,0.0,0.0,0.0,0,4.822265625,6,45,05:40,20:21,2025-05-22 01:29:18.047784,Città della Scienza,81.6,9.344784,7.4540763,9.231433,6.4536047,EU EEA Common AQI,66.0,8.067006,5.179831,7200,7.3768115,100,100,61.4,6.53913,Very Low,65.3,7.898466,100,1747876500,Very Low,7.3851457,9.605785,Very Low,10.845232,59.6,9.695652,100,1747876500,8.173913
2025-05-22T01:29:29Z,236,29.928,72.8,62,63.6,1,2,200,84,0.0,255,32767,0.11,2090-9-18,0.0,0.52,26.6,0.0,0.0,0.0,0,4.822265625,6,45,05:40,20:21,2025-05-22 01:29:29.082786,Città della Scienza,81.6,9.344784,7.4540763,9.231433,6.4536047,EU EEA Common AQI,66.0,8.067006,5.179831,7200,7.3768115,100,100,61.4,6.53913,Very Low,65.3,7.898466,100,1747876500,Very Low,7.3851457,9.605785,Very Low,10.845232,59.6,9.695652,100,1747876500,8.173913
2025-05-22T01:29:40Z,236,29.928,72.8,62,63.6,2,1,200,84,0.0,255,32767,0.11,2090-9-18,0.0,0.52,26.6,0.0,0.0,0.0,0,4.822265625,6,45,05:40,20:21,2025-05-22 01:29:40.298782,Città della Scienza,81.6,9.344784,7.4540763,9.231433,6.4536047,EU EEA Common AQI,66.0,8.067006,5.179831,7200,7.3768115,100,100,61.4,6.53913,Very Low,65.3,7.898466,100,1747876500,Very Low,7.3851457,9.605785,Very Low,10.845232,59.6,9.695652,100,1747876500,8.173913
2025-05-22T01:29:51Z,236,29.928,72.8,62,63.6,2,1,200,84,0.0,255,32767,0.11,2090-9-18,0.0,0.52,26.6,0.0,0.0,0.0,0,4.822265625,6,45,05:40,20:21,2025-05-22 01:29:51.418793,Città della Scienza,81.6,9.344784,7.4540763,9.231433,6.4536047,EU EEA Common AQI,66.0,8.067006,5.179831,7200,7.3768115,100,100,61.4,6.53913,Very Low,65.3,7.898466,100,1747876500,Very Low,7.3851457,9.605785,Very Low,10.845232,59.6,9.695652,100,1747876500,8.173913
2025-05-22T01:30:02Z,236,29.928,72.8,62,63.5,1,1,200,84,0.0,255,32767,0.11,2090-9-18,0.0,0.52,26.6,0.0,0.0,0.0,0,4.822265625,6,45,05:40,20:21,2025-05-22 01:30:02.478781,Città della Scienza,81.6,9.344784,7.4540763,9.231433,6.4536047,EU EEA Common AQI,66.0,8.067006,5.179831,7200,7.3768115,100,100,61.4,6.53913,Very Low,65.3,7.898466,100,1747876500,Very Low,7.3851457,9.605785,Very Low,10.845232,59.6,9.695652,100,1747876500,8.173913
2025-05-22T01:30:13Z,236,29.928,72.8,62,63.5,1,1,200,84,0.0,255,32767,0.11,2090-9-18,0.0,0.52,26.6,0.0,0.0,0.0,0,4.822265625,6,45,05:40,20:21,2025-05-22 01:30:13.601803,Città della Scienza,81.6,9.344784,7.4540763,9.231433,6.4536047,EU EEA Common AQI,66.0,8.067006,5.179831,7200,7.3768115,100,100,61.4,6.53913,Very Low,65.3,7.898466,100,1747876500,Very Low,7.3851457,9.605785,Very Low,10.845232,59.6,9.695652,100,1747876500,8.173913
2025-05-22T01:30:24Z,236,29.928,72.8,62,63.5,1,1,200,84,0.0,255,32767,0.11,2090-9-18,0.0,0.52,26.6,0.0,0.0,0.0,0,4.822265625,6,45,05:40,20:21,2025-05-22 01:30:24.644789,Città della Scienza,81.8,9.527918,7.436091,9.093653,6.47806,EU EEA Common AQI,65.9,8.097575,5.174904,7200,7.9857144,100,100,61.4,7.0057144,Very Low,65.3,8.029635,100,1747877400,Very Low,7.2749214,9.656678,Very Low,10.757365,59.5,11.042857,100,1747877400,8.757143
2025-05-22T01:30:35Z,236,29.928,72.8,62,63.5,1,1,200,84,0.0,255,32767,0.11,2090-9-18,0.0,0.52,26.6,0.0,0.0,0.0,0,4.822265625,6,45,05:40,20:21,2025-05-22 01:30:35.759791,Città della Scienza,81.8,9.527918,7.436091,9.093653,6.47806,EU EEA Common AQI,65.9,8.097575,5.174904,7200,7.9857144,100,100,61.4,7.0057144,Very Low,65.3,8.029635,100,1747877400,Very Low,7.2749214,9.656678,Very Low,10.757365,59.5,11.042857,100,1747877400,8.757143
2025-05-22T01:30:47Z,236,29.928,72.8,62,63.5,1,1,200,84,0.0,255,32767,0.11,2090-9-18,0.0,0.52,26.6,0.0,0.0,0.0,0,4.822265625,6,45,05:40,20:21,2025-05-22 01:30:46.846788,Città della Scienza,81.8,9.527918,7.436091,9.093653,6.47806,EU EEA Common AQI,65.9,8.097575,5.174904,7200,7.9857144,100,100,61.4,7.0057144,Very Low,65.3,8.029635,100,1747877400,Very Low,7.2749214,9.656678,Very Low,10.757365,59.5,11.042857,100,1747877400,8.757143
2025-05-22T01:30:58Z,236,29.928,72.8,62,63.5,1,1,200,84,0.0,255,32767,0.11,2090-9-18,0.0,0.52,26.6,0.0,0.0,0.0,0,4.822265625,6,45,05:40,20:21,2025-05-22 01:30:57.932798,Città della Scienza,81.8,9.527918,7.436091,9.093653,6.47806,EU EEA Common AQI,65.9,8.097575,5.174904,7200,7.9857144,100,100,61.4,7.0057144,Very Low,65.3,8.029635,100,1747877400,Very Low,7.2749214,9.656678,Very Low,10.757365,59.5,11.042857,100,1747877400,8.757143
2025-05-22T01:31:09Z,236,29.928,72.8,62,63.4,1,1,200,84,0.0,255,32767,0.11,2090-9-18,0.0,0.52,26.6,0.0,0.0,0.0,0,4.822265625,6,45,05:40,20:21,2025-05-22 01:31:08.987796,Città della Scienza,81.8,9.527918,7.436091,9.093653,6.47806,EU EEA Common AQI,65.9,8.097575,5.174904,7200,7.9857144,100,100,61.4,7.0057144,Very Low,65.3,8.029635,100,1747877400,Very Low,7.2749214,9.656678,Very Low,10.757365,59.5,11.042857,100,1747877400,8.757143
2025-05-22T01:31:20Z,236,29.928,72.8,62,63.3,2,1,200,84,0.0,255,32767,0.11,2090-9-18,0.0,0.52,26.6,0.0,0.0,0.0,0,4.822265625,6,45,05:40,20:21,2025-05-22 01:31:20.066789,Città della Scienza,81.8,9.527918,7.436091,9.093653,6.47806,EU EEA Common AQI,65.9,8.097575,5.174904,7200,7.9857144,100,100,61.4,7.0057144,Very Low,65.3,8.029635,100,1747877400,Very Low,7.2749214,9.656678,Very Low,10.757365,59.5,11.042857,100,1747877400,8.757143
2025-05-22T01:31:31Z,236,29.928,72.8,62,63.3,0,1,200,84,0.0,255,32767,0.11,2090-9-18,0.0,0.52,26.6,0.0,0.0,0.0,0,4.822265625,6,45,05:40,20:21,2025-05-22 01:31:31.125796,Città della Scienza,81.8,9.527918,7.436091,9.093653,6.47806,EU EEA Common AQI,65.9,8.097575,5.174904,7200,7.9857144,100,100,61.4,7.0057144,Very Low,65.3,8.029635,100,1747877400,Very Low,7.2749214,9.656678,Very Low,10.757365,59.5,11.042857,100,1747877400,8.757143
2025-05-22T01:31:42Z,236,29.929,72.8,62,63.3,0,1,200,84,0.0,255,32767,0.11,2090-9-18,0.0,0.52,26.6,0.0,0.0,0.0,0,4.822265625,6,45,05:40,20:21,2025-05-22 01:31:42.196780,Città della Scienza,81.8,9.527918,7.436091,9.093653,6.47806,EU EEA Common AQI,65.9,8.097575,5.174904,7200,7.9857144,100,100,61.4,7.0057144,Very Low,65.3,8.029635,100,1747877400,Very Low,7.2749214,9.656678,Very Low,10.757365,59.5,11.042857,100,1747877400,8.757143
2025-05-22T01:31:53Z,236,29.929,72.8,62,63.3,0,1,200,84,0.0,255,32767,0.11,2090-9-18,0.0,0.52,26.6,0.0,0.0,0.0,0,4.822265625,6,45,05:40,20:21,2025-05-22 01:31:53.270795,Città della Scienza,81.8,9.527918,7.436091,9.093653,6.47806,EU EEA Common AQI,65.9,8.097575,5.174904,7200,7.9857144,100,100,61.4,7.0057144,Very Low,65.3,8.029635,100,1747877400,Very Low,7.2749214,9.656678,Very Low,10.757365,59.5,11.042857,100,1747877400,8.757143
2025-05-22T01:32:04Z,236,29.929,72.8,62,63.3,0,1,200,84,0.0,255,32767,0.11,2090-9-18,0.0,0.52,26.6,0.0,0.0,0.0,0,4.822265625,6,45,05:40,20:21,2025-05-22 01:32:04.391788,Città della Scienza,81.8,9.527918,7.436091,9.093653,6.47806,EU EEA Common AQI,65.9,8.097575,5.174904,7200,7.9857144,100,100,61.4,7.0057144,Very Low,65.3,8.029635,100,1747877400,Very Low,7.2749214,9.656678,Very Low,10.757365,59.5,11.042857,100,1747877400,8.757143
2025-05-22T01:32:15Z,236,29.929,72.8,62,63.2,0,1,200,84,0.0,255,32767,0.11,2090-9-18,0.0,0.52,26.6,0.0,0.0,0.0,0,4.822265625,6,45,05:40,20:21,2025-05-22 01:32:15.439785,Città della Scienza,81.8,9.527918,7.436091,9.093653,6.47806,EU EEA Common AQI,65.9,8.097575,5.174904,7200,7.9857144,100,100,61.4,7.0057144,Very Low,65.3,8.029635,100,1747877400,Very Low,7.2749214,9.656678,Very Low,10.757365,59.5,11.042857,100,1747877400,8.757143
2025-05-22T01:32:26Z,236,29.929,72.8,62,63.3,0,1,200,84,0.0,255,32767,0.11,2090-9-18,0.0,0.52,26.6,0.0,0.0,0.0,0,4.822265625,6,45,05:40,20:21,2025-05-22 01:32:26.563812,Città della Scienza,81.8,9.527918,7.436091,9.093653,6.47806,EU EEA Common AQI,65.9,8.097575,5.174904,7200,7.9857144,100,100,61.4,7.0057144,Very Low,65.3,8.029635,100,1747877400,Very Low,7.2749214,9.656678,Very Low,10.757365,59.5,11.042857,100,1747877400,8.757143
2025-05-22T01:32:37Z,236,29.93,72.8,62,63.3,0,1,200,84,0.0,255,32767,0.11,2090-9-18,0.0,0.52,26.6,0.0,0.0,0.0,0,4.822265625,6,45,05:40,20:21,2025-05-22 01:32:37.662790,Città della Scienza,81.8,9.527918,7.436091,9.093653,6.47806,EU EEA Common AQI,65.9,8.097575,5.174904,7200,7.9857144,100,100,61.4,7.0057144,Very Low,65.3,8.029635,100,1747877400,Very Low,7.2749214,9.656678,Very Low,10.757365,59.5,11.042857,100,1747877400,8.757143
2025-05-22T01:32:48Z,236,29.93,72.8,62,63.3,0,1,200,84,0.0,255,32767,0.11,2090-9-18,0.0,0.52,26.6,0.0,0.0,0.0,0,4.822265625,6,45,05:40,20:21,2025-05-22 01:32:48.678787,Città della Scienza,81.8,9.527918,7.436091,9.093653,6.47806,EU EEA Common AQI,65.9,8.097575,5.174904,7200,7.9857144,100,100,61.4,7.0057144,Very Low,65.3,8.029635,100,1747877400,Very Low,7.2749214,9.656678,Very Low,10.757365,59.5,11.042857,100,1747877400,8.757143
2025-05-22T01:32:59Z,236,29.93,72.8,62,63.2,0,1,200,84,0.0,255,32767,0.11,2090-9-18,0.0,0.52,26.6,0.0,0.0,0.0,0,4.822265625,6,45,05:40,20:21,2025-05-22 01:32:59.766797,Città della Scienza,81.8,9.527918,7.436091,9.093653,6.47806,EU EEA Common AQI,65.9,8.097575,5.174904,7200,7.9857144,100,100,61.4,7.0057144,Very Low,65.3,8.029635,100,1747877400,Very Low,7.2749214,9.656678,Very Low,10.757365,59.5,11.042857,100,1747877400,8.757143
2025-05-22T01:33:11Z,236,29.93,72.8,62,63.2,0,1,200,84,0.0,255,32767,0.11,2090-9-18,0.0,0.52,26.6,0.0,0.0,0.0,0,4.822265625,6,45,05:40,20:21,2025-05-22 01:33:10.820813,Città della Scienza,81.8,9.527918,7.436091,9.093653,6.47806,EU EEA Common AQI,65.9,8.097575,5.174904,7200,7.9857144,100,100,61.4,7.0057144,Very Low,65.3,8.029635,100,1747877400,Very Low,7.2749214,9.656678,Very Low,10.757365,59.5,11.042857,100,1747877400,8.757143
2025-05-22T01:33:22Z,236,29.93,72.8,62,63.2,0,1,200,84,0.0,255,32767,0.11,2090-9-18,0.0,0.52,26.6,0.0,0.0,0.0,0,4.822265625,6,45,05:40,20:21,2025-05-22 01:33:21.933750,Città della Scienza,81.8,9.527918,7.436091,9.093653,6.47806,EU EEA Common AQI,65.9,8.097575,5.174904,7200,7.9857144,100,100,61.4,7.0057144,Very Low,65.3,8.029635,100,1747877400,Very Low,7.2749214,9.656678,Very Low,10.757365,59.5,11.042857,100,1747877400,8.757143
2025-05-22T01:33:33Z,236,29.929,72.8,62,63.2,0,1,200,84,0.0,255,32767,0.11,2090-9-18,0.0,0.52,26.6,0.0,0.0,0.0,0,4.822265625,6,45,05:40,20:21,2025-05-22 01:33:32.997803,Città della Scienza,81.8,9.527918,7.436091,9.093653,6.47806,EU EEA Common AQI,65.9,8.097575,5.174904,7200,7.9857144,100,100,61.4,7.0057144,Very Low,65.3,8.029635,100,1747877400,Very Low,7.2749214,9.656678,Very Low,10.757365,59.5,11.042857,100,1747877400,8.757143
2025-05-22T01:33:44Z,236,29.929,72.8,62,63.2,0,1,200,84,0.0,255,32767,0.11,2090-9-18,0.0,0.52,26.6,0.0,0.0,0.0,0,4.822265625,6,45,05:40,20:21,2025-05-22 01:33:44.079789,Città della Scienza,81.8,9.527918,7.436091,9.093653,6.47806,EU EEA Common AQI,65.9,8.097575,5.174904,7200,7.9857144,100,100,61.4,7.0057144,Very Low,65.3,8.029635,100,1747877400,Very Low,7.2749214,9.656678,Very Low,10.757365,59.5,11.042857,100,1747877400,8.757143
2025-05-22T01:33:55Z,236,29.929,72.8,62,63.1,0,1,200,84,0.0,255,32767,0.11,2090-9-18,0.0,0.52,26.6,0.0,0.0,0.0,0,4.822265625,6,45,05:40,20:21,2025-05-22 01:33:55.134791,Città della Scienza,81.8,9.527918,7.436091,9.093653,6.47806,EU EEA Common AQI,65.9,8.097575,5.174904,7200,7.9857144,100,100,61.4,7.0057144,Very Low,65.3,8.029635,100,1747877400,Very Low,7.2749214,9.656678,Very Low,10.757365,59.5,11.042857,100,1747877400,8.757143
2025-05-22T01:34:06Z,236,29.929,72.8,62,63.1,0,1,200,84,0.0,255,32767,0.11,2090-9-18,0.0,0.52,26.6,0.0,0.0,0.0,0,4.822265625,6,45,05:40,20:21,2025-05-22 01:34:06.177805,Città della Scienza,81.8,9.527918,7.436091,9.093653,6.47806,EU EEA Common AQI,65.9,8.097575,5.174904,7200,7.9857144,100,100,61.4,7.0057144,Very Low,65.3,8.029635,100,1747877400,Very Low,7.2749214,9.656678,Very Low,10.757365,59.5,11.042857,100,1747877400,8.757143
2025-05-22T01:34:17Z,236,29.929,72.8,62,63.1,0,1,200,84,0.0,255,32767,0.11,2090-9-18,0.0,0.52,26.6,0.0,0.0,0.0,0,4.822265625,6,45,05:40,20:21,2025-05-22 01:34:17.217793,Città della Scienza,81.8,9.527918,7.436091,9.093653,6.47806,EU EEA Common AQI,65.9,8.097575,5.174904,7200,7.9857144,100,100,61.4,7.0057144,Very Low,65.3,8.029635,100,1747877400,Very Low,7.2749214,9.656678,Very Low,10.757365,59.5,11.042857,100,1747877400,8.757143
2025-05-22T01:34:28Z,236,29.929,72.8,62,63.1,0,1,200,84,0.0,255,32767,0.11,2090-9-18,0.0,0.52,26.6,0.0,0.0,0.0,0,4.822265625,6,45,05:40,20:21,2025-05-22 01:34:28.296786,Città della Scienza,81.8,9.527918,7.436091,9.093653,6.47806,EU EEA Common AQI,65.9,8.097575,5.174904,7200,7.9857144,100,100,61.4,7.0057144,Very Low,65.3,8.029635,100,1747877400,Very Low,7.2749214,9.656678,Very Low,10.757365,59.5,11.042857,100,1747877400,8.757143
2025-05-22T01:34:39Z,236,29.927,72.8,62,63.1,0,1,200,84,0.0,255,32767,0.11,2090-9-18,0.0,0.52,26.6,0.0,0.0,0.0,0,4.822265625,6,45,05:40,20:21,2025-05-22 01:34:39.399795,Città della Scienza,81.8,9.527918,7.436091,9.093653,6.47806,EU EEA Common AQI,65.9,8.097575,5.174904,7200,7.9857144,100,100,61.4,7.0057144,Very Low,65.3,8.029635,100,1747877400,Very Low,7.2749214,9.656678,Very Low,10.757365,59.5,11.042857,100,1747877400,8.757143
2025-05-22T01:34:50Z,236,29.927,72.8,62,63.1,0,1,200,84,0.0,255,32767,0.11,2090-9-18,0.0,0.52,26.6,0.0,0.0,0.0,0,4.822265625,6,45,05:40,20:21,2025-05-22 01:34:50.469786,Città della Scienza,81.8,9.527918,7.436091,9.093653,6.47806,EU EEA Common AQI,65.9,8.097575,5.174904,7200,7.9857144,100,100,61.4,7.0057144,Very Low,65.3,8.029635,100,1747877400,Very Low,7.2749214,9.656678,Very Low,10.757365,59.5,11.042857,100,1747877400,8.757143
2025-05-22T01:35:01Z,236,29.927,72.8,62,63.1,0,1,200,84,0.0,255,32767,0.11,2090-9-18,0.0,0.52,26.6,0.0,0.0,0.0,0,4.822265625,6,45,05:40,20:21,2025-05-22 01:35:01.540802,Città della Scienza,81.8,9.527918,7.436091,9.093653,6.47806,EU EEA Common AQI,65.9,8.097575,5.174904,7200,7.9857144,100,100,61.4,7.0057144,Very Low,65.3,8.029635,100,1747877400,Very Low,7.2749214,9.656678,Very Low,10.757365,59.5,11.042857,100,1747877400,8.757143
2025-05-22T01:35:12Z,236,29.927,72.8,62,63.0,0,1,200,84,0.0,255,32767,0.11,2090-9-18,0.0,0.52,26.6,0.0,0.0,0.0,0,4.822265625,6,45,05:40,20:21,2025-05-22 01:35:12.624793,Città della Scienza,81.8,9.527918,7.436091,9.093653,6.47806,EU EEA Common AQI,65.9,8.097575,5.174904,7200,7.9857144,100,100,61.4,7.0057144,Very Low,65.3,8.029635,100,1747877400,Very Low,7.2749214,9.656678,Very Low,10.757365,59.5,11.042857,100,1747877400,8.757143
2025-05-22T01:35:23Z,236,29.927,72.8,62,63.0,0,1,200,84,0.0,255,32767,0.11,2090-9-18,0.0,0.52,26.6,0.0,0.0,0.0,0,4.822265625,6,45,05:40,20:21,2025-05-22 01:35:23.747785,Città della Scienza,81.8,9.527918,7.436091,9.093653,6.47806,EU EEA Common AQI,65.9,8.097575,5.174904,7200,7.9857144,100,100,61.4,7.0057144,Very Low,65.3,8.029635,100,1747877400,Very Low,7.2749214,9.656678,Very Low,10.757365,59.5,11.042857,100,1747877400,8.757143
2025-05-22T01:35:35Z,236,29.928,72.8,62,63.0,0,0,200,84,0.0,255,32767,0.11,2090-9-18,0.0,0.52,26.6,0.0,0.0,0.0,0,4.822265625,6,45,05:40,20:21,2025-05-22 01:35:34.839779,Città della Scienza,81.8,9.527918,7.436091,9.093653,6.47806,EU EEA Common AQI,65.9,8.097575,5.174904,7200,7.9857144,100,100,61.4,7.0057144,Very Low,65.3,8.029635,100,1747877400,Very Low,7.2749214,9.656678,Very Low,10.757365,59.5,11.042857,100,1747877400,8.757143
2025-05-22T01:35:46Z,236,29.928,72.8,62,63.0,0,0,200,84,0.0,255,32767,0.11,2090-9-18,0.0,0.52,26.6,0.0,0.0,0.0,0,4.822265625,6,45,05:40,20:21,2025-05-22 01:35:45.895787,Città della Scienza,81.8,9.527918,7.436091,9.093653,6.47806,EU EEA Common AQI,65.9,8.097575,5.174904,7200,7.9857144,100,100,61.4,7.0057144,Very Low,65.3,8.029635,100,1747877400,Very Low,7.2749214,9.656678,Very Low,10.757365,59.5,11.042857,100,1747877400,8.757143
2025-05-22T01:35:57Z,236,29.928,72.8,62,63.0,0,0,200,84,0.0,255,32767,0.11,2090-9-18,0.0,0.52,26.6,0.0,0.0,0.0,0,4.822265625,6,45,05:40,20:21,2025-05-22 01:35:56.969826,Città della Scienza,81.8,9.527918,7.436091,9.093653,6.47806,EU EEA Common AQI,65.9,8.097575,5.174904,7200,7.9857144,100,100,61.4,7.0057144,Very Low,65.3,8.029635,100,1747877400,Very Low,7.2749214,9.656678,Very Low,10.757365,59.5,11.042857,100,1747877400,8.757143
2025-05-22T01:36:08Z,236,29.928,72.8,62,63.0,0,0,200,84,0.0,255,32767,0.11,2090-9-18,0.0,0.52,26.6,0.0,0.0,0.0,0,4.822265625,6,45,05:40,20:21,2025-05-22 01:36:08.027789,Città della Scienza,81.8,9.527918,7.436091,9.093653,6.47806,EU EEA Common AQI,65.9,8.097575,5.174904,7200,7.9857144,100,100,61.4,7.0057144,Very Low,65.3,8.029635,100,1747877400,Very Low,7.2749214,9.656678,Very Low,10.757365,59.5,11.042857,100,1747877400,8.757143
2025-05-22T01:36:19Z,236,29.928,72.8,62,63.0,0,0,200,84,0.0,255,32767,0.11,2090-9-18,0.0,0.52,26.6,0.0,0.0,0.0,0,4.822265625,6,45,05:40,20:21,2025-05-22 01:36:19.149794,Città della Scienza,81.8,9.527918,7.436091,9.093653,6.47806,EU EEA Common AQI,65.9,8.097575,5.174904,7200,7.9857144,100,100,61.4,7.0057144,Very Low,65.3,8.029635,100,1747877400,Very Low,7.2749214,9.656678,Very Low,10.757365,59.5,11.042857,100,1747877400,8.757143
2025-05-22T01:36:30Z,236,29.928,72.8,62,62.9,0,0,200,84,0.0,255,32767,0.11,2090-9-18,0.0,0.52,26.6,0.0,0.0,0.0,0,4.822265625,6,45,05:40,20:21,2025-05-22 01:36:30.202799,Città della Scienza,81.8,9.527918,7.436091,9.093653,6.47806,EU EEA Common AQI,65.9,8.097575,5.174904,7200,7.9857144,100,100,61.4,7.0057144,Very Low,65.3,8.029635,100,1747877400,Very Low,7.2749214,9.656678,Very Low,10.757365,59.5,11.042857,100,1747877400,8.757143
2025-05-22T01:36:41Z,236,29.928,72.8,62,62.9,0,0,200,84,0.0,255,32767,0.11,2090-9-18,0.0,0.52,26.6,0.0,0.0,0.0,0,4.822265625,6,45,05:40,20:21,2025-05-22 01:36:41.276788,Città della Scienza,81.8,9.527918,7.436091,9.093653,6.47806,EU EEA Common AQI,65.9,8.097575,5.174904,7200,7.9857144,100,100,61.4,7.0057144,Very Low,65.3,8.029635,100,1747877400,Very Low,7.2749214,9.656678,Very Low,10.757365,59.5,11.042857,100,1747877400,8.757143
2025-05-22T01:36:52Z,236,29.928,72.8,62,62.9,0,0,200,84,0.0,255,32767,0.11,2090-9-18,0.0,0.52,26.6,0.0,0.0,0.0,0,4.822265625,6,45,05:40,20:21,2025-05-22 01:36:52.344808,Città della Scienza,81.8,9.527918,7.436091,9.093653,6.47806,EU EEA Common AQI,65.9,8.097575,5.174904,7200,7.9857144,100,100,61.4,7.0057144,Very Low,65.3,8.029635,100,1747877400,Very Low,7.2749214,9.656678,Very Low,10.757365,59.5,11.042857,100,1747877400,8.757143
2025-05-22T01:37:03Z,236,29.928,72.8,62,62.9,0,0,200,84,0.0,255,32767,0.11,2090-9-18,0.0,0.52,26.6,0.0,0.0,0.0,0,4.822265625,6,45,05:40,20:21,2025-05-22 01:37:03.449790,Città della Scienza,81.8,9.527918,7.436091,9.093653,6.47806,EU EEA Common AQI,65.9,8.097575,5.174904,7200,7.9857144,100,100,61.4,7.0057144,Very Low,65.3,8.029635,100,1747877400,Very Low,7.2749214,9.656678,Very Low,10.757365,59.5,11.042857,100,1747877400,8.757143
2025-05-22T01:37:14Z,236,29.928,72.8,62,62.9,0,0,200,84,0.0,255,32767,0.11,2090-9-18,0.0,0.52,26.6,0.0,0.0,0.0,0,4.822265625,6,45,05:40,20:21,2025-05-22 01:37:14.498787,Città della Scienza,81.8,9.527918,7.436091,9.093653,6.47806,EU EEA Common AQI,65.9,8.097575,5.174904,7200,7.9857144,100,100,61.4,7.0057144,Very Low,65.3,8.029635,100,1747877400,Very Low,7.2749214,9.656678,Very Low,10.757365,59.5,11.042857,100,1747877400,8.757143
2025-05-22T01:37:25Z,236,29.928,72.8,62,62.9,0,0,200,84,0.0,255,32767,0.11,2090-9-18,0.0,0.52,26.6,0.0,0.0,0.0,0,4.822265625,6,45,05:40,20:21,2025-05-22 01:37:25.596785,Città della Scienza,81.8,9.527918,7.436091,9.093653,6.47806,EU EEA Common AQI,65.9,8.097575,5.174904,7200,7.9857144,100,100,61.4,7.0057144,Very Low,65.3,8.029635,100,1747877400,Very Low,7.2749214,9.656678,Very Low,10.757365,59.5,11.042857,100,1747877400,8.757143
2025-05-22T01:37:36Z,236,29.928,72.8,62,62.9,0,0,200,84,0.0,255,32767,0.11,2090-9-18,0.0,0.52,26.6,0.0,0.0,0.0,0,4.822265625,6,45,05:40,20:21,2025-05-22 01:37:36.647752,Città della Scienza,81.8,9.527918,7.436091,9.093653,6.47806,EU EEA Common AQI,65.9,8.097575,5.174904,7200,7.9857144,100,100,61.4,7.0057144,Very Low,65.3,8.029635,100,1747877400,Very Low,7.2749214,9.656678,Very Low,10.757365,59.5,11.042857,100,1747877400,8.757143
2025-05-22T01:37:47Z,236,29.928,72.8,62,62.9,0,0,200,84,0.0,255,32767,0.11,2090-9-18,0.0,0.52,26.6,0.0,0.0,0.0,0,4.822265625,6,45,05:40,20:21,2025-05-22 01:37:47.761787,Città della Scienza,81.8,9.527918,7.436091,9.093653,6.47806,EU EEA Common AQI,65.9,8.097575,5.174904,7200,7.9857144,100,100,61.4,7.0057144,Very Low,65.3,8.029635,100,1747877400,Very Low,7.2749214,9.656678,Very Low,10.757365,59.5,11.042857,100,1747877400,8.757143
2025-05-22T01:37:59Z,236,29.928,72.8,62,62.9,0,0,215,84,0.0,255,32767,0.11,2090-9-18,0.0,0.52,26.6,0.0,0.0,0.0,0,4.822265625,6,45,05:40,20:21,2025-05-22 01:37:58.921791,Città della Scienza,81.8,9.527918,7.436091,9.093653,6.47806,EU EEA Common AQI,65.9,8.097575,5.174904,7200,7.9857144,100,100,61.4,7.0057144,Very Low,65.3,8.029635,100,1747877400,Very Low,7.2749214,9.656678,Very Low,10.757365,59.5,11.042857,100,1747877400,8.757143
2025-05-22T01:38:10Z,236,29.928,72.8,62,62.9,0,0,286,84,0.0,255,32767,0.11,2090-9-18,0.0,0.52,26.6,0.0,0.0,0.0,0,4.822265625,6,45,05:40,20:21,2025-05-22 01:38:09.982793,Città della Scienza,81.8,9.527918,7.436091,9.093653,6.47806,EU EEA Common AQI,65.9,8.097575,5.174904,7200,7.9857144,100,100,61.4,7.0057144,Very Low,65.3,8.029635,100,1747877400,Very Low,7.2749214,9.656678,Very Low,10.757365,59.5,11.042857,100,1747877400,8.757143
2025-05-22T01:38:21Z,236,29.928,72.8,62,62.9,0,0,288,84,0.0,255,32767,0.11,2090-9-18,0.0,0.52,26.6,0.0,0.0,0.0,0,4.822265625,6,45,05:40,20:21,2025-05-22 01:38:21.070785,Città della Scienza,81.8,9.527918,7.436091,9.093653,6.47806,EU EEA Common AQI,65.9,8.097575,5.174904,7200,7.9857144,100,100,61.4,7.0057144,Very Low,65.3,8.029635,100,1747877400,Very Low,7.2749214,9.656678,Very Low,10.757365,59.5,11.042857,100,1747877400,8.757143
2025-05-22T01:38:32Z,236,29.928,72.8,62,62.9,0,0,295,84,0.0,255,32767,0.11,2090-9-18,0.0,0.52,26.6,0.0,0.0,0.0,0,4.822265625,6,45,05:40,20:21,2025-05-22 01:38:32.378790,Città della Scienza,81.8,9.527918,7.436091,9.093653,6.47806,EU EEA Common AQI,65.9,8.097575,5.174904,7200,7.9857144,100,100,61.4,7.0057144,Very Low,65.3,8.029635,100,1747877400,Very Low,7.2749214,9.656678,Very Low,10.757365,59.5,11.042857,100,1747877400,8.757143
2025-05-22T01:38:43Z,236,29.926,72.8,62,62.9,0,0,296,84,0.0,255,32767,0.11,2090-9-18,0.0,0.52,26.6,0.0,0.0,0.0,0,4.822265625,6,45,05:40,20:21,2025-05-22 01:38:43.432545,Città della Scienza,81.8,9.527918,7.436091,9.093653,6.47806,EU EEA Common AQI,65.9,8.097575,5.174904,7200,7.9857144,100,100,61.4,7.0057144,Very Low,65.3,8.029635,100,1747877400,Very Low,7.2749214,9.656678,Very Low,10.757365,59.5,11.042857,100,1747877400,8.757143
2025-05-22T01:38:54Z,236,29.926,72.8,62,62.9,0,0,306,84,0.0,255,32767,0.11,2090-9-18,0.0,0.52,26.6,0.0,0.0,0.0,0,4.822265625,6,45,05:40,20:21,2025-05-22 01:38:54.514782,Città della Scienza,81.8,9.527918,7.436091,9.093653,6.47806,EU EEA Common AQI,65.9,8.097575,5.174904,7200,7.9857144,100,100,61.4,7.0057144,Very Low,65.3,8.029635,100,1747877400,Very Low,7.2749214,9.656678,Very Low,10.757365,59.5,11.042857,100,1747877400,8.757143
2025-05-22T01:39:05Z,236,29.926,72.8,62,62.8,0,0,306,84,0.0,255,32767,0.11,2090-9-18,0.0,0.52,26.6,0.0,0.0,0.0,0,4.822265625,6,45,05:40,20:21,2025-05-22 01:39:05.583784,Città della Scienza,81.8,9.527918,7.436091,9.093653,6.47806,EU EEA Common AQI,65.9,8.097575,5.174904,7200,7.9857144,100,100,61.4,7.0057144,Very Low,65.3,8.029635,100,1747877400,Very Low,7.2749214,9.656678,Very Low,10.757365,59.5,11.042857,100,1747877400,8.757143
2025-05-22T01:39:16Z,236,29.926,72.8,62,62.9,0,0,309,84,0.0,255,32767,0.11,2090-9-18,0.0,0.52,26.6,0.0,0.0,0.0,0,4.822265625,6,45,05:40,20:21,2025-05-22 01:39:16.642791,Città della Scienza,81.8,9.527918,7.436091,9.093653,6.47806,EU EEA Common AQI,65.9,8.097575,5.174904,7200,7.9857144,100,100,61.4,7.0057144,Very Low,65.3,8.029635,100,1747877400,Very Low,7.2749214,9.656678,Very Low,10.757365,59.5,11.042857,100,1747877400,8.757143
2025-05-22T01:39:27Z,236,29.926,72.8,62,62.8,0,0,319,84,0.0,255,32767,0.11,2090-9-18,0.0,0.52,26.6,0.0,0.0,0.0,0,4.822265625,6,45,05:40,20:21,2025-05-22 01:39:27.797784,Città della Scienza,81.8,9.527918,7.436091,9.093653,6.47806,EU EEA Common AQI,65.9,8.097575,5.174904,7200,7.9857144,100,100,61.4,7.0057144,Very Low,65.3,8.029635,100,1747877400,Very Low,7.2749214,9.656678,Very Low,10.757365,59.5,11.042857,100,1747877400,8.757143
2025-05-22T01:39:39Z,236,29.927,72.8,62,62.8,0,0,329,84,0.0,255,32767,0.11,2090-9-18,0.0,0.52,26.6,0.0,0.0,0.0,0,4.822265625,6,45,05:40,20:21,2025-05-22 01:39:38.833803,Città della Scienza,81.8,9.527918,7.436091,9.093653,6.47806,EU EEA Common AQI,65.9,8.097575,5.174904,7200,7.9857144,100,100,61.4,7.0057144,Very Low,65.3,8.029635,100,1747877400,Very Low,7.2749214,9.656678,Very Low,10.757365,59.5,11.042857,100,1747877400,8.757143
2025-05-22T01:39:50Z,236,29.927,72.8,62,62.8,0,0,333,84,0.0,255,32767,0.11,2090-9-18,0.0,0.52,26.6,0.0,0.0,0.0,0,4.822265625,6,45,05:40,20:21,2025-05-22 01:39:49.918789,Città della Scienza,81.8,9.527918,7.436091,9.093653,6.47806,EU EEA Common AQI,65.9,8.097575,5.174904,7200,7.9857144,100,100,61.4,7.0057144,Very Low,65.3,8.029635,100,1747877400,Very Low,7.2749214,9.656678,Very Low,10.757365,59.5,11.042857,100,1747877400,8.757143
2025-05-22T01:40:01Z,236,29.927,72.8,62,62.8,0,0,343,84,0.0,255,32767,0.11,2090-9-18,0.0,0.52,26.6,0.0,0.0,0.0,0,4.822265625,6,45,05:40,20:21,2025-05-22 01:40:00.997802,Città della Scienza,81.8,9.527918,7.436091,9.093653,6.47806,EU EEA Common AQI,65.9,8.097575,5.174904,7200,7.9857144,100,100,61.4,7.0057144,Very Low,65.3,8.029635,100,1747877400,Very Low,7.2749214,9.656678,Very Low,10.757365,59.5,11.042857,100,1747877400,8.757143
2025-05-22T01:40:12Z,236,29.927,72.8,62,62.8,0,0,346,85,0.0,255,32767,0.11,2090-9-18,0.0,0.52,26.6,0.0,0.0,0.0,0,4.822265625,6,45,05:40,20:21,2025-05-22 01:40:12.071791,Città della Scienza,81.8,9.527918,7.436091,9.093653,6.47806,EU EEA Common AQI,65.9,8.097575,5.174904,7200,7.9857144,100,100,61.4,7.0057144,Very Low,65.3,8.029635,100,1747877400,Very Low,7.2749214,9.656678,Very Low,10.757365,59.5,11.042857,100,1747877400,8.757143
2025-05-22T01:40:23Z,236,29.927,72.8,62,62.7,0,0,355,85,0.0,255,32767,0.11,2090-9-18,0.0,0.52,26.6,0.0,0.0,0.0,0,4.822265625,6,45,05:40,20:21,2025-05-22 01:40:23.099782,Città della Scienza,81.8,9.527918,7.436091,9.093653,6.47806,EU EEA Common AQI,65.9,8.097575,5.174904,7200,7.9857144,100,100,61.4,7.0057144,Very Low,65.3,8.029635,100,1747877400,Very Low,7.2749214,9.656678,Very Low,10.757365,59.5,11.042857,100,1747877400,8.757143
2025-05-22T01:40:34Z,236,29.926,72.8,62,62.7,0,0,360,85,0.0,255,32767,0.11,2090-9-18,0.0,0.52,26.6,0.0,0.0,0.0,0,4.822265625,6,45,05:40,20:21,2025-05-22 01:40:34.200785,Città della Scienza,81.8,9.527918,7.436091,9.093653,6.47806,EU EEA Common AQI,65.9,8.097575,5.174904,7200,7.9857144,100,100,61.4,7.0057144,Very Low,65.3,8.029635,100,1747877400,Very Low,7.2749214,9.656678,Very Low,10.757365,59.5,11.042857,100,1747877400,8.757143
2025-05-22T01:40:45Z,236,29.926,72.8,62,62.7,0,0,360,85,0.0,255,32767,0.11,2090-9-18,0.0,0.52,26.6,0.0,0.0,0.0,0,4.822265625,6,45,05:40,20:21,2025-05-22 01:40:45.223797,Città della Scienza,81.8,9.527918,7.436091,9.093653,6.47806,EU EEA Common AQI,65.9,8.097575,5.174904,7200,7.9857144,100,100,61.4,7.0057144,Very Low,65.3,8.029635,100,1747877400,Very Low,7.2749214,9.656678,Very Low,10.757365,59.5,11.042857,100,1747877400,8.757143
2025-05-22T01:40:56Z,236,29.926,72.8,62,62.7,0,0,360,85,0.0,255,32767,0.11,2090-9-18,0.0,0.52,26.6,0.0,0.0,0.0,0,4.822265625,6,45,05:40,20:21,2025-05-22 01:40:56.271795,Città della Scienza,81.8,9.527918,7.436091,9.093653,6.47806,EU EEA Common AQI,65.9,8.097575,5.174904,7200,7.9857144,100,100,61.4,7.0057144,Very Low,65.3,8.029635,100,1747877400,Very Low,7.2749214,9.656678,Very Low,10.757365,59.5,11.042857,100,1747877400,8.757143
2025-05-22T01:41:07Z,236,29.926,72.8,62,62.7,0,0,360,85,0.0,255,32767,0.11,2090-9-18,0.0,0.52,26.6,0.0,0.0,0.0,0,4.822265625,6,45,05:40,20:21,2025-05-22 01:41:07.373801,Città della Scienza,81.8,9.527918,7.436091,9.093653,6.47806,EU EEA Common AQI,65.9,8.097575,5.174904,7200,7.9857144,100,100,61.4,7.0057144,Very Low,65.3,8.029635,100,1747877400,Very Low,7.2749214,9.656678,Very Low,10.757365,59.5,11.042857,100,1747877400,8.757143
2025-05-22T01:41:18Z,236,29.926,72.8,62,62.7,0,0,360,85,0.0,255,32767,0.11,2090-9-18,0.0,0.52,26.6,0.0,0.0,0.0,0,4.822265625,6,45,05:40,20:21,2025-05-22 01:41:18.412779,Città della Scienza,81.8,9.527918,7.436091,9.093653,6.47806,EU EEA Common AQI,65.9,8.097575,5.174904,7200,7.9857144,100,100,61.4,7.0057144,Very Low,65.3,8.029635,100,1747877400,Very Low,7.2749214,9.656678,Very Low,10.757365,59.5,11.042857,100,1747877400,8.757143
2025-05-22T01:41:29Z,236,29.926,72.8,62,62.7,0,0,360,85,0.0,255,32767,0.11,2090-9-18,0.0,0.52,26.6,0.0,0.0,0.0,0,4.822265625,6,45,05:40,20:21,2025-05-22 01:41:29.547811,Città della Scienza,81.8,9.527918,7.436091,9.093653,6.47806,EU EEA Common AQI,65.9,8.097575,5.174904,7200,7.9857144,100,100,61.4,7.0057144,Very Low,65.3,8.029635,100,1747877400,Very Low,7.2749214,9.656678,Very Low,10.757365,59.5,11.042857,100,1747877400,8.757143
2025-05-22T01:41:40Z,236,29.927,72.8,62,62.7,0,0,355,85,0.0,255,32767,0.11,2090-9-18,0.0,0.52,26.6,0.0,0.0,0.0,0,4.822265625,6,45,05:40,20:21,2025-05-22 01:41:40.644790,Città della Scienza,81.8,9.527918,7.436091,9.093653,6.47806,EU EEA Common AQI,65.9,8.097575,5.174904,7200,7.9857144,100,100,61.4,7.0057144,Very Low,65.3,8.029635,100,1747877400,Very Low,7.2749214,9.656678,Very Low,10.757365,59.5,11.042857,100,1747877400,8.757143
2025-05-22T01:41:51Z,236,29.927,72.8,62,62.7,1,0,26,85,0.0,255,32767,0.11,2090-9-18,0.0,0.52,26.6,0.0,0.0,0.0,0,4.822265625,6,45,05:40,20:21,2025-05-22 01:41:51.728747,Città della Scienza,81.8,9.527918,7.436091,9.093653,6.47806,EU EEA Common AQI,65.9,8.097575,5.174904,7200,7.9857144,100,100,61.4,7.0057144,Very Low,65.3,8.029635,100,1747877400,Very Low,7.2749214,9.656678,Very Low,10.757365,59.5,11.042857,100,1747877400,8.757143
2025-05-22T01:42:03Z,236,29.927,72.8,62,62.7,0,0,26,85,0.0,255,32767,0.11,2090-9-18,0.0,0.52,26.6,0.0,0.0,0.0,0,4.822265625,6,45,05:40,20:21,2025-05-22 01:42:02.827791,Città della Scienza,81.8,9.527918,7.436091,9.093653,6.47806,EU EEA Common AQI,65.9,8.097575,5.174904,7200,7.9857144,100,100,61.4,7.0057144,Very Low,65.3,8.029635,100,1747877400,Very Low,7.2749214,9.656678,Very Low,10.757365,59.5,11.042857,100,1747877400,8.757143
2025-05-22T01:42:14Z,236,29.927,72.8,62,62.6,2,0,5,85,0.0,255,32767,0.11,2090-9-18,0.0,0.52,26.6,0.0,0.0,0.0,0,4.822265625,6,45,05:40,20:21,2025-05-22 01:42:13.883793,Città della Scienza,81.8,9.527918,7.436091,9.093653,6.47806,EU EEA Common AQI,65.9,8.097575,5.174904,7200,7.9857144,100,100,61.4,7.0057144,Very Low,65.3,8.029635,100,1747877400,Very Low,7.2749214,9.656678,Very Low,10.757365,59.5,11.042857,100,1747877400,8.757143
2025-05-22T01:42:25Z,236,29.927,72.8,62,62.7,1,0,338,85,0.0,255,32767,0.11,2090-9-18,0.0,0.52,26.6,0.0,0.0,0.0,0,4.822265625,6,45,05:40,20:21,2025-05-22 01:42:24.956789,Città della Scienza,81.8,9.527918,7.436091,9.093653,6.47806,EU EEA Common AQI,65.9,8.097575,5.174904,7200,7.9857144,100,100,61.4,7.0057144,Very Low,65.3,8.029635,100,1747877400,Very Low,7.2749214,9.656678,Very Low,10.757365,59.5,11.042857,100,1747877400,8.757143
2025-05-22T01:42:36Z,236,29.925,72.8,62,62.6,2,0,344,85,0.0,255,32767,0.11,2090-9-18,0.0,0.52,26.6,0.0,0.0,0.0,0,4.822265625,6,45,05:40,20:21,2025-05-22 01:42:36.063787,Città della Scienza,81.8,9.527918,7.436091,9.093653,6.47806,EU EEA Common AQI,65.9,8.097575,5.174904,7200,7.9857144,100,100,61.4,7.0057144,Very Low,65.3,8.029635,100,1747877400,Very Low,7.2749214,9.656678,Very Low,10.757365,59.5,11.042857,100,1747877400,8.757143
2025-05-22T01:42:47Z,236,29.925,72.8,62,62.6,3,0,346,85,0.0,255,32767,0.11,2090-9-18,0.0,0.52,26.6,0.0,0.0,0.0,0,4.822265625,6,45,05:40,20:21,2025-05-22 01:42:47.160790,Città della Scienza,81.8,9.527918,7.436091,9.093653,6.47806,EU EEA Common AQI,65.9,8.097575,5.174904,7200,7.9857144,100,100,61.4,7.0057144,Very Low,65.3,8.029635,100,1747877400,Very Low,7.2749214,9.656678,Very Low,10.757365,59.5,11.042857,100,1747877400,8.757143
2025-05-22T01:42:58Z,236,29.925,72.8,62,62.6,2,0,345,85,0.0,255,32767,0.11,2090-9-18,0.0,0.52,26.6,0.0,0.0,0.0,0,4.822265625,6,45,05:40,20:21,2025-05-22 01:42:58.261792,Città della Scienza,81.8,9.527918,7.436091,9.093653,6.47806,EU EEA Common AQI,65.9,8.097575,5.174904,7200,7.9857144,100,100,61.4,7.0057144,Very Low,65.3,8.029635,100,1747877400,Very Low,7.2749214,9.656678,Very Low,10.757365,59.5,11.042857,100,1747877400,8.757143
2025-05-22T01:43:09Z,236,29.925,72.8,62,62.6,1,0,342,85,0.0,255,32767,0.11,2090-9-18,0.0,0.52,26.6,0.0,0.0,0.0,0,4.822265625,6,45,05:40,20:21,2025-05-22 01:43:09.331786,Città della Scienza,81.8,9.527918,7.436091,9.093653,6.47806,EU EEA Common AQI,65.9,8.097575,5.174904,7200,7.9857144,100,100,61.4,7.0057144,Very Low,65.3,8.029635,100,1747877400,Very Low,7.2749214,9.656678,Very Low,10.757365,59.5,11.042857,100,1747877400,8.757143
2025-05-22T01:43:20Z,236,29.925,72.8,62,62.6,3,0,355,85,0.0,255,32767,0.11,2090-9-18,0.0,0.52,26.6,0.0,0.0,0.0,0,4.822265625,6,45,05:40,20:21,2025-05-22 01:43:20.453797,Città della Scienza,81.8,9.527918,7.436091,9.093653,6.47806,EU EEA Common AQI,65.9,8.097575,5.174904,7200,7.9857144,100,100,61.4,7.0057144,Very Low,65.3,8.029635,100,1747877400,Very Low,7.2749214,9.656678,Very Low,10.757365,59.5,11.042857,100,1747877400,8.757143
2025-05-22T01:43:31Z,236,29.925,72.8,62,62.7,3,0,355,85,0.0,255,32767,0.11,2090-9-18,0.0,0.52,26.6,0.0,0.0,0.0,0,4.822265625,6,45,05:40,20:21,2025-05-22 01:43:31.502792,Città della Scienza,81.8,9.527918,7.436091,9.093653,6.47806,EU EEA Common AQI,65.9,8.097575,5.174904,7200,7.9857144,100,100,61.4,7.0057144,Very Low,65.3,8.029635,100,1747877400,Very Low,7.2749214,9.656678,Very Low,10.757365,59.5,11.042857,100,1747877400,8.757143
2025-05-22T01:43:42Z,236,29.927,72.7,62,62.6,3,0,355,85,0.0,255,32767,0.11,2090-9-18,0.0,0.52,26.6,0.0,0.0,0.0,0,4.822265625,6,45,05:40,20:21,2025-05-22 01:43:42.567789,Città della Scienza,81.8,9.527918,7.436091,9.093653,6.47806,EU EEA Common AQI,65.9,8.097575,5.174904,7200,7.9857144,100,100,61.4,7.0057144,Very Low,65.3,8.029635,100,1747877400,Very Low,7.2749214,9.656678,Very Low,10.757365,59.5,11.042857,100,1747877400,8.757143
2025-05-22T01:43:53Z,236,29.927,72.7,62,62.6,2,0,355,85,0.0,255,32767,0.11,2090-9-18,0.0,0.52,26.6,0.0,0.0,0.0,0,4.822265625,6,45,05:40,20:21,2025-05-22 01:43:53.672788,Città della Scienza,81.8,9.527918,7.436091,9.093653,6.47806,EU EEA Common AQI,65.9,8.097575,5.174904,7200,7.9857144,100,100,61.4,7.0057144,Very Low,65.3,8.029635,100,1747877400,Very Low,7.2749214,9.656678,Very Low,10.757365,59.5,11.042857,100,1747877400,8.757143
2025-05-22T01:44:04Z,236,29.927,72.7,62,62.6,2,0,13,85,0.0,255,32767,0.11,2090-9-18,0.0,0.52,26.6,0.0,0.0,0.0,0,4.822265625,6,45,05:40,20:21,2025-05-22 01:44:04.788786,Città della Scienza,81.8,9.527918,7.436091,9.093653,6.47806,EU EEA Common AQI,65.9,8.097575,5.174904,7200,7.9857144,100,100,61.4,7.0057144,Very Low,65.3,8.029635,100,1747877400,Very Low,7.2749214,9.656678,Very Low,10.757365,59.5,11.042857,100,1747877400,8.757143
2025-05-22T01:44:16Z,236,29.927,72.7,62,62.6,2,0,5,85,0.0,255,32767,0.11,2090-9-18,0.0,0.52,26.6,0.0,0.0,0.0,0,4.822265625,6,45,05:40,20:21,2025-05-22 01:44:15.860810,Città della Scienza,81.8,9.527918,7.436091,9.093653,6.47806,EU EEA Common AQI,65.9,8.097575,5.174904,7200,7.9857144,100,100,61.4,7.0057144,Very Low,65.3,8.029635,100,1747877400,Very Low,7.2749214,9.656678,Very Low,10.757365,59.5,11.042857,100,1747877400,8.757143
2025-05-22T01:44:27Z,236,29.927,72.7,62,62.6,2,0,349,85,0.0,255,32767,0.11,2090-9-18,0.0,0.52,26.6,0.0,0.0,0.0,0,4.822265625,6,45,05:40,20:21,2025-05-22 01:44:26.930786,Città della Scienza,81.8,9.527918,7.436091,9.093653,6.47806,EU EEA Common AQI,65.9,8.097575,5.174904,7200,7.9857144,100,100,61.4,7.0057144,Very Low,65.3,8.029635,100,1747877400,Very Low,7.2749214,9.656678,Very Low,10.757365,59.5,11.042857,100,1747877400,8.757143
2025-05-22T01:44:38Z,236,29.926,72.8,62,62.6,2,1,360,85,0.0,255,32767,0.11,2090-9-18,0.0,0.52,26.6,0.0,0.0,0.0,0,4.822265625,6,45,05:40,20:21,2025-05-22 01:44:38.027785,Città della Scienza,81.8,9.527918,7.436091,9.093653,6.47806,EU EEA Common AQI,65.9,8.097575,5.174904,7200,7.9857144,100,100,61.4,7.0057144,Very Low,65.3,8.029635,100,1747877400,Very Low,7.2749214,9.656678,Very Low,10.757365,59.5,11.042857,100,1747877400,8.757143
2025-05-22T01:44:49Z,236,29.926,72.8,62,62.6,3,1,350,85,0.0,255,32767,0.11,2090-9-18,0.0,0.52,26.6,0.0,0.0,0.0,0,4.822265625,6,45,05:40,20:21,2025-05-22 01:44:49.115792,Città della Scienza,81.8,9.527918,7.436091,9.093653,6.47806,EU EEA Common AQI,65.9,8.097575,5.174904,7200,7.9857144,100,100,61.4,7.0057144,Very Low,65.3,8.029635,100,1747877400,Very Low,7.2749214,9.656678,Very Low,10.757365,59.5,11.042857,100,1747877400,8.757143
2025-05-22T01:45:00Z,236,29.926,72.8,62,62.6,2,1,350,85,0.0,255,32767,0.11,2090-9-18,0.0,0.52,26.6,0.0,0.0,0.0,0,4.822265625,6,45,05:40,20:21,2025-05-22 01:45:00.170783,Città della Scienza,81.8,9.527918,7.436091,9.093653,6.47806,EU EEA Common AQI,65.9,8.097575,5.174904,7200,7.9857144,100,100,61.4,7.0057144,Very Low,65.3,8.029635,100,1747877400,Very Low,7.2749214,9.656678,Very Low,10.757365,59.5,11.042857,100,1747877400,8.757143
2025-05-22T01:45:11Z,236,29.926,72.8,62,62.6,2,1,350,85,0.0,255,32767,0.11,2090-9-18,0.0,0.52,26.6,0.0,0.0,0.0,0,4.822265625,6,45,05:40,20:21,2025-05-22 01:45:11.237791,Città della Scienza,81.8,9.527918,7.436091,9.093653,6.47806,EU EEA Common AQI,65.9,8.097575,5.174904,7200,7.9857144,100,100,61.4,7.0057144,Very Low,65.3,8.029635,100,1747877400,Very Low,7.2749214,9.656678,Very Low,10.757365,59.5,11.042857,100,1747877400,8.757143
2025-05-22T01:45:22Z,236,29.926,72.8,62,62.6,2,1,350,85,0.0,255,32767,0.11,2090-9-18,0.0,0.52,26.6,0.0,0.0,0.0,0,4.822265625,6,45,05:40,20:21,2025-05-22 01:45:22.390793,Città della Scienza,81.8,9.527918,7.436091,9.093653,6.47806,EU EEA Common AQI,65.9,8.097575,5.174904,7200,7.9857144,100,100,61.4,7.0057144,Very Low,65.3,8.029635,100,1747877400,Very Low,7.2749214,9.656678,Very Low,10.757365,59.5,11.042857,100,1747877400,8.757143
2025-05-22T01:45:33Z,236,29.926,72.7,62,62.6,2,1,350,85,0.0,255,32767,0.11,2090-9-18,0.0,0.52,26.6,0.0,0.0,0.0,0,4.822265625,6,45,05:40,20:21,2025-05-22 01:45:33.471793,Città della Scienza,81.4,9.866273,7.4303856,9.43771,6.718297,EU EEA Common AQI,65.6,8.397871,5.1933327,7200,11.202899,100,100,61.0,9.947825,Very Low,65.0,8.358364,100,1747878300,Very Low,7.550168,9.928457,Very Low,11.022281,59.2,13.73913,100,1747878300,12.434783
2025-05-22T01:45:44Z,236,29.926,72.7,62,62.6,2,1,342,85,0.0,255,32767,0.11,2090-9-18,0.0,0.52,26.6,0.0,0.0,0.0,0,4.822265625,6,45,05:40,20:21,2025-05-22 01:45:44.534783,Città della Scienza,81.4,9.866273,7.4303856,9.43771,6.718297,EU EEA Common AQI,65.6,8.397871,5.1933327,7200,11.202899,100,100,61.0,9.947825,Very Low,65.0,8.358364,100,1747878300,Very Low,7.550168,9.928457,Very Low,11.022281,59.2,13.73913,100,1747878300,12.434783
2025-05-22T01:45:55Z,236,29.926,72.7,62,62.6,2,1,5,85,0.0,255,32767,0.11,2090-9-18,0.0,0.52,26.6,0.0,0.0,0.0,0,4.822265625,6,45,05:40,20:21,2025-05-22 01:45:55.617796,Città della Scienza,81.4,9.866273,7.4303856,9.43771,6.718297,EU EEA Common AQI,65.6,8.397871,5.1933327,7200,11.202899,100,100,61.0,9.947825,Very Low,65.0,8.358364,100,1747878300,Very Low,7.550168,9.928457,Very Low,11.022281,59.2,13.73913,100,1747878300,12.434783
2025-05-22T01:46:06Z,236,29.926,72.7,62,62.6,2,1,11,85,0.0,255,32767,0.11,2090-9-18,0.0,0.52,26.6,0.0,0.0,0.0,0,4.822265625,6,45,05:40,20:21,2025-05-22 01:46:06.691797,Città della Scienza,81.4,9.866273,7.4303856,9.43771,6.718297,EU EEA Common AQI,65.6,8.397871,5.1933327,7200,11.202899,100,100,61.0,9.947825,Very Low,65.0,8.358364,100,1747878300,Very Low,7.550168,9.928457,Very Low,11.022281,59.2,13.73913,100,1747878300,12.434783
2025-05-22T01:46:17Z,236,29.926,72.7,62,62.6,2,1,347,85,0.0,255,32767,0.11,2090-9-18,0.0,0.52,26.6,0.0,0.0,0.0,0,4.822265625,6,45,05:40,20:21,2025-05-22 01:46:17.741795,Città della Scienza,81.4,9.866273,7.4303856,9.43771,6.718297,EU EEA Common AQI,65.6,8.397871,5.1933327,7200,11.202899,100,100,61.0,9.947825,Very Low,65.0,8.358364,100,1747878300,Very Low,7.550168,9.928457,Very Low,11.022281,59.2,13.73913,100,1747878300,12.434783
2025-05-22T01:46:29Z,236,29.926,72.7,62,62.6,3,1,360,85,0.0,255,32767,0.11,2090-9-18,0.0,0.52,26.6,0.0,0.0,0.0,0,4.822265625,6,45,05:40,20:21,2025-05-22 01:46:28.846786,Città della Scienza,81.4,9.866273,7.4303856,9.43771,6.718297,EU EEA Common AQI,65.6,8.397871,5.1933327,7200,11.202899,100,100,61.0,9.947825,Very Low,65.0,8.358364,100,1747878300,Very Low,7.550168,9.928457,Very Low,11.022281,59.2,13.73913,100,1747878300,12.434783
2025-05-22T01:46:40Z,236,29.926,72.7,62,62.6,2,1,5,85,0.0,255,32767,0.11,2090-9-18,0.0,0.52,26.6,0.0,0.0,0.0,0,4.822265625,6,45,05:40,20:21,2025-05-22 01:46:39.931781,Città della Scienza,81.4,9.866273,7.4303856,9.43771,6.718297,EU EEA Common AQI,65.6,8.397871,5.1933327,7200,11.202899,100,100,61.0,9.947825,Very Low,65.0,8.358364,100,1747878300,Very Low,7.550168,9.928457,Very Low,11.022281,59.2,13.73913,100,1747878300,12.434783
2025-05-22T01:46:51Z,236,29.926,72.7,62,62.6,3,1,355,85,0.0,255,32767,0.11,2090-9-18,0.0,0.52,26.6,0.0,0.0,0.0,0,4.822265625,6,45,05:40,20:21,2025-05-22 01:46:51.013786,Città della Scienza,81.4,9.866273,7.4303856,9.43771,6.718297,EU EEA Common AQI,65.6,8.397871,5.1933327,7200,11.202899,100,100,61.0,9.947825,Very Low,65.0,8.358364,100,1747878300,Very Low,7.550168,9.928457,Very Low,11.022281,59.2,13.73913,100,1747878300,12.434783
2025-05-22T01:47:02Z,236,29.926,72.7,62,62.6,2,1,355,85,0.0,255,32767,0.11,2090-9-18,0.0,0.52,26.6,0.0,0.0,0.0,0,4.822265625,6,45,05:40,20:21,2025-05-22 01:47:02.083800,Città della Scienza,81.4,9.866273,7.4303856,9.43771,6.718297,EU EEA Common AQI,65.6,8.397871,5.1933327,7200,11.202899,100,100,61.0,9.947825,Very Low,65.0,8.358364,100,1747878300,Very Low,7.550168,9.928457,Very Low,11.022281,59.2,13.73913,100,1747878300,12.434783
2025-05-22T01:47:13Z,236,29.926,72.7,62,62.6,2,1,355,85,0.0,255,32767,0.11,2090-9-18,0.0,0.52,26.6,0.0,0.0,0.0,0,4.822265625,6,45,05:40,20:21,2025-05-22 01:47:13.164803,Città della Scienza,81.4,9.866273,7.4303856,9.43771,6.718297,EU EEA Common AQI,65.6,8.397871,5.1933327,7200,11.202899,100,100,61.0,9.947825,Very Low,65.0,8.358364,100,1747878300,Very Low,7.550168,9.928457,Very Low,11.022281,59.2,13.73913,100,1747878300,12.434783
2025-05-22T01:47:24Z,236,29.926,72.7,62,62.5,2,1,355,85,0.0,255,32767,0.11,2090-9-18,0.0,0.52,26.6,0.0,0.0,0.0,0,4.822265625,6,45,05:40,20:21,2025-05-22 01:47:24.267753,Città della Scienza,81.4,9.866273,7.4303856,9.43771,6.718297,EU EEA Common AQI,65.6,8.397871,5.1933327,7200,11.202899,100,100,61.0,9.947825,Very Low,65.0,8.358364,100,1747878300,Very Low,7.550168,9.928457,Very Low,11.022281,59.2,13.73913,100,1747878300,12.434783
2025-05-22T01:47:35Z,236,29.925,72.7,62,62.6,2,1,355,85,0.0,255,32767,0.11,2090-9-18,0.0,0.52,26.6,0.0,0.0,0.0,0,4.822265625,6,45,05:40,20:21,2025-05-22 01:47:35.418787,Città della Scienza,81.4,9.866273,7.4303856,9.43771,6.718297,EU EEA Common AQI,65.6,8.397871,5.1933327,7200,11.202899,100,100,61.0,9.947825,Very Low,65.0,8.358364,100,1747878300,Very Low,7.550168,9.928457,Very Low,11.022281,59.2,13.73913,100,1747878300,12.434783
2025-05-22T01:47:46Z,236,29.925,72.7,62,62.5,3,1,340,85,0.0,255,32767,0.11,2090-9-18,0.0,0.52,26.6,0.0,0.0,0.0,0,4.822265625,6,45,05:40,20:21,2025-05-22 01:47:46.443787,Città della Scienza,81.4,9.866273,7.4303856,9.43771,6.718297,EU EEA Common AQI,65.6,8.397871,5.1933327,7200,11.202899,100,100,61.0,9.947825,Very Low,65.0,8.358364,100,1747878300,Very Low,7.550168,9.928457,Very Low,11.022281,59.2,13.73913,100,1747878300,12.434783
2025-05-22T01:47:57Z,236,29.925,72.7,62,62.5,2,1,345,85,0.0,255,32767,0.11,2090-9-18,0.0,0.52,26.6,0.0,0.0,0.0,0,4.822265625,6,45,05:40,20:21,2025-05-22 01:47:57.496785,Città della Scienza,81.4,9.866273,7.4303856,9.43771,6.718297,EU EEA Common AQI,65.6,8.397871,5.1933327,7200,11.202899,100,100,61.0,9.947825,Very Low,65.0,8.358364,100,1747878300,Very Low,7.550168,9.928457,Very Low,11.022281,59.2,13.73913,100,1747878300,12.434783
2025-05-22T01:48:08Z,236,29.925,72.7,62,62.5,2,1,346,85,0.0,255,32767,0.11,2090-9-18,0.0,0.52,26.6,0.0,0.0,0.0,0,4.822265625,6,45,05:40,20:21,2025-05-22 01:48:08.597798,Città della Scienza,81.4,9.866273,7.4303856,9.43771,6.718297,EU EEA Common AQI,65.6,8.397871,5.1933327,7200,11.202899,100,100,61.0,9.947825,Very Low,65.0,8.358364,100,1747878300,Very Low,7.550168,9.928457,Very Low,11.022281,59.2,13.73913,100,1747878300,12.434783
2025-05-22T01:48:19Z,236,29.925,72.7,62,62.5,1,1,346,85,0.0,255,32767,0.11,2090-9-18,0.0,0.52,26.6,0.0,0.0,0.0,0,4.822265625,6,45,05:40,20:21,2025-05-22 01:48:19.700785,Città della Scienza,81.4,9.866273,7.4303856,9.43771,6.718297,EU EEA Common AQI,65.6,8.397871,5.1933327,7200,11.202899,100,100,61.0,9.947825,Very Low,65.0,8.358364,100,1747878300,Very Low,7.550168,9.928457,Very Low,11.022281,59.2,13.73913,100,1747878300,12.434783
2025-05-22T01:48:30Z,236,29.925,72.7,62,62.6,0,1,346,85,0.0,255,32767,0.11,2090-9-18,0.0,0.52,26.6,0.0,0.0,0.0,0,4.822265625,6,45,05:40,20:21,2025-05-22 01:48:30.756793,Città della Scienza,81.4,9.866273,7.4303856,9.43771,6.718297,EU EEA Common AQI,65.6,8.397871,5.1933327,7200,11.202899,100,100,61.0,9.947825,Very Low,65.0,8.358364,100,1747878300,Very Low,7.550168,9.928457,Very Low,11.022281,59.2,13.73913,100,1747878300,12.434783
2025-05-22T01:48:42Z,236,29.926,72.7,62,62.5,0,1,346,85,0.0,255,32767,0.11,2090-9-18,0.0,0.52,26.6,0.0,0.0,0.0,0,4.822265625,6,45,05:40,20:21,2025-05-22 01:48:41.862791,Città della Scienza,81.4,9.866273,7.4303856,9.43771,6.718297,EU EEA Common AQI,65.6,8.397871,5.1933327,7200,11.202899,100,100,61.0,9.947825,Very Low,65.0,8.358364,100,1747878300,Very Low,7.550168,9.928457,Very Low,11.022281,59.2,13.73913,100,1747878300,12.434783
2025-05-22T01:48:53Z,236,29.926,72.7,62,62.5,0,1,346,85,0.0,255,32767,0.11,2090-9-18,0.0,0.52,26.6,0.0,0.0,0.0,0,4.822265625,6,45,05:40,20:21,2025-05-22 01:48:52.927790,Città della Scienza,81.4,9.866273,7.4303856,9.43771,6.718297,EU EEA Common AQI,65.6,8.397871,5.1933327,7200,11.202899,100,100,61.0,9.947825,Very Low,65.0,8.358364,100,1747878300,Very Low,7.550168,9.928457,Very Low,11.022281,59.2,13.73913,100,1747878300,12.434783
2025-05-22T01:49:04Z,236,29.926,72.7,62,62.5,1,1,360,85,0.0,255,32767,0.11,2090-9-18,0.0,0.52,26.6,0.0,0.0,0.0,0,4.822265625,6,45,05:40,20:21,2025-05-22 01:49:04.010788,Città della Scienza,81.4,9.866273,7.4303856,9.43771,6.718297,EU EEA Common AQI,65.6,8.397871,5.1933327,7200,11.202899,100,100,61.0,9.947825,Very Low,65.0,8.358364,100,1747878300,Very Low,7.550168,9.928457,Very Low,11.022281,59.2,13.73913,100,1747878300,12.434783
2025-05-22T01:49:15Z,236,29.926,72.7,62,62.5,1,1,360,85,0.0,255,32767,0.11,2090-9-18,0.0,0.52,26.6,0.0,0.0,0.0,0,4.822265625,6,45,05:40,20:21,2025-05-22 01:49:15.065782,Città della Scienza,81.4,9.866273,7.4303856,9.43771,6.718297,EU EEA Common AQI,65.6,8.397871,5.1933327,7200,11.202899,100,100,61.0,9.947825,Very Low,65.0,8.358364,100,1747878300,Very Low,7.550168,9.928457,Very Low,11.022281,59.2,13.73913,100,1747878300,12.434783
2025-05-22T01:49:26Z,236,29.926,72.7,62,62.5,1,1,360,85,0.0,255,32767,0.11,2090-9-18,0.0,0.52,26.6,0.0,0.0,0.0,0,4.822265625,6,45,05:40,20:21,2025-05-22 01:49:26.141792,Città della Scienza,81.4,9.866273,7.4303856,9.43771,6.718297,EU EEA Common AQI,65.6,8.397871,5.1933327,7200,11.202899,100,100,61.0,9.947825,Very Low,65.0,8.358364,100,1747878300,Very Low,7.550168,9.928457,Very Low,11.022281,59.2,13.73913,100,1747878300,12.434783
2025-05-22T01:49:37Z,236,29.925,72.7,62,62.5,0,1,360,85,0.0,255,32767,0.11,2090-9-18,0.0,0.52,26.6,0.0,0.0,0.0,0,4.822265625,6,45,05:40,20:21,2025-05-22 01:49:37.226786,Città della Scienza,81.4,9.866273,7.4303856,9.43771,6.718297,EU EEA Common AQI,65.6,8.397871,5.1933327,7200,11.202899,100,100,61.0,9.947825,Very Low,65.0,8.358364,100,1747878300,Very Low,7.550168,9.928457,Very Low,11.022281,59.2,13.73913,100,1747878300,12.434783
2025-05-22T01:49:48Z,236,29.925,72.7,62,62.5,0,1,360,85,0.0,255,32767,0.11,2090-9-18,0.0,0.52,26.6,0.0,0.0,0.0,0,4.822265625,6,45,05:40,20:21,2025-05-22 01:49:48.268786,Città della Scienza,81.4,9.866273,7.4303856,9.43771,6.718297,EU EEA Common AQI,65.6,8.397871,5.1933327,7200,11.202899,100,100,61.0,9.947825,Very Low,65.0,8.358364,100,1747878300,Very Low,7.550168,9.928457,Very Low,11.022281,59.2,13.73913,100,1747878300,12.434783
2025-05-22T01:49:59Z,236,29.925,72.7,62,62.5,0,1,360,85,0.0,255,32767,0.11,2090-9-18,0.0,0.52,26.6,0.0,0.0,0.0,0,4.822265625,6,45,05:40,20:21,2025-05-22 01:49:59.315786,Città della Scienza,81.4,9.866273,7.4303856,9.43771,6.718297,EU EEA Common AQI,65.6,8.397871,5.1933327,7200,11.202899,100,100,61.0,9.947825,Very Low,65.0,8.358364,100,1747878300,Very Low,7.550168,9.928457,Very Low,11.022281,59.2,13.73913,100,1747878300,12.434783
2025-05-22T01:50:10Z,236,29.925,72.7,62,62.5,1,1,360,85,0.0,255,32767,0.11,2090-9-18,0.0,0.52,26.6,0.0,0.0,0.0,0,4.822265625,6,45,05:40,20:21,2025-05-22 01:50:10.375797,Città della Scienza,81.4,9.866273,7.4303856,9.43771,6.718297,EU EEA Common AQI,65.6,8.397871,5.1933327,7200,11.202899,100,100,61.0,9.947825,Very Low,65.0,8.358364,100,1747878300,Very Low,7.550168,9.928457,Very Low,11.022281,59.2,13.73913,100,1747878300,12.434783
2025-05-22T01:50:21Z,236,29.925,72.7,62,62.5,1,1,360,85,0.0,255,32767,0.11,2090-9-18,0.0,0.52,26.6,0.0,0.0,0.0,0,4.822265625,6,45,05:40,20:21,2025-05-22 01:50:21.429787,Città della Scienza,81.4,9.866273,7.4303856,9.43771,6.718297,EU EEA Common AQI,65.6,8.397871,5.1933327,7200,11.202899,100,100,61.0,9.947825,Very Low,65.0,8.358364,100,1747878300,Very Low,7.550168,9.928457,Very Low,11.022281,59.2,13.73913,100,1747878300,12.434783
2025-05-22T01:50:32Z,236,29.922,72.7,63,62.5,1,2,360,85,0.0,255,32767,0.11,2090-9-18,0.0,0.52,26.6,0.0,0.0,0.0,0,4.822265625,6,45,05:40,20:21,2025-05-22 01:50:32.587807,Città della Scienza,81.4,9.866273,7.4303856,9.43771,6.718297,EU EEA Common AQI,65.6,8.397871,5.1933327,7200,11.202899,100,100,61.0,9.947825,Very Low,65.0,8.358364,100,1747878300,Very Low,7.550168,9.928457,Very Low,11.022281,59.2,13.73913,100,1747878300,12.434783
2025-05-22T01:50:43Z,236,29.922,72.7,63,62.5,1,2,360,85,0.0,255,32767,0.11,2090-9-18,0.0,0.52,26.6,0.0,0.0,0.0,0,4.822265625,6,45,05:40,20:21,2025-05-22 01:50:43.711786,Città della Scienza,81.4,9.866273,7.4303856,9.43771,6.718297,EU EEA Common AQI,65.6,8.397871,5.1933327,7200,11.202899,100,100,61.0,9.947825,Very Low,65.0,8.358364,100,1747878300,Very Low,7.550168,9.928457,Very Low,11.022281,59.2,13.73913,100,1747878300,12.434783
2025-05-22T01:50:54Z,236,29.922,72.7,63,62.5,0,2,360,85,0.0,255,32767,0.11,2090-9-18,0.0,0.52,26.6,0.0,0.0,0.0,0,4.822265625,6,45,05:40,20:21,2025-05-22 01:50:54.749803,Città della Scienza,81.4,9.866273,7.4303856,9.43771,6.718297,EU EEA Common AQI,65.6,8.397871,5.1933327,7200,11.202899,100,100,61.0,9.947825,Very Low,65.0,8.358364,100,1747878300,Very Low,7.550168,9.928457,Very Low,11.022281,59.2,13.73913,100,1747878300,12.434783
2025-05-22T01:51:06Z,236,29.922,72.7,63,62.5,0,2,360,85,0.0,255,32767,0.11,2090-9-18,0.0,0.52,26.6,0.0,0.0,0.0,0,4.822265625,6,45,05:40,20:21,2025-05-22 01:51:05.803786,Città della Scienza,81.4,9.866273,7.4303856,9.43771,6.718297,EU EEA Common AQI,65.6,8.397871,5.1933327,7200,11.202899,100,100,61.0,9.947825,Very Low,65.0,8.358364,100,1747878300,Very Low,7.550168,9.928457,Very Low,11.022281,59.2,13.73913,100,1747878300,12.434783
2025-05-22T01:51:17Z,236,29.922,72.7,63,62.5,0,2,360,85,0.0,255,32767,0.11,2090-9-18,0.0,0.52,26.6,0.0,0.0,0.0,0,4.822265625,6,45,05:40,20:21,2025-05-22 01:51:16.880800,Città della Scienza,81.4,9.866273,7.4303856,9.43771,6.718297,EU EEA Common AQI,65.6,8.397871,5.1933327,7200,11.202899,100,100,61.0,9.947825,Very Low,65.0,8.358364,100,1747878300,Very Low,7.550168,9.928457,Very Low,11.022281,59.2,13.73913,100,1747878300,12.434783
2025-05-22T01:51:28Z,236,29.922,72.7,63,62.5,0,2,360,85,0.0,255,32767,0.11,2090-9-18,0.0,0.52,26.6,0.0,0.0,0.0,0,4.822265625,6,45,05:40,20:21,2025-05-22 01:51:27.956778,Città della Scienza,81.4,9.866273,7.4303856,9.43771,6.718297,EU EEA Common AQI,65.6,8.397871,5.1933327,7200,11.202899,100,100,61.0,9.947825,Very Low,65.0,8.358364,100,1747878300,Very Low,7.550168,9.928457,Very Low,11.022281,59.2,13.73913,100,1747878300,12.434783
2025-05-22T01:51:39Z,236,29.925,72.7,62,62.5,0,2,360,85,0.0,255,32767,0.11,2090-9-18,0.0,0.52,26.6,0.0,0.0,0.0,0,4.822265625,6,45,05:40,20:21,2025-05-22 01:51:39.079752,Città della Scienza,81.4,9.866273,7.4303856,9.43771,6.718297,EU EEA Common AQI,65.6,8.397871,5.1933327,7200,11.202899,100,100,61.0,9.947825,Very Low,65.0,8.358364,100,1747878300,Very Low,7.550168,9.928457,Very Low,11.022281,59.2,13.73913,100,1747878300,12.434783
2025-05-22T01:51:50Z,236,29.925,72.7,62,62.5,0,2,360,85,0.0,255,32767,0.11,2090-9-18,0.0,0.52,26.6,0.0,0.0,0.0,0,4.822265625,6,45,05:40,20:21,2025-05-22 01:51:50.106799,Città della Scienza,81.4,9.866273,7.4303856,9.43771,6.718297,EU EEA Common AQI,65.6,8.397871,5.1933327,7200,11.202899,100,100,61.0,9.947825,Very Low,65.0,8.358364,100,1747878300,Very Low,7.550168,9.928457,Very Low,11.022281,59.2,13.73913,100,1747878300,12.434783
2025-05-22T01:52:01Z,236,29.925,72.7,62,62.5,0,2,360,85,0.0,255,32767,0.11,2090-9-18,0.0,0.52,26.6,0.0,0.0,0.0,0,4.822265625,6,45,05:40,20:21,2025-05-22 01:52:01.191791,Città della Scienza,81.4,9.866273,7.4303856,9.43771,6.718297,EU EEA Common AQI,65.6,8.397871,5.1933327,7200,11.202899,100,100,61.0,9.947825,Very Low,65.0,8.358364,100,1747878300,Very Low,7.550168,9.928457,Very Low,11.022281,59.2,13.73913,100,1747878300,12.434783
2025-05-22T01:52:12Z,236,29.925,72.7,62,62.5,0,2,360,85,0.0,255,32767,0.11,2090-9-18,0.0,0.52,26.6,0.0,0.0,0.0,0,4.822265625,6,45,05:40,20:21,2025-05-22 01:52:12.270790,Città della Scienza,81.4,9.866273,7.4303856,9.43771,6.718297,EU EEA Common AQI,65.6,8.397871,5.1933327,7200,11.202899,100,100,61.0,9.947825,Very Low,65.0,8.358364,100,1747878300,Very Low,7.550168,9.928457,Very Low,11.022281,59.2,13.73913,100,1747878300,12.434783
2025-05-22T01:52:23Z,236,29.925,72.7,62,62.6,0,2,360,85,0.0,255,32767,0.11,2090-9-18,0.0,0.52,26.6,0.0,0.0,0.0,0,4.822265625,6,45,05:40,20:21,2025-05-22 01:52:23.344787,Città della Scienza,81.4,9.866273,7.4303856,9.43771,6.718297,EU EEA Common AQI,65.6,8.397871,5.1933327,7200,11.202899,100,100,61.0,9.947825,Very Low,65.0,8.358364,100,1747878300,Very Low,7.550168,9.928457,Very Low,11.022281,59.2,13.73913,100,1747878300,12.434783
2025-05-22T01:52:34Z,236,29.922,72.7,62,62.5,0,1,360,85,0.0,255,32767,0.11,2090-9-18,0.0,0.52,26.6,0.0,0.0,0.0,0,4.822265625,6,45,05:40,20:21,2025-05-22 01:52:34.442788,Città della Scienza,81.4,9.866273,7.4303856,9.43771,6.718297,EU EEA Common AQI,65.6,8.397871,5.1933327,7200,11.202899,100,100,61.0,9.947825,Very Low,65.0,8.358364,100,1747878300,Very Low,7.550168,9.928457,Very Low,11.022281,59.2,13.73913,100,1747878300,12.434783
2025-05-22T01:52:45Z,236,29.922,72.7,62,62.5,0,1,360,85,0.0,255,32767,0.11,2090-9-18,0.0,0.52,26.6,0.0,0.0,0.0,0,4.822265625,6,45,05:40,20:21,2025-05-22 01:52:45.565790,Città della Scienza,81.4,9.866273,7.4303856,9.43771,6.718297,EU EEA Common AQI,65.6,8.397871,5.1933327,7200,11.202899,100,100,61.0,9.947825,Very Low,65.0,8.358364,100,1747878300,Very Low,7.550168,9.928457,Very Low,11.022281,59.2,13.73913,100,1747878300,12.434783
2025-05-22T01:52:56Z,236,29.922,72.7,62,62.5,0,1,360,85,0.0,255,32767,0.11,2090-9-18,0.0,0.52,26.6,0.0,0.0,0.0,0,4.822265625,6,45,05:40,20:21,2025-05-22 01:52:56.666788,Città della Scienza,81.4,9.866273,7.4303856,9.43771,6.718297,EU EEA Common AQI,65.6,8.397871,5.1933327,7200,11.202899,100,100,61.0,9.947825,Very Low,65.0,8.358364,100,1747878300,Very Low,7.550168,9.928457,Very Low,11.022281,59.2,13.73913,100,1747878300,12.434783
2025-05-22T01:53:07Z,236,29.922,72.7,62,62.6,1,1,360,85,0.0,255,32767,0.11,2090-9-18,0.0,0.52,26.6,0.0,0.0,0.0,0,4.822265625,6,45,05:40,20:21,2025-05-22 01:53:07.707778,Città della Scienza,81.4,9.866273,7.4303856,9.43771,6.718297,EU EEA Common AQI,65.6,8.397871,5.1933327,7200,11.202899,100,100,61.0,9.947825,Very Low,65.0,8.358364,100,1747878300,Very Low,7.550168,9.928457,Very Low,11.022281,59.2,13.73913,100,1747878300,12.434783
2025-05-22T01:53:19Z,236,29.922,72.7,62,62.5,1,1,360,85,0.0,255,32767,0.11,2090-9-18,0.0,0.52,26.6,0.0,0.0,0.0,0,4.822265625,6,45,05:40,20:21,2025-05-22 01:53:18.812776,Città della Scienza,81.4,9.866273,7.4303856,9.43771,6.718297,EU EEA Common AQI,65.6,8.397871,5.1933327,7200,11.202899,100,100,61.0,9.947825,Very Low,65.0,8.358364,100,1747878300,Very Low,7.550168,9.928457,Very Low,11.022281,59.2,13.73913,100,1747878300,12.434783
2025-05-22T01:53:30Z,236,29.922,72.7,62,62.5,1,1,360,85,0.0,255,32767,0.11,2090-9-18,0.0,0.52,26.6,0.0,0.0,0.0,0,4.822265625,6,45,05:40,20:21,2025-05-22 01:53:29.861795,Città della Scienza,81.4,9.866273,7.4303856,9.43771,6.718297,EU EEA Common AQI,65.6,8.397871,5.1933327,7200,11.202899,100,100,61.0,9.947825,Very Low,65.0,8.358364,100,1747878300,Very Low,7.550168,9.928457,Very Low,11.022281,59.2,13.73913,100,1747878300,12.434783
2025-05-22T01:53:41Z,236,29.924,72.7,63,62.5,1,1,360,85,0.0,255,32767,0.11,2090-9-18,0.0,0.52,26.6,0.0,0.0,0.0,0,4.822265625,6,45,05:40,20:21,2025-05-22 01:53:40.941799,Città della Scienza,81.4,9.866273,7.4303856,9.43771,6.718297,EU EEA Common AQI,65.6,8.397871,5.1933327,7200,11.202899,100,100,61.0,9.947825,Very Low,65.0,8.358364,100,1747878300,Very Low,7.550168,9.928457,Very Low,11.022281,59.2,13.73913,100,1747878300,12.434783
2025-05-22T01:53:52Z,236,29.924,72.7,63,62.5,1,1,360,85,0.0,255,32767,0.11,2090-9-18,0.0,0.52,26.6,0.0,0.0,0.0,0,4.822265625,6,45,05:40,20:21,2025-05-22 01:53:52.010787,Città della Scienza,81.4,9.866273,7.4303856,9.43771,6.718297,EU EEA Common AQI,65.6,8.397871,5.1933327,7200,11.202899,100,100,61.0,9.947825,Very Low,65.0,8.358364,100,1747878300,Very Low,7.550168,9.928457,Very Low,11.022281,59.2,13.73913,100,1747878300,12.434783
2025-05-22T01:54:03Z,236,29.924,72.7,63,62.5,1,1,360,85,0.0,255,32767,0.11,2090-9-18,0.0,0.52,26.6,0.0,0.0,0.0,0,4.822265625,6,45,05:40,20:21,2025-05-22 01:54:03.102787,Città della Scienza,81.4,9.866273,7.4303856,9.43771,6.718297,EU EEA Common AQI,65.6,8.397871,5.1933327,7200,11.202899,100,100,61.0,9.947825,Very Low,65.0,8.358364,100,1747878300,Very Low,7.550168,9.928457,Very Low,11.022281,59.2,13.73913,100,1747878300,12.434783
2025-05-22T01:54:14Z,236,29.924,72.7,63,62.5,1,1,360,85,0.0,255,32767,0.11,2090-9-18,0.0,0.52,26.6,0.0,0.0,0.0,0,4.822265625,6,45,05:40,20:21,2025-05-22 01:54:14.197777,Città della Scienza,81.4,9.866273,7.4303856,9.43771,6.718297,EU EEA Common AQI,65.6,8.397871,5.1933327,7200,11.202899,100,100,61.0,9.947825,Very Low,65.0,8.358364,100,1747878300,Very Low,7.550168,9.928457,Very Low,11.022281,59.2,13.73913,100,1747878300,12.434783
2025-05-22T01:54:25Z,236,29.924,72.7,63,62.5,1,1,360,85,0.0,255,32767,0.11,2090-9-18,0.0,0.52,26.6,0.0,0.0,0.0,0,4.822265625,6,45,05:40,20:21,2025-05-22 01:54:25.271757,Città della Scienza,81.4,9.866273,7.4303856,9.43771,6.718297,EU EEA Common AQI,65.6,8.397871,5.1933327,7200,11.202899,100,100,61.0,9.947825,Very Low,65.0,8.358364,100,1747878300,Very Low,7.550168,9.928457,Very Low,11.022281,59.2,13.73913,100,1747878300,12.434783
2025-05-22T01:54:36Z,236,29.924,72.6,63,62.5,1,1,360,85,0.0,255,32767,0.11,2090-9-18,0.0,0.52,26.6,0.0,0.0,0.0,0,4.822265625,6,45,05:40,20:21,2025-05-22 01:54:36.391798,Città della Scienza
2025-05-22T01:54:47Z,236,29.924,72.6,63,62.5,1,1,360,85,0.0,255,32767,0.11,2090-9-18,0.0,0.52,26.6,0.0,0.0,0.0,0,4.822265625,6,45,05:40,20:21,2025-05-22 01:54:47.505797,Città della Scienza
2025-05-22T01:54:58Z,236,29.924,72.6,63,62.5,1,1,360,85,0.0,255,32767,0.11,2090-9-18,0.0,0.52,26.6,0.0,0.0,0.0,0,4.822265625,6,45,05:40,20:21,2025-05-22 01:54:58.601784,Città della Scienza
2025-05-22T01:55:09Z,236,29.924,72.6,63,62.5,1,1,360,85,0.0,255,32767,0.11,2090-9-18,0.0,0.52,26.6,0.0,0.0,0.0,0,4.822265625,6,45,05:40,20:21,2025-05-22 01:55:09.658795,Città della Scienza
2025-05-22T01:55:20Z,236,29.924,72.6,63,62.5,1,1,360,85,0.0,255,32767,0.11,2090-9-18,0.0,0.52,26.6,0.0,0.0,0.0,0,4.822265625,6,45,05:40,20:21,2025-05-22 01:55:20.748792,Città della Scienza
2025-05-22T01:55:31Z,236,29.924,72.6,63,62.5,1,1,360,85,0.0,255,32767,0.11,2090-9-18,0.0,0.52,26.6,0.0,0.0,0.0,0,4.822265625,6,45,05:40,20:21,2025-05-22 01:55:31.765789,Città della Scienza
2025-05-22T01:55:43Z,236,29.925,72.7,62,62.5,0,1,360,85,0.0,255,32767,0.11,2090-9-18,0.0,0.52,26.6,0.0,0.0,0.0,0,4.822265625,6,45,05:40,20:21,2025-05-22 01:55:42.839788,Città della Scienza
2025-05-22T01:55:54Z,236,29.925,72.7,62,62.5,0,1,360,85,0.0,255,32767,0.11,2090-9-18,0.0,0.52,26.6,0.0,0.0,0.0,0,4.822265625,6,45,05:40,20:21,2025-05-22 01:55:53.914790,Città della Scienza
2025-05-22T01:56:05Z,236,29.925,72.7,62,62.5,0,1,360,85,0.0,255,32767,0.11,2090-9-18,0.0,0.52,26.6,0.0,0.0,0.0,0,4.822265625,6,45,05:40,20:21,2025-05-22 01:56:05.014790,Città della Scienza
2025-05-22T01:56:16Z,236,29.925,72.7,62,62.5,0,1,360,85,0.0,255,32767,0.11,2090-9-18,0.0,0.52,26.6,0.0,0.0,0.0,0,4.822265625,6,45,05:40,20:21,2025-05-22 01:56:16.095783,Città della Scienza
2025-05-22T01:56:27Z,236,29.925,72.7,62,62.5,0,1,360,85,0.0,255,32767,0.11,2090-9-18,0.0,0.52,26.6,0.0,0.0,0.0,0,4.822265625,6,45,05:40,20:21,2025-05-22 01:56:27.144796,Città della Scienza
2025-05-22T01:56:38Z,236,29.922,72.6,63,62.4,0,1,360,85,0.0,255,32767,0.11,2090-9-18,0.0,0.52,26.6,0.0,0.0,0.0,0,4.822265625,6,45,05:40,20:21,2025-05-22 01:56:38.180804,Città della Scienza
2025-05-22T01:56:49Z,236,29.922,72.6,63,62.5,0,1,360,85,0.0,255,32767,0.11,2090-9-18,0.0,0.52,26.6,0.0,0.0,0.0,0,4.822265625,6,45,05:40,20:21,2025-05-22 01:56:49.262786,Città della Scienza
2025-05-22T01:57:00Z,236,29.922,72.6,63,62.5,0,1,360,85,0.0,255,32767,0.11,2090-9-18,0.0,0.52,26.6,0.0,0.0,0.0,0,4.822265625,6,45,05:40,20:21,2025-05-22 01:57:00.317809,Città della Scienza
2025-05-22T01:57:11Z,236,29.922,72.6,63,62.4,0,1,360,85,0.0,255,32767,0.11,2090-9-18,0.0,0.52,26.6,0.0,0.0,0.0,0,4.822265625,6,45,05:40,20:21,2025-05-22 01:57:11.405802,Città della Scienza
2025-05-22T01:57:22Z,236,29.922,72.6,63,62.4,0,1,360,85,0.0,255,32767,0.11,2090-9-18,0.0,0.52,26.6,0.0,0.0,0.0,0,4.822265625,6,45,05:40,20:21,2025-05-22 01:57:22.488785,Città della Scienza
2025-05-22T01:57:33Z,236,29.925,72.6,63,62.4,0,1,360,85,0.0,255,32767,0.11,2090-9-18,0.0,0.52,26.6,0.0,0.0,0.0,0,4.822265625,6,45,05:40,20:21,2025-05-22 01:57:33.582790,Città della Scienza
2025-05-22T01:57:44Z,236,29.925,72.6,63,62.4,0,1,360,85,0.0,255,32767,0.11,2090-9-18,0.0,0.52,26.6,0.0,0.0,0.0,0,4.822265625,6,45,05:40,20:21,2025-05-22 01:57:44.669820,Città della Scienza
2025-05-22T01:57:55Z,236,29.925,72.6,63,62.4,0,1,360,85,0.0,255,32767,0.11,2090-9-18,0.0,0.52,26.6,0.0,0.0,0.0,0,4.822265625,6,45,05:40,20:21,2025-05-22 01:57:55.735793,Città della Scienza
2025-05-22T01:58:07Z,236,29.925,72.6,63,62.4,0,1,360,85,0.0,255,32767,0.11,2090-9-18,0.0,0.52,26.6,0.0,0.0,0.0,0,4.822265625,6,45,05:40,20:21,2025-05-22 01:58:06.813789,Città della Scienza
2025-05-22T01:58:18Z,236,29.925,72.6,63,62.4,0,1,360,85,0.0,255,32767,0.11,2090-9-18,0.0,0.52,26.6,0.0,0.0,0.0,0,4.822265625,6,45,05:40,20:21,2025-05-22 01:58:17.883792,Città della Scienza
2025-05-22T01:58:29Z,236,29.925,72.6,63,62.3,0,1,360,85,0.0,255,32767,0.11,2090-9-18,0.0,0.52,26.6,0.0,0.0,0.0,0,4.822265625,6,45,05:40,20:21,2025-05-22 01:58:28.968788,Città della Scienza
2025-05-22T01:58:40Z,236,29.925,72.6,63,62.3,0,0,360,85,0.0,255,32767,0.11,2090-9-18,0.0,0.52,26.6,0.0,0.0,0.0,0,4.822265625,6,45,05:40,20:21,2025-05-22 01:58:40.040792,Città della Scienza
2025-05-22T01:58:51Z,236,29.925,72.6,63,62.3,0,0,360,85,0.0,255,32767,0.11,2090-9-18,0.0,0.52,26.6,0.0,0.0,0.0,0,4.822265625,6,45,05:40,20:21,2025-05-22 01:58:51.101791,Città della Scienza
2025-05-22T01:59:02Z,236,29.925,72.6,63,62.3,0,0,360,85,0.0,255,32767,0.11,2090-9-18,0.0,0.52,26.6,0.0,0.0,0.0,0,4.822265625,6,45,05:40,20:21,2025-05-22 01:59:02.135786,Città della Scienza
2025-05-22T01:59:13Z,236,29.925,72.6,63,62.3,0,0,360,85,0.0,255,32767,0.11,2090-9-18,0.0,0.52,26.6,0.0,0.0,0.0,0,4.822265625,6,45,05:40,20:21,2025-05-22 01:59:13.170796,Città della Scienza
2025-05-22T01:59:24Z,236,29.925,72.6,63,62.3,0,0,360,85,0.0,255,32767,0.11,2090-9-18,0.0,0.52,26.6,0.0,0.0,0.0,0,4.822265625,6,45,05:40,20:21,2025-05-22 01:59:24.243782,Città della Scienza
2025-05-22T01:59:35Z,236,29.926,72.6,62,62.2,0,0,360,85,0.0,255,32767,0.11,2090-9-18,0.0,0.52,26.6,0.0,0.0,0.0,0,4.822265625,6,45,05:40,20:21,2025-05-22 01:59:35.304790,Città della Scienza
2025-05-22T01:59:46Z,236,29.926,72.6,62,62.2,0,0,360,85,0.0,255,32767,0.11,2090-9-18,0.0,0.52,26.6,0.0,0.0,0.0,0,4.822265625,6,45,05:40,20:21,2025-05-22 01:59:46.388797,Città della Scienza
2025-05-22T01:59:57Z,236,29.926,72.6,62,62.2,0,0,360,85,0.0,255,32767,0.11,2090-9-18,0.0,0.52,26.6,0.0,0.0,0.0,0,4.822265625,6,45,05:40,20:21,2025-05-22 01:59:57.491789,Città della Scienza
2025-05-22T02:00:08Z,236,29.926,72.6,62,62.2,0,0,360,85,0.0,255,32767,0.11,2090-9-18,0.0,0.52,26.6,0.0,0.0,0.0,0,4.822265625,6,45,05:40,20:21,2025-05-22 02:00:08.546787,Città della Scienza,81.4,9.866273,7.4303856,9.43771,6.718297,EU EEA Common AQI,65.6,8.397871,5.1933327,7200,11.202899,100,100,61.0,9.947825,Very Low,65.0,8.358364,100,1747878300,Very Low,7.550168,9.928457,Very Low,11.022281,59.2,13.73913,100,1747878300,12.434783
2025-05-22T02:00:19Z,236,29.926,72.6,62,62.2,0,0,360,85,0.0,255,32767,0.11,2090-9-18,0.0,0.52,26.6,0.0,0.0,0.0,0,4.822265625,6,45,05:40,20:21,2025-05-22 02:00:19.593790,Città della Scienza,81.4,9.866273,7.4303856,9.43771,6.718297,EU EEA Common AQI,65.6,8.397871,5.1933327,7200,11.202899,100,100,61.0,9.947825,Very Low,65.0,8.358364,100,1747878300,Very Low,7.550168,9.928457,Very Low,11.022281,59.2,13.73913,100,1747878300,12.434783
2025-05-22T02:00:30Z,236,29.926,72.6,62,62.2,0,0,360,85,0.0,255,32767,0.11,2090-9-18,0.0,0.52,26.6,0.0,0.0,0.0,0,4.822265625,6,45,05:40,20:21,2025-05-22 02:00:30.643790,Città della Scienza,82.0,10.420149,7.4523463,10.095855,7.167851,EU EEA Common AQI,65.1,8.959814,5.2308106,7200,10.014493,100,100,60.8,8.915942,Very Low,64.6,8.893186,100,1747879200,Very Low,8.076683,10.488964,Very Low,11.65181,58.9,12.463768,100,1747879200,11.144928
2025-05-22T02:00:41Z,236,29.924,72.6,63,62.2,0,0,360,85,0.0,255,32767,0.11,2090-9-18,0.0,0.52,26.6,0.0,0.0,0.0,0,4.822265625,6,45,05:40,20:21,2025-05-22 02:00:41.691790,Città della Scienza,82.0,10.420149,7.4523463,10.095855,7.167851,EU EEA Common AQI,65.1,8.959814,5.2308106,7200,10.014493,100,100,60.8,8.915942,Very Low,64.6,8.893186,100,1747879200,Very Low,8.076683,10.488964,Very Low,11.65181,58.9,12.463768,100,1747879200,11.144928
2025-05-22T02:00:52Z,236,29.924,72.6,63,62.1,0,0,360,85,0.0,255,32767,0.11,2090-9-18,0.0,0.52,26.6,0.0,0.0,0.0,0,4.822265625,6,45,05:40,20:21,2025-05-22 02:00:52.763791,Città della Scienza,82.0,10.420149,7.4523463,10.095855,7.167851,EU EEA Common AQI,65.1,8.959814,5.2308106,7200,10.014493,100,100,60.8,8.915942,Very Low,64.6,8.893186,100,1747879200,Very Low,8.076683,10.488964,Very Low,11.65181,58.9,12.463768,100,1747879200,11.144928
2025-05-22T02:01:03Z,236,29.924,72.6,63,62.1,0,0,360,85,0.0,255,32767,0.11,2090-9-18,0.0,0.52,26.6,0.0,0.0,0.0,0,4.822265625,6,45,05:40,20:21,2025-05-22 02:01:03.791788,Città della Scienza,82.0,10.420149,7.4523463,10.095855,7.167851,EU EEA Common AQI,65.1,8.959814,5.2308106,7200,10.014493,100,100,60.8,8.915942,Very Low,64.6,8.893186,100,1747879200,Very Low,8.076683,10.488964,Very Low,11.65181,58.9,12.463768,100,1747879200,11.144928
2025-05-22T02:01:15Z,236,29.924,72.6,63,62.1,0,0,360,85,0.0,255,32767,0.11,2090-9-18,0.0,0.52,26.6,0.0,0.0,0.0,0,4.822265625,6,45,05:40,20:21,2025-05-22 02:01:14.861802,Città della Scienza,82.0,10.420149,7.4523463,10.095855,7.167851,EU EEA Common AQI,65.1,8.959814,5.2308106,7200,10.014493,100,100,60.8,8.915942,Very Low,64.6,8.893186,100,1747879200,Very Low,8.076683,10.488964,Very Low,11.65181,58.9,12.463768,100,1747879200,11.144928
2025-05-22T02:01:26Z,236,29.924,72.6,63,62.1,0,0,360,85,0.0,255,32767,0.11,2090-9-18,0.0,0.52,26.6,0.0,0.0,0.0,0,4.822265625,6,45,05:40,20:21,2025-05-22 02:01:25.937792,Città della Scienza,82.0,10.420149,7.4523463,10.095855,7.167851,EU EEA Common AQI,65.1,8.959814,5.2308106,7200,10.014493,100,100,60.8,8.915942,Very Low,64.6,8.893186,100,1747879200,Very Low,8.076683,10.488964,Very Low,11.65181,58.9,12.463768,100,1747879200,11.144928
2025-05-22T02:01:37Z,236,29.926,72.6,63,62.1,0,0,360,85,0.0,255,32767,0.11,2090-9-18,0.0,0.52,26.6,0.0,0.0,0.0,0,4.822265625,6,45,05:40,20:21,2025-05-22 02:01:37.010789,Città della Scienza,82.0,10.420149,7.4523463,10.095855,7.167851,EU EEA Common AQI,65.1,8.959814,5.2308106,7200,10.014493,100,100,60.8,8.915942,Very Low,64.6,8.893186,100,1747879200,Very Low,8.076683,10.488964,Very Low,11.65181,58.9,12.463768,100,1747879200,11.144928
2025-05-22T02:01:48Z,236,29.926,72.6,63,62.1,0,0,360,85,0.0,255,32767,0.11,2090-9-18,0.0,0.52,26.6,0.0,0.0,0.0,0,4.822265625,6,45,05:40,20:21,2025-05-22 02:01:48.053748,Città della Scienza,82.0,10.420149,7.4523463,10.095855,7.167851,EU EEA Common AQI,65.1,8.959814,5.2308106,7200,10.014493,100,100,60.8,8.915942,Very Low,64.6,8.893186,100,1747879200,Very Low,8.076683,10.488964,Very Low,11.65181,58.9,12.463768,100,1747879200,11.144928
2025-05-22T02:01:59Z,236,29.926,72.6,63,62.1,0,0,360,85,0.0,255,32767,0.11,2090-9-18,0.0,0.52,26.6,0.0,0.0,0.0,0,4.822265625,6,45,05:40,20:21,2025-05-22 02:01:59.163793,Città della Scienza,82.0,10.420149,7.4523463,10.095855,7.167851,EU EEA Common AQI,65.1,8.959814,5.2308106,7200,10.014493,100,100,60.8,8.915942,Very Low,64.6,8.893186,100,1747879200,Very Low,8.076683,10.488964,Very Low,11.65181,58.9,12.463768,100,1747879200,11.144928
2025-05-22T02:02:10Z,236,29.926,72.6,63,62.1,0,0,360,85,0.0,255,32767,0.11,2090-9-18,0.0,0.52,26.6,0.0,0.0,0.0,0,4.822265625,6,45,05:40,20:21,2025-05-22 02:02:10.248786,Città della Scienza,82.0,10.420149,7.4523463,10.095855,7.167851,EU EEA Common AQI,65.1,8.959814,5.2308106,7200,10.014493,100,100,60.8,8.915942,Very Low,64.6,8.893186,100,1747879200,Very Low,8.076683,10.488964,Very Low,11.65181,58.9,12.463768,100,1747879200,11.144928
2025-05-22T02:02:21Z,236,29.926,72.6,63,62.1,0,0,360,85,0.0,255,32767,0.11,2090-9-18,0.0,0.52,26.6,0.0,0.0,0.0,0,4.822265625,6,45,05:40,20:21,2025-05-22 02:02:21.331789,Città della Scienza,82.0,10.420149,7.4523463,10.095855,7.167851,EU EEA Common AQI,65.1,8.959814,5.2308106,7200,10.014493,100,100,60.8,8.915942,Very Low,64.6,8.893186,100,1747879200,Very Low,8.076683,10.488964,Very Low,11.65181,58.9,12.463768,100,1747879200,11.144928
2025-05-22T02:02:32Z,236,29.926,72.6,62,62.1,0,0,360,85,0.0,255,32767,0.11,2090-9-18,0.0,0.52,26.6,0.0,0.0,0.0,0,4.822265625,6,45,05:40,20:21,2025-05-22 02:02:32.474788,Città della Scienza,82.0,10.420149,7.4523463,10.095855,7.167851,EU EEA Common AQI,65.1,8.959814,5.2308106,7200,10.014493,100,100,60.8,8.915942,Very Low,64.6,8.893186,100,1747879200,Very Low,8.076683,10.488964,Very Low,11.65181,58.9,12.463768,100,1747879200,11.144928
2025-05-22T02:02:43Z,236,29.924,72.6,62,62.0,0,0,360,85,0.0,255,32767,0.11,2090-9-18,0.0,0.52,26.6,0.0,0.0,0.0,0,4.822265625,6,45,05:40,20:21,2025-05-22 02:02:43.554786,Città della Scienza,82.0,10.420149,7.4523463,10.095855,7.167851,EU EEA Common AQI,65.1,8.959814,5.2308106,7200,10.014493,100,100,60.8,8.915942,Very Low,64.6,8.893186,100,1747879200,Very Low,8.076683,10.488964,Very Low,11.65181,58.9,12.463768,100,1747879200,11.144928
2025-05-22T02:02:54Z,236,29.924,72.6,62,62.0,0,0,360,86,0.0,255,32767,0.11,2090-9-18,0.0,0.52,26.6,0.0,0.0,0.0,0,4.822265625,6,45,05:40,20:21,2025-05-22 02:02:54.638782,Città della Scienza,82.0,10.420149,7.4523463,10.095855,7.167851,EU EEA Common AQI,65.1,8.959814,5.2308106,7200,10.014493,100,100,60.8,8.915942,Very Low,64.6,8.893186,100,1747879200,Very Low,8.076683,10.488964,Very Low,11.65181,58.9,12.463768,100,1747879200,11.144928
2025-05-22T02:03:05Z,236,29.924,72.6,62,62.0,0,0,360,86,0.0,255,32767,0.11,2090-9-18,0.0,0.52,26.6,0.0,0.0,0.0,0,4.822265625,6,45,05:40,20:21,2025-05-22 02:03:05.711799,Città della Scienza,82.0,10.420149,7.4523463,10.095855,7.167851,EU EEA Common AQI,65.1,8.959814,5.2308106,7200,10.014493,100,100,60.8,8.915942,Very Low,64.6,8.893186,100,1747879200,Very Low,8.076683,10.488964,Very Low,11.65181,58.9,12.463768,100,1747879200,11.144928
2025-05-22T02:03:17Z,236,29.924,72.6,62,62.0,2,0,360,86,0.0,255,32767,0.11,2090-9-18,0.0,0.52,26.6,0.0,0.0,0.0,0,4.822265625,6,45,05:40,20:21,2025-05-22 02:03:16.852803,Città della Scienza,82.0,10.420149,7.4523463,10.095855,7.167851,EU EEA Common AQI,65.1,8.959814,5.2308106,7200,10.014493,100,100,60.8,8.915942,Very Low,64.6,8.893186,100,1747879200,Very Low,8.076683,10.488964,Very Low,11.65181,58.9,12.463768,100,1747879200,11.144928
2025-05-22T02:03:28Z,236,29.924,72.6,62,62.0,1,0,360,86,0.0,255,32767,0.11,2090-9-18,0.0,0.52,26.6,0.0,0.0,0.0,0,4.822265625,6,45,05:40,20:21,2025-05-22 02:03:27.950795,Città della Scienza,82.0,10.420149,7.4523463,10.095855,7.167851,EU EEA Common AQI,65.1,8.959814,5.2308106,7200,10.014493,100,100,60.8,8.915942,Very Low,64.6,8.893186,100,1747879200,Very Low,8.076683,10.488964,Very Low,11.65181,58.9,12.463768,100,1747879200,11.144928
2025-05-22T02:03:39Z,236,29.925,72.6,62,62.0,1,0,360,86,0.0,255,32767,0.11,2090-9-18,0.0,0.52,26.6,0.0,0.0,0.0,0,4.822265625,6,45,05:40,20:21,2025-05-22 02:03:38.996789,Città della Scienza,82.0,10.420149,7.4523463,10.095855,7.167851,EU EEA Common AQI,65.1,8.959814,5.2308106,7200,10.014493,100,100,60.8,8.915942,Very Low,64.6,8.893186,100,1747879200,Very Low,8.076683,10.488964,Very Low,11.65181,58.9,12.463768,100,1747879200,11.144928
2025-05-22T02:03:50Z,236,29.925,72.6,62,62.0,1,0,360,86,0.0,255,32767,0.11,2090-9-18,0.0,0.52,26.6,0.0,0.0,0.0,0,4.822265625,6,45,05:40,20:21,2025-05-22 02:03:50.102753,Città della Scienza,82.0,10.420149,7.4523463,10.095855,7.167851,EU EEA Common AQI,65.1,8.959814,5.2308106,7200,10.014493,100,100,60.8,8.915942,Very Low,64.6,8.893186,100,1747879200,Very Low,8.076683,10.488964,Very Low,11.65181,58.9,12.463768,100,1747879200,11.144928
2025-05-22T02:04:01Z,236,29.925,72.6,62,62.0,2,0,360,86,0.0,255,32767,0.11,2090-9-18,0.0,0.52,26.6,0.0,0.0,0.0,0,4.822265625,6,45,05:40,20:21,2025-05-22 02:04:01.197793,Città della Scienza,82.0,10.420149,7.4523463,10.095855,7.167851,EU EEA Common AQI,65.1,8.959814,5.2308106,7200,10.014493,100,100,60.8,8.915942,Very Low,64.6,8.893186,100,1747879200,Very Low,8.076683,10.488964,Very Low,11.65181,58.9,12.463768,100,1747879200,11.144928
2025-05-22T02:04:12Z,236,29.925,72.6,62,62.0,1,0,360,86,0.0,255,32767,0.11,2090-9-18,0.0,0.52,26.6,0.0,0.0,0.0,0,4.822265625,6,45,05:40,20:21,2025-05-22 02:04:12.302786,Città della Scienza,82.0,10.420149,7.4523463,10.095855,7.167851,EU EEA Common AQI,65.1,8.959814,5.2308106,7200,10.014493,100,100,60.8,8.915942,Very Low,64.6,8.893186,100,1747879200,Very Low,8.076683,10.488964,Very Low,11.65181,58.9,12.463768,100,1747879200,11.144928
2025-05-22T02:04:23Z,236,29.925,72.6,62,62.0,0,0,360,86,0.0,255,32767,0.11,2090-9-18,0.0,0.52,26.6,0.0,0.0,0.0,0,4.822265625,6,45,05:40,20:21,2025-05-22 02:04:23.357796,Città della Scienza,82.0,10.420149,7.4523463,10.095855,7.167851,EU EEA Common AQI,65.1,8.959814,5.2308106,7200,10.014493,100,100,60.8,8.915942,Very Low,64.6,8.893186,100,1747879200,Very Low,8.076683,10.488964,Very Low,11.65181,58.9,12.463768,100,1747879200,11.144928
2025-05-22T02:04:34Z,236,29.925,72.6,62,62.0,0,0,360,86,0.0,255,32767,0.11,2090-9-18,0.0,0.52,26.6,0.0,0.0,0.0,0,4.822265625,6,45,05:40,20:21,2025-05-22 02:04:34.477784,Città della Scienza,82.0,10.420149,7.4523463,10.095855,7.167851,EU EEA Common AQI,65.1,8.959814,5.2308106,7200,10.014493,100,100,60.8,8.915942,Very Low,64.6,8.893186,100,1747879200,Very Low,8.076683,10.488964,Very Low,11.65181,58.9,12.463768,100,1747879200,11.144928
2025-05-22T02:04:45Z,236,29.925,72.6,62,62.0,1,0,360,86,0.0,255,32767,0.11,2090-9-18,0.0,0.52,26.6,0.0,0.0,0.0,0,4.822265625,6,45,05:40,20:21,2025-05-22 02:04:45.567789,Città della Scienza,82.0,10.420149,7.4523463,10.095855,7.167851,EU EEA Common AQI,65.1,8.959814,5.2308106,7200,10.014493,100,100,60.8,8.915942,Very Low,64.6,8.893186,100,1747879200,Very Low,8.076683,10.488964,Very Low,11.65181,58.9,12.463768,100,1747879200,11.144928
2025-05-22T02:04:56Z,236,29.925,72.6,62,62.0,0,0,360,86,0.0,255,32767,0.11,2090-9-18,0.0,0.52,26.6,0.0,0.0,0.0,0,4.822265625,6,45,05:40,20:21,2025-05-22 02:04:56.624788,Città della Scienza,82.0,10.420149,7.4523463,10.095855,7.167851,EU EEA Common AQI,65.1,8.959814,5.2308106,7200,10.014493,100,100,60.8,8.915942,Very Low,64.6,8.893186,100,1747879200,Very Low,8.076683,10.488964,Very Low,11.65181,58.9,12.463768,100,1747879200,11.144928
2025-05-22T02:05:07Z,236,29.925,72.6,62,62.0,0,0,360,86,0.0,255,32767,0.11,2090-9-18,0.0,0.52,26.6,0.0,0.0,0.0,0,4.822265625,6,45,05:40,20:21,2025-05-22 02:05:07.671795,Città della Scienza,82.0,10.420149,7.4523463,10.095855,7.167851,EU EEA Common AQI,65.1,8.959814,5.2308106,7200,10.014493,100,100,60.8,8.915942,Very Low,64.6,8.893186,100,1747879200,Very Low,8.076683,10.488964,Very Low,11.65181,58.9,12.463768,100,1747879200,11.144928
2025-05-22T02:05:18Z,236,29.925,72.6,62,62.0,1,0,360,86,0.0,255,32767,0.11,2090-9-18,0.0,0.52,26.6,0.0,0.0,0.0,0,4.822265625,6,45,05:40,20:21,2025-05-22 02:05:18.763787,Città della Scienza,82.0,10.420149,7.4523463,10.095855,7.167851,EU EEA Common AQI,65.1,8.959814,5.2308106,7200,10.014493,100,100,60.8,8.915942,Very Low,64.6,8.893186,100,1747879200,Very Low,8.076683,10.488964,Very Low,11.65181,58.9,12.463768,100,1747879200,11.144928
2025-05-22T02:05:30Z,236,29.925,72.6,62,62.0,1,0,360,86,0.0,255,32767,0.11,2090-9-18,0.0,0.52,26.6,0.0,0.0,0.0,0,4.822265625,6,45,05:40,20:21,2025-05-22 02:05:29.843814,Città della Scienza,82.0,10.420149,7.4523463,10.095855,7.167851,EU EEA Common AQI,65.1,8.959814,5.2308106,7200,10.014493,100,100,60.8,8.915942,Very Low,64.6,8.893186,100,1747879200,Very Low,8.076683,10.488964,Very Low,11.65181,58.9,12.463768,100,1747879200,11.144928
2025-05-22T02:05:41Z,236,29.928,72.5,63,62.0,2,0,360,86,0.0,255,32767,0.11,2090-9-18,0.0,0.52,26.6,0.0,0.0,0.0,0,4.822265625,6,45,05:40,20:21,2025-05-22 02:05:40.905780,Città della Scienza,82.0,10.420149,7.4523463,10.095855,7.167851,EU EEA Common AQI,65.1,8.959814,5.2308106,7200,10.014493,100,100,60.8,8.915942,Very Low,64.6,8.893186,100,1747879200,Very Low,8.076683,10.488964,Very Low,11.65181,58.9,12.463768,100,1747879200,11.144928
2025-05-22T02:05:52Z,236,29.928,72.5,63,62.0,1,0,332,86,0.0,255,32767,0.11,2090-9-18,0.0,0.52,26.6,0.0,0.0,0.0,0,4.822265625,6,45,05:40,20:21,2025-05-22 02:05:52.028782,Città della Scienza,82.0,10.420149,7.4523463,10.095855,7.167851,EU EEA Common AQI,65.1,8.959814,5.2308106,7200,10.014493,100,100,60.8,8.915942,Very Low,64.6,8.893186,100,1747879200,Very Low,8.076683,10.488964,Very Low,11.65181,58.9,12.463768,100,1747879200,11.144928
2025-05-22T02:06:03Z,236,29.928,72.5,63,62.0,0,0,333,86,0.0,255,32767,0.11,2090-9-18,0.0,0.52,26.6,0.0,0.0,0.0,0,4.822265625,6,45,05:40,20:21,2025-05-22 02:06:03.077790,Città della Scienza,82.0,10.420149,7.4523463,10.095855,7.167851,EU EEA Common AQI,65.1,8.959814,5.2308106,7200,10.014493,100,100,60.8,8.915942,Very Low,64.6,8.893186,100,1747879200,Very Low,8.076683,10.488964,Very Low,11.65181,58.9,12.463768,100,1747879200,11.144928
2025-05-22T02:06:14Z,236,29.928,72.5,63,62.0,1,0,336,86,0.0,255,32767,0.11,2090-9-18,0.0,0.52,26.6,0.0,0.0,0.0,0,4.822265625,6,45,05:40,20:21,2025-05-22 02:06:14.171783,Città della Scienza,82.0,10.420149,7.4523463,10.095855,7.167851,EU EEA Common AQI,65.1,8.959814,5.2308106,7200,10.014493,100,100,60.8,8.915942,Very Low,64.6,8.893186,100,1747879200,Very Low,8.076683,10.488964,Very Low,11.65181,58.9,12.463768,100,1747879200,11.144928
2025-05-22T02:06:25Z,236,29.928,72.5,63,62.0,1,0,350,86,0.0,255,32767,0.11,2090-9-18,0.0,0.52,26.6,0.0,0.0,0.0,0,4.822265625,6,45,05:40,20:21,2025-05-22 02:06:25.274760,Città della Scienza,82.0,10.420149,7.4523463,10.095855,7.167851,EU EEA Common AQI,65.1,8.959814,5.2308106,7200,10.014493,100,100,60.8,8.915942,Very Low,64.6,8.893186,100,1747879200,Very Low,8.076683,10.488964,Very Low,11.65181,58.9,12.463768,100,1747879200,11.144928
2025-05-22T02:06:36Z,236,29.925,72.5,62,62.0,1,0,360,86,0.0,255,32767,0.11,2090-9-18,0.0,0.52,26.6,0.0,0.0,0.0,0,4.822265625,6,45,05:40,20:21,2025-05-22 02:06:36.320787,Città della Scienza,82.0,10.420149,7.4523463,10.095855,7.167851,EU EEA Common AQI,65.1,8.959814,5.2308106,7200,10.014493,100,100,60.8,8.915942,Very Low,64.6,8.893186,100,1747879200,Very Low,8.076683,10.488964,Very Low,11.65181,58.9,12.463768,100,1747879200,11.144928
2025-05-22T02:06:47Z,236,29.925,72.5,62,62.0,1,0,360,86,0.0,255,32767,0.11,2090-9-18,0.0,0.52,26.6,0.0,0.0,0.0,0,4.822265625,6,45,05:40,20:21,2025-05-22 02:06:47.447786,Città della Scienza,82.0,10.420149,7.4523463,10.095855,7.167851,EU EEA Common AQI,65.1,8.959814,5.2308106,7200,10.014493,100,100,60.8,8.915942,Very Low,64.6,8.893186,100,1747879200,Very Low,8.076683,10.488964,Very Low,11.65181,58.9,12.463768,100,1747879200,11.144928
2025-05-22T02:06:58Z,236,29.925,72.5,62,62.0,1,0,350,86,0.0,255,32767,0.11,2090-9-18,0.0,0.52,26.6,0.0,0.0,0.0,0,4.822265625,6,45,05:40,20:21,2025-05-22 02:06:58.538790,Città della Scienza,82.0,10.420149,7.4523463,10.095855,7.167851,EU EEA Common AQI,65.1,8.959814,5.2308106,7200,10.014493,100,100,60.8,8.915942,Very Low,64.6,8.893186,100,1747879200,Very Low,8.076683,10.488964,Very Low,11.65181,58.9,12.463768,100,1747879200,11.144928
2025-05-22T02:07:09Z,236,29.925,72.5,62,62.0,1,0,360,86,0.0,255,32767,0.11,2090-9-18,0.0,0.52,26.6,0.0,0.0,0.0,0,4.822265625,6,45,05:40,20:21,2025-05-22 02:07:09.602789,Città della Scienza,82.0,10.420149,7.4523463,10.095855,7.167851,EU EEA Common AQI,65.1,8.959814,5.2308106,7200,10.014493,100,100,60.8,8.915942,Very Low,64.6,8.893186,100,1747879200,Very Low,8.076683,10.488964,Very Low,11.65181,58.9,12.463768,100,1747879200,11.144928
2025-05-22T02:07:20Z,236,29.925,72.5,62,62.0,2,0,360,86,0.0,255,32767,0.11,2090-9-18,0.0,0.52,26.6,0.0,0.0,0.0,0,4.822265625,6,45,05:40,20:21,2025-05-22 02:07:20.641793,Città della Scienza,82.0,10.420149,7.4523463,10.095855,7.167851,EU EEA Common AQI,65.1,8.959814,5.2308106,7200,10.014493,100,100,60.8,8.915942,Very Low,64.6,8.893186,100,1747879200,Very Low,8.076683,10.488964,Very Low,11.65181,58.9,12.463768,100,1747879200,11.144928
2025-05-22T02:07:31Z,236,29.925,72.5,62,62.0,2,0,360,86,0.0,255,32767,0.11,2090-9-18,0.0,0.52,26.6,0.0,0.0,0.0,0,4.822265625,6,45,05:40,20:21,2025-05-22 02:07:31.768810,Città della Scienza,82.0,10.420149,7.4523463,10.095855,7.167851,EU EEA Common AQI,65.1,8.959814,5.2308106,7200,10.014493,100,100,60.8,8.915942,Very Low,64.6,8.893186,100,1747879200,Very Low,8.076683,10.488964,Very Low,11.65181,58.9,12.463768,100,1747879200,11.144928
2025-05-22T02:07:43Z,236,29.924,72.5,62,61.9,1,0,360,86,0.0,255,32767,0.11,2090-9-18,0.0,0.52,26.6,0.0,0.0,0.0,0,4.822265625,6,45,05:40,20:21,2025-05-22 02:07:42.917791,Città della Scienza,82.0,10.420149,7.4523463,10.095855,7.167851,EU EEA Common AQI,65.1,8.959814,5.2308106,7200,10.014493,100,100,60.8,8.915942,Very Low,64.6,8.893186,100,1747879200,Very Low,8.076683,10.488964,Very Low,11.65181,58.9,12.463768,100,1747879200,11.144928
2025-05-22T02:07:54Z,236,29.924,72.5,62,61.9,1,0,360,86,0.0,255,32767,0.11,2090-9-18,0.0,0.52,26.6,0.0,0.0,0.0,0,4.822265625,6,45,05:40,20:21,2025-05-22 02:07:54.013790,Città della Scienza,82.0,10.420149,7.4523463,10.095855,7.167851,EU EEA Common AQI,65.1,8.959814,5.2308106,7200,10.014493,100,100,60.8,8.915942,Very Low,64.6,8.893186,100,1747879200,Very Low,8.076683,10.488964,Very Low,11.65181,58.9,12.463768,100,1747879200,11.144928
2025-05-22T02:08:05Z,236,29.924,72.5,62,62.0,2,0,360,86,0.0,255,32767,0.11,2090-9-18,0.0,0.52,26.6,0.0,0.0,0.0,0,4.822265625,6,45,05:40,20:21,2025-05-22 02:08:05.154750,Città della Scienza,82.0,10.420149,7.4523463,10.095855,7.167851,EU EEA Common AQI,65.1,8.959814,5.2308106,7200,10.014493,100,100,60.8,8.915942,Very Low,64.6,8.893186,100,1747879200,Very Low,8.076683,10.488964,Very Low,11.65181,58.9,12.463768,100,1747879200,11.144928
2025-05-22T02:08:16Z,236,29.924,72.5,62,61.9,1,0,360,86,0.0,255,32767,0.11,2090-9-18,0.0,0.52,26.6,0.0,0.0,0.0,0,4.822265625,6,45,05:40,20:21,2025-05-22 02:08:16.212790,Città della Scienza,82.0,10.420149,7.4523463,10.095855,7.167851,EU EEA Common AQI,65.1,8.959814,5.2308106,7200,10.014493,100,100,60.8,8.915942,Very Low,64.6,8.893186,100,1747879200,Very Low,8.076683,10.488964,Very Low,11.65181,58.9,12.463768,100,1747879200,11.144928
2025-05-22T02:08:27Z,236,29.924,72.5,62,62.0,2,0,348,86,0.0,255,32767,0.11,2090-9-18,0.0,0.52,26.6,0.0,0.0,0.0,0,4.822265625,6,45,05:40,20:21,2025-05-22 02:08:27.375809,Città della Scienza,82.0,10.420149,7.4523463,10.095855,7.167851,EU EEA Common AQI,65.1,8.959814,5.2308106,7200,10.014493,100,100,60.8,8.915942,Very Low,64.6,8.893186,100,1747879200,Very Low,8.076683,10.488964,Very Low,11.65181,58.9,12.463768,100,1747879200,11.144928
2025-05-22T02:08:38Z,236,29.926,72.4,63,61.9,1,1,348,86,0.0,255,32767,0.11,2090-9-18,0.0,0.52,26.6,0.0,0.0,0.0,0,4.822265625,6,45,05:40,20:21,2025-05-22 02:08:38.423790,Città della Scienza,82.0,10.420149,7.4523463,10.095855,7.167851,EU EEA Common AQI,65.1,8.959814,5.2308106,7200,10.014493,100,100,60.8,8.915942,Very Low,64.6,8.893186,100,1747879200,Very Low,8.076683,10.488964,Very Low,11.65181,58.9,12.463768,100,1747879200,11.144928
2025-05-22T02:08:49Z,236,29.926,72.4,63,61.9,2,1,348,86,0.0,255,32767,0.11,2090-9-18,0.0,0.52,26.6,0.0,0.0,0.0,0,4.822265625,6,45,05:40,20:21,2025-05-22 02:08:49.536800,Città della Scienza,82.0,10.420149,7.4523463,10.095855,7.167851,EU EEA Common AQI,65.1,8.959814,5.2308106,7200,10.014493,100,100,60.8,8.915942,Very Low,64.6,8.893186,100,1747879200,Very Low,8.076683,10.488964,Very Low,11.65181,58.9,12.463768,100,1747879200,11.144928
2025-05-22T02:09:00Z,236,29.926,72.4,63,61.9,2,1,347,86,0.0,255,32767,0.11,2090-9-18,0.0,0.52,26.6,0.0,0.0,0.0,0,4.822265625,6,45,05:40,20:21,2025-05-22 02:09:00.658795,Città della Scienza,82.0,10.420149,7.4523463,10.095855,7.167851,EU EEA Common AQI,65.1,8.959814,5.2308106,7200,10.014493,100,100,60.8,8.915942,Very Low,64.6,8.893186,100,1747879200,Very Low,8.076683,10.488964,Very Low,11.65181,58.9,12.463768,100,1747879200,11.144928
2025-05-22T02:09:11Z,236,29.926,72.4,63,61.9,1,1,347,86,0.0,255,32767,0.11,2090-9-18,0.0,0.52,26.6,0.0,0.0,0.0,0,4.822265625,6,45,05:40,20:21,2025-05-22 02:09:11.758789,Città della Scienza,82.0,10.420149,7.4523463,10.095855,7.167851,EU EEA Common AQI,65.1,8.959814,5.2308106,7200,10.014493,100,100,60.8,8.915942,Very Low,64.6,8.893186,100,1747879200,Very Low,8.076683,10.488964,Very Low,11.65181,58.9,12.463768,100,1747879200,11.144928
2025-05-22T02:09:23Z,236,29.926,72.4,63,61.9,2,1,355,86,0.0,255,32767,0.11,2090-9-18,0.0,0.52,26.6,0.0,0.0,0.0,0,4.822265625,6,45,05:40,20:21,2025-05-22 02:09:22.813791,Città della Scienza,82.0,10.420149,7.4523463,10.095855,7.167851,EU EEA Common AQI,65.1,8.959814,5.2308106,7200,10.014493,100,100,60.8,8.915942,Very Low,64.6,8.893186,100,1747879200,Very Low,8.076683,10.488964,Very Low,11.65181,58.9,12.463768,100,1747879200,11.144928
2025-05-22T02:09:34Z,236,29.925,72.5,63,62.0,2,1,355,86,0.0,255,32767,0.11,2090-9-18,0.0,0.52,26.6,0.0,0.0,0.0,0,4.822265625,6,45,05:40,20:21,2025-05-22 02:09:33.910796,Città della Scienza,82.0,10.420149,7.4523463,10.095855,7.167851,EU EEA Common AQI,65.1,8.959814,5.2308106,7200,10.014493,100,100,60.8,8.915942,Very Low,64.6,8.893186,100,1747879200,Very Low,8.076683,10.488964,Very Low,11.65181,58.9,12.463768,100,1747879200,11.144928
2025-05-22T02:09:45Z,236,29.925,72.5,63,61.9,2,1,355,86,0.0,255,32767,0.11,2090-9-18,0.0,0.52,26.6,0.0,0.0,0.0,0,4.822265625,6,45,05:40,20:21,2025-05-22 02:09:44.995803,Città della Scienza,82.0,10.420149,7.4523463,10.095855,7.167851,EU EEA Common AQI,65.1,8.959814,5.2308106,7200,10.014493,100,100,60.8,8.915942,Very Low,64.6,8.893186,100,1747879200,Very Low,8.076683,10.488964,Very Low,11.65181,58.9,12.463768,100,1747879200,11.144928
2025-05-22T02:09:56Z,236,29.925,72.5,63,61.9,2,1,355,86,0.0,255,32767,0.11,2090-9-18,0.0,0.52,26.6,0.0,0.0,0.0,0,4.822265625,6,45,05:40,20:21,2025-05-22 02:09:56.093750,Città della Scienza,82.0,10.420149,7.4523463,10.095855,7.167851,EU EEA Common AQI,65.1,8.959814,5.2308106,7200,10.014493,100,100,60.8,8.915942,Very Low,64.6,8.893186,100,1747879200,Very Low,8.076683,10.488964,Very Low,11.65181,58.9,12.463768,100,1747879200,11.144928
2025-05-22T02:10:07Z,236,29.925,72.5,63,61.9,3,1,355,86,0.0,255,32767,0.11,2090-9-18,0.0,0.52,26.6,0.0,0.0,0.0,0,4.822265625,6,45,05:40,20:21,2025-05-22 02:10:07.192796,Città della Scienza,82.0,10.420149,7.4523463,10.095855,7.167851,EU EEA Common AQI,65.1,8.959814,5.2308106,7200,10.014493,100,100,60.8,8.915942,Very Low,64.6,8.893186,100,1747879200,Very Low,8.076683,10.488964,Very Low,11.65181,58.9,12.463768,100,1747879200,11.144928
2025-05-22T02:10:18Z,236,29.925,72.5,63,61.9,2,1,355,86,0.0,255,32767,0.11,2090-9-18,0.0,0.52,26.6,0.0,0.0,0.0,0,4.822265625,6,45,05:40,20:21,2025-05-22 02:10:18.259788,Città della Scienza,82.0,10.420149,7.4523463,10.095855,7.167851,EU EEA Common AQI,65.1,8.959814,5.2308106,7200,10.014493,100,100,60.8,8.915942,Very Low,64.6,8.893186,100,1747879200,Very Low,8.076683,10.488964,Very Low,11.65181,58.9,12.463768,100,1747879200,11.144928
2025-05-22T02:10:29Z,236,29.925,72.5,63,61.9,2,1,355,86,0.0,255,32767,0.11,2090-9-18,0.0,0.52,26.6,0.0,0.0,0.0,0,4.822265625,6,45,05:40,20:21,2025-05-22 02:10:29.309785,Città della Scienza,82.0,10.420149,7.4523463,10.095855,7.167851,EU EEA Common AQI,65.1,8.959814,5.2308106,7200,10.014493,100,100,60.8,8.915942,Very Low,64.6,8.893186,100,1747879200,Very Low,8.076683,10.488964,Very Low,11.65181,58.9,12.463768,100,1747879200,11.144928
2025-05-22T02:10:40Z,236,29.924,72.4,63,61.9,2,1,355,86,0.0,255,32767,0.11,2090-9-18,0.0,0.52,26.6,0.0,0.0,0.0,0,4.822265625,6,45,05:40,20:21,2025-05-22 02:10:40.410785,Città della Scienza,82.0,10.420149,7.4523463,10.095855,7.167851,EU EEA Common AQI,65.1,8.959814,5.2308106,7200,10.014493,100,100,60.8,8.915942,Very Low,64.6,8.893186,100,1747879200,Very Low,8.076683,10.488964,Very Low,11.65181,58.9,12.463768,100,1747879200,11.144928
2025-05-22T02:10:51Z,236,29.924,72.4,63,61.9,2,1,355,86,0.0,255,32767,0.11,2090-9-18,0.0,0.52,26.6,0.0,0.0,0.0,0,4.822265625,6,45,05:40,20:21,2025-05-22 02:10:51.491793,Città della Scienza,82.0,10.420149,7.4523463,10.095855,7.167851,EU EEA Common AQI,65.1,8.959814,5.2308106,7200,10.014493,100,100,60.8,8.915942,Very Low,64.6,8.893186,100,1747879200,Very Low,8.076683,10.488964,Very Low,11.65181,58.9,12.463768,100,1747879200,11.144928
2025-05-22T02:11:02Z,236,29.924,72.4,63,61.9,2,1,355,86,0.0,255,32767,0.11,2090-9-18,0.0,0.52,26.6,0.0,0.0,0.0,0,4.822265625,6,45,05:40,20:21,2025-05-22 02:11:02.574791,Città della Scienza,82.0,10.420149,7.4523463,10.095855,7.167851,EU EEA Common AQI,65.1,8.959814,5.2308106,7200,10.014493,100,100,60.8,8.915942,Very Low,64.6,8.893186,100,1747879200,Very Low,8.076683,10.488964,Very Low,11.65181,58.9,12.463768,100,1747879200,11.144928
2025-05-22T02:11:13Z,236,29.924,72.4,63,61.9,2,1,355,86,0.0,255,32767,0.11,2090-9-18,0.0,0.52,26.6,0.0,0.0,0.0,0,4.822265625,6,45,05:40,20:21,2025-05-22 02:11:13.720786,Città della Scienza,82.0,10.420149,7.4523463,10.095855,7.167851,EU EEA Common AQI,65.1,8.959814,5.2308106,7200,10.014493,100,100,60.8,8.915942,Very Low,64.6,8.893186,100,1747879200,Very Low,8.076683,10.488964,Very Low,11.65181,58.9,12.463768,100,1747879200,11.144928
2025-05-22T02:11:24Z,236,29.924,72.4,63,62.0,2,1,355,86,0.0,255,32767,0.11,2090-9-18,0.0,0.52,26.6,0.0,0.0,0.0,0,4.822265625,6,45,05:40,20:21,2025-05-22 02:11:24.772804,Città della Scienza,82.0,10.420149,7.4523463,10.095855,7.167851,EU EEA Common AQI,65.1,8.959814,5.2308106,7200,10.014493,100,100,60.8,8.915942,Very Low,64.6,8.893186,100,1747879200,Very Low,8.076683,10.488964,Very Low,11.65181,58.9,12.463768,100,1747879200,11.144928
2025-05-22T02:11:36Z,236,29.925,72.4,63,62.0,0,1,355,86,0.0,255,32767,0.11,2090-9-18,0.0,0.52,26.6,0.0,0.0,0.0,0,4.822265625,6,45,05:40,20:21,2025-05-22 02:11:35.865792,Città della Scienza,82.0,10.420149,7.4523463,10.095855,7.167851,EU EEA Common AQI,65.1,8.959814,5.2308106,7200,10.014493,100,100,60.8,8.915942,Very Low,64.6,8.893186,100,1747879200,Very Low,8.076683,10.488964,Very Low,11.65181,58.9,12.463768,100,1747879200,11.144928
2025-05-22T02:11:47Z,236,29.925,72.4,63,61.9,1,1,355,86,0.0,255,32767,0.11,2090-9-18,0.0,0.52,26.6,0.0,0.0,0.0,0,4.822265625,6,45,05:40,20:21,2025-05-22 02:11:46.943797,Città della Scienza,82.0,10.420149,7.4523463,10.095855,7.167851,EU EEA Common AQI,65.1,8.959814,5.2308106,7200,10.014493,100,100,60.8,8.915942,Very Low,64.6,8.893186,100,1747879200,Very Low,8.076683,10.488964,Very Low,11.65181,58.9,12.463768,100,1747879200,11.144928
2025-05-22T02:11:58Z,236,29.925,72.4,63,61.9,1,1,355,86,0.0,255,32767,0.11,2090-9-18,0.0,0.52,26.6,0.0,0.0,0.0,0,4.822265625,6,45,05:40,20:21,2025-05-22 02:11:57.963789,Città della Scienza,82.0,10.420149,7.4523463,10.095855,7.167851,EU EEA Common AQI,65.1,8.959814,5.2308106,7200,10.014493,100,100,60.8,8.915942,Very Low,64.6,8.893186,100,1747879200,Very Low,8.076683,10.488964,Very Low,11.65181,58.9,12.463768,100,1747879200,11.144928
2025-05-22T02:12:09Z,236,29.925,72.4,63,61.9,1,1,355,86,0.0,255,32767,0.11,2090-9-18,0.0,0.52,26.6,0.0,0.0,0.0,0,4.822265625,6,45,05:40,20:21,2025-05-22 02:12:08.997786,Città della Scienza,82.0,10.420149,7.4523463,10.095855,7.167851,EU EEA Common AQI,65.1,8.959814,5.2308106,7200,10.014493,100,100,60.8,8.915942,Very Low,64.6,8.893186,100,1747879200,Very Low,8.076683,10.488964,Very Low,11.65181,58.9,12.463768,100,1747879200,11.144928
2025-05-22T02:12:20Z,236,29.925,72.4,63,62.0,1,1,355,86,0.0,255,32767,0.11,2090-9-18,0.0,0.52,26.6,0.0,0.0,0.0,0,4.822265625,6,45,05:40,20:21,2025-05-22 02:12:20.054786,Città della Scienza,82.0,10.420149,7.4523463,10.095855,7.167851,EU EEA Common AQI,65.1,8.959814,5.2308106,7200,10.014493,100,100,60.8,8.915942,Very Low,64.6,8.893186,100,1747879200,Very Low,8.076683,10.488964,Very Low,11.65181,58.9,12.463768,100,1747879200,11.144928
2025-05-22T02:12:31Z,236,29.925,72.4,63,61.9,0,1,355,86,0.0,255,32767,0.11,2090-9-18,0.0,0.52,26.6,0.0,0.0,0.0,0,4.822265625,6,45,05:40,20:21,2025-05-22 02:12:31.163791,Città della Scienza,82.0,10.420149,7.4523463,10.095855,7.167851,EU EEA Common AQI,65.1,8.959814,5.2308106,7200,10.014493,100,100,60.8,8.915942,Very Low,64.6,8.893186,100,1747879200,Very Low,8.076683,10.488964,Very Low,11.65181,58.9,12.463768,100,1747879200,11.144928
2025-05-22T02:12:42Z,236,29.926,72.4,63,62.0,1,1,355,86,0.0,255,32767,0.11,2090-9-18,0.0,0.52,26.6,0.0,0.0,0.0,0,4.822265625,6,45,05:40,20:21,2025-05-22 02:12:42.251788,Città della Scienza,82.0,10.420149,7.4523463,10.095855,7.167851,EU EEA Common AQI,65.1,8.959814,5.2308106,7200,10.014493,100,100,60.8,8.915942,Very Low,64.6,8.893186,100,1747879200,Very Low,8.076683,10.488964,Very Low,11.65181,58.9,12.463768,100,1747879200,11.144928
2025-05-22T02:12:53Z,236,29.926,72.4,63,62.0,1,1,355,86,0.0,255,32767,0.11,2090-9-18,0.0,0.52,26.6,0.0,0.0,0.0,0,4.822265625,6,45,05:40,20:21,2025-05-22 02:12:53.307784,Città della Scienza,82.0,10.420149,7.4523463,10.095855,7.167851,EU EEA Common AQI,65.1,8.959814,5.2308106,7200,10.014493,100,100,60.8,8.915942,Very Low,64.6,8.893186,100,1747879200,Very Low,8.076683,10.488964,Very Low,11.65181,58.9,12.463768,100,1747879200,11.144928
2025-05-22T02:13:04Z,236,29.926,72.4,63,62.0,1,1,355,86,0.0,255,32767,0.11,2090-9-18,0.0,0.52,26.6,0.0,0.0,0.0,0,4.822265625,6,45,05:40,20:21,2025-05-22 02:13:04.379820,Città della Scienza,82.0,10.420149,7.4523463,10.095855,7.167851,EU EEA Common AQI,65.1,8.959814,5.2308106,7200,10.014493,100,100,60.8,8.915942,Very Low,64.6,8.893186,100,1747879200,Very Low,8.076683,10.488964,Very Low,11.65181,58.9,12.463768,100,1747879200,11.144928
2025-05-22T02:13:15Z,236,29.926,72.4,63,62.0,1,1,355,86,0.0,255,32767,0.11,2090-9-18,0.0,0.52,26.6,0.0,0.0,0.0,0,4.822265625,6,45,05:40,20:21,2025-05-22 02:13:15.446784,Città della Scienza,82.0,10.420149,7.4523463,10.095855,7.167851,EU EEA Common AQI,65.1,8.959814,5.2308106,7200,10.014493,100,100,60.8,8.915942,Very Low,64.6,8.893186,100,1747879200,Very Low,8.076683,10.488964,Very Low,11.65181,58.9,12.463768,100,1747879200,11.144928
2025-05-22T02:13:26Z,236,29.926,72.4,63,62.0,2,1,355,86,0.0,255,32767,0.11,2090-9-18,0.0,0.52,26.6,0.0,0.0,0.0,0,4.822265625,6,45,05:40,20:21,2025-05-22 02:13:26.534800,Città della Scienza,82.0,10.420149,7.4523463,10.095855,7.167851,EU EEA Common AQI,65.1,8.959814,5.2308106,7200,10.014493,100,100,60.8,8.915942,Very Low,64.6,8.893186,100,1747879200,Very Low,8.076683,10.488964,Very Low,11.65181,58.9,12.463768,100,1747879200,11.144928
2025-05-22T02:13:37Z,236,29.925,72.4,63,62.0,1,1,355,86,0.0,255,32767,0.11,2090-9-18,0.0,0.52,26.6,0.0,0.0,0.0,0,4.822265625,6,45,05:40,20:21,2025-05-22 02:13:37.622788,Città della Scienza,82.0,10.420149,7.4523463,10.095855,7.167851,EU EEA Common AQI,65.1,8.959814,5.2308106,7200,10.014493,100,100,60.8,8.915942,Very Low,64.6,8.893186,100,1747879200,Very Low,8.076683,10.488964,Very Low,11.65181,58.9,12.463768,100,1747879200,11.144928
2025-05-22T02:13:48Z,236,29.925,72.4,63,62.0,2,1,355,86,0.0,255,32767,0.11,2090-9-18,0.0,0.52,26.6,0.0,0.0,0.0,0,4.822265625,6,45,05:40,20:21,2025-05-22 02:13:48.744788,Città della Scienza,82.0,10.420149,7.4523463,10.095855,7.167851,EU EEA Common AQI,65.1,8.959814,5.2308106,7200,10.014493,100,100,60.8,8.915942,Very Low,64.6,8.893186,100,1747879200,Very Low,8.076683,10.488964,Very Low,11.65181,58.9,12.463768,100,1747879200,11.144928
2025-05-22T02:14:00Z,236,29.925,72.4,63,62.0,2,1,355,86,0.0,255,32767,0.11,2090-9-18,0.0,0.52,26.6,0.0,0.0,0.0,0,4.822265625,6,45,05:40,20:21,2025-05-22 02:13:59.840787,Città della Scienza,82.0,10.420149,7.4523463,10.095855,7.167851,EU EEA Common AQI,65.1,8.959814,5.2308106,7200,10.014493,100,100,60.8,8.915942,Very Low,64.6,8.893186,100,1747879200,Very Low,8.076683,10.488964,Very Low,11.65181,58.9,12.463768,100,1747879200,11.144928
2025-05-22T02:14:11Z,236,29.925,72.4,63,62.0,1,1,355,86,0.0,255,32767,0.11,2090-9-18,0.0,0.52,26.6,0.0,0.0,0.0,0,4.822265625,6,45,05:40,20:21,2025-05-22 02:14:10.961783,Città della Scienza,82.0,10.420149,7.4523463,10.095855,7.167851,EU EEA Common AQI,65.1,8.959814,5.2308106,7200,10.014493,100,100,60.8,8.915942,Very Low,64.6,8.893186,100,1747879200,Very Low,8.076683,10.488964,Very Low,11.65181,58.9,12.463768,100,1747879200,11.144928
2025-05-22T02:14:22Z,236,29.925,72.4,63,62.0,1,1,355,86,0.0,255,32767,0.11,2090-9-18,0.0,0.52,26.6,0.0,0.0,0.0,0,4.822265625,6,45,05:40,20:21,2025-05-22 02:14:22.016749,Città della Scienza,82.0,10.420149,7.4523463,10.095855,7.167851,EU EEA Common AQI,65.1,8.959814,5.2308106,7200,10.014493,100,100,60.8,8.915942,Very Low,64.6,8.893186,100,1747879200,Very Low,8.076683,10.488964,Very Low,11.65181,58.9,12.463768,100,1747879200,11.144928
2025-05-22T02:14:33Z,236,29.924,72.4,63,62.0,1,1,355,86,0.0,255,32767,0.11,2090-9-18,0.0,0.52,26.6,0.0,0.0,0.0,0,4.822265625,6,45,05:40,20:21,2025-05-22 02:14:33.173802,Città della Scienza,82.0,10.420149,7.4523463,10.095855,7.167851,EU EEA Common AQI,65.1,8.959814,5.2308106,7200,10.014493,100,100,60.8,8.915942,Very Low,64.6,8.893186,100,1747879200,Very Low,8.076683,10.488964,Very Low,11.65181,58.9,12.463768,100,1747879200,11.144928
2025-05-22T02:14:44Z,236,29.924,72.4,63,62.0,1,1,355,86,0.0,255,32767,0.11,2090-9-18,0.0,0.52,26.6,0.0,0.0,0.0,0,4.822265625,6,45,05:40,20:21,2025-05-22 02:14:44.223797,Città della Scienza,82.0,10.420149,7.4523463,10.095855,7.167851,EU EEA Common AQI,65.1,8.959814,5.2308106,7200,10.014493,100,100,60.8,8.915942,Very Low,64.6,8.893186,100,1747879200,Very Low,8.076683,10.488964,Very Low,11.65181,58.9,12.463768,100,1747879200,11.144928
2025-05-22T02:14:55Z,236,29.924,72.4,63,62.0,1,1,355,86,0.0,255,32767,0.11,2090-9-18,0.0,0.52,26.6,0.0,0.0,0.0,0,4.822265625,6,45,05:40,20:21,2025-05-22 02:14:55.292789,Città della Scienza,82.0,10.420149,7.4523463,10.095855,7.167851,EU EEA Common AQI,65.1,8.959814,5.2308106,7200,10.014493,100,100,60.8,8.915942,Very Low,64.6,8.893186,100,1747879200,Very Low,8.076683,10.488964,Very Low,11.65181,58.9,12.463768,100,1747879200,11.144928
2025-05-22T02:15:06Z,236,29.924,72.4,63,62.1,2,1,355,86,0.0,255,32767,0.11,2090-9-18,0.0,0.52,26.6,0.0,0.0,0.0,0,4.822265625,6,45,05:40,20:21,2025-05-22 02:15:06.382806,Città della Scienza,82.0,10.420149,7.4523463,10.095855,7.167851,EU EEA Common AQI,65.1,8.959814,5.2308106,7200,10.014493,100,100,60.8,8.915942,Very Low,64.6,8.893186,100,1747879200,Very Low,8.076683,10.488964,Very Low,11.65181,58.9,12.463768,100,1747879200,11.144928
2025-05-22T02:15:17Z,236,29.924,72.4,63,62.0,1,1,355,86,0.0,255,32767,0.11,2090-9-18,0.0,0.52,26.6,0.0,0.0,0.0,0,4.822265625,6,45,05:40,20:21,2025-05-22 02:15:17.459786,Città della Scienza,82.0,10.420149,7.4523463,10.095855,7.167851,EU EEA Common AQI,65.1,8.959814,5.2308106,7200,10.014493,100,100,60.8,8.915942,Very Low,64.6,8.893186,100,1747879200,Very Low,8.076683,10.488964,Very Low,11.65181,58.9,12.463768,100,1747879200,11.144928
2025-05-22T02:15:28Z,236,29.924,72.4,63,62.0,1,1,355,86,0.0,255,32767,0.11,2090-9-18,0.0,0.52,26.6,0.0,0.0,0.0,0,4.822265625,6,45,05:40,20:21,2025-05-22 02:15:28.562799,Città della Scienza,82.6,10.848287,7.4485645,10.81596,7.5540643,EU EEA Common AQI,64.9,9.442581,5.252995,7200,11.681159,100,100,60.7,11.373912,Very Low,64.4,9.290884,100,1747880100,Very Low,8.652768,10.988376,Very Low,12.368799,59.0,15.188406,100,1747880100,14.217391
2025-05-22T02:15:39Z,236,29.921,72.4,63,62.0,2,1,355,86,0.0,255,32767,0.11,2090-9-18,0.0,0.52,26.6,0.0,0.0,0.0,0,4.822265625,6,45,05:40,20:21,2025-05-22 02:15:39.701793,Città della Scienza,82.6,10.848287,7.4485645,10.81596,7.5540643,EU EEA Common AQI,64.9,9.442581,5.252995,7200,11.681159,100,100,60.7,11.373912,Very Low,64.4,9.290884,100,1747880100,Very Low,8.652768,10.988376,Very Low,12.368799,59.0,15.188406,100,1747880100,14.217391
2025-05-22T02:15:50Z,236,29.921,72.4,63,62.0,1,1,355,86,0.0,255,32767,0.11,2090-9-18,0.0,0.52,26.6,0.0,0.0,0.0,0,4.822265625,6,45,05:40,20:21,2025-05-22 02:15:50.782806,Città della Scienza,82.6,10.848287,7.4485645,10.81596,7.5540643,EU EEA Common AQI,64.9,9.442581,5.252995,7200,11.681159,100,100,60.7,11.373912,Very Low,64.4,9.290884,100,1747880100,Very Low,8.652768,10.988376,Very Low,12.368799,59.0,15.188406,100,1747880100,14.217391
2025-05-22T02:16:02Z,236,29.921,72.4,63,62.0,1,1,355,86,0.0,255,32767,0.11,2090-9-18,0.0,0.52,26.6,0.0,0.0,0.0,0,4.822265625,6,45,05:40,20:21,2025-05-22 02:16:01.883798,Città della Scienza,82.6,10.848287,7.4485645,10.81596,7.5540643,EU EEA Common AQI,64.9,9.442581,5.252995,7200,11.681159,100,100,60.7,11.373912,Very Low,64.4,9.290884,100,1747880100,Very Low,8.652768,10.988376,Very Low,12.368799,59.0,15.188406,100,1747880100,14.217391
2025-05-22T02:16:13Z,236,29.921,72.4,63,62.0,2,1,355,86,0.0,255,32767,0.11,2090-9-18,0.0,0.52,26.6,0.0,0.0,0.0,0,4.822265625,6,45,05:40,20:21,2025-05-22 02:16:13.006792,Città della Scienza,82.6,10.848287,7.4485645,10.81596,7.5540643,EU EEA Common AQI,64.9,9.442581,5.252995,7200,11.681159,100,100,60.7,11.373912,Very Low,64.4,9.290884,100,1747880100,Very Low,8.652768,10.988376,Very Low,12.368799,59.0,15.188406,100,1747880100,14.217391
2025-05-22T02:16:24Z,236,29.921,72.4,63,62.0,2,1,355,86,0.0,255,32767,0.11,2090-9-18,0.0,0.52,26.6,0.0,0.0,0.0,0,4.822265625,6,45,05:40,20:21,2025-05-22 02:16:24.106788,Città della Scienza,82.6,10.848287,7.4485645,10.81596,7.5540643,EU EEA Common AQI,64.9,9.442581,5.252995,7200,11.681159,100,100,60.7,11.373912,Very Low,64.4,9.290884,100,1747880100,Very Low,8.652768,10.988376,Very Low,12.368799,59.0,15.188406,100,1747880100,14.217391
2025-05-22T02:16:35Z,236,29.924,72.4,63,62.0,2,1,355,86,0.0,255,32767,0.11,2090-9-18,0.0,0.52,26.6,0.0,0.0,0.0,0,4.822265625,6,45,05:40,20:21,2025-05-22 02:16:35.234786,Città della Scienza,82.6,10.848287,7.4485645,10.81596,7.5540643,EU EEA Common AQI,64.9,9.442581,5.252995,7200,11.681159,100,100,60.7,11.373912,Very Low,64.4,9.290884,100,1747880100,Very Low,8.652768,10.988376,Very Low,12.368799,59.0,15.188406,100,1747880100,14.217391
2025-05-22T02:16:46Z,236,29.924,72.4,63,62.0,2,1,355,86,0.0,255,32767,0.11,2090-9-18,0.0,0.52,26.6,0.0,0.0,0.0,0,4.822265625,6,45,05:40,20:21,2025-05-22 02:16:46.274802,Città della Scienza,82.6,10.848287,7.4485645,10.81596,7.5540643,EU EEA Common AQI,64.9,9.442581,5.252995,7200,11.681159,100,100,60.7,11.373912,Very Low,64.4,9.290884,100,1747880100,Very Low,8.652768,10.988376,Very Low,12.368799,59.0,15.188406,100,1747880100,14.217391
2025-05-22T02:16:57Z,236,29.924,72.4,63,62.0,2,1,355,86,0.0,255,32767,0.11,2090-9-18,0.0,0.52,26.6,0.0,0.0,0.0,0,4.822265625,6,45,05:40,20:21,2025-05-22 02:16:57.327798,Città della Scienza,82.6,10.848287,7.4485645,10.81596,7.5540643,EU EEA Common AQI,64.9,9.442581,5.252995,7200,11.681159,100,100,60.7,11.373912,Very Low,64.4,9.290884,100,1747880100,Very Low,8.652768,10.988376,Very Low,12.368799,59.0,15.188406,100,1747880100,14.217391
2025-05-22T02:17:08Z,236,29.924,72.4,63,62.0,1,1,355,86,0.0,255,32767,0.11,2090-9-18,0.0,0.52,26.6,0.0,0.0,0.0,0,4.822265625,6,45,05:40,20:21,2025-05-22 02:17:08.405793,Città della Scienza,82.6,10.848287,7.4485645,10.81596,7.5540643,EU EEA Common AQI,64.9,9.442581,5.252995,7200,11.681159,100,100,60.7,11.373912,Very Low,64.4,9.290884,100,1747880100,Very Low,8.652768,10.988376,Very Low,12.368799,59.0,15.188406,100,1747880100,14.217391
2025-05-22T02:17:19Z,236,29.924,72.4,63,62.0,1,1,355,86,0.0,255,32767,0.11,2090-9-18,0.0,0.52,26.6,0.0,0.0,0.0,0,4.822265625,6,45,05:40,20:21,2025-05-22 02:17:19.451787,Città della Scienza,82.6,10.848287,7.4485645,10.81596,7.5540643,EU EEA Common AQI,64.9,9.442581,5.252995,7200,11.681159,100,100,60.7,11.373912,Very Low,64.4,9.290884,100,1747880100,Very Low,8.652768,10.988376,Very Low,12.368799,59.0,15.188406,100,1747880100,14.217391
2025-05-22T02:17:30Z,236,29.924,72.4,63,62.0,1,1,355,86,0.0,255,32767,0.11,2090-9-18,0.0,0.52,26.6,0.0,0.0,0.0,0,4.822265625,6,45,05:40,20:21,2025-05-22 02:17:30.503790,Città della Scienza,82.6,10.848287,7.4485645,10.81596,7.5540643,EU EEA Common AQI,64.9,9.442581,5.252995,7200,11.681159,100,100,60.7,11.373912,Very Low,64.4,9.290884,100,1747880100,Very Low,8.652768,10.988376,Very Low,12.368799,59.0,15.188406,100,1747880100,14.217391
2025-05-22T02:17:41Z,236,29.924,72.3,63,62.0,1,1,355,86,0.0,255,32767,0.11,2090-9-18,0.0,0.52,26.6,0.0,0.0,0.0,0,4.822265625,6,45,05:40,20:21,2025-05-22 02:17:41.594787,Città della Scienza,82.6,10.848287,7.4485645,10.81596,7.5540643,EU EEA Common AQI,64.9,9.442581,5.252995,7200,11.681159,100,100,60.7,11.373912,Very Low,64.4,9.290884,100,1747880100,Very Low,8.652768,10.988376,Very Low,12.368799,59.0,15.188406,100,1747880100,14.217391
2025-05-22T02:17:52Z,236,29.924,72.3,63,62.0,1,1,355,86,0.0,255,32767,0.11,2090-9-18,0.0,0.52,26.6,0.0,0.0,0.0,0,4.822265625,6,45,05:40,20:21,2025-05-22 02:17:52.609795,Città della Scienza,82.6,10.848287,7.4485645,10.81596,7.5540643,EU EEA Common AQI,64.9,9.442581,5.252995,7200,11.681159,100,100,60.7,11.373912,Very Low,64.4,9.290884,100,1747880100,Very Low,8.652768,10.988376,Very Low,12.368799,59.0,15.188406,100,1747880100,14.217391
2025-05-22T02:18:03Z,236,29.924,72.3,63,61.9,1,1,355,86,0.0,255,32767,0.11,2090-9-18,0.0,0.52,26.6,0.0,0.0,0.0,0,4.822265625,6,45,05:40,20:21,2025-05-22 02:18:03.699787,Città della Scienza,82.6,10.848287,7.4485645,10.81596,7.5540643,EU EEA Common AQI,64.9,9.442581,5.252995,7200,11.681159,100,100,60.7,11.373912,Very Low,64.4,9.290884,100,1747880100,Very Low,8.652768,10.988376,Very Low,12.368799,59.0,15.188406,100,1747880100,14.217391
2025-05-22T02:18:14Z,236,29.924,72.3,63,61.9,1,1,355,86,0.0,255,32767,0.11,2090-9-18,0.0,0.52,26.6,0.0,0.0,0.0,0,4.822265625,6,45,05:40,20:21,2025-05-22 02:18:14.751795,Città della Scienza,82.6,10.848287,7.4485645,10.81596,7.5540643,EU EEA Common AQI,64.9,9.442581,5.252995,7200,11.681159,100,100,60.7,11.373912,Very Low,64.4,9.290884,100,1747880100,Very Low,8.652768,10.988376,Very Low,12.368799,59.0,15.188406,100,1747880100,14.217391
2025-05-22T02:18:26Z,236,29.924,72.3,63,61.9,1,1,355,86,0.0,255,32767,0.11,2090-9-18,0.0,0.52,26.6,0.0,0.0,0.0,0,4.822265625,6,45,05:40,20:21,2025-05-22 02:18:25.825863,Città della Scienza,82.6,10.848287,7.4485645,10.81596,7.5540643,EU EEA Common AQI,64.9,9.442581,5.252995,7200,11.681159,100,100,60.7,11.373912,Very Low,64.4,9.290884,100,1747880100,Very Low,8.652768,10.988376,Very Low,12.368799,59.0,15.188406,100,1747880100,14.217391
2025-05-22T02:18:37Z,236,29.925,72.3,63,61.9,1,1,355,86,0.0,255,32767,0.11,2090-9-18,0.0,0.52,26.6,0.0,0.0,0.0,0,4.822265625,6,45,05:40,20:21,2025-05-22 02:18:36.924866,Città della Scienza,82.6,10.848287,7.4485645,10.81596,7.5540643,EU EEA Common AQI,64.9,9.442581,5.252995,7200,11.681159,100,100,60.7,11.373912,Very Low,64.4,9.290884,100,1747880100,Very Low,8.652768,10.988376,Very Low,12.368799,59.0,15.188406,100,1747880100,14.217391
2025-05-22T02:18:48Z,236,29.925,72.3,63,61.9,1,1,355,86,0.0,255,32767,0.11,2090-9-18,0.0,0.52,26.6,0.0,0.0,0.0,0,4.822265625,6,45,05:40,20:21,2025-05-22 02:18:47.995801,Città della Scienza,82.6,10.848287,7.4485645,10.81596,7.5540643,EU EEA Common AQI,64.9,9.442581,5.252995,7200,11.681159,100,100,60.7,11.373912,Very Low,64.4,9.290884,100,1747880100,Very Low,8.652768,10.988376,Very Low,12.368799,59.0,15.188406,100,1747880100,14.217391
2025-05-22T02:18:59Z,236,29.925,72.3,63,61.9,1,1,355,86,0.0,255,32767,0.11,2090-9-18,0.0,0.52,26.6,0.0,0.0,0.0,0,4.822265625,6,45,05:40,20:21,2025-05-22 02:18:59.104765,Città della Scienza,82.6,10.848287,7.4485645,10.81596,7.5540643,EU EEA Common AQI,64.9,9.442581,5.252995,7200,11.681159,100,100,60.7,11.373912,Very Low,64.4,9.290884,100,1747880100,Very Low,8.652768,10.988376,Very Low,12.368799,59.0,15.188406,100,1747880100,14.217391
2025-05-22T02:19:10Z,236,29.925,72.3,63,61.9,1,1,355,86,0.0,255,32767,0.11,2090-9-18,0.0,0.52,26.6,0.0,0.0,0.0,0,4.822265625,6,45,05:40,20:21,2025-05-22 02:19:10.207791,Città della Scienza,82.6,10.848287,7.4485645,10.81596,7.5540643,EU EEA Common AQI,64.9,9.442581,5.252995,7200,11.681159,100,100,60.7,11.373912,Very Low,64.4,9.290884,100,1747880100,Very Low,8.652768,10.988376,Very Low,12.368799,59.0,15.188406,100,1747880100,14.217391
2025-05-22T02:19:21Z,236,29.925,72.3,63,61.9,1,1,355,86,0.0,255,32767,0.11,2090-9-18,0.0,0.52,26.6,0.0,0.0,0.0,0,4.822265625,6,45,05:40,20:21,2025-05-22 02:19:21.254788,Città della Scienza,82.6,10.848287,7.4485645,10.81596,7.5540643,EU EEA Common AQI,64.9,9.442581,5.252995,7200,11.681159,100,100,60.7,11.373912,Very Low,64.4,9.290884,100,1747880100,Very Low,8.652768,10.988376,Very Low,12.368799,59.0,15.188406,100,1747880100,14.217391
2025-05-22T02:19:32Z,236,29.925,72.3,63,61.9,1,1,355,86,0.0,255,32767,0.11,2090-9-18,0.0,0.52,26.6,0.0,0.0,0.0,0,4.822265625,6,45,05:40,20:21,2025-05-22 02:19:32.488786,Città della Scienza,82.6,10.848287,7.4485645,10.81596,7.5540643,EU EEA Common AQI,64.9,9.442581,5.252995,7200,11.681159,100,100,60.7,11.373912,Very Low,64.4,9.290884,100,1747880100,Very Low,8.652768,10.988376,Very Low,12.368799,59.0,15.188406,100,1747880100,14.217391
2025-05-22T02:19:43Z,236,29.924,72.3,63,61.9,1,1,355,86,0.0,255,32767,0.11,2090-9-18,0.0,0.52,26.6,0.0,0.0,0.0,0,4.822265625,6,45,05:40,20:21,2025-05-22 02:19:43.563786,Città della Scienza,82.6,10.848287,7.4485645,10.81596,7.5540643,EU EEA Common AQI,64.9,9.442581,5.252995,7200,11.681159,100,100,60.7,11.373912,Very Low,64.4,9.290884,100,1747880100,Very Low,8.652768,10.988376,Very Low,12.368799,59.0,15.188406,100,1747880100,14.217391
2025-05-22T02:19:54Z,236,29.924,72.3,63,61.9,1,1,355,86,0.0,255,32767,0.11,2090-9-18,0.0,0.52,26.6,0.0,0.0,0.0,0,4.822265625,6,45,05:40,20:21,2025-05-22 02:19:54.693780,Città della Scienza,82.6,10.848287,7.4485645,10.81596,7.5540643,EU EEA Common AQI,64.9,9.442581,5.252995,7200,11.681159,100,100,60.7,11.373912,Very Low,64.4,9.290884,100,1747880100,Very Low,8.652768,10.988376,Very Low,12.368799,59.0,15.188406,100,1747880100,14.217391
2025-05-22T02:20:06Z,236,29.924,72.3,63,61.9,2,1,355,86,0.0,255,32767,0.11,2090-9-18,0.0,0.52,26.6,0.0,0.0,0.0,0,4.822265625,6,45,05:40,20:21,2025-05-22 02:20:05.817785,Città della Scienza,82.6,10.848287,7.4485645,10.81596,7.5540643,EU EEA Common AQI,64.9,9.442581,5.252995,7200,11.681159,100,100,60.7,11.373912,Very Low,64.4,9.290884,100,1747880100,Very Low,8.652768,10.988376,Very Low,12.368799,59.0,15.188406,100,1747880100,14.217391
2025-05-22T02:20:17Z,236,29.924,72.3,63,61.9,2,1,355,86,0.0,255,32767,0.11,2090-9-18,0.0,0.52,26.6,0.0,0.0,0.0,0,4.822265625,6,45,05:40,20:21,2025-05-22 02:20:16.873767,Città della Scienza,82.6,10.848287,7.4485645,10.81596,7.5540643,EU EEA Common AQI,64.9,9.442581,5.252995,7200,11.681159,100,100,60.7,11.373912,Very Low,64.4,9.290884,100,1747880100,Very Low,8.652768,10.988376,Very Low,12.368799,59.0,15.188406,100,1747880100,14.217391
2025-05-22T02:20:28Z,236,29.924,72.3,63,61.9,1,1,355,86,0.0,255,32767,0.11,2090-9-18,0.0,0.52,26.6,0.0,0.0,0.0,0,4.822265625,6,45,05:40,20:21,2025-05-22 02:20:27.976784,Città della Scienza,82.6,10.848287,7.4485645,10.81596,7.5540643,EU EEA Common AQI,64.9,9.442581,5.252995,7200,11.681159,100,100,60.7,11.373912,Very Low,64.4,9.290884,100,1747880100,Very Low,8.652768,10.988376,Very Low,12.368799,59.0,15.188406,100,1747880100,14.217391
2025-05-22T02:20:39Z,236,29.925,72.3,63,61.9,1,1,355,86,0.0,255,32767,0.11,2090-9-18,0.0,0.52,26.6,0.0,0.0,0.0,0,4.822265625,6,45,05:40,20:21,2025-05-22 02:20:39.075783,Città della Scienza,82.6,10.848287,7.4485645,10.81596,7.5540643,EU EEA Common AQI,64.9,9.442581,5.252995,7200,11.681159,100,100,60.7,11.373912,Very Low,64.4,9.290884,100,1747880100,Very Low,8.652768,10.988376,Very Low,12.368799,59.0,15.188406,100,1747880100,14.217391
2025-05-22T02:20:50Z,236,29.925,72.3,63,61.9,1,1,355,86,0.0,255,32767,0.11,2090-9-18,0.0,0.52,26.6,0.0,0.0,0.0,0,4.822265625,6,45,05:40,20:21,2025-05-22 02:20:50.163791,Città della Scienza,82.6,10.848287,7.4485645,10.81596,7.5540643,EU EEA Common AQI,64.9,9.442581,5.252995,7200,11.681159,100,100,60.7,11.373912,Very Low,64.4,9.290884,100,1747880100,Very Low,8.652768,10.988376,Very Low,12.368799,59.0,15.188406,100,1747880100,14.217391
2025-05-22T02:21:01Z,236,29.925,72.3,63,61.9,1,1,355,86,0.0,255,32767,0.11,2090-9-18,0.0,0.52,26.6,0.0,0.0,0.0,0,4.822265625,6,45,05:40,20:21,2025-05-22 02:21:01.233791,Città della Scienza,82.6,10.848287,7.4485645,10.81596,7.5540643,EU EEA Common AQI,64.9,9.442581,5.252995,7200,11.681159,100,100,60.7,11.373912,Very Low,64.4,9.290884,100,1747880100,Very Low,8.652768,10.988376,Very Low,12.368799,59.0,15.188406,100,1747880100,14.217391
2025-05-22T02:21:12Z,236,29.925,72.3,63,61.9,1,1,355,86,0.0,255,32767,0.11,2090-9-18,0.0,0.52,26.6,0.0,0.0,0.0,0,4.822265625,6,45,05:40,20:21,2025-05-22 02:21:12.337803,Città della Scienza,82.6,10.848287,7.4485645,10.81596,7.5540643,EU EEA Common AQI,64.9,9.442581,5.252995,7200,11.681159,100,100,60.7,11.373912,Very Low,64.4,9.290884,100,1747880100,Very Low,8.652768,10.988376,Very Low,12.368799,59.0,15.188406,100,1747880100,14.217391
2025-05-22T02:21:23Z,236,29.925,72.3,63,61.9,1,1,355,86,0.0,255,32767,0.11,2090-9-18,0.0,0.52,26.6,0.0,0.0,0.0,0,4.822265625,6,45,05:40,20:21,2025-05-22 02:21:23.440799,Città della Scienza,82.6,10.848287,7.4485645,10.81596,7.5540643,EU EEA Common AQI,64.9,9.442581,5.252995,7200,11.681159,100,100,60.7,11.373912,Very Low,64.4,9.290884,100,1747880100,Very Low,8.652768,10.988376,Very Low,12.368799,59.0,15.188406,100,1747880100,14.217391
2025-05-22T02:21:34Z,236,29.922,72.4,63,61.9,0,1,355,86,0.0,255,32767,0.11,2090-9-18,0.0,0.52,26.6,0.0,0.0,0.0,0,4.822265625,6,45,05:40,20:21,2025-05-22 02:21:34.511799,Città della Scienza,82.6,10.848287,7.4485645,10.81596,7.5540643,EU EEA Common AQI,64.9,9.442581,5.252995,7200,11.681159,100,100,60.7,11.373912,Very Low,64.4,9.290884,100,1747880100,Very Low,8.652768,10.988376,Very Low,12.368799,59.0,15.188406,100,1747880100,14.217391
2025-05-22T02:21:45Z,236,29.922,72.4,63,61.9,0,1,355,86,0.0,255,32767,0.11,2090-9-18,0.0,0.52,26.6,0.0,0.0,0.0,0,4.822265625,6,45,05:40,20:21,2025-05-22 02:21:45.604799,Città della Scienza,82.6,10.848287,7.4485645,10.81596,7.5540643,EU EEA Common AQI,64.9,9.442581,5.252995,7200,11.681159,100,100,60.7,11.373912,Very Low,64.4,9.290884,100,1747880100,Very Low,8.652768,10.988376,Very Low,12.368799,59.0,15.188406,100,1747880100,14.217391
2025-05-22T02:21:56Z,236,29.922,72.4,63,61.8,0,1,355,86,0.0,255,32767,0.11,2090-9-18,0.0,0.52,26.6,0.0,0.0,0.0,0,4.822265625,6,45,05:40,20:21,2025-05-22 02:21:56.674793,Città della Scienza,82.6,10.848287,7.4485645,10.81596,7.5540643,EU EEA Common AQI,64.9,9.442581,5.252995,7200,11.681159,100,100,60.7,11.373912,Very Low,64.4,9.290884,100,1747880100,Very Low,8.652768,10.988376,Very Low,12.368799,59.0,15.188406,100,1747880100,14.217391
2025-05-22T02:22:07Z,236,29.922,72.4,63,61.8,0,1,355,86,0.0,255,32767,0.11,2090-9-18,0.0,0.52,26.6,0.0,0.0,0.0,0,4.822265625,6,45,05:40,20:21,2025-05-22 02:22:07.703749,Città della Scienza,82.6,10.848287,7.4485645,10.81596,7.5540643,EU EEA Common AQI,64.9,9.442581,5.252995,7200,11.681159,100,100,60.7,11.373912,Very Low,64.4,9.290884,100,1747880100,Very Low,8.652768,10.988376,Very Low,12.368799,59.0,15.188406,100,1747880100,14.217391
2025-05-22T02:22:18Z,236,29.922,72.4,63,61.8,0,1,355,86,0.0,255,32767,0.11,2090-9-18,0.0,0.52,26.6,0.0,0.0,0.0,0,4.822265625,6,45,05:40,20:21,2025-05-22 02:22:18.776789,Città della Scienza,82.6,10.848287,7.4485645,10.81596,7.5540643,EU EEA Common AQI,64.9,9.442581,5.252995,7200,11.681159,100,100,60.7,11.373912,Very Low,64.4,9.290884,100,1747880100,Very Low,8.652768,10.988376,Very Low,12.368799,59.0,15.188406,100,1747880100,14.217391
2025-05-22T02:22:30Z,236,29.922,72.4,63,61.8,0,1,355,86,0.0,255,32767,0.11,2090-9-18,0.0,0.52,26.6,0.0,0.0,0.0,0,4.822265625,6,45,05:40,20:21,2025-05-22 02:22:29.868788,Città della Scienza,82.6,10.848287,7.4485645,10.81596,7.5540643,EU EEA Common AQI,64.9,9.442581,5.252995,7200,11.681159,100,100,60.7,11.373912,Very Low,64.4,9.290884,100,1747880100,Very Low,8.652768,10.988376,Very Low,12.368799,59.0,15.188406,100,1747880100,14.217391
2025-05-22T02:22:41Z,236,29.921,72.3,63,61.9,0,1,355,86,0.0,255,32767,0.11,2090-9-18,0.0,0.52,26.6,0.0,0.0,0.0,0,4.822265625,6,45,05:40,20:21,2025-05-22 02:22:40.943788,Città della Scienza,82.6,10.848287,7.4485645,10.81596,7.5540643,EU EEA Common AQI,64.9,9.442581,5.252995,7200,11.681159,100,100,60.7,11.373912,Very Low,64.4,9.290884,100,1747880100,Very Low,8.652768,10.988376,Very Low,12.368799,59.0,15.188406,100,1747880100,14.217391
2025-05-22T02:22:52Z,236,29.921,72.3,63,61.9,0,1,355,86,0.0,255,32767,0.11,2090-9-18,0.0,0.52,26.6,0.0,0.0,0.0,0,4.822265625,6,45,05:40,20:21,2025-05-22 02:22:52.075795,Città della Scienza,82.6,10.848287,7.4485645,10.81596,7.5540643,EU EEA Common AQI,64.9,9.442581,5.252995,7200,11.681159,100,100,60.7,11.373912,Very Low,64.4,9.290884,100,1747880100,Very Low,8.652768,10.988376,Very Low,12.368799,59.0,15.188406,100,1747880100,14.217391
2025-05-22T02:23:03Z,236,29.921,72.3,63,61.9,0,1,355,86,0.0,255,32767,0.11,2090-9-18,0.0,0.52,26.6,0.0,0.0,0.0,0,4.822265625,6,45,05:40,20:21,2025-05-22 02:23:03.178783,Città della Scienza,82.6,10.848287,7.4485645,10.81596,7.5540643,EU EEA Common AQI,64.9,9.442581,5.252995,7200,11.681159,100,100,60.7,11.373912,Very Low,64.4,9.290884,100,1747880100,Very Low,8.652768,10.988376,Very Low,12.368799,59.0,15.188406,100,1747880100,14.217391
2025-05-22T02:23:14Z,236,29.921,72.3,63,61.8,0,1,355,86,0.0,255,32767,0.11,2090-9-18,0.0,0.52,26.6,0.0,0.0,0.0,0,4.822265625,6,45,05:40,20:21,2025-05-22 02:23:14.262795,Città della Scienza,82.6,10.848287,7.4485645,10.81596,7.5540643,EU EEA Common AQI,64.9,9.442581,5.252995,7200,11.681159,100,100,60.7,11.373912,Very Low,64.4,9.290884,100,1747880100,Very Low,8.652768,10.988376,Very Low,12.368799,59.0,15.188406,100,1747880100,14.217391
2025-05-22T02:23:25Z,236,29.921,72.3,63,61.8,2,1,355,86,0.0,255,32767,0.11,2090-9-18,0.0,0.52,26.6,0.0,0.0,0.0,0,4.822265625,6,45,05:40,20:21,2025-05-22 02:23:25.398791,Città della Scienza,82.6,10.848287,7.4485645,10.81596,7.5540643,EU EEA Common AQI,64.9,9.442581,5.252995,7200,11.681159,100,100,60.7,11.373912,Very Low,64.4,9.290884,100,1747880100,Very Low,8.652768,10.988376,Very Low,12.368799,59.0,15.188406,100,1747880100,14.217391
2025-05-22T02:23:36Z,236,29.921,72.3,63,61.8,0,1,355,86,0.0,255,32767,0.11,2090-9-18,0.0,0.52,26.6,0.0,0.0,0.0,0,4.822265625,6,45,05:40,20:21,2025-05-22 02:23:36.461809,Città della Scienza,82.6,10.848287,7.4485645,10.81596,7.5540643,EU EEA Common AQI,64.9,9.442581,5.252995,7200,11.681159,100,100,60.7,11.373912,Very Low,64.4,9.290884,100,1747880100,Very Low,8.652768,10.988376,Very Low,12.368799,59.0,15.188406,100,1747880100,14.217391
2025-05-22T02:23:47Z,236,29.921,72.3,63,61.8,0,1,355,86,0.0,255,32767,0.11,2090-9-18,0.0,0.52,26.6,0.0,0.0,0.0,0,4.822265625,6,45,05:40,20:21,2025-05-22 02:23:47.533788,Città della Scienza,82.6,10.848287,7.4485645,10.81596,7.5540643,EU EEA Common AQI,64.9,9.442581,5.252995,7200,11.681159,100,100,60.7,11.373912,Very Low,64.4,9.290884,100,1747880100,Very Low,8.652768,10.988376,Very Low,12.368799,59.0,15.188406,100,1747880100,14.217391
2025-05-22T02:23:58Z,236,29.921,72.3,63,61.8,1,1,355,86,0.0,255,32767,0.11,2090-9-18,0.0,0.52,26.6,0.0,0.0,0.0,0,4.822265625,6,45,05:40,20:21,2025-05-22 02:23:58.617789,Città della Scienza,82.6,10.848287,7.4485645,10.81596,7.5540643,EU EEA Common AQI,64.9,9.442581,5.252995,7200,11.681159,100,100,60.7,11.373912,Very Low,64.4,9.290884,100,1747880100,Very Low,8.652768,10.988376,Very Low,12.368799,59.0,15.188406,100,1747880100,14.217391
2025-05-22T02:24:09Z,236,29.921,72.3,63,61.8,0,1,355,86,0.0,255,32767,0.11,2090-9-18,0.0,0.52,26.6,0.0,0.0,0.0,0,4.822265625,6,45,05:40,20:21,2025-05-22 02:24:09.666804,Città della Scienza,82.6,10.848287,7.4485645,10.81596,7.5540643,EU EEA Common AQI,64.9,9.442581,5.252995,7200,11.681159,100,100,60.7,11.373912,Very Low,64.4,9.290884,100,1747880100,Very Low,8.652768,10.988376,Very Low,12.368799,59.0,15.188406,100,1747880100,14.217391
2025-05-22T02:24:20Z,236,29.921,72.3,63,61.8,0,1,355,86,0.0,255,32767,0.11,2090-9-18,0.0,0.52,26.6,0.0,0.0,0.0,0,4.822265625,6,45,05:40,20:21,2025-05-22 02:24:20.729795,Città della Scienza,82.6,10.848287,7.4485645,10.81596,7.5540643,EU EEA Common AQI,64.9,9.442581,5.252995,7200,11.681159,100,100,60.7,11.373912,Very Low,64.4,9.290884,100,1747880100,Very Low,8.652768,10.988376,Very Low,12.368799,59.0,15.188406,100,1747880100,14.217391
2025-05-22T02:24:32Z,236,29.921,72.3,63,61.8,1,1,355,86,0.0,255,32767,0.11,2090-9-18,0.0,0.52,26.6,0.0,0.0,0.0,0,4.822265625,6,45,05:40,20:21,2025-05-22 02:24:31.835788,Città della Scienza,82.6,10.848287,7.4485645,10.81596,7.5540643,EU EEA Common AQI,64.9,9.442581,5.252995,7200,11.681159,100,100,60.7,11.373912,Very Low,64.4,9.290884,100,1747880100,Very Low,8.652768,10.988376,Very Low,12.368799,59.0,15.188406,100,1747880100,14.217391
2025-05-22T02:24:43Z,236,29.921,72.3,63,61.8,1,1,355,86,0.0,255,32767,0.11,2090-9-18,0.0,0.52,26.6,0.0,0.0,0.0,0,4.822265625,6,45,05:40,20:21,2025-05-22 02:24:42.863795,Città della Scienza,82.6,10.848287,7.4485645,10.81596,7.5540643,EU EEA Common AQI,64.9,9.442581,5.252995,7200,11.681159,100,100,60.7,11.373912,Very Low,64.4,9.290884,100,1747880100,Very Low,8.652768,10.988376,Very Low,12.368799,59.0,15.188406,100,1747880100,14.217391
2025-05-22T02:24:54Z,236,29.921,72.3,63,61.8,1,1,355,86,0.0,255,32767,0.11,2090-9-18,0.0,0.52,26.6,0.0,0.0,0.0,0,4.822265625,6,45,05:40,20:21,2025-05-22 02:24:53.936783,Città della Scienza,82.6,10.848287,7.4485645,10.81596,7.5540643,EU EEA Common AQI,64.9,9.442581,5.252995,7200,11.681159,100,100,60.7,11.373912,Very Low,64.4,9.290884,100,1747880100,Very Low,8.652768,10.988376,Very Low,12.368799,59.0,15.188406,100,1747880100,14.217391
2025-05-22T02:25:05Z,236,29.921,72.3,63,61.8,1,1,355,86,0.0,255,32767,0.11,2090-9-18,0.0,0.52,26.6,0.0,0.0,0.0,0,4.822265625,6,45,05:40,20:21,2025-05-22 02:25:05.037788,Città della Scienza,82.6,10.848287,7.4485645,10.81596,7.5540643,EU EEA Common AQI,64.9,9.442581,5.252995,7200,11.681159,100,100,60.7,11.373912,Very Low,64.4,9.290884,100,1747880100,Very Low,8.652768,10.988376,Very Low,12.368799,59.0,15.188406,100,1747880100,14.217391
2025-05-22T02:25:16Z,236,29.921,72.3,63,61.8,1,1,355,86,0.0,255,32767,0.11,2090-9-18,0.0,0.52,26.6,0.0,0.0,0.0,0,4.822265625,6,45,05:40,20:21,2025-05-22 02:25:16.134797,Città della Scienza,82.6,10.848287,7.4485645,10.81596,7.5540643,EU EEA Common AQI,64.9,9.442581,5.252995,7200,11.681159,100,100,60.7,11.373912,Very Low,64.4,9.290884,100,1747880100,Very Low,8.652768,10.988376,Very Low,12.368799,59.0,15.188406,100,1747880100,14.217391
2025-05-22T02:25:27Z,236,29.921,72.3,63,61.8,1,1,355,86,0.0,255,32767,0.11,2090-9-18,0.0,0.52,26.6,0.0,0.0,0.0,0,4.822265625,6,45,05:40,20:21,2025-05-22 02:25:27.209786,Città della Scienza,82.6,10.848287,7.4485645,10.81596,7.5540643,EU EEA Common AQI,64.9,9.442581,5.252995,7200,11.681159,100,100,60.7,11.373912,Very Low,64.4,9.290884,100,1747880100,Very Low,8.652768,10.988376,Very Low,12.368799,59.0,15.188406,100,1747880100,14.217391
2025-05-22T02:25:38Z,236,29.92,72.3,63,61.8,1,1,355,86,0.0,255,32767,0.11,2090-9-18,0.0,0.52,26.6,0.0,0.0,0.0,0,4.822265625,6,45,05:40,20:21,2025-05-22 02:25:38.286788,Città della Scienza,82.6,10.848287,7.4485645,10.81596,7.5540643,EU EEA Common AQI,64.9,9.442581,5.252995,7200,11.681159,100,100,60.7,11.373912,Very Low,64.4,9.290884,100,1747880100,Very Low,8.652768,10.988376,Very Low,12.368799,59.0,15.188406,100,1747880100,14.217391
2025-05-22T02:25:49Z,236,29.92,72.3,63,61.8,1,1,355,86,0.0,255,32767,0.11,2090-9-18,0.0,0.52,26.6,0.0,0.0,0.0,0,4.822265625,6,45,05:40,20:21,2025-05-22 02:25:49.413793,Città della Scienza,82.6,10.848287,7.4485645,10.81596,7.5540643,EU EEA Common AQI,64.9,9.442581,5.252995,7200,11.681159,100,100,60.7,11.373912,Very Low,64.4,9.290884,100,1747880100,Very Low,8.652768,10.988376,Very Low,12.368799,59.0,15.188406,100,1747880100,14.217391
2025-05-22T02:26:00Z,236,29.92,72.3,63,61.7,1,1,355,86,0.0,255,32767,0.11,2090-9-18,0.0,0.52,26.6,0.0,0.0,0.0,0,4.822265625,6,45,05:40,20:21,2025-05-22 02:26:00.461790,Città della Scienza,82.6,10.848287,7.4485645,10.81596,7.5540643,EU EEA Common AQI,64.9,9.442581,5.252995,7200,11.681159,100,100,60.7,11.373912,Very Low,64.4,9.290884,100,1747880100,Very Low,8.652768,10.988376,Very Low,12.368799,59.0,15.188406,100,1747880100,14.217391
2025-05-22T02:26:11Z,236,29.92,72.3,63,61.8,1,1,355,86,0.0,255,32767,0.11,2090-9-18,0.0,0.52,26.6,0.0,0.0,0.0,0,4.822265625,6,45,05:40,20:21,2025-05-22 02:26:11.617800,Città della Scienza,82.6,10.848287,7.4485645,10.81596,7.5540643,EU EEA Common AQI,64.9,9.442581,5.252995,7200,11.681159,100,100,60.7,11.373912,Very Low,64.4,9.290884,100,1747880100,Very Low,8.652768,10.988376,Very Low,12.368799,59.0,15.188406,100,1747880100,14.217391
2025-05-22T02:26:22Z,236,29.92,72.3,63,61.7,2,1,355,86,0.0,255,32767,0.11,2090-9-18,0.0,0.52,26.6,0.0,0.0,0.0,0,4.822265625,6,45,05:40,20:21,2025-05-22 02:26:22.735805,Città della Scienza,82.6,10.848287,7.4485645,10.81596,7.5540643,EU EEA Common AQI,64.9,9.442581,5.252995,7200,11.681159,100,100,60.7,11.373912,Very Low,64.4,9.290884,100,1747880100,Very Low,8.652768,10.988376,Very Low,12.368799,59.0,15.188406,100,1747880100,14.217391
2025-05-22T02:26:34Z,236,29.92,72.3,63,61.7,2,1,355,86,0.0,255,32767,0.11,2090-9-18,0.0,0.52,26.6,0.0,0.0,0.0,0,4.822265625,6,45,05:40,20:21,2025-05-22 02:26:33.832804,Città della Scienza,82.6,10.848287,7.4485645,10.81596,7.5540643,EU EEA Common AQI,64.9,9.442581,5.252995,7200,11.681159,100,100,60.7,11.373912,Very Low,64.4,9.290884,100,1747880100,Very Low,8.652768,10.988376,Very Low,12.368799,59.0,15.188406,100,1747880100,14.217391
2025-05-22T02:26:45Z,236,29.92,72.3,63,61.7,1,1,355,86,0.0,255,32767,0.11,2090-9-18,0.0,0.52,26.6,0.0,0.0,0.0,0,4.822265625,6,45,05:40,20:21,2025-05-22 02:26:44.949758,Città della Scienza,82.6,10.848287,7.4485645,10.81596,7.5540643,EU EEA Common AQI,64.9,9.442581,5.252995,7200,11.681159,100,100,60.7,11.373912,Very Low,64.4,9.290884,100,1747880100,Very Low,8.652768,10.988376,Very Low,12.368799,59.0,15.188406,100,1747880100,14.217391
2025-05-22T02:26:56Z,236,29.92,72.3,63,61.8,2,1,355,86,0.0,255,32767,0.11,2090-9-18,0.0,0.52,26.6,0.0,0.0,0.0,0,4.822265625,6,45,05:40,20:21,2025-05-22 02:26:56.042782,Città della Scienza,82.6,10.848287,7.4485645,10.81596,7.5540643,EU EEA Common AQI,64.9,9.442581,5.252995,7200,11.681159,100,100,60.7,11.373912,Very Low,64.4,9.290884,100,1747880100,Very Low,8.652768,10.988376,Very Low,12.368799,59.0,15.188406,100,1747880100,14.217391
2025-05-22T02:27:07Z,236,29.92,72.3,63,61.8,2,1,355,86,0.0,255,32767,0.11,2090-9-18,0.0,0.52,26.6,0.0,0.0,0.0,0,4.822265625,6,45,05:40,20:21,2025-05-22 02:27:07.146750,Città della Scienza,82.6,10.848287,7.4485645,10.81596,7.5540643,EU EEA Common AQI,64.9,9.442581,5.252995,7200,11.681159,100,100,60.7,11.373912,Very Low,64.4,9.290884,100,1747880100,Very Low,8.652768,10.988376,Very Low,12.368799,59.0,15.188406,100,1747880100,14.217391
2025-05-22T02:27:18Z,236,29.92,72.3,63,61.8,2,1,355,86,0.0,255,32767,0.11,2090-9-18,0.0,0.52,26.6,0.0,0.0,0.0,0,4.822265625,6,45,05:40,20:21,2025-05-22 02:27:18.250804,Città della Scienza,82.6,10.848287,7.4485645,10.81596,7.5540643,EU EEA Common AQI,64.9,9.442581,5.252995,7200,11.681159,100,100,60.7,11.373912,Very Low,64.4,9.290884,100,1747880100,Very Low,8.652768,10.988376,Very Low,12.368799,59.0,15.188406,100,1747880100,14.217391
2025-05-22T02:27:29Z,236,29.92,72.3,63,61.7,1,1,355,86,0.0,255,32767,0.11,2090-9-18,0.0,0.52,26.6,0.0,0.0,0.0,0,4.822265625,6,45,05:40,20:21,2025-05-22 02:27:29.281789,Città della Scienza,82.6,10.848287,7.4485645,10.81596,7.5540643,EU EEA Common AQI,64.9,9.442581,5.252995,7200,11.681159,100,100,60.7,11.373912,Very Low,64.4,9.290884,100,1747880100,Very Low,8.652768,10.988376,Very Low,12.368799,59.0,15.188406,100,1747880100,14.217391
2025-05-22T02:27:40Z,236,29.919,72.3,63,61.8,1,1,355,86,0.0,255,32767,0.11,2090-9-18,0.0,0.52,26.6,0.0,0.0,0.0,0,4.822265625,6,45,05:40,20:21,2025-05-22 02:27:40.385790,Città della Scienza,82.6,10.848287,7.4485645,10.81596,7.5540643,EU EEA Common AQI,64.9,9.442581,5.252995,7200,11.681159,100,100,60.7,11.373912,Very Low,64.4,9.290884,100,1747880100,Very Low,8.652768,10.988376,Very Low,12.368799,59.0,15.188406,100,1747880100,14.217391
2025-05-22T02:27:51Z,236,29.919,72.3,63,61.8,2,1,355,86,0.0,255,32767,0.11,2090-9-18,0.0,0.52,26.6,0.0,0.0,0.0,0,4.822265625,6,45,05:40,20:21,2025-05-22 02:27:51.507789,Città della Scienza,82.6,10.848287,7.4485645,10.81596,7.5540643,EU EEA Common AQI,64.9,9.442581,5.252995,7200,11.681159,100,100,60.7,11.373912,Very Low,64.4,9.290884,100,1747880100,Very Low,8.652768,10.988376,Very Low,12.368799,59.0,15.188406,100,1747880100,14.217391
2025-05-22T02:28:02Z,236,29.919,72.3,63,61.8,2,1,355,86,0.0,255,32767,0.11,2090-9-18,0.0,0.52,26.6,0.0,0.0,0.0,0,4.822265625,6,45,05:40,20:21,2025-05-22 02:28:02.586789,Città della Scienza,82.6,10.848287,7.4485645,10.81596,7.5540643,EU EEA Common AQI,64.9,9.442581,5.252995,7200,11.681159,100,100,60.7,11.373912,Very Low,64.4,9.290884,100,1747880100,Very Low,8.652768,10.988376,Very Low,12.368799,59.0,15.188406,100,1747880100,14.217391
2025-05-22T02:28:13Z,236,29.919,72.3,63,61.8,3,1,355,86,0.0,255,32767,0.11,2090-9-18,0.0,0.52,26.6,0.0,0.0,0.0,0,4.822265625,6,45,05:40,20:21,2025-05-22 02:28:13.683793,Città della Scienza,82.6,10.848287,7.4485645,10.81596,7.5540643,EU EEA Common AQI,64.9,9.442581,5.252995,7200,11.681159,100,100,60.7,11.373912,Very Low,64.4,9.290884,100,1747880100,Very Low,8.652768,10.988376,Very Low,12.368799,59.0,15.188406,100,1747880100,14.217391
2025-05-22T02:28:24Z,236,29.919,72.3,63,61.8,2,1,342,86,0.0,255,32767,0.11,2090-9-18,0.0,0.52,26.6,0.0,0.0,0.0,0,4.822265625,6,45,05:40,20:21,2025-05-22 02:28:24.778795,Città della Scienza,82.6,10.848287,7.4485645,10.81596,7.5540643,EU EEA Common AQI,64.9,9.442581,5.252995,7200,11.681159,100,100,60.7,11.373912,Very Low,64.4,9.290884,100,1747880100,Very Low,8.652768,10.988376,Very Low,12.368799,59.0,15.188406,100,1747880100,14.217391
2025-05-22T02:28:36Z,236,29.921,72.3,63,61.8,2,1,360,86,0.0,255,32767,0.11,2090-9-18,0.0,0.52,26.6,0.0,0.0,0.0,0,4.822265625,6,45,05:40,20:21,2025-05-22 02:28:35.870812,Città della Scienza,82.6,10.848287,7.4485645,10.81596,7.5540643,EU EEA Common AQI,64.9,9.442581,5.252995,7200,11.681159,100,100,60.7,11.373912,Very Low,64.4,9.290884,100,1747880100,Very Low,8.652768,10.988376,Very Low,12.368799,59.0,15.188406,100,1747880100,14.217391
2025-05-22T02:28:47Z,236,29.921,72.3,63,61.8,2,1,355,86,0.0,255,32767,0.11,2090-9-18,0.0,0.52,26.6,0.0,0.0,0.0,0,4.822265625,6,45,05:40,20:21,2025-05-22 02:28:46.941786,Città della Scienza,82.6,10.848287,7.4485645,10.81596,7.5540643,EU EEA Common AQI,64.9,9.442581,5.252995,7200,11.681159,100,100,60.7,11.373912,Very Low,64.4,9.290884,100,1747880100,Very Low,8.652768,10.988376,Very Low,12.368799,59.0,15.188406,100,1747880100,14.217391
2025-05-22T02:28:58Z,236,29.921,72.3,63,61.8,2,1,5,86,0.0,255,32767,0.11,2090-9-18,0.0,0.52,26.6,0.0,0.0,0.0,0,4.822265625,6,45,05:40,20:21,2025-05-22 02:28:57.968779,Città della Scienza,82.6,10.848287,7.4485645,10.81596,7.5540643,EU EEA Common AQI,64.9,9.442581,5.252995,7200,11.681159,100,100,60.7,11.373912,Very Low,64.4,9.290884,100,1747880100,Very Low,8.652768,10.988376,Very Low,12.368799,59.0,15.188406,100,1747880100,14.217391
2025-05-22T02:29:09Z,236,29.921,72.3,63,61.8,3,1,360,86,0.0,255,32767,0.11,2090-9-18,0.0,0.52,26.6,0.0,0.0,0.0,0,4.822265625,6,45,05:40,20:21,2025-05-22 02:29:09.064801,Città della Scienza,82.6,10.848287,7.4485645,10.81596,7.5540643,EU EEA Common AQI,64.9,9.442581,5.252995,7200,11.681159,100,100,60.7,11.373912,Very Low,64.4,9.290884,100,1747880100,Very Low,8.652768,10.988376,Very Low,12.368799,59.0,15.188406,100,1747880100,14.217391
2025-05-22T02:29:20Z,236,29.921,72.3,63,61.8,2,1,349,86,0.0,255,32767,0.11,2090-9-18,0.0,0.52,26.6,0.0,0.0,0.0,0,4.822265625,6,45,05:40,20:21,2025-05-22 02:29:20.171789,Città della Scienza,82.6,10.848287,7.4485645,10.81596,7.5540643,EU EEA Common AQI,64.9,9.442581,5.252995,7200,11.681159,100,100,60.7,11.373912,Very Low,64.4,9.290884,100,1747880100,Very Low,8.652768,10.988376,Very Low,12.368799,59.0,15.188406,100,1747880100,14.217391
2025-05-22T02:29:31Z,236,29.921,72.3,63,61.7,1,1,350,86,0.0,255,32767,0.11,2090-9-18,0.0,0.52,26.6,0.0,0.0,0.0,0,4.822265625,6,45,05:40,20:21,2025-05-22 02:29:31.236787,Città della Scienza,82.6,10.848287,7.4485645,10.81596,7.5540643,EU EEA Common AQI,64.9,9.442581,5.252995,7200,11.681159,100,100,60.7,11.373912,Very Low,64.4,9.290884,100,1747880100,Very Low,8.652768,10.988376,Very Low,12.368799,59.0,15.188406,100,1747880100,14.217391
2025-05-22T02:29:42Z,236,29.918,72.3,63,61.7,2,1,12,86,0.0,255,32767,0.11,2090-9-18,0.0,0.52,26.6,0.0,0.0,0.0,0,4.822265625,6,45,05:40,20:21,2025-05-22 02:29:42.302791,Città della Scienza,82.6,10.848287,7.4485645,10.81596,7.5540643,EU EEA Common AQI,64.9,9.442581,5.252995,7200,11.681159,100,100,60.7,11.373912,Very Low,64.4,9.290884,100,1747880100,Very Low,8.652768,10.988376,Very Low,12.368799,59.0,15.188406,100,1747880100,14.217391
2025-05-22T02:29:53Z,236,29.918,72.3,63,61.7,2,1,5,86,0.0,255,32767,0.11,2090-9-18,0.0,0.52,26.6,0.0,0.0,0.0,0,4.822265625,6,45,05:40,20:21,2025-05-22 02:29:53.380788,Città della Scienza,82.6,10.848287,7.4485645,10.81596,7.5540643,EU EEA Common AQI,64.9,9.442581,5.252995,7200,11.681159,100,100,60.7,11.373912,Very Low,64.4,9.290884,100,1747880100,Very Low,8.652768,10.988376,Very Low,12.368799,59.0,15.188406,100,1747880100,14.217391
2025-05-22T02:30:04Z,236,29.918,72.3,63,61.7,1,1,5,86,0.0,255,32767,0.11,2090-9-18,0.0,0.52,26.6,0.0,0.0,0.0,0,4.822265625,6,45,05:40,20:21,2025-05-22 02:30:04.433788,Città della Scienza,82.6,10.848287,7.4485645,10.81596,7.5540643,EU EEA Common AQI,64.9,9.442581,5.252995,7200,11.681159,100,100,60.7,11.373912,Very Low,64.4,9.290884,100,1747880100,Very Low,8.652768,10.988376,Very Low,12.368799,59.0,15.188406,100,1747880100,14.217391
2025-05-22T02:30:15Z,236,29.918,72.3,63,61.7,0,1,5,86,0.0,255,32767,0.11,2090-9-18,0.0,0.52,26.6,0.0,0.0,0.0,0,4.822265625,6,45,05:40,20:21,2025-05-22 02:30:15.535800,Città della Scienza,82.6,10.848287,7.4485645,10.81596,7.5540643,EU EEA Common AQI,64.9,9.442581,5.252995,7200,11.681159,100,100,60.7,11.373912,Very Low,64.4,9.290884,100,1747880100,Very Low,8.652768,10.988376,Very Low,12.368799,59.0,15.188406,100,1747880100,14.217391
2025-05-22T02:30:26Z,236,29.918,72.3,63,61.6,2,1,5,86,0.0,255,32767,0.11,2090-9-18,0.0,0.52,26.6,0.0,0.0,0.0,0,4.822265625,6,45,05:40,20:21,2025-05-22 02:30:26.642788,Città della Scienza,82.7,11.317967,7.447808,12.241189,8.136545,EU EEA Common AQI,64.7,10.170682,5.281038,7200,11.428572,100,100,60.6,10.2628565,Very Low,64.2,9.782696,100,1747881000,Very Low,9.792951,11.702066,Very Low,13.744905,58.8,14.485714,100,1747881000,12.828571
2025-05-22T02:30:37Z,236,29.918,72.3,63,61.6,2,1,18,86,0.0,255,32767,0.11,2090-9-18,0.0,0.52,26.6,0.0,0.0,0.0,0,4.822265625,6,45,05:40,20:21,2025-05-22 02:30:37.735782,Città della Scienza,82.7,11.317967,7.447808,12.241189,8.136545,EU EEA Common AQI,64.7,10.170682,5.281038,7200,11.428572,100,100,60.6,10.2628565,Very Low,64.2,9.782696,100,1747881000,Very Low,9.792951,11.702066,Very Low,13.744905,58.8,14.485714,100,1747881000,12.828571
2025-05-22T02:30:48Z,236,29.918,72.3,63,61.6,1,1,15,86,0.0,255,32767,0.11,2090-9-18,0.0,0.52,26.6,0.0,0.0,0.0,0,4.822265625,6,45,05:40,20:21,2025-05-22 02:30:48.785796,Città della Scienza,82.7,11.317967,7.447808,12.241189,8.136545,EU EEA Common AQI,64.7,10.170682,5.281038,7200,11.428572,100,100,60.6,10.2628565,Very Low,64.2,9.782696,100,1747881000,Very Low,9.792951,11.702066,Very Low,13.744905,58.8,14.485714,100,1747881000,12.828571
2025-05-22T02:31:00Z,236,29.918,72.3,63,61.6,1,1,39,86,0.0,255,32767,0.11,2090-9-18,0.0,0.52,26.6,0.0,0.0,0.0,0,4.822265625,6,45,05:40,20:21,2025-05-22 02:30:59.809784,Città della Scienza,82.7,11.317967,7.447808,12.241189,8.136545,EU EEA Common AQI,64.7,10.170682,5.281038,7200,11.428572,100,100,60.6,10.2628565,Very Low,64.2,9.782696,100,1747881000,Very Low,9.792951,11.702066,Very Low,13.744905,58.8,14.485714,100,1747881000,12.828571
2025-05-22T02:31:11Z,236,29.918,72.3,63,61.6,1,1,13,86,0.0,255,32767,0.11,2090-9-18,0.0,0.52,26.6,0.0,0.0,0.0,0,4.822265625,6,45,05:40,20:21,2025-05-22 02:31:10.913790,Città della Scienza,82.7,11.317967,7.447808,12.241189,8.136545,EU EEA Common AQI,64.7,10.170682,5.281038,7200,11.428572,100,100,60.6,10.2628565,Very Low,64.2,9.782696,100,1747881000,Very Low,9.792951,11.702066,Very Low,13.744905,58.8,14.485714,100,1747881000,12.828571
2025-05-22T02:31:22Z,236,29.918,72.3,63,61.7,1,1,19,86,0.0,255,32767,0.11,2090-9-18,0.0,0.52,26.6,0.0,0.0,0.0,0,4.822265625,6,45,05:40,20:21,2025-05-22 02:31:22.020793,Città della Scienza,82.7,11.317967,7.447808,12.241189,8.136545,EU EEA Common AQI,64.7,10.170682,5.281038,7200,11.428572,100,100,60.6,10.2628565,Very Low,64.2,9.782696,100,1747881000,Very Low,9.792951,11.702066,Very Low,13.744905,58.8,14.485714,100,1747881000,12.828571
2025-05-22T02:31:33Z,236,29.918,72.2,63,61.7,1,1,22,86,0.0,255,32767,0.11,2090-9-18,0.0,0.52,26.6,0.0,0.0,0.0,0,4.822265625,6,45,05:40,20:21,2025-05-22 02:31:33.112799,Città della Scienza,82.7,11.317967,7.447808,12.241189,8.136545,EU EEA Common AQI,64.7,10.170682,5.281038,7200,11.428572,100,100,60.6,10.2628565,Very Low,64.2,9.782696,100,1747881000,Very Low,9.792951,11.702066,Very Low,13.744905,58.8,14.485714,100,1747881000,12.828571
2025-05-22T02:31:44Z,236,29.918,72.2,63,61.7,0,1,28,86,0.0,255,32767,0.11,2090-9-18,0.0,0.52,26.6,0.0,0.0,0.0,0,4.822265625,6,45,05:40,20:21,2025-05-22 02:31:44.165791,Città della Scienza,82.7,11.317967,7.447808,12.241189,8.136545,EU EEA Common AQI,64.7,10.170682,5.281038,7200,11.428572,100,100,60.6,10.2628565,Very Low,64.2,9.782696,100,1747881000,Very Low,9.792951,11.702066,Very Low,13.744905,58.8,14.485714,100,1747881000,12.828571
2025-05-22T02:31:55Z,236,29.918,72.2,63,61.7,0,1,17,86,0.0,255,32767,0.11,2090-9-18,0.0,0.52,26.6,0.0,0.0,0.0,0,4.822265625,6,45,05:40,20:21,2025-05-22 02:31:55.240795,Città della Scienza,82.7,11.317967,7.447808,12.241189,8.136545,EU EEA Common AQI,64.7,10.170682,5.281038,7200,11.428572,100,100,60.6,10.2628565,Very Low,64.2,9.782696,100,1747881000,Very Low,9.792951,11.702066,Very Low,13.744905,58.8,14.485714,100,1747881000,12.828571
2025-05-22T02:32:06Z,236,29.918,72.2,63,61.6,0,1,27,86,0.0,255,32767,0.11,2090-9-18,0.0,0.52,26.6,0.0,0.0,0.0,0,4.822265625,6,45,05:40,20:21,2025-05-22 02:32:06.290793,Città della Scienza,82.7,11.317967,7.447808,12.241189,8.136545,EU EEA Common AQI,64.7,10.170682,5.281038,7200,11.428572,100,100,60.6,10.2628565,Very Low,64.2,9.782696,100,1747881000,Very Low,9.792951,11.702066,Very Low,13.744905,58.8,14.485714,100,1747881000,12.828571
2025-05-22T02:32:17Z,236,29.918,72.2,63,61.6,0,1,5,86,0.0,255,32767,0.11,2090-9-18,0.0,0.52,26.6,0.0,0.0,0.0,0,4.822265625,6,45,05:40,20:21,2025-05-22 02:32:17.331749,Città della Scienza,82.7,11.317967,7.447808,12.241189,8.136545,EU EEA Common AQI,64.7,10.170682,5.281038,7200,11.428572,100,100,60.6,10.2628565,Very Low,64.2,9.782696,100,1747881000,Very Low,9.792951,11.702066,Very Low,13.744905,58.8,14.485714,100,1747881000,12.828571
2025-05-22T02:32:28Z,236,29.918,72.2,63,61.6,0,1,360,86,0.0,255,32767,0.11,2090-9-18,0.0,0.52,26.6,0.0,0.0,0.0,0,4.822265625,6,45,05:40,20:21,2025-05-22 02:32:28.405792,Città della Scienza,82.7,11.317967,7.447808,12.241189,8.136545,EU EEA Common AQI,64.7,10.170682,5.281038,7200,11.428572,100,100,60.6,10.2628565,Very Low,64.2,9.782696,100,1747881000,Very Low,9.792951,11.702066,Very Low,13.744905,58.8,14.485714,100,1747881000,12.828571
2025-05-22T02:32:39Z,236,29.918,72.3,63,61.6,0,1,5,86,0.0,255,32767,0.11,2090-9-18,0.0,0.52,26.6,0.0,0.0,0.0,0,4.822265625,6,45,05:40,20:21,2025-05-22 02:32:39.700797,Città della Scienza,82.7,11.317967,7.447808,12.241189,8.136545,EU EEA Common AQI,64.7,10.170682,5.281038,7200,11.428572,100,100,60.6,10.2628565,Very Low,64.2,9.782696,100,1747881000,Very Low,9.792951,11.702066,Very Low,13.744905,58.8,14.485714,100,1747881000,12.828571
2025-05-22T02:32:50Z,236,29.918,72.3,63,61.6,0,1,5,86,0.0,255,32767,0.11,2090-9-18,0.0,0.52,26.6,0.0,0.0,0.0,0,4.822265625,6,45,05:40,20:21,2025-05-22 02:32:50.775790,Città della Scienza,82.7,11.317967,7.447808,12.241189,8.136545,EU EEA Common AQI,64.7,10.170682,5.281038,7200,11.428572,100,100,60.6,10.2628565,Very Low,64.2,9.782696,100,1747881000,Very Low,9.792951,11.702066,Very Low,13.744905,58.8,14.485714,100,1747881000,12.828571
2025-05-22T02:33:02Z,236,29.918,72.3,63,61.6,1,1,5,86,0.0,255,32767,0.11,2090-9-18,0.0,0.52,26.6,0.0,0.0,0.0,0,4.822265625,6,45,05:40,20:21,2025-05-22 02:33:01.853791,Città della Scienza,82.7,11.317967,7.447808,12.241189,8.136545,EU EEA Common AQI,64.7,10.170682,5.281038,7200,11.428572,100,100,60.6,10.2628565,Very Low,64.2,9.782696,100,1747881000,Very Low,9.792951,11.702066,Very Low,13.744905,58.8,14.485714,100,1747881000,12.828571
2025-05-22T02:33:13Z,236,29.918,72.3,63,61.6,1,1,5,86,0.0,255,32767,0.11,2090-9-18,0.0,0.52,26.6,0.0,0.0,0.0,0,4.822265625,6,45,05:40,20:21,2025-05-22 02:33:12.916793,Città della Scienza,82.7,11.317967,7.447808,12.241189,8.136545,EU EEA Common AQI,64.7,10.170682,5.281038,7200,11.428572,100,100,60.6,10.2628565,Very Low,64.2,9.782696,100,1747881000,Very Low,9.792951,11.702066,Very Low,13.744905,58.8,14.485714,100,1747881000,12.828571
2025-05-22T02:33:24Z,236,29.918,72.3,63,61.6,1,1,5,86,0.0,255,32767,0.11,2090-9-18,0.0,0.52,26.6,0.0,0.0,0.0,0,4.822265625,6,45,05:40,20:21,2025-05-22 02:33:23.993793,Città della Scienza,82.7,11.317967,7.447808,12.241189,8.136545,EU EEA Common AQI,64.7,10.170682,5.281038,7200,11.428572,100,100,60.6,10.2628565,Very Low,64.2,9.782696,100,1747881000,Very Low,9.792951,11.702066,Very Low,13.744905,58.8,14.485714,100,1747881000,12.828571
2025-05-22T02:33:35Z,236,29.919,72.2,63,61.7,1,1,5,86,0.0,255,32767,0.11,2090-9-18,0.0,0.52,26.6,0.0,0.0,0.0,0,4.822265625,6,45,05:40,20:21,2025-05-22 02:33:35.048791,Città della Scienza,82.7,11.317967,7.447808,12.241189,8.136545,EU EEA Common AQI,64.7,10.170682,5.281038,7200,11.428572,100,100,60.6,10.2628565,Very Low,64.2,9.782696,100,1747881000,Very Low,9.792951,11.702066,Very Low,13.744905,58.8,14.485714,100,1747881000,12.828571
2025-05-22T02:33:46Z,236,29.919,72.2,63,61.6,1,1,5,86,0.0,255,32767,0.11,2090-9-18,0.0,0.52,26.6,0.0,0.0,0.0,0,4.822265625,6,45,05:40,20:21,2025-05-22 02:33:46.152788,Città della Scienza,82.7,11.317967,7.447808,12.241189,8.136545,EU EEA Common AQI,64.7,10.170682,5.281038,7200,11.428572,100,100,60.6,10.2628565,Very Low,64.2,9.782696,100,1747881000,Very Low,9.792951,11.702066,Very Low,13.744905,58.8,14.485714,100,1747881000,12.828571
2025-05-22T02:33:57Z,236,29.919,72.2,63,61.6,1,1,5,86,0.0,255,32767,0.11,2090-9-18,0.0,0.52,26.6,0.0,0.0,0.0,0,4.822265625,6,45,05:40,20:21,2025-05-22 02:33:57.246791,Città della Scienza,82.7,11.317967,7.447808,12.241189,8.136545,EU EEA Common AQI,64.7,10.170682,5.281038,7200,11.428572,100,100,60.6,10.2628565,Very Low,64.2,9.782696,100,1747881000,Very Low,9.792951,11.702066,Very Low,13.744905,58.8,14.485714,100,1747881000,12.828571
2025-05-22T02:34:08Z,236,29.919,72.2,63,61.6,1,1,5,86,0.0,255,32767,0.11,2090-9-18,0.0,0.52,26.6,0.0,0.0,0.0,0,4.822265625,6,45,05:40,20:21,2025-05-22 02:34:08.336792,Città della Scienza,82.7,11.317967,7.447808,12.241189,8.136545,EU EEA Common AQI,64.7,10.170682,5.281038,7200,11.428572,100,100,60.6,10.2628565,Very Low,64.2,9.782696,100,1747881000,Very Low,9.792951,11.702066,Very Low,13.744905,58.8,14.485714,100,1747881000,12.828571
2025-05-22T02:34:19Z,236,29.919,72.2,63,61.6,0,1,5,86,0.0,255,32767,0.11,2090-9-18,0.0,0.52,26.6,0.0,0.0,0.0,0,4.822265625,6,45,05:40,20:21,2025-05-22 02:34:19.438805,Città della Scienza,82.7,11.317967,7.447808,12.241189,8.136545,EU EEA Common AQI,64.7,10.170682,5.281038,7200,11.428572,100,100,60.6,10.2628565,Very Low,64.2,9.782696,100,1747881000,Very Low,9.792951,11.702066,Very Low,13.744905,58.8,14.485714,100,1747881000,12.828571
2025-05-22T02:34:30Z,236,29.919,72.2,63,61.6,1,1,5,87,0.0,255,32767,0.11,2090-9-18,0.0,0.52,26.6,0.0,0.0,0.0,0,4.822265625,6,45,05:40,20:21,2025-05-22 02:34:30.496802,Città della Scienza,82.7,11.317967,7.447808,12.241189,8.136545,EU EEA Common AQI,64.7,10.170682,5.281038,7200,11.428572,100,100,60.6,10.2628565,Very Low,64.2,9.782696,100,1747881000,Very Low,9.792951,11.702066,Very Low,13.744905,58.8,14.485714,100,1747881000,12.828571
2025-05-22T02:34:41Z,236,29.919,72.2,63,61.6,2,1,5,87,0.0,255,32767,0.11,2090-9-18,0.0,0.52,26.6,0.0,0.0,0.0,0,4.822265625,6,45,05:40,20:21,2025-05-22 02:34:41.583813,Città della Scienza,82.7,11.317967,7.447808,12.241189,8.136545,EU EEA Common AQI,64.7,10.170682,5.281038,7200,11.428572,100,100,60.6,10.2628565,Very Low,64.2,9.782696,100,1747881000,Very Low,9.792951,11.702066,Very Low,13.744905,58.8,14.485714,100,1747881000,12.828571
2025-05-22T02:34:52Z,236,29.919,72.2,63,61.6,2,1,14,87,0.0,255,32767,0.11,2090-9-18,0.0,0.52,26.6,0.0,0.0,0.0,0,4.822265625,6,45,05:40,20:21,2025-05-22 02:34:52.654807,Città della Scienza,82.7,11.317967,7.447808,12.241189,8.136545,EU EEA Common AQI,64.7,10.170682,5.281038,7200,11.428572,100,100,60.6,10.2628565,Very Low,64.2,9.782696,100,1747881000,Very Low,9.792951,11.702066,Very Low,13.744905,58.8,14.485714,100,1747881000,12.828571
2025-05-22T02:35:03Z,236,29.919,72.2,63,61.6,2,1,16,87,0.0,255,32767,0.11,2090-9-18,0.0,0.52,26.6,0.0,0.0,0.0,0,4.822265625,6,45,05:40,20:21,2025-05-22 02:35:03.745785,Città della Scienza,82.7,11.317967,7.447808,12.241189,8.136545,EU EEA Common AQI,64.7,10.170682,5.281038,7200,11.428572,100,100,60.6,10.2628565,Very Low,64.2,9.782696,100,1747881000,Very Low,9.792951,11.702066,Very Low,13.744905,58.8,14.485714,100,1747881000,12.828571
2025-05-22T02:35:15Z,236,29.919,72.2,63,61.6,2,1,16,87,0.0,255,32767,0.11,2090-9-18,0.0,0.52,26.6,0.0,0.0,0.0,0,4.822265625,6,45,05:40,20:21,2025-05-22 02:35:14.813765,Città della Scienza,82.7,11.317967,7.447808,12.241189,8.136545,EU EEA Common AQI,64.7,10.170682,5.281038,7200,11.428572,100,100,60.6,10.2628565,Very Low,64.2,9.782696,100,1747881000,Very Low,9.792951,11.702066,Very Low,13.744905,58.8,14.485714,100,1747881000,12.828571
2025-05-22T02:35:26Z,236,29.919,72.2,63,61.6,0,1,16,87,0.0,255,32767,0.11,2090-9-18,0.0,0.52,26.6,0.0,0.0,0.0,0,4.822265625,6,45,05:40,20:21,2025-05-22 02:35:25.838783,Città della Scienza,82.7,11.317967,7.447808,12.241189,8.136545,EU EEA Common AQI,64.7,10.170682,5.281038,7200,11.428572,100,100,60.6,10.2628565,Very Low,64.2,9.782696,100,1747881000,Very Low,9.792951,11.702066,Very Low,13.744905,58.8,14.485714,100,1747881000,12.828571
2025-05-22T02:35:37Z,236,29.918,72.2,63,61.6,2,1,20,87,0.0,255,32767,0.11,2090-9-18,0.0,0.52,26.6,0.0,0.0,0.0,0,4.822265625,6,45,05:40,20:21,2025-05-22 02:35:36.945788,Città della Scienza,82.7,11.317967,7.447808,12.241189,8.136545,EU EEA Common AQI,64.7,10.170682,5.281038,7200,11.428572,100,100,60.6,10.2628565,Very Low,64.2,9.782696,100,1747881000,Very Low,9.792951,11.702066,Very Low,13.744905,58.8,14.485714,100,1747881000,12.828571
2025-05-22T02:35:48Z,236,29.918,72.2,63,61.6,1,1,20,87,0.0,255,32767,0.11,2090-9-18,0.0,0.52,26.6,0.0,0.0,0.0,0,4.822265625,6,45,05:40,20:21,2025-05-22 02:35:48.057788,Città della Scienza,82.7,11.317967,7.447808,12.241189,8.136545,EU EEA Common AQI,64.7,10.170682,5.281038,7200,11.428572,100,100,60.6,10.2628565,Very Low,64.2,9.782696,100,1747881000,Very Low,9.792951,11.702066,Very Low,13.744905,58.8,14.485714,100,1747881000,12.828571
2025-05-22T02:35:59Z,236,29.918,72.2,63,61.6,1,1,20,87,0.0,255,32767,0.11,2090-9-18,0.0,0.52,26.6,0.0,0.0,0.0,0,4.822265625,6,45,05:40,20:21,2025-05-22 02:35:59.124787,Città della Scienza,82.7,11.317967,7.447808,12.241189,8.136545,EU EEA Common AQI,64.7,10.170682,5.281038,7200,11.428572,100,100,60.6,10.2628565,Very Low,64.2,9.782696,100,1747881000,Very Low,9.792951,11.702066,Very Low,13.744905,58.8,14.485714,100,1747881000,12.828571
2025-05-22T02:36:10Z,236,29.918,72.2,63,61.6,0,1,20,87,0.0,255,32767,0.11,2090-9-18,0.0,0.52,26.6,0.0,0.0,0.0,0,4.822265625,6,45,05:40,20:21,2025-05-22 02:36:10.225799,Città della Scienza,82.7,11.317967,7.447808,12.241189,8.136545,EU EEA Common AQI,64.7,10.170682,5.281038,7200,11.428572,100,100,60.6,10.2628565,Very Low,64.2,9.782696,100,1747881000,Very Low,9.792951,11.702066,Very Low,13.744905,58.8,14.485714,100,1747881000,12.828571
2025-05-22T02:36:21Z,236,29.918,72.2,63,61.6,0,1,20,87,0.0,255,32767,0.11,2090-9-18,0.0,0.52,26.6,0.0,0.0,0.0,0,4.822265625,6,45,05:40,20:21,2025-05-22 02:36:21.315793,Città della Scienza,82.7,11.317967,7.447808,12.241189,8.136545,EU EEA Common AQI,64.7,10.170682,5.281038,7200,11.428572,100,100,60.6,10.2628565,Very Low,64.2,9.782696,100,1747881000,Very Low,9.792951,11.702066,Very Low,13.744905,58.8,14.485714,100,1747881000,12.828571
2025-05-22T02:36:32Z,236,29.918,72.2,63,61.6,1,1,20,87,0.0,255,32767,0.11,2090-9-18,0.0,0.52,26.6,0.0,0.0,0.0,0,4.822265625,6,45,05:40,20:21,2025-05-22 02:36:32.530793,Città della Scienza,82.7,11.317967,7.447808,12.241189,8.136545,EU EEA Common AQI,64.7,10.170682,5.281038,7200,11.428572,100,100,60.6,10.2628565,Very Low,64.2,9.782696,100,1747881000,Very Low,9.792951,11.702066,Very Low,13.744905,58.8,14.485714,100,1747881000,12.828571
2025-05-22T02:36:43Z,236,29.919,72.2,63,61.7,1,1,20,87,0.0,255,32767,0.11,2090-9-18,0.0,0.52,26.6,0.0,0.0,0.0,0,4.822265625,6,45,05:40,20:21,2025-05-22 02:36:43.648800,Città della Scienza,82.7,11.317967,7.447808,12.241189,8.136545,EU EEA Common AQI,64.7,10.170682,5.281038,7200,11.428572,100,100,60.6,10.2628565,Very Low,64.2,9.782696,100,1747881000,Very Low,9.792951,11.702066,Very Low,13.744905,58.8,14.485714,100,1747881000,12.828571
2025-05-22T02:36:54Z,236,29.919,72.2,63,61.6,0,1,20,87,0.0,255,32767,0.11,2090-9-18,0.0,0.52,26.6,0.0,0.0,0.0,0,4.822265625,6,45,05:40,20:21,2025-05-22 02:36:54.731797,Città della Scienza,82.7,11.317967,7.447808,12.241189,8.136545,EU EEA Common AQI,64.7,10.170682,5.281038,7200,11.428572,100,100,60.6,10.2628565,Very Low,64.2,9.782696,100,1747881000,Very Low,9.792951,11.702066,Very Low,13.744905,58.8,14.485714,100,1747881000,12.828571
2025-05-22T02:37:05Z,236,29.919,72.2,63,61.7,0,1,20,87,0.0,255,32767,0.11,2090-9-18,0.0,0.52,26.6,0.0,0.0,0.0,0,4.822265625,6,45,05:40,20:21,2025-05-22 02:37:05.796792,Città della Scienza,82.7,11.317967,7.447808,12.241189,8.136545,EU EEA Common AQI,64.7,10.170682,5.281038,7200,11.428572,100,100,60.6,10.2628565,Very Low,64.2,9.782696,100,1747881000,Very Low,9.792951,11.702066,Very Low,13.744905,58.8,14.485714,100,1747881000,12.828571
2025-05-22T02:37:17Z,236,29.919,72.2,63,61.7,0,1,20,87,0.0,255,32767,0.11,2090-9-18,0.0,0.52,26.6,0.0,0.0,0.0,0,4.822265625,6,45,05:40,20:21,2025-05-22 02:37:16.840783,Città della Scienza,82.7,11.317967,7.447808,12.241189,8.136545,EU EEA Common AQI,64.7,10.170682,5.281038,7200,11.428572,100,100,60.6,10.2628565,Very Low,64.2,9.782696,100,1747881000,Very Low,9.792951,11.702066,Very Low,13.744905,58.8,14.485714,100,1747881000,12.828571
2025-05-22T02:37:28Z,236,29.919,72.2,63,61.7,0,1,20,87,0.0,255,32767,0.11,2090-9-18,0.0,0.52,26.6,0.0,0.0,0.0,0,4.822265625,6,45,05:40,20:21,2025-05-22 02:37:27.929792,Città della Scienza,82.7,11.317967,7.447808,12.241189,8.136545,EU EEA Common AQI,64.7,10.170682,5.281038,7200,11.428572,100,100,60.6,10.2628565,Very Low,64.2,9.782696,100,1747881000,Very Low,9.792951,11.702066,Very Low,13.744905,58.8,14.485714,100,1747881000,12.828571
2025-05-22T02:37:39Z,236,29.919,72.2,63,61.7,0,1,20,87,0.0,255,32767,0.11,2090-9-18,0.0,0.52,26.6,0.0,0.0,0.0,0,4.822265625,6,45,05:40,20:21,2025-05-22 02:37:39.055801,Città della Scienza,82.7,11.317967,7.447808,12.241189,8.136545,EU EEA Common AQI,64.7,10.170682,5.281038,7200,11.428572,100,100,60.6,10.2628565,Very Low,64.2,9.782696,100,1747881000,Very Low,9.792951,11.702066,Very Low,13.744905,58.8,14.485714,100,1747881000,12.828571
2025-05-22T02:37:50Z,236,29.919,72.2,63,61.7,0,1,20,87,0.0,255,32767,0.11,2090-9-18,0.0,0.52,26.6,0.0,0.0,0.0,0,4.822265625,6,45,05:40,20:21,2025-05-22 02:37:50.135791,Città della Scienza,82.7,11.317967,7.447808,12.241189,8.136545,EU EEA Common AQI,64.7,10.170682,5.281038,7200,11.428572,100,100,60.6,10.2628565,Very Low,64.2,9.782696,100,1747881000,Very Low,9.792951,11.702066,Very Low,13.744905,58.8,14.485714,100,1747881000,12.828571
2025-05-22T02:38:01Z,236,29.919,72.2,63,61.7,0,1,20,87,0.0,255,32767,0.11,2090-9-18,0.0,0.52,26.6,0.0,0.0,0.0,0,4.822265625,6,45,05:40,20:21,2025-05-22 02:38:01.224788,Città della Scienza,82.7,11.317967,7.447808,12.241189,8.136545,EU EEA Common AQI,64.7,10.170682,5.281038,7200,11.428572,100,100,60.6,10.2628565,Very Low,64.2,9.782696,100,1747881000,Very Low,9.792951,11.702066,Very Low,13.744905,58.8,14.485714,100,1747881000,12.828571
2025-05-22T02:38:12Z,236,29.919,72.2,63,61.7,1,1,20,87,0.0,255,32767,0.11,2090-9-18,0.0,0.52,26.6,0.0,0.0,0.0,0,4.822265625,6,45,05:40,20:21,2025-05-22 02:38:12.287787,Città della Scienza,82.7,11.317967,7.447808,12.241189,8.136545,EU EEA Common AQI,64.7,10.170682,5.281038,7200,11.428572,100,100,60.6,10.2628565,Very Low,64.2,9.782696,100,1747881000,Very Low,9.792951,11.702066,Very Low,13.744905,58.8,14.485714,100,1747881000,12.828571
2025-05-22T02:38:23Z,236,29.919,72.2,63,61.8,1,1,20,87,0.0,255,32767,0.11,2090-9-18,0.0,0.52,26.6,0.0,0.0,0.0,0,4.822265625,6,45,05:40,20:21,2025-05-22 02:38:23.395789,Città della Scienza,82.7,11.317967,7.447808,12.241189,8.136545,EU EEA Common AQI,64.7,10.170682,5.281038,7200,11.428572,100,100,60.6,10.2628565,Very Low,64.2,9.782696,100,1747881000,Very Low,9.792951,11.702066,Very Low,13.744905,58.8,14.485714,100,1747881000,12.828571
2025-05-22T02:38:34Z,236,29.919,72.2,63,61.7,1,1,20,87,0.0,255,32767,0.11,2090-9-18,0.0,0.52,26.6,0.0,0.0,0.0,0,4.822265625,6,45,05:40,20:21,2025-05-22 02:38:34.499787,Città della Scienza,82.7,11.317967,7.447808,12.241189,8.136545,EU EEA Common AQI,64.7,10.170682,5.281038,7200,11.428572,100,100,60.6,10.2628565,Very Low,64.2,9.782696,100,1747881000,Very Low,9.792951,11.702066,Very Low,13.744905,58.8,14.485714,100,1747881000,12.828571
2025-05-22T02:38:45Z,236,29.919,72.2,63,61.7,2,1,20,87,0.0,255,32767,0.11,2090-9-18,0.0,0.52,26.6,0.0,0.0,0.0,0,4.822265625,6,45,05:40,20:21,2025-05-22 02:38:45.575813,Città della Scienza,82.7,11.317967,7.447808,12.241189,8.136545,EU EEA Common AQI,64.7,10.170682,5.281038,7200,11.428572,100,100,60.6,10.2628565,Very Low,64.2,9.782696,100,1747881000,Very Low,9.792951,11.702066,Very Low,13.744905,58.8,14.485714,100,1747881000,12.828571
2025-05-22T02:38:56Z,236,29.919,72.2,63,61.7,2,1,20,87,0.0,255,32767,0.11,2090-9-18,0.0,0.52,26.6,0.0,0.0,0.0,0,4.822265625,6,45,05:40,20:21,2025-05-22 02:38:56.651791,Città della Scienza,82.7,11.317967,7.447808,12.241189,8.136545,EU EEA Common AQI,64.7,10.170682,5.281038,7200,11.428572,100,100,60.6,10.2628565,Very Low,64.2,9.782696,100,1747881000,Very Low,9.792951,11.702066,Very Low,13.744905,58.8,14.485714,100,1747881000,12.828571
2025-05-22T02:39:07Z,236,29.919,72.2,63,61.8,1,1,20,87,0.0,255,32767,0.11,2090-9-18,0.0,0.52,26.6,0.0,0.0,0.0,0,4.822265625,6,45,05:40,20:21,2025-05-22 02:39:07.735799,Città della Scienza,82.7,11.317967,7.447808,12.241189,8.136545,EU EEA Common AQI,64.7,10.170682,5.281038,7200,11.428572,100,100,60.6,10.2628565,Very Low,64.2,9.782696,100,1747881000,Very Low,9.792951,11.702066,Very Low,13.744905,58.8,14.485714,100,1747881000,12.828571
2025-05-22T02:39:18Z,236,29.919,72.2,63,61.8,1,1,20,87,0.0,255,32767,0.11,2090-9-18,0.0,0.52,26.6,0.0,0.0,0.0,0,4.822265625,6,45,05:40,20:21,2025-05-22 02:39:18.775792,Città della Scienza,82.7,11.317967,7.447808,12.241189,8.136545,EU EEA Common AQI,64.7,10.170682,5.281038,7200,11.428572,100,100,60.6,10.2628565,Very Low,64.2,9.782696,100,1747881000,Very Low,9.792951,11.702066,Very Low,13.744905,58.8,14.485714,100,1747881000,12.828571
2025-05-22T02:39:30Z,236,29.919,72.2,63,61.8,1,1,20,87,0.0,255,32767,0.11,2090-9-18,0.0,0.52,26.6,0.0,0.0,0.0,0,4.822265625,6,45,05:40,20:21,2025-05-22 02:39:29.871796,Città della Scienza,82.7,11.317967,7.447808,12.241189,8.136545,EU EEA Common AQI,64.7,10.170682,5.281038,7200,11.428572,100,100,60.6,10.2628565,Very Low,64.2,9.782696,100,1747881000,Very Low,9.792951,11.702066,Very Low,13.744905,58.8,14.485714,100,1747881000,12.828571
2025-05-22T02:39:41Z,236,29.917,72.1,63,61.7,1,1,20,87,0.0,255,32767,0.11,2090-9-18,0.0,0.52,26.6,0.0,0.0,0.0,0,4.822265625,6,45,05:40,20:21,2025-05-22 02:39:40.937787,Città della Scienza,82.7,11.317967,7.447808,12.241189,8.136545,EU EEA Common AQI,64.7,10.170682,5.281038,7200,11.428572,100,100,60.6,10.2628565,Very Low,64.2,9.782696,100,1747881000,Very Low,9.792951,11.702066,Very Low,13.744905,58.8,14.485714,100,1747881000,12.828571
2025-05-22T02:39:52Z,236,29.917,72.1,63,61.8,1,1,20,87,0.0,255,32767,0.11,2090-9-18,0.0,0.52,26.6,0.0,0.0,0.0,0,4.822265625,6,45,05:40,20:21,2025-05-22 02:39:52.015785,Città della Scienza,82.7,11.317967,7.447808,12.241189,8.136545,EU EEA Common AQI,64.7,10.170682,5.281038,7200,11.428572,100,100,60.6,10.2628565,Very Low,64.2,9.782696,100,1747881000,Very Low,9.792951,11.702066,Very Low,13.744905,58.8,14.485714,100,1747881000,12.828571
2025-05-22T02:40:03Z,236,29.917,72.1,63,61.8,0,1,20,87,0.0,255,32767,0.11,2090-9-18,0.0,0.52,26.6,0.0,0.0,0.0,0,4.822265625,6,45,05:40,20:21,2025-05-22 02:40:03.118790,Città della Scienza,82.7,11.317967,7.447808,12.241189,8.136545,EU EEA Common AQI,64.7,10.170682,5.281038,7200,11.428572,100,100,60.6,10.2628565,Very Low,64.2,9.782696,100,1747881000,Very Low,9.792951,11.702066,Very Low,13.744905,58.8,14.485714,100,1747881000,12.828571
2025-05-22T02:40:14Z,236,29.917,72.1,63,61.8,1,1,20,87,0.0,255,32767,0.11,2090-9-18,0.0,0.52,26.6,0.0,0.0,0.0,0,4.822265625,6,45,05:40,20:21,2025-05-22 02:40:14.232791,Città della Scienza,82.7,11.317967,7.447808,12.241189,8.136545,EU EEA Common AQI,64.7,10.170682,5.281038,7200,11.428572,100,100,60.6,10.2628565,Very Low,64.2,9.782696,100,1747881000,Very Low,9.792951,11.702066,Very Low,13.744905,58.8,14.485714,100,1747881000,12.828571
2025-05-22T02:40:25Z,236,29.917,72.1,63,61.8,1,1,20,87,0.0,255,32767,0.11,2090-9-18,0.0,0.52,26.6,0.0,0.0,0.0,0,4.822265625,6,45,05:40,20:21,2025-05-22 02:40:25.324804,Città della Scienza,82.7,11.317967,7.447808,12.241189,8.136545,EU EEA Common AQI,64.7,10.170682,5.281038,7200,11.428572,100,100,60.6,10.2628565,Very Low,64.2,9.782696,100,1747881000,Very Low,9.792951,11.702066,Very Low,13.744905,58.8,14.485714,100,1747881000,12.828571
2025-05-22T02:40:36Z,236,29.918,72.1,63,61.8,0,1,20,87,0.0,255,32767,0.11,2090-9-18,0.0,0.52,26.6,0.0,0.0,0.0,0,4.822265625,6,45,05:40,20:21,2025-05-22 02:40:36.390811,Città della Scienza,82.7,11.317967,7.447808,12.241189,8.136545,EU EEA Common AQI,64.7,10.170682,5.281038,7200,11.428572,100,100,60.6,10.2628565,Very Low,64.2,9.782696,100,1747881000,Very Low,9.792951,11.702066,Very Low,13.744905,58.8,14.485714,100,1747881000,12.828571
2025-05-22T02:40:47Z,236,29.918,72.1,63,61.8,0,1,20,87,0.0,255,32767,0.11,2090-9-18,0.0,0.52,26.6,0.0,0.0,0.0,0,4.822265625,6,45,05:40,20:21,2025-05-22 02:40:47.457795,Città della Scienza,82.7,11.317967,7.447808,12.241189,8.136545,EU EEA Common AQI,64.7,10.170682,5.281038,7200,11.428572,100,100,60.6,10.2628565,Very Low,64.2,9.782696,100,1747881000,Very Low,9.792951,11.702066,Very Low,13.744905,58.8,14.485714,100,1747881000,12.828571
2025-05-22T02:40:58Z,236,29.918,72.1,63,61.8,0,1,20,87,0.0,255,32767,0.11,2090-9-18,0.0,0.52,26.6,0.0,0.0,0.0,0,4.822265625,6,45,05:40,20:21,2025-05-22 02:40:58.531787,Città della Scienza,82.7,11.317967,7.447808,12.241189,8.136545,EU EEA Common AQI,64.7,10.170682,5.281038,7200,11.428572,100,100,60.6,10.2628565,Very Low,64.2,9.782696,100,1747881000,Very Low,9.792951,11.702066,Very Low,13.744905,58.8,14.485714,100,1747881000,12.828571
2025-05-22T02:41:09Z,236,29.918,72.1,63,61.8,1,1,20,87,0.0,255,32767,0.11,2090-9-18,0.0,0.52,26.6,0.0,0.0,0.0,0,4.822265625,6,45,05:40,20:21,2025-05-22 02:41:09.604781,Città della Scienza,82.7,11.317967,7.447808,12.241189,8.136545,EU EEA Common AQI,64.7,10.170682,5.281038,7200,11.428572,100,100,60.6,10.2628565,Very Low,64.2,9.782696,100,1747881000,Very Low,9.792951,11.702066,Very Low,13.744905,58.8,14.485714,100,1747881000,12.828571
2025-05-22T02:41:20Z,236,29.918,72.1,63,61.9,1,1,20,87,0.0,255,32767,0.11,2090-9-18,0.0,0.52,26.6,0.0,0.0,0.0,0,4.822265625,6,45,05:40,20:21,2025-05-22 02:41:20.712787,Città della Scienza,82.7,11.317967,7.447808,12.241189,8.136545,EU EEA Common AQI,64.7,10.170682,5.281038,7200,11.428572,100,100,60.6,10.2628565,Very Low,64.2,9.782696,100,1747881000,Very Low,9.792951,11.702066,Very Low,13.744905,58.8,14.485714,100,1747881000,12.828571
2025-05-22T02:41:31Z,236,29.918,72.1,63,62.0,2,1,20,87,0.0,255,32767,0.11,2090-9-18,0.0,0.52,26.6,0.0,0.0,0.0,0,4.822265625,6,45,05:40,20:21,2025-05-22 02:41:31.779780,Città della Scienza,82.7,11.317967,7.447808,12.241189,8.136545,EU EEA Common AQI,64.7,10.170682,5.281038,7200,11.428572,100,100,60.6,10.2628565,Very Low,64.2,9.782696,100,1747881000,Very Low,9.792951,11.702066,Very Low,13.744905,58.8,14.485714,100,1747881000,12.828571
2025-05-22T02:41:43Z,236,29.917,72.1,63,61.9,1,1,20,87,0.0,255,32767,0.11,2090-9-18,0.0,0.52,26.6,0.0,0.0,0.0,0,4.822265625,6,45,05:40,20:21,2025-05-22 02:41:42.833786,Città della Scienza,82.7,11.317967,7.447808,12.241189,8.136545,EU EEA Common AQI,64.7,10.170682,5.281038,7200,11.428572,100,100,60.6,10.2628565,Very Low,64.2,9.782696,100,1747881000,Very Low,9.792951,11.702066,Very Low,13.744905,58.8,14.485714,100,1747881000,12.828571
2025-05-22T02:41:54Z,236,29.917,72.1,63,61.9,1,1,20,87,0.0,255,32767,0.11,2090-9-18,0.0,0.52,26.6,0.0,0.0,0.0,0,4.822265625,6,45,05:40,20:21,2025-05-22 02:41:53.867810,Città della Scienza,82.7,11.317967,7.447808,12.241189,8.136545,EU EEA Common AQI,64.7,10.170682,5.281038,7200,11.428572,100,100,60.6,10.2628565,Very Low,64.2,9.782696,100,1747881000,Very Low,9.792951,11.702066,Very Low,13.744905,58.8,14.485714,100,1747881000,12.828571
2025-05-22T02:42:05Z,236,29.917,72.1,63,61.9,1,1,20,87,0.0,255,32767,0.11,2090-9-18,0.0,0.52,26.6,0.0,0.0,0.0,0,4.822265625,6,45,05:40,20:21,2025-05-22 02:42:04.940785,Città della Scienza,82.7,11.317967,7.447808,12.241189,8.136545,EU EEA Common AQI,64.7,10.170682,5.281038,7200,11.428572,100,100,60.6,10.2628565,Very Low,64.2,9.782696,100,1747881000,Very Low,9.792951,11.702066,Very Low,13.744905,58.8,14.485714,100,1747881000,12.828571
2025-05-22T02:42:16Z,236,29.917,72.1,63,61.9,1,1,20,87,0.0,255,32767,0.11,2090-9-18,0.0,0.52,26.6,0.0,0.0,0.0,0,4.822265625,6,45,05:40,20:21,2025-05-22 02:42:16.052786,Città della Scienza,82.7,11.317967,7.447808,12.241189,8.136545,EU EEA Common AQI,64.7,10.170682,5.281038,7200,11.428572,100,100,60.6,10.2628565,Very Low,64.2,9.782696,100,1747881000,Very Low,9.792951,11.702066,Very Low,13.744905,58.8,14.485714,100,1747881000,12.828571
2025-05-22T02:42:27Z,236,29.917,72.1,63,61.9,0,1,20,87,0.0,255,32767,0.11,2090-9-18,0.0,0.52,26.6,0.0,0.0,0.0,0,4.822265625,6,45,05:40,20:21,2025-05-22 02:42:27.117786,Città della Scienza,82.7,11.317967,7.447808,12.241189,8.136545,EU EEA Common AQI,64.7,10.170682,5.281038,7200,11.428572,100,100,60.6,10.2628565,Very Low,64.2,9.782696,100,1747881000,Very Low,9.792951,11.702066,Very Low,13.744905,58.8,14.485714,100,1747881000,12.828571
2025-05-22T02:42:38Z,236,29.916,72.1,63,61.9,0,1,20,87,0.0,255,32767,0.11,2090-9-18,0.0,0.52,26.6,0.0,0.0,0.0,0,4.822265625,6,45,05:40,20:21,2025-05-22 02:42:38.187785,Città della Scienza,82.7,11.317967,7.447808,12.241189,8.136545,EU EEA Common AQI,64.7,10.170682,5.281038,7200,11.428572,100,100,60.6,10.2628565,Very Low,64.2,9.782696,100,1747881000,Very Low,9.792951,11.702066,Very Low,13.744905,58.8,14.485714,100,1747881000,12.828571
2025-05-22T02:42:49Z,236,29.916,72.1,63,61.9,0,1,20,87,0.0,255,32767,0.11,2090-9-18,0.0,0.52,26.6,0.0,0.0,0.0,0,4.822265625,6,45,05:40,20:21,2025-05-22 02:42:49.265793,Città della Scienza,82.7,11.317967,7.447808,12.241189,8.136545,EU EEA Common AQI,64.7,10.170682,5.281038,7200,11.428572,100,100,60.6,10.2628565,Very Low,64.2,9.782696,100,1747881000,Very Low,9.792951,11.702066,Very Low,13.744905,58.8,14.485714,100,1747881000,12.828571
2025-05-22T02:43:00Z,236,29.916,72.1,63,61.9,1,1,20,87,0.0,255,32767,0.11,2090-9-18,0.0,0.52,26.6,0.0,0.0,0.0,0,4.822265625,6,45,05:40,20:21,2025-05-22 02:43:00.378792,Città della Scienza,82.7,11.317967,7.447808,12.241189,8.136545,EU EEA Common AQI,64.7,10.170682,5.281038,7200,11.428572,100,100,60.6,10.2628565,Very Low,64.2,9.782696,100,1747881000,Very Low,9.792951,11.702066,Very Low,13.744905,58.8,14.485714,100,1747881000,12.828571
2025-05-22T02:43:11Z,236,29.916,72.1,63,62.0,1,1,20,87,0.0,255,32767,0.11,2090-9-18,0.0,0.52,26.6,0.0,0.0,0.0,0,4.822265625,6,45,05:40,20:21,2025-05-22 02:43:11.483788,Città della Scienza,82.7,11.317967,7.447808,12.241189,8.136545,EU EEA Common AQI,64.7,10.170682,5.281038,7200,11.428572,100,100,60.6,10.2628565,Very Low,64.2,9.782696,100,1747881000,Very Low,9.792951,11.702066,Very Low,13.744905,58.8,14.485714,100,1747881000,12.828571
2025-05-22T02:43:22Z,236,29.916,72.1,63,62.0,1,1,20,87,0.0,255,32767,0.11,2090-9-18,0.0,0.52,26.6,0.0,0.0,0.0,0,4.822265625,6,45,05:40,20:21,2025-05-22 02:43:22.535787,Città della Scienza,82.7,11.317967,7.447808,12.241189,8.136545,EU EEA Common AQI,64.7,10.170682,5.281038,7200,11.428572,100,100,60.6,10.2628565,Very Low,64.2,9.782696,100,1747881000,Very Low,9.792951,11.702066,Very Low,13.744905,58.8,14.485714,100,1747881000,12.828571
2025-05-22T02:43:33Z,236,29.916,72.1,63,62.0,0,1,20,87,0.0,255,32767,0.11,2090-9-18,0.0,0.52,26.6,0.0,0.0,0.0,0,4.822265625,6,45,05:40,20:21,2025-05-22 02:43:33.615804,Città della Scienza,82.7,11.317967,7.447808,12.241189,8.136545,EU EEA Common AQI,64.7,10.170682,5.281038,7200,11.428572,100,100,60.6,10.2628565,Very Low,64.2,9.782696,100,1747881000,Very Low,9.792951,11.702066,Very Low,13.744905,58.8,14.485714,100,1747881000,12.828571
2025-05-22T02:43:44Z,236,29.916,72.1,63,62.0,1,1,20,87,0.0,255,32767,0.11,2090-9-18,0.0,0.52,26.6,0.0,0.0,0.0,0,4.822265625,6,45,05:40,20:21,2025-05-22 02:43:44.665801,Città della Scienza,82.7,11.317967,7.447808,12.241189,8.136545,EU EEA Common AQI,64.7,10.170682,5.281038,7200,11.428572,100,100,60.6,10.2628565,Very Low,64.2,9.782696,100,1747881000,Very Low,9.792951,11.702066,Very Low,13.744905,58.8,14.485714,100,1747881000,12.828571
2025-05-22T02:43:55Z,236,29.916,72.1,63,62.0,1,1,20,87,0.0,255,32767,0.11,2090-9-18,0.0,0.52,26.6,0.0,0.0,0.0,0,4.822265625,6,45,05:40,20:21,2025-05-22 02:43:55.781804,Città della Scienza,82.7,11.317967,7.447808,12.241189,8.136545,EU EEA Common AQI,64.7,10.170682,5.281038,7200,11.428572,100,100,60.6,10.2628565,Very Low,64.2,9.782696,100,1747881000,Very Low,9.792951,11.702066,Very Low,13.744905,58.8,14.485714,100,1747881000,12.828571
2025-05-22T02:44:07Z,236,29.916,72.1,63,62.0,1,1,20,87,0.0,255,32767,0.11,2090-9-18,0.0,0.52,26.6,0.0,0.0,0.0,0,4.822265625,6,45,05:40,20:21,2025-05-22 02:44:06.871791,Città della Scienza,82.7,11.317967,7.447808,12.241189,8.136545,EU EEA Common AQI,64.7,10.170682,5.281038,7200,11.428572,100,100,60.6,10.2628565,Very Low,64.2,9.782696,100,1747881000,Very Low,9.792951,11.702066,Very Low,13.744905,58.8,14.485714,100,1747881000,12.828571
2025-05-22T02:44:18Z,236,29.916,72.1,63,62.0,0,1,20,87,0.0,255,32767,0.11,2090-9-18,0.0,0.52,26.6,0.0,0.0,0.0,0,4.822265625,6,45,05:40,20:21,2025-05-22 02:44:17.993794,Città della Scienza,82.7,11.317967,7.447808,12.241189,8.136545,EU EEA Common AQI,64.7,10.170682,5.281038,7200,11.428572,100,100,60.6,10.2628565,Very Low,64.2,9.782696,100,1747881000,Very Low,9.792951,11.702066,Very Low,13.744905,58.8,14.485714,100,1747881000,12.828571
2025-05-22T02:44:29Z,236,29.916,72.1,63,62.0,0,1,20,87,0.0,255,32767,0.11,2090-9-18,0.0,0.52,26.6,0.0,0.0,0.0,0,4.822265625,6,45,05:40,20:21,2025-05-22 02:44:29.090789,Città della Scienza,82.7,11.317967,7.447808,12.241189,8.136545,EU EEA Common AQI,64.7,10.170682,5.281038,7200,11.428572,100,100,60.6,10.2628565,Very Low,64.2,9.782696,100,1747881000,Very Low,9.792951,11.702066,Very Low,13.744905,58.8,14.485714,100,1747881000,12.828571
2025-05-22T02:44:40Z,236,29.916,72.1,63,62.0,0,1,20,87,0.0,255,32767,0.11,2090-9-18,0.0,0.52,26.6,0.0,0.0,0.0,0,4.822265625,6,45,05:40,20:21,2025-05-22 02:44:40.162798,Città della Scienza,82.7,11.317967,7.447808,12.241189,8.136545,EU EEA Common AQI,64.7,10.170682,5.281038,7200,11.428572,100,100,60.6,10.2628565,Very Low,64.2,9.782696,100,1747881000,Very Low,9.792951,11.702066,Very Low,13.744905,58.8,14.485714,100,1747881000,12.828571
2025-05-22T02:44:51Z,236,29.916,72.1,63,61.9,1,1,20,87,0.0,255,32767,0.11,2090-9-18,0.0,0.52,26.6,0.0,0.0,0.0,0,4.822265625,6,45,05:40,20:21,2025-05-22 02:44:51.228790,Città della Scienza,82.7,11.317967,7.447808,12.241189,8.136545,EU EEA Common AQI,64.7,10.170682,5.281038,7200,11.428572,100,100,60.6,10.2628565,Very Low,64.2,9.782696,100,1747881000,Very Low,9.792951,11.702066,Very Low,13.744905,58.8,14.485714,100,1747881000,12.828571
2025-05-22T02:45:02Z,236,29.916,72.1,63,62.0,1,1,20,87,0.0,255,32767,0.11,2090-9-18,0.0,0.52,26.6,0.0,0.0,0.0,0,4.822265625,6,45,05:40,20:21,2025-05-22 02:45:02.279782,Città della Scienza,82.7,11.317967,7.447808,12.241189,8.136545,EU EEA Common AQI,64.7,10.170682,5.281038,7200,11.428572,100,100,60.6,10.2628565,Very Low,64.2,9.782696,100,1747881000,Very Low,9.792951,11.702066,Very Low,13.744905,58.8,14.485714,100,1747881000,12.828571
2025-05-22T02:45:13Z,236,29.916,72.1,63,62.0,1,1,20,87,0.0,255,32767,0.11,2090-9-18,0.0,0.52,26.6,0.0,0.0,0.0,0,4.822265625,6,45,05:40,20:21,2025-05-22 02:45:13.383241,Città della Scienza,82.7,11.317967,7.447808,12.241189,8.136545,EU EEA Common AQI,64.7,10.170682,5.281038,7200,11.428572,100,100,60.6,10.2628565,Very Low,64.2,9.782696,100,1747881000,Very Low,9.792951,11.702066,Very Low,13.744905,58.8,14.485714,100,1747881000,12.828571
2025-05-22T02:45:24Z,236,29.916,72.1,63,62.0,0,1,20,87,0.0,255,32767,0.11,2090-9-18,0.0,0.52,26.6,0.0,0.0,0.0,0,4.822265625,6,45,05:40,20:21,2025-05-22 02:45:24.503788,Città della Scienza,83.6,11.46573,7.4200845,12.1771755,8.231039,EU EEA Common AQI,64.6,10.288799,5.282775,7200,7.768116,100,100,60.7,7.0840573,Very Low,64.1,9.955504,100,1747881900,Very Low,9.74174,11.787927,Very Low,13.644929,59.1,9.173913,100,1747881900,8.855072
2025-05-22T02:45:35Z,236,29.915,72.1,63,62.0,0,1,20,87,0.0,255,32767,0.11,2090-9-18,0.0,0.52,26.6,0.0,0.0,0.0,0,4.822265625,6,45,05:40,20:21,2025-05-22 02:45:35.591750,Città della Scienza,83.6,11.46573,7.4200845,12.1771755,8.231039,EU EEA Common AQI,64.6,10.288799,5.282775,7200,7.768116,100,100,60.7,7.0840573,Very Low,64.1,9.955504,100,1747881900,Very Low,9.74174,11.787927,Very Low,13.644929,59.1,9.173913,100,1747881900,8.855072
2025-05-22T02:45:46Z,236,29.915,72.1,63,62.0,1,1,20,87,0.0,255,32767,0.11,2090-9-18,0.0,0.52,26.6,0.0,0.0,0.0,0,4.822265625,6,45,05:40,20:21,2025-05-22 02:45:46.672782,Città della Scienza,83.6,11.46573,7.4200845,12.1771755,8.231039,EU EEA Common AQI,64.6,10.288799,5.282775,7200,7.768116,100,100,60.7,7.0840573,Very Low,64.1,9.955504,100,1747881900,Very Low,9.74174,11.787927,Very Low,13.644929,59.1,9.173913,100,1747881900,8.855072
2025-05-22T02:45:57Z,236,29.915,72.1,63,62.0,1,1,20,87,0.0,255,32767,0.11,2090-9-18,0.0,0.52,26.6,0.0,0.0,0.0,0,4.822265625,6,45,05:40,20:21,2025-05-22 02:45:57.743789,Città della Scienza,83.6,11.46573,7.4200845,12.1771755,8.231039,EU EEA Common AQI,64.6,10.288799,5.282775,7200,7.768116,100,100,60.7,7.0840573,Very Low,64.1,9.955504,100,1747881900,Very Low,9.74174,11.787927,Very Low,13.644929,59.1,9.173913,100,1747881900,8.855072
2025-05-22T02:46:09Z,236,29.915,72.1,63,62.0,0,1,20,87,0.0,255,32767,0.11,2090-9-18,0.0,0.52,26.6,0.0,0.0,0.0,0,4.822265625,6,45,05:40,20:21,2025-05-22 02:46:08.847787,Città della Scienza,83.6,11.46573,7.4200845,12.1771755,8.231039,EU EEA Common AQI,64.6,10.288799,5.282775,7200,7.768116,100,100,60.7,7.0840573,Very Low,64.1,9.955504,100,1747881900,Very Low,9.74174,11.787927,Very Low,13.644929,59.1,9.173913,100,1747881900,8.855072
2025-05-22T02:46:20Z,236,29.915,72.1,63,61.9,0,1,20,87,0.0,255,32767,0.11,2090-9-18,0.0,0.52,26.6,0.0,0.0,0.0,0,4.822265625,6,45,05:40,20:21,2025-05-22 02:46:19.942786,Città della Scienza,83.6,11.46573,7.4200845,12.1771755,8.231039,EU EEA Common AQI,64.6,10.288799,5.282775,7200,7.768116,100,100,60.7,7.0840573,Very Low,64.1,9.955504,100,1747881900,Very Low,9.74174,11.787927,Very Low,13.644929,59.1,9.173913,100,1747881900,8.855072
2025-05-22T02:46:31Z,236,29.915,72.1,63,61.9,0,1,20,87,0.0,255,32767,0.11,2090-9-18,0.0,0.52,26.6,0.0,0.0,0.0,0,4.822265625,6,45,05:40,20:21,2025-05-22 02:46:31.085783,Città della Scienza,83.6,11.46573,7.4200845,12.1771755,8.231039,EU EEA Common AQI,64.6,10.288799,5.282775,7200,7.768116,100,100,60.7,7.0840573,Very Low,64.1,9.955504,100,1747881900,Very Low,9.74174,11.787927,Very Low,13.644929,59.1,9.173913,100,1747881900,8.855072
2025-05-22T02:46:42Z,236,29.915,72.1,63,62.0,0,1,20,87,0.0,255,32767,0.11,2090-9-18,0.0,0.52,26.6,0.0,0.0,0.0,0,4.822265625,6,45,05:40,20:21,2025-05-22 02:46:42.185786,Città della Scienza,83.6,11.46573,7.4200845,12.1771755,8.231039,EU EEA Common AQI,64.6,10.288799,5.282775,7200,7.768116,100,100,60.7,7.0840573,Very Low,64.1,9.955504,100,1747881900,Very Low,9.74174,11.787927,Very Low,13.644929,59.1,9.173913,100,1747881900,8.855072
2025-05-22T02:46:53Z,236,29.915,72.1,63,62.0,1,1,20,87,0.0,255,32767,0.11,2090-9-18,0.0,0.52,26.6,0.0,0.0,0.0,0,4.822265625,6,45,05:40,20:21,2025-05-22 02:46:53.241799,Città della Scienza,83.6,11.46573,7.4200845,12.1771755,8.231039,EU EEA Common AQI,64.6,10.288799,5.282775,7200,7.768116,100,100,60.7,7.0840573,Very Low,64.1,9.955504,100,1747881900,Very Low,9.74174,11.787927,Very Low,13.644929,59.1,9.173913,100,1747881900,8.855072
2025-05-22T02:47:04Z,236,29.915,72.1,63,62.0,0,1,20,87,0.0,255,32767,0.11,2090-9-18,0.0,0.52,26.6,0.0,0.0,0.0,0,4.822265625,6,45,05:40,20:21,2025-05-22 02:47:04.341780,Città della Scienza,83.6,11.46573,7.4200845,12.1771755,8.231039,EU EEA Common AQI,64.6,10.288799,5.282775,7200,7.768116,100,100,60.7,7.0840573,Very Low,64.1,9.955504,100,1747881900,Very Low,9.74174,11.787927,Very Low,13.644929,59.1,9.173913,100,1747881900,8.855072
2025-05-22T02:47:15Z,236,29.915,72.1,63,62.0,0,1,20,87,0.0,255,32767,0.11,2090-9-18,0.0,0.52,26.6,0.0,0.0,0.0,0,4.822265625,6,45,05:40,20:21,2025-05-22 02:47:15.392790,Città della Scienza,83.6,11.46573,7.4200845,12.1771755,8.231039,EU EEA Common AQI,64.6,10.288799,5.282775,7200,7.768116,100,100,60.7,7.0840573,Very Low,64.1,9.955504,100,1747881900,Very Low,9.74174,11.787927,Very Low,13.644929,59.1,9.173913,100,1747881900,8.855072
2025-05-22T02:47:26Z,236,29.915,72.1,63,62.0,0,1,20,87,0.0,255,32767,0.11,2090-9-18,0.0,0.52,26.6,0.0,0.0,0.0,0,4.822265625,6,45,05:40,20:21,2025-05-22 02:47:26.472792,Città della Scienza,83.6,11.46573,7.4200845,12.1771755,8.231039,EU EEA Common AQI,64.6,10.288799,5.282775,7200,7.768116,100,100,60.7,7.0840573,Very Low,64.1,9.955504,100,1747881900,Very Low,9.74174,11.787927,Very Low,13.644929,59.1,9.173913,100,1747881900,8.855072
2025-05-22T02:47:37Z,236,29.916,72.1,63,62.0,0,1,20,87,0.0,255,32767,0.11,2090-9-18,0.0,0.52,26.6,0.0,0.0,0.0,0,4.822265625,6,45,05:40,20:21,2025-05-22 02:47:37.558785,Città della Scienza,83.6,11.46573,7.4200845,12.1771755,8.231039,EU EEA Common AQI,64.6,10.288799,5.282775,7200,7.768116,100,100,60.7,7.0840573,Very Low,64.1,9.955504,100,1747881900,Very Low,9.74174,11.787927,Very Low,13.644929,59.1,9.173913,100,1747881900,8.855072
2025-05-22T02:47:48Z,236,29.916,72.1,63,62.0,2,1,20,87,0.0,255,32767,0.11,2090-9-18,0.0,0.52,26.6,0.0,0.0,0.0,0,4.822265625,6,45,05:40,20:21,2025-05-22 02:47:48.603793,Città della Scienza,83.6,11.46573,7.4200845,12.1771755,8.231039,EU EEA Common AQI,64.6,10.288799,5.282775,7200,7.768116,100,100,60.7,7.0840573,Very Low,64.1,9.955504,100,1747881900,Very Low,9.74174,11.787927,Very Low,13.644929,59.1,9.173913,100,1747881900,8.855072
2025-05-22T02:47:59Z,236,29.916,72.1,63,62.0,0,1,20,87,0.0,255,32767,0.11,2090-9-18,0.0,0.52,26.6,0.0,0.0,0.0,0,4.822265625,6,45,05:40,20:21,2025-05-22 02:47:59.751781,Città della Scienza,83.6,11.46573,7.4200845,12.1771755,8.231039,EU EEA Common AQI,64.6,10.288799,5.282775,7200,7.768116,100,100,60.7,7.0840573,Very Low,64.1,9.955504,100,1747881900,Very Low,9.74174,11.787927,Very Low,13.644929,59.1,9.173913,100,1747881900,8.855072
2025-05-22T02:48:11Z,236,29.916,72.1,63,62.0,0,1,20,87,0.0,255,32767,0.11,2090-9-18,0.0,0.52,26.6,0.0,0.0,0.0,0,4.822265625,6,45,05:40,20:21,2025-05-22 02:48:10.853786,Città della Scienza,83.6,11.46573,7.4200845,12.1771755,8.231039,EU EEA Common AQI,64.6,10.288799,5.282775,7200,7.768116,100,100,60.7,7.0840573,Very Low,64.1,9.955504,100,1747881900,Very Low,9.74174,11.787927,Very Low,13.644929,59.1,9.173913,100,1747881900,8.855072
2025-05-22T02:48:22Z,236,29.916,72.1,63,62.0,0,1,20,87,0.0,255,32767,0.11,2090-9-18,0.0,0.52,26.6,0.0,0.0,0.0,0,4.822265625,6,45,05:40,20:21,2025-05-22 02:48:21.951760,Città della Scienza,83.6,11.46573,7.4200845,12.1771755,8.231039,EU EEA Common AQI,64.6,10.288799,5.282775,7200,7.768116,100,100,60.7,7.0840573,Very Low,64.1,9.955504,100,1747881900,Very Low,9.74174,11.787927,Very Low,13.644929,59.1,9.173913,100,1747881900,8.855072
2025-05-22T02:48:33Z,236,29.915,72.1,63,62.0,0,1,20,87,0.0,255,32767,0.11,2090-9-18,0.0,0.52,26.6,0.0,0.0,0.0,0,4.822265625,6,45,05:40,20:21,2025-05-22 02:48:33.023787,Città della Scienza,83.6,11.46573,7.4200845,12.1771755,8.231039,EU EEA Common AQI,64.6,10.288799,5.282775,7200,7.768116,100,100,60.7,7.0840573,Very Low,64.1,9.955504,100,1747881900,Very Low,9.74174,11.787927,Very Low,13.644929,59.1,9.173913,100,1747881900,8.855072
2025-05-22T02:48:44Z,236,29.915,72.1,63,62.0,0,1,20,87,0.0,255,32767,0.11,2090-9-18,0.0,0.52,26.6,0.0,0.0,0.0,0,4.822265625,6,45,05:40,20:21,2025-05-22 02:48:44.088793,Città della Scienza,83.6,11.46573,7.4200845,12.1771755,8.231039,EU EEA Common AQI,64.6,10.288799,5.282775,7200,7.768116,100,100,60.7,7.0840573,Very Low,64.1,9.955504,100,1747881900,Very Low,9.74174,11.787927,Very Low,13.644929,59.1,9.173913,100,1747881900,8.855072
2025-05-22T02:48:55Z,236,29.915,72.1,63,62.0,0,1,20,87,0.0,255,32767,0.11,2090-9-18,0.0,0.52,26.6,0.0,0.0,0.0,0,4.822265625,6,45,05:40,20:21,2025-05-22 02:48:55.158800,Città della Scienza,83.6,11.46573,7.4200845,12.1771755,8.231039,EU EEA Common AQI,64.6,10.288799,5.282775,7200,7.768116,100,100,60.7,7.0840573,Very Low,64.1,9.955504,100,1747881900,Very Low,9.74174,11.787927,Very Low,13.644929,59.1,9.173913,100,1747881900,8.855072
2025-05-22T02:49:06Z,236,29.915,72.1,63,62.0,0,1,20,87,0.0,255,32767,0.11,2090-9-18,0.0,0.52,26.6,0.0,0.0,0.0,0,4.822265625,6,45,05:40,20:21,2025-05-22 02:49:06.239789,Città della Scienza,83.6,11.46573,7.4200845,12.1771755,8.231039,EU EEA Common AQI,64.6,10.288799,5.282775,7200,7.768116,100,100,60.7,7.0840573,Very Low,64.1,9.955504,100,1747881900,Very Low,9.74174,11.787927,Very Low,13.644929,59.1,9.173913,100,1747881900,8.855072
2025-05-22T02:49:17Z,236,29.915,72.1,63,62.0,0,1,20,87,0.0,255,32767,0.11,2090-9-18,0.0,0.52,26.6,0.0,0.0,0.0,0,4.822265625,6,45,05:40,20:21,2025-05-22 02:49:17.306786,Città della Scienza,83.6,11.46573,7.4200845,12.1771755,8.231039,EU EEA Common AQI,64.6,10.288799,5.282775,7200,7.768116,100,100,60.7,7.0840573,Very Low,64.1,9.955504,100,1747881900,Very Low,9.74174,11.787927,Very Low,13.644929,59.1,9.173913,100,1747881900,8.855072
2025-05-22T02:49:28Z,236,29.915,72.1,63,62.0,0,1,20,87,0.0,255,32767,0.11,2090-9-18,0.0,0.52,26.6,0.0,0.0,0.0,0,4.822265625,6,45,05:40,20:21,2025-05-22 02:49:28.358819,Città della Scienza,83.6,11.46573,7.4200845,12.1771755,8.231039,EU EEA Common AQI,64.6,10.288799,5.282775,7200,7.768116,100,100,60.7,7.0840573,Very Low,64.1,9.955504,100,1747881900,Very Low,9.74174,11.787927,Very Low,13.644929,59.1,9.173913,100,1747881900,8.855072
2025-05-22T02:49:39Z,236,29.914,72.0,63,62.0,0,1,20,87,0.0,255,32767,0.11,2090-9-18,0.0,0.52,26.6,0.0,0.0,0.0,0,4.822265625,6,45,05:40,20:21,2025-05-22 02:49:39.451788,Città della Scienza,83.6,11.46573,7.4200845,12.1771755,8.231039,EU EEA Common AQI,64.6,10.288799,5.282775,7200,7.768116,100,100,60.7,7.0840573,Very Low,64.1,9.955504,100,1747881900,Very Low,9.74174,11.787927,Very Low,13.644929,59.1,9.173913,100,1747881900,8.855072
2025-05-22T02:49:50Z,236,29.914,72.0,63,62.0,0,1,20,87,0.0,255,32767,0.11,2090-9-18,0.0,0.52,26.6,0.0,0.0,0.0,0,4.822265625,6,45,05:40,20:21,2025-05-22 02:49:50.497787,Città della Scienza,83.6,11.46573,7.4200845,12.1771755,8.231039,EU EEA Common AQI,64.6,10.288799,5.282775,7200,7.768116,100,100,60.7,7.0840573,Very Low,64.1,9.955504,100,1747881900,Very Low,9.74174,11.787927,Very Low,13.644929,59.1,9.173913,100,1747881900,8.855072
2025-05-22T02:50:01Z,236,29.914,72.0,63,62.0,0,1,20,87,0.0,255,32767,0.11,2090-9-18,0.0,0.52,26.6,0.0,0.0,0.0,0,4.822265625,6,45,05:40,20:21,2025-05-22 02:50:01.579795,Città della Scienza,83.6,11.46573,7.4200845,12.1771755,8.231039,EU EEA Common AQI,64.6,10.288799,5.282775,7200,7.768116,100,100,60.7,7.0840573,Very Low,64.1,9.955504,100,1747881900,Very Low,9.74174,11.787927,Very Low,13.644929,59.1,9.173913,100,1747881900,8.855072
2025-05-22T02:50:12Z,236,29.914,72.0,63,62.0,0,1,20,87,0.0,255,32767,0.11,2090-9-18,0.0,0.52,26.6,0.0,0.0,0.0,0,4.822265625,6,45,05:40,20:21,2025-05-22 02:50:12.626746,Città della Scienza,83.6,11.46573,7.4200845,12.1771755,8.231039,EU EEA Common AQI,64.6,10.288799,5.282775,7200,7.768116,100,100,60.7,7.0840573,Very Low,64.1,9.955504,100,1747881900,Very Low,9.74174,11.787927,Very Low,13.644929,59.1,9.173913,100,1747881900,8.855072
2025-05-22T02:50:23Z,236,29.914,72.0,63,62.0,0,1,20,87,0.0,255,32767,0.11,2090-9-18,0.0,0.52,26.6,0.0,0.0,0.0,0,4.822265625,6,45,05:40,20:21,2025-05-22 02:50:23.751793,Città della Scienza,83.6,11.46573,7.4200845,12.1771755,8.231039,EU EEA Common AQI,64.6,10.288799,5.282775,7200,7.768116,100,100,60.7,7.0840573,Very Low,64.1,9.955504,100,1747881900,Very Low,9.74174,11.787927,Very Low,13.644929,59.1,9.173913,100,1747881900,8.855072
2025-05-22T02:50:35Z,236,29.915,72.1,63,62.0,0,1,20,87,0.0,255,32767,0.11,2090-9-18,0.0,0.52,26.6,0.0,0.0,0.0,0,4.822265625,6,45,05:40,20:21,2025-05-22 02:50:34.817787,Città della Scienza,83.6,11.46573,7.4200845,12.1771755,8.231039,EU EEA Common AQI,64.6,10.288799,5.282775,7200,7.768116,100,100,60.7,7.0840573,Very Low,64.1,9.955504,100,1747881900,Very Low,9.74174,11.787927,Very Low,13.644929,59.1,9.173913,100,1747881900,8.855072
2025-05-22T02:50:46Z,236,29.915,72.1,63,61.9,0,1,20,87,0.0,255,32767,0.11,2090-9-18,0.0,0.52,26.6,0.0,0.0,0.0,0,4.822265625,6,45,05:40,20:21,2025-05-22 02:50:45.838785,Città della Scienza,83.6,11.46573,7.4200845,12.1771755,8.231039,EU EEA Common AQI,64.6,10.288799,5.282775,7200,7.768116,100,100,60.7,7.0840573,Very Low,64.1,9.955504,100,1747881900,Very Low,9.74174,11.787927,Very Low,13.644929,59.1,9.173913,100,1747881900,8.855072
2025-05-22T02:50:57Z,236,29.915,72.1,63,62.0,0,1,20,87,0.0,255,32767,0.11,2090-9-18,0.0,0.52,26.6,0.0,0.0,0.0,0,4.822265625,6,45,05:40,20:21,2025-05-22 02:50:56.935790,Città della Scienza,83.6,11.46573,7.4200845,12.1771755,8.231039,EU EEA Common AQI,64.6,10.288799,5.282775,7200,7.768116,100,100,60.7,7.0840573,Very Low,64.1,9.955504,100,1747881900,Very Low,9.74174,11.787927,Very Low,13.644929,59.1,9.173913,100,1747881900,8.855072
2025-05-22T02:51:08Z,236,29.915,72.1,63,62.0,0,1,20,87,0.0,255,32767,0.11,2090-9-18,0.0,0.52,26.6,0.0,0.0,0.0,0,4.822265625,6,45,05:40,20:21,2025-05-22 02:51:08.052781,Città della Scienza,83.6,11.46573,7.4200845,12.1771755,8.231039,EU EEA Common AQI,64.6,10.288799,5.282775,7200,7.768116,100,100,60.7,7.0840573,Very Low,64.1,9.955504,100,1747881900,Very Low,9.74174,11.787927,Very Low,13.644929,59.1,9.173913,100,1747881900,8.855072
2025-05-22T02:51:19Z,236,29.915,72.1,63,61.9,0,1,20,87,0.0,255,32767,0.11,2090-9-18,0.0,0.52,26.6,0.0,0.0,0.0,0,4.822265625,6,45,05:40,20:21,2025-05-22 02:51:19.133789,Città della Scienza,83.6,11.46573,7.4200845,12.1771755,8.231039,EU EEA Common AQI,64.6,10.288799,5.282775,7200,7.768116,100,100,60.7,7.0840573,Very Low,64.1,9.955504,100,1747881900,Very Low,9.74174,11.787927,Very Low,13.644929,59.1,9.173913,100,1747881900,8.855072
2025-05-22T02:51:30Z,236,29.915,72.1,63,61.9,0,1,20,87,0.0,255,32767,0.11,2090-9-18,0.0,0.52,26.6,0.0,0.0,0.0,0,4.822265625,6,45,05:40,20:21,2025-05-22 02:51:30.195788,Città della Scienza,83.6,11.46573,7.4200845,12.1771755,8.231039,EU EEA Common AQI,64.6,10.288799,5.282775,7200,7.768116,100,100,60.7,7.0840573,Very Low,64.1,9.955504,100,1747881900,Very Low,9.74174,11.787927,Very Low,13.644929,59.1,9.173913,100,1747881900,8.855072
2025-05-22T02:51:41Z,236,29.913,72.1,63,61.9,0,0,20,87,0.0,255,32767,0.11,2090-9-18,0.0,0.52,26.6,0.0,0.0,0.0,0,4.822265625,6,45,05:40,20:21,2025-05-22 02:51:41.279793,Città della Scienza,83.6,11.46573,7.4200845,12.1771755,8.231039,EU EEA Common AQI,64.6,10.288799,5.282775,7200,7.768116,100,100,60.7,7.0840573,Very Low,64.1,9.955504,100,1747881900,Very Low,9.74174,11.787927,Very Low,13.644929,59.1,9.173913,100,1747881900,8.855072
2025-05-22T02:51:52Z,236,29.913,72.1,63,61.9,0,0,20,87,0.0,255,32767,0.11,2090-9-18,0.0,0.52,26.6,0.0,0.0,0.0,0,4.822265625,6,45,05:40,20:21,2025-05-22 02:51:52.326789,Città della Scienza,83.6,11.46573,7.4200845,12.1771755,8.231039,EU EEA Common AQI,64.6,10.288799,5.282775,7200,7.768116,100,100,60.7,7.0840573,Very Low,64.1,9.955504,100,1747881900,Very Low,9.74174,11.787927,Very Low,13.644929,59.1,9.173913,100,1747881900,8.855072
2025-05-22T02:52:03Z,236,29.913,72.1,63,61.9,0,0,20,87,0.0,255,32767,0.11,2090-9-18,0.0,0.52,26.6,0.0,0.0,0.0,0,4.822265625,6,45,05:40,20:21,2025-05-22 02:52:03.404786,Città della Scienza,83.6,11.46573,7.4200845,12.1771755,8.231039,EU EEA Common AQI,64.6,10.288799,5.282775,7200,7.768116,100,100,60.7,7.0840573,Very Low,64.1,9.955504,100,1747881900,Very Low,9.74174,11.787927,Very Low,13.644929,59.1,9.173913,100,1747881900,8.855072
2025-05-22T02:52:14Z,236,29.913,72.1,63,62.0,0,0,20,87,0.0,255,32767,0.11,2090-9-18,0.0,0.52,26.6,0.0,0.0,0.0,0,4.822265625,6,45,05:40,20:21,2025-05-22 02:52:14.470798,Città della Scienza,83.6,11.46573,7.4200845,12.1771755,8.231039,EU EEA Common AQI,64.6,10.288799,5.282775,7200,7.768116,100,100,60.7,7.0840573,Very Low,64.1,9.955504,100,1747881900,Very Low,9.74174,11.787927,Very Low,13.644929,59.1,9.173913,100,1747881900,8.855072
2025-05-22T02:52:25Z,236,29.913,72.1,63,62.0,0,0,20,87,0.0,255,32767,0.11,2090-9-18,0.0,0.52,26.6,0.0,0.0,0.0,0,4.822265625,6,45,05:40,20:21,2025-05-22 02:52:25.553753,Città della Scienza,83.6,11.46573,7.4200845,12.1771755,8.231039,EU EEA Common AQI,64.6,10.288799,5.282775,7200,7.768116,100,100,60.7,7.0840573,Very Low,64.1,9.955504,100,1747881900,Very Low,9.74174,11.787927,Very Low,13.644929,59.1,9.173913,100,1747881900,8.855072
2025-05-22T02:52:36Z,236,29.916,72.1,63,62.0,0,0,20,87,0.0,255,32767,0.11,2090-9-18,0.0,0.52,26.6,0.0,0.0,0.0,0,4.822265625,6,45,05:40,20:21,2025-05-22 02:52:36.632799,Città della Scienza,83.6,11.46573,7.4200845,12.1771755,8.231039,EU EEA Common AQI,64.6,10.288799,5.282775,7200,7.768116,100,100,60.7,7.0840573,Very Low,64.1,9.955504,100,1747881900,Very Low,9.74174,11.787927,Very Low,13.644929,59.1,9.173913,100,1747881900,8.855072
2025-05-22T02:52:47Z,236,29.916,72.1,63,62.0,0,0,20,87,0.0,255,32767,0.11,2090-9-18,0.0,0.52,26.6,0.0,0.0,0.0,0,4.822265625,6,45,05:40,20:21,2025-05-22 02:52:47.717787,Città della Scienza,83.6,11.46573,7.4200845,12.1771755,8.231039,EU EEA Common AQI,64.6,10.288799,5.282775,7200,7.768116,100,100,60.7,7.0840573,Very Low,64.1,9.955504,100,1747881900,Very Low,9.74174,11.787927,Very Low,13.644929,59.1,9.173913,100,1747881900,8.855072
2025-05-22T02:52:59Z,236,29.916,72.1,63,61.9,0,0,20,87,0.0,255,32767,0.11,2090-9-18,0.0,0.52,26.6,0.0,0.0,0.0,0,4.822265625,6,45,05:40,20:21,2025-05-22 02:52:58.826788,Città della Scienza,83.6,11.46573,7.4200845,12.1771755,8.231039,EU EEA Common AQI,64.6,10.288799,5.282775,7200,7.768116,100,100,60.7,7.0840573,Very Low,64.1,9.955504,100,1747881900,Very Low,9.74174,11.787927,Very Low,13.644929,59.1,9.173913,100,1747881900,8.855072
2025-05-22T02:53:10Z,236,29.916,72.1,63,61.9,0,0,20,87,0.0,255,32767,0.11,2090-9-18,0.0,0.52,26.6,0.0,0.0,0.0,0,4.822265625,6,45,05:40,20:21,2025-05-22 02:53:09.896788,Città della Scienza,83.6,11.46573,7.4200845,12.1771755,8.231039,EU EEA Common AQI,64.6,10.288799,5.282775,7200,7.768116,100,100,60.7,7.0840573,Very Low,64.1,9.955504,100,1747881900,Very Low,9.74174,11.787927,Very Low,13.644929,59.1,9.173913,100,1747881900,8.855072
2025-05-22T02:53:21Z,236,29.916,72.1,63,61.9,0,0,20,87,0.0,255,32767,0.11,2090-9-18,0.0,0.52,26.6,0.0,0.0,0.0,0,4.822265625,6,45,05:40,20:21,2025-05-22 02:53:21.048784,Città della Scienza,83.6,11.46573,7.4200845,12.1771755,8.231039,EU EEA Common AQI,64.6,10.288799,5.282775,7200,7.768116,100,100,60.7,7.0840573,Very Low,64.1,9.955504,100,1747881900,Very Low,9.74174,11.787927,Very Low,13.644929,59.1,9.173913,100,1747881900,8.855072
2025-05-22T02:53:32Z,236,29.916,72.1,63,61.9,0,0,20,87,0.0,255,32767,0.11,2090-9-18,0.0,0.52,26.6,0.0,0.0,0.0,0,4.822265625,6,45,05:40,20:21,2025-05-22 02:53:32.104777,Città della Scienza,83.6,11.46573,7.4200845,12.1771755,8.231039,EU EEA Common AQI,64.6,10.288799,5.282775,7200,7.768116,100,100,60.7,7.0840573,Very Low,64.1,9.955504,100,1747881900,Very Low,9.74174,11.787927,Very Low,13.644929,59.1,9.173913,100,1747881900,8.855072
2025-05-22T02:53:43Z,236,29.915,72.1,63,61.9,0,0,20,87,0.0,255,32767,0.11,2090-9-18,0.0,0.52,26.6,0.0,0.0,0.0,0,4.822265625,6,45,05:40,20:21,2025-05-22 02:53:43.158799,Città della Scienza,83.6,11.46573,7.4200845,12.1771755,8.231039,EU EEA Common AQI,64.6,10.288799,5.282775,7200,7.768116,100,100,60.7,7.0840573,Very Low,64.1,9.955504,100,1747881900,Very Low,9.74174,11.787927,Very Low,13.644929,59.1,9.173913,100,1747881900,8.855072
2025-05-22T02:53:54Z,236,29.915,72.1,63,61.8,0,0,20,87,0.0,255,32767,0.11,2090-9-18,0.0,0.52,26.6,0.0,0.0,0.0,0,4.822265625,6,45,05:40,20:21,2025-05-22 02:53:54.180795,Città della Scienza,83.6,11.46573,7.4200845,12.1771755,8.231039,EU EEA Common AQI,64.6,10.288799,5.282775,7200,7.768116,100,100,60.7,7.0840573,Very Low,64.1,9.955504,100,1747881900,Very Low,9.74174,11.787927,Very Low,13.644929,59.1,9.173913,100,1747881900,8.855072
2025-05-22T02:54:05Z,236,29.915,72.1,63,61.8,0,0,20,87,0.0,255,32767,0.11,2090-9-18,0.0,0.52,26.6,0.0,0.0,0.0,0,4.822265625,6,45,05:40,20:21,2025-05-22 02:54:05.234786,Città della Scienza,83.6,11.46573,7.4200845,12.1771755,8.231039,EU EEA Common AQI,64.6,10.288799,5.282775,7200,7.768116,100,100,60.7,7.0840573,Very Low,64.1,9.955504,100,1747881900,Very Low,9.74174,11.787927,Very Low,13.644929,59.1,9.173913,100,1747881900,8.855072
2025-05-22T02:54:16Z,236,29.915,72.1,63,61.8,2,0,20,87,0.0,255,32767,0.11,2090-9-18,0.0,0.52,26.6,0.0,0.0,0.0,0,4.822265625,6,45,05:40,20:21,2025-05-22 02:54:16.280786,Città della Scienza,83.6,11.46573,7.4200845,12.1771755,8.231039,EU EEA Common AQI,64.6,10.288799,5.282775,7200,7.768116,100,100,60.7,7.0840573,Very Low,64.1,9.955504,100,1747881900,Very Low,9.74174,11.787927,Very Low,13.644929,59.1,9.173913,100,1747881900,8.855072
2025-05-22T02:54:27Z,236,29.915,72.1,63,61.8,2,0,20,87,0.0,255,32767,0.11,2090-9-18,0.0,0.52,26.6,0.0,0.0,0.0,0,4.822265625,6,45,05:40,20:21,2025-05-22 02:54:27.499802,Città della Scienza,83.6,11.46573,7.4200845,12.1771755,8.231039,EU EEA Common AQI,64.6,10.288799,5.282775,7200,7.768116,100,100,60.7,7.0840573,Very Low,64.1,9.955504,100,1747881900,Very Low,9.74174,11.787927,Very Low,13.644929,59.1,9.173913,100,1747881900,8.855072
2025-05-22T02:54:38Z,236,29.916,72.0,63,61.8,2,0,20,87,0.0,255,32767,0.11,2090-9-18,0.0,0.52,26.6,0.0,0.0,0.0,0,4.822265625,6,45,05:40,20:21,2025-05-22 02:54:38.612787,Città della Scienza,83.6,11.46573,7.4200845,12.1771755,8.231039,EU EEA Common AQI,64.6,10.288799,5.282775,7200,7.768116,100,100,60.7,7.0840573,Very Low,64.1,9.955504,100,1747881900,Very Low,9.74174,11.787927,Very Low,13.644929,59.1,9.173913,100,1747881900,8.855072
2025-05-22T02:54:49Z,236,29.916,72.0,63,61.8,2,0,20,87,0.0,255,32767,0.11,2090-9-18,0.0,0.52,26.6,0.0,0.0,0.0,0,4.822265625,6,45,05:40,20:21,2025-05-22 02:54:49.705793,Città della Scienza,83.6,11.46573,7.4200845,12.1771755,8.231039,EU EEA Common AQI,64.6,10.288799,5.282775,7200,7.768116,100,100,60.7,7.0840573,Very Low,64.1,9.955504,100,1747881900,Very Low,9.74174,11.787927,Very Low,13.644929,59.1,9.173913,100,1747881900,8.855072
2025-05-22T02:55:01Z,236,29.916,72.0,63,61.8,3,0,355,87,0.0,255,32767,0.11,2090-9-18,0.0,0.52,26.6,0.0,0.0,0.0,0,4.822265625,6,45,05:40,20:21,2025-05-22 02:55:00.998790,Città della Scienza,83.6,11.46573,7.4200845,12.1771755,8.231039,EU EEA Common AQI,64.6,10.288799,5.282775,7200,7.768116,100,100,60.7,7.0840573,Very Low,64.1,9.955504,100,1747881900,Very Low,9.74174,11.787927,Very Low,13.644929,59.1,9.173913,100,1747881900,8.855072
2025-05-22T02:55:12Z,236,29.916,72.0,63,61.9,2,0,355,87,0.0,255,32767,0.11,2090-9-18,0.0,0.52,26.6,0.0,0.0,0.0,0,4.822265625,6,45,05:40,20:21,2025-05-22 02:55:12.104757,Città della Scienza,83.6,11.46573,7.4200845,12.1771755,8.231039,EU EEA Common AQI,64.6,10.288799,5.282775,7200,7.768116,100,100,60.7,7.0840573,Very Low,64.1,9.955504,100,1747881900,Very Low,9.74174,11.787927,Very Low,13.644929,59.1,9.173913,100,1747881900,8.855072
2025-05-22T02:55:23Z,236,29.916,72.0,63,61.8,1,0,355,87,0.0,255,32767,0.11,2090-9-18,0.0,0.52,26.6,0.0,0.0,0.0,0,4.822265625,6,45,05:40,20:21,2025-05-22 02:55:23.212797,Città della Scienza
2025-05-22T02:55:34Z,236,29.914,72.0,63,61.8,3,0,355,87,0.0,255,32767,0.11,2090-9-18,0.0,0.52,26.6,0.0,0.0,0.0,0,4.822265625,6,45,05:40,20:21,2025-05-22 02:55:34.279793,Città della Scienza
2025-05-22T02:55:45Z,236,29.914,72.0,63,61.8,2,0,350,87,0.0,255,32767,0.11,2090-9-18,0.0,0.52,26.6,0.0,0.0,0.0,0,4.822265625,6,45,05:40,20:21,2025-05-22 02:55:45.359792,Città della Scienza
2025-05-22T02:55:56Z,236,29.914,72.0,63,61.8,2,0,350,87,0.0,255,32767,0.11,2090-9-18,0.0,0.52,26.6,0.0,0.0,0.0,0,4.822265625,6,45,05:40,20:21,2025-05-22 02:55:56.452753,Città della Scienza
2025-05-22T02:56:07Z,236,29.914,72.0,63,61.8,2,0,355,87,0.0,255,32767,0.11,2090-9-18,0.0,0.52,26.6,0.0,0.0,0.0,0,4.822265625,6,45,05:40,20:21,2025-05-22 02:56:07.560786,Città della Scienza
2025-05-22T02:56:18Z,236,29.914,72.0,63,61.8,2,0,360,87,0.0,255,32767,0.11,2090-9-18,0.0,0.52,26.6,0.0,0.0,0.0,0,4.822265625,6,45,05:40,20:21,2025-05-22 02:56:18.664784,Città della Scienza
2025-05-22T02:56:29Z,236,29.914,72.0,63,61.8,3,0,355,87,0.0,255,32767,0.11,2090-9-18,0.0,0.52,26.6,0.0,0.0,0.0,0,4.822265625,6,45,05:40,20:21,2025-05-22 02:56:29.753788,Città della Scienza
2025-05-22T02:56:41Z,236,29.915,72.0,63,61.8,3,1,355,87,0.0,255,32767,0.11,2090-9-18,0.0,0.52,26.6,0.0,0.0,0.0,0,4.822265625,6,45,05:40,20:21,2025-05-22 02:56:40.842791,Città della Scienza
2025-05-22T02:56:52Z,236,29.915,72.0,63,61.8,3,1,355,87,0.0,255,32767,0.11,2090-9-18,0.0,0.52,26.6,0.0,0.0,0.0,0,4.822265625,6,45,05:40,20:21,2025-05-22 02:56:51.963796,Città della Scienza
2025-05-22T02:57:03Z,236,29.915,72.0,63,61.8,3,1,355,87,0.0,255,32767,0.11,2090-9-18,0.0,0.52,26.6,0.0,0.0,0.0,0,4.822265625,6,45,05:40,20:21,2025-05-22 02:57:03.023785,Città della Scienza
2025-05-22T02:57:14Z,236,29.915,72.0,63,61.8,3,1,355,87,0.0,255,32767,0.11,2090-9-18,0.0,0.52,26.6,0.0,0.0,0.0,0,4.822265625,6,45,05:40,20:21,2025-05-22 02:57:14.055789,Città della Scienza
2025-05-22T02:57:25Z,236,29.915,72.0,63,61.8,3,1,355,87,0.0,255,32767,0.11,2090-9-18,0.0,0.52,26.6,0.0,0.0,0.0,0,4.822265625,6,45,05:40,20:21,2025-05-22 02:57:25.156767,Città della Scienza
2025-05-22T02:57:36Z,236,29.915,72.1,63,61.8,3,1,355,87,0.0,255,32767,0.11,2090-9-18,0.0,0.52,26.6,0.0,0.0,0.0,0,4.822265625,6,45,05:40,20:21,2025-05-22 02:57:36.186766,Città della Scienza
2025-05-22T02:58:01Z,236,29.915,72.1,63,61.8,3,1,355,87,0.0,255,32767,0.11,2090-9-18,0.0,0.52,26.6,0.0,0.0,0.0,0,4.822265625,6,45,05:40,20:21,2025-05-22 02:58:00.811788,Città della Scienza
2025-05-22T02:58:12Z,236,29.915,72.1,63,61.8,2,1,360,87,0.0,255,32767,0.11,2090-9-18,0.0,0.52,26.6,0.0,0.0,0.0,0,4.822265625,6,45,05:40,20:21,2025-05-22 02:58:11.882756,Città della Scienza
2025-05-22T02:58:23Z,236,29.915,72.1,63,61.8,3,1,355,87,0.0,255,32767,0.11,2090-9-18,0.0,0.52,26.6,0.0,0.0,0.0,0,4.822265625,6,45,05:40,20:21,2025-05-22 02:58:22.911789,Città della Scienza
2025-05-22T02:58:34Z,236,29.914,72.0,63,61.8,3,1,355,87,0.0,255,32767,0.11,2090-9-18,0.0,0.52,26.6,0.0,0.0,0.0,0,4.822265625,6,45,05:40,20:21,2025-05-22 02:58:33.932799,Città della Scienza
2025-05-22T02:58:45Z,236,29.914,72.0,63,61.8,3,1,5,87,0.0,255,32767,0.11,2090-9-18,0.0,0.52,26.6,0.0,0.0,0.0,0,4.822265625,6,45,05:40,20:21,2025-05-22 02:58:44.991790,Città della Scienza
2025-05-22T02:58:56Z,236,29.914,72.0,63,61.8,3,1,355,87,0.0,255,32767,0.11,2090-9-18,0.0,0.52,26.6,0.0,0.0,0.0,0,4.822265625,6,45,05:40,20:21,2025-05-22 02:58:56.057795,Città della Scienza
2025-05-22T02:59:07Z,236,29.914,72.0,63,61.8,3,1,349,87,0.0,255,32767,0.11,2090-9-18,0.0,0.52,26.6,0.0,0.0,0.0,0,4.822265625,6,45,05:40,20:21,2025-05-22 02:59:07.096792,Città della Scienza
2025-05-22T02:59:18Z,236,29.914,72.0,63,61.8,2,1,350,87,0.0,255,32767,0.11,2090-9-18,0.0,0.52,26.6,0.0,0.0,0.0,0,4.822265625,6,45,05:40,20:21,2025-05-22 02:59:18.182787,Città della Scienza
2025-05-22T02:59:29Z,236,29.914,72.0,63,61.8,2,1,355,87,0.0,255,32767,0.11,2090-9-18,0.0,0.52,26.6,0.0,0.0,0.0,0,4.822265625,6,45,05:40,20:21,2025-05-22 02:59:29.239790,Città della Scienza
2025-05-22T02:59:40Z,236,29.913,72.0,63,61.8,2,1,343,87,0.0,255,32767,0.11,2090-9-18,0.0,0.52,26.6,0.0,0.0,0.0,0,4.822265625,6,45,05:40,20:21,2025-05-22 02:59:40.309787,Città della Scienza
2025-05-22T02:59:51Z,236,29.913,72.0,63,61.8,2,1,355,87,0.0,255,32767,0.11,2090-9-18,0.0,0.52,26.6,0.0,0.0,0.0,0,4.822265625,6,45,05:40,20:21,2025-05-22 02:59:51.359791,Città della Scienza
2025-05-22T03:00:02Z,236,29.913,72.0,63,61.8,1,1,355,87,0.0,255,32767,0.11,2090-9-18,0.0,0.52,26.6,0.0,0.0,0.0,0,4.822265625,6,45,05:40,20:21,2025-05-22 03:00:02.394790,Città della Scienza,83.6,11.46573,7.4200845,12.1771755,8.231039,EU EEA Common AQI,64.6,10.288799,5.282775,7200,7.768116,100,100,60.7,7.0840573,Very Low,64.1,9.955504,100,1747881900,Very Low,9.74174,11.787927,Very Low,13.644929,59.1,9.173913,100,1747881900,8.855072
2025-05-22T03:00:13Z,236,29.913,72.0,63,61.8,1,1,341,87,0.0,255,32767,0.11,2090-9-18,0.0,0.52,26.6,0.0,0.0,0.0,0,4.822265625,6,45,05:40,20:21,2025-05-22 03:00:13.538794,Città della Scienza,83.6,11.46573,7.4200845,12.1771755,8.231039,EU EEA Common AQI,64.6,10.288799,5.282775,7200,7.768116,100,100,60.7,7.0840573,Very Low,64.1,9.955504,100,1747881900,Very Low,9.74174,11.787927,Very Low,13.644929,59.1,9.173913,100,1747881900,8.855072
2025-05-22T03:00:24Z,236,29.913,72.0,63,61.8,2,1,360,87,0.0,255,32767,0.11,2090-9-18,0.0,0.52,26.6,0.0,0.0,0.0,0,4.822265625,6,45,05:40,20:21,2025-05-22 03:00:24.669786,Città della Scienza,83.5,11.580158,7.38008,11.295471,8.102996,EU EEA Common AQI,64.7,10.128746,5.2737417,7200,11.228572,100,100,60.7,10.559999,Very Low,64.2,10.117821,100,1747882800,Very Low,9.036376,11.55114,Very Low,12.611311,59.1,13.8,100,1747882800,13.2
2025-05-22T03:00:35Z,236,29.916,72.0,63,61.8,1,2,350,87,0.0,255,32767,0.11,2090-9-18,0.0,0.52,26.6,0.0,0.0,0.0,0,4.822265625,6,45,05:40,20:21,2025-05-22 03:00:35.762753,Città della Scienza,83.5,11.580158,7.38008,11.295471,8.102996,EU EEA Common AQI,64.7,10.128746,5.2737417,7200,11.228572,100,100,60.7,10.559999,Very Low,64.2,10.117821,100,1747882800,Very Low,9.036376,11.55114,Very Low,12.611311,59.1,13.8,100,1747882800,13.2
2025-05-22T03:00:47Z,236,29.916,72.0,63,61.8,2,2,355,87,0.0,255,32767,0.11,2090-9-18,0.0,0.52,26.6,0.0,0.0,0.0,0,4.822265625,6,45,05:40,20:21,2025-05-22 03:00:46.832785,Città della Scienza,83.5,11.580158,7.38008,11.295471,8.102996,EU EEA Common AQI,64.7,10.128746,5.2737417,7200,11.228572,100,100,60.7,10.559999,Very Low,64.2,10.117821,100,1747882800,Very Low,9.036376,11.55114,Very Low,12.611311,59.1,13.8,100,1747882800,13.2
2025-05-22T03:00:58Z,236,29.916,72.0,63,61.8,2,2,360,87,0.0,255,32767,0.11,2090-9-18,0.0,0.52,26.6,0.0,0.0,0.0,0,4.822265625,6,45,05:40,20:21,2025-05-22 03:00:57.905785,Città della Scienza,83.5,11.580158,7.38008,11.295471,8.102996,EU EEA Common AQI,64.7,10.128746,5.2737417,7200,11.228572,100,100,60.7,10.559999,Very Low,64.2,10.117821,100,1747882800,Very Low,9.036376,11.55114,Very Low,12.611311,59.1,13.8,100,1747882800,13.2
2025-05-22T03:01:09Z,236,29.916,72.0,63,61.8,1,2,338,87,0.0,255,32767,0.11,2090-9-18,0.0,0.52,26.6,0.0,0.0,0.0,0,4.822265625,6,45,05:40,20:21,2025-05-22 03:01:09.024800,Città della Scienza,83.5,11.580158,7.38008,11.295471,8.102996,EU EEA Common AQI,64.7,10.128746,5.2737417,7200,11.228572,100,100,60.7,10.559999,Very Low,64.2,10.117821,100,1747882800,Very Low,9.036376,11.55114,Very Low,12.611311,59.1,13.8,100,1747882800,13.2
2025-05-22T03:01:20Z,236,29.916,72.0,63,61.8,0,2,9,87,0.0,255,32767,0.11,2090-9-18,0.0,0.52,26.6,0.0,0.0,0.0,0,4.822265625,6,45,05:40,20:21,2025-05-22 03:01:20.102791,Città della Scienza,83.5,11.580158,7.38008,11.295471,8.102996,EU EEA Common AQI,64.7,10.128746,5.2737417,7200,11.228572,100,100,60.7,10.559999,Very Low,64.2,10.117821,100,1747882800,Very Low,9.036376,11.55114,Very Low,12.611311,59.1,13.8,100,1747882800,13.2
2025-05-22T03:01:31Z,236,29.916,72.0,63,61.8,1,2,9,87,0.0,255,32767,0.11,2090-9-18,0.0,0.52,26.6,0.0,0.0,0.0,0,4.822265625,6,45,05:40,20:21,2025-05-22 03:01:31.157799,Città della Scienza,83.5,11.580158,7.38008,11.295471,8.102996,EU EEA Common AQI,64.7,10.128746,5.2737417,7200,11.228572,100,100,60.7,10.559999,Very Low,64.2,10.117821,100,1747882800,Very Low,9.036376,11.55114,Very Low,12.611311,59.1,13.8,100,1747882800,13.2
2025-05-22T03:01:42Z,236,29.916,72.0,63,61.8,1,2,9,87,0.0,255,32767,0.11,2090-9-18,0.0,0.52,26.6,0.0,0.0,0.0,0,4.822265625,6,45,05:40,20:21,2025-05-22 03:01:42.239789,Città della Scienza,83.5,11.580158,7.38008,11.295471,8.102996,EU EEA Common AQI,64.7,10.128746,5.2737417,7200,11.228572,100,100,60.7,10.559999,Very Low,64.2,10.117821,100,1747882800,Very Low,9.036376,11.55114,Very Low,12.611311,59.1,13.8,100,1747882800,13.2
2025-05-22T03:01:53Z,236,29.916,72.0,63,61.8,1,2,9,87,0.0,255,32767,0.11,2090-9-18,0.0,0.52,26.6,0.0,0.0,0.0,0,4.822265625,6,45,05:40,20:21,2025-05-22 03:01:53.271793,Città della Scienza,83.5,11.580158,7.38008,11.295471,8.102996,EU EEA Common AQI,64.7,10.128746,5.2737417,7200,11.228572,100,100,60.7,10.559999,Very Low,64.2,10.117821,100,1747882800,Very Low,9.036376,11.55114,Very Low,12.611311,59.1,13.8,100,1747882800,13.2
2025-05-22T03:02:04Z,236,29.916,72.0,63,61.8,1,2,9,87,0.0,255,32767,0.11,2090-9-18,0.0,0.52,26.6,0.0,0.0,0.0,0,4.822265625,6,45,05:40,20:21,2025-05-22 03:02:04.362786,Città della Scienza,83.5,11.580158,7.38008,11.295471,8.102996,EU EEA Common AQI,64.7,10.128746,5.2737417,7200,11.228572,100,100,60.7,10.559999,Very Low,64.2,10.117821,100,1747882800,Very Low,9.036376,11.55114,Very Low,12.611311,59.1,13.8,100,1747882800,13.2
2025-05-22T03:02:15Z,236,29.916,72.0,63,61.8,0,2,9,87,0.0,255,32767,0.11,2090-9-18,0.0,0.52,26.6,0.0,0.0,0.0,0,4.822265625,6,45,05:40,20:21,2025-05-22 03:02:15.473782,Città della Scienza,83.5,11.580158,7.38008,11.295471,8.102996,EU EEA Common AQI,64.7,10.128746,5.2737417,7200,11.228572,100,100,60.7,10.559999,Very Low,64.2,10.117821,100,1747882800,Very Low,9.036376,11.55114,Very Low,12.611311,59.1,13.8,100,1747882800,13.2
2025-05-22T03:02:26Z,236,29.916,72.0,63,61.7,0,2,5,87,0.0,255,32767,0.11,2090-9-18,0.0,0.52,26.6,0.0,0.0,0.0,0,4.822265625,6,45,05:40,20:21,2025-05-22 03:02:26.558787,Città della Scienza,83.5,11.580158,7.38008,11.295471,8.102996,EU EEA Common AQI,64.7,10.128746,5.2737417,7200,11.228572,100,100,60.7,10.559999,Very Low,64.2,10.117821,100,1747882800,Very Low,9.036376,11.55114,Very Low,12.611311,59.1,13.8,100,1747882800,13.2
2025-05-22T03:02:37Z,236,29.917,72.0,63,61.8,0,2,12,87,0.0,255,32767,0.11,2090-9-18,0.0,0.52,26.6,0.0,0.0,0.0,0,4.822265625,6,45,05:40,20:21,2025-05-22 03:02:37.630788,Città della Scienza,83.5,11.580158,7.38008,11.295471,8.102996,EU EEA Common AQI,64.7,10.128746,5.2737417,7200,11.228572,100,100,60.7,10.559999,Very Low,64.2,10.117821,100,1747882800,Very Low,9.036376,11.55114,Very Low,12.611311,59.1,13.8,100,1747882800,13.2
2025-05-22T03:02:48Z,236,29.917,72.0,63,61.8,0,2,360,87,0.0,255,32767,0.11,2090-9-18,0.0,0.52,26.6,0.0,0.0,0.0,0,4.822265625,6,45,05:40,20:21,2025-05-22 03:02:48.707794,Città della Scienza,83.5,11.580158,7.38008,11.295471,8.102996,EU EEA Common AQI,64.7,10.128746,5.2737417,7200,11.228572,100,100,60.7,10.559999,Very Low,64.2,10.117821,100,1747882800,Very Low,9.036376,11.55114,Very Low,12.611311,59.1,13.8,100,1747882800,13.2
2025-05-22T03:02:59Z,236,29.917,72.0,63,61.8,1,2,347,87,0.0,255,32767,0.11,2090-9-18,0.0,0.52,26.6,0.0,0.0,0.0,0,4.822265625,6,45,05:40,20:21,2025-05-22 03:02:59.789789,Città della Scienza,83.5,11.580158,7.38008,11.295471,8.102996,EU EEA Common AQI,64.7,10.128746,5.2737417,7200,11.228572,100,100,60.7,10.559999,Very Low,64.2,10.117821,100,1747882800,Very Low,9.036376,11.55114,Very Low,12.611311,59.1,13.8,100,1747882800,13.2
2025-05-22T03:03:11Z,236,29.917,72.0,63,61.8,0,2,340,87,0.0,255,32767,0.11,2090-9-18,0.0,0.52,26.6,0.0,0.0,0.0,0,4.822265625,6,45,05:40,20:21,2025-05-22 03:03:10.913792,Città della Scienza,83.5,11.580158,7.38008,11.295471,8.102996,EU EEA Common AQI,64.7,10.128746,5.2737417,7200,11.228572,100,100,60.7,10.559999,Very Low,64.2,10.117821,100,1747882800,Very Low,9.036376,11.55114,Very Low,12.611311,59.1,13.8,100,1747882800,13.2
2025-05-22T03:03:22Z,236,29.917,72.0,63,61.8,1,2,340,87,0.0,255,32767,0.11,2090-9-18,0.0,0.52,26.6,0.0,0.0,0.0,0,4.822265625,6,45,05:40,20:21,2025-05-22 03:03:21.988783,Città della Scienza,83.5,11.580158,7.38008,11.295471,8.102996,EU EEA Common AQI,64.7,10.128746,5.2737417,7200,11.228572,100,100,60.7,10.559999,Very Low,64.2,10.117821,100,1747882800,Very Low,9.036376,11.55114,Very Low,12.611311,59.1,13.8,100,1747882800,13.2
2025-05-22T03:03:33Z,236,29.917,72.0,63,61.8,0,2,5,87,0.0,255,32767,0.11,2090-9-18,0.0,0.52,26.6,0.0,0.0,0.0,0,4.822265625,6,45,05:40,20:21,2025-05-22 03:03:33.069786,Città della Scienza,83.5,11.580158,7.38008,11.295471,8.102996,EU EEA Common AQI,64.7,10.128746,5.2737417,7200,11.228572,100,100,60.7,10.559999,Very Low,64.2,10.117821,100,1747882800,Very Low,9.036376,11.55114,Very Low,12.611311,59.1,13.8,100,1747882800,13.2
2025-05-22T03:03:44Z,236,29.917,72.0,63,61.8,1,2,12,87,0.0,255,32767,0.11,2090-9-18,0.0,0.52,26.6,0.0,0.0,0.0,0,4.822265625,6,45,05:40,20:21,2025-05-22 03:03:44.201793,Città della Scienza,83.5,11.580158,7.38008,11.295471,8.102996,EU EEA Common AQI,64.7,10.128746,5.2737417,7200,11.228572,100,100,60.7,10.559999,Very Low,64.2,10.117821,100,1747882800,Very Low,9.036376,11.55114,Very Low,12.611311,59.1,13.8,100,1747882800,13.2
2025-05-22T03:03:55Z,236,29.917,72.0,63,61.8,1,2,360,87,0.0,255,32767,0.11,2090-9-18,0.0,0.52,26.6,0.0,0.0,0.0,0,4.822265625,6,45,05:40,20:21,2025-05-22 03:03:55.291787,Città della Scienza,83.5,11.580158,7.38008,11.295471,8.102996,EU EEA Common AQI,64.7,10.128746,5.2737417,7200,11.228572,100,100,60.7,10.559999,Very Low,64.2,10.117821,100,1747882800,Very Low,9.036376,11.55114,Very Low,12.611311,59.1,13.8,100,1747882800,13.2
2025-05-22T03:04:06Z,236,29.917,72.0,63,61.7,1,2,347,87,0.0,255,32767,0.11,2090-9-18,0.0,0.52,26.6,0.0,0.0,0.0,0,4.822265625,6,45,05:40,20:21,2025-05-22 03:04:06.352790,Città della Scienza,83.5,11.580158,7.38008,11.295471,8.102996,EU EEA Common AQI,64.7,10.128746,5.2737417,7200,11.228572,100,100,60.7,10.559999,Very Low,64.2,10.117821,100,1747882800,Very Low,9.036376,11.55114,Very Low,12.611311,59.1,13.8,100,1747882800,13.2
2025-05-22T03:04:17Z,236,29.917,72.0,63,61.7,2,2,360,87,0.0,255,32767,0.11,2090-9-18,0.0,0.52,26.6,0.0,0.0,0.0,0,4.822265625,6,45,05:40,20:21,2025-05-22 03:04:17.452797,Città della Scienza,83.5,11.580158,7.38008,11.295471,8.102996,EU EEA Common AQI,64.7,10.128746,5.2737417,7200,11.228572,100,100,60.7,10.559999,Very Low,64.2,10.117821,100,1747882800,Very Low,9.036376,11.55114,Very Low,12.611311,59.1,13.8,100,1747882800,13.2
2025-05-22T03:04:28Z,236,29.917,72.0,63,61.7,2,2,355,87,0.0,255,32767,0.11,2090-9-18,0.0,0.52,26.6,0.0,0.0,0.0,0,4.822265625,6,45,05:40,20:21,2025-05-22 03:04:28.495795,Città della Scienza,83.5,11.580158,7.38008,11.295471,8.102996,EU EEA Common AQI,64.7,10.128746,5.2737417,7200,11.228572,100,100,60.7,10.559999,Very Low,64.2,10.117821,100,1747882800,Very Low,9.036376,11.55114,Very Low,12.611311,59.1,13.8,100,1747882800,13.2
2025-05-22T03:04:39Z,236,29.915,72.0,63,61.7,2,2,355,87,0.0,255,32767,0.11,2090-9-18,0.0,0.52,26.6,0.0,0.0,0.0,0,4.822265625,6,45,05:40,20:21,2025-05-22 03:04:39.550790,Città della Scienza,83.5,11.580158,7.38008,11.295471,8.102996,EU EEA Common AQI,64.7,10.128746,5.2737417,7200,11.228572,100,100,60.7,10.559999,Very Low,64.2,10.117821,100,1747882800,Very Low,9.036376,11.55114,Very Low,12.611311,59.1,13.8,100,1747882800,13.2
2025-05-22T03:04:50Z,236,29.915,72.0,63,61.8,3,2,355,87,0.0,255,32767,0.11,2090-9-18,0.0,0.52,26.6,0.0,0.0,0.0,0,4.822265625,6,45,05:40,20:21,2025-05-22 03:04:50.622793,Città della Scienza,83.5,11.580158,7.38008,11.295471,8.102996,EU EEA Common AQI,64.7,10.128746,5.2737417,7200,11.228572,100,100,60.7,10.559999,Very Low,64.2,10.117821,100,1747882800,Very Low,9.036376,11.55114,Very Low,12.611311,59.1,13.8,100,1747882800,13.2
2025-05-22T03:05:01Z,236,29.915,72.0,63,61.8,3,2,355,87,0.0,255,32767,0.11,2090-9-18,0.0,0.52,26.6,0.0,0.0,0.0,0,4.822265625,6,45,05:40,20:21,2025-05-22 03:05:01.671795,Città della Scienza,83.5,11.580158,7.38008,11.295471,8.102996,EU EEA Common AQI,64.7,10.128746,5.2737417,7200,11.228572,100,100,60.7,10.559999,Very Low,64.2,10.117821,100,1747882800,Very Low,9.036376,11.55114,Very Low,12.611311,59.1,13.8,100,1747882800,13.2
2025-05-22T03:05:13Z,236,29.915,72.0,63,61.8,2,2,355,87,0.0,255,32767,0.11,2090-9-18,0.0,0.52,26.6,0.0,0.0,0.0,0,4.822265625,6,45,05:40,20:21,2025-05-22 03:05:12.839787,Città della Scienza,83.5,11.580158,7.38008,11.295471,8.102996,EU EEA Common AQI,64.7,10.128746,5.2737417,7200,11.228572,100,100,60.7,10.559999,Very Low,64.2,10.117821,100,1747882800,Very Low,9.036376,11.55114,Very Low,12.611311,59.1,13.8,100,1747882800,13.2
2025-05-22T03:05:24Z,236,29.915,72.0,63,61.7,2,2,355,87,0.0,255,32767,0.11,2090-9-18,0.0,0.52,26.6,0.0,0.0,0.0,0,4.822265625,6,45,05:40,20:21,2025-05-22 03:05:23.914794,Città della Scienza,83.5,11.580158,7.38008,11.295471,8.102996,EU EEA Common AQI,64.7,10.128746,5.2737417,7200,11.228572,100,100,60.7,10.559999,Very Low,64.2,10.117821,100,1747882800,Very Low,9.036376,11.55114,Very Low,12.611311,59.1,13.8,100,1747882800,13.2
2025-05-22T03:05:35Z,236,29.918,72.0,63,61.7,2,2,355,87,0.0,255,32767,0.11,2090-9-18,0.0,0.52,26.6,0.0,0.0,0.0,0,4.822265625,6,45,05:40,20:21,2025-05-22 03:05:34.991792,Città della Scienza,83.5,11.580158,7.38008,11.295471,8.102996,EU EEA Common AQI,64.7,10.128746,5.2737417,7200,11.228572,100,100,60.7,10.559999,Very Low,64.2,10.117821,100,1747882800,Very Low,9.036376,11.55114,Very Low,12.611311,59.1,13.8,100,1747882800,13.2
2025-05-22T03:05:46Z,236,29.918,72.0,63,61.7,2,2,355,87,0.0,255,32767,0.11,2090-9-18,0.0,0.52,26.6,0.0,0.0,0.0,0,4.822265625,6,45,05:40,20:21,2025-05-22 03:05:46.073803,Città della Scienza,83.5,11.580158,7.38008,11.295471,8.102996,EU EEA Common AQI,64.7,10.128746,5.2737417,7200,11.228572,100,100,60.7,10.559999,Very Low,64.2,10.117821,100,1747882800,Very Low,9.036376,11.55114,Very Low,12.611311,59.1,13.8,100,1747882800,13.2
2025-05-22T03:05:57Z,236,29.918,72.0,63,61.7,2,2,355,87,0.0,255,32767,0.11,2090-9-18,0.0,0.52,26.6,0.0,0.0,0.0,0,4.822265625,6,45,05:40,20:21,2025-05-22 03:05:57.152790,Città della Scienza,83.5,11.580158,7.38008,11.295471,8.102996,EU EEA Common AQI,64.7,10.128746,5.2737417,7200,11.228572,100,100,60.7,10.559999,Very Low,64.2,10.117821,100,1747882800,Very Low,9.036376,11.55114,Very Low,12.611311,59.1,13.8,100,1747882800,13.2
2025-05-22T03:06:08Z,236,29.918,72.0,63,61.7,2,2,355,87,0.0,255,32767,0.11,2090-9-18,0.0,0.52,26.6,0.0,0.0,0.0,0,4.822265625,6,45,05:40,20:21,2025-05-22 03:06:08.205783,Città della Scienza,83.5,11.580158,7.38008,11.295471,8.102996,EU EEA Common AQI,64.7,10.128746,5.2737417,7200,11.228572,100,100,60.7,10.559999,Very Low,64.2,10.117821,100,1747882800,Very Low,9.036376,11.55114,Very Low,12.611311,59.1,13.8,100,1747882800,13.2
2025-05-22T03:06:19Z,236,29.918,72.0,63,61.7,2,2,355,87,0.0,255,32767,0.11,2090-9-18,0.0,0.52,26.6,0.0,0.0,0.0,0,4.822265625,6,45,05:40,20:21,2025-05-22 03:06:19.290786,Città della Scienza,83.5,11.580158,7.38008,11.295471,8.102996,EU EEA Common AQI,64.7,10.128746,5.2737417,7200,11.228572,100,100,60.7,10.559999,Very Low,64.2,10.117821,100,1747882800,Very Low,9.036376,11.55114,Very Low,12.611311,59.1,13.8,100,1747882800,13.2
2025-05-22T03:06:30Z,236,29.918,72.0,63,61.7,2,2,355,87,0.0,255,32767,0.11,2090-9-18,0.0,0.52,26.6,0.0,0.0,0.0,0,4.822265625,6,45,05:40,20:21,2025-05-22 03:06:30.363805,Città della Scienza,83.5,11.580158,7.38008,11.295471,8.102996,EU EEA Common AQI,64.7,10.128746,5.2737417,7200,11.228572,100,100,60.7,10.559999,Very Low,64.2,10.117821,100,1747882800,Very Low,9.036376,11.55114,Very Low,12.611311,59.1,13.8,100,1747882800,13.2
2025-05-22T03:06:41Z,236,29.915,72.0,63,61.7,1,2,355,87,0.0,255,32767,0.11,2090-9-18,0.0,0.52,26.6,0.0,0.0,0.0,0,4.822265625,6,45,05:40,20:21,2025-05-22 03:06:41.409795,Città della Scienza,83.5,11.580158,7.38008,11.295471,8.102996,EU EEA Common AQI,64.7,10.128746,5.2737417,7200,11.228572,100,100,60.7,10.559999,Very Low,64.2,10.117821,100,1747882800,Very Low,9.036376,11.55114,Very Low,12.611311,59.1,13.8,100,1747882800,13.2
2025-05-22T03:06:52Z,236,29.915,72.0,63,61.7,1,2,355,87,0.0,255,32767,0.11,2090-9-18,0.0,0.52,26.6,0.0,0.0,0.0,0,4.822265625,6,45,05:40,20:21,2025-05-22 03:06:52.507794,Città della Scienza,83.5,11.580158,7.38008,11.295471,8.102996,EU EEA Common AQI,64.7,10.128746,5.2737417,7200,11.228572,100,100,60.7,10.559999,Very Low,64.2,10.117821,100,1747882800,Very Low,9.036376,11.55114,Very Low,12.611311,59.1,13.8,100,1747882800,13.2
2025-05-22T03:07:03Z,236,29.915,72.0,63,61.7,1,2,355,87,0.0,255,32767,0.11,2090-9-18,0.0,0.52,26.6,0.0,0.0,0.0,0,4.822265625,6,45,05:40,20:21,2025-05-22 03:07:03.583784,Città della Scienza,83.5,11.580158,7.38008,11.295471,8.102996,EU EEA Common AQI,64.7,10.128746,5.2737417,7200,11.228572,100,100,60.7,10.559999,Very Low,64.2,10.117821,100,1747882800,Very Low,9.036376,11.55114,Very Low,12.611311,59.1,13.8,100,1747882800,13.2
2025-05-22T03:07:14Z,236,29.915,72.0,63,61.7,1,2,355,87,0.0,255,32767,0.11,2090-9-18,0.0,0.52,26.6,0.0,0.0,0.0,0,4.822265625,6,45,05:40,20:21,2025-05-22 03:07:14.648794,Città della Scienza,83.5,11.580158,7.38008,11.295471,8.102996,EU EEA Common AQI,64.7,10.128746,5.2737417,7200,11.228572,100,100,60.7,10.559999,Very Low,64.2,10.117821,100,1747882800,Very Low,9.036376,11.55114,Very Low,12.611311,59.1,13.8,100,1747882800,13.2
2025-05-22T03:07:25Z,236,29.915,72.0,63,61.7,1,2,355,87,0.0,255,32767,0.11,2090-9-18,0.0,0.52,26.6,0.0,0.0,0.0,0,4.822265625,6,45,05:40,20:21,2025-05-22 03:07:25.721792,Città della Scienza,83.5,11.580158,7.38008,11.295471,8.102996,EU EEA Common AQI,64.7,10.128746,5.2737417,7200,11.228572,100,100,60.7,10.559999,Very Low,64.2,10.117821,100,1747882800,Very Low,9.036376,11.55114,Very Low,12.611311,59.1,13.8,100,1747882800,13.2
2025-05-22T03:07:36Z,236,29.919,72.0,63,61.7,1,2,355,87,0.0,255,32767,0.11,2090-9-18,0.0,0.52,26.6,0.0,0.0,0.0,0,4.822265625,6,45,05:40,20:21,2025-05-22 03:07:36.782786,Città della Scienza,83.5,11.580158,7.38008,11.295471,8.102996,EU EEA Common AQI,64.7,10.128746,5.2737417,7200,11.228572,100,100,60.7,10.559999,Very Low,64.2,10.117821,100,1747882800,Very Low,9.036376,11.55114,Very Low,12.611311,59.1,13.8,100,1747882800,13.2
2025-05-22T03:07:48Z,236,29.919,72.0,63,61.7,0,2,355,87,0.0,255,32767,0.11,2090-9-18,0.0,0.52,26.6,0.0,0.0,0.0,0,4.822265625,6,45,05:40,20:21,2025-05-22 03:07:47.821789,Città della Scienza,83.5,11.580158,7.38008,11.295471,8.102996,EU EEA Common AQI,64.7,10.128746,5.2737417,7200,11.228572,100,100,60.7,10.559999,Very Low,64.2,10.117821,100,1747882800,Very Low,9.036376,11.55114,Very Low,12.611311,59.1,13.8,100,1747882800,13.2
2025-05-22T03:07:59Z,236,29.919,72.0,63,61.7,0,2,355,87,0.0,255,32767,0.11,2090-9-18,0.0,0.52,26.6,0.0,0.0,0.0,0,4.822265625,6,45,05:40,20:21,2025-05-22 03:07:58.910794,Città della Scienza,83.5,11.580158,7.38008,11.295471,8.102996,EU EEA Common AQI,64.7,10.128746,5.2737417,7200,11.228572,100,100,60.7,10.559999,Very Low,64.2,10.117821,100,1747882800,Very Low,9.036376,11.55114,Very Low,12.611311,59.1,13.8,100,1747882800,13.2
2025-05-22T03:08:10Z,236,29.919,72.0,63,61.7,0,2,355,87,0.0,255,32767,0.11,2090-9-18,0.0,0.52,26.6,0.0,0.0,0.0,0,4.822265625,6,45,05:40,20:21,2025-05-22 03:08:10.043788,Città della Scienza,83.5,11.580158,7.38008,11.295471,8.102996,EU EEA Common AQI,64.7,10.128746,5.2737417,7200,11.228572,100,100,60.7,10.559999,Very Low,64.2,10.117821,100,1747882800,Very Low,9.036376,11.55114,Very Low,12.611311,59.1,13.8,100,1747882800,13.2
2025-05-22T03:08:21Z,236,29.919,72.0,63,61.7,1,2,355,87,0.0,255,32767,0.11,2090-9-18,0.0,0.52,26.6,0.0,0.0,0.0,0,4.822265625,6,45,05:40,20:21,2025-05-22 03:08:21.165790,Città della Scienza,83.5,11.580158,7.38008,11.295471,8.102996,EU EEA Common AQI,64.7,10.128746,5.2737417,7200,11.228572,100,100,60.7,10.559999,Very Low,64.2,10.117821,100,1747882800,Very Low,9.036376,11.55114,Very Low,12.611311,59.1,13.8,100,1747882800,13.2
2025-05-22T03:08:32Z,236,29.919,72.0,63,61.7,1,1,355,87,0.0,255,32767,0.11,2090-9-18,0.0,0.52,26.6,0.0,0.0,0.0,0,4.822265625,6,45,05:40,20:21,2025-05-22 03:08:32.269793,Città della Scienza,83.5,11.580158,7.38008,11.295471,8.102996,EU EEA Common AQI,64.7,10.128746,5.2737417,7200,11.228572,100,100,60.7,10.559999,Very Low,64.2,10.117821,100,1747882800,Very Low,9.036376,11.55114,Very Low,12.611311,59.1,13.8,100,1747882800,13.2
2025-05-22T03:08:43Z,236,29.917,72.0,63,61.7,0,1,355,87,0.0,255,32767,0.11,2090-9-18,0.0,0.52,26.6,0.0,0.0,0.0,0,4.822265625,6,45,05:40,20:21,2025-05-22 03:08:43.342800,Città della Scienza,83.5,11.580158,7.38008,11.295471,8.102996,EU EEA Common AQI,64.7,10.128746,5.2737417,7200,11.228572,100,100,60.7,10.559999,Very Low,64.2,10.117821,100,1747882800,Very Low,9.036376,11.55114,Very Low,12.611311,59.1,13.8,100,1747882800,13.2
2025-05-22T03:08:54Z,236,29.917,72.0,63,61.7,1,1,355,87,0.0,255,32767,0.11,2090-9-18,0.0,0.52,26.6,0.0,0.0,0.0,0,4.822265625,6,45,05:40,20:21,2025-05-22 03:08:54.421793,Città della Scienza,83.5,11.580158,7.38008,11.295471,8.102996,EU EEA Common AQI,64.7,10.128746,5.2737417,7200,11.228572,100,100,60.7,10.559999,Very Low,64.2,10.117821,100,1747882800,Very Low,9.036376,11.55114,Very Low,12.611311,59.1,13.8,100,1747882800,13.2
2025-05-22T03:09:05Z,236,29.917,72.0,63,61.7,0,1,355,87,0.0,255,32767,0.11,2090-9-18,0.0,0.52,26.6,0.0,0.0,0.0,0,4.822265625,6,45,05:40,20:21,2025-05-22 03:09:05.501797,Città della Scienza,83.5,11.580158,7.38008,11.295471,8.102996,EU EEA Common AQI,64.7,10.128746,5.2737417,7200,11.228572,100,100,60.7,10.559999,Very Low,64.2,10.117821,100,1747882800,Very Low,9.036376,11.55114,Very Low,12.611311,59.1,13.8,100,1747882800,13.2
2025-05-22T03:09:16Z,236,29.917,72.0,63,61.7,1,1,355,87,0.0,255,32767,0.11,2090-9-18,0.0,0.52,26.6,0.0,0.0,0.0,0,4.822265625,6,45,05:40,20:21,2025-05-22 03:09:16.606794,Città della Scienza,83.5,11.580158,7.38008,11.295471,8.102996,EU EEA Common AQI,64.7,10.128746,5.2737417,7200,11.228572,100,100,60.7,10.559999,Very Low,64.2,10.117821,100,1747882800,Very Low,9.036376,11.55114,Very Low,12.611311,59.1,13.8,100,1747882800,13.2
2025-05-22T03:09:27Z,236,29.917,72.0,63,61.7,1,1,355,87,0.0,255,32767,0.11,2090-9-18,0.0,0.52,26.6,0.0,0.0,0.0,0,4.822265625,6,45,05:40,20:21,2025-05-22 03:09:27.692788,Città della Scienza,83.5,11.580158,7.38008,11.295471,8.102996,EU EEA Common AQI,64.7,10.128746,5.2737417,7200,11.228572,100,100,60.7,10.559999,Very Low,64.2,10.117821,100,1747882800,Very Low,9.036376,11.55114,Very Low,12.611311,59.1,13.8,100,1747882800,13.2
2025-05-22T03:09:39Z,236,29.917,72.0,63,61.7,1,1,355,87,0.0,255,32767,0.11,2090-9-18,0.0,0.52,26.6,0.0,0.0,0.0,0,4.822265625,6,45,05:40,20:21,2025-05-22 03:09:38.808792,Città della Scienza,83.5,11.580158,7.38008,11.295471,8.102996,EU EEA Common AQI,64.7,10.128746,5.2737417,7200,11.228572,100,100,60.7,10.559999,Very Low,64.2,10.117821,100,1747882800,Very Low,9.036376,11.55114,Very Low,12.611311,59.1,13.8,100,1747882800,13.2
2025-05-22T03:09:50Z,236,29.917,72.0,63,61.7,0,1,355,87,0.0,255,32767,0.11,2090-9-18,0.0,0.52,26.6,0.0,0.0,0.0,0,4.822265625,6,45,05:40,20:21,2025-05-22 03:09:49.882793,Città della Scienza,83.5,11.580158,7.38008,11.295471,8.102996,EU EEA Common AQI,64.7,10.128746,5.2737417,7200,11.228572,100,100,60.7,10.559999,Very Low,64.2,10.117821,100,1747882800,Very Low,9.036376,11.55114,Very Low,12.611311,59.1,13.8,100,1747882800,13.2
2025-05-22T03:10:01Z,236,29.917,72.0,63,61.7,0,1,355,87,0.0,255,32767,0.11,2090-9-18,0.0,0.52,26.6,0.0,0.0,0.0,0,4.822265625,6,45,05:40,20:21,2025-05-22 03:10:00.995786,Città della Scienza,83.5,11.580158,7.38008,11.295471,8.102996,EU EEA Common AQI,64.7,10.128746,5.2737417,7200,11.228572,100,100,60.7,10.559999,Very Low,64.2,10.117821,100,1747882800,Very Low,9.036376,11.55114,Very Low,12.611311,59.1,13.8,100,1747882800,13.2
2025-05-22T03:10:12Z,236,29.917,72.0,63,61.7,0,1,355,87,0.0,255,32767,0.11,2090-9-18,0.0,0.52,26.6,0.0,0.0,0.0,0,4.822265625,6,45,05:40,20:21,2025-05-22 03:10:12.023782,Città della Scienza,83.5,11.580158,7.38008,11.295471,8.102996,EU EEA Common AQI,64.7,10.128746,5.2737417,7200,11.228572,100,100,60.7,10.559999,Very Low,64.2,10.117821,100,1747882800,Very Low,9.036376,11.55114,Very Low,12.611311,59.1,13.8,100,1747882800,13.2
2025-05-22T03:10:23Z,236,29.917,72.0,63,61.7,1,1,355,87,0.0,255,32767,0.11,2090-9-18,0.0,0.52,26.6,0.0,0.0,0.0,0,4.822265625,6,45,05:40,20:21,2025-05-22 03:10:23.069788,Città della Scienza,83.5,11.580158,7.38008,11.295471,8.102996,EU EEA Common AQI,64.7,10.128746,5.2737417,7200,11.228572,100,100,60.7,10.559999,Very Low,64.2,10.117821,100,1747882800,Very Low,9.036376,11.55114,Very Low,12.611311,59.1,13.8,100,1747882800,13.2
2025-05-22T03:10:34Z,236,29.915,72.0,63,61.7,0,1,360,87,0.0,255,32767,0.11,2090-9-18,0.0,0.52,26.6,0.0,0.0,0.0,0,4.822265625,6,45,05:40,20:21,2025-05-22 03:10:34.099787,Città della Scienza,83.5,11.580158,7.38008,11.295471,8.102996,EU EEA Common AQI,64.7,10.128746,5.2737417,7200,11.228572,100,100,60.7,10.559999,Very Low,64.2,10.117821,100,1747882800,Very Low,9.036376,11.55114,Very Low,12.611311,59.1,13.8,100,1747882800,13.2
2025-05-22T03:10:45Z,236,29.915,72.0,63,61.7,0,1,360,87,0.0,255,32767,0.11,2090-9-18,0.0,0.52,26.6,0.0,0.0,0.0,0,4.822265625,6,45,05:40,20:21,2025-05-22 03:10:45.184801,Città della Scienza,83.5,11.580158,7.38008,11.295471,8.102996,EU EEA Common AQI,64.7,10.128746,5.2737417,7200,11.228572,100,100,60.7,10.559999,Very Low,64.2,10.117821,100,1747882800,Very Low,9.036376,11.55114,Very Low,12.611311,59.1,13.8,100,1747882800,13.2
2025-05-22T03:10:56Z,236,29.915,72.0,63,61.7,1,1,5,87,0.0,255,32767,0.11,2090-9-18,0.0,0.52,26.6,0.0,0.0,0.0,0,4.822265625,6,45,05:40,20:21,2025-05-22 03:10:56.284787,Città della Scienza,83.5,11.580158,7.38008,11.295471,8.102996,EU EEA Common AQI,64.7,10.128746,5.2737417,7200,11.228572,100,100,60.7,10.559999,Very Low,64.2,10.117821,100,1747882800,Very Low,9.036376,11.55114,Very Low,12.611311,59.1,13.8,100,1747882800,13.2
2025-05-22T03:11:07Z,236,29.915,72.0,63,61.7,0,1,5,87,0.0,255,32767,0.11,2090-9-18,0.0,0.52,26.6,0.0,0.0,0.0,0,4.822265625,6,45,05:40,20:21,2025-05-22 03:11:07.337749,Città della Scienza,83.5,11.580158,7.38008,11.295471,8.102996,EU EEA Common AQI,64.7,10.128746,5.2737417,7200,11.228572,100,100,60.7,10.559999,Very Low,64.2,10.117821,100,1747882800,Very Low,9.036376,11.55114,Very Low,12.611311,59.1,13.8,100,1747882800,13.2
2025-05-22T03:11:18Z,236,29.915,72.0,63,61.7,1,1,11,87,0.0,255,32767,0.11,2090-9-18,0.0,0.52,26.6,0.0,0.0,0.0,0,4.822265625,6,45,05:40,20:21,2025-05-22 03:11:18.450782,Città della Scienza,83.5,11.580158,7.38008,11.295471,8.102996,EU EEA Common AQI,64.7,10.128746,5.2737417,7200,11.228572,100,100,60.7,10.559999,Very Low,64.2,10.117821,100,1747882800,Very Low,9.036376,11.55114,Very Low,12.611311,59.1,13.8,100,1747882800,13.2
2025-05-22T03:11:29Z,236,29.915,72.0,63,61.7,2,1,11,87,0.0,255,32767,0.11,2090-9-18,0.0,0.52,26.6,0.0,0.0,0.0,0,4.822265625,6,45,05:40,20:21,2025-05-22 03:11:29.508789,Città della Scienza,83.5,11.580158,7.38008,11.295471,8.102996,EU EEA Common AQI,64.7,10.128746,5.2737417,7200,11.228572,100,100,60.7,10.559999,Very Low,64.2,10.117821,100,1747882800,Very Low,9.036376,11.55114,Very Low,12.611311,59.1,13.8,100,1747882800,13.2
2025-05-22T03:11:40Z,236,29.917,72.0,63,61.7,1,1,11,87,0.0,255,32767,0.11,2090-9-18,0.0,0.52,26.6,0.0,0.0,0.0,0,4.822265625,6,45,05:40,20:21,2025-05-22 03:11:40.570798,Città della Scienza,83.5,11.580158,7.38008,11.295471,8.102996,EU EEA Common AQI,64.7,10.128746,5.2737417,7200,11.228572,100,100,60.7,10.559999,Very Low,64.2,10.117821,100,1747882800,Very Low,9.036376,11.55114,Very Low,12.611311,59.1,13.8,100,1747882800,13.2
2025-05-22T03:11:51Z,236,29.917,72.0,63,61.7,1,1,11,87,0.0,255,32767,0.11,2090-9-18,0.0,0.52,26.6,0.0,0.0,0.0,0,4.822265625,6,45,05:40,20:21,2025-05-22 03:11:51.657785,Città della Scienza,83.5,11.580158,7.38008,11.295471,8.102996,EU EEA Common AQI,64.7,10.128746,5.2737417,7200,11.228572,100,100,60.7,10.559999,Very Low,64.2,10.117821,100,1747882800,Very Low,9.036376,11.55114,Very Low,12.611311,59.1,13.8,100,1747882800,13.2
2025-05-22T03:12:02Z,236,29.917,72.0,63,61.7,2,1,11,87,0.0,255,32767,0.11,2090-9-18,0.0,0.52,26.6,0.0,0.0,0.0,0,4.822265625,6,45,05:40,20:21,2025-05-22 03:12:02.752789,Città della Scienza,83.5,11.580158,7.38008,11.295471,8.102996,EU EEA Common AQI,64.7,10.128746,5.2737417,7200,11.228572,100,100,60.7,10.559999,Very Low,64.2,10.117821,100,1747882800,Very Low,9.036376,11.55114,Very Low,12.611311,59.1,13.8,100,1747882800,13.2
2025-05-22T03:12:14Z,236,29.917,72.0,63,61.7,2,1,11,87,0.0,255,32767,0.11,2090-9-18,0.0,0.52,26.6,0.0,0.0,0.0,0,4.822265625,6,45,05:40,20:21,2025-05-22 03:12:13.846778,Città della Scienza,83.5,11.580158,7.38008,11.295471,8.102996,EU EEA Common AQI,64.7,10.128746,5.2737417,7200,11.228572,100,100,60.7,10.559999,Very Low,64.2,10.117821,100,1747882800,Very Low,9.036376,11.55114,Very Low,12.611311,59.1,13.8,100,1747882800,13.2
2025-05-22T03:12:25Z,236,29.917,72.0,63,61.7,2,1,11,87,0.0,255,32767,0.11,2090-9-18,0.0,0.52,26.6,0.0,0.0,0.0,0,4.822265625,6,45,05:40,20:21,2025-05-22 03:12:24.935791,Città della Scienza,83.5,11.580158,7.38008,11.295471,8.102996,EU EEA Common AQI,64.7,10.128746,5.2737417,7200,11.228572,100,100,60.7,10.559999,Very Low,64.2,10.117821,100,1747882800,Very Low,9.036376,11.55114,Very Low,12.611311,59.1,13.8,100,1747882800,13.2
2025-05-22T03:12:36Z,236,29.918,72.0,63,61.7,2,1,11,87,0.0,255,32767,0.11,2090-9-18,0.0,0.52,26.6,0.0,0.0,0.0,0,4.822265625,6,45,05:40,20:21,2025-05-22 03:12:35.998795,Città della Scienza,83.5,11.580158,7.38008,11.295471,8.102996,EU EEA Common AQI,64.7,10.128746,5.2737417,7200,11.228572,100,100,60.7,10.559999,Very Low,64.2,10.117821,100,1747882800,Very Low,9.036376,11.55114,Very Low,12.611311,59.1,13.8,100,1747882800,13.2
2025-05-22T03:12:47Z,236,29.918,72.0,63,61.7,2,1,11,87,0.0,255,32767,0.11,2090-9-18,0.0,0.52,26.6,0.0,0.0,0.0,0,4.822265625,6,45,05:40,20:21,2025-05-22 03:12:47.072787,Città della Scienza,83.5,11.580158,7.38008,11.295471,8.102996,EU EEA Common AQI,64.7,10.128746,5.2737417,7200,11.228572,100,100,60.7,10.559999,Very Low,64.2,10.117821,100,1747882800,Very Low,9.036376,11.55114,Very Low,12.611311,59.1,13.8,100,1747882800,13.2
2025-05-22T03:12:58Z,236,29.918,72.0,63,61.7,2,1,11,87,0.0,255,32767,0.11,2090-9-18,0.0,0.52,26.6,0.0,0.0,0.0,0,4.822265625,6,45,05:40,20:21,2025-05-22 03:12:58.135786,Città della Scienza,83.5,11.580158,7.38008,11.295471,8.102996,EU EEA Common AQI,64.7,10.128746,5.2737417,7200,11.228572,100,100,60.7,10.559999,Very Low,64.2,10.117821,100,1747882800,Very Low,9.036376,11.55114,Very Low,12.611311,59.1,13.8,100,1747882800,13.2
2025-05-22T03:13:09Z,236,29.918,72.0,63,61.7,2,1,11,87,0.0,255,32767,0.11,2090-9-18,0.0,0.52,26.6,0.0,0.0,0.0,0,4.822265625,6,45,05:40,20:21,2025-05-22 03:13:09.219786,Città della Scienza,83.5,11.580158,7.38008,11.295471,8.102996,EU EEA Common AQI,64.7,10.128746,5.2737417,7200,11.228572,100,100,60.7,10.559999,Very Low,64.2,10.117821,100,1747882800,Very Low,9.036376,11.55114,Very Low,12.611311,59.1,13.8,100,1747882800,13.2
2025-05-22T03:13:20Z,236,29.918,72.0,63,61.7,1,1,11,87,0.0,255,32767,0.11,2090-9-18,0.0,0.52,26.6,0.0,0.0,0.0,0,4.822265625,6,45,05:40,20:21,2025-05-22 03:13:20.242795,Città della Scienza,83.5,11.580158,7.38008,11.295471,8.102996,EU EEA Common AQI,64.7,10.128746,5.2737417,7200,11.228572,100,100,60.7,10.559999,Very Low,64.2,10.117821,100,1747882800,Very Low,9.036376,11.55114,Very Low,12.611311,59.1,13.8,100,1747882800,13.2
2025-05-22T03:13:31Z,236,29.918,72.0,63,61.7,1,1,11,87,0.0,255,32767,0.11,2090-9-18,0.0,0.52,26.6,0.0,0.0,0.0,0,4.822265625,6,45,05:40,20:21,2025-05-22 03:13:31.343786,Città della Scienza,83.5,11.580158,7.38008,11.295471,8.102996,EU EEA Common AQI,64.7,10.128746,5.2737417,7200,11.228572,100,100,60.7,10.559999,Very Low,64.2,10.117821,100,1747882800,Very Low,9.036376,11.55114,Very Low,12.611311,59.1,13.8,100,1747882800,13.2
2025-05-22T03:13:42Z,236,29.915,72.0,63,61.7,1,1,11,87,0.0,255,32767,0.11,2090-9-18,0.0,0.52,26.6,0.0,0.0,0.0,0,4.822265625,6,45,05:40,20:21,2025-05-22 03:13:42.443786,Città della Scienza,83.5,11.580158,7.38008,11.295471,8.102996,EU EEA Common AQI,64.7,10.128746,5.2737417,7200,11.228572,100,100,60.7,10.559999,Very Low,64.2,10.117821,100,1747882800,Very Low,9.036376,11.55114,Very Low,12.611311,59.1,13.8,100,1747882800,13.2
2025-05-22T03:13:53Z,236,29.915,72.0,63,61.7,1,1,11,87,0.0,255,32767,0.11,2090-9-18,0.0,0.52,26.6,0.0,0.0,0.0,0,4.822265625,6,45,05:40,20:21,2025-05-22 03:13:53.545791,Città della Scienza,83.5,11.580158,7.38008,11.295471,8.102996,EU EEA Common AQI,64.7,10.128746,5.2737417,7200,11.228572,100,100,60.7,10.559999,Very Low,64.2,10.117821,100,1747882800,Very Low,9.036376,11.55114,Very Low,12.611311,59.1,13.8,100,1747882800,13.2
2025-05-22T03:14:04Z,236,29.915,72.0,63,61.7,1,1,11,87,0.0,255,32767,0.11,2090-9-18,0.0,0.52,26.6,0.0,0.0,0.0,0,4.822265625,6,45,05:40,20:21,2025-05-22 03:14:04.612814,Città della Scienza,83.5,11.580158,7.38008,11.295471,8.102996,EU EEA Common AQI,64.7,10.128746,5.2737417,7200,11.228572,100,100,60.7,10.559999,Very Low,64.2,10.117821,100,1747882800,Very Low,9.036376,11.55114,Very Low,12.611311,59.1,13.8,100,1747882800,13.2
2025-05-22T03:14:15Z,236,29.915,72.0,63,61.7,1,1,11,87,0.0,255,32767,0.11,2090-9-18,0.0,0.52,26.6,0.0,0.0,0.0,0,4.822265625,6,45,05:40,20:21,2025-05-22 03:14:15.679796,Città della Scienza,83.5,11.580158,7.38008,11.295471,8.102996,EU EEA Common AQI,64.7,10.128746,5.2737417,7200,11.228572,100,100,60.7,10.559999,Very Low,64.2,10.117821,100,1747882800,Very Low,9.036376,11.55114,Very Low,12.611311,59.1,13.8,100,1747882800,13.2
2025-05-22T03:14:26Z,236,29.915,72.0,63,61.7,1,1,11,87,0.0,255,32767,0.11,2090-9-18,0.0,0.52,26.6,0.0,0.0,0.0,0,4.822265625,6,45,05:40,20:21,2025-05-22 03:14:26.731793,Città della Scienza,83.5,11.580158,7.38008,11.295471,8.102996,EU EEA Common AQI,64.7,10.128746,5.2737417,7200,11.228572,100,100,60.7,10.559999,Very Low,64.2,10.117821,100,1747882800,Very Low,9.036376,11.55114,Very Low,12.611311,59.1,13.8,100,1747882800,13.2
2025-05-22T03:14:38Z,236,29.915,72.0,63,61.7,1,1,11,87,0.0,255,32767,0.11,2090-9-18,0.0,0.52,26.6,0.0,0.0,0.0,0,4.822265625,6,45,05:40,20:21,2025-05-22 03:14:37.836791,Città della Scienza,83.5,11.580158,7.38008,11.295471,8.102996,EU EEA Common AQI,64.7,10.128746,5.2737417,7200,11.228572,100,100,60.7,10.559999,Very Low,64.2,10.117821,100,1747882800,Very Low,9.036376,11.55114,Very Low,12.611311,59.1,13.8,100,1747882800,13.2
2025-05-22T03:14:49Z,236,29.915,72.0,63,61.7,2,1,11,87,0.0,255,32767,0.11,2090-9-18,0.0,0.52,26.6,0.0,0.0,0.0,0,4.822265625,6,45,05:40,20:21,2025-05-22 03:14:48.891790,Città della Scienza,83.5,11.580158,7.38008,11.295471,8.102996,EU EEA Common AQI,64.7,10.128746,5.2737417,7200,11.228572,100,100,60.7,10.559999,Very Low,64.2,10.117821,100,1747882800,Very Low,9.036376,11.55114,Very Low,12.611311,59.1,13.8,100,1747882800,13.2
2025-05-22T03:15:00Z,236,29.915,72.0,63,61.7,1,1,11,87,0.0,255,32767,0.11,2090-9-18,0.0,0.52,26.6,0.0,0.0,0.0,0,4.822265625,6,45,05:40,20:21,2025-05-22 03:14:59.966802,Città della Scienza,83.5,11.580158,7.38008,11.295471,8.102996,EU EEA Common AQI,64.7,10.128746,5.2737417,7200,11.228572,100,100,60.7,10.559999,Very Low,64.2,10.117821,100,1747882800,Very Low,9.036376,11.55114,Very Low,12.611311,59.1,13.8,100,1747882800,13.2
2025-05-22T03:15:11Z,236,29.915,72.0,63,61.8,1,1,11,87,0.0,255,32767,0.11,2090-9-18,0.0,0.52,26.6,0.0,0.0,0.0,0,4.822265625,6,45,05:40,20:21,2025-05-22 03:15:11.057782,Città della Scienza,83.5,11.580158,7.38008,11.295471,8.102996,EU EEA Common AQI,64.7,10.128746,5.2737417,7200,11.228572,100,100,60.7,10.559999,Very Low,64.2,10.117821,100,1747882800,Very Low,9.036376,11.55114,Very Low,12.611311,59.1,13.8,100,1747882800,13.2
2025-05-22T03:15:22Z,236,29.915,72.0,63,61.7,1,1,11,87,0.0,255,32767,0.11,2090-9-18,0.0,0.52,26.6,0.0,0.0,0.0,0,4.822265625,6,45,05:40,20:21,2025-05-22 03:15:22.175795,Città della Scienza,83.5,11.580158,7.38008,11.295471,8.102996,EU EEA Common AQI,64.7,10.128746,5.2737417,7200,11.228572,100,100,60.7,10.559999,Very Low,64.2,10.117821,100,1747882800,Very Low,9.036376,11.55114,Very Low,12.611311,59.1,13.8,100,1747882800,13.2
2025-05-22T03:15:33Z,236,29.917,72.0,63,61.7,2,1,11,87,0.0,255,32767,0.11,2090-9-18,0.0,0.52,26.6,0.0,0.0,0.0,0,4.822265625,6,45,05:40,20:21,2025-05-22 03:15:33.275788,Città della Scienza,83.6,12.057512,7.3855906,11.669463,8.445689,EU EEA Common AQI,64.4,10.557113,5.3048887,7200,9.785714,100,100,60.5,9.039999,Very Low,64.0,10.57209,100,1747883700,Very Low,9.33557,11.974646,Very Low,12.959012,58.9,12.685715,100,1747883700,11.3
2025-05-22T03:15:44Z,236,29.917,72.0,63,61.7,1,1,11,87,0.0,255,32767,0.11,2090-9-18,0.0,0.52,26.6,0.0,0.0,0.0,0,4.822265625,6,45,05:40,20:21,2025-05-22 03:15:44.352786,Città della Scienza,83.6,12.057512,7.3855906,11.669463,8.445689,EU EEA Common AQI,64.4,10.557113,5.3048887,7200,9.785714,100,100,60.5,9.039999,Very Low,64.0,10.57209,100,1747883700,Very Low,9.33557,11.974646,Very Low,12.959012,58.9,12.685715,100,1747883700,11.3
2025-05-22T03:15:55Z,236,29.917,72.0,63,61.7,1,1,11,87,0.0,255,32767,0.11,2090-9-18,0.0,0.52,26.6,0.0,0.0,0.0,0,4.822265625,6,45,05:40,20:21,2025-05-22 03:15:55.433795,Città della Scienza,83.6,12.057512,7.3855906,11.669463,8.445689,EU EEA Common AQI,64.4,10.557113,5.3048887,7200,9.785714,100,100,60.5,9.039999,Very Low,64.0,10.57209,100,1747883700,Very Low,9.33557,11.974646,Very Low,12.959012,58.9,12.685715,100,1747883700,11.3
2025-05-22T03:16:06Z,236,29.917,72.0,63,61.7,1,1,11,87,0.0,255,32767,0.11,2090-9-18,0.0,0.52,26.6,0.0,0.0,0.0,0,4.822265625,6,45,05:40,20:21,2025-05-22 03:16:06.465795,Città della Scienza,83.6,12.057512,7.3855906,11.669463,8.445689,EU EEA Common AQI,64.4,10.557113,5.3048887,7200,9.785714,100,100,60.5,9.039999,Very Low,64.0,10.57209,100,1747883700,Very Low,9.33557,11.974646,Very Low,12.959012,58.9,12.685715,100,1747883700,11.3
2025-05-22T03:16:17Z,236,29.917,72.0,63,61.7,0,1,11,87,0.0,255,32767,0.11,2090-9-18,0.0,0.52,26.6,0.0,0.0,0.0,0,4.822265625,6,45,05:40,20:21,2025-05-22 03:16:17.570786,Città della Scienza,83.6,12.057512,7.3855906,11.669463,8.445689,EU EEA Common AQI,64.4,10.557113,5.3048887,7200,9.785714,100,100,60.5,9.039999,Very Low,64.0,10.57209,100,1747883700,Very Low,9.33557,11.974646,Very Low,12.959012,58.9,12.685715,100,1747883700,11.3
2025-05-22T03:16:28Z,236,29.917,72.0,63,61.7,0,1,11,87,0.0,255,32767,0.11,2090-9-18,0.0,0.52,26.6,0.0,0.0,0.0,0,4.822265625,6,45,05:40,20:21,2025-05-22 03:16:28.622810,Città della Scienza,83.6,12.057512,7.3855906,11.669463,8.445689,EU EEA Common AQI,64.4,10.557113,5.3048887,7200,9.785714,100,100,60.5,9.039999,Very Low,64.0,10.57209,100,1747883700,Very Low,9.33557,11.974646,Very Low,12.959012,58.9,12.685715,100,1747883700,11.3
2025-05-22T03:16:39Z,236,29.916,72.0,63,61.7,0,1,11,87,0.0,255,32767,0.11,2090-9-18,0.0,0.52,26.6,0.0,0.0,0.0,0,4.822265625,6,45,05:40,20:21,2025-05-22 03:16:39.694796,Città della Scienza,83.6,12.057512,7.3855906,11.669463,8.445689,EU EEA Common AQI,64.4,10.557113,5.3048887,7200,9.785714,100,100,60.5,9.039999,Very Low,64.0,10.57209,100,1747883700,Very Low,9.33557,11.974646,Very Low,12.959012,58.9,12.685715,100,1747883700,11.3
2025-05-22T03:16:50Z,236,29.916,72.0,63,61.8,1,1,11,87,0.0,255,32767,0.11,2090-9-18,0.0,0.52,26.6,0.0,0.0,0.0,0,4.822265625,6,45,05:40,20:21,2025-05-22 03:16:50.794793,Città della Scienza,83.6,12.057512,7.3855906,11.669463,8.445689,EU EEA Common AQI,64.4,10.557113,5.3048887,7200,9.785714,100,100,60.5,9.039999,Very Low,64.0,10.57209,100,1747883700,Very Low,9.33557,11.974646,Very Low,12.959012,58.9,12.685715,100,1747883700,11.3
2025-05-22T03:17:02Z,236,29.916,72.0,63,61.7,1,1,11,87,0.0,255,32767,0.11,2090-9-18,0.0,0.52,26.6,0.0,0.0,0.0,0,4.822265625,6,45,05:40,20:21,2025-05-22 03:17:01.891800,Città della Scienza,83.6,12.057512,7.3855906,11.669463,8.445689,EU EEA Common AQI,64.4,10.557113,5.3048887,7200,9.785714,100,100,60.5,9.039999,Very Low,64.0,10.57209,100,1747883700,Very Low,9.33557,11.974646,Very Low,12.959012,58.9,12.685715,100,1747883700,11.3
2025-05-22T03:17:13Z,236,29.916,72.0,63,61.7,1,1,11,87,0.0,255,32767,0.11,2090-9-18,0.0,0.52,26.6,0.0,0.0,0.0,0,4.822265625,6,45,05:40,20:21,2025-05-22 03:17:12.912797,Città della Scienza,83.6,12.057512,7.3855906,11.669463,8.445689,EU EEA Common AQI,64.4,10.557113,5.3048887,7200,9.785714,100,100,60.5,9.039999,Very Low,64.0,10.57209,100,1747883700,Very Low,9.33557,11.974646,Very Low,12.959012,58.9,12.685715,100,1747883700,11.3
2025-05-22T03:17:24Z,236,29.916,72.0,63,61.7,1,1,11,87,0.0,255,32767,0.11,2090-9-18,0.0,0.52,26.6,0.0,0.0,0.0,0,4.822265625,6,45,05:40,20:21,2025-05-22 03:17:24.036809,Città della Scienza,83.6,12.057512,7.3855906,11.669463,8.445689,EU EEA Common AQI,64.4,10.557113,5.3048887,7200,9.785714,100,100,60.5,9.039999,Very Low,64.0,10.57209,100,1747883700,Very Low,9.33557,11.974646,Very Low,12.959012,58.9,12.685715,100,1747883700,11.3
2025-05-22T03:17:35Z,236,29.917,72.0,63,61.7,1,1,11,87,0.0,255,32767,0.11,2090-9-18,0.0,0.52,26.6,0.0,0.0,0.0,0,4.822265625,6,45,05:40,20:21,2025-05-22 03:17:35.127828,Città della Scienza,83.6,12.057512,7.3855906,11.669463,8.445689,EU EEA Common AQI,64.4,10.557113,5.3048887,7200,9.785714,100,100,60.5,9.039999,Very Low,64.0,10.57209,100,1747883700,Very Low,9.33557,11.974646,Very Low,12.959012,58.9,12.685715,100,1747883700,11.3
2025-05-22T03:17:46Z,236,29.917,72.0,63,61.7,1,1,11,87,0.0,255,32767,0.11,2090-9-18,0.0,0.52,26.6,0.0,0.0,0.0,0,4.822265625,6,45,05:40,20:21,2025-05-22 03:17:46.152788,Città della Scienza,83.6,12.057512,7.3855906,11.669463,8.445689,EU EEA Common AQI,64.4,10.557113,5.3048887,7200,9.785714,100,100,60.5,9.039999,Very Low,64.0,10.57209,100,1747883700,Very Low,9.33557,11.974646,Very Low,12.959012,58.9,12.685715,100,1747883700,11.3
2025-05-22T03:17:57Z,236,29.917,72.0,63,61.8,1,1,11,87,0.0,255,32767,0.11,2090-9-18,0.0,0.52,26.6,0.0,0.0,0.0,0,4.822265625,6,45,05:40,20:21,2025-05-22 03:17:57.268787,Città della Scienza,83.6,12.057512,7.3855906,11.669463,8.445689,EU EEA Common AQI,64.4,10.557113,5.3048887,7200,9.785714,100,100,60.5,9.039999,Very Low,64.0,10.57209,100,1747883700,Very Low,9.33557,11.974646,Very Low,12.959012,58.9,12.685715,100,1747883700,11.3
2025-05-22T03:18:08Z,236,29.917,72.0,63,61.7,2,1,11,87,0.0,255,32767,0.11,2090-9-18,0.0,0.52,26.6,0.0,0.0,0.0,0,4.822265625,6,45,05:40,20:21,2025-05-22 03:18:08.312792,Città della Scienza,83.6,12.057512,7.3855906,11.669463,8.445689,EU EEA Common AQI,64.4,10.557113,5.3048887,7200,9.785714,100,100,60.5,9.039999,Very Low,64.0,10.57209,100,1747883700,Very Low,9.33557,11.974646,Very Low,12.959012,58.9,12.685715,100,1747883700,11.3
2025-05-22T03:18:19Z,236,29.917,72.0,63,61.7,2,1,11,87,0.0,255,32767,0.11,2090-9-18,0.0,0.52,26.6,0.0,0.0,0.0,0,4.822265625,6,45,05:40,20:21,2025-05-22 03:18:19.404790,Città della Scienza,83.6,12.057512,7.3855906,11.669463,8.445689,EU EEA Common AQI,64.4,10.557113,5.3048887,7200,9.785714,100,100,60.5,9.039999,Very Low,64.0,10.57209,100,1747883700,Very Low,9.33557,11.974646,Very Low,12.959012,58.9,12.685715,100,1747883700,11.3
2025-05-22T03:18:30Z,236,29.917,72.0,63,61.7,2,1,11,87,0.0,255,32767,0.11,2090-9-18,0.0,0.52,26.6,0.0,0.0,0.0,0,4.822265625,6,45,05:40,20:21,2025-05-22 03:18:30.498794,Città della Scienza,83.6,12.057512,7.3855906,11.669463,8.445689,EU EEA Common AQI,64.4,10.557113,5.3048887,7200,9.785714,100,100,60.5,9.039999,Very Low,64.0,10.57209,100,1747883700,Very Low,9.33557,11.974646,Very Low,12.959012,58.9,12.685715,100,1747883700,11.3
2025-05-22T03:18:41Z,236,29.917,71.9,63,61.7,1,1,11,87,0.0,255,32767,0.11,2090-9-18,0.0,0.52,26.6,0.0,0.0,0.0,0,4.822265625,6,45,05:40,20:21,2025-05-22 03:18:41.637800,Città della Scienza,83.6,12.057512,7.3855906,11.669463,8.445689,EU EEA Common AQI,64.4,10.557113,5.3048887,7200,9.785714,100,100,60.5,9.039999,Very Low,64.0,10.57209,100,1747883700,Very Low,9.33557,11.974646,Very Low,12.959012,58.9,12.685715,100,1747883700,11.3
2025-05-22T03:18:52Z,236,29.917,71.9,63,61.7,1,1,11,87,0.0,255,32767,0.11,2090-9-18,0.0,0.52,26.6,0.0,0.0,0.0,0,4.822265625,6,45,05:40,20:21,2025-05-22 03:18:52.730788,Città della Scienza,83.6,12.057512,7.3855906,11.669463,8.445689,EU EEA Common AQI,64.4,10.557113,5.3048887,7200,9.785714,100,100,60.5,9.039999,Very Low,64.0,10.57209,100,1747883700,Very Low,9.33557,11.974646,Very Low,12.959012,58.9,12.685715,100,1747883700,11.3
2025-05-22T03:19:04Z,236,29.917,71.9,63,61.8,1,1,11,87,0.0,255,32767,0.11,2090-9-18,0.0,0.52,26.6,0.0,0.0,0.0,0,4.822265625,6,45,05:40,20:21,2025-05-22 03:19:04.054748,Città della Scienza,83.6,12.057512,7.3855906,11.669463,8.445689,EU EEA Common AQI,64.4,10.557113,5.3048887,7200,9.785714,100,100,60.5,9.039999,Very Low,64.0,10.57209,100,1747883700,Very Low,9.33557,11.974646,Very Low,12.959012,58.9,12.685715,100,1747883700,11.3
2025-05-22T03:19:15Z,236,29.917,71.9,63,61.7,1,1,11,87,0.0,255,32767,0.11,2090-9-18,0.0,0.52,26.6,0.0,0.0,0.0,0,4.822265625,6,45,05:40,20:21,2025-05-22 03:19:15.133792,Città della Scienza,83.6,12.057512,7.3855906,11.669463,8.445689,EU EEA Common AQI,64.4,10.557113,5.3048887,7200,9.785714,100,100,60.5,9.039999,Very Low,64.0,10.57209,100,1747883700,Very Low,9.33557,11.974646,Very Low,12.959012,58.9,12.685715,100,1747883700,11.3
2025-05-22T03:19:26Z,236,29.917,71.9,63,61.8,1,1,11,87,0.0,255,32767,0.11,2090-9-18,0.0,0.52,26.6,0.0,0.0,0.0,0,4.822265625,6,45,05:40,20:21,2025-05-22 03:19:26.206794,Città della Scienza,83.6,12.057512,7.3855906,11.669463,8.445689,EU EEA Common AQI,64.4,10.557113,5.3048887,7200,9.785714,100,100,60.5,9.039999,Very Low,64.0,10.57209,100,1747883700,Very Low,9.33557,11.974646,Very Low,12.959012,58.9,12.685715,100,1747883700,11.3
2025-05-22T03:19:37Z,236,29.917,71.9,63,61.8,1,1,11,87,0.0,255,32767,0.11,2090-9-18,0.0,0.52,26.6,0.0,0.0,0.0,0,4.822265625,6,45,05:40,20:21,2025-05-22 03:19:37.305791,Città della Scienza,83.6,12.057512,7.3855906,11.669463,8.445689,EU EEA Common AQI,64.4,10.557113,5.3048887,7200,9.785714,100,100,60.5,9.039999,Very Low,64.0,10.57209,100,1747883700,Very Low,9.33557,11.974646,Very Low,12.959012,58.9,12.685715,100,1747883700,11.3
2025-05-22T03:19:48Z,236,29.917,71.9,63,61.8,1,1,11,87,0.0,255,32767,0.11,2090-9-18,0.0,0.52,26.6,0.0,0.0,0.0,0,4.822265625,6,45,05:40,20:21,2025-05-22 03:19:48.415818,Città della Scienza,83.6,12.057512,7.3855906,11.669463,8.445689,EU EEA Common AQI,64.4,10.557113,5.3048887,7200,9.785714,100,100,60.5,9.039999,Very Low,64.0,10.57209,100,1747883700,Very Low,9.33557,11.974646,Very Low,12.959012,58.9,12.685715,100,1747883700,11.3
2025-05-22T03:19:59Z,236,29.917,71.9,63,61.8,1,1,11,87,0.0,255,32767,0.11,2090-9-18,0.0,0.52,26.6,0.0,0.0,0.0,0,4.822265625,6,45,05:40,20:21,2025-05-22 03:19:59.468787,Città della Scienza,83.6,12.057512,7.3855906,11.669463,8.445689,EU EEA Common AQI,64.4,10.557113,5.3048887,7200,9.785714,100,100,60.5,9.039999,Very Low,64.0,10.57209,100,1747883700,Very Low,9.33557,11.974646,Very Low,12.959012,58.9,12.685715,100,1747883700,11.3
2025-05-22T03:20:10Z,236,29.917,71.9,63,61.8,1,1,11,87,0.0,255,32767,0.11,2090-9-18,0.0,0.52,26.6,0.0,0.0,0.0,0,4.822265625,6,45,05:40,20:21,2025-05-22 03:20:10.533799,Città della Scienza,83.6,12.057512,7.3855906,11.669463,8.445689,EU EEA Common AQI,64.4,10.557113,5.3048887,7200,9.785714,100,100,60.5,9.039999,Very Low,64.0,10.57209,100,1747883700,Very Low,9.33557,11.974646,Very Low,12.959012,58.9,12.685715,100,1747883700,11.3
2025-05-22T03:20:21Z,236,29.917,71.9,63,61.8,1,1,11,87,0.0,255,32767,0.11,2090-9-18,0.0,0.52,26.6,0.0,0.0,0.0,0,4.822265625,6,45,05:40,20:21,2025-05-22 03:20:21.597787,Città della Scienza,83.6,12.057512,7.3855906,11.669463,8.445689,EU EEA Common AQI,64.4,10.557113,5.3048887,7200,9.785714,100,100,60.5,9.039999,Very Low,64.0,10.57209,100,1747883700,Very Low,9.33557,11.974646,Very Low,12.959012,58.9,12.685715,100,1747883700,11.3
2025-05-22T03:20:32Z,236,29.917,71.9,63,61.8,1,1,11,87,0.0,255,32767,0.11,2090-9-18,0.0,0.52,26.6,0.0,0.0,0.0,0,4.822265625,6,45,05:40,20:21,2025-05-22 03:20:32.660791,Città della Scienza,83.6,12.057512,7.3855906,11.669463,8.445689,EU EEA Common AQI,64.4,10.557113,5.3048887,7200,9.785714,100,100,60.5,9.039999,Very Low,64.0,10.57209,100,1747883700,Very Low,9.33557,11.974646,Very Low,12.959012,58.9,12.685715,100,1747883700,11.3
2025-05-22T03:20:43Z,236,29.915,71.9,63,61.8,1,1,11,87,0.0,255,32767,0.11,2090-9-18,0.0,0.52,26.6,0.0,0.0,0.0,0,4.822265625,6,45,05:40,20:21,2025-05-22 03:20:43.715789,Città della Scienza,83.6,12.057512,7.3855906,11.669463,8.445689,EU EEA Common AQI,64.4,10.557113,5.3048887,7200,9.785714,100,100,60.5,9.039999,Very Low,64.0,10.57209,100,1747883700,Very Low,9.33557,11.974646,Very Low,12.959012,58.9,12.685715,100,1747883700,11.3
2025-05-22T03:20:54Z,236,29.915,71.9,63,61.7,1,1,11,87,0.0,255,32767,0.11,2090-9-18,0.0,0.52,26.6,0.0,0.0,0.0,0,4.822265625,6,45,05:40,20:21,2025-05-22 03:20:54.738788,Città della Scienza,83.6,12.057512,7.3855906,11.669463,8.445689,EU EEA Common AQI,64.4,10.557113,5.3048887,7200,9.785714,100,100,60.5,9.039999,Very Low,64.0,10.57209,100,1747883700,Very Low,9.33557,11.974646,Very Low,12.959012,58.9,12.685715,100,1747883700,11.3
2025-05-22T03:21:05Z,236,29.915,71.9,63,61.8,1,1,11,87,0.0,255,32767,0.11,2090-9-18,0.0,0.52,26.6,0.0,0.0,0.0,0,4.822265625,6,45,05:40,20:21,2025-05-22 03:21:05.774790,Città della Scienza,83.6,12.057512,7.3855906,11.669463,8.445689,EU EEA Common AQI,64.4,10.557113,5.3048887,7200,9.785714,100,100,60.5,9.039999,Very Low,64.0,10.57209,100,1747883700,Very Low,9.33557,11.974646,Very Low,12.959012,58.9,12.685715,100,1747883700,11.3
2025-05-22T03:21:17Z,236,29.915,71.9,63,61.8,1,1,11,87,0.0,255,32767,0.11,2090-9-18,0.0,0.52,26.6,0.0,0.0,0.0,0,4.822265625,6,45,05:40,20:21,2025-05-22 03:21:16.922791,Città della Scienza,83.6,12.057512,7.3855906,11.669463,8.445689,EU EEA Common AQI,64.4,10.557113,5.3048887,7200,9.785714,100,100,60.5,9.039999,Very Low,64.0,10.57209,100,1747883700,Very Low,9.33557,11.974646,Very Low,12.959012,58.9,12.685715,100,1747883700,11.3
2025-05-22T03:21:28Z,236,29.915,71.9,63,61.8,1,1,11,87,0.0,255,32767,0.11,2090-9-18,0.0,0.52,26.6,0.0,0.0,0.0,0,4.822265625,6,45,05:40,20:21,2025-05-22 03:21:28.047786,Città della Scienza,83.6,12.057512,7.3855906,11.669463,8.445689,EU EEA Common AQI,64.4,10.557113,5.3048887,7200,9.785714,100,100,60.5,9.039999,Very Low,64.0,10.57209,100,1747883700,Very Low,9.33557,11.974646,Very Low,12.959012,58.9,12.685715,100,1747883700,11.3
2025-05-22T03:21:39Z,236,29.917,71.9,63,61.8,1,1,11,87,0.0,255,32767,0.11,2090-9-18,0.0,0.52,26.6,0.0,0.0,0.0,0,4.822265625,6,45,05:40,20:21,2025-05-22 03:21:39.166749,Città della Scienza,83.6,12.057512,7.3855906,11.669463,8.445689,EU EEA Common AQI,64.4,10.557113,5.3048887,7200,9.785714,100,100,60.5,9.039999,Very Low,64.0,10.57209,100,1747883700,Very Low,9.33557,11.974646,Very Low,12.959012,58.9,12.685715,100,1747883700,11.3
2025-05-22T03:21:50Z,236,29.917,71.9,63,61.8,1,1,11,87,0.0,255,32767,0.11,2090-9-18,0.0,0.52,26.6,0.0,0.0,0.0,0,4.822265625,6,45,05:40,20:21,2025-05-22 03:21:50.263814,Città della Scienza,83.6,12.057512,7.3855906,11.669463,8.445689,EU EEA Common AQI,64.4,10.557113,5.3048887,7200,9.785714,100,100,60.5,9.039999,Very Low,64.0,10.57209,100,1747883700,Very Low,9.33557,11.974646,Very Low,12.959012,58.9,12.685715,100,1747883700,11.3
2025-05-22T03:22:01Z,236,29.917,71.9,63,61.8,1,1,11,87,0.0,255,32767,0.11,2090-9-18,0.0,0.52,26.6,0.0,0.0,0.0,0,4.822265625,6,45,05:40,20:21,2025-05-22 03:22:01.376798,Città della Scienza,83.6,12.057512,7.3855906,11.669463,8.445689,EU EEA Common AQI,64.4,10.557113,5.3048887,7200,9.785714,100,100,60.5,9.039999,Very Low,64.0,10.57209,100,1747883700,Very Low,9.33557,11.974646,Very Low,12.959012,58.9,12.685715,100,1747883700,11.3
2025-05-22T03:22:12Z,236,29.917,71.9,63,61.8,1,1,11,87,0.0,255,32767,0.11,2090-9-18,0.0,0.52,26.6,0.0,0.0,0.0,0,4.822265625,6,45,05:40,20:21,2025-05-22 03:22:12.475787,Città della Scienza,83.6,12.057512,7.3855906,11.669463,8.445689,EU EEA Common AQI,64.4,10.557113,5.3048887,7200,9.785714,100,100,60.5,9.039999,Very Low,64.0,10.57209,100,1747883700,Very Low,9.33557,11.974646,Very Low,12.959012,58.9,12.685715,100,1747883700,11.3
2025-05-22T03:22:23Z,236,29.917,71.9,63,61.8,1,1,11,87,0.0,255,32767,0.11,2090-9-18,0.0,0.52,26.6,0.0,0.0,0.0,0,4.822265625,6,45,05:40,20:21,2025-05-22 03:22:23.604755,Città della Scienza,83.6,12.057512,7.3855906,11.669463,8.445689,EU EEA Common AQI,64.4,10.557113,5.3048887,7200,9.785714,100,100,60.5,9.039999,Very Low,64.0,10.57209,100,1747883700,Very Low,9.33557,11.974646,Very Low,12.959012,58.9,12.685715,100,1747883700,11.3
2025-05-22T03:22:34Z,236,29.917,71.9,63,61.8,1,1,11,87,0.0,255,32767,0.11,2090-9-18,0.0,0.52,26.6,0.0,0.0,0.0,0,4.822265625,6,45,05:40,20:21,2025-05-22 03:22:34.679798,Città della Scienza,83.6,12.057512,7.3855906,11.669463,8.445689,EU EEA Common AQI,64.4,10.557113,5.3048887,7200,9.785714,100,100,60.5,9.039999,Very Low,64.0,10.57209,100,1747883700,Very Low,9.33557,11.974646,Very Low,12.959012,58.9,12.685715,100,1747883700,11.3
2025-05-22T03:22:45Z,236,29.917,71.9,63,61.8,1,1,11,87,0.0,255,32767,0.11,2090-9-18,0.0,0.52,26.6,0.0,0.0,0.0,0,4.822265625,6,45,05:40,20:21,2025-05-22 03:22:45.763750,Città della Scienza,83.6,12.057512,7.3855906,11.669463,8.445689,EU EEA Common AQI,64.4,10.557113,5.3048887,7200,9.785714,100,100,60.5,9.039999,Very Low,64.0,10.57209,100,1747883700,Very Low,9.33557,11.974646,Very Low,12.959012,58.9,12.685715,100,1747883700,11.3
2025-05-22T03:22:57Z,236,29.917,71.9,63,61.8,2,1,11,87,0.0,255,32767,0.11,2090-9-18,0.0,0.52,26.6,0.0,0.0,0.0,0,4.822265625,6,45,05:40,20:21,2025-05-22 03:22:56.817789,Città della Scienza,83.6,12.057512,7.3855906,11.669463,8.445689,EU EEA Common AQI,64.4,10.557113,5.3048887,7200,9.785714,100,100,60.5,9.039999,Very Low,64.0,10.57209,100,1747883700,Very Low,9.33557,11.974646,Very Low,12.959012,58.9,12.685715,100,1747883700,11.3
2025-05-22T03:23:08Z,236,29.917,71.9,63,61.8,1,1,11,87,0.0,255,32767,0.11,2090-9-18,0.0,0.52,26.6,0.0,0.0,0.0,0,4.822265625,6,45,05:40,20:21,2025-05-22 03:23:07.858794,Città della Scienza,83.6,12.057512,7.3855906,11.669463,8.445689,EU EEA Common AQI,64.4,10.557113,5.3048887,7200,9.785714,100,100,60.5,9.039999,Very Low,64.0,10.57209,100,1747883700,Very Low,9.33557,11.974646,Very Low,12.959012,58.9,12.685715,100,1747883700,11.3
2025-05-22T03:23:19Z,236,29.917,71.9,63,61.8,2,1,11,87,0.0,255,32767,0.11,2090-9-18,0.0,0.52,26.6,0.0,0.0,0.0,0,4.822265625,6,45,05:40,20:21,2025-05-22 03:23:18.960790,Città della Scienza,83.6,12.057512,7.3855906,11.669463,8.445689,EU EEA Common AQI,64.4,10.557113,5.3048887,7200,9.785714,100,100,60.5,9.039999,Very Low,64.0,10.57209,100,1747883700,Very Low,9.33557,11.974646,Very Low,12.959012,58.9,12.685715,100,1747883700,11.3
2025-05-22T03:23:30Z,236,29.917,71.9,63,61.8,2,1,11,87,0.0,255,32767,0.11,2090-9-18,0.0,0.52,26.6,0.0,0.0,0.0,0,4.822265625,6,45,05:40,20:21,2025-05-22 03:23:30.043792,Città della Scienza,83.6,12.057512,7.3855906,11.669463,8.445689,EU EEA Common AQI,64.4,10.557113,5.3048887,7200,9.785714,100,100,60.5,9.039999,Very Low,64.0,10.57209,100,1747883700,Very Low,9.33557,11.974646,Very Low,12.959012,58.9,12.685715,100,1747883700,11.3
2025-05-22T03:23:41Z,236,29.916,71.9,63,61.8,1,1,11,87,0.0,255,32767,0.11,2090-9-18,0.0,0.52,26.6,0.0,0.0,0.0,0,4.822265625,6,45,05:40,20:21,2025-05-22 03:23:41.141794,Città della Scienza,83.6,12.057512,7.3855906,11.669463,8.445689,EU EEA Common AQI,64.4,10.557113,5.3048887,7200,9.785714,100,100,60.5,9.039999,Very Low,64.0,10.57209,100,1747883700,Very Low,9.33557,11.974646,Very Low,12.959012,58.9,12.685715,100,1747883700,11.3
2025-05-22T03:23:52Z,236,29.916,71.9,63,61.8,2,1,5,87,0.0,255,32767,0.11,2090-9-18,0.0,0.52,26.6,0.0,0.0,0.0,0,4.822265625,6,45,05:40,20:21,2025-05-22 03:23:52.257787,Città della Scienza,83.6,12.057512,7.3855906,11.669463,8.445689,EU EEA Common AQI,64.4,10.557113,5.3048887,7200,9.785714,100,100,60.5,9.039999,Very Low,64.0,10.57209,100,1747883700,Very Low,9.33557,11.974646,Very Low,12.959012,58.9,12.685715,100,1747883700,11.3
2025-05-22T03:24:03Z,236,29.916,71.9,63,61.8,2,1,355,87,0.0,255,32767,0.11,2090-9-18,0.0,0.52,26.6,0.0,0.0,0.0,0,4.822265625,6,45,05:40,20:21,2025-05-22 03:24:03.314793,Città della Scienza,83.6,12.057512,7.3855906,11.669463,8.445689,EU EEA Common AQI,64.4,10.557113,5.3048887,7200,9.785714,100,100,60.5,9.039999,Very Low,64.0,10.57209,100,1747883700,Very Low,9.33557,11.974646,Very Low,12.959012,58.9,12.685715,100,1747883700,11.3
2025-05-22T03:24:14Z,236,29.916,71.9,63,61.8,1,1,350,87,0.0,255,32767,0.11,2090-9-18,0.0,0.52,26.6,0.0,0.0,0.0,0,4.822265625,6,45,05:40,20:21,2025-05-22 03:24:14.440788,Città della Scienza,83.6,12.057512,7.3855906,11.669463,8.445689,EU EEA Common AQI,64.4,10.557113,5.3048887,7200,9.785714,100,100,60.5,9.039999,Very Low,64.0,10.57209,100,1747883700,Very Low,9.33557,11.974646,Very Low,12.959012,58.9,12.685715,100,1747883700,11.3
2025-05-22T03:24:25Z,236,29.916,71.9,63,61.8,2,1,348,87,0.0,255,32767,0.11,2090-9-18,0.0,0.52,26.6,0.0,0.0,0.0,0,4.822265625,6,45,05:40,20:21,2025-05-22 03:24:25.511797,Città della Scienza,83.6,12.057512,7.3855906,11.669463,8.445689,EU EEA Common AQI,64.4,10.557113,5.3048887,7200,9.785714,100,100,60.5,9.039999,Very Low,64.0,10.57209,100,1747883700,Very Low,9.33557,11.974646,Very Low,12.959012,58.9,12.685715,100,1747883700,11.3
2025-05-22T03:24:36Z,236,29.915,71.9,63,61.8,2,1,348,87,0.0,255,32767,0.11,2090-9-18,0.0,0.52,26.6,0.0,0.0,0.0,0,4.822265625,6,45,05:40,20:21,2025-05-22 03:24:36.630799,Città della Scienza,83.6,12.057512,7.3855906,11.669463,8.445689,EU EEA Common AQI,64.4,10.557113,5.3048887,7200,9.785714,100,100,60.5,9.039999,Very Low,64.0,10.57209,100,1747883700,Very Low,9.33557,11.974646,Very Low,12.959012,58.9,12.685715,100,1747883700,11.3
2025-05-22T03:24:47Z,236,29.915,71.9,63,61.8,2,1,348,87,0.0,255,32767,0.11,2090-9-18,0.0,0.52,26.6,0.0,0.0,0.0,0,4.822265625,6,45,05:40,20:21,2025-05-22 03:24:47.699785,Città della Scienza,83.6,12.057512,7.3855906,11.669463,8.445689,EU EEA Common AQI,64.4,10.557113,5.3048887,7200,9.785714,100,100,60.5,9.039999,Very Low,64.0,10.57209,100,1747883700,Very Low,9.33557,11.974646,Very Low,12.959012,58.9,12.685715,100,1747883700,11.3
2025-05-22T03:24:58Z,236,29.915,71.9,63,61.8,2,1,348,87,0.0,255,32767,0.11,2090-9-18,0.0,0.52,26.6,0.0,0.0,0.0,0,4.822265625,6,45,05:40,20:21,2025-05-22 03:24:58.782805,Città della Scienza,83.6,12.057512,7.3855906,11.669463,8.445689,EU EEA Common AQI,64.4,10.557113,5.3048887,7200,9.785714,100,100,60.5,9.039999,Very Low,64.0,10.57209,100,1747883700,Very Low,9.33557,11.974646,Very Low,12.959012,58.9,12.685715,100,1747883700,11.3
2025-05-22T03:25:10Z,236,29.915,71.9,63,61.8,1,1,348,87,0.0,255,32767,0.11,2090-9-18,0.0,0.52,26.6,0.0,0.0,0.0,0,4.822265625,6,45,05:40,20:21,2025-05-22 03:25:09.910789,Città della Scienza,83.6,12.057512,7.3855906,11.669463,8.445689,EU EEA Common AQI,64.4,10.557113,5.3048887,7200,9.785714,100,100,60.5,9.039999,Very Low,64.0,10.57209,100,1747883700,Very Low,9.33557,11.974646,Very Low,12.959012,58.9,12.685715,100,1747883700,11.3
2025-05-22T03:25:21Z,236,29.915,71.9,63,61.8,2,1,348,87,0.0,255,32767,0.11,2090-9-18,0.0,0.52,26.6,0.0,0.0,0.0,0,4.822265625,6,45,05:40,20:21,2025-05-22 03:25:20.959786,Città della Scienza,83.6,12.057512,7.3855906,11.669463,8.445689,EU EEA Common AQI,64.4,10.557113,5.3048887,7200,9.785714,100,100,60.5,9.039999,Very Low,64.0,10.57209,100,1747883700,Very Low,9.33557,11.974646,Very Low,12.959012,58.9,12.685715,100,1747883700,11.3
2025-05-22T03:25:32Z,236,29.915,71.9,63,61.9,1,1,355,87,0.0,255,32767,0.11,2090-9-18,0.0,0.52,26.6,0.0,0.0,0.0,0,4.822265625,6,45,05:40,20:21,2025-05-22 03:25:32.038785,Città della Scienza,83.6,12.057512,7.3855906,11.669463,8.445689,EU EEA Common AQI,64.4,10.557113,5.3048887,7200,9.785714,100,100,60.5,9.039999,Very Low,64.0,10.57209,100,1747883700,Very Low,9.33557,11.974646,Very Low,12.959012,58.9,12.685715,100,1747883700,11.3
2025-05-22T03:25:43Z,236,29.917,71.9,63,61.8,1,1,355,87,0.0,255,32767,0.11,2090-9-18,0.0,0.52,26.6,0.0,0.0,0.0,0,4.822265625,6,45,05:40,20:21,2025-05-22 03:25:43.103789,Città della Scienza,83.6,12.057512,7.3855906,11.669463,8.445689,EU EEA Common AQI,64.4,10.557113,5.3048887,7200,9.785714,100,100,60.5,9.039999,Very Low,64.0,10.57209,100,1747883700,Very Low,9.33557,11.974646,Very Low,12.959012,58.9,12.685715,100,1747883700,11.3
2025-05-22T03:25:54Z,236,29.917,71.9,63,61.8,2,1,341,87,0.0,255,32767,0.11,2090-9-18,0.0,0.52,26.6,0.0,0.0,0.0,0,4.822265625,6,45,05:40,20:21,2025-05-22 03:25:54.141789,Città della Scienza,83.6,12.057512,7.3855906,11.669463,8.445689,EU EEA Common AQI,64.4,10.557113,5.3048887,7200,9.785714,100,100,60.5,9.039999,Very Low,64.0,10.57209,100,1747883700,Very Low,9.33557,11.974646,Very Low,12.959012,58.9,12.685715,100,1747883700,11.3
2025-05-22T03:26:05Z,236,29.917,71.9,63,61.8,1,1,341,87,0.0,255,32767,0.11,2090-9-18,0.0,0.52,26.6,0.0,0.0,0.0,0,4.822265625,6,45,05:40,20:21,2025-05-22 03:26:05.242749,Città della Scienza,83.6,12.057512,7.3855906,11.669463,8.445689,EU EEA Common AQI,64.4,10.557113,5.3048887,7200,9.785714,100,100,60.5,9.039999,Very Low,64.0,10.57209,100,1747883700,Very Low,9.33557,11.974646,Very Low,12.959012,58.9,12.685715,100,1747883700,11.3
2025-05-22T03:26:16Z,236,29.917,71.9,63,61.9,2,1,341,87,0.0,255,32767,0.11,2090-9-18,0.0,0.52,26.6,0.0,0.0,0.0,0,4.822265625,6,45,05:40,20:21,2025-05-22 03:26:16.307807,Città della Scienza,83.6,12.057512,7.3855906,11.669463,8.445689,EU EEA Common AQI,64.4,10.557113,5.3048887,7200,9.785714,100,100,60.5,9.039999,Very Low,64.0,10.57209,100,1747883700,Very Low,9.33557,11.974646,Very Low,12.959012,58.9,12.685715,100,1747883700,11.3
2025-05-22T03:26:27Z,236,29.917,71.9,63,61.8,2,1,341,87,0.0,255,32767,0.11,2090-9-18,0.0,0.52,26.6,0.0,0.0,0.0,0,4.822265625,6,45,05:40,20:21,2025-05-22 03:26:27.370795,Città della Scienza,83.6,12.057512,7.3855906,11.669463,8.445689,EU EEA Common AQI,64.4,10.557113,5.3048887,7200,9.785714,100,100,60.5,9.039999,Very Low,64.0,10.57209,100,1747883700,Very Low,9.33557,11.974646,Very Low,12.959012,58.9,12.685715,100,1747883700,11.3
2025-05-22T03:26:38Z,236,29.916,71.9,63,61.8,2,2,341,87,0.0,255,32767,0.11,2090-9-18,0.0,0.52,26.6,0.0,0.0,0.0,0,4.822265625,6,45,05:40,20:21,2025-05-22 03:26:38.468794,Città della Scienza,83.6,12.057512,7.3855906,11.669463,8.445689,EU EEA Common AQI,64.4,10.557113,5.3048887,7200,9.785714,100,100,60.5,9.039999,Very Low,64.0,10.57209,100,1747883700,Very Low,9.33557,11.974646,Very Low,12.959012,58.9,12.685715,100,1747883700,11.3
2025-05-22T03:26:49Z,236,29.916,71.9,63,61.8,2,2,341,87,0.0,255,32767,0.11,2090-9-18,0.0,0.52,26.6,0.0,0.0,0.0,0,4.822265625,6,45,05:40,20:21,2025-05-22 03:26:49.583789,Città della Scienza,83.6,12.057512,7.3855906,11.669463,8.445689,EU EEA Common AQI,64.4,10.557113,5.3048887,7200,9.785714,100,100,60.5,9.039999,Very Low,64.0,10.57209,100,1747883700,Very Low,9.33557,11.974646,Very Low,12.959012,58.9,12.685715,100,1747883700,11.3
2025-05-22T03:27:00Z,236,29.916,71.9,63,61.8,1,2,341,87,0.0,255,32767,0.11,2090-9-18,0.0,0.52,26.6,0.0,0.0,0.0,0,4.822265625,6,45,05:40,20:21,2025-05-22 03:27:00.656805,Città della Scienza,83.6,12.057512,7.3855906,11.669463,8.445689,EU EEA Common AQI,64.4,10.557113,5.3048887,7200,9.785714,100,100,60.5,9.039999,Very Low,64.0,10.57209,100,1747883700,Very Low,9.33557,11.974646,Very Low,12.959012,58.9,12.685715,100,1747883700,11.3
2025-05-22T03:27:11Z,236,29.916,71.9,63,61.9,1,2,341,87,0.0,255,32767,0.11,2090-9-18,0.0,0.52,26.6,0.0,0.0,0.0,0,4.822265625,6,45,05:40,20:21,2025-05-22 03:27:11.774792,Città della Scienza,83.6,12.057512,7.3855906,11.669463,8.445689,EU EEA Common AQI,64.4,10.557113,5.3048887,7200,9.785714,100,100,60.5,9.039999,Very Low,64.0,10.57209,100,1747883700,Very Low,9.33557,11.974646,Very Low,12.959012,58.9,12.685715,100,1747883700,11.3
2025-05-22T03:27:23Z,236,29.916,71.9,63,61.8,1,2,341,87,0.0,255,32767,0.11,2090-9-18,0.0,0.52,26.6,0.0,0.0,0.0,0,4.822265625,6,45,05:40,20:21,2025-05-22 03:27:22.862796,Città della Scienza,83.6,12.057512,7.3855906,11.669463,8.445689,EU EEA Common AQI,64.4,10.557113,5.3048887,7200,9.785714,100,100,60.5,9.039999,Very Low,64.0,10.57209,100,1747883700,Very Low,9.33557,11.974646,Very Low,12.959012,58.9,12.685715,100,1747883700,11.3
2025-05-22T03:27:34Z,236,29.916,71.9,63,61.9,0,2,341,87,0.0,255,32767,0.11,2090-9-18,0.0,0.52,26.6,0.0,0.0,0.0,0,4.822265625,6,45,05:40,20:21,2025-05-22 03:27:33.950789,Città della Scienza,83.6,12.057512,7.3855906,11.669463,8.445689,EU EEA Common AQI,64.4,10.557113,5.3048887,7200,9.785714,100,100,60.5,9.039999,Very Low,64.0,10.57209,100,1747883700,Very Low,9.33557,11.974646,Very Low,12.959012,58.9,12.685715,100,1747883700,11.3
2025-05-22T03:27:45Z,236,29.916,71.9,63,61.8,1,2,341,87,0.0,255,32767,0.11,2090-9-18,0.0,0.52,26.6,0.0,0.0,0.0,0,4.822265625,6,45,05:40,20:21,2025-05-22 03:27:45.074790,Città della Scienza,83.6,12.057512,7.3855906,11.669463,8.445689,EU EEA Common AQI,64.4,10.557113,5.3048887,7200,9.785714,100,100,60.5,9.039999,Very Low,64.0,10.57209,100,1747883700,Very Low,9.33557,11.974646,Very Low,12.959012,58.9,12.685715,100,1747883700,11.3
2025-05-22T03:27:56Z,236,29.916,71.9,63,61.8,2,2,349,87,0.0,255,32767,0.11,2090-9-18,0.0,0.52,26.6,0.0,0.0,0.0,0,4.822265625,6,45,05:40,20:21,2025-05-22 03:27:56.136790,Città della Scienza,83.6,12.057512,7.3855906,11.669463,8.445689,EU EEA Common AQI,64.4,10.557113,5.3048887,7200,9.785714,100,100,60.5,9.039999,Very Low,64.0,10.57209,100,1747883700,Very Low,9.33557,11.974646,Very Low,12.959012,58.9,12.685715,100,1747883700,11.3
2025-05-22T03:28:07Z,236,29.916,71.9,63,61.8,1,2,350,87,0.0,255,32767,0.11,2090-9-18,0.0,0.52,26.6,0.0,0.0,0.0,0,4.822265625,6,45,05:40,20:21,2025-05-22 03:28:07.244787,Città della Scienza,83.6,12.057512,7.3855906,11.669463,8.445689,EU EEA Common AQI,64.4,10.557113,5.3048887,7200,9.785714,100,100,60.5,9.039999,Very Low,64.0,10.57209,100,1747883700,Very Low,9.33557,11.974646,Very Low,12.959012,58.9,12.685715,100,1747883700,11.3
2025-05-22T03:28:18Z,236,29.916,71.9,63,61.8,2,2,350,87,0.0,255,32767,0.11,2090-9-18,0.0,0.52,26.6,0.0,0.0,0.0,0,4.822265625,6,45,05:40,20:21,2025-05-22 03:28:18.301757,Città della Scienza,83.6,12.057512,7.3855906,11.669463,8.445689,EU EEA Common AQI,64.4,10.557113,5.3048887,7200,9.785714,100,100,60.5,9.039999,Very Low,64.0,10.57209,100,1747883700,Very Low,9.33557,11.974646,Very Low,12.959012,58.9,12.685715,100,1747883700,11.3
2025-05-22T03:28:29Z,236,29.916,71.9,63,61.8,1,2,350,87,0.0,255,32767,0.11,2090-9-18,0.0,0.52,26.6,0.0,0.0,0.0,0,4.822265625,6,45,05:40,20:21,2025-05-22 03:28:29.402788,Città della Scienza,83.6,12.057512,7.3855906,11.669463,8.445689,EU EEA Common AQI,64.4,10.557113,5.3048887,7200,9.785714,100,100,60.5,9.039999,Very Low,64.0,10.57209,100,1747883700,Very Low,9.33557,11.974646,Very Low,12.959012,58.9,12.685715,100,1747883700,11.3
2025-05-22T03:28:40Z,236,29.918,71.9,63,61.9,2,1,350,87,0.0,255,32767,0.11,2090-9-18,0.0,0.52,26.6,0.0,0.0,0.0,0,4.822265625,6,45,05:40,20:21,2025-05-22 03:28:40.501787,Città della Scienza,83.6,12.057512,7.3855906,11.669463,8.445689,EU EEA Common AQI,64.4,10.557113,5.3048887,7200,9.785714,100,100,60.5,9.039999,Very Low,64.0,10.57209,100,1747883700,Very Low,9.33557,11.974646,Very Low,12.959012,58.9,12.685715,100,1747883700,11.3
2025-05-22T03:28:51Z,236,29.918,71.9,63,61.8,2,1,350,87,0.0,255,32767,0.11,2090-9-18,0.0,0.52,26.6,0.0,0.0,0.0,0,4.822265625,6,45,05:40,20:21,2025-05-22 03:28:51.538787,Città della Scienza,83.6,12.057512,7.3855906,11.669463,8.445689,EU EEA Common AQI,64.4,10.557113,5.3048887,7200,9.785714,100,100,60.5,9.039999,Very Low,64.0,10.57209,100,1747883700,Very Low,9.33557,11.974646,Very Low,12.959012,58.9,12.685715,100,1747883700,11.3
2025-05-22T03:29:02Z,236,29.918,71.9,63,61.8,2,1,350,87,0.0,255,32767,0.11,2090-9-18,0.0,0.52,26.6,0.0,0.0,0.0,0,4.822265625,6,45,05:40,20:21,2025-05-22 03:29:02.640792,Città della Scienza,83.6,12.057512,7.3855906,11.669463,8.445689,EU EEA Common AQI,64.4,10.557113,5.3048887,7200,9.785714,100,100,60.5,9.039999,Very Low,64.0,10.57209,100,1747883700,Very Low,9.33557,11.974646,Very Low,12.959012,58.9,12.685715,100,1747883700,11.3
2025-05-22T03:29:13Z,236,29.918,71.9,63,61.8,1,1,350,87,0.0,255,32767,0.11,2090-9-18,0.0,0.52,26.6,0.0,0.0,0.0,0,4.822265625,6,45,05:40,20:21,2025-05-22 03:29:13.718805,Città della Scienza,83.6,12.057512,7.3855906,11.669463,8.445689,EU EEA Common AQI,64.4,10.557113,5.3048887,7200,9.785714,100,100,60.5,9.039999,Very Low,64.0,10.57209,100,1747883700,Very Low,9.33557,11.974646,Very Low,12.959012,58.9,12.685715,100,1747883700,11.3
2025-05-22T03:29:25Z,236,29.918,71.9,63,61.8,1,1,350,87,0.0,255,32767,0.11,2090-9-18,0.0,0.52,26.6,0.0,0.0,0.0,0,4.822265625,6,45,05:40,20:21,2025-05-22 03:29:24.799784,Città della Scienza,83.6,12.057512,7.3855906,11.669463,8.445689,EU EEA Common AQI,64.4,10.557113,5.3048887,7200,9.785714,100,100,60.5,9.039999,Very Low,64.0,10.57209,100,1747883700,Very Low,9.33557,11.974646,Very Low,12.959012,58.9,12.685715,100,1747883700,11.3
2025-05-22T03:29:36Z,236,29.918,71.9,63,61.8,1,2,350,87,0.0,255,32767,0.11,2090-9-18,0.0,0.52,26.6,0.0,0.0,0.0,0,4.822265625,6,45,05:40,20:21,2025-05-22 03:29:35.897793,Città della Scienza,83.6,12.057512,7.3855906,11.669463,8.445689,EU EEA Common AQI,64.4,10.557113,5.3048887,7200,9.785714,100,100,60.5,9.039999,Very Low,64.0,10.57209,100,1747883700,Very Low,9.33557,11.974646,Very Low,12.959012,58.9,12.685715,100,1747883700,11.3
2025-05-22T03:29:47Z,236,29.918,71.9,63,61.8,2,2,350,87,0.0,255,32767,0.11,2090-9-18,0.0,0.52,26.6,0.0,0.0,0.0,0,4.822265625,6,45,05:40,20:21,2025-05-22 03:29:46.999793,Città della Scienza,83.6,12.057512,7.3855906,11.669463,8.445689,EU EEA Common AQI,64.4,10.557113,5.3048887,7200,9.785714,100,100,60.5,9.039999,Very Low,64.0,10.57209,100,1747883700,Very Low,9.33557,11.974646,Very Low,12.959012,58.9,12.685715,100,1747883700,11.3
2025-05-22T03:29:58Z,236,29.918,71.9,63,61.8,2,2,350,87,0.0,255,32767,0.11,2090-9-18,0.0,0.52,26.6,0.0,0.0,0.0,0,4.822265625,6,45,05:40,20:21,2025-05-22 03:29:58.077786,Città della Scienza,83.6,12.057512,7.3855906,11.669463,8.445689,EU EEA Common AQI,64.4,10.557113,5.3048887,7200,9.785714,100,100,60.5,9.039999,Very Low,64.0,10.57209,100,1747883700,Very Low,9.33557,11.974646,Very Low,12.959012,58.9,12.685715,100,1747883700,11.3
2025-05-22T03:30:09Z,236,29.918,71.9,63,61.8,2,2,350,87,0.0,255,32767,0.11,2090-9-18,0.0,0.52,26.6,0.0,0.0,0.0,0,4.822265625,6,45,05:40,20:21,2025-05-22 03:30:09.171788,Città della Scienza,83.6,12.057512,7.3855906,11.669463,8.445689,EU EEA Common AQI,64.4,10.557113,5.3048887,7200,9.785714,100,100,60.5,9.039999,Very Low,64.0,10.57209,100,1747883700,Very Low,9.33557,11.974646,Very Low,12.959012,58.9,12.685715,100,1747883700,11.3
2025-05-22T03:30:20Z,236,29.918,71.9,63,61.9,1,2,350,87,0.0,255,32767,0.11,2090-9-18,0.0,0.52,26.6,0.0,0.0,0.0,0,4.822265625,6,45,05:40,20:21,2025-05-22 03:30:20.265795,Città della Scienza,83.6,12.057512,7.3855906,11.669463,8.445689,EU EEA Common AQI,64.4,10.557113,5.3048887,7200,9.785714,100,100,60.5,9.039999,Very Low,64.0,10.57209,100,1747883700,Very Low,9.33557,11.974646,Very Low,12.959012,58.9,12.685715,100,1747883700,11.3
2025-05-22T03:30:31Z,236,29.918,71.9,63,61.8,1,2,350,87,0.0,255,32767,0.11,2090-9-18,0.0,0.52,26.6,0.0,0.0,0.0,0,4.822265625,6,45,05:40,20:21,2025-05-22 03:30:31.309777,Città della Scienza,83.8,12.317782,7.364326,11.196548,8.54766,EU EEA Common AQI,64.5,10.684576,5.312456,7200,10.811594,100,100,60.6,10.133333,Very Low,64.0,10.843266,100,1747884600,Very Low,8.957238,12.078097,Very Low,12.45254,59.0,14.130435,100,1747884600,12.666667
2025-05-22T03:30:42Z,0,29.915,71.9,63,61.8,2,2,350,87,0.0,255,32767,0.11,2090-9-18,0.0,0.52,26.6,0.0,0.0,0.0,0,4.822265625,6,45,05:40,20:21,2025-05-22 03:30:42.392798,Città della Scienza,83.8,12.317782,7.364326,11.196548,8.54766,EU EEA Common AQI,64.5,10.684576,5.312456,7200,10.811594,100,100,60.6,10.133333,Very Low,64.0,10.843266,100,1747884600,Very Low,8.957238,12.078097,Very Low,12.45254,59.0,14.130435,100,1747884600,12.666667
2025-05-22T03:30:53Z,0,29.915,71.9,63,61.8,2,2,350,87,0.0,255,32767,0.11,2090-9-18,0.0,0.52,26.6,0.0,0.0,0.0,0,4.822265625,6,45,05:40,20:21,2025-05-22 03:30:53.513794,Città della Scienza,83.8,12.317782,7.364326,11.196548,8.54766,EU EEA Common AQI,64.5,10.684576,5.312456,7200,10.811594,100,100,60.6,10.133333,Very Low,64.0,10.843266,100,1747884600,Very Low,8.957238,12.078097,Very Low,12.45254,59.0,14.130435,100,1747884600,12.666667
2025-05-22T03:31:04Z,0,29.915,71.9,63,61.8,2,2,350,87,0.0,255,32767,0.11,2090-9-18,0.0,0.52,26.6,0.0,0.0,0.0,0,4.822265625,6,45,05:40,20:21,2025-05-22 03:31:04.605784,Città della Scienza,83.8,12.317782,7.364326,11.196548,8.54766,EU EEA Common AQI,64.5,10.684576,5.312456,7200,10.811594,100,100,60.6,10.133333,Very Low,64.0,10.843266,100,1747884600,Very Low,8.957238,12.078097,Very Low,12.45254,59.0,14.130435,100,1747884600,12.666667
2025-05-22T03:31:15Z,0,29.915,71.9,63,61.8,2,2,350,87,0.0,255,32767,0.11,2090-9-18,0.0,0.52,26.6,0.0,0.0,0.0,0,4.822265625,6,45,05:40,20:21,2025-05-22 03:31:15.750781,Città della Scienza,83.8,12.317782,7.364326,11.196548,8.54766,EU EEA Common AQI,64.5,10.684576,5.312456,7200,10.811594,100,100,60.6,10.133333,Very Low,64.0,10.843266,100,1747884600,Very Low,8.957238,12.078097,Very Low,12.45254,59.0,14.130435,100,1747884600,12.666667
2025-05-22T03:31:27Z,0,29.915,71.9,63,61.8,2,2,350,87,0.0,255,32767,0.11,2090-9-18,0.0,0.52,26.6,0.0,0.0,0.0,0,4.822265625,6,45,05:40,20:21,2025-05-22 03:31:26.815789,Città della Scienza,83.8,12.317782,7.364326,11.196548,8.54766,EU EEA Common AQI,64.5,10.684576,5.312456,7200,10.811594,100,100,60.6,10.133333,Very Low,64.0,10.843266,100,1747884600,Very Low,8.957238,12.078097,Very Low,12.45254,59.0,14.130435,100,1747884600,12.666667
2025-05-22T03:31:38Z,0,29.918,71.9,63,61.8,1,2,350,87,0.0,255,32767,0.11,2090-9-18,0.0,0.52,26.6,0.0,0.0,0.0,0,4.822265625,6,45,05:40,20:21,2025-05-22 03:31:37.847789,Città della Scienza,83.8,12.317782,7.364326,11.196548,8.54766,EU EEA Common AQI,64.5,10.684576,5.312456,7200,10.811594,100,100,60.6,10.133333,Very Low,64.0,10.843266,100,1747884600,Very Low,8.957238,12.078097,Very Low,12.45254,59.0,14.130435,100,1747884600,12.666667
2025-05-22T03:31:49Z,0,29.918,71.9,63,61.8,2,2,350,87,0.0,255,32767,0.11,2090-9-18,0.0,0.52,26.6,0.0,0.0,0.0,0,4.822265625,6,45,05:40,20:21,2025-05-22 03:31:48.927788,Città della Scienza,83.8,12.317782,7.364326,11.196548,8.54766,EU EEA Common AQI,64.5,10.684576,5.312456,7200,10.811594,100,100,60.6,10.133333,Very Low,64.0,10.843266,100,1747884600,Very Low,8.957238,12.078097,Very Low,12.45254,59.0,14.130435,100,1747884600,12.666667
2025-05-22T03:32:00Z,0,29.918,71.9,63,61.8,2,2,350,87,0.0,255,32767,0.11,2090-9-18,0.0,0.52,26.6,0.0,0.0,0.0,0,4.822265625,6,45,05:40,20:21,2025-05-22 03:31:59.988787,Città della Scienza,83.8,12.317782,7.364326,11.196548,8.54766,EU EEA Common AQI,64.5,10.684576,5.312456,7200,10.811594,100,100,60.6,10.133333,Very Low,64.0,10.843266,100,1747884600,Very Low,8.957238,12.078097,Very Low,12.45254,59.0,14.130435,100,1747884600,12.666667
2025-05-22T03:32:11Z,0,29.918,71.9,63,61.8,2,2,350,87,0.0,255,32767,0.11,2090-9-18,0.0,0.52,26.6,0.0,0.0,0.0,0,4.822265625,6,45,05:40,20:21,2025-05-22 03:32:11.067788,Città della Scienza,83.8,12.317782,7.364326,11.196548,8.54766,EU EEA Common AQI,64.5,10.684576,5.312456,7200,10.811594,100,100,60.6,10.133333,Very Low,64.0,10.843266,100,1747884600,Very Low,8.957238,12.078097,Very Low,12.45254,59.0,14.130435,100,1747884600,12.666667
2025-05-22T03:32:22Z,0,29.918,71.9,63,61.8,2,2,350,87,0.0,255,32767,0.11,2090-9-18,0.0,0.52,26.6,0.0,0.0,0.0,0,4.822265625,6,45,05:40,20:21,2025-05-22 03:32:22.122802,Città della Scienza,83.8,12.317782,7.364326,11.196548,8.54766,EU EEA Common AQI,64.5,10.684576,5.312456,7200,10.811594,100,100,60.6,10.133333,Very Low,64.0,10.843266,100,1747884600,Very Low,8.957238,12.078097,Very Low,12.45254,59.0,14.130435,100,1747884600,12.666667
2025-05-22T03:32:33Z,0,29.915,71.9,63,61.8,2,2,351,87,0.0,255,32767,0.11,2090-9-18,0.0,0.52,26.6,0.0,0.0,0.0,0,4.822265625,6,45,05:40,20:21,2025-05-22 03:32:33.201791,Città della Scienza,83.8,12.317782,7.364326,11.196548,8.54766,EU EEA Common AQI,64.5,10.684576,5.312456,7200,10.811594,100,100,60.6,10.133333,Very Low,64.0,10.843266,100,1747884600,Very Low,8.957238,12.078097,Very Low,12.45254,59.0,14.130435,100,1747884600,12.666667
2025-05-22T03:32:44Z,0,29.915,71.9,63,61.8,3,2,350,87,0.0,255,32767,0.11,2090-9-18,0.0,0.52,26.6,0.0,0.0,0.0,0,4.822265625,6,45,05:40,20:21,2025-05-22 03:32:44.263785,Città della Scienza,83.8,12.317782,7.364326,11.196548,8.54766,EU EEA Common AQI,64.5,10.684576,5.312456,7200,10.811594,100,100,60.6,10.133333,Very Low,64.0,10.843266,100,1747884600,Very Low,8.957238,12.078097,Very Low,12.45254,59.0,14.130435,100,1747884600,12.666667
2025-05-22T03:32:55Z,0,29.915,71.9,63,61.8,2,2,341,87,0.0,255,32767,0.11,2090-9-18,0.0,0.52,26.6,0.0,0.0,0.0,0,4.822265625,6,45,05:40,20:21,2025-05-22 03:32:55.366796,Città della Scienza,83.8,12.317782,7.364326,11.196548,8.54766,EU EEA Common AQI,64.5,10.684576,5.312456,7200,10.811594,100,100,60.6,10.133333,Very Low,64.0,10.843266,100,1747884600,Very Low,8.957238,12.078097,Very Low,12.45254,59.0,14.130435,100,1747884600,12.666667
2025-05-22T03:33:06Z,0,29.915,71.9,63,61.8,2,2,360,87,0.0,255,32767,0.11,2090-9-18,0.0,0.52,26.6,0.0,0.0,0.0,0,4.822265625,6,45,05:40,20:21,2025-05-22 03:33:06.415795,Città della Scienza,83.8,12.317782,7.364326,11.196548,8.54766,EU EEA Common AQI,64.5,10.684576,5.312456,7200,10.811594,100,100,60.6,10.133333,Very Low,64.0,10.843266,100,1747884600,Very Low,8.957238,12.078097,Very Low,12.45254,59.0,14.130435,100,1747884600,12.666667
2025-05-22T03:33:17Z,0,29.915,71.9,63,61.8,3,2,355,87,0.0,255,32767,0.11,2090-9-18,0.0,0.52,26.6,0.0,0.0,0.0,0,4.822265625,6,45,05:40,20:21,2025-05-22 03:33:17.518803,Città della Scienza,83.8,12.317782,7.364326,11.196548,8.54766,EU EEA Common AQI,64.5,10.684576,5.312456,7200,10.811594,100,100,60.6,10.133333,Very Low,64.0,10.843266,100,1747884600,Very Low,8.957238,12.078097,Very Low,12.45254,59.0,14.130435,100,1747884600,12.666667
2025-05-22T03:33:28Z,0,29.915,71.9,63,61.8,3,2,355,87,0.0,255,32767,0.11,2090-9-18,0.0,0.52,26.6,0.0,0.0,0.0,0,4.822265625,6,45,05:40,20:21,2025-05-22 03:33:28.608799,Città della Scienza,83.8,12.317782,7.364326,11.196548,8.54766,EU EEA Common AQI,64.5,10.684576,5.312456,7200,10.811594,100,100,60.6,10.133333,Very Low,64.0,10.843266,100,1747884600,Very Low,8.957238,12.078097,Very Low,12.45254,59.0,14.130435,100,1747884600,12.666667
2025-05-22T03:33:39Z,0,29.918,71.9,63,61.8,3,2,345,87,0.0,255,32767,0.11,2090-9-18,0.0,0.52,26.6,0.0,0.0,0.0,0,4.822265625,6,45,05:40,20:21,2025-05-22 03:33:39.660794,Città della Scienza,83.8,12.317782,7.364326,11.196548,8.54766,EU EEA Common AQI,64.5,10.684576,5.312456,7200,10.811594,100,100,60.6,10.133333,Very Low,64.0,10.843266,100,1747884600,Very Low,8.957238,12.078097,Very Low,12.45254,59.0,14.130435,100,1747884600,12.666667
2025-05-22T03:33:50Z,0,29.918,71.9,63,61.8,2,2,360,87,0.0,255,32767,0.11,2090-9-18,0.0,0.52,26.6,0.0,0.0,0.0,0,4.822265625,6,45,05:40,20:21,2025-05-22 03:33:50.733795,Città della Scienza,83.8,12.317782,7.364326,11.196548,8.54766,EU EEA Common AQI,64.5,10.684576,5.312456,7200,10.811594,100,100,60.6,10.133333,Very Low,64.0,10.843266,100,1747884600,Very Low,8.957238,12.078097,Very Low,12.45254,59.0,14.130435,100,1747884600,12.666667
2025-05-22T03:34:02Z,0,29.918,71.9,63,61.8,1,2,355,87,0.0,255,32767,0.11,2090-9-18,0.0,0.52,26.6,0.0,0.0,0.0,0,4.822265625,6,45,05:40,20:21,2025-05-22 03:34:01.799751,Città della Scienza,83.8,12.317782,7.364326,11.196548,8.54766,EU EEA Common AQI,64.5,10.684576,5.312456,7200,10.811594,100,100,60.6,10.133333,Very Low,64.0,10.843266,100,1747884600,Very Low,8.957238,12.078097,Very Low,12.45254,59.0,14.130435,100,1747884600,12.666667
2025-05-22T03:34:13Z,0,29.918,71.9,63,61.8,1,2,350,87,0.0,255,32767,0.11,2090-9-18,0.0,0.52,26.6,0.0,0.0,0.0,0,4.822265625,6,45,05:40,20:21,2025-05-22 03:34:12.869799,Città della Scienza,83.8,12.317782,7.364326,11.196548,8.54766,EU EEA Common AQI,64.5,10.684576,5.312456,7200,10.811594,100,100,60.6,10.133333,Very Low,64.0,10.843266,100,1747884600,Very Low,8.957238,12.078097,Very Low,12.45254,59.0,14.130435,100,1747884600,12.666667
2025-05-22T03:34:24Z,0,29.918,71.9,63,61.8,2,2,350,87,0.0,255,32767,0.11,2090-9-18,0.0,0.52,26.6,0.0,0.0,0.0,0,4.822265625,6,45,05:40,20:21,2025-05-22 03:34:23.966763,Città della Scienza,83.8,12.317782,7.364326,11.196548,8.54766,EU EEA Common AQI,64.5,10.684576,5.312456,7200,10.811594,100,100,60.6,10.133333,Very Low,64.0,10.843266,100,1747884600,Very Low,8.957238,12.078097,Very Low,12.45254,59.0,14.130435,100,1747884600,12.666667
2025-05-22T03:34:35Z,0,29.917,71.9,63,61.8,2,2,350,87,0.0,255,32767,0.11,2090-9-18,0.0,0.52,26.6,0.0,0.0,0.0,0,4.822265625,6,45,05:40,20:21,2025-05-22 03:34:34.986794,Città della Scienza,83.8,12.317782,7.364326,11.196548,8.54766,EU EEA Common AQI,64.5,10.684576,5.312456,7200,10.811594,100,100,60.6,10.133333,Very Low,64.0,10.843266,100,1747884600,Very Low,8.957238,12.078097,Very Low,12.45254,59.0,14.130435,100,1747884600,12.666667
2025-05-22T03:34:46Z,0,29.917,71.9,63,61.8,2,2,355,87,0.0,255,32767,0.11,2090-9-18,0.0,0.52,26.6,0.0,0.0,0.0,0,4.822265625,6,45,05:40,20:21,2025-05-22 03:34:46.045787,Città della Scienza,83.8,12.317782,7.364326,11.196548,8.54766,EU EEA Common AQI,64.5,10.684576,5.312456,7200,10.811594,100,100,60.6,10.133333,Very Low,64.0,10.843266,100,1747884600,Very Low,8.957238,12.078097,Very Low,12.45254,59.0,14.130435,100,1747884600,12.666667
2025-05-22T03:34:57Z,0,29.917,71.9,63,61.8,1,2,355,87,0.0,255,32767,0.11,2090-9-18,0.0,0.52,26.6,0.0,0.0,0.0,0,4.822265625,6,45,05:40,20:21,2025-05-22 03:34:57.124793,Città della Scienza,83.8,12.317782,7.364326,11.196548,8.54766,EU EEA Common AQI,64.5,10.684576,5.312456,7200,10.811594,100,100,60.6,10.133333,Very Low,64.0,10.843266,100,1747884600,Very Low,8.957238,12.078097,Very Low,12.45254,59.0,14.130435,100,1747884600,12.666667
2025-05-22T03:35:08Z,0,29.917,71.9,63,61.8,1,2,355,87,0.0,255,32767,0.11,2090-9-18,0.0,0.52,26.6,0.0,0.0,0.0,0,4.822265625,6,45,05:40,20:21,2025-05-22 03:35:08.176786,Città della Scienza,83.8,12.317782,7.364326,11.196548,8.54766,EU EEA Common AQI,64.5,10.684576,5.312456,7200,10.811594,100,100,60.6,10.133333,Very Low,64.0,10.843266,100,1747884600,Very Low,8.957238,12.078097,Very Low,12.45254,59.0,14.130435,100,1747884600,12.666667
2025-05-22T03:35:19Z,0,29.917,71.9,63,61.8,1,2,355,87,0.0,255,32767,0.11,2090-9-18,0.0,0.52,26.6,0.0,0.0,0.0,0,4.822265625,6,45,05:40,20:21,2025-05-22 03:35:19.258791,Città della Scienza,83.8,12.317782,7.364326,11.196548,8.54766,EU EEA Common AQI,64.5,10.684576,5.312456,7200,10.811594,100,100,60.6,10.133333,Very Low,64.0,10.843266,100,1747884600,Very Low,8.957238,12.078097,Very Low,12.45254,59.0,14.130435,100,1747884600,12.666667
2025-05-22T03:35:30Z,0,29.917,71.9,63,61.7,2,2,355,87,0.0,255,32767,0.11,2090-9-18,0.0,0.52,26.6,0.0,0.0,0.0,0,4.822265625,6,45,05:40,20:21,2025-05-22 03:35:30.333804,Città della Scienza,83.8,12.317782,7.364326,11.196548,8.54766,EU EEA Common AQI,64.5,10.684576,5.312456,7200,10.811594,100,100,60.6,10.133333,Very Low,64.0,10.843266,100,1747884600,Very Low,8.957238,12.078097,Very Low,12.45254,59.0,14.130435,100,1747884600,12.666667
2025-05-22T03:35:41Z,0,29.917,71.9,63,61.7,2,2,338,87,0.0,255,32767,0.11,2090-9-18,0.0,0.52,26.6,0.0,0.0,0.0,0,4.822265625,6,45,05:40,20:21,2025-05-22 03:35:41.439789,Città della Scienza,83.8,12.317782,7.364326,11.196548,8.54766,EU EEA Common AQI,64.5,10.684576,5.312456,7200,10.811594,100,100,60.6,10.133333,Very Low,64.0,10.843266,100,1747884600,Very Low,8.957238,12.078097,Very Low,12.45254,59.0,14.130435,100,1747884600,12.666667
2025-05-22T03:35:52Z,0,29.917,71.9,63,61.8,2,2,338,87,0.0,255,32767,0.11,2090-9-18,0.0,0.52,26.6,0.0,0.0,0.0,0,4.822265625,6,45,05:40,20:21,2025-05-22 03:35:52.555822,Città della Scienza,83.8,12.317782,7.364326,11.196548,8.54766,EU EEA Common AQI,64.5,10.684576,5.312456,7200,10.811594,100,100,60.6,10.133333,Very Low,64.0,10.843266,100,1747884600,Very Low,8.957238,12.078097,Very Low,12.45254,59.0,14.130435,100,1747884600,12.666667
2025-05-22T03:36:03Z,0,29.917,71.9,63,61.8,2,2,338,87,0.0,255,32767,0.11,2090-9-18,0.0,0.52,26.6,0.0,0.0,0.0,0,4.822265625,6,45,05:40,20:21,2025-05-22 03:36:03.591499,Città della Scienza,83.8,12.317782,7.364326,11.196548,8.54766,EU EEA Common AQI,64.5,10.684576,5.312456,7200,10.811594,100,100,60.6,10.133333,Very Low,64.0,10.843266,100,1747884600,Very Low,8.957238,12.078097,Very Low,12.45254,59.0,14.130435,100,1747884600,12.666667
2025-05-22T03:36:14Z,0,29.917,71.9,63,61.8,1,2,338,87,0.0,255,32767,0.11,2090-9-18,0.0,0.52,26.6,0.0,0.0,0.0,0,4.822265625,6,45,05:40,20:21,2025-05-22 03:36:14.669788,Città della Scienza,83.8,12.317782,7.364326,11.196548,8.54766,EU EEA Common AQI,64.5,10.684576,5.312456,7200,10.811594,100,100,60.6,10.133333,Very Low,64.0,10.843266,100,1747884600,Very Low,8.957238,12.078097,Very Low,12.45254,59.0,14.130435,100,1747884600,12.666667
2025-05-22T03:36:25Z,0,29.917,71.9,63,61.8,2,2,338,87,0.0,255,32767,0.11,2090-9-18,0.0,0.52,26.6,0.0,0.0,0.0,0,4.822265625,6,45,05:40,20:21,2025-05-22 03:36:25.748799,Città della Scienza,83.8,12.317782,7.364326,11.196548,8.54766,EU EEA Common AQI,64.5,10.684576,5.312456,7200,10.811594,100,100,60.6,10.133333,Very Low,64.0,10.843266,100,1747884600,Very Low,8.957238,12.078097,Very Low,12.45254,59.0,14.130435,100,1747884600,12.666667
2025-05-22T03:36:37Z,0,29.917,71.9,63,61.7,1,2,338,87,0.0,255,32767,0.11,2090-9-18,0.0,0.52,26.6,0.0,0.0,0.0,0,4.822265625,6,45,05:40,20:21,2025-05-22 03:36:36.848803,Città della Scienza,83.8,12.317782,7.364326,11.196548,8.54766,EU EEA Common AQI,64.5,10.684576,5.312456,7200,10.811594,100,100,60.6,10.133333,Very Low,64.0,10.843266,100,1747884600,Very Low,8.957238,12.078097,Very Low,12.45254,59.0,14.130435,100,1747884600,12.666667
2025-05-22T03:36:48Z,0,29.917,71.9,63,61.7,1,2,338,87,0.0,255,32767,0.11,2090-9-18,0.0,0.52,26.6,0.0,0.0,0.0,0,4.822265625,6,45,05:40,20:21,2025-05-22 03:36:47.931788,Città della Scienza,83.8,12.317782,7.364326,11.196548,8.54766,EU EEA Common AQI,64.5,10.684576,5.312456,7200,10.811594,100,100,60.6,10.133333,Very Low,64.0,10.843266,100,1747884600,Very Low,8.957238,12.078097,Very Low,12.45254,59.0,14.130435,100,1747884600,12.666667
2025-05-22T03:36:59Z,0,29.917,71.9,63,61.7,0,2,338,87,0.0,255,32767,0.11,2090-9-18,0.0,0.52,26.6,0.0,0.0,0.0,0,4.822265625,6,45,05:40,20:21,2025-05-22 03:36:58.997786,Città della Scienza,83.8,12.317782,7.364326,11.196548,8.54766,EU EEA Common AQI,64.5,10.684576,5.312456,7200,10.811594,100,100,60.6,10.133333,Very Low,64.0,10.843266,100,1747884600,Very Low,8.957238,12.078097,Very Low,12.45254,59.0,14.130435,100,1747884600,12.666667
2025-05-22T03:37:10Z,0,29.917,71.9,63,61.7,0,2,338,87,0.0,255,32767,0.11,2090-9-18,0.0,0.52,26.6,0.0,0.0,0.0,0,4.822265625,6,45,05:40,20:21,2025-05-22 03:37:10.164793,Città della Scienza,83.8,12.317782,7.364326,11.196548,8.54766,EU EEA Common AQI,64.5,10.684576,5.312456,7200,10.811594,100,100,60.6,10.133333,Very Low,64.0,10.843266,100,1747884600,Very Low,8.957238,12.078097,Very Low,12.45254,59.0,14.130435,100,1747884600,12.666667
2025-05-22T03:37:21Z,0,29.917,71.9,63,61.8,0,2,338,87,0.0,255,32767,0.11,2090-9-18,0.0,0.52,26.6,0.0,0.0,0.0,0,4.822265625,6,45,05:40,20:21,2025-05-22 03:37:21.240796,Città della Scienza,83.8,12.317782,7.364326,11.196548,8.54766,EU EEA Common AQI,64.5,10.684576,5.312456,7200,10.811594,100,100,60.6,10.133333,Very Low,64.0,10.843266,100,1747884600,Very Low,8.957238,12.078097,Very Low,12.45254,59.0,14.130435,100,1747884600,12.666667
2025-05-22T03:37:32Z,0,29.917,71.9,63,61.7,1,2,338,87,0.0,255,32767,0.11,2090-9-18,0.0,0.52,26.6,0.0,0.0,0.0,0,4.822265625,6,45,05:40,20:21,2025-05-22 03:37:32.351786,Città della Scienza,83.8,12.317782,7.364326,11.196548,8.54766,EU EEA Common AQI,64.5,10.684576,5.312456,7200,10.811594,100,100,60.6,10.133333,Very Low,64.0,10.843266,100,1747884600,Very Low,8.957238,12.078097,Very Low,12.45254,59.0,14.130435,100,1747884600,12.666667
2025-05-22T03:37:43Z,0,29.916,71.9,63,61.7,2,2,338,87,0.0,255,32767,0.11,2090-9-18,0.0,0.52,26.6,0.0,0.0,0.0,0,4.822265625,6,45,05:40,20:21,2025-05-22 03:37:43.449787,Città della Scienza,83.8,12.317782,7.364326,11.196548,8.54766,EU EEA Common AQI,64.5,10.684576,5.312456,7200,10.811594,100,100,60.6,10.133333,Very Low,64.0,10.843266,100,1747884600,Very Low,8.957238,12.078097,Very Low,12.45254,59.0,14.130435,100,1747884600,12.666667
2025-05-22T03:37:54Z,0,29.916,71.9,63,61.7,2,2,338,87,0.0,255,32767,0.11,2090-9-18,0.0,0.52,26.6,0.0,0.0,0.0,0,4.822265625,6,45,05:40,20:21,2025-05-22 03:37:54.498793,Città della Scienza,83.8,12.317782,7.364326,11.196548,8.54766,EU EEA Common AQI,64.5,10.684576,5.312456,7200,10.811594,100,100,60.6,10.133333,Very Low,64.0,10.843266,100,1747884600,Very Low,8.957238,12.078097,Very Low,12.45254,59.0,14.130435,100,1747884600,12.666667
2025-05-22T03:38:05Z,0,29.916,71.9,63,61.7,2,2,338,87,0.0,255,32767,0.11,2090-9-18,0.0,0.52,26.6,0.0,0.0,0.0,0,4.822265625,6,45,05:40,20:21,2025-05-22 03:38:05.540800,Città della Scienza,83.8,12.317782,7.364326,11.196548,8.54766,EU EEA Common AQI,64.5,10.684576,5.312456,7200,10.811594,100,100,60.6,10.133333,Very Low,64.0,10.843266,100,1747884600,Very Low,8.957238,12.078097,Very Low,12.45254,59.0,14.130435,100,1747884600,12.666667
2025-05-22T03:38:16Z,0,29.916,71.9,63,61.7,2,2,338,87,0.0,255,32767,0.11,2090-9-18,0.0,0.52,26.6,0.0,0.0,0.0,0,4.822265625,6,45,05:40,20:21,2025-05-22 03:38:16.571814,Città della Scienza,83.8,12.317782,7.364326,11.196548,8.54766,EU EEA Common AQI,64.5,10.684576,5.312456,7200,10.811594,100,100,60.6,10.133333,Very Low,64.0,10.843266,100,1747884600,Very Low,8.957238,12.078097,Very Low,12.45254,59.0,14.130435,100,1747884600,12.666667
2025-05-22T03:38:27Z,0,29.916,71.9,63,61.7,1,2,338,87,0.0,255,32767,0.11,2090-9-18,0.0,0.52,26.6,0.0,0.0,0.0,0,4.822265625,6,45,05:40,20:21,2025-05-22 03:38:27.682790,Città della Scienza,83.8,12.317782,7.364326,11.196548,8.54766,EU EEA Common AQI,64.5,10.684576,5.312456,7200,10.811594,100,100,60.6,10.133333,Very Low,64.0,10.843266,100,1747884600,Very Low,8.957238,12.078097,Very Low,12.45254,59.0,14.130435,100,1747884600,12.666667
2025-05-22T03:38:38Z,0,29.919,71.9,63,61.7,2,2,338,87,0.0,255,32767,0.11,2090-9-18,0.0,0.52,26.6,0.0,0.0,0.0,0,4.822265625,6,45,05:40,20:21,2025-05-22 03:38:38.753805,Città della Scienza,83.8,12.317782,7.364326,11.196548,8.54766,EU EEA Common AQI,64.5,10.684576,5.312456,7200,10.811594,100,100,60.6,10.133333,Very Low,64.0,10.843266,100,1747884600,Very Low,8.957238,12.078097,Very Low,12.45254,59.0,14.130435,100,1747884600,12.666667
2025-05-22T03:38:50Z,0,29.919,71.9,63,61.6,1,2,338,87,0.0,255,32767,0.11,2090-9-18,0.0,0.52,26.6,0.0,0.0,0.0,0,4.822265625,6,45,05:40,20:21,2025-05-22 03:38:49.871790,Città della Scienza,83.8,12.317782,7.364326,11.196548,8.54766,EU EEA Common AQI,64.5,10.684576,5.312456,7200,10.811594,100,100,60.6,10.133333,Very Low,64.0,10.843266,100,1747884600,Very Low,8.957238,12.078097,Very Low,12.45254,59.0,14.130435,100,1747884600,12.666667
2025-05-22T03:39:01Z,0,29.919,71.9,63,61.7,1,2,338,87,0.0,255,32767,0.11,2090-9-18,0.0,0.52,26.6,0.0,0.0,0.0,0,4.822265625,6,45,05:40,20:21,2025-05-22 03:39:00.922791,Città della Scienza,83.8,12.317782,7.364326,11.196548,8.54766,EU EEA Common AQI,64.5,10.684576,5.312456,7200,10.811594,100,100,60.6,10.133333,Very Low,64.0,10.843266,100,1747884600,Very Low,8.957238,12.078097,Very Low,12.45254,59.0,14.130435,100,1747884600,12.666667
2025-05-22T03:39:12Z,0,29.919,71.9,63,61.6,1,2,338,87,0.0,255,32767,0.11,2090-9-18,0.0,0.52,26.6,0.0,0.0,0.0,0,4.822265625,6,45,05:40,20:21,2025-05-22 03:39:12.005787,Città della Scienza,83.8,12.317782,7.364326,11.196548,8.54766,EU EEA Common AQI,64.5,10.684576,5.312456,7200,10.811594,100,100,60.6,10.133333,Very Low,64.0,10.843266,100,1747884600,Very Low,8.957238,12.078097,Very Low,12.45254,59.0,14.130435,100,1747884600,12.666667
2025-05-22T03:39:23Z,0,29.919,71.9,63,61.6,1,2,338,87,0.0,255,32767,0.11,2090-9-18,0.0,0.52,26.6,0.0,0.0,0.0,0,4.822265625,6,45,05:40,20:21,2025-05-22 03:39:23.075792,Città della Scienza,83.8,12.317782,7.364326,11.196548,8.54766,EU EEA Common AQI,64.5,10.684576,5.312456,7200,10.811594,100,100,60.6,10.133333,Very Low,64.0,10.843266,100,1747884600,Very Low,8.957238,12.078097,Very Low,12.45254,59.0,14.130435,100,1747884600,12.666667
2025-05-22T03:39:34Z,0,29.917,71.9,63,61.6,2,2,338,87,0.0,255,32767,0.11,2090-9-18,0.0,0.52,26.6,0.0,0.0,0.0,0,4.822265625,6,45,05:40,20:21,2025-05-22 03:39:34.128757,Città della Scienza,83.8,12.317782,7.364326,11.196548,8.54766,EU EEA Common AQI,64.5,10.684576,5.312456,7200,10.811594,100,100,60.6,10.133333,Very Low,64.0,10.843266,100,1747884600,Very Low,8.957238,12.078097,Very Low,12.45254,59.0,14.130435,100,1747884600,12.666667
2025-05-22T03:39:45Z,0,29.917,71.9,63,61.7,2,2,338,87,0.0,255,32767,0.11,2090-9-18,0.0,0.52,26.6,0.0,0.0,0.0,0,4.822265625,6,45,05:40,20:21,2025-05-22 03:39:45.199791,Città della Scienza,83.8,12.317782,7.364326,11.196548,8.54766,EU EEA Common AQI,64.5,10.684576,5.312456,7200,10.811594,100,100,60.6,10.133333,Very Low,64.0,10.843266,100,1747884600,Very Low,8.957238,12.078097,Very Low,12.45254,59.0,14.130435,100,1747884600,12.666667
2025-05-22T03:39:56Z,0,29.917,71.9,63,61.6,2,2,338,87,0.0,255,32767,0.11,2090-9-18,0.0,0.52,26.6,0.0,0.0,0.0,0,4.822265625,6,45,05:40,20:21,2025-05-22 03:39:56.254783,Città della Scienza,83.8,12.317782,7.364326,11.196548,8.54766,EU EEA Common AQI,64.5,10.684576,5.312456,7200,10.811594,100,100,60.6,10.133333,Very Low,64.0,10.843266,100,1747884600,Very Low,8.957238,12.078097,Very Low,12.45254,59.0,14.130435,100,1747884600,12.666667
2025-05-22T03:40:07Z,0,29.917,71.9,63,61.6,2,2,338,87,0.0,255,32767,0.11,2090-9-18,0.0,0.52,26.6,0.0,0.0,0.0,0,4.822265625,6,45,05:40,20:21,2025-05-22 03:40:07.330785,Città della Scienza,83.8,12.317782,7.364326,11.196548,8.54766,EU EEA Common AQI,64.5,10.684576,5.312456,7200,10.811594,100,100,60.6,10.133333,Very Low,64.0,10.843266,100,1747884600,Very Low,8.957238,12.078097,Very Low,12.45254,59.0,14.130435,100,1747884600,12.666667
2025-05-22T03:40:18Z,0,29.917,71.9,63,61.6,1,2,338,87,0.0,255,32767,0.11,2090-9-18,0.0,0.52,26.6,0.0,0.0,0.0,0,4.822265625,6,45,05:40,20:21,2025-05-22 03:40:18.472788,Città della Scienza,83.8,12.317782,7.364326,11.196548,8.54766,EU EEA Common AQI,64.5,10.684576,5.312456,7200,10.811594,100,100,60.6,10.133333,Very Low,64.0,10.843266,100,1747884600,Very Low,8.957238,12.078097,Very Low,12.45254,59.0,14.130435,100,1747884600,12.666667
2025-05-22T03:40:29Z,0,29.917,71.9,63,61.6,1,2,338,87,0.0,255,32767,0.11,2090-9-18,0.0,0.52,26.6,0.0,0.0,0.0,0,4.822265625,6,45,05:40,20:21,2025-05-22 03:40:29.493788,Città della Scienza,83.8,12.317782,7.364326,11.196548,8.54766,EU EEA Common AQI,64.5,10.684576,5.312456,7200,10.811594,100,100,60.6,10.133333,Very Low,64.0,10.843266,100,1747884600,Very Low,8.957238,12.078097,Very Low,12.45254,59.0,14.130435,100,1747884600,12.666667
2025-05-22T03:40:40Z,0,29.918,71.9,63,61.6,2,2,338,87,0.0,255,32767,0.11,2090-9-18,0.0,0.52,26.6,0.0,0.0,0.0,0,4.822265625,6,45,05:40,20:21,2025-05-22 03:40:40.515782,Città della Scienza,83.8,12.317782,7.364326,11.196548,8.54766,EU EEA Common AQI,64.5,10.684576,5.312456,7200,10.811594,100,100,60.6,10.133333,Very Low,64.0,10.843266,100,1747884600,Very Low,8.957238,12.078097,Very Low,12.45254,59.0,14.130435,100,1747884600,12.666667
2025-05-22T03:40:51Z,0,29.918,71.9,63,61.6,2,2,338,87,0.0,255,32767,0.11,2090-9-18,0.0,0.52,26.6,0.0,0.0,0.0,0,4.822265625,6,45,05:40,20:21,2025-05-22 03:40:51.628794,Città della Scienza,83.8,12.317782,7.364326,11.196548,8.54766,EU EEA Common AQI,64.5,10.684576,5.312456,7200,10.811594,100,100,60.6,10.133333,Very Low,64.0,10.843266,100,1747884600,Very Low,8.957238,12.078097,Very Low,12.45254,59.0,14.130435,100,1747884600,12.666667
2025-05-22T03:41:02Z,0,29.918,71.9,63,61.6,1,2,355,87,0.0,255,32767,0.11,2090-9-18,0.0,0.52,26.6,0.0,0.0,0.0,0,4.822265625,6,45,05:40,20:21,2025-05-22 03:41:02.684804,Città della Scienza,83.8,12.317782,7.364326,11.196548,8.54766,EU EEA Common AQI,64.5,10.684576,5.312456,7200,10.811594,100,100,60.6,10.133333,Very Low,64.0,10.843266,100,1747884600,Very Low,8.957238,12.078097,Very Low,12.45254,59.0,14.130435,100,1747884600,12.666667
2025-05-22T03:41:13Z,0,29.918,71.9,63,61.6,1,2,355,87,0.0,255,32767,0.11,2090-9-18,0.0,0.52,26.6,0.0,0.0,0.0,0,4.822265625,6,45,05:40,20:21,2025-05-22 03:41:13.793785,Città della Scienza,83.8,12.317782,7.364326,11.196548,8.54766,EU EEA Common AQI,64.5,10.684576,5.312456,7200,10.811594,100,100,60.6,10.133333,Very Low,64.0,10.843266,100,1747884600,Very Low,8.957238,12.078097,Very Low,12.45254,59.0,14.130435,100,1747884600,12.666667
2025-05-22T03:41:25Z,0,29.918,71.9,63,61.6,1,2,355,87,0.0,255,32767,0.11,2090-9-18,0.0,0.52,26.6,0.0,0.0,0.0,0,4.822265625,6,45,05:40,20:21,2025-05-22 03:41:24.917787,Città della Scienza,83.8,12.317782,7.364326,11.196548,8.54766,EU EEA Common AQI,64.5,10.684576,5.312456,7200,10.811594,100,100,60.6,10.133333,Very Low,64.0,10.843266,100,1747884600,Very Low,8.957238,12.078097,Very Low,12.45254,59.0,14.130435,100,1747884600,12.666667
2025-05-22T03:41:36Z,0,29.918,71.8,63,61.6,1,2,355,87,0.0,255,32767,0.11,2090-9-18,0.0,0.52,26.6,0.0,0.0,0.0,0,4.822265625,6,45,05:40,20:21,2025-05-22 03:41:35.995786,Città della Scienza,83.8,12.317782,7.364326,11.196548,8.54766,EU EEA Common AQI,64.5,10.684576,5.312456,7200,10.811594,100,100,60.6,10.133333,Very Low,64.0,10.843266,100,1747884600,Very Low,8.957238,12.078097,Very Low,12.45254,59.0,14.130435,100,1747884600,12.666667
2025-05-22T03:41:47Z,0,29.918,71.8,63,61.6,1,2,355,87,0.0,255,32767,0.11,2090-9-18,0.0,0.52,26.6,0.0,0.0,0.0,0,4.822265625,6,45,05:40,20:21,2025-05-22 03:41:47.073786,Città della Scienza,83.8,12.317782,7.364326,11.196548,8.54766,EU EEA Common AQI,64.5,10.684576,5.312456,7200,10.811594,100,100,60.6,10.133333,Very Low,64.0,10.843266,100,1747884600,Very Low,8.957238,12.078097,Very Low,12.45254,59.0,14.130435,100,1747884600,12.666667
2025-05-22T03:41:58Z,0,29.918,71.8,63,61.6,0,2,355,87,0.0,255,32767,0.11,2090-9-18,0.0,0.52,26.6,0.0,0.0,0.0,0,4.822265625,6,45,05:40,20:21,2025-05-22 03:41:58.144794,Città della Scienza,83.8,12.317782,7.364326,11.196548,8.54766,EU EEA Common AQI,64.5,10.684576,5.312456,7200,10.811594,100,100,60.6,10.133333,Very Low,64.0,10.843266,100,1747884600,Very Low,8.957238,12.078097,Very Low,12.45254,59.0,14.130435,100,1747884600,12.666667
2025-05-22T03:42:09Z,0,29.918,71.8,63,61.6,2,2,355,87,0.0,255,32767,0.11,2090-9-18,0.0,0.52,26.6,0.0,0.0,0.0,0,4.822265625,6,45,05:40,20:21,2025-05-22 03:42:09.220792,Città della Scienza,83.8,12.317782,7.364326,11.196548,8.54766,EU EEA Common AQI,64.5,10.684576,5.312456,7200,10.811594,100,100,60.6,10.133333,Very Low,64.0,10.843266,100,1747884600,Very Low,8.957238,12.078097,Very Low,12.45254,59.0,14.130435,100,1747884600,12.666667
2025-05-22T03:42:20Z,0,29.918,71.8,63,61.6,2,2,355,87,0.0,255,32767,0.11,2090-9-18,0.0,0.52,26.6,0.0,0.0,0.0,0,4.822265625,6,45,05:40,20:21,2025-05-22 03:42:20.319800,Città della Scienza,83.8,12.317782,7.364326,11.196548,8.54766,EU EEA Common AQI,64.5,10.684576,5.312456,7200,10.811594,100,100,60.6,10.133333,Very Low,64.0,10.843266,100,1747884600,Very Low,8.957238,12.078097,Very Low,12.45254,59.0,14.130435,100,1747884600,12.666667
2025-05-22T03:42:31Z,0,29.918,71.8,63,61.6,1,2,355,87,0.0,255,32767,0.11,2090-9-18,0.0,0.52,26.6,0.0,0.0,0.0,0,4.822265625,6,45,05:40,20:21,2025-05-22 03:42:31.357790,Città della Scienza,83.8,12.317782,7.364326,11.196548,8.54766,EU EEA Common AQI,64.5,10.684576,5.312456,7200,10.811594,100,100,60.6,10.133333,Very Low,64.0,10.843266,100,1747884600,Very Low,8.957238,12.078097,Very Low,12.45254,59.0,14.130435,100,1747884600,12.666667
2025-05-22T03:42:42Z,0,29.916,71.9,63,61.6,1,2,355,87,0.0,255,32767,0.11,2090-9-18,0.0,0.52,26.6,0.0,0.0,0.0,0,4.828125,6,45,05:40,20:21,2025-05-22 03:42:42.460783,Città della Scienza,83.8,12.317782,7.364326,11.196548,8.54766,EU EEA Common AQI,64.5,10.684576,5.312456,7200,10.811594,100,100,60.6,10.133333,Very Low,64.0,10.843266,100,1747884600,Very Low,8.957238,12.078097,Very Low,12.45254,59.0,14.130435,100,1747884600,12.666667
2025-05-22T03:42:53Z,0,29.916,71.9,63,61.6,2,2,355,87,0.0,255,32767,0.11,2090-9-18,0.0,0.52,26.6,0.0,0.0,0.0,0,4.828125,6,45,05:40,20:21,2025-05-22 03:42:53.564791,Città della Scienza,83.8,12.317782,7.364326,11.196548,8.54766,EU EEA Common AQI,64.5,10.684576,5.312456,7200,10.811594,100,100,60.6,10.133333,Very Low,64.0,10.843266,100,1747884600,Very Low,8.957238,12.078097,Very Low,12.45254,59.0,14.130435,100,1747884600,12.666667
2025-05-22T03:43:04Z,0,29.916,71.9,63,61.6,2,2,355,87,0.0,255,32767,0.11,2090-9-18,0.0,0.52,26.6,0.0,0.0,0.0,0,4.828125,6,45,05:40,20:21,2025-05-22 03:43:04.610853,Città della Scienza,83.8,12.317782,7.364326,11.196548,8.54766,EU EEA Common AQI,64.5,10.684576,5.312456,7200,10.811594,100,100,60.6,10.133333,Very Low,64.0,10.843266,100,1747884600,Very Low,8.957238,12.078097,Very Low,12.45254,59.0,14.130435,100,1747884600,12.666667
2025-05-22T03:43:15Z,0,29.916,71.9,63,61.5,1,2,355,87,0.0,255,32767,0.11,2090-9-18,0.0,0.52,26.6,0.0,0.0,0.0,0,4.828125,6,45,05:40,20:21,2025-05-22 03:43:15.700798,Città della Scienza,83.8,12.317782,7.364326,11.196548,8.54766,EU EEA Common AQI,64.5,10.684576,5.312456,7200,10.811594,100,100,60.6,10.133333,Very Low,64.0,10.843266,100,1747884600,Very Low,8.957238,12.078097,Very Low,12.45254,59.0,14.130435,100,1747884600,12.666667
2025-05-22T03:43:27Z,0,29.916,71.9,63,61.6,2,2,355,87,0.0,255,32767,0.11,2090-9-18,0.0,0.52,26.6,0.0,0.0,0.0,0,4.828125,6,45,05:40,20:21,2025-05-22 03:43:26.805798,Città della Scienza,83.8,12.317782,7.364326,11.196548,8.54766,EU EEA Common AQI,64.5,10.684576,5.312456,7200,10.811594,100,100,60.6,10.133333,Very Low,64.0,10.843266,100,1747884600,Very Low,8.957238,12.078097,Very Low,12.45254,59.0,14.130435,100,1747884600,12.666667
2025-05-22T03:43:38Z,0,29.919,71.8,63,61.6,1,2,355,87,0.0,255,32767,0.11,2090-9-18,0.0,0.52,26.6,0.0,0.0,0.0,0,4.822265625,6,45,05:40,20:21,2025-05-22 03:43:37.870791,Città della Scienza,83.8,12.317782,7.364326,11.196548,8.54766,EU EEA Common AQI,64.5,10.684576,5.312456,7200,10.811594,100,100,60.6,10.133333,Very Low,64.0,10.843266,100,1747884600,Very Low,8.957238,12.078097,Very Low,12.45254,59.0,14.130435,100,1747884600,12.666667
2025-05-22T03:43:49Z,0,29.919,71.8,63,61.6,1,2,355,87,0.0,255,32767,0.11,2090-9-18,0.0,0.52,26.6,0.0,0.0,0.0,0,4.822265625,6,45,05:40,20:21,2025-05-22 03:43:48.988784,Città della Scienza,83.8,12.317782,7.364326,11.196548,8.54766,EU EEA Common AQI,64.5,10.684576,5.312456,7200,10.811594,100,100,60.6,10.133333,Very Low,64.0,10.843266,100,1747884600,Very Low,8.957238,12.078097,Very Low,12.45254,59.0,14.130435,100,1747884600,12.666667
2025-05-22T03:44:00Z,0,29.919,71.8,63,61.6,1,2,355,87,0.0,255,32767,0.11,2090-9-18,0.0,0.52,26.6,0.0,0.0,0.0,0,4.822265625,6,45,05:40,20:21,2025-05-22 03:44:00.099806,Città della Scienza,83.8,12.317782,7.364326,11.196548,8.54766,EU EEA Common AQI,64.5,10.684576,5.312456,7200,10.811594,100,100,60.6,10.133333,Very Low,64.0,10.843266,100,1747884600,Very Low,8.957238,12.078097,Very Low,12.45254,59.0,14.130435,100,1747884600,12.666667
2025-05-22T03:44:11Z,0,29.919,71.8,63,61.6,1,2,355,87,0.0,255,32767,0.11,2090-9-18,0.0,0.52,26.6,0.0,0.0,0.0,0,4.822265625,6,45,05:40,20:21,2025-05-22 03:44:11.154790,Città della Scienza,83.8,12.317782,7.364326,11.196548,8.54766,EU EEA Common AQI,64.5,10.684576,5.312456,7200,10.811594,100,100,60.6,10.133333,Very Low,64.0,10.843266,100,1747884600,Very Low,8.957238,12.078097,Very Low,12.45254,59.0,14.130435,100,1747884600,12.666667
2025-05-22T03:44:22Z,0,29.919,71.8,63,61.6,2,2,355,87,0.0,255,32767,0.11,2090-9-18,0.0,0.52,26.6,0.0,0.0,0.0,0,4.822265625,6,45,05:40,20:21,2025-05-22 03:44:22.178791,Città della Scienza,83.8,12.317782,7.364326,11.196548,8.54766,EU EEA Common AQI,64.5,10.684576,5.312456,7200,10.811594,100,100,60.6,10.133333,Very Low,64.0,10.843266,100,1747884600,Very Low,8.957238,12.078097,Very Low,12.45254,59.0,14.130435,100,1747884600,12.666667
2025-05-22T03:44:33Z,0,29.919,71.9,63,61.6,2,1,355,87,0.0,255,32767,0.11,2090-9-18,0.0,0.52,26.6,0.0,0.0,0.0,0,4.822265625,6,45,05:40,20:21,2025-05-22 03:44:33.299789,Città della Scienza,83.8,12.317782,7.364326,11.196548,8.54766,EU EEA Common AQI,64.5,10.684576,5.312456,7200,10.811594,100,100,60.6,10.133333,Very Low,64.0,10.843266,100,1747884600,Very Low,8.957238,12.078097,Very Low,12.45254,59.0,14.130435,100,1747884600,12.666667
2025-05-22T03:44:44Z,0,29.919,71.9,63,61.6,2,1,355,87,0.0,255,32767,0.11,2090-9-18,0.0,0.52,26.6,0.0,0.0,0.0,0,4.822265625,6,45,05:40,20:21,2025-05-22 03:44:44.357793,Città della Scienza,83.8,12.317782,7.364326,11.196548,8.54766,EU EEA Common AQI,64.5,10.684576,5.312456,7200,10.811594,100,100,60.6,10.133333,Very Low,64.0,10.843266,100,1747884600,Very Low,8.957238,12.078097,Very Low,12.45254,59.0,14.130435,100,1747884600,12.666667
2025-05-22T03:44:55Z,0,29.919,71.9,63,61.6,2,1,355,87,0.0,255,32767,0.11,2090-9-18,0.0,0.52,26.6,0.0,0.0,0.0,0,4.822265625,6,45,05:40,20:21,2025-05-22 03:44:55.456786,Città della Scienza,83.8,12.317782,7.364326,11.196548,8.54766,EU EEA Common AQI,64.5,10.684576,5.312456,7200,10.811594,100,100,60.6,10.133333,Very Low,64.0,10.843266,100,1747884600,Very Low,8.957238,12.078097,Very Low,12.45254,59.0,14.130435,100,1747884600,12.666667
2025-05-22T03:45:06Z,0,29.919,71.9,63,61.5,1,1,355,87,0.0,255,32767,0.11,2090-9-18,0.0,0.52,26.6,0.0,0.0,0.0,0,4.822265625,6,45,05:40,20:21,2025-05-22 03:45:06.548793,Città della Scienza,83.8,12.317782,7.364326,11.196548,8.54766,EU EEA Common AQI,64.5,10.684576,5.312456,7200,10.811594,100,100,60.6,10.133333,Very Low,64.0,10.843266,100,1747884600,Very Low,8.957238,12.078097,Very Low,12.45254,59.0,14.130435,100,1747884600,12.666667
2025-05-22T03:45:17Z,0,29.919,71.9,63,61.5,1,1,355,87,0.0,255,32767,0.11,2090-9-18,0.0,0.52,26.6,0.0,0.0,0.0,0,4.822265625,6,45,05:40,20:21,2025-05-22 03:45:17.674794,Città della Scienza,83.8,12.317782,7.364326,11.196548,8.54766,EU EEA Common AQI,64.5,10.684576,5.312456,7200,10.811594,100,100,60.6,10.133333,Very Low,64.0,10.843266,100,1747884600,Very Low,8.957238,12.078097,Very Low,12.45254,59.0,14.130435,100,1747884600,12.666667
2025-05-22T03:45:28Z,0,29.919,71.9,63,61.5,1,1,355,87,0.0,255,32767,0.11,2090-9-18,0.0,0.52,26.6,0.0,0.0,0.0,0,4.822265625,6,45,05:40,20:21,2025-05-22 03:45:28.755786,Città della Scienza,83.3,12.60203,7.3578935,11.7916565,8.83297,EU EEA Common AQI,64.5,11.041212,5.3292637,7200,10.434783,100,100,60.6,9.692753,Very Low,64.0,11.135107,100,1747885500,Very Low,9.433325,12.46479,Very Low,13.140015,58.9,14.985507,100,1747885500,12.115942
2025-05-22T03:45:40Z,0,29.916,71.9,63,61.5,1,1,355,87,0.0,255,32767,0.11,2090-9-18,0.0,0.52,26.6,0.0,0.0,0.0,0,4.822265625,6,45,05:40,20:21,2025-05-22 03:45:39.858792,Città della Scienza,83.3,12.60203,7.3578935,11.7916565,8.83297,EU EEA Common AQI,64.5,11.041212,5.3292637,7200,10.434783,100,100,60.6,9.692753,Very Low,64.0,11.135107,100,1747885500,Very Low,9.433325,12.46479,Very Low,13.140015,58.9,14.985507,100,1747885500,12.115942
2025-05-22T03:45:51Z,0,29.916,71.9,63,61.5,1,1,355,87,0.0,255,32767,0.11,2090-9-18,0.0,0.52,26.6,0.0,0.0,0.0,0,4.822265625,6,45,05:40,20:21,2025-05-22 03:45:50.954792,Città della Scienza,83.3,12.60203,7.3578935,11.7916565,8.83297,EU EEA Common AQI,64.5,11.041212,5.3292637,7200,10.434783,100,100,60.6,9.692753,Very Low,64.0,11.135107,100,1747885500,Very Low,9.433325,12.46479,Very Low,13.140015,58.9,14.985507,100,1747885500,12.115942
2025-05-22T03:46:02Z,0,29.916,71.9,63,61.5,1,1,355,87,0.0,255,32767,0.11,2090-9-18,0.0,0.52,26.6,0.0,0.0,0.0,0,4.822265625,6,45,05:40,20:21,2025-05-22 03:46:02.028791,Città della Scienza,83.3,12.60203,7.3578935,11.7916565,8.83297,EU EEA Common AQI,64.5,11.041212,5.3292637,7200,10.434783,100,100,60.6,9.692753,Very Low,64.0,11.135107,100,1747885500,Very Low,9.433325,12.46479,Very Low,13.140015,58.9,14.985507,100,1747885500,12.115942
2025-05-22T03:46:13Z,0,29.916,71.9,63,61.5,2,1,355,87,0.0,255,32767,0.11,2090-9-18,0.0,0.52,26.6,0.0,0.0,0.0,0,4.822265625,6,45,05:40,20:21,2025-05-22 03:46:13.097754,Città della Scienza,83.3,12.60203,7.3578935,11.7916565,8.83297,EU EEA Common AQI,64.5,11.041212,5.3292637,7200,10.434783,100,100,60.6,9.692753,Very Low,64.0,11.135107,100,1747885500,Very Low,9.433325,12.46479,Very Low,13.140015,58.9,14.985507,100,1747885500,12.115942
2025-05-22T03:46:24Z,0,29.916,71.9,63,61.5,2,1,355,87,0.0,255,32767,0.11,2090-9-18,0.0,0.52,26.6,0.0,0.0,0.0,0,4.822265625,6,45,05:40,20:21,2025-05-22 03:46:24.158792,Città della Scienza,83.3,12.60203,7.3578935,11.7916565,8.83297,EU EEA Common AQI,64.5,11.041212,5.3292637,7200,10.434783,100,100,60.6,9.692753,Very Low,64.0,11.135107,100,1747885500,Very Low,9.433325,12.46479,Very Low,13.140015,58.9,14.985507,100,1747885500,12.115942
2025-05-22T03:46:35Z,0,29.919,71.9,63,61.5,2,1,355,87,0.0,255,32767,0.11,2090-9-18,0.0,0.52,26.6,0.0,0.0,0.0,0,4.822265625,6,45,05:40,20:21,2025-05-22 03:46:35.227785,Città della Scienza,83.3,12.60203,7.3578935,11.7916565,8.83297,EU EEA Common AQI,64.5,11.041212,5.3292637,7200,10.434783,100,100,60.6,9.692753,Very Low,64.0,11.135107,100,1747885500,Very Low,9.433325,12.46479,Very Low,13.140015,58.9,14.985507,100,1747885500,12.115942
2025-05-22T03:46:46Z,0,29.919,71.9,63,61.5,2,1,355,87,0.0,255,32767,0.11,2090-9-18,0.0,0.52,26.6,0.0,0.0,0.0,0,4.822265625,6,45,05:40,20:21,2025-05-22 03:46:46.331791,Città della Scienza,83.3,12.60203,7.3578935,11.7916565,8.83297,EU EEA Common AQI,64.5,11.041212,5.3292637,7200,10.434783,100,100,60.6,9.692753,Very Low,64.0,11.135107,100,1747885500,Very Low,9.433325,12.46479,Very Low,13.140015,58.9,14.985507,100,1747885500,12.115942
2025-05-22T03:46:57Z,0,29.919,71.9,63,61.5,2,1,360,87,0.0,255,32767,0.11,2090-9-18,0.0,0.52,26.6,0.0,0.0,0.0,0,4.822265625,6,45,05:40,20:21,2025-05-22 03:46:57.421795,Città della Scienza,83.3,12.60203,7.3578935,11.7916565,8.83297,EU EEA Common AQI,64.5,11.041212,5.3292637,7200,10.434783,100,100,60.6,9.692753,Very Low,64.0,11.135107,100,1747885500,Very Low,9.433325,12.46479,Very Low,13.140015,58.9,14.985507,100,1747885500,12.115942
2025-05-22T03:47:08Z,0,29.919,71.9,63,61.5,2,1,355,87,0.0,255,32767,0.11,2090-9-18,0.0,0.52,26.6,0.0,0.0,0.0,0,4.822265625,6,45,05:40,20:21,2025-05-22 03:47:08.489787,Città della Scienza,83.3,12.60203,7.3578935,11.7916565,8.83297,EU EEA Common AQI,64.5,11.041212,5.3292637,7200,10.434783,100,100,60.6,9.692753,Very Low,64.0,11.135107,100,1747885500,Very Low,9.433325,12.46479,Very Low,13.140015,58.9,14.985507,100,1747885500,12.115942
2025-05-22T03:47:19Z,0,29.919,71.9,63,61.5,2,1,355,87,0.0,255,32767,0.11,2090-9-18,0.0,0.52,26.6,0.0,0.0,0.0,0,4.822265625,6,45,05:40,20:21,2025-05-22 03:47:19.567788,Città della Scienza,83.3,12.60203,7.3578935,11.7916565,8.83297,EU EEA Common AQI,64.5,11.041212,5.3292637,7200,10.434783,100,100,60.6,9.692753,Very Low,64.0,11.135107,100,1747885500,Very Low,9.433325,12.46479,Very Low,13.140015,58.9,14.985507,100,1747885500,12.115942
2025-05-22T03:47:30Z,0,29.919,71.9,63,61.5,1,1,360,87,0.0,255,32767,0.11,2090-9-18,0.0,0.52,26.6,0.0,0.0,0.0,0,4.822265625,6,45,05:40,20:21,2025-05-22 03:47:30.642790,Città della Scienza,83.3,12.60203,7.3578935,11.7916565,8.83297,EU EEA Common AQI,64.5,11.041212,5.3292637,7200,10.434783,100,100,60.6,9.692753,Very Low,64.0,11.135107,100,1747885500,Very Low,9.433325,12.46479,Very Low,13.140015,58.9,14.985507,100,1747885500,12.115942
2025-05-22T03:47:41Z,0,29.92,71.9,63,61.5,2,2,350,87,0.0,255,32767,0.11,2090-9-18,0.0,0.52,26.6,0.0,0.0,0.0,0,4.822265625,6,45,05:40,20:21,2025-05-22 03:47:41.770791,Città della Scienza,83.3,12.60203,7.3578935,11.7916565,8.83297,EU EEA Common AQI,64.5,11.041212,5.3292637,7200,10.434783,100,100,60.6,9.692753,Very Low,64.0,11.135107,100,1747885500,Very Low,9.433325,12.46479,Very Low,13.140015,58.9,14.985507,100,1747885500,12.115942
2025-05-22T03:47:53Z,0,29.92,71.9,63,61.4,3,2,349,87,0.0,255,32767,0.11,2090-9-18,0.0,0.52,26.6,0.0,0.0,0.0,0,4.822265625,6,45,05:40,20:21,2025-05-22 03:47:52.812797,Città della Scienza,83.3,12.60203,7.3578935,11.7916565,8.83297,EU EEA Common AQI,64.5,11.041212,5.3292637,7200,10.434783,100,100,60.6,9.692753,Very Low,64.0,11.135107,100,1747885500,Very Low,9.433325,12.46479,Very Low,13.140015,58.9,14.985507,100,1747885500,12.115942
2025-05-22T03:48:04Z,0,29.92,71.9,63,61.5,2,2,355,87,0.0,255,32767,0.11,2090-9-18,0.0,0.52,26.6,0.0,0.0,0.0,0,4.822265625,6,45,05:40,20:21,2025-05-22 03:48:03.914789,Città della Scienza,83.3,12.60203,7.3578935,11.7916565,8.83297,EU EEA Common AQI,64.5,11.041212,5.3292637,7200,10.434783,100,100,60.6,9.692753,Very Low,64.0,11.135107,100,1747885500,Very Low,9.433325,12.46479,Very Low,13.140015,58.9,14.985507,100,1747885500,12.115942
2025-05-22T03:48:15Z,0,29.92,71.9,63,61.5,2,2,355,87,0.0,255,32767,0.11,2090-9-18,0.0,0.52,26.6,0.0,0.0,0.0,0,4.822265625,6,45,05:40,20:21,2025-05-22 03:48:14.937787,Città della Scienza,83.3,12.60203,7.3578935,11.7916565,8.83297,EU EEA Common AQI,64.5,11.041212,5.3292637,7200,10.434783,100,100,60.6,9.692753,Very Low,64.0,11.135107,100,1747885500,Very Low,9.433325,12.46479,Very Low,13.140015,58.9,14.985507,100,1747885500,12.115942
2025-05-22T03:48:26Z,0,29.92,71.9,63,61.4,2,2,355,87,0.0,255,32767,0.11,2090-9-18,0.0,0.52,26.6,0.0,0.0,0.0,0,4.822265625,6,45,05:40,20:21,2025-05-22 03:48:26.031799,Città della Scienza,83.3,12.60203,7.3578935,11.7916565,8.83297,EU EEA Common AQI,64.5,11.041212,5.3292637,7200,10.434783,100,100,60.6,9.692753,Very Low,64.0,11.135107,100,1747885500,Very Low,9.433325,12.46479,Very Low,13.140015,58.9,14.985507,100,1747885500,12.115942
2025-05-22T03:48:37Z,0,29.92,71.9,63,61.4,1,2,346,87,0.0,255,32767,0.11,2090-9-18,0.0,0.52,26.6,0.0,0.0,0.0,0,4.822265625,6,45,05:40,20:21,2025-05-22 03:48:37.104756,Città della Scienza,83.3,12.60203,7.3578935,11.7916565,8.83297,EU EEA Common AQI,64.5,11.041212,5.3292637,7200,10.434783,100,100,60.6,9.692753,Very Low,64.0,11.135107,100,1747885500,Very Low,9.433325,12.46479,Very Low,13.140015,58.9,14.985507,100,1747885500,12.115942
2025-05-22T03:48:48Z,0,29.92,71.9,63,61.4,2,2,346,87,0.0,255,32767,0.11,2090-9-18,0.0,0.52,26.6,0.0,0.0,0.0,0,4.822265625,6,45,05:40,20:21,2025-05-22 03:48:48.208782,Città della Scienza,83.3,12.60203,7.3578935,11.7916565,8.83297,EU EEA Common AQI,64.5,11.041212,5.3292637,7200,10.434783,100,100,60.6,9.692753,Very Low,64.0,11.135107,100,1747885500,Very Low,9.433325,12.46479,Very Low,13.140015,58.9,14.985507,100,1747885500,12.115942
2025-05-22T03:48:59Z,0,29.92,71.9,63,61.5,2,2,346,87,0.0,255,32767,0.11,2090-9-18,0.0,0.52,26.6,0.0,0.0,0.0,0,4.822265625,6,45,05:40,20:21,2025-05-22 03:48:59.291787,Città della Scienza,83.3,12.60203,7.3578935,11.7916565,8.83297,EU EEA Common AQI,64.5,11.041212,5.3292637,7200,10.434783,100,100,60.6,9.692753,Very Low,64.0,11.135107,100,1747885500,Very Low,9.433325,12.46479,Very Low,13.140015,58.9,14.985507,100,1747885500,12.115942
2025-05-22T03:49:10Z,0,29.92,71.9,63,61.5,2,2,346,87,0.0,255,32767,0.11,2090-9-18,0.0,0.52,26.6,0.0,0.0,0.0,0,4.822265625,6,45,05:40,20:21,2025-05-22 03:49:10.392794,Città della Scienza,83.3,12.60203,7.3578935,11.7916565,8.83297,EU EEA Common AQI,64.5,11.041212,5.3292637,7200,10.434783,100,100,60.6,9.692753,Very Low,64.0,11.135107,100,1747885500,Very Low,9.433325,12.46479,Very Low,13.140015,58.9,14.985507,100,1747885500,12.115942
2025-05-22T03:49:21Z,0,29.92,71.9,63,61.5,2,2,346,87,0.0,255,32767,0.11,2090-9-18,0.0,0.52,26.6,0.0,0.0,0.0,0,4.822265625,6,45,05:40,20:21,2025-05-22 03:49:21.452788,Città della Scienza,83.3,12.60203,7.3578935,11.7916565,8.83297,EU EEA Common AQI,64.5,11.041212,5.3292637,7200,10.434783,100,100,60.6,9.692753,Very Low,64.0,11.135107,100,1747885500,Very Low,9.433325,12.46479,Very Low,13.140015,58.9,14.985507,100,1747885500,12.115942
2025-05-22T03:49:32Z,0,29.92,71.9,63,61.4,2,2,346,87,0.0,255,32767,0.11,2090-9-18,0.0,0.52,26.6,0.0,0.0,0.0,0,4.822265625,6,45,05:40,20:21,2025-05-22 03:49:32.705798,Città della Scienza,83.3,12.60203,7.3578935,11.7916565,8.83297,EU EEA Common AQI,64.5,11.041212,5.3292637,7200,10.434783,100,100,60.6,9.692753,Very Low,64.0,11.135107,100,1747885500,Very Low,9.433325,12.46479,Very Low,13.140015,58.9,14.985507,100,1747885500,12.115942
2025-05-22T03:49:43Z,0,29.919,71.9,63,61.4,2,2,348,87,0.0,255,32767,0.11,2090-9-18,0.0,0.52,26.6,0.0,0.0,0.0,0,4.822265625,6,45,05:40,20:21,2025-05-22 03:49:43.760788,Città della Scienza,83.3,12.60203,7.3578935,11.7916565,8.83297,EU EEA Common AQI,64.5,11.041212,5.3292637,7200,10.434783,100,100,60.6,9.692753,Very Low,64.0,11.135107,100,1747885500,Very Low,9.433325,12.46479,Very Low,13.140015,58.9,14.985507,100,1747885500,12.115942
2025-05-22T03:49:55Z,0,29.919,71.9,63,61.4,2,2,348,87,0.0,255,32767,0.11,2090-9-18,0.0,0.52,26.6,0.0,0.0,0.0,0,4.822265625,6,45,05:40,20:21,2025-05-22 03:49:54.834784,Città della Scienza,83.3,12.60203,7.3578935,11.7916565,8.83297,EU EEA Common AQI,64.5,11.041212,5.3292637,7200,10.434783,100,100,60.6,9.692753,Very Low,64.0,11.135107,100,1747885500,Very Low,9.433325,12.46479,Very Low,13.140015,58.9,14.985507,100,1747885500,12.115942
2025-05-22T03:50:06Z,0,29.919,71.9,63,61.5,2,2,348,87,0.0,255,32767,0.11,2090-9-18,0.0,0.52,26.6,0.0,0.0,0.0,0,4.822265625,6,45,05:40,20:21,2025-05-22 03:50:05.893795,Città della Scienza,83.3,12.60203,7.3578935,11.7916565,8.83297,EU EEA Common AQI,64.5,11.041212,5.3292637,7200,10.434783,100,100,60.6,9.692753,Very Low,64.0,11.135107,100,1747885500,Very Low,9.433325,12.46479,Very Low,13.140015,58.9,14.985507,100,1747885500,12.115942
2025-05-22T03:50:17Z,0,29.919,71.9,63,61.5,1,2,348,87,0.0,255,32767,0.11,2090-9-18,0.0,0.52,26.6,0.0,0.0,0.0,0,4.822265625,6,45,05:40,20:21,2025-05-22 03:50:16.972790,Città della Scienza,83.3,12.60203,7.3578935,11.7916565,8.83297,EU EEA Common AQI,64.5,11.041212,5.3292637,7200,10.434783,100,100,60.6,9.692753,Very Low,64.0,11.135107,100,1747885500,Very Low,9.433325,12.46479,Very Low,13.140015,58.9,14.985507,100,1747885500,12.115942
2025-05-22T03:50:28Z,0,29.919,71.9,63,61.5,2,2,348,87,0.0,255,32767,0.11,2090-9-18,0.0,0.52,26.6,0.0,0.0,0.0,0,4.822265625,6,45,05:40,20:21,2025-05-22 03:50:28.091787,Città della Scienza,83.3,12.60203,7.3578935,11.7916565,8.83297,EU EEA Common AQI,64.5,11.041212,5.3292637,7200,10.434783,100,100,60.6,9.692753,Very Low,64.0,11.135107,100,1747885500,Very Low,9.433325,12.46479,Very Low,13.140015,58.9,14.985507,100,1747885500,12.115942
2025-05-22T03:50:39Z,0,29.92,71.8,63,61.5,2,2,348,87,0.0,255,32767,0.11,2090-9-18,0.0,0.52,26.6,0.0,0.0,0.0,0,4.822265625,6,45,05:40,20:21,2025-05-22 03:50:39.168787,Città della Scienza,83.3,12.60203,7.3578935,11.7916565,8.83297,EU EEA Common AQI,64.5,11.041212,5.3292637,7200,10.434783,100,100,60.6,9.692753,Very Low,64.0,11.135107,100,1747885500,Very Low,9.433325,12.46479,Very Low,13.140015,58.9,14.985507,100,1747885500,12.115942
2025-05-22T03:50:50Z,0,29.92,71.8,63,61.5,2,2,348,87,0.0,255,32767,0.11,2090-9-18,0.0,0.52,26.6,0.0,0.0,0.0,0,4.822265625,6,45,05:40,20:21,2025-05-22 03:50:50.219803,Città della Scienza,83.3,12.60203,7.3578935,11.7916565,8.83297,EU EEA Common AQI,64.5,11.041212,5.3292637,7200,10.434783,100,100,60.6,9.692753,Very Low,64.0,11.135107,100,1747885500,Very Low,9.433325,12.46479,Very Low,13.140015,58.9,14.985507,100,1747885500,12.115942
2025-05-22T03:51:01Z,0,29.92,71.8,63,61.5,2,2,348,87,0.0,255,32767,0.11,2090-9-18,0.0,0.52,26.6,0.0,0.0,0.0,0,4.822265625,6,45,05:40,20:21,2025-05-22 03:51:01.299795,Città della Scienza,83.3,12.60203,7.3578935,11.7916565,8.83297,EU EEA Common AQI,64.5,11.041212,5.3292637,7200,10.434783,100,100,60.6,9.692753,Very Low,64.0,11.135107,100,1747885500,Very Low,9.433325,12.46479,Very Low,13.140015,58.9,14.985507,100,1747885500,12.115942
2025-05-22T03:51:12Z,0,29.92,71.8,63,61.5,1,2,348,87,0.0,255,32767,0.11,2090-9-18,0.0,0.52,26.6,0.0,0.0,0.0,0,4.822265625,6,45,05:40,20:21,2025-05-22 03:51:12.372793,Città della Scienza,83.3,12.60203,7.3578935,11.7916565,8.83297,EU EEA Common AQI,64.5,11.041212,5.3292637,7200,10.434783,100,100,60.6,9.692753,Very Low,64.0,11.135107,100,1747885500,Very Low,9.433325,12.46479,Very Low,13.140015,58.9,14.985507,100,1747885500,12.115942
2025-05-22T03:51:23Z,0,29.92,71.8,63,61.4,1,2,348,87,0.0,255,32767,0.11,2090-9-18,0.0,0.52,26.6,0.0,0.0,0.0,0,4.822265625,6,45,05:40,20:21,2025-05-22 03:51:23.494783,Città della Scienza,83.3,12.60203,7.3578935,11.7916565,8.83297,EU EEA Common AQI,64.5,11.041212,5.3292637,7200,10.434783,100,100,60.6,9.692753,Very Low,64.0,11.135107,100,1747885500,Very Low,9.433325,12.46479,Very Low,13.140015,58.9,14.985507,100,1747885500,12.115942
2025-05-22T03:51:34Z,0,29.919,71.8,63,61.5,1,2,348,87,0.0,255,32767,0.11,2090-9-18,0.0,0.52,26.6,0.0,0.0,0.0,0,4.828125,6,45,05:40,20:21,2025-05-22 03:51:34.526788,Città della Scienza,83.3,12.60203,7.3578935,11.7916565,8.83297,EU EEA Common AQI,64.5,11.041212,5.3292637,7200,10.434783,100,100,60.6,9.692753,Very Low,64.0,11.135107,100,1747885500,Very Low,9.433325,12.46479,Very Low,13.140015,58.9,14.985507,100,1747885500,12.115942
2025-05-22T03:51:45Z,0,29.919,71.8,63,61.5,1,2,348,87,0.0,255,32767,0.11,2090-9-18,0.0,0.52,26.6,0.0,0.0,0.0,0,4.828125,6,45,05:40,20:21,2025-05-22 03:51:45.596789,Città della Scienza,83.3,12.60203,7.3578935,11.7916565,8.83297,EU EEA Common AQI,64.5,11.041212,5.3292637,7200,10.434783,100,100,60.6,9.692753,Very Low,64.0,11.135107,100,1747885500,Very Low,9.433325,12.46479,Very Low,13.140015,58.9,14.985507,100,1747885500,12.115942
2025-05-22T03:51:56Z,0,29.919,71.8,63,61.5,0,2,348,87,0.0,255,32767,0.11,2090-9-18,0.0,0.52,26.6,0.0,0.0,0.0,0,4.828125,6,45,05:40,20:21,2025-05-22 03:51:56.716803,Città della Scienza,83.3,12.60203,7.3578935,11.7916565,8.83297,EU EEA Common AQI,64.5,11.041212,5.3292637,7200,10.434783,100,100,60.6,9.692753,Very Low,64.0,11.135107,100,1747885500,Very Low,9.433325,12.46479,Very Low,13.140015,58.9,14.985507,100,1747885500,12.115942
2025-05-22T03:52:07Z,0,29.919,71.8,63,61.4,0,2,348,87,0.0,255,32767,0.11,2090-9-18,0.0,0.52,26.6,0.0,0.0,0.0,0,4.828125,6,45,05:40,20:21,2025-05-22 03:52:07.794753,Città della Scienza,83.3,12.60203,7.3578935,11.7916565,8.83297,EU EEA Common AQI,64.5,11.041212,5.3292637,7200,10.434783,100,100,60.6,9.692753,Very Low,64.0,11.135107,100,1747885500,Very Low,9.433325,12.46479,Very Low,13.140015,58.9,14.985507,100,1747885500,12.115942
2025-05-22T03:52:19Z,0,29.919,71.8,63,61.5,1,2,348,87,0.0,255,32767,0.11,2090-9-18,0.0,0.52,26.6,0.0,0.0,0.0,0,4.828125,6,45,05:40,20:21,2025-05-22 03:52:18.880795,Città della Scienza,83.3,12.60203,7.3578935,11.7916565,8.83297,EU EEA Common AQI,64.5,11.041212,5.3292637,7200,10.434783,100,100,60.6,9.692753,Very Low,64.0,11.135107,100,1747885500,Very Low,9.433325,12.46479,Very Low,13.140015,58.9,14.985507,100,1747885500,12.115942
2025-05-22T03:52:30Z,0,29.919,71.8,63,61.5,1,2,348,87,0.0,255,32767,0.11,2090-9-18,0.0,0.52,26.6,0.0,0.0,0.0,0,4.828125,6,45,05:40,20:21,2025-05-22 03:52:29.957792,Città della Scienza,83.3,12.60203,7.3578935,11.7916565,8.83297,EU EEA Common AQI,64.5,11.041212,5.3292637,7200,10.434783,100,100,60.6,9.692753,Very Low,64.0,11.135107,100,1747885500,Very Low,9.433325,12.46479,Very Low,13.140015,58.9,14.985507,100,1747885500,12.115942
2025-05-22T03:52:41Z,0,29.922,71.8,63,61.4,1,2,348,87,0.0,255,32767,0.11,2090-9-18,0.0,0.52,26.6,0.0,0.0,0.0,0,4.822265625,6,45,05:40,20:21,2025-05-22 03:52:41.057794,Città della Scienza,83.3,12.60203,7.3578935,11.7916565,8.83297,EU EEA Common AQI,64.5,11.041212,5.3292637,7200,10.434783,100,100,60.6,9.692753,Very Low,64.0,11.135107,100,1747885500,Very Low,9.433325,12.46479,Very Low,13.140015,58.9,14.985507,100,1747885500,12.115942
2025-05-22T03:52:52Z,0,29.922,71.8,63,61.4,1,2,348,87,0.0,255,32767,0.11,2090-9-18,0.0,0.52,26.6,0.0,0.0,0.0,0,4.822265625,6,45,05:40,20:21,2025-05-22 03:52:52.169803,Città della Scienza,83.3,12.60203,7.3578935,11.7916565,8.83297,EU EEA Common AQI,64.5,11.041212,5.3292637,7200,10.434783,100,100,60.6,9.692753,Very Low,64.0,11.135107,100,1747885500,Very Low,9.433325,12.46479,Very Low,13.140015,58.9,14.985507,100,1747885500,12.115942
2025-05-22T03:53:03Z,0,29.922,71.8,63,61.4,0,2,348,87,0.0,255,32767,0.11,2090-9-18,0.0,0.52,26.6,0.0,0.0,0.0,0,4.822265625,6,45,05:40,20:21,2025-05-22 03:53:03.241794,Città della Scienza,83.3,12.60203,7.3578935,11.7916565,8.83297,EU EEA Common AQI,64.5,11.041212,5.3292637,7200,10.434783,100,100,60.6,9.692753,Very Low,64.0,11.135107,100,1747885500,Very Low,9.433325,12.46479,Very Low,13.140015,58.9,14.985507,100,1747885500,12.115942
2025-05-22T03:53:14Z,0,29.922,71.8,63,61.4,0,2,348,87,0.0,255,32767,0.11,2090-9-18,0.0,0.52,26.6,0.0,0.0,0.0,0,4.822265625,6,45,05:40,20:21,2025-05-22 03:53:14.355787,Città della Scienza,83.3,12.60203,7.3578935,11.7916565,8.83297,EU EEA Common AQI,64.5,11.041212,5.3292637,7200,10.434783,100,100,60.6,9.692753,Very Low,64.0,11.135107,100,1747885500,Very Low,9.433325,12.46479,Very Low,13.140015,58.9,14.985507,100,1747885500,12.115942
2025-05-22T03:53:25Z,0,29.922,71.8,63,61.5,0,2,348,87,0.0,255,32767,0.11,2090-9-18,0.0,0.52,26.6,0.0,0.0,0.0,0,4.822265625,6,45,05:40,20:21,2025-05-22 03:53:25.392793,Città della Scienza,83.3,12.60203,7.3578935,11.7916565,8.83297,EU EEA Common AQI,64.5,11.041212,5.3292637,7200,10.434783,100,100,60.6,9.692753,Very Low,64.0,11.135107,100,1747885500,Very Low,9.433325,12.46479,Very Low,13.140015,58.9,14.985507,100,1747885500,12.115942
2025-05-22T03:53:36Z,0,29.919,71.8,63,61.5,0,2,348,87,0.0,255,32767,0.11,2090-9-18,0.0,0.52,26.6,0.0,0.0,0.0,0,4.822265625,6,45,05:40,20:21,2025-05-22 03:53:36.479773,Città della Scienza,83.3,12.60203,7.3578935,11.7916565,8.83297,EU EEA Common AQI,64.5,11.041212,5.3292637,7200,10.434783,100,100,60.6,9.692753,Very Low,64.0,11.135107,100,1747885500,Very Low,9.433325,12.46479,Very Low,13.140015,58.9,14.985507,100,1747885500,12.115942
2025-05-22T03:53:47Z,0,29.919,71.8,63,61.5,0,2,348,87,0.0,255,32767,0.11,2090-9-18,0.0,0.52,26.6,0.0,0.0,0.0,0,4.822265625,6,45,05:40,20:21,2025-05-22 03:53:47.561789,Città della Scienza,83.3,12.60203,7.3578935,11.7916565,8.83297,EU EEA Common AQI,64.5,11.041212,5.3292637,7200,10.434783,100,100,60.6,9.692753,Very Low,64.0,11.135107,100,1747885500,Very Low,9.433325,12.46479,Very Low,13.140015,58.9,14.985507,100,1747885500,12.115942
2025-05-22T03:53:58Z,0,29.919,71.8,63,61.5,0,2,348,87,0.0,255,32767,0.11,2090-9-18,0.0,0.52,26.6,0.0,0.0,0.0,0,4.822265625,6,45,05:40,20:21,2025-05-22 03:53:58.655792,Città della Scienza,83.3,12.60203,7.3578935,11.7916565,8.83297,EU EEA Common AQI,64.5,11.041212,5.3292637,7200,10.434783,100,100,60.6,9.692753,Very Low,64.0,11.135107,100,1747885500,Very Low,9.433325,12.46479,Very Low,13.140015,58.9,14.985507,100,1747885500,12.115942
2025-05-22T03:54:09Z,0,29.919,71.8,63,61.5,0,2,348,87,0.0,255,32767,0.11,2090-9-18,0.0,0.52,26.6,0.0,0.0,0.0,0,4.822265625,6,45,05:40,20:21,2025-05-22 03:54:09.730803,Città della Scienza,83.3,12.60203,7.3578935,11.7916565,8.83297,EU EEA Common AQI,64.5,11.041212,5.3292637,7200,10.434783,100,100,60.6,9.692753,Very Low,64.0,11.135107,100,1747885500,Very Low,9.433325,12.46479,Very Low,13.140015,58.9,14.985507,100,1747885500,12.115942
2025-05-22T03:54:20Z,0,29.919,71.8,63,61.5,0,2,348,87,0.0,255,32767,0.11,2090-9-18,0.0,0.52,26.6,0.0,0.0,0.0,0,4.822265625,6,45,05:40,20:21,2025-05-22 03:54:20.794803,Città della Scienza,83.3,12.60203,7.3578935,11.7916565,8.83297,EU EEA Common AQI,64.5,11.041212,5.3292637,7200,10.434783,100,100,60.6,9.692753,Very Low,64.0,11.135107,100,1747885500,Very Low,9.433325,12.46479,Very Low,13.140015,58.9,14.985507,100,1747885500,12.115942
2025-05-22T03:54:32Z,0,29.919,71.8,63,61.5,0,2,348,87,0.0,255,32767,0.11,2090-9-18,0.0,0.52,26.6,0.0,0.0,0.0,0,4.822265625,6,45,05:40,20:21,2025-05-22 03:54:31.843804,Città della Scienza,83.3,12.60203,7.3578935,11.7916565,8.83297,EU EEA Common AQI,64.5,11.041212,5.3292637,7200,10.434783,100,100,60.6,9.692753,Very Low,64.0,11.135107,100,1747885500,Very Low,9.433325,12.46479,Very Low,13.140015,58.9,14.985507,100,1747885500,12.115942
2025-05-22T03:54:43Z,0,29.92,71.8,63,61.5,0,2,348,87,0.0,255,32767,0.11,2090-9-18,0.0,0.52,26.6,0.0,0.0,0.0,0,4.822265625,6,45,05:40,20:21,2025-05-22 03:54:42.907790,Città della Scienza,83.3,12.60203,7.3578935,11.7916565,8.83297,EU EEA Common AQI,64.5,11.041212,5.3292637,7200,10.434783,100,100,60.6,9.692753,Very Low,64.0,11.135107,100,1747885500,Very Low,9.433325,12.46479,Very Low,13.140015,58.9,14.985507,100,1747885500,12.115942
2025-05-22T03:54:54Z,0,29.92,71.8,63,61.5,0,2,348,87,0.0,255,32767,0.11,2090-9-18,0.0,0.52,26.6,0.0,0.0,0.0,0,4.822265625,6,45,05:40,20:21,2025-05-22 03:54:53.992788,Città della Scienza,83.3,12.60203,7.3578935,11.7916565,8.83297,EU EEA Common AQI,64.5,11.041212,5.3292637,7200,10.434783,100,100,60.6,9.692753,Very Low,64.0,11.135107,100,1747885500,Very Low,9.433325,12.46479,Very Low,13.140015,58.9,14.985507,100,1747885500,12.115942
2025-05-22T03:55:05Z,0,29.92,71.8,63,61.5,0,2,348,87,0.0,255,32767,0.11,2090-9-18,0.0,0.52,26.6,0.0,0.0,0.0,0,4.822265625,6,45,05:40,20:21,2025-05-22 03:55:05.047775,Città della Scienza
2025-05-22T03:55:16Z,0,29.92,71.8,63,61.5,0,2,348,87,0.0,255,32767,0.11,2090-9-18,0.0,0.52,26.6,0.0,0.0,0.0,0,4.822265625,6,45,05:40,20:21,2025-05-22 03:55:16.114790,Città della Scienza
2025-05-22T03:55:27Z,0,29.92,71.8,63,61.5,0,2,348,87,0.0,255,32767,0.11,2090-9-18,0.0,0.52,26.6,0.0,0.0,0.0,0,4.822265625,6,45,05:40,20:21,2025-05-22 03:55:27.183789,Città della Scienza
2025-05-22T03:55:38Z,0,29.922,71.8,63,61.5,0,1,348,87,0.0,255,32767,0.11,2090-9-18,0.0,0.52,26.6,0.0,0.0,0.0,0,4.822265625,6,45,05:40,20:21,2025-05-22 03:55:38.261793,Città della Scienza
2025-05-22T03:55:49Z,0,29.922,71.8,63,61.5,0,1,348,87,0.0,255,32767,0.11,2090-9-18,0.0,0.52,26.6,0.0,0.0,0.0,0,4.822265625,6,45,05:40,20:21,2025-05-22 03:55:49.325791,Città della Scienza
2025-05-22T03:56:00Z,0,29.922,71.8,63,61.5,0,1,348,87,0.0,255,32767,0.11,2090-9-18,0.0,0.52,26.6,0.0,0.0,0.0,0,4.822265625,6,45,05:40,20:21,2025-05-22 03:56:00.440786,Città della Scienza
2025-05-22T03:56:11Z,0,29.922,71.8,63,61.4,0,1,348,87,0.0,255,32767,0.11,2090-9-18,0.0,0.52,26.6,0.0,0.0,0.0,0,4.822265625,6,45,05:40,20:21,2025-05-22 03:56:11.497797,Città della Scienza
2025-05-22T03:56:22Z,0,29.922,71.8,63,61.4,0,1,348,87,0.0,255,32767,0.11,2090-9-18,0.0,0.52,26.6,0.0,0.0,0.0,0,4.822265625,6,45,05:40,20:21,2025-05-22 03:56:22.543784,Città della Scienza
2025-05-22T03:56:33Z,0,29.921,71.8,63,61.4,0,1,348,87,0.0,255,32767,0.11,2090-9-18,0.0,0.52,26.6,0.0,0.0,0.0,0,4.822265625,6,45,05:40,20:21,2025-05-22 03:56:33.574794,Città della Scienza
2025-05-22T03:56:44Z,0,29.921,71.8,63,61.4,0,1,348,87,0.0,255,32767,0.11,2090-9-18,0.0,0.52,26.6,0.0,0.0,0.0,0,4.822265625,6,45,05:40,20:21,2025-05-22 03:56:44.613798,Città della Scienza
2025-05-22T03:56:55Z,0,29.921,71.8,63,61.4,0,1,348,87,0.0,255,32767,0.11,2090-9-18,0.0,0.52,26.6,0.0,0.0,0.0,0,4.822265625,6,45,05:40,20:21,2025-05-22 03:56:55.668794,Città della Scienza
2025-05-22T03:57:06Z,0,29.921,71.8,63,61.5,0,1,348,87,0.0,255,32767,0.11,2090-9-18,0.0,0.52,26.6,0.0,0.0,0.0,0,4.822265625,6,45,05:40,20:21,2025-05-22 03:57:06.748787,Città della Scienza
2025-05-22T03:57:18Z,0,29.921,71.8,63,61.4,0,1,348,87,0.0,255,32767,0.11,2090-9-18,0.0,0.52,26.6,0.0,0.0,0.0,0,4.822265625,6,45,05:40,20:21,2025-05-22 03:57:17.839787,Città della Scienza
2025-05-22T03:57:29Z,0,29.921,71.8,63,61.4,0,1,348,87,0.0,255,32767,0.11,2090-9-18,0.0,0.52,26.6,0.0,0.0,0.0,0,4.822265625,6,45,05:40,20:21,2025-05-22 03:57:28.972791,Città della Scienza
2025-05-22T03:57:40Z,0,29.923,71.8,63,61.5,0,1,348,87,0.0,255,32767,0.11,2090-9-18,0.0,0.52,26.6,0.0,0.0,0.0,0,4.822265625,6,45,05:40,20:21,2025-05-22 03:57:40.058749,Città della Scienza
2025-05-22T03:57:51Z,0,29.923,71.8,63,61.5,0,1,348,87,0.0,255,32767,0.11,2090-9-18,0.0,0.52,26.6,0.0,0.0,0.0,0,4.822265625,6,45,05:40,20:21,2025-05-22 03:57:51.092790,Città della Scienza
2025-05-22T03:58:02Z,0,29.923,71.8,63,61.5,0,1,348,87,0.0,255,32767,0.11,2090-9-18,0.0,0.52,26.6,0.0,0.0,0.0,0,4.822265625,6,45,05:40,20:21,2025-05-22 03:58:02.174786,Città della Scienza
2025-05-22T03:58:13Z,0,29.923,71.8,63,61.4,2,1,348,87,0.0,255,32767,0.11,2090-9-18,0.0,0.52,26.6,0.0,0.0,0.0,0,4.822265625,6,45,05:40,20:21,2025-05-22 03:58:13.233792,Città della Scienza
2025-05-22T03:58:24Z,0,29.923,71.8,63,61.4,2,1,348,87,0.0,255,32767,0.11,2090-9-18,0.0,0.52,26.6,0.0,0.0,0.0,0,4.822265625,6,45,05:40,20:21,2025-05-22 03:58:24.265788,Città della Scienza
2025-05-22T03:58:35Z,0,29.922,71.8,63,61.4,2,1,348,87,0.0,255,32767,0.11,2090-9-18,0.0,0.52,26.6,0.0,0.0,0.0,0,4.822265625,6,45,05:40,20:21,2025-05-22 03:58:35.381796,Città della Scienza
2025-05-22T03:58:46Z,0,29.922,71.8,63,61.4,2,1,348,87,0.0,255,32767,0.11,2090-9-18,0.0,0.52,26.6,0.0,0.0,0.0,0,4.822265625,6,45,05:40,20:21,2025-05-22 03:58:46.412784,Città della Scienza
2025-05-22T03:58:57Z,0,29.922,71.8,63,61.4,2,1,348,87,0.0,255,32767,0.11,2090-9-18,0.0,0.52,26.6,0.0,0.0,0.0,0,4.822265625,6,45,05:40,20:21,2025-05-22 03:58:57.472802,Città della Scienza
2025-05-22T03:59:08Z,0,29.922,71.8,63,61.4,2,1,348,87,0.0,255,32767,0.11,2090-9-18,0.0,0.52,26.6,0.0,0.0,0.0,0,4.822265625,6,45,05:40,20:21,2025-05-22 03:59:08.551784,Città della Scienza
2025-05-22T03:59:19Z,0,29.922,71.8,63,61.4,2,1,348,87,0.0,255,32767,0.11,2090-9-18,0.0,0.52,26.6,0.0,0.0,0.0,0,4.822265625,6,45,05:40,20:21,2025-05-22 03:59:19.624789,Città della Scienza
2025-05-22T03:59:30Z,0,29.922,71.8,63,61.4,3,1,355,87,0.0,255,32767,0.11,2090-9-18,0.0,0.52,26.6,0.0,0.0,0.0,0,4.822265625,6,45,05:40,20:21,2025-05-22 03:59:30.684796,Città della Scienza
2025-05-22T03:59:41Z,0,29.921,71.8,63,61.4,1,1,355,87,0.0,255,32767,0.11,2090-9-18,0.0,0.52,26.6,0.0,0.0,0.0,0,4.822265625,6,45,05:40,20:21,2025-05-22 03:59:41.792787,Città della Scienza
2025-05-22T03:59:53Z,0,29.921,71.8,63,61.4,2,1,355,87,0.0,255,32767,0.11,2090-9-18,0.0,0.52,26.6,0.0,0.0,0.0,0,4.822265625,6,45,05:40,20:21,2025-05-22 03:59:52.877791,Città della Scienza
2025-05-22T04:00:04Z,0,29.921,71.8,63,61.4,2,1,355,87,0.0,255,32767,0.11,2090-9-18,0.0,0.52,26.6,0.0,0.0,0.0,0,4.822265625,6,45,05:40,20:21,2025-05-22 04:00:03.938786,Città della Scienza,83.3,12.60203,7.3578935,11.7916565,8.83297,EU EEA Common AQI,64.5,11.041212,5.3292637,7200,10.434783,100,100,60.6,9.692753,Very Low,64.0,11.135107,100,1747885500,Very Low,9.433325,12.46479,Very Low,13.140015,58.9,14.985507,100,1747885500,12.115942
2025-05-22T04:00:15Z,0,29.921,71.8,63,61.4,3,1,355,87,0.0,255,32767,0.11,2090-9-18,0.0,0.52,26.6,0.0,0.0,0.0,0,4.822265625,6,45,05:40,20:21,2025-05-22 04:00:15.017788,Città della Scienza,83.3,12.60203,7.3578935,11.7916565,8.83297,EU EEA Common AQI,64.5,11.041212,5.3292637,7200,10.434783,100,100,60.6,9.692753,Very Low,64.0,11.135107,100,1747885500,Very Low,9.433325,12.46479,Very Low,13.140015,58.9,14.985507,100,1747885500,12.115942
2025-05-22T04:00:26Z,0,29.921,71.8,63,61.4,2,1,5,87,0.0,255,32767,0.11,2090-9-18,0.0,0.52,26.6,0.0,0.0,0.0,0,4.822265625,6,45,05:40,20:21,2025-05-22 04:00:26.075795,Città della Scienza,83.2,12.939268,7.454438,13.008637,9.255835,EU EEA Common AQI,64.6,11.569794,5.4317675,7200,14.014493,100,100,60.6,12.985507,Very Low,64.1,11.466038,100,1747886400,Very Low,10.40691,13.054883,Very Low,14.556622,58.9,18.057972,100,1747886400,16.231884
2025-05-22T04:00:37Z,0,29.922,71.8,63,61.4,2,1,5,87,0.0,255,32767,0.11,2090-9-18,0.0,0.52,26.6,0.0,0.0,0.0,0,4.822265625,6,45,05:40,20:21,2025-05-22 04:00:37.107796,Città della Scienza,83.2,12.939268,7.454438,13.008637,9.255835,EU EEA Common AQI,64.6,11.569794,5.4317675,7200,14.014493,100,100,60.6,12.985507,Very Low,64.1,11.466038,100,1747886400,Very Low,10.40691,13.054883,Very Low,14.556622,58.9,18.057972,100,1747886400,16.231884
2025-05-22T04:00:48Z,0,29.922,71.8,63,61.4,2,1,5,87,0.0,255,32767,0.11,2090-9-18,0.0,0.52,26.6,0.0,0.0,0.0,0,4.822265625,6,45,05:40,20:21,2025-05-22 04:00:48.175791,Città della Scienza,83.2,12.939268,7.454438,13.008637,9.255835,EU EEA Common AQI,64.6,11.569794,5.4317675,7200,14.014493,100,100,60.6,12.985507,Very Low,64.1,11.466038,100,1747886400,Very Low,10.40691,13.054883,Very Low,14.556622,58.9,18.057972,100,1747886400,16.231884
2025-05-22T04:00:59Z,0,29.922,71.8,63,61.4,2,1,5,87,0.0,255,32767,0.11,2090-9-18,0.0,0.52,26.6,0.0,0.0,0.0,0,4.822265625,6,45,05:40,20:21,2025-05-22 04:00:59.266793,Città della Scienza,83.2,12.939268,7.454438,13.008637,9.255835,EU EEA Common AQI,64.6,11.569794,5.4317675,7200,14.014493,100,100,60.6,12.985507,Very Low,64.1,11.466038,100,1747886400,Very Low,10.40691,13.054883,Very Low,14.556622,58.9,18.057972,100,1747886400,16.231884
2025-05-22T04:01:10Z,0,29.922,71.8,63,61.4,2,1,350,87,0.0,255,32767,0.11,2090-9-18,0.0,0.52,26.6,0.0,0.0,0.0,0,4.822265625,6,45,05:40,20:21,2025-05-22 04:01:10.340579,Città della Scienza,83.2,12.939268,7.454438,13.008637,9.255835,EU EEA Common AQI,64.6,11.569794,5.4317675,7200,14.014493,100,100,60.6,12.985507,Very Low,64.1,11.466038,100,1747886400,Very Low,10.40691,13.054883,Very Low,14.556622,58.9,18.057972,100,1747886400,16.231884
2025-05-22T04:01:21Z,0,29.922,71.8,63,61.4,3,1,355,87,0.0,255,32767,0.11,2090-9-18,0.0,0.52,26.6,0.0,0.0,0.0,0,4.822265625,6,45,05:40,20:21,2025-05-22 04:01:21.429792,Città della Scienza,83.2,12.939268,7.454438,13.008637,9.255835,EU EEA Common AQI,64.6,11.569794,5.4317675,7200,14.014493,100,100,60.6,12.985507,Very Low,64.1,11.466038,100,1747886400,Very Low,10.40691,13.054883,Very Low,14.556622,58.9,18.057972,100,1747886400,16.231884
2025-05-22T04:01:32Z,0,29.922,71.8,63,61.4,3,1,355,87,0.0,255,32767,0.11,2090-9-18,0.0,0.52,26.6,0.0,0.0,0.0,0,4.822265625,6,45,05:40,20:21,2025-05-22 04:01:32.734803,Città della Scienza,83.2,12.939268,7.454438,13.008637,9.255835,EU EEA Common AQI,64.6,11.569794,5.4317675,7200,14.014493,100,100,60.6,12.985507,Very Low,64.1,11.466038,100,1747886400,Very Low,10.40691,13.054883,Very Low,14.556622,58.9,18.057972,100,1747886400,16.231884
2025-05-22T04:01:44Z,0,29.923,71.8,63,61.4,3,1,355,87,0.0,255,32767,0.11,2090-9-18,0.0,0.52,26.6,0.0,0.0,0.0,0,4.822265625,6,45,05:40,20:21,2025-05-22 04:01:43.849788,Città della Scienza,83.2,12.939268,7.454438,13.008637,9.255835,EU EEA Common AQI,64.6,11.569794,5.4317675,7200,14.014493,100,100,60.6,12.985507,Very Low,64.1,11.466038,100,1747886400,Very Low,10.40691,13.054883,Very Low,14.556622,58.9,18.057972,100,1747886400,16.231884
2025-05-22T04:01:55Z,0,29.923,71.8,63,61.3,3,1,355,87,0.0,255,32767,0.11,2090-9-18,0.0,0.52,26.6,0.0,0.0,0.0,0,4.822265625,6,45,05:40,20:21,2025-05-22 04:01:54.938214,Città della Scienza,83.2,12.939268,7.454438,13.008637,9.255835,EU EEA Common AQI,64.6,11.569794,5.4317675,7200,14.014493,100,100,60.6,12.985507,Very Low,64.1,11.466038,100,1747886400,Very Low,10.40691,13.054883,Very Low,14.556622,58.9,18.057972,100,1747886400,16.231884
2025-05-22T04:02:06Z,0,29.923,71.8,63,61.4,3,1,355,87,0.0,255,32767,0.11,2090-9-18,0.0,0.52,26.6,0.0,0.0,0.0,0,4.822265625,6,45,05:40,20:21,2025-05-22 04:02:06.041795,Città della Scienza,83.2,12.939268,7.454438,13.008637,9.255835,EU EEA Common AQI,64.6,11.569794,5.4317675,7200,14.014493,100,100,60.6,12.985507,Very Low,64.1,11.466038,100,1747886400,Very Low,10.40691,13.054883,Very Low,14.556622,58.9,18.057972,100,1747886400,16.231884
2025-05-22T04:02:17Z,0,29.923,71.8,63,61.4,3,1,355,87,0.0,255,32767,0.11,2090-9-18,0.0,0.52,26.6,0.0,0.0,0.0,0,4.822265625,6,45,05:40,20:21,2025-05-22 04:02:17.148790,Città della Scienza,83.2,12.939268,7.454438,13.008637,9.255835,EU EEA Common AQI,64.6,11.569794,5.4317675,7200,14.014493,100,100,60.6,12.985507,Very Low,64.1,11.466038,100,1747886400,Very Low,10.40691,13.054883,Very Low,14.556622,58.9,18.057972,100,1747886400,16.231884
2025-05-22T04:02:28Z,0,29.923,71.8,63,61.4,3,1,355,87,0.0,255,32767,0.11,2090-9-18,0.0,0.52,26.6,0.0,0.0,0.0,0,4.822265625,6,45,05:40,20:21,2025-05-22 04:02:28.269787,Città della Scienza,83.2,12.939268,7.454438,13.008637,9.255835,EU EEA Common AQI,64.6,11.569794,5.4317675,7200,14.014493,100,100,60.6,12.985507,Very Low,64.1,11.466038,100,1747886400,Very Low,10.40691,13.054883,Very Low,14.556622,58.9,18.057972,100,1747886400,16.231884
2025-05-22T04:02:39Z,0,29.922,71.7,63,61.4,2,1,355,87,0.0,255,32767,0.11,2090-9-18,0.0,0.52,26.6,0.0,0.0,0.0,0,4.822265625,6,45,05:40,20:21,2025-05-22 04:02:39.355786,Città della Scienza,83.2,12.939268,7.454438,13.008637,9.255835,EU EEA Common AQI,64.6,11.569794,5.4317675,7200,14.014493,100,100,60.6,12.985507,Very Low,64.1,11.466038,100,1747886400,Very Low,10.40691,13.054883,Very Low,14.556622,58.9,18.057972,100,1747886400,16.231884
2025-05-22T04:02:50Z,0,29.922,71.7,63,61.4,2,1,355,87,0.0,255,32767,0.11,2090-9-18,0.0,0.52,26.6,0.0,0.0,0.0,0,4.822265625,6,45,05:40,20:21,2025-05-22 04:02:50.456786,Città della Scienza,83.2,12.939268,7.454438,13.008637,9.255835,EU EEA Common AQI,64.6,11.569794,5.4317675,7200,14.014493,100,100,60.6,12.985507,Very Low,64.1,11.466038,100,1747886400,Very Low,10.40691,13.054883,Very Low,14.556622,58.9,18.057972,100,1747886400,16.231884
2025-05-22T04:03:01Z,0,29.922,71.7,63,61.3,3,1,355,87,0.0,255,32767,0.11,2090-9-18,0.0,0.52,26.6,0.0,0.0,0.0,0,4.822265625,6,45,05:40,20:21,2025-05-22 04:03:01.528791,Città della Scienza,83.2,12.939268,7.454438,13.008637,9.255835,EU EEA Common AQI,64.6,11.569794,5.4317675,7200,14.014493,100,100,60.6,12.985507,Very Low,64.1,11.466038,100,1747886400,Very Low,10.40691,13.054883,Very Low,14.556622,58.9,18.057972,100,1747886400,16.231884
2025-05-22T04:03:12Z,0,29.922,71.7,63,61.4,2,1,9,87,0.0,255,32767,0.11,2090-9-18,0.0,0.52,26.6,0.0,0.0,0.0,0,4.822265625,6,45,05:40,20:21,2025-05-22 04:03:12.581803,Città della Scienza,83.2,12.939268,7.454438,13.008637,9.255835,EU EEA Common AQI,64.6,11.569794,5.4317675,7200,14.014493,100,100,60.6,12.985507,Very Low,64.1,11.466038,100,1747886400,Very Low,10.40691,13.054883,Very Low,14.556622,58.9,18.057972,100,1747886400,16.231884
2025-05-22T04:03:23Z,0,29.922,71.7,63,61.4,2,1,5,87,0.0,255,32767,0.11,2090-9-18,0.0,0.52,26.6,0.0,0.0,0.0,0,4.822265625,6,45,05:40,20:21,2025-05-22 04:03:23.640795,Città della Scienza,83.2,12.939268,7.454438,13.008637,9.255835,EU EEA Common AQI,64.6,11.569794,5.4317675,7200,14.014493,100,100,60.6,12.985507,Very Low,64.1,11.466038,100,1747886400,Very Low,10.40691,13.054883,Very Low,14.556622,58.9,18.057972,100,1747886400,16.231884
2025-05-22T04:03:34Z,0,29.922,71.7,63,61.4,2,1,5,87,0.0,255,32767,0.11,2090-9-18,0.0,0.52,26.6,0.0,0.0,0.0,0,4.822265625,6,45,05:40,20:21,2025-05-22 04:03:34.706853,Città della Scienza,83.2,12.939268,7.454438,13.008637,9.255835,EU EEA Common AQI,64.6,11.569794,5.4317675,7200,14.014493,100,100,60.6,12.985507,Very Low,64.1,11.466038,100,1747886400,Very Low,10.40691,13.054883,Very Low,14.556622,58.9,18.057972,100,1747886400,16.231884
2025-05-22T04:03:46Z,0,29.922,71.7,63,61.4,3,1,5,87,0.0,255,32767,0.11,2090-9-18,0.0,0.52,26.6,0.0,0.0,0.0,0,4.822265625,6,45,05:40,20:21,2025-05-22 04:03:45.828794,Città della Scienza,83.2,12.939268,7.454438,13.008637,9.255835,EU EEA Common AQI,64.6,11.569794,5.4317675,7200,14.014493,100,100,60.6,12.985507,Very Low,64.1,11.466038,100,1747886400,Very Low,10.40691,13.054883,Very Low,14.556622,58.9,18.057972,100,1747886400,16.231884
2025-05-22T04:03:57Z,0,29.922,71.7,63,61.4,2,1,355,87,0.0,255,32767,0.11,2090-9-18,0.0,0.52,26.6,0.0,0.0,0.0,0,4.822265625,6,45,05:40,20:21,2025-05-22 04:03:56.903792,Città della Scienza,83.2,12.939268,7.454438,13.008637,9.255835,EU EEA Common AQI,64.6,11.569794,5.4317675,7200,14.014493,100,100,60.6,12.985507,Very Low,64.1,11.466038,100,1747886400,Very Low,10.40691,13.054883,Very Low,14.556622,58.9,18.057972,100,1747886400,16.231884
2025-05-22T04:04:08Z,0,29.922,71.7,63,61.4,3,1,5,87,0.0,255,32767,0.11,2090-9-18,0.0,0.52,26.6,0.0,0.0,0.0,0,4.822265625,6,45,05:40,20:21,2025-05-22 04:04:07.961788,Città della Scienza,83.2,12.939268,7.454438,13.008637,9.255835,EU EEA Common AQI,64.6,11.569794,5.4317675,7200,14.014493,100,100,60.6,12.985507,Very Low,64.1,11.466038,100,1747886400,Very Low,10.40691,13.054883,Very Low,14.556622,58.9,18.057972,100,1747886400,16.231884
2025-05-22T04:04:19Z,0,29.922,71.7,63,61.4,2,1,5,87,0.0,255,32767,0.11,2090-9-18,0.0,0.52,26.6,0.0,0.0,0.0,0,4.822265625,6,45,05:40,20:21,2025-05-22 04:04:19.051787,Città della Scienza,83.2,12.939268,7.454438,13.008637,9.255835,EU EEA Common AQI,64.6,11.569794,5.4317675,7200,14.014493,100,100,60.6,12.985507,Very Low,64.1,11.466038,100,1747886400,Very Low,10.40691,13.054883,Very Low,14.556622,58.9,18.057972,100,1747886400,16.231884
2025-05-22T04:04:30Z,0,29.922,71.7,63,61.4,2,1,5,87,0.0,255,32767,0.11,2090-9-18,0.0,0.52,26.6,0.0,0.0,0.0,0,4.822265625,6,45,05:40,20:21,2025-05-22 04:04:30.145790,Città della Scienza,83.2,12.939268,7.454438,13.008637,9.255835,EU EEA Common AQI,64.6,11.569794,5.4317675,7200,14.014493,100,100,60.6,12.985507,Very Low,64.1,11.466038,100,1747886400,Very Low,10.40691,13.054883,Very Low,14.556622,58.9,18.057972,100,1747886400,16.231884
2025-05-22T04:04:41Z,0,29.923,71.8,63,61.4,2,1,5,87,0.0,255,32767,0.11,2090-9-18,0.0,0.52,26.6,0.0,0.0,0.0,0,4.822265625,6,45,05:40,20:21,2025-05-22 04:04:41.203790,Città della Scienza,83.2,12.939268,7.454438,13.008637,9.255835,EU EEA Common AQI,64.6,11.569794,5.4317675,7200,14.014493,100,100,60.6,12.985507,Very Low,64.1,11.466038,100,1747886400,Very Low,10.40691,13.054883,Very Low,14.556622,58.9,18.057972,100,1747886400,16.231884
2025-05-22T04:04:52Z,0,29.923,71.8,63,61.3,1,1,5,87,0.0,255,32767,0.11,2090-9-18,0.0,0.52,26.6,0.0,0.0,0.0,0,4.822265625,6,45,05:40,20:21,2025-05-22 04:04:52.314788,Città della Scienza,83.2,12.939268,7.454438,13.008637,9.255835,EU EEA Common AQI,64.6,11.569794,5.4317675,7200,14.014493,100,100,60.6,12.985507,Very Low,64.1,11.466038,100,1747886400,Very Low,10.40691,13.054883,Very Low,14.556622,58.9,18.057972,100,1747886400,16.231884
2025-05-22T04:05:03Z,0,29.923,71.8,63,61.4,2,1,9,87,0.0,255,32767,0.11,2090-9-18,0.0,0.52,26.6,0.0,0.0,0.0,0,4.822265625,6,45,05:40,20:21,2025-05-22 04:05:03.364791,Città della Scienza,83.2,12.939268,7.454438,13.008637,9.255835,EU EEA Common AQI,64.6,11.569794,5.4317675,7200,14.014493,100,100,60.6,12.985507,Very Low,64.1,11.466038,100,1747886400,Very Low,10.40691,13.054883,Very Low,14.556622,58.9,18.057972,100,1747886400,16.231884
2025-05-22T04:05:14Z,0,29.923,71.8,63,61.4,2,1,9,87,0.0,255,32767,0.11,2090-9-18,0.0,0.52,26.6,0.0,0.0,0.0,0,4.822265625,6,45,05:40,20:21,2025-05-22 04:05:14.440712,Città della Scienza,83.2,12.939268,7.454438,13.008637,9.255835,EU EEA Common AQI,64.6,11.569794,5.4317675,7200,14.014493,100,100,60.6,12.985507,Very Low,64.1,11.466038,100,1747886400,Very Low,10.40691,13.054883,Very Low,14.556622,58.9,18.057972,100,1747886400,16.231884
2025-05-22T04:05:25Z,0,29.923,71.8,63,61.4,2,1,355,87,0.0,255,32767,0.11,2090-9-18,0.0,0.52,26.6,0.0,0.0,0.0,0,4.822265625,6,45,05:40,20:21,2025-05-22 04:05:25.557790,Città della Scienza,83.2,12.939268,7.454438,13.008637,9.255835,EU EEA Common AQI,64.6,11.569794,5.4317675,7200,14.014493,100,100,60.6,12.985507,Very Low,64.1,11.466038,100,1747886400,Very Low,10.40691,13.054883,Very Low,14.556622,58.9,18.057972,100,1747886400,16.231884
2025-05-22T04:05:36Z,0,29.923,71.7,63,61.4,2,2,355,87,0.0,255,32767,0.11,2090-9-18,0.0,0.52,26.6,0.0,0.0,0.0,0,4.822265625,6,45,05:40,20:21,2025-05-22 04:05:36.655798,Città della Scienza,83.2,12.939268,7.454438,13.008637,9.255835,EU EEA Common AQI,64.6,11.569794,5.4317675,7200,14.014493,100,100,60.6,12.985507,Very Low,64.1,11.466038,100,1747886400,Very Low,10.40691,13.054883,Very Low,14.556622,58.9,18.057972,100,1747886400,16.231884
2025-05-22T04:05:47Z,0,29.923,71.7,63,61.3,2,2,355,87,0.0,255,32767,0.11,2090-9-18,0.0,0.52,26.6,0.0,0.0,0.0,0,4.822265625,6,45,05:40,20:21,2025-05-22 04:05:47.775788,Città della Scienza,83.2,12.939268,7.454438,13.008637,9.255835,EU EEA Common AQI,64.6,11.569794,5.4317675,7200,14.014493,100,100,60.6,12.985507,Very Low,64.1,11.466038,100,1747886400,Very Low,10.40691,13.054883,Very Low,14.556622,58.9,18.057972,100,1747886400,16.231884
2025-05-22T04:05:59Z,0,29.923,71.7,63,61.4,2,2,355,87,0.0,255,32767,0.11,2090-9-18,0.0,0.52,26.6,0.0,0.0,0.0,0,4.822265625,6,45,05:40,20:21,2025-05-22 04:05:58.827788,Città della Scienza,83.2,12.939268,7.454438,13.008637,9.255835,EU EEA Common AQI,64.6,11.569794,5.4317675,7200,14.014493,100,100,60.6,12.985507,Very Low,64.1,11.466038,100,1747886400,Very Low,10.40691,13.054883,Very Low,14.556622,58.9,18.057972,100,1747886400,16.231884
2025-05-22T04:06:10Z,0,29.923,71.7,63,61.3,2,2,348,87,0.0,255,32767,0.11,2090-9-18,0.0,0.52,26.6,0.0,0.0,0.0,0,4.822265625,6,45,05:40,20:21,2025-05-22 04:06:09.924790,Città della Scienza,83.2,12.939268,7.454438,13.008637,9.255835,EU EEA Common AQI,64.6,11.569794,5.4317675,7200,14.014493,100,100,60.6,12.985507,Very Low,64.1,11.466038,100,1747886400,Very Low,10.40691,13.054883,Very Low,14.556622,58.9,18.057972,100,1747886400,16.231884
2025-05-22T04:06:21Z,0,29.923,71.7,63,61.3,2,2,348,87,0.0,255,32767,0.11,2090-9-18,0.0,0.52,26.6,0.0,0.0,0.0,0,4.822265625,6,45,05:40,20:21,2025-05-22 04:06:21.002789,Città della Scienza,83.2,12.939268,7.454438,13.008637,9.255835,EU EEA Common AQI,64.6,11.569794,5.4317675,7200,14.014493,100,100,60.6,12.985507,Very Low,64.1,11.466038,100,1747886400,Very Low,10.40691,13.054883,Very Low,14.556622,58.9,18.057972,100,1747886400,16.231884
2025-05-22T04:06:32Z,0,29.923,71.7,63,61.3,2,2,348,87,0.0,255,32767,0.11,2090-9-18,0.0,0.52,26.6,0.0,0.0,0.0,0,4.822265625,6,45,05:40,20:21,2025-05-22 04:06:32.079788,Città della Scienza,83.2,12.939268,7.454438,13.008637,9.255835,EU EEA Common AQI,64.6,11.569794,5.4317675,7200,14.014493,100,100,60.6,12.985507,Very Low,64.1,11.466038,100,1747886400,Very Low,10.40691,13.054883,Very Low,14.556622,58.9,18.057972,100,1747886400,16.231884
2025-05-22T04:06:43Z,0,29.922,71.7,63,61.3,2,2,348,87,0.0,255,32767,0.11,2090-9-18,0.0,0.52,26.6,0.0,0.0,0.0,0,4.822265625,6,45,05:40,20:21,2025-05-22 04:06:43.185787,Città della Scienza,83.2,12.939268,7.454438,13.008637,9.255835,EU EEA Common AQI,64.6,11.569794,5.4317675,7200,14.014493,100,100,60.6,12.985507,Very Low,64.1,11.466038,100,1747886400,Very Low,10.40691,13.054883,Very Low,14.556622,58.9,18.057972,100,1747886400,16.231884
2025-05-22T04:06:54Z,0,29.922,71.7,63,61.3,2,2,348,87,0.0,255,32767,0.11,2090-9-18,0.0,0.52,26.6,0.0,0.0,0.0,0,4.822265625,6,45,05:40,20:21,2025-05-22 04:06:54.269788,Città della Scienza,83.2,12.939268,7.454438,13.008637,9.255835,EU EEA Common AQI,64.6,11.569794,5.4317675,7200,14.014493,100,100,60.6,12.985507,Very Low,64.1,11.466038,100,1747886400,Very Low,10.40691,13.054883,Very Low,14.556622,58.9,18.057972,100,1747886400,16.231884
2025-05-22T04:07:05Z,0,29.922,71.7,63,61.3,2,2,348,87,0.0,255,32767,0.11,2090-9-18,0.0,0.52,26.6,0.0,0.0,0.0,0,4.822265625,6,45,05:40,20:21,2025-05-22 04:07:05.366802,Città della Scienza,83.2,12.939268,7.454438,13.008637,9.255835,EU EEA Common AQI,64.6,11.569794,5.4317675,7200,14.014493,100,100,60.6,12.985507,Very Low,64.1,11.466038,100,1747886400,Very Low,10.40691,13.054883,Very Low,14.556622,58.9,18.057972,100,1747886400,16.231884
2025-05-22T04:07:16Z,0,29.922,71.7,63,61.3,2,2,348,87,0.0,255,32767,0.11,2090-9-18,0.0,0.52,26.6,0.0,0.0,0.0,0,4.822265625,6,45,05:40,20:21,2025-05-22 04:07:16.439787,Città della Scienza,83.2,12.939268,7.454438,13.008637,9.255835,EU EEA Common AQI,64.6,11.569794,5.4317675,7200,14.014493,100,100,60.6,12.985507,Very Low,64.1,11.466038,100,1747886400,Very Low,10.40691,13.054883,Very Low,14.556622,58.9,18.057972,100,1747886400,16.231884
2025-05-22T04:07:27Z,0,29.922,71.7,63,61.3,1,2,348,87,0.0,255,32767,0.11,2090-9-18,0.0,0.52,26.6,0.0,0.0,0.0,0,4.822265625,6,45,05:40,20:21,2025-05-22 04:07:27.562780,Città della Scienza,83.2,12.939268,7.454438,13.008637,9.255835,EU EEA Common AQI,64.6,11.569794,5.4317675,7200,14.014493,100,100,60.6,12.985507,Very Low,64.1,11.466038,100,1747886400,Very Low,10.40691,13.054883,Very Low,14.556622,58.9,18.057972,100,1747886400,16.231884
2025-05-22T04:07:38Z,0,29.923,71.7,63,61.3,2,2,348,87,0.0,255,32767,0.11,2090-9-18,0.0,0.52,26.6,0.0,0.0,0.0,0,4.822265625,6,45,05:40,20:21,2025-05-22 04:07:38.636792,Città della Scienza,83.2,12.939268,7.454438,13.008637,9.255835,EU EEA Common AQI,64.6,11.569794,5.4317675,7200,14.014493,100,100,60.6,12.985507,Very Low,64.1,11.466038,100,1747886400,Very Low,10.40691,13.054883,Very Low,14.556622,58.9,18.057972,100,1747886400,16.231884
2025-05-22T04:07:49Z,0,29.923,71.7,63,61.3,2,2,348,87,0.0,255,32767,0.11,2090-9-18,0.0,0.52,26.6,0.0,0.0,0.0,0,4.822265625,6,45,05:40,20:21,2025-05-22 04:07:49.715784,Città della Scienza,83.2,12.939268,7.454438,13.008637,9.255835,EU EEA Common AQI,64.6,11.569794,5.4317675,7200,14.014493,100,100,60.6,12.985507,Very Low,64.1,11.466038,100,1747886400,Very Low,10.40691,13.054883,Very Low,14.556622,58.9,18.057972,100,1747886400,16.231884
2025-05-22T04:08:01Z,0,29.923,71.7,63,61.3,1,2,348,87,0.0,255,32767,0.11,2090-9-18,0.0,0.52,26.6,0.0,0.0,0.0,0,4.822265625,6,45,05:40,20:21,2025-05-22 04:08:00.812793,Città della Scienza,83.2,12.939268,7.454438,13.008637,9.255835,EU EEA Common AQI,64.6,11.569794,5.4317675,7200,14.014493,100,100,60.6,12.985507,Very Low,64.1,11.466038,100,1747886400,Very Low,10.40691,13.054883,Very Low,14.556622,58.9,18.057972,100,1747886400,16.231884
2025-05-22T04:08:12Z,0,29.923,71.7,63,61.3,1,2,348,87,0.0,255,32767,0.11,2090-9-18,0.0,0.52,26.6,0.0,0.0,0.0,0,4.822265625,6,45,05:40,20:21,2025-05-22 04:08:11.867797,Città della Scienza,83.2,12.939268,7.454438,13.008637,9.255835,EU EEA Common AQI,64.6,11.569794,5.4317675,7200,14.014493,100,100,60.6,12.985507,Very Low,64.1,11.466038,100,1747886400,Very Low,10.40691,13.054883,Very Low,14.556622,58.9,18.057972,100,1747886400,16.231884
2025-05-22T04:08:23Z,0,29.923,71.7,63,61.3,0,2,348,87,0.0,255,32767,0.11,2090-9-18,0.0,0.52,26.6,0.0,0.0,0.0,0,4.822265625,6,45,05:40,20:21,2025-05-22 04:08:22.948786,Città della Scienza,83.2,12.939268,7.454438,13.008637,9.255835,EU EEA Common AQI,64.6,11.569794,5.4317675,7200,14.014493,100,100,60.6,12.985507,Very Low,64.1,11.466038,100,1747886400,Very Low,10.40691,13.054883,Very Low,14.556622,58.9,18.057972,100,1747886400,16.231884
2025-05-22T04:08:34Z,0,29.919,71.7,63,61.3,0,2,348,87,0.0,255,32767,0.11,2090-9-18,0.0,0.52,26.6,0.0,0.0,0.0,0,4.828125,6,45,05:40,20:21,2025-05-22 04:08:34.035786,Città della Scienza,83.2,12.939268,7.454438,13.008637,9.255835,EU EEA Common AQI,64.6,11.569794,5.4317675,7200,14.014493,100,100,60.6,12.985507,Very Low,64.1,11.466038,100,1747886400,Very Low,10.40691,13.054883,Very Low,14.556622,58.9,18.057972,100,1747886400,16.231884
2025-05-22T04:08:45Z,0,29.919,71.7,63,61.3,1,2,348,87,0.0,255,32767,0.11,2090-9-18,0.0,0.52,26.6,0.0,0.0,0.0,0,4.828125,6,45,05:40,20:21,2025-05-22 04:08:45.098801,Città della Scienza,83.2,12.939268,7.454438,13.008637,9.255835,EU EEA Common AQI,64.6,11.569794,5.4317675,7200,14.014493,100,100,60.6,12.985507,Very Low,64.1,11.466038,100,1747886400,Very Low,10.40691,13.054883,Very Low,14.556622,58.9,18.057972,100,1747886400,16.231884
2025-05-22T04:08:56Z,0,29.919,71.7,63,61.3,1,2,348,87,0.0,255,32767,0.11,2090-9-18,0.0,0.52,26.6,0.0,0.0,0.0,0,4.828125,6,45,05:40,20:21,2025-05-22 04:08:56.171784,Città della Scienza,83.2,12.939268,7.454438,13.008637,9.255835,EU EEA Common AQI,64.6,11.569794,5.4317675,7200,14.014493,100,100,60.6,12.985507,Very Low,64.1,11.466038,100,1747886400,Very Low,10.40691,13.054883,Very Low,14.556622,58.9,18.057972,100,1747886400,16.231884
2025-05-22T04:09:07Z,0,29.919,71.7,63,61.3,1,2,348,87,0.0,255,32767,0.11,2090-9-18,0.0,0.52,26.6,0.0,0.0,0.0,0,4.828125,6,45,05:40,20:21,2025-05-22 04:09:07.214795,Città della Scienza,83.2,12.939268,7.454438,13.008637,9.255835,EU EEA Common AQI,64.6,11.569794,5.4317675,7200,14.014493,100,100,60.6,12.985507,Very Low,64.1,11.466038,100,1747886400,Very Low,10.40691,13.054883,Very Low,14.556622,58.9,18.057972,100,1747886400,16.231884
2025-05-22T04:09:18Z,0,29.919,71.7,63,61.3,2,2,348,87,0.0,255,32767,0.11,2090-9-18,0.0,0.52,26.6,0.0,0.0,0.0,0,4.828125,6,45,05:40,20:21,2025-05-22 04:09:18.320790,Città della Scienza,83.2,12.939268,7.454438,13.008637,9.255835,EU EEA Common AQI,64.6,11.569794,5.4317675,7200,14.014493,100,100,60.6,12.985507,Very Low,64.1,11.466038,100,1747886400,Very Low,10.40691,13.054883,Very Low,14.556622,58.9,18.057972,100,1747886400,16.231884
2025-05-22T04:09:29Z,0,29.919,71.7,63,61.3,2,2,348,87,0.0,255,32767,0.11,2090-9-18,0.0,0.52,26.6,0.0,0.0,0.0,0,4.828125,6,45,05:40,20:21,2025-05-22 04:09:29.386809,Città della Scienza,83.2,12.939268,7.454438,13.008637,9.255835,EU EEA Common AQI,64.6,11.569794,5.4317675,7200,14.014493,100,100,60.6,12.985507,Very Low,64.1,11.466038,100,1747886400,Very Low,10.40691,13.054883,Very Low,14.556622,58.9,18.057972,100,1747886400,16.231884
2025-05-22T04:09:40Z,0,29.923,71.7,63,61.3,2,2,348,87,0.0,255,32767,0.11,2090-9-18,0.0,0.52,26.6,0.0,0.0,0.0,0,4.822265625,6,45,05:40,20:21,2025-05-22 04:09:40.434789,Città della Scienza,83.2,12.939268,7.454438,13.008637,9.255835,EU EEA Common AQI,64.6,11.569794,5.4317675,7200,14.014493,100,100,60.6,12.985507,Very Low,64.1,11.466038,100,1747886400,Very Low,10.40691,13.054883,Very Low,14.556622,58.9,18.057972,100,1747886400,16.231884
2025-05-22T04:09:51Z,0,29.923,71.7,63,61.3,2,2,348,87,0.0,255,32767,0.11,2090-9-18,0.0,0.52,26.6,0.0,0.0,0.0,0,4.822265625,6,45,05:40,20:21,2025-05-22 04:09:51.551801,Città della Scienza,83.2,12.939268,7.454438,13.008637,9.255835,EU EEA Common AQI,64.6,11.569794,5.4317675,7200,14.014493,100,100,60.6,12.985507,Very Low,64.1,11.466038,100,1747886400,Very Low,10.40691,13.054883,Very Low,14.556622,58.9,18.057972,100,1747886400,16.231884
2025-05-22T04:10:02Z,0,29.923,71.7,63,61.3,1,2,348,87,0.0,255,32767,0.11,2090-9-18,0.0,0.52,26.6,0.0,0.0,0.0,0,4.822265625,6,45,05:40,20:21,2025-05-22 04:10:02.664781,Città della Scienza,83.2,12.939268,7.454438,13.008637,9.255835,EU EEA Common AQI,64.6,11.569794,5.4317675,7200,14.014493,100,100,60.6,12.985507,Very Low,64.1,11.466038,100,1747886400,Very Low,10.40691,13.054883,Very Low,14.556622,58.9,18.057972,100,1747886400,16.231884
2025-05-22T04:10:14Z,0,29.923,71.7,63,61.3,0,2,348,87,0.0,255,32767,0.11,2090-9-18,0.0,0.52,26.6,0.0,0.0,0.0,0,4.822265625,6,45,05:40,20:21,2025-05-22 04:10:13.935790,Città della Scienza,83.2,12.939268,7.454438,13.008637,9.255835,EU EEA Common AQI,64.6,11.569794,5.4317675,7200,14.014493,100,100,60.6,12.985507,Very Low,64.1,11.466038,100,1747886400,Very Low,10.40691,13.054883,Very Low,14.556622,58.9,18.057972,100,1747886400,16.231884
2025-05-22T04:10:25Z,0,29.923,71.7,63,61.3,0,2,348,87,0.0,255,32767,0.11,2090-9-18,0.0,0.52,26.6,0.0,0.0,0.0,0,4.822265625,6,45,05:40,20:21,2025-05-22 04:10:25.047783,Città della Scienza,83.2,12.939268,7.454438,13.008637,9.255835,EU EEA Common AQI,64.6,11.569794,5.4317675,7200,14.014493,100,100,60.6,12.985507,Very Low,64.1,11.466038,100,1747886400,Very Low,10.40691,13.054883,Very Low,14.556622,58.9,18.057972,100,1747886400,16.231884
2025-05-22T04:10:36Z,0,29.923,71.7,63,61.3,1,2,348,87,0.0,255,32767,0.11,2090-9-18,0.0,0.52,26.6,0.0,0.0,0.0,0,4.822265625,6,45,05:40,20:21,2025-05-22 04:10:36.173782,Città della Scienza,83.2,12.939268,7.454438,13.008637,9.255835,EU EEA Common AQI,64.6,11.569794,5.4317675,7200,14.014493,100,100,60.6,12.985507,Very Low,64.1,11.466038,100,1747886400,Very Low,10.40691,13.054883,Very Low,14.556622,58.9,18.057972,100,1747886400,16.231884
2025-05-22T04:10:47Z,0,29.923,71.7,63,61.3,1,2,348,87,0.0,255,32767,0.11,2090-9-18,0.0,0.52,26.6,0.0,0.0,0.0,0,4.822265625,6,45,05:40,20:21,2025-05-22 04:10:47.275787,Città della Scienza,83.2,12.939268,7.454438,13.008637,9.255835,EU EEA Common AQI,64.6,11.569794,5.4317675,7200,14.014493,100,100,60.6,12.985507,Very Low,64.1,11.466038,100,1747886400,Very Low,10.40691,13.054883,Very Low,14.556622,58.9,18.057972,100,1747886400,16.231884
2025-05-22T04:10:58Z,0,29.923,71.7,63,61.3,1,2,348,87,0.0,255,32767,0.11,2090-9-18,0.0,0.52,26.6,0.0,0.0,0.0,0,4.822265625,6,45,05:40,20:21,2025-05-22 04:10:58.386795,Città della Scienza,83.2,12.939268,7.454438,13.008637,9.255835,EU EEA Common AQI,64.6,11.569794,5.4317675,7200,14.014493,100,100,60.6,12.985507,Very Low,64.1,11.466038,100,1747886400,Very Low,10.40691,13.054883,Very Low,14.556622,58.9,18.057972,100,1747886400,16.231884
2025-05-22T04:11:09Z,0,29.923,71.7,63,61.3,1,2,348,87,0.0,255,32767,0.11,2090-9-18,0.0,0.52,26.6,0.0,0.0,0.0,0,4.822265625,6,45,05:40,20:21,2025-05-22 04:11:09.505748,Città della Scienza,83.2,12.939268,7.454438,13.008637,9.255835,EU EEA Common AQI,64.6,11.569794,5.4317675,7200,14.014493,100,100,60.6,12.985507,Very Low,64.1,11.466038,100,1747886400,Very Low,10.40691,13.054883,Very Low,14.556622,58.9,18.057972,100,1747886400,16.231884
2025-05-22T04:11:20Z,0,29.923,71.7,63,61.3,1,2,348,87,0.0,255,32767,0.11,2090-9-18,0.0,0.52,26.6,0.0,0.0,0.0,0,4.822265625,6,45,05:40,20:21,2025-05-22 04:11:20.595793,Città della Scienza,83.2,12.939268,7.454438,13.008637,9.255835,EU EEA Common AQI,64.6,11.569794,5.4317675,7200,14.014493,100,100,60.6,12.985507,Very Low,64.1,11.466038,100,1747886400,Very Low,10.40691,13.054883,Very Low,14.556622,58.9,18.057972,100,1747886400,16.231884
2025-05-22T04:11:31Z,0,29.923,71.7,63,61.3,0,2,348,87,0.0,255,32767,0.11,2090-9-18,0.0,0.52,26.6,0.0,0.0,0.0,0,4.822265625,6,45,05:40,20:21,2025-05-22 04:11:31.672787,Città della Scienza,83.2,12.939268,7.454438,13.008637,9.255835,EU EEA Common AQI,64.6,11.569794,5.4317675,7200,14.014493,100,100,60.6,12.985507,Very Low,64.1,11.466038,100,1747886400,Very Low,10.40691,13.054883,Very Low,14.556622,58.9,18.057972,100,1747886400,16.231884
2025-05-22T04:11:42Z,0,29.924,71.7,63,61.3,1,2,348,87,0.0,255,32767,0.11,2090-9-18,0.0,0.52,26.6,0.0,0.0,0.0,0,4.822265625,6,45,05:40,20:21,2025-05-22 04:11:42.797800,Città della Scienza,83.2,12.939268,7.454438,13.008637,9.255835,EU EEA Common AQI,64.6,11.569794,5.4317675,7200,14.014493,100,100,60.6,12.985507,Very Low,64.1,11.466038,100,1747886400,Very Low,10.40691,13.054883,Very Low,14.556622,58.9,18.057972,100,1747886400,16.231884
2025-05-22T04:11:54Z,0,29.924,71.7,63,61.3,0,2,348,87,0.0,255,32767,0.11,2090-9-18,0.0,0.52,26.6,0.0,0.0,0.0,0,4.822265625,6,45,05:40,20:21,2025-05-22 04:11:53.912804,Città della Scienza,83.2,12.939268,7.454438,13.008637,9.255835,EU EEA Common AQI,64.6,11.569794,5.4317675,7200,14.014493,100,100,60.6,12.985507,Very Low,64.1,11.466038,100,1747886400,Very Low,10.40691,13.054883,Very Low,14.556622,58.9,18.057972,100,1747886400,16.231884
2025-05-22T04:12:05Z,0,29.924,71.7,63,61.3,0,2,348,87,0.0,255,32767,0.11,2090-9-18,0.0,0.52,26.6,0.0,0.0,0.0,0,4.822265625,6,45,05:40,20:21,2025-05-22 04:12:05.028788,Città della Scienza,83.2,12.939268,7.454438,13.008637,9.255835,EU EEA Common AQI,64.6,11.569794,5.4317675,7200,14.014493,100,100,60.6,12.985507,Very Low,64.1,11.466038,100,1747886400,Very Low,10.40691,13.054883,Very Low,14.556622,58.9,18.057972,100,1747886400,16.231884
2025-05-22T04:12:16Z,0,29.924,71.7,63,61.3,0,2,348,87,0.0,255,32767,0.11,2090-9-18,0.0,0.52,26.6,0.0,0.0,0.0,0,4.822265625,6,45,05:40,20:21,2025-05-22 04:12:16.145798,Città della Scienza,83.2,12.939268,7.454438,13.008637,9.255835,EU EEA Common AQI,64.6,11.569794,5.4317675,7200,14.014493,100,100,60.6,12.985507,Very Low,64.1,11.466038,100,1747886400,Very Low,10.40691,13.054883,Very Low,14.556622,58.9,18.057972,100,1747886400,16.231884
2025-05-22T04:12:27Z,0,29.924,71.7,63,61.3,0,2,348,87,0.0,255,32767,0.11,2090-9-18,0.0,0.52,26.6,0.0,0.0,0.0,0,4.822265625,6,45,05:40,20:21,2025-05-22 04:12:27.248789,Città della Scienza,83.2,12.939268,7.454438,13.008637,9.255835,EU EEA Common AQI,64.6,11.569794,5.4317675,7200,14.014493,100,100,60.6,12.985507,Very Low,64.1,11.466038,100,1747886400,Very Low,10.40691,13.054883,Very Low,14.556622,58.9,18.057972,100,1747886400,16.231884
2025-05-22T04:12:38Z,0,29.922,71.7,63,61.3,0,1,348,87,0.0,255,32767,0.11,2090-9-18,0.0,0.52,26.6,0.0,0.0,0.0,0,4.822265625,6,45,05:40,20:21,2025-05-22 04:12:38.335792,Città della Scienza,83.2,12.939268,7.454438,13.008637,9.255835,EU EEA Common AQI,64.6,11.569794,5.4317675,7200,14.014493,100,100,60.6,12.985507,Very Low,64.1,11.466038,100,1747886400,Very Low,10.40691,13.054883,Very Low,14.556622,58.9,18.057972,100,1747886400,16.231884
2025-05-22T04:12:49Z,0,29.922,71.7,63,61.3,0,1,348,87,0.0,255,32767,0.11,2090-9-18,0.0,0.52,26.6,0.0,0.0,0.0,0,4.822265625,6,45,05:40,20:21,2025-05-22 04:12:49.408795,Città della Scienza,83.2,12.939268,7.454438,13.008637,9.255835,EU EEA Common AQI,64.6,11.569794,5.4317675,7200,14.014493,100,100,60.6,12.985507,Very Low,64.1,11.466038,100,1747886400,Very Low,10.40691,13.054883,Very Low,14.556622,58.9,18.057972,100,1747886400,16.231884
2025-05-22T04:13:00Z,0,29.922,71.7,63,61.3,0,1,348,87,0.0,255,32767,0.11,2090-9-18,0.0,0.52,26.6,0.0,0.0,0.0,0,4.822265625,6,45,05:40,20:21,2025-05-22 04:13:00.525791,Città della Scienza,83.2,12.939268,7.454438,13.008637,9.255835,EU EEA Common AQI,64.6,11.569794,5.4317675,7200,14.014493,100,100,60.6,12.985507,Very Low,64.1,11.466038,100,1747886400,Very Low,10.40691,13.054883,Very Low,14.556622,58.9,18.057972,100,1747886400,16.231884
2025-05-22T04:13:11Z,0,29.922,71.7,63,61.3,0,1,348,87,0.0,255,32767,0.11,2090-9-18,0.0,0.52,26.6,0.0,0.0,0.0,0,4.822265625,6,45,05:40,20:21,2025-05-22 04:13:11.650798,Città della Scienza,83.2,12.939268,7.454438,13.008637,9.255835,EU EEA Common AQI,64.6,11.569794,5.4317675,7200,14.014493,100,100,60.6,12.985507,Very Low,64.1,11.466038,100,1747886400,Very Low,10.40691,13.054883,Very Low,14.556622,58.9,18.057972,100,1747886400,16.231884
2025-05-22T04:13:22Z,0,29.922,71.7,63,61.3,0,1,348,87,0.0,255,32767,0.11,2090-9-18,0.0,0.52,26.6,0.0,0.0,0.0,0,4.822265625,6,45,05:40,20:21,2025-05-22 04:13:22.768787,Città della Scienza,83.2,12.939268,7.454438,13.008637,9.255835,EU EEA Common AQI,64.6,11.569794,5.4317675,7200,14.014493,100,100,60.6,12.985507,Very Low,64.1,11.466038,100,1747886400,Very Low,10.40691,13.054883,Very Low,14.556622,58.9,18.057972,100,1747886400,16.231884
2025-05-22T04:13:34Z,0,29.924,71.7,63,61.3,0,1,348,87,0.0,255,32767,0.11,2090-9-18,0.0,0.52,26.6,0.0,0.0,0.0,0,4.822265625,6,45,05:40,20:21,2025-05-22 04:13:33.880788,Città della Scienza,83.2,12.939268,7.454438,13.008637,9.255835,EU EEA Common AQI,64.6,11.569794,5.4317675,7200,14.014493,100,100,60.6,12.985507,Very Low,64.1,11.466038,100,1747886400,Very Low,10.40691,13.054883,Very Low,14.556622,58.9,18.057972,100,1747886400,16.231884
2025-05-22T04:13:45Z,0,29.924,71.7,63,61.3,1,1,348,87,0.0,255,32767,0.11,2090-9-18,0.0,0.52,26.6,0.0,0.0,0.0,0,4.822265625,6,45,05:40,20:21,2025-05-22 04:13:44.956787,Città della Scienza,83.2,12.939268,7.454438,13.008637,9.255835,EU EEA Common AQI,64.6,11.569794,5.4317675,7200,14.014493,100,100,60.6,12.985507,Very Low,64.1,11.466038,100,1747886400,Very Low,10.40691,13.054883,Very Low,14.556622,58.9,18.057972,100,1747886400,16.231884
2025-05-22T04:13:56Z,0,29.924,71.7,63,61.3,0,1,348,87,0.0,255,32767,0.11,2090-9-18,0.0,0.52,26.6,0.0,0.0,0.0,0,4.822265625,6,45,05:40,20:21,2025-05-22 04:13:56.065784,Città della Scienza,83.2,12.939268,7.454438,13.008637,9.255835,EU EEA Common AQI,64.6,11.569794,5.4317675,7200,14.014493,100,100,60.6,12.985507,Very Low,64.1,11.466038,100,1747886400,Very Low,10.40691,13.054883,Very Low,14.556622,58.9,18.057972,100,1747886400,16.231884
2025-05-22T04:14:07Z,0,29.924,71.7,63,61.3,2,1,348,87,0.0,255,32767,0.11,2090-9-18,0.0,0.52,26.6,0.0,0.0,0.0,0,4.822265625,6,45,05:40,20:21,2025-05-22 04:14:07.174787,Città della Scienza,83.2,12.939268,7.454438,13.008637,9.255835,EU EEA Common AQI,64.6,11.569794,5.4317675,7200,14.014493,100,100,60.6,12.985507,Very Low,64.1,11.466038,100,1747886400,Very Low,10.40691,13.054883,Very Low,14.556622,58.9,18.057972,100,1747886400,16.231884
2025-05-22T04:14:18Z,0,29.924,71.7,63,61.3,0,1,348,87,0.0,255,32767,0.11,2090-9-18,0.0,0.52,26.6,0.0,0.0,0.0,0,4.822265625,6,45,05:40,20:21,2025-05-22 04:14:18.297795,Città della Scienza,83.2,12.939268,7.454438,13.008637,9.255835,EU EEA Common AQI,64.6,11.569794,5.4317675,7200,14.014493,100,100,60.6,12.985507,Very Low,64.1,11.466038,100,1747886400,Very Low,10.40691,13.054883,Very Low,14.556622,58.9,18.057972,100,1747886400,16.231884
2025-05-22T04:14:29Z,0,29.924,71.7,63,61.3,1,1,348,87,0.0,255,32767,0.11,2090-9-18,0.0,0.52,26.6,0.0,0.0,0.0,0,4.822265625,6,45,05:40,20:21,2025-05-22 04:14:29.436762,Città della Scienza,83.2,12.939268,7.454438,13.008637,9.255835,EU EEA Common AQI,64.6,11.569794,5.4317675,7200,14.014493,100,100,60.6,12.985507,Very Low,64.1,11.466038,100,1747886400,Very Low,10.40691,13.054883,Very Low,14.556622,58.9,18.057972,100,1747886400,16.231884
2025-05-22T04:14:40Z,0,29.925,71.7,63,61.3,1,1,348,87,0.0,255,32767,0.11,2090-9-18,0.0,0.52,26.6,0.0,0.0,0.0,0,4.822265625,6,45,05:40,20:21,2025-05-22 04:14:40.497785,Città della Scienza,83.2,12.939268,7.454438,13.008637,9.255835,EU EEA Common AQI,64.6,11.569794,5.4317675,7200,14.014493,100,100,60.6,12.985507,Very Low,64.1,11.466038,100,1747886400,Very Low,10.40691,13.054883,Very Low,14.556622,58.9,18.057972,100,1747886400,16.231884
2025-05-22T04:14:51Z,0,29.925,71.7,63,61.3,1,1,348,87,0.0,255,32767,0.11,2090-9-18,0.0,0.52,26.6,0.0,0.0,0.0,0,4.822265625,6,45,05:40,20:21,2025-05-22 04:14:51.621792,Città della Scienza,83.2,12.939268,7.454438,13.008637,9.255835,EU EEA Common AQI,64.6,11.569794,5.4317675,7200,14.014493,100,100,60.6,12.985507,Very Low,64.1,11.466038,100,1747886400,Very Low,10.40691,13.054883,Very Low,14.556622,58.9,18.057972,100,1747886400,16.231884
2025-05-22T04:15:02Z,0,29.925,71.7,63,61.3,1,1,348,87,0.0,255,32767,0.11,2090-9-18,0.0,0.52,26.6,0.0,0.0,0.0,0,4.822265625,6,45,05:40,20:21,2025-05-22 04:15:02.747787,Città della Scienza,83.2,12.939268,7.454438,13.008637,9.255835,EU EEA Common AQI,64.6,11.569794,5.4317675,7200,14.014493,100,100,60.6,12.985507,Very Low,64.1,11.466038,100,1747886400,Very Low,10.40691,13.054883,Very Low,14.556622,58.9,18.057972,100,1747886400,16.231884
2025-05-22T04:15:14Z,0,29.925,71.7,63,61.3,1,1,348,87,0.0,255,32767,0.11,2090-9-18,0.0,0.52,26.6,0.0,0.0,0.0,0,4.822265625,6,45,05:40,20:21,2025-05-22 04:15:13.827807,Città della Scienza,83.2,12.939268,7.454438,13.008637,9.255835,EU EEA Common AQI,64.6,11.569794,5.4317675,7200,14.014493,100,100,60.6,12.985507,Very Low,64.1,11.466038,100,1747886400,Very Low,10.40691,13.054883,Very Low,14.556622,58.9,18.057972,100,1747886400,16.231884
2025-05-22T04:15:25Z,0,29.925,71.7,63,61.3,0,1,348,87,0.0,255,32767,0.11,2090-9-18,0.0,0.52,26.6,0.0,0.0,0.0,0,4.822265625,6,45,05:40,20:21,2025-05-22 04:15:24.911803,Città della Scienza,83.0,13.515265,7.596029,13.643389,9.681087,EU EEA Common AQI,64.5,12.101358,5.582242,7200,12.333333,100,100,60.5,12.301449,Very Low,64.1,12.042199,100,1747887300,Very Low,10.91471,13.598494,Very Low,15.220303,58.8,17.507246,100,1747887300,15.376812
2025-05-22T04:15:36Z,0,29.922,71.7,63,61.3,1,1,348,87,0.0,255,32767,0.11,2090-9-18,0.0,0.52,26.6,0.0,0.0,0.0,0,4.822265625,6,45,05:40,20:21,2025-05-22 04:15:36.012784,Città della Scienza,83.0,13.515265,7.596029,13.643389,9.681087,EU EEA Common AQI,64.5,12.101358,5.582242,7200,12.333333,100,100,60.5,12.301449,Very Low,64.1,12.042199,100,1747887300,Very Low,10.91471,13.598494,Very Low,15.220303,58.8,17.507246,100,1747887300,15.376812
2025-05-22T04:15:47Z,0,29.922,71.7,63,61.3,1,1,348,87,0.0,255,32767,0.11,2090-9-18,0.0,0.52,26.6,0.0,0.0,0.0,0,4.822265625,6,45,05:40,20:21,2025-05-22 04:15:47.163785,Città della Scienza,83.0,13.515265,7.596029,13.643389,9.681087,EU EEA Common AQI,64.5,12.101358,5.582242,7200,12.333333,100,100,60.5,12.301449,Very Low,64.1,12.042199,100,1747887300,Very Low,10.91471,13.598494,Very Low,15.220303,58.8,17.507246,100,1747887300,15.376812
2025-05-22T04:15:58Z,0,29.922,71.7,63,61.3,1,1,348,87,0.0,255,32767,0.11,2090-9-18,0.0,0.52,26.6,0.0,0.0,0.0,0,4.822265625,6,45,05:40,20:21,2025-05-22 04:15:58.298784,Città della Scienza,83.0,13.515265,7.596029,13.643389,9.681087,EU EEA Common AQI,64.5,12.101358,5.582242,7200,12.333333,100,100,60.5,12.301449,Very Low,64.1,12.042199,100,1747887300,Very Low,10.91471,13.598494,Very Low,15.220303,58.8,17.507246,100,1747887300,15.376812
2025-05-22T04:16:09Z,0,29.922,71.7,63,61.3,2,1,348,87,0.0,255,32767,0.11,2090-9-18,0.0,0.52,26.6,0.0,0.0,0.0,0,4.822265625,6,45,05:40,20:21,2025-05-22 04:16:09.383795,Città della Scienza,83.0,13.515265,7.596029,13.643389,9.681087,EU EEA Common AQI,64.5,12.101358,5.582242,7200,12.333333,100,100,60.5,12.301449,Very Low,64.1,12.042199,100,1747887300,Very Low,10.91471,13.598494,Very Low,15.220303,58.8,17.507246,100,1747887300,15.376812
2025-05-22T04:16:20Z,0,29.922,71.7,63,61.3,1,1,348,87,0.0,255,32767,0.11,2090-9-18,0.0,0.52,26.6,0.0,0.0,0.0,0,4.822265625,6,45,05:40,20:21,2025-05-22 04:16:20.466793,Città della Scienza,83.0,13.515265,7.596029,13.643389,9.681087,EU EEA Common AQI,64.5,12.101358,5.582242,7200,12.333333,100,100,60.5,12.301449,Very Low,64.1,12.042199,100,1747887300,Very Low,10.91471,13.598494,Very Low,15.220303,58.8,17.507246,100,1747887300,15.376812
2025-05-22T04:16:31Z,0,29.922,71.7,63,61.3,2,1,348,87,0.0,255,32767,0.11,2090-9-18,0.0,0.52,26.6,0.0,0.0,0.0,0,4.822265625,6,45,05:40,20:21,2025-05-22 04:16:31.593787,Città della Scienza,83.0,13.515265,7.596029,13.643389,9.681087,EU EEA Common AQI,64.5,12.101358,5.582242,7200,12.333333,100,100,60.5,12.301449,Very Low,64.1,12.042199,100,1747887300,Very Low,10.91471,13.598494,Very Low,15.220303,58.8,17.507246,100,1747887300,15.376812
2025-05-22T04:16:42Z,0,29.924,71.7,63,61.3,2,1,348,87,0.0,255,32767,0.11,2090-9-18,0.0,0.52,26.6,0.0,0.0,0.0,0,4.822265625,6,45,05:40,20:21,2025-05-22 04:16:42.718802,Città della Scienza,83.0,13.515265,7.596029,13.643389,9.681087,EU EEA Common AQI,64.5,12.101358,5.582242,7200,12.333333,100,100,60.5,12.301449,Very Low,64.1,12.042199,100,1747887300,Very Low,10.91471,13.598494,Very Low,15.220303,58.8,17.507246,100,1747887300,15.376812
2025-05-22T04:16:54Z,0,29.924,71.7,63,61.3,1,1,348,87,0.0,255,32767,0.11,2090-9-18,0.0,0.52,26.6,0.0,0.0,0.0,0,4.822265625,6,45,05:40,20:21,2025-05-22 04:16:53.829785,Città della Scienza,83.0,13.515265,7.596029,13.643389,9.681087,EU EEA Common AQI,64.5,12.101358,5.582242,7200,12.333333,100,100,60.5,12.301449,Very Low,64.1,12.042199,100,1747887300,Very Low,10.91471,13.598494,Very Low,15.220303,58.8,17.507246,100,1747887300,15.376812
2025-05-22T04:17:05Z,0,29.924,71.7,63,61.3,0,1,348,87,0.0,255,32767,0.11,2090-9-18,0.0,0.52,26.6,0.0,0.0,0.0,0,4.822265625,6,45,05:40,20:21,2025-05-22 04:17:04.939788,Città della Scienza,83.0,13.515265,7.596029,13.643389,9.681087,EU EEA Common AQI,64.5,12.101358,5.582242,7200,12.333333,100,100,60.5,12.301449,Very Low,64.1,12.042199,100,1747887300,Very Low,10.91471,13.598494,Very Low,15.220303,58.8,17.507246,100,1747887300,15.376812
2025-05-22T04:17:16Z,0,29.924,71.7,63,61.4,1,1,348,87,0.0,255,32767,0.11,2090-9-18,0.0,0.52,26.6,0.0,0.0,0.0,0,4.822265625,6,45,05:40,20:21,2025-05-22 04:17:16.053785,Città della Scienza,83.0,13.515265,7.596029,13.643389,9.681087,EU EEA Common AQI,64.5,12.101358,5.582242,7200,12.333333,100,100,60.5,12.301449,Very Low,64.1,12.042199,100,1747887300,Very Low,10.91471,13.598494,Very Low,15.220303,58.8,17.507246,100,1747887300,15.376812
2025-05-22T04:17:27Z,0,29.924,71.7,63,61.4,0,1,348,87,0.0,255,32767,0.11,2090-9-18,0.0,0.52,26.6,0.0,0.0,0.0,0,4.822265625,6,45,05:40,20:21,2025-05-22 04:17:27.132790,Città della Scienza,83.0,13.515265,7.596029,13.643389,9.681087,EU EEA Common AQI,64.5,12.101358,5.582242,7200,12.333333,100,100,60.5,12.301449,Very Low,64.1,12.042199,100,1747887300,Very Low,10.91471,13.598494,Very Low,15.220303,58.8,17.507246,100,1747887300,15.376812
2025-05-22T04:17:38Z,0,29.925,71.7,63,61.4,0,1,348,87,0.0,255,32767,0.11,2090-9-18,0.0,0.52,26.6,0.0,0.0,0.0,0,4.822265625,6,45,05:40,20:21,2025-05-22 04:17:38.274783,Città della Scienza,83.0,13.515265,7.596029,13.643389,9.681087,EU EEA Common AQI,64.5,12.101358,5.582242,7200,12.333333,100,100,60.5,12.301449,Very Low,64.1,12.042199,100,1747887300,Very Low,10.91471,13.598494,Very Low,15.220303,58.8,17.507246,100,1747887300,15.376812
2025-05-22T04:17:49Z,0,29.925,71.7,63,61.4,0,1,348,87,0.0,255,32767,0.11,2090-9-18,0.0,0.52,26.6,0.0,0.0,0.0,0,4.822265625,6,45,05:40,20:21,2025-05-22 04:17:49.349786,Città della Scienza,83.0,13.515265,7.596029,13.643389,9.681087,EU EEA Common AQI,64.5,12.101358,5.582242,7200,12.333333,100,100,60.5,12.301449,Very Low,64.1,12.042199,100,1747887300,Very Low,10.91471,13.598494,Very Low,15.220303,58.8,17.507246,100,1747887300,15.376812
2025-05-22T04:18:00Z,0,29.925,71.7,63,61.4,0,1,348,87,0.0,255,32767,0.11,2090-9-18,0.0,0.52,26.6,0.0,0.0,0.0,0,4.822265625,6,45,05:40,20:21,2025-05-22 04:18:00.424783,Città della Scienza,83.0,13.515265,7.596029,13.643389,9.681087,EU EEA Common AQI,64.5,12.101358,5.582242,7200,12.333333,100,100,60.5,12.301449,Very Low,64.1,12.042199,100,1747887300,Very Low,10.91471,13.598494,Very Low,15.220303,58.8,17.507246,100,1747887300,15.376812
2025-05-22T04:18:11Z,0,29.925,71.7,63,61.4,0,1,348,87,0.0,255,32767,0.11,2090-9-18,0.0,0.52,26.6,0.0,0.0,0.0,0,4.822265625,6,45,05:40,20:21,2025-05-22 04:18:11.705796,Città della Scienza,83.0,13.515265,7.596029,13.643389,9.681087,EU EEA Common AQI,64.5,12.101358,5.582242,7200,12.333333,100,100,60.5,12.301449,Very Low,64.1,12.042199,100,1747887300,Very Low,10.91471,13.598494,Very Low,15.220303,58.8,17.507246,100,1747887300,15.376812
2025-05-22T04:18:23Z,0,29.925,71.7,63,61.4,0,1,348,87,0.0,255,32767,0.11,2090-9-18,0.0,0.52,26.6,0.0,0.0,0.0,0,4.822265625,6,45,05:40,20:21,2025-05-22 04:18:22.799786,Città della Scienza,83.0,13.515265,7.596029,13.643389,9.681087,EU EEA Common AQI,64.5,12.101358,5.582242,7200,12.333333,100,100,60.5,12.301449,Very Low,64.1,12.042199,100,1747887300,Very Low,10.91471,13.598494,Very Low,15.220303,58.8,17.507246,100,1747887300,15.376812
2025-05-22T04:18:34Z,0,29.925,71.6,63,61.4,0,1,348,87,0.0,255,32767,0.11,2090-9-18,0.0,0.52,26.6,0.0,0.0,0.0,0,4.822265625,6,45,05:40,20:21,2025-05-22 04:18:33.898786,Città della Scienza,83.0,13.515265,7.596029,13.643389,9.681087,EU EEA Common AQI,64.5,12.101358,5.582242,7200,12.333333,100,100,60.5,12.301449,Very Low,64.1,12.042199,100,1747887300,Very Low,10.91471,13.598494,Very Low,15.220303,58.8,17.507246,100,1747887300,15.376812
2025-05-22T04:18:45Z,0,29.925,71.6,63,61.4,0,1,348,87,0.0,255,32767,0.11,2090-9-18,0.0,0.52,26.6,0.0,0.0,0.0,0,4.822265625,6,45,05:40,20:21,2025-05-22 04:18:45.026791,Città della Scienza,83.0,13.515265,7.596029,13.643389,9.681087,EU EEA Common AQI,64.5,12.101358,5.582242,7200,12.333333,100,100,60.5,12.301449,Very Low,64.1,12.042199,100,1747887300,Very Low,10.91471,13.598494,Very Low,15.220303,58.8,17.507246,100,1747887300,15.376812
2025-05-22T04:18:56Z,0,29.925,71.6,63,61.4,0,1,348,87,0.0,255,32767,0.11,2090-9-18,0.0,0.52,26.6,0.0,0.0,0.0,0,4.822265625,6,45,05:40,20:21,2025-05-22 04:18:56.159786,Città della Scienza,83.0,13.515265,7.596029,13.643389,9.681087,EU EEA Common AQI,64.5,12.101358,5.582242,7200,12.333333,100,100,60.5,12.301449,Very Low,64.1,12.042199,100,1747887300,Very Low,10.91471,13.598494,Very Low,15.220303,58.8,17.507246,100,1747887300,15.376812
2025-05-22T04:19:07Z,0,29.925,71.6,63,61.4,0,1,348,87,0.0,255,32767,0.11,2090-9-18,0.0,0.52,26.6,0.0,0.0,0.0,0,4.822265625,6,45,05:40,20:21,2025-05-22 04:19:07.294787,Città della Scienza,83.0,13.515265,7.596029,13.643389,9.681087,EU EEA Common AQI,64.5,12.101358,5.582242,7200,12.333333,100,100,60.5,12.301449,Very Low,64.1,12.042199,100,1747887300,Very Low,10.91471,13.598494,Very Low,15.220303,58.8,17.507246,100,1747887300,15.376812
2025-05-22T04:19:18Z,0,29.925,71.6,63,61.4,0,1,348,87,0.0,255,32767,0.11,2090-9-18,0.0,0.52,26.6,0.0,0.0,0.0,0,4.822265625,6,45,05:40,20:21,2025-05-22 04:19:18.406788,Città della Scienza,83.0,13.515265,7.596029,13.643389,9.681087,EU EEA Common AQI,64.5,12.101358,5.582242,7200,12.333333,100,100,60.5,12.301449,Very Low,64.1,12.042199,100,1747887300,Very Low,10.91471,13.598494,Very Low,15.220303,58.8,17.507246,100,1747887300,15.376812
2025-05-22T04:19:29Z,0,29.925,71.6,63,61.4,0,1,348,87,0.0,255,32767,0.11,2090-9-18,0.0,0.52,26.6,0.0,0.0,0.0,0,4.822265625,6,45,05:40,20:21,2025-05-22 04:19:29.478790,Città della Scienza,83.0,13.515265,7.596029,13.643389,9.681087,EU EEA Common AQI,64.5,12.101358,5.582242,7200,12.333333,100,100,60.5,12.301449,Very Low,64.1,12.042199,100,1747887300,Very Low,10.91471,13.598494,Very Low,15.220303,58.8,17.507246,100,1747887300,15.376812
2025-05-22T04:19:40Z,0,29.925,71.7,63,61.5,0,1,348,87,0.0,255,32767,0.11,2090-9-18,0.0,0.52,26.6,0.0,0.0,0.0,0,4.822265625,6,45,05:40,20:21,2025-05-22 04:19:40.582795,Città della Scienza,83.0,13.515265,7.596029,13.643389,9.681087,EU EEA Common AQI,64.5,12.101358,5.582242,7200,12.333333,100,100,60.5,12.301449,Very Low,64.1,12.042199,100,1747887300,Very Low,10.91471,13.598494,Very Low,15.220303,58.8,17.507246,100,1747887300,15.376812
2025-05-22T04:19:51Z,0,29.925,71.7,63,61.4,0,1,348,87,0.0,255,32767,0.11,2090-9-18,0.0,0.52,26.6,0.0,0.0,0.0,0,4.822265625,6,45,05:40,20:21,2025-05-22 04:19:51.687804,Città della Scienza,83.0,13.515265,7.596029,13.643389,9.681087,EU EEA Common AQI,64.5,12.101358,5.582242,7200,12.333333,100,100,60.5,12.301449,Very Low,64.1,12.042199,100,1747887300,Very Low,10.91471,13.598494,Very Low,15.220303,58.8,17.507246,100,1747887300,15.376812
2025-05-22T04:20:03Z,0,29.925,71.7,63,61.5,0,1,348,87,0.0,255,32767,0.11,2090-9-18,0.0,0.52,26.6,0.0,0.0,0.0,0,4.822265625,6,45,05:40,20:21,2025-05-22 04:20:02.815794,Città della Scienza,83.0,13.515265,7.596029,13.643389,9.681087,EU EEA Common AQI,64.5,12.101358,5.582242,7200,12.333333,100,100,60.5,12.301449,Very Low,64.1,12.042199,100,1747887300,Very Low,10.91471,13.598494,Very Low,15.220303,58.8,17.507246,100,1747887300,15.376812
2025-05-22T04:20:14Z,0,29.925,71.7,63,61.5,0,1,348,87,0.0,255,32767,0.11,2090-9-18,0.0,0.52,26.6,0.0,0.0,0.0,0,4.822265625,6,45,05:40,20:21,2025-05-22 04:20:13.914749,Città della Scienza,83.0,13.515265,7.596029,13.643389,9.681087,EU EEA Common AQI,64.5,12.101358,5.582242,7200,12.333333,100,100,60.5,12.301449,Very Low,64.1,12.042199,100,1747887300,Very Low,10.91471,13.598494,Very Low,15.220303,58.8,17.507246,100,1747887300,15.376812
2025-05-22T04:20:25Z,0,29.925,71.7,63,61.5,0,1,348,87,0.0,255,32767,0.11,2090-9-18,0.0,0.52,26.6,0.0,0.0,0.0,0,4.822265625,6,45,05:40,20:21,2025-05-22 04:20:25.013788,Città della Scienza,83.0,13.515265,7.596029,13.643389,9.681087,EU EEA Common AQI,64.5,12.101358,5.582242,7200,12.333333,100,100,60.5,12.301449,Very Low,64.1,12.042199,100,1747887300,Very Low,10.91471,13.598494,Very Low,15.220303,58.8,17.507246,100,1747887300,15.376812
2025-05-22T04:20:36Z,0,29.923,71.6,63,61.5,0,1,348,87,0.0,255,32767,0.11,2090-9-18,0.0,0.52,26.6,0.0,0.0,0.0,0,4.822265625,6,45,05:40,20:21,2025-05-22 04:20:36.136793,Città della Scienza,83.0,13.515265,7.596029,13.643389,9.681087,EU EEA Common AQI,64.5,12.101358,5.582242,7200,12.333333,100,100,60.5,12.301449,Very Low,64.1,12.042199,100,1747887300,Very Low,10.91471,13.598494,Very Low,15.220303,58.8,17.507246,100,1747887300,15.376812
2025-05-22T04:20:47Z,0,29.923,71.6,63,61.5,0,1,348,87,0.0,255,32767,0.11,2090-9-18,0.0,0.52,26.6,0.0,0.0,0.0,0,4.822265625,6,45,05:40,20:21,2025-05-22 04:20:47.265796,Città della Scienza,83.0,13.515265,7.596029,13.643389,9.681087,EU EEA Common AQI,64.5,12.101358,5.582242,7200,12.333333,100,100,60.5,12.301449,Very Low,64.1,12.042199,100,1747887300,Very Low,10.91471,13.598494,Very Low,15.220303,58.8,17.507246,100,1747887300,15.376812
2025-05-22T04:20:58Z,0,29.923,71.6,63,61.5,0,1,348,87,0.0,255,32767,0.11,2090-9-18,0.0,0.52,26.6,0.0,0.0,0.0,0,4.822265625,6,45,05:40,20:21,2025-05-22 04:20:58.378792,Città della Scienza,83.0,13.515265,7.596029,13.643389,9.681087,EU EEA Common AQI,64.5,12.101358,5.582242,7200,12.333333,100,100,60.5,12.301449,Very Low,64.1,12.042199,100,1747887300,Very Low,10.91471,13.598494,Very Low,15.220303,58.8,17.507246,100,1747887300,15.376812
2025-05-22T04:21:09Z,0,29.923,71.6,63,61.4,1,1,348,87,0.0,255,32767,0.11,2090-9-18,0.0,0.52,26.6,0.0,0.0,0.0,0,4.822265625,6,45,05:40,20:21,2025-05-22 04:21:09.475789,Città della Scienza,83.0,13.515265,7.596029,13.643389,9.681087,EU EEA Common AQI,64.5,12.101358,5.582242,7200,12.333333,100,100,60.5,12.301449,Very Low,64.1,12.042199,100,1747887300,Very Low,10.91471,13.598494,Very Low,15.220303,58.8,17.507246,100,1747887300,15.376812
2025-05-22T04:21:20Z,0,29.923,71.6,63,61.5,2,1,348,87,0.0,255,32767,0.11,2090-9-18,0.0,0.52,26.6,0.0,0.0,0.0,0,4.822265625,6,45,05:40,20:21,2025-05-22 04:21:20.596782,Città della Scienza,83.0,13.515265,7.596029,13.643389,9.681087,EU EEA Common AQI,64.5,12.101358,5.582242,7200,12.333333,100,100,60.5,12.301449,Very Low,64.1,12.042199,100,1747887300,Very Low,10.91471,13.598494,Very Low,15.220303,58.8,17.507246,100,1747887300,15.376812
2025-05-22T04:21:31Z,0,29.923,71.6,63,61.5,2,1,348,87,0.0,255,32767,0.11,2090-9-18,0.0,0.52,26.6,0.0,0.0,0.0,0,4.822265625,6,45,05:40,20:21,2025-05-22 04:21:31.690799,Città della Scienza,83.0,13.515265,7.596029,13.643389,9.681087,EU EEA Common AQI,64.5,12.101358,5.582242,7200,12.333333,100,100,60.5,12.301449,Very Low,64.1,12.042199,100,1747887300,Very Low,10.91471,13.598494,Very Low,15.220303,58.8,17.507246,100,1747887300,15.376812
2025-05-22T04:21:43Z,0,29.924,71.6,63,61.5,2,1,348,87,0.0,255,32767,0.11,2090-9-18,0.0,0.52,26.6,0.0,0.0,0.0,0,4.822265625,6,45,05:40,20:21,2025-05-22 04:21:42.804791,Città della Scienza,83.0,13.515265,7.596029,13.643389,9.681087,EU EEA Common AQI,64.5,12.101358,5.582242,7200,12.333333,100,100,60.5,12.301449,Very Low,64.1,12.042199,100,1747887300,Very Low,10.91471,13.598494,Very Low,15.220303,58.8,17.507246,100,1747887300,15.376812
2025-05-22T04:21:54Z,0,29.924,71.6,63,61.6,3,1,15,87,0.0,255,32767,0.11,2090-9-18,0.0,0.52,26.6,0.0,0.0,0.0,0,4.822265625,6,45,05:40,20:21,2025-05-22 04:21:53.901787,Città della Scienza,83.0,13.515265,7.596029,13.643389,9.681087,EU EEA Common AQI,64.5,12.101358,5.582242,7200,12.333333,100,100,60.5,12.301449,Very Low,64.1,12.042199,100,1747887300,Very Low,10.91471,13.598494,Very Low,15.220303,58.8,17.507246,100,1747887300,15.376812
2025-05-22T04:22:05Z,0,29.924,71.6,63,61.5,2,1,15,87,0.0,255,32767,0.11,2090-9-18,0.0,0.52,26.6,0.0,0.0,0.0,0,4.822265625,6,45,05:40,20:21,2025-05-22 04:22:04.991793,Città della Scienza,83.0,13.515265,7.596029,13.643389,9.681087,EU EEA Common AQI,64.5,12.101358,5.582242,7200,12.333333,100,100,60.5,12.301449,Very Low,64.1,12.042199,100,1747887300,Very Low,10.91471,13.598494,Very Low,15.220303,58.8,17.507246,100,1747887300,15.376812
2025-05-22T04:22:16Z,0,29.924,71.6,63,61.5,2,1,15,87,0.0,255,32767,0.11,2090-9-18,0.0,0.52,26.6,0.0,0.0,0.0,0,4.822265625,6,45,05:40,20:21,2025-05-22 04:22:16.068781,Città della Scienza,83.0,13.515265,7.596029,13.643389,9.681087,EU EEA Common AQI,64.5,12.101358,5.582242,7200,12.333333,100,100,60.5,12.301449,Very Low,64.1,12.042199,100,1747887300,Very Low,10.91471,13.598494,Very Low,15.220303,58.8,17.507246,100,1747887300,15.376812
2025-05-22T04:22:27Z,0,29.924,71.6,63,61.5,2,1,24,87,0.0,255,32767,0.11,2090-9-18,0.0,0.52,26.6,0.0,0.0,0.0,0,4.822265625,6,45,05:40,20:21,2025-05-22 04:22:27.149755,Città della Scienza,83.0,13.515265,7.596029,13.643389,9.681087,EU EEA Common AQI,64.5,12.101358,5.582242,7200,12.333333,100,100,60.5,12.301449,Very Low,64.1,12.042199,100,1747887300,Very Low,10.91471,13.598494,Very Low,15.220303,58.8,17.507246,100,1747887300,15.376812
2025-05-22T04:22:38Z,0,29.925,71.6,63,61.5,1,1,24,87,0.0,255,32767,0.11,2090-9-18,0.0,0.52,26.6,0.0,0.0,0.0,0,4.828125,6,45,05:40,20:21,2025-05-22 04:22:38.249791,Città della Scienza,83.0,13.515265,7.596029,13.643389,9.681087,EU EEA Common AQI,64.5,12.101358,5.582242,7200,12.333333,100,100,60.5,12.301449,Very Low,64.1,12.042199,100,1747887300,Very Low,10.91471,13.598494,Very Low,15.220303,58.8,17.507246,100,1747887300,15.376812
2025-05-22T04:22:49Z,0,29.925,71.6,63,61.6,2,1,24,87,0.0,255,32767,0.11,2090-9-18,0.0,0.52,26.6,0.0,0.0,0.0,0,4.828125,6,45,05:40,20:21,2025-05-22 04:22:49.358794,Città della Scienza,83.0,13.515265,7.596029,13.643389,9.681087,EU EEA Common AQI,64.5,12.101358,5.582242,7200,12.333333,100,100,60.5,12.301449,Very Low,64.1,12.042199,100,1747887300,Very Low,10.91471,13.598494,Very Low,15.220303,58.8,17.507246,100,1747887300,15.376812
2025-05-22T04:23:00Z,0,29.925,71.6,63,61.6,1,1,24,87,0.0,255,32767,0.11,2090-9-18,0.0,0.52,26.6,0.0,0.0,0.0,0,4.828125,6,45,05:40,20:21,2025-05-22 04:23:00.476786,Città della Scienza,83.0,13.515265,7.596029,13.643389,9.681087,EU EEA Common AQI,64.5,12.101358,5.582242,7200,12.333333,100,100,60.5,12.301449,Very Low,64.1,12.042199,100,1747887300,Very Low,10.91471,13.598494,Very Low,15.220303,58.8,17.507246,100,1747887300,15.376812
2025-05-22T04:23:11Z,0,29.925,71.6,63,61.6,1,1,24,87,0.0,255,32767,0.11,2090-9-18,0.0,0.52,26.6,0.0,0.0,0.0,0,4.828125,6,45,05:40,20:21,2025-05-22 04:23:11.632792,Città della Scienza,83.0,13.515265,7.596029,13.643389,9.681087,EU EEA Common AQI,64.5,12.101358,5.582242,7200,12.333333,100,100,60.5,12.301449,Very Low,64.1,12.042199,100,1747887300,Very Low,10.91471,13.598494,Very Low,15.220303,58.8,17.507246,100,1747887300,15.376812
2025-05-22T04:23:22Z,0,29.925,71.6,63,61.6,2,1,24,87,0.0,255,32767,0.11,2090-9-18,0.0,0.52,26.6,0.0,0.0,0.0,0,4.828125,6,45,05:40,20:21,2025-05-22 04:23:22.751792,Città della Scienza,83.0,13.515265,7.596029,13.643389,9.681087,EU EEA Common AQI,64.5,12.101358,5.582242,7200,12.333333,100,100,60.5,12.301449,Very Low,64.1,12.042199,100,1747887300,Very Low,10.91471,13.598494,Very Low,15.220303,58.8,17.507246,100,1747887300,15.376812
2025-05-22T04:23:34Z,0,29.924,71.6,63,61.7,2,1,24,87,0.0,255,32767,0.11,2090-9-18,0.0,0.52,26.6,0.0,0.0,0.0,0,4.828125,6,45,05:40,20:21,2025-05-22 04:23:33.847787,Città della Scienza,83.0,13.515265,7.596029,13.643389,9.681087,EU EEA Common AQI,64.5,12.101358,5.582242,7200,12.333333,100,100,60.5,12.301449,Very Low,64.1,12.042199,100,1747887300,Very Low,10.91471,13.598494,Very Low,15.220303,58.8,17.507246,100,1747887300,15.376812
2025-05-22T04:23:45Z,0,29.924,71.6,63,61.6,2,1,24,88,0.0,255,32767,0.11,2090-9-18,0.0,0.52,26.6,0.0,0.0,0.0,0,4.828125,6,45,05:40,20:21,2025-05-22 04:23:44.986800,Città della Scienza,83.0,13.515265,7.596029,13.643389,9.681087,EU EEA Common AQI,64.5,12.101358,5.582242,7200,12.333333,100,100,60.5,12.301449,Very Low,64.1,12.042199,100,1747887300,Very Low,10.91471,13.598494,Very Low,15.220303,58.8,17.507246,100,1747887300,15.376812
2025-05-22T04:23:56Z,0,29.924,71.6,63,61.7,2,1,24,88,0.0,255,32767,0.11,2090-9-18,0.0,0.52,26.6,0.0,0.0,0.0,0,4.828125,6,45,05:40,20:21,2025-05-22 04:23:56.110792,Città della Scienza,83.0,13.515265,7.596029,13.643389,9.681087,EU EEA Common AQI,64.5,12.101358,5.582242,7200,12.333333,100,100,60.5,12.301449,Very Low,64.1,12.042199,100,1747887300,Very Low,10.91471,13.598494,Very Low,15.220303,58.8,17.507246,100,1747887300,15.376812
2025-05-22T04:24:07Z,0,29.924,71.6,63,61.7,1,1,24,88,0.0,255,32767,0.11,2090-9-18,0.0,0.52,26.6,0.0,0.0,0.0,0,4.828125,6,45,05:40,20:21,2025-05-22 04:24:07.249752,Città della Scienza,83.0,13.515265,7.596029,13.643389,9.681087,EU EEA Common AQI,64.5,12.101358,5.582242,7200,12.333333,100,100,60.5,12.301449,Very Low,64.1,12.042199,100,1747887300,Very Low,10.91471,13.598494,Very Low,15.220303,58.8,17.507246,100,1747887300,15.376812
2025-05-22T04:24:18Z,0,29.924,71.6,63,61.7,1,1,24,88,0.0,255,32767,0.11,2090-9-18,0.0,0.52,26.6,0.0,0.0,0.0,0,4.828125,6,45,05:40,20:21,2025-05-22 04:24:18.392797,Città della Scienza,83.0,13.515265,7.596029,13.643389,9.681087,EU EEA Common AQI,64.5,12.101358,5.582242,7200,12.333333,100,100,60.5,12.301449,Very Low,64.1,12.042199,100,1747887300,Very Low,10.91471,13.598494,Very Low,15.220303,58.8,17.507246,100,1747887300,15.376812
2025-05-22T04:24:29Z,0,29.924,71.6,63,61.7,1,1,37,88,0.0,255,32767,0.11,2090-9-18,0.0,0.52,26.6,0.0,0.0,0.0,0,4.828125,6,45,05:40,20:21,2025-05-22 04:24:29.542787,Città della Scienza,83.0,13.515265,7.596029,13.643389,9.681087,EU EEA Common AQI,64.5,12.101358,5.582242,7200,12.333333,100,100,60.5,12.301449,Very Low,64.1,12.042199,100,1747887300,Very Low,10.91471,13.598494,Very Low,15.220303,58.8,17.507246,100,1747887300,15.376812
2025-05-22T04:24:40Z,0,29.927,71.6,63,61.8,2,1,37,88,0.0,255,32767,0.11,2090-9-18,0.0,0.52,26.6,0.0,0.0,0.0,0,4.822265625,6,45,05:40,20:21,2025-05-22 04:24:40.643792,Città della Scienza,83.0,13.515265,7.596029,13.643389,9.681087,EU EEA Common AQI,64.5,12.101358,5.582242,7200,12.333333,100,100,60.5,12.301449,Very Low,64.1,12.042199,100,1747887300,Very Low,10.91471,13.598494,Very Low,15.220303,58.8,17.507246,100,1747887300,15.376812
2025-05-22T04:24:51Z,0,29.927,71.6,63,61.8,2,1,37,88,0.0,255,32767,0.11,2090-9-18,0.0,0.52,26.6,0.0,0.0,0.0,0,4.822265625,6,45,05:40,20:21,2025-05-22 04:24:51.727848,Città della Scienza,83.0,13.515265,7.596029,13.643389,9.681087,EU EEA Common AQI,64.5,12.101358,5.582242,7200,12.333333,100,100,60.5,12.301449,Very Low,64.1,12.042199,100,1747887300,Very Low,10.91471,13.598494,Very Low,15.220303,58.8,17.507246,100,1747887300,15.376812
2025-05-22T04:25:03Z,0,29.927,71.6,63,61.8,1,1,37,88,0.0,255,32767,0.11,2090-9-18,0.0,0.52,26.6,0.0,0.0,0.0,0,4.822265625,6,45,05:40,20:21,2025-05-22 04:25:02.831787,Città della Scienza,83.0,13.515265,7.596029,13.643389,9.681087,EU EEA Common AQI,64.5,12.101358,5.582242,7200,12.333333,100,100,60.5,12.301449,Very Low,64.1,12.042199,100,1747887300,Very Low,10.91471,13.598494,Very Low,15.220303,58.8,17.507246,100,1747887300,15.376812
2025-05-22T04:25:14Z,0,29.927,71.6,63,61.8,2,1,37,88,0.0,255,32767,0.11,2090-9-18,0.0,0.52,26.6,0.0,0.0,0.0,0,4.822265625,6,45,05:40,20:21,2025-05-22 04:25:13.930790,Città della Scienza,83.0,13.515265,7.596029,13.643389,9.681087,EU EEA Common AQI,64.5,12.101358,5.582242,7200,12.333333,100,100,60.5,12.301449,Very Low,64.1,12.042199,100,1747887300,Very Low,10.91471,13.598494,Very Low,15.220303,58.8,17.507246,100,1747887300,15.376812
2025-05-22T04:25:25Z,0,29.927,71.6,63,61.8,2,1,37,88,0.0,255,32767,0.11,2090-9-18,0.0,0.52,26.6,0.0,0.0,0.0,0,4.822265625,6,45,05:40,20:21,2025-05-22 04:25:25.044789,Città della Scienza,83.0,13.515265,7.596029,13.643389,9.681087,EU EEA Common AQI,64.5,12.101358,5.582242,7200,12.333333,100,100,60.5,12.301449,Very Low,64.1,12.042199,100,1747887300,Very Low,10.91471,13.598494,Very Low,15.220303,58.8,17.507246,100,1747887300,15.376812
2025-05-22T04:25:36Z,0,29.926,71.6,63,61.8,2,1,37,88,0.0,255,32767,0.11,2090-9-18,0.0,0.52,26.6,0.0,0.0,0.0,0,4.822265625,6,45,05:40,20:21,2025-05-22 04:25:36.120770,Città della Scienza,83.0,13.515265,7.596029,13.643389,9.681087,EU EEA Common AQI,64.5,12.101358,5.582242,7200,12.333333,100,100,60.5,12.301449,Very Low,64.1,12.042199,100,1747887300,Very Low,10.91471,13.598494,Very Low,15.220303,58.8,17.507246,100,1747887300,15.376812
2025-05-22T04:25:47Z,0,29.926,71.6,63,61.8,1,1,37,88,0.0,255,32767,0.11,2090-9-18,0.0,0.52,26.6,0.0,0.0,0.0,0,4.822265625,6,45,05:40,20:21,2025-05-22 04:25:47.224797,Città della Scienza,83.0,13.515265,7.596029,13.643389,9.681087,EU EEA Common AQI,64.5,12.101358,5.582242,7200,12.333333,100,100,60.5,12.301449,Very Low,64.1,12.042199,100,1747887300,Very Low,10.91471,13.598494,Very Low,15.220303,58.8,17.507246,100,1747887300,15.376812
2025-05-22T04:25:58Z,0,29.926,71.6,63,61.8,0,1,37,88,0.0,255,32767,0.11,2090-9-18,0.0,0.52,26.6,0.0,0.0,0.0,0,4.822265625,6,45,05:40,20:21,2025-05-22 04:25:58.304787,Città della Scienza,83.0,13.515265,7.596029,13.643389,9.681087,EU EEA Common AQI,64.5,12.101358,5.582242,7200,12.333333,100,100,60.5,12.301449,Very Low,64.1,12.042199,100,1747887300,Very Low,10.91471,13.598494,Very Low,15.220303,58.8,17.507246,100,1747887300,15.376812
2025-05-22T04:26:09Z,0,29.926,71.6,63,61.8,0,1,37,88,0.0,255,32767,0.11,2090-9-18,0.0,0.52,26.6,0.0,0.0,0.0,0,4.822265625,6,45,05:40,20:21,2025-05-22 04:26:09.403789,Città della Scienza,83.0,13.515265,7.596029,13.643389,9.681087,EU EEA Common AQI,64.5,12.101358,5.582242,7200,12.333333,100,100,60.5,12.301449,Very Low,64.1,12.042199,100,1747887300,Very Low,10.91471,13.598494,Very Low,15.220303,58.8,17.507246,100,1747887300,15.376812
2025-05-22T04:26:20Z,0,29.926,71.6,63,61.8,1,1,37,88,0.0,255,32767,0.11,2090-9-18,0.0,0.52,26.6,0.0,0.0,0.0,0,4.822265625,6,45,05:40,20:21,2025-05-22 04:26:20.530786,Città della Scienza,83.0,13.515265,7.596029,13.643389,9.681087,EU EEA Common AQI,64.5,12.101358,5.582242,7200,12.333333,100,100,60.5,12.301449,Very Low,64.1,12.042199,100,1747887300,Very Low,10.91471,13.598494,Very Low,15.220303,58.8,17.507246,100,1747887300,15.376812
2025-05-22T04:26:31Z,0,29.926,71.6,63,61.8,0,1,37,87,0.0,255,32767,0.11,2090-9-18,0.0,0.52,26.6,0.0,0.0,0.0,0,4.822265625,6,45,05:40,20:21,2025-05-22 04:26:31.673786,Città della Scienza,83.0,13.515265,7.596029,13.643389,9.681087,EU EEA Common AQI,64.5,12.101358,5.582242,7200,12.333333,100,100,60.5,12.301449,Very Low,64.1,12.042199,100,1747887300,Very Low,10.91471,13.598494,Very Low,15.220303,58.8,17.507246,100,1747887300,15.376812
2025-05-22T04:26:42Z,0,29.925,71.6,63,61.8,0,1,37,87,0.0,255,32767,0.11,2090-9-18,0.0,0.52,26.6,0.0,0.0,0.0,0,4.822265625,6,45,05:40,20:21,2025-05-22 04:26:42.750751,Città della Scienza,83.0,13.515265,7.596029,13.643389,9.681087,EU EEA Common AQI,64.5,12.101358,5.582242,7200,12.333333,100,100,60.5,12.301449,Very Low,64.1,12.042199,100,1747887300,Very Low,10.91471,13.598494,Very Low,15.220303,58.8,17.507246,100,1747887300,15.376812
2025-05-22T04:26:54Z,0,29.925,71.6,63,61.8,1,1,37,87,0.0,255,32767,0.11,2090-9-18,0.0,0.52,26.6,0.0,0.0,0.0,0,4.822265625,6,45,05:40,20:21,2025-05-22 04:26:53.879814,Città della Scienza,83.0,13.515265,7.596029,13.643389,9.681087,EU EEA Common AQI,64.5,12.101358,5.582242,7200,12.333333,100,100,60.5,12.301449,Very Low,64.1,12.042199,100,1747887300,Very Low,10.91471,13.598494,Very Low,15.220303,58.8,17.507246,100,1747887300,15.376812
2025-05-22T04:27:05Z,0,29.925,71.6,63,61.9,1,1,37,87,0.0,255,32767,0.11,2090-9-18,0.0,0.52,26.6,0.0,0.0,0.0,0,4.822265625,6,45,05:40,20:21,2025-05-22 04:27:04.985790,Città della Scienza,83.0,13.515265,7.596029,13.643389,9.681087,EU EEA Common AQI,64.5,12.101358,5.582242,7200,12.333333,100,100,60.5,12.301449,Very Low,64.1,12.042199,100,1747887300,Very Low,10.91471,13.598494,Very Low,15.220303,58.8,17.507246,100,1747887300,15.376812
2025-05-22T04:27:16Z,0,29.925,71.6,63,61.9,0,1,37,87,0.0,255,32767,0.11,2090-9-18,0.0,0.52,26.6,0.0,0.0,0.0,0,4.822265625,6,45,05:40,20:21,2025-05-22 04:27:16.075789,Città della Scienza,83.0,13.515265,7.596029,13.643389,9.681087,EU EEA Common AQI,64.5,12.101358,5.582242,7200,12.333333,100,100,60.5,12.301449,Very Low,64.1,12.042199,100,1747887300,Very Low,10.91471,13.598494,Very Low,15.220303,58.8,17.507246,100,1747887300,15.376812
2025-05-22T04:27:27Z,0,29.925,71.6,63,61.9,0,1,37,87,0.0,255,32767,0.11,2090-9-18,0.0,0.52,26.6,0.0,0.0,0.0,0,4.822265625,6,45,05:40,20:21,2025-05-22 04:27:27.177791,Città della Scienza,83.0,13.515265,7.596029,13.643389,9.681087,EU EEA Common AQI,64.5,12.101358,5.582242,7200,12.333333,100,100,60.5,12.301449,Very Low,64.1,12.042199,100,1747887300,Very Low,10.91471,13.598494,Very Low,15.220303,58.8,17.507246,100,1747887300,15.376812
2025-05-22T04:27:38Z,0,29.924,71.6,63,61.8,0,1,37,87,0.0,255,32767,0.11,2090-9-18,0.0,0.52,26.6,0.0,0.0,0.0,0,4.822265625,6,45,05:40,20:21,2025-05-22 04:27:38.350791,Città della Scienza,83.0,13.515265,7.596029,13.643389,9.681087,EU EEA Common AQI,64.5,12.101358,5.582242,7200,12.333333,100,100,60.5,12.301449,Very Low,64.1,12.042199,100,1747887300,Very Low,10.91471,13.598494,Very Low,15.220303,58.8,17.507246,100,1747887300,15.376812
2025-05-22T04:27:49Z,0,29.924,71.6,63,61.8,2,1,37,87,0.0,255,32767,0.11,2090-9-18,0.0,0.52,26.6,0.0,0.0,0.0,0,4.822265625,6,45,05:40,20:21,2025-05-22 04:27:49.445788,Città della Scienza,83.0,13.515265,7.596029,13.643389,9.681087,EU EEA Common AQI,64.5,12.101358,5.582242,7200,12.333333,100,100,60.5,12.301449,Very Low,64.1,12.042199,100,1747887300,Very Low,10.91471,13.598494,Very Low,15.220303,58.8,17.507246,100,1747887300,15.376812
2025-05-22T04:28:00Z,0,29.924,71.6,63,61.8,0,1,37,87,0.0,255,32767,0.11,2090-9-18,0.0,0.52,26.6,0.0,0.0,0.0,0,4.822265625,6,45,05:40,20:21,2025-05-22 04:28:00.544754,Città della Scienza,83.0,13.515265,7.596029,13.643389,9.681087,EU EEA Common AQI,64.5,12.101358,5.582242,7200,12.333333,100,100,60.5,12.301449,Very Low,64.1,12.042199,100,1747887300,Very Low,10.91471,13.598494,Very Low,15.220303,58.8,17.507246,100,1747887300,15.376812
2025-05-22T04:28:11Z,0,29.924,71.6,63,61.8,1,1,37,87,0.0,255,32767,0.11,2090-9-18,0.0,0.52,26.6,0.0,0.0,0.0,0,4.822265625,6,45,05:40,20:21,2025-05-22 04:28:11.669787,Città della Scienza,83.0,13.515265,7.596029,13.643389,9.681087,EU EEA Common AQI,64.5,12.101358,5.582242,7200,12.333333,100,100,60.5,12.301449,Very Low,64.1,12.042199,100,1747887300,Very Low,10.91471,13.598494,Very Low,15.220303,58.8,17.507246,100,1747887300,15.376812
2025-05-22T04:28:22Z,0,29.924,71.6,63,61.8,0,1,37,87,0.0,255,32767,0.11,2090-9-18,0.0,0.52,26.6,0.0,0.0,0.0,0,4.822265625,6,45,05:40,20:21,2025-05-22 04:28:22.788754,Città della Scienza,83.0,13.515265,7.596029,13.643389,9.681087,EU EEA Common AQI,64.5,12.101358,5.582242,7200,12.333333,100,100,60.5,12.301449,Very Low,64.1,12.042199,100,1747887300,Very Low,10.91471,13.598494,Very Low,15.220303,58.8,17.507246,100,1747887300,15.376812
2025-05-22T04:28:34Z,0,29.924,71.6,63,61.8,0,1,37,87,0.0,255,32767,0.11,2090-9-18,0.0,0.52,26.6,0.0,0.0,0.0,0,4.822265625,6,45,05:40,20:21,2025-05-22 04:28:33.860791,Città della Scienza,83.0,13.515265,7.596029,13.643389,9.681087,EU EEA Common AQI,64.5,12.101358,5.582242,7200,12.333333,100,100,60.5,12.301449,Very Low,64.1,12.042199,100,1747887300,Very Low,10.91471,13.598494,Very Low,15.220303,58.8,17.507246,100,1747887300,15.376812
2025-05-22T04:28:45Z,0,29.924,71.6,63,61.8,0,1,37,87,0.0,255,32767,0.11,2090-9-18,0.0,0.52,26.6,0.0,0.0,0.0,0,4.822265625,6,45,05:40,20:21,2025-05-22 04:28:44.978790,Città della Scienza,83.0,13.515265,7.596029,13.643389,9.681087,EU EEA Common AQI,64.5,12.101358,5.582242,7200,12.333333,100,100,60.5,12.301449,Very Low,64.1,12.042199,100,1747887300,Very Low,10.91471,13.598494,Very Low,15.220303,58.8,17.507246,100,1747887300,15.376812
2025-05-22T04:28:56Z,0,29.924,71.6,63,61.9,0,1,37,87,0.0,255,32767,0.11,2090-9-18,0.0,0.52,26.6,0.0,0.0,0.0,0,4.822265625,6,45,05:40,20:21,2025-05-22 04:28:56.065795,Città della Scienza,83.0,13.515265,7.596029,13.643389,9.681087,EU EEA Common AQI,64.5,12.101358,5.582242,7200,12.333333,100,100,60.5,12.301449,Very Low,64.1,12.042199,100,1747887300,Very Low,10.91471,13.598494,Very Low,15.220303,58.8,17.507246,100,1747887300,15.376812
2025-05-22T04:29:07Z,0,29.924,71.6,63,61.9,0,1,37,87,0.0,255,32767,0.11,2090-9-18,0.0,0.52,26.6,0.0,0.0,0.0,0,4.822265625,6,45,05:40,20:21,2025-05-22 04:29:07.175785,Città della Scienza,83.0,13.515265,7.596029,13.643389,9.681087,EU EEA Common AQI,64.5,12.101358,5.582242,7200,12.333333,100,100,60.5,12.301449,Very Low,64.1,12.042199,100,1747887300,Very Low,10.91471,13.598494,Very Low,15.220303,58.8,17.507246,100,1747887300,15.376812
2025-05-22T04:29:18Z,0,29.924,71.6,63,61.9,0,1,37,87,0.0,255,32767,0.11,2090-9-18,0.0,0.52,26.6,0.0,0.0,0.0,0,4.822265625,6,45,05:40,20:21,2025-05-22 04:29:18.476785,Città della Scienza,83.0,13.515265,7.596029,13.643389,9.681087,EU EEA Common AQI,64.5,12.101358,5.582242,7200,12.333333,100,100,60.5,12.301449,Very Low,64.1,12.042199,100,1747887300,Very Low,10.91471,13.598494,Very Low,15.220303,58.8,17.507246,100,1747887300,15.376812
2025-05-22T04:29:29Z,0,29.924,71.6,63,61.9,0,1,37,87,0.0,255,32767,0.11,2090-9-18,0.0,0.52,26.6,0.0,0.0,0.0,0,4.822265625,6,45,05:40,20:21,2025-05-22 04:29:29.613804,Città della Scienza,83.0,13.515265,7.596029,13.643389,9.681087,EU EEA Common AQI,64.5,12.101358,5.582242,7200,12.333333,100,100,60.5,12.301449,Very Low,64.1,12.042199,100,1747887300,Very Low,10.91471,13.598494,Very Low,15.220303,58.8,17.507246,100,1747887300,15.376812
2025-05-22T04:29:40Z,0,29.925,71.6,63,61.9,0,1,37,87,0.0,255,32767,0.11,2090-9-18,0.0,0.52,26.6,0.0,0.0,0.0,0,4.822265625,6,45,05:40,20:21,2025-05-22 04:29:40.735794,Città della Scienza,83.0,13.515265,7.596029,13.643389,9.681087,EU EEA Common AQI,64.5,12.101358,5.582242,7200,12.333333,100,100,60.5,12.301449,Very Low,64.1,12.042199,100,1747887300,Very Low,10.91471,13.598494,Very Low,15.220303,58.8,17.507246,100,1747887300,15.376812
2025-05-22T04:29:52Z,0,29.925,71.6,63,61.9,0,1,37,87,0.0,255,32767,0.11,2090-9-18,0.0,0.52,26.6,0.0,0.0,0.0,0,4.822265625,6,45,05:40,20:21,2025-05-22 04:29:51.888795,Città della Scienza,83.0,13.515265,7.596029,13.643389,9.681087,EU EEA Common AQI,64.5,12.101358,5.582242,7200,12.333333,100,100,60.5,12.301449,Very Low,64.1,12.042199,100,1747887300,Very Low,10.91471,13.598494,Very Low,15.220303,58.8,17.507246,100,1747887300,15.376812
2025-05-22T04:30:03Z,0,29.925,71.6,63,61.9,0,1,37,87,0.0,255,32767,0.11,2090-9-18,0.0,0.52,26.6,0.0,0.0,0.0,0,4.822265625,6,45,05:40,20:21,2025-05-22 04:30:02.999784,Città della Scienza,83.0,13.515265,7.596029,13.643389,9.681087,EU EEA Common AQI,64.5,12.101358,5.582242,7200,12.333333,100,100,60.5,12.301449,Very Low,64.1,12.042199,100,1747887300,Very Low,10.91471,13.598494,Very Low,15.220303,58.8,17.507246,100,1747887300,15.376812
2025-05-22T04:30:14Z,0,29.925,71.6,63,61.9,0,1,37,87,0.0,255,32767,0.11,2090-9-18,0.0,0.52,26.6,0.0,0.0,0.0,0,4.822265625,6,45,05:40,20:21,2025-05-22 04:30:14.079789,Città della Scienza,83.0,13.515265,7.596029,13.643389,9.681087,EU EEA Common AQI,64.5,12.101358,5.582242,7200,12.333333,100,100,60.5,12.301449,Very Low,64.1,12.042199,100,1747887300,Very Low,10.91471,13.598494,Very Low,15.220303,58.8,17.507246,100,1747887300,15.376812
2025-05-22T04:30:25Z,0,29.925,71.6,63,61.9,0,1,37,87,0.0,255,32767,0.11,2090-9-18,0.0,0.52,26.6,0.0,0.0,0.0,0,4.822265625,6,45,05:40,20:21,2025-05-22 04:30:25.179781,Città della Scienza,83.5,13.906148,7.6925936,13.872299,9.823611,EU EEA Common AQI,64.9,12.279514,5.6841373,7200,11.071428,100,100,60.9,10.434285,Very Low,64.3,12.436007,100,1747888200,Very Low,11.097838,13.801699,Very Low,15.523284,59.2,16.042856,100,1747888200,13.042857
2025-05-22T04:30:36Z,0,29.926,71.6,63,61.9,0,1,37,87,0.0,255,32767,0.11,2090-9-18,0.0,0.52,26.6,0.0,0.0,0.0,0,4.828125,6,45,05:40,20:21,2025-05-22 04:30:36.304779,Città della Scienza,83.5,13.906148,7.6925936,13.872299,9.823611,EU EEA Common AQI,64.9,12.279514,5.6841373,7200,11.071428,100,100,60.9,10.434285,Very Low,64.3,12.436007,100,1747888200,Very Low,11.097838,13.801699,Very Low,15.523284,59.2,16.042856,100,1747888200,13.042857
2025-05-22T04:30:47Z,0,29.926,71.6,63,61.9,0,1,37,87,0.0,255,32767,0.11,2090-9-18,0.0,0.52,26.6,0.0,0.0,0.0,0,4.828125,6,45,05:40,20:21,2025-05-22 04:30:47.410801,Città della Scienza,83.5,13.906148,7.6925936,13.872299,9.823611,EU EEA Common AQI,64.9,12.279514,5.6841373,7200,11.071428,100,100,60.9,10.434285,Very Low,64.3,12.436007,100,1747888200,Very Low,11.097838,13.801699,Very Low,15.523284,59.2,16.042856,100,1747888200,13.042857
2025-05-22T04:30:58Z,0,29.926,71.6,63,61.9,0,1,37,87,0.0,255,32767,0.11,2090-9-18,0.0,0.52,26.6,0.0,0.0,0.0,0,4.828125,6,45,05:40,20:21,2025-05-22 04:30:58.527794,Città della Scienza,83.5,13.906148,7.6925936,13.872299,9.823611,EU EEA Common AQI,64.9,12.279514,5.6841373,7200,11.071428,100,100,60.9,10.434285,Very Low,64.3,12.436007,100,1747888200,Very Low,11.097838,13.801699,Very Low,15.523284,59.2,16.042856,100,1747888200,13.042857
2025-05-22T04:31:09Z,0,29.926,71.6,63,61.9,0,1,37,87,0.0,255,32767,0.11,2090-9-18,0.0,0.52,26.6,0.0,0.0,0.0,0,4.828125,6,45,05:40,20:21,2025-05-22 04:31:09.604754,Città della Scienza,83.5,13.906148,7.6925936,13.872299,9.823611,EU EEA Common AQI,64.9,12.279514,5.6841373,7200,11.071428,100,100,60.9,10.434285,Very Low,64.3,12.436007,100,1747888200,Very Low,11.097838,13.801699,Very Low,15.523284,59.2,16.042856,100,1747888200,13.042857
2025-05-22T04:31:20Z,0,29.926,71.6,63,61.9,0,1,37,87,0.0,255,32767,0.11,2090-9-18,0.0,0.52,26.6,0.0,0.0,0.0,0,4.828125,6,45,05:40,20:21,2025-05-22 04:31:20.707795,Città della Scienza,83.5,13.906148,7.6925936,13.872299,9.823611,EU EEA Common AQI,64.9,12.279514,5.6841373,7200,11.071428,100,100,60.9,10.434285,Very Low,64.3,12.436007,100,1747888200,Very Low,11.097838,13.801699,Very Low,15.523284,59.2,16.042856,100,1747888200,13.042857
2025-05-22T04:31:32Z,0,29.926,71.6,63,61.9,0,1,37,87,0.0,255,32767,0.11,2090-9-18,0.0,0.52,26.6,0.0,0.0,0.0,0,4.828125,6,45,05:40,20:21,2025-05-22 04:31:31.832844,Città della Scienza,83.5,13.906148,7.6925936,13.872299,9.823611,EU EEA Common AQI,64.9,12.279514,5.6841373,7200,11.071428,100,100,60.9,10.434285,Very Low,64.3,12.436007,100,1747888200,Very Low,11.097838,13.801699,Very Low,15.523284,59.2,16.042856,100,1747888200,13.042857
2025-05-22T04:31:43Z,0,29.927,71.6,63,61.9,0,1,37,87,0.0,255,32767,0.11,2090-9-18,0.0,0.52,26.6,0.0,0.0,0.0,0,4.822265625,6,45,05:40,20:21,2025-05-22 04:31:42.917786,Città della Scienza,83.5,13.906148,7.6925936,13.872299,9.823611,EU EEA Common AQI,64.9,12.279514,5.6841373,7200,11.071428,100,100,60.9,10.434285,Very Low,64.3,12.436007,100,1747888200,Very Low,11.097838,13.801699,Very Low,15.523284,59.2,16.042856,100,1747888200,13.042857
2025-05-22T04:31:54Z,0,29.927,71.6,63,61.9,0,1,37,87,0.0,255,32767,0.11,2090-9-18,0.0,0.52,26.6,0.0,0.0,0.0,0,4.822265625,6,45,05:40,20:21,2025-05-22 04:31:54.013788,Città della Scienza,83.5,13.906148,7.6925936,13.872299,9.823611,EU EEA Common AQI,64.9,12.279514,5.6841373,7200,11.071428,100,100,60.9,10.434285,Very Low,64.3,12.436007,100,1747888200,Very Low,11.097838,13.801699,Very Low,15.523284,59.2,16.042856,100,1747888200,13.042857
2025-05-22T04:32:05Z,0,29.927,71.6,63,62.0,0,1,37,87,0.0,255,32767,0.11,2090-9-18,0.0,0.52,26.6,0.0,0.0,0.0,0,4.822265625,6,45,05:40,20:21,2025-05-22 04:32:05.119792,Città della Scienza,83.5,13.906148,7.6925936,13.872299,9.823611,EU EEA Common AQI,64.9,12.279514,5.6841373,7200,11.071428,100,100,60.9,10.434285,Very Low,64.3,12.436007,100,1747888200,Very Low,11.097838,13.801699,Very Low,15.523284,59.2,16.042856,100,1747888200,13.042857
2025-05-22T04:32:16Z,0,29.927,71.6,63,62.0,0,1,37,87,0.0,255,32767,0.11,2090-9-18,0.0,0.52,26.6,0.0,0.0,0.0,0,4.822265625,6,45,05:40,20:21,2025-05-22 04:32:16.194787,Città della Scienza,83.5,13.906148,7.6925936,13.872299,9.823611,EU EEA Common AQI,64.9,12.279514,5.6841373,7200,11.071428,100,100,60.9,10.434285,Very Low,64.3,12.436007,100,1747888200,Very Low,11.097838,13.801699,Very Low,15.523284,59.2,16.042856,100,1747888200,13.042857
2025-05-22T04:32:27Z,0,29.927,71.6,63,61.9,0,1,37,87,0.0,255,32767,0.11,2090-9-18,0.0,0.52,26.6,0.0,0.0,0.0,0,4.822265625,6,45,05:40,20:21,2025-05-22 04:32:27.479795,Città della Scienza,83.5,13.906148,7.6925936,13.872299,9.823611,EU EEA Common AQI,64.9,12.279514,5.6841373,7200,11.071428,100,100,60.9,10.434285,Very Low,64.3,12.436007,100,1747888200,Very Low,11.097838,13.801699,Very Low,15.523284,59.2,16.042856,100,1747888200,13.042857
2025-05-22T04:32:38Z,0,29.927,71.6,63,62.0,0,1,37,87,0.0,255,32767,0.11,2090-9-18,0.0,0.52,26.6,0.0,0.0,0.0,0,4.828125,6,45,05:40,20:21,2025-05-22 04:32:38.582799,Città della Scienza,83.5,13.906148,7.6925936,13.872299,9.823611,EU EEA Common AQI,64.9,12.279514,5.6841373,7200,11.071428,100,100,60.9,10.434285,Very Low,64.3,12.436007,100,1747888200,Very Low,11.097838,13.801699,Very Low,15.523284,59.2,16.042856,100,1747888200,13.042857
2025-05-22T04:32:49Z,0,29.927,71.6,63,61.9,0,1,37,87,0.0,255,32767,0.11,2090-9-18,0.0,0.52,26.6,0.0,0.0,0.0,0,4.828125,6,45,05:40,20:21,2025-05-22 04:32:49.705789,Città della Scienza,83.5,13.906148,7.6925936,13.872299,9.823611,EU EEA Common AQI,64.9,12.279514,5.6841373,7200,11.071428,100,100,60.9,10.434285,Very Low,64.3,12.436007,100,1747888200,Very Low,11.097838,13.801699,Very Low,15.523284,59.2,16.042856,100,1747888200,13.042857
2025-05-22T04:33:01Z,0,29.927,71.6,63,62.0,0,1,37,87,0.0,255,32767,0.11,2090-9-18,0.0,0.52,26.6,0.0,0.0,0.0,0,4.828125,6,45,05:40,20:21,2025-05-22 04:33:00.830789,Città della Scienza,83.5,13.906148,7.6925936,13.872299,9.823611,EU EEA Common AQI,64.9,12.279514,5.6841373,7200,11.071428,100,100,60.9,10.434285,Very Low,64.3,12.436007,100,1747888200,Very Low,11.097838,13.801699,Very Low,15.523284,59.2,16.042856,100,1747888200,13.042857
2025-05-22T04:33:12Z,0,29.927,71.6,63,62.0,0,1,37,87,0.0,255,32767,0.11,2090-9-18,0.0,0.52,26.6,0.0,0.0,0.0,0,4.828125,6,45,05:40,20:21,2025-05-22 04:33:11.947791,Città della Scienza,83.5,13.906148,7.6925936,13.872299,9.823611,EU EEA Common AQI,64.9,12.279514,5.6841373,7200,11.071428,100,100,60.9,10.434285,Very Low,64.3,12.436007,100,1747888200,Very Low,11.097838,13.801699,Very Low,15.523284,59.2,16.042856,100,1747888200,13.042857
2025-05-22T04:33:23Z,0,29.927,71.6,63,62.0,0,1,37,87,0.0,255,32767,0.11,2090-9-18,0.0,0.52,26.6,0.0,0.0,0.0,0,4.828125,6,45,05:40,20:21,2025-05-22 04:33:23.027790,Città della Scienza,83.5,13.906148,7.6925936,13.872299,9.823611,EU EEA Common AQI,64.9,12.279514,5.6841373,7200,11.071428,100,100,60.9,10.434285,Very Low,64.3,12.436007,100,1747888200,Very Low,11.097838,13.801699,Very Low,15.523284,59.2,16.042856,100,1747888200,13.042857
2025-05-22T04:33:34Z,0,29.926,71.6,63,62.0,0,1,37,87,0.0,255,32767,0.11,2090-9-18,0.0,0.52,26.6,0.0,0.0,0.0,0,4.822265625,6,45,05:40,20:21,2025-05-22 04:33:34.150784,Città della Scienza,83.5,13.906148,7.6925936,13.872299,9.823611,EU EEA Common AQI,64.9,12.279514,5.6841373,7200,11.071428,100,100,60.9,10.434285,Very Low,64.3,12.436007,100,1747888200,Very Low,11.097838,13.801699,Very Low,15.523284,59.2,16.042856,100,1747888200,13.042857
2025-05-22T04:33:45Z,0,29.926,71.6,63,62.0,0,1,37,87,0.0,255,32767,0.11,2090-9-18,0.0,0.52,26.6,0.0,0.0,0.0,0,4.822265625,6,45,05:40,20:21,2025-05-22 04:33:45.240779,Città della Scienza,83.5,13.906148,7.6925936,13.872299,9.823611,EU EEA Common AQI,64.9,12.279514,5.6841373,7200,11.071428,100,100,60.9,10.434285,Very Low,64.3,12.436007,100,1747888200,Very Low,11.097838,13.801699,Very Low,15.523284,59.2,16.042856,100,1747888200,13.042857
2025-05-22T04:33:56Z,0,29.926,71.6,63,62.0,0,1,37,87,0.0,255,32767,0.11,2090-9-18,0.0,0.52,26.6,0.0,0.0,0.0,0,4.822265625,6,45,05:40,20:21,2025-05-22 04:33:56.375764,Città della Scienza,83.5,13.906148,7.6925936,13.872299,9.823611,EU EEA Common AQI,64.9,12.279514,5.6841373,7200,11.071428,100,100,60.9,10.434285,Very Low,64.3,12.436007,100,1747888200,Very Low,11.097838,13.801699,Very Low,15.523284,59.2,16.042856,100,1747888200,13.042857
2025-05-22T04:34:07Z,0,29.926,71.6,63,62.0,0,1,37,87,0.0,255,32767,0.11,2090-9-18,0.0,0.52,26.6,0.0,0.0,0.0,0,4.822265625,6,45,05:40,20:21,2025-05-22 04:34:07.494801,Città della Scienza,83.5,13.906148,7.6925936,13.872299,9.823611,EU EEA Common AQI,64.9,12.279514,5.6841373,7200,11.071428,100,100,60.9,10.434285,Very Low,64.3,12.436007,100,1747888200,Very Low,11.097838,13.801699,Very Low,15.523284,59.2,16.042856,100,1747888200,13.042857
2025-05-22T04:34:18Z,0,29.926,71.6,63,62.0,0,1,37,87,0.0,255,32767,0.11,2090-9-18,0.0,0.52,26.6,0.0,0.0,0.0,0,4.822265625,6,45,05:40,20:21,2025-05-22 04:34:18.566787,Città della Scienza,83.5,13.906148,7.6925936,13.872299,9.823611,EU EEA Common AQI,64.9,12.279514,5.6841373,7200,11.071428,100,100,60.9,10.434285,Very Low,64.3,12.436007,100,1747888200,Very Low,11.097838,13.801699,Very Low,15.523284,59.2,16.042856,100,1747888200,13.042857
2025-05-22T04:34:29Z,0,29.926,71.6,63,62.1,0,1,37,87,0.0,255,32767,0.11,2090-9-18,0.0,0.52,26.6,0.0,0.0,0.0,0,4.822265625,6,45,05:40,20:21,2025-05-22 04:34:29.673788,Città della Scienza,83.5,13.906148,7.6925936,13.872299,9.823611,EU EEA Common AQI,64.9,12.279514,5.6841373,7200,11.071428,100,100,60.9,10.434285,Very Low,64.3,12.436007,100,1747888200,Very Low,11.097838,13.801699,Very Low,15.523284,59.2,16.042856,100,1747888200,13.042857
2025-05-22T04:34:40Z,0,29.929,71.6,63,62.1,0,0,37,87,0.0,255,32767,0.11,2090-9-18,0.0,0.52,26.6,0.0,0.0,0.0,0,4.822265625,6,45,05:40,20:21,2025-05-22 04:34:40.794797,Città della Scienza,83.5,13.906148,7.6925936,13.872299,9.823611,EU EEA Common AQI,64.9,12.279514,5.6841373,7200,11.071428,100,100,60.9,10.434285,Very Low,64.3,12.436007,100,1747888200,Very Low,11.097838,13.801699,Very Low,15.523284,59.2,16.042856,100,1747888200,13.042857
2025-05-22T04:34:52Z,0,29.929,71.6,63,62.1,0,0,37,87,0.0,255,32767,0.11,2090-9-18,0.0,0.52,26.6,0.0,0.0,0.0,0,4.822265625,6,45,05:40,20:21,2025-05-22 04:34:51.961786,Città della Scienza,83.5,13.906148,7.6925936,13.872299,9.823611,EU EEA Common AQI,64.9,12.279514,5.6841373,7200,11.071428,100,100,60.9,10.434285,Very Low,64.3,12.436007,100,1747888200,Very Low,11.097838,13.801699,Very Low,15.523284,59.2,16.042856,100,1747888200,13.042857
2025-05-22T04:35:03Z,0,29.929,71.6,63,62.1,0,0,37,87,0.0,255,32767,0.11,2090-9-18,0.0,0.52,26.6,0.0,0.0,0.0,0,4.822265625,6,45,05:40,20:21,2025-05-22 04:35:03.066786,Città della Scienza,83.5,13.906148,7.6925936,13.872299,9.823611,EU EEA Common AQI,64.9,12.279514,5.6841373,7200,11.071428,100,100,60.9,10.434285,Very Low,64.3,12.436007,100,1747888200,Very Low,11.097838,13.801699,Very Low,15.523284,59.2,16.042856,100,1747888200,13.042857
2025-05-22T04:35:14Z,0,29.929,71.6,63,62.1,0,0,37,87,0.0,255,32767,0.11,2090-9-18,0.0,0.52,26.6,0.0,0.0,0.0,0,4.822265625,6,45,05:40,20:21,2025-05-22 04:35:14.221799,Città della Scienza,83.5,13.906148,7.6925936,13.872299,9.823611,EU EEA Common AQI,64.9,12.279514,5.6841373,7200,11.071428,100,100,60.9,10.434285,Very Low,64.3,12.436007,100,1747888200,Very Low,11.097838,13.801699,Very Low,15.523284,59.2,16.042856,100,1747888200,13.042857
2025-05-22T04:35:25Z,0,29.929,71.6,63,62.1,0,0,37,87,0.0,255,32767,0.11,2090-9-18,0.0,0.52,26.6,0.0,0.0,0.0,0,4.822265625,6,45,05:40,20:21,2025-05-22 04:35:25.294778,Città della Scienza,83.5,13.906148,7.6925936,13.872299,9.823611,EU EEA Common AQI,64.9,12.279514,5.6841373,7200,11.071428,100,100,60.9,10.434285,Very Low,64.3,12.436007,100,1747888200,Very Low,11.097838,13.801699,Very Low,15.523284,59.2,16.042856,100,1747888200,13.042857
2025-05-22T04:35:36Z,0,29.929,71.6,63,62.1,0,0,37,87,0.0,255,32767,0.11,2090-9-18,0.0,0.52,26.6,0.0,0.0,0.0,0,4.822265625,6,45,05:40,20:21,2025-05-22 04:35:36.409803,Città della Scienza,83.5,13.906148,7.6925936,13.872299,9.823611,EU EEA Common AQI,64.9,12.279514,5.6841373,7200,11.071428,100,100,60.9,10.434285,Very Low,64.3,12.436007,100,1747888200,Very Low,11.097838,13.801699,Very Low,15.523284,59.2,16.042856,100,1747888200,13.042857
2025-05-22T04:35:47Z,0,29.929,71.6,63,62.1,0,0,37,87,0.0,255,32767,0.11,2090-9-18,0.0,0.52,26.6,0.0,0.0,0.0,0,4.822265625,6,45,05:40,20:21,2025-05-22 04:35:47.517791,Città della Scienza,83.5,13.906148,7.6925936,13.872299,9.823611,EU EEA Common AQI,64.9,12.279514,5.6841373,7200,11.071428,100,100,60.9,10.434285,Very Low,64.3,12.436007,100,1747888200,Very Low,11.097838,13.801699,Very Low,15.523284,59.2,16.042856,100,1747888200,13.042857
2025-05-22T04:35:58Z,0,29.929,71.6,63,62.1,0,0,37,87,0.0,255,32767,0.11,2090-9-18,0.0,0.52,26.6,0.0,0.0,0.0,0,4.822265625,6,45,05:40,20:21,2025-05-22 04:35:58.591800,Città della Scienza,83.5,13.906148,7.6925936,13.872299,9.823611,EU EEA Common AQI,64.9,12.279514,5.6841373,7200,11.071428,100,100,60.9,10.434285,Very Low,64.3,12.436007,100,1747888200,Very Low,11.097838,13.801699,Very Low,15.523284,59.2,16.042856,100,1747888200,13.042857
2025-05-22T04:36:09Z,0,29.929,71.6,63,62.1,0,0,37,87,0.0,255,32767,0.11,2090-9-18,0.0,0.52,26.6,0.0,0.0,0.0,0,4.822265625,6,45,05:40,20:21,2025-05-22 04:36:09.687811,Città della Scienza,83.5,13.906148,7.6925936,13.872299,9.823611,EU EEA Common AQI,64.9,12.279514,5.6841373,7200,11.071428,100,100,60.9,10.434285,Very Low,64.3,12.436007,100,1747888200,Very Low,11.097838,13.801699,Very Low,15.523284,59.2,16.042856,100,1747888200,13.042857
2025-05-22T04:36:20Z,0,29.929,71.6,63,62.1,0,0,37,87,0.0,255,32767,0.11,2090-9-18,0.0,0.52,26.6,0.0,0.0,0.0,0,4.822265625,6,45,05:40,20:21,2025-05-22 04:36:20.773792,Città della Scienza,83.5,13.906148,7.6925936,13.872299,9.823611,EU EEA Common AQI,64.9,12.279514,5.6841373,7200,11.071428,100,100,60.9,10.434285,Very Low,64.3,12.436007,100,1747888200,Very Low,11.097838,13.801699,Very Low,15.523284,59.2,16.042856,100,1747888200,13.042857
2025-05-22T04:36:32Z,0,29.929,71.6,63,62.1,0,0,37,87,0.0,255,32767,0.11,2090-9-18,0.0,0.52,26.6,0.0,0.0,0.0,0,4.822265625,6,45,05:40,20:21,2025-05-22 04:36:31.878816,Città della Scienza,83.5,13.906148,7.6925936,13.872299,9.823611,EU EEA Common AQI,64.9,12.279514,5.6841373,7200,11.071428,100,100,60.9,10.434285,Very Low,64.3,12.436007,100,1747888200,Very Low,11.097838,13.801699,Very Low,15.523284,59.2,16.042856,100,1747888200,13.042857
2025-05-22T04:36:43Z,0,29.93,71.6,63,62.2,0,0,37,87,0.0,255,32767,0.11,2090-9-18,0.0,0.52,26.6,0.0,0.0,0.0,0,4.822265625,6,45,05:40,20:21,2025-05-22 04:36:42.985754,Città della Scienza,83.5,13.906148,7.6925936,13.872299,9.823611,EU EEA Common AQI,64.9,12.279514,5.6841373,7200,11.071428,100,100,60.9,10.434285,Very Low,64.3,12.436007,100,1747888200,Very Low,11.097838,13.801699,Very Low,15.523284,59.2,16.042856,100,1747888200,13.042857
2025-05-22T04:36:54Z,0,29.93,71.6,63,62.2,0,0,37,87,0.0,255,32767,0.11,2090-9-18,0.0,0.52,26.6,0.0,0.0,0.0,0,4.822265625,6,45,05:40,20:21,2025-05-22 04:36:54.119793,Città della Scienza,83.5,13.906148,7.6925936,13.872299,9.823611,EU EEA Common AQI,64.9,12.279514,5.6841373,7200,11.071428,100,100,60.9,10.434285,Very Low,64.3,12.436007,100,1747888200,Very Low,11.097838,13.801699,Very Low,15.523284,59.2,16.042856,100,1747888200,13.042857
2025-05-22T04:37:05Z,0,29.93,71.6,63,62.1,0,0,37,87,0.0,255,32767,0.11,2090-9-18,0.0,0.52,26.6,0.0,0.0,0.0,0,4.822265625,6,45,05:40,20:21,2025-05-22 04:37:05.216799,Città della Scienza,83.5,13.906148,7.6925936,13.872299,9.823611,EU EEA Common AQI,64.9,12.279514,5.6841373,7200,11.071428,100,100,60.9,10.434285,Very Low,64.3,12.436007,100,1747888200,Very Low,11.097838,13.801699,Very Low,15.523284,59.2,16.042856,100,1747888200,13.042857
2025-05-22T04:37:16Z,0,29.93,71.6,63,62.1,0,0,37,87,0.0,255,32767,0.11,2090-9-18,0.0,0.52,26.6,0.0,0.0,0.0,0,4.822265625,6,45,05:40,20:21,2025-05-22 04:37:16.318786,Città della Scienza,83.5,13.906148,7.6925936,13.872299,9.823611,EU EEA Common AQI,64.9,12.279514,5.6841373,7200,11.071428,100,100,60.9,10.434285,Very Low,64.3,12.436007,100,1747888200,Very Low,11.097838,13.801699,Very Low,15.523284,59.2,16.042856,100,1747888200,13.042857
2025-05-22T04:37:27Z,0,29.93,71.6,63,62.1,0,0,37,87,0.0,255,32767,0.11,2090-9-18,0.0,0.52,26.6,0.0,0.0,0.0,0,4.822265625,6,45,05:40,20:21,2025-05-22 04:37:27.440789,Città della Scienza,83.5,13.906148,7.6925936,13.872299,9.823611,EU EEA Common AQI,64.9,12.279514,5.6841373,7200,11.071428,100,100,60.9,10.434285,Very Low,64.3,12.436007,100,1747888200,Very Low,11.097838,13.801699,Very Low,15.523284,59.2,16.042856,100,1747888200,13.042857
2025-05-22T04:37:38Z,0,29.93,71.6,63,62.2,0,0,37,87,0.0,255,32767,0.11,2090-9-18,0.0,0.52,26.6,0.0,0.0,0.0,0,4.822265625,6,45,05:40,20:21,2025-05-22 04:37:38.546787,Città della Scienza,83.5,13.906148,7.6925936,13.872299,9.823611,EU EEA Common AQI,64.9,12.279514,5.6841373,7200,11.071428,100,100,60.9,10.434285,Very Low,64.3,12.436007,100,1747888200,Very Low,11.097838,13.801699,Very Low,15.523284,59.2,16.042856,100,1747888200,13.042857
2025-05-22T04:37:49Z,0,29.93,71.6,63,62.1,0,0,37,87,0.0,255,32767,0.11,2090-9-18,0.0,0.52,26.6,0.0,0.0,0.0,0,4.822265625,6,45,05:40,20:21,2025-05-22 04:37:49.645786,Città della Scienza,83.5,13.906148,7.6925936,13.872299,9.823611,EU EEA Common AQI,64.9,12.279514,5.6841373,7200,11.071428,100,100,60.9,10.434285,Very Low,64.3,12.436007,100,1747888200,Very Low,11.097838,13.801699,Very Low,15.523284,59.2,16.042856,100,1747888200,13.042857
2025-05-22T04:38:00Z,0,29.93,71.6,63,62.1,0,0,37,87,0.0,255,32767,0.11,2090-9-18,0.0,0.52,26.6,0.0,0.0,0.0,0,4.822265625,6,45,05:40,20:21,2025-05-22 04:38:00.762792,Città della Scienza,83.5,13.906148,7.6925936,13.872299,9.823611,EU EEA Common AQI,64.9,12.279514,5.6841373,7200,11.071428,100,100,60.9,10.434285,Very Low,64.3,12.436007,100,1747888200,Very Low,11.097838,13.801699,Very Low,15.523284,59.2,16.042856,100,1747888200,13.042857
2025-05-22T04:38:12Z,0,29.93,71.6,63,62.2,0,0,37,87,0.0,255,32767,0.11,2090-9-18,0.0,0.52,26.6,0.0,0.0,0.0,0,4.822265625,6,45,05:40,20:21,2025-05-22 04:38:11.868801,Città della Scienza,83.5,13.906148,7.6925936,13.872299,9.823611,EU EEA Common AQI,64.9,12.279514,5.6841373,7200,11.071428,100,100,60.9,10.434285,Very Low,64.3,12.436007,100,1747888200,Very Low,11.097838,13.801699,Very Low,15.523284,59.2,16.042856,100,1747888200,13.042857
2025-05-22T04:38:23Z,0,29.93,71.6,63,62.2,0,0,37,87,0.0,255,32767,0.11,2090-9-18,0.0,0.52,26.6,0.0,0.0,0.0,0,4.822265625,6,45,05:40,20:21,2025-05-22 04:38:22.934793,Città della Scienza,83.5,13.906148,7.6925936,13.872299,9.823611,EU EEA Common AQI,64.9,12.279514,5.6841373,7200,11.071428,100,100,60.9,10.434285,Very Low,64.3,12.436007,100,1747888200,Very Low,11.097838,13.801699,Very Low,15.523284,59.2,16.042856,100,1747888200,13.042857
2025-05-22T04:38:34Z,0,29.931,71.6,63,62.1,0,0,37,87,0.0,255,32767,0.11,2090-9-18,0.0,0.52,26.6,0.0,0.0,0.0,0,4.822265625,6,45,05:40,20:21,2025-05-22 04:38:34.049787,Città della Scienza,83.5,13.906148,7.6925936,13.872299,9.823611,EU EEA Common AQI,64.9,12.279514,5.6841373,7200,11.071428,100,100,60.9,10.434285,Very Low,64.3,12.436007,100,1747888200,Very Low,11.097838,13.801699,Very Low,15.523284,59.2,16.042856,100,1747888200,13.042857
2025-05-22T04:38:45Z,0,29.931,71.6,63,62.2,0,0,37,87,0.0,255,32767,0.11,2090-9-18,0.0,0.52,26.6,0.0,0.0,0.0,0,4.822265625,6,45,05:40,20:21,2025-05-22 04:38:45.147751,Città della Scienza,83.5,13.906148,7.6925936,13.872299,9.823611,EU EEA Common AQI,64.9,12.279514,5.6841373,7200,11.071428,100,100,60.9,10.434285,Very Low,64.3,12.436007,100,1747888200,Very Low,11.097838,13.801699,Very Low,15.523284,59.2,16.042856,100,1747888200,13.042857
2025-05-22T04:38:56Z,0,29.931,71.6,63,62.1,0,0,37,87,0.0,255,32767,0.11,2090-9-18,0.0,0.52,26.6,0.0,0.0,0.0,0,4.822265625,6,45,05:40,20:21,2025-05-22 04:38:56.284750,Città della Scienza,83.5,13.906148,7.6925936,13.872299,9.823611,EU EEA Common AQI,64.9,12.279514,5.6841373,7200,11.071428,100,100,60.9,10.434285,Very Low,64.3,12.436007,100,1747888200,Very Low,11.097838,13.801699,Very Low,15.523284,59.2,16.042856,100,1747888200,13.042857
2025-05-22T04:39:07Z,0,29.931,71.6,63,62.1,0,0,19,87,0.0,255,32767,0.11,2090-9-18,0.0,0.52,26.6,0.0,0.0,0.0,0,4.822265625,6,45,05:40,20:21,2025-05-22 04:39:07.390789,Città della Scienza,83.5,13.906148,7.6925936,13.872299,9.823611,EU EEA Common AQI,64.9,12.279514,5.6841373,7200,11.071428,100,100,60.9,10.434285,Very Low,64.3,12.436007,100,1747888200,Very Low,11.097838,13.801699,Very Low,15.523284,59.2,16.042856,100,1747888200,13.042857
2025-05-22T04:39:18Z,0,29.931,71.6,63,62.1,0,0,19,87,0.0,255,32767,0.11,2090-9-18,0.0,0.52,26.6,0.0,0.0,0.0,0,4.822265625,6,45,05:40,20:21,2025-05-22 04:39:18.497788,Città della Scienza,83.5,13.906148,7.6925936,13.872299,9.823611,EU EEA Common AQI,64.9,12.279514,5.6841373,7200,11.071428,100,100,60.9,10.434285,Very Low,64.3,12.436007,100,1747888200,Very Low,11.097838,13.801699,Very Low,15.523284,59.2,16.042856,100,1747888200,13.042857
2025-05-22T04:39:29Z,0,29.931,71.6,63,62.3,0,0,19,87,0.0,255,32767,0.11,2090-9-18,0.0,0.52,26.6,0.0,0.0,0.0,0,4.822265625,6,45,05:40,20:21,2025-05-22 04:39:29.590784,Città della Scienza,83.5,13.906148,7.6925936,13.872299,9.823611,EU EEA Common AQI,64.9,12.279514,5.6841373,7200,11.071428,100,100,60.9,10.434285,Very Low,64.3,12.436007,100,1747888200,Very Low,11.097838,13.801699,Very Low,15.523284,59.2,16.042856,100,1747888200,13.042857
2025-05-22T04:39:40Z,0,29.927,71.7,63,62.2,0,0,19,87,0.0,255,32767,0.11,2090-9-18,0.0,0.52,26.6,0.0,0.0,0.0,0,4.822265625,6,45,05:40,20:21,2025-05-22 04:39:40.683793,Città della Scienza,83.5,13.906148,7.6925936,13.872299,9.823611,EU EEA Common AQI,64.9,12.279514,5.6841373,7200,11.071428,100,100,60.9,10.434285,Very Low,64.3,12.436007,100,1747888200,Very Low,11.097838,13.801699,Very Low,15.523284,59.2,16.042856,100,1747888200,13.042857
2025-05-22T04:39:51Z,0,29.927,71.7,63,62.3,0,0,19,87,0.0,255,32767,0.11,2090-9-18,0.0,0.52,26.6,0.0,0.0,0.0,0,4.822265625,6,45,05:40,20:21,2025-05-22 04:39:51.754790,Città della Scienza,83.5,13.906148,7.6925936,13.872299,9.823611,EU EEA Common AQI,64.9,12.279514,5.6841373,7200,11.071428,100,100,60.9,10.434285,Very Low,64.3,12.436007,100,1747888200,Very Low,11.097838,13.801699,Very Low,15.523284,59.2,16.042856,100,1747888200,13.042857
2025-05-22T04:40:03Z,0,29.927,71.7,63,62.3,0,0,17,87,0.0,255,32767,0.11,2090-9-18,0.0,0.52,26.6,0.0,0.0,0.0,0,4.822265625,6,45,05:40,20:21,2025-05-22 04:40:02.877792,Città della Scienza,83.5,13.906148,7.6925936,13.872299,9.823611,EU EEA Common AQI,64.9,12.279514,5.6841373,7200,11.071428,100,100,60.9,10.434285,Very Low,64.3,12.436007,100,1747888200,Very Low,11.097838,13.801699,Very Low,15.523284,59.2,16.042856,100,1747888200,13.042857
2025-05-22T04:40:14Z,0,29.927,71.7,63,62.3,0,0,17,87,0.0,255,32767,0.11,2090-9-18,0.0,0.52,26.6,0.0,0.0,0.0,0,4.822265625,6,45,05:40,20:21,2025-05-22 04:40:14.009789,Città della Scienza,83.5,13.906148,7.6925936,13.872299,9.823611,EU EEA Common AQI,64.9,12.279514,5.6841373,7200,11.071428,100,100,60.9,10.434285,Very Low,64.3,12.436007,100,1747888200,Very Low,11.097838,13.801699,Very Low,15.523284,59.2,16.042856,100,1747888200,13.042857
2025-05-22T04:40:25Z,0,29.927,71.7,63,62.3,0,0,17,87,0.0,255,32767,0.11,2090-9-18,0.0,0.52,26.6,0.0,0.0,0.0,0,4.822265625,6,45,05:40,20:21,2025-05-22 04:40:25.110789,Città della Scienza,83.5,13.906148,7.6925936,13.872299,9.823611,EU EEA Common AQI,64.9,12.279514,5.6841373,7200,11.071428,100,100,60.9,10.434285,Very Low,64.3,12.436007,100,1747888200,Very Low,11.097838,13.801699,Very Low,15.523284,59.2,16.042856,100,1747888200,13.042857
2025-05-22T04:40:36Z,0,29.93,71.6,63,62.3,0,0,17,87,0.0,255,32767,0.11,2090-9-18,0.0,0.52,26.6,0.0,0.0,0.0,0,4.822265625,6,45,05:40,20:21,2025-05-22 04:40:36.225796,Città della Scienza,83.5,13.906148,7.6925936,13.872299,9.823611,EU EEA Common AQI,64.9,12.279514,5.6841373,7200,11.071428,100,100,60.9,10.434285,Very Low,64.3,12.436007,100,1747888200,Very Low,11.097838,13.801699,Very Low,15.523284,59.2,16.042856,100,1747888200,13.042857
2025-05-22T04:40:47Z,0,29.93,71.6,63,62.2,0,0,15,87,0.0,255,32767,0.11,2090-9-18,0.0,0.52,26.6,0.0,0.0,0.0,0,4.822265625,6,45,05:40,20:21,2025-05-22 04:40:47.325792,Città della Scienza,83.5,13.906148,7.6925936,13.872299,9.823611,EU EEA Common AQI,64.9,12.279514,5.6841373,7200,11.071428,100,100,60.9,10.434285,Very Low,64.3,12.436007,100,1747888200,Very Low,11.097838,13.801699,Very Low,15.523284,59.2,16.042856,100,1747888200,13.042857
2025-05-22T04:40:58Z,0,29.93,71.6,63,62.3,0,0,15,87,0.0,255,32767,0.11,2090-9-18,0.0,0.52,26.6,0.0,0.0,0.0,0,4.822265625,6,45,05:40,20:21,2025-05-22 04:40:58.428777,Città della Scienza,83.5,13.906148,7.6925936,13.872299,9.823611,EU EEA Common AQI,64.9,12.279514,5.6841373,7200,11.071428,100,100,60.9,10.434285,Very Low,64.3,12.436007,100,1747888200,Very Low,11.097838,13.801699,Very Low,15.523284,59.2,16.042856,100,1747888200,13.042857
2025-05-22T04:41:09Z,0,29.93,71.6,63,62.3,0,0,15,87,0.0,255,32767,0.11,2090-9-18,0.0,0.52,26.6,0.0,0.0,0.0,0,4.822265625,6,45,05:40,20:21,2025-05-22 04:41:09.507786,Città della Scienza,83.5,13.906148,7.6925936,13.872299,9.823611,EU EEA Common AQI,64.9,12.279514,5.6841373,7200,11.071428,100,100,60.9,10.434285,Very Low,64.3,12.436007,100,1747888200,Very Low,11.097838,13.801699,Very Low,15.523284,59.2,16.042856,100,1747888200,13.042857
2025-05-22T04:41:20Z,0,29.93,71.6,63,62.3,0,0,15,87,0.0,255,32767,0.11,2090-9-18,0.0,0.52,26.6,0.0,0.0,0.0,0,4.822265625,6,45,05:40,20:21,2025-05-22 04:41:20.651764,Città della Scienza,83.5,13.906148,7.6925936,13.872299,9.823611,EU EEA Common AQI,64.9,12.279514,5.6841373,7200,11.071428,100,100,60.9,10.434285,Very Low,64.3,12.436007,100,1747888200,Very Low,11.097838,13.801699,Very Low,15.523284,59.2,16.042856,100,1747888200,13.042857
2025-05-22T04:41:31Z,0,29.93,71.6,63,62.3,0,0,15,87,0.0,255,32767,0.11,2090-9-18,0.0,0.52,26.6,0.0,0.0,0.0,0,4.822265625,6,45,05:40,20:21,2025-05-22 04:41:31.761785,Città della Scienza,83.5,13.906148,7.6925936,13.872299,9.823611,EU EEA Common AQI,64.9,12.279514,5.6841373,7200,11.071428,100,100,60.9,10.434285,Very Low,64.3,12.436007,100,1747888200,Very Low,11.097838,13.801699,Very Low,15.523284,59.2,16.042856,100,1747888200,13.042857
2025-05-22T04:41:43Z,0,29.929,71.7,63,62.3,0,0,15,87,0.0,255,32767,0.11,2090-9-18,0.0,0.52,26.6,0.0,0.0,0.0,0,4.822265625,6,45,05:40,20:21,2025-05-22 04:41:42.852801,Città della Scienza,83.5,13.906148,7.6925936,13.872299,9.823611,EU EEA Common AQI,64.9,12.279514,5.6841373,7200,11.071428,100,100,60.9,10.434285,Very Low,64.3,12.436007,100,1747888200,Very Low,11.097838,13.801699,Very Low,15.523284,59.2,16.042856,100,1747888200,13.042857
2025-05-22T04:41:54Z,0,29.929,71.7,63,62.3,0,0,15,87,0.0,255,32767,0.11,2090-9-18,0.0,0.52,26.6,0.0,0.0,0.0,0,4.822265625,6,45,05:40,20:21,2025-05-22 04:41:53.976793,Città della Scienza,83.5,13.906148,7.6925936,13.872299,9.823611,EU EEA Common AQI,64.9,12.279514,5.6841373,7200,11.071428,100,100,60.9,10.434285,Very Low,64.3,12.436007,100,1747888200,Very Low,11.097838,13.801699,Very Low,15.523284,59.2,16.042856,100,1747888200,13.042857
2025-05-22T04:42:05Z,0,29.929,71.7,63,62.3,0,0,15,87,0.0,255,32767,0.11,2090-9-18,0.0,0.52,26.6,0.0,0.0,0.0,0,4.822265625,6,45,05:40,20:21,2025-05-22 04:42:05.055755,Città della Scienza,83.5,13.906148,7.6925936,13.872299,9.823611,EU EEA Common AQI,64.9,12.279514,5.6841373,7200,11.071428,100,100,60.9,10.434285,Very Low,64.3,12.436007,100,1747888200,Very Low,11.097838,13.801699,Very Low,15.523284,59.2,16.042856,100,1747888200,13.042857
2025-05-22T04:42:16Z,0,29.929,71.7,63,62.3,0,0,15,87,0.0,255,32767,0.11,2090-9-18,0.0,0.52,26.6,0.0,0.0,0.0,0,4.822265625,6,45,05:40,20:21,2025-05-22 04:42:16.185784,Città della Scienza,83.5,13.906148,7.6925936,13.872299,9.823611,EU EEA Common AQI,64.9,12.279514,5.6841373,7200,11.071428,100,100,60.9,10.434285,Very Low,64.3,12.436007,100,1747888200,Very Low,11.097838,13.801699,Very Low,15.523284,59.2,16.042856,100,1747888200,13.042857
2025-05-22T04:42:27Z,0,29.929,71.7,63,62.4,2,0,355,87,0.0,255,32767,0.11,2090-9-18,0.0,0.52,26.6,0.0,0.0,0.0,0,4.822265625,6,45,05:40,20:21,2025-05-22 04:42:27.288786,Città della Scienza,83.5,13.906148,7.6925936,13.872299,9.823611,EU EEA Common AQI,64.9,12.279514,5.6841373,7200,11.071428,100,100,60.9,10.434285,Very Low,64.3,12.436007,100,1747888200,Very Low,11.097838,13.801699,Very Low,15.523284,59.2,16.042856,100,1747888200,13.042857
2025-05-22T04:42:38Z,0,29.927,71.7,63,62.3,2,0,345,87,0.0,255,32767,0.11,2090-9-18,0.0,0.52,26.6,0.0,0.0,0.0,0,4.822265625,6,45,05:40,20:21,2025-05-22 04:42:38.384798,Città della Scienza,83.5,13.906148,7.6925936,13.872299,9.823611,EU EEA Common AQI,64.9,12.279514,5.6841373,7200,11.071428,100,100,60.9,10.434285,Very Low,64.3,12.436007,100,1747888200,Very Low,11.097838,13.801699,Very Low,15.523284,59.2,16.042856,100,1747888200,13.042857
2025-05-22T04:42:49Z,0,29.927,71.7,63,62.3,1,0,351,87,0.0,255,32767,0.11,2090-9-18,0.0,0.52,26.6,0.0,0.0,0.0,0,4.822265625,6,45,05:40,20:21,2025-05-22 04:42:49.478789,Città della Scienza,83.5,13.906148,7.6925936,13.872299,9.823611,EU EEA Common AQI,64.9,12.279514,5.6841373,7200,11.071428,100,100,60.9,10.434285,Very Low,64.3,12.436007,100,1747888200,Very Low,11.097838,13.801699,Very Low,15.523284,59.2,16.042856,100,1747888200,13.042857
2025-05-22T04:43:00Z,0,29.927,71.7,63,62.3,0,0,351,87,0.0,255,32767,0.11,2090-9-18,0.0,0.52,26.6,0.0,0.0,0.0,0,4.822265625,6,45,05:40,20:21,2025-05-22 04:43:00.551792,Città della Scienza,83.5,13.906148,7.6925936,13.872299,9.823611,EU EEA Common AQI,64.9,12.279514,5.6841373,7200,11.071428,100,100,60.9,10.434285,Very Low,64.3,12.436007,100,1747888200,Very Low,11.097838,13.801699,Very Low,15.523284,59.2,16.042856,100,1747888200,13.042857
2025-05-22T04:43:11Z,0,29.927,71.7,63,62.4,0,0,351,87,0.0,255,32767,0.11,2090-9-18,0.0,0.52,26.6,0.0,0.0,0.0,0,4.822265625,6,45,05:40,20:21,2025-05-22 04:43:11.632791,Città della Scienza,83.5,13.906148,7.6925936,13.872299,9.823611,EU EEA Common AQI,64.9,12.279514,5.6841373,7200,11.071428,100,100,60.9,10.434285,Very Low,64.3,12.436007,100,1747888200,Very Low,11.097838,13.801699,Very Low,15.523284,59.2,16.042856,100,1747888200,13.042857
2025-05-22T04:43:23Z,0,29.927,71.7,63,62.4,0,0,351,87,0.0,255,32767,0.11,2090-9-18,0.0,0.52,26.6,0.0,0.0,0.0,0,4.822265625,6,45,05:40,20:21,2025-05-22 04:43:22.998780,Città della Scienza,83.5,13.906148,7.6925936,13.872299,9.823611,EU EEA Common AQI,64.9,12.279514,5.6841373,7200,11.071428,100,100,60.9,10.434285,Very Low,64.3,12.436007,100,1747888200,Very Low,11.097838,13.801699,Very Low,15.523284,59.2,16.042856,100,1747888200,13.042857
2025-05-22T04:43:34Z,0,29.928,71.7,63,62.3,0,0,351,87,0.0,255,32767,0.11,2090-9-18,0.0,0.52,26.6,0.0,0.0,0.0,0,4.822265625,6,45,05:40,20:21,2025-05-22 04:43:34.082784,Città della Scienza,83.5,13.906148,7.6925936,13.872299,9.823611,EU EEA Common AQI,64.9,12.279514,5.6841373,7200,11.071428,100,100,60.9,10.434285,Very Low,64.3,12.436007,100,1747888200,Very Low,11.097838,13.801699,Very Low,15.523284,59.2,16.042856,100,1747888200,13.042857
2025-05-22T04:43:45Z,0,29.928,71.7,63,62.4,0,0,351,87,0.0,255,32767,0.11,2090-9-18,0.0,0.52,26.6,0.0,0.0,0.0,0,4.822265625,6,45,05:40,20:21,2025-05-22 04:43:45.192788,Città della Scienza,83.5,13.906148,7.6925936,13.872299,9.823611,EU EEA Common AQI,64.9,12.279514,5.6841373,7200,11.071428,100,100,60.9,10.434285,Very Low,64.3,12.436007,100,1747888200,Very Low,11.097838,13.801699,Very Low,15.523284,59.2,16.042856,100,1747888200,13.042857
2025-05-22T04:43:56Z,0,29.928,71.7,63,62.3,0,0,351,87,0.0,255,32767,0.11,2090-9-18,0.0,0.52,26.6,0.0,0.0,0.0,0,4.822265625,6,45,05:40,20:21,2025-05-22 04:43:56.278790,Città della Scienza,83.5,13.906148,7.6925936,13.872299,9.823611,EU EEA Common AQI,64.9,12.279514,5.6841373,7200,11.071428,100,100,60.9,10.434285,Very Low,64.3,12.436007,100,1747888200,Very Low,11.097838,13.801699,Very Low,15.523284,59.2,16.042856,100,1747888200,13.042857
2025-05-22T04:44:07Z,0,29.928,71.7,63,62.4,0,0,351,87,0.0,255,32767,0.11,2090-9-18,0.0,0.52,26.6,0.0,0.0,0.0,0,4.822265625,6,45,05:40,20:21,2025-05-22 04:44:07.353784,Città della Scienza,83.5,13.906148,7.6925936,13.872299,9.823611,EU EEA Common AQI,64.9,12.279514,5.6841373,7200,11.071428,100,100,60.9,10.434285,Very Low,64.3,12.436007,100,1747888200,Very Low,11.097838,13.801699,Very Low,15.523284,59.2,16.042856,100,1747888200,13.042857
2025-05-22T04:44:18Z,0,29.928,71.7,63,62.3,0,0,351,87,0.0,255,32767,0.11,2090-9-18,0.0,0.52,26.6,0.0,0.0,0.0,0,4.822265625,6,45,05:40,20:21,2025-05-22 04:44:18.449785,Città della Scienza,83.5,13.906148,7.6925936,13.872299,9.823611,EU EEA Common AQI,64.9,12.279514,5.6841373,7200,11.071428,100,100,60.9,10.434285,Very Low,64.3,12.436007,100,1747888200,Very Low,11.097838,13.801699,Very Low,15.523284,59.2,16.042856,100,1747888200,13.042857
2025-05-22T04:44:29Z,0,29.928,71.7,63,62.3,0,0,351,87,0.0,255,32767,0.11,2090-9-18,0.0,0.52,26.6,0.0,0.0,0.0,0,4.822265625,6,45,05:40,20:21,2025-05-22 04:44:29.566794,Città della Scienza,83.5,13.906148,7.6925936,13.872299,9.823611,EU EEA Common AQI,64.9,12.279514,5.6841373,7200,11.071428,100,100,60.9,10.434285,Very Low,64.3,12.436007,100,1747888200,Very Low,11.097838,13.801699,Very Low,15.523284,59.2,16.042856,100,1747888200,13.042857
2025-05-22T04:44:40Z,0,29.929,71.7,63,62.3,0,0,351,87,0.0,255,32767,0.11,2090-9-18,0.0,0.52,26.6,0.0,0.0,0.0,0,4.822265625,6,45,05:40,20:21,2025-05-22 04:44:40.669804,Città della Scienza,83.5,13.906148,7.6925936,13.872299,9.823611,EU EEA Common AQI,64.9,12.279514,5.6841373,7200,11.071428,100,100,60.9,10.434285,Very Low,64.3,12.436007,100,1747888200,Very Low,11.097838,13.801699,Very Low,15.523284,59.2,16.042856,100,1747888200,13.042857
2025-05-22T04:44:51Z,0,29.929,71.7,63,62.4,0,0,351,87,0.0,255,32767,0.11,2090-9-18,0.0,0.52,26.6,0.0,0.0,0.0,0,4.822265625,6,45,05:40,20:21,2025-05-22 04:44:51.775792,Città della Scienza,83.5,13.906148,7.6925936,13.872299,9.823611,EU EEA Common AQI,64.9,12.279514,5.6841373,7200,11.071428,100,100,60.9,10.434285,Very Low,64.3,12.436007,100,1747888200,Very Low,11.097838,13.801699,Very Low,15.523284,59.2,16.042856,100,1747888200,13.042857
2025-05-22T04:45:03Z,0,29.929,71.7,63,62.4,0,0,351,87,0.0,255,32767,0.11,2090-9-18,0.0,0.52,26.6,0.0,0.0,0.0,0,4.822265625,6,45,05:40,20:21,2025-05-22 04:45:02.862799,Città della Scienza,83.5,13.906148,7.6925936,13.872299,9.823611,EU EEA Common AQI,64.9,12.279514,5.6841373,7200,11.071428,100,100,60.9,10.434285,Very Low,64.3,12.436007,100,1747888200,Very Low,11.097838,13.801699,Very Low,15.523284,59.2,16.042856,100,1747888200,13.042857
2025-05-22T04:45:14Z,0,29.929,71.7,63,62.4,0,0,351,87,0.0,255,32767,0.11,2090-9-18,0.0,0.52,26.6,0.0,0.0,0.0,0,4.822265625,6,45,05:40,20:21,2025-05-22 04:45:13.951747,Città della Scienza,83.5,13.906148,7.6925936,13.872299,9.823611,EU EEA Common AQI,64.9,12.279514,5.6841373,7200,11.071428,100,100,60.9,10.434285,Very Low,64.3,12.436007,100,1747888200,Very Low,11.097838,13.801699,Very Low,15.523284,59.2,16.042856,100,1747888200,13.042857
2025-05-22T04:45:25Z,0,29.929,71.7,63,62.4,1,0,351,87,0.0,255,32767,0.11,2090-9-18,0.0,0.52,26.6,0.0,0.0,0.0,0,4.822265625,6,45,05:40,20:21,2025-05-22 04:45:25.044788,Città della Scienza,82.6,14.261815,7.79755,14.296902,10.136109,EU EEA Common AQI,65.4,12.670136,5.80371,7200,13.753623,100,100,61.2,12.846376,Very Low,64.8,12.754258,100,1747889100,Very Low,11.437521,14.235356,Very Low,16.003843,59.4,18.594202,100,1747889100,16.057972
2025-05-22T04:45:36Z,0,29.93,71.7,63,62.4,1,0,351,87,0.0,255,32767,0.11,2090-9-18,0.0,0.52,26.6,0.0,0.0,0.0,0,4.822265625,6,45,05:40,20:21,2025-05-22 04:45:36.173797,Città della Scienza,82.6,14.261815,7.79755,14.296902,10.136109,EU EEA Common AQI,65.4,12.670136,5.80371,7200,13.753623,100,100,61.2,12.846376,Very Low,64.8,12.754258,100,1747889100,Very Low,11.437521,14.235356,Very Low,16.003843,59.4,18.594202,100,1747889100,16.057972
2025-05-22T04:45:47Z,0,29.93,71.7,63,62.4,2,0,351,87,0.0,255,32767,0.11,2090-9-18,0.0,0.52,26.6,0.0,0.0,0.0,0,4.822265625,6,45,05:40,20:21,2025-05-22 04:45:47.301748,Città della Scienza,82.6,14.261815,7.79755,14.296902,10.136109,EU EEA Common AQI,65.4,12.670136,5.80371,7200,13.753623,100,100,61.2,12.846376,Very Low,64.8,12.754258,100,1747889100,Very Low,11.437521,14.235356,Very Low,16.003843,59.4,18.594202,100,1747889100,16.057972
2025-05-22T04:45:58Z,0,29.93,71.7,63,62.4,2,0,351,87,0.0,255,32767,0.11,2090-9-18,0.0,0.52,26.6,0.0,0.0,0.0,0,4.822265625,6,45,05:40,20:21,2025-05-22 04:45:58.404796,Città della Scienza,82.6,14.261815,7.79755,14.296902,10.136109,EU EEA Common AQI,65.4,12.670136,5.80371,7200,13.753623,100,100,61.2,12.846376,Very Low,64.8,12.754258,100,1747889100,Very Low,11.437521,14.235356,Very Low,16.003843,59.4,18.594202,100,1747889100,16.057972
2025-05-22T04:46:09Z,0,29.93,71.7,63,62.4,1,0,351,87,0.0,255,32767,0.11,2090-9-18,0.0,0.52,26.6,0.0,0.0,0.0,0,4.822265625,6,45,05:40,20:21,2025-05-22 04:46:09.497780,Città della Scienza,82.6,14.261815,7.79755,14.296902,10.136109,EU EEA Common AQI,65.4,12.670136,5.80371,7200,13.753623,100,100,61.2,12.846376,Very Low,64.8,12.754258,100,1747889100,Very Low,11.437521,14.235356,Very Low,16.003843,59.4,18.594202,100,1747889100,16.057972
2025-05-22T04:46:20Z,0,29.93,71.7,63,62.4,1,0,351,87,0.0,255,32767,0.11,2090-9-18,0.0,0.52,26.6,0.0,0.0,0.0,0,4.822265625,6,45,05:40,20:21,2025-05-22 04:46:20.646789,Città della Scienza,82.6,14.261815,7.79755,14.296902,10.136109,EU EEA Common AQI,65.4,12.670136,5.80371,7200,13.753623,100,100,61.2,12.846376,Very Low,64.8,12.754258,100,1747889100,Very Low,11.437521,14.235356,Very Low,16.003843,59.4,18.594202,100,1747889100,16.057972
2025-05-22T04:46:31Z,0,29.93,71.7,63,62.4,0,0,351,87,0.0,255,32767,0.11,2090-9-18,0.0,0.52,26.6,0.0,0.0,0.0,0,4.822265625,6,45,05:40,20:21,2025-05-22 04:46:31.744784,Città della Scienza,82.6,14.261815,7.79755,14.296902,10.136109,EU EEA Common AQI,65.4,12.670136,5.80371,7200,13.753623,100,100,61.2,12.846376,Very Low,64.8,12.754258,100,1747889100,Very Low,11.437521,14.235356,Very Low,16.003843,59.4,18.594202,100,1747889100,16.057972
2025-05-22T04:46:43Z,0,29.931,71.7,63,62.4,0,0,351,87,0.0,255,32767,0.11,2090-9-18,0.0,0.52,26.6,0.0,0.0,0.0,0,4.822265625,6,45,05:40,20:21,2025-05-22 04:46:42.818784,Città della Scienza,82.6,14.261815,7.79755,14.296902,10.136109,EU EEA Common AQI,65.4,12.670136,5.80371,7200,13.753623,100,100,61.2,12.846376,Very Low,64.8,12.754258,100,1747889100,Very Low,11.437521,14.235356,Very Low,16.003843,59.4,18.594202,100,1747889100,16.057972
2025-05-22T04:46:54Z,0,29.931,71.7,63,62.4,0,0,351,87,0.0,255,32767,0.11,2090-9-18,0.0,0.52,26.6,0.0,0.0,0.0,0,4.822265625,6,45,05:40,20:21,2025-05-22 04:46:53.937787,Città della Scienza,82.6,14.261815,7.79755,14.296902,10.136109,EU EEA Common AQI,65.4,12.670136,5.80371,7200,13.753623,100,100,61.2,12.846376,Very Low,64.8,12.754258,100,1747889100,Very Low,11.437521,14.235356,Very Low,16.003843,59.4,18.594202,100,1747889100,16.057972
2025-05-22T04:47:05Z,0,29.931,71.7,63,62.4,0,0,351,87,0.0,255,32767,0.11,2090-9-18,0.0,0.52,26.6,0.0,0.0,0.0,0,4.822265625,6,45,05:40,20:21,2025-05-22 04:47:05.018751,Città della Scienza,82.6,14.261815,7.79755,14.296902,10.136109,EU EEA Common AQI,65.4,12.670136,5.80371,7200,13.753623,100,100,61.2,12.846376,Very Low,64.8,12.754258,100,1747889100,Very Low,11.437521,14.235356,Very Low,16.003843,59.4,18.594202,100,1747889100,16.057972
2025-05-22T04:47:16Z,0,29.931,71.7,63,62.4,0,0,351,87,0.0,255,32767,0.11,2090-9-18,0.0,0.52,26.6,0.0,0.0,0.0,0,4.822265625,6,45,05:40,20:21,2025-05-22 04:47:16.141786,Città della Scienza,82.6,14.261815,7.79755,14.296902,10.136109,EU EEA Common AQI,65.4,12.670136,5.80371,7200,13.753623,100,100,61.2,12.846376,Very Low,64.8,12.754258,100,1747889100,Very Low,11.437521,14.235356,Very Low,16.003843,59.4,18.594202,100,1747889100,16.057972
2025-05-22T04:47:27Z,0,29.931,71.7,63,62.4,0,0,351,87,0.0,255,32767,0.11,2090-9-18,0.0,0.52,26.6,0.0,0.0,0.0,0,4.822265625,6,45,05:40,20:21,2025-05-22 04:47:27.230782,Città della Scienza,82.6,14.261815,7.79755,14.296902,10.136109,EU EEA Common AQI,65.4,12.670136,5.80371,7200,13.753623,100,100,61.2,12.846376,Very Low,64.8,12.754258,100,1747889100,Very Low,11.437521,14.235356,Very Low,16.003843,59.4,18.594202,100,1747889100,16.057972
2025-05-22T04:47:38Z,0,29.928,71.7,63,62.4,0,0,351,87,0.0,255,32767,0.11,2090-9-18,0.0,0.52,26.6,0.0,0.0,0.0,0,4.822265625,6,45,05:40,20:21,2025-05-22 04:47:38.353782,Città della Scienza,82.6,14.261815,7.79755,14.296902,10.136109,EU EEA Common AQI,65.4,12.670136,5.80371,7200,13.753623,100,100,61.2,12.846376,Very Low,64.8,12.754258,100,1747889100,Very Low,11.437521,14.235356,Very Low,16.003843,59.4,18.594202,100,1747889100,16.057972
2025-05-22T04:47:49Z,0,29.928,71.7,63,62.4,0,0,351,87,0.0,255,32767,0.11,2090-9-18,0.0,0.52,26.6,0.0,0.0,0.0,0,4.822265625,6,45,05:40,20:21,2025-05-22 04:47:49.429785,Città della Scienza,82.6,14.261815,7.79755,14.296902,10.136109,EU EEA Common AQI,65.4,12.670136,5.80371,7200,13.753623,100,100,61.2,12.846376,Very Low,64.8,12.754258,100,1747889100,Very Low,11.437521,14.235356,Very Low,16.003843,59.4,18.594202,100,1747889100,16.057972
2025-05-22T04:48:00Z,0,29.928,71.7,63,62.4,0,0,351,87,0.0,255,32767,0.11,2090-9-18,0.0,0.52,26.6,0.0,0.0,0.0,0,4.822265625,6,45,05:40,20:21,2025-05-22 04:48:00.542812,Città della Scienza,82.6,14.261815,7.79755,14.296902,10.136109,EU EEA Common AQI,65.4,12.670136,5.80371,7200,13.753623,100,100,61.2,12.846376,Very Low,64.8,12.754258,100,1747889100,Very Low,11.437521,14.235356,Very Low,16.003843,59.4,18.594202,100,1747889100,16.057972
2025-05-22T04:48:11Z,0,29.928,71.7,63,62.4,0,0,351,87,0.0,255,32767,0.11,2090-9-18,0.0,0.52,26.6,0.0,0.0,0.0,0,4.822265625,6,45,05:40,20:21,2025-05-22 04:48:11.640793,Città della Scienza,82.6,14.261815,7.79755,14.296902,10.136109,EU EEA Common AQI,65.4,12.670136,5.80371,7200,13.753623,100,100,61.2,12.846376,Very Low,64.8,12.754258,100,1747889100,Very Low,11.437521,14.235356,Very Low,16.003843,59.4,18.594202,100,1747889100,16.057972
2025-05-22T04:48:22Z,0,29.928,71.7,63,62.4,0,0,351,87,0.0,255,32767,0.11,2090-9-18,0.0,0.52,26.6,0.0,0.0,0.0,0,4.822265625,6,45,05:40,20:21,2025-05-22 04:48:22.758788,Città della Scienza,82.6,14.261815,7.79755,14.296902,10.136109,EU EEA Common AQI,65.4,12.670136,5.80371,7200,13.753623,100,100,61.2,12.846376,Very Low,64.8,12.754258,100,1747889100,Very Low,11.437521,14.235356,Very Low,16.003843,59.4,18.594202,100,1747889100,16.057972
2025-05-22T04:48:34Z,0,29.93,71.8,63,62.5,1,0,351,87,0.0,255,32767,0.11,2090-9-18,0.0,0.52,26.6,0.0,0.0,0.0,0,4.822265625,6,45,05:40,20:21,2025-05-22 04:48:33.928788,Città della Scienza,82.6,14.261815,7.79755,14.296902,10.136109,EU EEA Common AQI,65.4,12.670136,5.80371,7200,13.753623,100,100,61.2,12.846376,Very Low,64.8,12.754258,100,1747889100,Very Low,11.437521,14.235356,Very Low,16.003843,59.4,18.594202,100,1747889100,16.057972
2025-05-22T04:48:45Z,0,29.93,71.8,63,62.5,0,0,351,87,0.0,255,32767,0.11,2090-9-18,0.0,0.52,26.6,0.0,0.0,0.0,0,4.822265625,6,45,05:40,20:21,2025-05-22 04:48:45.034784,Città della Scienza,82.6,14.261815,7.79755,14.296902,10.136109,EU EEA Common AQI,65.4,12.670136,5.80371,7200,13.753623,100,100,61.2,12.846376,Very Low,64.8,12.754258,100,1747889100,Very Low,11.437521,14.235356,Very Low,16.003843,59.4,18.594202,100,1747889100,16.057972
2025-05-22T04:48:56Z,0,29.93,71.8,63,62.5,0,0,351,87,0.0,255,32767,0.11,2090-9-18,0.0,0.52,26.6,0.0,0.0,0.0,0,4.822265625,6,45,05:40,20:21,2025-05-22 04:48:56.143788,Città della Scienza,82.6,14.261815,7.79755,14.296902,10.136109,EU EEA Common AQI,65.4,12.670136,5.80371,7200,13.753623,100,100,61.2,12.846376,Very Low,64.8,12.754258,100,1747889100,Very Low,11.437521,14.235356,Very Low,16.003843,59.4,18.594202,100,1747889100,16.057972
2025-05-22T04:49:07Z,0,29.93,71.8,63,62.4,0,0,351,87,0.0,255,32767,0.11,2090-9-18,0.0,0.52,26.6,0.0,0.0,0.0,0,4.822265625,6,45,05:40,20:21,2025-05-22 04:49:07.233795,Città della Scienza,82.6,14.261815,7.79755,14.296902,10.136109,EU EEA Common AQI,65.4,12.670136,5.80371,7200,13.753623,100,100,61.2,12.846376,Very Low,64.8,12.754258,100,1747889100,Very Low,11.437521,14.235356,Very Low,16.003843,59.4,18.594202,100,1747889100,16.057972
2025-05-22T04:49:18Z,0,29.93,71.8,63,62.4,0,0,351,87,0.0,255,32767,0.11,2090-9-18,0.0,0.52,26.6,0.0,0.0,0.0,0,4.822265625,6,45,05:40,20:21,2025-05-22 04:49:18.326787,Città della Scienza,82.6,14.261815,7.79755,14.296902,10.136109,EU EEA Common AQI,65.4,12.670136,5.80371,7200,13.753623,100,100,61.2,12.846376,Very Low,64.8,12.754258,100,1747889100,Very Low,11.437521,14.235356,Very Low,16.003843,59.4,18.594202,100,1747889100,16.057972
2025-05-22T04:49:29Z,0,29.93,71.8,63,62.4,0,0,351,87,0.0,255,32767,0.11,2090-9-18,0.0,0.52,26.6,0.0,0.0,0.0,0,4.822265625,6,45,05:40,20:21,2025-05-22 04:49:29.448790,Città della Scienza,82.6,14.261815,7.79755,14.296902,10.136109,EU EEA Common AQI,65.4,12.670136,5.80371,7200,13.753623,100,100,61.2,12.846376,Very Low,64.8,12.754258,100,1747889100,Very Low,11.437521,14.235356,Very Low,16.003843,59.4,18.594202,100,1747889100,16.057972
2025-05-22T04:49:40Z,0,29.929,71.8,63,62.4,0,0,351,87,0.0,255,32767,0.11,2090-9-18,0.0,0.52,26.6,0.0,0.0,0.0,0,4.822265625,6,45,05:40,20:21,2025-05-22 04:49:40.567757,Città della Scienza,82.6,14.261815,7.79755,14.296902,10.136109,EU EEA Common AQI,65.4,12.670136,5.80371,7200,13.753623,100,100,61.2,12.846376,Very Low,64.8,12.754258,100,1747889100,Very Low,11.437521,14.235356,Very Low,16.003843,59.4,18.594202,100,1747889100,16.057972
2025-05-22T04:49:51Z,0,29.929,71.8,63,62.5,0,0,351,87,0.0,255,32767,0.11,2090-9-18,0.0,0.52,26.6,0.0,0.0,0.0,0,4.822265625,6,45,05:40,20:21,2025-05-22 04:49:51.682787,Città della Scienza,82.6,14.261815,7.79755,14.296902,10.136109,EU EEA Common AQI,65.4,12.670136,5.80371,7200,13.753623,100,100,61.2,12.846376,Very Low,64.8,12.754258,100,1747889100,Very Low,11.437521,14.235356,Very Low,16.003843,59.4,18.594202,100,1747889100,16.057972
2025-05-22T04:50:02Z,0,29.929,71.8,63,62.5,0,0,351,87,0.0,255,32767,0.11,2090-9-18,0.0,0.52,26.6,0.0,0.0,0.0,0,4.822265625,6,45,05:40,20:21,2025-05-22 04:50:02.787794,Città della Scienza,82.6,14.261815,7.79755,14.296902,10.136109,EU EEA Common AQI,65.4,12.670136,5.80371,7200,13.753623,100,100,61.2,12.846376,Very Low,64.8,12.754258,100,1747889100,Very Low,11.437521,14.235356,Very Low,16.003843,59.4,18.594202,100,1747889100,16.057972
2025-05-22T04:50:14Z,0,29.929,71.8,63,62.5,0,0,351,87,0.0,255,32767,0.11,2090-9-18,0.0,0.52,26.6,0.0,0.0,0.0,0,4.822265625,6,45,05:40,20:21,2025-05-22 04:50:13.870795,Città della Scienza,82.6,14.261815,7.79755,14.296902,10.136109,EU EEA Common AQI,65.4,12.670136,5.80371,7200,13.753623,100,100,61.2,12.846376,Very Low,64.8,12.754258,100,1747889100,Very Low,11.437521,14.235356,Very Low,16.003843,59.4,18.594202,100,1747889100,16.057972
2025-05-22T04:50:25Z,0,29.929,71.8,63,62.5,0,0,351,87,0.0,255,32767,0.11,2090-9-18,0.0,0.52,26.6,0.0,0.0,0.0,0,4.822265625,6,45,05:40,20:21,2025-05-22 04:50:25.014792,Città della Scienza,82.6,14.261815,7.79755,14.296902,10.136109,EU EEA Common AQI,65.4,12.670136,5.80371,7200,13.753623,100,100,61.2,12.846376,Very Low,64.8,12.754258,100,1747889100,Very Low,11.437521,14.235356,Very Low,16.003843,59.4,18.594202,100,1747889100,16.057972
2025-05-22T04:50:36Z,0,29.93,71.8,63,62.5,0,0,351,87,0.0,255,32767,0.11,2090-9-18,0.0,0.52,26.6,0.0,0.0,0.0,0,4.822265625,6,45,05:40,20:21,2025-05-22 04:50:36.100794,Città della Scienza,82.6,14.261815,7.79755,14.296902,10.136109,EU EEA Common AQI,65.4,12.670136,5.80371,7200,13.753623,100,100,61.2,12.846376,Very Low,64.8,12.754258,100,1747889100,Very Low,11.437521,14.235356,Very Low,16.003843,59.4,18.594202,100,1747889100,16.057972
2025-05-22T04:50:47Z,0,29.93,71.8,63,62.6,0,0,351,87,0.0,255,32767,0.11,2090-9-18,0.0,0.52,26.6,0.0,0.0,0.0,0,4.822265625,6,45,05:40,20:21,2025-05-22 04:50:47.202802,Città della Scienza,82.6,14.261815,7.79755,14.296902,10.136109,EU EEA Common AQI,65.4,12.670136,5.80371,7200,13.753623,100,100,61.2,12.846376,Very Low,64.8,12.754258,100,1747889100,Very Low,11.437521,14.235356,Very Low,16.003843,59.4,18.594202,100,1747889100,16.057972
2025-05-22T04:50:58Z,0,29.93,71.8,63,62.5,0,0,351,87,0.0,255,32767,0.11,2090-9-18,0.0,0.52,26.6,0.0,0.0,0.0,0,4.822265625,6,45,05:40,20:21,2025-05-22 04:50:58.322782,Città della Scienza,82.6,14.261815,7.79755,14.296902,10.136109,EU EEA Common AQI,65.4,12.670136,5.80371,7200,13.753623,100,100,61.2,12.846376,Very Low,64.8,12.754258,100,1747889100,Very Low,11.437521,14.235356,Very Low,16.003843,59.4,18.594202,100,1747889100,16.057972
2025-05-22T04:51:09Z,0,29.93,71.8,63,62.5,0,0,351,87,0.0,255,32767,0.11,2090-9-18,0.0,0.52,26.6,0.0,0.0,0.0,0,4.822265625,6,45,05:40,20:21,2025-05-22 04:51:09.461797,Città della Scienza,82.6,14.261815,7.79755,14.296902,10.136109,EU EEA Common AQI,65.4,12.670136,5.80371,7200,13.753623,100,100,61.2,12.846376,Very Low,64.8,12.754258,100,1747889100,Very Low,11.437521,14.235356,Very Low,16.003843,59.4,18.594202,100,1747889100,16.057972
2025-05-22T04:51:20Z,0,29.93,71.8,63,62.5,0,0,351,87,0.0,255,32767,0.11,2090-9-18,0.0,0.52,26.6,0.0,0.0,0.0,0,4.822265625,6,45,05:40,20:21,2025-05-22 04:51:20.598754,Città della Scienza,82.6,14.261815,7.79755,14.296902,10.136109,EU EEA Common AQI,65.4,12.670136,5.80371,7200,13.753623,100,100,61.2,12.846376,Very Low,64.8,12.754258,100,1747889100,Very Low,11.437521,14.235356,Very Low,16.003843,59.4,18.594202,100,1747889100,16.057972
2025-05-22T04:51:31Z,0,29.93,71.8,63,62.6,0,0,351,87,0.0,255,32767,0.11,2090-9-18,0.0,0.52,26.6,0.0,0.0,0.0,0,4.822265625,6,45,05:40,20:21,2025-05-22 04:51:31.741795,Città della Scienza,82.6,14.261815,7.79755,14.296902,10.136109,EU EEA Common AQI,65.4,12.670136,5.80371,7200,13.753623,100,100,61.2,12.846376,Very Low,64.8,12.754258,100,1747889100,Very Low,11.437521,14.235356,Very Low,16.003843,59.4,18.594202,100,1747889100,16.057972
2025-05-22T04:51:43Z,0,29.93,71.8,63,62.6,0,0,351,87,0.0,255,32767,0.11,2090-9-18,0.0,0.52,26.6,0.0,0.0,0.0,0,4.822265625,6,45,05:40,20:21,2025-05-22 04:51:42.820783,Città della Scienza,82.6,14.261815,7.79755,14.296902,10.136109,EU EEA Common AQI,65.4,12.670136,5.80371,7200,13.753623,100,100,61.2,12.846376,Very Low,64.8,12.754258,100,1747889100,Very Low,11.437521,14.235356,Very Low,16.003843,59.4,18.594202,100,1747889100,16.057972
2025-05-22T04:51:54Z,0,29.93,71.8,63,62.6,0,0,351,87,0.0,255,32767,0.11,2090-9-18,0.0,0.52,26.6,0.0,0.0,0.0,0,4.822265625,6,45,05:40,20:21,2025-05-22 04:51:53.921790,Città della Scienza,82.6,14.261815,7.79755,14.296902,10.136109,EU EEA Common AQI,65.4,12.670136,5.80371,7200,13.753623,100,100,61.2,12.846376,Very Low,64.8,12.754258,100,1747889100,Very Low,11.437521,14.235356,Very Low,16.003843,59.4,18.594202,100,1747889100,16.057972
2025-05-22T04:52:05Z,0,29.93,71.8,63,62.6,0,0,351,87,0.0,255,32767,0.11,2090-9-18,0.0,0.52,26.6,0.0,0.0,0.0,0,4.822265625,6,45,05:40,20:21,2025-05-22 04:52:05.044794,Città della Scienza,82.6,14.261815,7.79755,14.296902,10.136109,EU EEA Common AQI,65.4,12.670136,5.80371,7200,13.753623,100,100,61.2,12.846376,Very Low,64.8,12.754258,100,1747889100,Very Low,11.437521,14.235356,Very Low,16.003843,59.4,18.594202,100,1747889100,16.057972
2025-05-22T04:52:16Z,0,29.93,71.8,63,62.6,0,0,351,87,0.0,255,32767,0.11,2090-9-18,0.0,0.52,26.6,0.0,0.0,0.0,0,4.822265625,6,45,05:40,20:21,2025-05-22 04:52:16.170796,Città della Scienza,82.6,14.261815,7.79755,14.296902,10.136109,EU EEA Common AQI,65.4,12.670136,5.80371,7200,13.753623,100,100,61.2,12.846376,Very Low,64.8,12.754258,100,1747889100,Very Low,11.437521,14.235356,Very Low,16.003843,59.4,18.594202,100,1747889100,16.057972
2025-05-22T04:52:27Z,0,29.93,71.8,63,62.6,0,0,351,87,0.0,255,32767,0.11,2090-9-18,0.0,0.52,26.6,0.0,0.0,0.0,0,4.822265625,6,45,05:40,20:21,2025-05-22 04:52:27.302788,Città della Scienza,82.6,14.261815,7.79755,14.296902,10.136109,EU EEA Common AQI,65.4,12.670136,5.80371,7200,13.753623,100,100,61.2,12.846376,Very Low,64.8,12.754258,100,1747889100,Very Low,11.437521,14.235356,Very Low,16.003843,59.4,18.594202,100,1747889100,16.057972
2025-05-22T04:52:38Z,0,29.93,71.8,63,62.6,0,0,351,87,0.0,255,32767,0.11,2090-9-18,0.0,0.52,26.6,0.0,0.0,0.0,0,4.822265625,6,45,05:40,20:21,2025-05-22 04:52:38.387793,Città della Scienza,82.6,14.261815,7.79755,14.296902,10.136109,EU EEA Common AQI,65.4,12.670136,5.80371,7200,13.753623,100,100,61.2,12.846376,Very Low,64.8,12.754258,100,1747889100,Very Low,11.437521,14.235356,Very Low,16.003843,59.4,18.594202,100,1747889100,16.057972
2025-05-22T04:52:49Z,0,29.93,71.8,63,62.7,0,0,351,87,0.0,255,32767,0.11,2090-9-18,0.0,0.52,26.6,0.0,0.0,0.0,0,4.822265625,6,45,05:40,20:21,2025-05-22 04:52:49.507785,Città della Scienza,82.6,14.261815,7.79755,14.296902,10.136109,EU EEA Common AQI,65.4,12.670136,5.80371,7200,13.753623,100,100,61.2,12.846376,Very Low,64.8,12.754258,100,1747889100,Very Low,11.437521,14.235356,Very Low,16.003843,59.4,18.594202,100,1747889100,16.057972
2025-05-22T04:53:00Z,0,29.93,71.8,63,62.7,1,0,351,87,0.0,255,32767,0.11,2090-9-18,0.0,0.52,26.6,0.0,0.0,0.0,0,4.822265625,6,45,05:40,20:21,2025-05-22 04:53:00.613792,Città della Scienza,82.6,14.261815,7.79755,14.296902,10.136109,EU EEA Common AQI,65.4,12.670136,5.80371,7200,13.753623,100,100,61.2,12.846376,Very Low,64.8,12.754258,100,1747889100,Very Low,11.437521,14.235356,Very Low,16.003843,59.4,18.594202,100,1747889100,16.057972
2025-05-22T04:53:11Z,0,29.93,71.8,63,62.7,0,0,351,87,0.0,255,32767,0.11,2090-9-18,0.0,0.52,26.6,0.0,0.0,0.0,0,4.822265625,6,45,05:40,20:21,2025-05-22 04:53:11.707787,Città della Scienza,82.6,14.261815,7.79755,14.296902,10.136109,EU EEA Common AQI,65.4,12.670136,5.80371,7200,13.753623,100,100,61.2,12.846376,Very Low,64.8,12.754258,100,1747889100,Very Low,11.437521,14.235356,Very Low,16.003843,59.4,18.594202,100,1747889100,16.057972
2025-05-22T04:53:23Z,0,29.93,71.8,63,62.7,0,0,313,87,0.0,255,32767,0.11,2090-9-18,0.0,0.52,26.6,0.0,0.0,0.0,0,4.822265625,6,45,05:40,20:21,2025-05-22 04:53:22.826783,Città della Scienza,82.6,14.261815,7.79755,14.296902,10.136109,EU EEA Common AQI,65.4,12.670136,5.80371,7200,13.753623,100,100,61.2,12.846376,Very Low,64.8,12.754258,100,1747889100,Very Low,11.437521,14.235356,Very Low,16.003843,59.4,18.594202,100,1747889100,16.057972
2025-05-22T04:53:34Z,0,29.929,71.8,63,62.7,0,0,313,87,0.0,255,32767,0.11,2090-9-18,0.0,0.52,26.6,0.0,0.0,0.0,0,4.822265625,6,45,05:40,20:21,2025-05-22 04:53:33.940754,Città della Scienza,82.6,14.261815,7.79755,14.296902,10.136109,EU EEA Common AQI,65.4,12.670136,5.80371,7200,13.753623,100,100,61.2,12.846376,Very Low,64.8,12.754258,100,1747889100,Very Low,11.437521,14.235356,Very Low,16.003843,59.4,18.594202,100,1747889100,16.057972
2025-05-22T04:53:45Z,0,29.929,71.8,63,62.7,1,0,309,87,0.0,255,32767,0.11,2090-9-18,0.0,0.52,26.6,0.0,0.0,0.0,0,4.822265625,6,45,05:40,20:21,2025-05-22 04:53:45.050785,Città della Scienza,82.6,14.261815,7.79755,14.296902,10.136109,EU EEA Common AQI,65.4,12.670136,5.80371,7200,13.753623,100,100,61.2,12.846376,Very Low,64.8,12.754258,100,1747889100,Very Low,11.437521,14.235356,Very Low,16.003843,59.4,18.594202,100,1747889100,16.057972
2025-05-22T04:53:56Z,0,29.929,71.8,63,62.7,1,0,239,87,0.0,255,32767,0.11,2090-9-18,0.0,0.52,26.6,0.0,0.0,0.0,0,4.822265625,6,45,05:40,20:21,2025-05-22 04:53:56.166787,Città della Scienza,82.6,14.261815,7.79755,14.296902,10.136109,EU EEA Common AQI,65.4,12.670136,5.80371,7200,13.753623,100,100,61.2,12.846376,Very Low,64.8,12.754258,100,1747889100,Very Low,11.437521,14.235356,Very Low,16.003843,59.4,18.594202,100,1747889100,16.057972
2025-05-22T04:54:07Z,0,29.929,71.8,63,62.7,1,0,294,87,0.0,255,32767,0.11,2090-9-18,0.0,0.52,26.6,0.0,0.0,0.0,0,4.822265625,6,45,05:40,20:21,2025-05-22 04:54:07.290784,Città della Scienza,82.6,14.261815,7.79755,14.296902,10.136109,EU EEA Common AQI,65.4,12.670136,5.80371,7200,13.753623,100,100,61.2,12.846376,Very Low,64.8,12.754258,100,1747889100,Very Low,11.437521,14.235356,Very Low,16.003843,59.4,18.594202,100,1747889100,16.057972
2025-05-22T04:54:18Z,0,29.929,71.8,63,62.7,0,0,294,87,0.0,255,32767,0.11,2090-9-18,0.0,0.52,26.6,0.0,0.0,0.0,0,4.822265625,6,45,05:40,20:21,2025-05-22 04:54:18.405795,Città della Scienza,82.6,14.261815,7.79755,14.296902,10.136109,EU EEA Common AQI,65.4,12.670136,5.80371,7200,13.753623,100,100,61.2,12.846376,Very Low,64.8,12.754258,100,1747889100,Very Low,11.437521,14.235356,Very Low,16.003843,59.4,18.594202,100,1747889100,16.057972
2025-05-22T04:54:29Z,0,29.929,71.8,63,62.7,0,0,294,87,0.0,255,32767,0.11,2090-9-18,0.0,0.52,26.6,0.0,0.0,0.0,0,4.822265625,6,45,05:40,20:21,2025-05-22 04:54:29.480788,Città della Scienza
2025-05-22T04:54:40Z,0,29.928,71.8,63,62.7,0,0,294,87,0.0,255,32767,0.11,2090-9-18,0.0,0.52,26.6,0.0,0.0,0.0,0,4.822265625,6,45,05:40,20:21,2025-05-22 04:54:40.548786,Città della Scienza
2025-05-22T04:54:51Z,0,29.928,71.8,63,62.8,0,0,294,87,0.0,255,32767,0.11,2090-9-18,0.0,0.52,26.6,0.0,0.0,0.0,0,4.822265625,6,45,05:40,20:21,2025-05-22 04:54:51.641795,Città della Scienza
2025-05-22T04:55:02Z,0,29.928,71.8,63,62.8,0,0,294,87,0.0,255,32767,0.11,2090-9-18,0.0,0.52,26.6,0.0,0.0,0.0,0,4.822265625,6,45,05:40,20:21,2025-05-22 04:55:02.729781,Città della Scienza
2025-05-22T04:55:14Z,0,29.928,71.8,63,62.8,0,0,294,87,0.0,255,32767,0.11,2090-9-18,0.0,0.52,26.6,0.0,0.0,0.0,0,4.822265625,6,45,05:40,20:21,2025-05-22 04:55:13.859798,Città della Scienza
2025-05-22T04:55:25Z,0,29.928,71.8,63,62.8,0,0,294,87,0.0,255,32767,0.11,2090-9-18,0.0,0.52,26.6,0.0,0.0,0.0,0,4.822265625,6,45,05:40,20:21,2025-05-22 04:55:24.923788,Città della Scienza
2025-05-22T04:55:36Z,0,29.929,71.8,63,62.8,0,0,294,87,0.0,255,32767,0.11,2090-9-18,0.0,0.52,26.6,0.0,0.0,0.0,0,4.822265625,6,45,05:40,20:21,2025-05-22 04:55:36.030789,Città della Scienza
2025-05-22T04:55:47Z,0,29.929,71.8,63,62.8,0,0,294,87,0.0,255,32767,0.11,2090-9-18,0.0,0.52,26.6,0.0,0.0,0.0,0,4.822265625,6,45,05:40,20:21,2025-05-22 04:55:47.119805,Città della Scienza
2025-05-22T04:55:58Z,0,29.929,71.8,63,62.8,0,0,294,87,0.0,255,32767,0.11,2090-9-18,0.0,0.52,26.6,0.0,0.0,0.0,0,4.822265625,6,45,05:40,20:21,2025-05-22 04:55:58.211789,Città della Scienza
2025-05-22T04:56:09Z,0,29.929,71.8,63,62.8,0,0,294,87,0.0,255,32767,0.11,2090-9-18,0.0,0.52,26.6,0.0,0.0,0.0,0,4.822265625,6,45,05:40,20:21,2025-05-22 04:56:09.269798,Città della Scienza
2025-05-22T04:56:20Z,0,29.929,71.8,63,62.9,0,0,294,87,0.0,255,32767,0.11,2090-9-18,0.0,0.52,26.6,0.0,0.0,0.0,0,4.822265625,6,45,05:40,20:21,2025-05-22 04:56:20.355758,Città della Scienza
2025-05-22T04:56:31Z,0,29.929,71.8,63,62.9,0,0,294,87,0.0,255,32767,0.11,2090-9-18,0.0,0.52,26.6,0.0,0.0,0.0,0,4.822265625,6,45,05:40,20:21,2025-05-22 04:56:31.440789,Città della Scienza
2025-05-22T04:56:42Z,0,29.929,71.9,63,62.9,0,0,294,87,0.0,255,32767,0.11,2090-9-18,0.0,0.52,26.6,0.0,0.0,0.0,0,4.822265625,6,45,05:40,20:21,2025-05-22 04:56:42.551802,Città della Scienza
2025-05-22T04:56:53Z,0,29.929,71.9,63,62.9,0,0,294,87,0.0,255,32767,0.11,2090-9-18,0.0,0.52,26.6,0.0,0.0,0.0,0,4.822265625,6,45,05:40,20:21,2025-05-22 04:56:53.640789,Città della Scienza
2025-05-22T04:57:04Z,0,29.929,71.9,63,62.9,0,0,294,87,0.0,255,32767,0.11,2090-9-18,0.0,0.52,26.6,0.0,0.0,0.0,0,4.822265625,6,45,05:40,20:21,2025-05-22 04:57:04.727752,Città della Scienza
2025-05-22T04:57:16Z,0,29.929,71.9,63,62.9,0,0,294,87,0.0,255,32767,0.11,2090-9-18,0.0,0.52,26.6,0.0,0.0,0.0,0,4.822265625,6,45,05:40,20:21,2025-05-22 04:57:15.812794,Città della Scienza
2025-05-22T04:57:27Z,0,29.929,71.9,63,62.9,0,0,294,87,0.0,255,32767,0.11,2090-9-18,0.0,0.52,26.6,0.0,0.0,0.0,0,4.822265625,6,45,05:40,20:21,2025-05-22 04:57:26.878806,Città della Scienza
2025-05-22T04:57:38Z,0,29.928,71.9,63,62.9,0,0,294,87,0.0,255,32767,0.11,2090-9-18,0.0,0.52,26.6,0.0,0.0,0.0,0,4.828125,6,45,05:40,20:21,2025-05-22 04:57:37.998785,Città della Scienza
2025-05-22T04:57:49Z,0,29.928,71.9,63,62.9,0,0,294,87,0.0,255,32767,0.11,2090-9-18,0.0,0.52,26.6,0.0,0.0,0.0,0,4.828125,6,45,05:40,20:21,2025-05-22 04:57:49.097783,Città della Scienza
2025-05-22T04:58:00Z,0,29.928,71.9,63,62.9,0,0,294,87,0.0,255,32767,0.11,2090-9-18,0.0,0.52,26.6,0.0,0.0,0.0,0,4.828125,6,45,05:40,20:21,2025-05-22 04:58:00.145415,Città della Scienza
2025-05-22T04:58:11Z,0,29.928,71.9,63,62.9,0,0,294,87,0.0,255,32767,0.11,2090-9-18,0.0,0.52,26.6,0.0,0.0,0.0,0,4.828125,6,45,05:40,20:21,2025-05-22 04:58:11.250784,Città della Scienza
2025-05-22T04:58:22Z,0,29.928,71.9,63,62.9,0,0,294,87,0.0,255,32767,0.11,2090-9-18,0.0,0.52,26.6,0.0,0.0,0.0,0,4.828125,6,45,05:40,20:21,2025-05-22 04:58:22.338785,Città della Scienza
2025-05-22T04:58:33Z,0,29.931,71.8,63,62.9,0,0,294,87,0.0,255,32767,0.11,2090-9-18,0.0,0.52,26.6,0.0,0.0,0.0,0,4.822265625,6,45,05:40,20:21,2025-05-22 04:58:33.415803,Città della Scienza
2025-05-22T04:58:44Z,0,29.931,71.8,63,62.9,0,0,294,87,0.0,255,32767,0.11,2090-9-18,0.0,0.52,26.6,0.0,0.0,0.0,0,4.822265625,6,45,05:40,20:21,2025-05-22 04:58:44.515793,Città della Scienza
2025-05-22T04:58:55Z,0,29.931,71.8,63,62.9,0,0,294,87,0.0,255,32767,0.11,2090-9-18,0.0,0.52,26.6,0.0,0.0,0.0,0,4.822265625,6,45,05:40,20:21,2025-05-22 04:58:55.586791,Città della Scienza
2025-05-22T04:59:06Z,0,29.931,71.8,63,63.0,1,0,294,87,0.0,255,32767,0.11,2090-9-18,0.0,0.52,26.6,0.0,0.0,0.0,0,4.822265625,6,45,05:40,20:21,2025-05-22 04:59:06.669804,Città della Scienza
2025-05-22T04:59:17Z,0,29.931,71.8,63,63.0,1,0,294,87,0.0,255,32767,0.11,2090-9-18,0.0,0.52,26.6,0.0,0.0,0.0,0,4.822265625,6,45,05:40,20:21,2025-05-22 04:59:17.757788,Città della Scienza
2025-05-22T04:59:29Z,0,29.931,71.8,63,63.0,2,0,222,87,0.0,255,32767,0.11,2090-9-18,0.0,0.52,26.6,0.0,0.0,0.0,0,4.822265625,6,45,05:40,20:21,2025-05-22 04:59:28.855752,Città della Scienza
2025-05-22T04:59:40Z,0,29.931,71.9,63,63.0,0,0,226,87,0.0,255,32767,0.11,2090-9-18,0.0,0.52,26.6,0.0,0.0,0.0,0,4.822265625,6,45,05:40,20:21,2025-05-22 04:59:39.975788,Città della Scienza
2025-05-22T04:59:51Z,0,29.931,71.9,63,63.0,3,0,225,87,0.0,255,32767,0.11,2090-9-18,0.0,0.52,26.6,0.0,0.0,0.0,0,4.822265625,6,45,05:40,20:21,2025-05-22 04:59:51.098780,Città della Scienza
2025-05-22T05:00:02Z,0,29.931,71.9,63,63.1,6,0,223,87,0.0,255,32767,0.11,2090-9-18,0.0,0.52,26.6,0.0,0.0,0.0,0,4.822265625,6,45,05:40,20:21,2025-05-22 05:00:02.179791,Città della Scienza,82.6,14.261815,7.79755,14.296902,10.136109,EU EEA Common AQI,65.4,12.670136,5.80371,7200,13.753623,100,100,61.2,12.846376,Very Low,64.8,12.754258,100,1747889100,Very Low,11.437521,14.235356,Very Low,16.003843,59.4,18.594202,100,1747889100,16.057972
2025-05-22T05:00:13Z,0,29.931,71.9,63,63.1,4,0,221,87,0.0,255,32767,0.11,2090-9-18,0.0,0.52,26.6,0.0,0.0,0.0,0,4.822265625,6,45,05:40,20:21,2025-05-22 05:00:13.284784,Città della Scienza,82.6,14.261815,7.79755,14.296902,10.136109,EU EEA Common AQI,65.4,12.670136,5.80371,7200,13.753623,100,100,61.2,12.846376,Very Low,64.8,12.754258,100,1747889100,Very Low,11.437521,14.235356,Very Low,16.003843,59.4,18.594202,100,1747889100,16.057972
2025-05-22T05:00:24Z,0,29.931,71.9,63,63.1,5,0,179,87,0.0,255,32767,0.11,2090-9-18,0.0,0.52,26.6,0.0,0.0,0.0,0,4.822265625,6,45,05:40,20:21,2025-05-22 05:00:24.361792,Città della Scienza,83.5,14.653843,7.9475436,15.066315,10.65535,EU EEA Common AQI,65.9,13.319188,5.961621,7200,14.328571,100,100,61.8,13.988571,Very Low,65.2,13.121811,100,1747890000,Very Low,12.053052,14.928113,Very Low,16.799135,60.1,19.014286,100,1747890000,17.485714
2025-05-22T05:00:35Z,0,29.931,71.9,63,63.1,3,1,190,87,0.0,255,32767,0.11,2090-9-18,0.0,0.52,26.6,0.0,0.0,0.0,0,4.822265625,6,45,05:40,20:21,2025-05-22 05:00:35.456793,Città della Scienza,83.5,14.653843,7.9475436,15.066315,10.65535,EU EEA Common AQI,65.9,13.319188,5.961621,7200,14.328571,100,100,61.8,13.988571,Very Low,65.2,13.121811,100,1747890000,Very Low,12.053052,14.928113,Very Low,16.799135,60.1,19.014286,100,1747890000,17.485714
2025-05-22T05:00:46Z,0,29.931,71.9,63,63.2,3,1,193,87,0.0,255,32767,0.11,2090-9-18,0.0,0.52,26.6,0.0,0.0,0.0,0,4.822265625,6,45,05:40,20:21,2025-05-22 05:00:46.581795,Città della Scienza,83.5,14.653843,7.9475436,15.066315,10.65535,EU EEA Common AQI,65.9,13.319188,5.961621,7200,14.328571,100,100,61.8,13.988571,Very Low,65.2,13.121811,100,1747890000,Very Low,12.053052,14.928113,Very Low,16.799135,60.1,19.014286,100,1747890000,17.485714
2025-05-22T05:00:57Z,0,29.931,71.9,63,63.2,2,1,178,87,0.0,255,32767,0.11,2090-9-18,0.0,0.52,26.6,0.0,0.0,0.0,0,4.822265625,6,45,05:40,20:21,2025-05-22 05:00:57.709787,Città della Scienza,83.5,14.653843,7.9475436,15.066315,10.65535,EU EEA Common AQI,65.9,13.319188,5.961621,7200,14.328571,100,100,61.8,13.988571,Very Low,65.2,13.121811,100,1747890000,Very Low,12.053052,14.928113,Very Low,16.799135,60.1,19.014286,100,1747890000,17.485714
2025-05-22T05:01:09Z,0,29.931,71.9,63,63.2,3,1,193,87,0.0,255,32767,0.11,2090-9-18,0.0,0.52,26.6,0.0,0.0,0.0,0,4.822265625,6,45,05:40,20:21,2025-05-22 05:01:08.830789,Città della Scienza,83.5,14.653843,7.9475436,15.066315,10.65535,EU EEA Common AQI,65.9,13.319188,5.961621,7200,14.328571,100,100,61.8,13.988571,Very Low,65.2,13.121811,100,1747890000,Very Low,12.053052,14.928113,Very Low,16.799135,60.1,19.014286,100,1747890000,17.485714
2025-05-22T05:01:20Z,0,29.931,71.9,63,63.3,4,1,182,87,0.0,255,32767,0.11,2090-9-18,0.0,0.52,26.6,0.0,0.0,0.0,0,4.822265625,6,45,05:40,20:21,2025-05-22 05:01:19.960789,Città della Scienza,83.5,14.653843,7.9475436,15.066315,10.65535,EU EEA Common AQI,65.9,13.319188,5.961621,7200,14.328571,100,100,61.8,13.988571,Very Low,65.2,13.121811,100,1747890000,Very Low,12.053052,14.928113,Very Low,16.799135,60.1,19.014286,100,1747890000,17.485714
2025-05-22T05:01:31Z,0,29.931,71.9,63,63.3,3,1,192,87,0.0,255,32767,0.11,2090-9-18,0.0,0.52,26.6,0.0,0.0,0.0,0,4.822265625,6,45,05:40,20:21,2025-05-22 05:01:31.084790,Città della Scienza,83.5,14.653843,7.9475436,15.066315,10.65535,EU EEA Common AQI,65.9,13.319188,5.961621,7200,14.328571,100,100,61.8,13.988571,Very Low,65.2,13.121811,100,1747890000,Very Low,12.053052,14.928113,Very Low,16.799135,60.1,19.014286,100,1747890000,17.485714
2025-05-22T05:01:42Z,0,29.93,71.9,63,63.3,3,1,187,87,0.0,255,32767,0.11,2090-9-18,0.0,0.52,26.6,0.0,0.0,0.0,0,4.828125,6,45,05:40,20:21,2025-05-22 05:01:42.169795,Città della Scienza,83.5,14.653843,7.9475436,15.066315,10.65535,EU EEA Common AQI,65.9,13.319188,5.961621,7200,14.328571,100,100,61.8,13.988571,Very Low,65.2,13.121811,100,1747890000,Very Low,12.053052,14.928113,Very Low,16.799135,60.1,19.014286,100,1747890000,17.485714
2025-05-22T05:01:53Z,0,29.93,71.9,63,63.4,3,1,176,87,0.0,255,32767,0.11,2090-9-18,0.0,0.52,26.6,0.0,0.0,0.0,0,4.828125,6,45,05:40,20:21,2025-05-22 05:01:53.277791,Città della Scienza,83.5,14.653843,7.9475436,15.066315,10.65535,EU EEA Common AQI,65.9,13.319188,5.961621,7200,14.328571,100,100,61.8,13.988571,Very Low,65.2,13.121811,100,1747890000,Very Low,12.053052,14.928113,Very Low,16.799135,60.1,19.014286,100,1747890000,17.485714
2025-05-22T05:02:04Z,0,29.93,71.9,63,63.4,2,1,205,87,0.0,255,32767,0.11,2090-9-18,0.0,0.52,26.6,0.0,0.0,0.0,0,4.828125,6,45,05:40,20:21,2025-05-22 05:02:04.383794,Città della Scienza,83.5,14.653843,7.9475436,15.066315,10.65535,EU EEA Common AQI,65.9,13.319188,5.961621,7200,14.328571,100,100,61.8,13.988571,Very Low,65.2,13.121811,100,1747890000,Very Low,12.053052,14.928113,Very Low,16.799135,60.1,19.014286,100,1747890000,17.485714
2025-05-22T05:02:15Z,0,29.93,71.9,63,63.4,3,1,199,87,0.0,255,32767,0.11,2090-9-18,0.0,0.52,26.6,0.0,0.0,0.0,0,4.828125,6,45,05:40,20:21,2025-05-22 05:02:15.483748,Città della Scienza,83.5,14.653843,7.9475436,15.066315,10.65535,EU EEA Common AQI,65.9,13.319188,5.961621,7200,14.328571,100,100,61.8,13.988571,Very Low,65.2,13.121811,100,1747890000,Very Low,12.053052,14.928113,Very Low,16.799135,60.1,19.014286,100,1747890000,17.485714
2025-05-22T05:02:26Z,0,29.93,71.9,63,63.5,1,1,214,87,0.0,255,32767,0.11,2090-9-18,0.0,0.52,26.6,0.0,0.0,0.0,0,4.828125,6,45,05:40,20:21,2025-05-22 05:02:26.597788,Città della Scienza,83.5,14.653843,7.9475436,15.066315,10.65535,EU EEA Common AQI,65.9,13.319188,5.961621,7200,14.328571,100,100,61.8,13.988571,Very Low,65.2,13.121811,100,1747890000,Very Low,12.053052,14.928113,Very Low,16.799135,60.1,19.014286,100,1747890000,17.485714
2025-05-22T05:02:37Z,0,29.93,71.9,63,63.5,2,1,202,87,0.0,255,32767,0.11,2090-9-18,0.0,0.52,26.6,0.0,0.0,0.0,0,4.822265625,6,45,05:40,20:21,2025-05-22 05:02:37.695782,Città della Scienza,83.5,14.653843,7.9475436,15.066315,10.65535,EU EEA Common AQI,65.9,13.319188,5.961621,7200,14.328571,100,100,61.8,13.988571,Very Low,65.2,13.121811,100,1747890000,Very Low,12.053052,14.928113,Very Low,16.799135,60.1,19.014286,100,1747890000,17.485714
2025-05-22T05:02:48Z,0,29.93,71.9,63,63.5,2,1,183,87,0.0,255,32767,0.11,2090-9-18,0.0,0.52,26.6,0.0,0.0,0.0,0,4.822265625,6,45,05:40,20:21,2025-05-22 05:02:48.769790,Città della Scienza,83.5,14.653843,7.9475436,15.066315,10.65535,EU EEA Common AQI,65.9,13.319188,5.961621,7200,14.328571,100,100,61.8,13.988571,Very Low,65.2,13.121811,100,1747890000,Very Low,12.053052,14.928113,Very Low,16.799135,60.1,19.014286,100,1747890000,17.485714
2025-05-22T05:03:00Z,0,29.93,71.9,63,63.5,3,1,226,87,0.0,255,32767,0.11,2090-9-18,0.0,0.52,26.6,0.0,0.0,0.0,0,4.822265625,6,45,05:40,20:21,2025-05-22 05:02:59.885791,Città della Scienza,83.5,14.653843,7.9475436,15.066315,10.65535,EU EEA Common AQI,65.9,13.319188,5.961621,7200,14.328571,100,100,61.8,13.988571,Very Low,65.2,13.121811,100,1747890000,Very Low,12.053052,14.928113,Very Low,16.799135,60.1,19.014286,100,1747890000,17.485714
2025-05-22T05:03:11Z,0,29.93,71.9,63,63.5,2,1,226,87,0.0,255,32767,0.11,2090-9-18,0.0,0.52,26.6,0.0,0.0,0.0,0,4.822265625,6,45,05:40,20:21,2025-05-22 05:03:10.998781,Città della Scienza,83.5,14.653843,7.9475436,15.066315,10.65535,EU EEA Common AQI,65.9,13.319188,5.961621,7200,14.328571,100,100,61.8,13.988571,Very Low,65.2,13.121811,100,1747890000,Very Low,12.053052,14.928113,Very Low,16.799135,60.1,19.014286,100,1747890000,17.485714
2025-05-22T05:03:22Z,0,29.93,71.9,63,63.5,1,1,226,87,0.0,255,32767,0.11,2090-9-18,0.0,0.52,26.6,0.0,0.0,0.0,0,4.822265625,6,45,05:40,20:21,2025-05-22 05:03:22.094795,Città della Scienza,83.5,14.653843,7.9475436,15.066315,10.65535,EU EEA Common AQI,65.9,13.319188,5.961621,7200,14.328571,100,100,61.8,13.988571,Very Low,65.2,13.121811,100,1747890000,Very Low,12.053052,14.928113,Very Low,16.799135,60.1,19.014286,100,1747890000,17.485714
2025-05-22T05:03:33Z,0,29.93,71.9,63,63.6,1,1,226,87,0.0,255,32767,0.11,2090-9-18,0.0,0.52,26.6,0.0,0.0,0.0,0,4.822265625,6,45,05:40,20:21,2025-05-22 05:03:33.261793,Città della Scienza,83.5,14.653843,7.9475436,15.066315,10.65535,EU EEA Common AQI,65.9,13.319188,5.961621,7200,14.328571,100,100,61.8,13.988571,Very Low,65.2,13.121811,100,1747890000,Very Low,12.053052,14.928113,Very Low,16.799135,60.1,19.014286,100,1747890000,17.485714
2025-05-22T05:03:44Z,0,29.93,71.9,63,63.6,2,1,251,87,0.0,255,32767,0.11,2090-9-18,0.0,0.52,26.6,0.0,0.0,0.0,0,4.822265625,6,45,05:40,20:21,2025-05-22 05:03:44.361786,Città della Scienza,83.5,14.653843,7.9475436,15.066315,10.65535,EU EEA Common AQI,65.9,13.319188,5.961621,7200,14.328571,100,100,61.8,13.988571,Very Low,65.2,13.121811,100,1747890000,Very Low,12.053052,14.928113,Very Low,16.799135,60.1,19.014286,100,1747890000,17.485714
2025-05-22T05:03:55Z,0,29.93,71.9,63,63.6,1,1,251,87,0.0,255,32767,0.11,2090-9-18,0.0,0.52,26.6,0.0,0.0,0.0,0,4.822265625,6,45,05:40,20:21,2025-05-22 05:03:55.488787,Città della Scienza,83.5,14.653843,7.9475436,15.066315,10.65535,EU EEA Common AQI,65.9,13.319188,5.961621,7200,14.328571,100,100,61.8,13.988571,Very Low,65.2,13.121811,100,1747890000,Very Low,12.053052,14.928113,Very Low,16.799135,60.1,19.014286,100,1747890000,17.485714
2025-05-22T05:04:06Z,0,29.93,71.9,63,63.6,1,1,251,87,0.0,255,32767,0.11,2090-9-18,0.0,0.52,26.6,0.0,0.0,0.0,0,4.822265625,6,45,05:40,20:21,2025-05-22 05:04:06.643791,Città della Scienza,83.5,14.653843,7.9475436,15.066315,10.65535,EU EEA Common AQI,65.9,13.319188,5.961621,7200,14.328571,100,100,61.8,13.988571,Very Low,65.2,13.121811,100,1747890000,Very Low,12.053052,14.928113,Very Low,16.799135,60.1,19.014286,100,1747890000,17.485714
2025-05-22T05:04:17Z,0,29.93,71.9,63,63.6,1,1,226,87,0.0,255,32767,0.11,2090-9-18,0.0,0.52,26.6,0.0,0.0,0.0,0,4.822265625,6,45,05:40,20:21,2025-05-22 05:04:17.780866,Città della Scienza,83.5,14.653843,7.9475436,15.066315,10.65535,EU EEA Common AQI,65.9,13.319188,5.961621,7200,14.328571,100,100,61.8,13.988571,Very Low,65.2,13.121811,100,1747890000,Very Low,12.053052,14.928113,Very Low,16.799135,60.1,19.014286,100,1747890000,17.485714
2025-05-22T05:04:29Z,0,29.93,71.9,63,63.6,3,1,201,87,0.0,255,32767,0.11,2090-9-18,0.0,0.52,26.6,0.0,0.0,0.0,0,4.822265625,6,45,05:40,20:21,2025-05-22 05:04:28.893795,Città della Scienza,83.5,14.653843,7.9475436,15.066315,10.65535,EU EEA Common AQI,65.9,13.319188,5.961621,7200,14.328571,100,100,61.8,13.988571,Very Low,65.2,13.121811,100,1747890000,Very Low,12.053052,14.928113,Very Low,16.799135,60.1,19.014286,100,1747890000,17.485714
2025-05-22T05:04:40Z,0,29.93,72.0,63,63.7,2,2,173,87,0.0,255,32767,0.11,2090-9-18,0.0,0.52,26.6,0.0,0.0,0.0,0,4.822265625,6,45,05:40,20:21,2025-05-22 05:04:39.996789,Città della Scienza,83.5,14.653843,7.9475436,15.066315,10.65535,EU EEA Common AQI,65.9,13.319188,5.961621,7200,14.328571,100,100,61.8,13.988571,Very Low,65.2,13.121811,100,1747890000,Very Low,12.053052,14.928113,Very Low,16.799135,60.1,19.014286,100,1747890000,17.485714
2025-05-22T05:04:51Z,0,29.93,72.0,63,63.7,1,2,173,87,0.0,255,32767,0.11,2090-9-18,0.0,0.52,26.6,0.0,0.0,0.0,0,4.822265625,6,45,05:40,20:21,2025-05-22 05:04:51.066794,Città della Scienza,83.5,14.653843,7.9475436,15.066315,10.65535,EU EEA Common AQI,65.9,13.319188,5.961621,7200,14.328571,100,100,61.8,13.988571,Very Low,65.2,13.121811,100,1747890000,Very Low,12.053052,14.928113,Very Low,16.799135,60.1,19.014286,100,1747890000,17.485714
2025-05-22T05:05:02Z,0,29.93,72.0,63,63.7,1,2,171,87,0.0,255,32767,0.11,2090-9-18,0.0,0.52,26.6,0.0,0.0,0.0,0,4.822265625,6,45,05:40,20:21,2025-05-22 05:05:02.169789,Città della Scienza,83.5,14.653843,7.9475436,15.066315,10.65535,EU EEA Common AQI,65.9,13.319188,5.961621,7200,14.328571,100,100,61.8,13.988571,Very Low,65.2,13.121811,100,1747890000,Very Low,12.053052,14.928113,Very Low,16.799135,60.1,19.014286,100,1747890000,17.485714
2025-05-22T05:05:13Z,0,29.93,72.0,63,63.7,1,2,171,87,0.0,255,32767,0.11,2090-9-18,0.0,0.52,26.6,0.0,0.0,0.0,0,4.822265625,6,45,05:40,20:21,2025-05-22 05:05:13.356783,Città della Scienza,83.5,14.653843,7.9475436,15.066315,10.65535,EU EEA Common AQI,65.9,13.319188,5.961621,7200,14.328571,100,100,61.8,13.988571,Very Low,65.2,13.121811,100,1747890000,Very Low,12.053052,14.928113,Very Low,16.799135,60.1,19.014286,100,1747890000,17.485714
2025-05-22T05:05:24Z,0,29.93,72.0,63,63.8,2,2,171,87,0.0,255,32767,0.11,2090-9-18,0.0,0.52,26.6,0.0,0.0,0.0,0,4.822265625,6,45,05:40,20:21,2025-05-22 05:05:24.467784,Città della Scienza,83.5,14.653843,7.9475436,15.066315,10.65535,EU EEA Common AQI,65.9,13.319188,5.961621,7200,14.328571,100,100,61.8,13.988571,Very Low,65.2,13.121811,100,1747890000,Very Low,12.053052,14.928113,Very Low,16.799135,60.1,19.014286,100,1747890000,17.485714
2025-05-22T05:05:35Z,0,29.931,72.0,63,63.8,2,2,171,87,0.0,255,32767,0.11,2090-9-18,0.0,0.52,26.6,0.0,0.0,0.0,0,4.822265625,6,45,05:40,20:21,2025-05-22 05:05:35.585794,Città della Scienza,83.5,14.653843,7.9475436,15.066315,10.65535,EU EEA Common AQI,65.9,13.319188,5.961621,7200,14.328571,100,100,61.8,13.988571,Very Low,65.2,13.121811,100,1747890000,Very Low,12.053052,14.928113,Very Low,16.799135,60.1,19.014286,100,1747890000,17.485714
2025-05-22T05:05:46Z,0,29.931,72.0,63,63.8,1,2,171,87,0.0,255,32767,0.11,2090-9-18,0.0,0.52,26.6,0.0,0.0,0.0,0,4.822265625,6,45,05:40,20:21,2025-05-22 05:05:46.671791,Città della Scienza,83.5,14.653843,7.9475436,15.066315,10.65535,EU EEA Common AQI,65.9,13.319188,5.961621,7200,14.328571,100,100,61.8,13.988571,Very Low,65.2,13.121811,100,1747890000,Very Low,12.053052,14.928113,Very Low,16.799135,60.1,19.014286,100,1747890000,17.485714
2025-05-22T05:05:58Z,0,29.931,72.0,63,63.8,1,2,195,87,0.0,255,32767,0.11,2090-9-18,0.0,0.52,26.6,0.0,0.0,0.0,0,4.822265625,6,45,05:40,20:21,2025-05-22 05:05:57.801797,Città della Scienza,83.5,14.653843,7.9475436,15.066315,10.65535,EU EEA Common AQI,65.9,13.319188,5.961621,7200,14.328571,100,100,61.8,13.988571,Very Low,65.2,13.121811,100,1747890000,Very Low,12.053052,14.928113,Very Low,16.799135,60.1,19.014286,100,1747890000,17.485714
2025-05-22T05:06:09Z,0,29.931,72.0,63,63.8,1,2,171,87,0.0,255,32767,0.11,2090-9-18,0.0,0.52,26.6,0.0,0.0,0.0,0,4.822265625,6,45,05:40,20:21,2025-05-22 05:06:08.872792,Città della Scienza,83.5,14.653843,7.9475436,15.066315,10.65535,EU EEA Common AQI,65.9,13.319188,5.961621,7200,14.328571,100,100,61.8,13.988571,Very Low,65.2,13.121811,100,1747890000,Very Low,12.053052,14.928113,Very Low,16.799135,60.1,19.014286,100,1747890000,17.485714
2025-05-22T05:06:20Z,0,29.931,72.0,63,63.8,1,2,171,87,0.0,255,32767,0.11,2090-9-18,0.0,0.52,26.6,0.0,0.0,0.0,0,4.822265625,6,45,05:40,20:21,2025-05-22 05:06:19.992795,Città della Scienza,83.5,14.653843,7.9475436,15.066315,10.65535,EU EEA Common AQI,65.9,13.319188,5.961621,7200,14.328571,100,100,61.8,13.988571,Very Low,65.2,13.121811,100,1747890000,Very Low,12.053052,14.928113,Very Low,16.799135,60.1,19.014286,100,1747890000,17.485714
2025-05-22T05:06:31Z,0,29.931,72.0,63,63.8,1,2,171,87,0.0,255,32767,0.11,2090-9-18,0.0,0.52,26.6,0.0,0.0,0.0,0,4.822265625,6,45,05:40,20:21,2025-05-22 05:06:31.072787,Città della Scienza,83.5,14.653843,7.9475436,15.066315,10.65535,EU EEA Common AQI,65.9,13.319188,5.961621,7200,14.328571,100,100,61.8,13.988571,Very Low,65.2,13.121811,100,1747890000,Very Low,12.053052,14.928113,Very Low,16.799135,60.1,19.014286,100,1747890000,17.485714
2025-05-22T05:06:42Z,0,29.931,72.0,63,63.8,2,2,192,87,0.0,255,32767,0.11,2090-9-18,0.0,0.52,26.6,0.0,0.0,0.0,0,4.822265625,6,45,05:40,20:21,2025-05-22 05:06:42.191790,Città della Scienza,83.5,14.653843,7.9475436,15.066315,10.65535,EU EEA Common AQI,65.9,13.319188,5.961621,7200,14.328571,100,100,61.8,13.988571,Very Low,65.2,13.121811,100,1747890000,Very Low,12.053052,14.928113,Very Low,16.799135,60.1,19.014286,100,1747890000,17.485714
2025-05-22T05:06:53Z,0,29.931,72.0,63,63.8,4,2,189,87,0.0,255,32767,0.11,2090-9-18,0.0,0.52,26.6,0.0,0.0,0.0,0,4.822265625,6,45,05:40,20:21,2025-05-22 05:06:53.284799,Città della Scienza,83.5,14.653843,7.9475436,15.066315,10.65535,EU EEA Common AQI,65.9,13.319188,5.961621,7200,14.328571,100,100,61.8,13.988571,Very Low,65.2,13.121811,100,1747890000,Very Low,12.053052,14.928113,Very Low,16.799135,60.1,19.014286,100,1747890000,17.485714
2025-05-22T05:07:04Z,0,29.931,72.0,63,63.8,3,2,178,87,0.0,255,32767,0.11,2090-9-18,0.0,0.52,26.6,0.0,0.0,0.0,0,4.822265625,6,45,05:40,20:21,2025-05-22 05:07:04.363782,Città della Scienza,83.5,14.653843,7.9475436,15.066315,10.65535,EU EEA Common AQI,65.9,13.319188,5.961621,7200,14.328571,100,100,61.8,13.988571,Very Low,65.2,13.121811,100,1747890000,Very Low,12.053052,14.928113,Very Low,16.799135,60.1,19.014286,100,1747890000,17.485714
2025-05-22T05:07:15Z,0,29.931,72.0,63,63.8,4,2,177,87,0.0,255,32767,0.11,2090-9-18,0.0,0.52,26.6,0.0,0.0,0.0,0,4.822265625,6,45,05:40,20:21,2025-05-22 05:07:15.455785,Città della Scienza,83.5,14.653843,7.9475436,15.066315,10.65535,EU EEA Common AQI,65.9,13.319188,5.961621,7200,14.328571,100,100,61.8,13.988571,Very Low,65.2,13.121811,100,1747890000,Very Low,12.053052,14.928113,Very Low,16.799135,60.1,19.014286,100,1747890000,17.485714
2025-05-22T05:07:26Z,0,29.931,72.0,63,63.9,2,2,177,87,0.0,255,32767,0.11,2090-9-18,0.0,0.52,26.6,0.0,0.0,0.0,0,4.822265625,6,45,05:40,20:21,2025-05-22 05:07:26.574789,Città della Scienza,83.5,14.653843,7.9475436,15.066315,10.65535,EU EEA Common AQI,65.9,13.319188,5.961621,7200,14.328571,100,100,61.8,13.988571,Very Low,65.2,13.121811,100,1747890000,Very Low,12.053052,14.928113,Very Low,16.799135,60.1,19.014286,100,1747890000,17.485714
2025-05-22T05:07:37Z,0,29.929,72.1,63,63.9,2,2,183,87,0.0,255,32767,0.11,2090-9-18,0.0,0.52,26.6,0.0,0.0,0.0,0,4.822265625,6,45,05:40,20:21,2025-05-22 05:07:37.704798,Città della Scienza,83.5,14.653843,7.9475436,15.066315,10.65535,EU EEA Common AQI,65.9,13.319188,5.961621,7200,14.328571,100,100,61.8,13.988571,Very Low,65.2,13.121811,100,1747890000,Very Low,12.053052,14.928113,Very Low,16.799135,60.1,19.014286,100,1747890000,17.485714
2025-05-22T05:07:49Z,0,29.929,72.1,63,63.9,6,2,182,87,0.0,255,32767,0.11,2090-9-18,0.0,0.52,26.6,0.0,0.0,0.0,0,4.822265625,6,45,05:40,20:21,2025-05-22 05:07:48.821787,Città della Scienza,83.5,14.653843,7.9475436,15.066315,10.65535,EU EEA Common AQI,65.9,13.319188,5.961621,7200,14.328571,100,100,61.8,13.988571,Very Low,65.2,13.121811,100,1747890000,Very Low,12.053052,14.928113,Very Low,16.799135,60.1,19.014286,100,1747890000,17.485714
2025-05-22T05:08:00Z,0,29.929,72.1,63,63.9,6,2,194,87,0.0,255,32767,0.11,2090-9-18,0.0,0.52,26.6,0.0,0.0,0.0,0,4.822265625,6,45,05:40,20:21,2025-05-22 05:07:59.947786,Città della Scienza,83.5,14.653843,7.9475436,15.066315,10.65535,EU EEA Common AQI,65.9,13.319188,5.961621,7200,14.328571,100,100,61.8,13.988571,Very Low,65.2,13.121811,100,1747890000,Very Low,12.053052,14.928113,Very Low,16.799135,60.1,19.014286,100,1747890000,17.485714
2025-05-22T05:08:11Z,0,29.929,72.1,63,64.0,6,2,167,87,0.0,255,32767,0.11,2090-9-18,0.0,0.52,26.6,0.0,0.0,0.0,0,4.822265625,6,45,05:40,20:21,2025-05-22 05:08:11.030785,Città della Scienza,83.5,14.653843,7.9475436,15.066315,10.65535,EU EEA Common AQI,65.9,13.319188,5.961621,7200,14.328571,100,100,61.8,13.988571,Very Low,65.2,13.121811,100,1747890000,Very Low,12.053052,14.928113,Very Low,16.799135,60.1,19.014286,100,1747890000,17.485714
2025-05-22T05:08:22Z,0,29.929,72.1,63,64.0,2,2,180,87,0.0,255,32767,0.11,2090-9-18,0.0,0.52,26.6,0.0,0.0,0.0,0,4.822265625,6,45,05:40,20:21,2025-05-22 05:08:22.156797,Città della Scienza,83.5,14.653843,7.9475436,15.066315,10.65535,EU EEA Common AQI,65.9,13.319188,5.961621,7200,14.328571,100,100,61.8,13.988571,Very Low,65.2,13.121811,100,1747890000,Very Low,12.053052,14.928113,Very Low,16.799135,60.1,19.014286,100,1747890000,17.485714
2025-05-22T05:08:33Z,0,29.931,72.0,63,64.0,5,2,186,86,0.0,255,32767,0.11,2090-9-18,0.0,0.52,26.6,0.0,0.0,0.0,0,4.822265625,6,45,05:40,20:21,2025-05-22 05:08:33.269795,Città della Scienza,83.5,14.653843,7.9475436,15.066315,10.65535,EU EEA Common AQI,65.9,13.319188,5.961621,7200,14.328571,100,100,61.8,13.988571,Very Low,65.2,13.121811,100,1747890000,Very Low,12.053052,14.928113,Very Low,16.799135,60.1,19.014286,100,1747890000,17.485714
2025-05-22T05:08:44Z,0,29.931,72.0,63,64.0,5,2,194,86,0.0,255,32767,0.11,2090-9-18,0.0,0.52,26.6,0.0,0.0,0.0,0,4.822265625,6,45,05:40,20:21,2025-05-22 05:08:44.373369,Città della Scienza,83.5,14.653843,7.9475436,15.066315,10.65535,EU EEA Common AQI,65.9,13.319188,5.961621,7200,14.328571,100,100,61.8,13.988571,Very Low,65.2,13.121811,100,1747890000,Very Low,12.053052,14.928113,Very Low,16.799135,60.1,19.014286,100,1747890000,17.485714
2025-05-22T05:08:55Z,0,29.931,72.0,63,64.1,2,2,132,86,0.0,255,32767,0.11,2090-9-18,0.0,0.52,26.6,0.0,0.0,0.0,0,4.822265625,6,45,05:40,20:21,2025-05-22 05:08:55.448799,Città della Scienza,83.5,14.653843,7.9475436,15.066315,10.65535,EU EEA Common AQI,65.9,13.319188,5.961621,7200,14.328571,100,100,61.8,13.988571,Very Low,65.2,13.121811,100,1747890000,Very Low,12.053052,14.928113,Very Low,16.799135,60.1,19.014286,100,1747890000,17.485714
2025-05-22T05:09:06Z,0,29.931,72.0,63,64.1,1,2,212,86,0.0,255,32767,0.11,2090-9-18,0.0,0.52,26.6,0.0,0.0,0.0,0,4.822265625,6,45,05:40,20:21,2025-05-22 05:09:06.545786,Città della Scienza,83.5,14.653843,7.9475436,15.066315,10.65535,EU EEA Common AQI,65.9,13.319188,5.961621,7200,14.328571,100,100,61.8,13.988571,Very Low,65.2,13.121811,100,1747890000,Very Low,12.053052,14.928113,Very Low,16.799135,60.1,19.014286,100,1747890000,17.485714
2025-05-22T05:09:17Z,0,29.931,72.0,63,64.1,5,2,176,86,0.0,255,32767,0.11,2090-9-18,0.0,0.52,26.6,0.0,0.0,0.0,0,4.822265625,6,45,05:40,20:21,2025-05-22 05:09:17.639796,Città della Scienza,83.5,14.653843,7.9475436,15.066315,10.65535,EU EEA Common AQI,65.9,13.319188,5.961621,7200,14.328571,100,100,61.8,13.988571,Very Low,65.2,13.121811,100,1747890000,Very Low,12.053052,14.928113,Very Low,16.799135,60.1,19.014286,100,1747890000,17.485714
2025-05-22T05:09:28Z,0,29.931,72.0,63,64.1,5,2,192,86,0.0,255,32767,0.11,2090-9-18,0.0,0.52,26.6,0.0,0.0,0.0,0,4.822265625,6,45,05:40,20:21,2025-05-22 05:09:28.744788,Città della Scienza,83.5,14.653843,7.9475436,15.066315,10.65535,EU EEA Common AQI,65.9,13.319188,5.961621,7200,14.328571,100,100,61.8,13.988571,Very Low,65.2,13.121811,100,1747890000,Very Low,12.053052,14.928113,Very Low,16.799135,60.1,19.014286,100,1747890000,17.485714
2025-05-22T05:09:40Z,0,29.932,72.1,63,64.1,4,3,184,86,0.0,255,32767,0.11,2090-9-18,0.0,0.52,26.6,0.0,0.0,0.0,0,4.822265625,6,45,05:40,20:21,2025-05-22 05:09:39.898801,Città della Scienza,83.5,14.653843,7.9475436,15.066315,10.65535,EU EEA Common AQI,65.9,13.319188,5.961621,7200,14.328571,100,100,61.8,13.988571,Very Low,65.2,13.121811,100,1747890000,Very Low,12.053052,14.928113,Very Low,16.799135,60.1,19.014286,100,1747890000,17.485714
2025-05-22T05:09:51Z,0,29.932,72.1,63,64.1,4,3,192,86,0.0,255,32767,0.11,2090-9-18,0.0,0.52,26.6,0.0,0.0,0.0,0,4.822265625,6,45,05:40,20:21,2025-05-22 05:09:50.996790,Città della Scienza,83.5,14.653843,7.9475436,15.066315,10.65535,EU EEA Common AQI,65.9,13.319188,5.961621,7200,14.328571,100,100,61.8,13.988571,Very Low,65.2,13.121811,100,1747890000,Very Low,12.053052,14.928113,Very Low,16.799135,60.1,19.014286,100,1747890000,17.485714
2025-05-22T05:10:02Z,0,29.932,72.1,63,64.1,3,3,175,86,0.0,255,32767,0.11,2090-9-18,0.0,0.52,26.6,0.0,0.0,0.0,0,4.822265625,6,45,05:40,20:21,2025-05-22 05:10:02.103788,Città della Scienza,83.5,14.653843,7.9475436,15.066315,10.65535,EU EEA Common AQI,65.9,13.319188,5.961621,7200,14.328571,100,100,61.8,13.988571,Very Low,65.2,13.121811,100,1747890000,Very Low,12.053052,14.928113,Very Low,16.799135,60.1,19.014286,100,1747890000,17.485714
2025-05-22T05:10:13Z,0,29.932,72.1,63,64.1,3,3,196,86,0.0,255,32767,0.11,2090-9-18,0.0,0.52,26.6,0.0,0.0,0.0,0,4.822265625,6,45,05:40,20:21,2025-05-22 05:10:13.215804,Città della Scienza,83.5,14.653843,7.9475436,15.066315,10.65535,EU EEA Common AQI,65.9,13.319188,5.961621,7200,14.328571,100,100,61.8,13.988571,Very Low,65.2,13.121811,100,1747890000,Very Low,12.053052,14.928113,Very Low,16.799135,60.1,19.014286,100,1747890000,17.485714
2025-05-22T05:10:24Z,0,29.932,72.1,63,64.3,4,3,165,86,0.0,255,32767,0.11,2090-9-18,0.0,0.52,26.6,0.0,0.0,0.0,0,4.822265625,6,45,05:40,20:21,2025-05-22 05:10:24.297792,Città della Scienza,83.5,14.653843,7.9475436,15.066315,10.65535,EU EEA Common AQI,65.9,13.319188,5.961621,7200,14.328571,100,100,61.8,13.988571,Very Low,65.2,13.121811,100,1747890000,Very Low,12.053052,14.928113,Very Low,16.799135,60.1,19.014286,100,1747890000,17.485714
2025-05-22T05:10:35Z,0,29.929,72.1,63,64.2,2,3,188,86,0.0,255,32767,0.11,2090-9-18,0.0,0.52,26.6,0.0,0.0,0.0,0,4.822265625,6,45,05:40,20:21,2025-05-22 05:10:35.426786,Città della Scienza,83.5,14.653843,7.9475436,15.066315,10.65535,EU EEA Common AQI,65.9,13.319188,5.961621,7200,14.328571,100,100,61.8,13.988571,Very Low,65.2,13.121811,100,1747890000,Very Low,12.053052,14.928113,Very Low,16.799135,60.1,19.014286,100,1747890000,17.485714
2025-05-22T05:10:46Z,0,29.929,72.1,63,64.3,3,3,158,86,0.0,255,32767,0.11,2090-9-18,0.0,0.52,26.6,0.0,0.0,0.0,0,4.822265625,6,45,05:40,20:21,2025-05-22 05:10:46.548788,Città della Scienza,83.5,14.653843,7.9475436,15.066315,10.65535,EU EEA Common AQI,65.9,13.319188,5.961621,7200,14.328571,100,100,61.8,13.988571,Very Low,65.2,13.121811,100,1747890000,Very Low,12.053052,14.928113,Very Low,16.799135,60.1,19.014286,100,1747890000,17.485714
2025-05-22T05:10:57Z,0,29.929,72.1,63,64.3,1,3,156,86,0.0,255,32767,0.11,2090-9-18,0.0,0.52,26.6,0.0,0.0,0.0,0,4.822265625,6,45,05:40,20:21,2025-05-22 05:10:57.644758,Città della Scienza,83.5,14.653843,7.9475436,15.066315,10.65535,EU EEA Common AQI,65.9,13.319188,5.961621,7200,14.328571,100,100,61.8,13.988571,Very Low,65.2,13.121811,100,1747890000,Very Low,12.053052,14.928113,Very Low,16.799135,60.1,19.014286,100,1747890000,17.485714
2025-05-22T05:11:08Z,0,29.929,72.1,63,64.3,1,3,190,86,0.0,255,32767,0.11,2090-9-18,0.0,0.52,26.6,0.0,0.0,0.0,0,4.822265625,6,45,05:40,20:21,2025-05-22 05:11:08.723793,Città della Scienza,83.5,14.653843,7.9475436,15.066315,10.65535,EU EEA Common AQI,65.9,13.319188,5.961621,7200,14.328571,100,100,61.8,13.988571,Very Low,65.2,13.121811,100,1747890000,Very Low,12.053052,14.928113,Very Low,16.799135,60.1,19.014286,100,1747890000,17.485714
2025-05-22T05:11:20Z,0,29.929,72.1,63,64.3,3,3,251,86,0.0,255,32767,0.11,2090-9-18,0.0,0.52,26.6,0.0,0.0,0.0,0,4.822265625,6,45,05:40,20:21,2025-05-22 05:11:19.805784,Città della Scienza,83.5,14.653843,7.9475436,15.066315,10.65535,EU EEA Common AQI,65.9,13.319188,5.961621,7200,14.328571,100,100,61.8,13.988571,Very Low,65.2,13.121811,100,1747890000,Very Low,12.053052,14.928113,Very Low,16.799135,60.1,19.014286,100,1747890000,17.485714
2025-05-22T05:11:31Z,0,29.929,72.1,63,64.4,7,3,175,86,0.0,255,32767,0.11,2090-9-18,0.0,0.52,26.6,0.0,0.0,0.0,0,4.822265625,6,45,05:40,20:21,2025-05-22 05:11:30.908783,Città della Scienza,83.5,14.653843,7.9475436,15.066315,10.65535,EU EEA Common AQI,65.9,13.319188,5.961621,7200,14.328571,100,100,61.8,13.988571,Very Low,65.2,13.121811,100,1747890000,Very Low,12.053052,14.928113,Very Low,16.799135,60.1,19.014286,100,1747890000,17.485714
2025-05-22T05:11:42Z,0,29.931,72.1,63,64.4,6,3,188,86,0.0,255,32767,0.11,2090-9-18,0.0,0.52,26.6,0.0,0.0,0.0,0,4.822265625,6,45,05:40,20:21,2025-05-22 05:11:42.027802,Città della Scienza,83.5,14.653843,7.9475436,15.066315,10.65535,EU EEA Common AQI,65.9,13.319188,5.961621,7200,14.328571,100,100,61.8,13.988571,Very Low,65.2,13.121811,100,1747890000,Very Low,12.053052,14.928113,Very Low,16.799135,60.1,19.014286,100,1747890000,17.485714
2025-05-22T05:11:53Z,0,29.931,72.1,63,64.4,4,3,180,86,0.0,255,32767,0.11,2090-9-18,0.0,0.52,26.6,0.0,0.0,0.0,0,4.822265625,6,45,05:40,20:21,2025-05-22 05:11:53.178795,Città della Scienza,83.5,14.653843,7.9475436,15.066315,10.65535,EU EEA Common AQI,65.9,13.319188,5.961621,7200,14.328571,100,100,61.8,13.988571,Very Low,65.2,13.121811,100,1747890000,Very Low,12.053052,14.928113,Very Low,16.799135,60.1,19.014286,100,1747890000,17.485714
2025-05-22T05:12:04Z,0,29.931,72.1,63,64.4,3,3,139,86,0.0,255,32767,0.11,2090-9-18,0.0,0.52,26.6,0.0,0.0,0.0,0,4.822265625,6,45,05:40,20:21,2025-05-22 05:12:04.303784,Città della Scienza,83.5,14.653843,7.9475436,15.066315,10.65535,EU EEA Common AQI,65.9,13.319188,5.961621,7200,14.328571,100,100,61.8,13.988571,Very Low,65.2,13.121811,100,1747890000,Very Low,12.053052,14.928113,Very Low,16.799135,60.1,19.014286,100,1747890000,17.485714
2025-05-22T05:12:15Z,0,29.931,72.1,63,64.4,4,3,163,86,0.0,255,32767,0.11,2090-9-18,0.0,0.52,26.6,0.0,0.0,0.0,0,4.822265625,6,45,05:40,20:21,2025-05-22 05:12:15.396785,Città della Scienza,83.5,14.653843,7.9475436,15.066315,10.65535,EU EEA Common AQI,65.9,13.319188,5.961621,7200,14.328571,100,100,61.8,13.988571,Very Low,65.2,13.121811,100,1747890000,Very Low,12.053052,14.928113,Very Low,16.799135,60.1,19.014286,100,1747890000,17.485714
2025-05-22T05:12:26Z,0,29.931,72.1,63,64.5,7,3,198,86,0.0,255,32767,0.11,2090-9-18,0.0,0.52,26.6,0.0,0.0,0.0,0,4.822265625,6,45,05:40,20:21,2025-05-22 05:12:26.501776,Città della Scienza,83.5,14.653843,7.9475436,15.066315,10.65535,EU EEA Common AQI,65.9,13.319188,5.961621,7200,14.328571,100,100,61.8,13.988571,Very Low,65.2,13.121811,100,1747890000,Very Low,12.053052,14.928113,Very Low,16.799135,60.1,19.014286,100,1747890000,17.485714
2025-05-22T05:12:37Z,0,29.932,72.1,63,64.5,3,3,174,86,0.0,255,32767,0.11,2090-9-18,0.0,0.52,26.6,0.0,0.0,0.0,0,4.822265625,6,45,05:40,20:21,2025-05-22 05:12:37.573789,Città della Scienza,83.5,14.653843,7.9475436,15.066315,10.65535,EU EEA Common AQI,65.9,13.319188,5.961621,7200,14.328571,100,100,61.8,13.988571,Very Low,65.2,13.121811,100,1747890000,Very Low,12.053052,14.928113,Very Low,16.799135,60.1,19.014286,100,1747890000,17.485714
2025-05-22T05:12:48Z,0,29.932,72.1,63,64.5,2,3,235,85,0.0,255,32767,0.11,2090-9-18,0.0,0.52,26.6,0.0,0.0,0.0,0,4.822265625,6,45,05:40,20:21,2025-05-22 05:12:48.702791,Città della Scienza,83.5,14.653843,7.9475436,15.066315,10.65535,EU EEA Common AQI,65.9,13.319188,5.961621,7200,14.328571,100,100,61.8,13.988571,Very Low,65.2,13.121811,100,1747890000,Very Low,12.053052,14.928113,Very Low,16.799135,60.1,19.014286,100,1747890000,17.485714
2025-05-22T05:13:00Z,0,29.932,72.1,63,64.5,3,3,188,85,0.0,255,32767,0.11,2090-9-18,0.0,0.52,26.6,0.0,0.0,0.0,0,4.822265625,6,45,05:40,20:21,2025-05-22 05:12:59.800793,Città della Scienza,83.5,14.653843,7.9475436,15.066315,10.65535,EU EEA Common AQI,65.9,13.319188,5.961621,7200,14.328571,100,100,61.8,13.988571,Very Low,65.2,13.121811,100,1747890000,Very Low,12.053052,14.928113,Very Low,16.799135,60.1,19.014286,100,1747890000,17.485714
2025-05-22T05:13:11Z,0,29.932,72.1,63,64.5,3,3,178,85,0.0,255,32767,0.11,2090-9-18,0.0,0.52,26.6,0.0,0.0,0.0,0,4.822265625,6,45,05:40,20:21,2025-05-22 05:13:10.936785,Città della Scienza,83.5,14.653843,7.9475436,15.066315,10.65535,EU EEA Common AQI,65.9,13.319188,5.961621,7200,14.328571,100,100,61.8,13.988571,Very Low,65.2,13.121811,100,1747890000,Very Low,12.053052,14.928113,Very Low,16.799135,60.1,19.014286,100,1747890000,17.485714
2025-05-22T05:13:22Z,0,29.932,72.1,63,64.5,2,3,189,85,0.0,255,32767,0.11,2090-9-18,0.0,0.52,26.6,0.0,0.0,0.0,0,4.822265625,6,45,05:40,20:21,2025-05-22 05:13:22.026755,Città della Scienza,83.5,14.653843,7.9475436,15.066315,10.65535,EU EEA Common AQI,65.9,13.319188,5.961621,7200,14.328571,100,100,61.8,13.988571,Very Low,65.2,13.121811,100,1747890000,Very Low,12.053052,14.928113,Very Low,16.799135,60.1,19.014286,100,1747890000,17.485714
2025-05-22T05:13:33Z,0,29.931,72.2,63,64.5,2,3,224,85,0.0,255,32767,0.11,2090-9-18,0.0,0.52,26.6,0.0,0.0,0.0,0,4.822265625,6,45,05:40,20:21,2025-05-22 05:13:33.131786,Città della Scienza,83.5,14.653843,7.9475436,15.066315,10.65535,EU EEA Common AQI,65.9,13.319188,5.961621,7200,14.328571,100,100,61.8,13.988571,Very Low,65.2,13.121811,100,1747890000,Very Low,12.053052,14.928113,Very Low,16.799135,60.1,19.014286,100,1747890000,17.485714
2025-05-22T05:13:44Z,0,29.931,72.2,63,64.6,5,3,176,85,0.0,255,32767,0.11,2090-9-18,0.0,0.52,26.6,0.0,0.0,0.0,0,4.822265625,6,45,05:40,20:21,2025-05-22 05:13:44.237785,Città della Scienza,83.5,14.653843,7.9475436,15.066315,10.65535,EU EEA Common AQI,65.9,13.319188,5.961621,7200,14.328571,100,100,61.8,13.988571,Very Low,65.2,13.121811,100,1747890000,Very Low,12.053052,14.928113,Very Low,16.799135,60.1,19.014286,100,1747890000,17.485714
2025-05-22T05:13:55Z,0,29.931,72.2,63,64.6,5,3,195,85,0.0,255,32767,0.11,2090-9-18,0.0,0.52,26.6,0.0,0.0,0.0,0,4.822265625,6,45,05:40,20:21,2025-05-22 05:13:55.341782,Città della Scienza,83.5,14.653843,7.9475436,15.066315,10.65535,EU EEA Common AQI,65.9,13.319188,5.961621,7200,14.328571,100,100,61.8,13.988571,Very Low,65.2,13.121811,100,1747890000,Very Low,12.053052,14.928113,Very Low,16.799135,60.1,19.014286,100,1747890000,17.485714
2025-05-22T05:14:06Z,0,29.931,72.2,63,64.6,3,3,184,85,0.0,255,32767,0.11,2090-9-18,0.0,0.52,26.6,0.0,0.0,0.0,0,4.822265625,6,45,05:40,20:21,2025-05-22 05:14:06.438755,Città della Scienza,83.5,14.653843,7.9475436,15.066315,10.65535,EU EEA Common AQI,65.9,13.319188,5.961621,7200,14.328571,100,100,61.8,13.988571,Very Low,65.2,13.121811,100,1747890000,Very Low,12.053052,14.928113,Very Low,16.799135,60.1,19.014286,100,1747890000,17.485714
2025-05-22T05:14:17Z,0,29.931,72.2,63,64.6,3,3,176,85,0.0,255,32767,0.11,2090-9-18,0.0,0.52,26.6,0.0,0.0,0.0,0,4.822265625,6,45,05:40,20:21,2025-05-22 05:14:17.579787,Città della Scienza,83.5,14.653843,7.9475436,15.066315,10.65535,EU EEA Common AQI,65.9,13.319188,5.961621,7200,14.328571,100,100,61.8,13.988571,Very Low,65.2,13.121811,100,1747890000,Very Low,12.053052,14.928113,Very Low,16.799135,60.1,19.014286,100,1747890000,17.485714
2025-05-22T05:14:28Z,0,29.931,72.2,63,64.6,3,3,186,85,0.0,255,32767,0.11,2090-9-18,0.0,0.52,26.6,0.0,0.0,0.0,0,4.822265625,6,45,05:40,20:21,2025-05-22 05:14:28.712791,Città della Scienza,83.5,14.653843,7.9475436,15.066315,10.65535,EU EEA Common AQI,65.9,13.319188,5.961621,7200,14.328571,100,100,61.8,13.988571,Very Low,65.2,13.121811,100,1747890000,Very Low,12.053052,14.928113,Very Low,16.799135,60.1,19.014286,100,1747890000,17.485714
2025-05-22T05:14:40Z,0,29.93,72.2,63,64.6,5,3,184,85,0.0,255,32767,0.11,2090-9-18,0.0,0.52,26.6,0.0,0.0,0.0,0,4.822265625,6,45,05:40,20:21,2025-05-22 05:14:39.799784,Città della Scienza,83.5,14.653843,7.9475436,15.066315,10.65535,EU EEA Common AQI,65.9,13.319188,5.961621,7200,14.328571,100,100,61.8,13.988571,Very Low,65.2,13.121811,100,1747890000,Very Low,12.053052,14.928113,Very Low,16.799135,60.1,19.014286,100,1747890000,17.485714
2025-05-22T05:14:51Z,0,29.93,72.2,63,64.6,7,3,250,85,0.0,255,32767,0.11,2090-9-18,0.0,0.52,26.6,0.0,0.0,0.0,0,4.822265625,6,45,05:40,20:21,2025-05-22 05:14:50.900780,Città della Scienza,83.5,14.653843,7.9475436,15.066315,10.65535,EU EEA Common AQI,65.9,13.319188,5.961621,7200,14.328571,100,100,61.8,13.988571,Very Low,65.2,13.121811,100,1747890000,Very Low,12.053052,14.928113,Very Low,16.799135,60.1,19.014286,100,1747890000,17.485714
2025-05-22T05:15:02Z,0,29.93,72.2,63,64.7,4,3,175,85,0.0,255,32767,0.11,2090-9-18,0.0,0.52,26.6,0.0,0.0,0.0,0,4.822265625,6,45,05:40,20:21,2025-05-22 05:15:01.982787,Città della Scienza,83.5,14.653843,7.9475436,15.066315,10.65535,EU EEA Common AQI,65.9,13.319188,5.961621,7200,14.328571,100,100,61.8,13.988571,Very Low,65.2,13.121811,100,1747890000,Very Low,12.053052,14.928113,Very Low,16.799135,60.1,19.014286,100,1747890000,17.485714
2025-05-22T05:15:13Z,0,29.93,72.2,63,64.7,6,3,216,85,0.0,255,32767,0.11,2090-9-18,0.0,0.52,26.6,0.0,0.0,0.0,0,4.822265625,6,45,05:40,20:21,2025-05-22 05:15:13.116791,Città della Scienza,83.5,14.653843,7.9475436,15.066315,10.65535,EU EEA Common AQI,65.9,13.319188,5.961621,7200,14.328571,100,100,61.8,13.988571,Very Low,65.2,13.121811,100,1747890000,Very Low,12.053052,14.928113,Very Low,16.799135,60.1,19.014286,100,1747890000,17.485714
2025-05-22T05:15:24Z,0,29.93,72.2,63,64.8,5,3,207,85,0.0,255,32767,0.11,2090-9-18,0.0,0.52,26.6,0.0,0.0,0.0,0,4.822265625,6,45,05:40,20:21,2025-05-22 05:15:24.192788,Città della Scienza,82.9,14.123001,7.9652658,12.506123,9.843639,EU EEA Common AQI,66.4,12.304549,5.997514,7200,2.8550725,100,100,62.0,2.5275362,Very Low,65.6,12.605966,100,1747890900,Very Low,10.004898,13.895581,Very Low,14.191116,60.3,4.173913,100,1747890900,3.1594203
2025-05-22T05:15:35Z,0,29.931,72.2,63,64.7,2,3,196,85,0.0,255,32767,0.11,2090-9-18,0.0,0.52,26.6,0.0,0.0,0.0,0,4.822265625,6,45,05:40,20:21,2025-05-22 05:15:35.353780,Città della Scienza,82.9,14.123001,7.9652658,12.506123,9.843639,EU EEA Common AQI,66.4,12.304549,5.997514,7200,2.8550725,100,100,62.0,2.5275362,Very Low,65.6,12.605966,100,1747890900,Very Low,10.004898,13.895581,Very Low,14.191116,60.3,4.173913,100,1747890900,3.1594203
2025-05-22T05:15:46Z,0,29.931,72.2,63,64.7,2,3,193,85,0.0,255,32767,0.11,2090-9-18,0.0,0.52,26.6,0.0,0.0,0.0,0,4.822265625,6,45,05:40,20:21,2025-05-22 05:15:46.437804,Città della Scienza,82.9,14.123001,7.9652658,12.506123,9.843639,EU EEA Common AQI,66.4,12.304549,5.997514,7200,2.8550725,100,100,62.0,2.5275362,Very Low,65.6,12.605966,100,1747890900,Very Low,10.004898,13.895581,Very Low,14.191116,60.3,4.173913,100,1747890900,3.1594203
2025-05-22T05:15:57Z,0,29.931,72.2,63,64.8,1,3,265,85,0.0,255,32767,0.11,2090-9-18,0.0,0.52,26.6,0.0,0.0,0.0,0,4.822265625,6,45,05:40,20:21,2025-05-22 05:15:57.543808,Città della Scienza,82.9,14.123001,7.9652658,12.506123,9.843639,EU EEA Common AQI,66.4,12.304549,5.997514,7200,2.8550725,100,100,62.0,2.5275362,Very Low,65.6,12.605966,100,1747890900,Very Low,10.004898,13.895581,Very Low,14.191116,60.3,4.173913,100,1747890900,3.1594203
2025-05-22T05:16:08Z,0,29.931,72.2,63,64.8,3,3,207,85,0.0,255,32767,0.11,2090-9-18,0.0,0.52,26.6,0.0,0.0,0.0,0,4.822265625,6,45,05:40,20:21,2025-05-22 05:16:08.645800,Città della Scienza,82.9,14.123001,7.9652658,12.506123,9.843639,EU EEA Common AQI,66.4,12.304549,5.997514,7200,2.8550725,100,100,62.0,2.5275362,Very Low,65.6,12.605966,100,1747890900,Very Low,10.004898,13.895581,Very Low,14.191116,60.3,4.173913,100,1747890900,3.1594203
2025-05-22T05:16:19Z,0,29.931,72.2,63,64.9,1,3,233,85,0.0,255,32767,0.11,2090-9-18,0.0,0.52,26.6,0.0,0.0,0.0,0,4.822265625,6,45,05:40,20:21,2025-05-22 05:16:19.769785,Città della Scienza,82.9,14.123001,7.9652658,12.506123,9.843639,EU EEA Common AQI,66.4,12.304549,5.997514,7200,2.8550725,100,100,62.0,2.5275362,Very Low,65.6,12.605966,100,1747890900,Very Low,10.004898,13.895581,Very Low,14.191116,60.3,4.173913,100,1747890900,3.1594203
2025-05-22T05:16:31Z,0,29.931,72.2,63,64.8,2,3,180,85,0.0,255,32767,0.11,2090-9-18,0.0,0.52,26.6,0.0,0.0,0.0,0,4.822265625,6,45,05:40,20:21,2025-05-22 05:16:30.911749,Città della Scienza,82.9,14.123001,7.9652658,12.506123,9.843639,EU EEA Common AQI,66.4,12.304549,5.997514,7200,2.8550725,100,100,62.0,2.5275362,Very Low,65.6,12.605966,100,1747890900,Very Low,10.004898,13.895581,Very Low,14.191116,60.3,4.173913,100,1747890900,3.1594203
2025-05-22T05:16:42Z,0,29.931,72.2,63,64.9,3,4,187,85,0.0,255,32767,0.11,2090-9-18,0.0,0.52,26.6,0.0,0.0,0.0,0,4.822265625,6,45,05:40,20:21,2025-05-22 05:16:41.983785,Città della Scienza,82.9,14.123001,7.9652658,12.506123,9.843639,EU EEA Common AQI,66.4,12.304549,5.997514,7200,2.8550725,100,100,62.0,2.5275362,Very Low,65.6,12.605966,100,1747890900,Very Low,10.004898,13.895581,Very Low,14.191116,60.3,4.173913,100,1747890900,3.1594203
2025-05-22T05:16:53Z,0,29.931,72.2,63,64.9,3,4,225,85,0.0,255,32767,0.11,2090-9-18,0.0,0.52,26.6,0.0,0.0,0.0,0,4.822265625,6,45,05:40,20:21,2025-05-22 05:16:53.078754,Città della Scienza,82.9,14.123001,7.9652658,12.506123,9.843639,EU EEA Common AQI,66.4,12.304549,5.997514,7200,2.8550725,100,100,62.0,2.5275362,Very Low,65.6,12.605966,100,1747890900,Very Low,10.004898,13.895581,Very Low,14.191116,60.3,4.173913,100,1747890900,3.1594203
2025-05-22T05:17:04Z,0,29.931,72.2,63,64.9,2,4,252,85,0.0,255,32767,0.11,2090-9-18,0.0,0.52,26.6,0.0,0.0,0.0,0,4.822265625,6,45,05:40,20:21,2025-05-22 05:17:04.181788,Città della Scienza,82.9,14.123001,7.9652658,12.506123,9.843639,EU EEA Common AQI,66.4,12.304549,5.997514,7200,2.8550725,100,100,62.0,2.5275362,Very Low,65.6,12.605966,100,1747890900,Very Low,10.004898,13.895581,Very Low,14.191116,60.3,4.173913,100,1747890900,3.1594203
2025-05-22T05:17:15Z,0,29.931,72.2,63,64.9,4,4,181,85,0.0,255,32767,0.11,2090-9-18,0.0,0.52,26.6,0.0,0.0,0.0,0,4.822265625,6,45,05:40,20:21,2025-05-22 05:17:15.263791,Città della Scienza,82.9,14.123001,7.9652658,12.506123,9.843639,EU EEA Common AQI,66.4,12.304549,5.997514,7200,2.8550725,100,100,62.0,2.5275362,Very Low,65.6,12.605966,100,1747890900,Very Low,10.004898,13.895581,Very Low,14.191116,60.3,4.173913,100,1747890900,3.1594203
2025-05-22T05:17:26Z,0,29.931,72.2,63,64.9,5,4,188,85,0.0,255,32767,0.11,2090-9-18,0.0,0.52,26.6,0.0,0.0,0.0,0,4.822265625,6,45,05:40,20:21,2025-05-22 05:17:26.363790,Città della Scienza,82.9,14.123001,7.9652658,12.506123,9.843639,EU EEA Common AQI,66.4,12.304549,5.997514,7200,2.8550725,100,100,62.0,2.5275362,Very Low,65.6,12.605966,100,1747890900,Very Low,10.004898,13.895581,Very Low,14.191116,60.3,4.173913,100,1747890900,3.1594203
2025-05-22T05:17:37Z,0,29.93,72.2,63,64.9,3,4,179,85,0.0,255,32767,0.11,2090-9-18,0.0,0.52,26.6,0.0,0.0,0.0,0,4.822265625,6,45,05:40,20:21,2025-05-22 05:17:37.456784,Città della Scienza,82.9,14.123001,7.9652658,12.506123,9.843639,EU EEA Common AQI,66.4,12.304549,5.997514,7200,2.8550725,100,100,62.0,2.5275362,Very Low,65.6,12.605966,100,1747890900,Very Low,10.004898,13.895581,Very Low,14.191116,60.3,4.173913,100,1747890900,3.1594203
2025-05-22T05:17:48Z,0,29.93,72.2,63,65.0,3,4,189,85,0.0,255,32767,0.11,2090-9-18,0.0,0.52,26.6,0.0,0.0,0.0,0,4.822265625,6,45,05:40,20:21,2025-05-22 05:17:48.576786,Città della Scienza,82.9,14.123001,7.9652658,12.506123,9.843639,EU EEA Common AQI,66.4,12.304549,5.997514,7200,2.8550725,100,100,62.0,2.5275362,Very Low,65.6,12.605966,100,1747890900,Very Low,10.004898,13.895581,Very Low,14.191116,60.3,4.173913,100,1747890900,3.1594203
2025-05-22T05:17:59Z,0,29.93,72.2,63,65.0,1,4,186,85,0.0,255,32767,0.11,2090-9-18,0.0,0.52,26.6,0.0,0.0,0.0,0,4.822265625,6,45,05:40,20:21,2025-05-22 05:17:59.659784,Città della Scienza,82.9,14.123001,7.9652658,12.506123,9.843639,EU EEA Common AQI,66.4,12.304549,5.997514,7200,2.8550725,100,100,62.0,2.5275362,Very Low,65.6,12.605966,100,1747890900,Very Low,10.004898,13.895581,Very Low,14.191116,60.3,4.173913,100,1747890900,3.1594203
2025-05-22T05:18:10Z,0,29.93,72.2,63,65.0,2,4,222,84,0.0,255,32767,0.11,2090-9-18,0.0,0.52,26.6,0.0,0.0,0.0,0,4.822265625,6,45,05:40,20:21,2025-05-22 05:18:10.737799,Città della Scienza,82.9,14.123001,7.9652658,12.506123,9.843639,EU EEA Common AQI,66.4,12.304549,5.997514,7200,2.8550725,100,100,62.0,2.5275362,Very Low,65.6,12.605966,100,1747890900,Very Low,10.004898,13.895581,Very Low,14.191116,60.3,4.173913,100,1747890900,3.1594203
2025-05-22T05:18:22Z,0,29.93,72.2,63,65.1,2,4,221,84,0.0,255,32767,0.11,2090-9-18,0.0,0.52,26.6,0.0,0.0,0.0,0,4.822265625,6,45,05:40,20:21,2025-05-22 05:18:21.823781,Città della Scienza,82.9,14.123001,7.9652658,12.506123,9.843639,EU EEA Common AQI,66.4,12.304549,5.997514,7200,2.8550725,100,100,62.0,2.5275362,Very Low,65.6,12.605966,100,1747890900,Very Low,10.004898,13.895581,Very Low,14.191116,60.3,4.173913,100,1747890900,3.1594203
2025-05-22T05:18:33Z,0,29.931,72.3,63,65.1,1,3,193,84,0.0,255,32767,0.11,2090-9-18,0.0,0.52,26.6,0.0,0.0,0.0,0,4.822265625,6,45,05:40,20:21,2025-05-22 05:18:33.046780,Città della Scienza,82.9,14.123001,7.9652658,12.506123,9.843639,EU EEA Common AQI,66.4,12.304549,5.997514,7200,2.8550725,100,100,62.0,2.5275362,Very Low,65.6,12.605966,100,1747890900,Very Low,10.004898,13.895581,Very Low,14.191116,60.3,4.173913,100,1747890900,3.1594203
2025-05-22T05:18:44Z,0,29.931,72.3,63,65.1,4,3,187,84,0.0,255,32767,0.11,2090-9-18,0.0,0.52,26.6,0.0,0.0,0.0,0,4.822265625,6,45,05:40,20:21,2025-05-22 05:18:44.140787,Città della Scienza,82.9,14.123001,7.9652658,12.506123,9.843639,EU EEA Common AQI,66.4,12.304549,5.997514,7200,2.8550725,100,100,62.0,2.5275362,Very Low,65.6,12.605966,100,1747890900,Very Low,10.004898,13.895581,Very Low,14.191116,60.3,4.173913,100,1747890900,3.1594203
2025-05-22T05:18:55Z,0,29.931,72.3,63,65.0,4,3,186,84,0.0,255,32767,0.11,2090-9-18,0.0,0.52,26.6,0.0,0.0,0.0,0,4.822265625,6,45,05:40,20:21,2025-05-22 05:18:55.247786,Città della Scienza,82.9,14.123001,7.9652658,12.506123,9.843639,EU EEA Common AQI,66.4,12.304549,5.997514,7200,2.8550725,100,100,62.0,2.5275362,Very Low,65.6,12.605966,100,1747890900,Very Low,10.004898,13.895581,Very Low,14.191116,60.3,4.173913,100,1747890900,3.1594203
2025-05-22T05:19:06Z,0,29.931,72.3,63,65.1,4,3,175,84,0.0,255,32767,0.11,2090-9-18,0.0,0.52,26.6,0.0,0.0,0.0,0,4.822265625,6,45,05:40,20:21,2025-05-22 05:19:06.348790,Città della Scienza,82.9,14.123001,7.9652658,12.506123,9.843639,EU EEA Common AQI,66.4,12.304549,5.997514,7200,2.8550725,100,100,62.0,2.5275362,Very Low,65.6,12.605966,100,1747890900,Very Low,10.004898,13.895581,Very Low,14.191116,60.3,4.173913,100,1747890900,3.1594203
2025-05-22T05:19:17Z,0,29.931,72.3,63,65.1,6,3,189,84,0.0,255,32767,0.11,2090-9-18,0.0,0.52,26.6,0.0,0.0,0.0,0,4.822265625,6,45,05:40,20:21,2025-05-22 05:19:17.452785,Città della Scienza,82.9,14.123001,7.9652658,12.506123,9.843639,EU EEA Common AQI,66.4,12.304549,5.997514,7200,2.8550725,100,100,62.0,2.5275362,Very Low,65.6,12.605966,100,1747890900,Very Low,10.004898,13.895581,Very Low,14.191116,60.3,4.173913,100,1747890900,3.1594203
2025-05-22T05:19:28Z,0,29.931,72.3,63,65.1,4,3,190,84,0.0,255,32767,0.11,2090-9-18,0.0,0.52,26.6,0.0,0.0,0.0,0,4.822265625,6,45,05:40,20:21,2025-05-22 05:19:28.532784,Città della Scienza,82.9,14.123001,7.9652658,12.506123,9.843639,EU EEA Common AQI,66.4,12.304549,5.997514,7200,2.8550725,100,100,62.0,2.5275362,Very Low,65.6,12.605966,100,1747890900,Very Low,10.004898,13.895581,Very Low,14.191116,60.3,4.173913,100,1747890900,3.1594203
2025-05-22T05:19:39Z,0,29.931,72.2,63,65.1,3,3,208,84,0.0,255,32767,0.11,2090-9-18,0.0,0.52,26.6,0.0,0.0,0.0,0,4.822265625,6,45,05:40,20:21,2025-05-22 05:19:39.629801,Città della Scienza,82.9,14.123001,7.9652658,12.506123,9.843639,EU EEA Common AQI,66.4,12.304549,5.997514,7200,2.8550725,100,100,62.0,2.5275362,Very Low,65.6,12.605966,100,1747890900,Very Low,10.004898,13.895581,Very Low,14.191116,60.3,4.173913,100,1747890900,3.1594203
2025-05-22T05:19:50Z,0,29.931,72.2,63,65.1,4,3,200,84,0.0,255,32767,0.11,2090-9-18,0.0,0.52,26.6,0.0,0.0,0.0,0,4.822265625,6,45,05:40,20:21,2025-05-22 05:19:50.765787,Città della Scienza,82.9,14.123001,7.9652658,12.506123,9.843639,EU EEA Common AQI,66.4,12.304549,5.997514,7200,2.8550725,100,100,62.0,2.5275362,Very Low,65.6,12.605966,100,1747890900,Very Low,10.004898,13.895581,Very Low,14.191116,60.3,4.173913,100,1747890900,3.1594203
2025-05-22T05:20:02Z,0,29.931,72.2,63,65.1,5,3,193,84,0.0,255,32767,0.11,2090-9-18,0.0,0.52,26.6,0.0,0.0,0.0,0,4.822265625,6,45,05:40,20:21,2025-05-22 05:20:01.869786,Città della Scienza,82.9,14.123001,7.9652658,12.506123,9.843639,EU EEA Common AQI,66.4,12.304549,5.997514,7200,2.8550725,100,100,62.0,2.5275362,Very Low,65.6,12.605966,100,1747890900,Very Low,10.004898,13.895581,Very Low,14.191116,60.3,4.173913,100,1747890900,3.1594203
2025-05-22T05:20:13Z,0,29.931,72.2,63,65.2,3,3,188,84,0.0,255,32767,0.11,2090-9-18,0.0,0.52,26.6,0.0,0.0,0.0,0,4.822265625,6,45,05:40,20:21,2025-05-22 05:20:12.983793,Città della Scienza,82.9,14.123001,7.9652658,12.506123,9.843639,EU EEA Common AQI,66.4,12.304549,5.997514,7200,2.8550725,100,100,62.0,2.5275362,Very Low,65.6,12.605966,100,1747890900,Very Low,10.004898,13.895581,Very Low,14.191116,60.3,4.173913,100,1747890900,3.1594203
2025-05-22T05:20:24Z,0,29.931,72.2,63,65.2,4,3,177,84,0.0,255,32767,0.11,2090-9-18,0.0,0.52,26.6,0.0,0.0,0.0,0,4.822265625,6,45,05:40,20:21,2025-05-22 05:20:24.107214,Città della Scienza,82.9,14.123001,7.9652658,12.506123,9.843639,EU EEA Common AQI,66.4,12.304549,5.997514,7200,2.8550725,100,100,62.0,2.5275362,Very Low,65.6,12.605966,100,1747890900,Very Low,10.004898,13.895581,Very Low,14.191116,60.3,4.173913,100,1747890900,3.1594203
2025-05-22T05:20:35Z,0,29.932,72.3,63,65.2,4,3,194,84,0.0,255,32767,0.11,2090-9-18,0.0,0.52,26.6,0.0,0.0,0.0,0,4.822265625,6,45,05:40,20:21,2025-05-22 05:20:35.222786,Città della Scienza,82.9,14.123001,7.9652658,12.506123,9.843639,EU EEA Common AQI,66.4,12.304549,5.997514,7200,2.8550725,100,100,62.0,2.5275362,Very Low,65.6,12.605966,100,1747890900,Very Low,10.004898,13.895581,Very Low,14.191116,60.3,4.173913,100,1747890900,3.1594203
2025-05-22T05:20:46Z,0,29.932,72.3,63,65.2,3,3,185,84,0.0,255,32767,0.11,2090-9-18,0.0,0.52,26.6,0.0,0.0,0.0,0,4.822265625,6,45,05:40,20:21,2025-05-22 05:20:46.340788,Città della Scienza,82.9,14.123001,7.9652658,12.506123,9.843639,EU EEA Common AQI,66.4,12.304549,5.997514,7200,2.8550725,100,100,62.0,2.5275362,Very Low,65.6,12.605966,100,1747890900,Very Low,10.004898,13.895581,Very Low,14.191116,60.3,4.173913,100,1747890900,3.1594203
2025-05-22T05:20:57Z,0,29.932,72.3,63,65.2,4,3,175,84,0.0,255,32767,0.11,2090-9-18,0.0,0.52,26.6,0.0,0.0,0.0,0,4.822265625,6,45,05:40,20:21,2025-05-22 05:20:57.416784,Città della Scienza,82.9,14.123001,7.9652658,12.506123,9.843639,EU EEA Common AQI,66.4,12.304549,5.997514,7200,2.8550725,100,100,62.0,2.5275362,Very Low,65.6,12.605966,100,1747890900,Very Low,10.004898,13.895581,Very Low,14.191116,60.3,4.173913,100,1747890900,3.1594203
2025-05-22T05:21:08Z,0,29.932,72.3,63,65.2,4,3,198,84,0.0,255,32767,0.11,2090-9-18,0.0,0.52,26.6,0.0,0.0,0.0,0,4.822265625,6,45,05:40,20:21,2025-05-22 05:21:08.496795,Città della Scienza,82.9,14.123001,7.9652658,12.506123,9.843639,EU EEA Common AQI,66.4,12.304549,5.997514,7200,2.8550725,100,100,62.0,2.5275362,Very Low,65.6,12.605966,100,1747890900,Very Low,10.004898,13.895581,Very Low,14.191116,60.3,4.173913,100,1747890900,3.1594203
2025-05-22T05:21:19Z,0,29.932,72.3,63,65.2,4,3,182,84,0.0,255,32767,0.11,2090-9-18,0.0,0.52,26.6,0.0,0.0,0.0,0,4.822265625,6,45,05:40,20:21,2025-05-22 05:21:19.632812,Città della Scienza,82.9,14.123001,7.9652658,12.506123,9.843639,EU EEA Common AQI,66.4,12.304549,5.997514,7200,2.8550725,100,100,62.0,2.5275362,Very Low,65.6,12.605966,100,1747890900,Very Low,10.004898,13.895581,Very Low,14.191116,60.3,4.173913,100,1747890900,3.1594203
2025-05-22T05:21:30Z,0,29.932,72.3,63,65.2,2,3,184,84,0.0,255,32767,0.11,2090-9-18,0.0,0.52,26.6,0.0,0.0,0.0,0,4.822265625,6,45,05:40,20:21,2025-05-22 05:21:30.755796,Città della Scienza,82.9,14.123001,7.9652658,12.506123,9.843639,EU EEA Common AQI,66.4,12.304549,5.997514,7200,2.8550725,100,100,62.0,2.5275362,Very Low,65.6,12.605966,100,1747890900,Very Low,10.004898,13.895581,Very Low,14.191116,60.3,4.173913,100,1747890900,3.1594203
2025-05-22T05:21:42Z,0,29.93,72.3,63,65.2,3,3,173,84,0.0,255,32767,0.11,2090-9-18,0.0,0.52,26.6,0.0,0.0,0.0,0,4.822265625,6,45,05:40,20:21,2025-05-22 05:21:41.861790,Città della Scienza,82.9,14.123001,7.9652658,12.506123,9.843639,EU EEA Common AQI,66.4,12.304549,5.997514,7200,2.8550725,100,100,62.0,2.5275362,Very Low,65.6,12.605966,100,1747890900,Very Low,10.004898,13.895581,Very Low,14.191116,60.3,4.173913,100,1747890900,3.1594203
2025-05-22T05:21:53Z,0,29.93,72.3,63,65.2,4,3,185,84,0.0,255,32767,0.11,2090-9-18,0.0,0.52,26.6,0.0,0.0,0.0,0,4.822265625,6,45,05:40,20:21,2025-05-22 05:21:52.960803,Città della Scienza,82.9,14.123001,7.9652658,12.506123,9.843639,EU EEA Common AQI,66.4,12.304549,5.997514,7200,2.8550725,100,100,62.0,2.5275362,Very Low,65.6,12.605966,100,1747890900,Very Low,10.004898,13.895581,Very Low,14.191116,60.3,4.173913,100,1747890900,3.1594203
2025-05-22T05:22:04Z,0,29.93,72.3,63,65.2,3,3,186,84,0.0,255,32767,0.11,2090-9-18,0.0,0.52,26.6,0.0,0.0,0.0,0,4.822265625,6,45,05:40,20:21,2025-05-22 05:22:04.069785,Città della Scienza,82.9,14.123001,7.9652658,12.506123,9.843639,EU EEA Common AQI,66.4,12.304549,5.997514,7200,2.8550725,100,100,62.0,2.5275362,Very Low,65.6,12.605966,100,1747890900,Very Low,10.004898,13.895581,Very Low,14.191116,60.3,4.173913,100,1747890900,3.1594203
2025-05-22T05:22:15Z,0,29.93,72.3,63,65.2,6,3,166,84,0.0,255,32767,0.11,2090-9-18,0.0,0.52,26.6,0.0,0.0,0.0,0,4.822265625,6,45,05:40,20:21,2025-05-22 05:22:15.150794,Città della Scienza,82.9,14.123001,7.9652658,12.506123,9.843639,EU EEA Common AQI,66.4,12.304549,5.997514,7200,2.8550725,100,100,62.0,2.5275362,Very Low,65.6,12.605966,100,1747890900,Very Low,10.004898,13.895581,Very Low,14.191116,60.3,4.173913,100,1747890900,3.1594203
2025-05-22T05:22:26Z,0,29.93,72.3,63,65.3,4,3,167,83,0.0,255,32767,0.11,2090-9-18,0.0,0.52,26.6,0.0,0.0,0.0,0,4.822265625,6,45,05:40,20:21,2025-05-22 05:22:26.245797,Città della Scienza,82.9,14.123001,7.9652658,12.506123,9.843639,EU EEA Common AQI,66.4,12.304549,5.997514,7200,2.8550725,100,100,62.0,2.5275362,Very Low,65.6,12.605966,100,1747890900,Very Low,10.004898,13.895581,Very Low,14.191116,60.3,4.173913,100,1747890900,3.1594203
2025-05-22T05:22:37Z,0,29.932,72.3,63,65.3,2,3,165,83,0.0,255,32767,0.11,2090-9-18,0.0,0.52,26.6,0.0,0.0,0.0,0,4.822265625,6,45,05:40,20:21,2025-05-22 05:22:37.334802,Città della Scienza,82.9,14.123001,7.9652658,12.506123,9.843639,EU EEA Common AQI,66.4,12.304549,5.997514,7200,2.8550725,100,100,62.0,2.5275362,Very Low,65.6,12.605966,100,1747890900,Very Low,10.004898,13.895581,Very Low,14.191116,60.3,4.173913,100,1747890900,3.1594203
2025-05-22T05:22:48Z,0,29.932,72.3,63,65.3,2,3,173,83,0.0,255,32767,0.11,2090-9-18,0.0,0.52,26.6,0.0,0.0,0.0,0,4.822265625,6,45,05:40,20:21,2025-05-22 05:22:48.463792,Città della Scienza,82.9,14.123001,7.9652658,12.506123,9.843639,EU EEA Common AQI,66.4,12.304549,5.997514,7200,2.8550725,100,100,62.0,2.5275362,Very Low,65.6,12.605966,100,1747890900,Very Low,10.004898,13.895581,Very Low,14.191116,60.3,4.173913,100,1747890900,3.1594203
2025-05-22T05:22:59Z,0,29.932,72.3,63,65.3,2,3,170,83,0.0,255,32767,0.11,2090-9-18,0.0,0.52,26.6,0.0,0.0,0.0,0,4.822265625,6,45,05:40,20:21,2025-05-22 05:22:59.573792,Città della Scienza,82.9,14.123001,7.9652658,12.506123,9.843639,EU EEA Common AQI,66.4,12.304549,5.997514,7200,2.8550725,100,100,62.0,2.5275362,Very Low,65.6,12.605966,100,1747890900,Very Low,10.004898,13.895581,Very Low,14.191116,60.3,4.173913,100,1747890900,3.1594203
2025-05-22T05:23:10Z,0,29.932,72.3,63,65.4,1,3,170,83,0.0,255,32767,0.11,2090-9-18,0.0,0.52,26.6,0.0,0.0,0.0,0,4.822265625,6,45,05:40,20:21,2025-05-22 05:23:10.680799,Città della Scienza,82.9,14.123001,7.9652658,12.506123,9.843639,EU EEA Common AQI,66.4,12.304549,5.997514,7200,2.8550725,100,100,62.0,2.5275362,Very Low,65.6,12.605966,100,1747890900,Very Low,10.004898,13.895581,Very Low,14.191116,60.3,4.173913,100,1747890900,3.1594203
2025-05-22T05:23:21Z,0,29.932,72.3,63,65.4,4,3,171,83,0.0,255,32767,0.11,2090-9-18,0.0,0.52,26.6,0.0,0.0,0.0,0,4.822265625,6,45,05:40,20:21,2025-05-22 05:23:21.792794,Città della Scienza,82.9,14.123001,7.9652658,12.506123,9.843639,EU EEA Common AQI,66.4,12.304549,5.997514,7200,2.8550725,100,100,62.0,2.5275362,Very Low,65.6,12.605966,100,1747890900,Very Low,10.004898,13.895581,Very Low,14.191116,60.3,4.173913,100,1747890900,3.1594203
2025-05-22T05:23:33Z,0,29.932,72.3,63,65.4,5,3,184,83,0.0,255,32767,0.11,2090-9-18,0.0,0.52,26.6,0.0,0.0,0.0,0,4.822265625,6,45,05:40,20:21,2025-05-22 05:23:32.921794,Città della Scienza,82.9,14.123001,7.9652658,12.506123,9.843639,EU EEA Common AQI,66.4,12.304549,5.997514,7200,2.8550725,100,100,62.0,2.5275362,Very Low,65.6,12.605966,100,1747890900,Very Low,10.004898,13.895581,Very Low,14.191116,60.3,4.173913,100,1747890900,3.1594203
2025-05-22T05:23:44Z,0,29.932,72.3,63,65.4,2,3,158,83,0.0,255,32767,0.11,2090-9-18,0.0,0.52,26.6,0.0,0.0,0.0,0,4.822265625,6,45,05:40,20:21,2025-05-22 05:23:44.061788,Città della Scienza,82.9,14.123001,7.9652658,12.506123,9.843639,EU EEA Common AQI,66.4,12.304549,5.997514,7200,2.8550725,100,100,62.0,2.5275362,Very Low,65.6,12.605966,100,1747890900,Very Low,10.004898,13.895581,Very Low,14.191116,60.3,4.173913,100,1747890900,3.1594203
2025-05-22T05:23:55Z,0,29.932,72.3,63,65.4,2,3,158,83,0.0,255,32767,0.11,2090-9-18,0.0,0.52,26.6,0.0,0.0,0.0,0,4.822265625,6,45,05:40,20:21,2025-05-22 05:23:55.164794,Città della Scienza,82.9,14.123001,7.9652658,12.506123,9.843639,EU EEA Common AQI,66.4,12.304549,5.997514,7200,2.8550725,100,100,62.0,2.5275362,Very Low,65.6,12.605966,100,1747890900,Very Low,10.004898,13.895581,Very Low,14.191116,60.3,4.173913,100,1747890900,3.1594203
2025-05-22T05:24:06Z,0,29.932,72.3,63,65.4,2,3,159,83,0.0,255,32767,0.11,2090-9-18,0.0,0.52,26.6,0.0,0.0,0.0,0,4.822265625,6,45,05:40,20:21,2025-05-22 05:24:06.267788,Città della Scienza,82.9,14.123001,7.9652658,12.506123,9.843639,EU EEA Common AQI,66.4,12.304549,5.997514,7200,2.8550725,100,100,62.0,2.5275362,Very Low,65.6,12.605966,100,1747890900,Very Low,10.004898,13.895581,Very Low,14.191116,60.3,4.173913,100,1747890900,3.1594203
2025-05-22T05:24:17Z,0,29.932,72.3,63,65.4,4,3,159,83,0.0,255,32767,0.11,2090-9-18,0.0,0.52,26.6,0.0,0.0,0.0,0,4.822265625,6,45,05:40,20:21,2025-05-22 05:24:17.390790,Città della Scienza,82.9,14.123001,7.9652658,12.506123,9.843639,EU EEA Common AQI,66.4,12.304549,5.997514,7200,2.8550725,100,100,62.0,2.5275362,Very Low,65.6,12.605966,100,1747890900,Very Low,10.004898,13.895581,Very Low,14.191116,60.3,4.173913,100,1747890900,3.1594203
2025-05-22T05:24:28Z,0,29.932,72.3,63,65.5,2,3,163,83,0.0,255,32767,0.11,2090-9-18,0.0,0.52,26.6,0.0,0.0,0.0,0,4.822265625,6,45,05:40,20:21,2025-05-22 05:24:28.498790,Città della Scienza,82.9,14.123001,7.9652658,12.506123,9.843639,EU EEA Common AQI,66.4,12.304549,5.997514,7200,2.8550725,100,100,62.0,2.5275362,Very Low,65.6,12.605966,100,1747890900,Very Low,10.004898,13.895581,Very Low,14.191116,60.3,4.173913,100,1747890900,3.1594203
2025-05-22T05:24:39Z,0,29.931,72.4,63,65.5,4,3,201,83,0.0,255,32767,0.11,2090-9-18,0.0,0.52,26.6,0.0,0.0,0.0,0,4.822265625,6,45,05:40,20:21,2025-05-22 05:24:39.616811,Città della Scienza,82.9,14.123001,7.9652658,12.506123,9.843639,EU EEA Common AQI,66.4,12.304549,5.997514,7200,2.8550725,100,100,62.0,2.5275362,Very Low,65.6,12.605966,100,1747890900,Very Low,10.004898,13.895581,Very Low,14.191116,60.3,4.173913,100,1747890900,3.1594203
2025-05-22T05:24:50Z,0,29.931,72.4,63,65.5,2,3,184,83,0.0,255,32767,0.11,2090-9-18,0.0,0.52,26.6,0.0,0.0,0.0,0,4.822265625,6,45,05:40,20:21,2025-05-22 05:24:50.694788,Città della Scienza,82.9,14.123001,7.9652658,12.506123,9.843639,EU EEA Common AQI,66.4,12.304549,5.997514,7200,2.8550725,100,100,62.0,2.5275362,Very Low,65.6,12.605966,100,1747890900,Very Low,10.004898,13.895581,Very Low,14.191116,60.3,4.173913,100,1747890900,3.1594203
2025-05-22T05:25:02Z,0,29.931,72.4,63,65.5,2,3,171,83,0.0,255,32767,0.11,2090-9-18,0.0,0.52,26.6,0.0,0.0,0.0,0,4.822265625,6,45,05:40,20:21,2025-05-22 05:25:01.825790,Città della Scienza,82.9,14.123001,7.9652658,12.506123,9.843639,EU EEA Common AQI,66.4,12.304549,5.997514,7200,2.8550725,100,100,62.0,2.5275362,Very Low,65.6,12.605966,100,1747890900,Very Low,10.004898,13.895581,Very Low,14.191116,60.3,4.173913,100,1747890900,3.1594203
2025-05-22T05:25:13Z,0,29.931,72.4,63,65.5,3,3,185,83,0.0,255,32767,0.11,2090-9-18,0.0,0.52,26.6,0.0,0.0,0.0,0,4.822265625,6,45,05:40,20:21,2025-05-22 05:25:12.918783,Città della Scienza,82.9,14.123001,7.9652658,12.506123,9.843639,EU EEA Common AQI,66.4,12.304549,5.997514,7200,2.8550725,100,100,62.0,2.5275362,Very Low,65.6,12.605966,100,1747890900,Very Low,10.004898,13.895581,Very Low,14.191116,60.3,4.173913,100,1747890900,3.1594203
2025-05-22T05:25:24Z,0,29.931,72.4,63,65.6,3,3,192,83,0.0,255,32767,0.11,2090-9-18,0.0,0.52,26.6,0.0,0.0,0.0,0,4.822265625,6,45,05:40,20:21,2025-05-22 05:25:24.048787,Città della Scienza,82.9,14.123001,7.9652658,12.506123,9.843639,EU EEA Common AQI,66.4,12.304549,5.997514,7200,2.8550725,100,100,62.0,2.5275362,Very Low,65.6,12.605966,100,1747890900,Very Low,10.004898,13.895581,Very Low,14.191116,60.3,4.173913,100,1747890900,3.1594203
2025-05-22T05:25:35Z,0,29.932,72.4,63,65.5,2,3,188,83,0.0,255,32767,0.11,2090-9-18,0.0,0.52,26.6,0.0,0.0,0.0,0,4.822265625,6,45,05:40,20:21,2025-05-22 05:25:35.145783,Città della Scienza,82.9,14.123001,7.9652658,12.506123,9.843639,EU EEA Common AQI,66.4,12.304549,5.997514,7200,2.8550725,100,100,62.0,2.5275362,Very Low,65.6,12.605966,100,1747890900,Very Low,10.004898,13.895581,Very Low,14.191116,60.3,4.173913,100,1747890900,3.1594203
2025-05-22T05:25:46Z,0,29.932,72.4,63,65.6,2,3,239,83,0.0,255,32767,0.11,2090-9-18,0.0,0.52,26.6,0.0,0.0,0.0,0,4.822265625,6,45,05:40,20:21,2025-05-22 05:25:46.220784,Città della Scienza,82.9,14.123001,7.9652658,12.506123,9.843639,EU EEA Common AQI,66.4,12.304549,5.997514,7200,2.8550725,100,100,62.0,2.5275362,Very Low,65.6,12.605966,100,1747890900,Very Low,10.004898,13.895581,Very Low,14.191116,60.3,4.173913,100,1747890900,3.1594203
2025-05-22T05:25:57Z,0,29.932,72.4,63,65.6,4,3,201,83,0.0,255,32767,0.11,2090-9-18,0.0,0.52,26.6,0.0,0.0,0.0,0,4.822265625,6,45,05:40,20:21,2025-05-22 05:25:57.323788,Città della Scienza,82.9,14.123001,7.9652658,12.506123,9.843639,EU EEA Common AQI,66.4,12.304549,5.997514,7200,2.8550725,100,100,62.0,2.5275362,Very Low,65.6,12.605966,100,1747890900,Very Low,10.004898,13.895581,Very Low,14.191116,60.3,4.173913,100,1747890900,3.1594203
2025-05-22T05:26:08Z,0,29.932,72.4,63,65.6,2,3,203,83,0.0,255,32767,0.11,2090-9-18,0.0,0.52,26.6,0.0,0.0,0.0,0,4.822265625,6,45,05:40,20:21,2025-05-22 05:26:08.427802,Città della Scienza,82.9,14.123001,7.9652658,12.506123,9.843639,EU EEA Common AQI,66.4,12.304549,5.997514,7200,2.8550725,100,100,62.0,2.5275362,Very Low,65.6,12.605966,100,1747890900,Very Low,10.004898,13.895581,Very Low,14.191116,60.3,4.173913,100,1747890900,3.1594203
2025-05-22T05:26:19Z,0,29.932,72.4,63,65.7,3,3,188,83,0.0,255,32767,0.11,2090-9-18,0.0,0.52,26.6,0.0,0.0,0.0,0,4.822265625,6,45,05:40,20:21,2025-05-22 05:26:19.543784,Città della Scienza,82.9,14.123001,7.9652658,12.506123,9.843639,EU EEA Common AQI,66.4,12.304549,5.997514,7200,2.8550725,100,100,62.0,2.5275362,Very Low,65.6,12.605966,100,1747890900,Very Low,10.004898,13.895581,Very Low,14.191116,60.3,4.173913,100,1747890900,3.1594203
2025-05-22T05:26:30Z,0,29.932,72.4,63,65.6,3,3,188,83,0.0,255,32767,0.11,2090-9-18,0.0,0.52,26.6,0.0,0.0,0.0,0,4.822265625,6,45,05:40,20:21,2025-05-22 05:26:30.652757,Città della Scienza,82.9,14.123001,7.9652658,12.506123,9.843639,EU EEA Common AQI,66.4,12.304549,5.997514,7200,2.8550725,100,100,62.0,2.5275362,Very Low,65.6,12.605966,100,1747890900,Very Low,10.004898,13.895581,Very Low,14.191116,60.3,4.173913,100,1747890900,3.1594203
2025-05-22T05:26:41Z,0,29.933,72.4,63,65.6,4,3,180,83,0.0,255,32767,0.11,2090-9-18,0.0,0.52,26.6,0.0,0.0,0.0,0,4.822265625,6,45,05:40,20:21,2025-05-22 05:26:41.768798,Città della Scienza,82.9,14.123001,7.9652658,12.506123,9.843639,EU EEA Common AQI,66.4,12.304549,5.997514,7200,2.8550725,100,100,62.0,2.5275362,Very Low,65.6,12.605966,100,1747890900,Very Low,10.004898,13.895581,Very Low,14.191116,60.3,4.173913,100,1747890900,3.1594203
2025-05-22T05:26:53Z,0,29.933,72.4,63,65.6,2,3,137,83,0.0,255,32767,0.11,2090-9-18,0.0,0.52,26.6,0.0,0.0,0.0,0,4.822265625,6,45,05:40,20:21,2025-05-22 05:26:52.923786,Città della Scienza,82.9,14.123001,7.9652658,12.506123,9.843639,EU EEA Common AQI,66.4,12.304549,5.997514,7200,2.8550725,100,100,62.0,2.5275362,Very Low,65.6,12.605966,100,1747890900,Very Low,10.004898,13.895581,Very Low,14.191116,60.3,4.173913,100,1747890900,3.1594203
2025-05-22T05:27:04Z,0,29.933,72.4,63,65.6,2,3,233,83,0.0,255,32767,0.11,2090-9-18,0.0,0.52,26.6,0.0,0.0,0.0,0,4.822265625,6,45,05:40,20:21,2025-05-22 05:27:04.063788,Città della Scienza,82.9,14.123001,7.9652658,12.506123,9.843639,EU EEA Common AQI,66.4,12.304549,5.997514,7200,2.8550725,100,100,62.0,2.5275362,Very Low,65.6,12.605966,100,1747890900,Very Low,10.004898,13.895581,Very Low,14.191116,60.3,4.173913,100,1747890900,3.1594203
2025-05-22T05:27:15Z,0,29.933,72.4,63,65.7,3,3,184,83,0.0,255,32767,0.11,2090-9-18,0.0,0.52,26.6,0.0,0.0,0.0,0,4.822265625,6,45,05:40,20:21,2025-05-22 05:27:15.179788,Città della Scienza,82.9,14.123001,7.9652658,12.506123,9.843639,EU EEA Common AQI,66.4,12.304549,5.997514,7200,2.8550725,100,100,62.0,2.5275362,Very Low,65.6,12.605966,100,1747890900,Very Low,10.004898,13.895581,Very Low,14.191116,60.3,4.173913,100,1747890900,3.1594203
2025-05-22T05:27:26Z,0,29.933,72.4,63,65.7,3,3,222,83,0.0,255,32767,0.11,2090-9-18,0.0,0.52,26.6,0.0,0.0,0.0,0,4.822265625,6,45,05:40,20:21,2025-05-22 05:27:26.274785,Città della Scienza,82.9,14.123001,7.9652658,12.506123,9.843639,EU EEA Common AQI,66.4,12.304549,5.997514,7200,2.8550725,100,100,62.0,2.5275362,Very Low,65.6,12.605966,100,1747890900,Very Low,10.004898,13.895581,Very Low,14.191116,60.3,4.173913,100,1747890900,3.1594203
2025-05-22T05:27:37Z,0,29.932,72.4,63,65.7,1,3,171,83,0.0,255,32767,0.11,2090-9-18,0.0,0.52,26.6,0.0,0.0,0.0,0,4.822265625,6,45,05:40,20:21,2025-05-22 05:27:37.598810,Città della Scienza,82.9,14.123001,7.9652658,12.506123,9.843639,EU EEA Common AQI,66.4,12.304549,5.997514,7200,2.8550725,100,100,62.0,2.5275362,Very Low,65.6,12.605966,100,1747890900,Very Low,10.004898,13.895581,Very Low,14.191116,60.3,4.173913,100,1747890900,3.1594203
2025-05-22T05:27:48Z,0,29.932,72.4,63,65.7,1,3,180,83,0.0,255,32767,0.11,2090-9-18,0.0,0.52,26.6,0.0,0.0,0.0,0,4.822265625,6,45,05:40,20:21,2025-05-22 05:27:48.706787,Città della Scienza,82.9,14.123001,7.9652658,12.506123,9.843639,EU EEA Common AQI,66.4,12.304549,5.997514,7200,2.8550725,100,100,62.0,2.5275362,Very Low,65.6,12.605966,100,1747890900,Very Low,10.004898,13.895581,Very Low,14.191116,60.3,4.173913,100,1747890900,3.1594203
2025-05-22T05:28:00Z,0,29.932,72.4,63,65.7,5,3,167,83,0.0,255,32767,0.11,2090-9-18,0.0,0.52,26.6,0.0,0.0,0.0,0,4.822265625,6,45,05:40,20:21,2025-05-22 05:27:59.811788,Città della Scienza,82.9,14.123001,7.9652658,12.506123,9.843639,EU EEA Common AQI,66.4,12.304549,5.997514,7200,2.8550725,100,100,62.0,2.5275362,Very Low,65.6,12.605966,100,1747890900,Very Low,10.004898,13.895581,Very Low,14.191116,60.3,4.173913,100,1747890900,3.1594203
2025-05-22T05:28:11Z,0,29.932,72.4,63,65.7,3,3,186,83,0.0,255,32767,0.11,2090-9-18,0.0,0.52,26.6,0.0,0.0,0.0,0,4.822265625,6,45,05:40,20:21,2025-05-22 05:28:10.897790,Città della Scienza,82.9,14.123001,7.9652658,12.506123,9.843639,EU EEA Common AQI,66.4,12.304549,5.997514,7200,2.8550725,100,100,62.0,2.5275362,Very Low,65.6,12.605966,100,1747890900,Very Low,10.004898,13.895581,Very Low,14.191116,60.3,4.173913,100,1747890900,3.1594203
2025-05-22T05:28:22Z,0,29.932,72.4,63,65.7,2,3,171,83,0.0,255,32767,0.11,2090-9-18,0.0,0.52,26.6,0.0,0.0,0.0,0,4.822265625,6,45,05:40,20:21,2025-05-22 05:28:22.017784,Città della Scienza,82.9,14.123001,7.9652658,12.506123,9.843639,EU EEA Common AQI,66.4,12.304549,5.997514,7200,2.8550725,100,100,62.0,2.5275362,Very Low,65.6,12.605966,100,1747890900,Very Low,10.004898,13.895581,Very Low,14.191116,60.3,4.173913,100,1747890900,3.1594203
2025-05-22T05:28:33Z,0,29.932,72.4,63,65.7,1,3,173,82,0.0,255,32767,0.11,2090-9-18,0.0,0.52,26.6,0.0,0.0,0.0,0,4.822265625,6,45,05:40,20:21,2025-05-22 05:28:33.116789,Città della Scienza,82.9,14.123001,7.9652658,12.506123,9.843639,EU EEA Common AQI,66.4,12.304549,5.997514,7200,2.8550725,100,100,62.0,2.5275362,Very Low,65.6,12.605966,100,1747890900,Very Low,10.004898,13.895581,Very Low,14.191116,60.3,4.173913,100,1747890900,3.1594203
2025-05-22T05:28:44Z,0,29.932,72.4,63,65.7,2,3,186,82,0.0,255,32767,0.11,2090-9-18,0.0,0.52,26.6,0.0,0.0,0.0,0,4.822265625,6,45,05:40,20:21,2025-05-22 05:28:44.233786,Città della Scienza,82.9,14.123001,7.9652658,12.506123,9.843639,EU EEA Common AQI,66.4,12.304549,5.997514,7200,2.8550725,100,100,62.0,2.5275362,Very Low,65.6,12.605966,100,1747890900,Very Low,10.004898,13.895581,Very Low,14.191116,60.3,4.173913,100,1747890900,3.1594203
2025-05-22T05:28:55Z,0,29.932,72.4,63,65.7,1,3,190,82,0.0,255,32767,0.11,2090-9-18,0.0,0.52,26.6,0.0,0.0,0.0,0,4.822265625,6,45,05:40,20:21,2025-05-22 05:28:55.341787,Città della Scienza,82.9,14.123001,7.9652658,12.506123,9.843639,EU EEA Common AQI,66.4,12.304549,5.997514,7200,2.8550725,100,100,62.0,2.5275362,Very Low,65.6,12.605966,100,1747890900,Very Low,10.004898,13.895581,Very Low,14.191116,60.3,4.173913,100,1747890900,3.1594203
2025-05-22T05:29:06Z,0,29.932,72.4,63,65.7,2,3,192,82,0.0,255,32767,0.11,2090-9-18,0.0,0.52,26.6,0.0,0.0,0.0,0,4.822265625,6,45,05:40,20:21,2025-05-22 05:29:06.445786,Città della Scienza,82.9,14.123001,7.9652658,12.506123,9.843639,EU EEA Common AQI,66.4,12.304549,5.997514,7200,2.8550725,100,100,62.0,2.5275362,Very Low,65.6,12.605966,100,1747890900,Very Low,10.004898,13.895581,Very Low,14.191116,60.3,4.173913,100,1747890900,3.1594203
2025-05-22T05:29:17Z,0,29.932,72.4,63,65.8,2,3,229,82,0.0,255,32767,0.11,2090-9-18,0.0,0.52,26.6,0.0,0.0,0.0,0,4.822265625,6,45,05:40,20:21,2025-05-22 05:29:17.551790,Città della Scienza,82.9,14.123001,7.9652658,12.506123,9.843639,EU EEA Common AQI,66.4,12.304549,5.997514,7200,2.8550725,100,100,62.0,2.5275362,Very Low,65.6,12.605966,100,1747890900,Very Low,10.004898,13.895581,Very Low,14.191116,60.3,4.173913,100,1747890900,3.1594203
2025-05-22T05:29:28Z,0,29.932,72.4,63,65.8,1,3,234,82,0.0,255,32767,0.11,2090-9-18,0.0,0.52,26.6,0.0,0.0,0.0,0,4.822265625,6,45,05:40,20:21,2025-05-22 05:29:28.639798,Città della Scienza,82.9,14.123001,7.9652658,12.506123,9.843639,EU EEA Common AQI,66.4,12.304549,5.997514,7200,2.8550725,100,100,62.0,2.5275362,Very Low,65.6,12.605966,100,1747890900,Very Low,10.004898,13.895581,Very Low,14.191116,60.3,4.173913,100,1747890900,3.1594203
2025-05-22T05:29:39Z,0,29.931,72.4,63,65.9,0,3,190,82,0.0,255,32767,0.11,2090-9-18,0.0,0.52,26.6,0.0,0.0,0.0,0,4.822265625,6,45,05:40,20:21,2025-05-22 05:29:39.746791,Città della Scienza,82.9,14.123001,7.9652658,12.506123,9.843639,EU EEA Common AQI,66.4,12.304549,5.997514,7200,2.8550725,100,100,62.0,2.5275362,Very Low,65.6,12.605966,100,1747890900,Very Low,10.004898,13.895581,Very Low,14.191116,60.3,4.173913,100,1747890900,3.1594203
2025-05-22T05:29:51Z,0,29.931,72.4,63,65.9,5,3,173,82,0.0,255,32767,0.11,2090-9-18,0.0,0.52,26.6,0.0,0.0,0.0,0,4.822265625,6,45,05:40,20:21,2025-05-22 05:29:50.832788,Città della Scienza,82.9,14.123001,7.9652658,12.506123,9.843639,EU EEA Common AQI,66.4,12.304549,5.997514,7200,2.8550725,100,100,62.0,2.5275362,Very Low,65.6,12.605966,100,1747890900,Very Low,10.004898,13.895581,Very Low,14.191116,60.3,4.173913,100,1747890900,3.1594203
2025-05-22T05:30:02Z,0,29.931,72.4,63,65.9,4,3,180,82,0.0,255,32767,0.11,2090-9-18,0.0,0.52,26.6,0.0,0.0,0.0,0,4.822265625,6,45,05:40,20:21,2025-05-22 05:30:01.947791,Città della Scienza,82.9,14.123001,7.9652658,12.506123,9.843639,EU EEA Common AQI,66.4,12.304549,5.997514,7200,2.8550725,100,100,62.0,2.5275362,Very Low,65.6,12.605966,100,1747890900,Very Low,10.004898,13.895581,Very Low,14.191116,60.3,4.173913,100,1747890900,3.1594203
2025-05-22T05:30:13Z,0,29.931,72.4,63,65.9,2,3,175,82,0.0,255,32767,0.11,2090-9-18,0.0,0.52,26.6,0.0,0.0,0.0,0,4.822265625,6,45,05:40,20:21,2025-05-22 05:30:13.068789,Città della Scienza,82.9,14.123001,7.9652658,12.506123,9.843639,EU EEA Common AQI,66.4,12.304549,5.997514,7200,2.8550725,100,100,62.0,2.5275362,Very Low,65.6,12.605966,100,1747890900,Very Low,10.004898,13.895581,Very Low,14.191116,60.3,4.173913,100,1747890900,3.1594203
2025-05-22T05:30:24Z,0,29.931,72.4,63,65.9,3,3,174,82,0.0,255,32767,0.11,2090-9-18,0.0,0.52,26.6,0.0,0.0,0.0,0,4.822265625,6,45,05:40,20:21,2025-05-22 05:30:24.170788,Città della Scienza,81.0,13.320167,7.963519,10.427544,9.0832615,EU EEA Common AQI,67.4,11.354077,6.0106726,7200,3.2463768,100,100,62.3,2.6898549,Very Low,66.5,11.831601,100,1747891800,Very Low,8.342034,12.894638,Very Low,11.986565,60.5,4.7826085,100,1747891800,3.3623188
2025-05-22T05:30:35Z,0,29.932,72.4,63,65.9,2,3,182,82,0.0,255,32767,0.11,2090-9-18,0.0,0.52,26.6,0.0,0.0,0.0,0,4.822265625,6,45,05:40,20:21,2025-05-22 05:30:35.266785,Città della Scienza,81.0,13.320167,7.963519,10.427544,9.0832615,EU EEA Common AQI,67.4,11.354077,6.0106726,7200,3.2463768,100,100,62.3,2.6898549,Very Low,66.5,11.831601,100,1747891800,Very Low,8.342034,12.894638,Very Low,11.986565,60.5,4.7826085,100,1747891800,3.3623188
2025-05-22T05:30:46Z,0,29.932,72.4,63,65.9,4,3,230,82,0.0,255,32767,0.11,2090-9-18,0.0,0.52,26.6,0.0,0.0,0.0,0,4.822265625,6,45,05:40,20:21,2025-05-22 05:30:46.382785,Città della Scienza,81.0,13.320167,7.963519,10.427544,9.0832615,EU EEA Common AQI,67.4,11.354077,6.0106726,7200,3.2463768,100,100,62.3,2.6898549,Very Low,66.5,11.831601,100,1747891800,Very Low,8.342034,12.894638,Very Low,11.986565,60.5,4.7826085,100,1747891800,3.3623188
2025-05-22T05:30:57Z,0,29.932,72.4,63,65.9,4,3,197,82,0.0,255,32767,0.11,2090-9-18,0.0,0.52,26.6,0.0,0.0,0.0,0,4.822265625,6,45,05:40,20:21,2025-05-22 05:30:57.483790,Città della Scienza,81.0,13.320167,7.963519,10.427544,9.0832615,EU EEA Common AQI,67.4,11.354077,6.0106726,7200,3.2463768,100,100,62.3,2.6898549,Very Low,66.5,11.831601,100,1747891800,Very Low,8.342034,12.894638,Very Low,11.986565,60.5,4.7826085,100,1747891800,3.3623188
2025-05-22T05:31:08Z,0,29.932,72.4,63,65.9,5,3,194,82,0.0,255,32767,0.11,2090-9-18,0.0,0.52,26.6,0.0,0.0,0.0,0,4.822265625,6,45,05:40,20:21,2025-05-22 05:31:08.599786,Città della Scienza,81.0,13.320167,7.963519,10.427544,9.0832615,EU EEA Common AQI,67.4,11.354077,6.0106726,7200,3.2463768,100,100,62.3,2.6898549,Very Low,66.5,11.831601,100,1747891800,Very Low,8.342034,12.894638,Very Low,11.986565,60.5,4.7826085,100,1747891800,3.3623188
2025-05-22T05:31:19Z,0,29.932,72.4,63,65.9,4,3,196,82,0.0,255,32767,0.11,2090-9-18,0.0,0.52,26.6,0.0,0.0,0.0,0,4.822265625,6,45,05:40,20:21,2025-05-22 05:31:19.730782,Città della Scienza,81.0,13.320167,7.963519,10.427544,9.0832615,EU EEA Common AQI,67.4,11.354077,6.0106726,7200,3.2463768,100,100,62.3,2.6898549,Very Low,66.5,11.831601,100,1747891800,Very Low,8.342034,12.894638,Very Low,11.986565,60.5,4.7826085,100,1747891800,3.3623188
2025-05-22T05:31:31Z,0,29.932,72.4,63,65.9,6,3,189,82,0.0,255,32767,0.11,2090-9-18,0.0,0.52,26.6,0.0,0.0,0.0,0,4.822265625,6,45,05:40,20:21,2025-05-22 05:31:30.913789,Città della Scienza,81.0,13.320167,7.963519,10.427544,9.0832615,EU EEA Common AQI,67.4,11.354077,6.0106726,7200,3.2463768,100,100,62.3,2.6898549,Very Low,66.5,11.831601,100,1747891800,Very Low,8.342034,12.894638,Very Low,11.986565,60.5,4.7826085,100,1747891800,3.3623188
2025-05-22T05:31:42Z,0,29.931,72.4,63,66.0,5,3,180,82,0.0,255,32767,0.11,2090-9-18,0.0,0.52,26.6,0.0,0.0,0.0,0,4.822265625,6,45,05:40,20:21,2025-05-22 05:31:41.987793,Città della Scienza,81.0,13.320167,7.963519,10.427544,9.0832615,EU EEA Common AQI,67.4,11.354077,6.0106726,7200,3.2463768,100,100,62.3,2.6898549,Very Low,66.5,11.831601,100,1747891800,Very Low,8.342034,12.894638,Very Low,11.986565,60.5,4.7826085,100,1747891800,3.3623188
2025-05-22T05:31:53Z,0,29.931,72.4,63,66.0,4,3,189,82,0.0,255,32767,0.11,2090-9-18,0.0,0.52,26.6,0.0,0.0,0.0,0,4.822265625,6,45,05:40,20:21,2025-05-22 05:31:53.062752,Città della Scienza,81.0,13.320167,7.963519,10.427544,9.0832615,EU EEA Common AQI,67.4,11.354077,6.0106726,7200,3.2463768,100,100,62.3,2.6898549,Very Low,66.5,11.831601,100,1747891800,Very Low,8.342034,12.894638,Very Low,11.986565,60.5,4.7826085,100,1747891800,3.3623188
2025-05-22T05:32:04Z,0,29.931,72.4,63,66.0,3,3,196,82,0.0,255,32767,0.11,2090-9-18,0.0,0.52,26.6,0.0,0.0,0.0,0,4.822265625,6,45,05:40,20:21,2025-05-22 05:32:04.182785,Città della Scienza,81.0,13.320167,7.963519,10.427544,9.0832615,EU EEA Common AQI,67.4,11.354077,6.0106726,7200,3.2463768,100,100,62.3,2.6898549,Very Low,66.5,11.831601,100,1747891800,Very Low,8.342034,12.894638,Very Low,11.986565,60.5,4.7826085,100,1747891800,3.3623188
2025-05-22T05:32:15Z,0,29.931,72.4,63,66.0,2,3,185,82,0.0,255,32767,0.11,2090-9-18,0.0,0.52,26.6,0.0,0.0,0.0,0,4.822265625,6,45,05:40,20:21,2025-05-22 05:32:15.287788,Città della Scienza,81.0,13.320167,7.963519,10.427544,9.0832615,EU EEA Common AQI,67.4,11.354077,6.0106726,7200,3.2463768,100,100,62.3,2.6898549,Very Low,66.5,11.831601,100,1747891800,Very Low,8.342034,12.894638,Very Low,11.986565,60.5,4.7826085,100,1747891800,3.3623188
2025-05-22T05:32:26Z,0,29.931,72.4,63,66.0,3,3,178,82,0.0,255,32767,0.11,2090-9-18,0.0,0.52,26.6,0.0,0.0,0.0,0,4.822265625,6,45,05:40,20:21,2025-05-22 05:32:26.374787,Città della Scienza,81.0,13.320167,7.963519,10.427544,9.0832615,EU EEA Common AQI,67.4,11.354077,6.0106726,7200,3.2463768,100,100,62.3,2.6898549,Very Low,66.5,11.831601,100,1747891800,Very Low,8.342034,12.894638,Very Low,11.986565,60.5,4.7826085,100,1747891800,3.3623188
2025-05-22T05:32:37Z,0,29.934,72.4,63,66.0,6,3,181,82,0.0,255,32767,0.11,2090-9-18,0.0,0.52,26.6,0.0,0.0,0.0,0,4.822265625,6,45,05:40,20:21,2025-05-22 05:32:37.489784,Città della Scienza,81.0,13.320167,7.963519,10.427544,9.0832615,EU EEA Common AQI,67.4,11.354077,6.0106726,7200,3.2463768,100,100,62.3,2.6898549,Very Low,66.5,11.831601,100,1747891800,Very Low,8.342034,12.894638,Very Low,11.986565,60.5,4.7826085,100,1747891800,3.3623188
2025-05-22T05:32:48Z,0,29.934,72.4,63,66.1,6,3,183,82,0.0,255,32767,0.11,2090-9-18,0.0,0.52,26.6,0.0,0.0,0.0,0,4.822265625,6,45,05:40,20:21,2025-05-22 05:32:48.611802,Città della Scienza,81.0,13.320167,7.963519,10.427544,9.0832615,EU EEA Common AQI,67.4,11.354077,6.0106726,7200,3.2463768,100,100,62.3,2.6898549,Very Low,66.5,11.831601,100,1747891800,Very Low,8.342034,12.894638,Very Low,11.986565,60.5,4.7826085,100,1747891800,3.3623188
2025-05-22T05:32:59Z,0,29.934,72.4,63,66.1,5,3,174,82,0.0,255,32767,0.11,2090-9-18,0.0,0.52,26.6,0.0,0.0,0.0,0,4.822265625,6,45,05:40,20:21,2025-05-22 05:32:59.689799,Città della Scienza,81.0,13.320167,7.963519,10.427544,9.0832615,EU EEA Common AQI,67.4,11.354077,6.0106726,7200,3.2463768,100,100,62.3,2.6898549,Very Low,66.5,11.831601,100,1747891800,Very Low,8.342034,12.894638,Very Low,11.986565,60.5,4.7826085,100,1747891800,3.3623188
2025-05-22T05:33:11Z,0,29.934,72.4,63,66.1,5,3,184,82,0.0,255,32767,0.11,2090-9-18,0.0,0.52,26.6,0.0,0.0,0.0,0,4.822265625,6,45,05:40,20:21,2025-05-22 05:33:10.812796,Città della Scienza,81.0,13.320167,7.963519,10.427544,9.0832615,EU EEA Common AQI,67.4,11.354077,6.0106726,7200,3.2463768,100,100,62.3,2.6898549,Very Low,66.5,11.831601,100,1747891800,Very Low,8.342034,12.894638,Very Low,11.986565,60.5,4.7826085,100,1747891800,3.3623188
2025-05-22T05:33:22Z,0,29.934,72.4,63,66.1,3,3,209,82,0.0,255,32767,0.11,2090-9-18,0.0,0.52,26.6,0.0,0.0,0.0,0,4.822265625,6,45,05:40,20:21,2025-05-22 05:33:21.941780,Città della Scienza,81.0,13.320167,7.963519,10.427544,9.0832615,EU EEA Common AQI,67.4,11.354077,6.0106726,7200,3.2463768,100,100,62.3,2.6898549,Very Low,66.5,11.831601,100,1747891800,Very Low,8.342034,12.894638,Very Low,11.986565,60.5,4.7826085,100,1747891800,3.3623188
2025-05-22T05:33:33Z,0,29.933,72.4,63,66.1,7,3,176,82,0.0,255,32767,0.11,2090-9-18,0.0,0.52,26.6,0.0,0.0,0.0,0,4.822265625,6,45,05:40,20:21,2025-05-22 05:33:33.111789,Città della Scienza,81.0,13.320167,7.963519,10.427544,9.0832615,EU EEA Common AQI,67.4,11.354077,6.0106726,7200,3.2463768,100,100,62.3,2.6898549,Very Low,66.5,11.831601,100,1747891800,Very Low,8.342034,12.894638,Very Low,11.986565,60.5,4.7826085,100,1747891800,3.3623188
2025-05-22T05:33:44Z,0,29.933,72.4,63,66.1,8,3,180,82,0.0,255,32767,0.11,2090-9-18,0.0,0.52,26.6,0.0,0.0,0.0,0,4.822265625,6,45,05:40,20:21,2025-05-22 05:33:44.247801,Città della Scienza,81.0,13.320167,7.963519,10.427544,9.0832615,EU EEA Common AQI,67.4,11.354077,6.0106726,7200,3.2463768,100,100,62.3,2.6898549,Very Low,66.5,11.831601,100,1747891800,Very Low,8.342034,12.894638,Very Low,11.986565,60.5,4.7826085,100,1747891800,3.3623188
2025-05-22T05:33:55Z,0,29.933,72.4,63,66.1,4,3,183,82,0.0,255,32767,0.11,2090-9-18,0.0,0.52,26.6,0.0,0.0,0.0,0,4.822265625,6,45,05:40,20:21,2025-05-22 05:33:55.329791,Città della Scienza,81.0,13.320167,7.963519,10.427544,9.0832615,EU EEA Common AQI,67.4,11.354077,6.0106726,7200,3.2463768,100,100,62.3,2.6898549,Very Low,66.5,11.831601,100,1747891800,Very Low,8.342034,12.894638,Very Low,11.986565,60.5,4.7826085,100,1747891800,3.3623188
2025-05-22T05:34:06Z,0,29.933,72.4,63,66.1,6,3,178,82,0.0,255,32767,0.11,2090-9-18,0.0,0.52,26.6,0.0,0.0,0.0,0,4.822265625,6,45,05:40,20:21,2025-05-22 05:34:06.460790,Città della Scienza,81.0,13.320167,7.963519,10.427544,9.0832615,EU EEA Common AQI,67.4,11.354077,6.0106726,7200,3.2463768,100,100,62.3,2.6898549,Very Low,66.5,11.831601,100,1747891800,Very Low,8.342034,12.894638,Very Low,11.986565,60.5,4.7826085,100,1747891800,3.3623188
2025-05-22T05:34:17Z,0,29.933,72.4,63,66.2,5,3,162,82,0.0,255,32767,0.11,2090-9-18,0.0,0.52,26.6,0.0,0.0,0.0,0,4.822265625,6,45,05:40,20:21,2025-05-22 05:34:17.580787,Città della Scienza,81.0,13.320167,7.963519,10.427544,9.0832615,EU EEA Common AQI,67.4,11.354077,6.0106726,7200,3.2463768,100,100,62.3,2.6898549,Very Low,66.5,11.831601,100,1747891800,Very Low,8.342034,12.894638,Very Low,11.986565,60.5,4.7826085,100,1747891800,3.3623188
2025-05-22T05:34:28Z,0,29.933,72.4,63,66.2,5,3,165,82,0.0,255,32767,0.11,2090-9-18,0.0,0.52,26.6,0.0,0.0,0.0,0,4.822265625,6,45,05:40,20:21,2025-05-22 05:34:28.661792,Città della Scienza,81.0,13.320167,7.963519,10.427544,9.0832615,EU EEA Common AQI,67.4,11.354077,6.0106726,7200,3.2463768,100,100,62.3,2.6898549,Very Low,66.5,11.831601,100,1747891800,Very Low,8.342034,12.894638,Very Low,11.986565,60.5,4.7826085,100,1747891800,3.3623188
2025-05-22T05:34:39Z,0,29.932,72.5,63,66.2,4,3,175,82,0.0,255,32767,0.11,2090-9-18,0.0,0.52,26.6,0.0,0.0,0.0,0,4.822265625,6,45,05:40,20:21,2025-05-22 05:34:39.741778,Città della Scienza,81.0,13.320167,7.963519,10.427544,9.0832615,EU EEA Common AQI,67.4,11.354077,6.0106726,7200,3.2463768,100,100,62.3,2.6898549,Very Low,66.5,11.831601,100,1747891800,Very Low,8.342034,12.894638,Very Low,11.986565,60.5,4.7826085,100,1747891800,3.3623188
2025-05-22T05:34:51Z,0,29.932,72.5,63,66.2,3,3,187,82,0.0,255,32767,0.11,2090-9-18,0.0,0.52,26.6,0.0,0.0,0.0,0,4.822265625,6,45,05:40,20:21,2025-05-22 05:34:50.862795,Città della Scienza,81.0,13.320167,7.963519,10.427544,9.0832615,EU EEA Common AQI,67.4,11.354077,6.0106726,7200,3.2463768,100,100,62.3,2.6898549,Very Low,66.5,11.831601,100,1747891800,Very Low,8.342034,12.894638,Very Low,11.986565,60.5,4.7826085,100,1747891800,3.3623188
2025-05-22T05:35:02Z,0,29.932,72.5,63,66.2,6,3,188,82,0.0,255,32767,0.11,2090-9-18,0.0,0.52,26.6,0.0,0.0,0.0,0,4.822265625,6,45,05:40,20:21,2025-05-22 05:35:01.960797,Città della Scienza,81.0,13.320167,7.963519,10.427544,9.0832615,EU EEA Common AQI,67.4,11.354077,6.0106726,7200,3.2463768,100,100,62.3,2.6898549,Very Low,66.5,11.831601,100,1747891800,Very Low,8.342034,12.894638,Very Low,11.986565,60.5,4.7826085,100,1747891800,3.3623188
2025-05-22T05:35:13Z,0,29.932,72.5,63,66.2,5,3,189,82,0.0,255,32767,0.11,2090-9-18,0.0,0.52,26.6,0.0,0.0,0.0,0,4.822265625,6,45,05:40,20:21,2025-05-22 05:35:13.030752,Città della Scienza,81.0,13.320167,7.963519,10.427544,9.0832615,EU EEA Common AQI,67.4,11.354077,6.0106726,7200,3.2463768,100,100,62.3,2.6898549,Very Low,66.5,11.831601,100,1747891800,Very Low,8.342034,12.894638,Very Low,11.986565,60.5,4.7826085,100,1747891800,3.3623188
2025-05-22T05:35:24Z,0,29.932,72.5,63,66.2,3,3,205,82,0.0,255,32767,0.11,2090-9-18,0.0,0.52,26.6,0.0,0.0,0.0,0,4.822265625,6,45,05:40,20:21,2025-05-22 05:35:24.157799,Città della Scienza,81.0,13.320167,7.963519,10.427544,9.0832615,EU EEA Common AQI,67.4,11.354077,6.0106726,7200,3.2463768,100,100,62.3,2.6898549,Very Low,66.5,11.831601,100,1747891800,Very Low,8.342034,12.894638,Very Low,11.986565,60.5,4.7826085,100,1747891800,3.3623188
2025-05-22T05:35:35Z,0,29.934,72.4,63,66.2,6,4,182,82,0.0,255,32767,0.11,2090-9-18,0.0,0.52,26.6,0.0,0.0,0.0,0,4.822265625,6,45,05:40,20:21,2025-05-22 05:35:35.238759,Città della Scienza,81.0,13.320167,7.963519,10.427544,9.0832615,EU EEA Common AQI,67.4,11.354077,6.0106726,7200,3.2463768,100,100,62.3,2.6898549,Very Low,66.5,11.831601,100,1747891800,Very Low,8.342034,12.894638,Very Low,11.986565,60.5,4.7826085,100,1747891800,3.3623188
2025-05-22T05:35:46Z,0,29.934,72.4,63,66.2,4,4,194,82,0.0,255,32767,0.11,2090-9-18,0.0,0.52,26.6,0.0,0.0,0.0,0,4.822265625,6,45,05:40,20:21,2025-05-22 05:35:46.358791,Città della Scienza,81.0,13.320167,7.963519,10.427544,9.0832615,EU EEA Common AQI,67.4,11.354077,6.0106726,7200,3.2463768,100,100,62.3,2.6898549,Very Low,66.5,11.831601,100,1747891800,Very Low,8.342034,12.894638,Very Low,11.986565,60.5,4.7826085,100,1747891800,3.3623188
2025-05-22T05:35:57Z,0,29.934,72.4,63,66.2,6,4,200,82,0.0,255,32767,0.11,2090-9-18,0.0,0.52,26.6,0.0,0.0,0.0,0,4.822265625,6,45,05:40,20:21,2025-05-22 05:35:57.473802,Città della Scienza,81.0,13.320167,7.963519,10.427544,9.0832615,EU EEA Common AQI,67.4,11.354077,6.0106726,7200,3.2463768,100,100,62.3,2.6898549,Very Low,66.5,11.831601,100,1747891800,Very Low,8.342034,12.894638,Very Low,11.986565,60.5,4.7826085,100,1747891800,3.3623188
2025-05-22T05:36:08Z,0,29.934,72.4,63,66.3,3,4,154,82,0.0,255,32767,0.11,2090-9-18,0.0,0.52,26.6,0.0,0.0,0.0,0,4.822265625,6,45,05:40,20:21,2025-05-22 05:36:08.587804,Città della Scienza,81.0,13.320167,7.963519,10.427544,9.0832615,EU EEA Common AQI,67.4,11.354077,6.0106726,7200,3.2463768,100,100,62.3,2.6898549,Very Low,66.5,11.831601,100,1747891800,Very Low,8.342034,12.894638,Very Low,11.986565,60.5,4.7826085,100,1747891800,3.3623188
2025-05-22T05:36:19Z,0,29.934,72.4,63,66.3,2,4,181,82,0.0,255,32767,0.11,2090-9-18,0.0,0.52,26.6,0.0,0.0,0.0,0,4.822265625,6,45,05:40,20:21,2025-05-22 05:36:19.748794,Città della Scienza,81.0,13.320167,7.963519,10.427544,9.0832615,EU EEA Common AQI,67.4,11.354077,6.0106726,7200,3.2463768,100,100,62.3,2.6898549,Very Low,66.5,11.831601,100,1747891800,Very Low,8.342034,12.894638,Very Low,11.986565,60.5,4.7826085,100,1747891800,3.3623188
2025-05-22T05:36:31Z,0,29.934,72.4,63,66.2,3,4,209,82,0.0,255,32767,0.11,2090-9-18,0.0,0.52,26.6,0.0,0.0,0.0,0,4.822265625,6,45,05:40,20:21,2025-05-22 05:36:30.831791,Città della Scienza,81.0,13.320167,7.963519,10.427544,9.0832615,EU EEA Common AQI,67.4,11.354077,6.0106726,7200,3.2463768,100,100,62.3,2.6898549,Very Low,66.5,11.831601,100,1747891800,Very Low,8.342034,12.894638,Very Low,11.986565,60.5,4.7826085,100,1747891800,3.3623188
2025-05-22T05:36:42Z,0,29.932,72.5,63,66.2,4,4,215,82,0.0,255,32767,0.11,2090-9-18,0.0,0.52,26.6,0.0,0.0,0.0,0,4.822265625,6,45,05:40,20:21,2025-05-22 05:36:41.950787,Città della Scienza,81.0,13.320167,7.963519,10.427544,9.0832615,EU EEA Common AQI,67.4,11.354077,6.0106726,7200,3.2463768,100,100,62.3,2.6898549,Very Low,66.5,11.831601,100,1747891800,Very Low,8.342034,12.894638,Very Low,11.986565,60.5,4.7826085,100,1747891800,3.3623188
2025-05-22T05:36:53Z,0,29.932,72.5,63,66.3,5,4,173,82,0.0,255,32767,0.11,2090-9-18,0.0,0.52,26.6,0.0,0.0,0.0,0,4.822265625,6,45,05:40,20:21,2025-05-22 05:36:53.094787,Città della Scienza,81.0,13.320167,7.963519,10.427544,9.0832615,EU EEA Common AQI,67.4,11.354077,6.0106726,7200,3.2463768,100,100,62.3,2.6898549,Very Low,66.5,11.831601,100,1747891800,Very Low,8.342034,12.894638,Very Low,11.986565,60.5,4.7826085,100,1747891800,3.3623188
2025-05-22T05:37:04Z,0,29.932,72.5,63,66.3,6,4,172,82,0.0,255,32767,0.11,2090-9-18,0.0,0.52,26.6,0.0,0.0,0.0,0,4.822265625,6,45,05:40,20:21,2025-05-22 05:37:04.213791,Città della Scienza,81.0,13.320167,7.963519,10.427544,9.0832615,EU EEA Common AQI,67.4,11.354077,6.0106726,7200,3.2463768,100,100,62.3,2.6898549,Very Low,66.5,11.831601,100,1747891800,Very Low,8.342034,12.894638,Very Low,11.986565,60.5,4.7826085,100,1747891800,3.3623188
2025-05-22T05:37:15Z,0,29.932,72.5,63,66.3,5,4,171,82,0.0,255,32767,0.11,2090-9-18,0.0,0.52,26.6,0.0,0.0,0.0,0,4.822265625,6,45,05:40,20:21,2025-05-22 05:37:15.332785,Città della Scienza,81.0,13.320167,7.963519,10.427544,9.0832615,EU EEA Common AQI,67.4,11.354077,6.0106726,7200,3.2463768,100,100,62.3,2.6898549,Very Low,66.5,11.831601,100,1747891800,Very Low,8.342034,12.894638,Very Low,11.986565,60.5,4.7826085,100,1747891800,3.3623188
2025-05-22T05:37:26Z,0,29.932,72.5,63,66.3,3,4,176,82,0.0,255,32767,0.11,2090-9-18,0.0,0.52,26.6,0.0,0.0,0.0,0,4.822265625,6,45,05:40,20:21,2025-05-22 05:37:26.409793,Città della Scienza,81.0,13.320167,7.963519,10.427544,9.0832615,EU EEA Common AQI,67.4,11.354077,6.0106726,7200,3.2463768,100,100,62.3,2.6898549,Very Low,66.5,11.831601,100,1747891800,Very Low,8.342034,12.894638,Very Low,11.986565,60.5,4.7826085,100,1747891800,3.3623188
2025-05-22T05:37:37Z,0,29.935,72.5,63,66.3,4,4,187,82,0.0,255,32767,0.11,2090-9-18,0.0,0.52,26.6,0.0,0.0,0.0,0,4.822265625,6,45,05:40,20:21,2025-05-22 05:37:37.556790,Città della Scienza,81.0,13.320167,7.963519,10.427544,9.0832615,EU EEA Common AQI,67.4,11.354077,6.0106726,7200,3.2463768,100,100,62.3,2.6898549,Very Low,66.5,11.831601,100,1747891800,Very Low,8.342034,12.894638,Very Low,11.986565,60.5,4.7826085,100,1747891800,3.3623188
2025-05-22T05:37:48Z,0,29.935,72.5,63,66.3,5,4,161,82,0.0,255,32767,0.11,2090-9-18,0.0,0.52,26.6,0.0,0.0,0.0,0,4.822265625,6,45,05:40,20:21,2025-05-22 05:37:48.634791,Città della Scienza,81.0,13.320167,7.963519,10.427544,9.0832615,EU EEA Common AQI,67.4,11.354077,6.0106726,7200,3.2463768,100,100,62.3,2.6898549,Very Low,66.5,11.831601,100,1747891800,Very Low,8.342034,12.894638,Very Low,11.986565,60.5,4.7826085,100,1747891800,3.3623188
2025-05-22T05:37:59Z,0,29.935,72.5,63,66.3,5,4,188,82,0.0,255,32767,0.11,2090-9-18,0.0,0.52,26.6,0.0,0.0,0.0,0,4.822265625,6,45,05:40,20:21,2025-05-22 05:37:59.736786,Città della Scienza,81.0,13.320167,7.963519,10.427544,9.0832615,EU EEA Common AQI,67.4,11.354077,6.0106726,7200,3.2463768,100,100,62.3,2.6898549,Very Low,66.5,11.831601,100,1747891800,Very Low,8.342034,12.894638,Very Low,11.986565,60.5,4.7826085,100,1747891800,3.3623188
2025-05-22T05:38:11Z,0,29.935,72.5,63,66.3,6,4,174,82,0.0,255,32767,0.11,2090-9-18,0.0,0.52,26.6,0.0,0.0,0.0,0,4.822265625,6,45,05:40,20:21,2025-05-22 05:38:10.817832,Città della Scienza,81.0,13.320167,7.963519,10.427544,9.0832615,EU EEA Common AQI,67.4,11.354077,6.0106726,7200,3.2463768,100,100,62.3,2.6898549,Very Low,66.5,11.831601,100,1747891800,Very Low,8.342034,12.894638,Very Low,11.986565,60.5,4.7826085,100,1747891800,3.3623188
2025-05-22T05:38:22Z,0,29.935,72.5,63,66.3,6,4,182,82,0.0,255,32767,0.11,2090-9-18,0.0,0.52,26.6,0.0,0.0,0.0,0,4.822265625,6,45,05:40,20:21,2025-05-22 05:38:21.931782,Città della Scienza,81.0,13.320167,7.963519,10.427544,9.0832615,EU EEA Common AQI,67.4,11.354077,6.0106726,7200,3.2463768,100,100,62.3,2.6898549,Very Low,66.5,11.831601,100,1747891800,Very Low,8.342034,12.894638,Very Low,11.986565,60.5,4.7826085,100,1747891800,3.3623188
2025-05-22T05:38:33Z,0,29.932,72.6,63,66.3,6,4,182,82,0.0,255,32767,0.11,2090-9-18,0.0,0.52,26.6,0.0,0.0,0.0,0,4.822265625,6,45,05:40,20:21,2025-05-22 05:38:33.125789,Città della Scienza,81.0,13.320167,7.963519,10.427544,9.0832615,EU EEA Common AQI,67.4,11.354077,6.0106726,7200,3.2463768,100,100,62.3,2.6898549,Very Low,66.5,11.831601,100,1747891800,Very Low,8.342034,12.894638,Very Low,11.986565,60.5,4.7826085,100,1747891800,3.3623188
2025-05-22T05:38:44Z,0,29.932,72.6,63,66.3,3,4,208,82,0.0,255,32767,0.11,2090-9-18,0.0,0.52,26.6,0.0,0.0,0.0,0,4.822265625,6,45,05:40,20:21,2025-05-22 05:38:44.222789,Città della Scienza,81.0,13.320167,7.963519,10.427544,9.0832615,EU EEA Common AQI,67.4,11.354077,6.0106726,7200,3.2463768,100,100,62.3,2.6898549,Very Low,66.5,11.831601,100,1747891800,Very Low,8.342034,12.894638,Very Low,11.986565,60.5,4.7826085,100,1747891800,3.3623188
2025-05-22T05:38:55Z,0,29.932,72.6,63,66.3,2,4,179,82,0.0,255,32767,0.11,2090-9-18,0.0,0.52,26.6,0.0,0.0,0.0,0,4.822265625,6,45,05:40,20:21,2025-05-22 05:38:55.331797,Città della Scienza,81.0,13.320167,7.963519,10.427544,9.0832615,EU EEA Common AQI,67.4,11.354077,6.0106726,7200,3.2463768,100,100,62.3,2.6898549,Very Low,66.5,11.831601,100,1747891800,Very Low,8.342034,12.894638,Very Low,11.986565,60.5,4.7826085,100,1747891800,3.3623188
2025-05-22T05:39:06Z,0,29.932,72.6,63,66.3,2,4,202,82,0.0,255,32767,0.11,2090-9-18,0.0,0.52,26.6,0.0,0.0,0.0,0,4.822265625,6,45,05:40,20:21,2025-05-22 05:39:06.440791,Città della Scienza,81.0,13.320167,7.963519,10.427544,9.0832615,EU EEA Common AQI,67.4,11.354077,6.0106726,7200,3.2463768,100,100,62.3,2.6898549,Very Low,66.5,11.831601,100,1747891800,Very Low,8.342034,12.894638,Very Low,11.986565,60.5,4.7826085,100,1747891800,3.3623188
2025-05-22T05:39:17Z,0,29.932,72.6,63,66.3,4,4,186,82,0.0,255,32767,0.11,2090-9-18,0.0,0.52,26.6,0.0,0.0,0.0,0,4.822265625,6,45,05:40,20:21,2025-05-22 05:39:17.544792,Città della Scienza,81.0,13.320167,7.963519,10.427544,9.0832615,EU EEA Common AQI,67.4,11.354077,6.0106726,7200,3.2463768,100,100,62.3,2.6898549,Very Low,66.5,11.831601,100,1747891800,Very Low,8.342034,12.894638,Very Low,11.986565,60.5,4.7826085,100,1747891800,3.3623188
2025-05-22T05:39:28Z,0,29.932,72.6,63,66.3,5,4,194,82,0.0,255,32767,0.11,2090-9-18,0.0,0.52,26.6,0.0,0.0,0.0,0,4.822265625,6,45,05:40,20:21,2025-05-22 05:39:28.666786,Città della Scienza,81.0,13.320167,7.963519,10.427544,9.0832615,EU EEA Common AQI,67.4,11.354077,6.0106726,7200,3.2463768,100,100,62.3,2.6898549,Very Low,66.5,11.831601,100,1747891800,Very Low,8.342034,12.894638,Very Low,11.986565,60.5,4.7826085,100,1747891800,3.3623188
2025-05-22T05:39:39Z,0,29.934,72.5,63,66.3,5,4,198,82,0.0,255,32767,0.11,2090-9-18,0.0,0.52,26.6,0.0,0.0,0.0,0,4.822265625,6,45,05:40,20:21,2025-05-22 05:39:39.786793,Città della Scienza,81.0,13.320167,7.963519,10.427544,9.0832615,EU EEA Common AQI,67.4,11.354077,6.0106726,7200,3.2463768,100,100,62.3,2.6898549,Very Low,66.5,11.831601,100,1747891800,Very Low,8.342034,12.894638,Very Low,11.986565,60.5,4.7826085,100,1747891800,3.3623188
2025-05-22T05:39:51Z,0,29.934,72.5,63,66.3,2,4,256,82,0.0,255,32767,0.11,2090-9-18,0.0,0.52,26.6,0.0,0.0,0.0,0,4.822265625,6,45,05:40,20:21,2025-05-22 05:39:50.900795,Città della Scienza,81.0,13.320167,7.963519,10.427544,9.0832615,EU EEA Common AQI,67.4,11.354077,6.0106726,7200,3.2463768,100,100,62.3,2.6898549,Very Low,66.5,11.831601,100,1747891800,Very Low,8.342034,12.894638,Very Low,11.986565,60.5,4.7826085,100,1747891800,3.3623188
2025-05-22T05:40:02Z,0,29.934,72.5,63,66.3,2,4,177,82,0.0,255,32767,0.11,2090-9-18,0.0,0.52,26.6,0.0,0.0,0.0,0,4.822265625,6,45,05:40,20:21,2025-05-22 05:40:01.999780,Città della Scienza,81.0,13.320167,7.963519,10.427544,9.0832615,EU EEA Common AQI,67.4,11.354077,6.0106726,7200,3.2463768,100,100,62.3,2.6898549,Very Low,66.5,11.831601,100,1747891800,Very Low,8.342034,12.894638,Very Low,11.986565,60.5,4.7826085,100,1747891800,3.3623188
2025-05-22T05:40:13Z,0,29.934,72.5,63,66.3,4,4,178,82,0.0,255,32767,0.11,2090-9-18,0.0,0.52,26.6,0.0,0.0,0.0,0,4.822265625,6,45,05:40,20:21,2025-05-22 05:40:13.113758,Città della Scienza,81.0,13.320167,7.963519,10.427544,9.0832615,EU EEA Common AQI,67.4,11.354077,6.0106726,7200,3.2463768,100,100,62.3,2.6898549,Very Low,66.5,11.831601,100,1747891800,Very Low,8.342034,12.894638,Very Low,11.986565,60.5,4.7826085,100,1747891800,3.3623188
2025-05-22T05:40:24Z,0,29.934,72.5,63,66.3,5,4,213,82,0.0,255,32767,0.11,2090-9-18,0.0,0.52,26.6,0.0,0.0,0.0,0,4.822265625,6,45,05:40,20:21,2025-05-22 05:40:24.200784,Città della Scienza,81.0,13.320167,7.963519,10.427544,9.0832615,EU EEA Common AQI,67.4,11.354077,6.0106726,7200,3.2463768,100,100,62.3,2.6898549,Very Low,66.5,11.831601,100,1747891800,Very Low,8.342034,12.894638,Very Low,11.986565,60.5,4.7826085,100,1747891800,3.3623188
2025-05-22T05:40:35Z,0,29.934,72.5,63,66.4,2,4,236,82,0.0,255,32767,0.11,2090-9-18,0.0,0.52,26.6,0.0,0.0,0.0,0,4.822265625,6,45,05:40,20:21,2025-05-22 05:40:35.308791,Città della Scienza,81.0,13.320167,7.963519,10.427544,9.0832615,EU EEA Common AQI,67.4,11.354077,6.0106726,7200,3.2463768,100,100,62.3,2.6898549,Very Low,66.5,11.831601,100,1747891800,Very Low,8.342034,12.894638,Very Low,11.986565,60.5,4.7826085,100,1747891800,3.3623188
2025-05-22T05:40:46Z,0,29.934,72.5,63,66.3,5,4,190,82,0.0,255,32767,0.11,2090-9-18,0.0,0.52,26.6,0.0,0.0,0.0,0,4.822265625,6,45,05:40,20:21,2025-05-22 05:40:46.453780,Città della Scienza,81.0,13.320167,7.963519,10.427544,9.0832615,EU EEA Common AQI,67.4,11.354077,6.0106726,7200,3.2463768,100,100,62.3,2.6898549,Very Low,66.5,11.831601,100,1747891800,Very Low,8.342034,12.894638,Very Low,11.986565,60.5,4.7826085,100,1747891800,3.3623188
2025-05-22T05:40:57Z,0,29.934,72.5,63,66.4,4,4,166,82,0.0,255,32767,0.11,2090-9-18,0.0,0.52,26.6,0.0,0.0,0.0,0,4.822265625,6,45,05:40,20:21,2025-05-22 05:40:57.545788,Città della Scienza,81.0,13.320167,7.963519,10.427544,9.0832615,EU EEA Common AQI,67.4,11.354077,6.0106726,7200,3.2463768,100,100,62.3,2.6898549,Very Low,66.5,11.831601,100,1747891800,Very Low,8.342034,12.894638,Very Low,11.986565,60.5,4.7826085,100,1747891800,3.3623188
2025-05-22T05:41:08Z,0,29.934,72.5,63,66.4,3,4,175,82,0.0,255,32767,0.11,2090-9-18,0.0,0.52,26.6,0.0,0.0,0.0,0,4.822265625,6,45,05:40,20:21,2025-05-22 05:41:08.638796,Città della Scienza,81.0,13.320167,7.963519,10.427544,9.0832615,EU EEA Common AQI,67.4,11.354077,6.0106726,7200,3.2463768,100,100,62.3,2.6898549,Very Low,66.5,11.831601,100,1747891800,Very Low,8.342034,12.894638,Very Low,11.986565,60.5,4.7826085,100,1747891800,3.3623188
2025-05-22T05:41:19Z,0,29.934,72.5,63,66.4,4,4,205,82,0.0,255,32767,0.11,2090-9-18,0.0,0.52,26.6,0.0,0.0,0.0,0,4.822265625,6,45,05:40,20:21,2025-05-22 05:41:19.736784,Città della Scienza,81.0,13.320167,7.963519,10.427544,9.0832615,EU EEA Common AQI,67.4,11.354077,6.0106726,7200,3.2463768,100,100,62.3,2.6898549,Very Low,66.5,11.831601,100,1747891800,Very Low,8.342034,12.894638,Very Low,11.986565,60.5,4.7826085,100,1747891800,3.3623188
2025-05-22T05:41:31Z,0,29.934,72.5,63,66.3,4,4,204,82,0.0,255,32767,0.11,2090-9-18,0.0,0.52,26.6,0.0,0.0,0.0,0,4.822265625,6,45,05:40,20:21,2025-05-22 05:41:30.806795,Città della Scienza,81.0,13.320167,7.963519,10.427544,9.0832615,EU EEA Common AQI,67.4,11.354077,6.0106726,7200,3.2463768,100,100,62.3,2.6898549,Very Low,66.5,11.831601,100,1747891800,Very Low,8.342034,12.894638,Very Low,11.986565,60.5,4.7826085,100,1747891800,3.3623188
2025-05-22T05:41:42Z,0,29.934,72.6,63,66.3,4,4,212,82,0.0,255,32767,0.11,2090-9-18,0.0,0.52,26.6,0.0,0.0,0.0,0,4.822265625,6,45,05:40,20:21,2025-05-22 05:41:41.945756,Città della Scienza,81.0,13.320167,7.963519,10.427544,9.0832615,EU EEA Common AQI,67.4,11.354077,6.0106726,7200,3.2463768,100,100,62.3,2.6898549,Very Low,66.5,11.831601,100,1747891800,Very Low,8.342034,12.894638,Very Low,11.986565,60.5,4.7826085,100,1747891800,3.3623188
2025-05-22T05:41:53Z,0,29.934,72.6,63,66.4,2,4,210,82,0.0,255,32767,0.11,2090-9-18,0.0,0.52,26.6,0.0,0.0,0.0,0,4.822265625,6,45,05:40,20:21,2025-05-22 05:41:53.071750,Città della Scienza,81.0,13.320167,7.963519,10.427544,9.0832615,EU EEA Common AQI,67.4,11.354077,6.0106726,7200,3.2463768,100,100,62.3,2.6898549,Very Low,66.5,11.831601,100,1747891800,Very Low,8.342034,12.894638,Very Low,11.986565,60.5,4.7826085,100,1747891800,3.3623188
2025-05-22T05:42:04Z,0,29.934,72.6,63,66.4,4,4,198,82,0.0,255,32767,0.11,2090-9-18,0.0,0.52,26.6,0.0,0.0,0.0,0,4.822265625,6,45,05:40,20:21,2025-05-22 05:42:04.189791,Città della Scienza,81.0,13.320167,7.963519,10.427544,9.0832615,EU EEA Common AQI,67.4,11.354077,6.0106726,7200,3.2463768,100,100,62.3,2.6898549,Very Low,66.5,11.831601,100,1747891800,Very Low,8.342034,12.894638,Very Low,11.986565,60.5,4.7826085,100,1747891800,3.3623188
2025-05-22T05:42:15Z,0,29.934,72.6,63,66.4,8,4,159,82,0.0,255,32767,0.11,2090-9-18,0.0,0.52,26.6,0.0,0.0,0.0,0,4.822265625,6,45,05:40,20:21,2025-05-22 05:42:15.295788,Città della Scienza,81.0,13.320167,7.963519,10.427544,9.0832615,EU EEA Common AQI,67.4,11.354077,6.0106726,7200,3.2463768,100,100,62.3,2.6898549,Very Low,66.5,11.831601,100,1747891800,Very Low,8.342034,12.894638,Very Low,11.986565,60.5,4.7826085,100,1747891800,3.3623188
2025-05-22T05:42:26Z,0,29.934,72.6,63,66.3,2,4,178,82,0.0,255,32767,0.11,2090-9-18,0.0,0.52,26.6,0.0,0.0,0.0,0,4.822265625,6,45,05:40,20:21,2025-05-22 05:42:26.391787,Città della Scienza,81.0,13.320167,7.963519,10.427544,9.0832615,EU EEA Common AQI,67.4,11.354077,6.0106726,7200,3.2463768,100,100,62.3,2.6898549,Very Low,66.5,11.831601,100,1747891800,Very Low,8.342034,12.894638,Very Low,11.986565,60.5,4.7826085,100,1747891800,3.3623188
2025-05-22T05:42:37Z,0,29.933,72.6,63,66.3,2,4,217,82,0.0,255,32767,0.11,2090-9-18,0.0,0.52,26.6,0.0,0.0,0.0,0,4.822265625,6,45,05:40,20:21,2025-05-22 05:42:37.487747,Città della Scienza,81.0,13.320167,7.963519,10.427544,9.0832615,EU EEA Common AQI,67.4,11.354077,6.0106726,7200,3.2463768,100,100,62.3,2.6898549,Very Low,66.5,11.831601,100,1747891800,Very Low,8.342034,12.894638,Very Low,11.986565,60.5,4.7826085,100,1747891800,3.3623188
2025-05-22T05:42:48Z,0,29.933,72.6,63,66.4,1,4,186,82,0.0,255,32767,0.11,2090-9-18,0.0,0.52,26.6,0.0,0.0,0.0,0,4.822265625,6,45,05:40,20:21,2025-05-22 05:42:48.608791,Città della Scienza,81.0,13.320167,7.963519,10.427544,9.0832615,EU EEA Common AQI,67.4,11.354077,6.0106726,7200,3.2463768,100,100,62.3,2.6898549,Very Low,66.5,11.831601,100,1747891800,Very Low,8.342034,12.894638,Very Low,11.986565,60.5,4.7826085,100,1747891800,3.3623188
2025-05-22T05:42:59Z,0,29.933,72.6,63,66.4,4,4,160,82,0.0,255,32767,0.11,2090-9-18,0.0,0.52,26.6,0.0,0.0,0.0,0,4.822265625,6,45,05:40,20:21,2025-05-22 05:42:59.717789,Città della Scienza,81.0,13.320167,7.963519,10.427544,9.0832615,EU EEA Common AQI,67.4,11.354077,6.0106726,7200,3.2463768,100,100,62.3,2.6898549,Very Low,66.5,11.831601,100,1747891800,Very Low,8.342034,12.894638,Very Low,11.986565,60.5,4.7826085,100,1747891800,3.3623188
2025-05-22T05:43:11Z,0,29.933,72.6,63,66.3,2,4,175,82,0.0,255,32767,0.11,2090-9-18,0.0,0.52,26.6,0.0,0.0,0.0,0,4.822265625,6,45,05:40,20:21,2025-05-22 05:43:10.815795,Città della Scienza,81.0,13.320167,7.963519,10.427544,9.0832615,EU EEA Common AQI,67.4,11.354077,6.0106726,7200,3.2463768,100,100,62.3,2.6898549,Very Low,66.5,11.831601,100,1747891800,Very Low,8.342034,12.894638,Very Low,11.986565,60.5,4.7826085,100,1747891800,3.3623188
2025-05-22T05:43:22Z,0,29.933,72.6,63,66.3,5,4,180,82,0.0,255,32767,0.11,2090-9-18,0.0,0.52,26.6,0.0,0.0,0.0,0,4.822265625,6,45,05:40,20:21,2025-05-22 05:43:21.915788,Città della Scienza,81.0,13.320167,7.963519,10.427544,9.0832615,EU EEA Common AQI,67.4,11.354077,6.0106726,7200,3.2463768,100,100,62.3,2.6898549,Very Low,66.5,11.831601,100,1747891800,Very Low,8.342034,12.894638,Very Low,11.986565,60.5,4.7826085,100,1747891800,3.3623188
2025-05-22T05:43:33Z,0,29.933,72.6,63,66.3,4,4,176,82,0.0,255,32767,0.11,2090-9-18,0.0,0.52,26.6,0.0,0.0,0.0,0,4.822265625,6,45,05:40,20:21,2025-05-22 05:43:33.048788,Città della Scienza,81.0,13.320167,7.963519,10.427544,9.0832615,EU EEA Common AQI,67.4,11.354077,6.0106726,7200,3.2463768,100,100,62.3,2.6898549,Very Low,66.5,11.831601,100,1747891800,Very Low,8.342034,12.894638,Very Low,11.986565,60.5,4.7826085,100,1747891800,3.3623188
2025-05-22T05:43:44Z,0,29.935,72.6,63,66.3,4,4,169,82,0.0,255,32767,0.11,2090-9-18,0.0,0.52,26.6,0.0,0.0,0.0,0,4.822265625,6,45,05:40,20:21,2025-05-22 05:43:44.173788,Città della Scienza,81.0,13.320167,7.963519,10.427544,9.0832615,EU EEA Common AQI,67.4,11.354077,6.0106726,7200,3.2463768,100,100,62.3,2.6898549,Very Low,66.5,11.831601,100,1747891800,Very Low,8.342034,12.894638,Very Low,11.986565,60.5,4.7826085,100,1747891800,3.3623188
2025-05-22T05:43:55Z,0,29.935,72.6,63,66.3,4,4,168,82,0.0,255,32767,0.11,2090-9-18,0.0,0.52,26.6,0.0,0.0,0.0,0,4.822265625,6,45,05:40,20:21,2025-05-22 05:43:55.245791,Città della Scienza,81.0,13.320167,7.963519,10.427544,9.0832615,EU EEA Common AQI,67.4,11.354077,6.0106726,7200,3.2463768,100,100,62.3,2.6898549,Very Low,66.5,11.831601,100,1747891800,Very Low,8.342034,12.894638,Very Low,11.986565,60.5,4.7826085,100,1747891800,3.3623188
2025-05-22T05:44:06Z,0,29.935,72.6,63,66.3,2,4,180,82,0.0,255,32767,0.11,2090-9-18,0.0,0.52,26.6,0.0,0.0,0.0,0,4.822265625,6,45,05:40,20:21,2025-05-22 05:44:06.337789,Città della Scienza,81.0,13.320167,7.963519,10.427544,9.0832615,EU EEA Common AQI,67.4,11.354077,6.0106726,7200,3.2463768,100,100,62.3,2.6898549,Very Low,66.5,11.831601,100,1747891800,Very Low,8.342034,12.894638,Very Low,11.986565,60.5,4.7826085,100,1747891800,3.3623188
2025-05-22T05:44:17Z,0,29.935,72.6,63,66.3,4,4,180,82,0.0,255,32767,0.11,2090-9-18,0.0,0.52,26.6,0.0,0.0,0.0,0,4.822265625,6,45,05:40,20:21,2025-05-22 05:44:17.449790,Città della Scienza,81.0,13.320167,7.963519,10.427544,9.0832615,EU EEA Common AQI,67.4,11.354077,6.0106726,7200,3.2463768,100,100,62.3,2.6898549,Very Low,66.5,11.831601,100,1747891800,Very Low,8.342034,12.894638,Very Low,11.986565,60.5,4.7826085,100,1747891800,3.3623188
2025-05-22T05:44:28Z,0,29.935,72.6,63,66.3,5,4,173,82,0.0,255,32767,0.11,2090-9-18,0.0,0.52,26.6,0.0,0.0,0.0,0,4.822265625,6,45,05:40,20:21,2025-05-22 05:44:28.540788,Città della Scienza,81.0,13.320167,7.963519,10.427544,9.0832615,EU EEA Common AQI,67.4,11.354077,6.0106726,7200,3.2463768,100,100,62.3,2.6898549,Very Low,66.5,11.831601,100,1747891800,Very Low,8.342034,12.894638,Very Low,11.986565,60.5,4.7826085,100,1747891800,3.3623188
2025-05-22T05:44:39Z,0,29.932,72.6,63,66.3,5,4,194,82,0.0,255,32767,0.11,2090-9-18,0.0,0.52,26.6,0.0,0.0,0.0,0,4.822265625,6,45,05:40,20:21,2025-05-22 05:44:39.651790,Città della Scienza,81.0,13.320167,7.963519,10.427544,9.0832615,EU EEA Common AQI,67.4,11.354077,6.0106726,7200,3.2463768,100,100,62.3,2.6898549,Very Low,66.5,11.831601,100,1747891800,Very Low,8.342034,12.894638,Very Low,11.986565,60.5,4.7826085,100,1747891800,3.3623188
2025-05-22T05:44:50Z,0,29.932,72.6,63,66.3,4,4,234,82,0.0,255,32767,0.11,2090-9-18,0.0,0.52,26.6,0.0,0.0,0.0,0,4.822265625,6,45,05:40,20:21,2025-05-22 05:44:50.746801,Città della Scienza,81.0,13.320167,7.963519,10.427544,9.0832615,EU EEA Common AQI,67.4,11.354077,6.0106726,7200,3.2463768,100,100,62.3,2.6898549,Very Low,66.5,11.831601,100,1747891800,Very Low,8.342034,12.894638,Very Low,11.986565,60.5,4.7826085,100,1747891800,3.3623188
2025-05-22T05:45:02Z,0,29.932,72.6,63,66.3,2,4,240,82,0.0,255,32767,0.11,2090-9-18,0.0,0.52,26.6,0.0,0.0,0.0,0,4.822265625,6,45,05:40,20:21,2025-05-22 05:45:01.830778,Città della Scienza,81.0,13.320167,7.963519,10.427544,9.0832615,EU EEA Common AQI,67.4,11.354077,6.0106726,7200,3.2463768,100,100,62.3,2.6898549,Very Low,66.5,11.831601,100,1747891800,Very Low,8.342034,12.894638,Very Low,11.986565,60.5,4.7826085,100,1747891800,3.3623188
2025-05-22T05:45:13Z,0,29.932,72.6,63,66.3,3,4,192,82,0.0,255,32767,0.11,2090-9-18,0.0,0.52,26.6,0.0,0.0,0.0,0,4.822265625,6,45,05:40,20:21,2025-05-22 05:45:12.954797,Città della Scienza,81.0,13.320167,7.963519,10.427544,9.0832615,EU EEA Common AQI,67.4,11.354077,6.0106726,7200,3.2463768,100,100,62.3,2.6898549,Very Low,66.5,11.831601,100,1747891800,Very Low,8.342034,12.894638,Very Low,11.986565,60.5,4.7826085,100,1747891800,3.3623188
2025-05-22T05:45:24Z,0,29.932,72.6,63,66.3,4,4,184,82,0.0,255,32767,0.11,2090-9-18,0.0,0.52,26.6,0.0,0.0,0.0,0,4.822265625,6,45,05:40,20:21,2025-05-22 05:45:24.072787,Città della Scienza,79.8,12.840742,7.954465,7.873742,8.217729,EU EEA Common AQI,68.1,10.2721615,6.0204067,7200,3.4,100,100,62.7,2.9485712,Very Low,67.1,11.318036,100,1747892700,Very Low,6.298993,11.811295,Very Low,9.386919,60.7,4.8285713,100,1747892700,3.6857142
2025-05-22T05:45:35Z,0,29.934,72.6,63,66.3,2,4,182,82,0.0,255,32767,0.11,2090-9-18,0.0,0.52,26.6,0.0,0.0,0.0,0,4.822265625,6,45,05:40,20:21,2025-05-22 05:45:35.195787,Città della Scienza,79.8,12.840742,7.954465,7.873742,8.217729,EU EEA Common AQI,68.1,10.2721615,6.0204067,7200,3.4,100,100,62.7,2.9485712,Very Low,67.1,11.318036,100,1747892700,Very Low,6.298993,11.811295,Very Low,9.386919,60.7,4.8285713,100,1747892700,3.6857142
2025-05-22T05:45:46Z,0,29.934,72.6,63,66.3,1,4,200,82,0.0,255,32767,0.11,2090-9-18,0.0,0.52,26.6,0.0,0.0,0.0,0,4.822265625,6,45,05:40,20:21,2025-05-22 05:45:46.303787,Città della Scienza,79.8,12.840742,7.954465,7.873742,8.217729,EU EEA Common AQI,68.1,10.2721615,6.0204067,7200,3.4,100,100,62.7,2.9485712,Very Low,67.1,11.318036,100,1747892700,Very Low,6.298993,11.811295,Very Low,9.386919,60.7,4.8285713,100,1747892700,3.6857142
2025-05-22T05:45:57Z,0,29.934,72.6,63,66.3,2,4,176,82,0.0,255,32767,0.11,2090-9-18,0.0,0.52,26.6,0.0,0.0,0.0,0,4.822265625,6,45,05:40,20:21,2025-05-22 05:45:57.406790,Città della Scienza,79.8,12.840742,7.954465,7.873742,8.217729,EU EEA Common AQI,68.1,10.2721615,6.0204067,7200,3.4,100,100,62.7,2.9485712,Very Low,67.1,11.318036,100,1747892700,Very Low,6.298993,11.811295,Very Low,9.386919,60.7,4.8285713,100,1747892700,3.6857142
2025-05-22T05:46:08Z,0,29.934,72.6,63,66.3,2,4,175,80,0.0,255,32767,0.11,2090-9-18,0.0,0.52,26.6,0.0,0.0,0.0,0,4.822265625,6,45,05:40,20:21,2025-05-22 05:46:08.512797,Città della Scienza,79.8,12.840742,7.954465,7.873742,8.217729,EU EEA Common AQI,68.1,10.2721615,6.0204067,7200,3.4,100,100,62.7,2.9485712,Very Low,67.1,11.318036,100,1747892700,Very Low,6.298993,11.811295,Very Low,9.386919,60.7,4.8285713,100,1747892700,3.6857142
2025-05-22T05:46:19Z,0,29.934,72.6,63,66.3,2,4,176,80,0.0,255,32767,0.11,2090-9-18,0.0,0.52,26.6,0.0,0.0,0.0,0,4.822265625,6,45,05:40,20:21,2025-05-22 05:46:19.609751,Città della Scienza,79.8,12.840742,7.954465,7.873742,8.217729,EU EEA Common AQI,68.1,10.2721615,6.0204067,7200,3.4,100,100,62.7,2.9485712,Very Low,67.1,11.318036,100,1747892700,Very Low,6.298993,11.811295,Very Low,9.386919,60.7,4.8285713,100,1747892700,3.6857142
2025-05-22T05:46:30Z,0,29.934,72.6,63,66.3,2,4,202,80,0.0,255,32767,0.11,2090-9-18,0.0,0.52,26.6,0.0,0.0,0.0,0,4.822265625,6,45,05:40,20:21,2025-05-22 05:46:30.729797,Città della Scienza,79.8,12.840742,7.954465,7.873742,8.217729,EU EEA Common AQI,68.1,10.2721615,6.0204067,7200,3.4,100,100,62.7,2.9485712,Very Low,67.1,11.318036,100,1747892700,Very Low,6.298993,11.811295,Very Low,9.386919,60.7,4.8285713,100,1747892700,3.6857142
2025-05-22T05:46:42Z,0,29.933,72.6,63,66.3,4,4,178,80,0.0,255,32767,0.11,2090-9-18,0.0,0.52,26.6,0.0,0.0,0.0,0,4.822265625,6,45,05:40,20:21,2025-05-22 05:46:41.828791,Città della Scienza,79.8,12.840742,7.954465,7.873742,8.217729,EU EEA Common AQI,68.1,10.2721615,6.0204067,7200,3.4,100,100,62.7,2.9485712,Very Low,67.1,11.318036,100,1747892700,Very Low,6.298993,11.811295,Very Low,9.386919,60.7,4.8285713,100,1747892700,3.6857142
2025-05-22T05:46:53Z,0,29.933,72.6,63,66.3,3,4,209,80,0.0,255,32767,0.11,2090-9-18,0.0,0.52,26.6,0.0,0.0,0.0,0,4.822265625,6,45,05:40,20:21,2025-05-22 05:46:52.907803,Città della Scienza,79.8,12.840742,7.954465,7.873742,8.217729,EU EEA Common AQI,68.1,10.2721615,6.0204067,7200,3.4,100,100,62.7,2.9485712,Very Low,67.1,11.318036,100,1747892700,Very Low,6.298993,11.811295,Very Low,9.386919,60.7,4.8285713,100,1747892700,3.6857142
2025-05-22T05:47:04Z,0,29.933,72.6,63,66.3,2,4,192,80,0.0,255,32767,0.11,2090-9-18,0.0,0.52,26.6,0.0,0.0,0.0,0,4.822265625,6,45,05:40,20:21,2025-05-22 05:47:03.999787,Città della Scienza,79.8,12.840742,7.954465,7.873742,8.217729,EU EEA Common AQI,68.1,10.2721615,6.0204067,7200,3.4,100,100,62.7,2.9485712,Very Low,67.1,11.318036,100,1747892700,Very Low,6.298993,11.811295,Very Low,9.386919,60.7,4.8285713,100,1747892700,3.6857142
2025-05-22T05:47:15Z,0,29.933,72.6,63,66.3,4,4,200,80,0.0,255,32767,0.11,2090-9-18,0.0,0.52,26.6,0.0,0.0,0.0,0,4.822265625,6,45,05:40,20:21,2025-05-22 05:47:15.135796,Città della Scienza,79.8,12.840742,7.954465,7.873742,8.217729,EU EEA Common AQI,68.1,10.2721615,6.0204067,7200,3.4,100,100,62.7,2.9485712,Very Low,67.1,11.318036,100,1747892700,Very Low,6.298993,11.811295,Very Low,9.386919,60.7,4.8285713,100,1747892700,3.6857142
2025-05-22T05:47:26Z,0,29.933,72.6,63,66.3,3,4,206,80,0.0,255,32767,0.11,2090-9-18,0.0,0.52,26.6,0.0,0.0,0.0,0,4.822265625,6,45,05:40,20:21,2025-05-22 05:47:26.238793,Città della Scienza,79.8,12.840742,7.954465,7.873742,8.217729,EU EEA Common AQI,68.1,10.2721615,6.0204067,7200,3.4,100,100,62.7,2.9485712,Very Low,67.1,11.318036,100,1747892700,Very Low,6.298993,11.811295,Very Low,9.386919,60.7,4.8285713,100,1747892700,3.6857142
2025-05-22T05:47:37Z,0,29.932,72.6,63,66.3,5,3,186,80,0.0,255,32767,0.11,2090-9-18,0.0,0.52,26.6,0.0,0.0,0.0,0,4.822265625,6,45,05:40,20:21,2025-05-22 05:47:37.343794,Città della Scienza,79.8,12.840742,7.954465,7.873742,8.217729,EU EEA Common AQI,68.1,10.2721615,6.0204067,7200,3.4,100,100,62.7,2.9485712,Very Low,67.1,11.318036,100,1747892700,Very Low,6.298993,11.811295,Very Low,9.386919,60.7,4.8285713,100,1747892700,3.6857142
2025-05-22T05:47:48Z,0,29.932,72.6,63,66.3,3,3,189,80,0.0,255,32767,0.11,2090-9-18,0.0,0.52,26.6,0.0,0.0,0.0,0,4.822265625,6,45,05:40,20:21,2025-05-22 05:47:48.423793,Città della Scienza,79.8,12.840742,7.954465,7.873742,8.217729,EU EEA Common AQI,68.1,10.2721615,6.0204067,7200,3.4,100,100,62.7,2.9485712,Very Low,67.1,11.318036,100,1747892700,Very Low,6.298993,11.811295,Very Low,9.386919,60.7,4.8285713,100,1747892700,3.6857142
2025-05-22T05:47:59Z,0,29.932,72.6,63,66.3,4,3,186,80,0.0,255,32767,0.11,2090-9-18,0.0,0.52,26.6,0.0,0.0,0.0,0,4.822265625,6,45,05:40,20:21,2025-05-22 05:47:59.512787,Città della Scienza,79.8,12.840742,7.954465,7.873742,8.217729,EU EEA Common AQI,68.1,10.2721615,6.0204067,7200,3.4,100,100,62.7,2.9485712,Very Low,67.1,11.318036,100,1747892700,Very Low,6.298993,11.811295,Very Low,9.386919,60.7,4.8285713,100,1747892700,3.6857142
2025-05-22T05:48:10Z,0,29.932,72.6,63,66.3,4,3,188,80,0.0,255,32767,0.11,2090-9-18,0.0,0.52,26.6,0.0,0.0,0.0,0,4.822265625,6,45,05:40,20:21,2025-05-22 05:48:10.610878,Città della Scienza,79.8,12.840742,7.954465,7.873742,8.217729,EU EEA Common AQI,68.1,10.2721615,6.0204067,7200,3.4,100,100,62.7,2.9485712,Very Low,67.1,11.318036,100,1747892700,Very Low,6.298993,11.811295,Very Low,9.386919,60.7,4.8285713,100,1747892700,3.6857142
2025-05-22T05:48:21Z,0,29.932,72.6,63,66.3,3,3,183,80,0.0,255,32767,0.11,2090-9-18,0.0,0.52,26.6,0.0,0.0,0.0,0,4.822265625,6,45,05:40,20:21,2025-05-22 05:48:21.730786,Città della Scienza,79.8,12.840742,7.954465,7.873742,8.217729,EU EEA Common AQI,68.1,10.2721615,6.0204067,7200,3.4,100,100,62.7,2.9485712,Very Low,67.1,11.318036,100,1747892700,Very Low,6.298993,11.811295,Very Low,9.386919,60.7,4.8285713,100,1747892700,3.6857142
2025-05-22T05:48:33Z,0,29.932,72.6,63,66.4,4,3,170,80,0.0,255,32767,0.11,2090-9-18,0.0,0.52,26.6,0.0,0.0,0.0,0,4.822265625,6,45,05:40,20:21,2025-05-22 05:48:32.971790,Città della Scienza,79.8,12.840742,7.954465,7.873742,8.217729,EU EEA Common AQI,68.1,10.2721615,6.0204067,7200,3.4,100,100,62.7,2.9485712,Very Low,67.1,11.318036,100,1747892700,Very Low,6.298993,11.811295,Very Low,9.386919,60.7,4.8285713,100,1747892700,3.6857142
2025-05-22T05:48:44Z,0,29.932,72.6,63,66.3,1,3,227,80,0.0,255,32767,0.11,2090-9-18,0.0,0.52,26.6,0.0,0.0,0.0,0,4.822265625,6,45,05:40,20:21,2025-05-22 05:48:44.067793,Città della Scienza,79.8,12.840742,7.954465,7.873742,8.217729,EU EEA Common AQI,68.1,10.2721615,6.0204067,7200,3.4,100,100,62.7,2.9485712,Very Low,67.1,11.318036,100,1747892700,Very Low,6.298993,11.811295,Very Low,9.386919,60.7,4.8285713,100,1747892700,3.6857142
2025-05-22T05:48:55Z,0,29.932,72.6,63,66.3,3,3,283,80,0.0,255,32767,0.11,2090-9-18,0.0,0.52,26.6,0.0,0.0,0.0,0,4.822265625,6,45,05:40,20:21,2025-05-22 05:48:55.204792,Città della Scienza,79.8,12.840742,7.954465,7.873742,8.217729,EU EEA Common AQI,68.1,10.2721615,6.0204067,7200,3.4,100,100,62.7,2.9485712,Very Low,67.1,11.318036,100,1747892700,Very Low,6.298993,11.811295,Very Low,9.386919,60.7,4.8285713,100,1747892700,3.6857142
2025-05-22T05:49:06Z,0,29.932,72.6,63,66.3,1,3,163,80,0.0,255,32767,0.11,2090-9-18,0.0,0.52,26.6,0.0,0.0,0.0,0,4.822265625,6,45,05:40,20:21,2025-05-22 05:49:06.307800,Città della Scienza,79.8,12.840742,7.954465,7.873742,8.217729,EU EEA Common AQI,68.1,10.2721615,6.0204067,7200,3.4,100,100,62.7,2.9485712,Very Low,67.1,11.318036,100,1747892700,Very Low,6.298993,11.811295,Very Low,9.386919,60.7,4.8285713,100,1747892700,3.6857142
2025-05-22T05:49:17Z,0,29.932,72.6,63,66.3,2,3,175,80,0.0,255,32767,0.11,2090-9-18,0.0,0.52,26.6,0.0,0.0,0.0,0,4.822265625,6,45,05:40,20:21,2025-05-22 05:49:17.411790,Città della Scienza,79.8,12.840742,7.954465,7.873742,8.217729,EU EEA Common AQI,68.1,10.2721615,6.0204067,7200,3.4,100,100,62.7,2.9485712,Very Low,67.1,11.318036,100,1747892700,Very Low,6.298993,11.811295,Very Low,9.386919,60.7,4.8285713,100,1747892700,3.6857142
2025-05-22T05:49:28Z,0,29.932,72.6,63,66.4,3,3,208,80,0.0,255,32767,0.11,2090-9-18,0.0,0.52,26.6,0.0,0.0,0.0,0,4.822265625,6,45,05:40,20:21,2025-05-22 05:49:28.513783,Città della Scienza,79.8,12.840742,7.954465,7.873742,8.217729,EU EEA Common AQI,68.1,10.2721615,6.0204067,7200,3.4,100,100,62.7,2.9485712,Very Low,67.1,11.318036,100,1747892700,Very Low,6.298993,11.811295,Very Low,9.386919,60.7,4.8285713,100,1747892700,3.6857142
2025-05-22T05:49:39Z,0,29.934,72.7,63,66.3,5,3,191,81,0.0,255,32767,0.11,2090-9-18,0.0,0.52,26.6,0.0,0.0,0.0,0,4.822265625,6,45,05:40,20:21,2025-05-22 05:49:39.642796,Città della Scienza,79.8,12.840742,7.954465,7.873742,8.217729,EU EEA Common AQI,68.1,10.2721615,6.0204067,7200,3.4,100,100,62.7,2.9485712,Very Low,67.1,11.318036,100,1747892700,Very Low,6.298993,11.811295,Very Low,9.386919,60.7,4.8285713,100,1747892700,3.6857142
2025-05-22T05:49:50Z,0,29.934,72.7,63,66.4,4,3,201,81,0.0,255,32767,0.11,2090-9-18,0.0,0.52,26.6,0.0,0.0,0.0,0,4.822265625,6,45,05:40,20:21,2025-05-22 05:49:50.774797,Città della Scienza,79.8,12.840742,7.954465,7.873742,8.217729,EU EEA Common AQI,68.1,10.2721615,6.0204067,7200,3.4,100,100,62.7,2.9485712,Very Low,67.1,11.318036,100,1747892700,Very Low,6.298993,11.811295,Very Low,9.386919,60.7,4.8285713,100,1747892700,3.6857142
2025-05-22T05:50:02Z,0,29.934,72.7,63,66.4,5,3,181,81,0.0,255,32767,0.11,2090-9-18,0.0,0.52,26.6,0.0,0.0,0.0,0,4.822265625,6,45,05:40,20:21,2025-05-22 05:50:01.854772,Città della Scienza,79.8,12.840742,7.954465,7.873742,8.217729,EU EEA Common AQI,68.1,10.2721615,6.0204067,7200,3.4,100,100,62.7,2.9485712,Very Low,67.1,11.318036,100,1747892700,Very Low,6.298993,11.811295,Very Low,9.386919,60.7,4.8285713,100,1747892700,3.6857142
2025-05-22T05:50:13Z,0,29.934,72.7,63,66.4,3,3,189,81,0.0,255,32767,0.11,2090-9-18,0.0,0.52,26.6,0.0,0.0,0.0,0,4.822265625,6,45,05:40,20:21,2025-05-22 05:50:12.937787,Città della Scienza,79.8,12.840742,7.954465,7.873742,8.217729,EU EEA Common AQI,68.1,10.2721615,6.0204067,7200,3.4,100,100,62.7,2.9485712,Very Low,67.1,11.318036,100,1747892700,Very Low,6.298993,11.811295,Very Low,9.386919,60.7,4.8285713,100,1747892700,3.6857142
2025-05-22T05:50:24Z,0,29.934,72.7,63,66.4,4,3,205,81,0.0,255,32767,0.11,2090-9-18,0.0,0.52,26.6,0.0,0.0,0.0,0,4.822265625,6,45,05:40,20:21,2025-05-22 05:50:24.025782,Città della Scienza,79.8,12.840742,7.954465,7.873742,8.217729,EU EEA Common AQI,68.1,10.2721615,6.0204067,7200,3.4,100,100,62.7,2.9485712,Very Low,67.1,11.318036,100,1747892700,Very Low,6.298993,11.811295,Very Low,9.386919,60.7,4.8285713,100,1747892700,3.6857142
2025-05-22T05:50:35Z,0,29.934,72.6,63,66.4,3,3,193,81,0.0,255,32767,0.11,2090-9-18,0.0,0.52,26.6,0.0,0.0,0.0,0,4.822265625,6,45,05:40,20:21,2025-05-22 05:50:35.102792,Città della Scienza,79.8,12.840742,7.954465,7.873742,8.217729,EU EEA Common AQI,68.1,10.2721615,6.0204067,7200,3.4,100,100,62.7,2.9485712,Very Low,67.1,11.318036,100,1747892700,Very Low,6.298993,11.811295,Very Low,9.386919,60.7,4.8285713,100,1747892700,3.6857142
2025-05-22T05:50:46Z,0,29.934,72.6,63,66.4,4,3,180,81,0.0,255,32767,0.11,2090-9-18,0.0,0.52,26.6,0.0,0.0,0.0,0,4.822265625,6,45,05:40,20:21,2025-05-22 05:50:46.226788,Città della Scienza,79.8,12.840742,7.954465,7.873742,8.217729,EU EEA Common AQI,68.1,10.2721615,6.0204067,7200,3.4,100,100,62.7,2.9485712,Very Low,67.1,11.318036,100,1747892700,Very Low,6.298993,11.811295,Very Low,9.386919,60.7,4.8285713,100,1747892700,3.6857142
2025-05-22T05:50:57Z,0,29.934,72.6,63,66.4,6,3,207,81,0.0,255,32767,0.11,2090-9-18,0.0,0.52,26.6,0.0,0.0,0.0,0,4.822265625,6,45,05:40,20:21,2025-05-22 05:50:57.355754,Città della Scienza,79.8,12.840742,7.954465,7.873742,8.217729,EU EEA Common AQI,68.1,10.2721615,6.0204067,7200,3.4,100,100,62.7,2.9485712,Very Low,67.1,11.318036,100,1747892700,Very Low,6.298993,11.811295,Very Low,9.386919,60.7,4.8285713,100,1747892700,3.6857142
2025-05-22T05:51:08Z,0,29.934,72.6,63,66.4,3,3,266,81,0.0,255,32767,0.11,2090-9-18,0.0,0.52,26.6,0.0,0.0,0.0,0,4.822265625,6,45,05:40,20:21,2025-05-22 05:51:08.492782,Città della Scienza,79.8,12.840742,7.954465,7.873742,8.217729,EU EEA Common AQI,68.1,10.2721615,6.0204067,7200,3.4,100,100,62.7,2.9485712,Very Low,67.1,11.318036,100,1747892700,Very Low,6.298993,11.811295,Very Low,9.386919,60.7,4.8285713,100,1747892700,3.6857142
2025-05-22T05:51:19Z,0,29.934,72.6,63,66.4,3,3,193,80,0.0,255,32767,0.11,2090-9-18,0.0,0.52,26.6,0.0,0.0,0.0,0,4.822265625,6,45,05:40,20:21,2025-05-22 05:51:19.597788,Città della Scienza,79.8,12.840742,7.954465,7.873742,8.217729,EU EEA Common AQI,68.1,10.2721615,6.0204067,7200,3.4,100,100,62.7,2.9485712,Very Low,67.1,11.318036,100,1747892700,Very Low,6.298993,11.811295,Very Low,9.386919,60.7,4.8285713,100,1747892700,3.6857142
2025-05-22T05:51:30Z,0,29.934,72.6,63,66.4,4,3,254,80,0.0,255,32767,0.11,2090-9-18,0.0,0.52,26.6,0.0,0.0,0.0,0,4.822265625,6,45,05:40,20:21,2025-05-22 05:51:30.697755,Città della Scienza,79.8,12.840742,7.954465,7.873742,8.217729,EU EEA Common AQI,68.1,10.2721615,6.0204067,7200,3.4,100,100,62.7,2.9485712,Very Low,67.1,11.318036,100,1747892700,Very Low,6.298993,11.811295,Very Low,9.386919,60.7,4.8285713,100,1747892700,3.6857142
2025-05-22T05:51:42Z,0,29.934,72.7,63,66.3,3,3,144,80,0.0,255,32767,0.11,2090-9-18,0.0,0.52,26.6,0.0,0.0,0.0,0,4.822265625,6,45,05:40,20:21,2025-05-22 05:51:41.818784,Città della Scienza,79.8,12.840742,7.954465,7.873742,8.217729,EU EEA Common AQI,68.1,10.2721615,6.0204067,7200,3.4,100,100,62.7,2.9485712,Very Low,67.1,11.318036,100,1747892700,Very Low,6.298993,11.811295,Very Low,9.386919,60.7,4.8285713,100,1747892700,3.6857142
2025-05-22T05:51:53Z,0,29.934,72.7,63,66.3,3,3,189,80,0.0,255,32767,0.11,2090-9-18,0.0,0.52,26.6,0.0,0.0,0.0,0,4.822265625,6,45,05:40,20:21,2025-05-22 05:51:52.903802,Città della Scienza,79.8,12.840742,7.954465,7.873742,8.217729,EU EEA Common AQI,68.1,10.2721615,6.0204067,7200,3.4,100,100,62.7,2.9485712,Very Low,67.1,11.318036,100,1747892700,Very Low,6.298993,11.811295,Very Low,9.386919,60.7,4.8285713,100,1747892700,3.6857142
2025-05-22T05:52:04Z,0,29.934,72.7,63,66.3,4,3,178,80,0.0,255,32767,0.11,2090-9-18,0.0,0.52,26.6,0.0,0.0,0.0,0,4.822265625,6,45,05:40,20:21,2025-05-22 05:52:04.040793,Città della Scienza,79.8,12.840742,7.954465,7.873742,8.217729,EU EEA Common AQI,68.1,10.2721615,6.0204067,7200,3.4,100,100,62.7,2.9485712,Very Low,67.1,11.318036,100,1747892700,Very Low,6.298993,11.811295,Very Low,9.386919,60.7,4.8285713,100,1747892700,3.6857142
2025-05-22T05:52:15Z,0,29.934,72.7,63,66.3,4,3,182,80,0.0,255,32767,0.11,2090-9-18,0.0,0.52,26.6,0.0,0.0,0.0,0,4.822265625,6,45,05:40,20:21,2025-05-22 05:52:15.189790,Città della Scienza,79.8,12.840742,7.954465,7.873742,8.217729,EU EEA Common AQI,68.1,10.2721615,6.0204067,7200,3.4,100,100,62.7,2.9485712,Very Low,67.1,11.318036,100,1747892700,Very Low,6.298993,11.811295,Very Low,9.386919,60.7,4.8285713,100,1747892700,3.6857142
2025-05-22T05:52:26Z,0,29.934,72.7,63,66.3,4,3,237,80,0.0,255,32767,0.11,2090-9-18,0.0,0.52,26.6,0.0,0.0,0.0,0,4.822265625,6,45,05:40,20:21,2025-05-22 05:52:26.284793,Città della Scienza,79.8,12.840742,7.954465,7.873742,8.217729,EU EEA Common AQI,68.1,10.2721615,6.0204067,7200,3.4,100,100,62.7,2.9485712,Very Low,67.1,11.318036,100,1747892700,Very Low,6.298993,11.811295,Very Low,9.386919,60.7,4.8285713,100,1747892700,3.6857142
2025-05-22T05:52:37Z,0,29.934,72.7,63,66.3,3,3,208,80,0.0,255,32767,0.11,2090-9-18,0.0,0.52,26.6,0.0,0.0,0.0,0,4.822265625,6,45,05:40,20:21,2025-05-22 05:52:37.370797,Città della Scienza,79.8,12.840742,7.954465,7.873742,8.217729,EU EEA Common AQI,68.1,10.2721615,6.0204067,7200,3.4,100,100,62.7,2.9485712,Very Low,67.1,11.318036,100,1747892700,Very Low,6.298993,11.811295,Very Low,9.386919,60.7,4.8285713,100,1747892700,3.6857142
2025-05-22T05:52:48Z,0,29.934,72.7,63,66.3,5,3,194,80,0.0,255,32767,0.11,2090-9-18,0.0,0.52,26.6,0.0,0.0,0.0,0,4.822265625,6,45,05:40,20:21,2025-05-22 05:52:48.469793,Città della Scienza,79.8,12.840742,7.954465,7.873742,8.217729,EU EEA Common AQI,68.1,10.2721615,6.0204067,7200,3.4,100,100,62.7,2.9485712,Very Low,67.1,11.318036,100,1747892700,Very Low,6.298993,11.811295,Very Low,9.386919,60.7,4.8285713,100,1747892700,3.6857142
2025-05-22T05:52:59Z,0,29.934,72.7,63,66.3,6,3,172,80,0.0,255,32767,0.11,2090-9-18,0.0,0.52,26.6,0.0,0.0,0.0,0,4.822265625,6,45,05:40,20:21,2025-05-22 05:52:59.566755,Città della Scienza,79.8,12.840742,7.954465,7.873742,8.217729,EU EEA Common AQI,68.1,10.2721615,6.0204067,7200,3.4,100,100,62.7,2.9485712,Very Low,67.1,11.318036,100,1747892700,Very Low,6.298993,11.811295,Very Low,9.386919,60.7,4.8285713,100,1747892700,3.6857142
2025-05-22T05:53:10Z,0,29.934,72.7,63,66.3,3,3,191,80,0.0,255,32767,0.11,2090-9-18,0.0,0.52,26.6,0.0,0.0,0.0,0,4.822265625,6,45,05:40,20:21,2025-05-22 05:53:10.676808,Città della Scienza,79.8,12.840742,7.954465,7.873742,8.217729,EU EEA Common AQI,68.1,10.2721615,6.0204067,7200,3.4,100,100,62.7,2.9485712,Very Low,67.1,11.318036,100,1747892700,Very Low,6.298993,11.811295,Very Low,9.386919,60.7,4.8285713,100,1747892700,3.6857142
2025-05-22T05:53:22Z,0,29.934,72.7,63,66.3,2,3,175,80,0.0,255,32767,0.11,2090-9-18,0.0,0.52,26.6,0.0,0.0,0.0,0,4.822265625,6,45,05:40,20:21,2025-05-22 05:53:21.802798,Città della Scienza,79.8,12.840742,7.954465,7.873742,8.217729,EU EEA Common AQI,68.1,10.2721615,6.0204067,7200,3.4,100,100,62.7,2.9485712,Very Low,67.1,11.318036,100,1747892700,Very Low,6.298993,11.811295,Very Low,9.386919,60.7,4.8285713,100,1747892700,3.6857142
2025-05-22T05:53:33Z,0,29.934,72.7,63,66.3,1,3,176,80,0.0,255,32767,0.11,2090-9-18,0.0,0.52,26.6,0.0,0.0,0.0,0,4.822265625,6,45,05:40,20:21,2025-05-22 05:53:32.983786,Città della Scienza,79.8,12.840742,7.954465,7.873742,8.217729,EU EEA Common AQI,68.1,10.2721615,6.0204067,7200,3.4,100,100,62.7,2.9485712,Very Low,67.1,11.318036,100,1747892700,Very Low,6.298993,11.811295,Very Low,9.386919,60.7,4.8285713,100,1747892700,3.6857142
2025-05-22T05:53:44Z,0,29.933,72.7,63,66.3,1,3,176,80,0.0,255,32767,0.11,2090-9-18,0.0,0.52,26.6,0.0,0.0,0.0,0,4.822265625,6,45,05:40,20:21,2025-05-22 05:53:44.075779,Città della Scienza,79.8,12.840742,7.954465,7.873742,8.217729,EU EEA Common AQI,68.1,10.2721615,6.0204067,7200,3.4,100,100,62.7,2.9485712,Very Low,67.1,11.318036,100,1747892700,Very Low,6.298993,11.811295,Very Low,9.386919,60.7,4.8285713,100,1747892700,3.6857142
2025-05-22T05:53:55Z,0,29.933,72.7,63,66.3,1,3,179,80,0.0,255,32767,0.11,2090-9-18,0.0,0.52,26.6,0.0,0.0,0.0,0,4.822265625,6,45,05:40,20:21,2025-05-22 05:53:55.149784,Città della Scienza,79.8,12.840742,7.954465,7.873742,8.217729,EU EEA Common AQI,68.1,10.2721615,6.0204067,7200,3.4,100,100,62.7,2.9485712,Very Low,67.1,11.318036,100,1747892700,Very Low,6.298993,11.811295,Very Low,9.386919,60.7,4.8285713,100,1747892700,3.6857142
2025-05-22T05:54:06Z,0,29.933,72.7,63,66.3,3,3,179,80,0.0,255,32767,0.11,2090-9-18,0.0,0.52,26.6,0.0,0.0,0.0,0,4.822265625,6,45,05:40,20:21,2025-05-22 05:54:06.233787,Città della Scienza,79.8,12.840742,7.954465,7.873742,8.217729,EU EEA Common AQI,68.1,10.2721615,6.0204067,7200,3.4,100,100,62.7,2.9485712,Very Low,67.1,11.318036,100,1747892700,Very Low,6.298993,11.811295,Very Low,9.386919,60.7,4.8285713,100,1747892700,3.6857142
2025-05-22T05:54:17Z,0,29.933,72.7,63,66.3,3,3,186,80,0.0,255,32767,0.11,2090-9-18,0.0,0.52,26.6,0.0,0.0,0.0,0,4.822265625,6,45,05:40,20:21,2025-05-22 05:54:17.357792,Città della Scienza,79.8,12.840742,7.954465,7.873742,8.217729,EU EEA Common AQI,68.1,10.2721615,6.0204067,7200,3.4,100,100,62.7,2.9485712,Very Low,67.1,11.318036,100,1747892700,Very Low,6.298993,11.811295,Very Low,9.386919,60.7,4.8285713,100,1747892700,3.6857142
2025-05-22T05:54:28Z,0,29.933,72.7,63,66.3,3,3,181,80,0.0,255,32767,0.11,2090-9-18,0.0,0.52,26.6,0.0,0.0,0.0,0,4.822265625,6,45,05:40,20:21,2025-05-22 05:54:28.453785,Città della Scienza,79.8,12.840742,7.954465,7.873742,8.217729,EU EEA Common AQI,68.1,10.2721615,6.0204067,7200,3.4,100,100,62.7,2.9485712,Very Low,67.1,11.318036,100,1747892700,Very Low,6.298993,11.811295,Very Low,9.386919,60.7,4.8285713,100,1747892700,3.6857142
2025-05-22T05:54:39Z,0,29.934,72.7,63,66.3,1,3,207,80,0.0,255,32767,0.11,2090-9-18,0.0,0.52,26.6,0.0,0.0,0.0,0,4.822265625,6,45,05:40,20:21,2025-05-22 05:54:39.667785,Città della Scienza,79.8,12.840742,7.954465,7.873742,8.217729,EU EEA Common AQI,68.1,10.2721615,6.0204067,7200,3.4,100,100,62.7,2.9485712,Very Low,67.1,11.318036,100,1747892700,Very Low,6.298993,11.811295,Very Low,9.386919,60.7,4.8285713,100,1747892700,3.6857142
2025-05-22T05:54:50Z,0,29.934,72.7,63,66.4,3,3,186,80,0.0,255,32767,0.11,2090-9-18,0.0,0.52,26.6,0.0,0.0,0.0,0,4.822265625,6,45,05:40,20:21,2025-05-22 05:54:50.774834,Città della Scienza
2025-05-22T05:55:02Z,0,29.934,72.7,63,66.4,2,3,213,80,0.0,255,32767,0.11,2090-9-18,0.0,0.52,26.6,0.0,0.0,0.0,0,4.822265625,6,45,05:40,20:21,2025-05-22 05:55:01.868814,Città della Scienza
2025-05-22T05:55:13Z,0,29.934,72.7,63,66.4,2,3,194,80,0.0,255,32767,0.11,2090-9-18,0.0,0.52,26.6,0.0,0.0,0.0,0,4.822265625,6,45,05:40,20:21,2025-05-22 05:55:12.955792,Città della Scienza
2025-05-22T05:55:24Z,0,29.934,72.7,63,66.4,5,3,171,80,0.0,255,32767,0.11,2090-9-18,0.0,0.52,26.6,0.0,0.0,0.0,0,4.822265625,6,45,05:40,20:21,2025-05-22 05:55:24.068793,Città della Scienza
2025-05-22T05:55:35Z,0,29.936,72.6,63,66.4,3,3,194,80,0.0,255,32767,0.11,2090-9-18,0.0,0.52,26.6,0.0,0.0,0.0,0,4.822265625,6,45,05:40,20:21,2025-05-22 05:55:35.155800,Città della Scienza
2025-05-22T05:55:46Z,0,29.936,72.6,63,66.4,2,3,174,80,0.0,255,32767,0.11,2090-9-18,0.0,0.52,26.6,0.0,0.0,0.0,0,4.822265625,6,45,05:40,20:21,2025-05-22 05:55:46.265788,Città della Scienza
2025-05-22T05:55:57Z,0,29.936,72.6,63,66.4,2,3,169,80,0.0,255,32767,0.11,2090-9-18,0.0,0.52,26.6,0.0,0.0,0.0,0,4.822265625,6,45,05:40,20:21,2025-05-22 05:55:57.340799,Città della Scienza
2025-05-22T05:56:08Z,0,29.936,72.6,63,66.4,1,3,169,80,0.0,255,32767,0.11,2090-9-18,0.0,0.52,26.6,0.0,0.0,0.0,0,4.822265625,6,45,05:40,20:21,2025-05-22 05:56:08.427785,Città della Scienza
2025-05-22T05:56:19Z,0,29.936,72.6,63,66.4,2,3,164,80,0.0,255,32767,0.11,2090-9-18,0.0,0.52,26.6,0.0,0.0,0.0,0,4.822265625,6,45,05:40,20:21,2025-05-22 05:56:19.495787,Città della Scienza
2025-05-22T05:56:30Z,0,29.936,72.6,63,66.5,3,3,166,80,0.0,255,32767,0.11,2090-9-18,0.0,0.52,26.6,0.0,0.0,0.0,0,4.822265625,6,45,05:40,20:21,2025-05-22 05:56:30.594784,Città della Scienza
2025-05-22T05:56:41Z,0,29.934,72.7,63,66.4,3,3,166,80,0.0,255,32767,0.11,2090-9-18,0.0,0.52,26.6,0.0,0.0,0.0,0,4.822265625,6,45,05:40,20:21,2025-05-22 05:56:41.685788,Città della Scienza
2025-05-22T05:56:53Z,0,29.934,72.7,63,66.5,3,3,166,80,0.0,255,32767,0.11,2090-9-18,0.0,0.52,26.6,0.0,0.0,0.0,0,4.822265625,6,45,05:40,20:21,2025-05-22 05:56:52.825786,Città della Scienza
2025-05-22T05:57:04Z,0,29.934,72.7,63,66.5,4,3,167,80,0.0,255,32767,0.11,2090-9-18,0.0,0.52,26.6,0.0,0.0,0.0,0,4.822265625,6,45,05:40,20:21,2025-05-22 05:57:03.935793,Città della Scienza
2025-05-22T05:57:15Z,0,29.934,72.7,63,66.5,4,3,167,80,0.0,255,32767,0.11,2090-9-18,0.0,0.52,26.6,0.0,0.0,0.0,0,4.822265625,6,45,05:40,20:21,2025-05-22 05:57:14.993786,Città della Scienza
2025-05-22T05:57:26Z,0,29.934,72.7,63,66.5,4,3,169,80,0.0,255,32767,0.11,2090-9-18,0.0,0.52,26.6,0.0,0.0,0.0,0,4.822265625,6,45,05:40,20:21,2025-05-22 05:57:26.112793,Città della Scienza
2025-05-22T05:57:37Z,0,29.935,72.7,63,66.5,4,3,167,80,0.0,255,32767,0.11,2090-9-18,0.0,0.52,26.6,0.0,0.0,0.0,0,4.822265625,6,45,05:40,20:21,2025-05-22 05:57:37.207796,Città della Scienza
2025-05-22T05:57:48Z,0,29.935,72.7,63,66.5,4,3,162,80,0.0,255,32767,0.11,2090-9-18,0.0,0.52,26.6,0.0,0.0,0.0,0,4.822265625,6,45,05:40,20:21,2025-05-22 05:57:48.299791,Città della Scienza
2025-05-22T05:57:59Z,0,29.935,72.7,63,66.4,2,3,165,80,0.0,255,32767,0.11,2090-9-18,0.0,0.52,26.6,0.0,0.0,0.0,0,4.822265625,6,45,05:40,20:21,2025-05-22 05:57:59.407796,Città della Scienza
2025-05-22T05:58:10Z,0,29.935,72.7,63,66.4,2,3,165,80,0.0,255,32767,0.11,2090-9-18,0.0,0.52,26.6,0.0,0.0,0.0,0,4.822265625,6,45,05:40,20:21,2025-05-22 05:58:10.519794,Città della Scienza
2025-05-22T05:58:21Z,0,29.935,72.7,63,66.4,2,3,178,80,0.0,255,32767,0.11,2090-9-18,0.0,0.52,26.6,0.0,0.0,0.0,0,4.822265625,6,45,05:40,20:21,2025-05-22 05:58:21.608805,Città della Scienza
2025-05-22T05:58:32Z,0,29.935,72.7,63,66.5,2,3,162,80,0.0,255,32767,0.11,2090-9-18,0.0,0.52,26.6,0.0,0.0,0.0,0,4.822265625,6,45,05:40,20:21,2025-05-22 05:58:32.686792,Città della Scienza
2025-05-22T05:58:43Z,0,29.934,72.7,63,66.5,1,3,162,80,0.0,255,32767,0.11,2090-9-18,0.0,0.52,26.6,0.0,0.0,0.0,0,4.822265625,6,45,05:40,20:21,2025-05-22 05:58:43.775784,Città della Scienza
2025-05-22T05:58:55Z,0,29.934,72.7,63,66.5,1,3,162,80,0.0,255,32767,0.11,2090-9-18,0.0,0.52,26.6,0.0,0.0,0.0,0,4.822265625,6,45,05:40,20:21,2025-05-22 05:58:54.865799,Città della Scienza
2025-05-22T05:59:06Z,0,29.934,72.7,63,66.5,2,3,162,80,0.0,255,32767,0.11,2090-9-18,0.0,0.52,26.6,0.0,0.0,0.0,0,4.822265625,6,45,05:40,20:21,2025-05-22 05:59:05.971784,Città della Scienza
2025-05-22T05:59:17Z,0,29.934,72.7,63,66.4,2,3,162,80,0.0,255,32767,0.11,2090-9-18,0.0,0.52,26.6,0.0,0.0,0.0,0,4.822265625,6,45,05:40,20:21,2025-05-22 05:59:17.053794,Città della Scienza
2025-05-22T05:59:28Z,0,29.934,72.7,63,66.4,2,3,162,80,0.0,255,32767,0.11,2090-9-18,0.0,0.52,26.6,0.0,0.0,0.0,0,4.822265625,6,45,05:40,20:21,2025-05-22 05:59:28.166791,Città della Scienza
2025-05-22T05:59:39Z,0,29.934,72.7,63,66.4,1,3,162,80,0.0,255,32767,0.11,2090-9-18,0.0,0.52,26.6,0.0,0.0,0.0,0,4.822265625,6,45,05:40,20:21,2025-05-22 05:59:39.293790,Città della Scienza
2025-05-22T05:59:50Z,0,29.934,72.7,63,66.4,1,3,162,80,0.0,255,32767,0.11,2090-9-18,0.0,0.52,26.6,0.0,0.0,0.0,0,4.822265625,6,45,05:40,20:21,2025-05-22 05:59:50.350801,Città della Scienza
2025-05-22T06:00:01Z,0,29.934,72.7,63,66.4,1,3,162,80,0.0,255,32767,0.11,2090-9-18,0.0,0.52,26.6,0.0,0.0,0.0,0,4.822265625,6,45,05:40,20:21,2025-05-22 06:00:01.462792,Città della Scienza,79.8,12.840742,7.954465,7.873742,8.217729,EU EEA Common AQI,68.1,10.2721615,6.0204067,7200,3.4,100,100,62.7,2.9485712,Very Low,67.1,11.318036,100,1747892700,Very Low,6.298993,11.811295,Very Low,9.386919,60.7,4.8285713,100,1747892700,3.6857142
2025-05-22T06:00:12Z,0,29.934,72.7,63,66.5,2,3,162,80,0.0,255,32767,0.11,2090-9-18,0.0,0.52,26.6,0.0,0.0,0.0,0,4.822265625,6,45,05:40,20:21,2025-05-22 06:00:12.662786,Città della Scienza,79.8,12.840742,7.954465,7.873742,8.217729,EU EEA Common AQI,68.1,10.2721615,6.0204067,7200,3.4,100,100,62.7,2.9485712,Very Low,67.1,11.318036,100,1747892700,Very Low,6.298993,11.811295,Very Low,9.386919,60.7,4.8285713,100,1747892700,3.6857142
2025-05-22T06:00:23Z,0,29.934,72.7,63,66.4,3,3,178,80,0.0,255,32767,0.11,2090-9-18,0.0,0.52,26.6,0.0,0.0,0.0,0,4.822265625,6,45,05:40,20:21,2025-05-22 06:00:23.778792,Città della Scienza,79.8,12.840742,7.954465,7.873742,8.217729,EU EEA Common AQI,68.1,10.2721615,6.0204067,7200,3.4,100,100,62.7,2.9485712,Very Low,67.1,11.318036,100,1747892700,Very Low,6.298993,11.811295,Very Low,9.386919,60.7,4.8285713,100,1747892700,3.6857142
2025-05-22T06:00:35Z,20,29.934,72.7,63,66.5,4,3,186,80,0.0,255,32767,0.11,2090-9-18,0.0,0.52,26.6,0.0,0.0,0.0,0,4.822265625,6,45,05:40,20:21,2025-05-22 06:00:34.862791,Città della Scienza,78.7,12.37392,7.946847,4.433222,7.100792,EU EEA Common AQI,68.7,8.87599,6.0259376,7200,2.8550725,100,100,63.0,2.6202896,Very Low,67.7,10.82891,100,1747893600,Very Low,3.5465772,10.35784,Very Low,5.788176,60.9,4.521739,100,1747893600,3.2753623
2025-05-22T06:00:46Z,20,29.934,72.7,63,66.5,3,3,180,80,0.0,255,32767,0.11,2090-9-18,0.0,0.52,26.6,0.0,0.0,0.0,0,4.822265625,6,45,05:40,20:21,2025-05-22 06:00:46.011766,Città della Scienza,78.7,12.37392,7.946847,4.433222,7.100792,EU EEA Common AQI,68.7,8.87599,6.0259376,7200,2.8550725,100,100,63.0,2.6202896,Very Low,67.7,10.82891,100,1747893600,Very Low,3.5465772,10.35784,Very Low,5.788176,60.9,4.521739,100,1747893600,3.2753623
2025-05-22T06:00:57Z,20,29.934,72.7,63,66.5,4,3,170,80,0.0,255,32767,0.11,2090-9-18,0.0,0.52,26.6,0.0,0.0,0.0,0,4.822265625,6,45,05:40,20:21,2025-05-22 06:00:57.120799,Città della Scienza,78.7,12.37392,7.946847,4.433222,7.100792,EU EEA Common AQI,68.7,8.87599,6.0259376,7200,2.8550725,100,100,63.0,2.6202896,Very Low,67.7,10.82891,100,1747893600,Very Low,3.5465772,10.35784,Very Low,5.788176,60.9,4.521739,100,1747893600,3.2753623
2025-05-22T06:01:08Z,20,29.934,72.7,63,66.5,3,3,172,80,0.0,255,32767,0.11,2090-9-18,0.0,0.52,26.6,0.0,0.0,0.0,0,4.822265625,6,45,05:40,20:21,2025-05-22 06:01:08.224758,Città della Scienza,78.7,12.37392,7.946847,4.433222,7.100792,EU EEA Common AQI,68.7,8.87599,6.0259376,7200,2.8550725,100,100,63.0,2.6202896,Very Low,67.7,10.82891,100,1747893600,Very Low,3.5465772,10.35784,Very Low,5.788176,60.9,4.521739,100,1747893600,3.2753623
2025-05-22T06:01:19Z,20,29.934,72.7,63,66.4,2,3,172,80,0.0,255,32767,0.11,2090-9-18,0.0,0.52,26.6,0.0,0.0,0.0,0,4.822265625,6,45,05:40,20:21,2025-05-22 06:01:19.324790,Città della Scienza,78.7,12.37392,7.946847,4.433222,7.100792,EU EEA Common AQI,68.7,8.87599,6.0259376,7200,2.8550725,100,100,63.0,2.6202896,Very Low,67.7,10.82891,100,1747893600,Very Low,3.5465772,10.35784,Very Low,5.788176,60.9,4.521739,100,1747893600,3.2753623
2025-05-22T06:01:30Z,20,29.934,72.7,63,66.4,2,3,172,80,0.0,255,32767,0.11,2090-9-18,0.0,0.52,26.6,0.0,0.0,0.0,0,4.822265625,6,45,05:40,20:21,2025-05-22 06:01:30.405793,Città della Scienza,78.7,12.37392,7.946847,4.433222,7.100792,EU EEA Common AQI,68.7,8.87599,6.0259376,7200,2.8550725,100,100,63.0,2.6202896,Very Low,67.7,10.82891,100,1747893600,Very Low,3.5465772,10.35784,Very Low,5.788176,60.9,4.521739,100,1747893600,3.2753623
2025-05-22T06:01:41Z,20,29.933,72.7,63,66.4,2,3,174,80,0.0,255,32767,0.11,2090-9-18,0.0,0.52,26.6,0.0,0.0,0.0,0,4.822265625,6,45,05:40,20:21,2025-05-22 06:01:41.499805,Città della Scienza,78.7,12.37392,7.946847,4.433222,7.100792,EU EEA Common AQI,68.7,8.87599,6.0259376,7200,2.8550725,100,100,63.0,2.6202896,Very Low,67.7,10.82891,100,1747893600,Very Low,3.5465772,10.35784,Very Low,5.788176,60.9,4.521739,100,1747893600,3.2753623
2025-05-22T06:01:52Z,20,29.933,72.7,63,66.4,2,3,174,80,0.0,255,32767,0.11,2090-9-18,0.0,0.52,26.6,0.0,0.0,0.0,0,4.822265625,6,45,05:40,20:21,2025-05-22 06:01:52.581954,Città della Scienza,78.7,12.37392,7.946847,4.433222,7.100792,EU EEA Common AQI,68.7,8.87599,6.0259376,7200,2.8550725,100,100,63.0,2.6202896,Very Low,67.7,10.82891,100,1747893600,Very Low,3.5465772,10.35784,Very Low,5.788176,60.9,4.521739,100,1747893600,3.2753623
2025-05-22T06:02:03Z,20,29.933,72.7,63,66.4,3,3,175,80,0.0,255,32767,0.11,2090-9-18,0.0,0.52,26.6,0.0,0.0,0.0,0,4.822265625,6,45,05:40,20:21,2025-05-22 06:02:03.688795,Città della Scienza,78.7,12.37392,7.946847,4.433222,7.100792,EU EEA Common AQI,68.7,8.87599,6.0259376,7200,2.8550725,100,100,63.0,2.6202896,Very Low,67.7,10.82891,100,1747893600,Very Low,3.5465772,10.35784,Very Low,5.788176,60.9,4.521739,100,1747893600,3.2753623
2025-05-22T06:02:15Z,20,29.933,72.7,63,66.4,5,3,161,80,0.0,255,32767,0.11,2090-9-18,0.0,0.52,26.6,0.0,0.0,0.0,0,4.822265625,6,45,05:40,20:21,2025-05-22 06:02:14.820795,Città della Scienza,78.7,12.37392,7.946847,4.433222,7.100792,EU EEA Common AQI,68.7,8.87599,6.0259376,7200,2.8550725,100,100,63.0,2.6202896,Very Low,67.7,10.82891,100,1747893600,Very Low,3.5465772,10.35784,Very Low,5.788176,60.9,4.521739,100,1747893600,3.2753623
2025-05-22T06:02:26Z,20,29.933,72.7,63,66.4,3,3,149,80,0.0,255,32767,0.11,2090-9-18,0.0,0.52,26.6,0.0,0.0,0.0,0,4.822265625,6,45,05:40,20:21,2025-05-22 06:02:25.925788,Città della Scienza,78.7,12.37392,7.946847,4.433222,7.100792,EU EEA Common AQI,68.7,8.87599,6.0259376,7200,2.8550725,100,100,63.0,2.6202896,Very Low,67.7,10.82891,100,1747893600,Very Low,3.5465772,10.35784,Very Low,5.788176,60.9,4.521739,100,1747893600,3.2753623
2025-05-22T06:02:37Z,20,29.934,72.7,63,66.4,2,3,149,80,0.0,255,32767,0.11,2090-9-18,0.0,0.52,26.6,0.0,0.0,0.0,0,4.822265625,6,45,05:40,20:21,2025-05-22 06:02:37.026806,Città della Scienza,78.7,12.37392,7.946847,4.433222,7.100792,EU EEA Common AQI,68.7,8.87599,6.0259376,7200,2.8550725,100,100,63.0,2.6202896,Very Low,67.7,10.82891,100,1747893600,Very Low,3.5465772,10.35784,Very Low,5.788176,60.9,4.521739,100,1747893600,3.2753623
2025-05-22T06:02:48Z,20,29.934,72.7,63,66.4,1,3,196,80,0.0,255,32767,0.11,2090-9-18,0.0,0.52,26.6,0.0,0.0,0.0,0,4.822265625,6,45,05:40,20:21,2025-05-22 06:02:48.147786,Città della Scienza,78.7,12.37392,7.946847,4.433222,7.100792,EU EEA Common AQI,68.7,8.87599,6.0259376,7200,2.8550725,100,100,63.0,2.6202896,Very Low,67.7,10.82891,100,1747893600,Very Low,3.5465772,10.35784,Very Low,5.788176,60.9,4.521739,100,1747893600,3.2753623
2025-05-22T06:02:59Z,20,29.934,72.7,63,66.4,1,3,176,80,0.0,255,32767,0.11,2090-9-18,0.0,0.52,26.6,0.0,0.0,0.0,0,4.822265625,6,45,05:40,20:21,2025-05-22 06:02:59.299789,Città della Scienza,78.7,12.37392,7.946847,4.433222,7.100792,EU EEA Common AQI,68.7,8.87599,6.0259376,7200,2.8550725,100,100,63.0,2.6202896,Very Low,67.7,10.82891,100,1747893600,Very Low,3.5465772,10.35784,Very Low,5.788176,60.9,4.521739,100,1747893600,3.2753623
2025-05-22T06:03:10Z,20,29.934,72.7,63,66.4,3,3,176,80,0.0,255,32767,0.11,2090-9-18,0.0,0.52,26.6,0.0,0.0,0.0,0,4.822265625,6,45,05:40,20:21,2025-05-22 06:03:10.379801,Città della Scienza,78.7,12.37392,7.946847,4.433222,7.100792,EU EEA Common AQI,68.7,8.87599,6.0259376,7200,2.8550725,100,100,63.0,2.6202896,Very Low,67.7,10.82891,100,1747893600,Very Low,3.5465772,10.35784,Very Low,5.788176,60.9,4.521739,100,1747893600,3.2753623
2025-05-22T06:03:21Z,20,29.934,72.7,63,66.4,3,3,176,80,0.0,255,32767,0.11,2090-9-18,0.0,0.52,26.6,0.0,0.0,0.0,0,4.822265625,6,45,05:40,20:21,2025-05-22 06:03:21.504804,Città della Scienza,78.7,12.37392,7.946847,4.433222,7.100792,EU EEA Common AQI,68.7,8.87599,6.0259376,7200,2.8550725,100,100,63.0,2.6202896,Very Low,67.7,10.82891,100,1747893600,Very Low,3.5465772,10.35784,Very Low,5.788176,60.9,4.521739,100,1747893600,3.2753623
2025-05-22T06:03:32Z,20,29.934,72.7,63,66.4,2,3,171,80,0.0,255,32767,0.11,2090-9-18,0.0,0.52,26.6,0.0,0.0,0.0,0,4.822265625,6,45,05:40,20:21,2025-05-22 06:03:32.605806,Città della Scienza,78.7,12.37392,7.946847,4.433222,7.100792,EU EEA Common AQI,68.7,8.87599,6.0259376,7200,2.8550725,100,100,63.0,2.6202896,Very Low,67.7,10.82891,100,1747893600,Very Low,3.5465772,10.35784,Very Low,5.788176,60.9,4.521739,100,1747893600,3.2753623
2025-05-22T06:03:43Z,20,29.934,72.8,63,66.4,4,3,171,80,0.0,255,32767,0.11,2090-9-18,0.0,0.52,26.6,0.0,0.0,0.0,0,4.822265625,6,45,05:40,20:21,2025-05-22 06:03:43.737789,Città della Scienza,78.7,12.37392,7.946847,4.433222,7.100792,EU EEA Common AQI,68.7,8.87599,6.0259376,7200,2.8550725,100,100,63.0,2.6202896,Very Low,67.7,10.82891,100,1747893600,Very Low,3.5465772,10.35784,Very Low,5.788176,60.9,4.521739,100,1747893600,3.2753623
2025-05-22T06:03:55Z,20,29.934,72.8,63,66.4,2,3,171,80,0.0,255,32767,0.11,2090-9-18,0.0,0.52,26.6,0.0,0.0,0.0,0,4.822265625,6,45,05:40,20:21,2025-05-22 06:03:54.841793,Città della Scienza,78.7,12.37392,7.946847,4.433222,7.100792,EU EEA Common AQI,68.7,8.87599,6.0259376,7200,2.8550725,100,100,63.0,2.6202896,Very Low,67.7,10.82891,100,1747893600,Very Low,3.5465772,10.35784,Very Low,5.788176,60.9,4.521739,100,1747893600,3.2753623
2025-05-22T06:04:06Z,20,29.934,72.8,63,66.4,2,3,171,80,0.0,255,32767,0.11,2090-9-18,0.0,0.52,26.6,0.0,0.0,0.0,0,4.822265625,6,45,05:40,20:21,2025-05-22 06:04:05.946803,Città della Scienza,78.7,12.37392,7.946847,4.433222,7.100792,EU EEA Common AQI,68.7,8.87599,6.0259376,7200,2.8550725,100,100,63.0,2.6202896,Very Low,67.7,10.82891,100,1747893600,Very Low,3.5465772,10.35784,Very Low,5.788176,60.9,4.521739,100,1747893600,3.2753623
2025-05-22T06:04:17Z,20,29.934,72.8,63,66.4,2,3,171,80,0.0,255,32767,0.11,2090-9-18,0.0,0.52,26.6,0.0,0.0,0.0,0,4.822265625,6,45,05:40,20:21,2025-05-22 06:04:17.054785,Città della Scienza,78.7,12.37392,7.946847,4.433222,7.100792,EU EEA Common AQI,68.7,8.87599,6.0259376,7200,2.8550725,100,100,63.0,2.6202896,Very Low,67.7,10.82891,100,1747893600,Very Low,3.5465772,10.35784,Very Low,5.788176,60.9,4.521739,100,1747893600,3.2753623
2025-05-22T06:04:28Z,20,29.934,72.8,63,66.4,2,3,171,80,0.0,255,32767,0.11,2090-9-18,0.0,0.52,26.6,0.0,0.0,0.0,0,4.822265625,6,45,05:40,20:21,2025-05-22 06:04:28.157791,Città della Scienza,78.7,12.37392,7.946847,4.433222,7.100792,EU EEA Common AQI,68.7,8.87599,6.0259376,7200,2.8550725,100,100,63.0,2.6202896,Very Low,67.7,10.82891,100,1747893600,Very Low,3.5465772,10.35784,Very Low,5.788176,60.9,4.521739,100,1747893600,3.2753623
2025-05-22T06:04:39Z,20,29.933,72.7,63,66.4,2,3,171,80,0.0,255,32767,0.11,2090-9-18,0.0,0.52,26.6,0.0,0.0,0.0,0,4.822265625,6,45,05:40,20:21,2025-05-22 06:04:39.258787,Città della Scienza,78.7,12.37392,7.946847,4.433222,7.100792,EU EEA Common AQI,68.7,8.87599,6.0259376,7200,2.8550725,100,100,63.0,2.6202896,Very Low,67.7,10.82891,100,1747893600,Very Low,3.5465772,10.35784,Very Low,5.788176,60.9,4.521739,100,1747893600,3.2753623
2025-05-22T06:04:50Z,20,29.933,72.7,63,66.4,2,3,171,80,0.0,255,32767,0.11,2090-9-18,0.0,0.52,26.6,0.0,0.0,0.0,0,4.822265625,6,45,05:40,20:21,2025-05-22 06:04:50.330793,Città della Scienza,78.7,12.37392,7.946847,4.433222,7.100792,EU EEA Common AQI,68.7,8.87599,6.0259376,7200,2.8550725,100,100,63.0,2.6202896,Very Low,67.7,10.82891,100,1747893600,Very Low,3.5465772,10.35784,Very Low,5.788176,60.9,4.521739,100,1747893600,3.2753623
2025-05-22T06:05:01Z,20,29.933,72.7,63,66.4,1,3,171,80,0.0,255,32767,0.11,2090-9-18,0.0,0.52,26.6,0.0,0.0,0.0,0,4.822265625,6,45,05:40,20:21,2025-05-22 06:05:01.409785,Città della Scienza,78.7,12.37392,7.946847,4.433222,7.100792,EU EEA Common AQI,68.7,8.87599,6.0259376,7200,2.8550725,100,100,63.0,2.6202896,Very Low,67.7,10.82891,100,1747893600,Very Low,3.5465772,10.35784,Very Low,5.788176,60.9,4.521739,100,1747893600,3.2753623
2025-05-22T06:05:12Z,20,29.933,72.7,63,66.4,2,3,171,80,0.0,255,32767,0.11,2090-9-18,0.0,0.52,26.6,0.0,0.0,0.0,0,4.822265625,6,45,05:40,20:21,2025-05-22 06:05:12.555790,Città della Scienza,78.7,12.37392,7.946847,4.433222,7.100792,EU EEA Common AQI,68.7,8.87599,6.0259376,7200,2.8550725,100,100,63.0,2.6202896,Very Low,67.7,10.82891,100,1747893600,Very Low,3.5465772,10.35784,Very Low,5.788176,60.9,4.521739,100,1747893600,3.2753623
2025-05-22T06:05:23Z,20,29.933,72.7,63,66.4,2,3,171,80,0.0,255,32767,0.11,2090-9-18,0.0,0.52,26.6,0.0,0.0,0.0,0,4.822265625,6,45,05:40,20:21,2025-05-22 06:05:23.640796,Città della Scienza,78.7,12.37392,7.946847,4.433222,7.100792,EU EEA Common AQI,68.7,8.87599,6.0259376,7200,2.8550725,100,100,63.0,2.6202896,Very Low,67.7,10.82891,100,1747893600,Very Low,3.5465772,10.35784,Very Low,5.788176,60.9,4.521739,100,1747893600,3.2753623
2025-05-22T06:05:34Z,20,29.935,72.7,63,66.4,1,3,171,80,0.0,255,32767,0.11,2090-9-18,0.0,0.52,26.6,0.0,0.0,0.0,0,4.822265625,6,45,05:40,20:21,2025-05-22 06:05:34.780793,Città della Scienza,78.7,12.37392,7.946847,4.433222,7.100792,EU EEA Common AQI,68.7,8.87599,6.0259376,7200,2.8550725,100,100,63.0,2.6202896,Very Low,67.7,10.82891,100,1747893600,Very Low,3.5465772,10.35784,Very Low,5.788176,60.9,4.521739,100,1747893600,3.2753623
2025-05-22T06:05:46Z,20,29.935,72.7,63,66.4,1,3,171,80,0.0,255,32767,0.11,2090-9-18,0.0,0.52,26.6,0.0,0.0,0.0,0,4.822265625,6,45,05:40,20:21,2025-05-22 06:05:45.881798,Città della Scienza,78.7,12.37392,7.946847,4.433222,7.100792,EU EEA Common AQI,68.7,8.87599,6.0259376,7200,2.8550725,100,100,63.0,2.6202896,Very Low,67.7,10.82891,100,1747893600,Very Low,3.5465772,10.35784,Very Low,5.788176,60.9,4.521739,100,1747893600,3.2753623
2025-05-22T06:05:57Z,20,29.935,72.7,63,66.4,1,3,171,80,0.0,255,32767,0.11,2090-9-18,0.0,0.52,26.6,0.0,0.0,0.0,0,4.822265625,6,45,05:40,20:21,2025-05-22 06:05:56.951801,Città della Scienza,78.7,12.37392,7.946847,4.433222,7.100792,EU EEA Common AQI,68.7,8.87599,6.0259376,7200,2.8550725,100,100,63.0,2.6202896,Very Low,67.7,10.82891,100,1747893600,Very Low,3.5465772,10.35784,Very Low,5.788176,60.9,4.521739,100,1747893600,3.2753623
2025-05-22T06:06:08Z,20,29.935,72.7,63,66.4,0,3,171,80,0.0,255,32767,0.11,2090-9-18,0.0,0.52,26.6,0.0,0.0,0.0,0,4.822265625,6,45,05:40,20:21,2025-05-22 06:06:08.048791,Città della Scienza,78.7,12.37392,7.946847,4.433222,7.100792,EU EEA Common AQI,68.7,8.87599,6.0259376,7200,2.8550725,100,100,63.0,2.6202896,Very Low,67.7,10.82891,100,1747893600,Very Low,3.5465772,10.35784,Very Low,5.788176,60.9,4.521739,100,1747893600,3.2753623
2025-05-22T06:06:19Z,20,29.935,72.7,63,66.4,0,3,171,80,0.0,255,32767,0.11,2090-9-18,0.0,0.52,26.6,0.0,0.0,0.0,0,4.822265625,6,45,05:40,20:21,2025-05-22 06:06:19.149789,Città della Scienza,78.7,12.37392,7.946847,4.433222,7.100792,EU EEA Common AQI,68.7,8.87599,6.0259376,7200,2.8550725,100,100,63.0,2.6202896,Very Low,67.7,10.82891,100,1747893600,Very Low,3.5465772,10.35784,Very Low,5.788176,60.9,4.521739,100,1747893600,3.2753623
2025-05-22T06:06:30Z,20,29.935,72.7,63,66.3,0,3,171,80,0.0,255,32767,0.11,2090-9-18,0.0,0.52,26.6,0.0,0.0,0.0,0,4.822265625,6,45,05:40,20:21,2025-05-22 06:06:30.242786,Città della Scienza,78.7,12.37392,7.946847,4.433222,7.100792,EU EEA Common AQI,68.7,8.87599,6.0259376,7200,2.8550725,100,100,63.0,2.6202896,Very Low,67.7,10.82891,100,1747893600,Very Low,3.5465772,10.35784,Very Low,5.788176,60.9,4.521739,100,1747893600,3.2753623
2025-05-22T06:06:41Z,20,29.934,72.8,63,66.4,1,2,171,80,0.0,255,32767,0.11,2090-9-18,0.0,0.52,26.6,0.0,0.0,0.0,0,4.822265625,6,45,05:40,20:21,2025-05-22 06:06:41.323702,Città della Scienza,78.7,12.37392,7.946847,4.433222,7.100792,EU EEA Common AQI,68.7,8.87599,6.0259376,7200,2.8550725,100,100,63.0,2.6202896,Very Low,67.7,10.82891,100,1747893600,Very Low,3.5465772,10.35784,Very Low,5.788176,60.9,4.521739,100,1747893600,3.2753623
2025-05-22T06:06:52Z,20,29.934,72.8,63,66.4,2,2,171,80,0.0,255,32767,0.11,2090-9-18,0.0,0.52,26.6,0.0,0.0,0.0,0,4.822265625,6,45,05:40,20:21,2025-05-22 06:06:52.443800,Città della Scienza,78.7,12.37392,7.946847,4.433222,7.100792,EU EEA Common AQI,68.7,8.87599,6.0259376,7200,2.8550725,100,100,63.0,2.6202896,Very Low,67.7,10.82891,100,1747893600,Very Low,3.5465772,10.35784,Very Low,5.788176,60.9,4.521739,100,1747893600,3.2753623
2025-05-22T06:07:03Z,20,29.934,72.8,63,66.4,1,2,171,80,0.0,255,32767,0.11,2090-9-18,0.0,0.52,26.6,0.0,0.0,0.0,0,4.822265625,6,45,05:40,20:21,2025-05-22 06:07:03.560790,Città della Scienza,78.7,12.37392,7.946847,4.433222,7.100792,EU EEA Common AQI,68.7,8.87599,6.0259376,7200,2.8550725,100,100,63.0,2.6202896,Very Low,67.7,10.82891,100,1747893600,Very Low,3.5465772,10.35784,Very Low,5.788176,60.9,4.521739,100,1747893600,3.2753623
2025-05-22T06:07:14Z,20,29.934,72.8,63,66.4,2,2,171,80,0.0,255,32767,0.11,2090-9-18,0.0,0.52,26.6,0.0,0.0,0.0,0,4.822265625,6,45,05:40,20:21,2025-05-22 06:07:14.666791,Città della Scienza,78.7,12.37392,7.946847,4.433222,7.100792,EU EEA Common AQI,68.7,8.87599,6.0259376,7200,2.8550725,100,100,63.0,2.6202896,Very Low,67.7,10.82891,100,1747893600,Very Low,3.5465772,10.35784,Very Low,5.788176,60.9,4.521739,100,1747893600,3.2753623
2025-05-22T06:07:25Z,20,29.934,72.8,63,66.4,1,2,171,80,0.0,255,32767,0.11,2090-9-18,0.0,0.52,26.6,0.0,0.0,0.0,0,4.822265625,6,45,05:40,20:21,2025-05-22 06:07:25.757792,Città della Scienza,78.7,12.37392,7.946847,4.433222,7.100792,EU EEA Common AQI,68.7,8.87599,6.0259376,7200,2.8550725,100,100,63.0,2.6202896,Very Low,67.7,10.82891,100,1747893600,Very Low,3.5465772,10.35784,Very Low,5.788176,60.9,4.521739,100,1747893600,3.2753623
2025-05-22T06:07:37Z,20,29.934,72.8,63,66.4,2,2,171,80,0.0,255,32767,0.11,2090-9-18,0.0,0.52,26.6,0.0,0.0,0.0,0,4.822265625,6,45,05:40,20:21,2025-05-22 06:07:36.892802,Città della Scienza,78.7,12.37392,7.946847,4.433222,7.100792,EU EEA Common AQI,68.7,8.87599,6.0259376,7200,2.8550725,100,100,63.0,2.6202896,Very Low,67.7,10.82891,100,1747893600,Very Low,3.5465772,10.35784,Very Low,5.788176,60.9,4.521739,100,1747893600,3.2753623
2025-05-22T06:07:48Z,20,29.934,72.8,63,66.5,2,2,171,80,0.0,255,32767,0.11,2090-9-18,0.0,0.52,26.6,0.0,0.0,0.0,0,4.822265625,6,45,05:40,20:21,2025-05-22 06:07:47.998798,Città della Scienza,78.7,12.37392,7.946847,4.433222,7.100792,EU EEA Common AQI,68.7,8.87599,6.0259376,7200,2.8550725,100,100,63.0,2.6202896,Very Low,67.7,10.82891,100,1747893600,Very Low,3.5465772,10.35784,Very Low,5.788176,60.9,4.521739,100,1747893600,3.2753623
2025-05-22T06:07:59Z,20,29.934,72.8,63,66.5,4,2,171,80,0.0,255,32767,0.11,2090-9-18,0.0,0.52,26.6,0.0,0.0,0.0,0,4.822265625,6,45,05:40,20:21,2025-05-22 06:07:59.123806,Città della Scienza,78.7,12.37392,7.946847,4.433222,7.100792,EU EEA Common AQI,68.7,8.87599,6.0259376,7200,2.8550725,100,100,63.0,2.6202896,Very Low,67.7,10.82891,100,1747893600,Very Low,3.5465772,10.35784,Very Low,5.788176,60.9,4.521739,100,1747893600,3.2753623
2025-05-22T06:08:10Z,20,29.934,72.8,63,66.5,2,2,171,80,0.0,255,32767,0.11,2090-9-18,0.0,0.52,26.6,0.0,0.0,0.0,0,4.822265625,6,45,05:40,20:21,2025-05-22 06:08:10.249799,Città della Scienza,78.7,12.37392,7.946847,4.433222,7.100792,EU EEA Common AQI,68.7,8.87599,6.0259376,7200,2.8550725,100,100,63.0,2.6202896,Very Low,67.7,10.82891,100,1747893600,Very Low,3.5465772,10.35784,Very Low,5.788176,60.9,4.521739,100,1747893600,3.2753623
2025-05-22T06:08:21Z,20,29.934,72.8,63,66.4,2,2,171,80,0.0,255,32767,0.11,2090-9-18,0.0,0.52,26.6,0.0,0.0,0.0,0,4.822265625,6,45,05:40,20:21,2025-05-22 06:08:21.371798,Città della Scienza,78.7,12.37392,7.946847,4.433222,7.100792,EU EEA Common AQI,68.7,8.87599,6.0259376,7200,2.8550725,100,100,63.0,2.6202896,Very Low,67.7,10.82891,100,1747893600,Very Low,3.5465772,10.35784,Very Low,5.788176,60.9,4.521739,100,1747893600,3.2753623
2025-05-22T06:08:32Z,20,29.934,72.8,63,66.4,4,2,171,80,0.0,255,32767,0.11,2090-9-18,0.0,0.52,26.6,0.0,0.0,0.0,0,4.822265625,6,45,05:40,20:21,2025-05-22 06:08:32.437794,Città della Scienza,78.7,12.37392,7.946847,4.433222,7.100792,EU EEA Common AQI,68.7,8.87599,6.0259376,7200,2.8550725,100,100,63.0,2.6202896,Very Low,67.7,10.82891,100,1747893600,Very Low,3.5465772,10.35784,Very Low,5.788176,60.9,4.521739,100,1747893600,3.2753623
2025-05-22T06:08:43Z,20,29.936,72.8,63,66.4,2,2,171,80,0.0,255,32767,0.11,2090-9-18,0.0,0.52,26.6,0.0,0.0,0.0,0,4.822265625,6,45,05:40,20:21,2025-05-22 06:08:43.534789,Città della Scienza,78.7,12.37392,7.946847,4.433222,7.100792,EU EEA Common AQI,68.7,8.87599,6.0259376,7200,2.8550725,100,100,63.0,2.6202896,Very Low,67.7,10.82891,100,1747893600,Very Low,3.5465772,10.35784,Very Low,5.788176,60.9,4.521739,100,1747893600,3.2753623
2025-05-22T06:08:54Z,20,29.936,72.8,63,66.4,2,2,163,80,0.0,255,32767,0.11,2090-9-18,0.0,0.52,26.6,0.0,0.0,0.0,0,4.822265625,6,45,05:40,20:21,2025-05-22 06:08:54.654755,Città della Scienza,78.7,12.37392,7.946847,4.433222,7.100792,EU EEA Common AQI,68.7,8.87599,6.0259376,7200,2.8550725,100,100,63.0,2.6202896,Very Low,67.7,10.82891,100,1747893600,Very Low,3.5465772,10.35784,Very Low,5.788176,60.9,4.521739,100,1747893600,3.2753623
2025-05-22T06:09:05Z,20,29.936,72.8,63,66.4,4,2,160,80,0.0,255,32767,0.11,2090-9-18,0.0,0.52,26.6,0.0,0.0,0.0,0,4.822265625,6,45,05:40,20:21,2025-05-22 06:09:05.797750,Città della Scienza,78.7,12.37392,7.946847,4.433222,7.100792,EU EEA Common AQI,68.7,8.87599,6.0259376,7200,2.8550725,100,100,63.0,2.6202896,Very Low,67.7,10.82891,100,1747893600,Very Low,3.5465772,10.35784,Very Low,5.788176,60.9,4.521739,100,1747893600,3.2753623
2025-05-22T06:09:17Z,20,29.936,72.8,63,66.5,2,2,160,80,0.0,255,32767,0.11,2090-9-18,0.0,0.52,26.6,0.0,0.0,0.0,0,4.822265625,6,45,05:40,20:21,2025-05-22 06:09:16.890784,Città della Scienza,78.7,12.37392,7.946847,4.433222,7.100792,EU EEA Common AQI,68.7,8.87599,6.0259376,7200,2.8550725,100,100,63.0,2.6202896,Very Low,67.7,10.82891,100,1747893600,Very Low,3.5465772,10.35784,Very Low,5.788176,60.9,4.521739,100,1747893600,3.2753623
2025-05-22T06:09:28Z,20,29.936,72.8,63,66.5,3,2,167,80,0.0,255,32767,0.11,2090-9-18,0.0,0.52,26.6,0.0,0.0,0.0,0,4.822265625,6,45,05:40,20:21,2025-05-22 06:09:28.016789,Città della Scienza,78.7,12.37392,7.946847,4.433222,7.100792,EU EEA Common AQI,68.7,8.87599,6.0259376,7200,2.8550725,100,100,63.0,2.6202896,Very Low,67.7,10.82891,100,1747893600,Very Low,3.5465772,10.35784,Very Low,5.788176,60.9,4.521739,100,1747893600,3.2753623
2025-05-22T06:09:39Z,20,29.936,72.8,63,66.5,4,2,169,80,0.0,255,32767,0.11,2090-9-18,0.0,0.52,26.6,0.0,0.0,0.0,0,4.822265625,6,45,05:40,20:21,2025-05-22 06:09:39.094781,Città della Scienza,78.7,12.37392,7.946847,4.433222,7.100792,EU EEA Common AQI,68.7,8.87599,6.0259376,7200,2.8550725,100,100,63.0,2.6202896,Very Low,67.7,10.82891,100,1747893600,Very Low,3.5465772,10.35784,Very Low,5.788176,60.9,4.521739,100,1747893600,3.2753623
2025-05-22T06:09:50Z,20,29.936,72.8,63,66.5,4,2,169,80,0.0,255,32767,0.11,2090-9-18,0.0,0.52,26.6,0.0,0.0,0.0,0,4.822265625,6,45,05:40,20:21,2025-05-22 06:09:50.201792,Città della Scienza,78.7,12.37392,7.946847,4.433222,7.100792,EU EEA Common AQI,68.7,8.87599,6.0259376,7200,2.8550725,100,100,63.0,2.6202896,Very Low,67.7,10.82891,100,1747893600,Very Low,3.5465772,10.35784,Very Low,5.788176,60.9,4.521739,100,1747893600,3.2753623
2025-05-22T06:10:01Z,20,29.936,72.8,63,66.4,2,2,169,80,0.0,255,32767,0.11,2090-9-18,0.0,0.52,26.6,0.0,0.0,0.0,0,4.822265625,6,45,05:40,20:21,2025-05-22 06:10:01.297793,Città della Scienza,78.7,12.37392,7.946847,4.433222,7.100792,EU EEA Common AQI,68.7,8.87599,6.0259376,7200,2.8550725,100,100,63.0,2.6202896,Very Low,67.7,10.82891,100,1747893600,Very Low,3.5465772,10.35784,Very Low,5.788176,60.9,4.521739,100,1747893600,3.2753623
2025-05-22T06:10:12Z,20,29.936,72.8,63,66.5,1,2,169,80,0.0,255,32767,0.11,2090-9-18,0.0,0.52,26.6,0.0,0.0,0.0,0,4.822265625,6,45,05:40,20:21,2025-05-22 06:10:12.411781,Città della Scienza,78.7,12.37392,7.946847,4.433222,7.100792,EU EEA Common AQI,68.7,8.87599,6.0259376,7200,2.8550725,100,100,63.0,2.6202896,Very Low,67.7,10.82891,100,1747893600,Very Low,3.5465772,10.35784,Very Low,5.788176,60.9,4.521739,100,1747893600,3.2753623
2025-05-22T06:10:23Z,20,29.936,72.8,63,66.4,3,2,186,80,0.0,255,32767,0.11,2090-9-18,0.0,0.52,26.6,0.0,0.0,0.0,0,4.822265625,6,45,05:40,20:21,2025-05-22 06:10:23.510781,Città della Scienza,78.7,12.37392,7.946847,4.433222,7.100792,EU EEA Common AQI,68.7,8.87599,6.0259376,7200,2.8550725,100,100,63.0,2.6202896,Very Low,67.7,10.82891,100,1747893600,Very Low,3.5465772,10.35784,Very Low,5.788176,60.9,4.521739,100,1747893600,3.2753623
2025-05-22T06:10:34Z,20,29.937,72.9,63,66.4,3,2,178,80,0.0,255,32767,0.11,2090-9-18,0.0,0.52,26.6,0.0,0.0,0.0,0,4.822265625,6,45,05:40,20:21,2025-05-22 06:10:34.609794,Città della Scienza,78.7,12.37392,7.946847,4.433222,7.100792,EU EEA Common AQI,68.7,8.87599,6.0259376,7200,2.8550725,100,100,63.0,2.6202896,Very Low,67.7,10.82891,100,1747893600,Very Low,3.5465772,10.35784,Very Low,5.788176,60.9,4.521739,100,1747893600,3.2753623
2025-05-22T06:10:45Z,20,29.937,72.9,63,66.4,4,2,213,80,0.0,255,32767,0.11,2090-9-18,0.0,0.52,26.6,0.0,0.0,0.0,0,4.822265625,6,45,05:40,20:21,2025-05-22 06:10:45.692804,Città della Scienza,78.7,12.37392,7.946847,4.433222,7.100792,EU EEA Common AQI,68.7,8.87599,6.0259376,7200,2.8550725,100,100,63.0,2.6202896,Very Low,67.7,10.82891,100,1747893600,Very Low,3.5465772,10.35784,Very Low,5.788176,60.9,4.521739,100,1747893600,3.2753623
2025-05-22T06:10:57Z,20,29.937,72.9,63,66.5,1,2,226,80,0.0,255,32767,0.11,2090-9-18,0.0,0.52,26.6,0.0,0.0,0.0,0,4.822265625,6,45,05:40,20:21,2025-05-22 06:10:56.832783,Città della Scienza,78.7,12.37392,7.946847,4.433222,7.100792,EU EEA Common AQI,68.7,8.87599,6.0259376,7200,2.8550725,100,100,63.0,2.6202896,Very Low,67.7,10.82891,100,1747893600,Very Low,3.5465772,10.35784,Very Low,5.788176,60.9,4.521739,100,1747893600,3.2753623
2025-05-22T06:11:08Z,20,29.937,72.9,63,66.5,5,2,185,80,0.0,255,32767,0.11,2090-9-18,0.0,0.52,26.6,0.0,0.0,0.0,0,4.822265625,6,45,05:40,20:21,2025-05-22 06:11:07.947805,Città della Scienza,78.7,12.37392,7.946847,4.433222,7.100792,EU EEA Common AQI,68.7,8.87599,6.0259376,7200,2.8550725,100,100,63.0,2.6202896,Very Low,67.7,10.82891,100,1747893600,Very Low,3.5465772,10.35784,Very Low,5.788176,60.9,4.521739,100,1747893600,3.2753623
2025-05-22T06:11:19Z,20,29.937,72.9,63,66.5,3,2,177,80,0.0,255,32767,0.11,2090-9-18,0.0,0.52,26.6,0.0,0.0,0.0,0,4.822265625,6,45,05:40,20:21,2025-05-22 06:11:19.036808,Città della Scienza,78.7,12.37392,7.946847,4.433222,7.100792,EU EEA Common AQI,68.7,8.87599,6.0259376,7200,2.8550725,100,100,63.0,2.6202896,Very Low,67.7,10.82891,100,1747893600,Very Low,3.5465772,10.35784,Very Low,5.788176,60.9,4.521739,100,1747893600,3.2753623
2025-05-22T06:11:30Z,20,29.937,72.9,63,66.5,3,2,188,80,0.0,255,32767,0.11,2090-9-18,0.0,0.52,26.6,0.0,0.0,0.0,0,4.822265625,6,45,05:40,20:21,2025-05-22 06:11:30.173791,Città della Scienza,78.7,12.37392,7.946847,4.433222,7.100792,EU EEA Common AQI,68.7,8.87599,6.0259376,7200,2.8550725,100,100,63.0,2.6202896,Very Low,67.7,10.82891,100,1747893600,Very Low,3.5465772,10.35784,Very Low,5.788176,60.9,4.521739,100,1747893600,3.2753623
2025-05-22T06:11:41Z,20,29.937,72.9,63,66.5,3,2,189,80,0.0,255,32767,0.11,2090-9-18,0.0,0.52,26.6,0.0,0.0,0.0,0,4.822265625,6,45,05:40,20:21,2025-05-22 06:11:41.279785,Città della Scienza,78.7,12.37392,7.946847,4.433222,7.100792,EU EEA Common AQI,68.7,8.87599,6.0259376,7200,2.8550725,100,100,63.0,2.6202896,Very Low,67.7,10.82891,100,1747893600,Very Low,3.5465772,10.35784,Very Low,5.788176,60.9,4.521739,100,1747893600,3.2753623
2025-05-22T06:11:52Z,20,29.937,72.9,63,66.5,2,2,218,80,0.0,255,32767,0.11,2090-9-18,0.0,0.52,26.6,0.0,0.0,0.0,0,4.822265625,6,45,05:40,20:21,2025-05-22 06:11:52.350795,Città della Scienza,78.7,12.37392,7.946847,4.433222,7.100792,EU EEA Common AQI,68.7,8.87599,6.0259376,7200,2.8550725,100,100,63.0,2.6202896,Very Low,67.7,10.82891,100,1747893600,Very Low,3.5465772,10.35784,Very Low,5.788176,60.9,4.521739,100,1747893600,3.2753623
2025-05-22T06:12:03Z,20,29.937,72.9,63,66.5,1,2,183,80,0.0,255,32767,0.11,2090-9-18,0.0,0.52,26.6,0.0,0.0,0.0,0,4.822265625,6,45,05:40,20:21,2025-05-22 06:12:03.472789,Città della Scienza,78.7,12.37392,7.946847,4.433222,7.100792,EU EEA Common AQI,68.7,8.87599,6.0259376,7200,2.8550725,100,100,63.0,2.6202896,Very Low,67.7,10.82891,100,1747893600,Very Low,3.5465772,10.35784,Very Low,5.788176,60.9,4.521739,100,1747893600,3.2753623
2025-05-22T06:12:14Z,20,29.937,72.9,63,66.5,3,2,188,80,0.0,255,32767,0.11,2090-9-18,0.0,0.52,26.6,0.0,0.0,0.0,0,4.822265625,6,45,05:40,20:21,2025-05-22 06:12:14.549789,Città della Scienza,78.7,12.37392,7.946847,4.433222,7.100792,EU EEA Common AQI,68.7,8.87599,6.0259376,7200,2.8550725,100,100,63.0,2.6202896,Very Low,67.7,10.82891,100,1747893600,Very Low,3.5465772,10.35784,Very Low,5.788176,60.9,4.521739,100,1747893600,3.2753623
2025-05-22T06:12:25Z,20,29.937,72.9,63,66.5,1,2,177,80,0.0,255,32767,0.11,2090-9-18,0.0,0.52,26.6,0.0,0.0,0.0,0,4.822265625,6,45,05:40,20:21,2025-05-22 06:12:25.669791,Città della Scienza,78.7,12.37392,7.946847,4.433222,7.100792,EU EEA Common AQI,68.7,8.87599,6.0259376,7200,2.8550725,100,100,63.0,2.6202896,Very Low,67.7,10.82891,100,1747893600,Very Low,3.5465772,10.35784,Very Low,5.788176,60.9,4.521739,100,1747893600,3.2753623
2025-05-22T06:12:36Z,20,29.936,72.9,63,66.5,2,2,178,80,0.0,255,32767,0.11,2090-9-18,0.0,0.52,26.6,0.0,0.0,0.0,0,4.822265625,6,45,05:40,20:21,2025-05-22 06:12:36.771810,Città della Scienza,78.7,12.37392,7.946847,4.433222,7.100792,EU EEA Common AQI,68.7,8.87599,6.0259376,7200,2.8550725,100,100,63.0,2.6202896,Very Low,67.7,10.82891,100,1747893600,Very Low,3.5465772,10.35784,Very Low,5.788176,60.9,4.521739,100,1747893600,3.2753623
2025-05-22T06:12:48Z,20,29.936,72.9,63,66.5,5,2,174,80,0.0,255,32767,0.11,2090-9-18,0.0,0.52,26.6,0.0,0.0,0.0,0,4.822265625,6,45,05:40,20:21,2025-05-22 06:12:47.883791,Città della Scienza,78.7,12.37392,7.946847,4.433222,7.100792,EU EEA Common AQI,68.7,8.87599,6.0259376,7200,2.8550725,100,100,63.0,2.6202896,Very Low,67.7,10.82891,100,1747893600,Very Low,3.5465772,10.35784,Very Low,5.788176,60.9,4.521739,100,1747893600,3.2753623
2025-05-22T06:12:59Z,20,29.936,72.9,63,66.5,5,2,182,80,0.0,255,32767,0.11,2090-9-18,0.0,0.52,26.6,0.0,0.0,0.0,0,4.822265625,6,45,05:40,20:21,2025-05-22 06:12:58.987789,Città della Scienza,78.7,12.37392,7.946847,4.433222,7.100792,EU EEA Common AQI,68.7,8.87599,6.0259376,7200,2.8550725,100,100,63.0,2.6202896,Very Low,67.7,10.82891,100,1747893600,Very Low,3.5465772,10.35784,Very Low,5.788176,60.9,4.521739,100,1747893600,3.2753623
2025-05-22T06:13:10Z,20,29.936,72.9,63,66.5,2,2,190,80,0.0,255,32767,0.11,2090-9-18,0.0,0.52,26.6,0.0,0.0,0.0,0,4.822265625,6,45,05:40,20:21,2025-05-22 06:13:10.117799,Città della Scienza,78.7,12.37392,7.946847,4.433222,7.100792,EU EEA Common AQI,68.7,8.87599,6.0259376,7200,2.8550725,100,100,63.0,2.6202896,Very Low,67.7,10.82891,100,1747893600,Very Low,3.5465772,10.35784,Very Low,5.788176,60.9,4.521739,100,1747893600,3.2753623
2025-05-22T06:13:21Z,20,29.936,72.9,63,66.5,3,2,181,80,0.0,255,32767,0.11,2090-9-18,0.0,0.52,26.6,0.0,0.0,0.0,0,4.822265625,6,45,05:40,20:21,2025-05-22 06:13:21.245800,Città della Scienza,78.7,12.37392,7.946847,4.433222,7.100792,EU EEA Common AQI,68.7,8.87599,6.0259376,7200,2.8550725,100,100,63.0,2.6202896,Very Low,67.7,10.82891,100,1747893600,Very Low,3.5465772,10.35784,Very Low,5.788176,60.9,4.521739,100,1747893600,3.2753623
2025-05-22T06:13:32Z,20,29.936,72.9,63,66.6,3,2,185,80,0.0,255,32767,0.11,2090-9-18,0.0,0.52,26.6,0.0,0.0,0.0,0,4.822265625,6,45,05:40,20:21,2025-05-22 06:13:32.355807,Città della Scienza,78.7,12.37392,7.946847,4.433222,7.100792,EU EEA Common AQI,68.7,8.87599,6.0259376,7200,2.8550725,100,100,63.0,2.6202896,Very Low,67.7,10.82891,100,1747893600,Very Low,3.5465772,10.35784,Very Low,5.788176,60.9,4.521739,100,1747893600,3.2753623
2025-05-22T06:13:43Z,20,29.935,72.9,63,66.5,2,2,109,80,0.0,255,32767,0.11,2090-9-18,0.0,0.52,26.6,0.0,0.0,0.0,0,4.822265625,6,45,05:40,20:21,2025-05-22 06:13:43.466788,Città della Scienza,78.7,12.37392,7.946847,4.433222,7.100792,EU EEA Common AQI,68.7,8.87599,6.0259376,7200,2.8550725,100,100,63.0,2.6202896,Very Low,67.7,10.82891,100,1747893600,Very Low,3.5465772,10.35784,Very Low,5.788176,60.9,4.521739,100,1747893600,3.2753623
2025-05-22T06:13:54Z,20,29.935,72.9,63,66.6,1,2,172,80,0.0,255,32767,0.11,2090-9-18,0.0,0.52,26.6,0.0,0.0,0.0,0,4.822265625,6,45,05:40,20:21,2025-05-22 06:13:54.569786,Città della Scienza,78.7,12.37392,7.946847,4.433222,7.100792,EU EEA Common AQI,68.7,8.87599,6.0259376,7200,2.8550725,100,100,63.0,2.6202896,Very Low,67.7,10.82891,100,1747893600,Very Low,3.5465772,10.35784,Very Low,5.788176,60.9,4.521739,100,1747893600,3.2753623
2025-05-22T06:14:05Z,20,29.935,72.9,63,66.6,1,2,157,80,0.0,255,32767,0.11,2090-9-18,0.0,0.52,26.6,0.0,0.0,0.0,0,4.822265625,6,45,05:40,20:21,2025-05-22 06:14:05.670800,Città della Scienza,78.7,12.37392,7.946847,4.433222,7.100792,EU EEA Common AQI,68.7,8.87599,6.0259376,7200,2.8550725,100,100,63.0,2.6202896,Very Low,67.7,10.82891,100,1747893600,Very Low,3.5465772,10.35784,Very Low,5.788176,60.9,4.521739,100,1747893600,3.2753623
2025-05-22T06:14:16Z,20,29.935,72.9,63,66.6,3,2,182,80,0.0,255,32767,0.11,2090-9-18,0.0,0.52,26.6,0.0,0.0,0.0,0,4.822265625,6,45,05:40,20:21,2025-05-22 06:14:16.787795,Città della Scienza,78.7,12.37392,7.946847,4.433222,7.100792,EU EEA Common AQI,68.7,8.87599,6.0259376,7200,2.8550725,100,100,63.0,2.6202896,Very Low,67.7,10.82891,100,1747893600,Very Low,3.5465772,10.35784,Very Low,5.788176,60.9,4.521739,100,1747893600,3.2753623
2025-05-22T06:14:28Z,20,29.935,72.9,63,66.6,6,2,186,80,0.0,255,32767,0.11,2090-9-18,0.0,0.52,26.6,0.0,0.0,0.0,0,4.822265625,6,45,05:40,20:21,2025-05-22 06:14:27.922789,Città della Scienza,78.7,12.37392,7.946847,4.433222,7.100792,EU EEA Common AQI,68.7,8.87599,6.0259376,7200,2.8550725,100,100,63.0,2.6202896,Very Low,67.7,10.82891,100,1747893600,Very Low,3.5465772,10.35784,Very Low,5.788176,60.9,4.521739,100,1747893600,3.2753623
2025-05-22T06:14:39Z,20,29.937,72.9,63,66.6,5,2,182,80,0.0,255,32767,0.11,2090-9-18,0.0,0.52,26.6,0.0,0.0,0.0,0,4.822265625,6,45,05:40,20:21,2025-05-22 06:14:39.036790,Città della Scienza,78.7,12.37392,7.946847,4.433222,7.100792,EU EEA Common AQI,68.7,8.87599,6.0259376,7200,2.8550725,100,100,63.0,2.6202896,Very Low,67.7,10.82891,100,1747893600,Very Low,3.5465772,10.35784,Very Low,5.788176,60.9,4.521739,100,1747893600,3.2753623
2025-05-22T06:14:50Z,20,29.937,72.9,63,66.6,7,2,196,80,0.0,255,32767,0.11,2090-9-18,0.0,0.52,26.6,0.0,0.0,0.0,0,4.822265625,6,45,05:40,20:21,2025-05-22 06:14:50.142795,Città della Scienza,78.7,12.37392,7.946847,4.433222,7.100792,EU EEA Common AQI,68.7,8.87599,6.0259376,7200,2.8550725,100,100,63.0,2.6202896,Very Low,67.7,10.82891,100,1747893600,Very Low,3.5465772,10.35784,Very Low,5.788176,60.9,4.521739,100,1747893600,3.2753623
2025-05-22T06:15:01Z,20,29.937,72.9,63,66.6,3,2,184,80,0.0,255,32767,0.11,2090-9-18,0.0,0.52,26.6,0.0,0.0,0.0,0,4.822265625,6,45,05:40,20:21,2025-05-22 06:15:01.294802,Città della Scienza,78.7,12.37392,7.946847,4.433222,7.100792,EU EEA Common AQI,68.7,8.87599,6.0259376,7200,2.8550725,100,100,63.0,2.6202896,Very Low,67.7,10.82891,100,1747893600,Very Low,3.5465772,10.35784,Very Low,5.788176,60.9,4.521739,100,1747893600,3.2753623
2025-05-22T06:15:12Z,20,29.937,72.9,63,66.6,4,2,181,80,0.0,255,32767,0.11,2090-9-18,0.0,0.52,26.6,0.0,0.0,0.0,0,4.822265625,6,45,05:40,20:21,2025-05-22 06:15:12.517791,Città della Scienza,78.7,12.37392,7.946847,4.433222,7.100792,EU EEA Common AQI,68.7,8.87599,6.0259376,7200,2.8550725,100,100,63.0,2.6202896,Very Low,67.7,10.82891,100,1747893600,Very Low,3.5465772,10.35784,Very Low,5.788176,60.9,4.521739,100,1747893600,3.2753623
2025-05-22T06:15:23Z,20,29.937,72.9,63,66.6,4,2,190,80,0.0,255,32767,0.11,2090-9-18,0.0,0.52,26.6,0.0,0.0,0.0,0,4.822265625,6,45,05:40,20:21,2025-05-22 06:15:23.645796,Città della Scienza,78.7,12.37392,7.946847,4.433222,7.100792,EU EEA Common AQI,68.7,8.87599,6.0259376,7200,2.8550725,100,100,63.0,2.6202896,Very Low,67.7,10.82891,100,1747893600,Very Low,3.5465772,10.35784,Very Low,5.788176,60.9,4.521739,100,1747893600,3.2753623
2025-05-22T06:15:34Z,20,29.937,72.9,63,66.6,5,3,182,80,0.0,255,32767,0.11,2090-9-18,0.0,0.52,26.6,0.0,0.0,0.0,0,4.822265625,6,45,05:40,20:21,2025-05-22 06:15:34.748837,Città della Scienza,77.5,11.520902,7.935537,3.9071548,6.484425,EU EEA Common AQI,69.1,8.105532,6.028862,7200,2.6571429,100,100,63.1,2.3314285,Very Low,68.2,10.012629,100,1747894500,Very Low,3.1257238,9.532786,Very Low,5.170854,60.8,3.5142858,100,1747894500,2.9142857
2025-05-22T06:15:46Z,20,29.937,72.9,63,66.6,6,3,169,79,0.0,255,32767,0.11,2090-9-18,0.0,0.52,26.6,0.0,0.0,0.0,0,4.822265625,6,45,05:40,20:21,2025-05-22 06:15:45.849796,Città della Scienza,77.5,11.520902,7.935537,3.9071548,6.484425,EU EEA Common AQI,69.1,8.105532,6.028862,7200,2.6571429,100,100,63.1,2.3314285,Very Low,68.2,10.012629,100,1747894500,Very Low,3.1257238,9.532786,Very Low,5.170854,60.8,3.5142858,100,1747894500,2.9142857
2025-05-22T06:15:57Z,20,29.937,72.9,63,66.6,3,3,180,79,0.0,255,32767,0.11,2090-9-18,0.0,0.52,26.6,0.0,0.0,0.0,0,4.822265625,6,45,05:40,20:21,2025-05-22 06:15:56.955785,Città della Scienza,77.5,11.520902,7.935537,3.9071548,6.484425,EU EEA Common AQI,69.1,8.105532,6.028862,7200,2.6571429,100,100,63.1,2.3314285,Very Low,68.2,10.012629,100,1747894500,Very Low,3.1257238,9.532786,Very Low,5.170854,60.8,3.5142858,100,1747894500,2.9142857
2025-05-22T06:16:08Z,20,29.937,72.9,63,66.6,3,3,181,79,0.0,255,32767,0.11,2090-9-18,0.0,0.52,26.6,0.0,0.0,0.0,0,4.822265625,6,45,05:40,20:21,2025-05-22 06:16:08.042791,Città della Scienza,77.5,11.520902,7.935537,3.9071548,6.484425,EU EEA Common AQI,69.1,8.105532,6.028862,7200,2.6571429,100,100,63.1,2.3314285,Very Low,68.2,10.012629,100,1747894500,Very Low,3.1257238,9.532786,Very Low,5.170854,60.8,3.5142858,100,1747894500,2.9142857
2025-05-22T06:16:19Z,20,29.937,72.9,63,66.6,2,3,182,79,0.0,255,32767,0.11,2090-9-18,0.0,0.52,26.6,0.0,0.0,0.0,0,4.822265625,6,45,05:40,20:21,2025-05-22 06:16:19.199785,Città della Scienza,77.5,11.520902,7.935537,3.9071548,6.484425,EU EEA Common AQI,69.1,8.105532,6.028862,7200,2.6571429,100,100,63.1,2.3314285,Very Low,68.2,10.012629,100,1747894500,Very Low,3.1257238,9.532786,Very Low,5.170854,60.8,3.5142858,100,1747894500,2.9142857
2025-05-22T06:16:30Z,20,29.937,72.9,63,66.6,2,3,173,79,0.0,255,32767,0.11,2090-9-18,0.0,0.52,26.6,0.0,0.0,0.0,0,4.822265625,6,45,05:40,20:21,2025-05-22 06:16:30.298786,Città della Scienza,77.5,11.520902,7.935537,3.9071548,6.484425,EU EEA Common AQI,69.1,8.105532,6.028862,7200,2.6571429,100,100,63.1,2.3314285,Very Low,68.2,10.012629,100,1747894500,Very Low,3.1257238,9.532786,Very Low,5.170854,60.8,3.5142858,100,1747894500,2.9142857
2025-05-22T06:16:41Z,20,29.936,73.0,63,66.6,1,3,173,80,0.0,255,32767,0.11,2090-9-18,0.0,0.52,26.6,0.0,0.0,0.0,0,4.822265625,6,45,05:40,20:21,2025-05-22 06:16:41.381782,Città della Scienza,77.5,11.520902,7.935537,3.9071548,6.484425,EU EEA Common AQI,69.1,8.105532,6.028862,7200,2.6571429,100,100,63.1,2.3314285,Very Low,68.2,10.012629,100,1747894500,Very Low,3.1257238,9.532786,Very Low,5.170854,60.8,3.5142858,100,1747894500,2.9142857
2025-05-22T06:16:52Z,20,29.936,73.0,63,66.6,2,3,174,80,0.0,255,32767,0.11,2090-9-18,0.0,0.52,26.6,0.0,0.0,0.0,0,4.822265625,6,45,05:40,20:21,2025-05-22 06:16:52.497793,Città della Scienza,77.5,11.520902,7.935537,3.9071548,6.484425,EU EEA Common AQI,69.1,8.105532,6.028862,7200,2.6571429,100,100,63.1,2.3314285,Very Low,68.2,10.012629,100,1747894500,Very Low,3.1257238,9.532786,Very Low,5.170854,60.8,3.5142858,100,1747894500,2.9142857
2025-05-22T06:17:03Z,20,29.936,73.0,63,66.7,1,3,174,80,0.0,255,32767,0.11,2090-9-18,0.0,0.52,26.6,0.0,0.0,0.0,0,4.822265625,6,45,05:40,20:21,2025-05-22 06:17:03.597792,Città della Scienza,77.5,11.520902,7.935537,3.9071548,6.484425,EU EEA Common AQI,69.1,8.105532,6.028862,7200,2.6571429,100,100,63.1,2.3314285,Very Low,68.2,10.012629,100,1747894500,Very Low,3.1257238,9.532786,Very Low,5.170854,60.8,3.5142858,100,1747894500,2.9142857
2025-05-22T06:17:14Z,20,29.936,73.0,63,66.7,2,3,169,80,0.0,255,32767,0.11,2090-9-18,0.0,0.52,26.6,0.0,0.0,0.0,0,4.822265625,6,45,05:40,20:21,2025-05-22 06:17:14.720777,Città della Scienza,77.5,11.520902,7.935537,3.9071548,6.484425,EU EEA Common AQI,69.1,8.105532,6.028862,7200,2.6571429,100,100,63.1,2.3314285,Very Low,68.2,10.012629,100,1747894500,Very Low,3.1257238,9.532786,Very Low,5.170854,60.8,3.5142858,100,1747894500,2.9142857
2025-05-22T06:17:26Z,20,29.936,73.0,63,66.7,3,3,187,80,0.0,255,32767,0.11,2090-9-18,0.0,0.52,26.6,0.0,0.0,0.0,0,4.822265625,6,45,05:40,20:21,2025-05-22 06:17:25.820786,Città della Scienza,77.5,11.520902,7.935537,3.9071548,6.484425,EU EEA Common AQI,69.1,8.105532,6.028862,7200,2.6571429,100,100,63.1,2.3314285,Very Low,68.2,10.012629,100,1747894500,Very Low,3.1257238,9.532786,Very Low,5.170854,60.8,3.5142858,100,1747894500,2.9142857
2025-05-22T06:17:37Z,20,29.935,72.9,63,66.7,4,3,187,80,0.0,255,32767,0.11,2090-9-18,0.0,0.52,26.6,0.0,0.0,0.0,0,4.822265625,6,45,05:40,20:21,2025-05-22 06:17:36.990789,Città della Scienza,77.5,11.520902,7.935537,3.9071548,6.484425,EU EEA Common AQI,69.1,8.105532,6.028862,7200,2.6571429,100,100,63.1,2.3314285,Very Low,68.2,10.012629,100,1747894500,Very Low,3.1257238,9.532786,Very Low,5.170854,60.8,3.5142858,100,1747894500,2.9142857
2025-05-22T06:17:48Z,20,29.935,72.9,63,66.7,3,3,192,80,0.0,255,32767,0.11,2090-9-18,0.0,0.52,26.6,0.0,0.0,0.0,0,4.822265625,6,45,05:40,20:21,2025-05-22 06:17:48.059795,Città della Scienza,77.5,11.520902,7.935537,3.9071548,6.484425,EU EEA Common AQI,69.1,8.105532,6.028862,7200,2.6571429,100,100,63.1,2.3314285,Very Low,68.2,10.012629,100,1747894500,Very Low,3.1257238,9.532786,Very Low,5.170854,60.8,3.5142858,100,1747894500,2.9142857
2025-05-22T06:17:59Z,20,29.935,72.9,63,66.7,1,3,205,80,0.0,255,32767,0.11,2090-9-18,0.0,0.52,26.6,0.0,0.0,0.0,0,4.822265625,6,45,05:40,20:21,2025-05-22 06:17:59.145787,Città della Scienza,77.5,11.520902,7.935537,3.9071548,6.484425,EU EEA Common AQI,69.1,8.105532,6.028862,7200,2.6571429,100,100,63.1,2.3314285,Very Low,68.2,10.012629,100,1747894500,Very Low,3.1257238,9.532786,Very Low,5.170854,60.8,3.5142858,100,1747894500,2.9142857
2025-05-22T06:18:10Z,20,29.935,72.9,63,66.7,2,3,207,80,0.0,255,32767,0.11,2090-9-18,0.0,0.52,26.6,0.0,0.0,0.0,0,4.822265625,6,45,05:40,20:21,2025-05-22 06:18:10.247784,Città della Scienza,77.5,11.520902,7.935537,3.9071548,6.484425,EU EEA Common AQI,69.1,8.105532,6.028862,7200,2.6571429,100,100,63.1,2.3314285,Very Low,68.2,10.012629,100,1747894500,Very Low,3.1257238,9.532786,Very Low,5.170854,60.8,3.5142858,100,1747894500,2.9142857
2025-05-22T06:18:21Z,20,29.935,72.9,63,66.7,3,3,188,80,0.0,255,32767,0.11,2090-9-18,0.0,0.52,26.6,0.0,0.0,0.0,0,4.822265625,6,45,05:40,20:21,2025-05-22 06:18:21.379795,Città della Scienza,77.5,11.520902,7.935537,3.9071548,6.484425,EU EEA Common AQI,69.1,8.105532,6.028862,7200,2.6571429,100,100,63.1,2.3314285,Very Low,68.2,10.012629,100,1747894500,Very Low,3.1257238,9.532786,Very Low,5.170854,60.8,3.5142858,100,1747894500,2.9142857
2025-05-22T06:18:32Z,20,29.935,72.9,63,66.7,5,3,182,80,0.0,255,32767,0.11,2090-9-18,0.0,0.52,26.6,0.0,0.0,0.0,0,4.822265625,6,45,05:40,20:21,2025-05-22 06:18:32.526790,Città della Scienza,77.5,11.520902,7.935537,3.9071548,6.484425,EU EEA Common AQI,69.1,8.105532,6.028862,7200,2.6571429,100,100,63.1,2.3314285,Very Low,68.2,10.012629,100,1747894500,Very Low,3.1257238,9.532786,Very Low,5.170854,60.8,3.5142858,100,1747894500,2.9142857
2025-05-22T06:18:43Z,20,29.936,73.0,63,66.7,2,3,215,80,0.0,255,32767,0.11,2090-9-18,0.0,0.52,26.6,0.0,0.0,0.0,0,4.822265625,6,45,05:40,20:21,2025-05-22 06:18:43.619803,Città della Scienza,77.5,11.520902,7.935537,3.9071548,6.484425,EU EEA Common AQI,69.1,8.105532,6.028862,7200,2.6571429,100,100,63.1,2.3314285,Very Low,68.2,10.012629,100,1747894500,Very Low,3.1257238,9.532786,Very Low,5.170854,60.8,3.5142858,100,1747894500,2.9142857
2025-05-22T06:18:54Z,20,29.936,73.0,63,66.8,1,3,200,80,0.0,255,32767,0.11,2090-9-18,0.0,0.52,26.6,0.0,0.0,0.0,0,4.822265625,6,45,05:40,20:21,2025-05-22 06:18:54.691793,Città della Scienza,77.5,11.520902,7.935537,3.9071548,6.484425,EU EEA Common AQI,69.1,8.105532,6.028862,7200,2.6571429,100,100,63.1,2.3314285,Very Low,68.2,10.012629,100,1747894500,Very Low,3.1257238,9.532786,Very Low,5.170854,60.8,3.5142858,100,1747894500,2.9142857
2025-05-22T06:19:05Z,20,29.936,73.0,63,66.8,2,3,205,80,0.0,255,32767,0.11,2090-9-18,0.0,0.52,26.6,0.0,0.0,0.0,0,4.822265625,6,45,05:40,20:21,2025-05-22 06:19:05.792784,Città della Scienza,77.5,11.520902,7.935537,3.9071548,6.484425,EU EEA Common AQI,69.1,8.105532,6.028862,7200,2.6571429,100,100,63.1,2.3314285,Very Low,68.2,10.012629,100,1747894500,Very Low,3.1257238,9.532786,Very Low,5.170854,60.8,3.5142858,100,1747894500,2.9142857
2025-05-22T06:19:17Z,20,29.936,73.0,63,66.8,2,3,182,79,0.0,255,32767,0.11,2090-9-18,0.0,0.52,26.6,0.0,0.0,0.0,0,4.822265625,6,45,05:40,20:21,2025-05-22 06:19:16.933802,Città della Scienza,77.5,11.520902,7.935537,3.9071548,6.484425,EU EEA Common AQI,69.1,8.105532,6.028862,7200,2.6571429,100,100,63.1,2.3314285,Very Low,68.2,10.012629,100,1747894500,Very Low,3.1257238,9.532786,Very Low,5.170854,60.8,3.5142858,100,1747894500,2.9142857
2025-05-22T06:19:28Z,20,29.936,73.0,63,66.8,3,3,184,79,0.0,255,32767,0.11,2090-9-18,0.0,0.52,26.6,0.0,0.0,0.0,0,4.822265625,6,45,05:40,20:21,2025-05-22 06:19:28.101794,Città della Scienza,77.5,11.520902,7.935537,3.9071548,6.484425,EU EEA Common AQI,69.1,8.105532,6.028862,7200,2.6571429,100,100,63.1,2.3314285,Very Low,68.2,10.012629,100,1747894500,Very Low,3.1257238,9.532786,Very Low,5.170854,60.8,3.5142858,100,1747894500,2.9142857
2025-05-22T06:19:39Z,20,29.938,73.0,63,66.8,3,3,196,79,0.0,255,32767,0.11,2090-9-18,0.0,0.52,26.6,0.0,0.0,0.0,0,4.822265625,6,45,05:40,20:21,2025-05-22 06:19:39.202797,Città della Scienza,77.5,11.520902,7.935537,3.9071548,6.484425,EU EEA Common AQI,69.1,8.105532,6.028862,7200,2.6571429,100,100,63.1,2.3314285,Very Low,68.2,10.012629,100,1747894500,Very Low,3.1257238,9.532786,Very Low,5.170854,60.8,3.5142858,100,1747894500,2.9142857
2025-05-22T06:19:50Z,20,29.938,73.0,63,66.8,3,3,197,79,0.0,255,32767,0.11,2090-9-18,0.0,0.52,26.6,0.0,0.0,0.0,0,4.822265625,6,45,05:40,20:21,2025-05-22 06:19:50.348784,Città della Scienza,77.5,11.520902,7.935537,3.9071548,6.484425,EU EEA Common AQI,69.1,8.105532,6.028862,7200,2.6571429,100,100,63.1,2.3314285,Very Low,68.2,10.012629,100,1747894500,Very Low,3.1257238,9.532786,Very Low,5.170854,60.8,3.5142858,100,1747894500,2.9142857
2025-05-22T06:20:01Z,20,29.938,73.0,63,66.8,2,3,175,79,0.0,255,32767,0.11,2090-9-18,0.0,0.52,26.6,0.0,0.0,0.0,0,4.822265625,6,45,05:40,20:21,2025-05-22 06:20:01.428792,Città della Scienza,77.5,11.520902,7.935537,3.9071548,6.484425,EU EEA Common AQI,69.1,8.105532,6.028862,7200,2.6571429,100,100,63.1,2.3314285,Very Low,68.2,10.012629,100,1747894500,Very Low,3.1257238,9.532786,Very Low,5.170854,60.8,3.5142858,100,1747894500,2.9142857
2025-05-22T06:20:12Z,20,29.938,73.0,63,66.8,0,3,175,79,0.0,255,32767,0.11,2090-9-18,0.0,0.52,26.6,0.0,0.0,0.0,0,4.822265625,6,45,05:40,20:21,2025-05-22 06:20:12.733797,Città della Scienza,77.5,11.520902,7.935537,3.9071548,6.484425,EU EEA Common AQI,69.1,8.105532,6.028862,7200,2.6571429,100,100,63.1,2.3314285,Very Low,68.2,10.012629,100,1747894500,Very Low,3.1257238,9.532786,Very Low,5.170854,60.8,3.5142858,100,1747894500,2.9142857
2025-05-22T06:20:24Z,20,29.938,73.0,63,66.8,0,3,175,79,0.0,255,32767,0.11,2090-9-18,0.0,0.52,26.6,0.0,0.0,0.0,0,4.822265625,6,45,05:40,20:21,2025-05-22 06:20:23.851784,Città della Scienza,77.5,11.520902,7.935537,3.9071548,6.484425,EU EEA Common AQI,69.1,8.105532,6.028862,7200,2.6571429,100,100,63.1,2.3314285,Very Low,68.2,10.012629,100,1747894500,Very Low,3.1257238,9.532786,Very Low,5.170854,60.8,3.5142858,100,1747894500,2.9142857
2025-05-22T06:20:35Z,20,29.939,73.0,63,66.9,2,3,178,79,0.0,255,32767,0.11,2090-9-18,0.0,0.52,26.6,0.0,0.0,0.0,0,4.822265625,6,45,05:40,20:21,2025-05-22 06:20:34.990796,Città della Scienza,77.5,11.520902,7.935537,3.9071548,6.484425,EU EEA Common AQI,69.1,8.105532,6.028862,7200,2.6571429,100,100,63.1,2.3314285,Very Low,68.2,10.012629,100,1747894500,Very Low,3.1257238,9.532786,Very Low,5.170854,60.8,3.5142858,100,1747894500,2.9142857
2025-05-22T06:20:46Z,20,29.939,73.0,63,66.9,2,3,169,79,0.0,255,32767,0.11,2090-9-18,0.0,0.52,26.6,0.0,0.0,0.0,0,4.822265625,6,45,05:40,20:21,2025-05-22 06:20:46.117790,Città della Scienza,77.5,11.520902,7.935537,3.9071548,6.484425,EU EEA Common AQI,69.1,8.105532,6.028862,7200,2.6571429,100,100,63.1,2.3314285,Very Low,68.2,10.012629,100,1747894500,Very Low,3.1257238,9.532786,Very Low,5.170854,60.8,3.5142858,100,1747894500,2.9142857
2025-05-22T06:20:57Z,20,29.939,73.0,63,66.9,3,3,192,79,0.0,255,32767,0.11,2090-9-18,0.0,0.52,26.6,0.0,0.0,0.0,0,4.822265625,6,45,05:40,20:21,2025-05-22 06:20:57.222788,Città della Scienza,77.5,11.520902,7.935537,3.9071548,6.484425,EU EEA Common AQI,69.1,8.105532,6.028862,7200,2.6571429,100,100,63.1,2.3314285,Very Low,68.2,10.012629,100,1747894500,Very Low,3.1257238,9.532786,Very Low,5.170854,60.8,3.5142858,100,1747894500,2.9142857
2025-05-22T06:21:08Z,20,29.939,73.0,63,66.9,2,3,195,79,0.0,255,32767,0.11,2090-9-18,0.0,0.52,26.6,0.0,0.0,0.0,0,4.822265625,6,45,05:40,20:21,2025-05-22 06:21:08.296794,Città della Scienza,77.5,11.520902,7.935537,3.9071548,6.484425,EU EEA Common AQI,69.1,8.105532,6.028862,7200,2.6571429,100,100,63.1,2.3314285,Very Low,68.2,10.012629,100,1747894500,Very Low,3.1257238,9.532786,Very Low,5.170854,60.8,3.5142858,100,1747894500,2.9142857
2025-05-22T06:21:19Z,20,29.939,73.0,63,67.0,0,3,217,79,0.0,255,32767,0.11,2090-9-18,0.0,0.52,26.6,0.0,0.0,0.0,0,4.822265625,6,45,05:40,20:21,2025-05-22 06:21:19.394789,Città della Scienza,77.5,11.520902,7.935537,3.9071548,6.484425,EU EEA Common AQI,69.1,8.105532,6.028862,7200,2.6571429,100,100,63.1,2.3314285,Very Low,68.2,10.012629,100,1747894500,Very Low,3.1257238,9.532786,Very Low,5.170854,60.8,3.5142858,100,1747894500,2.9142857
2025-05-22T06:21:30Z,20,29.939,73.0,63,67.0,2,3,196,79,0.0,255,32767,0.11,2090-9-18,0.0,0.52,26.6,0.0,0.0,0.0,0,4.822265625,6,45,05:40,20:21,2025-05-22 06:21:30.494788,Città della Scienza,77.5,11.520902,7.935537,3.9071548,6.484425,EU EEA Common AQI,69.1,8.105532,6.028862,7200,2.6571429,100,100,63.1,2.3314285,Very Low,68.2,10.012629,100,1747894500,Very Low,3.1257238,9.532786,Very Low,5.170854,60.8,3.5142858,100,1747894500,2.9142857
2025-05-22T06:21:41Z,20,29.939,73.0,63,67.1,3,3,254,79,0.0,255,32767,0.11,2090-9-18,0.0,0.52,26.6,0.0,0.0,0.0,0,4.822265625,6,45,05:40,20:21,2025-05-22 06:21:41.597790,Città della Scienza,77.5,11.520902,7.935537,3.9071548,6.484425,EU EEA Common AQI,69.1,8.105532,6.028862,7200,2.6571429,100,100,63.1,2.3314285,Very Low,68.2,10.012629,100,1747894500,Very Low,3.1257238,9.532786,Very Low,5.170854,60.8,3.5142858,100,1747894500,2.9142857
2025-05-22T06:21:52Z,20,29.939,73.0,63,67.1,4,3,216,79,0.0,255,32767,0.11,2090-9-18,0.0,0.52,26.6,0.0,0.0,0.0,0,4.822265625,6,45,05:40,20:21,2025-05-22 06:21:52.677807,Città della Scienza,77.5,11.520902,7.935537,3.9071548,6.484425,EU EEA Common AQI,69.1,8.105532,6.028862,7200,2.6571429,100,100,63.1,2.3314285,Very Low,68.2,10.012629,100,1747894500,Very Low,3.1257238,9.532786,Very Low,5.170854,60.8,3.5142858,100,1747894500,2.9142857
2025-05-22T06:22:04Z,20,29.939,73.0,63,67.1,4,3,181,79,0.0,255,32767,0.11,2090-9-18,0.0,0.52,26.6,0.0,0.0,0.0,0,4.822265625,6,45,05:40,20:21,2025-05-22 06:22:03.808796,Città della Scienza,77.5,11.520902,7.935537,3.9071548,6.484425,EU EEA Common AQI,69.1,8.105532,6.028862,7200,2.6571429,100,100,63.1,2.3314285,Very Low,68.2,10.012629,100,1747894500,Very Low,3.1257238,9.532786,Very Low,5.170854,60.8,3.5142858,100,1747894500,2.9142857
2025-05-22T06:22:15Z,20,29.939,73.0,63,67.1,6,3,186,79,0.0,255,32767,0.11,2090-9-18,0.0,0.52,26.6,0.0,0.0,0.0,0,4.822265625,6,45,05:40,20:21,2025-05-22 06:22:14.925786,Città della Scienza,77.5,11.520902,7.935537,3.9071548,6.484425,EU EEA Common AQI,69.1,8.105532,6.028862,7200,2.6571429,100,100,63.1,2.3314285,Very Low,68.2,10.012629,100,1747894500,Very Low,3.1257238,9.532786,Very Low,5.170854,60.8,3.5142858,100,1747894500,2.9142857
2025-05-22T06:22:26Z,20,29.939,73.0,63,67.0,5,3,204,79,0.0,255,32767,0.11,2090-9-18,0.0,0.52,26.6,0.0,0.0,0.0,0,4.822265625,6,45,05:40,20:21,2025-05-22 06:22:26.027785,Città della Scienza,77.5,11.520902,7.935537,3.9071548,6.484425,EU EEA Common AQI,69.1,8.105532,6.028862,7200,2.6571429,100,100,63.1,2.3314285,Very Low,68.2,10.012629,100,1747894500,Very Low,3.1257238,9.532786,Very Low,5.170854,60.8,3.5142858,100,1747894500,2.9142857
2025-05-22T06:22:37Z,20,29.936,73.0,63,67.1,5,3,188,79,0.0,255,32767,0.11,2090-9-18,0.0,0.52,26.6,0.0,0.0,0.0,0,4.822265625,6,45,05:40,20:21,2025-05-22 06:22:37.105795,Città della Scienza,77.5,11.520902,7.935537,3.9071548,6.484425,EU EEA Common AQI,69.1,8.105532,6.028862,7200,2.6571429,100,100,63.1,2.3314285,Very Low,68.2,10.012629,100,1747894500,Very Low,3.1257238,9.532786,Very Low,5.170854,60.8,3.5142858,100,1747894500,2.9142857
2025-05-22T06:22:48Z,20,29.936,73.0,63,67.1,4,3,194,79,0.0,255,32767,0.11,2090-9-18,0.0,0.52,26.6,0.0,0.0,0.0,0,4.822265625,6,45,05:40,20:21,2025-05-22 06:22:48.217804,Città della Scienza,77.5,11.520902,7.935537,3.9071548,6.484425,EU EEA Common AQI,69.1,8.105532,6.028862,7200,2.6571429,100,100,63.1,2.3314285,Very Low,68.2,10.012629,100,1747894500,Very Low,3.1257238,9.532786,Very Low,5.170854,60.8,3.5142858,100,1747894500,2.9142857
2025-05-22T06:22:59Z,20,29.936,73.0,63,67.2,6,3,186,79,0.0,255,32767,0.11,2090-9-18,0.0,0.52,26.6,0.0,0.0,0.0,0,4.822265625,6,45,05:40,20:21,2025-05-22 06:22:59.318797,Città della Scienza,77.5,11.520902,7.935537,3.9071548,6.484425,EU EEA Common AQI,69.1,8.105532,6.028862,7200,2.6571429,100,100,63.1,2.3314285,Very Low,68.2,10.012629,100,1747894500,Very Low,3.1257238,9.532786,Very Low,5.170854,60.8,3.5142858,100,1747894500,2.9142857
2025-05-22T06:23:10Z,20,29.936,73.0,63,67.1,6,3,202,79,0.0,255,32767,0.11,2090-9-18,0.0,0.52,26.6,0.0,0.0,0.0,0,4.822265625,6,45,05:40,20:21,2025-05-22 06:23:10.454801,Città della Scienza,77.5,11.520902,7.935537,3.9071548,6.484425,EU EEA Common AQI,69.1,8.105532,6.028862,7200,2.6571429,100,100,63.1,2.3314285,Very Low,68.2,10.012629,100,1747894500,Very Low,3.1257238,9.532786,Very Low,5.170854,60.8,3.5142858,100,1747894500,2.9142857
2025-05-22T06:23:21Z,20,29.936,73.0,63,67.1,3,3,191,79,0.0,255,32767,0.11,2090-9-18,0.0,0.52,26.6,0.0,0.0,0.0,0,4.822265625,6,45,05:40,20:21,2025-05-22 06:23:21.533789,Città della Scienza,77.5,11.520902,7.935537,3.9071548,6.484425,EU EEA Common AQI,69.1,8.105532,6.028862,7200,2.6571429,100,100,63.1,2.3314285,Very Low,68.2,10.012629,100,1747894500,Very Low,3.1257238,9.532786,Very Low,5.170854,60.8,3.5142858,100,1747894500,2.9142857
2025-05-22T06:23:32Z,20,29.936,73.0,63,67.1,7,3,209,79,0.0,255,32767,0.11,2090-9-18,0.0,0.52,26.6,0.0,0.0,0.0,0,4.822265625,6,45,05:40,20:21,2025-05-22 06:23:32.634799,Città della Scienza,77.5,11.520902,7.935537,3.9071548,6.484425,EU EEA Common AQI,69.1,8.105532,6.028862,7200,2.6571429,100,100,63.1,2.3314285,Very Low,68.2,10.012629,100,1747894500,Very Low,3.1257238,9.532786,Very Low,5.170854,60.8,3.5142858,100,1747894500,2.9142857
2025-05-22T06:23:43Z,20,29.937,73.0,63,67.1,6,3,172,79,0.0,255,32767,0.11,2090-9-18,0.0,0.52,26.6,0.0,0.0,0.0,0,4.822265625,6,45,05:40,20:21,2025-05-22 06:23:43.771801,Città della Scienza,77.5,11.520902,7.935537,3.9071548,6.484425,EU EEA Common AQI,69.1,8.105532,6.028862,7200,2.6571429,100,100,63.1,2.3314285,Very Low,68.2,10.012629,100,1747894500,Very Low,3.1257238,9.532786,Very Low,5.170854,60.8,3.5142858,100,1747894500,2.9142857
2025-05-22T06:23:55Z,20,29.937,73.0,63,67.1,5,3,192,79,0.0,255,32767,0.11,2090-9-18,0.0,0.52,26.6,0.0,0.0,0.0,0,4.822265625,6,45,05:40,20:21,2025-05-22 06:23:54.850790,Città della Scienza,77.5,11.520902,7.935537,3.9071548,6.484425,EU EEA Common AQI,69.1,8.105532,6.028862,7200,2.6571429,100,100,63.1,2.3314285,Very Low,68.2,10.012629,100,1747894500,Very Low,3.1257238,9.532786,Very Low,5.170854,60.8,3.5142858,100,1747894500,2.9142857
2025-05-22T06:24:06Z,20,29.937,73.0,63,67.2,3,3,176,79,0.0,255,32767,0.11,2090-9-18,0.0,0.52,26.6,0.0,0.0,0.0,0,4.822265625,6,45,05:40,20:21,2025-05-22 06:24:05.976788,Città della Scienza,77.5,11.520902,7.935537,3.9071548,6.484425,EU EEA Common AQI,69.1,8.105532,6.028862,7200,2.6571429,100,100,63.1,2.3314285,Very Low,68.2,10.012629,100,1747894500,Very Low,3.1257238,9.532786,Very Low,5.170854,60.8,3.5142858,100,1747894500,2.9142857
2025-05-22T06:24:17Z,20,29.937,73.0,63,67.1,2,3,192,79,0.0,255,32767,0.11,2090-9-18,0.0,0.52,26.6,0.0,0.0,0.0,0,4.822265625,6,45,05:40,20:21,2025-05-22 06:24:17.083786,Città della Scienza,77.5,11.520902,7.935537,3.9071548,6.484425,EU EEA Common AQI,69.1,8.105532,6.028862,7200,2.6571429,100,100,63.1,2.3314285,Very Low,68.2,10.012629,100,1747894500,Very Low,3.1257238,9.532786,Very Low,5.170854,60.8,3.5142858,100,1747894500,2.9142857
2025-05-22T06:24:28Z,20,29.937,73.0,63,67.1,1,3,192,79,0.0,255,32767,0.11,2090-9-18,0.0,0.52,26.6,0.0,0.0,0.0,0,4.822265625,6,45,05:40,20:21,2025-05-22 06:24:28.181790,Città della Scienza,77.5,11.520902,7.935537,3.9071548,6.484425,EU EEA Common AQI,69.1,8.105532,6.028862,7200,2.6571429,100,100,63.1,2.3314285,Very Low,68.2,10.012629,100,1747894500,Very Low,3.1257238,9.532786,Very Low,5.170854,60.8,3.5142858,100,1747894500,2.9142857
2025-05-22T06:24:39Z,20,29.937,73.0,63,67.2,0,3,188,79,0.0,255,32767,0.11,2090-9-18,0.0,0.52,26.6,0.0,0.0,0.0,0,4.822265625,6,45,05:40,20:21,2025-05-22 06:24:39.295790,Città della Scienza,77.5,11.520902,7.935537,3.9071548,6.484425,EU EEA Common AQI,69.1,8.105532,6.028862,7200,2.6571429,100,100,63.1,2.3314285,Very Low,68.2,10.012629,100,1747894500,Very Low,3.1257238,9.532786,Very Low,5.170854,60.8,3.5142858,100,1747894500,2.9142857
2025-05-22T06:24:50Z,20,29.937,73.0,63,67.2,3,3,184,79,0.0,255,32767,0.11,2090-9-18,0.0,0.52,26.6,0.0,0.0,0.0,0,4.822265625,6,45,05:40,20:21,2025-05-22 06:24:50.413792,Città della Scienza,77.5,11.520902,7.935537,3.9071548,6.484425,EU EEA Common AQI,69.1,8.105532,6.028862,7200,2.6571429,100,100,63.1,2.3314285,Very Low,68.2,10.012629,100,1747894500,Very Low,3.1257238,9.532786,Very Low,5.170854,60.8,3.5142858,100,1747894500,2.9142857
2025-05-22T06:25:01Z,20,29.937,73.0,63,67.2,3,3,196,79,0.0,255,32767,0.11,2090-9-18,0.0,0.52,26.6,0.0,0.0,0.0,0,4.822265625,6,45,05:40,20:21,2025-05-22 06:25:01.547785,Città della Scienza,77.5,11.520902,7.935537,3.9071548,6.484425,EU EEA Common AQI,69.1,8.105532,6.028862,7200,2.6571429,100,100,63.1,2.3314285,Very Low,68.2,10.012629,100,1747894500,Very Low,3.1257238,9.532786,Very Low,5.170854,60.8,3.5142858,100,1747894500,2.9142857
2025-05-22T06:25:12Z,20,29.937,73.0,63,67.2,4,3,171,79,0.0,255,32767,0.11,2090-9-18,0.0,0.52,26.6,0.0,0.0,0.0,0,4.822265625,6,45,05:40,20:21,2025-05-22 06:25:12.653787,Città della Scienza,77.5,11.520902,7.935537,3.9071548,6.484425,EU EEA Common AQI,69.1,8.105532,6.028862,7200,2.6571429,100,100,63.1,2.3314285,Very Low,68.2,10.012629,100,1747894500,Very Low,3.1257238,9.532786,Very Low,5.170854,60.8,3.5142858,100,1747894500,2.9142857
2025-05-22T06:25:23Z,20,29.937,73.0,63,67.2,4,3,203,79,0.0,255,32767,0.11,2090-9-18,0.0,0.52,26.6,0.0,0.0,0.0,0,4.822265625,6,45,05:40,20:21,2025-05-22 06:25:23.762748,Città della Scienza,77.5,11.520902,7.935537,3.9071548,6.484425,EU EEA Common AQI,69.1,8.105532,6.028862,7200,2.6571429,100,100,63.1,2.3314285,Very Low,68.2,10.012629,100,1747894500,Very Low,3.1257238,9.532786,Very Low,5.170854,60.8,3.5142858,100,1747894500,2.9142857
2025-05-22T06:25:35Z,20,29.937,73.1,63,67.2,3,3,174,79,0.0,255,32767,0.11,2090-9-18,0.0,0.52,26.6,0.0,0.0,0.0,0,4.822265625,6,45,05:40,20:21,2025-05-22 06:25:34.878798,Città della Scienza,77.5,11.520902,7.935537,3.9071548,6.484425,EU EEA Common AQI,69.1,8.105532,6.028862,7200,2.6571429,100,100,63.1,2.3314285,Very Low,68.2,10.012629,100,1747894500,Very Low,3.1257238,9.532786,Very Low,5.170854,60.8,3.5142858,100,1747894500,2.9142857
2025-05-22T06:25:46Z,20,29.937,73.1,63,67.2,2,3,182,79,0.0,255,32767,0.11,2090-9-18,0.0,0.52,26.6,0.0,0.0,0.0,0,4.822265625,6,45,05:40,20:21,2025-05-22 06:25:46.003785,Città della Scienza,77.5,11.520902,7.935537,3.9071548,6.484425,EU EEA Common AQI,69.1,8.105532,6.028862,7200,2.6571429,100,100,63.1,2.3314285,Very Low,68.2,10.012629,100,1747894500,Very Low,3.1257238,9.532786,Very Low,5.170854,60.8,3.5142858,100,1747894500,2.9142857
2025-05-22T06:25:57Z,20,29.937,73.1,63,67.2,2,3,168,79,0.0,255,32767,0.11,2090-9-18,0.0,0.52,26.6,0.0,0.0,0.0,0,4.822265625,6,45,05:40,20:21,2025-05-22 06:25:57.100792,Città della Scienza,77.5,11.520902,7.935537,3.9071548,6.484425,EU EEA Common AQI,69.1,8.105532,6.028862,7200,2.6571429,100,100,63.1,2.3314285,Very Low,68.2,10.012629,100,1747894500,Very Low,3.1257238,9.532786,Very Low,5.170854,60.8,3.5142858,100,1747894500,2.9142857
2025-05-22T06:26:08Z,20,29.937,73.1,63,67.2,4,3,205,79,0.0,255,32767,0.11,2090-9-18,0.0,0.52,26.6,0.0,0.0,0.0,0,4.822265625,6,45,05:40,20:21,2025-05-22 06:26:08.230805,Città della Scienza,77.5,11.520902,7.935537,3.9071548,6.484425,EU EEA Common AQI,69.1,8.105532,6.028862,7200,2.6571429,100,100,63.1,2.3314285,Very Low,68.2,10.012629,100,1747894500,Very Low,3.1257238,9.532786,Very Low,5.170854,60.8,3.5142858,100,1747894500,2.9142857
2025-05-22T06:26:19Z,20,29.937,73.1,63,67.2,2,3,188,79,0.0,255,32767,0.11,2090-9-18,0.0,0.52,26.6,0.0,0.0,0.0,0,4.822265625,6,45,05:40,20:21,2025-05-22 06:26:19.349797,Città della Scienza,77.5,11.520902,7.935537,3.9071548,6.484425,EU EEA Common AQI,69.1,8.105532,6.028862,7200,2.6571429,100,100,63.1,2.3314285,Very Low,68.2,10.012629,100,1747894500,Very Low,3.1257238,9.532786,Very Low,5.170854,60.8,3.5142858,100,1747894500,2.9142857
2025-05-22T06:26:30Z,20,29.937,73.1,63,67.2,2,3,172,79,0.0,255,32767,0.11,2090-9-18,0.0,0.52,26.6,0.0,0.0,0.0,0,4.822265625,6,45,05:40,20:21,2025-05-22 06:26:30.532787,Città della Scienza,77.5,11.520902,7.935537,3.9071548,6.484425,EU EEA Common AQI,69.1,8.105532,6.028862,7200,2.6571429,100,100,63.1,2.3314285,Very Low,68.2,10.012629,100,1747894500,Very Low,3.1257238,9.532786,Very Low,5.170854,60.8,3.5142858,100,1747894500,2.9142857
2025-05-22T06:26:41Z,20,29.936,73.1,63,67.3,3,3,190,79,0.0,255,32767,0.11,2090-9-18,0.0,0.52,26.6,0.0,0.0,0.0,0,4.822265625,6,45,05:40,20:21,2025-05-22 06:26:41.638803,Città della Scienza,77.5,11.520902,7.935537,3.9071548,6.484425,EU EEA Common AQI,69.1,8.105532,6.028862,7200,2.6571429,100,100,63.1,2.3314285,Very Low,68.2,10.012629,100,1747894500,Very Low,3.1257238,9.532786,Very Low,5.170854,60.8,3.5142858,100,1747894500,2.9142857
2025-05-22T06:26:52Z,20,29.936,73.1,63,67.2,2,3,173,79,0.0,255,32767,0.11,2090-9-18,0.0,0.52,26.6,0.0,0.0,0.0,0,4.822265625,6,45,05:40,20:21,2025-05-22 06:26:52.774807,Città della Scienza,77.5,11.520902,7.935537,3.9071548,6.484425,EU EEA Common AQI,69.1,8.105532,6.028862,7200,2.6571429,100,100,63.1,2.3314285,Very Low,68.2,10.012629,100,1747894500,Very Low,3.1257238,9.532786,Very Low,5.170854,60.8,3.5142858,100,1747894500,2.9142857
2025-05-22T06:27:04Z,20,29.936,73.1,63,67.2,5,3,193,79,0.0,255,32767,0.11,2090-9-18,0.0,0.52,26.6,0.0,0.0,0.0,0,4.822265625,6,45,05:40,20:21,2025-05-22 06:27:03.901814,Città della Scienza,77.5,11.520902,7.935537,3.9071548,6.484425,EU EEA Common AQI,69.1,8.105532,6.028862,7200,2.6571429,100,100,63.1,2.3314285,Very Low,68.2,10.012629,100,1747894500,Very Low,3.1257238,9.532786,Very Low,5.170854,60.8,3.5142858,100,1747894500,2.9142857
2025-05-22T06:27:15Z,20,29.936,73.1,63,67.3,2,3,245,79,0.0,255,32767,0.11,2090-9-18,0.0,0.52,26.6,0.0,0.0,0.0,0,4.822265625,6,45,05:40,20:21,2025-05-22 06:27:15.042800,Città della Scienza,77.5,11.520902,7.935537,3.9071548,6.484425,EU EEA Common AQI,69.1,8.105532,6.028862,7200,2.6571429,100,100,63.1,2.3314285,Very Low,68.2,10.012629,100,1747894500,Very Low,3.1257238,9.532786,Very Low,5.170854,60.8,3.5142858,100,1747894500,2.9142857
2025-05-22T06:27:26Z,20,29.936,73.1,63,67.2,6,3,165,79,0.0,255,32767,0.11,2090-9-18,0.0,0.52,26.6,0.0,0.0,0.0,0,4.822265625,6,45,05:40,20:21,2025-05-22 06:27:26.121795,Città della Scienza,77.5,11.520902,7.935537,3.9071548,6.484425,EU EEA Common AQI,69.1,8.105532,6.028862,7200,2.6571429,100,100,63.1,2.3314285,Very Low,68.2,10.012629,100,1747894500,Very Low,3.1257238,9.532786,Very Low,5.170854,60.8,3.5142858,100,1747894500,2.9142857
2025-05-22T06:27:37Z,20,29.936,73.1,63,67.2,5,3,167,79,0.0,255,32767,0.11,2090-9-18,0.0,0.52,26.6,0.0,0.0,0.0,0,4.822265625,6,45,05:40,20:21,2025-05-22 06:27:37.243786,Città della Scienza,77.5,11.520902,7.935537,3.9071548,6.484425,EU EEA Common AQI,69.1,8.105532,6.028862,7200,2.6571429,100,100,63.1,2.3314285,Very Low,68.2,10.012629,100,1747894500,Very Low,3.1257238,9.532786,Very Low,5.170854,60.8,3.5142858,100,1747894500,2.9142857
2025-05-22T06:27:48Z,20,29.936,73.1,63,67.2,5,3,172,79,0.0,255,32767,0.11,2090-9-18,0.0,0.52,26.6,0.0,0.0,0.0,0,4.822265625,6,45,05:40,20:21,2025-05-22 06:27:48.319789,Città della Scienza,77.5,11.520902,7.935537,3.9071548,6.484425,EU EEA Common AQI,69.1,8.105532,6.028862,7200,2.6571429,100,100,63.1,2.3314285,Very Low,68.2,10.012629,100,1747894500,Very Low,3.1257238,9.532786,Very Low,5.170854,60.8,3.5142858,100,1747894500,2.9142857
2025-05-22T06:27:59Z,20,29.936,73.1,63,67.2,5,3,163,79,0.0,255,32767,0.11,2090-9-18,0.0,0.52,26.6,0.0,0.0,0.0,0,4.822265625,6,45,05:40,20:21,2025-05-22 06:27:59.431750,Città della Scienza,77.5,11.520902,7.935537,3.9071548,6.484425,EU EEA Common AQI,69.1,8.105532,6.028862,7200,2.6571429,100,100,63.1,2.3314285,Very Low,68.2,10.012629,100,1747894500,Very Low,3.1257238,9.532786,Very Low,5.170854,60.8,3.5142858,100,1747894500,2.9142857
2025-05-22T06:28:10Z,20,29.936,73.1,63,67.2,4,3,169,79,0.0,255,32767,0.11,2090-9-18,0.0,0.52,26.6,0.0,0.0,0.0,0,4.822265625,6,45,05:40,20:21,2025-05-22 06:28:10.535799,Città della Scienza,77.5,11.520902,7.935537,3.9071548,6.484425,EU EEA Common AQI,69.1,8.105532,6.028862,7200,2.6571429,100,100,63.1,2.3314285,Very Low,68.2,10.012629,100,1747894500,Very Low,3.1257238,9.532786,Very Low,5.170854,60.8,3.5142858,100,1747894500,2.9142857
2025-05-22T06:28:21Z,20,29.936,73.1,63,67.2,2,3,169,79,0.0,255,32767,0.11,2090-9-18,0.0,0.52,26.6,0.0,0.0,0.0,0,4.822265625,6,45,05:40,20:21,2025-05-22 06:28:21.657794,Città della Scienza,77.5,11.520902,7.935537,3.9071548,6.484425,EU EEA Common AQI,69.1,8.105532,6.028862,7200,2.6571429,100,100,63.1,2.3314285,Very Low,68.2,10.012629,100,1747894500,Very Low,3.1257238,9.532786,Very Low,5.170854,60.8,3.5142858,100,1747894500,2.9142857
2025-05-22T06:28:32Z,20,29.936,73.1,63,67.2,6,3,175,79,0.0,255,32767,0.11,2090-9-18,0.0,0.52,26.6,0.0,0.0,0.0,0,4.822265625,6,45,05:40,20:21,2025-05-22 06:28:32.739798,Città della Scienza,77.5,11.520902,7.935537,3.9071548,6.484425,EU EEA Common AQI,69.1,8.105532,6.028862,7200,2.6571429,100,100,63.1,2.3314285,Very Low,68.2,10.012629,100,1747894500,Very Low,3.1257238,9.532786,Very Low,5.170854,60.8,3.5142858,100,1747894500,2.9142857
2025-05-22T06:28:44Z,20,29.936,73.1,63,67.2,5,3,172,79,0.0,255,32767,0.11,2090-9-18,0.0,0.52,26.6,0.0,0.0,0.0,0,4.822265625,6,45,05:40,20:21,2025-05-22 06:28:43.851821,Città della Scienza,77.5,11.520902,7.935537,3.9071548,6.484425,EU EEA Common AQI,69.1,8.105532,6.028862,7200,2.6571429,100,100,63.1,2.3314285,Very Low,68.2,10.012629,100,1747894500,Very Low,3.1257238,9.532786,Very Low,5.170854,60.8,3.5142858,100,1747894500,2.9142857
2025-05-22T06:28:55Z,20,29.936,73.1,63,67.2,3,3,183,79,0.0,255,32767,0.11,2090-9-18,0.0,0.52,26.6,0.0,0.0,0.0,0,4.822265625,6,45,05:40,20:21,2025-05-22 06:28:54.963787,Città della Scienza,77.5,11.520902,7.935537,3.9071548,6.484425,EU EEA Common AQI,69.1,8.105532,6.028862,7200,2.6571429,100,100,63.1,2.3314285,Very Low,68.2,10.012629,100,1747894500,Very Low,3.1257238,9.532786,Very Low,5.170854,60.8,3.5142858,100,1747894500,2.9142857
2025-05-22T06:29:06Z,20,29.936,73.1,63,67.2,4,3,185,79,0.0,255,32767,0.11,2090-9-18,0.0,0.52,26.6,0.0,0.0,0.0,0,4.822265625,6,45,05:40,20:21,2025-05-22 06:29:06.069796,Città della Scienza,77.5,11.520902,7.935537,3.9071548,6.484425,EU EEA Common AQI,69.1,8.105532,6.028862,7200,2.6571429,100,100,63.1,2.3314285,Very Low,68.2,10.012629,100,1747894500,Very Low,3.1257238,9.532786,Very Low,5.170854,60.8,3.5142858,100,1747894500,2.9142857
2025-05-22T06:29:17Z,20,29.936,73.1,63,67.2,5,3,180,79,0.0,255,32767,0.11,2090-9-18,0.0,0.52,26.6,0.0,0.0,0.0,0,4.822265625,6,45,05:40,20:21,2025-05-22 06:29:17.157789,Città della Scienza,77.5,11.520902,7.935537,3.9071548,6.484425,EU EEA Common AQI,69.1,8.105532,6.028862,7200,2.6571429,100,100,63.1,2.3314285,Very Low,68.2,10.012629,100,1747894500,Very Low,3.1257238,9.532786,Very Low,5.170854,60.8,3.5142858,100,1747894500,2.9142857
2025-05-22T06:29:28Z,20,29.936,73.1,63,67.2,4,3,164,79,0.0,255,32767,0.11,2090-9-18,0.0,0.52,26.6,0.0,0.0,0.0,0,4.822265625,6,45,05:40,20:21,2025-05-22 06:29:28.304782,Città della Scienza,77.5,11.520902,7.935537,3.9071548,6.484425,EU EEA Common AQI,69.1,8.105532,6.028862,7200,2.6571429,100,100,63.1,2.3314285,Very Low,68.2,10.012629,100,1747894500,Very Low,3.1257238,9.532786,Very Low,5.170854,60.8,3.5142858,100,1747894500,2.9142857
2025-05-22T06:29:39Z,20,29.938,73.1,63,67.2,3,4,147,79,0.0,255,32767,0.11,2090-9-18,0.0,0.52,26.6,0.0,0.0,0.0,0,4.822265625,6,45,05:40,20:21,2025-05-22 06:29:39.416793,Città della Scienza,77.5,11.520902,7.935537,3.9071548,6.484425,EU EEA Common AQI,69.1,8.105532,6.028862,7200,2.6571429,100,100,63.1,2.3314285,Very Low,68.2,10.012629,100,1747894500,Very Low,3.1257238,9.532786,Very Low,5.170854,60.8,3.5142858,100,1747894500,2.9142857
2025-05-22T06:29:50Z,20,29.938,73.1,63,67.2,3,4,202,79,0.0,255,32767,0.11,2090-9-18,0.0,0.52,26.6,0.0,0.0,0.0,0,4.822265625,6,45,05:40,20:21,2025-05-22 06:29:50.558787,Città della Scienza,77.5,11.520902,7.935537,3.9071548,6.484425,EU EEA Common AQI,69.1,8.105532,6.028862,7200,2.6571429,100,100,63.1,2.3314285,Very Low,68.2,10.012629,100,1747894500,Very Low,3.1257238,9.532786,Very Low,5.170854,60.8,3.5142858,100,1747894500,2.9142857
2025-05-22T06:30:01Z,20,29.938,73.1,63,67.2,3,4,184,79,0.0,255,32767,0.11,2090-9-18,0.0,0.52,26.6,0.0,0.0,0.0,0,4.822265625,6,45,05:40,20:21,2025-05-22 06:30:01.684818,Città della Scienza,77.5,11.520902,7.935537,3.9071548,6.484425,EU EEA Common AQI,69.1,8.105532,6.028862,7200,2.6571429,100,100,63.1,2.3314285,Very Low,68.2,10.012629,100,1747894500,Very Low,3.1257238,9.532786,Very Low,5.170854,60.8,3.5142858,100,1747894500,2.9142857
2025-05-22T06:30:12Z,20,29.938,73.1,63,67.1,3,4,177,79,0.0,255,32767,0.11,2090-9-18,0.0,0.52,26.6,0.0,0.0,0.0,0,4.822265625,6,45,05:40,20:21,2025-05-22 06:30:12.778795,Città della Scienza,77.5,11.520902,7.935537,3.9071548,6.484425,EU EEA Common AQI,69.1,8.105532,6.028862,7200,2.6571429,100,100,63.1,2.3314285,Very Low,68.2,10.012629,100,1747894500,Very Low,3.1257238,9.532786,Very Low,5.170854,60.8,3.5142858,100,1747894500,2.9142857
2025-05-22T06:30:24Z,20,29.938,73.1,63,67.1,6,4,175,79,0.0,255,32767,0.11,2090-9-18,0.0,0.52,26.6,0.0,0.0,0.0,0,4.822265625,6,45,05:40,20:21,2025-05-22 06:30:23.892794,Città della Scienza,77.5,11.520902,7.935537,3.9071548,6.484425,EU EEA Common AQI,69.1,8.105532,6.028862,7200,2.6571429,100,100,63.1,2.3314285,Very Low,68.2,10.012629,100,1747894500,Very Low,3.1257238,9.532786,Very Low,5.170854,60.8,3.5142858,100,1747894500,2.9142857
2025-05-22T06:30:35Z,20,29.936,73.1,63,67.2,6,4,180,79,0.0,255,32767,0.11,2090-9-18,0.0,0.52,26.6,0.0,0.0,0.0,0,4.822265625,6,45,05:40,20:21,2025-05-22 06:30:34.992790,Città della Scienza,76.8,10.927589,7.9342184,3.9475825,6.120392,EU EEA Common AQI,69.5,7.6504903,6.040723,7200,4.0857143,100,100,63.3,3.7714286,Very Low,68.5,9.410726,100,1747895400,Very Low,3.1580658,9.091178,Very Low,5.288655,61.0,5.7714286,100,1747895400,4.714286
2025-05-22T06:30:46Z,20,29.936,73.1,63,67.2,4,4,192,79,0.0,255,32767,0.11,2090-9-18,0.0,0.52,26.6,0.0,0.0,0.0,0,4.822265625,6,45,05:40,20:21,2025-05-22 06:30:46.114796,Città della Scienza,76.8,10.927589,7.9342184,3.9475825,6.120392,EU EEA Common AQI,69.5,7.6504903,6.040723,7200,4.0857143,100,100,63.3,3.7714286,Very Low,68.5,9.410726,100,1747895400,Very Low,3.1580658,9.091178,Very Low,5.288655,61.0,5.7714286,100,1747895400,4.714286
2025-05-22T06:30:57Z,20,29.936,73.1,63,67.2,5,4,196,79,0.0,255,32767,0.11,2090-9-18,0.0,0.52,26.6,0.0,0.0,0.0,0,4.822265625,6,45,05:40,20:21,2025-05-22 06:30:57.242795,Città della Scienza,76.8,10.927589,7.9342184,3.9475825,6.120392,EU EEA Common AQI,69.5,7.6504903,6.040723,7200,4.0857143,100,100,63.3,3.7714286,Very Low,68.5,9.410726,100,1747895400,Very Low,3.1580658,9.091178,Very Low,5.288655,61.0,5.7714286,100,1747895400,4.714286
2025-05-22T06:31:08Z,20,29.936,73.1,63,67.2,4,4,184,79,0.0,255,32767,0.11,2090-9-18,0.0,0.52,26.6,0.0,0.0,0.0,0,4.822265625,6,45,05:40,20:21,2025-05-22 06:31:08.368792,Città della Scienza,76.8,10.927589,7.9342184,3.9475825,6.120392,EU EEA Common AQI,69.5,7.6504903,6.040723,7200,4.0857143,100,100,63.3,3.7714286,Very Low,68.5,9.410726,100,1747895400,Very Low,3.1580658,9.091178,Very Low,5.288655,61.0,5.7714286,100,1747895400,4.714286
2025-05-22T06:31:19Z,20,29.936,73.1,63,67.1,4,4,177,79,0.0,255,32767,0.11,2090-9-18,0.0,0.52,26.6,0.0,0.0,0.0,0,4.822265625,6,45,05:40,20:21,2025-05-22 06:31:19.449791,Città della Scienza,76.8,10.927589,7.9342184,3.9475825,6.120392,EU EEA Common AQI,69.5,7.6504903,6.040723,7200,4.0857143,100,100,63.3,3.7714286,Very Low,68.5,9.410726,100,1747895400,Very Low,3.1580658,9.091178,Very Low,5.288655,61.0,5.7714286,100,1747895400,4.714286
2025-05-22T06:31:30Z,20,29.936,73.1,63,67.2,3,4,191,79,0.0,255,32767,0.11,2090-9-18,0.0,0.52,26.6,0.0,0.0,0.0,0,4.822265625,6,45,05:40,20:21,2025-05-22 06:31:30.529795,Città della Scienza,76.8,10.927589,7.9342184,3.9475825,6.120392,EU EEA Common AQI,69.5,7.6504903,6.040723,7200,4.0857143,100,100,63.3,3.7714286,Very Low,68.5,9.410726,100,1747895400,Very Low,3.1580658,9.091178,Very Low,5.288655,61.0,5.7714286,100,1747895400,4.714286
2025-05-22T06:31:41Z,20,29.937,73.1,63,67.1,3,4,167,79,0.0,255,32767,0.11,2090-9-18,0.0,0.52,26.6,0.0,0.0,0.0,0,4.822265625,6,45,05:40,20:21,2025-05-22 06:31:41.618795,Città della Scienza,76.8,10.927589,7.9342184,3.9475825,6.120392,EU EEA Common AQI,69.5,7.6504903,6.040723,7200,4.0857143,100,100,63.3,3.7714286,Very Low,68.5,9.410726,100,1747895400,Very Low,3.1580658,9.091178,Very Low,5.288655,61.0,5.7714286,100,1747895400,4.714286
2025-05-22T06:31:52Z,20,29.937,73.1,63,67.2,2,4,178,79,0.0,255,32767,0.11,2090-9-18,0.0,0.52,26.6,0.0,0.0,0.0,0,4.822265625,6,45,05:40,20:21,2025-05-22 06:31:52.742789,Città della Scienza,76.8,10.927589,7.9342184,3.9475825,6.120392,EU EEA Common AQI,69.5,7.6504903,6.040723,7200,4.0857143,100,100,63.3,3.7714286,Very Low,68.5,9.410726,100,1747895400,Very Low,3.1580658,9.091178,Very Low,5.288655,61.0,5.7714286,100,1747895400,4.714286
2025-05-22T06:32:04Z,20,29.937,73.1,63,67.2,3,4,191,79,0.0,255,32767,0.11,2090-9-18,0.0,0.52,26.6,0.0,0.0,0.0,0,4.822265625,6,45,05:40,20:21,2025-05-22 06:32:03.817557,Città della Scienza,76.8,10.927589,7.9342184,3.9475825,6.120392,EU EEA Common AQI,69.5,7.6504903,6.040723,7200,4.0857143,100,100,63.3,3.7714286,Very Low,68.5,9.410726,100,1747895400,Very Low,3.1580658,9.091178,Very Low,5.288655,61.0,5.7714286,100,1747895400,4.714286
2025-05-22T06:32:15Z,20,29.937,73.1,63,67.1,5,4,182,79,0.0,255,32767,0.11,2090-9-18,0.0,0.52,26.6,0.0,0.0,0.0,0,4.822265625,6,45,05:40,20:21,2025-05-22 06:32:14.941800,Città della Scienza,76.8,10.927589,7.9342184,3.9475825,6.120392,EU EEA Common AQI,69.5,7.6504903,6.040723,7200,4.0857143,100,100,63.3,3.7714286,Very Low,68.5,9.410726,100,1747895400,Very Low,3.1580658,9.091178,Very Low,5.288655,61.0,5.7714286,100,1747895400,4.714286
2025-05-22T06:32:26Z,20,29.937,73.1,63,67.1,5,4,190,79,0.0,255,32767,0.11,2090-9-18,0.0,0.52,26.6,0.0,0.0,0.0,0,4.822265625,6,45,05:40,20:21,2025-05-22 06:32:26.054798,Città della Scienza,76.8,10.927589,7.9342184,3.9475825,6.120392,EU EEA Common AQI,69.5,7.6504903,6.040723,7200,4.0857143,100,100,63.3,3.7714286,Very Low,68.5,9.410726,100,1747895400,Very Low,3.1580658,9.091178,Very Low,5.288655,61.0,5.7714286,100,1747895400,4.714286
2025-05-22T06:32:37Z,20,29.935,73.1,63,67.1,5,4,192,79,0.0,255,32767,0.11,2090-9-18,0.0,0.52,26.6,0.0,0.0,0.0,0,4.822265625,6,45,05:40,20:21,2025-05-22 06:32:37.133788,Città della Scienza,76.8,10.927589,7.9342184,3.9475825,6.120392,EU EEA Common AQI,69.5,7.6504903,6.040723,7200,4.0857143,100,100,63.3,3.7714286,Very Low,68.5,9.410726,100,1747895400,Very Low,3.1580658,9.091178,Very Low,5.288655,61.0,5.7714286,100,1747895400,4.714286
2025-05-22T06:32:48Z,20,29.935,73.1,63,67.1,3,4,196,79,0.0,255,32767,0.11,2090-9-18,0.0,0.52,26.6,0.0,0.0,0.0,0,4.822265625,6,45,05:40,20:21,2025-05-22 06:32:48.246786,Città della Scienza,76.8,10.927589,7.9342184,3.9475825,6.120392,EU EEA Common AQI,69.5,7.6504903,6.040723,7200,4.0857143,100,100,63.3,3.7714286,Very Low,68.5,9.410726,100,1747895400,Very Low,3.1580658,9.091178,Very Low,5.288655,61.0,5.7714286,100,1747895400,4.714286
2025-05-22T06:32:59Z,20,29.935,73.1,63,67.1,5,4,205,79,0.0,255,32767,0.11,2090-9-18,0.0,0.52,26.6,0.0,0.0,0.0,0,4.822265625,6,45,05:40,20:21,2025-05-22 06:32:59.370803,Città della Scienza,76.8,10.927589,7.9342184,3.9475825,6.120392,EU EEA Common AQI,69.5,7.6504903,6.040723,7200,4.0857143,100,100,63.3,3.7714286,Very Low,68.5,9.410726,100,1747895400,Very Low,3.1580658,9.091178,Very Low,5.288655,61.0,5.7714286,100,1747895400,4.714286
2025-05-22T06:33:10Z,20,29.935,73.1,63,67.1,4,4,182,79,0.0,255,32767,0.11,2090-9-18,0.0,0.52,26.6,0.0,0.0,0.0,0,4.822265625,6,45,05:40,20:21,2025-05-22 06:33:10.474809,Città della Scienza,76.8,10.927589,7.9342184,3.9475825,6.120392,EU EEA Common AQI,69.5,7.6504903,6.040723,7200,4.0857143,100,100,63.3,3.7714286,Very Low,68.5,9.410726,100,1747895400,Very Low,3.1580658,9.091178,Very Low,5.288655,61.0,5.7714286,100,1747895400,4.714286
2025-05-22T06:33:21Z,20,29.935,73.1,63,67.1,4,4,190,79,0.0,255,32767,0.11,2090-9-18,0.0,0.52,26.6,0.0,0.0,0.0,0,4.822265625,6,45,05:40,20:21,2025-05-22 06:33:21.599787,Città della Scienza,76.8,10.927589,7.9342184,3.9475825,6.120392,EU EEA Common AQI,69.5,7.6504903,6.040723,7200,4.0857143,100,100,63.3,3.7714286,Very Low,68.5,9.410726,100,1747895400,Very Low,3.1580658,9.091178,Very Low,5.288655,61.0,5.7714286,100,1747895400,4.714286
2025-05-22T06:33:32Z,20,29.935,73.1,63,67.1,2,4,183,79,0.0,255,32767,0.11,2090-9-18,0.0,0.52,26.6,0.0,0.0,0.0,0,4.822265625,6,45,05:40,20:21,2025-05-22 06:33:32.741796,Città della Scienza,76.8,10.927589,7.9342184,3.9475825,6.120392,EU EEA Common AQI,69.5,7.6504903,6.040723,7200,4.0857143,100,100,63.3,3.7714286,Very Low,68.5,9.410726,100,1747895400,Very Low,3.1580658,9.091178,Very Low,5.288655,61.0,5.7714286,100,1747895400,4.714286
2025-05-22T06:33:44Z,20,29.934,73.2,63,67.1,3,4,197,79,0.0,255,32767,0.11,2090-9-18,0.0,0.52,26.6,0.0,0.0,0.0,0,4.822265625,6,45,05:40,20:21,2025-05-22 06:33:43.861790,Città della Scienza,76.8,10.927589,7.9342184,3.9475825,6.120392,EU EEA Common AQI,69.5,7.6504903,6.040723,7200,4.0857143,100,100,63.3,3.7714286,Very Low,68.5,9.410726,100,1747895400,Very Low,3.1580658,9.091178,Very Low,5.288655,61.0,5.7714286,100,1747895400,4.714286
2025-05-22T06:33:55Z,20,29.934,73.2,63,67.1,5,4,204,79,0.0,255,32767,0.11,2090-9-18,0.0,0.52,26.6,0.0,0.0,0.0,0,4.822265625,6,45,05:40,20:21,2025-05-22 06:33:54.948787,Città della Scienza,76.8,10.927589,7.9342184,3.9475825,6.120392,EU EEA Common AQI,69.5,7.6504903,6.040723,7200,4.0857143,100,100,63.3,3.7714286,Very Low,68.5,9.410726,100,1747895400,Very Low,3.1580658,9.091178,Very Low,5.288655,61.0,5.7714286,100,1747895400,4.714286
2025-05-22T06:34:06Z,20,29.934,73.2,63,67.1,5,4,167,79,0.0,255,32767,0.11,2090-9-18,0.0,0.52,26.6,0.0,0.0,0.0,0,4.822265625,6,45,05:40,20:21,2025-05-22 06:34:06.054786,Città della Scienza,76.8,10.927589,7.9342184,3.9475825,6.120392,EU EEA Common AQI,69.5,7.6504903,6.040723,7200,4.0857143,100,100,63.3,3.7714286,Very Low,68.5,9.410726,100,1747895400,Very Low,3.1580658,9.091178,Very Low,5.288655,61.0,5.7714286,100,1747895400,4.714286
2025-05-22T06:34:17Z,20,29.934,73.2,63,67.1,3,4,206,79,0.0,255,32767,0.11,2090-9-18,0.0,0.52,26.6,0.0,0.0,0.0,0,4.822265625,6,45,05:40,20:21,2025-05-22 06:34:17.134798,Città della Scienza,76.8,10.927589,7.9342184,3.9475825,6.120392,EU EEA Common AQI,69.5,7.6504903,6.040723,7200,4.0857143,100,100,63.3,3.7714286,Very Low,68.5,9.410726,100,1747895400,Very Low,3.1580658,9.091178,Very Low,5.288655,61.0,5.7714286,100,1747895400,4.714286
2025-05-22T06:34:28Z,20,29.934,73.2,63,67.1,4,4,183,79,0.0,255,32767,0.11,2090-9-18,0.0,0.52,26.6,0.0,0.0,0.0,0,4.822265625,6,45,05:40,20:21,2025-05-22 06:34:28.274797,Città della Scienza,76.8,10.927589,7.9342184,3.9475825,6.120392,EU EEA Common AQI,69.5,7.6504903,6.040723,7200,4.0857143,100,100,63.3,3.7714286,Very Low,68.5,9.410726,100,1747895400,Very Low,3.1580658,9.091178,Very Low,5.288655,61.0,5.7714286,100,1747895400,4.714286
2025-05-22T06:34:39Z,20,29.937,73.2,63,67.1,4,4,190,79,0.0,255,32767,0.11,2090-9-18,0.0,0.52,26.6,0.0,0.0,0.0,0,4.822265625,6,45,05:40,20:21,2025-05-22 06:34:39.383807,Città della Scienza,76.8,10.927589,7.9342184,3.9475825,6.120392,EU EEA Common AQI,69.5,7.6504903,6.040723,7200,4.0857143,100,100,63.3,3.7714286,Very Low,68.5,9.410726,100,1747895400,Very Low,3.1580658,9.091178,Very Low,5.288655,61.0,5.7714286,100,1747895400,4.714286
2025-05-22T06:34:50Z,20,29.937,73.2,63,67.1,3,4,209,79,0.0,255,32767,0.11,2090-9-18,0.0,0.52,26.6,0.0,0.0,0.0,0,4.822265625,6,45,05:40,20:21,2025-05-22 06:34:50.498783,Città della Scienza,76.8,10.927589,7.9342184,3.9475825,6.120392,EU EEA Common AQI,69.5,7.6504903,6.040723,7200,4.0857143,100,100,63.3,3.7714286,Very Low,68.5,9.410726,100,1747895400,Very Low,3.1580658,9.091178,Very Low,5.288655,61.0,5.7714286,100,1747895400,4.714286
2025-05-22T06:35:01Z,20,29.937,73.2,63,67.1,2,4,188,79,0.0,255,32767,0.11,2090-9-18,0.0,0.52,26.6,0.0,0.0,0.0,0,4.822265625,6,45,05:40,20:21,2025-05-22 06:35:01.621802,Città della Scienza,76.8,10.927589,7.9342184,3.9475825,6.120392,EU EEA Common AQI,69.5,7.6504903,6.040723,7200,4.0857143,100,100,63.3,3.7714286,Very Low,68.5,9.410726,100,1747895400,Very Low,3.1580658,9.091178,Very Low,5.288655,61.0,5.7714286,100,1747895400,4.714286
2025-05-22T06:35:12Z,20,29.937,73.2,63,67.1,1,4,198,79,0.0,255,32767,0.11,2090-9-18,0.0,0.52,26.6,0.0,0.0,0.0,0,4.822265625,6,45,05:40,20:21,2025-05-22 06:35:12.747765,Città della Scienza,76.8,10.927589,7.9342184,3.9475825,6.120392,EU EEA Common AQI,69.5,7.6504903,6.040723,7200,4.0857143,100,100,63.3,3.7714286,Very Low,68.5,9.410726,100,1747895400,Very Low,3.1580658,9.091178,Very Low,5.288655,61.0,5.7714286,100,1747895400,4.714286
2025-05-22T06:35:24Z,20,29.937,73.2,63,67.1,2,4,179,79,0.0,255,32767,0.11,2090-9-18,0.0,0.52,26.6,0.0,0.0,0.0,0,4.822265625,6,45,05:40,20:21,2025-05-22 06:35:23.838796,Città della Scienza,76.8,10.927589,7.9342184,3.9475825,6.120392,EU EEA Common AQI,69.5,7.6504903,6.040723,7200,4.0857143,100,100,63.3,3.7714286,Very Low,68.5,9.410726,100,1747895400,Very Low,3.1580658,9.091178,Very Low,5.288655,61.0,5.7714286,100,1747895400,4.714286
2025-05-22T06:35:35Z,20,29.935,73.2,63,67.1,3,4,153,79,0.0,255,32767,0.11,2090-9-18,0.0,0.52,26.6,0.0,0.0,0.0,0,4.822265625,6,45,05:40,20:21,2025-05-22 06:35:34.955793,Città della Scienza,76.8,10.927589,7.9342184,3.9475825,6.120392,EU EEA Common AQI,69.5,7.6504903,6.040723,7200,4.0857143,100,100,63.3,3.7714286,Very Low,68.5,9.410726,100,1747895400,Very Low,3.1580658,9.091178,Very Low,5.288655,61.0,5.7714286,100,1747895400,4.714286
2025-05-22T06:35:46Z,20,29.935,73.2,63,67.1,2,4,173,79,0.0,255,32767,0.11,2090-9-18,0.0,0.52,26.6,0.0,0.0,0.0,0,4.822265625,6,45,05:40,20:21,2025-05-22 06:35:46.064783,Città della Scienza,76.8,10.927589,7.9342184,3.9475825,6.120392,EU EEA Common AQI,69.5,7.6504903,6.040723,7200,4.0857143,100,100,63.3,3.7714286,Very Low,68.5,9.410726,100,1747895400,Very Low,3.1580658,9.091178,Very Low,5.288655,61.0,5.7714286,100,1747895400,4.714286
2025-05-22T06:35:57Z,20,29.935,73.2,63,67.2,2,4,161,79,0.0,255,32767,0.11,2090-9-18,0.0,0.52,26.6,0.0,0.0,0.0,0,4.822265625,6,45,05:40,20:21,2025-05-22 06:35:57.135793,Città della Scienza,76.8,10.927589,7.9342184,3.9475825,6.120392,EU EEA Common AQI,69.5,7.6504903,6.040723,7200,4.0857143,100,100,63.3,3.7714286,Very Low,68.5,9.410726,100,1747895400,Very Low,3.1580658,9.091178,Very Low,5.288655,61.0,5.7714286,100,1747895400,4.714286
2025-05-22T06:36:08Z,20,29.935,73.2,63,67.2,3,4,196,79,0.0,255,32767,0.11,2090-9-18,0.0,0.52,26.6,0.0,0.0,0.0,0,4.822265625,6,45,05:40,20:21,2025-05-22 06:36:08.248787,Città della Scienza,76.8,10.927589,7.9342184,3.9475825,6.120392,EU EEA Common AQI,69.5,7.6504903,6.040723,7200,4.0857143,100,100,63.3,3.7714286,Very Low,68.5,9.410726,100,1747895400,Very Low,3.1580658,9.091178,Very Low,5.288655,61.0,5.7714286,100,1747895400,4.714286
2025-05-22T06:36:19Z,20,29.935,73.2,63,67.2,2,4,183,79,0.0,255,32767,0.11,2090-9-18,0.0,0.52,26.6,0.0,0.0,0.0,0,4.822265625,6,45,05:40,20:21,2025-05-22 06:36:19.372794,Città della Scienza,76.8,10.927589,7.9342184,3.9475825,6.120392,EU EEA Common AQI,69.5,7.6504903,6.040723,7200,4.0857143,100,100,63.3,3.7714286,Very Low,68.5,9.410726,100,1747895400,Very Low,3.1580658,9.091178,Very Low,5.288655,61.0,5.7714286,100,1747895400,4.714286
2025-05-22T06:36:30Z,20,29.935,73.2,63,67.2,4,4,188,79,0.0,255,32767,0.11,2090-9-18,0.0,0.52,26.6,0.0,0.0,0.0,0,4.822265625,6,45,05:40,20:21,2025-05-22 06:36:30.451792,Città della Scienza,76.8,10.927589,7.9342184,3.9475825,6.120392,EU EEA Common AQI,69.5,7.6504903,6.040723,7200,4.0857143,100,100,63.3,3.7714286,Very Low,68.5,9.410726,100,1747895400,Very Low,3.1580658,9.091178,Very Low,5.288655,61.0,5.7714286,100,1747895400,4.714286
2025-05-22T06:36:41Z,20,29.935,73.2,63,67.2,4,4,189,79,0.0,255,32767,0.11,2090-9-18,0.0,0.52,26.6,0.0,0.0,0.0,0,4.822265625,6,45,05:40,20:21,2025-05-22 06:36:41.596788,Città della Scienza,76.8,10.927589,7.9342184,3.9475825,6.120392,EU EEA Common AQI,69.5,7.6504903,6.040723,7200,4.0857143,100,100,63.3,3.7714286,Very Low,68.5,9.410726,100,1747895400,Very Low,3.1580658,9.091178,Very Low,5.288655,61.0,5.7714286,100,1747895400,4.714286
2025-05-22T06:36:52Z,20,29.935,73.2,63,67.2,5,4,180,79,0.0,255,32767,0.11,2090-9-18,0.0,0.52,26.6,0.0,0.0,0.0,0,4.822265625,6,45,05:40,20:21,2025-05-22 06:36:52.707797,Città della Scienza,76.8,10.927589,7.9342184,3.9475825,6.120392,EU EEA Common AQI,69.5,7.6504903,6.040723,7200,4.0857143,100,100,63.3,3.7714286,Very Low,68.5,9.410726,100,1747895400,Very Low,3.1580658,9.091178,Very Low,5.288655,61.0,5.7714286,100,1747895400,4.714286
2025-05-22T06:37:04Z,20,29.935,73.2,63,67.2,4,4,178,79,0.0,255,32767,0.11,2090-9-18,0.0,0.52,26.6,0.0,0.0,0.0,0,4.822265625,6,45,05:40,20:21,2025-05-22 06:37:03.803787,Città della Scienza,76.8,10.927589,7.9342184,3.9475825,6.120392,EU EEA Common AQI,69.5,7.6504903,6.040723,7200,4.0857143,100,100,63.3,3.7714286,Very Low,68.5,9.410726,100,1747895400,Very Low,3.1580658,9.091178,Very Low,5.288655,61.0,5.7714286,100,1747895400,4.714286
2025-05-22T06:37:15Z,20,29.935,73.2,63,67.2,5,4,187,79,0.0,255,32767,0.11,2090-9-18,0.0,0.52,26.6,0.0,0.0,0.0,0,4.822265625,6,45,05:40,20:21,2025-05-22 06:37:14.925801,Città della Scienza,76.8,10.927589,7.9342184,3.9475825,6.120392,EU EEA Common AQI,69.5,7.6504903,6.040723,7200,4.0857143,100,100,63.3,3.7714286,Very Low,68.5,9.410726,100,1747895400,Very Low,3.1580658,9.091178,Very Low,5.288655,61.0,5.7714286,100,1747895400,4.714286
2025-05-22T06:37:26Z,20,29.935,73.2,63,67.3,5,4,191,79,0.0,255,32767,0.11,2090-9-18,0.0,0.52,26.6,0.0,0.0,0.0,0,4.822265625,6,45,05:40,20:21,2025-05-22 06:37:26.016784,Città della Scienza,76.8,10.927589,7.9342184,3.9475825,6.120392,EU EEA Common AQI,69.5,7.6504903,6.040723,7200,4.0857143,100,100,63.3,3.7714286,Very Low,68.5,9.410726,100,1747895400,Very Low,3.1580658,9.091178,Very Low,5.288655,61.0,5.7714286,100,1747895400,4.714286
2025-05-22T06:37:37Z,20,29.937,73.2,63,67.3,5,4,200,79,0.0,255,32767,0.11,2090-9-18,0.0,0.52,26.6,0.0,0.0,0.0,0,4.822265625,6,45,05:40,20:21,2025-05-22 06:37:37.152799,Città della Scienza,76.8,10.927589,7.9342184,3.9475825,6.120392,EU EEA Common AQI,69.5,7.6504903,6.040723,7200,4.0857143,100,100,63.3,3.7714286,Very Low,68.5,9.410726,100,1747895400,Very Low,3.1580658,9.091178,Very Low,5.288655,61.0,5.7714286,100,1747895400,4.714286
2025-05-22T06:37:48Z,20,29.937,73.2,63,67.3,2,4,193,79,0.0,255,32767,0.11,2090-9-18,0.0,0.52,26.6,0.0,0.0,0.0,0,4.822265625,6,45,05:40,20:21,2025-05-22 06:37:48.247792,Città della Scienza,76.8,10.927589,7.9342184,3.9475825,6.120392,EU EEA Common AQI,69.5,7.6504903,6.040723,7200,4.0857143,100,100,63.3,3.7714286,Very Low,68.5,9.410726,100,1747895400,Very Low,3.1580658,9.091178,Very Low,5.288655,61.0,5.7714286,100,1747895400,4.714286
2025-05-22T06:37:59Z,20,29.937,73.2,63,67.3,3,4,200,79,0.0,255,32767,0.11,2090-9-18,0.0,0.52,26.6,0.0,0.0,0.0,0,4.822265625,6,45,05:40,20:21,2025-05-22 06:37:59.322811,Città della Scienza,76.8,10.927589,7.9342184,3.9475825,6.120392,EU EEA Common AQI,69.5,7.6504903,6.040723,7200,4.0857143,100,100,63.3,3.7714286,Very Low,68.5,9.410726,100,1747895400,Very Low,3.1580658,9.091178,Very Low,5.288655,61.0,5.7714286,100,1747895400,4.714286
2025-05-22T06:38:10Z,20,29.937,73.2,63,67.3,3,4,177,79,0.0,255,32767,0.11,2090-9-18,0.0,0.52,26.6,0.0,0.0,0.0,0,4.822265625,6,45,05:40,20:21,2025-05-22 06:38:10.439768,Città della Scienza,76.8,10.927589,7.9342184,3.9475825,6.120392,EU EEA Common AQI,69.5,7.6504903,6.040723,7200,4.0857143,100,100,63.3,3.7714286,Very Low,68.5,9.410726,100,1747895400,Very Low,3.1580658,9.091178,Very Low,5.288655,61.0,5.7714286,100,1747895400,4.714286
2025-05-22T06:38:21Z,20,29.937,73.2,63,67.3,4,4,171,79,0.0,255,32767,0.11,2090-9-18,0.0,0.52,26.6,0.0,0.0,0.0,0,4.822265625,6,45,05:40,20:21,2025-05-22 06:38:21.587812,Città della Scienza,76.8,10.927589,7.9342184,3.9475825,6.120392,EU EEA Common AQI,69.5,7.6504903,6.040723,7200,4.0857143,100,100,63.3,3.7714286,Very Low,68.5,9.410726,100,1747895400,Very Low,3.1580658,9.091178,Very Low,5.288655,61.0,5.7714286,100,1747895400,4.714286
2025-05-22T06:38:32Z,20,29.937,73.2,63,67.3,2,4,182,79,0.0,255,32767,0.11,2090-9-18,0.0,0.52,26.6,0.0,0.0,0.0,0,4.822265625,6,45,05:40,20:21,2025-05-22 06:38:32.711789,Città della Scienza,76.8,10.927589,7.9342184,3.9475825,6.120392,EU EEA Common AQI,69.5,7.6504903,6.040723,7200,4.0857143,100,100,63.3,3.7714286,Very Low,68.5,9.410726,100,1747895400,Very Low,3.1580658,9.091178,Very Low,5.288655,61.0,5.7714286,100,1747895400,4.714286
2025-05-22T06:38:44Z,20,29.937,73.2,63,67.3,3,4,217,79,0.0,255,32767,0.11,2090-9-18,0.0,0.52,26.6,0.0,0.0,0.0,0,4.822265625,6,45,05:40,20:21,2025-05-22 06:38:43.813787,Città della Scienza,76.8,10.927589,7.9342184,3.9475825,6.120392,EU EEA Common AQI,69.5,7.6504903,6.040723,7200,4.0857143,100,100,63.3,3.7714286,Very Low,68.5,9.410726,100,1747895400,Very Low,3.1580658,9.091178,Very Low,5.288655,61.0,5.7714286,100,1747895400,4.714286
2025-05-22T06:38:55Z,20,29.937,73.2,63,67.3,3,4,178,79,0.0,255,32767,0.11,2090-9-18,0.0,0.52,26.6,0.0,0.0,0.0,0,4.822265625,6,45,05:40,20:21,2025-05-22 06:38:54.944801,Città della Scienza,76.8,10.927589,7.9342184,3.9475825,6.120392,EU EEA Common AQI,69.5,7.6504903,6.040723,7200,4.0857143,100,100,63.3,3.7714286,Very Low,68.5,9.410726,100,1747895400,Very Low,3.1580658,9.091178,Very Low,5.288655,61.0,5.7714286,100,1747895400,4.714286
2025-05-22T06:39:06Z,20,29.937,73.2,63,67.3,6,4,173,79,0.0,255,32767,0.11,2090-9-18,0.0,0.52,26.6,0.0,0.0,0.0,0,4.822265625,6,45,05:40,20:21,2025-05-22 06:39:06.085792,Città della Scienza,76.8,10.927589,7.9342184,3.9475825,6.120392,EU EEA Common AQI,69.5,7.6504903,6.040723,7200,4.0857143,100,100,63.3,3.7714286,Very Low,68.5,9.410726,100,1747895400,Very Low,3.1580658,9.091178,Very Low,5.288655,61.0,5.7714286,100,1747895400,4.714286
2025-05-22T06:39:17Z,20,29.937,73.2,63,67.3,4,4,192,79,0.0,255,32767,0.11,2090-9-18,0.0,0.52,26.6,0.0,0.0,0.0,0,4.822265625,6,45,05:40,20:21,2025-05-22 06:39:17.161794,Città della Scienza,76.8,10.927589,7.9342184,3.9475825,6.120392,EU EEA Common AQI,69.5,7.6504903,6.040723,7200,4.0857143,100,100,63.3,3.7714286,Very Low,68.5,9.410726,100,1747895400,Very Low,3.1580658,9.091178,Very Low,5.288655,61.0,5.7714286,100,1747895400,4.714286
2025-05-22T06:39:28Z,20,29.937,73.2,63,67.3,5,4,173,79,0.0,255,32767,0.11,2090-9-18,0.0,0.52,26.6,0.0,0.0,0.0,0,4.822265625,6,45,05:40,20:21,2025-05-22 06:39:28.283795,Città della Scienza,76.8,10.927589,7.9342184,3.9475825,6.120392,EU EEA Common AQI,69.5,7.6504903,6.040723,7200,4.0857143,100,100,63.3,3.7714286,Very Low,68.5,9.410726,100,1747895400,Very Low,3.1580658,9.091178,Very Low,5.288655,61.0,5.7714286,100,1747895400,4.714286
2025-05-22T06:39:39Z,20,29.936,73.2,63,67.3,6,4,159,79,0.0,255,32767,0.11,2090-9-18,0.0,0.52,26.6,0.0,0.0,0.0,0,4.822265625,6,45,05:40,20:21,2025-05-22 06:39:39.384798,Città della Scienza,76.8,10.927589,7.9342184,3.9475825,6.120392,EU EEA Common AQI,69.5,7.6504903,6.040723,7200,4.0857143,100,100,63.3,3.7714286,Very Low,68.5,9.410726,100,1747895400,Very Low,3.1580658,9.091178,Very Low,5.288655,61.0,5.7714286,100,1747895400,4.714286
2025-05-22T06:39:50Z,20,29.936,73.2,63,67.3,5,4,167,79,0.0,255,32767,0.11,2090-9-18,0.0,0.52,26.6,0.0,0.0,0.0,0,4.822265625,6,45,05:40,20:21,2025-05-22 06:39:50.504792,Città della Scienza,76.8,10.927589,7.9342184,3.9475825,6.120392,EU EEA Common AQI,69.5,7.6504903,6.040723,7200,4.0857143,100,100,63.3,3.7714286,Very Low,68.5,9.410726,100,1747895400,Very Low,3.1580658,9.091178,Very Low,5.288655,61.0,5.7714286,100,1747895400,4.714286
2025-05-22T06:40:01Z,20,29.936,73.2,63,67.3,5,4,182,79,0.0,255,32767,0.11,2090-9-18,0.0,0.52,26.6,0.0,0.0,0.0,0,4.822265625,6,45,05:40,20:21,2025-05-22 06:40:01.643793,Città della Scienza,76.8,10.927589,7.9342184,3.9475825,6.120392,EU EEA Common AQI,69.5,7.6504903,6.040723,7200,4.0857143,100,100,63.3,3.7714286,Very Low,68.5,9.410726,100,1747895400,Very Low,3.1580658,9.091178,Very Low,5.288655,61.0,5.7714286,100,1747895400,4.714286
2025-05-22T06:40:12Z,20,29.936,73.2,63,67.3,5,4,165,79,0.0,255,32767,0.11,2090-9-18,0.0,0.52,26.6,0.0,0.0,0.0,0,4.822265625,6,45,05:40,20:21,2025-05-22 06:40:12.746797,Città della Scienza,76.8,10.927589,7.9342184,3.9475825,6.120392,EU EEA Common AQI,69.5,7.6504903,6.040723,7200,4.0857143,100,100,63.3,3.7714286,Very Low,68.5,9.410726,100,1747895400,Very Low,3.1580658,9.091178,Very Low,5.288655,61.0,5.7714286,100,1747895400,4.714286
2025-05-22T06:40:24Z,20,29.936,73.2,63,67.3,5,4,169,79,0.0,255,32767,0.11,2090-9-18,0.0,0.52,26.6,0.0,0.0,0.0,0,4.822265625,6,45,05:40,20:21,2025-05-22 06:40:23.844793,Città della Scienza,76.8,10.927589,7.9342184,3.9475825,6.120392,EU EEA Common AQI,69.5,7.6504903,6.040723,7200,4.0857143,100,100,63.3,3.7714286,Very Low,68.5,9.410726,100,1747895400,Very Low,3.1580658,9.091178,Very Low,5.288655,61.0,5.7714286,100,1747895400,4.714286
2025-05-22T06:40:35Z,20,29.936,73.2,63,67.3,5,4,171,79,0.0,255,32767,0.11,2090-9-18,0.0,0.52,26.6,0.0,0.0,0.0,0,4.822265625,6,45,05:40,20:21,2025-05-22 06:40:34.975788,Città della Scienza,76.8,10.927589,7.9342184,3.9475825,6.120392,EU EEA Common AQI,69.5,7.6504903,6.040723,7200,4.0857143,100,100,63.3,3.7714286,Very Low,68.5,9.410726,100,1747895400,Very Low,3.1580658,9.091178,Very Low,5.288655,61.0,5.7714286,100,1747895400,4.714286
2025-05-22T06:40:46Z,20,29.936,73.2,63,67.3,5,4,164,79,0.0,255,32767,0.11,2090-9-18,0.0,0.52,26.6,0.0,0.0,0.0,0,4.822265625,6,45,05:40,20:21,2025-05-22 06:40:46.065792,Città della Scienza,76.8,10.927589,7.9342184,3.9475825,6.120392,EU EEA Common AQI,69.5,7.6504903,6.040723,7200,4.0857143,100,100,63.3,3.7714286,Very Low,68.5,9.410726,100,1747895400,Very Low,3.1580658,9.091178,Very Low,5.288655,61.0,5.7714286,100,1747895400,4.714286
2025-05-22T06:40:57Z,20,29.936,73.2,63,67.2,5,4,186,79,0.0,255,32767,0.11,2090-9-18,0.0,0.52,26.6,0.0,0.0,0.0,0,4.822265625,6,45,05:40,20:21,2025-05-22 06:40:57.209802,Città della Scienza,76.8,10.927589,7.9342184,3.9475825,6.120392,EU EEA Common AQI,69.5,7.6504903,6.040723,7200,4.0857143,100,100,63.3,3.7714286,Very Low,68.5,9.410726,100,1747895400,Very Low,3.1580658,9.091178,Very Low,5.288655,61.0,5.7714286,100,1747895400,4.714286
2025-05-22T06:41:08Z,20,29.936,73.2,63,67.2,4,4,167,79,0.0,255,32767,0.11,2090-9-18,0.0,0.52,26.6,0.0,0.0,0.0,0,4.822265625,6,45,05:40,20:21,2025-05-22 06:41:08.324784,Città della Scienza,76.8,10.927589,7.9342184,3.9475825,6.120392,EU EEA Common AQI,69.5,7.6504903,6.040723,7200,4.0857143,100,100,63.3,3.7714286,Very Low,68.5,9.410726,100,1747895400,Very Low,3.1580658,9.091178,Very Low,5.288655,61.0,5.7714286,100,1747895400,4.714286
2025-05-22T06:41:19Z,20,29.936,73.2,63,67.2,5,4,180,79,0.0,255,32767,0.11,2090-9-18,0.0,0.52,26.6,0.0,0.0,0.0,0,4.822265625,6,45,05:40,20:21,2025-05-22 06:41:19.418795,Città della Scienza,76.8,10.927589,7.9342184,3.9475825,6.120392,EU EEA Common AQI,69.5,7.6504903,6.040723,7200,4.0857143,100,100,63.3,3.7714286,Very Low,68.5,9.410726,100,1747895400,Very Low,3.1580658,9.091178,Very Low,5.288655,61.0,5.7714286,100,1747895400,4.714286
2025-05-22T06:41:30Z,20,29.936,73.2,63,67.3,3,4,178,79,0.0,255,32767,0.11,2090-9-18,0.0,0.52,26.6,0.0,0.0,0.0,0,4.822265625,6,45,05:40,20:21,2025-05-22 06:41:30.496794,Città della Scienza,76.8,10.927589,7.9342184,3.9475825,6.120392,EU EEA Common AQI,69.5,7.6504903,6.040723,7200,4.0857143,100,100,63.3,3.7714286,Very Low,68.5,9.410726,100,1747895400,Very Low,3.1580658,9.091178,Very Low,5.288655,61.0,5.7714286,100,1747895400,4.714286
2025-05-22T06:41:41Z,20,29.937,73.2,63,67.3,5,4,169,79,0.0,255,32767,0.11,2090-9-18,0.0,0.52,26.6,0.0,0.0,0.0,0,4.822265625,6,45,05:40,20:21,2025-05-22 06:41:41.572792,Città della Scienza,76.8,10.927589,7.9342184,3.9475825,6.120392,EU EEA Common AQI,69.5,7.6504903,6.040723,7200,4.0857143,100,100,63.3,3.7714286,Very Low,68.5,9.410726,100,1747895400,Very Low,3.1580658,9.091178,Very Low,5.288655,61.0,5.7714286,100,1747895400,4.714286
2025-05-22T06:41:52Z,20,29.937,73.2,63,67.3,5,4,172,79,0.0,255,32767,0.11,2090-9-18,0.0,0.52,26.6,0.0,0.0,0.0,0,4.822265625,6,45,05:40,20:21,2025-05-22 06:41:52.721804,Città della Scienza,76.8,10.927589,7.9342184,3.9475825,6.120392,EU EEA Common AQI,69.5,7.6504903,6.040723,7200,4.0857143,100,100,63.3,3.7714286,Very Low,68.5,9.410726,100,1747895400,Very Low,3.1580658,9.091178,Very Low,5.288655,61.0,5.7714286,100,1747895400,4.714286
2025-05-22T06:42:04Z,20,29.937,73.2,63,67.2,5,4,173,79,0.0,255,32767,0.11,2090-9-18,0.0,0.52,26.6,0.0,0.0,0.0,0,4.822265625,6,45,05:40,20:21,2025-05-22 06:42:03.839796,Città della Scienza,76.8,10.927589,7.9342184,3.9475825,6.120392,EU EEA Common AQI,69.5,7.6504903,6.040723,7200,4.0857143,100,100,63.3,3.7714286,Very Low,68.5,9.410726,100,1747895400,Very Low,3.1580658,9.091178,Very Low,5.288655,61.0,5.7714286,100,1747895400,4.714286
2025-05-22T06:42:15Z,20,29.937,73.2,63,67.2,7,4,169,79,0.0,255,32767,0.11,2090-9-18,0.0,0.52,26.6,0.0,0.0,0.0,0,4.822265625,6,45,05:40,20:21,2025-05-22 06:42:14.932800,Città della Scienza,76.8,10.927589,7.9342184,3.9475825,6.120392,EU EEA Common AQI,69.5,7.6504903,6.040723,7200,4.0857143,100,100,63.3,3.7714286,Very Low,68.5,9.410726,100,1747895400,Very Low,3.1580658,9.091178,Very Low,5.288655,61.0,5.7714286,100,1747895400,4.714286
2025-05-22T06:42:26Z,20,29.937,73.2,63,67.2,5,4,166,79,0.0,255,32767,0.11,2090-9-18,0.0,0.52,26.6,0.0,0.0,0.0,0,4.822265625,6,45,05:40,20:21,2025-05-22 06:42:26.041753,Città della Scienza,76.8,10.927589,7.9342184,3.9475825,6.120392,EU EEA Common AQI,69.5,7.6504903,6.040723,7200,4.0857143,100,100,63.3,3.7714286,Very Low,68.5,9.410726,100,1747895400,Very Low,3.1580658,9.091178,Very Low,5.288655,61.0,5.7714286,100,1747895400,4.714286
2025-05-22T06:42:37Z,20,29.937,73.3,63,67.2,5,4,167,79,0.0,255,32767,0.11,2090-9-18,0.0,0.52,26.6,0.0,0.0,0.0,0,4.822265625,6,45,05:40,20:21,2025-05-22 06:42:37.159791,Città della Scienza,76.8,10.927589,7.9342184,3.9475825,6.120392,EU EEA Common AQI,69.5,7.6504903,6.040723,7200,4.0857143,100,100,63.3,3.7714286,Very Low,68.5,9.410726,100,1747895400,Very Low,3.1580658,9.091178,Very Low,5.288655,61.0,5.7714286,100,1747895400,4.714286
2025-05-22T06:42:48Z,20,29.937,73.3,63,67.2,2,4,175,79,0.0,255,32767,0.11,2090-9-18,0.0,0.52,26.6,0.0,0.0,0.0,0,4.822265625,6,45,05:40,20:21,2025-05-22 06:42:48.258791,Città della Scienza,76.8,10.927589,7.9342184,3.9475825,6.120392,EU EEA Common AQI,69.5,7.6504903,6.040723,7200,4.0857143,100,100,63.3,3.7714286,Very Low,68.5,9.410726,100,1747895400,Very Low,3.1580658,9.091178,Very Low,5.288655,61.0,5.7714286,100,1747895400,4.714286
2025-05-22T06:42:59Z,20,29.937,73.3,63,67.2,6,4,165,79,0.0,255,32767,0.11,2090-9-18,0.0,0.52,26.6,0.0,0.0,0.0,0,4.822265625,6,45,05:40,20:21,2025-05-22 06:42:59.417804,Città della Scienza,76.8,10.927589,7.9342184,3.9475825,6.120392,EU EEA Common AQI,69.5,7.6504903,6.040723,7200,4.0857143,100,100,63.3,3.7714286,Very Low,68.5,9.410726,100,1747895400,Very Low,3.1580658,9.091178,Very Low,5.288655,61.0,5.7714286,100,1747895400,4.714286
2025-05-22T06:43:10Z,20,29.937,73.3,63,67.2,6,4,159,79,0.0,255,32767,0.11,2090-9-18,0.0,0.52,26.6,0.0,0.0,0.0,0,4.822265625,6,45,05:40,20:21,2025-05-22 06:43:10.522793,Città della Scienza,76.8,10.927589,7.9342184,3.9475825,6.120392,EU EEA Common AQI,69.5,7.6504903,6.040723,7200,4.0857143,100,100,63.3,3.7714286,Very Low,68.5,9.410726,100,1747895400,Very Low,3.1580658,9.091178,Very Low,5.288655,61.0,5.7714286,100,1747895400,4.714286
2025-05-22T06:43:21Z,20,29.937,73.3,63,67.2,6,4,167,79,0.0,255,32767,0.11,2090-9-18,0.0,0.52,26.6,0.0,0.0,0.0,0,4.822265625,6,45,05:40,20:21,2025-05-22 06:43:21.623793,Città della Scienza,76.8,10.927589,7.9342184,3.9475825,6.120392,EU EEA Common AQI,69.5,7.6504903,6.040723,7200,4.0857143,100,100,63.3,3.7714286,Very Low,68.5,9.410726,100,1747895400,Very Low,3.1580658,9.091178,Very Low,5.288655,61.0,5.7714286,100,1747895400,4.714286
2025-05-22T06:43:32Z,20,29.937,73.3,63,67.1,6,4,174,79,0.0,255,32767,0.11,2090-9-18,0.0,0.52,26.6,0.0,0.0,0.0,0,4.822265625,6,45,05:40,20:21,2025-05-22 06:43:32.715790,Città della Scienza,76.8,10.927589,7.9342184,3.9475825,6.120392,EU EEA Common AQI,69.5,7.6504903,6.040723,7200,4.0857143,100,100,63.3,3.7714286,Very Low,68.5,9.410726,100,1747895400,Very Low,3.1580658,9.091178,Very Low,5.288655,61.0,5.7714286,100,1747895400,4.714286
2025-05-22T06:43:44Z,20,29.935,73.2,63,67.1,6,4,171,79,0.0,255,32767,0.11,2090-9-18,0.0,0.52,26.6,0.0,0.0,0.0,0,4.822265625,6,45,05:40,20:21,2025-05-22 06:43:43.823795,Città della Scienza,76.8,10.927589,7.9342184,3.9475825,6.120392,EU EEA Common AQI,69.5,7.6504903,6.040723,7200,4.0857143,100,100,63.3,3.7714286,Very Low,68.5,9.410726,100,1747895400,Very Low,3.1580658,9.091178,Very Low,5.288655,61.0,5.7714286,100,1747895400,4.714286
2025-05-22T06:43:55Z,20,29.935,73.2,63,67.1,5,4,171,79,0.0,255,32767,0.11,2090-9-18,0.0,0.52,26.6,0.0,0.0,0.0,0,4.822265625,6,45,05:40,20:21,2025-05-22 06:43:54.940793,Città della Scienza,76.8,10.927589,7.9342184,3.9475825,6.120392,EU EEA Common AQI,69.5,7.6504903,6.040723,7200,4.0857143,100,100,63.3,3.7714286,Very Low,68.5,9.410726,100,1747895400,Very Low,3.1580658,9.091178,Very Low,5.288655,61.0,5.7714286,100,1747895400,4.714286
2025-05-22T06:44:06Z,20,29.935,73.2,63,67.1,3,4,176,79,0.0,255,32767,0.11,2090-9-18,0.0,0.52,26.6,0.0,0.0,0.0,0,4.822265625,6,45,05:40,20:21,2025-05-22 06:44:06.050791,Città della Scienza,76.8,10.927589,7.9342184,3.9475825,6.120392,EU EEA Common AQI,69.5,7.6504903,6.040723,7200,4.0857143,100,100,63.3,3.7714286,Very Low,68.5,9.410726,100,1747895400,Very Low,3.1580658,9.091178,Very Low,5.288655,61.0,5.7714286,100,1747895400,4.714286
2025-05-22T06:44:17Z,20,29.935,73.2,63,67.1,5,4,171,79,0.0,255,32767,0.11,2090-9-18,0.0,0.52,26.6,0.0,0.0,0.0,0,4.822265625,6,45,05:40,20:21,2025-05-22 06:44:17.178796,Città della Scienza,76.8,10.927589,7.9342184,3.9475825,6.120392,EU EEA Common AQI,69.5,7.6504903,6.040723,7200,4.0857143,100,100,63.3,3.7714286,Very Low,68.5,9.410726,100,1747895400,Very Low,3.1580658,9.091178,Very Low,5.288655,61.0,5.7714286,100,1747895400,4.714286
2025-05-22T06:44:28Z,20,29.935,73.2,63,67.1,5,4,173,79,0.0,255,32767,0.11,2090-9-18,0.0,0.52,26.6,0.0,0.0,0.0,0,4.822265625,6,45,05:40,20:21,2025-05-22 06:44:28.294785,Città della Scienza,76.8,10.927589,7.9342184,3.9475825,6.120392,EU EEA Common AQI,69.5,7.6504903,6.040723,7200,4.0857143,100,100,63.3,3.7714286,Very Low,68.5,9.410726,100,1747895400,Very Low,3.1580658,9.091178,Very Low,5.288655,61.0,5.7714286,100,1747895400,4.714286
2025-05-22T06:44:39Z,20,29.936,73.2,63,67.1,5,4,165,79,0.0,255,32767,0.11,2090-9-18,0.0,0.52,26.6,0.0,0.0,0.0,0,4.822265625,6,45,05:40,20:21,2025-05-22 06:44:39.378787,Città della Scienza,76.8,10.927589,7.9342184,3.9475825,6.120392,EU EEA Common AQI,69.5,7.6504903,6.040723,7200,4.0857143,100,100,63.3,3.7714286,Very Low,68.5,9.410726,100,1747895400,Very Low,3.1580658,9.091178,Very Low,5.288655,61.0,5.7714286,100,1747895400,4.714286
2025-05-22T06:44:50Z,20,29.936,73.2,63,67.1,3,4,189,79,0.0,255,32767,0.11,2090-9-18,0.0,0.52,26.6,0.0,0.0,0.0,0,4.822265625,6,45,05:40,20:21,2025-05-22 06:44:50.525753,Città della Scienza,76.8,10.927589,7.9342184,3.9475825,6.120392,EU EEA Common AQI,69.5,7.6504903,6.040723,7200,4.0857143,100,100,63.3,3.7714286,Very Low,68.5,9.410726,100,1747895400,Very Low,3.1580658,9.091178,Very Low,5.288655,61.0,5.7714286,100,1747895400,4.714286
2025-05-22T06:45:01Z,20,29.936,73.2,63,67.1,4,4,163,79,0.0,255,32767,0.11,2090-9-18,0.0,0.52,26.6,0.0,0.0,0.0,0,4.822265625,6,45,05:40,20:21,2025-05-22 06:45:01.613808,Città della Scienza,76.8,10.927589,7.9342184,3.9475825,6.120392,EU EEA Common AQI,69.5,7.6504903,6.040723,7200,4.0857143,100,100,63.3,3.7714286,Very Low,68.5,9.410726,100,1747895400,Very Low,3.1580658,9.091178,Very Low,5.288655,61.0,5.7714286,100,1747895400,4.714286
2025-05-22T06:45:12Z,20,29.936,73.2,63,67.1,4,4,159,79,0.0,255,32767,0.11,2090-9-18,0.0,0.52,26.6,0.0,0.0,0.0,0,4.822265625,6,45,05:40,20:21,2025-05-22 06:45:12.701794,Città della Scienza,76.8,10.927589,7.9342184,3.9475825,6.120392,EU EEA Common AQI,69.5,7.6504903,6.040723,7200,4.0857143,100,100,63.3,3.7714286,Very Low,68.5,9.410726,100,1747895400,Very Low,3.1580658,9.091178,Very Low,5.288655,61.0,5.7714286,100,1747895400,4.714286
2025-05-22T06:45:24Z,20,29.936,73.2,63,67.1,2,4,169,79,0.0,255,32767,0.11,2090-9-18,0.0,0.52,26.6,0.0,0.0,0.0,0,4.822265625,6,45,05:40,20:21,2025-05-22 06:45:23.816796,Città della Scienza,77.0,10.214001,7.9345784,3.968877,5.6961455,EU EEA Common AQI,69.8,7.1201825,6.053641,7200,3.6231885,100,100,63.5,3.153623,Very Low,68.8,8.707128,100,1747896300,Very Low,3.1751015,8.540201,Very Low,5.27005,61.3,4.3188405,100,1747896300,3.942029
2025-05-22T06:45:35Z,0,29.937,73.3,63,67.1,3,4,178,80,0.0,255,32767,0.11,2090-9-18,0.0,0.52,26.6,0.0,0.0,0.0,0,4.822265625,6,45,05:40,20:21,2025-05-22 06:45:34.898751,Città della Scienza,77.0,10.214001,7.9345784,3.968877,5.6961455,EU EEA Common AQI,69.8,7.1201825,6.053641,7200,3.6231885,100,100,63.5,3.153623,Very Low,68.8,8.707128,100,1747896300,Very Low,3.1751015,8.540201,Very Low,5.27005,61.3,4.3188405,100,1747896300,3.942029
2025-05-22T06:45:46Z,0,29.937,73.3,63,67.1,3,4,191,80,0.0,255,32767,0.11,2090-9-18,0.0,0.52,26.6,0.0,0.0,0.0,0,4.822265625,6,45,05:40,20:21,2025-05-22 06:45:45.998793,Città della Scienza,77.0,10.214001,7.9345784,3.968877,5.6961455,EU EEA Common AQI,69.8,7.1201825,6.053641,7200,3.6231885,100,100,63.5,3.153623,Very Low,68.8,8.707128,100,1747896300,Very Low,3.1751015,8.540201,Very Low,5.27005,61.3,4.3188405,100,1747896300,3.942029
2025-05-22T06:45:57Z,0,29.937,73.3,63,67.1,2,4,178,80,0.0,255,32767,0.11,2090-9-18,0.0,0.52,26.6,0.0,0.0,0.0,0,4.822265625,6,45,05:40,20:21,2025-05-22 06:45:57.111816,Città della Scienza,77.0,10.214001,7.9345784,3.968877,5.6961455,EU EEA Common AQI,69.8,7.1201825,6.053641,7200,3.6231885,100,100,63.5,3.153623,Very Low,68.8,8.707128,100,1747896300,Very Low,3.1751015,8.540201,Very Low,5.27005,61.3,4.3188405,100,1747896300,3.942029
2025-05-22T06:46:08Z,0,29.937,73.3,63,67.1,4,4,162,80,0.0,255,32767,0.11,2090-9-18,0.0,0.52,26.6,0.0,0.0,0.0,0,4.822265625,6,45,05:40,20:21,2025-05-22 06:46:08.217801,Città della Scienza,77.0,10.214001,7.9345784,3.968877,5.6961455,EU EEA Common AQI,69.8,7.1201825,6.053641,7200,3.6231885,100,100,63.5,3.153623,Very Low,68.8,8.707128,100,1747896300,Very Low,3.1751015,8.540201,Very Low,5.27005,61.3,4.3188405,100,1747896300,3.942029
2025-05-22T06:46:19Z,0,29.937,73.3,63,67.1,2,4,180,80,0.0,255,32767,0.11,2090-9-18,0.0,0.52,26.6,0.0,0.0,0.0,0,4.822265625,6,45,05:40,20:21,2025-05-22 06:46:19.321790,Città della Scienza,77.0,10.214001,7.9345784,3.968877,5.6961455,EU EEA Common AQI,69.8,7.1201825,6.053641,7200,3.6231885,100,100,63.5,3.153623,Very Low,68.8,8.707128,100,1747896300,Very Low,3.1751015,8.540201,Very Low,5.27005,61.3,4.3188405,100,1747896300,3.942029
2025-05-22T06:46:30Z,0,29.937,73.3,63,67.1,1,4,248,80,0.0,255,32767,0.11,2090-9-18,0.0,0.52,26.6,0.0,0.0,0.0,0,4.822265625,6,45,05:40,20:21,2025-05-22 06:46:30.441791,Città della Scienza,77.0,10.214001,7.9345784,3.968877,5.6961455,EU EEA Common AQI,69.8,7.1201825,6.053641,7200,3.6231885,100,100,63.5,3.153623,Very Low,68.8,8.707128,100,1747896300,Very Low,3.1751015,8.540201,Very Low,5.27005,61.3,4.3188405,100,1747896300,3.942029
2025-05-22T06:46:41Z,0,29.937,73.3,63,67.2,3,4,247,80,0.0,255,32767,0.11,2090-9-18,0.0,0.52,26.6,0.0,0.0,0.0,0,4.822265625,6,45,05:40,20:21,2025-05-22 06:46:41.546788,Città della Scienza,77.0,10.214001,7.9345784,3.968877,5.6961455,EU EEA Common AQI,69.8,7.1201825,6.053641,7200,3.6231885,100,100,63.5,3.153623,Very Low,68.8,8.707128,100,1747896300,Very Low,3.1751015,8.540201,Very Low,5.27005,61.3,4.3188405,100,1747896300,3.942029
2025-05-22T06:46:52Z,0,29.937,73.3,63,67.1,2,4,223,80,0.0,255,32767,0.11,2090-9-18,0.0,0.52,26.6,0.0,0.0,0.0,0,4.822265625,6,45,05:40,20:21,2025-05-22 06:46:52.661809,Città della Scienza,77.0,10.214001,7.9345784,3.968877,5.6961455,EU EEA Common AQI,69.8,7.1201825,6.053641,7200,3.6231885,100,100,63.5,3.153623,Very Low,68.8,8.707128,100,1747896300,Very Low,3.1751015,8.540201,Very Low,5.27005,61.3,4.3188405,100,1747896300,3.942029
2025-05-22T06:47:03Z,0,29.937,73.3,63,67.1,1,4,215,80,0.0,255,32767,0.11,2090-9-18,0.0,0.52,26.6,0.0,0.0,0.0,0,4.822265625,6,45,05:40,20:21,2025-05-22 06:47:03.772790,Città della Scienza,77.0,10.214001,7.9345784,3.968877,5.6961455,EU EEA Common AQI,69.8,7.1201825,6.053641,7200,3.6231885,100,100,63.5,3.153623,Very Low,68.8,8.707128,100,1747896300,Very Low,3.1751015,8.540201,Very Low,5.27005,61.3,4.3188405,100,1747896300,3.942029
2025-05-22T06:47:15Z,0,29.937,73.3,63,67.2,4,4,212,80,0.0,255,32767,0.11,2090-9-18,0.0,0.52,26.6,0.0,0.0,0.0,0,4.822265625,6,45,05:40,20:21,2025-05-22 06:47:14.876802,Città della Scienza,77.0,10.214001,7.9345784,3.968877,5.6961455,EU EEA Common AQI,69.8,7.1201825,6.053641,7200,3.6231885,100,100,63.5,3.153623,Very Low,68.8,8.707128,100,1747896300,Very Low,3.1751015,8.540201,Very Low,5.27005,61.3,4.3188405,100,1747896300,3.942029
2025-05-22T06:47:26Z,0,29.937,73.3,63,67.2,3,4,219,80,0.0,255,32767,0.11,2090-9-18,0.0,0.52,26.6,0.0,0.0,0.0,0,4.822265625,6,45,05:40,20:21,2025-05-22 06:47:25.978795,Città della Scienza,77.0,10.214001,7.9345784,3.968877,5.6961455,EU EEA Common AQI,69.8,7.1201825,6.053641,7200,3.6231885,100,100,63.5,3.153623,Very Low,68.8,8.707128,100,1747896300,Very Low,3.1751015,8.540201,Very Low,5.27005,61.3,4.3188405,100,1747896300,3.942029
2025-05-22T06:47:37Z,0,29.936,73.2,63,67.2,2,4,200,80,0.0,255,32767,0.11,2090-9-18,0.0,0.52,26.6,0.0,0.0,0.0,0,4.822265625,6,45,05:40,20:21,2025-05-22 06:47:37.072800,Città della Scienza,77.0,10.214001,7.9345784,3.968877,5.6961455,EU EEA Common AQI,69.8,7.1201825,6.053641,7200,3.6231885,100,100,63.5,3.153623,Very Low,68.8,8.707128,100,1747896300,Very Low,3.1751015,8.540201,Very Low,5.27005,61.3,4.3188405,100,1747896300,3.942029
2025-05-22T06:47:48Z,0,29.936,73.2,63,67.2,2,4,170,80,0.0,255,32767,0.11,2090-9-18,0.0,0.52,26.6,0.0,0.0,0.0,0,4.822265625,6,45,05:40,20:21,2025-05-22 06:47:48.183783,Città della Scienza,77.0,10.214001,7.9345784,3.968877,5.6961455,EU EEA Common AQI,69.8,7.1201825,6.053641,7200,3.6231885,100,100,63.5,3.153623,Very Low,68.8,8.707128,100,1747896300,Very Low,3.1751015,8.540201,Very Low,5.27005,61.3,4.3188405,100,1747896300,3.942029
2025-05-22T06:47:59Z,0,29.936,73.2,63,67.2,3,4,198,80,0.0,255,32767,0.11,2090-9-18,0.0,0.52,26.6,0.0,0.0,0.0,0,4.822265625,6,45,05:40,20:21,2025-05-22 06:47:59.298900,Città della Scienza,77.0,10.214001,7.9345784,3.968877,5.6961455,EU EEA Common AQI,69.8,7.1201825,6.053641,7200,3.6231885,100,100,63.5,3.153623,Very Low,68.8,8.707128,100,1747896300,Very Low,3.1751015,8.540201,Very Low,5.27005,61.3,4.3188405,100,1747896300,3.942029
2025-05-22T06:48:10Z,0,29.936,73.2,63,67.3,3,4,179,80,0.0,255,32767,0.11,2090-9-18,0.0,0.52,26.6,0.0,0.0,0.0,0,4.822265625,6,45,05:40,20:21,2025-05-22 06:48:10.398800,Città della Scienza,77.0,10.214001,7.9345784,3.968877,5.6961455,EU EEA Common AQI,69.8,7.1201825,6.053641,7200,3.6231885,100,100,63.5,3.153623,Very Low,68.8,8.707128,100,1747896300,Very Low,3.1751015,8.540201,Very Low,5.27005,61.3,4.3188405,100,1747896300,3.942029
2025-05-22T06:48:21Z,0,29.936,73.2,63,67.2,2,4,165,80,0.0,255,32767,0.11,2090-9-18,0.0,0.52,26.6,0.0,0.0,0.0,0,4.822265625,6,45,05:40,20:21,2025-05-22 06:48:21.512789,Città della Scienza,77.0,10.214001,7.9345784,3.968877,5.6961455,EU EEA Common AQI,69.8,7.1201825,6.053641,7200,3.6231885,100,100,63.5,3.153623,Very Low,68.8,8.707128,100,1747896300,Very Low,3.1751015,8.540201,Very Low,5.27005,61.3,4.3188405,100,1747896300,3.942029
2025-05-22T06:48:32Z,0,29.936,73.2,63,67.3,2,4,180,80,0.0,255,32767,0.11,2090-9-18,0.0,0.52,26.6,0.0,0.0,0.0,0,4.822265625,6,45,05:40,20:21,2025-05-22 06:48:32.625794,Città della Scienza,77.0,10.214001,7.9345784,3.968877,5.6961455,EU EEA Common AQI,69.8,7.1201825,6.053641,7200,3.6231885,100,100,63.5,3.153623,Very Low,68.8,8.707128,100,1747896300,Very Low,3.1751015,8.540201,Very Low,5.27005,61.3,4.3188405,100,1747896300,3.942029
2025-05-22T06:48:43Z,0,29.935,73.2,63,67.3,2,4,192,80,0.0,255,32767,0.11,2090-9-18,0.0,0.52,26.6,0.0,0.0,0.0,0,4.822265625,6,45,05:40,20:21,2025-05-22 06:48:43.749800,Città della Scienza,77.0,10.214001,7.9345784,3.968877,5.6961455,EU EEA Common AQI,69.8,7.1201825,6.053641,7200,3.6231885,100,100,63.5,3.153623,Very Low,68.8,8.707128,100,1747896300,Very Low,3.1751015,8.540201,Very Low,5.27005,61.3,4.3188405,100,1747896300,3.942029
2025-05-22T06:48:55Z,0,29.935,73.2,63,67.3,2,4,207,80,0.0,255,32767,0.11,2090-9-18,0.0,0.52,26.6,0.0,0.0,0.0,0,4.822265625,6,45,05:40,20:21,2025-05-22 06:48:54.833798,Città della Scienza,77.0,10.214001,7.9345784,3.968877,5.6961455,EU EEA Common AQI,69.8,7.1201825,6.053641,7200,3.6231885,100,100,63.5,3.153623,Very Low,68.8,8.707128,100,1747896300,Very Low,3.1751015,8.540201,Very Low,5.27005,61.3,4.3188405,100,1747896300,3.942029
2025-05-22T06:49:06Z,0,29.935,73.2,63,67.3,1,4,213,80,0.0,255,32767,0.11,2090-9-18,0.0,0.52,26.6,0.0,0.0,0.0,0,4.822265625,6,45,05:40,20:21,2025-05-22 06:49:05.934787,Città della Scienza,77.0,10.214001,7.9345784,3.968877,5.6961455,EU EEA Common AQI,69.8,7.1201825,6.053641,7200,3.6231885,100,100,63.5,3.153623,Very Low,68.8,8.707128,100,1747896300,Very Low,3.1751015,8.540201,Very Low,5.27005,61.3,4.3188405,100,1747896300,3.942029
2025-05-22T06:49:17Z,0,29.935,73.2,63,67.3,3,4,144,80,0.0,255,32767,0.11,2090-9-18,0.0,0.52,26.6,0.0,0.0,0.0,0,4.822265625,6,45,05:40,20:21,2025-05-22 06:49:17.055792,Città della Scienza,77.0,10.214001,7.9345784,3.968877,5.6961455,EU EEA Common AQI,69.8,7.1201825,6.053641,7200,3.6231885,100,100,63.5,3.153623,Very Low,68.8,8.707128,100,1747896300,Very Low,3.1751015,8.540201,Very Low,5.27005,61.3,4.3188405,100,1747896300,3.942029
2025-05-22T06:49:28Z,0,29.935,73.2,63,67.3,3,4,151,80,0.0,255,32767,0.11,2090-9-18,0.0,0.52,26.6,0.0,0.0,0.0,0,4.822265625,6,45,05:40,20:21,2025-05-22 06:49:28.156755,Città della Scienza,77.0,10.214001,7.9345784,3.968877,5.6961455,EU EEA Common AQI,69.8,7.1201825,6.053641,7200,3.6231885,100,100,63.5,3.153623,Very Low,68.8,8.707128,100,1747896300,Very Low,3.1751015,8.540201,Very Low,5.27005,61.3,4.3188405,100,1747896300,3.942029
2025-05-22T06:49:39Z,0,29.936,73.3,63,67.3,5,4,163,80,0.0,255,32767,0.11,2090-9-18,0.0,0.52,26.6,0.0,0.0,0.0,0,4.822265625,6,45,05:40,20:21,2025-05-22 06:49:39.256754,Città della Scienza,77.0,10.214001,7.9345784,3.968877,5.6961455,EU EEA Common AQI,69.8,7.1201825,6.053641,7200,3.6231885,100,100,63.5,3.153623,Very Low,68.8,8.707128,100,1747896300,Very Low,3.1751015,8.540201,Very Low,5.27005,61.3,4.3188405,100,1747896300,3.942029
2025-05-22T06:49:50Z,0,29.936,73.3,63,67.3,4,4,165,80,0.0,255,32767,0.11,2090-9-18,0.0,0.52,26.6,0.0,0.0,0.0,0,4.822265625,6,45,05:40,20:21,2025-05-22 06:49:50.339790,Città della Scienza,77.0,10.214001,7.9345784,3.968877,5.6961455,EU EEA Common AQI,69.8,7.1201825,6.053641,7200,3.6231885,100,100,63.5,3.153623,Very Low,68.8,8.707128,100,1747896300,Very Low,3.1751015,8.540201,Very Low,5.27005,61.3,4.3188405,100,1747896300,3.942029
2025-05-22T06:50:01Z,0,29.936,73.3,63,67.3,4,4,207,80,0.0,255,32767,0.11,2090-9-18,0.0,0.52,26.6,0.0,0.0,0.0,0,4.822265625,6,45,05:40,20:21,2025-05-22 06:50:01.450807,Città della Scienza,77.0,10.214001,7.9345784,3.968877,5.6961455,EU EEA Common AQI,69.8,7.1201825,6.053641,7200,3.6231885,100,100,63.5,3.153623,Very Low,68.8,8.707128,100,1747896300,Very Low,3.1751015,8.540201,Very Low,5.27005,61.3,4.3188405,100,1747896300,3.942029
2025-05-22T06:50:12Z,0,29.936,73.3,63,67.4,5,4,179,80,0.0,255,32767,0.11,2090-9-18,0.0,0.52,26.6,0.0,0.0,0.0,0,4.822265625,6,45,05:40,20:21,2025-05-22 06:50:12.541786,Città della Scienza,77.0,10.214001,7.9345784,3.968877,5.6961455,EU EEA Common AQI,69.8,7.1201825,6.053641,7200,3.6231885,100,100,63.5,3.153623,Very Low,68.8,8.707128,100,1747896300,Very Low,3.1751015,8.540201,Very Low,5.27005,61.3,4.3188405,100,1747896300,3.942029
2025-05-22T06:50:23Z,0,29.936,73.3,63,67.4,5,4,173,80,0.0,255,32767,0.11,2090-9-18,0.0,0.52,26.6,0.0,0.0,0.0,0,4.822265625,6,45,05:40,20:21,2025-05-22 06:50:23.646792,Città della Scienza,77.0,10.214001,7.9345784,3.968877,5.6961455,EU EEA Common AQI,69.8,7.1201825,6.053641,7200,3.6231885,100,100,63.5,3.153623,Very Low,68.8,8.707128,100,1747896300,Very Low,3.1751015,8.540201,Very Low,5.27005,61.3,4.3188405,100,1747896300,3.942029
2025-05-22T06:50:34Z,0,29.937,73.3,63,67.4,5,4,170,80,0.0,255,32767,0.11,2090-9-18,0.0,0.52,26.6,0.0,0.0,0.0,0,4.822265625,6,45,05:40,20:21,2025-05-22 06:50:34.747792,Città della Scienza,77.0,10.214001,7.9345784,3.968877,5.6961455,EU EEA Common AQI,69.8,7.1201825,6.053641,7200,3.6231885,100,100,63.5,3.153623,Very Low,68.8,8.707128,100,1747896300,Very Low,3.1751015,8.540201,Very Low,5.27005,61.3,4.3188405,100,1747896300,3.942029
2025-05-22T06:50:46Z,0,29.937,73.3,63,67.4,4,4,166,79,0.0,255,32767,0.11,2090-9-18,0.0,0.52,26.6,0.0,0.0,0.0,0,4.822265625,6,45,05:40,20:21,2025-05-22 06:50:45.858798,Città della Scienza,77.0,10.214001,7.9345784,3.968877,5.6961455,EU EEA Common AQI,69.8,7.1201825,6.053641,7200,3.6231885,100,100,63.5,3.153623,Very Low,68.8,8.707128,100,1747896300,Very Low,3.1751015,8.540201,Very Low,5.27005,61.3,4.3188405,100,1747896300,3.942029
2025-05-22T06:50:57Z,0,29.937,73.3,63,67.4,4,4,180,79,0.0,255,32767,0.11,2090-9-18,0.0,0.52,26.6,0.0,0.0,0.0,0,4.822265625,6,45,05:40,20:21,2025-05-22 06:50:56.994776,Città della Scienza,77.0,10.214001,7.9345784,3.968877,5.6961455,EU EEA Common AQI,69.8,7.1201825,6.053641,7200,3.6231885,100,100,63.5,3.153623,Very Low,68.8,8.707128,100,1747896300,Very Low,3.1751015,8.540201,Very Low,5.27005,61.3,4.3188405,100,1747896300,3.942029
2025-05-22T06:51:08Z,0,29.937,73.3,63,67.4,6,4,180,79,0.0,255,32767,0.11,2090-9-18,0.0,0.52,26.6,0.0,0.0,0.0,0,4.822265625,6,45,05:40,20:21,2025-05-22 06:51:08.125805,Città della Scienza,77.0,10.214001,7.9345784,3.968877,5.6961455,EU EEA Common AQI,69.8,7.1201825,6.053641,7200,3.6231885,100,100,63.5,3.153623,Very Low,68.8,8.707128,100,1747896300,Very Low,3.1751015,8.540201,Very Low,5.27005,61.3,4.3188405,100,1747896300,3.942029
2025-05-22T06:51:19Z,0,29.937,73.3,63,67.4,5,4,167,79,0.0,255,32767,0.11,2090-9-18,0.0,0.52,26.6,0.0,0.0,0.0,0,4.822265625,6,45,05:40,20:21,2025-05-22 06:51:19.193790,Città della Scienza,77.0,10.214001,7.9345784,3.968877,5.6961455,EU EEA Common AQI,69.8,7.1201825,6.053641,7200,3.6231885,100,100,63.5,3.153623,Very Low,68.8,8.707128,100,1747896300,Very Low,3.1751015,8.540201,Very Low,5.27005,61.3,4.3188405,100,1747896300,3.942029
2025-05-22T06:51:30Z,0,29.937,73.3,63,67.4,2,4,141,79,0.0,255,32767,0.11,2090-9-18,0.0,0.52,26.6,0.0,0.0,0.0,0,4.822265625,6,45,05:40,20:21,2025-05-22 06:51:30.301793,Città della Scienza,77.0,10.214001,7.9345784,3.968877,5.6961455,EU EEA Common AQI,69.8,7.1201825,6.053641,7200,3.6231885,100,100,63.5,3.153623,Very Low,68.8,8.707128,100,1747896300,Very Low,3.1751015,8.540201,Very Low,5.27005,61.3,4.3188405,100,1747896300,3.942029
2025-05-22T06:51:41Z,0,29.935,73.3,63,67.4,2,4,172,79,0.0,255,32767,0.11,2090-9-18,0.0,0.52,26.6,0.0,0.0,0.0,0,4.822265625,6,45,05:40,20:21,2025-05-22 06:51:41.385761,Città della Scienza,77.0,10.214001,7.9345784,3.968877,5.6961455,EU EEA Common AQI,69.8,7.1201825,6.053641,7200,3.6231885,100,100,63.5,3.153623,Very Low,68.8,8.707128,100,1747896300,Very Low,3.1751015,8.540201,Very Low,5.27005,61.3,4.3188405,100,1747896300,3.942029
2025-05-22T06:51:52Z,0,29.935,73.3,63,67.4,4,4,155,79,0.0,255,32767,0.11,2090-9-18,0.0,0.52,26.6,0.0,0.0,0.0,0,4.822265625,6,45,05:40,20:21,2025-05-22 06:51:52.510796,Città della Scienza,77.0,10.214001,7.9345784,3.968877,5.6961455,EU EEA Common AQI,69.8,7.1201825,6.053641,7200,3.6231885,100,100,63.5,3.153623,Very Low,68.8,8.707128,100,1747896300,Very Low,3.1751015,8.540201,Very Low,5.27005,61.3,4.3188405,100,1747896300,3.942029
2025-05-22T06:52:03Z,0,29.935,73.3,63,67.4,2,4,173,79,0.0,255,32767,0.11,2090-9-18,0.0,0.52,26.6,0.0,0.0,0.0,0,4.822265625,6,45,05:40,20:21,2025-05-22 06:52:03.655798,Città della Scienza,77.0,10.214001,7.9345784,3.968877,5.6961455,EU EEA Common AQI,69.8,7.1201825,6.053641,7200,3.6231885,100,100,63.5,3.153623,Very Low,68.8,8.707128,100,1747896300,Very Low,3.1751015,8.540201,Very Low,5.27005,61.3,4.3188405,100,1747896300,3.942029
2025-05-22T06:52:14Z,0,29.935,73.3,63,67.4,4,4,175,79,0.0,255,32767,0.11,2090-9-18,0.0,0.52,26.6,0.0,0.0,0.0,0,4.822265625,6,45,05:40,20:21,2025-05-22 06:52:14.785786,Città della Scienza,77.0,10.214001,7.9345784,3.968877,5.6961455,EU EEA Common AQI,69.8,7.1201825,6.053641,7200,3.6231885,100,100,63.5,3.153623,Very Low,68.8,8.707128,100,1747896300,Very Low,3.1751015,8.540201,Very Low,5.27005,61.3,4.3188405,100,1747896300,3.942029
2025-05-22T06:52:26Z,0,29.935,73.3,63,67.4,6,4,175,79,0.0,255,32767,0.11,2090-9-18,0.0,0.52,26.6,0.0,0.0,0.0,0,4.822265625,6,45,05:40,20:21,2025-05-22 06:52:25.887801,Città della Scienza,77.0,10.214001,7.9345784,3.968877,5.6961455,EU EEA Common AQI,69.8,7.1201825,6.053641,7200,3.6231885,100,100,63.5,3.153623,Very Low,68.8,8.707128,100,1747896300,Very Low,3.1751015,8.540201,Very Low,5.27005,61.3,4.3188405,100,1747896300,3.942029
2025-05-22T06:52:37Z,0,29.938,73.3,63,67.4,6,4,157,79,0.0,255,32767,0.11,2090-9-18,0.0,0.52,26.6,0.0,0.0,0.0,0,4.822265625,6,45,05:40,20:21,2025-05-22 06:52:37.021790,Città della Scienza,77.0,10.214001,7.9345784,3.968877,5.6961455,EU EEA Common AQI,69.8,7.1201825,6.053641,7200,3.6231885,100,100,63.5,3.153623,Very Low,68.8,8.707128,100,1747896300,Very Low,3.1751015,8.540201,Very Low,5.27005,61.3,4.3188405,100,1747896300,3.942029
2025-05-22T06:52:48Z,0,29.938,73.3,63,67.4,6,4,175,79,0.0,255,32767,0.11,2090-9-18,0.0,0.52,26.6,0.0,0.0,0.0,0,4.822265625,6,45,05:40,20:21,2025-05-22 06:52:48.130798,Città della Scienza,77.0,10.214001,7.9345784,3.968877,5.6961455,EU EEA Common AQI,69.8,7.1201825,6.053641,7200,3.6231885,100,100,63.5,3.153623,Very Low,68.8,8.707128,100,1747896300,Very Low,3.1751015,8.540201,Very Low,5.27005,61.3,4.3188405,100,1747896300,3.942029
2025-05-22T06:52:59Z,0,29.938,73.3,63,67.4,5,4,173,79,0.0,255,32767,0.11,2090-9-18,0.0,0.52,26.6,0.0,0.0,0.0,0,4.822265625,6,45,05:40,20:21,2025-05-22 06:52:59.255818,Città della Scienza,77.0,10.214001,7.9345784,3.968877,5.6961455,EU EEA Common AQI,69.8,7.1201825,6.053641,7200,3.6231885,100,100,63.5,3.153623,Very Low,68.8,8.707128,100,1747896300,Very Low,3.1751015,8.540201,Very Low,5.27005,61.3,4.3188405,100,1747896300,3.942029
2025-05-22T06:53:10Z,0,29.938,73.3,63,67.4,4,4,170,79,0.0,255,32767,0.11,2090-9-18,0.0,0.52,26.6,0.0,0.0,0.0,0,4.822265625,6,45,05:40,20:21,2025-05-22 06:53:10.403804,Città della Scienza,77.0,10.214001,7.9345784,3.968877,5.6961455,EU EEA Common AQI,69.8,7.1201825,6.053641,7200,3.6231885,100,100,63.5,3.153623,Very Low,68.8,8.707128,100,1747896300,Very Low,3.1751015,8.540201,Very Low,5.27005,61.3,4.3188405,100,1747896300,3.942029
2025-05-22T06:53:21Z,0,29.938,73.3,63,67.4,6,4,175,79,0.0,255,32767,0.11,2090-9-18,0.0,0.52,26.6,0.0,0.0,0.0,0,4.822265625,6,45,05:40,20:21,2025-05-22 06:53:21.524783,Città della Scienza,77.0,10.214001,7.9345784,3.968877,5.6961455,EU EEA Common AQI,69.8,7.1201825,6.053641,7200,3.6231885,100,100,63.5,3.153623,Very Low,68.8,8.707128,100,1747896300,Very Low,3.1751015,8.540201,Very Low,5.27005,61.3,4.3188405,100,1747896300,3.942029
2025-05-22T06:53:32Z,0,29.938,73.3,63,67.3,6,4,173,79,0.0,255,32767,0.11,2090-9-18,0.0,0.52,26.6,0.0,0.0,0.0,0,4.822265625,6,45,05:40,20:21,2025-05-22 06:53:32.607790,Città della Scienza,77.0,10.214001,7.9345784,3.968877,5.6961455,EU EEA Common AQI,69.8,7.1201825,6.053641,7200,3.6231885,100,100,63.5,3.153623,Very Low,68.8,8.707128,100,1747896300,Very Low,3.1751015,8.540201,Very Low,5.27005,61.3,4.3188405,100,1747896300,3.942029
2025-05-22T06:53:43Z,0,29.936,73.4,63,67.3,4,4,166,79,0.0,255,32767,0.11,2090-9-18,0.0,0.52,26.6,0.0,0.0,0.0,0,4.822265625,6,45,05:40,20:21,2025-05-22 06:53:43.677803,Città della Scienza,77.0,10.214001,7.9345784,3.968877,5.6961455,EU EEA Common AQI,69.8,7.1201825,6.053641,7200,3.6231885,100,100,63.5,3.153623,Very Low,68.8,8.707128,100,1747896300,Very Low,3.1751015,8.540201,Very Low,5.27005,61.3,4.3188405,100,1747896300,3.942029
2025-05-22T06:53:54Z,0,29.936,73.4,63,67.3,5,4,168,79,0.0,255,32767,0.11,2090-9-18,0.0,0.52,26.6,0.0,0.0,0.0,0,4.822265625,6,45,05:40,20:21,2025-05-22 06:53:54.772790,Città della Scienza,77.0,10.214001,7.9345784,3.968877,5.6961455,EU EEA Common AQI,69.8,7.1201825,6.053641,7200,3.6231885,100,100,63.5,3.153623,Very Low,68.8,8.707128,100,1747896300,Very Low,3.1751015,8.540201,Very Low,5.27005,61.3,4.3188405,100,1747896300,3.942029
2025-05-22T06:54:06Z,0,29.936,73.4,63,67.4,5,4,169,79,0.0,255,32767,0.11,2090-9-18,0.0,0.52,26.6,0.0,0.0,0.0,0,4.822265625,6,45,05:40,20:21,2025-05-22 06:54:05.886796,Città della Scienza
2025-05-22T06:54:17Z,0,29.936,73.4,63,67.3,5,4,168,79,0.0,255,32767,0.11,2090-9-18,0.0,0.52,26.6,0.0,0.0,0.0,0,4.822265625,6,45,05:40,20:21,2025-05-22 06:54:16.980817,Città della Scienza
2025-05-22T06:54:28Z,0,29.936,73.4,63,67.4,6,4,163,79,0.0,255,32767,0.11,2090-9-18,0.0,0.52,26.6,0.0,0.0,0.0,0,4.822265625,6,45,05:40,20:21,2025-05-22 06:54:28.088804,Città della Scienza
2025-05-22T06:54:39Z,0,29.937,73.3,63,67.4,5,4,165,79,0.0,255,32767,0.11,2090-9-18,0.0,0.52,26.6,0.0,0.0,0.0,0,4.81640625,6,45,05:40,20:21,2025-05-22 06:54:39.179799,Città della Scienza
2025-05-22T06:54:50Z,0,29.937,73.3,63,67.3,5,4,156,79,0.0,255,32767,0.11,2090-9-18,0.0,0.52,26.6,0.0,0.0,0.0,0,4.81640625,6,45,05:40,20:21,2025-05-22 06:54:50.242798,Città della Scienza
2025-05-22T06:55:01Z,0,29.937,73.3,63,67.3,5,4,165,79,0.0,255,32767,0.11,2090-9-18,0.0,0.52,26.6,0.0,0.0,0.0,0,4.81640625,6,45,05:40,20:21,2025-05-22 06:55:01.328801,Città della Scienza
2025-05-22T06:55:12Z,0,29.937,73.3,63,67.3,4,4,188,79,0.0,255,32767,0.11,2090-9-18,0.0,0.52,26.6,0.0,0.0,0.0,0,4.81640625,6,45,05:40,20:21,2025-05-22 06:55:12.418943,Città della Scienza
2025-05-22T06:55:23Z,0,29.937,73.3,63,67.3,3,4,186,79,0.0,255,32767,0.11,2090-9-18,0.0,0.52,26.6,0.0,0.0,0.0,0,4.81640625,6,45,05:40,20:21,2025-05-22 06:55:23.522788,Città della Scienza
2025-05-22T06:55:34Z,0,29.936,73.4,63,67.3,3,4,179,79,0.0,255,32767,0.11,2090-9-18,0.0,0.52,26.6,0.0,0.0,0.0,0,4.822265625,6,45,05:40,20:21,2025-05-22 06:55:34.626809,Città della Scienza
2025-05-22T06:55:45Z,0,29.936,73.4,63,67.4,3,4,175,79,0.0,255,32767,0.11,2090-9-18,0.0,0.52,26.6,0.0,0.0,0.0,0,4.822265625,6,45,05:40,20:21,2025-05-22 06:55:45.742810,Città della Scienza
2025-05-22T06:56:10Z,0,29.936,73.4,63,67.3,2,4,165,80,0.0,255,32767,0.11,2090-9-18,0.0,0.52,26.6,0.0,0.0,0.0,0,4.822265625,6,45,05:40,20:21,2025-05-22 06:56:10.370810,Città della Scienza
2025-05-22T06:56:21Z,0,29.936,73.4,63,67.4,4,4,180,80,0.0,255,32767,0.11,2090-9-18,0.0,0.52,26.6,0.0,0.0,0.0,0,4.822265625,6,45,05:40,20:21,2025-05-22 06:56:21.460798,Città della Scienza
2025-05-22T06:56:32Z,0,29.936,73.4,63,67.3,4,4,171,80,0.0,255,32767,0.11,2090-9-18,0.0,0.52,26.6,0.0,0.0,0.0,0,4.822265625,6,45,05:40,20:21,2025-05-22 06:56:32.545790,Città della Scienza
2025-05-22T06:56:43Z,0,29.938,73.4,63,67.4,2,4,172,80,0.0,255,32767,0.11,2090-9-18,0.0,0.52,26.6,0.0,0.0,0.0,0,4.822265625,6,45,05:40,20:21,2025-05-22 06:56:43.615823,Città della Scienza
2025-05-22T06:56:54Z,0,29.938,73.4,63,67.4,5,4,195,80,0.0,255,32767,0.11,2090-9-18,0.0,0.52,26.6,0.0,0.0,0.0,0,4.822265625,6,45,05:40,20:21,2025-05-22 06:56:54.701793,Città della Scienza
2025-05-22T06:57:05Z,0,29.938,73.4,63,67.4,3,4,186,80,0.0,255,32767,0.11,2090-9-18,0.0,0.52,26.6,0.0,0.0,0.0,0,4.822265625,6,45,05:40,20:21,2025-05-22 06:57:05.785805,Città della Scienza
2025-05-22T06:57:17Z,0,29.938,73.4,63,67.4,1,4,209,80,0.0,255,32767,0.11,2090-9-18,0.0,0.52,26.6,0.0,0.0,0.0,0,4.822265625,6,45,05:40,20:21,2025-05-22 06:57:16.844794,Città della Scienza
2025-05-22T06:57:28Z,0,29.938,73.4,63,67.4,1,4,182,80,0.0,255,32767,0.11,2090-9-18,0.0,0.52,26.6,0.0,0.0,0.0,0,4.822265625,6,45,05:40,20:21,2025-05-22 06:57:27.953793,Città della Scienza
2025-05-22T06:57:39Z,0,29.936,73.4,63,67.4,2,4,176,80,0.0,255,32767,0.11,2090-9-18,0.0,0.52,26.6,0.0,0.0,0.0,0,4.822265625,6,45,05:40,20:21,2025-05-22 06:57:39.017810,Città della Scienza
2025-05-22T06:57:50Z,0,29.936,73.4,63,67.4,1,4,178,80,0.0,255,32767,0.11,2090-9-18,0.0,0.52,26.6,0.0,0.0,0.0,0,4.822265625,6,45,05:40,20:21,2025-05-22 06:57:50.103798,Città della Scienza
2025-05-22T06:58:01Z,0,29.936,73.4,63,67.4,1,4,144,80,0.0,255,32767,0.11,2090-9-18,0.0,0.52,26.6,0.0,0.0,0.0,0,4.822265625,6,45,05:40,20:21,2025-05-22 06:58:01.217792,Città della Scienza
2025-05-22T06:58:12Z,0,29.936,73.4,63,67.5,2,4,181,80,0.0,255,32767,0.11,2090-9-18,0.0,0.52,26.6,0.0,0.0,0.0,0,4.822265625,6,45,05:40,20:21,2025-05-22 06:58:12.371791,Città della Scienza
2025-05-22T06:58:23Z,0,29.936,73.4,63,67.5,1,4,184,80,0.0,255,32767,0.11,2090-9-18,0.0,0.52,26.6,0.0,0.0,0.0,0,4.822265625,6,45,05:40,20:21,2025-05-22 06:58:23.477790,Città della Scienza
2025-05-22T06:58:34Z,0,29.938,73.4,63,67.5,5,4,188,80,0.0,255,32767,0.11,2090-9-18,0.0,0.52,26.6,0.0,0.0,0.0,0,4.822265625,6,45,05:40,20:21,2025-05-22 06:58:34.625797,Città della Scienza
2025-05-22T06:58:45Z,0,29.938,73.4,63,67.6,3,4,185,80,0.0,255,32767,0.11,2090-9-18,0.0,0.52,26.6,0.0,0.0,0.0,0,4.822265625,6,45,05:40,20:21,2025-05-22 06:58:45.722801,Città della Scienza
2025-05-22T06:58:57Z,0,29.938,73.4,63,67.6,3,4,180,80,0.0,255,32767,0.11,2090-9-18,0.0,0.52,26.6,0.0,0.0,0.0,0,4.822265625,6,45,05:40,20:21,2025-05-22 06:58:56.802757,Città della Scienza
2025-05-22T06:59:08Z,0,29.938,73.4,63,67.6,2,4,153,80,0.0,255,32767,0.11,2090-9-18,0.0,0.52,26.6,0.0,0.0,0.0,0,4.822265625,6,45,05:40,20:21,2025-05-22 06:59:07.903794,Città della Scienza
2025-05-22T06:59:19Z,0,29.938,73.4,63,67.6,4,4,163,80,0.0,255,32767,0.11,2090-9-18,0.0,0.52,26.6,0.0,0.0,0.0,0,4.822265625,6,45,05:40,20:21,2025-05-22 06:59:19.012805,Città della Scienza
2025-05-22T06:59:30Z,0,29.938,73.4,63,67.6,2,4,162,80,0.0,255,32767,0.11,2090-9-18,0.0,0.52,26.6,0.0,0.0,0.0,0,4.822265625,6,45,05:40,20:21,2025-05-22 06:59:30.118804,Città della Scienza
2025-05-22T06:59:41Z,0,29.937,73.4,63,67.7,2,4,187,80,0.0,255,32767,0.11,2090-9-18,0.0,0.52,26.6,0.0,0.0,0.0,0,4.822265625,6,45,05:40,20:21,2025-05-22 06:59:41.186808,Città della Scienza
2025-05-22T06:59:52Z,0,29.937,73.4,63,67.7,1,4,182,80,0.0,255,32767,0.11,2090-9-18,0.0,0.52,26.6,0.0,0.0,0.0,0,4.822265625,6,45,05:40,20:21,2025-05-22 06:59:52.252791,Città della Scienza
2025-05-22T07:00:03Z,0,29.937,73.4,63,67.7,2,4,179,80,0.0,255,32767,0.11,2090-9-18,0.0,0.52,26.6,0.0,0.0,0.0,0,4.822265625,6,45,05:40,20:21,2025-05-22 07:00:03.347761,Città della Scienza,77.0,10.214001,7.9345784,3.968877,5.6961455,EU EEA Common AQI,69.8,7.1201825,6.053641,7200,3.6231885,100,100,63.5,3.153623,Very Low,68.8,8.707128,100,1747896300,Very Low,3.1751015,8.540201,Very Low,5.27005,61.3,4.3188405,100,1747896300,3.942029
2025-05-22T07:00:14Z,0,29.937,73.4,63,67.7,3,4,180,80,0.0,255,32767,0.11,2090-9-18,0.0,0.52,26.6,0.0,0.0,0.0,0,4.822265625,6,45,05:40,20:21,2025-05-22 07:00:14.478788,Città della Scienza,77.0,10.214001,7.9345784,3.968877,5.6961455,EU EEA Common AQI,69.8,7.1201825,6.053641,7200,3.6231885,100,100,63.5,3.153623,Very Low,68.8,8.707128,100,1747896300,Very Low,3.1751015,8.540201,Very Low,5.27005,61.3,4.3188405,100,1747896300,3.942029
2025-05-22T07:00:25Z,0,29.937,73.4,63,67.7,3,4,186,80,0.0,255,32767,0.11,2090-9-18,0.0,0.52,26.6,0.0,0.0,0.0,0,4.822265625,6,45,05:40,20:21,2025-05-22 07:00:25.610824,Città della Scienza,77.3,9.29861,7.9322534,3.9827669,5.143247,EU EEA Common AQI,70.3,6.429059,6.0606985,7200,2.642857,100,100,64.0,2.24,Very Low,69.2,7.818182,100,1747897200,Very Low,3.1862133,7.847089,Very Low,5.3372426,61.8,3.5714285,100,1747897200,2.8
2025-05-22T07:00:36Z,0,29.937,73.4,63,67.8,4,4,180,80,0.0,255,32767,0.11,2090-9-18,0.0,0.52,26.6,0.0,0.0,0.0,0,4.822265625,6,45,05:40,20:21,2025-05-22 07:00:36.704793,Città della Scienza,77.3,9.29861,7.9322534,3.9827669,5.143247,EU EEA Common AQI,70.3,6.429059,6.0606985,7200,2.642857,100,100,64.0,2.24,Very Low,69.2,7.818182,100,1747897200,Very Low,3.1862133,7.847089,Very Low,5.3372426,61.8,3.5714285,100,1747897200,2.8
2025-05-22T07:00:48Z,0,29.937,73.4,63,67.7,4,4,165,80,0.0,255,32767,0.11,2090-9-18,0.0,0.52,26.6,0.0,0.0,0.0,0,4.822265625,6,45,05:40,20:21,2025-05-22 07:00:47.812787,Città della Scienza,77.3,9.29861,7.9322534,3.9827669,5.143247,EU EEA Common AQI,70.3,6.429059,6.0606985,7200,2.642857,100,100,64.0,2.24,Very Low,69.2,7.818182,100,1747897200,Very Low,3.1862133,7.847089,Very Low,5.3372426,61.8,3.5714285,100,1747897200,2.8
2025-05-22T07:00:59Z,0,29.937,73.4,63,67.7,5,4,194,80,0.0,255,32767,0.11,2090-9-18,0.0,0.52,26.6,0.0,0.0,0.0,0,4.822265625,6,45,05:40,20:21,2025-05-22 07:00:58.956792,Città della Scienza,77.3,9.29861,7.9322534,3.9827669,5.143247,EU EEA Common AQI,70.3,6.429059,6.0606985,7200,2.642857,100,100,64.0,2.24,Very Low,69.2,7.818182,100,1747897200,Very Low,3.1862133,7.847089,Very Low,5.3372426,61.8,3.5714285,100,1747897200,2.8
2025-05-22T07:01:10Z,0,29.937,73.4,63,67.7,3,4,192,80,0.0,255,32767,0.11,2090-9-18,0.0,0.52,26.6,0.0,0.0,0.0,0,4.822265625,6,45,05:40,20:21,2025-05-22 07:01:10.057788,Città della Scienza,77.3,9.29861,7.9322534,3.9827669,5.143247,EU EEA Common AQI,70.3,6.429059,6.0606985,7200,2.642857,100,100,64.0,2.24,Very Low,69.2,7.818182,100,1747897200,Very Low,3.1862133,7.847089,Very Low,5.3372426,61.8,3.5714285,100,1747897200,2.8
2025-05-22T07:01:21Z,0,29.937,73.4,63,67.8,3,4,254,79,0.0,255,32767,0.11,2090-9-18,0.0,0.52,26.6,0.0,0.0,0.0,0,4.822265625,6,45,05:40,20:21,2025-05-22 07:01:21.173792,Città della Scienza,77.3,9.29861,7.9322534,3.9827669,5.143247,EU EEA Common AQI,70.3,6.429059,6.0606985,7200,2.642857,100,100,64.0,2.24,Very Low,69.2,7.818182,100,1747897200,Very Low,3.1862133,7.847089,Very Low,5.3372426,61.8,3.5714285,100,1747897200,2.8
2025-05-22T07:01:32Z,0,29.937,73.4,63,67.8,4,4,202,79,0.0,255,32767,0.11,2090-9-18,0.0,0.52,26.6,0.0,0.0,0.0,0,4.822265625,6,45,05:40,20:21,2025-05-22 07:01:32.258794,Città della Scienza,77.3,9.29861,7.9322534,3.9827669,5.143247,EU EEA Common AQI,70.3,6.429059,6.0606985,7200,2.642857,100,100,64.0,2.24,Very Low,69.2,7.818182,100,1747897200,Very Low,3.1862133,7.847089,Very Low,5.3372426,61.8,3.5714285,100,1747897200,2.8
2025-05-22T07:01:43Z,0,29.937,73.4,63,67.8,5,4,190,79,0.0,255,32767,0.11,2090-9-18,0.0,0.52,26.6,0.0,0.0,0.0,0,4.822265625,6,45,05:40,20:21,2025-05-22 07:01:43.372791,Città della Scienza,77.3,9.29861,7.9322534,3.9827669,5.143247,EU EEA Common AQI,70.3,6.429059,6.0606985,7200,2.642857,100,100,64.0,2.24,Very Low,69.2,7.818182,100,1747897200,Very Low,3.1862133,7.847089,Very Low,5.3372426,61.8,3.5714285,100,1747897200,2.8
2025-05-22T07:01:54Z,0,29.937,73.4,63,67.8,2,4,248,79,0.0,255,32767,0.11,2090-9-18,0.0,0.52,26.6,0.0,0.0,0.0,0,4.822265625,6,45,05:40,20:21,2025-05-22 07:01:54.495791,Città della Scienza,77.3,9.29861,7.9322534,3.9827669,5.143247,EU EEA Common AQI,70.3,6.429059,6.0606985,7200,2.642857,100,100,64.0,2.24,Very Low,69.2,7.818182,100,1747897200,Very Low,3.1862133,7.847089,Very Low,5.3372426,61.8,3.5714285,100,1747897200,2.8
2025-05-22T07:02:05Z,0,29.937,73.4,63,67.8,3,4,235,79,0.0,255,32767,0.11,2090-9-18,0.0,0.52,26.6,0.0,0.0,0.0,0,4.822265625,6,45,05:40,20:21,2025-05-22 07:02:05.573805,Città della Scienza,77.3,9.29861,7.9322534,3.9827669,5.143247,EU EEA Common AQI,70.3,6.429059,6.0606985,7200,2.642857,100,100,64.0,2.24,Very Low,69.2,7.818182,100,1747897200,Very Low,3.1862133,7.847089,Very Low,5.3372426,61.8,3.5714285,100,1747897200,2.8
2025-05-22T07:02:16Z,0,29.937,73.4,63,67.8,1,4,126,79,0.0,255,32767,0.11,2090-9-18,0.0,0.52,26.6,0.0,0.0,0.0,0,4.822265625,6,45,05:40,20:21,2025-05-22 07:02:16.708789,Città della Scienza,77.3,9.29861,7.9322534,3.9827669,5.143247,EU EEA Common AQI,70.3,6.429059,6.0606985,7200,2.642857,100,100,64.0,2.24,Very Low,69.2,7.818182,100,1747897200,Very Low,3.1862133,7.847089,Very Low,5.3372426,61.8,3.5714285,100,1747897200,2.8
2025-05-22T07:02:28Z,0,29.937,73.4,63,67.8,3,4,151,79,0.0,255,32767,0.11,2090-9-18,0.0,0.52,26.6,0.0,0.0,0.0,0,4.822265625,6,45,05:40,20:21,2025-05-22 07:02:27.817784,Città della Scienza,77.3,9.29861,7.9322534,3.9827669,5.143247,EU EEA Common AQI,70.3,6.429059,6.0606985,7200,2.642857,100,100,64.0,2.24,Very Low,69.2,7.818182,100,1747897200,Very Low,3.1862133,7.847089,Very Low,5.3372426,61.8,3.5714285,100,1747897200,2.8
2025-05-22T07:02:39Z,0,29.937,73.4,63,67.8,2,3,175,79,0.0,255,32767,0.11,2090-9-18,0.0,0.52,26.6,0.0,0.0,0.0,0,4.822265625,6,45,05:40,20:21,2025-05-22 07:02:38.913796,Città della Scienza,77.3,9.29861,7.9322534,3.9827669,5.143247,EU EEA Common AQI,70.3,6.429059,6.0606985,7200,2.642857,100,100,64.0,2.24,Very Low,69.2,7.818182,100,1747897200,Very Low,3.1862133,7.847089,Very Low,5.3372426,61.8,3.5714285,100,1747897200,2.8
2025-05-22T07:02:50Z,0,29.937,73.4,63,67.9,5,3,196,79,0.0,255,32767,0.11,2090-9-18,0.0,0.52,26.6,0.0,0.0,0.0,0,4.822265625,6,45,05:40,20:21,2025-05-22 07:02:49.999791,Città della Scienza,77.3,9.29861,7.9322534,3.9827669,5.143247,EU EEA Common AQI,70.3,6.429059,6.0606985,7200,2.642857,100,100,64.0,2.24,Very Low,69.2,7.818182,100,1747897200,Very Low,3.1862133,7.847089,Very Low,5.3372426,61.8,3.5714285,100,1747897200,2.8
2025-05-22T07:03:01Z,0,29.937,73.4,63,67.9,3,3,209,79,0.0,255,32767,0.11,2090-9-18,0.0,0.52,26.6,0.0,0.0,0.0,0,4.822265625,6,45,05:40,20:21,2025-05-22 07:03:01.116797,Città della Scienza,77.3,9.29861,7.9322534,3.9827669,5.143247,EU EEA Common AQI,70.3,6.429059,6.0606985,7200,2.642857,100,100,64.0,2.24,Very Low,69.2,7.818182,100,1747897200,Very Low,3.1862133,7.847089,Very Low,5.3372426,61.8,3.5714285,100,1747897200,2.8
2025-05-22T07:03:12Z,0,29.937,73.4,63,67.9,7,3,171,79,0.0,255,32767,0.11,2090-9-18,0.0,0.52,26.6,0.0,0.0,0.0,0,4.822265625,6,45,05:40,20:21,2025-05-22 07:03:12.201800,Città della Scienza,77.3,9.29861,7.9322534,3.9827669,5.143247,EU EEA Common AQI,70.3,6.429059,6.0606985,7200,2.642857,100,100,64.0,2.24,Very Low,69.2,7.818182,100,1747897200,Very Low,3.1862133,7.847089,Very Low,5.3372426,61.8,3.5714285,100,1747897200,2.8
2025-05-22T07:03:23Z,0,29.937,73.4,63,67.9,5,3,198,79,0.0,255,32767,0.11,2090-9-18,0.0,0.52,26.6,0.0,0.0,0.0,0,4.822265625,6,45,05:40,20:21,2025-05-22 07:03:23.274220,Città della Scienza,77.3,9.29861,7.9322534,3.9827669,5.143247,EU EEA Common AQI,70.3,6.429059,6.0606985,7200,2.642857,100,100,64.0,2.24,Very Low,69.2,7.818182,100,1747897200,Very Low,3.1862133,7.847089,Very Low,5.3372426,61.8,3.5714285,100,1747897200,2.8
2025-05-22T07:03:34Z,0,29.937,73.4,63,67.9,3,3,181,79,0.0,255,32767,0.11,2090-9-18,0.0,0.52,26.6,0.0,0.0,0.0,0,4.822265625,6,45,05:40,20:21,2025-05-22 07:03:34.359801,Città della Scienza,77.3,9.29861,7.9322534,3.9827669,5.143247,EU EEA Common AQI,70.3,6.429059,6.0606985,7200,2.642857,100,100,64.0,2.24,Very Low,69.2,7.818182,100,1747897200,Very Low,3.1862133,7.847089,Very Low,5.3372426,61.8,3.5714285,100,1747897200,2.8
2025-05-22T07:03:45Z,0,29.937,73.4,63,67.9,2,3,281,79,0.0,255,32767,0.11,2090-9-18,0.0,0.52,26.6,0.0,0.0,0.0,0,4.822265625,6,45,05:40,20:21,2025-05-22 07:03:45.465798,Città della Scienza,77.3,9.29861,7.9322534,3.9827669,5.143247,EU EEA Common AQI,70.3,6.429059,6.0606985,7200,2.642857,100,100,64.0,2.24,Very Low,69.2,7.818182,100,1747897200,Very Low,3.1862133,7.847089,Very Low,5.3372426,61.8,3.5714285,100,1747897200,2.8
2025-05-22T07:03:56Z,0,29.937,73.4,63,67.9,6,3,192,79,0.0,255,32767,0.11,2090-9-18,0.0,0.52,26.6,0.0,0.0,0.0,0,4.822265625,6,45,05:40,20:21,2025-05-22 07:03:56.540800,Città della Scienza,77.3,9.29861,7.9322534,3.9827669,5.143247,EU EEA Common AQI,70.3,6.429059,6.0606985,7200,2.642857,100,100,64.0,2.24,Very Low,69.2,7.818182,100,1747897200,Very Low,3.1862133,7.847089,Very Low,5.3372426,61.8,3.5714285,100,1747897200,2.8
2025-05-22T07:04:07Z,0,29.937,73.4,63,67.9,7,3,182,79,0.0,255,32767,0.11,2090-9-18,0.0,0.52,26.6,0.0,0.0,0.0,0,4.822265625,6,45,05:40,20:21,2025-05-22 07:04:07.646792,Città della Scienza,77.3,9.29861,7.9322534,3.9827669,5.143247,EU EEA Common AQI,70.3,6.429059,6.0606985,7200,2.642857,100,100,64.0,2.24,Very Low,69.2,7.818182,100,1747897200,Very Low,3.1862133,7.847089,Very Low,5.3372426,61.8,3.5714285,100,1747897200,2.8
2025-05-22T07:04:18Z,0,29.937,73.4,63,67.9,6,3,182,79,0.0,255,32767,0.11,2090-9-18,0.0,0.52,26.6,0.0,0.0,0.0,0,4.822265625,6,45,05:40,20:21,2025-05-22 07:04:18.774785,Città della Scienza,77.3,9.29861,7.9322534,3.9827669,5.143247,EU EEA Common AQI,70.3,6.429059,6.0606985,7200,2.642857,100,100,64.0,2.24,Very Low,69.2,7.818182,100,1747897200,Very Low,3.1862133,7.847089,Very Low,5.3372426,61.8,3.5714285,100,1747897200,2.8
2025-05-22T07:04:30Z,0,29.937,73.4,63,67.9,7,3,182,79,0.0,255,32767,0.11,2090-9-18,0.0,0.52,26.6,0.0,0.0,0.0,0,4.822265625,6,45,05:40,20:21,2025-05-22 07:04:29.876813,Città della Scienza,77.3,9.29861,7.9322534,3.9827669,5.143247,EU EEA Common AQI,70.3,6.429059,6.0606985,7200,2.642857,100,100,64.0,2.24,Very Low,69.2,7.818182,100,1747897200,Very Low,3.1862133,7.847089,Very Low,5.3372426,61.8,3.5714285,100,1747897200,2.8
2025-05-22T07:04:41Z,0,29.937,73.5,63,67.9,4,3,181,79,0.0,255,32767,0.11,2090-9-18,0.0,0.52,26.6,0.0,0.0,0.0,0,4.822265625,6,45,05:40,20:21,2025-05-22 07:04:40.992795,Città della Scienza,77.3,9.29861,7.9322534,3.9827669,5.143247,EU EEA Common AQI,70.3,6.429059,6.0606985,7200,2.642857,100,100,64.0,2.24,Very Low,69.2,7.818182,100,1747897200,Very Low,3.1862133,7.847089,Very Low,5.3372426,61.8,3.5714285,100,1747897200,2.8
2025-05-22T07:04:52Z,0,29.937,73.5,63,67.9,5,3,200,79,0.0,255,32767,0.11,2090-9-18,0.0,0.52,26.6,0.0,0.0,0.0,0,4.822265625,6,45,05:40,20:21,2025-05-22 07:04:52.420791,Città della Scienza,77.3,9.29861,7.9322534,3.9827669,5.143247,EU EEA Common AQI,70.3,6.429059,6.0606985,7200,2.642857,100,100,64.0,2.24,Very Low,69.2,7.818182,100,1747897200,Very Low,3.1862133,7.847089,Very Low,5.3372426,61.8,3.5714285,100,1747897200,2.8
2025-05-22T07:05:03Z,0,29.937,73.5,63,67.8,4,3,257,79,0.0,255,32767,0.11,2090-9-18,0.0,0.52,26.6,0.0,0.0,0.0,0,4.822265625,6,45,05:40,20:21,2025-05-22 07:05:03.514794,Città della Scienza,77.3,9.29861,7.9322534,3.9827669,5.143247,EU EEA Common AQI,70.3,6.429059,6.0606985,7200,2.642857,100,100,64.0,2.24,Very Low,69.2,7.818182,100,1747897200,Very Low,3.1862133,7.847089,Very Low,5.3372426,61.8,3.5714285,100,1747897200,2.8
2025-05-22T07:05:14Z,0,29.937,73.5,63,67.8,7,3,175,79,0.0,255,32767,0.11,2090-9-18,0.0,0.52,26.6,0.0,0.0,0.0,0,4.822265625,6,45,05:40,20:21,2025-05-22 07:05:14.635797,Città della Scienza,77.3,9.29861,7.9322534,3.9827669,5.143247,EU EEA Common AQI,70.3,6.429059,6.0606985,7200,2.642857,100,100,64.0,2.24,Very Low,69.2,7.818182,100,1747897200,Very Low,3.1862133,7.847089,Very Low,5.3372426,61.8,3.5714285,100,1747897200,2.8
2025-05-22T07:05:25Z,0,29.937,73.5,63,67.8,5,3,196,79,0.0,255,32767,0.11,2090-9-18,0.0,0.52,26.6,0.0,0.0,0.0,0,4.822265625,6,45,05:40,20:21,2025-05-22 07:05:25.746761,Città della Scienza,77.3,9.29861,7.9322534,3.9827669,5.143247,EU EEA Common AQI,70.3,6.429059,6.0606985,7200,2.642857,100,100,64.0,2.24,Very Low,69.2,7.818182,100,1747897200,Very Low,3.1862133,7.847089,Very Low,5.3372426,61.8,3.5714285,100,1747897200,2.8
2025-05-22T07:05:37Z,0,29.939,73.4,63,67.8,3,4,240,79,0.0,255,32767,0.11,2090-9-18,0.0,0.52,26.6,0.0,0.0,0.0,0,4.822265625,6,45,05:40,20:21,2025-05-22 07:05:36.835811,Città della Scienza,77.3,9.29861,7.9322534,3.9827669,5.143247,EU EEA Common AQI,70.3,6.429059,6.0606985,7200,2.642857,100,100,64.0,2.24,Very Low,69.2,7.818182,100,1747897200,Very Low,3.1862133,7.847089,Very Low,5.3372426,61.8,3.5714285,100,1747897200,2.8
2025-05-22T07:05:48Z,0,29.939,73.4,63,67.8,6,4,186,79,0.0,255,32767,0.11,2090-9-18,0.0,0.52,26.6,0.0,0.0,0.0,0,4.822265625,6,45,05:40,20:21,2025-05-22 07:05:47.941796,Città della Scienza,77.3,9.29861,7.9322534,3.9827669,5.143247,EU EEA Common AQI,70.3,6.429059,6.0606985,7200,2.642857,100,100,64.0,2.24,Very Low,69.2,7.818182,100,1747897200,Very Low,3.1862133,7.847089,Very Low,5.3372426,61.8,3.5714285,100,1747897200,2.8
2025-05-22T07:05:59Z,0,29.939,73.4,63,67.8,5,4,214,79,0.0,255,32767,0.11,2090-9-18,0.0,0.52,26.6,0.0,0.0,0.0,0,4.822265625,6,45,05:40,20:21,2025-05-22 07:05:59.043789,Città della Scienza,77.3,9.29861,7.9322534,3.9827669,5.143247,EU EEA Common AQI,70.3,6.429059,6.0606985,7200,2.642857,100,100,64.0,2.24,Very Low,69.2,7.818182,100,1747897200,Very Low,3.1862133,7.847089,Very Low,5.3372426,61.8,3.5714285,100,1747897200,2.8
2025-05-22T07:06:10Z,0,29.939,73.4,63,67.8,4,4,184,79,0.0,255,32767,0.11,2090-9-18,0.0,0.52,26.6,0.0,0.0,0.0,0,4.822265625,6,45,05:40,20:21,2025-05-22 07:06:10.168804,Città della Scienza,77.3,9.29861,7.9322534,3.9827669,5.143247,EU EEA Common AQI,70.3,6.429059,6.0606985,7200,2.642857,100,100,64.0,2.24,Very Low,69.2,7.818182,100,1747897200,Very Low,3.1862133,7.847089,Very Low,5.3372426,61.8,3.5714285,100,1747897200,2.8
2025-05-22T07:06:21Z,0,29.939,73.4,63,67.8,6,4,213,79,0.0,255,32767,0.11,2090-9-18,0.0,0.52,26.6,0.0,0.0,0.0,0,4.822265625,6,45,05:40,20:21,2025-05-22 07:06:21.296786,Città della Scienza,77.3,9.29861,7.9322534,3.9827669,5.143247,EU EEA Common AQI,70.3,6.429059,6.0606985,7200,2.642857,100,100,64.0,2.24,Very Low,69.2,7.818182,100,1747897200,Very Low,3.1862133,7.847089,Very Low,5.3372426,61.8,3.5714285,100,1747897200,2.8
2025-05-22T07:06:32Z,0,29.939,73.4,63,67.8,2,4,272,79,0.0,255,32767,0.11,2090-9-18,0.0,0.52,26.6,0.0,0.0,0.0,0,4.822265625,6,45,05:40,20:21,2025-05-22 07:06:32.382762,Città della Scienza,77.3,9.29861,7.9322534,3.9827669,5.143247,EU EEA Common AQI,70.3,6.429059,6.0606985,7200,2.642857,100,100,64.0,2.24,Very Low,69.2,7.818182,100,1747897200,Very Low,3.1862133,7.847089,Very Low,5.3372426,61.8,3.5714285,100,1747897200,2.8
2025-05-22T07:06:43Z,0,29.938,73.5,63,67.8,3,4,186,79,0.0,255,32767,0.11,2090-9-18,0.0,0.52,26.6,0.0,0.0,0.0,0,4.822265625,6,45,05:40,20:21,2025-05-22 07:06:43.515796,Città della Scienza,77.3,9.29861,7.9322534,3.9827669,5.143247,EU EEA Common AQI,70.3,6.429059,6.0606985,7200,2.642857,100,100,64.0,2.24,Very Low,69.2,7.818182,100,1747897200,Very Low,3.1862133,7.847089,Very Low,5.3372426,61.8,3.5714285,100,1747897200,2.8
2025-05-22T07:06:54Z,0,29.938,73.5,63,67.8,2,4,222,79,0.0,255,32767,0.11,2090-9-18,0.0,0.52,26.6,0.0,0.0,0.0,0,4.822265625,6,45,05:40,20:21,2025-05-22 07:06:54.636761,Città della Scienza,77.3,9.29861,7.9322534,3.9827669,5.143247,EU EEA Common AQI,70.3,6.429059,6.0606985,7200,2.642857,100,100,64.0,2.24,Very Low,69.2,7.818182,100,1747897200,Very Low,3.1862133,7.847089,Very Low,5.3372426,61.8,3.5714285,100,1747897200,2.8
2025-05-22T07:07:05Z,0,29.938,73.5,63,67.8,4,4,180,79,0.0,255,32767,0.11,2090-9-18,0.0,0.52,26.6,0.0,0.0,0.0,0,4.822265625,6,45,05:40,20:21,2025-05-22 07:07:05.768762,Città della Scienza,77.3,9.29861,7.9322534,3.9827669,5.143247,EU EEA Common AQI,70.3,6.429059,6.0606985,7200,2.642857,100,100,64.0,2.24,Very Low,69.2,7.818182,100,1747897200,Very Low,3.1862133,7.847089,Very Low,5.3372426,61.8,3.5714285,100,1747897200,2.8
2025-05-22T07:07:17Z,0,29.938,73.5,63,67.8,4,4,193,79,0.0,255,32767,0.11,2090-9-18,0.0,0.52,26.6,0.0,0.0,0.0,0,4.822265625,6,45,05:40,20:21,2025-05-22 07:07:16.859788,Città della Scienza,77.3,9.29861,7.9322534,3.9827669,5.143247,EU EEA Common AQI,70.3,6.429059,6.0606985,7200,2.642857,100,100,64.0,2.24,Very Low,69.2,7.818182,100,1747897200,Very Low,3.1862133,7.847089,Very Low,5.3372426,61.8,3.5714285,100,1747897200,2.8
2025-05-22T07:07:28Z,0,29.938,73.5,63,67.8,2,4,223,79,0.0,255,32767,0.11,2090-9-18,0.0,0.52,26.6,0.0,0.0,0.0,0,4.822265625,6,45,05:40,20:21,2025-05-22 07:07:27.977791,Città della Scienza,77.3,9.29861,7.9322534,3.9827669,5.143247,EU EEA Common AQI,70.3,6.429059,6.0606985,7200,2.642857,100,100,64.0,2.24,Very Low,69.2,7.818182,100,1747897200,Very Low,3.1862133,7.847089,Very Low,5.3372426,61.8,3.5714285,100,1747897200,2.8
2025-05-22T07:07:39Z,0,29.939,73.5,63,67.8,5,4,173,79,0.0,255,32767,0.11,2090-9-18,0.0,0.52,26.6,0.0,0.0,0.0,0,4.822265625,6,45,05:40,20:21,2025-05-22 07:07:39.105810,Città della Scienza,77.3,9.29861,7.9322534,3.9827669,5.143247,EU EEA Common AQI,70.3,6.429059,6.0606985,7200,2.642857,100,100,64.0,2.24,Very Low,69.2,7.818182,100,1747897200,Very Low,3.1862133,7.847089,Very Low,5.3372426,61.8,3.5714285,100,1747897200,2.8
2025-05-22T07:07:50Z,0,29.939,73.5,63,67.8,2,4,222,79,0.0,255,32767,0.11,2090-9-18,0.0,0.52,26.6,0.0,0.0,0.0,0,4.822265625,6,45,05:40,20:21,2025-05-22 07:07:50.224788,Città della Scienza,77.3,9.29861,7.9322534,3.9827669,5.143247,EU EEA Common AQI,70.3,6.429059,6.0606985,7200,2.642857,100,100,64.0,2.24,Very Low,69.2,7.818182,100,1747897200,Very Low,3.1862133,7.847089,Very Low,5.3372426,61.8,3.5714285,100,1747897200,2.8
2025-05-22T07:08:01Z,0,29.939,73.5,63,67.9,5,4,194,79,0.0,255,32767,0.11,2090-9-18,0.0,0.52,26.6,0.0,0.0,0.0,0,4.822265625,6,45,05:40,20:21,2025-05-22 07:08:01.310799,Città della Scienza,77.3,9.29861,7.9322534,3.9827669,5.143247,EU EEA Common AQI,70.3,6.429059,6.0606985,7200,2.642857,100,100,64.0,2.24,Very Low,69.2,7.818182,100,1747897200,Very Low,3.1862133,7.847089,Very Low,5.3372426,61.8,3.5714285,100,1747897200,2.8
2025-05-22T07:08:12Z,0,29.939,73.5,63,67.8,5,4,171,79,0.0,255,32767,0.11,2090-9-18,0.0,0.52,26.6,0.0,0.0,0.0,0,4.822265625,6,45,05:40,20:21,2025-05-22 07:08:12.434785,Città della Scienza,77.3,9.29861,7.9322534,3.9827669,5.143247,EU EEA Common AQI,70.3,6.429059,6.0606985,7200,2.642857,100,100,64.0,2.24,Very Low,69.2,7.818182,100,1747897200,Very Low,3.1862133,7.847089,Very Low,5.3372426,61.8,3.5714285,100,1747897200,2.8
2025-05-22T07:08:23Z,0,29.939,73.5,63,67.9,6,4,155,79,0.0,255,32767,0.11,2090-9-18,0.0,0.52,26.6,0.0,0.0,0.0,0,4.822265625,6,45,05:40,20:21,2025-05-22 07:08:23.532805,Città della Scienza,77.3,9.29861,7.9322534,3.9827669,5.143247,EU EEA Common AQI,70.3,6.429059,6.0606985,7200,2.642857,100,100,64.0,2.24,Very Low,69.2,7.818182,100,1747897200,Very Low,3.1862133,7.847089,Very Low,5.3372426,61.8,3.5714285,100,1747897200,2.8
2025-05-22T07:08:34Z,0,29.94,73.5,63,67.9,5,4,201,79,0.0,255,32767,0.11,2090-9-18,0.0,0.52,26.6,0.0,0.0,0.0,0,4.822265625,6,45,05:40,20:21,2025-05-22 07:08:34.638812,Città della Scienza,77.3,9.29861,7.9322534,3.9827669,5.143247,EU EEA Common AQI,70.3,6.429059,6.0606985,7200,2.642857,100,100,64.0,2.24,Very Low,69.2,7.818182,100,1747897200,Very Low,3.1862133,7.847089,Very Low,5.3372426,61.8,3.5714285,100,1747897200,2.8
2025-05-22T07:08:45Z,0,29.94,73.5,63,67.9,3,4,157,79,0.0,255,32767,0.11,2090-9-18,0.0,0.52,26.6,0.0,0.0,0.0,0,4.822265625,6,45,05:40,20:21,2025-05-22 07:08:45.748798,Città della Scienza,77.3,9.29861,7.9322534,3.9827669,5.143247,EU EEA Common AQI,70.3,6.429059,6.0606985,7200,2.642857,100,100,64.0,2.24,Very Low,69.2,7.818182,100,1747897200,Very Low,3.1862133,7.847089,Very Low,5.3372426,61.8,3.5714285,100,1747897200,2.8
2025-05-22T07:08:57Z,0,29.94,73.5,63,67.9,2,4,134,79,0.0,255,32767,0.11,2090-9-18,0.0,0.52,26.6,0.0,0.0,0.0,0,4.822265625,6,45,05:40,20:21,2025-05-22 07:08:56.873815,Città della Scienza,77.3,9.29861,7.9322534,3.9827669,5.143247,EU EEA Common AQI,70.3,6.429059,6.0606985,7200,2.642857,100,100,64.0,2.24,Very Low,69.2,7.818182,100,1747897200,Very Low,3.1862133,7.847089,Very Low,5.3372426,61.8,3.5714285,100,1747897200,2.8
2025-05-22T07:09:08Z,0,29.94,73.5,63,67.9,6,4,156,79,0.0,255,32767,0.11,2090-9-18,0.0,0.52,26.6,0.0,0.0,0.0,0,4.822265625,6,45,05:40,20:21,2025-05-22 07:09:08.032790,Città della Scienza,77.3,9.29861,7.9322534,3.9827669,5.143247,EU EEA Common AQI,70.3,6.429059,6.0606985,7200,2.642857,100,100,64.0,2.24,Very Low,69.2,7.818182,100,1747897200,Very Low,3.1862133,7.847089,Very Low,5.3372426,61.8,3.5714285,100,1747897200,2.8
2025-05-22T07:09:19Z,0,29.94,73.5,63,67.9,6,4,148,79,0.0,255,32767,0.11,2090-9-18,0.0,0.52,26.6,0.0,0.0,0.0,0,4.822265625,6,45,05:40,20:21,2025-05-22 07:09:19.128783,Città della Scienza,77.3,9.29861,7.9322534,3.9827669,5.143247,EU EEA Common AQI,70.3,6.429059,6.0606985,7200,2.642857,100,100,64.0,2.24,Very Low,69.2,7.818182,100,1747897200,Very Low,3.1862133,7.847089,Very Low,5.3372426,61.8,3.5714285,100,1747897200,2.8
2025-05-22T07:09:30Z,0,29.94,73.5,63,67.9,6,4,157,79,0.0,255,32767,0.11,2090-9-18,0.0,0.52,26.6,0.0,0.0,0.0,0,4.822265625,6,45,05:40,20:21,2025-05-22 07:09:30.243789,Città della Scienza,77.3,9.29861,7.9322534,3.9827669,5.143247,EU EEA Common AQI,70.3,6.429059,6.0606985,7200,2.642857,100,100,64.0,2.24,Very Low,69.2,7.818182,100,1747897200,Very Low,3.1862133,7.847089,Very Low,5.3372426,61.8,3.5714285,100,1747897200,2.8
2025-05-22T07:09:41Z,0,29.939,73.5,63,67.9,2,4,170,79,0.0,255,32767,0.11,2090-9-18,0.0,0.52,26.6,0.0,0.0,0.0,0,4.822265625,6,45,05:40,20:21,2025-05-22 07:09:41.359798,Città della Scienza,77.3,9.29861,7.9322534,3.9827669,5.143247,EU EEA Common AQI,70.3,6.429059,6.0606985,7200,2.642857,100,100,64.0,2.24,Very Low,69.2,7.818182,100,1747897200,Very Low,3.1862133,7.847089,Very Low,5.3372426,61.8,3.5714285,100,1747897200,2.8
2025-05-22T07:09:52Z,0,29.939,73.5,63,67.9,2,4,189,79,0.0,255,32767,0.11,2090-9-18,0.0,0.52,26.6,0.0,0.0,0.0,0,4.822265625,6,45,05:40,20:21,2025-05-22 07:09:52.457806,Città della Scienza,77.3,9.29861,7.9322534,3.9827669,5.143247,EU EEA Common AQI,70.3,6.429059,6.0606985,7200,2.642857,100,100,64.0,2.24,Very Low,69.2,7.818182,100,1747897200,Very Low,3.1862133,7.847089,Very Low,5.3372426,61.8,3.5714285,100,1747897200,2.8
2025-05-22T07:10:03Z,0,29.939,73.5,63,67.9,5,4,191,79,0.0,255,32767,0.11,2090-9-18,0.0,0.52,26.6,0.0,0.0,0.0,0,4.822265625,6,45,05:40,20:21,2025-05-22 07:10:03.569811,Città della Scienza,77.3,9.29861,7.9322534,3.9827669,5.143247,EU EEA Common AQI,70.3,6.429059,6.0606985,7200,2.642857,100,100,64.0,2.24,Very Low,69.2,7.818182,100,1747897200,Very Low,3.1862133,7.847089,Very Low,5.3372426,61.8,3.5714285,100,1747897200,2.8
2025-05-22T07:10:14Z,0,29.939,73.5,63,67.9,4,4,186,79,0.0,255,32767,0.11,2090-9-18,0.0,0.52,26.6,0.0,0.0,0.0,0,4.822265625,6,45,05:40,20:21,2025-05-22 07:10:14.687792,Città della Scienza,77.3,9.29861,7.9322534,3.9827669,5.143247,EU EEA Common AQI,70.3,6.429059,6.0606985,7200,2.642857,100,100,64.0,2.24,Very Low,69.2,7.818182,100,1747897200,Very Low,3.1862133,7.847089,Very Low,5.3372426,61.8,3.5714285,100,1747897200,2.8
2025-05-22T07:10:26Z,0,29.939,73.5,63,67.9,3,4,182,79,0.0,255,32767,0.11,2090-9-18,0.0,0.52,26.6,0.0,0.0,0.0,0,4.822265625,6,45,05:40,20:21,2025-05-22 07:10:25.837786,Città della Scienza,77.3,9.29861,7.9322534,3.9827669,5.143247,EU EEA Common AQI,70.3,6.429059,6.0606985,7200,2.642857,100,100,64.0,2.24,Very Low,69.2,7.818182,100,1747897200,Very Low,3.1862133,7.847089,Very Low,5.3372426,61.8,3.5714285,100,1747897200,2.8
2025-05-22T07:10:37Z,0,29.938,73.5,63,67.9,3,4,178,79,0.0,255,32767,0.11,2090-9-18,0.0,0.52,26.6,0.0,0.0,0.0,0,4.822265625,6,45,05:40,20:21,2025-05-22 07:10:36.941813,Città della Scienza,77.3,9.29861,7.9322534,3.9827669,5.143247,EU EEA Common AQI,70.3,6.429059,6.0606985,7200,2.642857,100,100,64.0,2.24,Very Low,69.2,7.818182,100,1747897200,Very Low,3.1862133,7.847089,Very Low,5.3372426,61.8,3.5714285,100,1747897200,2.8
2025-05-22T07:10:48Z,0,29.938,73.5,63,67.9,4,4,193,79,0.0,255,32767,0.11,2090-9-18,0.0,0.52,26.6,0.0,0.0,0.0,0,4.822265625,6,45,05:40,20:21,2025-05-22 07:10:48.042797,Città della Scienza,77.3,9.29861,7.9322534,3.9827669,5.143247,EU EEA Common AQI,70.3,6.429059,6.0606985,7200,2.642857,100,100,64.0,2.24,Very Low,69.2,7.818182,100,1747897200,Very Low,3.1862133,7.847089,Very Low,5.3372426,61.8,3.5714285,100,1747897200,2.8
2025-05-22T07:10:59Z,0,29.938,73.5,63,67.9,3,4,207,79,0.0,255,32767,0.11,2090-9-18,0.0,0.52,26.6,0.0,0.0,0.0,0,4.822265625,6,45,05:40,20:21,2025-05-22 07:10:59.166808,Città della Scienza,77.3,9.29861,7.9322534,3.9827669,5.143247,EU EEA Common AQI,70.3,6.429059,6.0606985,7200,2.642857,100,100,64.0,2.24,Very Low,69.2,7.818182,100,1747897200,Very Low,3.1862133,7.847089,Very Low,5.3372426,61.8,3.5714285,100,1747897200,2.8
2025-05-22T07:11:10Z,0,29.938,73.5,63,67.9,5,4,196,79,0.0,255,32767,0.11,2090-9-18,0.0,0.52,26.6,0.0,0.0,0.0,0,4.822265625,6,45,05:40,20:21,2025-05-22 07:11:10.240794,Città della Scienza,77.3,9.29861,7.9322534,3.9827669,5.143247,EU EEA Common AQI,70.3,6.429059,6.0606985,7200,2.642857,100,100,64.0,2.24,Very Low,69.2,7.818182,100,1747897200,Very Low,3.1862133,7.847089,Very Low,5.3372426,61.8,3.5714285,100,1747897200,2.8
2025-05-22T07:11:21Z,0,29.938,73.5,63,67.9,2,4,153,79,0.0,255,32767,0.11,2090-9-18,0.0,0.52,26.6,0.0,0.0,0.0,0,4.822265625,6,45,05:40,20:21,2025-05-22 07:11:21.383803,Città della Scienza,77.3,9.29861,7.9322534,3.9827669,5.143247,EU EEA Common AQI,70.3,6.429059,6.0606985,7200,2.642857,100,100,64.0,2.24,Very Low,69.2,7.818182,100,1747897200,Very Low,3.1862133,7.847089,Very Low,5.3372426,61.8,3.5714285,100,1747897200,2.8
2025-05-22T07:11:32Z,0,29.938,73.5,63,67.9,1,4,219,79,0.0,255,32767,0.11,2090-9-18,0.0,0.52,26.6,0.0,0.0,0.0,0,4.822265625,6,45,05:40,20:21,2025-05-22 07:11:32.476793,Città della Scienza,77.3,9.29861,7.9322534,3.9827669,5.143247,EU EEA Common AQI,70.3,6.429059,6.0606985,7200,2.642857,100,100,64.0,2.24,Very Low,69.2,7.818182,100,1747897200,Very Low,3.1862133,7.847089,Very Low,5.3372426,61.8,3.5714285,100,1747897200,2.8
2025-05-22T07:11:43Z,0,29.938,73.5,63,67.9,3,4,182,79,0.0,255,32767,0.11,2090-9-18,0.0,0.52,26.6,0.0,0.0,0.0,0,4.822265625,6,45,05:40,20:21,2025-05-22 07:11:43.610796,Città della Scienza,77.3,9.29861,7.9322534,3.9827669,5.143247,EU EEA Common AQI,70.3,6.429059,6.0606985,7200,2.642857,100,100,64.0,2.24,Very Low,69.2,7.818182,100,1747897200,Very Low,3.1862133,7.847089,Very Low,5.3372426,61.8,3.5714285,100,1747897200,2.8
2025-05-22T07:11:54Z,0,29.938,73.5,63,67.9,2,4,196,79,0.0,255,32767,0.11,2090-9-18,0.0,0.52,26.6,0.0,0.0,0.0,0,4.822265625,6,45,05:40,20:21,2025-05-22 07:11:54.713792,Città della Scienza,77.3,9.29861,7.9322534,3.9827669,5.143247,EU EEA Common AQI,70.3,6.429059,6.0606985,7200,2.642857,100,100,64.0,2.24,Very Low,69.2,7.818182,100,1747897200,Very Low,3.1862133,7.847089,Very Low,5.3372426,61.8,3.5714285,100,1747897200,2.8
2025-05-22T07:12:06Z,0,29.938,73.5,63,67.9,4,4,202,79,0.0,255,32767,0.11,2090-9-18,0.0,0.52,26.6,0.0,0.0,0.0,0,4.822265625,6,45,05:40,20:21,2025-05-22 07:12:05.804807,Città della Scienza,77.3,9.29861,7.9322534,3.9827669,5.143247,EU EEA Common AQI,70.3,6.429059,6.0606985,7200,2.642857,100,100,64.0,2.24,Very Low,69.2,7.818182,100,1747897200,Very Low,3.1862133,7.847089,Very Low,5.3372426,61.8,3.5714285,100,1747897200,2.8
2025-05-22T07:12:17Z,0,29.938,73.5,63,67.9,4,4,152,79,0.0,255,32767,0.11,2090-9-18,0.0,0.52,26.6,0.0,0.0,0.0,0,4.822265625,6,45,05:40,20:21,2025-05-22 07:12:16.895793,Città della Scienza,77.3,9.29861,7.9322534,3.9827669,5.143247,EU EEA Common AQI,70.3,6.429059,6.0606985,7200,2.642857,100,100,64.0,2.24,Very Low,69.2,7.818182,100,1747897200,Very Low,3.1862133,7.847089,Very Low,5.3372426,61.8,3.5714285,100,1747897200,2.8
2025-05-22T07:12:28Z,0,29.938,73.5,63,67.9,6,4,188,79,0.0,255,32767,0.11,2090-9-18,0.0,0.52,26.6,0.0,0.0,0.0,0,4.822265625,6,45,05:40,20:21,2025-05-22 07:12:28.062797,Città della Scienza,77.3,9.29861,7.9322534,3.9827669,5.143247,EU EEA Common AQI,70.3,6.429059,6.0606985,7200,2.642857,100,100,64.0,2.24,Very Low,69.2,7.818182,100,1747897200,Very Low,3.1862133,7.847089,Very Low,5.3372426,61.8,3.5714285,100,1747897200,2.8
2025-05-22T07:12:39Z,0,29.939,73.6,63,67.9,4,4,205,79,0.0,255,32767,0.11,2090-9-18,0.0,0.52,26.6,0.0,0.0,0.0,0,4.822265625,6,45,05:40,20:21,2025-05-22 07:12:39.168792,Città della Scienza,77.3,9.29861,7.9322534,3.9827669,5.143247,EU EEA Common AQI,70.3,6.429059,6.0606985,7200,2.642857,100,100,64.0,2.24,Very Low,69.2,7.818182,100,1747897200,Very Low,3.1862133,7.847089,Very Low,5.3372426,61.8,3.5714285,100,1747897200,2.8
2025-05-22T07:12:50Z,0,29.939,73.6,63,68.0,6,4,172,79,0.0,255,32767,0.11,2090-9-18,0.0,0.52,26.6,0.0,0.0,0.0,0,4.822265625,6,45,05:40,20:21,2025-05-22 07:12:50.256942,Città della Scienza,77.3,9.29861,7.9322534,3.9827669,5.143247,EU EEA Common AQI,70.3,6.429059,6.0606985,7200,2.642857,100,100,64.0,2.24,Very Low,69.2,7.818182,100,1747897200,Very Low,3.1862133,7.847089,Very Low,5.3372426,61.8,3.5714285,100,1747897200,2.8
2025-05-22T07:13:01Z,0,29.939,73.6,63,68.0,3,4,210,79,0.0,255,32767,0.11,2090-9-18,0.0,0.52,26.6,0.0,0.0,0.0,0,4.822265625,6,45,05:40,20:21,2025-05-22 07:13:01.356796,Città della Scienza,77.3,9.29861,7.9322534,3.9827669,5.143247,EU EEA Common AQI,70.3,6.429059,6.0606985,7200,2.642857,100,100,64.0,2.24,Very Low,69.2,7.818182,100,1747897200,Very Low,3.1862133,7.847089,Very Low,5.3372426,61.8,3.5714285,100,1747897200,2.8
2025-05-22T07:13:12Z,0,29.939,73.6,63,68.0,1,4,163,79,0.0,255,32767,0.11,2090-9-18,0.0,0.52,26.6,0.0,0.0,0.0,0,4.822265625,6,45,05:40,20:21,2025-05-22 07:13:12.467799,Città della Scienza,77.3,9.29861,7.9322534,3.9827669,5.143247,EU EEA Common AQI,70.3,6.429059,6.0606985,7200,2.642857,100,100,64.0,2.24,Very Low,69.2,7.818182,100,1747897200,Very Low,3.1862133,7.847089,Very Low,5.3372426,61.8,3.5714285,100,1747897200,2.8
2025-05-22T07:13:23Z,0,29.939,73.6,63,67.9,5,4,196,79,0.0,255,32767,0.11,2090-9-18,0.0,0.52,26.6,0.0,0.0,0.0,0,4.822265625,6,45,05:40,20:21,2025-05-22 07:13:23.568785,Città della Scienza,77.3,9.29861,7.9322534,3.9827669,5.143247,EU EEA Common AQI,70.3,6.429059,6.0606985,7200,2.642857,100,100,64.0,2.24,Very Low,69.2,7.818182,100,1747897200,Very Low,3.1862133,7.847089,Very Low,5.3372426,61.8,3.5714285,100,1747897200,2.8
2025-05-22T07:13:34Z,0,29.937,73.6,63,67.9,5,4,210,78,0.0,255,32767,0.11,2090-9-18,0.0,0.52,26.6,0.0,0.0,0.0,0,4.822265625,6,45,05:40,20:21,2025-05-22 07:13:34.711777,Città della Scienza,77.3,9.29861,7.9322534,3.9827669,5.143247,EU EEA Common AQI,70.3,6.429059,6.0606985,7200,2.642857,100,100,64.0,2.24,Very Low,69.2,7.818182,100,1747897200,Very Low,3.1862133,7.847089,Very Low,5.3372426,61.8,3.5714285,100,1747897200,2.8
2025-05-22T07:13:46Z,0,29.937,73.6,63,68.0,7,4,190,78,0.0,255,32767,0.11,2090-9-18,0.0,0.52,26.6,0.0,0.0,0.0,0,4.822265625,6,45,05:40,20:21,2025-05-22 07:13:45.816803,Città della Scienza,77.3,9.29861,7.9322534,3.9827669,5.143247,EU EEA Common AQI,70.3,6.429059,6.0606985,7200,2.642857,100,100,64.0,2.24,Very Low,69.2,7.818182,100,1747897200,Very Low,3.1862133,7.847089,Very Low,5.3372426,61.8,3.5714285,100,1747897200,2.8
2025-05-22T07:13:57Z,0,29.937,73.6,63,68.0,5,4,176,78,0.0,255,32767,0.11,2090-9-18,0.0,0.52,26.6,0.0,0.0,0.0,0,4.822265625,6,45,05:40,20:21,2025-05-22 07:13:56.891805,Città della Scienza,77.3,9.29861,7.9322534,3.9827669,5.143247,EU EEA Common AQI,70.3,6.429059,6.0606985,7200,2.642857,100,100,64.0,2.24,Very Low,69.2,7.818182,100,1747897200,Very Low,3.1862133,7.847089,Very Low,5.3372426,61.8,3.5714285,100,1747897200,2.8
2025-05-22T07:14:08Z,0,29.937,73.6,63,68.0,5,4,171,78,0.0,255,32767,0.11,2090-9-18,0.0,0.52,26.6,0.0,0.0,0.0,0,4.822265625,6,45,05:40,20:21,2025-05-22 07:14:07.993788,Città della Scienza,77.3,9.29861,7.9322534,3.9827669,5.143247,EU EEA Common AQI,70.3,6.429059,6.0606985,7200,2.642857,100,100,64.0,2.24,Very Low,69.2,7.818182,100,1747897200,Very Low,3.1862133,7.847089,Very Low,5.3372426,61.8,3.5714285,100,1747897200,2.8
2025-05-22T07:14:19Z,0,29.937,73.6,63,67.9,5,4,185,78,0.0,255,32767,0.11,2090-9-18,0.0,0.52,26.6,0.0,0.0,0.0,0,4.822265625,6,45,05:40,20:21,2025-05-22 07:14:19.104769,Città della Scienza,77.3,9.29861,7.9322534,3.9827669,5.143247,EU EEA Common AQI,70.3,6.429059,6.0606985,7200,2.642857,100,100,64.0,2.24,Very Low,69.2,7.818182,100,1747897200,Very Low,3.1862133,7.847089,Very Low,5.3372426,61.8,3.5714285,100,1747897200,2.8
2025-05-22T07:14:35Z,0,29.938,73.6,63,67.9,6,4,183,78,0.0,255,32767,0.11,2090-9-18,0.0,0.52,26.6,0.0,0.0,0.0,0,4.822265625,6,45,05:40,20:21,2025-05-22 07:14:35.213789,Città della Scienza,77.3,9.29861,7.9322534,3.9827669,5.143247,EU EEA Common AQI,70.3,6.429059,6.0606985,7200,2.642857,100,100,64.0,2.24,Very Low,69.2,7.818182,100,1747897200,Very Low,3.1862133,7.847089,Very Low,5.3372426,61.8,3.5714285,100,1747897200,2.8
2025-05-22T07:14:46Z,0,29.938,73.6,63,67.9,6,4,180,78,0.0,255,32767,0.11,2090-9-18,0.0,0.52,26.6,0.0,0.0,0.0,0,4.822265625,6,45,05:40,20:21,2025-05-22 07:14:46.330792,Città della Scienza,77.3,9.29861,7.9322534,3.9827669,5.143247,EU EEA Common AQI,70.3,6.429059,6.0606985,7200,2.642857,100,100,64.0,2.24,Very Low,69.2,7.818182,100,1747897200,Very Low,3.1862133,7.847089,Very Low,5.3372426,61.8,3.5714285,100,1747897200,2.8
2025-05-22T07:14:57Z,0,29.938,73.6,63,67.9,6,4,180,78,0.0,255,32767,0.11,2090-9-18,0.0,0.52,26.6,0.0,0.0,0.0,0,4.822265625,6,45,05:40,20:21,2025-05-22 07:14:57.444786,Città della Scienza,77.3,9.29861,7.9322534,3.9827669,5.143247,EU EEA Common AQI,70.3,6.429059,6.0606985,7200,2.642857,100,100,64.0,2.24,Very Low,69.2,7.818182,100,1747897200,Very Low,3.1862133,7.847089,Very Low,5.3372426,61.8,3.5714285,100,1747897200,2.8
2025-05-22T07:15:08Z,0,29.938,73.6,63,67.9,5,4,180,78,0.0,255,32767,0.11,2090-9-18,0.0,0.52,26.6,0.0,0.0,0.0,0,4.822265625,6,45,05:40,20:21,2025-05-22 07:15:08.531812,Città della Scienza,77.3,9.29861,7.9322534,3.9827669,5.143247,EU EEA Common AQI,70.3,6.429059,6.0606985,7200,2.642857,100,100,64.0,2.24,Very Low,69.2,7.818182,100,1747897200,Very Low,3.1862133,7.847089,Very Low,5.3372426,61.8,3.5714285,100,1747897200,2.8
2025-05-22T07:15:19Z,0,29.938,73.6,63,67.9,6,4,165,78,0.0,255,32767,0.11,2090-9-18,0.0,0.52,26.6,0.0,0.0,0.0,0,4.822265625,6,45,05:40,20:21,2025-05-22 07:15:19.648801,Città della Scienza,77.3,9.29861,7.9322534,3.9827669,5.143247,EU EEA Common AQI,70.3,6.429059,6.0606985,7200,2.642857,100,100,64.0,2.24,Very Low,69.2,7.818182,100,1747897200,Very Low,3.1862133,7.847089,Very Low,5.3372426,61.8,3.5714285,100,1747897200,2.8
2025-05-22T07:15:30Z,0,29.938,73.6,63,67.9,3,4,172,78,0.0,255,32767,0.11,2090-9-18,0.0,0.52,26.6,0.0,0.0,0.0,0,4.822265625,6,45,05:40,20:21,2025-05-22 07:15:30.721805,Città della Scienza,75.8,8.273301,7.928739,4.008619,4.845468,EU EEA Common AQI,70.3,6.056835,6.0674176,7200,3.5,100,100,63.8,3.142857,Very Low,69.4,6.8013735,100,1747898100,Very Low,3.2068949,7.50425,Very Low,5.4764185,61.4,3.9285715,100,1747898100,3.9285715
2025-05-22T07:15:42Z,0,29.939,73.6,63,67.9,2,4,172,78,0.0,255,32767,0.11,2090-9-18,0.0,0.52,26.6,0.0,0.0,0.0,0,4.822265625,6,45,05:40,20:21,2025-05-22 07:15:41.805784,Città della Scienza,75.8,8.273301,7.928739,4.008619,4.845468,EU EEA Common AQI,70.3,6.056835,6.0674176,7200,3.5,100,100,63.8,3.142857,Very Low,69.4,6.8013735,100,1747898100,Very Low,3.2068949,7.50425,Very Low,5.4764185,61.4,3.9285715,100,1747898100,3.9285715
2025-05-22T07:15:53Z,0,29.939,73.6,63,67.8,2,4,232,78,0.0,255,32767,0.11,2090-9-18,0.0,0.52,26.6,0.0,0.0,0.0,0,4.822265625,6,45,05:40,20:21,2025-05-22 07:15:53.506788,Città della Scienza,75.8,8.273301,7.928739,4.008619,4.845468,EU EEA Common AQI,70.3,6.056835,6.0674176,7200,3.5,100,100,63.8,3.142857,Very Low,69.4,6.8013735,100,1747898100,Very Low,3.2068949,7.50425,Very Low,5.4764185,61.4,3.9285715,100,1747898100,3.9285715
2025-05-22T07:16:04Z,0,29.939,73.6,63,67.8,4,4,188,78,0.0,255,32767,0.11,2090-9-18,0.0,0.52,26.6,0.0,0.0,0.0,0,4.822265625,6,45,05:40,20:21,2025-05-22 07:16:04.607800,Città della Scienza,75.8,8.273301,7.928739,4.008619,4.845468,EU EEA Common AQI,70.3,6.056835,6.0674176,7200,3.5,100,100,63.8,3.142857,Very Low,69.4,6.8013735,100,1747898100,Very Low,3.2068949,7.50425,Very Low,5.4764185,61.4,3.9285715,100,1747898100,3.9285715
2025-05-22T07:16:15Z,0,29.939,73.6,63,67.8,3,4,130,78,0.0,255,32767,0.11,2090-9-18,0.0,0.52,26.6,0.0,0.0,0.0,0,4.822265625,6,45,05:40,20:21,2025-05-22 07:16:15.721800,Città della Scienza,75.8,8.273301,7.928739,4.008619,4.845468,EU EEA Common AQI,70.3,6.056835,6.0674176,7200,3.5,100,100,63.8,3.142857,Very Low,69.4,6.8013735,100,1747898100,Very Low,3.2068949,7.50425,Very Low,5.4764185,61.4,3.9285715,100,1747898100,3.9285715
2025-05-22T07:16:27Z,0,29.939,73.6,63,67.8,4,4,168,78,0.0,255,32767,0.11,2090-9-18,0.0,0.52,26.6,0.0,0.0,0.0,0,4.822265625,6,45,05:40,20:21,2025-05-22 07:16:26.830800,Città della Scienza,75.8,8.273301,7.928739,4.008619,4.845468,EU EEA Common AQI,70.3,6.056835,6.0674176,7200,3.5,100,100,63.8,3.142857,Very Low,69.4,6.8013735,100,1747898100,Very Low,3.2068949,7.50425,Very Low,5.4764185,61.4,3.9285715,100,1747898100,3.9285715
2025-05-22T07:16:38Z,0,29.938,73.6,63,67.8,2,4,181,78,0.0,255,32767,0.11,2090-9-18,0.0,0.52,26.6,0.0,0.0,0.0,0,4.822265625,6,45,05:40,20:21,2025-05-22 07:16:37.943755,Città della Scienza,75.8,8.273301,7.928739,4.008619,4.845468,EU EEA Common AQI,70.3,6.056835,6.0674176,7200,3.5,100,100,63.8,3.142857,Very Low,69.4,6.8013735,100,1747898100,Very Low,3.2068949,7.50425,Very Low,5.4764185,61.4,3.9285715,100,1747898100,3.9285715
2025-05-22T07:16:49Z,0,29.938,73.6,63,67.8,5,4,195,78,0.0,255,32767,0.11,2090-9-18,0.0,0.52,26.6,0.0,0.0,0.0,0,4.822265625,6,45,05:40,20:21,2025-05-22 07:16:49.074792,Città della Scienza,75.8,8.273301,7.928739,4.008619,4.845468,EU EEA Common AQI,70.3,6.056835,6.0674176,7200,3.5,100,100,63.8,3.142857,Very Low,69.4,6.8013735,100,1747898100,Very Low,3.2068949,7.50425,Very Low,5.4764185,61.4,3.9285715,100,1747898100,3.9285715
2025-05-22T07:17:00Z,0,29.938,73.6,63,67.9,6,4,186,79,0.0,255,32767,0.11,2090-9-18,0.0,0.52,26.6,0.0,0.0,0.0,0,4.822265625,6,45,05:40,20:21,2025-05-22 07:17:00.227848,Città della Scienza,75.8,8.273301,7.928739,4.008619,4.845468,EU EEA Common AQI,70.3,6.056835,6.0674176,7200,3.5,100,100,63.8,3.142857,Very Low,69.4,6.8013735,100,1747898100,Very Low,3.2068949,7.50425,Very Low,5.4764185,61.4,3.9285715,100,1747898100,3.9285715
2025-05-22T07:17:11Z,0,29.938,73.6,63,67.9,3,4,266,79,0.0,255,32767,0.11,2090-9-18,0.0,0.52,26.6,0.0,0.0,0.0,0,4.822265625,6,45,05:40,20:21,2025-05-22 07:17:11.356803,Città della Scienza,75.8,8.273301,7.928739,4.008619,4.845468,EU EEA Common AQI,70.3,6.056835,6.0674176,7200,3.5,100,100,63.8,3.142857,Very Low,69.4,6.8013735,100,1747898100,Very Low,3.2068949,7.50425,Very Low,5.4764185,61.4,3.9285715,100,1747898100,3.9285715
2025-05-22T07:17:22Z,0,29.938,73.6,63,67.9,3,4,226,79,0.0,255,32767,0.11,2090-9-18,0.0,0.52,26.6,0.0,0.0,0.0,0,4.822265625,6,45,05:40,20:21,2025-05-22 07:17:22.487788,Città della Scienza,75.8,8.273301,7.928739,4.008619,4.845468,EU EEA Common AQI,70.3,6.056835,6.0674176,7200,3.5,100,100,63.8,3.142857,Very Low,69.4,6.8013735,100,1747898100,Very Low,3.2068949,7.50425,Very Low,5.4764185,61.4,3.9285715,100,1747898100,3.9285715
2025-05-22T07:17:33Z,0,29.938,73.7,63,67.8,2,4,216,79,0.0,255,32767,0.11,2090-9-18,0.0,0.52,26.6,0.0,0.0,0.0,0,4.822265625,6,45,05:40,20:21,2025-05-22 07:17:33.583759,Città della Scienza,75.8,8.273301,7.928739,4.008619,4.845468,EU EEA Common AQI,70.3,6.056835,6.0674176,7200,3.5,100,100,63.8,3.142857,Very Low,69.4,6.8013735,100,1747898100,Very Low,3.2068949,7.50425,Very Low,5.4764185,61.4,3.9285715,100,1747898100,3.9285715
2025-05-22T07:17:44Z,0,29.938,73.7,63,67.9,2,4,77,79,0.0,255,32767,0.11,2090-9-18,0.0,0.52,26.6,0.0,0.0,0.0,0,4.822265625,6,45,05:40,20:21,2025-05-22 07:17:44.695795,Città della Scienza,75.8,8.273301,7.928739,4.008619,4.845468,EU EEA Common AQI,70.3,6.056835,6.0674176,7200,3.5,100,100,63.8,3.142857,Very Low,69.4,6.8013735,100,1747898100,Very Low,3.2068949,7.50425,Very Low,5.4764185,61.4,3.9285715,100,1747898100,3.9285715
2025-05-22T07:17:55Z,0,29.938,73.7,63,67.9,8,4,181,79,0.0,255,32767,0.11,2090-9-18,0.0,0.52,26.6,0.0,0.0,0.0,0,4.822265625,6,45,05:40,20:21,2025-05-22 07:17:55.796809,Città della Scienza,75.8,8.273301,7.928739,4.008619,4.845468,EU EEA Common AQI,70.3,6.056835,6.0674176,7200,3.5,100,100,63.8,3.142857,Very Low,69.4,6.8013735,100,1747898100,Very Low,3.2068949,7.50425,Very Low,5.4764185,61.4,3.9285715,100,1747898100,3.9285715
2025-05-22T07:18:07Z,0,29.938,73.7,63,67.9,6,4,188,79,0.0,255,32767,0.11,2090-9-18,0.0,0.52,26.6,0.0,0.0,0.0,0,4.822265625,6,45,05:40,20:21,2025-05-22 07:18:06.874800,Città della Scienza,75.8,8.273301,7.928739,4.008619,4.845468,EU EEA Common AQI,70.3,6.056835,6.0674176,7200,3.5,100,100,63.8,3.142857,Very Low,69.4,6.8013735,100,1747898100,Very Low,3.2068949,7.50425,Very Low,5.4764185,61.4,3.9285715,100,1747898100,3.9285715
2025-05-22T07:18:18Z,0,29.938,73.7,63,67.9,6,4,178,79,0.0,255,32767,0.11,2090-9-18,0.0,0.52,26.6,0.0,0.0,0.0,0,4.822265625,6,45,05:40,20:21,2025-05-22 07:18:18.040787,Città della Scienza,75.8,8.273301,7.928739,4.008619,4.845468,EU EEA Common AQI,70.3,6.056835,6.0674176,7200,3.5,100,100,63.8,3.142857,Very Low,69.4,6.8013735,100,1747898100,Very Low,3.2068949,7.50425,Very Low,5.4764185,61.4,3.9285715,100,1747898100,3.9285715
2025-05-22T07:18:29Z,0,29.938,73.7,63,67.8,4,4,178,79,0.0,255,32767,0.11,2090-9-18,0.0,0.52,26.6,0.0,0.0,0.0,0,4.822265625,6,45,05:40,20:21,2025-05-22 07:18:29.184773,Città della Scienza,75.8,8.273301,7.928739,4.008619,4.845468,EU EEA Common AQI,70.3,6.056835,6.0674176,7200,3.5,100,100,63.8,3.142857,Very Low,69.4,6.8013735,100,1747898100,Very Low,3.2068949,7.50425,Very Low,5.4764185,61.4,3.9285715,100,1747898100,3.9285715
2025-05-22T07:18:40Z,0,29.938,73.7,63,67.9,2,4,181,79,0.0,255,32767,0.11,2090-9-18,0.0,0.52,26.6,0.0,0.0,0.0,0,4.822265625,6,45,05:40,20:21,2025-05-22 07:18:40.310795,Città della Scienza,75.8,8.273301,7.928739,4.008619,4.845468,EU EEA Common AQI,70.3,6.056835,6.0674176,7200,3.5,100,100,63.8,3.142857,Very Low,69.4,6.8013735,100,1747898100,Very Low,3.2068949,7.50425,Very Low,5.4764185,61.4,3.9285715,100,1747898100,3.9285715
2025-05-22T07:18:51Z,0,29.938,73.7,63,67.9,4,4,203,79,0.0,255,32767,0.11,2090-9-18,0.0,0.52,26.6,0.0,0.0,0.0,0,4.822265625,6,45,05:40,20:21,2025-05-22 07:18:51.393803,Città della Scienza,75.8,8.273301,7.928739,4.008619,4.845468,EU EEA Common AQI,70.3,6.056835,6.0674176,7200,3.5,100,100,63.8,3.142857,Very Low,69.4,6.8013735,100,1747898100,Very Low,3.2068949,7.50425,Very Low,5.4764185,61.4,3.9285715,100,1747898100,3.9285715
2025-05-22T07:19:02Z,0,29.938,73.7,63,67.9,4,4,165,79,0.0,255,32767,0.11,2090-9-18,0.0,0.52,26.6,0.0,0.0,0.0,0,4.822265625,6,45,05:40,20:21,2025-05-22 07:19:02.473788,Città della Scienza,75.8,8.273301,7.928739,4.008619,4.845468,EU EEA Common AQI,70.3,6.056835,6.0674176,7200,3.5,100,100,63.8,3.142857,Very Low,69.4,6.8013735,100,1747898100,Very Low,3.2068949,7.50425,Very Low,5.4764185,61.4,3.9285715,100,1747898100,3.9285715
2025-05-22T07:19:18Z,0,29.938,73.7,63,67.8,4,4,200,79,0.0,255,32767,0.11,2090-9-18,0.0,0.52,26.6,0.0,0.0,0.0,0,4.822265625,6,45,05:40,20:21,2025-05-22 07:19:18.574799,Città della Scienza,75.8,8.273301,7.928739,4.008619,4.845468,EU EEA Common AQI,70.3,6.056835,6.0674176,7200,3.5,100,100,63.8,3.142857,Very Low,69.4,6.8013735,100,1747898100,Very Low,3.2068949,7.50425,Very Low,5.4764185,61.4,3.9285715,100,1747898100,3.9285715
2025-05-22T07:19:29Z,0,29.938,73.7,63,67.9,4,4,175,79,0.0,255,32767,0.11,2090-9-18,0.0,0.52,26.6,0.0,0.0,0.0,0,4.822265625,6,45,05:40,20:21,2025-05-22 07:19:29.707811,Città della Scienza,75.8,8.273301,7.928739,4.008619,4.845468,EU EEA Common AQI,70.3,6.056835,6.0674176,7200,3.5,100,100,63.8,3.142857,Very Low,69.4,6.8013735,100,1747898100,Very Low,3.2068949,7.50425,Very Low,5.4764185,61.4,3.9285715,100,1747898100,3.9285715
2025-05-22T07:19:41Z,0,29.939,73.7,63,67.9,4,4,159,79,0.0,255,32767,0.11,2090-9-18,0.0,0.52,26.6,0.0,0.0,0.0,0,4.822265625,6,45,05:40,20:21,2025-05-22 07:19:41.173821,Città della Scienza,75.8,8.273301,7.928739,4.008619,4.845468,EU EEA Common AQI,70.3,6.056835,6.0674176,7200,3.5,100,100,63.8,3.142857,Very Low,69.4,6.8013735,100,1747898100,Very Low,3.2068949,7.50425,Very Low,5.4764185,61.4,3.9285715,100,1747898100,3.9285715
2025-05-22T07:19:52Z,0,29.939,73.7,63,67.9,5,4,167,79,0.0,255,32767,0.11,2090-9-18,0.0,0.52,26.6,0.0,0.0,0.0,0,4.822265625,6,45,05:40,20:21,2025-05-22 07:19:52.257793,Città della Scienza,75.8,8.273301,7.928739,4.008619,4.845468,EU EEA Common AQI,70.3,6.056835,6.0674176,7200,3.5,100,100,63.8,3.142857,Very Low,69.4,6.8013735,100,1747898100,Very Low,3.2068949,7.50425,Very Low,5.4764185,61.4,3.9285715,100,1747898100,3.9285715
2025-05-22T07:20:03Z,0,29.939,73.7,63,67.8,6,4,186,79,0.0,255,32767,0.11,2090-9-18,0.0,0.52,26.6,0.0,0.0,0.0,0,4.822265625,6,45,05:40,20:21,2025-05-22 07:20:03.366808,Città della Scienza,75.8,8.273301,7.928739,4.008619,4.845468,EU EEA Common AQI,70.3,6.056835,6.0674176,7200,3.5,100,100,63.8,3.142857,Very Low,69.4,6.8013735,100,1747898100,Very Low,3.2068949,7.50425,Very Low,5.4764185,61.4,3.9285715,100,1747898100,3.9285715
2025-05-22T07:20:14Z,0,29.939,73.7,63,67.8,5,4,190,79,0.0,255,32767,0.11,2090-9-18,0.0,0.52,26.6,0.0,0.0,0.0,0,4.822265625,6,45,05:40,20:21,2025-05-22 07:20:14.465798,Città della Scienza,75.8,8.273301,7.928739,4.008619,4.845468,EU EEA Common AQI,70.3,6.056835,6.0674176,7200,3.5,100,100,63.8,3.142857,Very Low,69.4,6.8013735,100,1747898100,Very Low,3.2068949,7.50425,Very Low,5.4764185,61.4,3.9285715,100,1747898100,3.9285715
2025-05-22T07:20:25Z,0,29.939,73.7,63,67.8,5,4,171,79,0.0,255,32767,0.11,2090-9-18,0.0,0.52,26.6,0.0,0.0,0.0,0,4.822265625,6,45,05:40,20:21,2025-05-22 07:20:25.570791,Città della Scienza,75.8,8.273301,7.928739,4.008619,4.845468,EU EEA Common AQI,70.3,6.056835,6.0674176,7200,3.5,100,100,63.8,3.142857,Very Low,69.4,6.8013735,100,1747898100,Very Low,3.2068949,7.50425,Very Low,5.4764185,61.4,3.9285715,100,1747898100,3.9285715
2025-05-22T07:20:36Z,0,29.94,73.6,63,67.8,5,4,182,78,0.0,255,32767,0.11,2090-9-18,0.0,0.52,26.6,0.0,0.0,0.0,0,4.822265625,6,45,05:40,20:21,2025-05-22 07:20:36.664801,Città della Scienza,75.8,8.273301,7.928739,4.008619,4.845468,EU EEA Common AQI,70.3,6.056835,6.0674176,7200,3.5,100,100,63.8,3.142857,Very Low,69.4,6.8013735,100,1747898100,Very Low,3.2068949,7.50425,Very Low,5.4764185,61.4,3.9285715,100,1747898100,3.9285715
2025-05-22T07:20:47Z,0,29.94,73.6,63,67.8,6,4,167,78,0.0,255,32767,0.11,2090-9-18,0.0,0.52,26.6,0.0,0.0,0.0,0,4.822265625,6,45,05:40,20:21,2025-05-22 07:20:47.782824,Città della Scienza,75.8,8.273301,7.928739,4.008619,4.845468,EU EEA Common AQI,70.3,6.056835,6.0674176,7200,3.5,100,100,63.8,3.142857,Very Low,69.4,6.8013735,100,1747898100,Very Low,3.2068949,7.50425,Very Low,5.4764185,61.4,3.9285715,100,1747898100,3.9285715
2025-05-22T07:20:59Z,0,29.94,73.6,63,67.8,3,4,188,78,0.0,255,32767,0.11,2090-9-18,0.0,0.52,26.6,0.0,0.0,0.0,0,4.822265625,6,45,05:40,20:21,2025-05-22 07:20:58.889802,Città della Scienza,75.8,8.273301,7.928739,4.008619,4.845468,EU EEA Common AQI,70.3,6.056835,6.0674176,7200,3.5,100,100,63.8,3.142857,Very Low,69.4,6.8013735,100,1747898100,Very Low,3.2068949,7.50425,Very Low,5.4764185,61.4,3.9285715,100,1747898100,3.9285715
2025-05-22T07:21:10Z,0,29.94,73.6,63,67.8,2,4,170,78,0.0,255,32767,0.11,2090-9-18,0.0,0.52,26.6,0.0,0.0,0.0,0,4.822265625,6,45,05:40,20:21,2025-05-22 07:21:10.015798,Città della Scienza,75.8,8.273301,7.928739,4.008619,4.845468,EU EEA Common AQI,70.3,6.056835,6.0674176,7200,3.5,100,100,63.8,3.142857,Very Low,69.4,6.8013735,100,1747898100,Very Low,3.2068949,7.50425,Very Low,5.4764185,61.4,3.9285715,100,1747898100,3.9285715
2025-05-22T07:21:21Z,0,29.94,73.6,63,67.8,3,4,186,78,0.0,255,32767,0.11,2090-9-18,0.0,0.52,26.6,0.0,0.0,0.0,0,4.822265625,6,45,05:40,20:21,2025-05-22 07:21:21.129797,Città della Scienza,75.8,8.273301,7.928739,4.008619,4.845468,EU EEA Common AQI,70.3,6.056835,6.0674176,7200,3.5,100,100,63.8,3.142857,Very Low,69.4,6.8013735,100,1747898100,Very Low,3.2068949,7.50425,Very Low,5.4764185,61.4,3.9285715,100,1747898100,3.9285715
2025-05-22T07:21:32Z,0,29.94,73.6,63,67.8,5,4,202,79,0.0,255,32767,0.11,2090-9-18,0.0,0.52,26.6,0.0,0.0,0.0,0,4.822265625,6,45,05:40,20:21,2025-05-22 07:21:32.248801,Città della Scienza,75.8,8.273301,7.928739,4.008619,4.845468,EU EEA Common AQI,70.3,6.056835,6.0674176,7200,3.5,100,100,63.8,3.142857,Very Low,69.4,6.8013735,100,1747898100,Very Low,3.2068949,7.50425,Very Low,5.4764185,61.4,3.9285715,100,1747898100,3.9285715
2025-05-22T07:21:43Z,0,29.938,73.7,63,67.8,5,4,196,79,0.0,255,32767,0.11,2090-9-18,0.0,0.52,26.6,0.0,0.0,0.0,0,4.822265625,6,45,05:40,20:21,2025-05-22 07:21:43.315785,Città della Scienza,75.8,8.273301,7.928739,4.008619,4.845468,EU EEA Common AQI,70.3,6.056835,6.0674176,7200,3.5,100,100,63.8,3.142857,Very Low,69.4,6.8013735,100,1747898100,Very Low,3.2068949,7.50425,Very Low,5.4764185,61.4,3.9285715,100,1747898100,3.9285715
2025-05-22T07:21:54Z,0,29.938,73.7,63,67.8,3,4,211,79,0.0,255,32767,0.11,2090-9-18,0.0,0.52,26.6,0.0,0.0,0.0,0,4.822265625,6,45,05:40,20:21,2025-05-22 07:21:54.436789,Città della Scienza,75.8,8.273301,7.928739,4.008619,4.845468,EU EEA Common AQI,70.3,6.056835,6.0674176,7200,3.5,100,100,63.8,3.142857,Very Low,69.4,6.8013735,100,1747898100,Very Low,3.2068949,7.50425,Very Low,5.4764185,61.4,3.9285715,100,1747898100,3.9285715
2025-05-22T07:22:05Z,0,29.938,73.7,63,67.8,4,4,180,79,0.0,255,32767,0.11,2090-9-18,0.0,0.52,26.6,0.0,0.0,0.0,0,4.822265625,6,45,05:40,20:21,2025-05-22 07:22:05.556818,Città della Scienza,75.8,8.273301,7.928739,4.008619,4.845468,EU EEA Common AQI,70.3,6.056835,6.0674176,7200,3.5,100,100,63.8,3.142857,Very Low,69.4,6.8013735,100,1747898100,Very Low,3.2068949,7.50425,Very Low,5.4764185,61.4,3.9285715,100,1747898100,3.9285715
2025-05-22T07:22:16Z,0,29.938,73.7,63,67.9,4,4,189,79,0.0,255,32767,0.11,2090-9-18,0.0,0.52,26.6,0.0,0.0,0.0,0,4.822265625,6,45,05:40,20:21,2025-05-22 07:22:16.665787,Città della Scienza,75.8,8.273301,7.928739,4.008619,4.845468,EU EEA Common AQI,70.3,6.056835,6.0674176,7200,3.5,100,100,63.8,3.142857,Very Low,69.4,6.8013735,100,1747898100,Very Low,3.2068949,7.50425,Very Low,5.4764185,61.4,3.9285715,100,1747898100,3.9285715
2025-05-22T07:22:27Z,0,29.938,73.7,63,67.9,3,4,180,79,0.0,255,32767,0.11,2090-9-18,0.0,0.52,26.6,0.0,0.0,0.0,0,4.822265625,6,45,05:40,20:21,2025-05-22 07:22:27.766192,Città della Scienza,75.8,8.273301,7.928739,4.008619,4.845468,EU EEA Common AQI,70.3,6.056835,6.0674176,7200,3.5,100,100,63.8,3.142857,Very Low,69.4,6.8013735,100,1747898100,Very Low,3.2068949,7.50425,Very Low,5.4764185,61.4,3.9285715,100,1747898100,3.9285715
2025-05-22T07:22:39Z,0,29.94,73.7,63,67.8,2,4,181,79,0.0,255,32767,0.11,2090-9-18,0.0,0.52,26.6,0.0,0.0,0.0,0,4.822265625,6,45,05:40,20:21,2025-05-22 07:22:38.907795,Città della Scienza,75.8,8.273301,7.928739,4.008619,4.845468,EU EEA Common AQI,70.3,6.056835,6.0674176,7200,3.5,100,100,63.8,3.142857,Very Low,69.4,6.8013735,100,1747898100,Very Low,3.2068949,7.50425,Very Low,5.4764185,61.4,3.9285715,100,1747898100,3.9285715
2025-05-22T07:22:50Z,0,29.94,73.7,63,67.8,4,4,150,79,0.0,255,32767,0.11,2090-9-18,0.0,0.52,26.6,0.0,0.0,0.0,0,4.822265625,6,45,05:40,20:21,2025-05-22 07:22:50.032812,Città della Scienza,75.8,8.273301,7.928739,4.008619,4.845468,EU EEA Common AQI,70.3,6.056835,6.0674176,7200,3.5,100,100,63.8,3.142857,Very Low,69.4,6.8013735,100,1747898100,Very Low,3.2068949,7.50425,Very Low,5.4764185,61.4,3.9285715,100,1747898100,3.9285715
2025-05-22T07:23:01Z,0,29.94,73.7,63,67.9,5,4,173,79,0.0,255,32767,0.11,2090-9-18,0.0,0.52,26.6,0.0,0.0,0.0,0,4.822265625,6,45,05:40,20:21,2025-05-22 07:23:01.114804,Città della Scienza,75.8,8.273301,7.928739,4.008619,4.845468,EU EEA Common AQI,70.3,6.056835,6.0674176,7200,3.5,100,100,63.8,3.142857,Very Low,69.4,6.8013735,100,1747898100,Very Low,3.2068949,7.50425,Very Low,5.4764185,61.4,3.9285715,100,1747898100,3.9285715
2025-05-22T07:23:12Z,0,29.94,73.7,63,67.9,5,4,165,79,0.0,255,32767,0.11,2090-9-18,0.0,0.52,26.6,0.0,0.0,0.0,0,4.822265625,6,45,05:40,20:21,2025-05-22 07:23:12.235794,Città della Scienza,75.8,8.273301,7.928739,4.008619,4.845468,EU EEA Common AQI,70.3,6.056835,6.0674176,7200,3.5,100,100,63.8,3.142857,Very Low,69.4,6.8013735,100,1747898100,Very Low,3.2068949,7.50425,Very Low,5.4764185,61.4,3.9285715,100,1747898100,3.9285715
2025-05-22T07:23:23Z,0,29.94,73.7,63,67.9,6,4,168,79,0.0,255,32767,0.11,2090-9-18,0.0,0.52,26.6,0.0,0.0,0.0,0,4.822265625,6,45,05:40,20:21,2025-05-22 07:23:23.347787,Città della Scienza,75.8,8.273301,7.928739,4.008619,4.845468,EU EEA Common AQI,70.3,6.056835,6.0674176,7200,3.5,100,100,63.8,3.142857,Very Low,69.4,6.8013735,100,1747898100,Very Low,3.2068949,7.50425,Very Low,5.4764185,61.4,3.9285715,100,1747898100,3.9285715
2025-05-22T07:23:34Z,0,29.94,73.7,63,67.9,5,4,180,79,0.0,255,32767,0.11,2090-9-18,0.0,0.52,26.6,0.0,0.0,0.0,0,4.822265625,6,45,05:40,20:21,2025-05-22 07:23:34.461793,Città della Scienza,75.8,8.273301,7.928739,4.008619,4.845468,EU EEA Common AQI,70.3,6.056835,6.0674176,7200,3.5,100,100,63.8,3.142857,Very Low,69.4,6.8013735,100,1747898100,Very Low,3.2068949,7.50425,Very Low,5.4764185,61.4,3.9285715,100,1747898100,3.9285715
2025-05-22T07:23:45Z,0,29.94,73.7,63,67.9,5,4,164,79,0.0,255,32767,0.11,2090-9-18,0.0,0.52,26.6,0.0,0.0,0.0,0,4.822265625,6,45,05:40,20:21,2025-05-22 07:23:45.558810,Città della Scienza,75.8,8.273301,7.928739,4.008619,4.845468,EU EEA Common AQI,70.3,6.056835,6.0674176,7200,3.5,100,100,63.8,3.142857,Very Low,69.4,6.8013735,100,1747898100,Very Low,3.2068949,7.50425,Very Low,5.4764185,61.4,3.9285715,100,1747898100,3.9285715
2025-05-22T07:23:56Z,0,29.94,73.7,63,67.9,6,4,167,79,0.0,255,32767,0.11,2090-9-18,0.0,0.52,26.6,0.0,0.0,0.0,0,4.822265625,6,45,05:40,20:21,2025-05-22 07:23:56.666791,Città della Scienza,75.8,8.273301,7.928739,4.008619,4.845468,EU EEA Common AQI,70.3,6.056835,6.0674176,7200,3.5,100,100,63.8,3.142857,Very Low,69.4,6.8013735,100,1747898100,Very Low,3.2068949,7.50425,Very Low,5.4764185,61.4,3.9285715,100,1747898100,3.9285715
2025-05-22T07:24:07Z,0,29.94,73.7,63,67.9,5,4,161,79,0.0,255,32767,0.11,2090-9-18,0.0,0.52,26.6,0.0,0.0,0.0,0,4.822265625,6,45,05:40,20:21,2025-05-22 07:24:07.759352,Città della Scienza,75.8,8.273301,7.928739,4.008619,4.845468,EU EEA Common AQI,70.3,6.056835,6.0674176,7200,3.5,100,100,63.8,3.142857,Very Low,69.4,6.8013735,100,1747898100,Very Low,3.2068949,7.50425,Very Low,5.4764185,61.4,3.9285715,100,1747898100,3.9285715
2025-05-22T07:24:19Z,0,29.94,73.7,63,67.9,5,4,159,79,0.0,255,32767,0.11,2090-9-18,0.0,0.52,26.6,0.0,0.0,0.0,0,4.822265625,6,45,05:40,20:21,2025-05-22 07:24:18.856799,Città della Scienza,75.8,8.273301,7.928739,4.008619,4.845468,EU EEA Common AQI,70.3,6.056835,6.0674176,7200,3.5,100,100,63.8,3.142857,Very Low,69.4,6.8013735,100,1747898100,Very Low,3.2068949,7.50425,Very Low,5.4764185,61.4,3.9285715,100,1747898100,3.9285715
2025-05-22T07:24:30Z,0,29.94,73.7,63,67.9,6,4,175,79,0.0,255,32767,0.11,2090-9-18,0.0,0.52,26.6,0.0,0.0,0.0,0,4.822265625,6,45,05:40,20:21,2025-05-22 07:24:29.937814,Città della Scienza,75.8,8.273301,7.928739,4.008619,4.845468,EU EEA Common AQI,70.3,6.056835,6.0674176,7200,3.5,100,100,63.8,3.142857,Very Low,69.4,6.8013735,100,1747898100,Very Low,3.2068949,7.50425,Very Low,5.4764185,61.4,3.9285715,100,1747898100,3.9285715
2025-05-22T07:24:41Z,0,29.938,73.7,63,67.9,4,4,186,79,0.0,255,32767,0.11,2090-9-18,0.0,0.52,26.6,0.0,0.0,0.0,0,4.822265625,6,45,05:40,20:21,2025-05-22 07:24:41.019791,Città della Scienza,75.8,8.273301,7.928739,4.008619,4.845468,EU EEA Common AQI,70.3,6.056835,6.0674176,7200,3.5,100,100,63.8,3.142857,Very Low,69.4,6.8013735,100,1747898100,Very Low,3.2068949,7.50425,Very Low,5.4764185,61.4,3.9285715,100,1747898100,3.9285715
2025-05-22T07:24:52Z,0,29.938,73.7,63,67.9,6,4,155,79,0.0,255,32767,0.11,2090-9-18,0.0,0.52,26.6,0.0,0.0,0.0,0,4.822265625,6,45,05:40,20:21,2025-05-22 07:24:52.129952,Città della Scienza,75.8,8.273301,7.928739,4.008619,4.845468,EU EEA Common AQI,70.3,6.056835,6.0674176,7200,3.5,100,100,63.8,3.142857,Very Low,69.4,6.8013735,100,1747898100,Very Low,3.2068949,7.50425,Very Low,5.4764185,61.4,3.9285715,100,1747898100,3.9285715
2025-05-22T07:25:03Z,0,29.938,73.7,63,67.9,3,4,176,79,0.0,255,32767,0.11,2090-9-18,0.0,0.52,26.6,0.0,0.0,0.0,0,4.822265625,6,45,05:40,20:21,2025-05-22 07:25:03.248793,Città della Scienza,75.8,8.273301,7.928739,4.008619,4.845468,EU EEA Common AQI,70.3,6.056835,6.0674176,7200,3.5,100,100,63.8,3.142857,Very Low,69.4,6.8013735,100,1747898100,Very Low,3.2068949,7.50425,Very Low,5.4764185,61.4,3.9285715,100,1747898100,3.9285715
2025-05-22T07:25:14Z,0,29.938,73.7,63,67.9,3,4,182,79,0.0,255,32767,0.11,2090-9-18,0.0,0.52,26.6,0.0,0.0,0.0,0,4.822265625,6,45,05:40,20:21,2025-05-22 07:25:14.352797,Città della Scienza,75.8,8.273301,7.928739,4.008619,4.845468,EU EEA Common AQI,70.3,6.056835,6.0674176,7200,3.5,100,100,63.8,3.142857,Very Low,69.4,6.8013735,100,1747898100,Very Low,3.2068949,7.50425,Very Low,5.4764185,61.4,3.9285715,100,1747898100,3.9285715
2025-05-22T07:25:25Z,0,29.938,73.7,63,67.9,5,4,190,79,0.0,255,32767,0.11,2090-9-18,0.0,0.52,26.6,0.0,0.0,0.0,0,4.822265625,6,45,05:40,20:21,2025-05-22 07:25:25.458791,Città della Scienza,75.8,8.273301,7.928739,4.008619,4.845468,EU EEA Common AQI,70.3,6.056835,6.0674176,7200,3.5,100,100,63.8,3.142857,Very Low,69.4,6.8013735,100,1747898100,Very Low,3.2068949,7.50425,Very Low,5.4764185,61.4,3.9285715,100,1747898100,3.9285715
2025-05-22T07:25:36Z,0,29.939,73.7,63,67.9,5,4,192,79,0.0,255,32767,0.11,2090-9-18,0.0,0.52,26.6,0.0,0.0,0.0,0,4.822265625,6,45,05:40,20:21,2025-05-22 07:25:36.569798,Città della Scienza,75.8,8.273301,7.928739,4.008619,4.845468,EU EEA Common AQI,70.3,6.056835,6.0674176,7200,3.5,100,100,63.8,3.142857,Very Low,69.4,6.8013735,100,1747898100,Very Low,3.2068949,7.50425,Very Low,5.4764185,61.4,3.9285715,100,1747898100,3.9285715
2025-05-22T07:25:47Z,0,29.939,73.7,63,67.8,5,4,165,79,0.0,255,32767,0.11,2090-9-18,0.0,0.52,26.6,0.0,0.0,0.0,0,4.822265625,6,45,05:40,20:21,2025-05-22 07:25:47.685799,Città della Scienza,75.8,8.273301,7.928739,4.008619,4.845468,EU EEA Common AQI,70.3,6.056835,6.0674176,7200,3.5,100,100,63.8,3.142857,Very Low,69.4,6.8013735,100,1747898100,Very Low,3.2068949,7.50425,Very Low,5.4764185,61.4,3.9285715,100,1747898100,3.9285715
2025-05-22T07:25:58Z,0,29.939,73.7,63,67.9,4,4,178,79,0.0,255,32767,0.11,2090-9-18,0.0,0.52,26.6,0.0,0.0,0.0,0,4.822265625,6,45,05:40,20:21,2025-05-22 07:25:58.795793,Città della Scienza,75.8,8.273301,7.928739,4.008619,4.845468,EU EEA Common AQI,70.3,6.056835,6.0674176,7200,3.5,100,100,63.8,3.142857,Very Low,69.4,6.8013735,100,1747898100,Very Low,3.2068949,7.50425,Very Low,5.4764185,61.4,3.9285715,100,1747898100,3.9285715
2025-05-22T07:26:10Z,0,29.939,73.7,63,67.9,3,4,167,79,0.0,255,32767,0.11,2090-9-18,0.0,0.52,26.6,0.0,0.0,0.0,0,4.822265625,6,45,05:40,20:21,2025-05-22 07:26:09.900788,Città della Scienza,75.8,8.273301,7.928739,4.008619,4.845468,EU EEA Common AQI,70.3,6.056835,6.0674176,7200,3.5,100,100,63.8,3.142857,Very Low,69.4,6.8013735,100,1747898100,Very Low,3.2068949,7.50425,Very Low,5.4764185,61.4,3.9285715,100,1747898100,3.9285715
2025-05-22T07:26:21Z,0,29.939,73.7,63,67.9,4,4,176,79,0.0,255,32767,0.11,2090-9-18,0.0,0.52,26.6,0.0,0.0,0.0,0,4.822265625,6,45,05:40,20:21,2025-05-22 07:26:20.997797,Città della Scienza,75.8,8.273301,7.928739,4.008619,4.845468,EU EEA Common AQI,70.3,6.056835,6.0674176,7200,3.5,100,100,63.8,3.142857,Very Low,69.4,6.8013735,100,1747898100,Very Low,3.2068949,7.50425,Very Low,5.4764185,61.4,3.9285715,100,1747898100,3.9285715
2025-05-22T07:26:32Z,0,29.939,73.7,63,67.9,5,4,159,79,0.0,255,32767,0.11,2090-9-18,0.0,0.52,26.6,0.0,0.0,0.0,0,4.822265625,6,45,05:40,20:21,2025-05-22 07:26:32.128802,Città della Scienza,75.8,8.273301,7.928739,4.008619,4.845468,EU EEA Common AQI,70.3,6.056835,6.0674176,7200,3.5,100,100,63.8,3.142857,Very Low,69.4,6.8013735,100,1747898100,Very Low,3.2068949,7.50425,Very Low,5.4764185,61.4,3.9285715,100,1747898100,3.9285715
2025-05-22T07:26:43Z,0,29.94,73.7,63,67.9,4,4,150,79,0.0,255,32767,0.11,2090-9-18,0.0,0.52,26.6,0.0,0.0,0.0,0,4.822265625,6,45,05:40,20:21,2025-05-22 07:26:43.196798,Città della Scienza,75.8,8.273301,7.928739,4.008619,4.845468,EU EEA Common AQI,70.3,6.056835,6.0674176,7200,3.5,100,100,63.8,3.142857,Very Low,69.4,6.8013735,100,1747898100,Very Low,3.2068949,7.50425,Very Low,5.4764185,61.4,3.9285715,100,1747898100,3.9285715
2025-05-22T07:26:54Z,0,29.94,73.7,63,67.9,4,4,159,79,0.0,255,32767,0.11,2090-9-18,0.0,0.52,26.6,0.0,0.0,0.0,0,4.822265625,6,45,05:40,20:21,2025-05-22 07:26:54.315804,Città della Scienza,75.8,8.273301,7.928739,4.008619,4.845468,EU EEA Common AQI,70.3,6.056835,6.0674176,7200,3.5,100,100,63.8,3.142857,Very Low,69.4,6.8013735,100,1747898100,Very Low,3.2068949,7.50425,Very Low,5.4764185,61.4,3.9285715,100,1747898100,3.9285715
2025-05-22T07:27:05Z,0,29.94,73.7,63,67.9,4,4,144,79,0.0,255,32767,0.11,2090-9-18,0.0,0.52,26.6,0.0,0.0,0.0,0,4.822265625,6,45,05:40,20:21,2025-05-22 07:27:05.446803,Città della Scienza,75.8,8.273301,7.928739,4.008619,4.845468,EU EEA Common AQI,70.3,6.056835,6.0674176,7200,3.5,100,100,63.8,3.142857,Very Low,69.4,6.8013735,100,1747898100,Very Low,3.2068949,7.50425,Very Low,5.4764185,61.4,3.9285715,100,1747898100,3.9285715
2025-05-22T07:27:16Z,0,29.94,73.7,63,67.9,3,4,153,79,0.0,255,32767,0.11,2090-9-18,0.0,0.52,26.6,0.0,0.0,0.0,0,4.822265625,6,45,05:40,20:21,2025-05-22 07:27:16.510976,Città della Scienza,75.8,8.273301,7.928739,4.008619,4.845468,EU EEA Common AQI,70.3,6.056835,6.0674176,7200,3.5,100,100,63.8,3.142857,Very Low,69.4,6.8013735,100,1747898100,Very Low,3.2068949,7.50425,Very Low,5.4764185,61.4,3.9285715,100,1747898100,3.9285715
2025-05-22T07:27:27Z,0,29.94,73.7,63,67.9,5,4,156,79,0.0,255,32767,0.11,2090-9-18,0.0,0.52,26.6,0.0,0.0,0.0,0,4.822265625,6,45,05:40,20:21,2025-05-22 07:27:27.615812,Città della Scienza,75.8,8.273301,7.928739,4.008619,4.845468,EU EEA Common AQI,70.3,6.056835,6.0674176,7200,3.5,100,100,63.8,3.142857,Very Low,69.4,6.8013735,100,1747898100,Very Low,3.2068949,7.50425,Very Low,5.4764185,61.4,3.9285715,100,1747898100,3.9285715
2025-05-22T07:27:38Z,0,29.939,73.7,63,67.9,3,4,154,79,0.0,255,32767,0.11,2090-9-18,0.0,0.52,26.6,0.0,0.0,0.0,0,4.822265625,6,45,05:40,20:21,2025-05-22 07:27:38.696792,Città della Scienza,75.8,8.273301,7.928739,4.008619,4.845468,EU EEA Common AQI,70.3,6.056835,6.0674176,7200,3.5,100,100,63.8,3.142857,Very Low,69.4,6.8013735,100,1747898100,Very Low,3.2068949,7.50425,Very Low,5.4764185,61.4,3.9285715,100,1747898100,3.9285715
2025-05-22T07:27:49Z,0,29.939,73.7,63,67.9,4,4,159,79,0.0,255,32767,0.11,2090-9-18,0.0,0.52,26.6,0.0,0.0,0.0,0,4.822265625,6,45,05:40,20:21,2025-05-22 07:27:49.791798,Città della Scienza,75.8,8.273301,7.928739,4.008619,4.845468,EU EEA Common AQI,70.3,6.056835,6.0674176,7200,3.5,100,100,63.8,3.142857,Very Low,69.4,6.8013735,100,1747898100,Very Low,3.2068949,7.50425,Very Low,5.4764185,61.4,3.9285715,100,1747898100,3.9285715
2025-05-22T07:28:01Z,0,29.939,73.7,63,67.9,5,4,186,79,0.0,255,32767,0.11,2090-9-18,0.0,0.52,26.6,0.0,0.0,0.0,0,4.822265625,6,45,05:40,20:21,2025-05-22 07:28:00.917797,Città della Scienza,75.8,8.273301,7.928739,4.008619,4.845468,EU EEA Common AQI,70.3,6.056835,6.0674176,7200,3.5,100,100,63.8,3.142857,Very Low,69.4,6.8013735,100,1747898100,Very Low,3.2068949,7.50425,Very Low,5.4764185,61.4,3.9285715,100,1747898100,3.9285715
2025-05-22T07:28:12Z,0,29.939,73.7,63,67.9,6,4,185,79,0.0,255,32767,0.11,2090-9-18,0.0,0.52,26.6,0.0,0.0,0.0,0,4.822265625,6,45,05:40,20:21,2025-05-22 07:28:12.037802,Città della Scienza,75.8,8.273301,7.928739,4.008619,4.845468,EU EEA Common AQI,70.3,6.056835,6.0674176,7200,3.5,100,100,63.8,3.142857,Very Low,69.4,6.8013735,100,1747898100,Very Low,3.2068949,7.50425,Very Low,5.4764185,61.4,3.9285715,100,1747898100,3.9285715
2025-05-22T07:28:23Z,0,29.939,73.7,63,67.9,3,4,141,79,0.0,255,32767,0.11,2090-9-18,0.0,0.52,26.6,0.0,0.0,0.0,0,4.822265625,6,45,05:40,20:21,2025-05-22 07:28:23.130798,Città della Scienza,75.8,8.273301,7.928739,4.008619,4.845468,EU EEA Common AQI,70.3,6.056835,6.0674176,7200,3.5,100,100,63.8,3.142857,Very Low,69.4,6.8013735,100,1747898100,Very Low,3.2068949,7.50425,Very Low,5.4764185,61.4,3.9285715,100,1747898100,3.9285715
2025-05-22T07:28:34Z,0,29.94,73.8,63,67.9,2,4,176,79,0.0,255,32767,0.11,2090-9-18,0.0,0.52,26.6,0.0,0.0,0.0,0,4.822265625,6,45,05:40,20:21,2025-05-22 07:28:34.234798,Città della Scienza,75.8,8.273301,7.928739,4.008619,4.845468,EU EEA Common AQI,70.3,6.056835,6.0674176,7200,3.5,100,100,63.8,3.142857,Very Low,69.4,6.8013735,100,1747898100,Very Low,3.2068949,7.50425,Very Low,5.4764185,61.4,3.9285715,100,1747898100,3.9285715
2025-05-22T07:28:45Z,0,29.94,73.8,63,67.9,2,4,173,79,0.0,255,32767,0.11,2090-9-18,0.0,0.52,26.6,0.0,0.0,0.0,0,4.822265625,6,45,05:40,20:21,2025-05-22 07:28:45.353791,Città della Scienza,75.8,8.273301,7.928739,4.008619,4.845468,EU EEA Common AQI,70.3,6.056835,6.0674176,7200,3.5,100,100,63.8,3.142857,Very Low,69.4,6.8013735,100,1747898100,Very Low,3.2068949,7.50425,Very Low,5.4764185,61.4,3.9285715,100,1747898100,3.9285715
2025-05-22T07:28:56Z,0,29.94,73.8,63,67.9,2,4,180,79,0.0,255,32767,0.11,2090-9-18,0.0,0.52,26.6,0.0,0.0,0.0,0,4.822265625,6,45,05:40,20:21,2025-05-22 07:28:56.523751,Città della Scienza,75.8,8.273301,7.928739,4.008619,4.845468,EU EEA Common AQI,70.3,6.056835,6.0674176,7200,3.5,100,100,63.8,3.142857,Very Low,69.4,6.8013735,100,1747898100,Very Low,3.2068949,7.50425,Very Low,5.4764185,61.4,3.9285715,100,1747898100,3.9285715
2025-05-22T07:29:07Z,0,29.94,73.8,63,67.9,3,4,180,79,0.0,255,32767,0.11,2090-9-18,0.0,0.52,26.6,0.0,0.0,0.0,0,4.822265625,6,45,05:40,20:21,2025-05-22 07:29:07.654816,Città della Scienza,75.8,8.273301,7.928739,4.008619,4.845468,EU EEA Common AQI,70.3,6.056835,6.0674176,7200,3.5,100,100,63.8,3.142857,Very Low,69.4,6.8013735,100,1747898100,Very Low,3.2068949,7.50425,Very Low,5.4764185,61.4,3.9285715,100,1747898100,3.9285715
2025-05-22T07:29:18Z,0,29.94,73.8,63,67.9,5,4,171,79,0.0,255,32767,0.11,2090-9-18,0.0,0.52,26.6,0.0,0.0,0.0,0,4.822265625,6,45,05:40,20:21,2025-05-22 07:29:18.719784,Città della Scienza,75.8,8.273301,7.928739,4.008619,4.845468,EU EEA Common AQI,70.3,6.056835,6.0674176,7200,3.5,100,100,63.8,3.142857,Very Low,69.4,6.8013735,100,1747898100,Very Low,3.2068949,7.50425,Very Low,5.4764185,61.4,3.9285715,100,1747898100,3.9285715
2025-05-22T07:29:30Z,0,29.94,73.8,63,68.0,6,4,167,79,0.0,255,32767,0.11,2090-9-18,0.0,0.52,26.6,0.0,0.0,0.0,0,4.822265625,6,45,05:40,20:21,2025-05-22 07:29:29.873755,Città della Scienza,75.8,8.273301,7.928739,4.008619,4.845468,EU EEA Common AQI,70.3,6.056835,6.0674176,7200,3.5,100,100,63.8,3.142857,Very Low,69.4,6.8013735,100,1747898100,Very Low,3.2068949,7.50425,Very Low,5.4764185,61.4,3.9285715,100,1747898100,3.9285715
2025-05-22T07:29:41Z,0,29.939,73.7,63,67.9,6,4,180,79,0.0,255,32767,0.11,2090-9-18,0.0,0.52,26.6,0.0,0.0,0.0,0,4.822265625,6,45,05:40,20:21,2025-05-22 07:29:40.993806,Città della Scienza,75.8,8.273301,7.928739,4.008619,4.845468,EU EEA Common AQI,70.3,6.056835,6.0674176,7200,3.5,100,100,63.8,3.142857,Very Low,69.4,6.8013735,100,1747898100,Very Low,3.2068949,7.50425,Very Low,5.4764185,61.4,3.9285715,100,1747898100,3.9285715
2025-05-22T07:29:52Z,0,29.939,73.7,63,68.0,5,4,178,79,0.0,255,32767,0.11,2090-9-18,0.0,0.52,26.6,0.0,0.0,0.0,0,4.822265625,6,45,05:40,20:21,2025-05-22 07:29:52.093792,Città della Scienza,75.8,8.273301,7.928739,4.008619,4.845468,EU EEA Common AQI,70.3,6.056835,6.0674176,7200,3.5,100,100,63.8,3.142857,Very Low,69.4,6.8013735,100,1747898100,Very Low,3.2068949,7.50425,Very Low,5.4764185,61.4,3.9285715,100,1747898100,3.9285715
2025-05-22T07:30:03Z,0,29.939,73.7,63,68.0,6,4,175,79,0.0,255,32767,0.11,2090-9-18,0.0,0.52,26.6,0.0,0.0,0.0,0,4.822265625,6,45,05:40,20:21,2025-05-22 07:30:03.209784,Città della Scienza,75.8,8.273301,7.928739,4.008619,4.845468,EU EEA Common AQI,70.3,6.056835,6.0674176,7200,3.5,100,100,63.8,3.142857,Very Low,69.4,6.8013735,100,1747898100,Very Low,3.2068949,7.50425,Very Low,5.4764185,61.4,3.9285715,100,1747898100,3.9285715
2025-05-22T07:30:14Z,0,29.939,73.7,63,68.0,6,4,168,79,0.0,255,32767,0.11,2090-9-18,0.0,0.52,26.6,0.0,0.0,0.0,0,4.822265625,6,45,05:40,20:21,2025-05-22 07:30:14.346751,Città della Scienza,75.8,8.273301,7.928739,4.008619,4.845468,EU EEA Common AQI,70.3,6.056835,6.0674176,7200,3.5,100,100,63.8,3.142857,Very Low,69.4,6.8013735,100,1747898100,Very Low,3.2068949,7.50425,Very Low,5.4764185,61.4,3.9285715,100,1747898100,3.9285715
2025-05-22T07:30:25Z,0,29.939,73.7,63,67.9,4,4,169,79,0.0,255,32767,0.11,2090-9-18,0.0,0.52,26.6,0.0,0.0,0.0,0,4.822265625,6,45,05:40,20:21,2025-05-22 07:30:25.481801,Città della Scienza,77.0,7.5850835,7.9235086,4.0038304,4.661574,EU EEA Common AQI,70.5,5.8269677,6.074505,7200,3.642857,100,100,64.2,3.085714,Very Low,69.5,6.1230536,100,1747899000,Very Low,3.2030642,7.2903247,Very Low,5.4900646,61.9,5.8714285,100,1747899000,3.857143
2025-05-22T07:30:36Z,0,29.938,73.7,63,67.9,5,4,164,79,0.0,255,32767,0.11,2090-9-18,0.0,0.52,26.6,0.0,0.0,0.0,0,4.822265625,6,45,05:40,20:21,2025-05-22 07:30:36.582793,Città della Scienza,77.0,7.5850835,7.9235086,4.0038304,4.661574,EU EEA Common AQI,70.5,5.8269677,6.074505,7200,3.642857,100,100,64.2,3.085714,Very Low,69.5,6.1230536,100,1747899000,Very Low,3.2030642,7.2903247,Very Low,5.4900646,61.9,5.8714285,100,1747899000,3.857143
2025-05-22T07:30:47Z,0,29.938,73.7,63,67.9,5,4,165,79,0.0,255,32767,0.11,2090-9-18,0.0,0.52,26.6,0.0,0.0,0.0,0,4.822265625,6,45,05:40,20:21,2025-05-22 07:30:47.691805,Città della Scienza,77.0,7.5850835,7.9235086,4.0038304,4.661574,EU EEA Common AQI,70.5,5.8269677,6.074505,7200,3.642857,100,100,64.2,3.085714,Very Low,69.5,6.1230536,100,1747899000,Very Low,3.2030642,7.2903247,Very Low,5.4900646,61.9,5.8714285,100,1747899000,3.857143
2025-05-22T07:30:58Z,0,29.938,73.7,63,67.9,5,4,165,79,0.0,255,32767,0.11,2090-9-18,0.0,0.52,26.6,0.0,0.0,0.0,0,4.822265625,6,45,05:40,20:21,2025-05-22 07:30:58.779793,Città della Scienza,77.0,7.5850835,7.9235086,4.0038304,4.661574,EU EEA Common AQI,70.5,5.8269677,6.074505,7200,3.642857,100,100,64.2,3.085714,Very Low,69.5,6.1230536,100,1747899000,Very Low,3.2030642,7.2903247,Very Low,5.4900646,61.9,5.8714285,100,1747899000,3.857143
2025-05-22T07:31:10Z,0,29.938,73.7,63,67.9,5,4,162,79,0.0,255,32767,0.11,2090-9-18,0.0,0.52,26.6,0.0,0.0,0.0,0,4.822265625,6,45,05:40,20:21,2025-05-22 07:31:09.900793,Città della Scienza,77.0,7.5850835,7.9235086,4.0038304,4.661574,EU EEA Common AQI,70.5,5.8269677,6.074505,7200,3.642857,100,100,64.2,3.085714,Very Low,69.5,6.1230536,100,1747899000,Very Low,3.2030642,7.2903247,Very Low,5.4900646,61.9,5.8714285,100,1747899000,3.857143
2025-05-22T07:31:21Z,0,29.938,73.7,63,67.9,4,4,175,79,0.0,255,32767,0.11,2090-9-18,0.0,0.52,26.6,0.0,0.0,0.0,0,4.822265625,6,45,05:40,20:21,2025-05-22 07:31:21.021801,Città della Scienza,77.0,7.5850835,7.9235086,4.0038304,4.661574,EU EEA Common AQI,70.5,5.8269677,6.074505,7200,3.642857,100,100,64.2,3.085714,Very Low,69.5,6.1230536,100,1747899000,Very Low,3.2030642,7.2903247,Very Low,5.4900646,61.9,5.8714285,100,1747899000,3.857143
2025-05-22T07:31:32Z,0,29.938,73.7,63,67.9,6,4,161,79,0.0,255,32767,0.11,2090-9-18,0.0,0.52,26.6,0.0,0.0,0.0,0,4.822265625,6,45,05:40,20:21,2025-05-22 07:31:32.133798,Città della Scienza,77.0,7.5850835,7.9235086,4.0038304,4.661574,EU EEA Common AQI,70.5,5.8269677,6.074505,7200,3.642857,100,100,64.2,3.085714,Very Low,69.5,6.1230536,100,1747899000,Very Low,3.2030642,7.2903247,Very Low,5.4900646,61.9,5.8714285,100,1747899000,3.857143
2025-05-22T07:31:43Z,0,29.939,73.7,63,67.9,3,4,178,79,0.0,255,32767,0.11,2090-9-18,0.0,0.52,26.6,0.0,0.0,0.0,0,4.822265625,6,45,05:40,20:21,2025-05-22 07:31:43.274788,Città della Scienza,77.0,7.5850835,7.9235086,4.0038304,4.661574,EU EEA Common AQI,70.5,5.8269677,6.074505,7200,3.642857,100,100,64.2,3.085714,Very Low,69.5,6.1230536,100,1747899000,Very Low,3.2030642,7.2903247,Very Low,5.4900646,61.9,5.8714285,100,1747899000,3.857143
2025-05-22T07:31:54Z,0,29.939,73.7,63,67.9,6,4,166,79,0.0,255,32767,0.11,2090-9-18,0.0,0.52,26.6,0.0,0.0,0.0,0,4.822265625,6,45,05:40,20:21,2025-05-22 07:31:54.363805,Città della Scienza,77.0,7.5850835,7.9235086,4.0038304,4.661574,EU EEA Common AQI,70.5,5.8269677,6.074505,7200,3.642857,100,100,64.2,3.085714,Very Low,69.5,6.1230536,100,1747899000,Very Low,3.2030642,7.2903247,Very Low,5.4900646,61.9,5.8714285,100,1747899000,3.857143
2025-05-22T07:32:05Z,0,29.939,73.7,63,67.9,7,4,157,79,0.0,255,32767,0.11,2090-9-18,0.0,0.52,26.6,0.0,0.0,0.0,0,4.822265625,6,45,05:40,20:21,2025-05-22 07:32:05.436804,Città della Scienza,77.0,7.5850835,7.9235086,4.0038304,4.661574,EU EEA Common AQI,70.5,5.8269677,6.074505,7200,3.642857,100,100,64.2,3.085714,Very Low,69.5,6.1230536,100,1747899000,Very Low,3.2030642,7.2903247,Very Low,5.4900646,61.9,5.8714285,100,1747899000,3.857143
2025-05-22T07:32:16Z,0,29.939,73.7,63,67.9,6,4,154,79,0.0,255,32767,0.11,2090-9-18,0.0,0.52,26.6,0.0,0.0,0.0,0,4.822265625,6,45,05:40,20:21,2025-05-22 07:32:16.540785,Città della Scienza,77.0,7.5850835,7.9235086,4.0038304,4.661574,EU EEA Common AQI,70.5,5.8269677,6.074505,7200,3.642857,100,100,64.2,3.085714,Very Low,69.5,6.1230536,100,1747899000,Very Low,3.2030642,7.2903247,Very Low,5.4900646,61.9,5.8714285,100,1747899000,3.857143
2025-05-22T07:32:27Z,0,29.939,73.7,63,67.9,6,4,159,79,0.0,255,32767,0.11,2090-9-18,0.0,0.52,26.6,0.0,0.0,0.0,0,4.822265625,6,45,05:40,20:21,2025-05-22 07:32:27.660785,Città della Scienza,77.0,7.5850835,7.9235086,4.0038304,4.661574,EU EEA Common AQI,70.5,5.8269677,6.074505,7200,3.642857,100,100,64.2,3.085714,Very Low,69.5,6.1230536,100,1747899000,Very Low,3.2030642,7.2903247,Very Low,5.4900646,61.9,5.8714285,100,1747899000,3.857143
2025-05-22T07:32:38Z,0,29.939,73.8,63,67.9,4,4,181,79,0.0,255,32767,0.11,2090-9-18,0.0,0.52,26.6,0.0,0.0,0.0,0,4.822265625,6,45,05:40,20:21,2025-05-22 07:32:38.779803,Città della Scienza,77.0,7.5850835,7.9235086,4.0038304,4.661574,EU EEA Common AQI,70.5,5.8269677,6.074505,7200,3.642857,100,100,64.2,3.085714,Very Low,69.5,6.1230536,100,1747899000,Very Low,3.2030642,7.2903247,Very Low,5.4900646,61.9,5.8714285,100,1747899000,3.857143
2025-05-22T07:32:50Z,0,29.939,73.8,63,67.8,5,4,176,80,0.0,255,32767,0.11,2090-9-18,0.0,0.52,26.6,0.0,0.0,0.0,0,4.822265625,6,45,05:40,20:21,2025-05-22 07:32:49.857757,Città della Scienza,77.0,7.5850835,7.9235086,4.0038304,4.661574,EU EEA Common AQI,70.5,5.8269677,6.074505,7200,3.642857,100,100,64.2,3.085714,Very Low,69.5,6.1230536,100,1747899000,Very Low,3.2030642,7.2903247,Very Low,5.4900646,61.9,5.8714285,100,1747899000,3.857143
2025-05-22T07:33:01Z,0,29.939,73.8,63,67.9,6,4,163,80,0.0,255,32767,0.11,2090-9-18,0.0,0.52,26.6,0.0,0.0,0.0,0,4.822265625,6,45,05:40,20:21,2025-05-22 07:33:00.949803,Città della Scienza,77.0,7.5850835,7.9235086,4.0038304,4.661574,EU EEA Common AQI,70.5,5.8269677,6.074505,7200,3.642857,100,100,64.2,3.085714,Very Low,69.5,6.1230536,100,1747899000,Very Low,3.2030642,7.2903247,Very Low,5.4900646,61.9,5.8714285,100,1747899000,3.857143
2025-05-22T07:33:12Z,0,29.939,73.8,63,67.9,6,4,159,80,0.0,255,32767,0.11,2090-9-18,0.0,0.52,26.6,0.0,0.0,0.0,0,4.822265625,6,45,05:40,20:21,2025-05-22 07:33:12.077786,Città della Scienza,77.0,7.5850835,7.9235086,4.0038304,4.661574,EU EEA Common AQI,70.5,5.8269677,6.074505,7200,3.642857,100,100,64.2,3.085714,Very Low,69.5,6.1230536,100,1747899000,Very Low,3.2030642,7.2903247,Very Low,5.4900646,61.9,5.8714285,100,1747899000,3.857143
2025-05-22T07:33:23Z,0,29.939,73.8,63,67.9,6,4,159,80,0.0,255,32767,0.11,2090-9-18,0.0,0.52,26.6,0.0,0.0,0.0,0,4.822265625,6,45,05:40,20:21,2025-05-22 07:33:23.185785,Città della Scienza,77.0,7.5850835,7.9235086,4.0038304,4.661574,EU EEA Common AQI,70.5,5.8269677,6.074505,7200,3.642857,100,100,64.2,3.085714,Very Low,69.5,6.1230536,100,1747899000,Very Low,3.2030642,7.2903247,Very Low,5.4900646,61.9,5.8714285,100,1747899000,3.857143
2025-05-22T07:33:34Z,0,29.939,73.8,63,67.9,6,5,157,80,0.0,255,32767,0.11,2090-9-18,0.0,0.52,26.6,0.0,0.0,0.0,0,4.822265625,6,45,05:40,20:21,2025-05-22 07:33:34.283792,Città della Scienza,77.0,7.5850835,7.9235086,4.0038304,4.661574,EU EEA Common AQI,70.5,5.8269677,6.074505,7200,3.642857,100,100,64.2,3.085714,Very Low,69.5,6.1230536,100,1747899000,Very Low,3.2030642,7.2903247,Very Low,5.4900646,61.9,5.8714285,100,1747899000,3.857143
2025-05-22T07:33:45Z,0,29.939,73.8,63,67.7,6,5,163,80,0.0,255,32767,0.11,2090-9-18,0.0,0.52,26.6,0.0,0.0,0.0,0,4.822265625,6,45,05:40,20:21,2025-05-22 07:33:45.382805,Città della Scienza,77.0,7.5850835,7.9235086,4.0038304,4.661574,EU EEA Common AQI,70.5,5.8269677,6.074505,7200,3.642857,100,100,64.2,3.085714,Very Low,69.5,6.1230536,100,1747899000,Very Low,3.2030642,7.2903247,Very Low,5.4900646,61.9,5.8714285,100,1747899000,3.857143
2025-05-22T07:33:56Z,0,29.939,73.8,63,67.8,5,5,164,80,0.0,255,32767,0.11,2090-9-18,0.0,0.52,26.6,0.0,0.0,0.0,0,4.822265625,6,45,05:40,20:21,2025-05-22 07:33:56.476801,Città della Scienza,77.0,7.5850835,7.9235086,4.0038304,4.661574,EU EEA Common AQI,70.5,5.8269677,6.074505,7200,3.642857,100,100,64.2,3.085714,Very Low,69.5,6.1230536,100,1747899000,Very Low,3.2030642,7.2903247,Very Low,5.4900646,61.9,5.8714285,100,1747899000,3.857143
2025-05-22T07:34:07Z,0,29.939,73.8,63,67.8,4,5,155,80,0.0,255,32767,0.11,2090-9-18,0.0,0.52,26.6,0.0,0.0,0.0,0,4.822265625,6,45,05:40,20:21,2025-05-22 07:34:07.552787,Città della Scienza,77.0,7.5850835,7.9235086,4.0038304,4.661574,EU EEA Common AQI,70.5,5.8269677,6.074505,7200,3.642857,100,100,64.2,3.085714,Very Low,69.5,6.1230536,100,1747899000,Very Low,3.2030642,7.2903247,Very Low,5.4900646,61.9,5.8714285,100,1747899000,3.857143
2025-05-22T07:34:18Z,0,29.939,73.8,63,67.7,6,5,165,80,0.0,255,32767,0.11,2090-9-18,0.0,0.52,26.6,0.0,0.0,0.0,0,4.822265625,6,45,05:40,20:21,2025-05-22 07:34:18.626810,Città della Scienza,77.0,7.5850835,7.9235086,4.0038304,4.661574,EU EEA Common AQI,70.5,5.8269677,6.074505,7200,3.642857,100,100,64.2,3.085714,Very Low,69.5,6.1230536,100,1747899000,Very Low,3.2030642,7.2903247,Very Low,5.4900646,61.9,5.8714285,100,1747899000,3.857143
2025-05-22T07:34:29Z,0,29.939,73.8,63,67.7,6,5,171,80,0.0,255,32767,0.11,2090-9-18,0.0,0.52,26.6,0.0,0.0,0.0,0,4.822265625,6,45,05:40,20:21,2025-05-22 07:34:29.763794,Città della Scienza,77.0,7.5850835,7.9235086,4.0038304,4.661574,EU EEA Common AQI,70.5,5.8269677,6.074505,7200,3.642857,100,100,64.2,3.085714,Very Low,69.5,6.1230536,100,1747899000,Very Low,3.2030642,7.2903247,Very Low,5.4900646,61.9,5.8714285,100,1747899000,3.857143
2025-05-22T07:34:41Z,0,29.941,73.8,63,67.7,6,5,163,80,0.0,255,32767,0.11,2090-9-18,0.0,0.52,26.6,0.0,0.0,0.0,0,4.822265625,6,45,05:40,20:21,2025-05-22 07:34:40.870804,Città della Scienza,77.0,7.5850835,7.9235086,4.0038304,4.661574,EU EEA Common AQI,70.5,5.8269677,6.074505,7200,3.642857,100,100,64.2,3.085714,Very Low,69.5,6.1230536,100,1747899000,Very Low,3.2030642,7.2903247,Very Low,5.4900646,61.9,5.8714285,100,1747899000,3.857143
2025-05-22T07:34:52Z,0,29.941,73.8,63,67.7,6,5,181,80,0.0,255,32767,0.11,2090-9-18,0.0,0.52,26.6,0.0,0.0,0.0,0,4.822265625,6,45,05:40,20:21,2025-05-22 07:34:52.002788,Città della Scienza,77.0,7.5850835,7.9235086,4.0038304,4.661574,EU EEA Common AQI,70.5,5.8269677,6.074505,7200,3.642857,100,100,64.2,3.085714,Very Low,69.5,6.1230536,100,1747899000,Very Low,3.2030642,7.2903247,Very Low,5.4900646,61.9,5.8714285,100,1747899000,3.857143
2025-05-22T07:35:03Z,0,29.941,73.8,63,67.7,7,5,173,80,0.0,255,32767,0.11,2090-9-18,0.0,0.52,26.6,0.0,0.0,0.0,0,4.822265625,6,45,05:40,20:21,2025-05-22 07:35:03.100798,Città della Scienza,77.0,7.5850835,7.9235086,4.0038304,4.661574,EU EEA Common AQI,70.5,5.8269677,6.074505,7200,3.642857,100,100,64.2,3.085714,Very Low,69.5,6.1230536,100,1747899000,Very Low,3.2030642,7.2903247,Very Low,5.4900646,61.9,5.8714285,100,1747899000,3.857143
2025-05-22T07:35:14Z,0,29.941,73.8,63,67.7,5,5,171,80,0.0,255,32767,0.11,2090-9-18,0.0,0.52,26.6,0.0,0.0,0.0,0,4.822265625,6,45,05:40,20:21,2025-05-22 07:35:14.226792,Città della Scienza,77.0,7.5850835,7.9235086,4.0038304,4.661574,EU EEA Common AQI,70.5,5.8269677,6.074505,7200,3.642857,100,100,64.2,3.085714,Very Low,69.5,6.1230536,100,1747899000,Very Low,3.2030642,7.2903247,Very Low,5.4900646,61.9,5.8714285,100,1747899000,3.857143
2025-05-22T07:35:25Z,0,29.941,73.8,63,67.7,6,5,178,80,0.0,255,32767,0.11,2090-9-18,0.0,0.52,26.6,0.0,0.0,0.0,0,4.822265625,6,45,05:40,20:21,2025-05-22 07:35:25.319757,Città della Scienza,77.0,7.5850835,7.9235086,4.0038304,4.661574,EU EEA Common AQI,70.5,5.8269677,6.074505,7200,3.642857,100,100,64.2,3.085714,Very Low,69.5,6.1230536,100,1747899000,Very Low,3.2030642,7.2903247,Very Low,5.4900646,61.9,5.8714285,100,1747899000,3.857143
2025-05-22T07:35:36Z,0,29.939,73.9,63,67.7,4,5,190,80,0.0,255,32767,0.11,2090-9-18,0.0,0.52,26.6,0.0,0.0,0.0,0,4.822265625,6,45,05:40,20:21,2025-05-22 07:35:36.461794,Città della Scienza,77.0,7.5850835,7.9235086,4.0038304,4.661574,EU EEA Common AQI,70.5,5.8269677,6.074505,7200,3.642857,100,100,64.2,3.085714,Very Low,69.5,6.1230536,100,1747899000,Very Low,3.2030642,7.2903247,Very Low,5.4900646,61.9,5.8714285,100,1747899000,3.857143
2025-05-22T07:35:47Z,0,29.939,73.9,63,67.7,6,5,157,80,0.0,255,32767,0.11,2090-9-18,0.0,0.52,26.6,0.0,0.0,0.0,0,4.822265625,6,45,05:40,20:21,2025-05-22 07:35:47.550759,Città della Scienza,77.0,7.5850835,7.9235086,4.0038304,4.661574,EU EEA Common AQI,70.5,5.8269677,6.074505,7200,3.642857,100,100,64.2,3.085714,Very Low,69.5,6.1230536,100,1747899000,Very Low,3.2030642,7.2903247,Very Low,5.4900646,61.9,5.8714285,100,1747899000,3.857143
2025-05-22T07:35:58Z,0,29.939,73.9,63,67.6,3,5,179,80,0.0,255,32767,0.11,2090-9-18,0.0,0.52,26.6,0.0,0.0,0.0,0,4.822265625,6,45,05:40,20:21,2025-05-22 07:35:58.652806,Città della Scienza,77.0,7.5850835,7.9235086,4.0038304,4.661574,EU EEA Common AQI,70.5,5.8269677,6.074505,7200,3.642857,100,100,64.2,3.085714,Very Low,69.5,6.1230536,100,1747899000,Very Low,3.2030642,7.2903247,Very Low,5.4900646,61.9,5.8714285,100,1747899000,3.857143
2025-05-22T07:36:09Z,0,29.939,73.9,63,67.7,5,5,178,80,0.0,255,32767,0.11,2090-9-18,0.0,0.52,26.6,0.0,0.0,0.0,0,4.822265625,6,45,05:40,20:21,2025-05-22 07:36:09.725799,Città della Scienza,77.0,7.5850835,7.9235086,4.0038304,4.661574,EU EEA Common AQI,70.5,5.8269677,6.074505,7200,3.642857,100,100,64.2,3.085714,Very Low,69.5,6.1230536,100,1747899000,Very Low,3.2030642,7.2903247,Very Low,5.4900646,61.9,5.8714285,100,1747899000,3.857143
2025-05-22T07:36:21Z,0,29.939,73.9,63,67.6,6,5,161,80,0.0,255,32767,0.11,2090-9-18,0.0,0.52,26.6,0.0,0.0,0.0,0,4.822265625,6,45,05:40,20:21,2025-05-22 07:36:20.805806,Città della Scienza,77.0,7.5850835,7.9235086,4.0038304,4.661574,EU EEA Common AQI,70.5,5.8269677,6.074505,7200,3.642857,100,100,64.2,3.085714,Very Low,69.5,6.1230536,100,1747899000,Very Low,3.2030642,7.2903247,Very Low,5.4900646,61.9,5.8714285,100,1747899000,3.857143
2025-05-22T07:36:32Z,0,29.939,73.9,63,67.6,5,5,167,80,0.0,255,32767,0.11,2090-9-18,0.0,0.52,26.6,0.0,0.0,0.0,0,4.822265625,6,45,05:40,20:21,2025-05-22 07:36:31.902796,Città della Scienza,77.0,7.5850835,7.9235086,4.0038304,4.661574,EU EEA Common AQI,70.5,5.8269677,6.074505,7200,3.642857,100,100,64.2,3.085714,Very Low,69.5,6.1230536,100,1747899000,Very Low,3.2030642,7.2903247,Very Low,5.4900646,61.9,5.8714285,100,1747899000,3.857143
2025-05-22T07:36:43Z,0,29.94,73.9,63,67.6,4,5,178,80,0.0,255,32767,0.11,2090-9-18,0.0,0.52,26.6,0.0,0.0,0.0,0,4.822265625,6,45,05:40,20:21,2025-05-22 07:36:42.985788,Città della Scienza,77.0,7.5850835,7.9235086,4.0038304,4.661574,EU EEA Common AQI,70.5,5.8269677,6.074505,7200,3.642857,100,100,64.2,3.085714,Very Low,69.5,6.1230536,100,1747899000,Very Low,3.2030642,7.2903247,Very Low,5.4900646,61.9,5.8714285,100,1747899000,3.857143
2025-05-22T07:36:54Z,0,29.94,73.9,63,67.6,5,5,178,80,0.0,255,32767,0.11,2090-9-18,0.0,0.52,26.6,0.0,0.0,0.0,0,4.822265625,6,45,05:40,20:21,2025-05-22 07:36:54.081797,Città della Scienza,77.0,7.5850835,7.9235086,4.0038304,4.661574,EU EEA Common AQI,70.5,5.8269677,6.074505,7200,3.642857,100,100,64.2,3.085714,Very Low,69.5,6.1230536,100,1747899000,Very Low,3.2030642,7.2903247,Very Low,5.4900646,61.9,5.8714285,100,1747899000,3.857143
2025-05-22T07:37:05Z,0,29.94,73.9,63,67.6,5,5,165,80,0.0,255,32767,0.11,2090-9-18,0.0,0.52,26.6,0.0,0.0,0.0,0,4.822265625,6,45,05:40,20:21,2025-05-22 07:37:05.192792,Città della Scienza,77.0,7.5850835,7.9235086,4.0038304,4.661574,EU EEA Common AQI,70.5,5.8269677,6.074505,7200,3.642857,100,100,64.2,3.085714,Very Low,69.5,6.1230536,100,1747899000,Very Low,3.2030642,7.2903247,Very Low,5.4900646,61.9,5.8714285,100,1747899000,3.857143
2025-05-22T07:37:16Z,0,29.94,73.9,63,67.6,5,5,162,80,0.0,255,32767,0.11,2090-9-18,0.0,0.52,26.6,0.0,0.0,0.0,0,4.822265625,6,45,05:40,20:21,2025-05-22 07:37:16.292790,Città della Scienza,77.0,7.5850835,7.9235086,4.0038304,4.661574,EU EEA Common AQI,70.5,5.8269677,6.074505,7200,3.642857,100,100,64.2,3.085714,Very Low,69.5,6.1230536,100,1747899000,Very Low,3.2030642,7.2903247,Very Low,5.4900646,61.9,5.8714285,100,1747899000,3.857143
2025-05-22T07:37:27Z,0,29.94,73.9,63,67.6,5,5,164,80,0.0,255,32767,0.11,2090-9-18,0.0,0.52,26.6,0.0,0.0,0.0,0,4.822265625,6,45,05:40,20:21,2025-05-22 07:37:27.423808,Città della Scienza,77.0,7.5850835,7.9235086,4.0038304,4.661574,EU EEA Common AQI,70.5,5.8269677,6.074505,7200,3.642857,100,100,64.2,3.085714,Very Low,69.5,6.1230536,100,1747899000,Very Low,3.2030642,7.2903247,Very Low,5.4900646,61.9,5.8714285,100,1747899000,3.857143
2025-05-22T07:37:38Z,0,29.939,73.9,63,67.6,5,5,168,80,0.0,255,32767,0.11,2090-9-18,0.0,0.52,26.6,0.0,0.0,0.0,0,4.822265625,6,45,05:40,20:21,2025-05-22 07:37:38.524794,Città della Scienza,77.0,7.5850835,7.9235086,4.0038304,4.661574,EU EEA Common AQI,70.5,5.8269677,6.074505,7200,3.642857,100,100,64.2,3.085714,Very Low,69.5,6.1230536,100,1747899000,Very Low,3.2030642,7.2903247,Very Low,5.4900646,61.9,5.8714285,100,1747899000,3.857143
2025-05-22T07:37:49Z,0,29.939,73.9,63,67.5,4,5,192,80,0.0,255,32767,0.11,2090-9-18,0.0,0.52,26.6,0.0,0.0,0.0,0,4.822265625,6,45,05:40,20:21,2025-05-22 07:37:49.626793,Città della Scienza,77.0,7.5850835,7.9235086,4.0038304,4.661574,EU EEA Common AQI,70.5,5.8269677,6.074505,7200,3.642857,100,100,64.2,3.085714,Very Low,69.5,6.1230536,100,1747899000,Very Low,3.2030642,7.2903247,Very Low,5.4900646,61.9,5.8714285,100,1747899000,3.857143
2025-05-22T07:38:00Z,0,29.939,73.9,63,67.5,6,5,172,80,0.0,255,32767,0.11,2090-9-18,0.0,0.52,26.6,0.0,0.0,0.0,0,4.822265625,6,45,05:40,20:21,2025-05-22 07:38:00.723770,Città della Scienza,77.0,7.5850835,7.9235086,4.0038304,4.661574,EU EEA Common AQI,70.5,5.8269677,6.074505,7200,3.642857,100,100,64.2,3.085714,Very Low,69.5,6.1230536,100,1747899000,Very Low,3.2030642,7.2903247,Very Low,5.4900646,61.9,5.8714285,100,1747899000,3.857143
2025-05-22T07:38:12Z,0,29.939,73.9,63,67.6,5,5,161,80,0.0,255,32767,0.11,2090-9-18,0.0,0.52,26.6,0.0,0.0,0.0,0,4.822265625,6,45,05:40,20:21,2025-05-22 07:38:11.801772,Città della Scienza,77.0,7.5850835,7.9235086,4.0038304,4.661574,EU EEA Common AQI,70.5,5.8269677,6.074505,7200,3.642857,100,100,64.2,3.085714,Very Low,69.5,6.1230536,100,1747899000,Very Low,3.2030642,7.2903247,Very Low,5.4900646,61.9,5.8714285,100,1747899000,3.857143
2025-05-22T07:38:23Z,0,29.939,73.9,63,67.6,5,5,189,80,0.0,255,32767,0.11,2090-9-18,0.0,0.52,26.6,0.0,0.0,0.0,0,4.822265625,6,45,05:40,20:21,2025-05-22 07:38:22.887792,Città della Scienza,77.0,7.5850835,7.9235086,4.0038304,4.661574,EU EEA Common AQI,70.5,5.8269677,6.074505,7200,3.642857,100,100,64.2,3.085714,Very Low,69.5,6.1230536,100,1747899000,Very Low,3.2030642,7.2903247,Very Low,5.4900646,61.9,5.8714285,100,1747899000,3.857143
2025-05-22T07:38:34Z,0,29.939,73.9,63,67.6,6,5,182,80,0.0,255,32767,0.11,2090-9-18,0.0,0.52,26.6,0.0,0.0,0.0,0,4.822265625,6,45,05:40,20:21,2025-05-22 07:38:34.037784,Città della Scienza,77.0,7.5850835,7.9235086,4.0038304,4.661574,EU EEA Common AQI,70.5,5.8269677,6.074505,7200,3.642857,100,100,64.2,3.085714,Very Low,69.5,6.1230536,100,1747899000,Very Low,3.2030642,7.2903247,Very Low,5.4900646,61.9,5.8714285,100,1747899000,3.857143
2025-05-22T07:38:45Z,0,29.939,73.9,63,67.5,7,5,178,80,0.0,255,32767,0.11,2090-9-18,0.0,0.52,26.6,0.0,0.0,0.0,0,4.822265625,6,45,05:40,20:21,2025-05-22 07:38:45.131813,Città della Scienza,77.0,7.5850835,7.9235086,4.0038304,4.661574,EU EEA Common AQI,70.5,5.8269677,6.074505,7200,3.642857,100,100,64.2,3.085714,Very Low,69.5,6.1230536,100,1747899000,Very Low,3.2030642,7.2903247,Very Low,5.4900646,61.9,5.8714285,100,1747899000,3.857143
2025-05-22T07:38:56Z,0,29.939,73.9,63,67.5,6,5,192,80,0.0,255,32767,0.11,2090-9-18,0.0,0.52,26.6,0.0,0.0,0.0,0,4.822265625,6,45,05:40,20:21,2025-05-22 07:38:56.210805,Città della Scienza,77.0,7.5850835,7.9235086,4.0038304,4.661574,EU EEA Common AQI,70.5,5.8269677,6.074505,7200,3.642857,100,100,64.2,3.085714,Very Low,69.5,6.1230536,100,1747899000,Very Low,3.2030642,7.2903247,Very Low,5.4900646,61.9,5.8714285,100,1747899000,3.857143
2025-05-22T07:39:07Z,0,29.939,73.9,63,67.5,7,5,175,80,0.0,255,32767,0.11,2090-9-18,0.0,0.52,26.6,0.0,0.0,0.0,0,4.822265625,6,45,05:40,20:21,2025-05-22 07:39:07.294803,Città della Scienza,77.0,7.5850835,7.9235086,4.0038304,4.661574,EU EEA Common AQI,70.5,5.8269677,6.074505,7200,3.642857,100,100,64.2,3.085714,Very Low,69.5,6.1230536,100,1747899000,Very Low,3.2030642,7.2903247,Very Low,5.4900646,61.9,5.8714285,100,1747899000,3.857143
2025-05-22T07:39:18Z,0,29.939,73.9,63,67.5,5,5,194,80,0.0,255,32767,0.11,2090-9-18,0.0,0.52,26.6,0.0,0.0,0.0,0,4.822265625,6,45,05:40,20:21,2025-05-22 07:39:18.457809,Città della Scienza,77.0,7.5850835,7.9235086,4.0038304,4.661574,EU EEA Common AQI,70.5,5.8269677,6.074505,7200,3.642857,100,100,64.2,3.085714,Very Low,69.5,6.1230536,100,1747899000,Very Low,3.2030642,7.2903247,Very Low,5.4900646,61.9,5.8714285,100,1747899000,3.857143
2025-05-22T07:39:29Z,0,29.939,73.9,63,67.5,9,5,168,80,0.0,255,32767,0.11,2090-9-18,0.0,0.52,26.6,0.0,0.0,0.0,0,4.822265625,6,45,05:40,20:21,2025-05-22 07:39:29.564800,Città della Scienza,77.0,7.5850835,7.9235086,4.0038304,4.661574,EU EEA Common AQI,70.5,5.8269677,6.074505,7200,3.642857,100,100,64.2,3.085714,Very Low,69.5,6.1230536,100,1747899000,Very Low,3.2030642,7.2903247,Very Low,5.4900646,61.9,5.8714285,100,1747899000,3.857143
2025-05-22T07:39:40Z,0,29.94,73.9,63,67.5,6,5,173,80,0.0,255,32767,0.11,2090-9-18,0.0,0.52,26.6,0.0,0.0,0.0,0,4.822265625,6,45,05:40,20:21,2025-05-22 07:39:40.668811,Città della Scienza,77.0,7.5850835,7.9235086,4.0038304,4.661574,EU EEA Common AQI,70.5,5.8269677,6.074505,7200,3.642857,100,100,64.2,3.085714,Very Low,69.5,6.1230536,100,1747899000,Very Low,3.2030642,7.2903247,Very Low,5.4900646,61.9,5.8714285,100,1747899000,3.857143
2025-05-22T07:39:51Z,0,29.94,73.9,63,67.5,6,5,166,80,0.0,255,32767,0.11,2090-9-18,0.0,0.52,26.6,0.0,0.0,0.0,0,4.822265625,6,45,05:40,20:21,2025-05-22 07:39:51.789788,Città della Scienza,77.0,7.5850835,7.9235086,4.0038304,4.661574,EU EEA Common AQI,70.5,5.8269677,6.074505,7200,3.642857,100,100,64.2,3.085714,Very Low,69.5,6.1230536,100,1747899000,Very Low,3.2030642,7.2903247,Very Low,5.4900646,61.9,5.8714285,100,1747899000,3.857143
2025-05-22T07:40:03Z,0,29.94,73.9,63,67.5,5,5,184,80,0.0,255,32767,0.11,2090-9-18,0.0,0.52,26.6,0.0,0.0,0.0,0,4.822265625,6,45,05:40,20:21,2025-05-22 07:40:02.894782,Città della Scienza,77.0,7.5850835,7.9235086,4.0038304,4.661574,EU EEA Common AQI,70.5,5.8269677,6.074505,7200,3.642857,100,100,64.2,3.085714,Very Low,69.5,6.1230536,100,1747899000,Very Low,3.2030642,7.2903247,Very Low,5.4900646,61.9,5.8714285,100,1747899000,3.857143
2025-05-22T07:40:14Z,0,29.94,73.9,63,67.5,5,5,182,80,0.0,255,32767,0.11,2090-9-18,0.0,0.52,26.6,0.0,0.0,0.0,0,4.822265625,6,45,05:40,20:21,2025-05-22 07:40:14.023790,Città della Scienza,77.0,7.5850835,7.9235086,4.0038304,4.661574,EU EEA Common AQI,70.5,5.8269677,6.074505,7200,3.642857,100,100,64.2,3.085714,Very Low,69.5,6.1230536,100,1747899000,Very Low,3.2030642,7.2903247,Very Low,5.4900646,61.9,5.8714285,100,1747899000,3.857143
2025-05-22T07:40:25Z,0,29.94,73.9,63,67.5,3,5,174,80,0.0,255,32767,0.11,2090-9-18,0.0,0.52,26.6,0.0,0.0,0.0,0,4.822265625,6,45,05:40,20:21,2025-05-22 07:40:25.123791,Città della Scienza,77.0,7.5850835,7.9235086,4.0038304,4.661574,EU EEA Common AQI,70.5,5.8269677,6.074505,7200,3.642857,100,100,64.2,3.085714,Very Low,69.5,6.1230536,100,1747899000,Very Low,3.2030642,7.2903247,Very Low,5.4900646,61.9,5.8714285,100,1747899000,3.857143
2025-05-22T07:40:36Z,0,29.939,74.0,63,67.5,5,5,161,80,0.0,255,32767,0.11,2090-9-18,0.0,0.52,26.6,0.0,0.0,0.0,0,4.822265625,6,45,05:40,20:21,2025-05-22 07:40:36.248799,Città della Scienza,77.0,7.5850835,7.9235086,4.0038304,4.661574,EU EEA Common AQI,70.5,5.8269677,6.074505,7200,3.642857,100,100,64.2,3.085714,Very Low,69.5,6.1230536,100,1747899000,Very Low,3.2030642,7.2903247,Very Low,5.4900646,61.9,5.8714285,100,1747899000,3.857143
2025-05-22T07:40:47Z,0,29.939,74.0,63,67.5,6,5,164,80,0.0,255,32767,0.11,2090-9-18,0.0,0.52,26.6,0.0,0.0,0.0,0,4.822265625,6,45,05:40,20:21,2025-05-22 07:40:47.336791,Città della Scienza,77.0,7.5850835,7.9235086,4.0038304,4.661574,EU EEA Common AQI,70.5,5.8269677,6.074505,7200,3.642857,100,100,64.2,3.085714,Very Low,69.5,6.1230536,100,1747899000,Very Low,3.2030642,7.2903247,Very Low,5.4900646,61.9,5.8714285,100,1747899000,3.857143
2025-05-22T07:40:58Z,0,29.939,74.0,63,67.5,6,5,175,80,0.0,255,32767,0.11,2090-9-18,0.0,0.52,26.6,0.0,0.0,0.0,0,4.822265625,6,45,05:40,20:21,2025-05-22 07:40:58.449790,Città della Scienza,77.0,7.5850835,7.9235086,4.0038304,4.661574,EU EEA Common AQI,70.5,5.8269677,6.074505,7200,3.642857,100,100,64.2,3.085714,Very Low,69.5,6.1230536,100,1747899000,Very Low,3.2030642,7.2903247,Very Low,5.4900646,61.9,5.8714285,100,1747899000,3.857143
2025-05-22T07:41:09Z,0,29.939,74.0,63,67.5,6,5,170,80,0.0,255,32767,0.11,2090-9-18,0.0,0.52,26.6,0.0,0.0,0.0,0,4.822265625,6,45,05:40,20:21,2025-05-22 07:41:09.567793,Città della Scienza,77.0,7.5850835,7.9235086,4.0038304,4.661574,EU EEA Common AQI,70.5,5.8269677,6.074505,7200,3.642857,100,100,64.2,3.085714,Very Low,69.5,6.1230536,100,1747899000,Very Low,3.2030642,7.2903247,Very Low,5.4900646,61.9,5.8714285,100,1747899000,3.857143
2025-05-22T07:41:20Z,0,29.939,74.0,63,67.5,7,5,171,80,0.0,255,32767,0.11,2090-9-18,0.0,0.52,26.6,0.0,0.0,0.0,0,4.822265625,6,45,05:40,20:21,2025-05-22 07:41:20.646798,Città della Scienza,77.0,7.5850835,7.9235086,4.0038304,4.661574,EU EEA Common AQI,70.5,5.8269677,6.074505,7200,3.642857,100,100,64.2,3.085714,Very Low,69.5,6.1230536,100,1747899000,Very Low,3.2030642,7.2903247,Very Low,5.4900646,61.9,5.8714285,100,1747899000,3.857143
2025-05-22T07:41:31Z,0,29.939,74.0,63,67.5,4,5,190,80,0.0,255,32767,0.11,2090-9-18,0.0,0.52,26.6,0.0,0.0,0.0,0,4.822265625,6,45,05:40,20:21,2025-05-22 07:41:31.770801,Città della Scienza,77.0,7.5850835,7.9235086,4.0038304,4.661574,EU EEA Common AQI,70.5,5.8269677,6.074505,7200,3.642857,100,100,64.2,3.085714,Very Low,69.5,6.1230536,100,1747899000,Very Low,3.2030642,7.2903247,Very Low,5.4900646,61.9,5.8714285,100,1747899000,3.857143
2025-05-22T07:41:43Z,0,29.94,74.0,63,67.6,2,5,262,80,0.0,255,32767,0.11,2090-9-18,0.0,0.52,26.6,0.0,0.0,0.0,0,4.822265625,6,45,05:40,20:21,2025-05-22 07:41:42.878813,Città della Scienza,77.0,7.5850835,7.9235086,4.0038304,4.661574,EU EEA Common AQI,70.5,5.8269677,6.074505,7200,3.642857,100,100,64.2,3.085714,Very Low,69.5,6.1230536,100,1747899000,Very Low,3.2030642,7.2903247,Very Low,5.4900646,61.9,5.8714285,100,1747899000,3.857143
2025-05-22T07:41:54Z,0,29.94,74.0,63,67.5,5,5,235,80,0.0,255,32767,0.11,2090-9-18,0.0,0.52,26.6,0.0,0.0,0.0,0,4.822265625,6,45,05:40,20:21,2025-05-22 07:41:54.017813,Città della Scienza,77.0,7.5850835,7.9235086,4.0038304,4.661574,EU EEA Common AQI,70.5,5.8269677,6.074505,7200,3.642857,100,100,64.2,3.085714,Very Low,69.5,6.1230536,100,1747899000,Very Low,3.2030642,7.2903247,Very Low,5.4900646,61.9,5.8714285,100,1747899000,3.857143
2025-05-22T07:42:05Z,0,29.94,74.0,63,67.5,2,5,235,80,0.0,255,32767,0.11,2090-9-18,0.0,0.52,26.6,0.0,0.0,0.0,0,4.822265625,6,45,05:40,20:21,2025-05-22 07:42:05.118787,Città della Scienza,77.0,7.5850835,7.9235086,4.0038304,4.661574,EU EEA Common AQI,70.5,5.8269677,6.074505,7200,3.642857,100,100,64.2,3.085714,Very Low,69.5,6.1230536,100,1747899000,Very Low,3.2030642,7.2903247,Very Low,5.4900646,61.9,5.8714285,100,1747899000,3.857143
2025-05-22T07:42:16Z,0,29.94,74.0,63,67.6,5,5,172,80,0.0,255,32767,0.11,2090-9-18,0.0,0.52,26.6,0.0,0.0,0.0,0,4.822265625,6,45,05:40,20:21,2025-05-22 07:42:16.221799,Città della Scienza,77.0,7.5850835,7.9235086,4.0038304,4.661574,EU EEA Common AQI,70.5,5.8269677,6.074505,7200,3.642857,100,100,64.2,3.085714,Very Low,69.5,6.1230536,100,1747899000,Very Low,3.2030642,7.2903247,Very Low,5.4900646,61.9,5.8714285,100,1747899000,3.857143
2025-05-22T07:42:27Z,0,29.94,74.0,63,67.6,5,5,211,80,0.0,255,32767,0.11,2090-9-18,0.0,0.52,26.6,0.0,0.0,0.0,0,4.822265625,6,45,05:40,20:21,2025-05-22 07:42:27.344791,Città della Scienza,77.0,7.5850835,7.9235086,4.0038304,4.661574,EU EEA Common AQI,70.5,5.8269677,6.074505,7200,3.642857,100,100,64.2,3.085714,Very Low,69.5,6.1230536,100,1747899000,Very Low,3.2030642,7.2903247,Very Low,5.4900646,61.9,5.8714285,100,1747899000,3.857143
2025-05-22T07:42:38Z,0,29.938,74.0,63,67.6,7,5,184,80,0.0,255,32767,0.11,2090-9-18,0.0,0.52,26.6,0.0,0.0,0.0,0,4.822265625,6,45,05:40,20:21,2025-05-22 07:42:38.492790,Città della Scienza,77.0,7.5850835,7.9235086,4.0038304,4.661574,EU EEA Common AQI,70.5,5.8269677,6.074505,7200,3.642857,100,100,64.2,3.085714,Very Low,69.5,6.1230536,100,1747899000,Very Low,3.2030642,7.2903247,Very Low,5.4900646,61.9,5.8714285,100,1747899000,3.857143
2025-05-22T07:42:49Z,0,29.938,74.0,63,67.6,5,5,177,80,0.0,255,32767,0.11,2090-9-18,0.0,0.52,26.6,0.0,0.0,0.0,0,4.822265625,6,45,05:40,20:21,2025-05-22 07:42:49.580788,Città della Scienza,77.0,7.5850835,7.9235086,4.0038304,4.661574,EU EEA Common AQI,70.5,5.8269677,6.074505,7200,3.642857,100,100,64.2,3.085714,Very Low,69.5,6.1230536,100,1747899000,Very Low,3.2030642,7.2903247,Very Low,5.4900646,61.9,5.8714285,100,1747899000,3.857143
2025-05-22T07:43:00Z,0,29.938,74.0,63,67.6,3,5,209,80,0.0,255,32767,0.11,2090-9-18,0.0,0.52,26.6,0.0,0.0,0.0,0,4.822265625,6,45,05:40,20:21,2025-05-22 07:43:00.657802,Città della Scienza,77.0,7.5850835,7.9235086,4.0038304,4.661574,EU EEA Common AQI,70.5,5.8269677,6.074505,7200,3.642857,100,100,64.2,3.085714,Very Low,69.5,6.1230536,100,1747899000,Very Low,3.2030642,7.2903247,Very Low,5.4900646,61.9,5.8714285,100,1747899000,3.857143
2025-05-22T07:43:11Z,0,29.938,74.0,63,67.6,4,5,159,80,0.0,255,32767,0.11,2090-9-18,0.0,0.52,26.6,0.0,0.0,0.0,0,4.822265625,6,45,05:40,20:21,2025-05-22 07:43:11.781802,Città della Scienza,77.0,7.5850835,7.9235086,4.0038304,4.661574,EU EEA Common AQI,70.5,5.8269677,6.074505,7200,3.642857,100,100,64.2,3.085714,Very Low,69.5,6.1230536,100,1747899000,Very Low,3.2030642,7.2903247,Very Low,5.4900646,61.9,5.8714285,100,1747899000,3.857143
2025-05-22T07:43:23Z,0,29.938,74.0,63,67.6,6,5,181,80,0.0,255,32767,0.11,2090-9-18,0.0,0.52,26.6,0.0,0.0,0.0,0,4.822265625,6,45,05:40,20:21,2025-05-22 07:43:22.879796,Città della Scienza,77.0,7.5850835,7.9235086,4.0038304,4.661574,EU EEA Common AQI,70.5,5.8269677,6.074505,7200,3.642857,100,100,64.2,3.085714,Very Low,69.5,6.1230536,100,1747899000,Very Low,3.2030642,7.2903247,Very Low,5.4900646,61.9,5.8714285,100,1747899000,3.857143
2025-05-22T07:43:34Z,0,29.939,74.0,63,67.7,6,5,182,80,0.0,255,32767,0.11,2090-9-18,0.0,0.52,26.6,0.0,0.0,0.0,0,4.822265625,6,45,05:40,20:21,2025-05-22 07:43:33.991811,Città della Scienza,77.0,7.5850835,7.9235086,4.0038304,4.661574,EU EEA Common AQI,70.5,5.8269677,6.074505,7200,3.642857,100,100,64.2,3.085714,Very Low,69.5,6.1230536,100,1747899000,Very Low,3.2030642,7.2903247,Very Low,5.4900646,61.9,5.8714285,100,1747899000,3.857143
2025-05-22T07:43:45Z,0,29.939,74.0,63,67.7,7,5,166,80,0.0,255,32767,0.11,2090-9-18,0.0,0.52,26.6,0.0,0.0,0.0,0,4.822265625,6,45,05:40,20:21,2025-05-22 07:43:45.120803,Città della Scienza,77.0,7.5850835,7.9235086,4.0038304,4.661574,EU EEA Common AQI,70.5,5.8269677,6.074505,7200,3.642857,100,100,64.2,3.085714,Very Low,69.5,6.1230536,100,1747899000,Very Low,3.2030642,7.2903247,Very Low,5.4900646,61.9,5.8714285,100,1747899000,3.857143
2025-05-22T07:43:56Z,0,29.939,74.0,63,67.7,4,5,175,80,0.0,255,32767,0.11,2090-9-18,0.0,0.52,26.6,0.0,0.0,0.0,0,4.822265625,6,45,05:40,20:21,2025-05-22 07:43:56.247751,Città della Scienza,77.0,7.5850835,7.9235086,4.0038304,4.661574,EU EEA Common AQI,70.5,5.8269677,6.074505,7200,3.642857,100,100,64.2,3.085714,Very Low,69.5,6.1230536,100,1747899000,Very Low,3.2030642,7.2903247,Very Low,5.4900646,61.9,5.8714285,100,1747899000,3.857143
2025-05-22T07:44:07Z,0,29.939,74.0,63,67.7,2,5,217,80,0.0,255,32767,0.11,2090-9-18,0.0,0.52,26.6,0.0,0.0,0.0,0,4.822265625,6,45,05:40,20:21,2025-05-22 07:44:07.348796,Città della Scienza,77.0,7.5850835,7.9235086,4.0038304,4.661574,EU EEA Common AQI,70.5,5.8269677,6.074505,7200,3.642857,100,100,64.2,3.085714,Very Low,69.5,6.1230536,100,1747899000,Very Low,3.2030642,7.2903247,Very Low,5.4900646,61.9,5.8714285,100,1747899000,3.857143
2025-05-22T07:44:18Z,0,29.939,74.0,63,67.7,4,5,162,80,0.0,255,32767,0.11,2090-9-18,0.0,0.52,26.6,0.0,0.0,0.0,0,4.822265625,6,45,05:40,20:21,2025-05-22 07:44:18.445799,Città della Scienza,77.0,7.5850835,7.9235086,4.0038304,4.661574,EU EEA Common AQI,70.5,5.8269677,6.074505,7200,3.642857,100,100,64.2,3.085714,Very Low,69.5,6.1230536,100,1747899000,Very Low,3.2030642,7.2903247,Very Low,5.4900646,61.9,5.8714285,100,1747899000,3.857143
2025-05-22T07:44:29Z,0,29.939,74.0,63,67.7,7,5,176,80,0.0,255,32767,0.11,2090-9-18,0.0,0.52,26.6,0.0,0.0,0.0,0,4.822265625,6,45,05:40,20:21,2025-05-22 07:44:29.543815,Città della Scienza,77.0,7.5850835,7.9235086,4.0038304,4.661574,EU EEA Common AQI,70.5,5.8269677,6.074505,7200,3.642857,100,100,64.2,3.085714,Very Low,69.5,6.1230536,100,1747899000,Very Low,3.2030642,7.2903247,Very Low,5.4900646,61.9,5.8714285,100,1747899000,3.857143
2025-05-22T07:44:40Z,0,29.94,74.0,63,67.7,6,5,173,80,0.0,255,32767,0.11,2090-9-18,0.0,0.52,26.6,0.0,0.0,0.0,0,4.822265625,6,45,05:40,20:21,2025-05-22 07:44:40.645795,Città della Scienza,77.0,7.5850835,7.9235086,4.0038304,4.661574,EU EEA Common AQI,70.5,5.8269677,6.074505,7200,3.642857,100,100,64.2,3.085714,Very Low,69.5,6.1230536,100,1747899000,Very Low,3.2030642,7.2903247,Very Low,5.4900646,61.9,5.8714285,100,1747899000,3.857143
2025-05-22T07:44:51Z,0,29.94,74.0,63,67.7,5,5,174,80,0.0,255,32767,0.11,2090-9-18,0.0,0.52,26.6,0.0,0.0,0.0,0,4.822265625,6,45,05:40,20:21,2025-05-22 07:44:51.719802,Città della Scienza,77.0,7.5850835,7.9235086,4.0038304,4.661574,EU EEA Common AQI,70.5,5.8269677,6.074505,7200,3.642857,100,100,64.2,3.085714,Very Low,69.5,6.1230536,100,1747899000,Very Low,3.2030642,7.2903247,Very Low,5.4900646,61.9,5.8714285,100,1747899000,3.857143
2025-05-22T07:45:03Z,0,29.94,74.0,63,67.7,5,5,161,80,0.0,255,32767,0.11,2090-9-18,0.0,0.52,26.6,0.0,0.0,0.0,0,4.822265625,6,45,05:40,20:21,2025-05-22 07:45:02.847793,Città della Scienza,77.0,7.5850835,7.9235086,4.0038304,4.661574,EU EEA Common AQI,70.5,5.8269677,6.074505,7200,3.642857,100,100,64.2,3.085714,Very Low,69.5,6.1230536,100,1747899000,Very Low,3.2030642,7.2903247,Very Low,5.4900646,61.9,5.8714285,100,1747899000,3.857143
2025-05-22T07:45:14Z,0,29.94,74.0,63,67.7,6,5,166,80,0.0,255,32767,0.11,2090-9-18,0.0,0.52,26.6,0.0,0.0,0.0,0,4.822265625,6,45,05:40,20:21,2025-05-22 07:45:13.935802,Città della Scienza,77.0,7.5850835,7.9235086,4.0038304,4.661574,EU EEA Common AQI,70.5,5.8269677,6.074505,7200,3.642857,100,100,64.2,3.085714,Very Low,69.5,6.1230536,100,1747899000,Very Low,3.2030642,7.2903247,Very Low,5.4900646,61.9,5.8714285,100,1747899000,3.857143
2025-05-22T07:45:25Z,0,29.94,74.0,63,67.7,5,5,180,80,0.0,255,32767,0.11,2090-9-18,0.0,0.52,26.6,0.0,0.0,0.0,0,4.822265625,6,45,05:40,20:21,2025-05-22 07:45:25.054797,Città della Scienza,75.0,6.7229185,7.914224,3.9918582,4.4446745,EU EEA Common AQI,71.4,5.5558434,6.079906,7200,3.5797102,100,100,64.6,3.8724637,Very Low,70.5,5.2776403,100,1747899900,Very Low,3.1934865,7.0265255,Very Low,5.51341,62.2,7.246377,100,1747899900,4.8405795
2025-05-22T07:45:36Z,0,29.94,74.0,63,67.7,6,5,173,80,0.0,255,32767,0.11,2090-9-18,0.0,0.52,26.6,0.0,0.0,0.0,0,4.822265625,6,45,05:40,20:21,2025-05-22 07:45:36.163794,Città della Scienza,75.0,6.7229185,7.914224,3.9918582,4.4446745,EU EEA Common AQI,71.4,5.5558434,6.079906,7200,3.5797102,100,100,64.6,3.8724637,Very Low,70.5,5.2776403,100,1747899900,Very Low,3.1934865,7.0265255,Very Low,5.51341,62.2,7.246377,100,1747899900,4.8405795
2025-05-22T07:45:47Z,0,29.94,74.0,63,67.7,3,5,182,80,0.0,255,32767,0.11,2090-9-18,0.0,0.52,26.6,0.0,0.0,0.0,0,4.822265625,6,45,05:40,20:21,2025-05-22 07:45:47.260786,Città della Scienza,75.0,6.7229185,7.914224,3.9918582,4.4446745,EU EEA Common AQI,71.4,5.5558434,6.079906,7200,3.5797102,100,100,64.6,3.8724637,Very Low,70.5,5.2776403,100,1747899900,Very Low,3.1934865,7.0265255,Very Low,5.51341,62.2,7.246377,100,1747899900,4.8405795
2025-05-22T07:45:58Z,0,29.94,74.0,63,67.7,5,5,186,80,0.0,255,32767,0.11,2090-9-18,0.0,0.52,26.6,0.0,0.0,0.0,0,4.822265625,6,45,05:40,20:21,2025-05-22 07:45:58.337784,Città della Scienza,75.0,6.7229185,7.914224,3.9918582,4.4446745,EU EEA Common AQI,71.4,5.5558434,6.079906,7200,3.5797102,100,100,64.6,3.8724637,Very Low,70.5,5.2776403,100,1747899900,Very Low,3.1934865,7.0265255,Very Low,5.51341,62.2,7.246377,100,1747899900,4.8405795
2025-05-22T07:46:09Z,0,29.94,74.0,63,67.7,8,5,187,80,0.0,255,32767,0.11,2090-9-18,0.0,0.52,26.6,0.0,0.0,0.0,0,4.822265625,6,45,05:40,20:21,2025-05-22 07:46:09.463787,Città della Scienza,75.0,6.7229185,7.914224,3.9918582,4.4446745,EU EEA Common AQI,71.4,5.5558434,6.079906,7200,3.5797102,100,100,64.6,3.8724637,Very Low,70.5,5.2776403,100,1747899900,Very Low,3.1934865,7.0265255,Very Low,5.51341,62.2,7.246377,100,1747899900,4.8405795
2025-05-22T07:46:20Z,0,29.94,74.0,63,67.7,9,5,215,80,0.0,255,32767,0.11,2090-9-18,0.0,0.52,26.6,0.0,0.0,0.0,0,4.822265625,6,45,05:40,20:21,2025-05-22 07:46:20.588774,Città della Scienza,75.0,6.7229185,7.914224,3.9918582,4.4446745,EU EEA Common AQI,71.4,5.5558434,6.079906,7200,3.5797102,100,100,64.6,3.8724637,Very Low,70.5,5.2776403,100,1747899900,Very Low,3.1934865,7.0265255,Very Low,5.51341,62.2,7.246377,100,1747899900,4.8405795
2025-05-22T07:46:31Z,0,29.94,74.0,63,67.7,5,5,230,80,0.0,255,32767,0.11,2090-9-18,0.0,0.52,26.6,0.0,0.0,0.0,0,4.822265625,6,45,05:40,20:21,2025-05-22 07:46:31.689792,Città della Scienza,75.0,6.7229185,7.914224,3.9918582,4.4446745,EU EEA Common AQI,71.4,5.5558434,6.079906,7200,3.5797102,100,100,64.6,3.8724637,Very Low,70.5,5.2776403,100,1747899900,Very Low,3.1934865,7.0265255,Very Low,5.51341,62.2,7.246377,100,1747899900,4.8405795
2025-05-22T07:46:42Z,0,29.942,74.0,63,67.7,6,5,172,80,0.0,255,32767,0.11,2090-9-18,0.0,0.52,26.6,0.0,0.0,0.0,0,4.822265625,6,45,05:40,20:21,2025-05-22 07:46:42.772801,Città della Scienza,75.0,6.7229185,7.914224,3.9918582,4.4446745,EU EEA Common AQI,71.4,5.5558434,6.079906,7200,3.5797102,100,100,64.6,3.8724637,Very Low,70.5,5.2776403,100,1747899900,Very Low,3.1934865,7.0265255,Very Low,5.51341,62.2,7.246377,100,1747899900,4.8405795
2025-05-22T07:46:54Z,0,29.942,74.0,63,67.7,3,5,205,80,0.0,255,32767,0.11,2090-9-18,0.0,0.52,26.6,0.0,0.0,0.0,0,4.822265625,6,45,05:40,20:21,2025-05-22 07:46:53.902796,Città della Scienza,75.0,6.7229185,7.914224,3.9918582,4.4446745,EU EEA Common AQI,71.4,5.5558434,6.079906,7200,3.5797102,100,100,64.6,3.8724637,Very Low,70.5,5.2776403,100,1747899900,Very Low,3.1934865,7.0265255,Very Low,5.51341,62.2,7.246377,100,1747899900,4.8405795
2025-05-22T07:47:05Z,0,29.942,74.0,63,67.6,4,5,190,80,0.0,255,32767,0.11,2090-9-18,0.0,0.52,26.6,0.0,0.0,0.0,0,4.822265625,6,45,05:40,20:21,2025-05-22 07:47:04.973807,Città della Scienza,75.0,6.7229185,7.914224,3.9918582,4.4446745,EU EEA Common AQI,71.4,5.5558434,6.079906,7200,3.5797102,100,100,64.6,3.8724637,Very Low,70.5,5.2776403,100,1747899900,Very Low,3.1934865,7.0265255,Very Low,5.51341,62.2,7.246377,100,1747899900,4.8405795
2025-05-22T07:47:16Z,0,29.942,74.0,63,67.7,4,5,175,80,0.0,255,32767,0.11,2090-9-18,0.0,0.52,26.6,0.0,0.0,0.0,0,4.822265625,6,45,05:40,20:21,2025-05-22 07:47:16.084777,Città della Scienza,75.0,6.7229185,7.914224,3.9918582,4.4446745,EU EEA Common AQI,71.4,5.5558434,6.079906,7200,3.5797102,100,100,64.6,3.8724637,Very Low,70.5,5.2776403,100,1747899900,Very Low,3.1934865,7.0265255,Very Low,5.51341,62.2,7.246377,100,1747899900,4.8405795
2025-05-22T07:47:27Z,0,29.942,74.0,63,67.7,4,5,160,80,0.0,255,32767,0.11,2090-9-18,0.0,0.52,26.6,0.0,0.0,0.0,0,4.822265625,6,45,05:40,20:21,2025-05-22 07:47:27.183791,Città della Scienza,75.0,6.7229185,7.914224,3.9918582,4.4446745,EU EEA Common AQI,71.4,5.5558434,6.079906,7200,3.5797102,100,100,64.6,3.8724637,Very Low,70.5,5.2776403,100,1747899900,Very Low,3.1934865,7.0265255,Very Low,5.51341,62.2,7.246377,100,1747899900,4.8405795
2025-05-22T07:47:38Z,0,29.942,74.0,63,67.7,5,5,166,80,0.0,255,32767,0.11,2090-9-18,0.0,0.52,26.6,0.0,0.0,0.0,0,4.822265625,6,45,05:40,20:21,2025-05-22 07:47:38.290786,Città della Scienza,75.0,6.7229185,7.914224,3.9918582,4.4446745,EU EEA Common AQI,71.4,5.5558434,6.079906,7200,3.5797102,100,100,64.6,3.8724637,Very Low,70.5,5.2776403,100,1747899900,Very Low,3.1934865,7.0265255,Very Low,5.51341,62.2,7.246377,100,1747899900,4.8405795
2025-05-22T07:47:49Z,0,29.942,74.0,63,67.7,4,5,186,80,0.0,255,32767,0.11,2090-9-18,0.0,0.52,26.6,0.0,0.0,0.0,0,4.822265625,6,45,05:40,20:21,2025-05-22 07:47:49.413792,Città della Scienza,75.0,6.7229185,7.914224,3.9918582,4.4446745,EU EEA Common AQI,71.4,5.5558434,6.079906,7200,3.5797102,100,100,64.6,3.8724637,Very Low,70.5,5.2776403,100,1747899900,Very Low,3.1934865,7.0265255,Very Low,5.51341,62.2,7.246377,100,1747899900,4.8405795
2025-05-22T07:48:00Z,0,29.942,74.0,63,67.7,3,5,174,80,0.0,255,32767,0.11,2090-9-18,0.0,0.52,26.6,0.0,0.0,0.0,0,4.822265625,6,45,05:40,20:21,2025-05-22 07:48:00.491810,Città della Scienza,75.0,6.7229185,7.914224,3.9918582,4.4446745,EU EEA Common AQI,71.4,5.5558434,6.079906,7200,3.5797102,100,100,64.6,3.8724637,Very Low,70.5,5.2776403,100,1747899900,Very Low,3.1934865,7.0265255,Very Low,5.51341,62.2,7.246377,100,1747899900,4.8405795
2025-05-22T07:48:11Z,0,29.942,74.0,63,67.8,5,5,153,80,0.0,255,32767,0.11,2090-9-18,0.0,0.52,26.6,0.0,0.0,0.0,0,4.822265625,6,45,05:40,20:21,2025-05-22 07:48:11.574787,Città della Scienza,75.0,6.7229185,7.914224,3.9918582,4.4446745,EU EEA Common AQI,71.4,5.5558434,6.079906,7200,3.5797102,100,100,64.6,3.8724637,Very Low,70.5,5.2776403,100,1747899900,Very Low,3.1934865,7.0265255,Very Low,5.51341,62.2,7.246377,100,1747899900,4.8405795
2025-05-22T07:48:22Z,0,29.942,74.0,63,67.7,5,5,169,80,0.0,255,32767,0.11,2090-9-18,0.0,0.52,26.6,0.0,0.0,0.0,0,4.822265625,6,45,05:40,20:21,2025-05-22 07:48:22.681794,Città della Scienza,75.0,6.7229185,7.914224,3.9918582,4.4446745,EU EEA Common AQI,71.4,5.5558434,6.079906,7200,3.5797102,100,100,64.6,3.8724637,Very Low,70.5,5.2776403,100,1747899900,Very Low,3.1934865,7.0265255,Very Low,5.51341,62.2,7.246377,100,1747899900,4.8405795
2025-05-22T07:48:33Z,0,29.939,74.0,63,67.7,5,5,171,80,0.0,255,32767,0.11,2090-9-18,0.0,0.52,26.6,0.0,0.0,0.0,0,4.822265625,6,45,05:40,20:21,2025-05-22 07:48:33.794805,Città della Scienza,75.0,6.7229185,7.914224,3.9918582,4.4446745,EU EEA Common AQI,71.4,5.5558434,6.079906,7200,3.5797102,100,100,64.6,3.8724637,Very Low,70.5,5.2776403,100,1747899900,Very Low,3.1934865,7.0265255,Very Low,5.51341,62.2,7.246377,100,1747899900,4.8405795
2025-05-22T07:48:45Z,0,29.939,74.0,63,67.8,4,5,178,80,0.0,255,32767,0.11,2090-9-18,0.0,0.52,26.6,0.0,0.0,0.0,0,4.822265625,6,45,05:40,20:21,2025-05-22 07:48:44.911807,Città della Scienza,75.0,6.7229185,7.914224,3.9918582,4.4446745,EU EEA Common AQI,71.4,5.5558434,6.079906,7200,3.5797102,100,100,64.6,3.8724637,Very Low,70.5,5.2776403,100,1747899900,Very Low,3.1934865,7.0265255,Very Low,5.51341,62.2,7.246377,100,1747899900,4.8405795
2025-05-22T07:48:56Z,0,29.939,74.0,63,67.8,4,5,180,80,0.0,255,32767,0.11,2090-9-18,0.0,0.52,26.6,0.0,0.0,0.0,0,4.822265625,6,45,05:40,20:21,2025-05-22 07:48:56.007794,Città della Scienza,75.0,6.7229185,7.914224,3.9918582,4.4446745,EU EEA Common AQI,71.4,5.5558434,6.079906,7200,3.5797102,100,100,64.6,3.8724637,Very Low,70.5,5.2776403,100,1747899900,Very Low,3.1934865,7.0265255,Very Low,5.51341,62.2,7.246377,100,1747899900,4.8405795
2025-05-22T07:49:07Z,0,29.939,74.0,63,67.8,6,5,167,80,0.0,255,32767,0.11,2090-9-18,0.0,0.52,26.6,0.0,0.0,0.0,0,4.822265625,6,45,05:40,20:21,2025-05-22 07:49:07.133801,Città della Scienza,75.0,6.7229185,7.914224,3.9918582,4.4446745,EU EEA Common AQI,71.4,5.5558434,6.079906,7200,3.5797102,100,100,64.6,3.8724637,Very Low,70.5,5.2776403,100,1747899900,Very Low,3.1934865,7.0265255,Very Low,5.51341,62.2,7.246377,100,1747899900,4.8405795
2025-05-22T07:49:18Z,0,29.939,74.0,63,67.8,6,5,175,80,0.0,255,32767,0.11,2090-9-18,0.0,0.52,26.6,0.0,0.0,0.0,0,4.822265625,6,45,05:40,20:21,2025-05-22 07:49:18.235795,Città della Scienza,75.0,6.7229185,7.914224,3.9918582,4.4446745,EU EEA Common AQI,71.4,5.5558434,6.079906,7200,3.5797102,100,100,64.6,3.8724637,Very Low,70.5,5.2776403,100,1747899900,Very Low,3.1934865,7.0265255,Very Low,5.51341,62.2,7.246377,100,1747899900,4.8405795
2025-05-22T07:49:29Z,0,29.939,74.0,63,67.8,5,5,170,80,0.0,255,32767,0.11,2090-9-18,0.0,0.52,26.6,0.0,0.0,0.0,0,4.822265625,6,45,05:40,20:21,2025-05-22 07:49:29.340796,Città della Scienza,75.0,6.7229185,7.914224,3.9918582,4.4446745,EU EEA Common AQI,71.4,5.5558434,6.079906,7200,3.5797102,100,100,64.6,3.8724637,Very Low,70.5,5.2776403,100,1747899900,Very Low,3.1934865,7.0265255,Very Low,5.51341,62.2,7.246377,100,1747899900,4.8405795
2025-05-22T07:49:40Z,0,29.939,74.0,63,67.9,5,5,161,80,0.0,255,32767,0.11,2090-9-18,0.0,0.52,26.6,0.0,0.0,0.0,0,4.822265625,6,45,05:40,20:21,2025-05-22 07:49:40.461808,Città della Scienza,75.0,6.7229185,7.914224,3.9918582,4.4446745,EU EEA Common AQI,71.4,5.5558434,6.079906,7200,3.5797102,100,100,64.6,3.8724637,Very Low,70.5,5.2776403,100,1747899900,Very Low,3.1934865,7.0265255,Very Low,5.51341,62.2,7.246377,100,1747899900,4.8405795
2025-05-22T07:49:51Z,0,29.939,74.0,63,67.9,3,5,155,80,0.0,255,32767,0.11,2090-9-18,0.0,0.52,26.6,0.0,0.0,0.0,0,4.822265625,6,45,05:40,20:21,2025-05-22 07:49:51.637797,Città della Scienza,75.0,6.7229185,7.914224,3.9918582,4.4446745,EU EEA Common AQI,71.4,5.5558434,6.079906,7200,3.5797102,100,100,64.6,3.8724637,Very Low,70.5,5.2776403,100,1747899900,Very Low,3.1934865,7.0265255,Very Low,5.51341,62.2,7.246377,100,1747899900,4.8405795
2025-05-22T07:50:02Z,0,29.939,74.0,63,67.9,3,5,188,80,0.0,255,32767,0.11,2090-9-18,0.0,0.52,26.6,0.0,0.0,0.0,0,4.822265625,6,45,05:40,20:21,2025-05-22 07:50:02.760787,Città della Scienza,75.0,6.7229185,7.914224,3.9918582,4.4446745,EU EEA Common AQI,71.4,5.5558434,6.079906,7200,3.5797102,100,100,64.6,3.8724637,Very Low,70.5,5.2776403,100,1747899900,Very Low,3.1934865,7.0265255,Very Low,5.51341,62.2,7.246377,100,1747899900,4.8405795
2025-05-22T07:50:14Z,0,29.939,74.0,63,67.9,7,5,175,80,0.0,255,32767,0.11,2090-9-18,0.0,0.52,26.6,0.0,0.0,0.0,0,4.822265625,6,45,05:40,20:21,2025-05-22 07:50:13.907808,Città della Scienza,75.0,6.7229185,7.914224,3.9918582,4.4446745,EU EEA Common AQI,71.4,5.5558434,6.079906,7200,3.5797102,100,100,64.6,3.8724637,Very Low,70.5,5.2776403,100,1747899900,Very Low,3.1934865,7.0265255,Very Low,5.51341,62.2,7.246377,100,1747899900,4.8405795
2025-05-22T07:50:25Z,0,29.939,74.0,63,68.0,4,5,183,80,0.0,255,32767,0.11,2090-9-18,0.0,0.52,26.6,0.0,0.0,0.0,0,4.822265625,6,45,05:40,20:21,2025-05-22 07:50:25.007799,Città della Scienza,75.0,6.7229185,7.914224,3.9918582,4.4446745,EU EEA Common AQI,71.4,5.5558434,6.079906,7200,3.5797102,100,100,64.6,3.8724637,Very Low,70.5,5.2776403,100,1747899900,Very Low,3.1934865,7.0265255,Very Low,5.51341,62.2,7.246377,100,1747899900,4.8405795
2025-05-22T07:50:36Z,0,29.94,74.0,63,68.0,6,5,178,80,0.0,255,32767,0.11,2090-9-18,0.0,0.52,26.6,0.0,0.0,0.0,0,4.822265625,6,45,05:40,20:21,2025-05-22 07:50:36.133797,Città della Scienza,75.0,6.7229185,7.914224,3.9918582,4.4446745,EU EEA Common AQI,71.4,5.5558434,6.079906,7200,3.5797102,100,100,64.6,3.8724637,Very Low,70.5,5.2776403,100,1747899900,Very Low,3.1934865,7.0265255,Very Low,5.51341,62.2,7.246377,100,1747899900,4.8405795
2025-05-22T07:50:47Z,0,29.94,74.0,63,67.9,6,5,180,80,0.0,255,32767,0.11,2090-9-18,0.0,0.52,26.6,0.0,0.0,0.0,0,4.822265625,6,45,05:40,20:21,2025-05-22 07:50:47.242799,Città della Scienza,75.0,6.7229185,7.914224,3.9918582,4.4446745,EU EEA Common AQI,71.4,5.5558434,6.079906,7200,3.5797102,100,100,64.6,3.8724637,Very Low,70.5,5.2776403,100,1747899900,Very Low,3.1934865,7.0265255,Very Low,5.51341,62.2,7.246377,100,1747899900,4.8405795
2025-05-22T07:50:58Z,0,29.94,74.0,63,67.9,5,5,184,80,0.0,255,32767,0.11,2090-9-18,0.0,0.52,26.6,0.0,0.0,0.0,0,4.822265625,6,45,05:40,20:21,2025-05-22 07:50:58.349791,Città della Scienza,75.0,6.7229185,7.914224,3.9918582,4.4446745,EU EEA Common AQI,71.4,5.5558434,6.079906,7200,3.5797102,100,100,64.6,3.8724637,Very Low,70.5,5.2776403,100,1747899900,Very Low,3.1934865,7.0265255,Very Low,5.51341,62.2,7.246377,100,1747899900,4.8405795
2025-05-22T07:51:09Z,0,29.94,74.0,63,68.0,3,5,180,80,0.0,255,32767,0.11,2090-9-18,0.0,0.52,26.6,0.0,0.0,0.0,0,4.822265625,6,45,05:40,20:21,2025-05-22 07:51:09.448790,Città della Scienza,75.0,6.7229185,7.914224,3.9918582,4.4446745,EU EEA Common AQI,71.4,5.5558434,6.079906,7200,3.5797102,100,100,64.6,3.8724637,Very Low,70.5,5.2776403,100,1747899900,Very Low,3.1934865,7.0265255,Very Low,5.51341,62.2,7.246377,100,1747899900,4.8405795
2025-05-22T07:51:20Z,0,29.94,74.0,63,68.0,4,5,209,80,0.0,255,32767,0.11,2090-9-18,0.0,0.52,26.6,0.0,0.0,0.0,0,4.822265625,6,45,05:40,20:21,2025-05-22 07:51:20.583811,Città della Scienza,75.0,6.7229185,7.914224,3.9918582,4.4446745,EU EEA Common AQI,71.4,5.5558434,6.079906,7200,3.5797102,100,100,64.6,3.8724637,Very Low,70.5,5.2776403,100,1747899900,Very Low,3.1934865,7.0265255,Very Low,5.51341,62.2,7.246377,100,1747899900,4.8405795
2025-05-22T07:51:31Z,0,29.94,74.0,63,68.0,3,5,215,80,0.0,255,32767,0.11,2090-9-18,0.0,0.52,26.6,0.0,0.0,0.0,0,4.822265625,6,45,05:40,20:21,2025-05-22 07:51:31.707788,Città della Scienza,75.0,6.7229185,7.914224,3.9918582,4.4446745,EU EEA Common AQI,71.4,5.5558434,6.079906,7200,3.5797102,100,100,64.6,3.8724637,Very Low,70.5,5.2776403,100,1747899900,Very Low,3.1934865,7.0265255,Very Low,5.51341,62.2,7.246377,100,1747899900,4.8405795
2025-05-22T07:51:43Z,0,29.939,74.0,63,68.0,2,5,192,80,0.0,255,32767,0.11,2090-9-18,0.0,0.52,26.6,0.0,0.0,0.0,0,4.822265625,6,45,05:40,20:21,2025-05-22 07:51:42.806788,Città della Scienza,75.0,6.7229185,7.914224,3.9918582,4.4446745,EU EEA Common AQI,71.4,5.5558434,6.079906,7200,3.5797102,100,100,64.6,3.8724637,Very Low,70.5,5.2776403,100,1747899900,Very Low,3.1934865,7.0265255,Very Low,5.51341,62.2,7.246377,100,1747899900,4.8405795
2025-05-22T07:51:54Z,0,29.939,74.0,63,68.0,2,5,175,80,0.0,255,32767,0.11,2090-9-18,0.0,0.52,26.6,0.0,0.0,0.0,0,4.822265625,6,45,05:40,20:21,2025-05-22 07:51:53.908787,Città della Scienza,75.0,6.7229185,7.914224,3.9918582,4.4446745,EU EEA Common AQI,71.4,5.5558434,6.079906,7200,3.5797102,100,100,64.6,3.8724637,Very Low,70.5,5.2776403,100,1747899900,Very Low,3.1934865,7.0265255,Very Low,5.51341,62.2,7.246377,100,1747899900,4.8405795
2025-05-22T07:52:05Z,0,29.939,74.0,63,68.0,3,5,191,80,0.0,255,32767,0.11,2090-9-18,0.0,0.52,26.6,0.0,0.0,0.0,0,4.822265625,6,45,05:40,20:21,2025-05-22 07:52:05.029788,Città della Scienza,75.0,6.7229185,7.914224,3.9918582,4.4446745,EU EEA Common AQI,71.4,5.5558434,6.079906,7200,3.5797102,100,100,64.6,3.8724637,Very Low,70.5,5.2776403,100,1747899900,Very Low,3.1934865,7.0265255,Very Low,5.51341,62.2,7.246377,100,1747899900,4.8405795
2025-05-22T07:52:16Z,0,29.939,74.0,63,68.1,2,5,169,80,0.0,255,32767,0.11,2090-9-18,0.0,0.52,26.6,0.0,0.0,0.0,0,4.822265625,6,45,05:40,20:21,2025-05-22 07:52:16.135799,Città della Scienza,75.0,6.7229185,7.914224,3.9918582,4.4446745,EU EEA Common AQI,71.4,5.5558434,6.079906,7200,3.5797102,100,100,64.6,3.8724637,Very Low,70.5,5.2776403,100,1747899900,Very Low,3.1934865,7.0265255,Very Low,5.51341,62.2,7.246377,100,1747899900,4.8405795
2025-05-22T07:52:27Z,0,29.939,74.0,63,68.0,6,5,160,80,0.0,255,32767,0.11,2090-9-18,0.0,0.52,26.6,0.0,0.0,0.0,0,4.822265625,6,45,05:40,20:21,2025-05-22 07:52:27.270801,Città della Scienza,75.0,6.7229185,7.914224,3.9918582,4.4446745,EU EEA Common AQI,71.4,5.5558434,6.079906,7200,3.5797102,100,100,64.6,3.8724637,Very Low,70.5,5.2776403,100,1747899900,Very Low,3.1934865,7.0265255,Very Low,5.51341,62.2,7.246377,100,1747899900,4.8405795
2025-05-22T07:52:38Z,0,29.94,74.0,63,68.0,4,5,169,80,0.0,255,32767,0.11,2090-9-18,0.0,0.52,26.6,0.0,0.0,0.0,0,4.822265625,6,45,05:40,20:21,2025-05-22 07:52:38.397795,Città della Scienza,75.0,6.7229185,7.914224,3.9918582,4.4446745,EU EEA Common AQI,71.4,5.5558434,6.079906,7200,3.5797102,100,100,64.6,3.8724637,Very Low,70.5,5.2776403,100,1747899900,Very Low,3.1934865,7.0265255,Very Low,5.51341,62.2,7.246377,100,1747899900,4.8405795
2025-05-22T07:52:49Z,0,29.94,74.0,63,68.1,6,5,167,80,0.0,255,32767,0.11,2090-9-18,0.0,0.52,26.6,0.0,0.0,0.0,0,4.822265625,6,45,05:40,20:21,2025-05-22 07:52:49.543790,Città della Scienza,75.0,6.7229185,7.914224,3.9918582,4.4446745,EU EEA Common AQI,71.4,5.5558434,6.079906,7200,3.5797102,100,100,64.6,3.8724637,Very Low,70.5,5.2776403,100,1747899900,Very Low,3.1934865,7.0265255,Very Low,5.51341,62.2,7.246377,100,1747899900,4.8405795
2025-05-22T07:53:00Z,0,29.94,74.0,63,68.1,4,5,182,79,0.0,255,32767,0.11,2090-9-18,0.0,0.52,26.6,0.0,0.0,0.0,0,4.822265625,6,45,05:40,20:21,2025-05-22 07:53:00.674756,Città della Scienza,75.0,6.7229185,7.914224,3.9918582,4.4446745,EU EEA Common AQI,71.4,5.5558434,6.079906,7200,3.5797102,100,100,64.6,3.8724637,Very Low,70.5,5.2776403,100,1747899900,Very Low,3.1934865,7.0265255,Very Low,5.51341,62.2,7.246377,100,1747899900,4.8405795
2025-05-22T07:53:11Z,0,29.94,74.0,63,68.1,3,5,145,79,0.0,255,32767,0.11,2090-9-18,0.0,0.52,26.6,0.0,0.0,0.0,0,4.822265625,6,45,05:40,20:21,2025-05-22 07:53:11.758791,Città della Scienza,75.0,6.7229185,7.914224,3.9918582,4.4446745,EU EEA Common AQI,71.4,5.5558434,6.079906,7200,3.5797102,100,100,64.6,3.8724637,Very Low,70.5,5.2776403,100,1747899900,Very Low,3.1934865,7.0265255,Very Low,5.51341,62.2,7.246377,100,1747899900,4.8405795
2025-05-22T07:53:23Z,0,29.94,74.0,63,68.1,5,5,157,79,0.0,255,32767,0.11,2090-9-18,0.0,0.52,26.6,0.0,0.0,0.0,0,4.822265625,6,45,05:40,20:21,2025-05-22 07:53:22.828750,Città della Scienza,75.0,6.7229185,7.914224,3.9918582,4.4446745,EU EEA Common AQI,71.4,5.5558434,6.079906,7200,3.5797102,100,100,64.6,3.8724637,Very Low,70.5,5.2776403,100,1747899900,Very Low,3.1934865,7.0265255,Very Low,5.51341,62.2,7.246377,100,1747899900,4.8405795
2025-05-22T07:53:34Z,0,29.94,74.0,63,68.1,4,5,152,79,0.0,255,32767,0.11,2090-9-18,0.0,0.52,26.6,0.0,0.0,0.0,0,4.822265625,6,45,05:40,20:21,2025-05-22 07:53:33.909798,Città della Scienza,75.0,6.7229185,7.914224,3.9918582,4.4446745,EU EEA Common AQI,71.4,5.5558434,6.079906,7200,3.5797102,100,100,64.6,3.8724637,Very Low,70.5,5.2776403,100,1747899900,Very Low,3.1934865,7.0265255,Very Low,5.51341,62.2,7.246377,100,1747899900,4.8405795
2025-05-22T07:53:45Z,0,29.94,74.0,63,68.1,3,5,158,79,0.0,255,32767,0.11,2090-9-18,0.0,0.52,26.6,0.0,0.0,0.0,0,4.822265625,6,45,05:40,20:21,2025-05-22 07:53:45.020794,Città della Scienza,75.0,6.7229185,7.914224,3.9918582,4.4446745,EU EEA Common AQI,71.4,5.5558434,6.079906,7200,3.5797102,100,100,64.6,3.8724637,Very Low,70.5,5.2776403,100,1747899900,Very Low,3.1934865,7.0265255,Very Low,5.51341,62.2,7.246377,100,1747899900,4.8405795
2025-05-22T07:53:56Z,0,29.94,74.0,63,68.1,5,5,170,79,0.0,255,32767,0.11,2090-9-18,0.0,0.52,26.6,0.0,0.0,0.0,0,4.822265625,6,45,05:40,20:21,2025-05-22 07:53:56.183792,Città della Scienza
2025-05-22T07:54:07Z,0,29.94,74.0,63,68.1,6,5,159,79,0.0,255,32767,0.11,2090-9-18,0.0,0.52,26.6,0.0,0.0,0.0,0,4.822265625,6,45,05:40,20:21,2025-05-22 07:54:07.260788,Città della Scienza
2025-05-22T07:54:18Z,0,29.94,74.0,63,68.2,5,5,159,79,0.0,255,32767,0.11,2090-9-18,0.0,0.52,26.6,0.0,0.0,0.0,0,4.822265625,6,45,05:40,20:21,2025-05-22 07:54:18.346790,Città della Scienza
2025-05-22T07:54:29Z,0,29.94,74.0,63,68.2,4,5,182,79,0.0,255,32767,0.11,2090-9-18,0.0,0.52,26.6,0.0,0.0,0.0,0,4.822265625,6,45,05:40,20:21,2025-05-22 07:54:29.404794,Città della Scienza
2025-05-22T07:54:40Z,0,29.939,74.0,63,68.1,2,5,189,79,0.0,255,32767,0.11,2090-9-18,0.0,0.52,26.6,0.0,0.0,0.0,0,4.822265625,6,45,05:40,20:21,2025-05-22 07:54:40.498788,Città della Scienza
2025-05-22T07:54:51Z,0,29.939,74.0,63,68.2,3,5,180,79,0.0,255,32767,0.11,2090-9-18,0.0,0.52,26.6,0.0,0.0,0.0,0,4.822265625,6,45,05:40,20:21,2025-05-22 07:54:51.597756,Città della Scienza
2025-05-22T07:55:02Z,0,29.939,74.0,63,68.2,4,5,178,79,0.0,255,32767,0.11,2090-9-18,0.0,0.52,26.6,0.0,0.0,0.0,0,4.822265625,6,45,05:40,20:21,2025-05-22 07:55:02.720790,Città della Scienza
2025-05-22T07:55:14Z,0,29.939,74.0,63,68.2,4,5,189,79,0.0,255,32767,0.11,2090-9-18,0.0,0.52,26.6,0.0,0.0,0.0,0,4.822265625,6,45,05:40,20:21,2025-05-22 07:55:13.805797,Città della Scienza
2025-05-22T07:55:25Z,0,29.939,74.0,63,68.2,3,5,207,79,0.0,255,32767,0.11,2090-9-18,0.0,0.52,26.6,0.0,0.0,0.0,0,4.822265625,6,45,05:40,20:21,2025-05-22 07:55:24.914794,Città della Scienza
2025-05-22T07:55:36Z,0,29.939,74.0,63,68.2,4,4,170,79,0.0,255,32767,0.11,2090-9-18,0.0,0.52,26.6,0.0,0.0,0.0,0,4.822265625,6,45,05:40,20:21,2025-05-22 07:55:36.001804,Città della Scienza
2025-05-22T07:55:47Z,0,29.939,74.0,63,68.2,1,4,198,79,0.0,255,32767,0.11,2090-9-18,0.0,0.52,26.6,0.0,0.0,0.0,0,4.822265625,6,45,05:40,20:21,2025-05-22 07:55:47.089820,Città della Scienza
2025-05-22T07:55:58Z,0,29.939,74.0,63,68.2,2,4,176,79,0.0,255,32767,0.11,2090-9-18,0.0,0.52,26.6,0.0,0.0,0.0,0,4.822265625,6,45,05:40,20:21,2025-05-22 07:55:58.172795,Città della Scienza
2025-05-22T07:56:09Z,0,29.939,74.0,63,68.3,4,4,223,79,0.0,255,32767,0.11,2090-9-18,0.0,0.52,26.6,0.0,0.0,0.0,0,4.822265625,6,45,05:40,20:21,2025-05-22 07:56:09.329795,Città della Scienza
2025-05-22T07:56:20Z,0,29.939,74.0,63,68.3,6,4,171,79,0.0,255,32767,0.11,2090-9-18,0.0,0.52,26.6,0.0,0.0,0.0,0,4.822265625,6,45,05:40,20:21,2025-05-22 07:56:20.426795,Città della Scienza
2025-05-22T07:56:31Z,0,29.939,74.0,63,68.3,6,4,160,79,0.0,255,32767,0.11,2090-9-18,0.0,0.52,26.6,0.0,0.0,0.0,0,4.822265625,6,45,05:40,20:21,2025-05-22 07:56:31.532791,Città della Scienza
2025-05-22T07:56:42Z,0,29.939,74.0,63,68.3,5,4,161,79,0.0,255,32767,0.11,2090-9-18,0.0,0.52,26.6,0.0,0.0,0.0,0,4.822265625,6,45,05:40,20:21,2025-05-22 07:56:42.646795,Città della Scienza
2025-05-22T07:56:53Z,0,29.939,74.0,63,68.3,4,4,163,79,0.0,255,32767,0.11,2090-9-18,0.0,0.52,26.6,0.0,0.0,0.0,0,4.822265625,6,45,05:40,20:21,2025-05-22 07:56:53.750792,Città della Scienza
2025-05-22T07:57:05Z,0,29.939,74.0,63,68.2,2,4,165,79,0.0,255,32767,0.11,2090-9-18,0.0,0.52,26.6,0.0,0.0,0.0,0,4.822265625,6,45,05:40,20:21,2025-05-22 07:57:04.859804,Città della Scienza
2025-05-22T07:57:16Z,0,29.939,74.0,63,68.2,5,4,166,79,0.0,255,32767,0.11,2090-9-18,0.0,0.52,26.6,0.0,0.0,0.0,0,4.822265625,6,45,05:40,20:21,2025-05-22 07:57:15.944808,Città della Scienza
2025-05-22T07:57:27Z,0,29.939,74.0,63,68.3,5,4,199,79,0.0,255,32767,0.11,2090-9-18,0.0,0.52,26.6,0.0,0.0,0.0,0,4.822265625,6,45,05:40,20:21,2025-05-22 07:57:27.010834,Città della Scienza
2025-05-22T07:57:38Z,0,29.94,74.0,63,68.3,6,4,192,79,0.0,255,32767,0.11,2090-9-18,0.0,0.52,26.6,0.0,0.0,0.0,0,4.822265625,6,45,05:40,20:21,2025-05-22 07:57:38.104800,Città della Scienza
2025-05-22T07:57:49Z,0,29.94,74.0,63,68.3,7,4,195,79,0.0,255,32767,0.11,2090-9-18,0.0,0.52,26.6,0.0,0.0,0.0,0,4.822265625,6,45,05:40,20:21,2025-05-22 07:57:49.189798,Città della Scienza
2025-05-22T07:58:00Z,0,29.94,74.0,63,68.3,5,4,194,79,0.0,255,32767,0.11,2090-9-18,0.0,0.52,26.6,0.0,0.0,0.0,0,4.822265625,6,45,05:40,20:21,2025-05-22 07:58:00.278820,Città della Scienza
2025-05-22T07:58:11Z,0,29.94,74.0,63,68.3,5,4,196,79,0.0,255,32767,0.11,2090-9-18,0.0,0.52,26.6,0.0,0.0,0.0,0,4.822265625,6,45,05:40,20:21,2025-05-22 07:58:11.368803,Città della Scienza
2025-05-22T07:58:22Z,0,29.94,74.0,63,68.3,7,4,192,79,0.0,255,32767,0.11,2090-9-18,0.0,0.52,26.6,0.0,0.0,0.0,0,4.822265625,6,45,05:40,20:21,2025-05-22 07:58:22.490794,Città della Scienza
2025-05-22T07:58:33Z,0,29.939,74.0,63,68.3,5,5,211,79,0.0,255,32767,0.11,2090-9-18,0.0,0.52,26.6,0.0,0.0,0.0,0,4.822265625,6,45,05:40,20:21,2025-05-22 07:58:33.629801,Città della Scienza
2025-05-22T07:58:44Z,0,29.939,74.0,63,68.3,5,5,192,79,0.0,255,32767,0.11,2090-9-18,0.0,0.52,26.6,0.0,0.0,0.0,0,4.822265625,6,45,05:40,20:21,2025-05-22 07:58:44.740806,Città della Scienza
2025-05-22T07:58:56Z,0,29.939,74.0,63,68.3,4,5,171,79,0.0,255,32767,0.11,2090-9-18,0.0,0.52,26.6,0.0,0.0,0.0,0,4.822265625,6,45,05:40,20:21,2025-05-22 07:58:55.836788,Città della Scienza
2025-05-22T07:59:07Z,0,29.939,74.0,63,68.3,2,5,197,79,0.0,255,32767,0.11,2090-9-18,0.0,0.52,26.6,0.0,0.0,0.0,0,4.822265625,6,45,05:40,20:21,2025-05-22 07:59:06.928814,Città della Scienza
2025-05-22T07:59:18Z,0,29.939,74.0,63,68.3,2,5,223,79,0.0,255,32767,0.11,2090-9-18,0.0,0.52,26.6,0.0,0.0,0.0,0,4.822265625,6,45,05:40,20:21,2025-05-22 07:59:18.028815,Città della Scienza
2025-05-22T07:59:29Z,0,29.939,74.0,63,68.3,2,5,180,79,0.0,255,32767,0.11,2090-9-18,0.0,0.52,26.6,0.0,0.0,0.0,0,4.822265625,6,45,05:40,20:21,2025-05-22 07:59:29.116812,Città della Scienza
2025-05-22T07:59:40Z,0,29.939,74.1,63,68.3,3,4,188,79,0.0,255,32767,0.11,2090-9-18,0.0,0.52,26.6,0.0,0.0,0.0,0,4.822265625,6,45,05:40,20:21,2025-05-22 07:59:40.180799,Città della Scienza
2025-05-22T07:59:51Z,0,29.939,74.1,63,68.3,3,4,179,79,0.0,255,32767,0.11,2090-9-18,0.0,0.52,26.6,0.0,0.0,0.0,0,4.822265625,6,45,05:40,20:21,2025-05-22 07:59:51.295798,Città della Scienza
2025-05-22T08:00:02Z,0,29.939,74.1,63,68.3,6,4,196,79,0.0,255,32767,0.11,2090-9-18,0.0,0.52,26.6,0.0,0.0,0.0,0,4.822265625,6,45,05:40,20:21,2025-05-22 08:00:02.421798,Città della Scienza,75.0,6.7229185,7.914224,3.9918582,4.4446745,EU EEA Common AQI,71.4,5.5558434,6.079906,7200,3.5797102,100,100,64.6,3.8724637,Very Low,70.5,5.2776403,100,1747899900,Very Low,3.1934865,7.0265255,Very Low,5.51341,62.2,7.246377,100,1747899900,4.8405795
2025-05-22T08:00:13Z,0,29.939,74.1,63,68.3,5,4,181,79,0.0,255,32767,0.11,2090-9-18,0.0,0.52,26.6,0.0,0.0,0.0,0,4.822265625,6,45,05:40,20:21,2025-05-22 08:00:13.564797,Città della Scienza,75.0,6.7229185,7.914224,3.9918582,4.4446745,EU EEA Common AQI,71.4,5.5558434,6.079906,7200,3.5797102,100,100,64.6,3.8724637,Very Low,70.5,5.2776403,100,1747899900,Very Low,3.1934865,7.0265255,Very Low,5.51341,62.2,7.246377,100,1747899900,4.8405795
2025-05-22T08:00:24Z,0,29.939,74.1,63,68.4,4,4,170,79,0.0,255,32767,0.11,2090-9-18,0.0,0.52,26.6,0.0,0.0,0.0,0,4.822265625,6,45,05:40,20:21,2025-05-22 08:00:24.656798,Città della Scienza,75.0,6.7229185,7.914224,3.9918582,4.4446745,EU EEA Common AQI,71.4,5.5558434,6.079906,7200,3.5797102,100,100,64.6,3.8724637,Very Low,70.5,5.2776403,100,1747899900,Very Low,3.1934865,7.0265255,Very Low,5.51341,62.2,7.246377,100,1747899900,4.8405795
2025-05-22T08:00:35Z,0,29.94,74.1,63,68.4,4,4,181,79,0.0,255,32767,0.11,2090-9-18,0.0,0.52,26.6,0.0,0.0,0.0,0,4.822265625,6,45,05:40,20:21,2025-05-22 08:00:35.775750,Città della Scienza,75.0,5.5965204,7.9100003,4.1233535,4.220868,EU EEA Common AQI,71.4,5.2760854,6.090499,7200,4.5142856,100,100,64.7,3.8628569,Very Low,70.6,4.1797943,100,1747900800,Very Low,3.2986827,6.7554355,Very Low,5.6641917,62.3,5.885714,100,1747900800,4.8285713
2025-05-22T08:00:47Z,0,29.94,74.1,63,68.3,3,4,250,79,0.0,255,32767,0.11,2090-9-18,0.0,0.52,26.6,0.0,0.0,0.0,0,4.822265625,6,45,05:40,20:21,2025-05-22 08:00:46.911795,Città della Scienza,75.0,5.5965204,7.9100003,4.1233535,4.220868,EU EEA Common AQI,71.4,5.2760854,6.090499,7200,4.5142856,100,100,64.7,3.8628569,Very Low,70.6,4.1797943,100,1747900800,Very Low,3.2986827,6.7554355,Very Low,5.6641917,62.3,5.885714,100,1747900800,4.8285713
2025-05-22T08:00:58Z,0,29.94,74.1,63,68.4,3,4,172,79,0.0,255,32767,0.11,2090-9-18,0.0,0.52,26.6,0.0,0.0,0.0,0,4.822265625,6,45,05:40,20:21,2025-05-22 08:00:58.037773,Città della Scienza,75.0,5.5965204,7.9100003,4.1233535,4.220868,EU EEA Common AQI,71.4,5.2760854,6.090499,7200,4.5142856,100,100,64.7,3.8628569,Very Low,70.6,4.1797943,100,1747900800,Very Low,3.2986827,6.7554355,Very Low,5.6641917,62.3,5.885714,100,1747900800,4.8285713
2025-05-22T08:01:09Z,0,29.94,74.1,63,68.4,3,4,175,79,0.0,255,32767,0.11,2090-9-18,0.0,0.52,26.6,0.0,0.0,0.0,0,4.822265625,6,45,05:40,20:21,2025-05-22 08:01:09.197798,Città della Scienza,75.0,5.5965204,7.9100003,4.1233535,4.220868,EU EEA Common AQI,71.4,5.2760854,6.090499,7200,4.5142856,100,100,64.7,3.8628569,Very Low,70.6,4.1797943,100,1747900800,Very Low,3.2986827,6.7554355,Very Low,5.6641917,62.3,5.885714,100,1747900800,4.8285713
2025-05-22T08:01:20Z,0,29.94,74.1,63,68.4,4,4,182,79,0.0,255,32767,0.11,2090-9-18,0.0,0.52,26.6,0.0,0.0,0.0,0,4.822265625,6,45,05:40,20:21,2025-05-22 08:01:20.320775,Città della Scienza,75.0,5.5965204,7.9100003,4.1233535,4.220868,EU EEA Common AQI,71.4,5.2760854,6.090499,7200,4.5142856,100,100,64.7,3.8628569,Very Low,70.6,4.1797943,100,1747900800,Very Low,3.2986827,6.7554355,Very Low,5.6641917,62.3,5.885714,100,1747900800,4.8285713
2025-05-22T08:01:31Z,0,29.94,74.1,63,68.4,4,4,180,79,0.0,255,32767,0.11,2090-9-18,0.0,0.52,26.6,0.0,0.0,0.0,0,4.822265625,6,45,05:40,20:21,2025-05-22 08:01:31.404804,Città della Scienza,75.0,5.5965204,7.9100003,4.1233535,4.220868,EU EEA Common AQI,71.4,5.2760854,6.090499,7200,4.5142856,100,100,64.7,3.8628569,Very Low,70.6,4.1797943,100,1747900800,Very Low,3.2986827,6.7554355,Very Low,5.6641917,62.3,5.885714,100,1747900800,4.8285713
2025-05-22T08:01:42Z,0,29.94,74.1,63,68.3,3,4,185,78,0.0,255,32767,0.11,2090-9-18,0.0,0.52,26.6,0.0,0.0,0.0,0,4.822265625,6,45,05:40,20:21,2025-05-22 08:01:42.521793,Città della Scienza,75.0,5.5965204,7.9100003,4.1233535,4.220868,EU EEA Common AQI,71.4,5.2760854,6.090499,7200,4.5142856,100,100,64.7,3.8628569,Very Low,70.6,4.1797943,100,1747900800,Very Low,3.2986827,6.7554355,Very Low,5.6641917,62.3,5.885714,100,1747900800,4.8285713
2025-05-22T08:01:53Z,0,29.94,74.1,63,68.3,2,4,194,78,0.0,255,32767,0.11,2090-9-18,0.0,0.52,26.6,0.0,0.0,0.0,0,4.822265625,6,45,05:40,20:21,2025-05-22 08:01:53.696810,Città della Scienza,75.0,5.5965204,7.9100003,4.1233535,4.220868,EU EEA Common AQI,71.4,5.2760854,6.090499,7200,4.5142856,100,100,64.7,3.8628569,Very Low,70.6,4.1797943,100,1747900800,Very Low,3.2986827,6.7554355,Very Low,5.6641917,62.3,5.885714,100,1747900800,4.8285713
2025-05-22T08:02:04Z,0,29.94,74.1,63,68.3,3,4,211,78,0.0,255,32767,0.11,2090-9-18,0.0,0.52,26.6,0.0,0.0,0.0,0,4.822265625,6,45,05:40,20:21,2025-05-22 08:02:04.787786,Città della Scienza,75.0,5.5965204,7.9100003,4.1233535,4.220868,EU EEA Common AQI,71.4,5.2760854,6.090499,7200,4.5142856,100,100,64.7,3.8628569,Very Low,70.6,4.1797943,100,1747900800,Very Low,3.2986827,6.7554355,Very Low,5.6641917,62.3,5.885714,100,1747900800,4.8285713
2025-05-22T08:02:16Z,0,29.94,74.1,63,68.3,3,4,174,78,0.0,255,32767,0.11,2090-9-18,0.0,0.52,26.6,0.0,0.0,0.0,0,4.822265625,6,45,05:40,20:21,2025-05-22 08:02:15.887812,Città della Scienza,75.0,5.5965204,7.9100003,4.1233535,4.220868,EU EEA Common AQI,71.4,5.2760854,6.090499,7200,4.5142856,100,100,64.7,3.8628569,Very Low,70.6,4.1797943,100,1747900800,Very Low,3.2986827,6.7554355,Very Low,5.6641917,62.3,5.885714,100,1747900800,4.8285713
2025-05-22T08:02:27Z,0,29.94,74.1,63,68.4,6,4,185,78,0.0,255,32767,0.11,2090-9-18,0.0,0.52,26.6,0.0,0.0,0.0,0,4.822265625,6,45,05:40,20:21,2025-05-22 08:02:27.037794,Città della Scienza,75.0,5.5965204,7.9100003,4.1233535,4.220868,EU EEA Common AQI,71.4,5.2760854,6.090499,7200,4.5142856,100,100,64.7,3.8628569,Very Low,70.6,4.1797943,100,1747900800,Very Low,3.2986827,6.7554355,Very Low,5.6641917,62.3,5.885714,100,1747900800,4.8285713
2025-05-22T08:02:38Z,0,29.94,74.2,63,68.4,4,4,177,78,0.0,255,32767,0.11,2090-9-18,0.0,0.52,26.6,0.0,0.0,0.0,0,4.822265625,6,45,05:40,20:21,2025-05-22 08:02:38.104782,Città della Scienza,75.0,5.5965204,7.9100003,4.1233535,4.220868,EU EEA Common AQI,71.4,5.2760854,6.090499,7200,4.5142856,100,100,64.7,3.8628569,Very Low,70.6,4.1797943,100,1747900800,Very Low,3.2986827,6.7554355,Very Low,5.6641917,62.3,5.885714,100,1747900800,4.8285713
2025-05-22T08:02:49Z,0,29.94,74.2,63,68.4,4,4,162,78,0.0,255,32767,0.11,2090-9-18,0.0,0.52,26.6,0.0,0.0,0.0,0,4.822265625,6,45,05:40,20:21,2025-05-22 08:02:49.212807,Città della Scienza,75.0,5.5965204,7.9100003,4.1233535,4.220868,EU EEA Common AQI,71.4,5.2760854,6.090499,7200,4.5142856,100,100,64.7,3.8628569,Very Low,70.6,4.1797943,100,1747900800,Very Low,3.2986827,6.7554355,Very Low,5.6641917,62.3,5.885714,100,1747900800,4.8285713
2025-05-22T08:03:00Z,0,29.94,74.2,63,68.4,5,4,163,78,0.0,255,32767,0.11,2090-9-18,0.0,0.52,26.6,0.0,0.0,0.0,0,4.822265625,6,45,05:40,20:21,2025-05-22 08:03:00.324822,Città della Scienza,75.0,5.5965204,7.9100003,4.1233535,4.220868,EU EEA Common AQI,71.4,5.2760854,6.090499,7200,4.5142856,100,100,64.7,3.8628569,Very Low,70.6,4.1797943,100,1747900800,Very Low,3.2986827,6.7554355,Very Low,5.6641917,62.3,5.885714,100,1747900800,4.8285713
2025-05-22T08:03:11Z,0,29.94,74.2,63,68.4,4,4,163,78,0.0,255,32767,0.11,2090-9-18,0.0,0.52,26.6,0.0,0.0,0.0,0,4.822265625,6,45,05:40,20:21,2025-05-22 08:03:11.421790,Città della Scienza,75.0,5.5965204,7.9100003,4.1233535,4.220868,EU EEA Common AQI,71.4,5.2760854,6.090499,7200,4.5142856,100,100,64.7,3.8628569,Very Low,70.6,4.1797943,100,1747900800,Very Low,3.2986827,6.7554355,Very Low,5.6641917,62.3,5.885714,100,1747900800,4.8285713
2025-05-22T08:03:22Z,0,29.94,74.2,63,68.4,2,4,169,78,0.0,255,32767,0.11,2090-9-18,0.0,0.52,26.6,0.0,0.0,0.0,0,4.822265625,6,45,05:40,20:21,2025-05-22 08:03:22.530806,Città della Scienza,75.0,5.5965204,7.9100003,4.1233535,4.220868,EU EEA Common AQI,71.4,5.2760854,6.090499,7200,4.5142856,100,100,64.7,3.8628569,Very Low,70.6,4.1797943,100,1747900800,Very Low,3.2986827,6.7554355,Very Low,5.6641917,62.3,5.885714,100,1747900800,4.8285713
2025-05-22T08:03:33Z,0,29.941,74.1,63,68.4,4,4,155,78,0.0,255,32767,0.11,2090-9-18,0.0,0.52,26.6,0.0,0.0,0.0,0,4.822265625,6,45,05:40,20:21,2025-05-22 08:03:33.630807,Città della Scienza,75.0,5.5965204,7.9100003,4.1233535,4.220868,EU EEA Common AQI,71.4,5.2760854,6.090499,7200,4.5142856,100,100,64.7,3.8628569,Very Low,70.6,4.1797943,100,1747900800,Very Low,3.2986827,6.7554355,Very Low,5.6641917,62.3,5.885714,100,1747900800,4.8285713
2025-05-22T08:03:44Z,0,29.941,74.1,63,68.4,5,4,171,78,0.0,255,32767,0.11,2090-9-18,0.0,0.52,26.6,0.0,0.0,0.0,0,4.822265625,6,45,05:40,20:21,2025-05-22 08:03:44.706792,Città della Scienza,75.0,5.5965204,7.9100003,4.1233535,4.220868,EU EEA Common AQI,71.4,5.2760854,6.090499,7200,4.5142856,100,100,64.7,3.8628569,Very Low,70.6,4.1797943,100,1747900800,Very Low,3.2986827,6.7554355,Very Low,5.6641917,62.3,5.885714,100,1747900800,4.8285713
2025-05-22T08:03:56Z,0,29.941,74.1,63,68.3,5,4,167,78,0.0,255,32767,0.11,2090-9-18,0.0,0.52,26.6,0.0,0.0,0.0,0,4.822265625,6,45,05:40,20:21,2025-05-22 08:03:55.842786,Città della Scienza,75.0,5.5965204,7.9100003,4.1233535,4.220868,EU EEA Common AQI,71.4,5.2760854,6.090499,7200,4.5142856,100,100,64.7,3.8628569,Very Low,70.6,4.1797943,100,1747900800,Very Low,3.2986827,6.7554355,Very Low,5.6641917,62.3,5.885714,100,1747900800,4.8285713
2025-05-22T08:04:07Z,0,29.941,74.1,63,68.3,3,4,179,78,0.0,255,32767,0.11,2090-9-18,0.0,0.52,26.6,0.0,0.0,0.0,0,4.822265625,6,45,05:40,20:21,2025-05-22 08:04:06.968794,Città della Scienza,75.0,5.5965204,7.9100003,4.1233535,4.220868,EU EEA Common AQI,71.4,5.2760854,6.090499,7200,4.5142856,100,100,64.7,3.8628569,Very Low,70.6,4.1797943,100,1747900800,Very Low,3.2986827,6.7554355,Very Low,5.6641917,62.3,5.885714,100,1747900800,4.8285713
2025-05-22T08:04:18Z,0,29.941,74.1,63,68.3,6,4,205,79,0.0,255,32767,0.11,2090-9-18,0.0,0.52,26.6,0.0,0.0,0.0,0,4.822265625,6,45,05:40,20:21,2025-05-22 08:04:18.089807,Città della Scienza,75.0,5.5965204,7.9100003,4.1233535,4.220868,EU EEA Common AQI,71.4,5.2760854,6.090499,7200,4.5142856,100,100,64.7,3.8628569,Very Low,70.6,4.1797943,100,1747900800,Very Low,3.2986827,6.7554355,Very Low,5.6641917,62.3,5.885714,100,1747900800,4.8285713
2025-05-22T08:04:29Z,0,29.941,74.1,63,68.3,5,4,184,79,0.0,255,32767,0.11,2090-9-18,0.0,0.52,26.6,0.0,0.0,0.0,0,4.822265625,6,45,05:40,20:21,2025-05-22 08:04:29.176795,Città della Scienza,75.0,5.5965204,7.9100003,4.1233535,4.220868,EU EEA Common AQI,71.4,5.2760854,6.090499,7200,4.5142856,100,100,64.7,3.8628569,Very Low,70.6,4.1797943,100,1747900800,Very Low,3.2986827,6.7554355,Very Low,5.6641917,62.3,5.885714,100,1747900800,4.8285713
2025-05-22T08:04:40Z,0,29.941,74.2,63,68.3,3,4,123,79,0.0,255,32767,0.11,2090-9-18,0.0,0.52,26.6,0.0,0.0,0.0,0,4.822265625,6,45,05:40,20:21,2025-05-22 08:04:40.645791,Città della Scienza,75.0,5.5965204,7.9100003,4.1233535,4.220868,EU EEA Common AQI,71.4,5.2760854,6.090499,7200,4.5142856,100,100,64.7,3.8628569,Very Low,70.6,4.1797943,100,1747900800,Very Low,3.2986827,6.7554355,Very Low,5.6641917,62.3,5.885714,100,1747900800,4.8285713
2025-05-22T08:04:51Z,0,29.941,74.2,63,68.3,4,4,189,79,0.0,255,32767,0.11,2090-9-18,0.0,0.52,26.6,0.0,0.0,0.0,0,4.822265625,6,45,05:40,20:21,2025-05-22 08:04:51.727788,Città della Scienza,75.0,5.5965204,7.9100003,4.1233535,4.220868,EU EEA Common AQI,71.4,5.2760854,6.090499,7200,4.5142856,100,100,64.7,3.8628569,Very Low,70.6,4.1797943,100,1747900800,Very Low,3.2986827,6.7554355,Very Low,5.6641917,62.3,5.885714,100,1747900800,4.8285713
2025-05-22T08:05:03Z,0,29.941,74.2,63,68.4,2,4,191,79,0.0,255,32767,0.11,2090-9-18,0.0,0.52,26.6,0.0,0.0,0.0,0,4.822265625,6,45,05:40,20:21,2025-05-22 08:05:02.845802,Città della Scienza,75.0,5.5965204,7.9100003,4.1233535,4.220868,EU EEA Common AQI,71.4,5.2760854,6.090499,7200,4.5142856,100,100,64.7,3.8628569,Very Low,70.6,4.1797943,100,1747900800,Very Low,3.2986827,6.7554355,Very Low,5.6641917,62.3,5.885714,100,1747900800,4.8285713
2025-05-22T08:05:14Z,0,29.941,74.2,63,68.3,2,4,198,79,0.0,255,32767,0.11,2090-9-18,0.0,0.52,26.6,0.0,0.0,0.0,0,4.822265625,6,45,05:40,20:21,2025-05-22 08:05:13.950800,Città della Scienza,75.0,5.5965204,7.9100003,4.1233535,4.220868,EU EEA Common AQI,71.4,5.2760854,6.090499,7200,4.5142856,100,100,64.7,3.8628569,Very Low,70.6,4.1797943,100,1747900800,Very Low,3.2986827,6.7554355,Very Low,5.6641917,62.3,5.885714,100,1747900800,4.8285713
2025-05-22T08:05:25Z,0,29.941,74.2,63,68.3,4,4,188,79,0.0,255,32767,0.11,2090-9-18,0.0,0.52,26.6,0.0,0.0,0.0,0,4.822265625,6,45,05:40,20:21,2025-05-22 08:05:25.051790,Città della Scienza,75.0,5.5965204,7.9100003,4.1233535,4.220868,EU EEA Common AQI,71.4,5.2760854,6.090499,7200,4.5142856,100,100,64.7,3.8628569,Very Low,70.6,4.1797943,100,1747900800,Very Low,3.2986827,6.7554355,Very Low,5.6641917,62.3,5.885714,100,1747900800,4.8285713
2025-05-22T08:05:36Z,0,29.939,74.2,63,68.4,4,4,206,79,0.0,255,32767,0.11,2090-9-18,0.0,0.52,26.6,0.0,0.0,0.0,0,4.822265625,6,45,05:40,20:21,2025-05-22 08:05:36.189790,Città della Scienza,75.0,5.5965204,7.9100003,4.1233535,4.220868,EU EEA Common AQI,71.4,5.2760854,6.090499,7200,4.5142856,100,100,64.7,3.8628569,Very Low,70.6,4.1797943,100,1747900800,Very Low,3.2986827,6.7554355,Very Low,5.6641917,62.3,5.885714,100,1747900800,4.8285713
2025-05-22T08:05:47Z,0,29.939,74.2,63,68.4,3,4,178,79,0.0,255,32767,0.11,2090-9-18,0.0,0.52,26.6,0.0,0.0,0.0,0,4.822265625,6,45,05:40,20:21,2025-05-22 08:05:47.249790,Città della Scienza,75.0,5.5965204,7.9100003,4.1233535,4.220868,EU EEA Common AQI,71.4,5.2760854,6.090499,7200,4.5142856,100,100,64.7,3.8628569,Very Low,70.6,4.1797943,100,1747900800,Very Low,3.2986827,6.7554355,Very Low,5.6641917,62.3,5.885714,100,1747900800,4.8285713
2025-05-22T08:05:58Z,0,29.939,74.2,63,68.4,2,4,209,79,0.0,255,32767,0.11,2090-9-18,0.0,0.52,26.6,0.0,0.0,0.0,0,4.822265625,6,45,05:40,20:21,2025-05-22 08:05:58.339798,Città della Scienza,75.0,5.5965204,7.9100003,4.1233535,4.220868,EU EEA Common AQI,71.4,5.2760854,6.090499,7200,4.5142856,100,100,64.7,3.8628569,Very Low,70.6,4.1797943,100,1747900800,Very Low,3.2986827,6.7554355,Very Low,5.6641917,62.3,5.885714,100,1747900800,4.8285713
2025-05-22T08:06:09Z,0,29.939,74.2,63,68.5,1,4,182,79,0.0,255,32767,0.11,2090-9-18,0.0,0.52,26.6,0.0,0.0,0.0,0,4.822265625,6,45,05:40,20:21,2025-05-22 08:06:09.437803,Città della Scienza,75.0,5.5965204,7.9100003,4.1233535,4.220868,EU EEA Common AQI,71.4,5.2760854,6.090499,7200,4.5142856,100,100,64.7,3.8628569,Very Low,70.6,4.1797943,100,1747900800,Very Low,3.2986827,6.7554355,Very Low,5.6641917,62.3,5.885714,100,1747900800,4.8285713
2025-05-22T08:06:20Z,0,29.939,74.2,63,68.4,4,4,154,79,0.0,255,32767,0.11,2090-9-18,0.0,0.52,26.6,0.0,0.0,0.0,0,4.822265625,6,45,05:40,20:21,2025-05-22 08:06:20.550792,Città della Scienza,75.0,5.5965204,7.9100003,4.1233535,4.220868,EU EEA Common AQI,71.4,5.2760854,6.090499,7200,4.5142856,100,100,64.7,3.8628569,Very Low,70.6,4.1797943,100,1747900800,Very Low,3.2986827,6.7554355,Very Low,5.6641917,62.3,5.885714,100,1747900800,4.8285713
2025-05-22T08:06:31Z,0,29.939,74.2,63,68.4,3,4,157,79,0.0,255,32767,0.11,2090-9-18,0.0,0.52,26.6,0.0,0.0,0.0,0,4.822265625,6,45,05:40,20:21,2025-05-22 08:06:31.669798,Città della Scienza,75.0,5.5965204,7.9100003,4.1233535,4.220868,EU EEA Common AQI,71.4,5.2760854,6.090499,7200,4.5142856,100,100,64.7,3.8628569,Very Low,70.6,4.1797943,100,1747900800,Very Low,3.2986827,6.7554355,Very Low,5.6641917,62.3,5.885714,100,1747900800,4.8285713
2025-05-22T08:06:42Z,0,29.941,74.2,63,68.4,4,4,167,79,0.0,255,32767,0.11,2090-9-18,0.0,0.52,26.6,0.0,0.0,0.0,0,4.822265625,6,45,05:40,20:21,2025-05-22 08:06:42.795802,Città della Scienza,75.0,5.5965204,7.9100003,4.1233535,4.220868,EU EEA Common AQI,71.4,5.2760854,6.090499,7200,4.5142856,100,100,64.7,3.8628569,Very Low,70.6,4.1797943,100,1747900800,Very Low,3.2986827,6.7554355,Very Low,5.6641917,62.3,5.885714,100,1747900800,4.8285713
2025-05-22T08:06:54Z,0,29.941,74.2,63,68.4,4,4,164,79,0.0,255,32767,0.11,2090-9-18,0.0,0.52,26.6,0.0,0.0,0.0,0,4.822265625,6,45,05:40,20:21,2025-05-22 08:06:53.915804,Città della Scienza,75.0,5.5965204,7.9100003,4.1233535,4.220868,EU EEA Common AQI,71.4,5.2760854,6.090499,7200,4.5142856,100,100,64.7,3.8628569,Very Low,70.6,4.1797943,100,1747900800,Very Low,3.2986827,6.7554355,Very Low,5.6641917,62.3,5.885714,100,1747900800,4.8285713
2025-05-22T08:07:05Z,0,29.941,74.2,63,68.5,4,4,182,79,0.0,255,32767,0.11,2090-9-18,0.0,0.52,26.6,0.0,0.0,0.0,0,4.822265625,6,45,05:40,20:21,2025-05-22 08:07:05.017788,Città della Scienza,75.0,5.5965204,7.9100003,4.1233535,4.220868,EU EEA Common AQI,71.4,5.2760854,6.090499,7200,4.5142856,100,100,64.7,3.8628569,Very Low,70.6,4.1797943,100,1747900800,Very Low,3.2986827,6.7554355,Very Low,5.6641917,62.3,5.885714,100,1747900800,4.8285713
2025-05-22T08:07:16Z,0,29.941,74.2,63,68.5,5,4,179,79,0.0,255,32767,0.11,2090-9-18,0.0,0.52,26.6,0.0,0.0,0.0,0,4.822265625,6,45,05:40,20:21,2025-05-22 08:07:16.162789,Città della Scienza,75.0,5.5965204,7.9100003,4.1233535,4.220868,EU EEA Common AQI,71.4,5.2760854,6.090499,7200,4.5142856,100,100,64.7,3.8628569,Very Low,70.6,4.1797943,100,1747900800,Very Low,3.2986827,6.7554355,Very Low,5.6641917,62.3,5.885714,100,1747900800,4.8285713
2025-05-22T08:07:27Z,0,29.941,74.2,63,68.5,6,4,193,79,0.0,255,32767,0.11,2090-9-18,0.0,0.52,26.6,0.0,0.0,0.0,0,4.822265625,6,45,05:40,20:21,2025-05-22 08:07:27.248791,Città della Scienza,75.0,5.5965204,7.9100003,4.1233535,4.220868,EU EEA Common AQI,71.4,5.2760854,6.090499,7200,4.5142856,100,100,64.7,3.8628569,Very Low,70.6,4.1797943,100,1747900800,Very Low,3.2986827,6.7554355,Very Low,5.6641917,62.3,5.885714,100,1747900800,4.8285713
2025-05-22T08:07:38Z,0,29.94,74.2,63,68.5,6,4,186,79,0.0,255,32767,0.11,2090-9-18,0.0,0.52,26.6,0.0,0.0,0.0,0,4.822265625,6,45,05:40,20:21,2025-05-22 08:07:38.373791,Città della Scienza,75.0,5.5965204,7.9100003,4.1233535,4.220868,EU EEA Common AQI,71.4,5.2760854,6.090499,7200,4.5142856,100,100,64.7,3.8628569,Very Low,70.6,4.1797943,100,1747900800,Very Low,3.2986827,6.7554355,Very Low,5.6641917,62.3,5.885714,100,1747900800,4.8285713
2025-05-22T08:07:49Z,0,29.94,74.2,63,68.5,5,4,177,79,0.0,255,32767,0.11,2090-9-18,0.0,0.52,26.6,0.0,0.0,0.0,0,4.822265625,6,45,05:40,20:21,2025-05-22 08:07:49.528786,Città della Scienza,75.0,5.5965204,7.9100003,4.1233535,4.220868,EU EEA Common AQI,71.4,5.2760854,6.090499,7200,4.5142856,100,100,64.7,3.8628569,Very Low,70.6,4.1797943,100,1747900800,Very Low,3.2986827,6.7554355,Very Low,5.6641917,62.3,5.885714,100,1747900800,4.8285713
2025-05-22T08:08:00Z,0,29.94,74.2,63,68.5,4,4,192,79,0.0,255,32767,0.11,2090-9-18,0.0,0.52,26.6,0.0,0.0,0.0,0,4.822265625,6,45,05:40,20:21,2025-05-22 08:08:00.607760,Città della Scienza,75.0,5.5965204,7.9100003,4.1233535,4.220868,EU EEA Common AQI,71.4,5.2760854,6.090499,7200,4.5142856,100,100,64.7,3.8628569,Very Low,70.6,4.1797943,100,1747900800,Very Low,3.2986827,6.7554355,Very Low,5.6641917,62.3,5.885714,100,1747900800,4.8285713
2025-05-22T08:08:11Z,0,29.94,74.2,63,68.5,4,4,198,79,0.0,255,32767,0.11,2090-9-18,0.0,0.52,26.6,0.0,0.0,0.0,0,4.822265625,6,45,05:40,20:21,2025-05-22 08:08:11.707750,Città della Scienza,75.0,5.5965204,7.9100003,4.1233535,4.220868,EU EEA Common AQI,71.4,5.2760854,6.090499,7200,4.5142856,100,100,64.7,3.8628569,Very Low,70.6,4.1797943,100,1747900800,Very Low,3.2986827,6.7554355,Very Low,5.6641917,62.3,5.885714,100,1747900800,4.8285713
2025-05-22T08:08:23Z,0,29.94,74.2,63,68.5,4,4,274,79,0.0,255,32767,0.11,2090-9-18,0.0,0.52,26.6,0.0,0.0,0.0,0,4.822265625,6,45,05:40,20:21,2025-05-22 08:08:22.826812,Città della Scienza,75.0,5.5965204,7.9100003,4.1233535,4.220868,EU EEA Common AQI,71.4,5.2760854,6.090499,7200,4.5142856,100,100,64.7,3.8628569,Very Low,70.6,4.1797943,100,1747900800,Very Low,3.2986827,6.7554355,Very Low,5.6641917,62.3,5.885714,100,1747900800,4.8285713
2025-05-22T08:08:34Z,0,29.94,74.2,63,68.5,6,4,154,79,0.0,255,32767,0.11,2090-9-18,0.0,0.52,26.6,0.0,0.0,0.0,0,4.822265625,6,45,05:40,20:21,2025-05-22 08:08:33.941780,Città della Scienza,75.0,5.5965204,7.9100003,4.1233535,4.220868,EU EEA Common AQI,71.4,5.2760854,6.090499,7200,4.5142856,100,100,64.7,3.8628569,Very Low,70.6,4.1797943,100,1747900800,Very Low,3.2986827,6.7554355,Very Low,5.6641917,62.3,5.885714,100,1747900800,4.8285713
2025-05-22T08:08:45Z,0,29.94,74.2,63,68.5,6,4,169,79,0.0,255,32767,0.11,2090-9-18,0.0,0.52,26.6,0.0,0.0,0.0,0,4.822265625,6,45,05:40,20:21,2025-05-22 08:08:45.042770,Città della Scienza,75.0,5.5965204,7.9100003,4.1233535,4.220868,EU EEA Common AQI,71.4,5.2760854,6.090499,7200,4.5142856,100,100,64.7,3.8628569,Very Low,70.6,4.1797943,100,1747900800,Very Low,3.2986827,6.7554355,Very Low,5.6641917,62.3,5.885714,100,1747900800,4.8285713
2025-05-22T08:08:56Z,0,29.94,74.2,63,68.6,3,4,139,79,0.0,255,32767,0.11,2090-9-18,0.0,0.52,26.6,0.0,0.0,0.0,0,4.822265625,6,45,05:40,20:21,2025-05-22 08:08:56.136794,Città della Scienza,75.0,5.5965204,7.9100003,4.1233535,4.220868,EU EEA Common AQI,71.4,5.2760854,6.090499,7200,4.5142856,100,100,64.7,3.8628569,Very Low,70.6,4.1797943,100,1747900800,Very Low,3.2986827,6.7554355,Very Low,5.6641917,62.3,5.885714,100,1747900800,4.8285713
2025-05-22T08:09:07Z,0,29.94,74.2,63,68.6,8,4,161,79,0.0,255,32767,0.11,2090-9-18,0.0,0.52,26.6,0.0,0.0,0.0,0,4.822265625,6,45,05:40,20:21,2025-05-22 08:09:07.259788,Città della Scienza,75.0,5.5965204,7.9100003,4.1233535,4.220868,EU EEA Common AQI,71.4,5.2760854,6.090499,7200,4.5142856,100,100,64.7,3.8628569,Very Low,70.6,4.1797943,100,1747900800,Very Low,3.2986827,6.7554355,Very Low,5.6641917,62.3,5.885714,100,1747900800,4.8285713
2025-05-22T08:09:18Z,0,29.94,74.2,63,68.6,7,4,171,79,0.0,255,32767,0.11,2090-9-18,0.0,0.52,26.6,0.0,0.0,0.0,0,4.822265625,6,45,05:40,20:21,2025-05-22 08:09:18.360796,Città della Scienza,75.0,5.5965204,7.9100003,4.1233535,4.220868,EU EEA Common AQI,71.4,5.2760854,6.090499,7200,4.5142856,100,100,64.7,3.8628569,Very Low,70.6,4.1797943,100,1747900800,Very Low,3.2986827,6.7554355,Very Low,5.6641917,62.3,5.885714,100,1747900800,4.8285713
2025-05-22T08:09:29Z,0,29.94,74.2,63,68.5,5,4,164,79,0.0,255,32767,0.11,2090-9-18,0.0,0.52,26.6,0.0,0.0,0.0,0,4.822265625,6,45,05:40,20:21,2025-05-22 08:09:29.503796,Città della Scienza,75.0,5.5965204,7.9100003,4.1233535,4.220868,EU EEA Common AQI,71.4,5.2760854,6.090499,7200,4.5142856,100,100,64.7,3.8628569,Very Low,70.6,4.1797943,100,1747900800,Very Low,3.2986827,6.7554355,Very Low,5.6641917,62.3,5.885714,100,1747900800,4.8285713
2025-05-22T08:09:40Z,0,29.942,74.2,63,68.6,4,4,161,78,0.0,255,32767,0.11,2090-9-18,0.0,0.52,26.6,0.0,0.0,0.0,0,4.822265625,6,45,05:40,20:21,2025-05-22 08:09:40.604765,Città della Scienza,75.0,5.5965204,7.9100003,4.1233535,4.220868,EU EEA Common AQI,71.4,5.2760854,6.090499,7200,4.5142856,100,100,64.7,3.8628569,Very Low,70.6,4.1797943,100,1747900800,Very Low,3.2986827,6.7554355,Very Low,5.6641917,62.3,5.885714,100,1747900800,4.8285713
2025-05-22T08:09:51Z,0,29.942,74.2,63,68.5,5,4,165,78,0.0,255,32767,0.11,2090-9-18,0.0,0.52,26.6,0.0,0.0,0.0,0,4.822265625,6,45,05:40,20:21,2025-05-22 08:09:51.746790,Città della Scienza,75.0,5.5965204,7.9100003,4.1233535,4.220868,EU EEA Common AQI,71.4,5.2760854,6.090499,7200,4.5142856,100,100,64.7,3.8628569,Very Low,70.6,4.1797943,100,1747900800,Very Low,3.2986827,6.7554355,Very Low,5.6641917,62.3,5.885714,100,1747900800,4.8285713
2025-05-22T08:10:03Z,0,29.942,74.2,63,68.5,6,4,168,78,0.0,255,32767,0.11,2090-9-18,0.0,0.52,26.6,0.0,0.0,0.0,0,4.822265625,6,45,05:40,20:21,2025-05-22 08:10:02.879793,Città della Scienza,75.0,5.5965204,7.9100003,4.1233535,4.220868,EU EEA Common AQI,71.4,5.2760854,6.090499,7200,4.5142856,100,100,64.7,3.8628569,Very Low,70.6,4.1797943,100,1747900800,Very Low,3.2986827,6.7554355,Very Low,5.6641917,62.3,5.885714,100,1747900800,4.8285713
2025-05-22T08:10:14Z,0,29.942,74.2,63,68.6,4,4,179,78,0.0,255,32767,0.11,2090-9-18,0.0,0.52,26.6,0.0,0.0,0.0,0,4.822265625,6,45,05:40,20:21,2025-05-22 08:10:14.010793,Città della Scienza,75.0,5.5965204,7.9100003,4.1233535,4.220868,EU EEA Common AQI,71.4,5.2760854,6.090499,7200,4.5142856,100,100,64.7,3.8628569,Very Low,70.6,4.1797943,100,1747900800,Very Low,3.2986827,6.7554355,Very Low,5.6641917,62.3,5.885714,100,1747900800,4.8285713
2025-05-22T08:10:25Z,0,29.942,74.2,63,68.6,6,4,184,78,0.0,255,32767,0.11,2090-9-18,0.0,0.52,26.6,0.0,0.0,0.0,0,4.822265625,6,45,05:40,20:21,2025-05-22 08:10:25.131812,Città della Scienza,75.0,5.5965204,7.9100003,4.1233535,4.220868,EU EEA Common AQI,71.4,5.2760854,6.090499,7200,4.5142856,100,100,64.7,3.8628569,Very Low,70.6,4.1797943,100,1747900800,Very Low,3.2986827,6.7554355,Very Low,5.6641917,62.3,5.885714,100,1747900800,4.8285713
2025-05-22T08:10:36Z,0,29.943,74.2,63,68.5,6,4,180,78,0.0,255,32767,0.11,2090-9-18,0.0,0.52,26.6,0.0,0.0,0.0,0,4.822265625,6,45,05:40,20:21,2025-05-22 08:10:36.210794,Città della Scienza,75.0,5.5965204,7.9100003,4.1233535,4.220868,EU EEA Common AQI,71.4,5.2760854,6.090499,7200,4.5142856,100,100,64.7,3.8628569,Very Low,70.6,4.1797943,100,1747900800,Very Low,3.2986827,6.7554355,Very Low,5.6641917,62.3,5.885714,100,1747900800,4.8285713
2025-05-22T08:10:47Z,0,29.943,74.2,63,68.5,4,4,159,78,0.0,255,32767,0.11,2090-9-18,0.0,0.52,26.6,0.0,0.0,0.0,0,4.822265625,6,45,05:40,20:21,2025-05-22 08:10:47.315795,Città della Scienza,75.0,5.5965204,7.9100003,4.1233535,4.220868,EU EEA Common AQI,71.4,5.2760854,6.090499,7200,4.5142856,100,100,64.7,3.8628569,Very Low,70.6,4.1797943,100,1747900800,Very Low,3.2986827,6.7554355,Very Low,5.6641917,62.3,5.885714,100,1747900800,4.8285713
2025-05-22T08:10:58Z,0,29.943,74.2,63,68.5,6,4,157,78,0.0,255,32767,0.11,2090-9-18,0.0,0.52,26.6,0.0,0.0,0.0,0,4.822265625,6,45,05:40,20:21,2025-05-22 08:10:58.426784,Città della Scienza,75.0,5.5965204,7.9100003,4.1233535,4.220868,EU EEA Common AQI,71.4,5.2760854,6.090499,7200,4.5142856,100,100,64.7,3.8628569,Very Low,70.6,4.1797943,100,1747900800,Very Low,3.2986827,6.7554355,Very Low,5.6641917,62.3,5.885714,100,1747900800,4.8285713
2025-05-22T08:11:09Z,0,29.943,74.2,63,68.6,5,4,169,78,0.0,255,32767,0.11,2090-9-18,0.0,0.52,26.6,0.0,0.0,0.0,0,4.822265625,6,45,05:40,20:21,2025-05-22 08:11:09.539793,Città della Scienza,75.0,5.5965204,7.9100003,4.1233535,4.220868,EU EEA Common AQI,71.4,5.2760854,6.090499,7200,4.5142856,100,100,64.7,3.8628569,Very Low,70.6,4.1797943,100,1747900800,Very Low,3.2986827,6.7554355,Very Low,5.6641917,62.3,5.885714,100,1747900800,4.8285713
2025-05-22T08:11:20Z,0,29.943,74.2,63,68.5,7,4,158,78,0.0,255,32767,0.11,2090-9-18,0.0,0.52,26.6,0.0,0.0,0.0,0,4.822265625,6,45,05:40,20:21,2025-05-22 08:11:20.616804,Città della Scienza,75.0,5.5965204,7.9100003,4.1233535,4.220868,EU EEA Common AQI,71.4,5.2760854,6.090499,7200,4.5142856,100,100,64.7,3.8628569,Very Low,70.6,4.1797943,100,1747900800,Very Low,3.2986827,6.7554355,Very Low,5.6641917,62.3,5.885714,100,1747900800,4.8285713
2025-05-22T08:11:31Z,0,29.943,74.2,63,68.6,7,4,175,78,0.0,255,32767,0.11,2090-9-18,0.0,0.52,26.6,0.0,0.0,0.0,0,4.822265625,6,45,05:40,20:21,2025-05-22 08:11:31.715808,Città della Scienza,75.0,5.5965204,7.9100003,4.1233535,4.220868,EU EEA Common AQI,71.4,5.2760854,6.090499,7200,4.5142856,100,100,64.7,3.8628569,Very Low,70.6,4.1797943,100,1747900800,Very Low,3.2986827,6.7554355,Very Low,5.6641917,62.3,5.885714,100,1747900800,4.8285713
2025-05-22T08:11:43Z,0,29.942,74.2,63,68.6,7,4,180,78,0.0,255,32767,0.11,2090-9-18,0.0,0.52,26.6,0.0,0.0,0.0,0,4.822265625,6,45,05:40,20:21,2025-05-22 08:11:42.816795,Città della Scienza,75.0,5.5965204,7.9100003,4.1233535,4.220868,EU EEA Common AQI,71.4,5.2760854,6.090499,7200,4.5142856,100,100,64.7,3.8628569,Very Low,70.6,4.1797943,100,1747900800,Very Low,3.2986827,6.7554355,Very Low,5.6641917,62.3,5.885714,100,1747900800,4.8285713
2025-05-22T08:11:54Z,0,29.942,74.2,63,68.6,4,4,175,78,0.0,255,32767,0.11,2090-9-18,0.0,0.52,26.6,0.0,0.0,0.0,0,4.822265625,6,45,05:40,20:21,2025-05-22 08:11:53.895791,Città della Scienza,75.0,5.5965204,7.9100003,4.1233535,4.220868,EU EEA Common AQI,71.4,5.2760854,6.090499,7200,4.5142856,100,100,64.7,3.8628569,Very Low,70.6,4.1797943,100,1747900800,Very Low,3.2986827,6.7554355,Very Low,5.6641917,62.3,5.885714,100,1747900800,4.8285713
2025-05-22T08:12:05Z,0,29.942,74.2,63,68.5,6,4,175,78,0.0,255,32767,0.11,2090-9-18,0.0,0.52,26.6,0.0,0.0,0.0,0,4.822265625,6,45,05:40,20:21,2025-05-22 08:12:04.995804,Città della Scienza,75.0,5.5965204,7.9100003,4.1233535,4.220868,EU EEA Common AQI,71.4,5.2760854,6.090499,7200,4.5142856,100,100,64.7,3.8628569,Very Low,70.6,4.1797943,100,1747900800,Very Low,3.2986827,6.7554355,Very Low,5.6641917,62.3,5.885714,100,1747900800,4.8285713
2025-05-22T08:12:16Z,0,29.942,74.2,63,68.5,5,4,179,79,0.0,255,32767,0.11,2090-9-18,0.0,0.52,26.6,0.0,0.0,0.0,0,4.822265625,6,45,05:40,20:21,2025-05-22 08:12:16.134789,Città della Scienza,75.0,5.5965204,7.9100003,4.1233535,4.220868,EU EEA Common AQI,71.4,5.2760854,6.090499,7200,4.5142856,100,100,64.7,3.8628569,Very Low,70.6,4.1797943,100,1747900800,Very Low,3.2986827,6.7554355,Very Low,5.6641917,62.3,5.885714,100,1747900800,4.8285713
2025-05-22T08:12:27Z,0,29.942,74.2,63,68.6,6,4,161,79,0.0,255,32767,0.11,2090-9-18,0.0,0.52,26.6,0.0,0.0,0.0,0,4.822265625,6,45,05:40,20:21,2025-05-22 08:12:27.251804,Città della Scienza,75.0,5.5965204,7.9100003,4.1233535,4.220868,EU EEA Common AQI,71.4,5.2760854,6.090499,7200,4.5142856,100,100,64.7,3.8628569,Very Low,70.6,4.1797943,100,1747900800,Very Low,3.2986827,6.7554355,Very Low,5.6641917,62.3,5.885714,100,1747900800,4.8285713
2025-05-22T08:12:38Z,0,29.944,74.3,63,68.6,3,5,205,79,0.0,255,32767,0.11,2090-9-18,0.0,0.52,26.6,0.0,0.0,0.0,0,4.822265625,6,45,05:40,20:21,2025-05-22 08:12:38.337790,Città della Scienza,75.0,5.5965204,7.9100003,4.1233535,4.220868,EU EEA Common AQI,71.4,5.2760854,6.090499,7200,4.5142856,100,100,64.7,3.8628569,Very Low,70.6,4.1797943,100,1747900800,Very Low,3.2986827,6.7554355,Very Low,5.6641917,62.3,5.885714,100,1747900800,4.8285713
2025-05-22T08:12:49Z,0,29.944,74.3,63,68.6,5,5,182,79,0.0,255,32767,0.11,2090-9-18,0.0,0.52,26.6,0.0,0.0,0.0,0,4.822265625,6,45,05:40,20:21,2025-05-22 08:12:49.439801,Città della Scienza,75.0,5.5965204,7.9100003,4.1233535,4.220868,EU EEA Common AQI,71.4,5.2760854,6.090499,7200,4.5142856,100,100,64.7,3.8628569,Very Low,70.6,4.1797943,100,1747900800,Very Low,3.2986827,6.7554355,Very Low,5.6641917,62.3,5.885714,100,1747900800,4.8285713
2025-05-22T08:13:00Z,0,29.944,74.3,63,68.6,5,5,169,79,0.0,255,32767,0.11,2090-9-18,0.0,0.52,26.6,0.0,0.0,0.0,0,4.822265625,6,45,05:40,20:21,2025-05-22 08:13:00.521794,Città della Scienza,75.0,5.5965204,7.9100003,4.1233535,4.220868,EU EEA Common AQI,71.4,5.2760854,6.090499,7200,4.5142856,100,100,64.7,3.8628569,Very Low,70.6,4.1797943,100,1747900800,Very Low,3.2986827,6.7554355,Very Low,5.6641917,62.3,5.885714,100,1747900800,4.8285713
2025-05-22T08:13:11Z,0,29.944,74.3,63,68.6,6,5,155,79,0.0,255,32767,0.11,2090-9-18,0.0,0.52,26.6,0.0,0.0,0.0,0,4.822265625,6,45,05:40,20:21,2025-05-22 08:13:11.650792,Città della Scienza,75.0,5.5965204,7.9100003,4.1233535,4.220868,EU EEA Common AQI,71.4,5.2760854,6.090499,7200,4.5142856,100,100,64.7,3.8628569,Very Low,70.6,4.1797943,100,1747900800,Very Low,3.2986827,6.7554355,Very Low,5.6641917,62.3,5.885714,100,1747900800,4.8285713
2025-05-22T08:13:22Z,0,29.944,74.3,63,68.6,6,5,175,79,0.0,255,32767,0.11,2090-9-18,0.0,0.52,26.6,0.0,0.0,0.0,0,4.822265625,6,45,05:40,20:21,2025-05-22 08:13:22.774790,Città della Scienza,75.0,5.5965204,7.9100003,4.1233535,4.220868,EU EEA Common AQI,71.4,5.2760854,6.090499,7200,4.5142856,100,100,64.7,3.8628569,Very Low,70.6,4.1797943,100,1747900800,Very Low,3.2986827,6.7554355,Very Low,5.6641917,62.3,5.885714,100,1747900800,4.8285713
2025-05-22T08:13:34Z,0,29.943,74.3,63,68.6,8,5,193,79,0.0,255,32767,0.11,2090-9-18,0.0,0.52,26.6,0.0,0.0,0.0,0,4.822265625,6,45,05:40,20:21,2025-05-22 08:13:33.874795,Città della Scienza,75.0,5.5965204,7.9100003,4.1233535,4.220868,EU EEA Common AQI,71.4,5.2760854,6.090499,7200,4.5142856,100,100,64.7,3.8628569,Very Low,70.6,4.1797943,100,1747900800,Very Low,3.2986827,6.7554355,Very Low,5.6641917,62.3,5.885714,100,1747900800,4.8285713
2025-05-22T08:13:45Z,0,29.943,74.3,63,68.6,4,5,196,79,0.0,255,32767,0.11,2090-9-18,0.0,0.52,26.6,0.0,0.0,0.0,0,4.822265625,6,45,05:40,20:21,2025-05-22 08:13:44.950791,Città della Scienza,75.0,5.5965204,7.9100003,4.1233535,4.220868,EU EEA Common AQI,71.4,5.2760854,6.090499,7200,4.5142856,100,100,64.7,3.8628569,Very Low,70.6,4.1797943,100,1747900800,Very Low,3.2986827,6.7554355,Very Low,5.6641917,62.3,5.885714,100,1747900800,4.8285713
2025-05-22T08:13:56Z,0,29.943,74.3,63,68.6,2,5,169,79,0.0,255,32767,0.11,2090-9-18,0.0,0.52,26.6,0.0,0.0,0.0,0,4.822265625,6,45,05:40,20:21,2025-05-22 08:13:56.066799,Città della Scienza,75.0,5.5965204,7.9100003,4.1233535,4.220868,EU EEA Common AQI,71.4,5.2760854,6.090499,7200,4.5142856,100,100,64.7,3.8628569,Very Low,70.6,4.1797943,100,1747900800,Very Low,3.2986827,6.7554355,Very Low,5.6641917,62.3,5.885714,100,1747900800,4.8285713
2025-05-22T08:14:07Z,0,29.943,74.3,63,68.6,7,5,185,79,0.0,255,32767,0.11,2090-9-18,0.0,0.52,26.6,0.0,0.0,0.0,0,4.822265625,6,45,05:40,20:21,2025-05-22 08:14:07.164798,Città della Scienza,75.0,5.5965204,7.9100003,4.1233535,4.220868,EU EEA Common AQI,71.4,5.2760854,6.090499,7200,4.5142856,100,100,64.7,3.8628569,Very Low,70.6,4.1797943,100,1747900800,Very Low,3.2986827,6.7554355,Very Low,5.6641917,62.3,5.885714,100,1747900800,4.8285713
2025-05-22T08:14:18Z,0,29.943,74.3,63,68.6,8,5,205,79,0.0,255,32767,0.11,2090-9-18,0.0,0.52,26.6,0.0,0.0,0.0,0,4.822265625,6,45,05:40,20:21,2025-05-22 08:14:18.260786,Città della Scienza,75.0,5.5965204,7.9100003,4.1233535,4.220868,EU EEA Common AQI,71.4,5.2760854,6.090499,7200,4.5142856,100,100,64.7,3.8628569,Very Low,70.6,4.1797943,100,1747900800,Very Low,3.2986827,6.7554355,Very Low,5.6641917,62.3,5.885714,100,1747900800,4.8285713
2025-05-22T08:14:29Z,0,29.943,74.3,63,68.6,5,5,179,79,0.0,255,32767,0.11,2090-9-18,0.0,0.52,26.6,0.0,0.0,0.0,0,4.822265625,6,45,05:40,20:21,2025-05-22 08:14:29.397783,Città della Scienza,75.0,5.5965204,7.9100003,4.1233535,4.220868,EU EEA Common AQI,71.4,5.2760854,6.090499,7200,4.5142856,100,100,64.7,3.8628569,Very Low,70.6,4.1797943,100,1747900800,Very Low,3.2986827,6.7554355,Very Low,5.6641917,62.3,5.885714,100,1747900800,4.8285713
2025-05-22T08:14:40Z,0,29.942,74.3,63,68.6,7,5,197,79,0.0,255,32767,0.11,2090-9-18,0.0,0.52,26.6,0.0,0.0,0.0,0,4.822265625,6,45,05:40,20:21,2025-05-22 08:14:40.487801,Città della Scienza,75.0,5.5965204,7.9100003,4.1233535,4.220868,EU EEA Common AQI,71.4,5.2760854,6.090499,7200,4.5142856,100,100,64.7,3.8628569,Very Low,70.6,4.1797943,100,1747900800,Very Low,3.2986827,6.7554355,Very Low,5.6641917,62.3,5.885714,100,1747900800,4.8285713
2025-05-22T08:14:51Z,0,29.942,74.3,63,68.6,6,5,204,79,0.0,255,32767,0.11,2090-9-18,0.0,0.52,26.6,0.0,0.0,0.0,0,4.822265625,6,45,05:40,20:21,2025-05-22 08:14:51.570800,Città della Scienza,75.0,5.5965204,7.9100003,4.1233535,4.220868,EU EEA Common AQI,71.4,5.2760854,6.090499,7200,4.5142856,100,100,64.7,3.8628569,Very Low,70.6,4.1797943,100,1747900800,Very Low,3.2986827,6.7554355,Very Low,5.6641917,62.3,5.885714,100,1747900800,4.8285713
2025-05-22T08:15:02Z,0,29.942,74.3,63,68.6,4,5,88,79,0.0,255,32767,0.11,2090-9-18,0.0,0.52,26.6,0.0,0.0,0.0,0,4.822265625,6,45,05:40,20:21,2025-05-22 08:15:02.673796,Città della Scienza,75.0,5.5965204,7.9100003,4.1233535,4.220868,EU EEA Common AQI,71.4,5.2760854,6.090499,7200,4.5142856,100,100,64.7,3.8628569,Very Low,70.6,4.1797943,100,1747900800,Very Low,3.2986827,6.7554355,Very Low,5.6641917,62.3,5.885714,100,1747900800,4.8285713
2025-05-22T08:15:13Z,0,29.942,74.3,63,68.7,7,5,186,79,0.0,255,32767,0.11,2090-9-18,0.0,0.52,26.6,0.0,0.0,0.0,0,4.822265625,6,45,05:40,20:21,2025-05-22 08:15:13.766784,Città della Scienza,75.0,5.5965204,7.9100003,4.1233535,4.220868,EU EEA Common AQI,71.4,5.2760854,6.090499,7200,4.5142856,100,100,64.7,3.8628569,Very Low,70.6,4.1797943,100,1747900800,Very Low,3.2986827,6.7554355,Very Low,5.6641917,62.3,5.885714,100,1747900800,4.8285713
2025-05-22T08:15:25Z,0,29.942,74.3,63,68.7,6,5,191,79,0.0,255,32767,0.11,2090-9-18,0.0,0.52,26.6,0.0,0.0,0.0,0,4.822265625,6,45,05:40,20:21,2025-05-22 08:15:24.870794,Città della Scienza,75.0,5.5865455,7.9260435,4.502036,4.223503,EU EEA Common AQI,71.8,5.2793794,6.1130314,7200,5.405797,100,100,65.0,4.8811593,Very Low,70.9,4.139175,100,1747901700,Very Low,3.6016288,6.808414,Very Low,6.1128144,62.6,7.0289855,100,1747901700,6.1014495
2025-05-22T08:15:36Z,0,29.943,74.3,63,68.7,5,5,150,79,0.0,255,32767,0.11,2090-9-18,0.0,0.52,26.6,0.0,0.0,0.0,0,4.822265625,6,45,05:40,20:21,2025-05-22 08:15:36.015791,Città della Scienza,75.0,5.5865455,7.9260435,4.502036,4.223503,EU EEA Common AQI,71.8,5.2793794,6.1130314,7200,5.405797,100,100,65.0,4.8811593,Very Low,70.9,4.139175,100,1747901700,Very Low,3.6016288,6.808414,Very Low,6.1128144,62.6,7.0289855,100,1747901700,6.1014495
2025-05-22T08:15:47Z,0,29.943,74.3,63,68.6,6,5,180,79,0.0,255,32767,0.11,2090-9-18,0.0,0.52,26.6,0.0,0.0,0.0,0,4.822265625,6,45,05:40,20:21,2025-05-22 08:15:47.103789,Città della Scienza,75.0,5.5865455,7.9260435,4.502036,4.223503,EU EEA Common AQI,71.8,5.2793794,6.1130314,7200,5.405797,100,100,65.0,4.8811593,Very Low,70.9,4.139175,100,1747901700,Very Low,3.6016288,6.808414,Very Low,6.1128144,62.6,7.0289855,100,1747901700,6.1014495
2025-05-22T08:15:58Z,0,29.943,74.3,63,68.7,7,5,177,79,0.0,255,32767,0.11,2090-9-18,0.0,0.52,26.6,0.0,0.0,0.0,0,4.822265625,6,45,05:40,20:21,2025-05-22 08:15:58.244784,Città della Scienza,75.0,5.5865455,7.9260435,4.502036,4.223503,EU EEA Common AQI,71.8,5.2793794,6.1130314,7200,5.405797,100,100,65.0,4.8811593,Very Low,70.9,4.139175,100,1747901700,Very Low,3.6016288,6.808414,Very Low,6.1128144,62.6,7.0289855,100,1747901700,6.1014495
2025-05-22T08:16:09Z,0,29.943,74.3,63,68.7,9,5,165,79,0.0,255,32767,0.11,2090-9-18,0.0,0.52,26.6,0.0,0.0,0.0,0,4.822265625,6,45,05:40,20:21,2025-05-22 08:16:09.368791,Città della Scienza,75.0,5.5865455,7.9260435,4.502036,4.223503,EU EEA Common AQI,71.8,5.2793794,6.1130314,7200,5.405797,100,100,65.0,4.8811593,Very Low,70.9,4.139175,100,1747901700,Very Low,3.6016288,6.808414,Very Low,6.1128144,62.6,7.0289855,100,1747901700,6.1014495
2025-05-22T08:16:20Z,0,29.943,74.3,63,68.6,5,5,164,79,0.0,255,32767,0.11,2090-9-18,0.0,0.52,26.6,0.0,0.0,0.0,0,4.822265625,6,45,05:40,20:21,2025-05-22 08:16:20.468793,Città della Scienza,75.0,5.5865455,7.9260435,4.502036,4.223503,EU EEA Common AQI,71.8,5.2793794,6.1130314,7200,5.405797,100,100,65.0,4.8811593,Very Low,70.9,4.139175,100,1747901700,Very Low,3.6016288,6.808414,Very Low,6.1128144,62.6,7.0289855,100,1747901700,6.1014495
2025-05-22T08:16:31Z,0,29.943,74.3,63,68.7,6,5,148,78,0.0,255,32767,0.11,2090-9-18,0.0,0.52,26.6,0.0,0.0,0.0,0,4.822265625,6,45,05:40,20:21,2025-05-22 08:16:31.598791,Città della Scienza,75.0,5.5865455,7.9260435,4.502036,4.223503,EU EEA Common AQI,71.8,5.2793794,6.1130314,7200,5.405797,100,100,65.0,4.8811593,Very Low,70.9,4.139175,100,1747901700,Very Low,3.6016288,6.808414,Very Low,6.1128144,62.6,7.0289855,100,1747901700,6.1014495
2025-05-22T08:16:42Z,0,29.942,74.3,63,68.7,7,5,165,78,0.0,255,32767,0.11,2090-9-18,0.0,0.52,26.6,0.0,0.0,0.0,0,4.822265625,6,45,05:40,20:21,2025-05-22 08:16:42.671791,Città della Scienza,75.0,5.5865455,7.9260435,4.502036,4.223503,EU EEA Common AQI,71.8,5.2793794,6.1130314,7200,5.405797,100,100,65.0,4.8811593,Very Low,70.9,4.139175,100,1747901700,Very Low,3.6016288,6.808414,Very Low,6.1128144,62.6,7.0289855,100,1747901700,6.1014495
2025-05-22T08:16:53Z,0,29.942,74.3,63,68.7,7,5,175,78,0.0,255,32767,0.11,2090-9-18,0.0,0.52,26.6,0.0,0.0,0.0,0,4.822265625,6,45,05:40,20:21,2025-05-22 08:16:53.770757,Città della Scienza,75.0,5.5865455,7.9260435,4.502036,4.223503,EU EEA Common AQI,71.8,5.2793794,6.1130314,7200,5.405797,100,100,65.0,4.8811593,Very Low,70.9,4.139175,100,1747901700,Very Low,3.6016288,6.808414,Very Low,6.1128144,62.6,7.0289855,100,1747901700,6.1014495
2025-05-22T08:17:05Z,0,29.942,74.3,63,68.7,5,5,161,78,0.0,255,32767,0.11,2090-9-18,0.0,0.52,26.6,0.0,0.0,0.0,0,4.822265625,6,45,05:40,20:21,2025-05-22 08:17:04.869814,Città della Scienza,75.0,5.5865455,7.9260435,4.502036,4.223503,EU EEA Common AQI,71.8,5.2793794,6.1130314,7200,5.405797,100,100,65.0,4.8811593,Very Low,70.9,4.139175,100,1747901700,Very Low,3.6016288,6.808414,Very Low,6.1128144,62.6,7.0289855,100,1747901700,6.1014495
2025-05-22T08:17:16Z,0,29.942,74.3,63,68.6,9,5,171,78,0.0,255,32767,0.11,2090-9-18,0.0,0.52,26.6,0.0,0.0,0.0,0,4.822265625,6,45,05:40,20:21,2025-05-22 08:17:16.000786,Città della Scienza,75.0,5.5865455,7.9260435,4.502036,4.223503,EU EEA Common AQI,71.8,5.2793794,6.1130314,7200,5.405797,100,100,65.0,4.8811593,Very Low,70.9,4.139175,100,1747901700,Very Low,3.6016288,6.808414,Very Low,6.1128144,62.6,7.0289855,100,1747901700,6.1014495
2025-05-22T08:17:27Z,0,29.942,74.3,63,68.6,5,5,181,78,0.0,255,32767,0.11,2090-9-18,0.0,0.52,26.6,0.0,0.0,0.0,0,4.822265625,6,45,05:40,20:21,2025-05-22 08:17:27.104765,Città della Scienza,75.0,5.5865455,7.9260435,4.502036,4.223503,EU EEA Common AQI,71.8,5.2793794,6.1130314,7200,5.405797,100,100,65.0,4.8811593,Very Low,70.9,4.139175,100,1747901700,Very Low,3.6016288,6.808414,Very Low,6.1128144,62.6,7.0289855,100,1747901700,6.1014495
2025-05-22T08:17:38Z,0,29.942,74.3,63,68.6,5,6,179,78,0.0,255,32767,0.11,2090-9-18,0.0,0.52,26.6,0.0,0.0,0.0,0,4.822265625,6,45,05:40,20:21,2025-05-22 08:17:38.235801,Città della Scienza,75.0,5.5865455,7.9260435,4.502036,4.223503,EU EEA Common AQI,71.8,5.2793794,6.1130314,7200,5.405797,100,100,65.0,4.8811593,Very Low,70.9,4.139175,100,1747901700,Very Low,3.6016288,6.808414,Very Low,6.1128144,62.6,7.0289855,100,1747901700,6.1014495
2025-05-22T08:17:49Z,0,29.942,74.3,63,68.6,7,6,175,78,0.0,255,32767,0.11,2090-9-18,0.0,0.52,26.6,0.0,0.0,0.0,0,4.822265625,6,45,05:40,20:21,2025-05-22 08:17:49.328792,Città della Scienza,75.0,5.5865455,7.9260435,4.502036,4.223503,EU EEA Common AQI,71.8,5.2793794,6.1130314,7200,5.405797,100,100,65.0,4.8811593,Very Low,70.9,4.139175,100,1747901700,Very Low,3.6016288,6.808414,Very Low,6.1128144,62.6,7.0289855,100,1747901700,6.1014495
2025-05-22T08:18:00Z,0,29.942,74.3,63,68.6,6,6,188,78,0.0,255,32767,0.11,2090-9-18,0.0,0.52,26.6,0.0,0.0,0.0,0,4.822265625,6,45,05:40,20:21,2025-05-22 08:18:00.454788,Città della Scienza,75.0,5.5865455,7.9260435,4.502036,4.223503,EU EEA Common AQI,71.8,5.2793794,6.1130314,7200,5.405797,100,100,65.0,4.8811593,Very Low,70.9,4.139175,100,1747901700,Very Low,3.6016288,6.808414,Very Low,6.1128144,62.6,7.0289855,100,1747901700,6.1014495
2025-05-22T08:18:11Z,0,29.942,74.3,63,68.6,5,6,186,78,0.0,255,32767,0.11,2090-9-18,0.0,0.52,26.6,0.0,0.0,0.0,0,4.822265625,6,45,05:40,20:21,2025-05-22 08:18:11.586808,Città della Scienza,75.0,5.5865455,7.9260435,4.502036,4.223503,EU EEA Common AQI,71.8,5.2793794,6.1130314,7200,5.405797,100,100,65.0,4.8811593,Very Low,70.9,4.139175,100,1747901700,Very Low,3.6016288,6.808414,Very Low,6.1128144,62.6,7.0289855,100,1747901700,6.1014495
2025-05-22T08:18:22Z,0,29.942,74.3,63,68.6,5,6,162,78,0.0,255,32767,0.11,2090-9-18,0.0,0.52,26.6,0.0,0.0,0.0,0,4.822265625,6,45,05:40,20:21,2025-05-22 08:18:22.708794,Città della Scienza,75.0,5.5865455,7.9260435,4.502036,4.223503,EU EEA Common AQI,71.8,5.2793794,6.1130314,7200,5.405797,100,100,65.0,4.8811593,Very Low,70.9,4.139175,100,1747901700,Very Low,3.6016288,6.808414,Very Low,6.1128144,62.6,7.0289855,100,1747901700,6.1014495
2025-05-22T08:18:34Z,0,29.943,74.3,63,68.6,5,6,168,78,0.0,255,32767,0.11,2090-9-18,0.0,0.52,26.6,0.0,0.0,0.0,0,4.822265625,6,45,05:40,20:21,2025-05-22 08:18:33.837805,Città della Scienza,75.0,5.5865455,7.9260435,4.502036,4.223503,EU EEA Common AQI,71.8,5.2793794,6.1130314,7200,5.405797,100,100,65.0,4.8811593,Very Low,70.9,4.139175,100,1747901700,Very Low,3.6016288,6.808414,Very Low,6.1128144,62.6,7.0289855,100,1747901700,6.1014495
2025-05-22T08:18:45Z,0,29.943,74.3,63,68.6,7,6,178,78,0.0,255,32767,0.11,2090-9-18,0.0,0.52,26.6,0.0,0.0,0.0,0,4.822265625,6,45,05:40,20:21,2025-05-22 08:18:44.975820,Città della Scienza,75.0,5.5865455,7.9260435,4.502036,4.223503,EU EEA Common AQI,71.8,5.2793794,6.1130314,7200,5.405797,100,100,65.0,4.8811593,Very Low,70.9,4.139175,100,1747901700,Very Low,3.6016288,6.808414,Very Low,6.1128144,62.6,7.0289855,100,1747901700,6.1014495
2025-05-22T08:18:56Z,0,29.943,74.3,63,68.6,7,6,170,78,0.0,255,32767,0.11,2090-9-18,0.0,0.52,26.6,0.0,0.0,0.0,0,4.822265625,6,45,05:40,20:21,2025-05-22 08:18:56.069799,Città della Scienza,75.0,5.5865455,7.9260435,4.502036,4.223503,EU EEA Common AQI,71.8,5.2793794,6.1130314,7200,5.405797,100,100,65.0,4.8811593,Very Low,70.9,4.139175,100,1747901700,Very Low,3.6016288,6.808414,Very Low,6.1128144,62.6,7.0289855,100,1747901700,6.1014495
2025-05-22T08:19:07Z,0,29.943,74.3,63,68.6,4,6,185,78,0.0,255,32767,0.11,2090-9-18,0.0,0.52,26.6,0.0,0.0,0.0,0,4.822265625,6,45,05:40,20:21,2025-05-22 08:19:07.196788,Città della Scienza,75.0,5.5865455,7.9260435,4.502036,4.223503,EU EEA Common AQI,71.8,5.2793794,6.1130314,7200,5.405797,100,100,65.0,4.8811593,Very Low,70.9,4.139175,100,1747901700,Very Low,3.6016288,6.808414,Very Low,6.1128144,62.6,7.0289855,100,1747901700,6.1014495
2025-05-22T08:19:18Z,0,29.943,74.3,63,68.6,3,6,157,78,0.0,255,32767,0.11,2090-9-18,0.0,0.52,26.6,0.0,0.0,0.0,0,4.822265625,6,45,05:40,20:21,2025-05-22 08:19:18.290801,Città della Scienza,75.0,5.5865455,7.9260435,4.502036,4.223503,EU EEA Common AQI,71.8,5.2793794,6.1130314,7200,5.405797,100,100,65.0,4.8811593,Very Low,70.9,4.139175,100,1747901700,Very Low,3.6016288,6.808414,Very Low,6.1128144,62.6,7.0289855,100,1747901700,6.1014495
2025-05-22T08:19:29Z,0,29.943,74.3,63,68.6,5,6,151,78,0.0,255,32767,0.11,2090-9-18,0.0,0.52,26.6,0.0,0.0,0.0,0,4.822265625,6,45,05:40,20:21,2025-05-22 08:19:29.370814,Città della Scienza,75.0,5.5865455,7.9260435,4.502036,4.223503,EU EEA Common AQI,71.8,5.2793794,6.1130314,7200,5.405797,100,100,65.0,4.8811593,Very Low,70.9,4.139175,100,1747901700,Very Low,3.6016288,6.808414,Very Low,6.1128144,62.6,7.0289855,100,1747901700,6.1014495
2025-05-22T08:19:40Z,0,29.94,74.4,63,68.5,7,6,156,78,0.0,255,32767,0.11,2090-9-18,0.0,0.52,26.6,0.0,0.0,0.0,0,4.822265625,6,45,05:40,20:21,2025-05-22 08:19:40.474787,Città della Scienza,75.0,5.5865455,7.9260435,4.502036,4.223503,EU EEA Common AQI,71.8,5.2793794,6.1130314,7200,5.405797,100,100,65.0,4.8811593,Very Low,70.9,4.139175,100,1747901700,Very Low,3.6016288,6.808414,Very Low,6.1128144,62.6,7.0289855,100,1747901700,6.1014495
2025-05-22T08:19:51Z,0,29.94,74.4,63,68.6,7,6,155,78,0.0,255,32767,0.11,2090-9-18,0.0,0.52,26.6,0.0,0.0,0.0,0,4.822265625,6,45,05:40,20:21,2025-05-22 08:19:51.590783,Città della Scienza,75.0,5.5865455,7.9260435,4.502036,4.223503,EU EEA Common AQI,71.8,5.2793794,6.1130314,7200,5.405797,100,100,65.0,4.8811593,Very Low,70.9,4.139175,100,1747901700,Very Low,3.6016288,6.808414,Very Low,6.1128144,62.6,7.0289855,100,1747901700,6.1014495
2025-05-22T08:20:02Z,0,29.94,74.4,63,68.6,8,6,150,78,0.0,255,32767,0.11,2090-9-18,0.0,0.52,26.6,0.0,0.0,0.0,0,4.822265625,6,45,05:40,20:21,2025-05-22 08:20:02.737792,Città della Scienza,75.0,5.5865455,7.9260435,4.502036,4.223503,EU EEA Common AQI,71.8,5.2793794,6.1130314,7200,5.405797,100,100,65.0,4.8811593,Very Low,70.9,4.139175,100,1747901700,Very Low,3.6016288,6.808414,Very Low,6.1128144,62.6,7.0289855,100,1747901700,6.1014495
2025-05-22T08:20:14Z,0,29.94,74.4,63,68.6,6,6,154,78,0.0,255,32767,0.11,2090-9-18,0.0,0.52,26.6,0.0,0.0,0.0,0,4.822265625,6,45,05:40,20:21,2025-05-22 08:20:13.838804,Città della Scienza,75.0,5.5865455,7.9260435,4.502036,4.223503,EU EEA Common AQI,71.8,5.2793794,6.1130314,7200,5.405797,100,100,65.0,4.8811593,Very Low,70.9,4.139175,100,1747901700,Very Low,3.6016288,6.808414,Very Low,6.1128144,62.6,7.0289855,100,1747901700,6.1014495
2025-05-22T08:20:25Z,0,29.94,74.4,63,68.5,4,6,175,78,0.0,255,32767,0.11,2090-9-18,0.0,0.52,26.6,0.0,0.0,0.0,0,4.822265625,6,45,05:40,20:21,2025-05-22 08:20:24.953795,Città della Scienza,75.0,5.5865455,7.9260435,4.502036,4.223503,EU EEA Common AQI,71.8,5.2793794,6.1130314,7200,5.405797,100,100,65.0,4.8811593,Very Low,70.9,4.139175,100,1747901700,Very Low,3.6016288,6.808414,Very Low,6.1128144,62.6,7.0289855,100,1747901700,6.1014495
2025-05-22T08:20:36Z,0,29.944,74.4,63,68.5,7,6,178,78,0.0,255,32767,0.11,2090-9-18,0.0,0.52,26.6,0.0,0.0,0.0,0,4.822265625,6,45,05:40,20:21,2025-05-22 08:20:36.057799,Città della Scienza,75.0,5.5865455,7.9260435,4.502036,4.223503,EU EEA Common AQI,71.8,5.2793794,6.1130314,7200,5.405797,100,100,65.0,4.8811593,Very Low,70.9,4.139175,100,1747901700,Very Low,3.6016288,6.808414,Very Low,6.1128144,62.6,7.0289855,100,1747901700,6.1014495
2025-05-22T08:20:47Z,0,29.944,74.4,63,68.6,5,6,165,78,0.0,255,32767,0.11,2090-9-18,0.0,0.52,26.6,0.0,0.0,0.0,0,4.822265625,6,45,05:40,20:21,2025-05-22 08:20:47.184756,Città della Scienza,75.0,5.5865455,7.9260435,4.502036,4.223503,EU EEA Common AQI,71.8,5.2793794,6.1130314,7200,5.405797,100,100,65.0,4.8811593,Very Low,70.9,4.139175,100,1747901700,Very Low,3.6016288,6.808414,Very Low,6.1128144,62.6,7.0289855,100,1747901700,6.1014495
2025-05-22T08:20:58Z,0,29.944,74.4,63,68.6,5,6,171,79,0.0,255,32767,0.11,2090-9-18,0.0,0.52,26.6,0.0,0.0,0.0,0,4.822265625,6,45,05:40,20:21,2025-05-22 08:20:58.274778,Città della Scienza,75.0,5.5865455,7.9260435,4.502036,4.223503,EU EEA Common AQI,71.8,5.2793794,6.1130314,7200,5.405797,100,100,65.0,4.8811593,Very Low,70.9,4.139175,100,1747901700,Very Low,3.6016288,6.808414,Very Low,6.1128144,62.6,7.0289855,100,1747901700,6.1014495
2025-05-22T08:21:09Z,0,29.944,74.4,63,68.6,10,6,163,79,0.0,255,32767,0.11,2090-9-18,0.0,0.52,26.6,0.0,0.0,0.0,0,4.822265625,6,45,05:40,20:21,2025-05-22 08:21:09.376797,Città della Scienza,75.0,5.5865455,7.9260435,4.502036,4.223503,EU EEA Common AQI,71.8,5.2793794,6.1130314,7200,5.405797,100,100,65.0,4.8811593,Very Low,70.9,4.139175,100,1747901700,Very Low,3.6016288,6.808414,Very Low,6.1128144,62.6,7.0289855,100,1747901700,6.1014495
2025-05-22T08:21:20Z,0,29.944,74.4,63,68.6,5,6,166,79,0.0,255,32767,0.11,2090-9-18,0.0,0.52,26.6,0.0,0.0,0.0,0,4.822265625,6,45,05:40,20:21,2025-05-22 08:21:20.484791,Città della Scienza,75.0,5.5865455,7.9260435,4.502036,4.223503,EU EEA Common AQI,71.8,5.2793794,6.1130314,7200,5.405797,100,100,65.0,4.8811593,Very Low,70.9,4.139175,100,1747901700,Very Low,3.6016288,6.808414,Very Low,6.1128144,62.6,7.0289855,100,1747901700,6.1014495
2025-05-22T08:21:31Z,0,29.944,74.4,63,68.5,7,6,166,79,0.0,255,32767,0.11,2090-9-18,0.0,0.52,26.6,0.0,0.0,0.0,0,4.822265625,6,45,05:40,20:21,2025-05-22 08:21:31.603791,Città della Scienza,75.0,5.5865455,7.9260435,4.502036,4.223503,EU EEA Common AQI,71.8,5.2793794,6.1130314,7200,5.405797,100,100,65.0,4.8811593,Very Low,70.9,4.139175,100,1747901700,Very Low,3.6016288,6.808414,Very Low,6.1128144,62.6,7.0289855,100,1747901700,6.1014495
2025-05-22T08:21:42Z,0,29.942,74.4,63,68.5,8,6,161,79,0.0,255,32767,0.11,2090-9-18,0.0,0.52,26.6,0.0,0.0,0.0,0,4.822265625,6,45,05:40,20:21,2025-05-22 08:21:42.673759,Città della Scienza,75.0,5.5865455,7.9260435,4.502036,4.223503,EU EEA Common AQI,71.8,5.2793794,6.1130314,7200,5.405797,100,100,65.0,4.8811593,Very Low,70.9,4.139175,100,1747901700,Very Low,3.6016288,6.808414,Very Low,6.1128144,62.6,7.0289855,100,1747901700,6.1014495
2025-05-22T08:21:53Z,0,29.942,74.4,63,68.5,6,6,159,78,0.0,255,32767,0.11,2090-9-18,0.0,0.52,26.6,0.0,0.0,0.0,0,4.822265625,6,45,05:40,20:21,2025-05-22 08:21:53.779791,Città della Scienza,75.0,5.5865455,7.9260435,4.502036,4.223503,EU EEA Common AQI,71.8,5.2793794,6.1130314,7200,5.405797,100,100,65.0,4.8811593,Very Low,70.9,4.139175,100,1747901700,Very Low,3.6016288,6.808414,Very Low,6.1128144,62.6,7.0289855,100,1747901700,6.1014495
2025-05-22T08:22:05Z,0,29.942,74.4,63,68.5,8,6,159,78,0.0,255,32767,0.11,2090-9-18,0.0,0.52,26.6,0.0,0.0,0.0,0,4.822265625,6,45,05:40,20:21,2025-05-22 08:22:04.900790,Città della Scienza,75.0,5.5865455,7.9260435,4.502036,4.223503,EU EEA Common AQI,71.8,5.2793794,6.1130314,7200,5.405797,100,100,65.0,4.8811593,Very Low,70.9,4.139175,100,1747901700,Very Low,3.6016288,6.808414,Very Low,6.1128144,62.6,7.0289855,100,1747901700,6.1014495
2025-05-22T08:22:16Z,0,29.942,74.4,63,68.5,10,6,139,78,0.0,255,32767,0.11,2090-9-18,0.0,0.52,26.6,0.0,0.0,0.0,0,4.822265625,6,45,05:40,20:21,2025-05-22 08:22:16.010786,Città della Scienza,75.0,5.5865455,7.9260435,4.502036,4.223503,EU EEA Common AQI,71.8,5.2793794,6.1130314,7200,5.405797,100,100,65.0,4.8811593,Very Low,70.9,4.139175,100,1747901700,Very Low,3.6016288,6.808414,Very Low,6.1128144,62.6,7.0289855,100,1747901700,6.1014495
2025-05-22T08:22:27Z,0,29.942,74.4,63,68.5,6,6,160,78,0.0,255,32767,0.11,2090-9-18,0.0,0.52,26.6,0.0,0.0,0.0,0,4.822265625,6,45,05:40,20:21,2025-05-22 08:22:27.102792,Città della Scienza,75.0,5.5865455,7.9260435,4.502036,4.223503,EU EEA Common AQI,71.8,5.2793794,6.1130314,7200,5.405797,100,100,65.0,4.8811593,Very Low,70.9,4.139175,100,1747901700,Very Low,3.6016288,6.808414,Very Low,6.1128144,62.6,7.0289855,100,1747901700,6.1014495
2025-05-22T08:22:38Z,0,29.94,74.4,63,68.5,7,6,175,78,0.0,255,32767,0.11,2090-9-18,0.0,0.52,26.6,0.0,0.0,0.0,0,4.822265625,6,45,05:40,20:21,2025-05-22 08:22:38.208795,Città della Scienza,75.0,5.5865455,7.9260435,4.502036,4.223503,EU EEA Common AQI,71.8,5.2793794,6.1130314,7200,5.405797,100,100,65.0,4.8811593,Very Low,70.9,4.139175,100,1747901700,Very Low,3.6016288,6.808414,Very Low,6.1128144,62.6,7.0289855,100,1747901700,6.1014495
2025-05-22T08:22:49Z,0,29.94,74.4,63,68.4,7,6,183,78,0.0,255,32767,0.11,2090-9-18,0.0,0.52,26.6,0.0,0.0,0.0,0,4.822265625,6,45,05:40,20:21,2025-05-22 08:22:49.313788,Città della Scienza,75.0,5.5865455,7.9260435,4.502036,4.223503,EU EEA Common AQI,71.8,5.2793794,6.1130314,7200,5.405797,100,100,65.0,4.8811593,Very Low,70.9,4.139175,100,1747901700,Very Low,3.6016288,6.808414,Very Low,6.1128144,62.6,7.0289855,100,1747901700,6.1014495
2025-05-22T08:23:00Z,0,29.94,74.4,63,68.4,6,6,183,78,0.0,255,32767,0.11,2090-9-18,0.0,0.52,26.6,0.0,0.0,0.0,0,4.822265625,6,45,05:40,20:21,2025-05-22 08:23:00.456816,Città della Scienza,75.0,5.5865455,7.9260435,4.502036,4.223503,EU EEA Common AQI,71.8,5.2793794,6.1130314,7200,5.405797,100,100,65.0,4.8811593,Very Low,70.9,4.139175,100,1747901700,Very Low,3.6016288,6.808414,Very Low,6.1128144,62.6,7.0289855,100,1747901700,6.1014495
2025-05-22T08:23:11Z,0,29.94,74.4,63,68.4,5,6,178,78,0.0,255,32767,0.11,2090-9-18,0.0,0.52,26.6,0.0,0.0,0.0,0,4.822265625,6,45,05:40,20:21,2025-05-22 08:23:11.557785,Città della Scienza,75.0,5.5865455,7.9260435,4.502036,4.223503,EU EEA Common AQI,71.8,5.2793794,6.1130314,7200,5.405797,100,100,65.0,4.8811593,Very Low,70.9,4.139175,100,1747901700,Very Low,3.6016288,6.808414,Very Low,6.1128144,62.6,7.0289855,100,1747901700,6.1014495
2025-05-22T08:23:22Z,0,29.94,74.4,63,68.4,4,6,203,78,0.0,255,32767,0.11,2090-9-18,0.0,0.52,26.6,0.0,0.0,0.0,0,4.822265625,6,45,05:40,20:21,2025-05-22 08:23:22.626812,Città della Scienza,75.0,5.5865455,7.9260435,4.502036,4.223503,EU EEA Common AQI,71.8,5.2793794,6.1130314,7200,5.405797,100,100,65.0,4.8811593,Very Low,70.9,4.139175,100,1747901700,Very Low,3.6016288,6.808414,Very Low,6.1128144,62.6,7.0289855,100,1747901700,6.1014495
2025-05-22T08:23:33Z,0,29.944,74.4,63,68.4,4,6,242,78,0.0,255,32767,0.11,2090-9-18,0.0,0.52,26.6,0.0,0.0,0.0,0,4.822265625,6,45,05:40,20:21,2025-05-22 08:23:33.713798,Città della Scienza,75.0,5.5865455,7.9260435,4.502036,4.223503,EU EEA Common AQI,71.8,5.2793794,6.1130314,7200,5.405797,100,100,65.0,4.8811593,Very Low,70.9,4.139175,100,1747901700,Very Low,3.6016288,6.808414,Very Low,6.1128144,62.6,7.0289855,100,1747901700,6.1014495
2025-05-22T08:23:45Z,0,29.944,74.4,63,68.4,4,6,182,78,0.0,255,32767,0.11,2090-9-18,0.0,0.52,26.6,0.0,0.0,0.0,0,4.822265625,6,45,05:40,20:21,2025-05-22 08:23:44.831758,Città della Scienza,75.0,5.5865455,7.9260435,4.502036,4.223503,EU EEA Common AQI,71.8,5.2793794,6.1130314,7200,5.405797,100,100,65.0,4.8811593,Very Low,70.9,4.139175,100,1747901700,Very Low,3.6016288,6.808414,Very Low,6.1128144,62.6,7.0289855,100,1747901700,6.1014495
2025-05-22T08:23:56Z,0,29.944,74.4,63,68.4,6,6,163,78,0.0,255,32767,0.11,2090-9-18,0.0,0.52,26.6,0.0,0.0,0.0,0,4.822265625,6,45,05:40,20:21,2025-05-22 08:23:55.921796,Città della Scienza,75.0,5.5865455,7.9260435,4.502036,4.223503,EU EEA Common AQI,71.8,5.2793794,6.1130314,7200,5.405797,100,100,65.0,4.8811593,Very Low,70.9,4.139175,100,1747901700,Very Low,3.6016288,6.808414,Very Low,6.1128144,62.6,7.0289855,100,1747901700,6.1014495
2025-05-22T08:24:07Z,0,29.944,74.4,63,68.4,5,6,182,78,0.0,255,32767,0.11,2090-9-18,0.0,0.52,26.6,0.0,0.0,0.0,0,4.822265625,6,45,05:40,20:21,2025-05-22 08:24:07.029801,Città della Scienza,75.0,5.5865455,7.9260435,4.502036,4.223503,EU EEA Common AQI,71.8,5.2793794,6.1130314,7200,5.405797,100,100,65.0,4.8811593,Very Low,70.9,4.139175,100,1747901700,Very Low,3.6016288,6.808414,Very Low,6.1128144,62.6,7.0289855,100,1747901700,6.1014495
2025-05-22T08:24:18Z,0,29.944,74.4,63,68.4,7,6,173,78,0.0,255,32767,0.11,2090-9-18,0.0,0.52,26.6,0.0,0.0,0.0,0,4.822265625,6,45,05:40,20:21,2025-05-22 08:24:18.150790,Città della Scienza,75.0,5.5865455,7.9260435,4.502036,4.223503,EU EEA Common AQI,71.8,5.2793794,6.1130314,7200,5.405797,100,100,65.0,4.8811593,Very Low,70.9,4.139175,100,1747901700,Very Low,3.6016288,6.808414,Very Low,6.1128144,62.6,7.0289855,100,1747901700,6.1014495
2025-05-22T08:24:29Z,0,29.944,74.4,63,68.4,7,6,184,78,0.0,255,32767,0.11,2090-9-18,0.0,0.52,26.6,0.0,0.0,0.0,0,4.822265625,6,45,05:40,20:21,2025-05-22 08:24:29.247787,Città della Scienza,75.0,5.5865455,7.9260435,4.502036,4.223503,EU EEA Common AQI,71.8,5.2793794,6.1130314,7200,5.405797,100,100,65.0,4.8811593,Very Low,70.9,4.139175,100,1747901700,Very Low,3.6016288,6.808414,Very Low,6.1128144,62.6,7.0289855,100,1747901700,6.1014495
2025-05-22T08:24:40Z,0,29.943,74.4,63,68.4,8,6,173,78,0.0,255,32767,0.11,2090-9-18,0.0,0.52,26.6,0.0,0.0,0.0,0,4.822265625,6,45,05:40,20:21,2025-05-22 08:24:40.353786,Città della Scienza,75.0,5.5865455,7.9260435,4.502036,4.223503,EU EEA Common AQI,71.8,5.2793794,6.1130314,7200,5.405797,100,100,65.0,4.8811593,Very Low,70.9,4.139175,100,1747901700,Very Low,3.6016288,6.808414,Very Low,6.1128144,62.6,7.0289855,100,1747901700,6.1014495
2025-05-22T08:24:51Z,0,29.943,74.4,63,68.5,7,6,188,78,0.0,255,32767,0.11,2090-9-18,0.0,0.52,26.6,0.0,0.0,0.0,0,4.822265625,6,45,05:40,20:21,2025-05-22 08:24:51.455791,Città della Scienza,75.0,5.5865455,7.9260435,4.502036,4.223503,EU EEA Common AQI,71.8,5.2793794,6.1130314,7200,5.405797,100,100,65.0,4.8811593,Very Low,70.9,4.139175,100,1747901700,Very Low,3.6016288,6.808414,Very Low,6.1128144,62.6,7.0289855,100,1747901700,6.1014495
2025-05-22T08:25:02Z,0,29.943,74.4,63,68.4,6,6,188,78,0.0,255,32767,0.11,2090-9-18,0.0,0.52,26.6,0.0,0.0,0.0,0,4.822265625,6,45,05:40,20:21,2025-05-22 08:25:02.555796,Città della Scienza,75.0,5.5865455,7.9260435,4.502036,4.223503,EU EEA Common AQI,71.8,5.2793794,6.1130314,7200,5.405797,100,100,65.0,4.8811593,Very Low,70.9,4.139175,100,1747901700,Very Low,3.6016288,6.808414,Very Low,6.1128144,62.6,7.0289855,100,1747901700,6.1014495
2025-05-22T08:25:13Z,0,29.943,74.4,63,68.4,8,6,167,78,0.0,255,32767,0.11,2090-9-18,0.0,0.52,26.6,0.0,0.0,0.0,0,4.822265625,6,45,05:40,20:21,2025-05-22 08:25:13.653751,Città della Scienza,75.0,5.5865455,7.9260435,4.502036,4.223503,EU EEA Common AQI,71.8,5.2793794,6.1130314,7200,5.405797,100,100,65.0,4.8811593,Very Low,70.9,4.139175,100,1747901700,Very Low,3.6016288,6.808414,Very Low,6.1128144,62.6,7.0289855,100,1747901700,6.1014495
2025-05-22T08:25:24Z,0,29.943,74.4,63,68.4,4,6,146,77,0.0,255,32767,0.11,2090-9-18,0.0,0.52,26.6,0.0,0.0,0.0,0,4.822265625,6,45,05:40,20:21,2025-05-22 08:25:24.753797,Città della Scienza,75.0,5.5865455,7.9260435,4.502036,4.223503,EU EEA Common AQI,71.8,5.2793794,6.1130314,7200,5.405797,100,100,65.0,4.8811593,Very Low,70.9,4.139175,100,1747901700,Very Low,3.6016288,6.808414,Very Low,6.1128144,62.6,7.0289855,100,1747901700,6.1014495
2025-05-22T08:25:36Z,0,29.941,74.4,63,68.4,2,6,186,77,0.0,255,32767,0.11,2090-9-18,0.0,0.52,26.6,0.0,0.0,0.0,0,4.822265625,6,45,05:40,20:21,2025-05-22 08:25:35.858752,Città della Scienza,75.0,5.5865455,7.9260435,4.502036,4.223503,EU EEA Common AQI,71.8,5.2793794,6.1130314,7200,5.405797,100,100,65.0,4.8811593,Very Low,70.9,4.139175,100,1747901700,Very Low,3.6016288,6.808414,Very Low,6.1128144,62.6,7.0289855,100,1747901700,6.1014495
2025-05-22T08:25:47Z,0,29.941,74.4,63,68.4,4,6,184,77,0.0,255,32767,0.11,2090-9-18,0.0,0.52,26.6,0.0,0.0,0.0,0,4.822265625,6,45,05:40,20:21,2025-05-22 08:25:46.952757,Città della Scienza,75.0,5.5865455,7.9260435,4.502036,4.223503,EU EEA Common AQI,71.8,5.2793794,6.1130314,7200,5.405797,100,100,65.0,4.8811593,Very Low,70.9,4.139175,100,1747901700,Very Low,3.6016288,6.808414,Very Low,6.1128144,62.6,7.0289855,100,1747901700,6.1014495
2025-05-22T08:25:58Z,0,29.941,74.4,63,68.4,3,6,5,77,0.0,255,32767,0.11,2090-9-18,0.0,0.52,26.6,0.0,0.0,0.0,0,4.822265625,6,45,05:40,20:21,2025-05-22 08:25:58.056788,Città della Scienza,75.0,5.5865455,7.9260435,4.502036,4.223503,EU EEA Common AQI,71.8,5.2793794,6.1130314,7200,5.405797,100,100,65.0,4.8811593,Very Low,70.9,4.139175,100,1747901700,Very Low,3.6016288,6.808414,Very Low,6.1128144,62.6,7.0289855,100,1747901700,6.1014495
2025-05-22T08:26:09Z,0,29.941,74.4,63,68.5,4,6,240,77,0.0,255,32767,0.11,2090-9-18,0.0,0.52,26.6,0.0,0.0,0.0,0,4.822265625,6,45,05:40,20:21,2025-05-22 08:26:09.170783,Città della Scienza,75.0,5.5865455,7.9260435,4.502036,4.223503,EU EEA Common AQI,71.8,5.2793794,6.1130314,7200,5.405797,100,100,65.0,4.8811593,Very Low,70.9,4.139175,100,1747901700,Very Low,3.6016288,6.808414,Very Low,6.1128144,62.6,7.0289855,100,1747901700,6.1014495
2025-05-22T08:26:20Z,0,29.941,74.4,63,68.5,4,6,119,77,0.0,255,32767,0.11,2090-9-18,0.0,0.52,26.6,0.0,0.0,0.0,0,4.822265625,6,45,05:40,20:21,2025-05-22 08:26:20.512795,Città della Scienza,75.0,5.5865455,7.9260435,4.502036,4.223503,EU EEA Common AQI,71.8,5.2793794,6.1130314,7200,5.405797,100,100,65.0,4.8811593,Very Low,70.9,4.139175,100,1747901700,Very Low,3.6016288,6.808414,Very Low,6.1128144,62.6,7.0289855,100,1747901700,6.1014495
2025-05-22T08:26:31Z,0,29.941,74.4,63,68.5,6,6,174,77,0.0,255,32767,0.11,2090-9-18,0.0,0.52,26.6,0.0,0.0,0.0,0,4.822265625,6,45,05:40,20:21,2025-05-22 08:26:31.607815,Città della Scienza,75.0,5.5865455,7.9260435,4.502036,4.223503,EU EEA Common AQI,71.8,5.2793794,6.1130314,7200,5.405797,100,100,65.0,4.8811593,Very Low,70.9,4.139175,100,1747901700,Very Low,3.6016288,6.808414,Very Low,6.1128144,62.6,7.0289855,100,1747901700,6.1014495
2025-05-22T08:26:42Z,0,29.944,74.4,63,68.5,6,6,180,77,0.0,255,32767,0.11,2090-9-18,0.0,0.52,26.6,0.0,0.0,0.0,0,4.822265625,6,45,05:40,20:21,2025-05-22 08:26:42.725785,Città della Scienza,75.0,5.5865455,7.9260435,4.502036,4.223503,EU EEA Common AQI,71.8,5.2793794,6.1130314,7200,5.405797,100,100,65.0,4.8811593,Very Low,70.9,4.139175,100,1747901700,Very Low,3.6016288,6.808414,Very Low,6.1128144,62.6,7.0289855,100,1747901700,6.1014495
2025-05-22T08:26:54Z,0,29.944,74.4,63,68.6,7,6,190,77,0.0,255,32767,0.11,2090-9-18,0.0,0.52,26.6,0.0,0.0,0.0,0,4.822265625,6,45,05:40,20:21,2025-05-22 08:26:53.823789,Città della Scienza,75.0,5.5865455,7.9260435,4.502036,4.223503,EU EEA Common AQI,71.8,5.2793794,6.1130314,7200,5.405797,100,100,65.0,4.8811593,Very Low,70.9,4.139175,100,1747901700,Very Low,3.6016288,6.808414,Very Low,6.1128144,62.6,7.0289855,100,1747901700,6.1014495
2025-05-22T08:27:05Z,0,29.944,74.4,63,68.5,6,6,183,77,0.0,255,32767,0.11,2090-9-18,0.0,0.52,26.6,0.0,0.0,0.0,0,4.822265625,6,45,05:40,20:21,2025-05-22 08:27:04.929797,Città della Scienza,75.0,5.5865455,7.9260435,4.502036,4.223503,EU EEA Common AQI,71.8,5.2793794,6.1130314,7200,5.405797,100,100,65.0,4.8811593,Very Low,70.9,4.139175,100,1747901700,Very Low,3.6016288,6.808414,Very Low,6.1128144,62.6,7.0289855,100,1747901700,6.1014495
2025-05-22T08:27:16Z,0,29.944,74.4,63,68.5,8,6,162,77,0.0,255,32767,0.11,2090-9-18,0.0,0.52,26.6,0.0,0.0,0.0,0,4.822265625,6,45,05:40,20:21,2025-05-22 08:27:16.019795,Città della Scienza,75.0,5.5865455,7.9260435,4.502036,4.223503,EU EEA Common AQI,71.8,5.2793794,6.1130314,7200,5.405797,100,100,65.0,4.8811593,Very Low,70.9,4.139175,100,1747901700,Very Low,3.6016288,6.808414,Very Low,6.1128144,62.6,7.0289855,100,1747901700,6.1014495
2025-05-22T08:27:27Z,0,29.944,74.4,63,68.6,6,6,197,77,0.0,255,32767,0.11,2090-9-18,0.0,0.52,26.6,0.0,0.0,0.0,0,4.822265625,6,45,05:40,20:21,2025-05-22 08:27:27.137798,Città della Scienza,75.0,5.5865455,7.9260435,4.502036,4.223503,EU EEA Common AQI,71.8,5.2793794,6.1130314,7200,5.405797,100,100,65.0,4.8811593,Very Low,70.9,4.139175,100,1747901700,Very Low,3.6016288,6.808414,Very Low,6.1128144,62.6,7.0289855,100,1747901700,6.1014495
2025-05-22T08:27:38Z,0,29.944,74.4,63,68.5,4,6,191,77,0.0,255,32767,0.11,2090-9-18,0.0,0.52,26.6,0.0,0.0,0.0,0,4.822265625,6,45,05:40,20:21,2025-05-22 08:27:38.217818,Città della Scienza,75.0,5.5865455,7.9260435,4.502036,4.223503,EU EEA Common AQI,71.8,5.2793794,6.1130314,7200,5.405797,100,100,65.0,4.8811593,Very Low,70.9,4.139175,100,1747901700,Very Low,3.6016288,6.808414,Very Low,6.1128144,62.6,7.0289855,100,1747901700,6.1014495
2025-05-22T08:27:49Z,0,29.944,74.4,63,68.6,8,6,180,77,0.0,255,32767,0.11,2090-9-18,0.0,0.52,26.6,0.0,0.0,0.0,0,4.822265625,6,45,05:40,20:21,2025-05-22 08:27:49.315796,Città della Scienza,75.0,5.5865455,7.9260435,4.502036,4.223503,EU EEA Common AQI,71.8,5.2793794,6.1130314,7200,5.405797,100,100,65.0,4.8811593,Very Low,70.9,4.139175,100,1747901700,Very Low,3.6016288,6.808414,Very Low,6.1128144,62.6,7.0289855,100,1747901700,6.1014495
2025-05-22T08:28:00Z,0,29.944,74.4,63,68.6,7,6,172,77,0.0,255,32767,0.11,2090-9-18,0.0,0.52,26.6,0.0,0.0,0.0,0,4.822265625,6,45,05:40,20:21,2025-05-22 08:28:00.412801,Città della Scienza,75.0,5.5865455,7.9260435,4.502036,4.223503,EU EEA Common AQI,71.8,5.2793794,6.1130314,7200,5.405797,100,100,65.0,4.8811593,Very Low,70.9,4.139175,100,1747901700,Very Low,3.6016288,6.808414,Very Low,6.1128144,62.6,7.0289855,100,1747901700,6.1014495
2025-05-22T08:28:11Z,0,29.944,74.4,63,68.6,3,6,279,77,0.0,255,32767,0.11,2090-9-18,0.0,0.52,26.6,0.0,0.0,0.0,0,4.822265625,6,45,05:40,20:21,2025-05-22 08:28:11.517816,Città della Scienza,75.0,5.5865455,7.9260435,4.502036,4.223503,EU EEA Common AQI,71.8,5.2793794,6.1130314,7200,5.405797,100,100,65.0,4.8811593,Very Low,70.9,4.139175,100,1747901700,Very Low,3.6016288,6.808414,Very Low,6.1128144,62.6,7.0289855,100,1747901700,6.1014495
2025-05-22T08:28:22Z,0,29.944,74.4,63,68.5,4,6,180,77,0.0,255,32767,0.11,2090-9-18,0.0,0.52,26.6,0.0,0.0,0.0,0,4.822265625,6,45,05:40,20:21,2025-05-22 08:28:22.646804,Città della Scienza,75.0,5.5865455,7.9260435,4.502036,4.223503,EU EEA Common AQI,71.8,5.2793794,6.1130314,7200,5.405797,100,100,65.0,4.8811593,Very Low,70.9,4.139175,100,1747901700,Very Low,3.6016288,6.808414,Very Low,6.1128144,62.6,7.0289855,100,1747901700,6.1014495
2025-05-22T08:28:33Z,0,29.943,74.5,63,68.6,4,6,183,77,0.0,255,32767,0.11,2090-9-18,0.0,0.52,26.6,0.0,0.0,0.0,0,4.822265625,6,45,05:40,20:21,2025-05-22 08:28:33.754789,Città della Scienza,75.0,5.5865455,7.9260435,4.502036,4.223503,EU EEA Common AQI,71.8,5.2793794,6.1130314,7200,5.405797,100,100,65.0,4.8811593,Very Low,70.9,4.139175,100,1747901700,Very Low,3.6016288,6.808414,Very Low,6.1128144,62.6,7.0289855,100,1747901700,6.1014495
2025-05-22T08:28:45Z,0,29.943,74.5,63,68.6,3,6,211,77,0.0,255,32767,0.11,2090-9-18,0.0,0.52,26.6,0.0,0.0,0.0,0,4.822265625,6,45,05:40,20:21,2025-05-22 08:28:44.860795,Città della Scienza,75.0,5.5865455,7.9260435,4.502036,4.223503,EU EEA Common AQI,71.8,5.2793794,6.1130314,7200,5.405797,100,100,65.0,4.8811593,Very Low,70.9,4.139175,100,1747901700,Very Low,3.6016288,6.808414,Very Low,6.1128144,62.6,7.0289855,100,1747901700,6.1014495
2025-05-22T08:28:56Z,0,29.943,74.5,63,68.6,3,6,227,77,0.0,255,32767,0.11,2090-9-18,0.0,0.52,26.6,0.0,0.0,0.0,0,4.822265625,6,45,05:40,20:21,2025-05-22 08:28:55.959761,Città della Scienza,75.0,5.5865455,7.9260435,4.502036,4.223503,EU EEA Common AQI,71.8,5.2793794,6.1130314,7200,5.405797,100,100,65.0,4.8811593,Very Low,70.9,4.139175,100,1747901700,Very Low,3.6016288,6.808414,Very Low,6.1128144,62.6,7.0289855,100,1747901700,6.1014495
2025-05-22T08:29:07Z,0,29.943,74.5,63,68.7,7,6,221,77,0.0,255,32767,0.11,2090-9-18,0.0,0.52,26.6,0.0,0.0,0.0,0,4.822265625,6,45,05:40,20:21,2025-05-22 08:29:07.065806,Città della Scienza,75.0,5.5865455,7.9260435,4.502036,4.223503,EU EEA Common AQI,71.8,5.2793794,6.1130314,7200,5.405797,100,100,65.0,4.8811593,Very Low,70.9,4.139175,100,1747901700,Very Low,3.6016288,6.808414,Very Low,6.1128144,62.6,7.0289855,100,1747901700,6.1014495
2025-05-22T08:29:18Z,0,29.943,74.5,63,68.7,7,6,184,77,0.0,255,32767,0.11,2090-9-18,0.0,0.52,26.6,0.0,0.0,0.0,0,4.822265625,6,45,05:40,20:21,2025-05-22 08:29:18.207808,Città della Scienza,75.0,5.5865455,7.9260435,4.502036,4.223503,EU EEA Common AQI,71.8,5.2793794,6.1130314,7200,5.405797,100,100,65.0,4.8811593,Very Low,70.9,4.139175,100,1747901700,Very Low,3.6016288,6.808414,Very Low,6.1128144,62.6,7.0289855,100,1747901700,6.1014495
2025-05-22T08:29:29Z,0,29.943,74.5,63,68.7,5,6,206,77,0.0,255,32767,0.11,2090-9-18,0.0,0.52,26.6,0.0,0.0,0.0,0,4.822265625,6,45,05:40,20:21,2025-05-22 08:29:29.317787,Città della Scienza,75.0,5.5865455,7.9260435,4.502036,4.223503,EU EEA Common AQI,71.8,5.2793794,6.1130314,7200,5.405797,100,100,65.0,4.8811593,Very Low,70.9,4.139175,100,1747901700,Very Low,3.6016288,6.808414,Very Low,6.1128144,62.6,7.0289855,100,1747901700,6.1014495
2025-05-22T08:29:40Z,0,29.942,74.5,63,68.7,3,6,186,77,0.0,255,32767,0.11,2090-9-18,0.0,0.52,26.6,0.0,0.0,0.0,0,4.822265625,6,45,05:40,20:21,2025-05-22 08:29:40.423796,Città della Scienza,75.0,5.5865455,7.9260435,4.502036,4.223503,EU EEA Common AQI,71.8,5.2793794,6.1130314,7200,5.405797,100,100,65.0,4.8811593,Very Low,70.9,4.139175,100,1747901700,Very Low,3.6016288,6.808414,Very Low,6.1128144,62.6,7.0289855,100,1747901700,6.1014495
2025-05-22T08:29:51Z,0,29.942,74.5,63,68.7,2,6,185,77,0.0,255,32767,0.11,2090-9-18,0.0,0.52,26.6,0.0,0.0,0.0,0,4.822265625,6,45,05:40,20:21,2025-05-22 08:29:51.535785,Città della Scienza,75.0,5.5865455,7.9260435,4.502036,4.223503,EU EEA Common AQI,71.8,5.2793794,6.1130314,7200,5.405797,100,100,65.0,4.8811593,Very Low,70.9,4.139175,100,1747901700,Very Low,3.6016288,6.808414,Very Low,6.1128144,62.6,7.0289855,100,1747901700,6.1014495
2025-05-22T08:30:02Z,0,29.942,74.5,63,68.8,3,6,184,77,0.0,255,32767,0.11,2090-9-18,0.0,0.52,26.6,0.0,0.0,0.0,0,4.822265625,6,45,05:40,20:21,2025-05-22 08:30:02.638821,Città della Scienza,75.0,5.5865455,7.9260435,4.502036,4.223503,EU EEA Common AQI,71.8,5.2793794,6.1130314,7200,5.405797,100,100,65.0,4.8811593,Very Low,70.9,4.139175,100,1747901700,Very Low,3.6016288,6.808414,Very Low,6.1128144,62.6,7.0289855,100,1747901700,6.1014495
2025-05-22T08:30:13Z,0,29.942,74.5,63,68.8,6,6,238,77,0.0,255,32767,0.11,2090-9-18,0.0,0.52,26.6,0.0,0.0,0.0,0,4.822265625,6,45,05:40,20:21,2025-05-22 08:30:13.739806,Città della Scienza,75.0,5.5865455,7.9260435,4.502036,4.223503,EU EEA Common AQI,71.8,5.2793794,6.1130314,7200,5.405797,100,100,65.0,4.8811593,Very Low,70.9,4.139175,100,1747901700,Very Low,3.6016288,6.808414,Very Low,6.1128144,62.6,7.0289855,100,1747901700,6.1014495
2025-05-22T08:30:25Z,0,29.942,74.5,63,68.9,2,6,168,77,0.0,255,32767,0.11,2090-9-18,0.0,0.52,26.6,0.0,0.0,0.0,0,4.822265625,6,45,05:40,20:21,2025-05-22 08:30:24.859798,Città della Scienza,72.5,5.8347034,7.9450617,5.03426,4.3444924,EU EEA Common AQI,71.7,5.430616,6.144748,7200,5.652174,100,100,64.4,5.217391,Very Low,71.0,4.328358,100,1747902600,Very Low,4.0274076,7.0082264,Very Low,6.726162,61.7,7.115942,100,1747902600,6.521739
2025-05-22T08:30:36Z,0,29.943,74.4,63,68.9,4,6,171,77,0.0,255,32767,0.11,2090-9-18,0.0,0.52,26.6,0.0,0.0,0.0,0,4.822265625,6,45,05:40,20:21,2025-05-22 08:30:35.976749,Città della Scienza,72.5,5.8347034,7.9450617,5.03426,4.3444924,EU EEA Common AQI,71.7,5.430616,6.144748,7200,5.652174,100,100,64.4,5.217391,Very Low,71.0,4.328358,100,1747902600,Very Low,4.0274076,7.0082264,Very Low,6.726162,61.7,7.115942,100,1747902600,6.521739
2025-05-22T08:30:47Z,0,29.943,74.4,63,69.0,6,6,185,77,0.0,255,32767,0.11,2090-9-18,0.0,0.52,26.6,0.0,0.0,0.0,0,4.822265625,6,45,05:40,20:21,2025-05-22 08:30:47.053792,Città della Scienza,72.5,5.8347034,7.9450617,5.03426,4.3444924,EU EEA Common AQI,71.7,5.430616,6.144748,7200,5.652174,100,100,64.4,5.217391,Very Low,71.0,4.328358,100,1747902600,Very Low,4.0274076,7.0082264,Very Low,6.726162,61.7,7.115942,100,1747902600,6.521739
2025-05-22T08:30:58Z,0,29.943,74.4,63,69.0,11,6,171,77,0.0,255,32767,0.11,2090-9-18,0.0,0.52,26.6,0.0,0.0,0.0,0,4.822265625,6,45,05:40,20:21,2025-05-22 08:30:58.187792,Città della Scienza,72.5,5.8347034,7.9450617,5.03426,4.3444924,EU EEA Common AQI,71.7,5.430616,6.144748,7200,5.652174,100,100,64.4,5.217391,Very Low,71.0,4.328358,100,1747902600,Very Low,4.0274076,7.0082264,Very Low,6.726162,61.7,7.115942,100,1747902600,6.521739
2025-05-22T08:31:09Z,0,29.943,74.4,63,69.0,7,6,176,77,0.0,255,32767,0.11,2090-9-18,0.0,0.52,26.6,0.0,0.0,0.0,0,4.822265625,6,45,05:40,20:21,2025-05-22 08:31:09.282786,Città della Scienza,72.5,5.8347034,7.9450617,5.03426,4.3444924,EU EEA Common AQI,71.7,5.430616,6.144748,7200,5.652174,100,100,64.4,5.217391,Very Low,71.0,4.328358,100,1747902600,Very Low,4.0274076,7.0082264,Very Low,6.726162,61.7,7.115942,100,1747902600,6.521739
2025-05-22T08:31:20Z,0,29.943,74.4,63,69.1,3,6,188,77,0.0,255,32767,0.11,2090-9-18,0.0,0.52,26.6,0.0,0.0,0.0,0,4.822265625,6,45,05:40,20:21,2025-05-22 08:31:20.395797,Città della Scienza,72.5,5.8347034,7.9450617,5.03426,4.3444924,EU EEA Common AQI,71.7,5.430616,6.144748,7200,5.652174,100,100,64.4,5.217391,Very Low,71.0,4.328358,100,1747902600,Very Low,4.0274076,7.0082264,Very Low,6.726162,61.7,7.115942,100,1747902600,6.521739
2025-05-22T08:31:31Z,0,29.943,74.4,63,69.0,3,6,201,77,0.0,255,32767,0.11,2090-9-18,0.0,0.52,26.6,0.0,0.0,0.0,0,4.822265625,6,45,05:40,20:21,2025-05-22 08:31:31.485795,Città della Scienza,72.5,5.8347034,7.9450617,5.03426,4.3444924,EU EEA Common AQI,71.7,5.430616,6.144748,7200,5.652174,100,100,64.4,5.217391,Very Low,71.0,4.328358,100,1747902600,Very Low,4.0274076,7.0082264,Very Low,6.726162,61.7,7.115942,100,1747902600,6.521739
2025-05-22T08:31:42Z,0,29.943,74.4,63,69.0,4,5,192,77,0.0,255,32767,0.11,2090-9-18,0.0,0.52,26.6,0.0,0.0,0.0,0,4.822265625,6,45,05:40,20:21,2025-05-22 08:31:42.601785,Città della Scienza,72.5,5.8347034,7.9450617,5.03426,4.3444924,EU EEA Common AQI,71.7,5.430616,6.144748,7200,5.652174,100,100,64.4,5.217391,Very Low,71.0,4.328358,100,1747902600,Very Low,4.0274076,7.0082264,Very Low,6.726162,61.7,7.115942,100,1747902600,6.521739
2025-05-22T08:31:53Z,0,29.943,74.4,63,69.1,5,5,164,77,0.0,255,32767,0.11,2090-9-18,0.0,0.52,26.6,0.0,0.0,0.0,0,4.822265625,6,45,05:40,20:21,2025-05-22 08:31:53.703791,Città della Scienza,72.5,5.8347034,7.9450617,5.03426,4.3444924,EU EEA Common AQI,71.7,5.430616,6.144748,7200,5.652174,100,100,64.4,5.217391,Very Low,71.0,4.328358,100,1747902600,Very Low,4.0274076,7.0082264,Very Low,6.726162,61.7,7.115942,100,1747902600,6.521739
2025-05-22T08:32:05Z,0,29.943,74.4,63,69.1,7,5,172,77,0.0,255,32767,0.11,2090-9-18,0.0,0.52,26.6,0.0,0.0,0.0,0,4.822265625,6,45,05:40,20:21,2025-05-22 08:32:04.807815,Città della Scienza,72.5,5.8347034,7.9450617,5.03426,4.3444924,EU EEA Common AQI,71.7,5.430616,6.144748,7200,5.652174,100,100,64.4,5.217391,Very Low,71.0,4.328358,100,1747902600,Very Low,4.0274076,7.0082264,Very Low,6.726162,61.7,7.115942,100,1747902600,6.521739
2025-05-22T08:32:16Z,0,29.943,74.4,63,69.1,7,5,196,76,0.0,255,32767,0.11,2090-9-18,0.0,0.52,26.6,0.0,0.0,0.0,0,4.822265625,6,45,05:40,20:21,2025-05-22 08:32:15.931792,Città della Scienza,72.5,5.8347034,7.9450617,5.03426,4.3444924,EU EEA Common AQI,71.7,5.430616,6.144748,7200,5.652174,100,100,64.4,5.217391,Very Low,71.0,4.328358,100,1747902600,Very Low,4.0274076,7.0082264,Very Low,6.726162,61.7,7.115942,100,1747902600,6.521739
2025-05-22T08:32:27Z,0,29.943,74.4,63,69.1,6,5,188,76,0.0,255,32767,0.11,2090-9-18,0.0,0.52,26.6,0.0,0.0,0.0,0,4.822265625,6,45,05:40,20:21,2025-05-22 08:32:27.051793,Città della Scienza,72.5,5.8347034,7.9450617,5.03426,4.3444924,EU EEA Common AQI,71.7,5.430616,6.144748,7200,5.652174,100,100,64.4,5.217391,Very Low,71.0,4.328358,100,1747902600,Very Low,4.0274076,7.0082264,Very Low,6.726162,61.7,7.115942,100,1747902600,6.521739
2025-05-22T08:32:38Z,0,29.943,74.5,63,69.1,4,5,178,76,0.0,255,32767,0.11,2090-9-18,0.0,0.52,26.6,0.0,0.0,0.0,0,4.822265625,6,45,05:40,20:21,2025-05-22 08:32:38.158787,Città della Scienza,72.5,5.8347034,7.9450617,5.03426,4.3444924,EU EEA Common AQI,71.7,5.430616,6.144748,7200,5.652174,100,100,64.4,5.217391,Very Low,71.0,4.328358,100,1747902600,Very Low,4.0274076,7.0082264,Very Low,6.726162,61.7,7.115942,100,1747902600,6.521739
2025-05-22T08:32:49Z,0,29.943,74.5,63,69.1,5,5,218,76,0.0,255,32767,0.11,2090-9-18,0.0,0.52,26.6,0.0,0.0,0.0,0,4.822265625,6,45,05:40,20:21,2025-05-22 08:32:49.288793,Città della Scienza,72.5,5.8347034,7.9450617,5.03426,4.3444924,EU EEA Common AQI,71.7,5.430616,6.144748,7200,5.652174,100,100,64.4,5.217391,Very Low,71.0,4.328358,100,1747902600,Very Low,4.0274076,7.0082264,Very Low,6.726162,61.7,7.115942,100,1747902600,6.521739
2025-05-22T08:33:00Z,0,29.943,74.5,63,69.1,4,5,187,76,0.0,255,32767,0.11,2090-9-18,0.0,0.52,26.6,0.0,0.0,0.0,0,4.822265625,6,45,05:40,20:21,2025-05-22 08:33:00.378812,Città della Scienza,72.5,5.8347034,7.9450617,5.03426,4.3444924,EU EEA Common AQI,71.7,5.430616,6.144748,7200,5.652174,100,100,64.4,5.217391,Very Low,71.0,4.328358,100,1747902600,Very Low,4.0274076,7.0082264,Very Low,6.726162,61.7,7.115942,100,1747902600,6.521739
2025-05-22T08:33:11Z,0,29.943,74.5,63,69.2,2,5,207,76,0.0,255,32767,0.11,2090-9-18,0.0,0.52,26.6,0.0,0.0,0.0,0,4.822265625,6,45,05:40,20:21,2025-05-22 08:33:11.459778,Città della Scienza,72.5,5.8347034,7.9450617,5.03426,4.3444924,EU EEA Common AQI,71.7,5.430616,6.144748,7200,5.652174,100,100,64.4,5.217391,Very Low,71.0,4.328358,100,1747902600,Very Low,4.0274076,7.0082264,Very Low,6.726162,61.7,7.115942,100,1747902600,6.521739
2025-05-22T08:33:22Z,0,29.943,74.5,63,69.2,5,5,182,76,0.0,255,32767,0.11,2090-9-18,0.0,0.52,26.6,0.0,0.0,0.0,0,4.822265625,6,45,05:40,20:21,2025-05-22 08:33:22.581792,Città della Scienza,72.5,5.8347034,7.9450617,5.03426,4.3444924,EU EEA Common AQI,71.7,5.430616,6.144748,7200,5.652174,100,100,64.4,5.217391,Very Low,71.0,4.328358,100,1747902600,Very Low,4.0274076,7.0082264,Very Low,6.726162,61.7,7.115942,100,1747902600,6.521739
2025-05-22T08:33:33Z,0,29.943,74.5,63,69.2,6,5,188,76,0.0,255,32767,0.11,2090-9-18,0.0,0.52,26.6,0.0,0.0,0.0,0,4.822265625,6,45,05:40,20:21,2025-05-22 08:33:33.692804,Città della Scienza,72.5,5.8347034,7.9450617,5.03426,4.3444924,EU EEA Common AQI,71.7,5.430616,6.144748,7200,5.652174,100,100,64.4,5.217391,Very Low,71.0,4.328358,100,1747902600,Very Low,4.0274076,7.0082264,Very Low,6.726162,61.7,7.115942,100,1747902600,6.521739
2025-05-22T08:33:45Z,0,29.943,74.5,63,69.2,8,5,178,76,0.0,255,32767,0.11,2090-9-18,0.0,0.52,26.6,0.0,0.0,0.0,0,4.822265625,6,45,05:40,20:21,2025-05-22 08:33:44.811797,Città della Scienza,72.5,5.8347034,7.9450617,5.03426,4.3444924,EU EEA Common AQI,71.7,5.430616,6.144748,7200,5.652174,100,100,64.4,5.217391,Very Low,71.0,4.328358,100,1747902600,Very Low,4.0274076,7.0082264,Very Low,6.726162,61.7,7.115942,100,1747902600,6.521739
2025-05-22T08:33:56Z,0,29.943,74.5,63,69.2,7,5,249,76,0.0,255,32767,0.11,2090-9-18,0.0,0.52,26.6,0.0,0.0,0.0,0,4.822265625,6,45,05:40,20:21,2025-05-22 08:33:55.918801,Città della Scienza,72.5,5.8347034,7.9450617,5.03426,4.3444924,EU EEA Common AQI,71.7,5.430616,6.144748,7200,5.652174,100,100,64.4,5.217391,Very Low,71.0,4.328358,100,1747902600,Very Low,4.0274076,7.0082264,Very Low,6.726162,61.7,7.115942,100,1747902600,6.521739
2025-05-22T08:34:07Z,0,29.943,74.5,63,69.2,4,5,184,76,0.0,255,32767,0.11,2090-9-18,0.0,0.52,26.6,0.0,0.0,0.0,0,4.822265625,6,45,05:40,20:21,2025-05-22 08:34:07.018797,Città della Scienza,72.5,5.8347034,7.9450617,5.03426,4.3444924,EU EEA Common AQI,71.7,5.430616,6.144748,7200,5.652174,100,100,64.4,5.217391,Very Low,71.0,4.328358,100,1747902600,Very Low,4.0274076,7.0082264,Very Low,6.726162,61.7,7.115942,100,1747902600,6.521739
2025-05-22T08:34:18Z,0,29.943,74.5,63,69.2,7,5,269,76,0.0,255,32767,0.11,2090-9-18,0.0,0.52,26.6,0.0,0.0,0.0,0,4.822265625,6,45,05:40,20:21,2025-05-22 08:34:18.102799,Città della Scienza,72.5,5.8347034,7.9450617,5.03426,4.3444924,EU EEA Common AQI,71.7,5.430616,6.144748,7200,5.652174,100,100,64.4,5.217391,Very Low,71.0,4.328358,100,1747902600,Very Low,4.0274076,7.0082264,Very Low,6.726162,61.7,7.115942,100,1747902600,6.521739
2025-05-22T08:34:29Z,0,29.943,74.5,63,69.2,7,5,175,76,0.0,255,32767,0.11,2090-9-18,0.0,0.52,26.6,0.0,0.0,0.0,0,4.822265625,6,45,05:40,20:21,2025-05-22 08:34:29.216792,Città della Scienza,72.5,5.8347034,7.9450617,5.03426,4.3444924,EU EEA Common AQI,71.7,5.430616,6.144748,7200,5.652174,100,100,64.4,5.217391,Very Low,71.0,4.328358,100,1747902600,Very Low,4.0274076,7.0082264,Very Low,6.726162,61.7,7.115942,100,1747902600,6.521739
2025-05-22T08:34:40Z,0,29.944,74.4,63,69.2,8,5,194,76,0.0,255,32767,0.11,2090-9-18,0.0,0.52,26.6,0.0,0.0,0.0,0,4.822265625,6,45,05:40,20:21,2025-05-22 08:34:40.320799,Città della Scienza,72.5,5.8347034,7.9450617,5.03426,4.3444924,EU EEA Common AQI,71.7,5.430616,6.144748,7200,5.652174,100,100,64.4,5.217391,Very Low,71.0,4.328358,100,1747902600,Very Low,4.0274076,7.0082264,Very Low,6.726162,61.7,7.115942,100,1747902600,6.521739
2025-05-22T08:34:51Z,0,29.944,74.4,63,69.2,8,5,192,76,0.0,255,32767,0.11,2090-9-18,0.0,0.52,26.6,0.0,0.0,0.0,0,4.822265625,6,45,05:40,20:21,2025-05-22 08:34:51.458797,Città della Scienza,72.5,5.8347034,7.9450617,5.03426,4.3444924,EU EEA Common AQI,71.7,5.430616,6.144748,7200,5.652174,100,100,64.4,5.217391,Very Low,71.0,4.328358,100,1747902600,Very Low,4.0274076,7.0082264,Very Low,6.726162,61.7,7.115942,100,1747902600,6.521739
2025-05-22T08:35:02Z,0,29.944,74.4,63,69.2,7,5,180,76,0.0,255,32767,0.11,2090-9-18,0.0,0.52,26.6,0.0,0.0,0.0,0,4.822265625,6,45,05:40,20:21,2025-05-22 08:35:02.527792,Città della Scienza,72.5,5.8347034,7.9450617,5.03426,4.3444924,EU EEA Common AQI,71.7,5.430616,6.144748,7200,5.652174,100,100,64.4,5.217391,Very Low,71.0,4.328358,100,1747902600,Very Low,4.0274076,7.0082264,Very Low,6.726162,61.7,7.115942,100,1747902600,6.521739
2025-05-22T08:35:13Z,0,29.944,74.4,63,69.2,7,5,186,76,0.0,255,32767,0.11,2090-9-18,0.0,0.52,26.6,0.0,0.0,0.0,0,4.822265625,6,45,05:40,20:21,2025-05-22 08:35:13.634793,Città della Scienza,72.5,5.8347034,7.9450617,5.03426,4.3444924,EU EEA Common AQI,71.7,5.430616,6.144748,7200,5.652174,100,100,64.4,5.217391,Very Low,71.0,4.328358,100,1747902600,Very Low,4.0274076,7.0082264,Very Low,6.726162,61.7,7.115942,100,1747902600,6.521739
2025-05-22T08:35:24Z,0,29.944,74.4,63,69.2,10,5,169,76,0.0,255,32767,0.11,2090-9-18,0.0,0.52,26.6,0.0,0.0,0.0,0,4.822265625,6,45,05:40,20:21,2025-05-22 08:35:24.736805,Città della Scienza,72.5,5.8347034,7.9450617,5.03426,4.3444924,EU EEA Common AQI,71.7,5.430616,6.144748,7200,5.652174,100,100,64.4,5.217391,Very Low,71.0,4.328358,100,1747902600,Very Low,4.0274076,7.0082264,Very Low,6.726162,61.7,7.115942,100,1747902600,6.521739
2025-05-22T08:35:36Z,0,29.943,74.5,63,69.2,5,5,203,76,0.0,255,32767,0.11,2090-9-18,0.0,0.52,26.6,0.0,0.0,0.0,0,4.822265625,6,45,05:40,20:21,2025-05-22 08:35:35.850796,Città della Scienza,72.5,5.8347034,7.9450617,5.03426,4.3444924,EU EEA Common AQI,71.7,5.430616,6.144748,7200,5.652174,100,100,64.4,5.217391,Very Low,71.0,4.328358,100,1747902600,Very Low,4.0274076,7.0082264,Very Low,6.726162,61.7,7.115942,100,1747902600,6.521739
2025-05-22T08:35:47Z,0,29.943,74.5,63,69.1,6,5,178,76,0.0,255,32767,0.11,2090-9-18,0.0,0.52,26.6,0.0,0.0,0.0,0,4.822265625,6,45,05:40,20:21,2025-05-22 08:35:46.972786,Città della Scienza,72.5,5.8347034,7.9450617,5.03426,4.3444924,EU EEA Common AQI,71.7,5.430616,6.144748,7200,5.652174,100,100,64.4,5.217391,Very Low,71.0,4.328358,100,1747902600,Very Low,4.0274076,7.0082264,Very Low,6.726162,61.7,7.115942,100,1747902600,6.521739
2025-05-22T08:35:58Z,0,29.943,74.5,63,69.1,5,5,170,76,0.0,255,32767,0.11,2090-9-18,0.0,0.52,26.6,0.0,0.0,0.0,0,4.822265625,6,45,05:40,20:21,2025-05-22 08:35:58.124796,Città della Scienza,72.5,5.8347034,7.9450617,5.03426,4.3444924,EU EEA Common AQI,71.7,5.430616,6.144748,7200,5.652174,100,100,64.4,5.217391,Very Low,71.0,4.328358,100,1747902600,Very Low,4.0274076,7.0082264,Very Low,6.726162,61.7,7.115942,100,1747902600,6.521739
2025-05-22T08:36:09Z,0,29.943,74.5,63,69.2,6,5,181,76,0.0,255,32767,0.11,2090-9-18,0.0,0.52,26.6,0.0,0.0,0.0,0,4.822265625,6,45,05:40,20:21,2025-05-22 08:36:09.246790,Città della Scienza,72.5,5.8347034,7.9450617,5.03426,4.3444924,EU EEA Common AQI,71.7,5.430616,6.144748,7200,5.652174,100,100,64.4,5.217391,Very Low,71.0,4.328358,100,1747902600,Very Low,4.0274076,7.0082264,Very Low,6.726162,61.7,7.115942,100,1747902600,6.521739
2025-05-22T08:36:20Z,0,29.943,74.5,63,69.2,5,5,244,76,0.0,255,32767,0.11,2090-9-18,0.0,0.52,26.6,0.0,0.0,0.0,0,4.822265625,6,45,05:40,20:21,2025-05-22 08:36:20.366804,Città della Scienza,72.5,5.8347034,7.9450617,5.03426,4.3444924,EU EEA Common AQI,71.7,5.430616,6.144748,7200,5.652174,100,100,64.4,5.217391,Very Low,71.0,4.328358,100,1747902600,Very Low,4.0274076,7.0082264,Very Low,6.726162,61.7,7.115942,100,1747902600,6.521739
2025-05-22T08:36:31Z,0,29.943,74.5,63,69.2,5,5,174,76,0.0,255,32767,0.11,2090-9-18,0.0,0.52,26.6,0.0,0.0,0.0,0,4.822265625,6,45,05:40,20:21,2025-05-22 08:36:31.464782,Città della Scienza,72.5,5.8347034,7.9450617,5.03426,4.3444924,EU EEA Common AQI,71.7,5.430616,6.144748,7200,5.652174,100,100,64.4,5.217391,Very Low,71.0,4.328358,100,1747902600,Very Low,4.0274076,7.0082264,Very Low,6.726162,61.7,7.115942,100,1747902600,6.521739
2025-05-22T08:36:42Z,0,29.945,74.5,63,69.2,7,5,194,76,0.0,255,32767,0.11,2090-9-18,0.0,0.52,26.6,0.0,0.0,0.0,0,4.822265625,6,45,05:40,20:21,2025-05-22 08:36:42.561796,Città della Scienza,72.5,5.8347034,7.9450617,5.03426,4.3444924,EU EEA Common AQI,71.7,5.430616,6.144748,7200,5.652174,100,100,64.4,5.217391,Very Low,71.0,4.328358,100,1747902600,Very Low,4.0274076,7.0082264,Very Low,6.726162,61.7,7.115942,100,1747902600,6.521739
2025-05-22T08:36:53Z,0,29.945,74.5,63,69.2,6,5,188,76,0.0,255,32767,0.11,2090-9-18,0.0,0.52,26.6,0.0,0.0,0.0,0,4.822265625,6,45,05:40,20:21,2025-05-22 08:36:53.715791,Città della Scienza,72.5,5.8347034,7.9450617,5.03426,4.3444924,EU EEA Common AQI,71.7,5.430616,6.144748,7200,5.652174,100,100,64.4,5.217391,Very Low,71.0,4.328358,100,1747902600,Very Low,4.0274076,7.0082264,Very Low,6.726162,61.7,7.115942,100,1747902600,6.521739
2025-05-22T08:37:05Z,0,29.945,74.5,63,69.1,4,5,175,76,0.0,255,32767,0.11,2090-9-18,0.0,0.52,26.6,0.0,0.0,0.0,0,4.822265625,6,45,05:40,20:21,2025-05-22 08:37:04.835791,Città della Scienza,72.5,5.8347034,7.9450617,5.03426,4.3444924,EU EEA Common AQI,71.7,5.430616,6.144748,7200,5.652174,100,100,64.4,5.217391,Very Low,71.0,4.328358,100,1747902600,Very Low,4.0274076,7.0082264,Very Low,6.726162,61.7,7.115942,100,1747902600,6.521739
2025-05-22T08:37:16Z,0,29.945,74.5,63,69.1,5,5,173,76,0.0,255,32767,0.11,2090-9-18,0.0,0.52,26.6,0.0,0.0,0.0,0,4.822265625,6,45,05:40,20:21,2025-05-22 08:37:15.909794,Città della Scienza,72.5,5.8347034,7.9450617,5.03426,4.3444924,EU EEA Common AQI,71.7,5.430616,6.144748,7200,5.652174,100,100,64.4,5.217391,Very Low,71.0,4.328358,100,1747902600,Very Low,4.0274076,7.0082264,Very Low,6.726162,61.7,7.115942,100,1747902600,6.521739
2025-05-22T08:37:27Z,0,29.945,74.5,63,69.1,6,5,186,76,0.0,255,32767,0.11,2090-9-18,0.0,0.52,26.6,0.0,0.0,0.0,0,4.822265625,6,45,05:40,20:21,2025-05-22 08:37:27.014789,Città della Scienza,72.5,5.8347034,7.9450617,5.03426,4.3444924,EU EEA Common AQI,71.7,5.430616,6.144748,7200,5.652174,100,100,64.4,5.217391,Very Low,71.0,4.328358,100,1747902600,Very Low,4.0274076,7.0082264,Very Low,6.726162,61.7,7.115942,100,1747902600,6.521739
2025-05-22T08:37:38Z,0,29.946,74.5,63,69.1,8,5,172,76,0.0,255,32767,0.11,2090-9-18,0.0,0.52,26.6,0.0,0.0,0.0,0,4.822265625,6,45,05:40,20:21,2025-05-22 08:37:38.112809,Città della Scienza,72.5,5.8347034,7.9450617,5.03426,4.3444924,EU EEA Common AQI,71.7,5.430616,6.144748,7200,5.652174,100,100,64.4,5.217391,Very Low,71.0,4.328358,100,1747902600,Very Low,4.0274076,7.0082264,Very Low,6.726162,61.7,7.115942,100,1747902600,6.521739
2025-05-22T08:37:49Z,0,29.946,74.5,63,69.1,5,5,178,76,0.0,255,32767,0.11,2090-9-18,0.0,0.52,26.6,0.0,0.0,0.0,0,4.822265625,6,45,05:40,20:21,2025-05-22 08:37:49.269788,Città della Scienza,72.5,5.8347034,7.9450617,5.03426,4.3444924,EU EEA Common AQI,71.7,5.430616,6.144748,7200,5.652174,100,100,64.4,5.217391,Very Low,71.0,4.328358,100,1747902600,Very Low,4.0274076,7.0082264,Very Low,6.726162,61.7,7.115942,100,1747902600,6.521739
2025-05-22T08:38:00Z,0,29.946,74.5,63,69.2,7,5,164,76,0.0,255,32767,0.11,2090-9-18,0.0,0.52,26.6,0.0,0.0,0.0,0,4.822265625,6,45,05:40,20:21,2025-05-22 08:38:00.400797,Città della Scienza,72.5,5.8347034,7.9450617,5.03426,4.3444924,EU EEA Common AQI,71.7,5.430616,6.144748,7200,5.652174,100,100,64.4,5.217391,Very Low,71.0,4.328358,100,1747902600,Very Low,4.0274076,7.0082264,Very Low,6.726162,61.7,7.115942,100,1747902600,6.521739
2025-05-22T08:38:11Z,0,29.946,74.5,63,69.2,7,5,173,76,0.0,255,32767,0.11,2090-9-18,0.0,0.52,26.6,0.0,0.0,0.0,0,4.822265625,6,45,05:40,20:21,2025-05-22 08:38:11.497792,Città della Scienza,72.5,5.8347034,7.9450617,5.03426,4.3444924,EU EEA Common AQI,71.7,5.430616,6.144748,7200,5.652174,100,100,64.4,5.217391,Very Low,71.0,4.328358,100,1747902600,Very Low,4.0274076,7.0082264,Very Low,6.726162,61.7,7.115942,100,1747902600,6.521739
2025-05-22T08:38:22Z,0,29.946,74.5,63,69.0,7,5,186,76,0.0,255,32767,0.11,2090-9-18,0.0,0.52,26.6,0.0,0.0,0.0,0,4.822265625,6,45,05:40,20:21,2025-05-22 08:38:22.572807,Città della Scienza,72.5,5.8347034,7.9450617,5.03426,4.3444924,EU EEA Common AQI,71.7,5.430616,6.144748,7200,5.652174,100,100,64.4,5.217391,Very Low,71.0,4.328358,100,1747902600,Very Low,4.0274076,7.0082264,Very Low,6.726162,61.7,7.115942,100,1747902600,6.521739
2025-05-22T08:38:33Z,0,29.945,74.5,63,69.0,6,6,317,76,0.0,255,32767,0.11,2090-9-18,0.0,0.52,26.6,0.0,0.0,0.0,0,4.822265625,6,45,05:40,20:21,2025-05-22 08:38:33.650802,Città della Scienza,72.5,5.8347034,7.9450617,5.03426,4.3444924,EU EEA Common AQI,71.7,5.430616,6.144748,7200,5.652174,100,100,64.4,5.217391,Very Low,71.0,4.328358,100,1747902600,Very Low,4.0274076,7.0082264,Very Low,6.726162,61.7,7.115942,100,1747902600,6.521739
2025-05-22T08:38:44Z,0,29.945,74.5,63,69.1,5,6,219,76,0.0,255,32767,0.11,2090-9-18,0.0,0.52,26.6,0.0,0.0,0.0,0,4.822265625,6,45,05:40,20:21,2025-05-22 08:38:44.766795,Città della Scienza,72.5,5.8347034,7.9450617,5.03426,4.3444924,EU EEA Common AQI,71.7,5.430616,6.144748,7200,5.652174,100,100,64.4,5.217391,Very Low,71.0,4.328358,100,1747902600,Very Low,4.0274076,7.0082264,Very Low,6.726162,61.7,7.115942,100,1747902600,6.521739
2025-05-22T08:38:56Z,0,29.945,74.5,63,69.0,5,6,185,76,0.0,255,32767,0.11,2090-9-18,0.0,0.52,26.6,0.0,0.0,0.0,0,4.822265625,6,45,05:40,20:21,2025-05-22 08:38:55.856793,Città della Scienza,72.5,5.8347034,7.9450617,5.03426,4.3444924,EU EEA Common AQI,71.7,5.430616,6.144748,7200,5.652174,100,100,64.4,5.217391,Very Low,71.0,4.328358,100,1747902600,Very Low,4.0274076,7.0082264,Very Low,6.726162,61.7,7.115942,100,1747902600,6.521739
2025-05-22T08:39:07Z,0,29.945,74.5,63,69.0,5,6,189,76,0.0,255,32767,0.11,2090-9-18,0.0,0.52,26.6,0.0,0.0,0.0,0,4.822265625,6,45,05:40,20:21,2025-05-22 08:39:07.008787,Città della Scienza,72.5,5.8347034,7.9450617,5.03426,4.3444924,EU EEA Common AQI,71.7,5.430616,6.144748,7200,5.652174,100,100,64.4,5.217391,Very Low,71.0,4.328358,100,1747902600,Very Low,4.0274076,7.0082264,Very Low,6.726162,61.7,7.115942,100,1747902600,6.521739
2025-05-22T08:39:18Z,0,29.945,74.5,63,69.0,5,6,180,76,0.0,255,32767,0.11,2090-9-18,0.0,0.52,26.6,0.0,0.0,0.0,0,4.822265625,6,45,05:40,20:21,2025-05-22 08:39:18.132801,Città della Scienza,72.5,5.8347034,7.9450617,5.03426,4.3444924,EU EEA Common AQI,71.7,5.430616,6.144748,7200,5.652174,100,100,64.4,5.217391,Very Low,71.0,4.328358,100,1747902600,Very Low,4.0274076,7.0082264,Very Low,6.726162,61.7,7.115942,100,1747902600,6.521739
2025-05-22T08:39:29Z,0,29.945,74.5,63,69.1,2,6,329,76,0.0,255,32767,0.11,2090-9-18,0.0,0.52,26.6,0.0,0.0,0.0,0,4.822265625,6,45,05:40,20:21,2025-05-22 08:39:29.226796,Città della Scienza,72.5,5.8347034,7.9450617,5.03426,4.3444924,EU EEA Common AQI,71.7,5.430616,6.144748,7200,5.652174,100,100,64.4,5.217391,Very Low,71.0,4.328358,100,1747902600,Very Low,4.0274076,7.0082264,Very Low,6.726162,61.7,7.115942,100,1747902600,6.521739
2025-05-22T08:39:40Z,0,29.945,74.5,63,69.1,4,6,200,76,0.0,255,32767,0.11,2090-9-18,0.0,0.52,26.6,0.0,0.0,0.0,0,4.822265625,6,45,05:40,20:21,2025-05-22 08:39:40.308790,Città della Scienza,72.5,5.8347034,7.9450617,5.03426,4.3444924,EU EEA Common AQI,71.7,5.430616,6.144748,7200,5.652174,100,100,64.4,5.217391,Very Low,71.0,4.328358,100,1747902600,Very Low,4.0274076,7.0082264,Very Low,6.726162,61.7,7.115942,100,1747902600,6.521739
2025-05-22T08:39:51Z,0,29.945,74.5,63,69.1,3,6,175,76,0.0,255,32767,0.11,2090-9-18,0.0,0.52,26.6,0.0,0.0,0.0,0,4.822265625,6,45,05:40,20:21,2025-05-22 08:39:51.415789,Città della Scienza,72.5,5.8347034,7.9450617,5.03426,4.3444924,EU EEA Common AQI,71.7,5.430616,6.144748,7200,5.652174,100,100,64.4,5.217391,Very Low,71.0,4.328358,100,1747902600,Very Low,4.0274076,7.0082264,Very Low,6.726162,61.7,7.115942,100,1747902600,6.521739
2025-05-22T08:40:02Z,0,29.945,74.5,63,69.0,4,6,163,76,0.0,255,32767,0.11,2090-9-18,0.0,0.52,26.6,0.0,0.0,0.0,0,4.822265625,6,45,05:40,20:21,2025-05-22 08:40:02.497750,Città della Scienza,72.5,5.8347034,7.9450617,5.03426,4.3444924,EU EEA Common AQI,71.7,5.430616,6.144748,7200,5.652174,100,100,64.4,5.217391,Very Low,71.0,4.328358,100,1747902600,Very Low,4.0274076,7.0082264,Very Low,6.726162,61.7,7.115942,100,1747902600,6.521739
2025-05-22T08:40:13Z,0,29.945,74.5,63,69.1,3,6,178,76,0.0,255,32767,0.11,2090-9-18,0.0,0.52,26.6,0.0,0.0,0.0,0,4.822265625,6,45,05:40,20:21,2025-05-22 08:40:13.594787,Città della Scienza,72.5,5.8347034,7.9450617,5.03426,4.3444924,EU EEA Common AQI,71.7,5.430616,6.144748,7200,5.652174,100,100,64.4,5.217391,Very Low,71.0,4.328358,100,1747902600,Very Low,4.0274076,7.0082264,Very Low,6.726162,61.7,7.115942,100,1747902600,6.521739
2025-05-22T08:40:24Z,0,29.945,74.5,63,69.1,4,6,161,76,0.0,255,32767,0.11,2090-9-18,0.0,0.52,26.6,0.0,0.0,0.0,0,4.822265625,6,45,05:40,20:21,2025-05-22 08:40:24.682790,Città della Scienza,72.5,5.8347034,7.9450617,5.03426,4.3444924,EU EEA Common AQI,71.7,5.430616,6.144748,7200,5.652174,100,100,64.4,5.217391,Very Low,71.0,4.328358,100,1747902600,Very Low,4.0274076,7.0082264,Very Low,6.726162,61.7,7.115942,100,1747902600,6.521739
2025-05-22T08:40:35Z,0,29.944,74.5,63,69.1,2,6,159,76,0.0,255,32767,0.11,2090-9-18,0.0,0.52,26.6,0.0,0.0,0.0,0,4.81640625,6,45,05:40,20:21,2025-05-22 08:40:35.775792,Città della Scienza,72.5,5.8347034,7.9450617,5.03426,4.3444924,EU EEA Common AQI,71.7,5.430616,6.144748,7200,5.652174,100,100,64.4,5.217391,Very Low,71.0,4.328358,100,1747902600,Very Low,4.0274076,7.0082264,Very Low,6.726162,61.7,7.115942,100,1747902600,6.521739
2025-05-22T08:40:47Z,0,29.944,74.5,63,69.2,6,6,195,76,0.0,255,32767,0.11,2090-9-18,0.0,0.52,26.6,0.0,0.0,0.0,0,4.81640625,6,45,05:40,20:21,2025-05-22 08:40:46.880778,Città della Scienza,72.5,5.8347034,7.9450617,5.03426,4.3444924,EU EEA Common AQI,71.7,5.430616,6.144748,7200,5.652174,100,100,64.4,5.217391,Very Low,71.0,4.328358,100,1747902600,Very Low,4.0274076,7.0082264,Very Low,6.726162,61.7,7.115942,100,1747902600,6.521739
2025-05-22T08:40:58Z,0,29.944,74.5,63,69.2,4,6,257,76,0.0,255,32767,0.11,2090-9-18,0.0,0.52,26.6,0.0,0.0,0.0,0,4.81640625,6,45,05:40,20:21,2025-05-22 08:40:57.979783,Città della Scienza,72.5,5.8347034,7.9450617,5.03426,4.3444924,EU EEA Common AQI,71.7,5.430616,6.144748,7200,5.652174,100,100,64.4,5.217391,Very Low,71.0,4.328358,100,1747902600,Very Low,4.0274076,7.0082264,Very Low,6.726162,61.7,7.115942,100,1747902600,6.521739
2025-05-22T08:41:09Z,0,29.944,74.5,63,69.2,5,6,222,76,0.0,255,32767,0.11,2090-9-18,0.0,0.52,26.6,0.0,0.0,0.0,0,4.81640625,6,45,05:40,20:21,2025-05-22 08:41:09.086795,Città della Scienza,72.5,5.8347034,7.9450617,5.03426,4.3444924,EU EEA Common AQI,71.7,5.430616,6.144748,7200,5.652174,100,100,64.4,5.217391,Very Low,71.0,4.328358,100,1747902600,Very Low,4.0274076,7.0082264,Very Low,6.726162,61.7,7.115942,100,1747902600,6.521739
2025-05-22T08:41:20Z,0,29.944,74.5,63,69.2,3,6,204,76,0.0,255,32767,0.11,2090-9-18,0.0,0.52,26.6,0.0,0.0,0.0,0,4.81640625,6,45,05:40,20:21,2025-05-22 08:41:20.226795,Città della Scienza,72.5,5.8347034,7.9450617,5.03426,4.3444924,EU EEA Common AQI,71.7,5.430616,6.144748,7200,5.652174,100,100,64.4,5.217391,Very Low,71.0,4.328358,100,1747902600,Very Low,4.0274076,7.0082264,Very Low,6.726162,61.7,7.115942,100,1747902600,6.521739
2025-05-22T08:41:31Z,0,29.944,74.5,63,69.2,4,6,180,76,0.0,255,32767,0.11,2090-9-18,0.0,0.52,26.6,0.0,0.0,0.0,0,4.81640625,6,45,05:40,20:21,2025-05-22 08:41:31.379798,Città della Scienza,72.5,5.8347034,7.9450617,5.03426,4.3444924,EU EEA Common AQI,71.7,5.430616,6.144748,7200,5.652174,100,100,64.4,5.217391,Very Low,71.0,4.328358,100,1747902600,Very Low,4.0274076,7.0082264,Very Low,6.726162,61.7,7.115942,100,1747902600,6.521739
2025-05-22T08:41:42Z,0,29.945,74.5,63,69.2,6,5,175,76,0.0,255,32767,0.11,2090-9-18,0.0,0.52,26.6,0.0,0.0,0.0,0,4.822265625,6,45,05:40,20:21,2025-05-22 08:41:42.489795,Città della Scienza,72.5,5.8347034,7.9450617,5.03426,4.3444924,EU EEA Common AQI,71.7,5.430616,6.144748,7200,5.652174,100,100,64.4,5.217391,Very Low,71.0,4.328358,100,1747902600,Very Low,4.0274076,7.0082264,Very Low,6.726162,61.7,7.115942,100,1747902600,6.521739
2025-05-22T08:41:53Z,0,29.945,74.5,63,69.2,3,5,157,76,0.0,255,32767,0.11,2090-9-18,0.0,0.52,26.6,0.0,0.0,0.0,0,4.822265625,6,45,05:40,20:21,2025-05-22 08:41:53.597790,Città della Scienza,72.5,5.8347034,7.9450617,5.03426,4.3444924,EU EEA Common AQI,71.7,5.430616,6.144748,7200,5.652174,100,100,64.4,5.217391,Very Low,71.0,4.328358,100,1747902600,Very Low,4.0274076,7.0082264,Very Low,6.726162,61.7,7.115942,100,1747902600,6.521739
2025-05-22T08:42:04Z,0,29.945,74.5,63,69.2,2,5,184,76,0.0,255,32767,0.11,2090-9-18,0.0,0.52,26.6,0.0,0.0,0.0,0,4.822265625,6,45,05:40,20:21,2025-05-22 08:42:04.721797,Città della Scienza,72.5,5.8347034,7.9450617,5.03426,4.3444924,EU EEA Common AQI,71.7,5.430616,6.144748,7200,5.652174,100,100,64.4,5.217391,Very Low,71.0,4.328358,100,1747902600,Very Low,4.0274076,7.0082264,Very Low,6.726162,61.7,7.115942,100,1747902600,6.521739
2025-05-22T08:42:16Z,0,29.945,74.5,63,69.2,5,5,158,76,0.0,255,32767,0.11,2090-9-18,0.0,0.52,26.6,0.0,0.0,0.0,0,4.822265625,6,45,05:40,20:21,2025-05-22 08:42:15.854786,Città della Scienza,72.5,5.8347034,7.9450617,5.03426,4.3444924,EU EEA Common AQI,71.7,5.430616,6.144748,7200,5.652174,100,100,64.4,5.217391,Very Low,71.0,4.328358,100,1747902600,Very Low,4.0274076,7.0082264,Very Low,6.726162,61.7,7.115942,100,1747902600,6.521739
2025-05-22T08:42:27Z,0,29.945,74.5,63,69.2,7,5,165,76,0.0,255,32767,0.11,2090-9-18,0.0,0.52,26.6,0.0,0.0,0.0,0,4.822265625,6,45,05:40,20:21,2025-05-22 08:42:26.959795,Città della Scienza,72.5,5.8347034,7.9450617,5.03426,4.3444924,EU EEA Common AQI,71.7,5.430616,6.144748,7200,5.652174,100,100,64.4,5.217391,Very Low,71.0,4.328358,100,1747902600,Very Low,4.0274076,7.0082264,Very Low,6.726162,61.7,7.115942,100,1747902600,6.521739
2025-05-22T08:42:38Z,0,29.945,74.5,63,69.3,5,5,159,76,0.0,255,32767,0.11,2090-9-18,0.0,0.52,26.6,0.0,0.0,0.0,0,4.822265625,6,45,05:40,20:21,2025-05-22 08:42:38.064792,Città della Scienza,72.5,5.8347034,7.9450617,5.03426,4.3444924,EU EEA Common AQI,71.7,5.430616,6.144748,7200,5.652174,100,100,64.4,5.217391,Very Low,71.0,4.328358,100,1747902600,Very Low,4.0274076,7.0082264,Very Low,6.726162,61.7,7.115942,100,1747902600,6.521739
2025-05-22T08:42:49Z,0,29.945,74.5,63,69.3,6,5,163,76,0.0,255,32767,0.11,2090-9-18,0.0,0.52,26.6,0.0,0.0,0.0,0,4.822265625,6,45,05:40,20:21,2025-05-22 08:42:49.146793,Città della Scienza,72.5,5.8347034,7.9450617,5.03426,4.3444924,EU EEA Common AQI,71.7,5.430616,6.144748,7200,5.652174,100,100,64.4,5.217391,Very Low,71.0,4.328358,100,1747902600,Very Low,4.0274076,7.0082264,Very Low,6.726162,61.7,7.115942,100,1747902600,6.521739
2025-05-22T08:43:00Z,0,29.945,74.5,63,69.3,7,5,175,76,0.0,255,32767,0.11,2090-9-18,0.0,0.52,26.6,0.0,0.0,0.0,0,4.822265625,6,45,05:40,20:21,2025-05-22 08:43:00.245806,Città della Scienza,72.5,5.8347034,7.9450617,5.03426,4.3444924,EU EEA Common AQI,71.7,5.430616,6.144748,7200,5.652174,100,100,64.4,5.217391,Very Low,71.0,4.328358,100,1747902600,Very Low,4.0274076,7.0082264,Very Low,6.726162,61.7,7.115942,100,1747902600,6.521739
2025-05-22T08:43:11Z,0,29.945,74.5,63,69.3,8,5,158,76,0.0,255,32767,0.11,2090-9-18,0.0,0.52,26.6,0.0,0.0,0.0,0,4.822265625,6,45,05:40,20:21,2025-05-22 08:43:11.333747,Città della Scienza,72.5,5.8347034,7.9450617,5.03426,4.3444924,EU EEA Common AQI,71.7,5.430616,6.144748,7200,5.652174,100,100,64.4,5.217391,Very Low,71.0,4.328358,100,1747902600,Very Low,4.0274076,7.0082264,Very Low,6.726162,61.7,7.115942,100,1747902600,6.521739
2025-05-22T08:43:22Z,0,29.945,74.5,63,69.3,5,5,188,76,0.0,255,32767,0.11,2090-9-18,0.0,0.52,26.6,0.0,0.0,0.0,0,4.822265625,6,45,05:40,20:21,2025-05-22 08:43:22.480805,Città della Scienza,72.5,5.8347034,7.9450617,5.03426,4.3444924,EU EEA Common AQI,71.7,5.430616,6.144748,7200,5.652174,100,100,64.4,5.217391,Very Low,71.0,4.328358,100,1747902600,Very Low,4.0274076,7.0082264,Very Low,6.726162,61.7,7.115942,100,1747902600,6.521739
2025-05-22T08:43:33Z,0,29.945,74.5,63,69.3,4,5,175,76,0.0,255,32767,0.11,2090-9-18,0.0,0.52,26.6,0.0,0.0,0.0,0,4.822265625,6,45,05:40,20:21,2025-05-22 08:43:33.593795,Città della Scienza,72.5,5.8347034,7.9450617,5.03426,4.3444924,EU EEA Common AQI,71.7,5.430616,6.144748,7200,5.652174,100,100,64.4,5.217391,Very Low,71.0,4.328358,100,1747902600,Very Low,4.0274076,7.0082264,Very Low,6.726162,61.7,7.115942,100,1747902600,6.521739
2025-05-22T08:43:44Z,0,29.945,74.5,63,69.3,7,5,176,76,0.0,255,32767,0.11,2090-9-18,0.0,0.52,26.6,0.0,0.0,0.0,0,4.822265625,6,45,05:40,20:21,2025-05-22 08:43:44.674798,Città della Scienza,72.5,5.8347034,7.9450617,5.03426,4.3444924,EU EEA Common AQI,71.7,5.430616,6.144748,7200,5.652174,100,100,64.4,5.217391,Very Low,71.0,4.328358,100,1747902600,Very Low,4.0274076,7.0082264,Very Low,6.726162,61.7,7.115942,100,1747902600,6.521739
2025-05-22T08:43:55Z,0,29.945,74.5,63,69.3,8,5,244,76,0.0,255,32767,0.11,2090-9-18,0.0,0.52,26.6,0.0,0.0,0.0,0,4.822265625,6,45,05:40,20:21,2025-05-22 08:43:55.798784,Città della Scienza,72.5,5.8347034,7.9450617,5.03426,4.3444924,EU EEA Common AQI,71.7,5.430616,6.144748,7200,5.652174,100,100,64.4,5.217391,Very Low,71.0,4.328358,100,1747902600,Very Low,4.0274076,7.0082264,Very Low,6.726162,61.7,7.115942,100,1747902600,6.521739
2025-05-22T08:44:07Z,0,29.945,74.5,63,69.3,6,5,188,76,0.0,255,32767,0.11,2090-9-18,0.0,0.52,26.6,0.0,0.0,0.0,0,4.822265625,6,45,05:40,20:21,2025-05-22 08:44:06.912823,Città della Scienza,72.5,5.8347034,7.9450617,5.03426,4.3444924,EU EEA Common AQI,71.7,5.430616,6.144748,7200,5.652174,100,100,64.4,5.217391,Very Low,71.0,4.328358,100,1747902600,Very Low,4.0274076,7.0082264,Very Low,6.726162,61.7,7.115942,100,1747902600,6.521739
2025-05-22T08:44:18Z,0,29.945,74.5,63,69.3,5,5,156,76,0.0,255,32767,0.11,2090-9-18,0.0,0.52,26.6,0.0,0.0,0.0,0,4.822265625,6,45,05:40,20:21,2025-05-22 08:44:18.048806,Città della Scienza,72.5,5.8347034,7.9450617,5.03426,4.3444924,EU EEA Common AQI,71.7,5.430616,6.144748,7200,5.652174,100,100,64.4,5.217391,Very Low,71.0,4.328358,100,1747902600,Very Low,4.0274076,7.0082264,Very Low,6.726162,61.7,7.115942,100,1747902600,6.521739
2025-05-22T08:44:29Z,0,29.945,74.5,63,69.3,4,5,143,76,0.0,255,32767,0.11,2090-9-18,0.0,0.52,26.6,0.0,0.0,0.0,0,4.822265625,6,45,05:40,20:21,2025-05-22 08:44:29.150794,Città della Scienza,72.5,5.8347034,7.9450617,5.03426,4.3444924,EU EEA Common AQI,71.7,5.430616,6.144748,7200,5.652174,100,100,64.4,5.217391,Very Low,71.0,4.328358,100,1747902600,Very Low,4.0274076,7.0082264,Very Low,6.726162,61.7,7.115942,100,1747902600,6.521739
2025-05-22T08:44:40Z,0,29.947,74.5,63,69.3,5,5,189,76,0.0,255,32767,0.11,2090-9-18,0.0,0.52,26.6,0.0,0.0,0.0,0,4.822265625,6,45,05:40,20:21,2025-05-22 08:44:40.255785,Città della Scienza,72.5,5.8347034,7.9450617,5.03426,4.3444924,EU EEA Common AQI,71.7,5.430616,6.144748,7200,5.652174,100,100,64.4,5.217391,Very Low,71.0,4.328358,100,1747902600,Very Low,4.0274076,7.0082264,Very Low,6.726162,61.7,7.115942,100,1747902600,6.521739
2025-05-22T08:44:51Z,0,29.947,74.5,63,69.3,5,5,178,76,0.0,255,32767,0.11,2090-9-18,0.0,0.52,26.6,0.0,0.0,0.0,0,4.822265625,6,45,05:40,20:21,2025-05-22 08:44:51.357797,Città della Scienza,72.5,5.8347034,7.9450617,5.03426,4.3444924,EU EEA Common AQI,71.7,5.430616,6.144748,7200,5.652174,100,100,64.4,5.217391,Very Low,71.0,4.328358,100,1747902600,Very Low,4.0274076,7.0082264,Very Low,6.726162,61.7,7.115942,100,1747902600,6.521739
2025-05-22T08:45:02Z,0,29.947,74.5,63,69.3,4,5,171,76,0.0,255,32767,0.11,2090-9-18,0.0,0.52,26.6,0.0,0.0,0.0,0,4.822265625,6,45,05:40,20:21,2025-05-22 08:45:02.504792,Città della Scienza,72.5,5.8347034,7.9450617,5.03426,4.3444924,EU EEA Common AQI,71.7,5.430616,6.144748,7200,5.652174,100,100,64.4,5.217391,Very Low,71.0,4.328358,100,1747902600,Very Low,4.0274076,7.0082264,Very Low,6.726162,61.7,7.115942,100,1747902600,6.521739
2025-05-22T08:45:13Z,0,29.947,74.5,63,69.3,2,5,178,76,0.0,255,32767,0.11,2090-9-18,0.0,0.52,26.6,0.0,0.0,0.0,0,4.822265625,6,45,05:40,20:21,2025-05-22 08:45:13.577794,Città della Scienza,72.5,5.8347034,7.9450617,5.03426,4.3444924,EU EEA Common AQI,71.7,5.430616,6.144748,7200,5.652174,100,100,64.4,5.217391,Very Low,71.0,4.328358,100,1747902600,Very Low,4.0274076,7.0082264,Very Low,6.726162,61.7,7.115942,100,1747902600,6.521739
2025-05-22T08:45:24Z,0,29.947,74.5,63,69.3,5,5,249,76,0.0,255,32767,0.11,2090-9-18,0.0,0.52,26.6,0.0,0.0,0.0,0,4.822265625,6,45,05:40,20:21,2025-05-22 08:45:24.726798,Città della Scienza,72.7,6.054039,7.962672,5.685988,4.496814,EU EEA Common AQI,72.1,5.6210175,6.1791506,7200,5.0434785,100,100,64.8,5.101449,Very Low,71.4,4.548771,100,1747903500,Very Low,4.5487905,7.202952,Very Low,7.379162,62.1,7.130435,100,1747903500,6.3768115
2025-05-22T08:45:36Z,0,29.945,74.6,63,69.3,5,5,161,76,0.0,255,32767,0.11,2090-9-18,0.0,0.52,26.6,0.0,0.0,0.0,0,4.822265625,6,45,05:40,20:21,2025-05-22 08:45:35.807794,Città della Scienza,72.7,6.054039,7.962672,5.685988,4.496814,EU EEA Common AQI,72.1,5.6210175,6.1791506,7200,5.0434785,100,100,64.8,5.101449,Very Low,71.4,4.548771,100,1747903500,Very Low,4.5487905,7.202952,Very Low,7.379162,62.1,7.130435,100,1747903500,6.3768115
2025-05-22T08:45:47Z,0,29.945,74.6,63,69.3,4,5,184,76,0.0,255,32767,0.11,2090-9-18,0.0,0.52,26.6,0.0,0.0,0.0,0,4.822265625,6,45,05:40,20:21,2025-05-22 08:45:46.929800,Città della Scienza,72.7,6.054039,7.962672,5.685988,4.496814,EU EEA Common AQI,72.1,5.6210175,6.1791506,7200,5.0434785,100,100,64.8,5.101449,Very Low,71.4,4.548771,100,1747903500,Very Low,4.5487905,7.202952,Very Low,7.379162,62.1,7.130435,100,1747903500,6.3768115
2025-05-22T08:45:58Z,0,29.945,74.6,63,69.3,3,5,175,76,0.0,255,32767,0.11,2090-9-18,0.0,0.52,26.6,0.0,0.0,0.0,0,4.822265625,6,45,05:40,20:21,2025-05-22 08:45:58.044804,Città della Scienza,72.7,6.054039,7.962672,5.685988,4.496814,EU EEA Common AQI,72.1,5.6210175,6.1791506,7200,5.0434785,100,100,64.8,5.101449,Very Low,71.4,4.548771,100,1747903500,Very Low,4.5487905,7.202952,Very Low,7.379162,62.1,7.130435,100,1747903500,6.3768115
2025-05-22T08:46:09Z,0,29.945,74.6,63,69.3,6,5,165,76,0.0,255,32767,0.11,2090-9-18,0.0,0.52,26.6,0.0,0.0,0.0,0,4.822265625,6,45,05:40,20:21,2025-05-22 08:46:09.170789,Città della Scienza,72.7,6.054039,7.962672,5.685988,4.496814,EU EEA Common AQI,72.1,5.6210175,6.1791506,7200,5.0434785,100,100,64.8,5.101449,Very Low,71.4,4.548771,100,1747903500,Very Low,4.5487905,7.202952,Very Low,7.379162,62.1,7.130435,100,1747903500,6.3768115
2025-05-22T08:46:20Z,0,29.945,74.6,63,69.3,8,5,172,77,0.0,255,32767,0.11,2090-9-18,0.0,0.52,26.6,0.0,0.0,0.0,0,4.822265625,6,45,05:40,20:21,2025-05-22 08:46:20.270805,Città della Scienza,72.7,6.054039,7.962672,5.685988,4.496814,EU EEA Common AQI,72.1,5.6210175,6.1791506,7200,5.0434785,100,100,64.8,5.101449,Very Low,71.4,4.548771,100,1747903500,Very Low,4.5487905,7.202952,Very Low,7.379162,62.1,7.130435,100,1747903500,6.3768115
2025-05-22T08:46:31Z,0,29.945,74.6,63,69.3,6,5,164,77,0.0,255,32767,0.11,2090-9-18,0.0,0.52,26.6,0.0,0.0,0.0,0,4.822265625,6,45,05:40,20:21,2025-05-22 08:46:31.380807,Città della Scienza,72.7,6.054039,7.962672,5.685988,4.496814,EU EEA Common AQI,72.1,5.6210175,6.1791506,7200,5.0434785,100,100,64.8,5.101449,Very Low,71.4,4.548771,100,1747903500,Very Low,4.5487905,7.202952,Very Low,7.379162,62.1,7.130435,100,1747903500,6.3768115
2025-05-22T08:46:42Z,0,29.947,74.6,63,69.3,6,5,167,77,0.0,255,32767,0.11,2090-9-18,0.0,0.52,26.6,0.0,0.0,0.0,0,4.822265625,6,45,05:40,20:21,2025-05-22 08:46:42.498798,Città della Scienza,72.7,6.054039,7.962672,5.685988,4.496814,EU EEA Common AQI,72.1,5.6210175,6.1791506,7200,5.0434785,100,100,64.8,5.101449,Very Low,71.4,4.548771,100,1747903500,Very Low,4.5487905,7.202952,Very Low,7.379162,62.1,7.130435,100,1747903500,6.3768115
2025-05-22T08:46:53Z,0,29.947,74.6,63,69.3,7,5,210,77,0.0,255,32767,0.11,2090-9-18,0.0,0.52,26.6,0.0,0.0,0.0,0,4.822265625,6,45,05:40,20:21,2025-05-22 08:46:53.601792,Città della Scienza,72.7,6.054039,7.962672,5.685988,4.496814,EU EEA Common AQI,72.1,5.6210175,6.1791506,7200,5.0434785,100,100,64.8,5.101449,Very Low,71.4,4.548771,100,1747903500,Very Low,4.5487905,7.202952,Very Low,7.379162,62.1,7.130435,100,1747903500,6.3768115
2025-05-22T08:47:04Z,0,29.947,74.6,63,69.2,9,5,198,77,0.0,255,32767,0.11,2090-9-18,0.0,0.52,26.6,0.0,0.0,0.0,0,4.822265625,6,45,05:40,20:21,2025-05-22 08:47:04.670756,Città della Scienza,72.7,6.054039,7.962672,5.685988,4.496814,EU EEA Common AQI,72.1,5.6210175,6.1791506,7200,5.0434785,100,100,64.8,5.101449,Very Low,71.4,4.548771,100,1747903500,Very Low,4.5487905,7.202952,Very Low,7.379162,62.1,7.130435,100,1747903500,6.3768115
2025-05-22T08:47:15Z,0,29.947,74.6,63,69.2,7,5,178,76,0.0,255,32767,0.11,2090-9-18,0.0,0.52,26.6,0.0,0.0,0.0,0,4.822265625,6,45,05:40,20:21,2025-05-22 08:47:15.769796,Città della Scienza,72.7,6.054039,7.962672,5.685988,4.496814,EU EEA Common AQI,72.1,5.6210175,6.1791506,7200,5.0434785,100,100,64.8,5.101449,Very Low,71.4,4.548771,100,1747903500,Very Low,4.5487905,7.202952,Very Low,7.379162,62.1,7.130435,100,1747903500,6.3768115
2025-05-22T08:47:27Z,0,29.947,74.6,63,69.2,8,5,188,76,0.0,255,32767,0.11,2090-9-18,0.0,0.52,26.6,0.0,0.0,0.0,0,4.822265625,6,45,05:40,20:21,2025-05-22 08:47:26.885809,Città della Scienza,72.7,6.054039,7.962672,5.685988,4.496814,EU EEA Common AQI,72.1,5.6210175,6.1791506,7200,5.0434785,100,100,64.8,5.101449,Very Low,71.4,4.548771,100,1747903500,Very Low,4.5487905,7.202952,Very Low,7.379162,62.1,7.130435,100,1747903500,6.3768115
2025-05-22T08:47:38Z,0,29.945,74.5,63,69.2,8,5,191,76,0.0,255,32767,0.11,2090-9-18,0.0,0.52,26.6,0.0,0.0,0.0,0,4.822265625,6,45,05:40,20:21,2025-05-22 08:47:37.970793,Città della Scienza,72.7,6.054039,7.962672,5.685988,4.496814,EU EEA Common AQI,72.1,5.6210175,6.1791506,7200,5.0434785,100,100,64.8,5.101449,Very Low,71.4,4.548771,100,1747903500,Very Low,4.5487905,7.202952,Very Low,7.379162,62.1,7.130435,100,1747903500,6.3768115
2025-05-22T08:47:49Z,0,29.945,74.5,63,69.2,5,5,186,76,0.0,255,32767,0.11,2090-9-18,0.0,0.52,26.6,0.0,0.0,0.0,0,4.822265625,6,45,05:40,20:21,2025-05-22 08:47:49.096783,Città della Scienza,72.7,6.054039,7.962672,5.685988,4.496814,EU EEA Common AQI,72.1,5.6210175,6.1791506,7200,5.0434785,100,100,64.8,5.101449,Very Low,71.4,4.548771,100,1747903500,Very Low,4.5487905,7.202952,Very Low,7.379162,62.1,7.130435,100,1747903500,6.3768115
2025-05-22T08:48:00Z,0,29.945,74.5,63,69.2,6,5,187,76,0.0,255,32767,0.11,2090-9-18,0.0,0.52,26.6,0.0,0.0,0.0,0,4.822265625,6,45,05:40,20:21,2025-05-22 08:48:00.203813,Città della Scienza,72.7,6.054039,7.962672,5.685988,4.496814,EU EEA Common AQI,72.1,5.6210175,6.1791506,7200,5.0434785,100,100,64.8,5.101449,Very Low,71.4,4.548771,100,1747903500,Very Low,4.5487905,7.202952,Very Low,7.379162,62.1,7.130435,100,1747903500,6.3768115
2025-05-22T08:48:11Z,0,29.945,74.5,63,69.2,6,5,194,76,0.0,255,32767,0.11,2090-9-18,0.0,0.52,26.6,0.0,0.0,0.0,0,4.822265625,6,45,05:40,20:21,2025-05-22 08:48:11.315787,Città della Scienza,72.7,6.054039,7.962672,5.685988,4.496814,EU EEA Common AQI,72.1,5.6210175,6.1791506,7200,5.0434785,100,100,64.8,5.101449,Very Low,71.4,4.548771,100,1747903500,Very Low,4.5487905,7.202952,Very Low,7.379162,62.1,7.130435,100,1747903500,6.3768115
2025-05-22T08:48:22Z,0,29.945,74.5,63,69.2,7,5,183,76,0.0,255,32767,0.11,2090-9-18,0.0,0.52,26.6,0.0,0.0,0.0,0,4.822265625,6,45,05:40,20:21,2025-05-22 08:48:22.498804,Città della Scienza,72.7,6.054039,7.962672,5.685988,4.496814,EU EEA Common AQI,72.1,5.6210175,6.1791506,7200,5.0434785,100,100,64.8,5.101449,Very Low,71.4,4.548771,100,1747903500,Very Low,4.5487905,7.202952,Very Low,7.379162,62.1,7.130435,100,1747903500,6.3768115
2025-05-22T08:48:33Z,0,29.945,74.6,63,69.1,6,5,214,76,0.0,255,32767,0.11,2090-9-18,0.0,0.52,26.6,0.0,0.0,0.0,0,4.822265625,6,45,05:40,20:21,2025-05-22 08:48:33.613800,Città della Scienza,72.7,6.054039,7.962672,5.685988,4.496814,EU EEA Common AQI,72.1,5.6210175,6.1791506,7200,5.0434785,100,100,64.8,5.101449,Very Low,71.4,4.548771,100,1747903500,Very Low,4.5487905,7.202952,Very Low,7.379162,62.1,7.130435,100,1747903500,6.3768115
2025-05-22T08:48:44Z,0,29.945,74.6,63,69.1,2,5,229,76,0.0,255,32767,0.11,2090-9-18,0.0,0.52,26.6,0.0,0.0,0.0,0,4.822265625,6,45,05:40,20:21,2025-05-22 08:48:44.723788,Città della Scienza,72.7,6.054039,7.962672,5.685988,4.496814,EU EEA Common AQI,72.1,5.6210175,6.1791506,7200,5.0434785,100,100,64.8,5.101449,Very Low,71.4,4.548771,100,1747903500,Very Low,4.5487905,7.202952,Very Low,7.379162,62.1,7.130435,100,1747903500,6.3768115
2025-05-22T08:49:09Z,0,29.945,74.6,63,69.1,6,5,173,76,0.0,255,32767,0.11,2090-9-18,0.0,0.52,26.6,0.0,0.0,0.0,0,4.822265625,6,45,05:40,20:21,2025-05-22 08:49:09.372755,Città della Scienza,72.7,6.054039,7.962672,5.685988,4.496814,EU EEA Common AQI,72.1,5.6210175,6.1791506,7200,5.0434785,100,100,64.8,5.101449,Very Low,71.4,4.548771,100,1747903500,Very Low,4.5487905,7.202952,Very Low,7.379162,62.1,7.130435,100,1747903500,6.3768115
2025-05-22T08:49:20Z,0,29.945,74.6,63,69.1,8,5,192,76,0.0,255,32767,0.11,2090-9-18,0.0,0.52,26.6,0.0,0.0,0.0,0,4.822265625,6,45,05:40,20:21,2025-05-22 08:49:20.469789,Città della Scienza,72.7,6.054039,7.962672,5.685988,4.496814,EU EEA Common AQI,72.1,5.6210175,6.1791506,7200,5.0434785,100,100,64.8,5.101449,Very Low,71.4,4.548771,100,1747903500,Very Low,4.5487905,7.202952,Very Low,7.379162,62.1,7.130435,100,1747903500,6.3768115
2025-05-22T08:49:31Z,0,29.945,74.6,63,69.1,4,5,211,76,0.0,255,32767,0.11,2090-9-18,0.0,0.52,26.6,0.0,0.0,0.0,0,4.822265625,6,45,05:40,20:21,2025-05-22 08:49:31.588761,Città della Scienza,72.7,6.054039,7.962672,5.685988,4.496814,EU EEA Common AQI,72.1,5.6210175,6.1791506,7200,5.0434785,100,100,64.8,5.101449,Very Low,71.4,4.548771,100,1747903500,Very Low,4.5487905,7.202952,Very Low,7.379162,62.1,7.130435,100,1747903500,6.3768115
2025-05-22T08:49:42Z,0,29.946,74.6,63,69.1,7,5,201,76,0.0,255,32767,0.11,2090-9-18,0.0,0.52,26.6,0.0,0.0,0.0,0,4.822265625,6,45,05:40,20:21,2025-05-22 08:49:42.666793,Città della Scienza,72.7,6.054039,7.962672,5.685988,4.496814,EU EEA Common AQI,72.1,5.6210175,6.1791506,7200,5.0434785,100,100,64.8,5.101449,Very Low,71.4,4.548771,100,1747903500,Very Low,4.5487905,7.202952,Very Low,7.379162,62.1,7.130435,100,1747903500,6.3768115
2025-05-22T08:49:53Z,0,29.946,74.6,63,69.1,6,5,195,76,0.0,255,32767,0.11,2090-9-18,0.0,0.52,26.6,0.0,0.0,0.0,0,4.822265625,6,45,05:40,20:21,2025-05-22 08:49:53.764804,Città della Scienza,72.7,6.054039,7.962672,5.685988,4.496814,EU EEA Common AQI,72.1,5.6210175,6.1791506,7200,5.0434785,100,100,64.8,5.101449,Very Low,71.4,4.548771,100,1747903500,Very Low,4.5487905,7.202952,Very Low,7.379162,62.1,7.130435,100,1747903500,6.3768115
2025-05-22T08:50:05Z,0,29.946,74.6,63,69.0,4,5,243,76,0.0,255,32767,0.11,2090-9-18,0.0,0.52,26.6,0.0,0.0,0.0,0,4.822265625,6,45,05:40,20:21,2025-05-22 08:50:04.902793,Città della Scienza,72.7,6.054039,7.962672,5.685988,4.496814,EU EEA Common AQI,72.1,5.6210175,6.1791506,7200,5.0434785,100,100,64.8,5.101449,Very Low,71.4,4.548771,100,1747903500,Very Low,4.5487905,7.202952,Very Low,7.379162,62.1,7.130435,100,1747903500,6.3768115
2025-05-22T08:50:16Z,0,29.946,74.6,63,69.1,2,5,271,76,0.0,255,32767,0.11,2090-9-18,0.0,0.52,26.6,0.0,0.0,0.0,0,4.822265625,6,45,05:40,20:21,2025-05-22 08:50:16.034405,Città della Scienza,72.7,6.054039,7.962672,5.685988,4.496814,EU EEA Common AQI,72.1,5.6210175,6.1791506,7200,5.0434785,100,100,64.8,5.101449,Very Low,71.4,4.548771,100,1747903500,Very Low,4.5487905,7.202952,Very Low,7.379162,62.1,7.130435,100,1747903500,6.3768115
2025-05-22T08:50:27Z,0,29.946,74.6,63,69.1,3,5,223,76,0.0,255,32767,0.11,2090-9-18,0.0,0.52,26.6,0.0,0.0,0.0,0,4.822265625,6,45,05:40,20:21,2025-05-22 08:50:27.168798,Città della Scienza,72.7,6.054039,7.962672,5.685988,4.496814,EU EEA Common AQI,72.1,5.6210175,6.1791506,7200,5.0434785,100,100,64.8,5.101449,Very Low,71.4,4.548771,100,1747903500,Very Low,4.5487905,7.202952,Very Low,7.379162,62.1,7.130435,100,1747903500,6.3768115
2025-05-22T08:50:38Z,0,29.945,74.6,63,69.1,7,5,232,77,0.0,255,32767,0.11,2090-9-18,0.0,0.52,26.6,0.0,0.0,0.0,0,4.822265625,6,45,05:40,20:21,2025-05-22 08:50:38.266782,Città della Scienza,72.7,6.054039,7.962672,5.685988,4.496814,EU EEA Common AQI,72.1,5.6210175,6.1791506,7200,5.0434785,100,100,64.8,5.101449,Very Low,71.4,4.548771,100,1747903500,Very Low,4.5487905,7.202952,Very Low,7.379162,62.1,7.130435,100,1747903500,6.3768115
2025-05-22T08:50:49Z,0,29.945,74.6,63,69.1,5,5,151,77,0.0,255,32767,0.11,2090-9-18,0.0,0.52,26.6,0.0,0.0,0.0,0,4.822265625,6,45,05:40,20:21,2025-05-22 08:50:49.402787,Città della Scienza,72.7,6.054039,7.962672,5.685988,4.496814,EU EEA Common AQI,72.1,5.6210175,6.1791506,7200,5.0434785,100,100,64.8,5.101449,Very Low,71.4,4.548771,100,1747903500,Very Low,4.5487905,7.202952,Very Low,7.379162,62.1,7.130435,100,1747903500,6.3768115
2025-05-22T08:51:00Z,0,29.945,74.6,63,69.2,5,5,180,77,0.0,255,32767,0.11,2090-9-18,0.0,0.52,26.6,0.0,0.0,0.0,0,4.822265625,6,45,05:40,20:21,2025-05-22 08:51:00.509794,Città della Scienza,72.7,6.054039,7.962672,5.685988,4.496814,EU EEA Common AQI,72.1,5.6210175,6.1791506,7200,5.0434785,100,100,64.8,5.101449,Very Low,71.4,4.548771,100,1747903500,Very Low,4.5487905,7.202952,Very Low,7.379162,62.1,7.130435,100,1747903500,6.3768115
2025-05-22T08:51:11Z,0,29.945,74.6,63,69.1,9,5,191,77,0.0,255,32767,0.11,2090-9-18,0.0,0.52,26.6,0.0,0.0,0.0,0,4.822265625,6,45,05:40,20:21,2025-05-22 08:51:11.611794,Città della Scienza,72.7,6.054039,7.962672,5.685988,4.496814,EU EEA Common AQI,72.1,5.6210175,6.1791506,7200,5.0434785,100,100,64.8,5.101449,Very Low,71.4,4.548771,100,1747903500,Very Low,4.5487905,7.202952,Very Low,7.379162,62.1,7.130435,100,1747903500,6.3768115
2025-05-22T08:51:22Z,0,29.945,74.6,63,69.1,6,5,186,77,0.0,255,32767,0.11,2090-9-18,0.0,0.52,26.6,0.0,0.0,0.0,0,4.822265625,6,45,05:40,20:21,2025-05-22 08:51:22.697794,Città della Scienza,72.7,6.054039,7.962672,5.685988,4.496814,EU EEA Common AQI,72.1,5.6210175,6.1791506,7200,5.0434785,100,100,64.8,5.101449,Very Low,71.4,4.548771,100,1747903500,Very Low,4.5487905,7.202952,Very Low,7.379162,62.1,7.130435,100,1747903500,6.3768115
2025-05-22T08:51:34Z,0,29.945,74.6,63,69.1,3,5,207,77,0.0,255,32767,0.11,2090-9-18,0.0,0.52,26.6,0.0,0.0,0.0,0,4.822265625,6,45,05:40,20:21,2025-05-22 08:51:33.823796,Città della Scienza,72.7,6.054039,7.962672,5.685988,4.496814,EU EEA Common AQI,72.1,5.6210175,6.1791506,7200,5.0434785,100,100,64.8,5.101449,Very Low,71.4,4.548771,100,1747903500,Very Low,4.5487905,7.202952,Very Low,7.379162,62.1,7.130435,100,1747903500,6.3768115
2025-05-22T08:51:45Z,0,29.945,74.6,63,69.1,5,5,201,77,0.0,255,32767,0.11,2090-9-18,0.0,0.52,26.6,0.0,0.0,0.0,0,4.822265625,6,45,05:40,20:21,2025-05-22 08:51:44.947793,Città della Scienza,72.7,6.054039,7.962672,5.685988,4.496814,EU EEA Common AQI,72.1,5.6210175,6.1791506,7200,5.0434785,100,100,64.8,5.101449,Very Low,71.4,4.548771,100,1747903500,Very Low,4.5487905,7.202952,Very Low,7.379162,62.1,7.130435,100,1747903500,6.3768115
2025-05-22T08:51:56Z,0,29.945,74.6,63,69.1,5,5,199,77,0.0,255,32767,0.11,2090-9-18,0.0,0.52,26.6,0.0,0.0,0.0,0,4.822265625,6,45,05:40,20:21,2025-05-22 08:51:56.051791,Città della Scienza,72.7,6.054039,7.962672,5.685988,4.496814,EU EEA Common AQI,72.1,5.6210175,6.1791506,7200,5.0434785,100,100,64.8,5.101449,Very Low,71.4,4.548771,100,1747903500,Very Low,4.5487905,7.202952,Very Low,7.379162,62.1,7.130435,100,1747903500,6.3768115
2025-05-22T08:52:07Z,0,29.945,74.6,63,69.1,3,5,175,77,0.0,255,32767,0.11,2090-9-18,0.0,0.52,26.6,0.0,0.0,0.0,0,4.822265625,6,45,05:40,20:21,2025-05-22 08:52:07.127801,Città della Scienza,72.7,6.054039,7.962672,5.685988,4.496814,EU EEA Common AQI,72.1,5.6210175,6.1791506,7200,5.0434785,100,100,64.8,5.101449,Very Low,71.4,4.548771,100,1747903500,Very Low,4.5487905,7.202952,Very Low,7.379162,62.1,7.130435,100,1747903500,6.3768115
2025-05-22T08:52:18Z,0,29.945,74.6,63,69.1,6,5,177,77,0.0,255,32767,0.11,2090-9-18,0.0,0.52,26.6,0.0,0.0,0.0,0,4.822265625,6,45,05:40,20:21,2025-05-22 08:52:18.234787,Città della Scienza,72.7,6.054039,7.962672,5.685988,4.496814,EU EEA Common AQI,72.1,5.6210175,6.1791506,7200,5.0434785,100,100,64.8,5.101449,Very Low,71.4,4.548771,100,1747903500,Very Low,4.5487905,7.202952,Very Low,7.379162,62.1,7.130435,100,1747903500,6.3768115
2025-05-22T08:52:29Z,0,29.945,74.6,63,69.2,8,5,192,77,0.0,255,32767,0.11,2090-9-18,0.0,0.52,26.6,0.0,0.0,0.0,0,4.822265625,6,45,05:40,20:21,2025-05-22 08:52:29.334794,Città della Scienza,72.7,6.054039,7.962672,5.685988,4.496814,EU EEA Common AQI,72.1,5.6210175,6.1791506,7200,5.0434785,100,100,64.8,5.101449,Very Low,71.4,4.548771,100,1747903500,Very Low,4.5487905,7.202952,Very Low,7.379162,62.1,7.130435,100,1747903500,6.3768115
2025-05-22T08:52:40Z,0,29.945,74.6,63,69.2,4,6,188,77,0.0,255,32767,0.11,2090-9-18,0.0,0.52,26.6,0.0,0.0,0.0,0,4.822265625,6,45,05:40,20:21,2025-05-22 08:52:40.494770,Città della Scienza,72.7,6.054039,7.962672,5.685988,4.496814,EU EEA Common AQI,72.1,5.6210175,6.1791506,7200,5.0434785,100,100,64.8,5.101449,Very Low,71.4,4.548771,100,1747903500,Very Low,4.5487905,7.202952,Very Low,7.379162,62.1,7.130435,100,1747903500,6.3768115
2025-05-22T08:52:51Z,0,29.945,74.6,63,69.2,6,6,155,77,0.0,255,32767,0.11,2090-9-18,0.0,0.52,26.6,0.0,0.0,0.0,0,4.822265625,6,45,05:40,20:21,2025-05-22 08:52:51.597787,Città della Scienza,72.7,6.054039,7.962672,5.685988,4.496814,EU EEA Common AQI,72.1,5.6210175,6.1791506,7200,5.0434785,100,100,64.8,5.101449,Very Low,71.4,4.548771,100,1747903500,Very Low,4.5487905,7.202952,Very Low,7.379162,62.1,7.130435,100,1747903500,6.3768115
2025-05-22T08:53:02Z,0,29.945,74.6,63,69.2,5,6,172,77,0.0,255,32767,0.11,2090-9-18,0.0,0.52,26.6,0.0,0.0,0.0,0,4.822265625,6,45,05:40,20:21,2025-05-22 08:53:02.719770,Città della Scienza,72.7,6.054039,7.962672,5.685988,4.496814,EU EEA Common AQI,72.1,5.6210175,6.1791506,7200,5.0434785,100,100,64.8,5.101449,Very Low,71.4,4.548771,100,1747903500,Very Low,4.5487905,7.202952,Very Low,7.379162,62.1,7.130435,100,1747903500,6.3768115
2025-05-22T08:53:14Z,0,29.945,74.6,63,69.2,6,6,194,77,0.0,255,32767,0.11,2090-9-18,0.0,0.52,26.6,0.0,0.0,0.0,0,4.822265625,6,45,05:40,20:21,2025-05-22 08:53:13.818799,Città della Scienza,72.7,6.054039,7.962672,5.685988,4.496814,EU EEA Common AQI,72.1,5.6210175,6.1791506,7200,5.0434785,100,100,64.8,5.101449,Very Low,71.4,4.548771,100,1747903500,Very Low,4.5487905,7.202952,Very Low,7.379162,62.1,7.130435,100,1747903500,6.3768115
2025-05-22T08:53:25Z,0,29.945,74.6,63,69.2,6,6,194,77,0.0,255,32767,0.11,2090-9-18,0.0,0.52,26.6,0.0,0.0,0.0,0,4.822265625,6,45,05:40,20:21,2025-05-22 08:53:24.922791,Città della Scienza,72.7,6.054039,7.962672,5.685988,4.496814,EU EEA Common AQI,72.1,5.6210175,6.1791506,7200,5.0434785,100,100,64.8,5.101449,Very Low,71.4,4.548771,100,1747903500,Very Low,4.5487905,7.202952,Very Low,7.379162,62.1,7.130435,100,1747903500,6.3768115
2025-05-22T08:53:36Z,0,29.945,74.6,63,69.2,5,6,163,77,0.0,255,32767,0.11,2090-9-18,0.0,0.52,26.6,0.0,0.0,0.0,0,4.822265625,6,45,05:40,20:21,2025-05-22 08:53:36.044800,Città della Scienza,72.7,6.054039,7.962672,5.685988,4.496814,EU EEA Common AQI,72.1,5.6210175,6.1791506,7200,5.0434785,100,100,64.8,5.101449,Very Low,71.4,4.548771,100,1747903500,Very Low,4.5487905,7.202952,Very Low,7.379162,62.1,7.130435,100,1747903500,6.3768115
2025-05-22T08:53:47Z,0,29.945,74.6,63,69.2,8,6,156,77,0.0,255,32767,0.11,2090-9-18,0.0,0.52,26.6,0.0,0.0,0.0,0,4.822265625,6,45,05:40,20:21,2025-05-22 08:53:47.135790,Città della Scienza,72.7,6.054039,7.962672,5.685988,4.496814,EU EEA Common AQI,72.1,5.6210175,6.1791506,7200,5.0434785,100,100,64.8,5.101449,Very Low,71.4,4.548771,100,1747903500,Very Low,4.5487905,7.202952,Very Low,7.379162,62.1,7.130435,100,1747903500,6.3768115
2025-05-22T08:53:58Z,0,29.945,74.6,63,69.2,6,6,163,77,0.0,255,32767,0.11,2090-9-18,0.0,0.52,26.6,0.0,0.0,0.0,0,4.822265625,6,45,05:40,20:21,2025-05-22 08:53:58.225819,Città della Scienza,72.7,6.054039,7.962672,5.685988,4.496814,EU EEA Common AQI,72.1,5.6210175,6.1791506,7200,5.0434785,100,100,64.8,5.101449,Very Low,71.4,4.548771,100,1747903500,Very Low,4.5487905,7.202952,Very Low,7.379162,62.1,7.130435,100,1747903500,6.3768115
2025-05-22T08:54:09Z,0,29.945,74.6,63,69.2,6,6,181,77,0.0,255,32767,0.11,2090-9-18,0.0,0.52,26.6,0.0,0.0,0.0,0,4.822265625,6,45,05:40,20:21,2025-05-22 08:54:09.345795,Città della Scienza,72.7,6.054039,7.962672,5.685988,4.496814,EU EEA Common AQI,72.1,5.6210175,6.1791506,7200,5.0434785,100,100,64.8,5.101449,Very Low,71.4,4.548771,100,1747903500,Very Low,4.5487905,7.202952,Very Low,7.379162,62.1,7.130435,100,1747903500,6.3768115
2025-05-22T08:54:20Z,0,29.945,74.6,63,69.2,8,6,154,77,0.0,255,32767,0.11,2090-9-18,0.0,0.52,26.6,0.0,0.0,0.0,0,4.822265625,6,45,05:40,20:21,2025-05-22 08:54:20.445789,Città della Scienza,72.7,6.054039,7.962672,5.685988,4.496814,EU EEA Common AQI,72.1,5.6210175,6.1791506,7200,5.0434785,100,100,64.8,5.101449,Very Low,71.4,4.548771,100,1747903500,Very Low,4.5487905,7.202952,Very Low,7.379162,62.1,7.130435,100,1747903500,6.3768115
2025-05-22T08:54:31Z,0,29.945,74.6,63,69.2,5,6,186,77,0.0,255,32767,0.11,2090-9-18,0.0,0.52,26.6,0.0,0.0,0.0,0,4.822265625,6,45,05:40,20:21,2025-05-22 08:54:31.580796,Città della Scienza
2025-05-22T08:54:42Z,0,29.944,74.7,63,69.2,4,6,177,77,0.0,255,32767,0.11,2090-9-18,0.0,0.52,26.6,0.0,0.0,0.0,0,4.822265625,6,45,05:40,20:21,2025-05-22 08:54:42.667762,Città della Scienza
2025-05-22T08:54:53Z,0,29.944,74.7,63,69.2,3,6,196,77,0.0,255,32767,0.11,2090-9-18,0.0,0.52,26.6,0.0,0.0,0.0,0,4.822265625,6,45,05:40,20:21,2025-05-22 08:54:53.751794,Città della Scienza
2025-05-22T08:55:05Z,0,29.944,74.7,63,69.2,4,6,238,77,0.0,255,32767,0.11,2090-9-18,0.0,0.52,26.6,0.0,0.0,0.0,0,4.822265625,6,45,05:40,20:21,2025-05-22 08:55:04.891791,Città della Scienza
2025-05-22T08:55:16Z,0,29.944,74.7,63,69.2,3,6,203,77,0.0,255,32767,0.11,2090-9-18,0.0,0.52,26.6,0.0,0.0,0.0,0,4.822265625,6,45,05:40,20:21,2025-05-22 08:55:15.951786,Città della Scienza
2025-05-22T08:55:27Z,0,29.944,74.7,63,69.2,8,6,180,77,0.0,255,32767,0.11,2090-9-18,0.0,0.52,26.6,0.0,0.0,0.0,0,4.822265625,6,45,05:40,20:21,2025-05-22 08:55:27.011812,Città della Scienza
2025-05-22T08:55:38Z,0,29.946,74.7,63,69.2,8,6,159,77,0.0,255,32767,0.11,2090-9-18,0.0,0.52,26.6,0.0,0.0,0.0,0,4.822265625,6,45,05:40,20:21,2025-05-22 08:55:38.101795,Città della Scienza
2025-05-22T08:55:49Z,0,29.946,74.7,63,69.2,8,6,182,77,0.0,255,32767,0.11,2090-9-18,0.0,0.52,26.6,0.0,0.0,0.0,0,4.822265625,6,45,05:40,20:21,2025-05-22 08:55:49.168768,Città della Scienza
2025-05-22T08:56:00Z,0,29.946,74.7,63,69.2,4,6,183,77,0.0,255,32767,0.11,2090-9-18,0.0,0.52,26.6,0.0,0.0,0.0,0,4.822265625,6,45,05:40,20:21,2025-05-22 08:56:00.276801,Città della Scienza
2025-05-22T08:56:11Z,0,29.946,74.7,63,69.2,6,6,180,77,0.0,255,32767,0.11,2090-9-18,0.0,0.52,26.6,0.0,0.0,0.0,0,4.822265625,6,45,05:40,20:21,2025-05-22 08:56:11.362792,Città della Scienza
2025-05-22T08:56:22Z,0,29.946,74.7,63,69.2,10,6,163,77,0.0,255,32767,0.11,2090-9-18,0.0,0.52,26.6,0.0,0.0,0.0,0,4.822265625,6,45,05:40,20:21,2025-05-22 08:56:22.455811,Città della Scienza
2025-05-22T08:56:33Z,0,29.944,74.7,63,69.2,6,6,184,77,0.0,255,32767,0.11,2090-9-18,0.0,0.52,26.6,0.0,0.0,0.0,0,4.822265625,6,45,05:40,20:21,2025-05-22 08:56:33.583790,Città della Scienza
2025-05-22T08:56:44Z,0,29.944,74.7,63,69.2,4,6,217,77,0.0,255,32767,0.11,2090-9-18,0.0,0.52,26.6,0.0,0.0,0.0,0,4.822265625,6,45,05:40,20:21,2025-05-22 08:56:44.682794,Città della Scienza
2025-05-22T08:56:55Z,0,29.944,74.7,63,69.2,5,6,185,77,0.0,255,32767,0.11,2090-9-18,0.0,0.52,26.6,0.0,0.0,0.0,0,4.822265625,6,45,05:40,20:21,2025-05-22 08:56:55.747794,Città della Scienza
2025-05-22T08:57:07Z,0,29.944,74.7,63,69.2,7,6,158,77,0.0,255,32767,0.11,2090-9-18,0.0,0.52,26.6,0.0,0.0,0.0,0,4.822265625,6,45,05:40,20:21,2025-05-22 08:57:06.826804,Città della Scienza
2025-05-22T08:57:18Z,0,29.944,74.7,63,69.2,3,6,173,77,0.0,255,32767,0.11,2090-9-18,0.0,0.52,26.6,0.0,0.0,0.0,0,4.822265625,6,45,05:40,20:21,2025-05-22 08:57:17.918800,Città della Scienza
2025-05-22T08:57:29Z,0,29.944,74.7,63,69.2,2,6,184,77,0.0,255,32767,0.11,2090-9-18,0.0,0.52,26.6,0.0,0.0,0.0,0,4.822265625,6,45,05:40,20:21,2025-05-22 08:57:29.022790,Città della Scienza
2025-05-22T08:57:40Z,0,29.944,74.6,63,69.2,6,6,167,78,0.0,255,32767,0.11,2090-9-18,0.0,0.52,26.6,0.0,0.0,0.0,0,4.822265625,6,45,05:40,20:21,2025-05-22 08:57:40.110811,Città della Scienza
2025-05-22T08:57:51Z,0,29.944,74.6,63,69.2,7,6,194,78,0.0,255,32767,0.11,2090-9-18,0.0,0.52,26.6,0.0,0.0,0.0,0,4.822265625,6,45,05:40,20:21,2025-05-22 08:57:51.203798,Città della Scienza
2025-05-22T08:58:02Z,0,29.944,74.6,63,69.2,8,6,187,78,0.0,255,32767,0.11,2090-9-18,0.0,0.52,26.6,0.0,0.0,0.0,0,4.822265625,6,45,05:40,20:21,2025-05-22 08:58:02.290798,Città della Scienza
2025-05-22T08:58:13Z,0,29.944,74.6,63,69.2,7,6,152,78,0.0,255,32767,0.11,2090-9-18,0.0,0.52,26.6,0.0,0.0,0.0,0,4.822265625,6,45,05:40,20:21,2025-05-22 08:58:13.424803,Città della Scienza
2025-05-22T08:58:24Z,0,29.944,74.6,63,69.3,3,6,134,78,0.0,255,32767,0.11,2090-9-18,0.0,0.52,26.6,0.0,0.0,0.0,0,4.822265625,6,45,05:40,20:21,2025-05-22 08:58:24.537799,Città della Scienza
2025-05-22T08:58:35Z,0,29.942,74.7,63,69.3,4,6,267,78,0.0,255,32767,0.11,2090-9-18,0.0,0.52,26.6,0.0,0.0,0.0,0,4.822265625,6,45,05:40,20:21,2025-05-22 08:58:35.594798,Città della Scienza
2025-05-22T08:58:46Z,0,29.942,74.7,63,69.3,2,6,89,78,0.0,255,32767,0.11,2090-9-18,0.0,0.52,26.6,0.0,0.0,0.0,0,4.822265625,6,45,05:40,20:21,2025-05-22 08:58:46.706792,Città della Scienza
2025-05-22T08:58:57Z,0,29.942,74.7,63,69.3,5,6,202,78,0.0,255,32767,0.11,2090-9-18,0.0,0.52,26.6,0.0,0.0,0.0,0,4.822265625,6,45,05:40,20:21,2025-05-22 08:58:57.782799,Città della Scienza
2025-05-22T08:59:09Z,0,29.942,74.7,63,69.3,6,6,180,78,0.0,255,32767,0.11,2090-9-18,0.0,0.52,26.6,0.0,0.0,0.0,0,4.822265625,6,45,05:40,20:21,2025-05-22 08:59:08.861800,Città della Scienza
2025-05-22T08:59:20Z,0,29.942,74.7,63,69.3,5,6,194,78,0.0,255,32767,0.11,2090-9-18,0.0,0.52,26.6,0.0,0.0,0.0,0,4.822265625,6,45,05:40,20:21,2025-05-22 08:59:19.945751,Città della Scienza
2025-05-22T08:59:31Z,0,29.942,74.7,63,69.3,6,6,188,78,0.0,255,32767,0.11,2090-9-18,0.0,0.52,26.6,0.0,0.0,0.0,0,4.822265625,6,45,05:40,20:21,2025-05-22 08:59:31.009789,Città della Scienza
2025-05-22T08:59:42Z,0,29.944,74.7,63,69.4,7,5,183,78,0.0,255,32767,0.11,2090-9-18,0.0,0.52,26.6,0.0,0.0,0.0,0,4.822265625,6,45,05:40,20:21,2025-05-22 08:59:42.121800,Città della Scienza
2025-05-22T08:59:53Z,0,29.944,74.7,63,69.4,10,5,194,78,0.0,255,32767,0.11,2090-9-18,0.0,0.52,26.6,0.0,0.0,0.0,0,4.822265625,6,45,05:40,20:21,2025-05-22 08:59:53.223817,Città della Scienza
2025-05-22T09:00:04Z,0,29.944,74.7,63,69.4,8,5,172,78,0.0,255,32767,0.11,2090-9-18,0.0,0.52,26.6,0.0,0.0,0.0,0,4.822265625,6,45,05:40,20:21,2025-05-22 09:00:04.309789,Città della Scienza,72.7,6.054039,7.962672,5.685988,4.496814,EU EEA Common AQI,72.1,5.6210175,6.1791506,7200,5.0434785,100,100,64.8,5.101449,Very Low,71.4,4.548771,100,1747903500,Very Low,4.5487905,7.202952,Very Low,7.379162,62.1,7.130435,100,1747903500,6.3768115
2025-05-22T09:00:15Z,0,29.944,74.7,63,69.3,3,5,211,77,0.0,255,32767,0.11,2090-9-18,0.0,0.52,26.6,0.0,0.0,0.0,0,4.822265625,6,45,05:40,20:21,2025-05-22 09:00:15.407793,Città della Scienza,72.7,6.054039,7.962672,5.685988,4.496814,EU EEA Common AQI,72.1,5.6210175,6.1791506,7200,5.0434785,100,100,64.8,5.101449,Very Low,71.4,4.548771,100,1747903500,Very Low,4.5487905,7.202952,Very Low,7.379162,62.1,7.130435,100,1747903500,6.3768115
2025-05-22T09:00:26Z,0,29.944,74.7,63,69.3,5,5,201,77,0.0,255,32767,0.11,2090-9-18,0.0,0.52,26.6,0.0,0.0,0.0,0,4.822265625,6,45,05:40,20:21,2025-05-22 09:00:26.555798,Città della Scienza,73.5,6.337378,7.9832883,6.3419604,4.6473465,EU EEA Common AQI,72.5,5.8091836,6.2123613,7200,5.8405795,100,100,65.2,5.5304346,Very Low,71.6,4.8155837,100,1747904400,Very Low,5.0735683,7.383997,Very Low,8.012221,62.7,8.405797,100,1747904400,6.9130435
2025-05-22T09:00:37Z,0,29.941,74.7,63,69.3,8,6,211,77,0.0,255,32767,0.11,2090-9-18,0.0,0.52,26.6,0.0,0.0,0.0,0,4.822265625,6,45,05:40,20:21,2025-05-22 09:00:37.677817,Città della Scienza,73.5,6.337378,7.9832883,6.3419604,4.6473465,EU EEA Common AQI,72.5,5.8091836,6.2123613,7200,5.8405795,100,100,65.2,5.5304346,Very Low,71.6,4.8155837,100,1747904400,Very Low,5.0735683,7.383997,Very Low,8.012221,62.7,8.405797,100,1747904400,6.9130435
2025-05-22T09:00:48Z,0,29.941,74.7,63,69.3,6,6,157,77,0.0,255,32767,0.11,2090-9-18,0.0,0.52,26.6,0.0,0.0,0.0,0,4.822265625,6,45,05:40,20:21,2025-05-22 09:00:48.787807,Città della Scienza,73.5,6.337378,7.9832883,6.3419604,4.6473465,EU EEA Common AQI,72.5,5.8091836,6.2123613,7200,5.8405795,100,100,65.2,5.5304346,Very Low,71.6,4.8155837,100,1747904400,Very Low,5.0735683,7.383997,Very Low,8.012221,62.7,8.405797,100,1747904400,6.9130435
2025-05-22T09:01:00Z,0,29.941,74.7,63,69.3,5,6,189,77,0.0,255,32767,0.11,2090-9-18,0.0,0.52,26.6,0.0,0.0,0.0,0,4.822265625,6,45,05:40,20:21,2025-05-22 09:00:59.903757,Città della Scienza,73.5,6.337378,7.9832883,6.3419604,4.6473465,EU EEA Common AQI,72.5,5.8091836,6.2123613,7200,5.8405795,100,100,65.2,5.5304346,Very Low,71.6,4.8155837,100,1747904400,Very Low,5.0735683,7.383997,Very Low,8.012221,62.7,8.405797,100,1747904400,6.9130435
2025-05-22T09:01:11Z,0,29.941,74.7,63,69.3,4,6,191,77,0.0,255,32767,0.11,2090-9-18,0.0,0.52,26.6,0.0,0.0,0.0,0,4.822265625,6,45,05:40,20:21,2025-05-22 09:01:11.037792,Città della Scienza,73.5,6.337378,7.9832883,6.3419604,4.6473465,EU EEA Common AQI,72.5,5.8091836,6.2123613,7200,5.8405795,100,100,65.2,5.5304346,Very Low,71.6,4.8155837,100,1747904400,Very Low,5.0735683,7.383997,Very Low,8.012221,62.7,8.405797,100,1747904400,6.9130435
2025-05-22T09:01:22Z,0,29.941,74.7,63,69.2,3,6,181,77,0.0,255,32767,0.11,2090-9-18,0.0,0.52,26.6,0.0,0.0,0.0,0,4.822265625,6,45,05:40,20:21,2025-05-22 09:01:22.178809,Città della Scienza,73.5,6.337378,7.9832883,6.3419604,4.6473465,EU EEA Common AQI,72.5,5.8091836,6.2123613,7200,5.8405795,100,100,65.2,5.5304346,Very Low,71.6,4.8155837,100,1747904400,Very Low,5.0735683,7.383997,Very Low,8.012221,62.7,8.405797,100,1747904400,6.9130435
2025-05-22T09:01:33Z,0,29.941,74.7,63,69.2,6,6,194,77,0.0,255,32767,0.11,2090-9-18,0.0,0.52,26.6,0.0,0.0,0.0,0,4.822265625,6,45,05:40,20:21,2025-05-22 09:01:33.443800,Città della Scienza,73.5,6.337378,7.9832883,6.3419604,4.6473465,EU EEA Common AQI,72.5,5.8091836,6.2123613,7200,5.8405795,100,100,65.2,5.5304346,Very Low,71.6,4.8155837,100,1747904400,Very Low,5.0735683,7.383997,Very Low,8.012221,62.7,8.405797,100,1747904400,6.9130435
2025-05-22T09:01:44Z,0,29.942,74.7,63,69.2,7,6,184,77,0.0,255,32767,0.11,2090-9-18,0.0,0.52,26.6,0.0,0.0,0.0,0,4.822265625,6,45,05:40,20:21,2025-05-22 09:01:44.607811,Città della Scienza,73.5,6.337378,7.9832883,6.3419604,4.6473465,EU EEA Common AQI,72.5,5.8091836,6.2123613,7200,5.8405795,100,100,65.2,5.5304346,Very Low,71.6,4.8155837,100,1747904400,Very Low,5.0735683,7.383997,Very Low,8.012221,62.7,8.405797,100,1747904400,6.9130435
2025-05-22T09:01:55Z,0,29.942,74.7,63,69.2,6,6,173,77,0.0,255,32767,0.11,2090-9-18,0.0,0.52,26.6,0.0,0.0,0.0,0,4.822265625,6,45,05:40,20:21,2025-05-22 09:01:55.704802,Città della Scienza,73.5,6.337378,7.9832883,6.3419604,4.6473465,EU EEA Common AQI,72.5,5.8091836,6.2123613,7200,5.8405795,100,100,65.2,5.5304346,Very Low,71.6,4.8155837,100,1747904400,Very Low,5.0735683,7.383997,Very Low,8.012221,62.7,8.405797,100,1747904400,6.9130435
2025-05-22T09:02:07Z,0,29.942,74.7,63,69.2,5,6,168,77,0.0,255,32767,0.11,2090-9-18,0.0,0.52,26.6,0.0,0.0,0.0,0,4.822265625,6,45,05:40,20:21,2025-05-22 09:02:06.830788,Città della Scienza,73.5,6.337378,7.9832883,6.3419604,4.6473465,EU EEA Common AQI,72.5,5.8091836,6.2123613,7200,5.8405795,100,100,65.2,5.5304346,Very Low,71.6,4.8155837,100,1747904400,Very Low,5.0735683,7.383997,Very Low,8.012221,62.7,8.405797,100,1747904400,6.9130435
2025-05-22T09:02:18Z,0,29.942,74.7,63,69.2,6,6,178,77,0.0,255,32767,0.11,2090-9-18,0.0,0.52,26.6,0.0,0.0,0.0,0,4.822265625,6,45,05:40,20:21,2025-05-22 09:02:17.990787,Città della Scienza,73.5,6.337378,7.9832883,6.3419604,4.6473465,EU EEA Common AQI,72.5,5.8091836,6.2123613,7200,5.8405795,100,100,65.2,5.5304346,Very Low,71.6,4.8155837,100,1747904400,Very Low,5.0735683,7.383997,Very Low,8.012221,62.7,8.405797,100,1747904400,6.9130435
2025-05-22T09:02:29Z,0,29.942,74.7,63,69.2,5,6,182,77,0.0,255,32767,0.11,2090-9-18,0.0,0.52,26.6,0.0,0.0,0.0,0,4.822265625,6,45,05:40,20:21,2025-05-22 09:02:29.106797,Città della Scienza,73.5,6.337378,7.9832883,6.3419604,4.6473465,EU EEA Common AQI,72.5,5.8091836,6.2123613,7200,5.8405795,100,100,65.2,5.5304346,Very Low,71.6,4.8155837,100,1747904400,Very Low,5.0735683,7.383997,Very Low,8.012221,62.7,8.405797,100,1747904400,6.9130435
2025-05-22T09:02:40Z,0,29.941,74.7,63,69.2,4,6,171,77,0.0,255,32767,0.11,2090-9-18,0.0,0.52,26.6,0.0,0.0,0.0,0,4.822265625,6,45,05:40,20:21,2025-05-22 09:02:40.178779,Città della Scienza,73.5,6.337378,7.9832883,6.3419604,4.6473465,EU EEA Common AQI,72.5,5.8091836,6.2123613,7200,5.8405795,100,100,65.2,5.5304346,Very Low,71.6,4.8155837,100,1747904400,Very Low,5.0735683,7.383997,Very Low,8.012221,62.7,8.405797,100,1747904400,6.9130435
2025-05-22T09:02:51Z,0,29.941,74.7,63,69.2,9,6,191,77,0.0,255,32767,0.11,2090-9-18,0.0,0.52,26.6,0.0,0.0,0.0,0,4.822265625,6,45,05:40,20:21,2025-05-22 09:02:51.266791,Città della Scienza,73.5,6.337378,7.9832883,6.3419604,4.6473465,EU EEA Common AQI,72.5,5.8091836,6.2123613,7200,5.8405795,100,100,65.2,5.5304346,Very Low,71.6,4.8155837,100,1747904400,Very Low,5.0735683,7.383997,Very Low,8.012221,62.7,8.405797,100,1747904400,6.9130435
2025-05-22T09:03:02Z,0,29.941,74.7,63,69.3,5,6,220,77,0.0,255,32767,0.11,2090-9-18,0.0,0.52,26.6,0.0,0.0,0.0,0,4.822265625,6,45,05:40,20:21,2025-05-22 09:03:02.371806,Città della Scienza,73.5,6.337378,7.9832883,6.3419604,4.6473465,EU EEA Common AQI,72.5,5.8091836,6.2123613,7200,5.8405795,100,100,65.2,5.5304346,Very Low,71.6,4.8155837,100,1747904400,Very Low,5.0735683,7.383997,Very Low,8.012221,62.7,8.405797,100,1747904400,6.9130435
2025-05-22T09:03:13Z,0,29.941,74.7,63,69.3,7,6,185,77,0.0,255,32767,0.11,2090-9-18,0.0,0.52,26.6,0.0,0.0,0.0,0,4.822265625,6,45,05:40,20:21,2025-05-22 09:03:13.614806,Città della Scienza,73.5,6.337378,7.9832883,6.3419604,4.6473465,EU EEA Common AQI,72.5,5.8091836,6.2123613,7200,5.8405795,100,100,65.2,5.5304346,Very Low,71.6,4.8155837,100,1747904400,Very Low,5.0735683,7.383997,Very Low,8.012221,62.7,8.405797,100,1747904400,6.9130435
2025-05-22T09:03:24Z,0,29.941,74.7,63,69.3,5,6,163,77,0.0,255,32767,0.11,2090-9-18,0.0,0.52,26.6,0.0,0.0,0.0,0,4.822265625,6,45,05:40,20:21,2025-05-22 09:03:24.704795,Città della Scienza,73.5,6.337378,7.9832883,6.3419604,4.6473465,EU EEA Common AQI,72.5,5.8091836,6.2123613,7200,5.8405795,100,100,65.2,5.5304346,Very Low,71.6,4.8155837,100,1747904400,Very Low,5.0735683,7.383997,Very Low,8.012221,62.7,8.405797,100,1747904400,6.9130435
2025-05-22T09:03:36Z,0,29.941,74.7,63,69.3,4,6,163,77,0.0,255,32767,0.11,2090-9-18,0.0,0.52,26.6,0.0,0.0,0.0,0,4.822265625,6,45,05:40,20:21,2025-05-22 09:03:35.804791,Città della Scienza,73.5,6.337378,7.9832883,6.3419604,4.6473465,EU EEA Common AQI,72.5,5.8091836,6.2123613,7200,5.8405795,100,100,65.2,5.5304346,Very Low,71.6,4.8155837,100,1747904400,Very Low,5.0735683,7.383997,Very Low,8.012221,62.7,8.405797,100,1747904400,6.9130435
2025-05-22T09:03:47Z,0,29.941,74.7,63,69.3,5,6,191,77,0.0,255,32767,0.11,2090-9-18,0.0,0.52,26.6,0.0,0.0,0.0,0,4.822265625,6,45,05:40,20:21,2025-05-22 09:03:46.886803,Città della Scienza,73.5,6.337378,7.9832883,6.3419604,4.6473465,EU EEA Common AQI,72.5,5.8091836,6.2123613,7200,5.8405795,100,100,65.2,5.5304346,Very Low,71.6,4.8155837,100,1747904400,Very Low,5.0735683,7.383997,Very Low,8.012221,62.7,8.405797,100,1747904400,6.9130435
2025-05-22T09:03:58Z,0,29.941,74.7,63,69.3,8,6,158,77,0.0,255,32767,0.11,2090-9-18,0.0,0.52,26.6,0.0,0.0,0.0,0,4.822265625,6,45,05:40,20:21,2025-05-22 09:03:57.983795,Città della Scienza,73.5,6.337378,7.9832883,6.3419604,4.6473465,EU EEA Common AQI,72.5,5.8091836,6.2123613,7200,5.8405795,100,100,65.2,5.5304346,Very Low,71.6,4.8155837,100,1747904400,Very Low,5.0735683,7.383997,Very Low,8.012221,62.7,8.405797,100,1747904400,6.9130435
2025-05-22T09:04:09Z,0,29.941,74.7,63,69.3,7,6,156,77,0.0,255,32767,0.11,2090-9-18,0.0,0.52,26.6,0.0,0.0,0.0,0,4.822265625,6,45,05:40,20:21,2025-05-22 09:04:09.074757,Città della Scienza,73.5,6.337378,7.9832883,6.3419604,4.6473465,EU EEA Common AQI,72.5,5.8091836,6.2123613,7200,5.8405795,100,100,65.2,5.5304346,Very Low,71.6,4.8155837,100,1747904400,Very Low,5.0735683,7.383997,Very Low,8.012221,62.7,8.405797,100,1747904400,6.9130435
2025-05-22T09:04:20Z,0,29.941,74.7,63,69.2,6,6,175,77,0.0,255,32767,0.11,2090-9-18,0.0,0.52,26.6,0.0,0.0,0.0,0,4.822265625,6,45,05:40,20:21,2025-05-22 09:04:20.224812,Città della Scienza,73.5,6.337378,7.9832883,6.3419604,4.6473465,EU EEA Common AQI,72.5,5.8091836,6.2123613,7200,5.8405795,100,100,65.2,5.5304346,Very Low,71.6,4.8155837,100,1747904400,Very Low,5.0735683,7.383997,Very Low,8.012221,62.7,8.405797,100,1747904400,6.9130435
2025-05-22T09:04:31Z,0,29.941,74.7,63,69.2,4,6,165,77,0.0,255,32767,0.11,2090-9-18,0.0,0.52,26.6,0.0,0.0,0.0,0,4.822265625,6,45,05:40,20:21,2025-05-22 09:04:31.317791,Città della Scienza,73.5,6.337378,7.9832883,6.3419604,4.6473465,EU EEA Common AQI,72.5,5.8091836,6.2123613,7200,5.8405795,100,100,65.2,5.5304346,Very Low,71.6,4.8155837,100,1747904400,Very Low,5.0735683,7.383997,Very Low,8.012221,62.7,8.405797,100,1747904400,6.9130435
2025-05-22T09:04:42Z,0,29.941,74.8,63,69.2,6,6,161,77,0.0,255,32767,0.11,2090-9-18,0.0,0.52,26.6,0.0,0.0,0.0,0,4.822265625,6,45,05:40,20:21,2025-05-22 09:04:42.396802,Città della Scienza,73.5,6.337378,7.9832883,6.3419604,4.6473465,EU EEA Common AQI,72.5,5.8091836,6.2123613,7200,5.8405795,100,100,65.2,5.5304346,Very Low,71.6,4.8155837,100,1747904400,Very Low,5.0735683,7.383997,Very Low,8.012221,62.7,8.405797,100,1747904400,6.9130435
2025-05-22T09:04:53Z,0,29.941,74.8,63,69.2,5,6,177,77,0.0,255,32767,0.11,2090-9-18,0.0,0.52,26.6,0.0,0.0,0.0,0,4.822265625,6,45,05:40,20:21,2025-05-22 09:04:53.467792,Città della Scienza,73.5,6.337378,7.9832883,6.3419604,4.6473465,EU EEA Common AQI,72.5,5.8091836,6.2123613,7200,5.8405795,100,100,65.2,5.5304346,Very Low,71.6,4.8155837,100,1747904400,Very Low,5.0735683,7.383997,Very Low,8.012221,62.7,8.405797,100,1747904400,6.9130435
2025-05-22T09:05:04Z,0,29.941,74.8,63,69.3,4,6,176,77,0.0,255,32767,0.11,2090-9-18,0.0,0.52,26.6,0.0,0.0,0.0,0,4.822265625,6,45,05:40,20:21,2025-05-22 09:05:04.534780,Città della Scienza,73.5,6.337378,7.9832883,6.3419604,4.6473465,EU EEA Common AQI,72.5,5.8091836,6.2123613,7200,5.8405795,100,100,65.2,5.5304346,Very Low,71.6,4.8155837,100,1747904400,Very Low,5.0735683,7.383997,Very Low,8.012221,62.7,8.405797,100,1747904400,6.9130435
2025-05-22T09:05:15Z,0,29.941,74.8,63,69.2,5,6,162,77,0.0,255,32767,0.11,2090-9-18,0.0,0.52,26.6,0.0,0.0,0.0,0,4.822265625,6,45,05:40,20:21,2025-05-22 09:05:15.601801,Città della Scienza,73.5,6.337378,7.9832883,6.3419604,4.6473465,EU EEA Common AQI,72.5,5.8091836,6.2123613,7200,5.8405795,100,100,65.2,5.5304346,Very Low,71.6,4.8155837,100,1747904400,Very Low,5.0735683,7.383997,Very Low,8.012221,62.7,8.405797,100,1747904400,6.9130435
2025-05-22T09:05:26Z,0,29.941,74.8,63,69.2,6,6,171,77,0.0,255,32767,0.11,2090-9-18,0.0,0.52,26.6,0.0,0.0,0.0,0,4.822265625,6,45,05:40,20:21,2025-05-22 09:05:26.714837,Città della Scienza,73.5,6.337378,7.9832883,6.3419604,4.6473465,EU EEA Common AQI,72.5,5.8091836,6.2123613,7200,5.8405795,100,100,65.2,5.5304346,Very Low,71.6,4.8155837,100,1747904400,Very Low,5.0735683,7.383997,Very Low,8.012221,62.7,8.405797,100,1747904400,6.9130435
2025-05-22T09:05:38Z,0,29.942,74.8,63,69.2,5,6,161,77,0.0,255,32767,0.11,2090-9-18,0.0,0.52,26.6,0.0,0.0,0.0,0,4.822265625,6,45,05:40,20:21,2025-05-22 09:05:37.815790,Città della Scienza,73.5,6.337378,7.9832883,6.3419604,4.6473465,EU EEA Common AQI,72.5,5.8091836,6.2123613,7200,5.8405795,100,100,65.2,5.5304346,Very Low,71.6,4.8155837,100,1747904400,Very Low,5.0735683,7.383997,Very Low,8.012221,62.7,8.405797,100,1747904400,6.9130435
2025-05-22T09:05:49Z,0,29.942,74.8,63,69.2,4,6,178,77,0.0,255,32767,0.11,2090-9-18,0.0,0.52,26.6,0.0,0.0,0.0,0,4.822265625,6,45,05:40,20:21,2025-05-22 09:05:48.939790,Città della Scienza,73.5,6.337378,7.9832883,6.3419604,4.6473465,EU EEA Common AQI,72.5,5.8091836,6.2123613,7200,5.8405795,100,100,65.2,5.5304346,Very Low,71.6,4.8155837,100,1747904400,Very Low,5.0735683,7.383997,Very Low,8.012221,62.7,8.405797,100,1747904400,6.9130435
2025-05-22T09:06:00Z,0,29.942,74.8,63,69.2,4,6,189,77,0.0,255,32767,0.11,2090-9-18,0.0,0.52,26.6,0.0,0.0,0.0,0,4.822265625,6,45,05:40,20:21,2025-05-22 09:06:00.023796,Città della Scienza,73.5,6.337378,7.9832883,6.3419604,4.6473465,EU EEA Common AQI,72.5,5.8091836,6.2123613,7200,5.8405795,100,100,65.2,5.5304346,Very Low,71.6,4.8155837,100,1747904400,Very Low,5.0735683,7.383997,Very Low,8.012221,62.7,8.405797,100,1747904400,6.9130435
2025-05-22T09:06:11Z,0,29.942,74.8,63,69.1,6,6,182,77,0.0,255,32767,0.11,2090-9-18,0.0,0.52,26.6,0.0,0.0,0.0,0,4.822265625,6,45,05:40,20:21,2025-05-22 09:06:11.147795,Città della Scienza,73.5,6.337378,7.9832883,6.3419604,4.6473465,EU EEA Common AQI,72.5,5.8091836,6.2123613,7200,5.8405795,100,100,65.2,5.5304346,Very Low,71.6,4.8155837,100,1747904400,Very Low,5.0735683,7.383997,Very Low,8.012221,62.7,8.405797,100,1747904400,6.9130435
2025-05-22T09:06:22Z,0,29.942,74.8,63,69.1,5,6,184,77,0.0,255,32767,0.11,2090-9-18,0.0,0.52,26.6,0.0,0.0,0.0,0,4.822265625,6,45,05:40,20:21,2025-05-22 09:06:22.250791,Città della Scienza,73.5,6.337378,7.9832883,6.3419604,4.6473465,EU EEA Common AQI,72.5,5.8091836,6.2123613,7200,5.8405795,100,100,65.2,5.5304346,Very Low,71.6,4.8155837,100,1747904400,Very Low,5.0735683,7.383997,Very Low,8.012221,62.7,8.405797,100,1747904400,6.9130435
2025-05-22T09:06:33Z,0,29.942,74.7,63,69.1,5,5,180,77,0.0,255,32767,0.11,2090-9-18,0.0,0.52,26.6,0.0,0.0,0.0,0,4.822265625,6,45,05:40,20:21,2025-05-22 09:06:33.431784,Città della Scienza,73.5,6.337378,7.9832883,6.3419604,4.6473465,EU EEA Common AQI,72.5,5.8091836,6.2123613,7200,5.8405795,100,100,65.2,5.5304346,Very Low,71.6,4.8155837,100,1747904400,Very Low,5.0735683,7.383997,Very Low,8.012221,62.7,8.405797,100,1747904400,6.9130435
2025-05-22T09:06:44Z,0,29.943,74.7,63,69.2,3,5,152,77,0.0,255,32767,0.11,2090-9-18,0.0,0.52,26.6,0.0,0.0,0.0,0,4.822265625,6,45,05:40,20:21,2025-05-22 09:06:44.503784,Città della Scienza,73.5,6.337378,7.9832883,6.3419604,4.6473465,EU EEA Common AQI,72.5,5.8091836,6.2123613,7200,5.8405795,100,100,65.2,5.5304346,Very Low,71.6,4.8155837,100,1747904400,Very Low,5.0735683,7.383997,Very Low,8.012221,62.7,8.405797,100,1747904400,6.9130435
2025-05-22T09:06:55Z,0,29.943,74.7,63,69.1,4,5,165,77,0.0,255,32767,0.11,2090-9-18,0.0,0.52,26.6,0.0,0.0,0.0,0,4.822265625,6,45,05:40,20:21,2025-05-22 09:06:55.596789,Città della Scienza,73.5,6.337378,7.9832883,6.3419604,4.6473465,EU EEA Common AQI,72.5,5.8091836,6.2123613,7200,5.8405795,100,100,65.2,5.5304346,Very Low,71.6,4.8155837,100,1747904400,Very Low,5.0735683,7.383997,Very Low,8.012221,62.7,8.405797,100,1747904400,6.9130435
2025-05-22T09:07:06Z,0,29.943,74.7,63,69.1,6,5,169,77,0.0,255,32767,0.11,2090-9-18,0.0,0.52,26.6,0.0,0.0,0.0,0,4.822265625,6,45,05:40,20:21,2025-05-22 09:07:06.705788,Città della Scienza,73.5,6.337378,7.9832883,6.3419604,4.6473465,EU EEA Common AQI,72.5,5.8091836,6.2123613,7200,5.8405795,100,100,65.2,5.5304346,Very Low,71.6,4.8155837,100,1747904400,Very Low,5.0735683,7.383997,Very Low,8.012221,62.7,8.405797,100,1747904400,6.9130435
2025-05-22T09:07:18Z,0,29.943,74.7,63,69.2,4,5,169,77,0.0,255,32767,0.11,2090-9-18,0.0,0.52,26.6,0.0,0.0,0.0,0,4.822265625,6,45,05:40,20:21,2025-05-22 09:07:17.834790,Città della Scienza,73.5,6.337378,7.9832883,6.3419604,4.6473465,EU EEA Common AQI,72.5,5.8091836,6.2123613,7200,5.8405795,100,100,65.2,5.5304346,Very Low,71.6,4.8155837,100,1747904400,Very Low,5.0735683,7.383997,Very Low,8.012221,62.7,8.405797,100,1747904400,6.9130435
2025-05-22T09:07:29Z,0,29.943,74.7,63,69.1,4,5,171,77,0.0,255,32767,0.11,2090-9-18,0.0,0.52,26.6,0.0,0.0,0.0,0,4.822265625,6,45,05:40,20:21,2025-05-22 09:07:28.956809,Città della Scienza,73.5,6.337378,7.9832883,6.3419604,4.6473465,EU EEA Common AQI,72.5,5.8091836,6.2123613,7200,5.8405795,100,100,65.2,5.5304346,Very Low,71.6,4.8155837,100,1747904400,Very Low,5.0735683,7.383997,Very Low,8.012221,62.7,8.405797,100,1747904400,6.9130435
2025-05-22T09:07:40Z,0,29.941,74.7,63,69.2,5,5,165,77,0.0,255,32767,0.11,2090-9-18,0.0,0.52,26.6,0.0,0.0,0.0,0,4.822265625,6,45,05:40,20:21,2025-05-22 09:07:40.047756,Città della Scienza,73.5,6.337378,7.9832883,6.3419604,4.6473465,EU EEA Common AQI,72.5,5.8091836,6.2123613,7200,5.8405795,100,100,65.2,5.5304346,Very Low,71.6,4.8155837,100,1747904400,Very Low,5.0735683,7.383997,Very Low,8.012221,62.7,8.405797,100,1747904400,6.9130435
2025-05-22T09:07:51Z,0,29.941,74.7,63,69.2,3,5,156,77,0.0,255,32767,0.11,2090-9-18,0.0,0.52,26.6,0.0,0.0,0.0,0,4.822265625,6,45,05:40,20:21,2025-05-22 09:07:51.130809,Città della Scienza,73.5,6.337378,7.9832883,6.3419604,4.6473465,EU EEA Common AQI,72.5,5.8091836,6.2123613,7200,5.8405795,100,100,65.2,5.5304346,Very Low,71.6,4.8155837,100,1747904400,Very Low,5.0735683,7.383997,Very Low,8.012221,62.7,8.405797,100,1747904400,6.9130435
2025-05-22T09:08:02Z,0,29.941,74.7,63,69.2,8,5,159,77,0.0,255,32767,0.11,2090-9-18,0.0,0.52,26.6,0.0,0.0,0.0,0,4.822265625,6,45,05:40,20:21,2025-05-22 09:08:02.220792,Città della Scienza,73.5,6.337378,7.9832883,6.3419604,4.6473465,EU EEA Common AQI,72.5,5.8091836,6.2123613,7200,5.8405795,100,100,65.2,5.5304346,Very Low,71.6,4.8155837,100,1747904400,Very Low,5.0735683,7.383997,Very Low,8.012221,62.7,8.405797,100,1747904400,6.9130435
2025-05-22T09:08:13Z,0,29.941,74.7,63,69.2,4,5,184,78,0.0,255,32767,0.11,2090-9-18,0.0,0.52,26.6,0.0,0.0,0.0,0,4.822265625,6,45,05:40,20:21,2025-05-22 09:08:13.303791,Città della Scienza,73.5,6.337378,7.9832883,6.3419604,4.6473465,EU EEA Common AQI,72.5,5.8091836,6.2123613,7200,5.8405795,100,100,65.2,5.5304346,Very Low,71.6,4.8155837,100,1747904400,Very Low,5.0735683,7.383997,Very Low,8.012221,62.7,8.405797,100,1747904400,6.9130435
2025-05-22T09:08:24Z,0,29.941,74.7,63,69.2,7,5,164,78,0.0,255,32767,0.11,2090-9-18,0.0,0.52,26.6,0.0,0.0,0.0,0,4.822265625,6,45,05:40,20:21,2025-05-22 09:08:24.385814,Città della Scienza,73.5,6.337378,7.9832883,6.3419604,4.6473465,EU EEA Common AQI,72.5,5.8091836,6.2123613,7200,5.8405795,100,100,65.2,5.5304346,Very Low,71.6,4.8155837,100,1747904400,Very Low,5.0735683,7.383997,Very Low,8.012221,62.7,8.405797,100,1747904400,6.9130435
2025-05-22T09:08:35Z,0,29.942,74.7,63,69.2,6,5,162,78,0.0,255,32767,0.11,2090-9-18,0.0,0.52,26.6,0.0,0.0,0.0,0,4.822265625,6,45,05:40,20:21,2025-05-22 09:08:35.495792,Città della Scienza,73.5,6.337378,7.9832883,6.3419604,4.6473465,EU EEA Common AQI,72.5,5.8091836,6.2123613,7200,5.8405795,100,100,65.2,5.5304346,Very Low,71.6,4.8155837,100,1747904400,Very Low,5.0735683,7.383997,Very Low,8.012221,62.7,8.405797,100,1747904400,6.9130435
2025-05-22T09:08:46Z,0,29.942,74.7,63,69.2,6,5,161,78,0.0,255,32767,0.11,2090-9-18,0.0,0.52,26.6,0.0,0.0,0.0,0,4.822265625,6,45,05:40,20:21,2025-05-22 09:08:46.568797,Città della Scienza,73.5,6.337378,7.9832883,6.3419604,4.6473465,EU EEA Common AQI,72.5,5.8091836,6.2123613,7200,5.8405795,100,100,65.2,5.5304346,Very Low,71.6,4.8155837,100,1747904400,Very Low,5.0735683,7.383997,Very Low,8.012221,62.7,8.405797,100,1747904400,6.9130435
2025-05-22T09:08:57Z,0,29.942,74.7,63,69.2,7,5,140,78,0.0,255,32767,0.11,2090-9-18,0.0,0.52,26.6,0.0,0.0,0.0,0,4.822265625,6,45,05:40,20:21,2025-05-22 09:08:57.718799,Città della Scienza,73.5,6.337378,7.9832883,6.3419604,4.6473465,EU EEA Common AQI,72.5,5.8091836,6.2123613,7200,5.8405795,100,100,65.2,5.5304346,Very Low,71.6,4.8155837,100,1747904400,Very Low,5.0735683,7.383997,Very Low,8.012221,62.7,8.405797,100,1747904400,6.9130435
2025-05-22T09:09:09Z,0,29.942,74.7,63,69.2,5,5,171,78,0.0,255,32767,0.11,2090-9-18,0.0,0.52,26.6,0.0,0.0,0.0,0,4.822265625,6,45,05:40,20:21,2025-05-22 09:09:08.814804,Città della Scienza,73.5,6.337378,7.9832883,6.3419604,4.6473465,EU EEA Common AQI,72.5,5.8091836,6.2123613,7200,5.8405795,100,100,65.2,5.5304346,Very Low,71.6,4.8155837,100,1747904400,Very Low,5.0735683,7.383997,Very Low,8.012221,62.7,8.405797,100,1747904400,6.9130435
2025-05-22T09:09:20Z,0,29.942,74.7,63,69.2,6,5,163,78,0.0,255,32767,0.11,2090-9-18,0.0,0.52,26.6,0.0,0.0,0.0,0,4.822265625,6,45,05:40,20:21,2025-05-22 09:09:19.973801,Città della Scienza,73.5,6.337378,7.9832883,6.3419604,4.6473465,EU EEA Common AQI,72.5,5.8091836,6.2123613,7200,5.8405795,100,100,65.2,5.5304346,Very Low,71.6,4.8155837,100,1747904400,Very Low,5.0735683,7.383997,Very Low,8.012221,62.7,8.405797,100,1747904400,6.9130435
2025-05-22T09:09:31Z,0,29.942,74.7,63,69.2,6,5,165,78,0.0,255,32767,0.11,2090-9-18,0.0,0.52,26.6,0.0,0.0,0.0,0,4.822265625,6,45,05:40,20:21,2025-05-22 09:09:31.098802,Città della Scienza,73.5,6.337378,7.9832883,6.3419604,4.6473465,EU EEA Common AQI,72.5,5.8091836,6.2123613,7200,5.8405795,100,100,65.2,5.5304346,Very Low,71.6,4.8155837,100,1747904400,Very Low,5.0735683,7.383997,Very Low,8.012221,62.7,8.405797,100,1747904400,6.9130435
2025-05-22T09:09:42Z,0,29.943,74.7,63,69.3,4,6,175,78,0.0,255,32767,0.11,2090-9-18,0.0,0.52,26.6,0.0,0.0,0.0,0,4.822265625,6,45,05:40,20:21,2025-05-22 09:09:42.180806,Città della Scienza,73.5,6.337378,7.9832883,6.3419604,4.6473465,EU EEA Common AQI,72.5,5.8091836,6.2123613,7200,5.8405795,100,100,65.2,5.5304346,Very Low,71.6,4.8155837,100,1747904400,Very Low,5.0735683,7.383997,Very Low,8.012221,62.7,8.405797,100,1747904400,6.9130435
2025-05-22T09:09:53Z,0,29.943,74.7,63,69.3,8,6,192,78,0.0,255,32767,0.11,2090-9-18,0.0,0.52,26.6,0.0,0.0,0.0,0,4.822265625,6,45,05:40,20:21,2025-05-22 09:09:53.248794,Città della Scienza,73.5,6.337378,7.9832883,6.3419604,4.6473465,EU EEA Common AQI,72.5,5.8091836,6.2123613,7200,5.8405795,100,100,65.2,5.5304346,Very Low,71.6,4.8155837,100,1747904400,Very Low,5.0735683,7.383997,Very Low,8.012221,62.7,8.405797,100,1747904400,6.9130435
2025-05-22T09:10:04Z,0,29.943,74.7,63,69.3,5,6,206,78,0.0,255,32767,0.11,2090-9-18,0.0,0.52,26.6,0.0,0.0,0.0,0,4.822265625,6,45,05:40,20:21,2025-05-22 09:10:04.365799,Città della Scienza,73.5,6.337378,7.9832883,6.3419604,4.6473465,EU EEA Common AQI,72.5,5.8091836,6.2123613,7200,5.8405795,100,100,65.2,5.5304346,Very Low,71.6,4.8155837,100,1747904400,Very Low,5.0735683,7.383997,Very Low,8.012221,62.7,8.405797,100,1747904400,6.9130435
2025-05-22T09:10:15Z,0,29.943,74.7,63,69.3,2,6,346,78,0.0,255,32767,0.11,2090-9-18,0.0,0.52,26.6,0.0,0.0,0.0,0,4.822265625,6,45,05:40,20:21,2025-05-22 09:10:15.486812,Città della Scienza,73.5,6.337378,7.9832883,6.3419604,4.6473465,EU EEA Common AQI,72.5,5.8091836,6.2123613,7200,5.8405795,100,100,65.2,5.5304346,Very Low,71.6,4.8155837,100,1747904400,Very Low,5.0735683,7.383997,Very Low,8.012221,62.7,8.405797,100,1747904400,6.9130435
2025-05-22T09:10:26Z,0,29.943,74.7,63,69.3,4,6,206,78,0.0,255,32767,0.11,2090-9-18,0.0,0.52,26.6,0.0,0.0,0.0,0,4.822265625,6,45,05:40,20:21,2025-05-22 09:10:26.567790,Città della Scienza,73.5,6.337378,7.9832883,6.3419604,4.6473465,EU EEA Common AQI,72.5,5.8091836,6.2123613,7200,5.8405795,100,100,65.2,5.5304346,Very Low,71.6,4.8155837,100,1747904400,Very Low,5.0735683,7.383997,Very Low,8.012221,62.7,8.405797,100,1747904400,6.9130435
2025-05-22T09:10:37Z,0,29.942,74.8,63,69.3,6,5,179,78,0.0,255,32767,0.11,2090-9-18,0.0,0.52,26.6,0.0,0.0,0.0,0,4.822265625,6,45,05:40,20:21,2025-05-22 09:10:37.660794,Città della Scienza,73.5,6.337378,7.9832883,6.3419604,4.6473465,EU EEA Common AQI,72.5,5.8091836,6.2123613,7200,5.8405795,100,100,65.2,5.5304346,Very Low,71.6,4.8155837,100,1747904400,Very Low,5.0735683,7.383997,Very Low,8.012221,62.7,8.405797,100,1747904400,6.9130435
2025-05-22T09:10:48Z,0,29.942,74.8,63,69.3,6,5,169,78,0.0,255,32767,0.11,2090-9-18,0.0,0.52,26.6,0.0,0.0,0.0,0,4.822265625,6,45,05:40,20:21,2025-05-22 09:10:48.763797,Città della Scienza,73.5,6.337378,7.9832883,6.3419604,4.6473465,EU EEA Common AQI,72.5,5.8091836,6.2123613,7200,5.8405795,100,100,65.2,5.5304346,Very Low,71.6,4.8155837,100,1747904400,Very Low,5.0735683,7.383997,Very Low,8.012221,62.7,8.405797,100,1747904400,6.9130435
2025-05-22T09:11:00Z,0,29.942,74.8,63,69.3,6,5,192,78,0.0,255,32767,0.11,2090-9-18,0.0,0.52,26.6,0.0,0.0,0.0,0,4.822265625,6,45,05:40,20:21,2025-05-22 09:10:59.910795,Città della Scienza,73.5,6.337378,7.9832883,6.3419604,4.6473465,EU EEA Common AQI,72.5,5.8091836,6.2123613,7200,5.8405795,100,100,65.2,5.5304346,Very Low,71.6,4.8155837,100,1747904400,Very Low,5.0735683,7.383997,Very Low,8.012221,62.7,8.405797,100,1747904400,6.9130435
2025-05-22T09:11:11Z,0,29.942,74.8,63,69.3,6,5,178,78,0.0,255,32767,0.11,2090-9-18,0.0,0.52,26.6,0.0,0.0,0.0,0,4.822265625,6,45,05:40,20:21,2025-05-22 09:11:11.029795,Città della Scienza,73.5,6.337378,7.9832883,6.3419604,4.6473465,EU EEA Common AQI,72.5,5.8091836,6.2123613,7200,5.8405795,100,100,65.2,5.5304346,Very Low,71.6,4.8155837,100,1747904400,Very Low,5.0735683,7.383997,Very Low,8.012221,62.7,8.405797,100,1747904400,6.9130435
2025-05-22T09:11:22Z,0,29.942,74.8,63,69.3,4,5,198,78,0.0,255,32767,0.11,2090-9-18,0.0,0.52,26.6,0.0,0.0,0.0,0,4.822265625,6,45,05:40,20:21,2025-05-22 09:11:22.153794,Città della Scienza,73.5,6.337378,7.9832883,6.3419604,4.6473465,EU EEA Common AQI,72.5,5.8091836,6.2123613,7200,5.8405795,100,100,65.2,5.5304346,Very Low,71.6,4.8155837,100,1747904400,Very Low,5.0735683,7.383997,Very Low,8.012221,62.7,8.405797,100,1747904400,6.9130435
2025-05-22T09:11:33Z,0,29.942,74.8,63,69.3,4,5,244,78,0.0,255,32767,0.11,2090-9-18,0.0,0.52,26.6,0.0,0.0,0.0,0,4.822265625,6,45,05:40,20:21,2025-05-22 09:11:33.444794,Città della Scienza,73.5,6.337378,7.9832883,6.3419604,4.6473465,EU EEA Common AQI,72.5,5.8091836,6.2123613,7200,5.8405795,100,100,65.2,5.5304346,Very Low,71.6,4.8155837,100,1747904400,Very Low,5.0735683,7.383997,Very Low,8.012221,62.7,8.405797,100,1747904400,6.9130435
2025-05-22T09:11:44Z,0,29.944,74.8,63,69.3,5,5,186,78,0.0,255,32767,0.11,2090-9-18,0.0,0.52,26.6,0.0,0.0,0.0,0,4.822265625,6,45,05:40,20:21,2025-05-22 09:11:44.547792,Città della Scienza,73.5,6.337378,7.9832883,6.3419604,4.6473465,EU EEA Common AQI,72.5,5.8091836,6.2123613,7200,5.8405795,100,100,65.2,5.5304346,Very Low,71.6,4.8155837,100,1747904400,Very Low,5.0735683,7.383997,Very Low,8.012221,62.7,8.405797,100,1747904400,6.9130435
2025-05-22T09:11:55Z,0,29.944,74.8,63,69.3,5,5,193,78,0.0,255,32767,0.11,2090-9-18,0.0,0.52,26.6,0.0,0.0,0.0,0,4.822265625,6,45,05:40,20:21,2025-05-22 09:11:55.652808,Città della Scienza,73.5,6.337378,7.9832883,6.3419604,4.6473465,EU EEA Common AQI,72.5,5.8091836,6.2123613,7200,5.8405795,100,100,65.2,5.5304346,Very Low,71.6,4.8155837,100,1747904400,Very Low,5.0735683,7.383997,Very Low,8.012221,62.7,8.405797,100,1747904400,6.9130435
2025-05-22T09:12:06Z,0,29.944,74.8,63,69.3,3,5,217,78,0.0,255,32767,0.11,2090-9-18,0.0,0.52,26.6,0.0,0.0,0.0,0,4.822265625,6,45,05:40,20:21,2025-05-22 09:12:06.735807,Città della Scienza,73.5,6.337378,7.9832883,6.3419604,4.6473465,EU EEA Common AQI,72.5,5.8091836,6.2123613,7200,5.8405795,100,100,65.2,5.5304346,Very Low,71.6,4.8155837,100,1747904400,Very Low,5.0735683,7.383997,Very Low,8.012221,62.7,8.405797,100,1747904400,6.9130435
2025-05-22T09:12:18Z,0,29.944,74.8,63,69.3,4,5,210,78,0.0,255,32767,0.11,2090-9-18,0.0,0.52,26.6,0.0,0.0,0.0,0,4.822265625,6,45,05:40,20:21,2025-05-22 09:12:17.862800,Città della Scienza,73.5,6.337378,7.9832883,6.3419604,4.6473465,EU EEA Common AQI,72.5,5.8091836,6.2123613,7200,5.8405795,100,100,65.2,5.5304346,Very Low,71.6,4.8155837,100,1747904400,Very Low,5.0735683,7.383997,Very Low,8.012221,62.7,8.405797,100,1747904400,6.9130435
2025-05-22T09:12:29Z,0,29.944,74.8,63,69.3,6,5,180,78,0.0,255,32767,0.11,2090-9-18,0.0,0.52,26.6,0.0,0.0,0.0,0,4.822265625,6,45,05:40,20:21,2025-05-22 09:12:28.979793,Città della Scienza,73.5,6.337378,7.9832883,6.3419604,4.6473465,EU EEA Common AQI,72.5,5.8091836,6.2123613,7200,5.8405795,100,100,65.2,5.5304346,Very Low,71.6,4.8155837,100,1747904400,Very Low,5.0735683,7.383997,Very Low,8.012221,62.7,8.405797,100,1747904400,6.9130435
2025-05-22T09:12:40Z,0,29.942,74.8,63,69.3,4,5,192,78,0.0,255,32767,0.11,2090-9-18,0.0,0.52,26.6,0.0,0.0,0.0,0,4.822265625,6,45,05:40,20:21,2025-05-22 09:12:40.075797,Città della Scienza,73.5,6.337378,7.9832883,6.3419604,4.6473465,EU EEA Common AQI,72.5,5.8091836,6.2123613,7200,5.8405795,100,100,65.2,5.5304346,Very Low,71.6,4.8155837,100,1747904400,Very Low,5.0735683,7.383997,Very Low,8.012221,62.7,8.405797,100,1747904400,6.9130435
2025-05-22T09:12:51Z,0,29.942,74.8,63,69.4,5,5,180,78,0.0,255,32767,0.11,2090-9-18,0.0,0.52,26.6,0.0,0.0,0.0,0,4.822265625,6,45,05:40,20:21,2025-05-22 09:12:51.180796,Città della Scienza,73.5,6.337378,7.9832883,6.3419604,4.6473465,EU EEA Common AQI,72.5,5.8091836,6.2123613,7200,5.8405795,100,100,65.2,5.5304346,Very Low,71.6,4.8155837,100,1747904400,Very Low,5.0735683,7.383997,Very Low,8.012221,62.7,8.405797,100,1747904400,6.9130435
2025-05-22T09:13:02Z,0,29.942,74.8,63,69.4,5,5,180,78,0.0,255,32767,0.11,2090-9-18,0.0,0.52,26.6,0.0,0.0,0.0,0,4.822265625,6,45,05:40,20:21,2025-05-22 09:13:02.271805,Città della Scienza,73.5,6.337378,7.9832883,6.3419604,4.6473465,EU EEA Common AQI,72.5,5.8091836,6.2123613,7200,5.8405795,100,100,65.2,5.5304346,Very Low,71.6,4.8155837,100,1747904400,Very Low,5.0735683,7.383997,Very Low,8.012221,62.7,8.405797,100,1747904400,6.9130435
2025-05-22T09:13:13Z,0,29.942,74.8,63,69.4,2,5,186,78,0.0,255,32767,0.11,2090-9-18,0.0,0.52,26.6,0.0,0.0,0.0,0,4.822265625,6,45,05:40,20:21,2025-05-22 09:13:13.369802,Città della Scienza,73.5,6.337378,7.9832883,6.3419604,4.6473465,EU EEA Common AQI,72.5,5.8091836,6.2123613,7200,5.8405795,100,100,65.2,5.5304346,Very Low,71.6,4.8155837,100,1747904400,Very Low,5.0735683,7.383997,Very Low,8.012221,62.7,8.405797,100,1747904400,6.9130435
2025-05-22T09:13:24Z,0,29.942,74.8,63,69.4,8,5,221,78,0.0,255,32767,0.11,2090-9-18,0.0,0.52,26.6,0.0,0.0,0.0,0,4.822265625,6,45,05:40,20:21,2025-05-22 09:13:24.480797,Città della Scienza,73.5,6.337378,7.9832883,6.3419604,4.6473465,EU EEA Common AQI,72.5,5.8091836,6.2123613,7200,5.8405795,100,100,65.2,5.5304346,Very Low,71.6,4.8155837,100,1747904400,Very Low,5.0735683,7.383997,Very Low,8.012221,62.7,8.405797,100,1747904400,6.9130435
2025-05-22T09:13:35Z,0,29.943,74.8,63,69.4,4,5,169,78,0.0,255,32767,0.11,2090-9-18,0.0,0.52,26.6,0.0,0.0,0.0,0,4.822265625,6,45,05:40,20:21,2025-05-22 09:13:35.638806,Città della Scienza,73.5,6.337378,7.9832883,6.3419604,4.6473465,EU EEA Common AQI,72.5,5.8091836,6.2123613,7200,5.8405795,100,100,65.2,5.5304346,Very Low,71.6,4.8155837,100,1747904400,Very Low,5.0735683,7.383997,Very Low,8.012221,62.7,8.405797,100,1747904400,6.9130435
2025-05-22T09:13:46Z,0,29.943,74.8,63,69.5,5,5,178,78,0.0,255,32767,0.11,2090-9-18,0.0,0.52,26.6,0.0,0.0,0.0,0,4.822265625,6,45,05:40,20:21,2025-05-22 09:13:46.715806,Città della Scienza,73.5,6.337378,7.9832883,6.3419604,4.6473465,EU EEA Common AQI,72.5,5.8091836,6.2123613,7200,5.8405795,100,100,65.2,5.5304346,Very Low,71.6,4.8155837,100,1747904400,Very Low,5.0735683,7.383997,Very Low,8.012221,62.7,8.405797,100,1747904400,6.9130435
2025-05-22T09:13:58Z,0,29.943,74.8,63,69.4,6,5,178,78,0.0,255,32767,0.11,2090-9-18,0.0,0.52,26.6,0.0,0.0,0.0,0,4.822265625,6,45,05:40,20:21,2025-05-22 09:13:57.856792,Città della Scienza,73.5,6.337378,7.9832883,6.3419604,4.6473465,EU EEA Common AQI,72.5,5.8091836,6.2123613,7200,5.8405795,100,100,65.2,5.5304346,Very Low,71.6,4.8155837,100,1747904400,Very Low,5.0735683,7.383997,Very Low,8.012221,62.7,8.405797,100,1747904400,6.9130435
2025-05-22T09:14:09Z,0,29.943,74.8,63,69.4,5,5,146,78,0.0,255,32767,0.11,2090-9-18,0.0,0.52,26.6,0.0,0.0,0.0,0,4.822265625,6,45,05:40,20:21,2025-05-22 09:14:08.963792,Città della Scienza,73.5,6.337378,7.9832883,6.3419604,4.6473465,EU EEA Common AQI,72.5,5.8091836,6.2123613,7200,5.8405795,100,100,65.2,5.5304346,Very Low,71.6,4.8155837,100,1747904400,Very Low,5.0735683,7.383997,Very Low,8.012221,62.7,8.405797,100,1747904400,6.9130435
2025-05-22T09:14:20Z,0,29.943,74.8,63,69.5,2,5,172,78,0.0,255,32767,0.11,2090-9-18,0.0,0.52,26.6,0.0,0.0,0.0,0,4.822265625,6,45,05:40,20:21,2025-05-22 09:14:20.084780,Città della Scienza,73.5,6.337378,7.9832883,6.3419604,4.6473465,EU EEA Common AQI,72.5,5.8091836,6.2123613,7200,5.8405795,100,100,65.2,5.5304346,Very Low,71.6,4.8155837,100,1747904400,Very Low,5.0735683,7.383997,Very Low,8.012221,62.7,8.405797,100,1747904400,6.9130435
2025-05-22T09:14:31Z,0,29.943,74.8,63,69.5,7,5,169,78,0.0,255,32767,0.11,2090-9-18,0.0,0.52,26.6,0.0,0.0,0.0,0,4.822265625,6,45,05:40,20:21,2025-05-22 09:14:31.179801,Città della Scienza,73.5,6.337378,7.9832883,6.3419604,4.6473465,EU EEA Common AQI,72.5,5.8091836,6.2123613,7200,5.8405795,100,100,65.2,5.5304346,Very Low,71.6,4.8155837,100,1747904400,Very Low,5.0735683,7.383997,Very Low,8.012221,62.7,8.405797,100,1747904400,6.9130435
2025-05-22T09:14:42Z,0,29.943,74.8,63,69.5,4,5,154,78,0.0,255,32767,0.11,2090-9-18,0.0,0.52,26.6,0.0,0.0,0.0,0,4.822265625,6,45,05:40,20:21,2025-05-22 09:14:42.303789,Città della Scienza,73.5,6.337378,7.9832883,6.3419604,4.6473465,EU EEA Common AQI,72.5,5.8091836,6.2123613,7200,5.8405795,100,100,65.2,5.5304346,Very Low,71.6,4.8155837,100,1747904400,Very Low,5.0735683,7.383997,Very Low,8.012221,62.7,8.405797,100,1747904400,6.9130435
2025-05-22T09:14:53Z,0,29.943,74.8,63,69.5,3,5,209,78,0.0,255,32767,0.11,2090-9-18,0.0,0.52,26.6,0.0,0.0,0.0,0,4.822265625,6,45,05:40,20:21,2025-05-22 09:14:53.400826,Città della Scienza,73.5,6.337378,7.9832883,6.3419604,4.6473465,EU EEA Common AQI,72.5,5.8091836,6.2123613,7200,5.8405795,100,100,65.2,5.5304346,Very Low,71.6,4.8155837,100,1747904400,Very Low,5.0735683,7.383997,Very Low,8.012221,62.7,8.405797,100,1747904400,6.9130435
2025-05-22T09:15:04Z,0,29.943,74.8,63,69.5,4,5,170,78,0.0,255,32767,0.11,2090-9-18,0.0,0.52,26.6,0.0,0.0,0.0,0,4.822265625,6,45,05:40,20:21,2025-05-22 09:15:04.510793,Città della Scienza,73.5,6.337378,7.9832883,6.3419604,4.6473465,EU EEA Common AQI,72.5,5.8091836,6.2123613,7200,5.8405795,100,100,65.2,5.5304346,Very Low,71.6,4.8155837,100,1747904400,Very Low,5.0735683,7.383997,Very Low,8.012221,62.7,8.405797,100,1747904400,6.9130435
2025-05-22T09:15:15Z,0,29.943,74.8,63,69.6,7,5,158,78,0.0,255,32767,0.11,2090-9-18,0.0,0.52,26.6,0.0,0.0,0.0,0,4.822265625,6,45,05:40,20:21,2025-05-22 09:15:15.633802,Città della Scienza,73.5,6.337378,7.9832883,6.3419604,4.6473465,EU EEA Common AQI,72.5,5.8091836,6.2123613,7200,5.8405795,100,100,65.2,5.5304346,Very Low,71.6,4.8155837,100,1747904400,Very Low,5.0735683,7.383997,Very Low,8.012221,62.7,8.405797,100,1747904400,6.9130435
2025-05-22T09:15:26Z,0,29.943,74.8,63,69.5,7,5,160,78,0.0,255,32767,0.11,2090-9-18,0.0,0.52,26.6,0.0,0.0,0.0,0,4.822265625,6,45,05:40,20:21,2025-05-22 09:15:26.724800,Città della Scienza,73.6,6.603992,8.007068,6.6357536,4.76618,EU EEA Common AQI,72.8,5.9577255,6.248323,7200,5.9428573,100,100,65.5,5.4171424,Very Low,71.9,5.048383,100,1747905300,Very Low,5.3086023,7.5163975,Very Low,8.224059,63.0,7.614286,100,1747905300,6.7714286
2025-05-22T09:15:38Z,0,29.94,74.9,63,69.5,6,5,206,78,0.0,255,32767,0.11,2090-9-18,0.0,0.52,26.6,0.0,0.0,0.0,0,4.822265625,6,45,05:40,20:21,2025-05-22 09:15:37.831756,Città della Scienza,73.6,6.603992,8.007068,6.6357536,4.76618,EU EEA Common AQI,72.8,5.9577255,6.248323,7200,5.9428573,100,100,65.5,5.4171424,Very Low,71.9,5.048383,100,1747905300,Very Low,5.3086023,7.5163975,Very Low,8.224059,63.0,7.614286,100,1747905300,6.7714286
2025-05-22T09:15:49Z,0,29.94,74.9,63,69.5,7,5,153,78,0.0,255,32767,0.11,2090-9-18,0.0,0.52,26.6,0.0,0.0,0.0,0,4.822265625,6,45,05:40,20:21,2025-05-22 09:15:48.984793,Città della Scienza,73.6,6.603992,8.007068,6.6357536,4.76618,EU EEA Common AQI,72.8,5.9577255,6.248323,7200,5.9428573,100,100,65.5,5.4171424,Very Low,71.9,5.048383,100,1747905300,Very Low,5.3086023,7.5163975,Very Low,8.224059,63.0,7.614286,100,1747905300,6.7714286
2025-05-22T09:16:00Z,0,29.94,74.9,63,69.6,5,5,165,78,0.0,255,32767,0.11,2090-9-18,0.0,0.52,26.6,0.0,0.0,0.0,0,4.822265625,6,45,05:40,20:21,2025-05-22 09:16:00.385763,Città della Scienza,73.6,6.603992,8.007068,6.6357536,4.76618,EU EEA Common AQI,72.8,5.9577255,6.248323,7200,5.9428573,100,100,65.5,5.4171424,Very Low,71.9,5.048383,100,1747905300,Very Low,5.3086023,7.5163975,Very Low,8.224059,63.0,7.614286,100,1747905300,6.7714286
2025-05-22T09:16:11Z,0,29.94,74.9,63,69.5,5,5,182,78,0.0,255,32767,0.11,2090-9-18,0.0,0.52,26.6,0.0,0.0,0.0,0,4.822265625,6,45,05:40,20:21,2025-05-22 09:16:11.453822,Città della Scienza,73.6,6.603992,8.007068,6.6357536,4.76618,EU EEA Common AQI,72.8,5.9577255,6.248323,7200,5.9428573,100,100,65.5,5.4171424,Very Low,71.9,5.048383,100,1747905300,Very Low,5.3086023,7.5163975,Very Low,8.224059,63.0,7.614286,100,1747905300,6.7714286
2025-05-22T09:16:22Z,0,29.94,74.9,63,69.5,7,5,195,78,0.0,255,32767,0.11,2090-9-18,0.0,0.52,26.6,0.0,0.0,0.0,0,4.822265625,6,45,05:40,20:21,2025-05-22 09:16:22.539789,Città della Scienza,73.6,6.603992,8.007068,6.6357536,4.76618,EU EEA Common AQI,72.8,5.9577255,6.248323,7200,5.9428573,100,100,65.5,5.4171424,Very Low,71.9,5.048383,100,1747905300,Very Low,5.3086023,7.5163975,Very Low,8.224059,63.0,7.614286,100,1747905300,6.7714286
2025-05-22T09:16:33Z,0,29.944,74.9,63,69.5,5,5,186,78,0.0,255,32767,0.11,2090-9-18,0.0,0.52,26.6,0.0,0.0,0.0,0,4.822265625,6,45,05:40,20:21,2025-05-22 09:16:33.718797,Città della Scienza,73.6,6.603992,8.007068,6.6357536,4.76618,EU EEA Common AQI,72.8,5.9577255,6.248323,7200,5.9428573,100,100,65.5,5.4171424,Very Low,71.9,5.048383,100,1747905300,Very Low,5.3086023,7.5163975,Very Low,8.224059,63.0,7.614286,100,1747905300,6.7714286
2025-05-22T09:16:45Z,0,29.944,74.9,63,69.6,9,5,196,78,0.0,255,32767,0.11,2090-9-18,0.0,0.52,26.6,0.0,0.0,0.0,0,4.822265625,6,45,05:40,20:21,2025-05-22 09:16:44.806805,Città della Scienza,73.6,6.603992,8.007068,6.6357536,4.76618,EU EEA Common AQI,72.8,5.9577255,6.248323,7200,5.9428573,100,100,65.5,5.4171424,Very Low,71.9,5.048383,100,1747905300,Very Low,5.3086023,7.5163975,Very Low,8.224059,63.0,7.614286,100,1747905300,6.7714286
2025-05-22T09:16:56Z,0,29.944,74.9,63,69.6,4,5,120,78,0.0,255,32767,0.11,2090-9-18,0.0,0.52,26.6,0.0,0.0,0.0,0,4.822265625,6,45,05:40,20:21,2025-05-22 09:16:56.004802,Città della Scienza,73.6,6.603992,8.007068,6.6357536,4.76618,EU EEA Common AQI,72.8,5.9577255,6.248323,7200,5.9428573,100,100,65.5,5.4171424,Very Low,71.9,5.048383,100,1747905300,Very Low,5.3086023,7.5163975,Very Low,8.224059,63.0,7.614286,100,1747905300,6.7714286
2025-05-22T09:17:07Z,0,29.944,74.9,63,69.6,9,5,177,78,0.0,255,32767,0.11,2090-9-18,0.0,0.52,26.6,0.0,0.0,0.0,0,4.822265625,6,45,05:40,20:21,2025-05-22 09:17:07.109799,Città della Scienza,73.6,6.603992,8.007068,6.6357536,4.76618,EU EEA Common AQI,72.8,5.9577255,6.248323,7200,5.9428573,100,100,65.5,5.4171424,Very Low,71.9,5.048383,100,1747905300,Very Low,5.3086023,7.5163975,Very Low,8.224059,63.0,7.614286,100,1747905300,6.7714286
2025-05-22T09:17:18Z,0,29.944,74.9,63,69.6,6,5,174,78,0.0,255,32767,0.11,2090-9-18,0.0,0.52,26.6,0.0,0.0,0.0,0,4.822265625,6,45,05:40,20:21,2025-05-22 09:17:18.222799,Città della Scienza,73.6,6.603992,8.007068,6.6357536,4.76618,EU EEA Common AQI,72.8,5.9577255,6.248323,7200,5.9428573,100,100,65.5,5.4171424,Very Low,71.9,5.048383,100,1747905300,Very Low,5.3086023,7.5163975,Very Low,8.224059,63.0,7.614286,100,1747905300,6.7714286
2025-05-22T09:17:29Z,0,29.944,74.9,63,69.6,4,5,246,78,0.0,255,32767,0.11,2090-9-18,0.0,0.52,26.6,0.0,0.0,0.0,0,4.822265625,6,45,05:40,20:21,2025-05-22 09:17:29.416801,Città della Scienza,73.6,6.603992,8.007068,6.6357536,4.76618,EU EEA Common AQI,72.8,5.9577255,6.248323,7200,5.9428573,100,100,65.5,5.4171424,Very Low,71.9,5.048383,100,1747905300,Very Low,5.3086023,7.5163975,Very Low,8.224059,63.0,7.614286,100,1747905300,6.7714286
2025-05-22T09:17:40Z,0,29.944,74.8,63,69.6,7,5,185,78,0.0,255,32767,0.11,2090-9-18,0.0,0.52,26.6,0.0,0.0,0.0,0,4.822265625,6,45,05:40,20:21,2025-05-22 09:17:40.513796,Città della Scienza,73.6,6.603992,8.007068,6.6357536,4.76618,EU EEA Common AQI,72.8,5.9577255,6.248323,7200,5.9428573,100,100,65.5,5.4171424,Very Low,71.9,5.048383,100,1747905300,Very Low,5.3086023,7.5163975,Very Low,8.224059,63.0,7.614286,100,1747905300,6.7714286
2025-05-22T09:17:51Z,0,29.944,74.8,63,69.6,9,5,173,78,0.0,255,32767,0.11,2090-9-18,0.0,0.52,26.6,0.0,0.0,0.0,0,4.822265625,6,45,05:40,20:21,2025-05-22 09:17:51.633799,Città della Scienza,73.6,6.603992,8.007068,6.6357536,4.76618,EU EEA Common AQI,72.8,5.9577255,6.248323,7200,5.9428573,100,100,65.5,5.4171424,Very Low,71.9,5.048383,100,1747905300,Very Low,5.3086023,7.5163975,Very Low,8.224059,63.0,7.614286,100,1747905300,6.7714286
2025-05-22T09:18:02Z,0,29.944,74.8,63,69.6,5,5,205,78,0.0,255,32767,0.11,2090-9-18,0.0,0.52,26.6,0.0,0.0,0.0,0,4.822265625,6,45,05:40,20:21,2025-05-22 09:18:02.764796,Città della Scienza,73.6,6.603992,8.007068,6.6357536,4.76618,EU EEA Common AQI,72.8,5.9577255,6.248323,7200,5.9428573,100,100,65.5,5.4171424,Very Low,71.9,5.048383,100,1747905300,Very Low,5.3086023,7.5163975,Very Low,8.224059,63.0,7.614286,100,1747905300,6.7714286
2025-05-22T09:18:14Z,0,29.944,74.8,63,69.6,8,5,182,78,0.0,255,32767,0.11,2090-9-18,0.0,0.52,26.6,0.0,0.0,0.0,0,4.822265625,6,45,05:40,20:21,2025-05-22 09:18:13.849796,Città della Scienza,73.6,6.603992,8.007068,6.6357536,4.76618,EU EEA Common AQI,72.8,5.9577255,6.248323,7200,5.9428573,100,100,65.5,5.4171424,Very Low,71.9,5.048383,100,1747905300,Very Low,5.3086023,7.5163975,Very Low,8.224059,63.0,7.614286,100,1747905300,6.7714286
2025-05-22T09:18:25Z,0,29.944,74.8,63,69.6,8,5,180,78,0.0,255,32767,0.11,2090-9-18,0.0,0.52,26.6,0.0,0.0,0.0,0,4.822265625,6,45,05:40,20:21,2025-05-22 09:18:24.974791,Città della Scienza,73.6,6.603992,8.007068,6.6357536,4.76618,EU EEA Common AQI,72.8,5.9577255,6.248323,7200,5.9428573,100,100,65.5,5.4171424,Very Low,71.9,5.048383,100,1747905300,Very Low,5.3086023,7.5163975,Very Low,8.224059,63.0,7.614286,100,1747905300,6.7714286
2025-05-22T09:18:36Z,0,29.946,74.9,63,69.6,8,6,187,78,0.0,255,32767,0.11,2090-9-18,0.0,0.52,26.6,0.0,0.0,0.0,0,4.822265625,6,45,05:40,20:21,2025-05-22 09:18:36.065790,Città della Scienza,73.6,6.603992,8.007068,6.6357536,4.76618,EU EEA Common AQI,72.8,5.9577255,6.248323,7200,5.9428573,100,100,65.5,5.4171424,Very Low,71.9,5.048383,100,1747905300,Very Low,5.3086023,7.5163975,Very Low,8.224059,63.0,7.614286,100,1747905300,6.7714286
2025-05-22T09:18:47Z,0,29.946,74.9,63,69.6,7,6,207,77,0.0,255,32767,0.11,2090-9-18,0.0,0.52,26.6,0.0,0.0,0.0,0,4.822265625,6,45,05:40,20:21,2025-05-22 09:18:47.168788,Città della Scienza,73.6,6.603992,8.007068,6.6357536,4.76618,EU EEA Common AQI,72.8,5.9577255,6.248323,7200,5.9428573,100,100,65.5,5.4171424,Very Low,71.9,5.048383,100,1747905300,Very Low,5.3086023,7.5163975,Very Low,8.224059,63.0,7.614286,100,1747905300,6.7714286
2025-05-22T09:18:58Z,0,29.946,74.9,63,69.6,5,6,202,77,0.0,255,32767,0.11,2090-9-18,0.0,0.52,26.6,0.0,0.0,0.0,0,4.822265625,6,45,05:40,20:21,2025-05-22 09:18:58.279792,Città della Scienza,73.6,6.603992,8.007068,6.6357536,4.76618,EU EEA Common AQI,72.8,5.9577255,6.248323,7200,5.9428573,100,100,65.5,5.4171424,Very Low,71.9,5.048383,100,1747905300,Very Low,5.3086023,7.5163975,Very Low,8.224059,63.0,7.614286,100,1747905300,6.7714286
2025-05-22T09:19:09Z,0,29.946,74.9,63,69.6,7,6,188,77,0.0,255,32767,0.11,2090-9-18,0.0,0.52,26.6,0.0,0.0,0.0,0,4.822265625,6,45,05:40,20:21,2025-05-22 09:19:09.349788,Città della Scienza,73.6,6.603992,8.007068,6.6357536,4.76618,EU EEA Common AQI,72.8,5.9577255,6.248323,7200,5.9428573,100,100,65.5,5.4171424,Very Low,71.9,5.048383,100,1747905300,Very Low,5.3086023,7.5163975,Very Low,8.224059,63.0,7.614286,100,1747905300,6.7714286
2025-05-22T09:19:20Z,0,29.946,74.9,63,69.5,4,6,180,77,0.0,255,32767,0.11,2090-9-18,0.0,0.52,26.6,0.0,0.0,0.0,0,4.822265625,6,45,05:40,20:21,2025-05-22 09:19:20.464793,Città della Scienza,73.6,6.603992,8.007068,6.6357536,4.76618,EU EEA Common AQI,72.8,5.9577255,6.248323,7200,5.9428573,100,100,65.5,5.4171424,Very Low,71.9,5.048383,100,1747905300,Very Low,5.3086023,7.5163975,Very Low,8.224059,63.0,7.614286,100,1747905300,6.7714286
2025-05-22T09:19:31Z,0,29.946,74.9,63,69.5,5,6,163,77,0.0,255,32767,0.11,2090-9-18,0.0,0.52,26.6,0.0,0.0,0.0,0,4.822265625,6,45,05:40,20:21,2025-05-22 09:19:31.602802,Città della Scienza,73.6,6.603992,8.007068,6.6357536,4.76618,EU EEA Common AQI,72.8,5.9577255,6.248323,7200,5.9428573,100,100,65.5,5.4171424,Very Low,71.9,5.048383,100,1747905300,Very Low,5.3086023,7.5163975,Very Low,8.224059,63.0,7.614286,100,1747905300,6.7714286
2025-05-22T09:19:42Z,0,29.945,74.9,63,69.5,6,6,166,77,0.0,255,32767,0.11,2090-9-18,0.0,0.52,26.6,0.0,0.0,0.0,0,4.822265625,6,45,05:40,20:21,2025-05-22 09:19:42.725761,Città della Scienza,73.6,6.603992,8.007068,6.6357536,4.76618,EU EEA Common AQI,72.8,5.9577255,6.248323,7200,5.9428573,100,100,65.5,5.4171424,Very Low,71.9,5.048383,100,1747905300,Very Low,5.3086023,7.5163975,Very Low,8.224059,63.0,7.614286,100,1747905300,6.7714286
2025-05-22T09:19:54Z,0,29.945,74.9,63,69.5,5,6,182,77,0.0,255,32767,0.11,2090-9-18,0.0,0.52,26.6,0.0,0.0,0.0,0,4.822265625,6,45,05:40,20:21,2025-05-22 09:19:53.830788,Città della Scienza,73.6,6.603992,8.007068,6.6357536,4.76618,EU EEA Common AQI,72.8,5.9577255,6.248323,7200,5.9428573,100,100,65.5,5.4171424,Very Low,71.9,5.048383,100,1747905300,Very Low,5.3086023,7.5163975,Very Low,8.224059,63.0,7.614286,100,1747905300,6.7714286
2025-05-22T09:20:05Z,0,29.945,74.9,63,69.5,4,6,198,77,0.0,255,32767,0.11,2090-9-18,0.0,0.52,26.6,0.0,0.0,0.0,0,4.822265625,6,45,05:40,20:21,2025-05-22 09:20:04.918780,Città della Scienza,73.6,6.603992,8.007068,6.6357536,4.76618,EU EEA Common AQI,72.8,5.9577255,6.248323,7200,5.9428573,100,100,65.5,5.4171424,Very Low,71.9,5.048383,100,1747905300,Very Low,5.3086023,7.5163975,Very Low,8.224059,63.0,7.614286,100,1747905300,6.7714286
2025-05-22T09:20:16Z,0,29.945,74.9,63,69.5,9,6,171,77,0.0,255,32767,0.11,2090-9-18,0.0,0.52,26.6,0.0,0.0,0.0,0,4.822265625,6,45,05:40,20:21,2025-05-22 09:20:16.022786,Città della Scienza,73.6,6.603992,8.007068,6.6357536,4.76618,EU EEA Common AQI,72.8,5.9577255,6.248323,7200,5.9428573,100,100,65.5,5.4171424,Very Low,71.9,5.048383,100,1747905300,Very Low,5.3086023,7.5163975,Very Low,8.224059,63.0,7.614286,100,1747905300,6.7714286
2025-05-22T09:20:27Z,0,29.945,74.9,63,69.5,9,6,196,77,0.0,255,32767,0.11,2090-9-18,0.0,0.52,26.6,0.0,0.0,0.0,0,4.822265625,6,45,05:40,20:21,2025-05-22 09:20:27.155811,Città della Scienza,73.6,6.603992,8.007068,6.6357536,4.76618,EU EEA Common AQI,72.8,5.9577255,6.248323,7200,5.9428573,100,100,65.5,5.4171424,Very Low,71.9,5.048383,100,1747905300,Very Low,5.3086023,7.5163975,Very Low,8.224059,63.0,7.614286,100,1747905300,6.7714286
2025-05-22T09:20:38Z,0,29.946,74.9,63,69.5,6,6,171,77,0.0,255,32767,0.11,2090-9-18,0.0,0.52,26.6,0.0,0.0,0.0,0,4.822265625,6,45,05:40,20:21,2025-05-22 09:20:38.225799,Città della Scienza,73.6,6.603992,8.007068,6.6357536,4.76618,EU EEA Common AQI,72.8,5.9577255,6.248323,7200,5.9428573,100,100,65.5,5.4171424,Very Low,71.9,5.048383,100,1747905300,Very Low,5.3086023,7.5163975,Very Low,8.224059,63.0,7.614286,100,1747905300,6.7714286
2025-05-22T09:20:49Z,0,29.946,74.9,63,69.5,7,6,196,77,0.0,255,32767,0.11,2090-9-18,0.0,0.52,26.6,0.0,0.0,0.0,0,4.822265625,6,45,05:40,20:21,2025-05-22 09:20:49.326788,Città della Scienza,73.6,6.603992,8.007068,6.6357536,4.76618,EU EEA Common AQI,72.8,5.9577255,6.248323,7200,5.9428573,100,100,65.5,5.4171424,Very Low,71.9,5.048383,100,1747905300,Very Low,5.3086023,7.5163975,Very Low,8.224059,63.0,7.614286,100,1747905300,6.7714286
2025-05-22T09:21:00Z,0,29.946,74.9,63,69.4,11,6,186,77,0.0,255,32767,0.11,2090-9-18,0.0,0.52,26.6,0.0,0.0,0.0,0,4.822265625,6,45,05:40,20:21,2025-05-22 09:21:00.429797,Città della Scienza,73.6,6.603992,8.007068,6.6357536,4.76618,EU EEA Common AQI,72.8,5.9577255,6.248323,7200,5.9428573,100,100,65.5,5.4171424,Very Low,71.9,5.048383,100,1747905300,Very Low,5.3086023,7.5163975,Very Low,8.224059,63.0,7.614286,100,1747905300,6.7714286
2025-05-22T09:21:11Z,0,29.946,74.9,63,69.4,11,6,178,77,0.0,255,32767,0.11,2090-9-18,0.0,0.52,26.6,0.0,0.0,0.0,0,4.822265625,6,45,05:40,20:21,2025-05-22 09:21:11.565802,Città della Scienza,73.6,6.603992,8.007068,6.6357536,4.76618,EU EEA Common AQI,72.8,5.9577255,6.248323,7200,5.9428573,100,100,65.5,5.4171424,Very Low,71.9,5.048383,100,1747905300,Very Low,5.3086023,7.5163975,Very Low,8.224059,63.0,7.614286,100,1747905300,6.7714286
2025-05-22T09:21:22Z,0,29.946,74.9,63,69.4,7,6,198,77,0.0,255,32767,0.11,2090-9-18,0.0,0.52,26.6,0.0,0.0,0.0,0,4.822265625,6,45,05:40,20:21,2025-05-22 09:21:22.674810,Città della Scienza,73.6,6.603992,8.007068,6.6357536,4.76618,EU EEA Common AQI,72.8,5.9577255,6.248323,7200,5.9428573,100,100,65.5,5.4171424,Very Low,71.9,5.048383,100,1747905300,Very Low,5.3086023,7.5163975,Very Low,8.224059,63.0,7.614286,100,1747905300,6.7714286
2025-05-22T09:21:34Z,0,29.944,74.9,63,69.4,4,6,53,77,0.0,255,32767,0.11,2090-9-18,0.0,0.52,26.6,0.0,0.0,0.0,0,4.822265625,6,45,05:40,20:21,2025-05-22 09:21:33.815808,Città della Scienza,73.6,6.603992,8.007068,6.6357536,4.76618,EU EEA Common AQI,72.8,5.9577255,6.248323,7200,5.9428573,100,100,65.5,5.4171424,Very Low,71.9,5.048383,100,1747905300,Very Low,5.3086023,7.5163975,Very Low,8.224059,63.0,7.614286,100,1747905300,6.7714286
2025-05-22T09:21:45Z,0,29.944,74.9,63,69.4,4,6,176,77,0.0,255,32767,0.11,2090-9-18,0.0,0.52,26.6,0.0,0.0,0.0,0,4.822265625,6,45,05:40,20:21,2025-05-22 09:21:44.923800,Città della Scienza,73.6,6.603992,8.007068,6.6357536,4.76618,EU EEA Common AQI,72.8,5.9577255,6.248323,7200,5.9428573,100,100,65.5,5.4171424,Very Low,71.9,5.048383,100,1747905300,Very Low,5.3086023,7.5163975,Very Low,8.224059,63.0,7.614286,100,1747905300,6.7714286
2025-05-22T09:21:56Z,0,29.944,74.9,63,69.4,4,6,153,77,0.0,255,32767,0.11,2090-9-18,0.0,0.52,26.6,0.0,0.0,0.0,0,4.822265625,6,45,05:40,20:21,2025-05-22 09:21:56.007816,Città della Scienza,73.6,6.603992,8.007068,6.6357536,4.76618,EU EEA Common AQI,72.8,5.9577255,6.248323,7200,5.9428573,100,100,65.5,5.4171424,Very Low,71.9,5.048383,100,1747905300,Very Low,5.3086023,7.5163975,Very Low,8.224059,63.0,7.614286,100,1747905300,6.7714286
2025-05-22T09:22:07Z,0,29.944,74.9,63,69.4,5,6,186,78,0.0,255,32767,0.11,2090-9-18,0.0,0.52,26.6,0.0,0.0,0.0,0,4.822265625,6,45,05:40,20:21,2025-05-22 09:22:07.150797,Città della Scienza,73.6,6.603992,8.007068,6.6357536,4.76618,EU EEA Common AQI,72.8,5.9577255,6.248323,7200,5.9428573,100,100,65.5,5.4171424,Very Low,71.9,5.048383,100,1747905300,Very Low,5.3086023,7.5163975,Very Low,8.224059,63.0,7.614286,100,1747905300,6.7714286
2025-05-22T09:22:18Z,0,29.944,74.9,63,69.4,3,6,178,78,0.0,255,32767,0.11,2090-9-18,0.0,0.52,26.6,0.0,0.0,0.0,0,4.822265625,6,45,05:40,20:21,2025-05-22 09:22:18.265792,Città della Scienza,73.6,6.603992,8.007068,6.6357536,4.76618,EU EEA Common AQI,72.8,5.9577255,6.248323,7200,5.9428573,100,100,65.5,5.4171424,Very Low,71.9,5.048383,100,1747905300,Very Low,5.3086023,7.5163975,Very Low,8.224059,63.0,7.614286,100,1747905300,6.7714286
2025-05-22T09:22:29Z,0,29.944,74.9,63,69.4,4,6,178,78,0.0,255,32767,0.11,2090-9-18,0.0,0.52,26.6,0.0,0.0,0.0,0,4.822265625,6,45,05:40,20:21,2025-05-22 09:22:29.385795,Città della Scienza,73.6,6.603992,8.007068,6.6357536,4.76618,EU EEA Common AQI,72.8,5.9577255,6.248323,7200,5.9428573,100,100,65.5,5.4171424,Very Low,71.9,5.048383,100,1747905300,Very Low,5.3086023,7.5163975,Very Low,8.224059,63.0,7.614286,100,1747905300,6.7714286
2025-05-22T09:22:40Z,0,29.945,74.9,63,69.4,6,6,177,78,0.0,255,32767,0.11,2090-9-18,0.0,0.52,26.6,0.0,0.0,0.0,0,4.822265625,6,45,05:40,20:21,2025-05-22 09:22:40.535797,Città della Scienza,73.6,6.603992,8.007068,6.6357536,4.76618,EU EEA Common AQI,72.8,5.9577255,6.248323,7200,5.9428573,100,100,65.5,5.4171424,Very Low,71.9,5.048383,100,1747905300,Very Low,5.3086023,7.5163975,Very Low,8.224059,63.0,7.614286,100,1747905300,6.7714286
2025-05-22T09:23:05Z,0,29.945,74.9,63,69.5,5,6,169,78,0.0,255,32767,0.11,2090-9-18,0.0,0.52,26.6,0.0,0.0,0.0,0,4.822265625,6,45,05:40,20:21,2025-05-22 09:23:05.208788,Città della Scienza,73.6,6.603992,8.007068,6.6357536,4.76618,EU EEA Common AQI,72.8,5.9577255,6.248323,7200,5.9428573,100,100,65.5,5.4171424,Very Low,71.9,5.048383,100,1747905300,Very Low,5.3086023,7.5163975,Very Low,8.224059,63.0,7.614286,100,1747905300,6.7714286
2025-05-22T09:23:16Z,0,29.945,74.9,63,69.5,4,6,185,78,0.0,255,32767,0.11,2090-9-18,0.0,0.52,26.6,0.0,0.0,0.0,0,4.822265625,6,45,05:40,20:21,2025-05-22 09:23:16.296804,Città della Scienza,73.6,6.603992,8.007068,6.6357536,4.76618,EU EEA Common AQI,72.8,5.9577255,6.248323,7200,5.9428573,100,100,65.5,5.4171424,Very Low,71.9,5.048383,100,1747905300,Very Low,5.3086023,7.5163975,Very Low,8.224059,63.0,7.614286,100,1747905300,6.7714286
2025-05-22T09:23:27Z,0,29.945,74.9,63,69.5,7,6,201,78,0.0,255,32767,0.11,2090-9-18,0.0,0.52,26.6,0.0,0.0,0.0,0,4.822265625,6,45,05:40,20:21,2025-05-22 09:23:27.393808,Città della Scienza,73.6,6.603992,8.007068,6.6357536,4.76618,EU EEA Common AQI,72.8,5.9577255,6.248323,7200,5.9428573,100,100,65.5,5.4171424,Very Low,71.9,5.048383,100,1747905300,Very Low,5.3086023,7.5163975,Very Low,8.224059,63.0,7.614286,100,1747905300,6.7714286
2025-05-22T09:23:38Z,0,29.945,75.0,63,69.5,10,6,188,78,0.0,255,32767,0.11,2090-9-18,0.0,0.52,26.6,0.0,0.0,0.0,0,4.822265625,6,45,05:40,20:21,2025-05-22 09:23:38.495792,Città della Scienza,73.6,6.603992,8.007068,6.6357536,4.76618,EU EEA Common AQI,72.8,5.9577255,6.248323,7200,5.9428573,100,100,65.5,5.4171424,Very Low,71.9,5.048383,100,1747905300,Very Low,5.3086023,7.5163975,Very Low,8.224059,63.0,7.614286,100,1747905300,6.7714286
2025-05-22T09:23:49Z,0,29.945,75.0,63,69.5,9,6,199,78,0.0,255,32767,0.11,2090-9-18,0.0,0.52,26.6,0.0,0.0,0.0,0,4.822265625,6,45,05:40,20:21,2025-05-22 09:23:49.587797,Città della Scienza,73.6,6.603992,8.007068,6.6357536,4.76618,EU EEA Common AQI,72.8,5.9577255,6.248323,7200,5.9428573,100,100,65.5,5.4171424,Very Low,71.9,5.048383,100,1747905300,Very Low,5.3086023,7.5163975,Very Low,8.224059,63.0,7.614286,100,1747905300,6.7714286
2025-05-22T09:24:00Z,0,29.945,75.0,63,69.5,5,6,223,78,0.0,255,32767,0.11,2090-9-18,0.0,0.52,26.6,0.0,0.0,0.0,0,4.822265625,6,45,05:40,20:21,2025-05-22 09:24:00.680760,Città della Scienza,73.6,6.603992,8.007068,6.6357536,4.76618,EU EEA Common AQI,72.8,5.9577255,6.248323,7200,5.9428573,100,100,65.5,5.4171424,Very Low,71.9,5.048383,100,1747905300,Very Low,5.3086023,7.5163975,Very Low,8.224059,63.0,7.614286,100,1747905300,6.7714286
2025-05-22T09:24:12Z,0,29.945,75.0,63,69.5,9,6,181,78,0.0,255,32767,0.11,2090-9-18,0.0,0.52,26.6,0.0,0.0,0.0,0,4.822265625,6,45,05:40,20:21,2025-05-22 09:24:11.811810,Città della Scienza,73.6,6.603992,8.007068,6.6357536,4.76618,EU EEA Common AQI,72.8,5.9577255,6.248323,7200,5.9428573,100,100,65.5,5.4171424,Very Low,71.9,5.048383,100,1747905300,Very Low,5.3086023,7.5163975,Very Low,8.224059,63.0,7.614286,100,1747905300,6.7714286
2025-05-22T09:24:23Z,0,29.945,75.0,63,69.5,10,6,173,78,0.0,255,32767,0.11,2090-9-18,0.0,0.52,26.6,0.0,0.0,0.0,0,4.822265625,6,45,05:40,20:21,2025-05-22 09:24:22.954796,Città della Scienza,73.6,6.603992,8.007068,6.6357536,4.76618,EU EEA Common AQI,72.8,5.9577255,6.248323,7200,5.9428573,100,100,65.5,5.4171424,Very Low,71.9,5.048383,100,1747905300,Very Low,5.3086023,7.5163975,Very Low,8.224059,63.0,7.614286,100,1747905300,6.7714286
2025-05-22T09:24:34Z,0,29.943,74.9,63,69.5,9,6,186,78,0.0,255,32767,0.11,2090-9-18,0.0,0.52,26.6,0.0,0.0,0.0,0,4.822265625,6,45,05:40,20:21,2025-05-22 09:24:34.096754,Città della Scienza,73.6,6.603992,8.007068,6.6357536,4.76618,EU EEA Common AQI,72.8,5.9577255,6.248323,7200,5.9428573,100,100,65.5,5.4171424,Very Low,71.9,5.048383,100,1747905300,Very Low,5.3086023,7.5163975,Very Low,8.224059,63.0,7.614286,100,1747905300,6.7714286
2025-05-22T09:24:45Z,0,29.943,74.9,63,69.5,5,6,324,78,0.0,255,32767,0.11,2090-9-18,0.0,0.52,26.6,0.0,0.0,0.0,0,4.822265625,6,45,05:40,20:21,2025-05-22 09:24:45.222797,Città della Scienza,73.6,6.603992,8.007068,6.6357536,4.76618,EU EEA Common AQI,72.8,5.9577255,6.248323,7200,5.9428573,100,100,65.5,5.4171424,Very Low,71.9,5.048383,100,1747905300,Very Low,5.3086023,7.5163975,Very Low,8.224059,63.0,7.614286,100,1747905300,6.7714286
2025-05-22T09:24:56Z,0,29.943,74.9,63,69.5,7,6,188,78,0.0,255,32767,0.11,2090-9-18,0.0,0.52,26.6,0.0,0.0,0.0,0,4.822265625,6,45,05:40,20:21,2025-05-22 09:24:56.285813,Città della Scienza,73.6,6.603992,8.007068,6.6357536,4.76618,EU EEA Common AQI,72.8,5.9577255,6.248323,7200,5.9428573,100,100,65.5,5.4171424,Very Low,71.9,5.048383,100,1747905300,Very Low,5.3086023,7.5163975,Very Low,8.224059,63.0,7.614286,100,1747905300,6.7714286
2025-05-22T09:25:07Z,0,29.943,74.9,63,69.5,7,6,199,78,0.0,255,32767,0.11,2090-9-18,0.0,0.52,26.6,0.0,0.0,0.0,0,4.822265625,6,45,05:40,20:21,2025-05-22 09:25:07.408780,Città della Scienza,73.6,6.603992,8.007068,6.6357536,4.76618,EU EEA Common AQI,72.8,5.9577255,6.248323,7200,5.9428573,100,100,65.5,5.4171424,Very Low,71.9,5.048383,100,1747905300,Very Low,5.3086023,7.5163975,Very Low,8.224059,63.0,7.614286,100,1747905300,6.7714286
2025-05-22T09:25:18Z,0,29.943,74.9,63,69.4,5,6,162,78,0.0,255,32767,0.11,2090-9-18,0.0,0.52,26.6,0.0,0.0,0.0,0,4.822265625,6,45,05:40,20:21,2025-05-22 09:25:18.559796,Città della Scienza,73.6,6.603992,8.007068,6.6357536,4.76618,EU EEA Common AQI,72.8,5.9577255,6.248323,7200,5.9428573,100,100,65.5,5.4171424,Very Low,71.9,5.048383,100,1747905300,Very Low,5.3086023,7.5163975,Very Low,8.224059,63.0,7.614286,100,1747905300,6.7714286
2025-05-22T09:25:29Z,0,29.943,74.9,63,69.5,6,6,184,78,0.0,255,32767,0.11,2090-9-18,0.0,0.52,26.6,0.0,0.0,0.0,0,4.822265625,6,45,05:40,20:21,2025-05-22 09:25:29.673791,Città della Scienza,73.6,6.603992,8.007068,6.6357536,4.76618,EU EEA Common AQI,72.8,5.9577255,6.248323,7200,5.9428573,100,100,65.5,5.4171424,Very Low,71.9,5.048383,100,1747905300,Very Low,5.3086023,7.5163975,Very Low,8.224059,63.0,7.614286,100,1747905300,6.7714286
2025-05-22T09:25:40Z,0,29.943,75.0,63,69.5,9,7,178,78,0.0,255,32767,0.11,2090-9-18,0.0,0.52,26.6,0.0,0.0,0.0,0,4.822265625,6,45,05:40,20:21,2025-05-22 09:25:40.766834,Città della Scienza,73.6,6.603992,8.007068,6.6357536,4.76618,EU EEA Common AQI,72.8,5.9577255,6.248323,7200,5.9428573,100,100,65.5,5.4171424,Very Low,71.9,5.048383,100,1747905300,Very Low,5.3086023,7.5163975,Very Low,8.224059,63.0,7.614286,100,1747905300,6.7714286
2025-05-22T09:25:52Z,0,29.943,75.0,63,69.5,5,7,176,78,0.0,255,32767,0.11,2090-9-18,0.0,0.52,26.6,0.0,0.0,0.0,0,4.822265625,6,45,05:40,20:21,2025-05-22 09:25:51.893810,Città della Scienza,73.6,6.603992,8.007068,6.6357536,4.76618,EU EEA Common AQI,72.8,5.9577255,6.248323,7200,5.9428573,100,100,65.5,5.4171424,Very Low,71.9,5.048383,100,1747905300,Very Low,5.3086023,7.5163975,Very Low,8.224059,63.0,7.614286,100,1747905300,6.7714286
2025-05-22T09:26:03Z,0,29.943,75.0,63,69.4,4,7,186,78,0.0,255,32767,0.11,2090-9-18,0.0,0.52,26.6,0.0,0.0,0.0,0,4.822265625,6,45,05:40,20:21,2025-05-22 09:26:02.966794,Città della Scienza,73.6,6.603992,8.007068,6.6357536,4.76618,EU EEA Common AQI,72.8,5.9577255,6.248323,7200,5.9428573,100,100,65.5,5.4171424,Very Low,71.9,5.048383,100,1747905300,Very Low,5.3086023,7.5163975,Very Low,8.224059,63.0,7.614286,100,1747905300,6.7714286
2025-05-22T09:26:14Z,0,29.943,75.0,63,69.4,3,7,184,78,0.0,255,32767,0.11,2090-9-18,0.0,0.52,26.6,0.0,0.0,0.0,0,4.822265625,6,45,05:40,20:21,2025-05-22 09:26:14.069786,Città della Scienza,73.6,6.603992,8.007068,6.6357536,4.76618,EU EEA Common AQI,72.8,5.9577255,6.248323,7200,5.9428573,100,100,65.5,5.4171424,Very Low,71.9,5.048383,100,1747905300,Very Low,5.3086023,7.5163975,Very Low,8.224059,63.0,7.614286,100,1747905300,6.7714286
2025-05-22T09:26:25Z,0,29.943,75.0,63,69.4,4,7,223,78,0.0,255,32767,0.11,2090-9-18,0.0,0.52,26.6,0.0,0.0,0.0,0,4.822265625,6,45,05:40,20:21,2025-05-22 09:26:25.147788,Città della Scienza,73.6,6.603992,8.007068,6.6357536,4.76618,EU EEA Common AQI,72.8,5.9577255,6.248323,7200,5.9428573,100,100,65.5,5.4171424,Very Low,71.9,5.048383,100,1747905300,Very Low,5.3086023,7.5163975,Very Low,8.224059,63.0,7.614286,100,1747905300,6.7714286
2025-05-22T09:26:36Z,0,29.944,75.0,63,69.4,8,7,205,78,0.0,255,32767,0.11,2090-9-18,0.0,0.52,26.6,0.0,0.0,0.0,0,4.822265625,6,45,05:40,20:21,2025-05-22 09:26:36.255789,Città della Scienza,73.6,6.603992,8.007068,6.6357536,4.76618,EU EEA Common AQI,72.8,5.9577255,6.248323,7200,5.9428573,100,100,65.5,5.4171424,Very Low,71.9,5.048383,100,1747905300,Very Low,5.3086023,7.5163975,Very Low,8.224059,63.0,7.614286,100,1747905300,6.7714286
2025-05-22T09:26:47Z,0,29.944,75.0,63,69.5,12,7,180,78,0.0,255,32767,0.11,2090-9-18,0.0,0.52,26.6,0.0,0.0,0.0,0,4.822265625,6,45,05:40,20:21,2025-05-22 09:26:47.404806,Città della Scienza,73.6,6.603992,8.007068,6.6357536,4.76618,EU EEA Common AQI,72.8,5.9577255,6.248323,7200,5.9428573,100,100,65.5,5.4171424,Very Low,71.9,5.048383,100,1747905300,Very Low,5.3086023,7.5163975,Very Low,8.224059,63.0,7.614286,100,1747905300,6.7714286
2025-05-22T09:26:58Z,0,29.944,75.0,63,69.4,12,7,179,78,0.0,255,32767,0.11,2090-9-18,0.0,0.52,26.6,0.0,0.0,0.0,0,4.822265625,6,45,05:40,20:21,2025-05-22 09:26:58.532794,Città della Scienza,73.6,6.603992,8.007068,6.6357536,4.76618,EU EEA Common AQI,72.8,5.9577255,6.248323,7200,5.9428573,100,100,65.5,5.4171424,Very Low,71.9,5.048383,100,1747905300,Very Low,5.3086023,7.5163975,Very Low,8.224059,63.0,7.614286,100,1747905300,6.7714286
2025-05-22T09:27:09Z,0,29.944,75.0,63,69.4,10,7,165,78,0.0,255,32767,0.11,2090-9-18,0.0,0.52,26.6,0.0,0.0,0.0,0,4.822265625,6,45,05:40,20:21,2025-05-22 09:27:09.650804,Città della Scienza,73.6,6.603992,8.007068,6.6357536,4.76618,EU EEA Common AQI,72.8,5.9577255,6.248323,7200,5.9428573,100,100,65.5,5.4171424,Very Low,71.9,5.048383,100,1747905300,Very Low,5.3086023,7.5163975,Very Low,8.224059,63.0,7.614286,100,1747905300,6.7714286
2025-05-22T09:27:20Z,0,29.944,75.0,63,69.4,7,7,179,78,0.0,255,32767,0.11,2090-9-18,0.0,0.52,26.6,0.0,0.0,0.0,0,4.822265625,6,45,05:40,20:21,2025-05-22 09:27:20.754813,Città della Scienza,73.6,6.603992,8.007068,6.6357536,4.76618,EU EEA Common AQI,72.8,5.9577255,6.248323,7200,5.9428573,100,100,65.5,5.4171424,Very Low,71.9,5.048383,100,1747905300,Very Low,5.3086023,7.5163975,Very Low,8.224059,63.0,7.614286,100,1747905300,6.7714286
2025-05-22T09:27:32Z,0,29.944,75.0,63,69.4,8,7,183,78,0.0,255,32767,0.11,2090-9-18,0.0,0.52,26.6,0.0,0.0,0.0,0,4.822265625,6,45,05:40,20:21,2025-05-22 09:27:31.846792,Città della Scienza,73.6,6.603992,8.007068,6.6357536,4.76618,EU EEA Common AQI,72.8,5.9577255,6.248323,7200,5.9428573,100,100,65.5,5.4171424,Very Low,71.9,5.048383,100,1747905300,Very Low,5.3086023,7.5163975,Very Low,8.224059,63.0,7.614286,100,1747905300,6.7714286
2025-05-22T09:27:43Z,0,29.944,75.0,63,69.3,8,7,178,78,0.0,255,32767,0.11,2090-9-18,0.0,0.52,26.6,0.0,0.0,0.0,0,4.822265625,6,45,05:40,20:21,2025-05-22 09:27:42.936802,Città della Scienza,73.6,6.603992,8.007068,6.6357536,4.76618,EU EEA Common AQI,72.8,5.9577255,6.248323,7200,5.9428573,100,100,65.5,5.4171424,Very Low,71.9,5.048383,100,1747905300,Very Low,5.3086023,7.5163975,Very Low,8.224059,63.0,7.614286,100,1747905300,6.7714286
2025-05-22T09:27:54Z,0,29.944,75.0,63,69.3,7,7,182,78,0.0,255,32767,0.11,2090-9-18,0.0,0.52,26.6,0.0,0.0,0.0,0,4.822265625,6,45,05:40,20:21,2025-05-22 09:27:54.044795,Città della Scienza,73.6,6.603992,8.007068,6.6357536,4.76618,EU EEA Common AQI,72.8,5.9577255,6.248323,7200,5.9428573,100,100,65.5,5.4171424,Very Low,71.9,5.048383,100,1747905300,Very Low,5.3086023,7.5163975,Very Low,8.224059,63.0,7.614286,100,1747905300,6.7714286
2025-05-22T09:28:05Z,0,29.944,75.0,63,69.3,4,7,240,78,0.0,255,32767,0.11,2090-9-18,0.0,0.52,26.6,0.0,0.0,0.0,0,4.822265625,6,45,05:40,20:21,2025-05-22 09:28:05.174775,Città della Scienza,73.6,6.603992,8.007068,6.6357536,4.76618,EU EEA Common AQI,72.8,5.9577255,6.248323,7200,5.9428573,100,100,65.5,5.4171424,Very Low,71.9,5.048383,100,1747905300,Very Low,5.3086023,7.5163975,Very Low,8.224059,63.0,7.614286,100,1747905300,6.7714286
2025-05-22T09:28:16Z,0,29.944,75.0,63,69.3,3,7,276,78,0.0,255,32767,0.11,2090-9-18,0.0,0.52,26.6,0.0,0.0,0.0,0,4.822265625,6,45,05:40,20:21,2025-05-22 09:28:16.274811,Città della Scienza,73.6,6.603992,8.007068,6.6357536,4.76618,EU EEA Common AQI,72.8,5.9577255,6.248323,7200,5.9428573,100,100,65.5,5.4171424,Very Low,71.9,5.048383,100,1747905300,Very Low,5.3086023,7.5163975,Very Low,8.224059,63.0,7.614286,100,1747905300,6.7714286
2025-05-22T09:28:27Z,0,29.944,75.0,63,69.3,4,7,185,78,0.0,255,32767,0.11,2090-9-18,0.0,0.52,26.6,0.0,0.0,0.0,0,4.822265625,6,45,05:40,20:21,2025-05-22 09:28:27.377805,Città della Scienza,73.6,6.603992,8.007068,6.6357536,4.76618,EU EEA Common AQI,72.8,5.9577255,6.248323,7200,5.9428573,100,100,65.5,5.4171424,Very Low,71.9,5.048383,100,1747905300,Very Low,5.3086023,7.5163975,Very Low,8.224059,63.0,7.614286,100,1747905300,6.7714286
2025-05-22T09:28:38Z,0,29.944,75.0,63,69.3,6,7,187,78,0.0,255,32767,0.11,2090-9-18,0.0,0.52,26.6,0.0,0.0,0.0,0,4.822265625,6,45,05:40,20:21,2025-05-22 09:28:38.483788,Città della Scienza,73.6,6.603992,8.007068,6.6357536,4.76618,EU EEA Common AQI,72.8,5.9577255,6.248323,7200,5.9428573,100,100,65.5,5.4171424,Very Low,71.9,5.048383,100,1747905300,Very Low,5.3086023,7.5163975,Very Low,8.224059,63.0,7.614286,100,1747905300,6.7714286
2025-05-22T09:28:49Z,0,29.944,75.0,63,69.3,7,7,234,78,0.0,255,32767,0.11,2090-9-18,0.0,0.52,26.6,0.0,0.0,0.0,0,4.822265625,6,45,05:40,20:21,2025-05-22 09:28:49.603795,Città della Scienza,73.6,6.603992,8.007068,6.6357536,4.76618,EU EEA Common AQI,72.8,5.9577255,6.248323,7200,5.9428573,100,100,65.5,5.4171424,Very Low,71.9,5.048383,100,1747905300,Very Low,5.3086023,7.5163975,Very Low,8.224059,63.0,7.614286,100,1747905300,6.7714286
2025-05-22T09:29:00Z,0,29.944,75.0,63,69.4,10,7,243,78,0.0,255,32767,0.11,2090-9-18,0.0,0.52,26.6,0.0,0.0,0.0,0,4.822265625,6,45,05:40,20:21,2025-05-22 09:29:00.701806,Città della Scienza,73.6,6.603992,8.007068,6.6357536,4.76618,EU EEA Common AQI,72.8,5.9577255,6.248323,7200,5.9428573,100,100,65.5,5.4171424,Very Low,71.9,5.048383,100,1747905300,Very Low,5.3086023,7.5163975,Very Low,8.224059,63.0,7.614286,100,1747905300,6.7714286
2025-05-22T09:29:12Z,0,29.944,75.0,63,69.3,7,7,227,78,0.0,255,32767,0.11,2090-9-18,0.0,0.52,26.6,0.0,0.0,0.0,0,4.822265625,6,45,05:40,20:21,2025-05-22 09:29:11.822789,Città della Scienza,73.6,6.603992,8.007068,6.6357536,4.76618,EU EEA Common AQI,72.8,5.9577255,6.248323,7200,5.9428573,100,100,65.5,5.4171424,Very Low,71.9,5.048383,100,1747905300,Very Low,5.3086023,7.5163975,Very Low,8.224059,63.0,7.614286,100,1747905300,6.7714286
2025-05-22T09:29:23Z,0,29.944,75.0,63,69.4,2,7,200,78,0.0,255,32767,0.11,2090-9-18,0.0,0.52,26.6,0.0,0.0,0.0,0,4.822265625,6,45,05:40,20:21,2025-05-22 09:29:22.967783,Città della Scienza,73.6,6.603992,8.007068,6.6357536,4.76618,EU EEA Common AQI,72.8,5.9577255,6.248323,7200,5.9428573,100,100,65.5,5.4171424,Very Low,71.9,5.048383,100,1747905300,Very Low,5.3086023,7.5163975,Very Low,8.224059,63.0,7.614286,100,1747905300,6.7714286
2025-05-22T09:29:34Z,0,29.945,75.0,63,69.3,6,7,277,78,0.0,255,32767,0.11,2090-9-18,0.0,0.52,26.6,0.0,0.0,0.0,0,4.822265625,6,45,05:40,20:21,2025-05-22 09:29:34.082785,Città della Scienza,73.6,6.603992,8.007068,6.6357536,4.76618,EU EEA Common AQI,72.8,5.9577255,6.248323,7200,5.9428573,100,100,65.5,5.4171424,Very Low,71.9,5.048383,100,1747905300,Very Low,5.3086023,7.5163975,Very Low,8.224059,63.0,7.614286,100,1747905300,6.7714286
2025-05-22T09:29:45Z,0,29.945,75.0,63,69.3,6,7,234,78,0.0,255,32767,0.11,2090-9-18,0.0,0.52,26.6,0.0,0.0,0.0,0,4.822265625,6,45,05:40,20:21,2025-05-22 09:29:45.187782,Città della Scienza,73.6,6.603992,8.007068,6.6357536,4.76618,EU EEA Common AQI,72.8,5.9577255,6.248323,7200,5.9428573,100,100,65.5,5.4171424,Very Low,71.9,5.048383,100,1747905300,Very Low,5.3086023,7.5163975,Very Low,8.224059,63.0,7.614286,100,1747905300,6.7714286
2025-05-22T09:29:56Z,0,29.945,75.0,63,69.4,8,7,244,78,0.0,255,32767,0.11,2090-9-18,0.0,0.52,26.6,0.0,0.0,0.0,0,4.822265625,6,45,05:40,20:21,2025-05-22 09:29:56.317789,Città della Scienza,73.6,6.603992,8.007068,6.6357536,4.76618,EU EEA Common AQI,72.8,5.9577255,6.248323,7200,5.9428573,100,100,65.5,5.4171424,Very Low,71.9,5.048383,100,1747905300,Very Low,5.3086023,7.5163975,Very Low,8.224059,63.0,7.614286,100,1747905300,6.7714286
2025-05-22T09:30:07Z,0,29.945,75.0,63,69.4,5,7,157,78,0.0,255,32767,0.11,2090-9-18,0.0,0.52,26.6,0.0,0.0,0.0,0,4.822265625,6,45,05:40,20:21,2025-05-22 09:30:07.462793,Città della Scienza,73.6,6.603992,8.007068,6.6357536,4.76618,EU EEA Common AQI,72.8,5.9577255,6.248323,7200,5.9428573,100,100,65.5,5.4171424,Very Low,71.9,5.048383,100,1747905300,Very Low,5.3086023,7.5163975,Very Low,8.224059,63.0,7.614286,100,1747905300,6.7714286
2025-05-22T09:30:18Z,0,29.945,75.0,63,69.4,8,7,96,78,0.0,255,32767,0.11,2090-9-18,0.0,0.52,26.6,0.0,0.0,0.0,0,4.822265625,6,45,05:40,20:21,2025-05-22 09:30:18.589784,Città della Scienza,73.6,6.603992,8.007068,6.6357536,4.76618,EU EEA Common AQI,72.8,5.9577255,6.248323,7200,5.9428573,100,100,65.5,5.4171424,Very Low,71.9,5.048383,100,1747905300,Very Low,5.3086023,7.5163975,Very Low,8.224059,63.0,7.614286,100,1747905300,6.7714286
2025-05-22T09:30:29Z,0,29.945,75.0,63,69.4,2,7,208,78,0.0,255,32767,0.11,2090-9-18,0.0,0.52,26.6,0.0,0.0,0.0,0,4.822265625,6,45,05:40,20:21,2025-05-22 09:30:29.663792,Città della Scienza,73.2,6.8960395,8.043158,6.904625,4.93425,EU EEA Common AQI,72.7,6.167813,6.289277,7200,6.4927535,100,100,65.3,5.9130435,Very Low,71.8,5.3137975,100,1747906200,Very Low,5.5236998,7.7409444,Very Low,8.473281,62.8,9.869565,100,1747906200,7.3913045
2025-05-22T09:30:40Z,0,29.945,75.1,63,69.4,7,7,245,78,0.0,255,32767,0.11,2090-9-18,0.0,0.52,26.6,0.0,0.0,0.0,0,4.822265625,6,45,05:40,20:21,2025-05-22 09:30:40.735809,Città della Scienza,73.2,6.8960395,8.043158,6.904625,4.93425,EU EEA Common AQI,72.7,6.167813,6.289277,7200,6.4927535,100,100,65.3,5.9130435,Very Low,71.8,5.3137975,100,1747906200,Very Low,5.5236998,7.7409444,Very Low,8.473281,62.8,9.869565,100,1747906200,7.3913045
2025-05-22T09:30:52Z,0,29.945,75.1,63,69.4,7,7,221,78,0.0,255,32767,0.11,2090-9-18,0.0,0.52,26.6,0.0,0.0,0.0,0,4.822265625,6,45,05:40,20:21,2025-05-22 09:30:51.834794,Città della Scienza,73.2,6.8960395,8.043158,6.904625,4.93425,EU EEA Common AQI,72.7,6.167813,6.289277,7200,6.4927535,100,100,65.3,5.9130435,Very Low,71.8,5.3137975,100,1747906200,Very Low,5.5236998,7.7409444,Very Low,8.473281,62.8,9.869565,100,1747906200,7.3913045
2025-05-22T09:31:03Z,0,29.945,75.1,63,69.5,5,7,78,78,0.0,255,32767,0.11,2090-9-18,0.0,0.52,26.6,0.0,0.0,0.0,0,4.822265625,6,45,05:40,20:21,2025-05-22 09:31:02.972796,Città della Scienza,73.2,6.8960395,8.043158,6.904625,4.93425,EU EEA Common AQI,72.7,6.167813,6.289277,7200,6.4927535,100,100,65.3,5.9130435,Very Low,71.8,5.3137975,100,1747906200,Very Low,5.5236998,7.7409444,Very Low,8.473281,62.8,9.869565,100,1747906200,7.3913045
2025-05-22T09:31:14Z,0,29.945,75.1,63,69.5,7,7,252,78,0.0,255,32767,0.11,2090-9-18,0.0,0.52,26.6,0.0,0.0,0.0,0,4.822265625,6,45,05:40,20:21,2025-05-22 09:31:14.041806,Città della Scienza,73.2,6.8960395,8.043158,6.904625,4.93425,EU EEA Common AQI,72.7,6.167813,6.289277,7200,6.4927535,100,100,65.3,5.9130435,Very Low,71.8,5.3137975,100,1747906200,Very Low,5.5236998,7.7409444,Very Low,8.473281,62.8,9.869565,100,1747906200,7.3913045
2025-05-22T09:31:25Z,0,29.945,75.1,63,69.5,4,7,257,78,0.0,255,32767,0.11,2090-9-18,0.0,0.52,26.6,0.0,0.0,0.0,0,4.822265625,6,45,05:40,20:21,2025-05-22 09:31:25.154792,Città della Scienza,73.2,6.8960395,8.043158,6.904625,4.93425,EU EEA Common AQI,72.7,6.167813,6.289277,7200,6.4927535,100,100,65.3,5.9130435,Very Low,71.8,5.3137975,100,1747906200,Very Low,5.5236998,7.7409444,Very Low,8.473281,62.8,9.869565,100,1747906200,7.3913045
2025-05-22T09:31:36Z,0,29.946,75.0,63,69.5,3,7,200,78,0.0,255,32767,0.11,2090-9-18,0.0,0.52,26.6,0.0,0.0,0.0,0,4.822265625,6,45,05:40,20:21,2025-05-22 09:31:36.256790,Città della Scienza,73.2,6.8960395,8.043158,6.904625,4.93425,EU EEA Common AQI,72.7,6.167813,6.289277,7200,6.4927535,100,100,65.3,5.9130435,Very Low,71.8,5.3137975,100,1747906200,Very Low,5.5236998,7.7409444,Very Low,8.473281,62.8,9.869565,100,1747906200,7.3913045
2025-05-22T09:31:47Z,0,29.946,75.0,63,69.5,4,7,254,78,0.0,255,32767,0.11,2090-9-18,0.0,0.52,26.6,0.0,0.0,0.0,0,4.822265625,6,45,05:40,20:21,2025-05-22 09:31:47.339790,Città della Scienza,73.2,6.8960395,8.043158,6.904625,4.93425,EU EEA Common AQI,72.7,6.167813,6.289277,7200,6.4927535,100,100,65.3,5.9130435,Very Low,71.8,5.3137975,100,1747906200,Very Low,5.5236998,7.7409444,Very Low,8.473281,62.8,9.869565,100,1747906200,7.3913045
2025-05-22T09:31:58Z,0,29.946,75.0,63,69.5,4,7,183,78,0.0,255,32767,0.11,2090-9-18,0.0,0.52,26.6,0.0,0.0,0.0,0,4.822265625,6,45,05:40,20:21,2025-05-22 09:31:58.462793,Città della Scienza,73.2,6.8960395,8.043158,6.904625,4.93425,EU EEA Common AQI,72.7,6.167813,6.289277,7200,6.4927535,100,100,65.3,5.9130435,Very Low,71.8,5.3137975,100,1747906200,Very Low,5.5236998,7.7409444,Very Low,8.473281,62.8,9.869565,100,1747906200,7.3913045
2025-05-22T09:32:09Z,0,29.946,75.0,63,69.6,7,7,252,78,0.0,255,32767,0.11,2090-9-18,0.0,0.52,26.6,0.0,0.0,0.0,0,4.822265625,6,45,05:40,20:21,2025-05-22 09:32:09.572818,Città della Scienza,73.2,6.8960395,8.043158,6.904625,4.93425,EU EEA Common AQI,72.7,6.167813,6.289277,7200,6.4927535,100,100,65.3,5.9130435,Very Low,71.8,5.3137975,100,1747906200,Very Low,5.5236998,7.7409444,Very Low,8.473281,62.8,9.869565,100,1747906200,7.3913045
2025-05-22T09:32:20Z,0,29.946,75.0,63,69.6,5,7,180,78,0.0,255,32767,0.11,2090-9-18,0.0,0.52,26.6,0.0,0.0,0.0,0,4.822265625,6,45,05:40,20:21,2025-05-22 09:32:20.685800,Città della Scienza,73.2,6.8960395,8.043158,6.904625,4.93425,EU EEA Common AQI,72.7,6.167813,6.289277,7200,6.4927535,100,100,65.3,5.9130435,Very Low,71.8,5.3137975,100,1747906200,Very Low,5.5236998,7.7409444,Very Low,8.473281,62.8,9.869565,100,1747906200,7.3913045
2025-05-22T09:32:32Z,0,29.946,75.0,63,69.6,8,7,190,78,0.0,255,32767,0.11,2090-9-18,0.0,0.52,26.6,0.0,0.0,0.0,0,4.822265625,6,45,05:40,20:21,2025-05-22 09:32:31.835805,Città della Scienza,73.2,6.8960395,8.043158,6.904625,4.93425,EU EEA Common AQI,72.7,6.167813,6.289277,7200,6.4927535,100,100,65.3,5.9130435,Very Low,71.8,5.3137975,100,1747906200,Very Low,5.5236998,7.7409444,Very Low,8.473281,62.8,9.869565,100,1747906200,7.3913045
2025-05-22T09:32:43Z,0,29.947,75.0,63,69.6,9,7,178,78,0.0,255,32767,0.11,2090-9-18,0.0,0.52,26.6,0.0,0.0,0.0,0,4.822265625,6,45,05:40,20:21,2025-05-22 09:32:42.986793,Città della Scienza,73.2,6.8960395,8.043158,6.904625,4.93425,EU EEA Common AQI,72.7,6.167813,6.289277,7200,6.4927535,100,100,65.3,5.9130435,Very Low,71.8,5.3137975,100,1747906200,Very Low,5.5236998,7.7409444,Very Low,8.473281,62.8,9.869565,100,1747906200,7.3913045
2025-05-22T09:32:54Z,0,29.947,75.0,63,69.7,7,7,178,78,0.0,255,32767,0.11,2090-9-18,0.0,0.52,26.6,0.0,0.0,0.0,0,4.822265625,6,45,05:40,20:21,2025-05-22 09:32:54.104769,Città della Scienza,73.2,6.8960395,8.043158,6.904625,4.93425,EU EEA Common AQI,72.7,6.167813,6.289277,7200,6.4927535,100,100,65.3,5.9130435,Very Low,71.8,5.3137975,100,1747906200,Very Low,5.5236998,7.7409444,Very Low,8.473281,62.8,9.869565,100,1747906200,7.3913045
2025-05-22T09:33:05Z,0,29.947,75.0,63,69.7,4,7,264,78,0.0,255,32767,0.11,2090-9-18,0.0,0.52,26.6,0.0,0.0,0.0,0,4.822265625,6,45,05:40,20:21,2025-05-22 09:33:05.247805,Città della Scienza,73.2,6.8960395,8.043158,6.904625,4.93425,EU EEA Common AQI,72.7,6.167813,6.289277,7200,6.4927535,100,100,65.3,5.9130435,Very Low,71.8,5.3137975,100,1747906200,Very Low,5.5236998,7.7409444,Very Low,8.473281,62.8,9.869565,100,1747906200,7.3913045
2025-05-22T09:33:16Z,0,29.947,75.0,63,69.7,3,7,192,78,0.0,255,32767,0.11,2090-9-18,0.0,0.52,26.6,0.0,0.0,0.0,0,4.822265625,6,45,05:40,20:21,2025-05-22 09:33:16.327808,Città della Scienza,73.2,6.8960395,8.043158,6.904625,4.93425,EU EEA Common AQI,72.7,6.167813,6.289277,7200,6.4927535,100,100,65.3,5.9130435,Very Low,71.8,5.3137975,100,1747906200,Very Low,5.5236998,7.7409444,Very Low,8.473281,62.8,9.869565,100,1747906200,7.3913045
2025-05-22T09:33:27Z,0,29.947,75.0,63,69.7,5,7,224,78,0.0,255,32767,0.11,2090-9-18,0.0,0.52,26.6,0.0,0.0,0.0,0,4.822265625,6,45,05:40,20:21,2025-05-22 09:33:27.451794,Città della Scienza,73.2,6.8960395,8.043158,6.904625,4.93425,EU EEA Common AQI,72.7,6.167813,6.289277,7200,6.4927535,100,100,65.3,5.9130435,Very Low,71.8,5.3137975,100,1747906200,Very Low,5.5236998,7.7409444,Very Low,8.473281,62.8,9.869565,100,1747906200,7.3913045
2025-05-22T09:33:38Z,0,29.948,75.0,63,69.7,8,7,199,78,0.0,255,32767,0.11,2090-9-18,0.0,0.52,26.6,0.0,0.0,0.0,0,4.822265625,6,45,05:40,20:21,2025-05-22 09:33:38.603801,Città della Scienza,73.2,6.8960395,8.043158,6.904625,4.93425,EU EEA Common AQI,72.7,6.167813,6.289277,7200,6.4927535,100,100,65.3,5.9130435,Very Low,71.8,5.3137975,100,1747906200,Very Low,5.5236998,7.7409444,Very Low,8.473281,62.8,9.869565,100,1747906200,7.3913045
2025-05-22T09:33:49Z,0,29.948,75.0,63,69.7,7,7,196,78,0.0,255,32767,0.11,2090-9-18,0.0,0.52,26.6,0.0,0.0,0.0,0,4.822265625,6,45,05:40,20:21,2025-05-22 09:33:49.705814,Città della Scienza,73.2,6.8960395,8.043158,6.904625,4.93425,EU EEA Common AQI,72.7,6.167813,6.289277,7200,6.4927535,100,100,65.3,5.9130435,Very Low,71.8,5.3137975,100,1747906200,Very Low,5.5236998,7.7409444,Very Low,8.473281,62.8,9.869565,100,1747906200,7.3913045
2025-05-22T09:34:00Z,0,29.948,75.0,63,69.7,9,7,205,78,0.0,255,32767,0.11,2090-9-18,0.0,0.52,26.6,0.0,0.0,0.0,0,4.822265625,6,45,05:40,20:21,2025-05-22 09:34:00.789810,Città della Scienza,73.2,6.8960395,8.043158,6.904625,4.93425,EU EEA Common AQI,72.7,6.167813,6.289277,7200,6.4927535,100,100,65.3,5.9130435,Very Low,71.8,5.3137975,100,1747906200,Very Low,5.5236998,7.7409444,Very Low,8.473281,62.8,9.869565,100,1747906200,7.3913045
2025-05-22T09:34:12Z,0,29.948,75.0,63,69.7,5,7,223,78,0.0,255,32767,0.11,2090-9-18,0.0,0.52,26.6,0.0,0.0,0.0,0,4.822265625,6,45,05:40,20:21,2025-05-22 09:34:11.899795,Città della Scienza,73.2,6.8960395,8.043158,6.904625,4.93425,EU EEA Common AQI,72.7,6.167813,6.289277,7200,6.4927535,100,100,65.3,5.9130435,Very Low,71.8,5.3137975,100,1747906200,Very Low,5.5236998,7.7409444,Very Low,8.473281,62.8,9.869565,100,1747906200,7.3913045
2025-05-22T09:34:23Z,0,29.948,75.0,63,69.7,5,7,240,78,0.0,255,32767,0.11,2090-9-18,0.0,0.52,26.6,0.0,0.0,0.0,0,4.822265625,6,45,05:40,20:21,2025-05-22 09:34:23.010788,Città della Scienza,73.2,6.8960395,8.043158,6.904625,4.93425,EU EEA Common AQI,72.7,6.167813,6.289277,7200,6.4927535,100,100,65.3,5.9130435,Very Low,71.8,5.3137975,100,1747906200,Very Low,5.5236998,7.7409444,Very Low,8.473281,62.8,9.869565,100,1747906200,7.3913045
2025-05-22T09:34:34Z,0,29.948,75.1,63,69.7,6,7,180,78,0.0,255,32767,0.11,2090-9-18,0.0,0.52,26.6,0.0,0.0,0.0,0,4.822265625,6,45,05:40,20:21,2025-05-22 09:34:34.126802,Città della Scienza,73.2,6.8960395,8.043158,6.904625,4.93425,EU EEA Common AQI,72.7,6.167813,6.289277,7200,6.4927535,100,100,65.3,5.9130435,Very Low,71.8,5.3137975,100,1747906200,Very Low,5.5236998,7.7409444,Very Low,8.473281,62.8,9.869565,100,1747906200,7.3913045
2025-05-22T09:34:45Z,0,29.948,75.1,63,69.7,6,7,227,78,0.0,255,32767,0.11,2090-9-18,0.0,0.52,26.6,0.0,0.0,0.0,0,4.822265625,6,45,05:40,20:21,2025-05-22 09:34:45.237800,Città della Scienza,73.2,6.8960395,8.043158,6.904625,4.93425,EU EEA Common AQI,72.7,6.167813,6.289277,7200,6.4927535,100,100,65.3,5.9130435,Very Low,71.8,5.3137975,100,1747906200,Very Low,5.5236998,7.7409444,Very Low,8.473281,62.8,9.869565,100,1747906200,7.3913045
2025-05-22T09:34:56Z,0,29.948,75.1,63,69.7,4,7,219,78,0.0,255,32767,0.11,2090-9-18,0.0,0.52,26.6,0.0,0.0,0.0,0,4.822265625,6,45,05:40,20:21,2025-05-22 09:34:56.319796,Città della Scienza,73.2,6.8960395,8.043158,6.904625,4.93425,EU EEA Common AQI,72.7,6.167813,6.289277,7200,6.4927535,100,100,65.3,5.9130435,Very Low,71.8,5.3137975,100,1747906200,Very Low,5.5236998,7.7409444,Very Low,8.473281,62.8,9.869565,100,1747906200,7.3913045
2025-05-22T09:35:07Z,0,29.948,75.1,63,69.7,4,7,105,78,0.0,255,32767,0.11,2090-9-18,0.0,0.52,26.6,0.0,0.0,0.0,0,4.822265625,6,45,05:40,20:21,2025-05-22 09:35:07.432785,Città della Scienza,73.2,6.8960395,8.043158,6.904625,4.93425,EU EEA Common AQI,72.7,6.167813,6.289277,7200,6.4927535,100,100,65.3,5.9130435,Very Low,71.8,5.3137975,100,1747906200,Very Low,5.5236998,7.7409444,Very Low,8.473281,62.8,9.869565,100,1747906200,7.3913045
2025-05-22T09:35:18Z,0,29.948,75.1,63,69.8,7,7,195,78,0.0,255,32767,0.11,2090-9-18,0.0,0.52,26.6,0.0,0.0,0.0,0,4.822265625,6,45,05:40,20:21,2025-05-22 09:35:18.504799,Città della Scienza,73.2,6.8960395,8.043158,6.904625,4.93425,EU EEA Common AQI,72.7,6.167813,6.289277,7200,6.4927535,100,100,65.3,5.9130435,Very Low,71.8,5.3137975,100,1747906200,Very Low,5.5236998,7.7409444,Very Low,8.473281,62.8,9.869565,100,1747906200,7.3913045
2025-05-22T09:35:29Z,0,29.948,75.1,63,69.8,7,7,217,78,0.0,255,32767,0.11,2090-9-18,0.0,0.52,26.6,0.0,0.0,0.0,0,4.822265625,6,45,05:40,20:21,2025-05-22 09:35:29.607815,Città della Scienza,73.2,6.8960395,8.043158,6.904625,4.93425,EU EEA Common AQI,72.7,6.167813,6.289277,7200,6.4927535,100,100,65.3,5.9130435,Very Low,71.8,5.3137975,100,1747906200,Very Low,5.5236998,7.7409444,Very Low,8.473281,62.8,9.869565,100,1747906200,7.3913045
2025-05-22T09:35:40Z,0,29.946,75.0,63,69.8,3,6,234,78,0.0,255,32767,0.11,2090-9-18,0.0,0.52,26.6,0.0,0.0,0.0,0,4.822265625,6,45,05:40,20:21,2025-05-22 09:35:40.719786,Città della Scienza,73.2,6.8960395,8.043158,6.904625,4.93425,EU EEA Common AQI,72.7,6.167813,6.289277,7200,6.4927535,100,100,65.3,5.9130435,Very Low,71.8,5.3137975,100,1747906200,Very Low,5.5236998,7.7409444,Very Low,8.473281,62.8,9.869565,100,1747906200,7.3913045
2025-05-22T09:35:52Z,0,29.946,75.0,63,69.8,4,6,272,78,0.0,255,32767,0.11,2090-9-18,0.0,0.52,26.6,0.0,0.0,0.0,0,4.822265625,6,45,05:40,20:21,2025-05-22 09:35:51.848794,Città della Scienza,73.2,6.8960395,8.043158,6.904625,4.93425,EU EEA Common AQI,72.7,6.167813,6.289277,7200,6.4927535,100,100,65.3,5.9130435,Very Low,71.8,5.3137975,100,1747906200,Very Low,5.5236998,7.7409444,Very Low,8.473281,62.8,9.869565,100,1747906200,7.3913045
2025-05-22T09:36:03Z,0,29.946,75.0,63,69.8,5,6,169,78,0.0,255,32767,0.11,2090-9-18,0.0,0.52,26.6,0.0,0.0,0.0,0,4.822265625,6,45,05:40,20:21,2025-05-22 09:36:02.972786,Città della Scienza,73.2,6.8960395,8.043158,6.904625,4.93425,EU EEA Common AQI,72.7,6.167813,6.289277,7200,6.4927535,100,100,65.3,5.9130435,Very Low,71.8,5.3137975,100,1747906200,Very Low,5.5236998,7.7409444,Very Low,8.473281,62.8,9.869565,100,1747906200,7.3913045
2025-05-22T09:36:14Z,0,29.946,75.0,63,69.9,9,6,190,78,0.0,255,32767,0.11,2090-9-18,0.0,0.52,26.6,0.0,0.0,0.0,0,4.822265625,6,45,05:40,20:21,2025-05-22 09:36:14.139798,Città della Scienza,73.2,6.8960395,8.043158,6.904625,4.93425,EU EEA Common AQI,72.7,6.167813,6.289277,7200,6.4927535,100,100,65.3,5.9130435,Very Low,71.8,5.3137975,100,1747906200,Very Low,5.5236998,7.7409444,Very Low,8.473281,62.8,9.869565,100,1747906200,7.3913045
2025-05-22T09:36:25Z,0,29.946,75.0,63,69.9,9,6,201,78,0.0,255,32767,0.11,2090-9-18,0.0,0.52,26.6,0.0,0.0,0.0,0,4.822265625,6,45,05:40,20:21,2025-05-22 09:36:25.248789,Città della Scienza,73.2,6.8960395,8.043158,6.904625,4.93425,EU EEA Common AQI,72.7,6.167813,6.289277,7200,6.4927535,100,100,65.3,5.9130435,Very Low,71.8,5.3137975,100,1747906200,Very Low,5.5236998,7.7409444,Very Low,8.473281,62.8,9.869565,100,1747906200,7.3913045
2025-05-22T09:36:36Z,0,29.948,75.1,63,69.9,6,6,200,78,0.0,255,32767,0.11,2090-9-18,0.0,0.52,26.6,0.0,0.0,0.0,0,4.822265625,6,45,05:40,20:21,2025-05-22 09:36:36.357800,Città della Scienza,73.2,6.8960395,8.043158,6.904625,4.93425,EU EEA Common AQI,72.7,6.167813,6.289277,7200,6.4927535,100,100,65.3,5.9130435,Very Low,71.8,5.3137975,100,1747906200,Very Low,5.5236998,7.7409444,Very Low,8.473281,62.8,9.869565,100,1747906200,7.3913045
2025-05-22T09:36:47Z,0,29.948,75.1,63,69.8,4,6,177,78,0.0,255,32767,0.11,2090-9-18,0.0,0.52,26.6,0.0,0.0,0.0,0,4.822265625,6,45,05:40,20:21,2025-05-22 09:36:47.436789,Città della Scienza,73.2,6.8960395,8.043158,6.904625,4.93425,EU EEA Common AQI,72.7,6.167813,6.289277,7200,6.4927535,100,100,65.3,5.9130435,Very Low,71.8,5.3137975,100,1747906200,Very Low,5.5236998,7.7409444,Very Low,8.473281,62.8,9.869565,100,1747906200,7.3913045
2025-05-22T09:36:58Z,0,29.948,75.1,63,69.9,10,6,274,78,0.0,255,32767,0.11,2090-9-18,0.0,0.52,26.6,0.0,0.0,0.0,0,4.822265625,6,45,05:40,20:21,2025-05-22 09:36:58.545784,Città della Scienza,73.2,6.8960395,8.043158,6.904625,4.93425,EU EEA Common AQI,72.7,6.167813,6.289277,7200,6.4927535,100,100,65.3,5.9130435,Very Low,71.8,5.3137975,100,1747906200,Very Low,5.5236998,7.7409444,Very Low,8.473281,62.8,9.869565,100,1747906200,7.3913045
2025-05-22T09:37:09Z,0,29.948,75.1,63,69.9,9,6,167,78,0.0,255,32767,0.11,2090-9-18,0.0,0.52,26.6,0.0,0.0,0.0,0,4.822265625,6,45,05:40,20:21,2025-05-22 09:37:09.658799,Città della Scienza,73.2,6.8960395,8.043158,6.904625,4.93425,EU EEA Common AQI,72.7,6.167813,6.289277,7200,6.4927535,100,100,65.3,5.9130435,Very Low,71.8,5.3137975,100,1747906200,Very Low,5.5236998,7.7409444,Very Low,8.473281,62.8,9.869565,100,1747906200,7.3913045
2025-05-22T09:37:21Z,0,29.948,75.1,63,69.9,3,6,191,78,0.0,255,32767,0.11,2090-9-18,0.0,0.52,26.6,0.0,0.0,0.0,0,4.822265625,6,45,05:40,20:21,2025-05-22 09:37:20.817788,Città della Scienza,73.2,6.8960395,8.043158,6.904625,4.93425,EU EEA Common AQI,72.7,6.167813,6.289277,7200,6.4927535,100,100,65.3,5.9130435,Very Low,71.8,5.3137975,100,1747906200,Very Low,5.5236998,7.7409444,Very Low,8.473281,62.8,9.869565,100,1747906200,7.3913045
2025-05-22T09:37:32Z,0,29.948,75.1,63,69.8,5,6,153,78,0.0,255,32767,0.11,2090-9-18,0.0,0.52,26.6,0.0,0.0,0.0,0,4.822265625,6,45,05:40,20:21,2025-05-22 09:37:31.935790,Città della Scienza,73.2,6.8960395,8.043158,6.904625,4.93425,EU EEA Common AQI,72.7,6.167813,6.289277,7200,6.4927535,100,100,65.3,5.9130435,Very Low,71.8,5.3137975,100,1747906200,Very Low,5.5236998,7.7409444,Very Low,8.473281,62.8,9.869565,100,1747906200,7.3913045
2025-05-22T09:37:43Z,0,29.947,75.1,63,69.9,3,6,305,78,0.0,255,32767,0.11,2090-9-18,0.0,0.52,26.6,0.0,0.0,0.0,0,4.822265625,6,45,05:40,20:21,2025-05-22 09:37:43.052796,Città della Scienza,73.2,6.8960395,8.043158,6.904625,4.93425,EU EEA Common AQI,72.7,6.167813,6.289277,7200,6.4927535,100,100,65.3,5.9130435,Very Low,71.8,5.3137975,100,1747906200,Very Low,5.5236998,7.7409444,Very Low,8.473281,62.8,9.869565,100,1747906200,7.3913045
2025-05-22T09:37:54Z,0,29.947,75.1,63,69.8,5,6,153,78,0.0,255,32767,0.11,2090-9-18,0.0,0.52,26.6,0.0,0.0,0.0,0,4.822265625,6,45,05:40,20:21,2025-05-22 09:37:54.220799,Città della Scienza,73.2,6.8960395,8.043158,6.904625,4.93425,EU EEA Common AQI,72.7,6.167813,6.289277,7200,6.4927535,100,100,65.3,5.9130435,Very Low,71.8,5.3137975,100,1747906200,Very Low,5.5236998,7.7409444,Very Low,8.473281,62.8,9.869565,100,1747906200,7.3913045
2025-05-22T09:38:05Z,0,29.947,75.1,63,69.8,8,6,178,78,0.0,255,32767,0.11,2090-9-18,0.0,0.52,26.6,0.0,0.0,0.0,0,4.822265625,6,45,05:40,20:21,2025-05-22 09:38:05.298801,Città della Scienza,73.2,6.8960395,8.043158,6.904625,4.93425,EU EEA Common AQI,72.7,6.167813,6.289277,7200,6.4927535,100,100,65.3,5.9130435,Very Low,71.8,5.3137975,100,1747906200,Very Low,5.5236998,7.7409444,Very Low,8.473281,62.8,9.869565,100,1747906200,7.3913045
2025-05-22T09:38:16Z,0,29.947,75.1,63,69.9,9,6,184,78,0.0,255,32767,0.11,2090-9-18,0.0,0.52,26.6,0.0,0.0,0.0,0,4.822265625,6,45,05:40,20:21,2025-05-22 09:38:16.385792,Città della Scienza,73.2,6.8960395,8.043158,6.904625,4.93425,EU EEA Common AQI,72.7,6.167813,6.289277,7200,6.4927535,100,100,65.3,5.9130435,Very Low,71.8,5.3137975,100,1747906200,Very Low,5.5236998,7.7409444,Very Low,8.473281,62.8,9.869565,100,1747906200,7.3913045
2025-05-22T09:38:27Z,0,29.947,75.1,63,69.9,6,6,192,78,0.0,255,32767,0.11,2090-9-18,0.0,0.52,26.6,0.0,0.0,0.0,0,4.822265625,6,45,05:40,20:21,2025-05-22 09:38:27.483797,Città della Scienza,73.2,6.8960395,8.043158,6.904625,4.93425,EU EEA Common AQI,72.7,6.167813,6.289277,7200,6.4927535,100,100,65.3,5.9130435,Very Low,71.8,5.3137975,100,1747906200,Very Low,5.5236998,7.7409444,Very Low,8.473281,62.8,9.869565,100,1747906200,7.3913045
2025-05-22T09:38:38Z,0,29.945,75.1,63,69.8,3,6,182,78,0.0,255,32767,0.11,2090-9-18,0.0,0.52,26.6,0.0,0.0,0.0,0,4.822265625,6,45,05:40,20:21,2025-05-22 09:38:38.586796,Città della Scienza,73.2,6.8960395,8.043158,6.904625,4.93425,EU EEA Common AQI,72.7,6.167813,6.289277,7200,6.4927535,100,100,65.3,5.9130435,Very Low,71.8,5.3137975,100,1747906200,Very Low,5.5236998,7.7409444,Very Low,8.473281,62.8,9.869565,100,1747906200,7.3913045
2025-05-22T09:38:49Z,0,29.945,75.1,63,69.8,7,6,157,77,0.0,255,32767,0.11,2090-9-18,0.0,0.52,26.6,0.0,0.0,0.0,0,4.822265625,6,45,05:40,20:21,2025-05-22 09:38:49.656807,Città della Scienza,73.2,6.8960395,8.043158,6.904625,4.93425,EU EEA Common AQI,72.7,6.167813,6.289277,7200,6.4927535,100,100,65.3,5.9130435,Very Low,71.8,5.3137975,100,1747906200,Very Low,5.5236998,7.7409444,Very Low,8.473281,62.8,9.869565,100,1747906200,7.3913045
2025-05-22T09:39:00Z,0,29.945,75.1,63,69.8,6,6,180,77,0.0,255,32767,0.11,2090-9-18,0.0,0.52,26.6,0.0,0.0,0.0,0,4.822265625,6,45,05:40,20:21,2025-05-22 09:39:00.785756,Città della Scienza,73.2,6.8960395,8.043158,6.904625,4.93425,EU EEA Common AQI,72.7,6.167813,6.289277,7200,6.4927535,100,100,65.3,5.9130435,Very Low,71.8,5.3137975,100,1747906200,Very Low,5.5236998,7.7409444,Very Low,8.473281,62.8,9.869565,100,1747906200,7.3913045
2025-05-22T09:39:12Z,0,29.945,75.1,63,69.7,6,6,181,77,0.0,255,32767,0.11,2090-9-18,0.0,0.52,26.6,0.0,0.0,0.0,0,4.822265625,6,45,05:40,20:21,2025-05-22 09:39:11.931804,Città della Scienza,73.2,6.8960395,8.043158,6.904625,4.93425,EU EEA Common AQI,72.7,6.167813,6.289277,7200,6.4927535,100,100,65.3,5.9130435,Very Low,71.8,5.3137975,100,1747906200,Very Low,5.5236998,7.7409444,Very Low,8.473281,62.8,9.869565,100,1747906200,7.3913045
2025-05-22T09:39:23Z,0,29.945,75.1,63,69.7,6,6,156,77,0.0,255,32767,0.11,2090-9-18,0.0,0.52,26.6,0.0,0.0,0.0,0,4.822265625,6,45,05:40,20:21,2025-05-22 09:39:23.052797,Città della Scienza,73.2,6.8960395,8.043158,6.904625,4.93425,EU EEA Common AQI,72.7,6.167813,6.289277,7200,6.4927535,100,100,65.3,5.9130435,Very Low,71.8,5.3137975,100,1747906200,Very Low,5.5236998,7.7409444,Very Low,8.473281,62.8,9.869565,100,1747906200,7.3913045
2025-05-22T09:39:34Z,0,29.944,75.0,63,69.7,7,6,201,77,0.0,255,32767,0.11,2090-9-18,0.0,0.52,26.6,0.0,0.0,0.0,0,4.822265625,6,45,05:40,20:21,2025-05-22 09:39:34.165796,Città della Scienza,73.2,6.8960395,8.043158,6.904625,4.93425,EU EEA Common AQI,72.7,6.167813,6.289277,7200,6.4927535,100,100,65.3,5.9130435,Very Low,71.8,5.3137975,100,1747906200,Very Low,5.5236998,7.7409444,Very Low,8.473281,62.8,9.869565,100,1747906200,7.3913045
2025-05-22T09:39:45Z,0,29.944,75.0,63,69.7,8,6,160,77,0.0,255,32767,0.11,2090-9-18,0.0,0.52,26.6,0.0,0.0,0.0,0,4.822265625,6,45,05:40,20:21,2025-05-22 09:39:45.246821,Città della Scienza,73.2,6.8960395,8.043158,6.904625,4.93425,EU EEA Common AQI,72.7,6.167813,6.289277,7200,6.4927535,100,100,65.3,5.9130435,Very Low,71.8,5.3137975,100,1747906200,Very Low,5.5236998,7.7409444,Very Low,8.473281,62.8,9.869565,100,1747906200,7.3913045
2025-05-22T09:39:56Z,0,29.944,75.0,63,69.7,8,6,183,77,0.0,255,32767,0.11,2090-9-18,0.0,0.52,26.6,0.0,0.0,0.0,0,4.822265625,6,45,05:40,20:21,2025-05-22 09:39:56.340797,Città della Scienza,73.2,6.8960395,8.043158,6.904625,4.93425,EU EEA Common AQI,72.7,6.167813,6.289277,7200,6.4927535,100,100,65.3,5.9130435,Very Low,71.8,5.3137975,100,1747906200,Very Low,5.5236998,7.7409444,Very Low,8.473281,62.8,9.869565,100,1747906200,7.3913045
2025-05-22T09:40:07Z,0,29.944,75.0,63,69.7,7,6,184,77,0.0,255,32767,0.11,2090-9-18,0.0,0.52,26.6,0.0,0.0,0.0,0,4.822265625,6,45,05:40,20:21,2025-05-22 09:40:07.473787,Città della Scienza,73.2,6.8960395,8.043158,6.904625,4.93425,EU EEA Common AQI,72.7,6.167813,6.289277,7200,6.4927535,100,100,65.3,5.9130435,Very Low,71.8,5.3137975,100,1747906200,Very Low,5.5236998,7.7409444,Very Low,8.473281,62.8,9.869565,100,1747906200,7.3913045
2025-05-22T09:40:18Z,0,29.944,75.0,63,69.7,9,6,187,77,0.0,255,32767,0.11,2090-9-18,0.0,0.52,26.6,0.0,0.0,0.0,0,4.822265625,6,45,05:40,20:21,2025-05-22 09:40:18.571789,Città della Scienza,73.2,6.8960395,8.043158,6.904625,4.93425,EU EEA Common AQI,72.7,6.167813,6.289277,7200,6.4927535,100,100,65.3,5.9130435,Very Low,71.8,5.3137975,100,1747906200,Very Low,5.5236998,7.7409444,Very Low,8.473281,62.8,9.869565,100,1747906200,7.3913045
2025-05-22T09:40:29Z,0,29.944,75.0,63,69.7,11,6,169,77,0.0,255,32767,0.11,2090-9-18,0.0,0.52,26.6,0.0,0.0,0.0,0,4.822265625,6,45,05:40,20:21,2025-05-22 09:40:29.677800,Città della Scienza,73.2,6.8960395,8.043158,6.904625,4.93425,EU EEA Common AQI,72.7,6.167813,6.289277,7200,6.4927535,100,100,65.3,5.9130435,Very Low,71.8,5.3137975,100,1747906200,Very Low,5.5236998,7.7409444,Very Low,8.473281,62.8,9.869565,100,1747906200,7.3913045
2025-05-22T09:40:40Z,0,29.946,75.1,63,69.7,9,6,197,77,0.0,255,32767,0.11,2090-9-18,0.0,0.52,26.6,0.0,0.0,0.0,0,4.822265625,6,45,05:40,20:21,2025-05-22 09:40:40.774808,Città della Scienza,73.2,6.8960395,8.043158,6.904625,4.93425,EU EEA Common AQI,72.7,6.167813,6.289277,7200,6.4927535,100,100,65.3,5.9130435,Very Low,71.8,5.3137975,100,1747906200,Very Low,5.5236998,7.7409444,Very Low,8.473281,62.8,9.869565,100,1747906200,7.3913045
2025-05-22T09:40:52Z,0,29.946,75.1,63,69.6,8,6,174,77,0.0,255,32767,0.11,2090-9-18,0.0,0.52,26.6,0.0,0.0,0.0,0,4.822265625,6,45,05:40,20:21,2025-05-22 09:40:51.876796,Città della Scienza,73.2,6.8960395,8.043158,6.904625,4.93425,EU EEA Common AQI,72.7,6.167813,6.289277,7200,6.4927535,100,100,65.3,5.9130435,Very Low,71.8,5.3137975,100,1747906200,Very Low,5.5236998,7.7409444,Very Low,8.473281,62.8,9.869565,100,1747906200,7.3913045
2025-05-22T09:41:03Z,0,29.946,75.1,63,69.6,6,6,194,77,0.0,255,32767,0.11,2090-9-18,0.0,0.52,26.6,0.0,0.0,0.0,0,4.822265625,6,45,05:40,20:21,2025-05-22 09:41:02.996794,Città della Scienza,73.2,6.8960395,8.043158,6.904625,4.93425,EU EEA Common AQI,72.7,6.167813,6.289277,7200,6.4927535,100,100,65.3,5.9130435,Very Low,71.8,5.3137975,100,1747906200,Very Low,5.5236998,7.7409444,Very Low,8.473281,62.8,9.869565,100,1747906200,7.3913045
2025-05-22T09:41:14Z,0,29.946,75.1,63,69.6,7,6,188,77,0.0,255,32767,0.11,2090-9-18,0.0,0.52,26.6,0.0,0.0,0.0,0,4.822265625,6,45,05:40,20:21,2025-05-22 09:41:14.092785,Città della Scienza,73.2,6.8960395,8.043158,6.904625,4.93425,EU EEA Common AQI,72.7,6.167813,6.289277,7200,6.4927535,100,100,65.3,5.9130435,Very Low,71.8,5.3137975,100,1747906200,Very Low,5.5236998,7.7409444,Very Low,8.473281,62.8,9.869565,100,1747906200,7.3913045
2025-05-22T09:41:25Z,0,29.946,75.1,63,69.6,11,6,250,77,0.0,255,32767,0.11,2090-9-18,0.0,0.52,26.6,0.0,0.0,0.0,0,4.822265625,6,45,05:40,20:21,2025-05-22 09:41:25.167793,Città della Scienza,73.2,6.8960395,8.043158,6.904625,4.93425,EU EEA Common AQI,72.7,6.167813,6.289277,7200,6.4927535,100,100,65.3,5.9130435,Very Low,71.8,5.3137975,100,1747906200,Very Low,5.5236998,7.7409444,Very Low,8.473281,62.8,9.869565,100,1747906200,7.3913045
2025-05-22T09:41:36Z,0,29.947,75.1,63,69.6,6,7,194,77,0.0,255,32767,0.11,2090-9-18,0.0,0.52,26.6,0.0,0.0,0.0,0,4.822265625,6,45,05:40,20:21,2025-05-22 09:41:36.246789,Città della Scienza,73.2,6.8960395,8.043158,6.904625,4.93425,EU EEA Common AQI,72.7,6.167813,6.289277,7200,6.4927535,100,100,65.3,5.9130435,Very Low,71.8,5.3137975,100,1747906200,Very Low,5.5236998,7.7409444,Very Low,8.473281,62.8,9.869565,100,1747906200,7.3913045
2025-05-22T09:41:47Z,0,29.947,75.1,63,69.6,11,7,179,77,0.0,255,32767,0.11,2090-9-18,0.0,0.52,26.6,0.0,0.0,0.0,0,4.822265625,6,45,05:40,20:21,2025-05-22 09:41:47.316793,Città della Scienza,73.2,6.8960395,8.043158,6.904625,4.93425,EU EEA Common AQI,72.7,6.167813,6.289277,7200,6.4927535,100,100,65.3,5.9130435,Very Low,71.8,5.3137975,100,1747906200,Very Low,5.5236998,7.7409444,Very Low,8.473281,62.8,9.869565,100,1747906200,7.3913045
2025-05-22T09:41:58Z,0,29.947,75.1,63,69.6,9,7,188,77,0.0,255,32767,0.11,2090-9-18,0.0,0.52,26.6,0.0,0.0,0.0,0,4.822265625,6,45,05:40,20:21,2025-05-22 09:41:58.390801,Città della Scienza,73.2,6.8960395,8.043158,6.904625,4.93425,EU EEA Common AQI,72.7,6.167813,6.289277,7200,6.4927535,100,100,65.3,5.9130435,Very Low,71.8,5.3137975,100,1747906200,Very Low,5.5236998,7.7409444,Very Low,8.473281,62.8,9.869565,100,1747906200,7.3913045
2025-05-22T09:42:09Z,0,29.947,75.1,63,69.5,4,7,213,77,0.0,255,32767,0.11,2090-9-18,0.0,0.52,26.6,0.0,0.0,0.0,0,4.822265625,6,45,05:40,20:21,2025-05-22 09:42:09.513793,Città della Scienza,73.2,6.8960395,8.043158,6.904625,4.93425,EU EEA Common AQI,72.7,6.167813,6.289277,7200,6.4927535,100,100,65.3,5.9130435,Very Low,71.8,5.3137975,100,1747906200,Very Low,5.5236998,7.7409444,Very Low,8.473281,62.8,9.869565,100,1747906200,7.3913045
2025-05-22T09:42:20Z,0,29.947,75.1,63,69.5,6,7,198,77,0.0,255,32767,0.11,2090-9-18,0.0,0.52,26.6,0.0,0.0,0.0,0,4.822265625,6,45,05:40,20:21,2025-05-22 09:42:20.613761,Città della Scienza,73.2,6.8960395,8.043158,6.904625,4.93425,EU EEA Common AQI,72.7,6.167813,6.289277,7200,6.4927535,100,100,65.3,5.9130435,Very Low,71.8,5.3137975,100,1747906200,Very Low,5.5236998,7.7409444,Very Low,8.473281,62.8,9.869565,100,1747906200,7.3913045
2025-05-22T09:42:31Z,0,29.947,75.1,63,69.5,7,7,162,77,0.0,255,32767,0.11,2090-9-18,0.0,0.52,26.6,0.0,0.0,0.0,0,4.822265625,6,45,05:40,20:21,2025-05-22 09:42:31.772802,Città della Scienza,73.2,6.8960395,8.043158,6.904625,4.93425,EU EEA Common AQI,72.7,6.167813,6.289277,7200,6.4927535,100,100,65.3,5.9130435,Very Low,71.8,5.3137975,100,1747906200,Very Low,5.5236998,7.7409444,Very Low,8.473281,62.8,9.869565,100,1747906200,7.3913045
2025-05-22T09:42:43Z,0,29.945,75.1,63,69.5,3,7,186,77,0.0,255,32767,0.11,2090-9-18,0.0,0.52,26.6,0.0,0.0,0.0,0,4.822265625,6,45,05:40,20:21,2025-05-22 09:42:42.877769,Città della Scienza,73.2,6.8960395,8.043158,6.904625,4.93425,EU EEA Common AQI,72.7,6.167813,6.289277,7200,6.4927535,100,100,65.3,5.9130435,Very Low,71.8,5.3137975,100,1747906200,Very Low,5.5236998,7.7409444,Very Low,8.473281,62.8,9.869565,100,1747906200,7.3913045
2025-05-22T09:42:54Z,0,29.945,75.1,63,69.5,8,7,181,77,0.0,255,32767,0.11,2090-9-18,0.0,0.52,26.6,0.0,0.0,0.0,0,4.822265625,6,45,05:40,20:21,2025-05-22 09:42:53.987792,Città della Scienza,73.2,6.8960395,8.043158,6.904625,4.93425,EU EEA Common AQI,72.7,6.167813,6.289277,7200,6.4927535,100,100,65.3,5.9130435,Very Low,71.8,5.3137975,100,1747906200,Very Low,5.5236998,7.7409444,Very Low,8.473281,62.8,9.869565,100,1747906200,7.3913045
2025-05-22T09:43:05Z,0,29.945,75.1,63,69.5,9,7,171,77,0.0,255,32767,0.11,2090-9-18,0.0,0.52,26.6,0.0,0.0,0.0,0,4.822265625,6,45,05:40,20:21,2025-05-22 09:43:05.089792,Città della Scienza,73.2,6.8960395,8.043158,6.904625,4.93425,EU EEA Common AQI,72.7,6.167813,6.289277,7200,6.4927535,100,100,65.3,5.9130435,Very Low,71.8,5.3137975,100,1747906200,Very Low,5.5236998,7.7409444,Very Low,8.473281,62.8,9.869565,100,1747906200,7.3913045
2025-05-22T09:43:16Z,0,29.945,75.1,63,69.4,6,7,167,77,0.0,255,32767,0.11,2090-9-18,0.0,0.52,26.6,0.0,0.0,0.0,0,4.822265625,6,45,05:40,20:21,2025-05-22 09:43:16.223798,Città della Scienza,73.2,6.8960395,8.043158,6.904625,4.93425,EU EEA Common AQI,72.7,6.167813,6.289277,7200,6.4927535,100,100,65.3,5.9130435,Very Low,71.8,5.3137975,100,1747906200,Very Low,5.5236998,7.7409444,Very Low,8.473281,62.8,9.869565,100,1747906200,7.3913045
2025-05-22T09:43:27Z,0,29.945,75.1,63,69.4,7,7,165,77,0.0,255,32767,0.11,2090-9-18,0.0,0.52,26.6,0.0,0.0,0.0,0,4.822265625,6,45,05:40,20:21,2025-05-22 09:43:27.347790,Città della Scienza,73.2,6.8960395,8.043158,6.904625,4.93425,EU EEA Common AQI,72.7,6.167813,6.289277,7200,6.4927535,100,100,65.3,5.9130435,Very Low,71.8,5.3137975,100,1747906200,Very Low,5.5236998,7.7409444,Very Low,8.473281,62.8,9.869565,100,1747906200,7.3913045
2025-05-22T09:43:38Z,0,29.949,75.1,63,69.4,8,7,173,77,0.0,255,32767,0.11,2090-9-18,0.0,0.52,26.6,0.0,0.0,0.0,0,4.822265625,6,45,05:40,20:21,2025-05-22 09:43:38.434800,Città della Scienza,73.2,6.8960395,8.043158,6.904625,4.93425,EU EEA Common AQI,72.7,6.167813,6.289277,7200,6.4927535,100,100,65.3,5.9130435,Very Low,71.8,5.3137975,100,1747906200,Very Low,5.5236998,7.7409444,Very Low,8.473281,62.8,9.869565,100,1747906200,7.3913045
2025-05-22T09:43:49Z,0,29.949,75.1,63,69.4,6,7,170,77,0.0,255,32767,0.11,2090-9-18,0.0,0.52,26.6,0.0,0.0,0.0,0,4.822265625,6,45,05:40,20:21,2025-05-22 09:43:49.523805,Città della Scienza,73.2,6.8960395,8.043158,6.904625,4.93425,EU EEA Common AQI,72.7,6.167813,6.289277,7200,6.4927535,100,100,65.3,5.9130435,Very Low,71.8,5.3137975,100,1747906200,Very Low,5.5236998,7.7409444,Very Low,8.473281,62.8,9.869565,100,1747906200,7.3913045
2025-05-22T09:44:00Z,0,29.949,75.1,63,69.3,7,7,169,77,0.0,255,32767,0.11,2090-9-18,0.0,0.52,26.6,0.0,0.0,0.0,0,4.822265625,6,45,05:40,20:21,2025-05-22 09:44:00.646820,Città della Scienza,73.2,6.8960395,8.043158,6.904625,4.93425,EU EEA Common AQI,72.7,6.167813,6.289277,7200,6.4927535,100,100,65.3,5.9130435,Very Low,71.8,5.3137975,100,1747906200,Very Low,5.5236998,7.7409444,Very Low,8.473281,62.8,9.869565,100,1747906200,7.3913045
2025-05-22T09:44:11Z,0,29.949,75.1,63,69.3,6,7,187,77,0.0,255,32767,0.11,2090-9-18,0.0,0.52,26.6,0.0,0.0,0.0,0,4.822265625,6,45,05:40,20:21,2025-05-22 09:44:11.795754,Città della Scienza,73.2,6.8960395,8.043158,6.904625,4.93425,EU EEA Common AQI,72.7,6.167813,6.289277,7200,6.4927535,100,100,65.3,5.9130435,Very Low,71.8,5.3137975,100,1747906200,Very Low,5.5236998,7.7409444,Very Low,8.473281,62.8,9.869565,100,1747906200,7.3913045
2025-05-22T09:44:23Z,0,29.949,75.1,63,69.3,4,7,186,77,0.0,255,32767,0.11,2090-9-18,0.0,0.52,26.6,0.0,0.0,0.0,0,4.822265625,6,45,05:40,20:21,2025-05-22 09:44:22.917755,Città della Scienza,73.2,6.8960395,8.043158,6.904625,4.93425,EU EEA Common AQI,72.7,6.167813,6.289277,7200,6.4927535,100,100,65.3,5.9130435,Very Low,71.8,5.3137975,100,1747906200,Very Low,5.5236998,7.7409444,Very Low,8.473281,62.8,9.869565,100,1747906200,7.3913045
2025-05-22T09:44:34Z,0,29.945,75.1,63,69.3,6,7,167,77,0.0,255,32767,0.11,2090-9-18,0.0,0.52,26.6,0.0,0.0,0.0,0,4.822265625,6,45,05:40,20:21,2025-05-22 09:44:34.015801,Città della Scienza,73.2,6.8960395,8.043158,6.904625,4.93425,EU EEA Common AQI,72.7,6.167813,6.289277,7200,6.4927535,100,100,65.3,5.9130435,Very Low,71.8,5.3137975,100,1747906200,Very Low,5.5236998,7.7409444,Very Low,8.473281,62.8,9.869565,100,1747906200,7.3913045
2025-05-22T09:44:45Z,0,29.945,75.1,63,69.2,6,7,186,77,0.0,255,32767,0.11,2090-9-18,0.0,0.52,26.6,0.0,0.0,0.0,0,4.822265625,6,45,05:40,20:21,2025-05-22 09:44:45.113821,Città della Scienza,73.2,6.8960395,8.043158,6.904625,4.93425,EU EEA Common AQI,72.7,6.167813,6.289277,7200,6.4927535,100,100,65.3,5.9130435,Very Low,71.8,5.3137975,100,1747906200,Very Low,5.5236998,7.7409444,Very Low,8.473281,62.8,9.869565,100,1747906200,7.3913045
2025-05-22T09:44:56Z,0,29.945,75.1,63,69.3,8,7,167,78,0.0,255,32767,0.11,2090-9-18,0.0,0.52,26.6,0.0,0.0,0.0,0,4.822265625,6,45,05:40,20:21,2025-05-22 09:44:56.215789,Città della Scienza,73.2,6.8960395,8.043158,6.904625,4.93425,EU EEA Common AQI,72.7,6.167813,6.289277,7200,6.4927535,100,100,65.3,5.9130435,Very Low,71.8,5.3137975,100,1747906200,Very Low,5.5236998,7.7409444,Very Low,8.473281,62.8,9.869565,100,1747906200,7.3913045
2025-05-22T09:45:07Z,0,29.945,75.1,63,69.3,5,7,182,78,0.0,255,32767,0.11,2090-9-18,0.0,0.52,26.6,0.0,0.0,0.0,0,4.822265625,6,45,05:40,20:21,2025-05-22 09:45:07.327791,Città della Scienza,73.2,6.8960395,8.043158,6.904625,4.93425,EU EEA Common AQI,72.7,6.167813,6.289277,7200,6.4927535,100,100,65.3,5.9130435,Very Low,71.8,5.3137975,100,1747906200,Very Low,5.5236998,7.7409444,Very Low,8.473281,62.8,9.869565,100,1747906200,7.3913045
2025-05-22T09:45:18Z,0,29.945,75.1,63,69.3,7,7,181,78,0.0,255,32767,0.11,2090-9-18,0.0,0.52,26.6,0.0,0.0,0.0,0,4.822265625,6,45,05:40,20:21,2025-05-22 09:45:18.426806,Città della Scienza,73.2,6.8960395,8.043158,6.904625,4.93425,EU EEA Common AQI,72.7,6.167813,6.289277,7200,6.4927535,100,100,65.3,5.9130435,Very Low,71.8,5.3137975,100,1747906200,Very Low,5.5236998,7.7409444,Very Low,8.473281,62.8,9.869565,100,1747906200,7.3913045
2025-05-22T09:45:29Z,0,29.945,75.1,63,69.2,7,7,184,78,0.0,255,32767,0.11,2090-9-18,0.0,0.52,26.6,0.0,0.0,0.0,0,4.822265625,6,45,05:40,20:21,2025-05-22 09:45:29.542795,Città della Scienza,73.2,7.186587,8.075851,7.1082892,5.0918913,EU EEA Common AQI,73.2,6.3648643,6.331849,7200,5.857143,100,100,65.7,4.811428,Very Low,72.3,5.59513,100,1747907100,Very Low,5.686631,7.935667,Very Low,8.667944,63.2,6.9714284,100,1747907100,6.0142856
2025-05-22T09:45:40Z,0,29.944,75.1,63,69.2,8,7,187,78,0.0,255,32767,0.11,2090-9-18,0.0,0.52,26.6,0.0,0.0,0.0,0,4.822265625,6,45,05:40,20:21,2025-05-22 09:45:40.663793,Città della Scienza,73.2,7.186587,8.075851,7.1082892,5.0918913,EU EEA Common AQI,73.2,6.3648643,6.331849,7200,5.857143,100,100,65.7,4.811428,Very Low,72.3,5.59513,100,1747907100,Very Low,5.686631,7.935667,Very Low,8.667944,63.2,6.9714284,100,1747907100,6.0142856
2025-05-22T09:45:52Z,0,29.944,75.1,63,69.2,8,7,212,78,0.0,255,32767,0.11,2090-9-18,0.0,0.52,26.6,0.0,0.0,0.0,0,4.822265625,6,45,05:40,20:21,2025-05-22 09:45:51.804797,Città della Scienza,73.2,7.186587,8.075851,7.1082892,5.0918913,EU EEA Common AQI,73.2,6.3648643,6.331849,7200,5.857143,100,100,65.7,4.811428,Very Low,72.3,5.59513,100,1747907100,Very Low,5.686631,7.935667,Very Low,8.667944,63.2,6.9714284,100,1747907100,6.0142856
2025-05-22T09:46:03Z,0,29.944,75.1,63,69.1,7,7,162,78,0.0,255,32767,0.11,2090-9-18,0.0,0.52,26.6,0.0,0.0,0.0,0,4.822265625,6,45,05:40,20:21,2025-05-22 09:46:02.917809,Città della Scienza,73.2,7.186587,8.075851,7.1082892,5.0918913,EU EEA Common AQI,73.2,6.3648643,6.331849,7200,5.857143,100,100,65.7,4.811428,Very Low,72.3,5.59513,100,1747907100,Very Low,5.686631,7.935667,Very Low,8.667944,63.2,6.9714284,100,1747907100,6.0142856
2025-05-22T09:46:14Z,0,29.944,75.1,63,69.2,5,7,178,78,0.0,255,32767,0.11,2090-9-18,0.0,0.52,26.6,0.0,0.0,0.0,0,4.822265625,6,45,05:40,20:21,2025-05-22 09:46:14.045795,Città della Scienza,73.2,7.186587,8.075851,7.1082892,5.0918913,EU EEA Common AQI,73.2,6.3648643,6.331849,7200,5.857143,100,100,65.7,4.811428,Very Low,72.3,5.59513,100,1747907100,Very Low,5.686631,7.935667,Very Low,8.667944,63.2,6.9714284,100,1747907100,6.0142856
2025-05-22T09:46:25Z,0,29.944,75.1,63,69.2,7,7,181,78,0.0,255,32767,0.11,2090-9-18,0.0,0.52,26.6,0.0,0.0,0.0,0,4.822265625,6,45,05:40,20:21,2025-05-22 09:46:25.146793,Città della Scienza,73.2,7.186587,8.075851,7.1082892,5.0918913,EU EEA Common AQI,73.2,6.3648643,6.331849,7200,5.857143,100,100,65.7,4.811428,Very Low,72.3,5.59513,100,1747907100,Very Low,5.686631,7.935667,Very Low,8.667944,63.2,6.9714284,100,1747907100,6.0142856
2025-05-22T09:46:36Z,0,29.946,75.2,63,69.2,7,7,176,78,0.0,255,32767,0.11,2090-9-18,0.0,0.52,26.6,0.0,0.0,0.0,0,4.822265625,6,45,05:40,20:21,2025-05-22 09:46:36.347788,Città della Scienza,73.2,7.186587,8.075851,7.1082892,5.0918913,EU EEA Common AQI,73.2,6.3648643,6.331849,7200,5.857143,100,100,65.7,4.811428,Very Low,72.3,5.59513,100,1747907100,Very Low,5.686631,7.935667,Very Low,8.667944,63.2,6.9714284,100,1747907100,6.0142856
2025-05-22T09:46:47Z,0,29.946,75.2,63,69.2,10,7,165,79,0.0,255,32767,0.11,2090-9-18,0.0,0.52,26.6,0.0,0.0,0.0,0,4.822265625,6,45,05:40,20:21,2025-05-22 09:46:47.443790,Città della Scienza,73.2,7.186587,8.075851,7.1082892,5.0918913,EU EEA Common AQI,73.2,6.3648643,6.331849,7200,5.857143,100,100,65.7,4.811428,Very Low,72.3,5.59513,100,1747907100,Very Low,5.686631,7.935667,Very Low,8.667944,63.2,6.9714284,100,1747907100,6.0142856
2025-05-22T09:46:58Z,0,29.946,75.2,63,69.2,4,7,192,79,0.0,255,32767,0.11,2090-9-18,0.0,0.52,26.6,0.0,0.0,0.0,0,4.822265625,6,45,05:40,20:21,2025-05-22 09:46:58.569785,Città della Scienza,73.2,7.186587,8.075851,7.1082892,5.0918913,EU EEA Common AQI,73.2,6.3648643,6.331849,7200,5.857143,100,100,65.7,4.811428,Very Low,72.3,5.59513,100,1747907100,Very Low,5.686631,7.935667,Very Low,8.667944,63.2,6.9714284,100,1747907100,6.0142856
2025-05-22T09:47:09Z,0,29.946,75.2,63,69.1,6,7,170,79,0.0,255,32767,0.11,2090-9-18,0.0,0.52,26.6,0.0,0.0,0.0,0,4.822265625,6,45,05:40,20:21,2025-05-22 09:47:09.679799,Città della Scienza,73.2,7.186587,8.075851,7.1082892,5.0918913,EU EEA Common AQI,73.2,6.3648643,6.331849,7200,5.857143,100,100,65.7,4.811428,Very Low,72.3,5.59513,100,1747907100,Very Low,5.686631,7.935667,Very Low,8.667944,63.2,6.9714284,100,1747907100,6.0142856
2025-05-22T09:47:20Z,0,29.946,75.2,63,69.1,8,7,173,79,0.0,255,32767,0.11,2090-9-18,0.0,0.52,26.6,0.0,0.0,0.0,0,4.822265625,6,45,05:40,20:21,2025-05-22 09:47:20.785798,Città della Scienza,73.2,7.186587,8.075851,7.1082892,5.0918913,EU EEA Common AQI,73.2,6.3648643,6.331849,7200,5.857143,100,100,65.7,4.811428,Very Low,72.3,5.59513,100,1747907100,Very Low,5.686631,7.935667,Very Low,8.667944,63.2,6.9714284,100,1747907100,6.0142856
2025-05-22T09:47:32Z,0,29.946,75.2,63,69.2,5,7,223,79,0.0,255,32767,0.11,2090-9-18,0.0,0.52,26.6,0.0,0.0,0.0,0,4.822265625,6,45,05:40,20:21,2025-05-22 09:47:31.931793,Città della Scienza,73.2,7.186587,8.075851,7.1082892,5.0918913,EU EEA Common AQI,73.2,6.3648643,6.331849,7200,5.857143,100,100,65.7,4.811428,Very Low,72.3,5.59513,100,1747907100,Very Low,5.686631,7.935667,Very Low,8.667944,63.2,6.9714284,100,1747907100,6.0142856
2025-05-22T09:47:43Z,0,29.947,75.1,63,69.2,4,7,184,79,0.0,255,32767,0.11,2090-9-18,0.0,0.52,26.6,0.0,0.0,0.0,0,4.822265625,6,45,05:40,20:21,2025-05-22 09:47:43.033795,Città della Scienza,73.2,7.186587,8.075851,7.1082892,5.0918913,EU EEA Common AQI,73.2,6.3648643,6.331849,7200,5.857143,100,100,65.7,4.811428,Very Low,72.3,5.59513,100,1747907100,Very Low,5.686631,7.935667,Very Low,8.667944,63.2,6.9714284,100,1747907100,6.0142856
2025-05-22T09:47:54Z,0,29.947,75.1,63,69.1,9,7,172,79,0.0,255,32767,0.11,2090-9-18,0.0,0.52,26.6,0.0,0.0,0.0,0,4.822265625,6,45,05:40,20:21,2025-05-22 09:47:54.171809,Città della Scienza,73.2,7.186587,8.075851,7.1082892,5.0918913,EU EEA Common AQI,73.2,6.3648643,6.331849,7200,5.857143,100,100,65.7,4.811428,Very Low,72.3,5.59513,100,1747907100,Very Low,5.686631,7.935667,Very Low,8.667944,63.2,6.9714284,100,1747907100,6.0142856
2025-05-22T09:48:05Z,0,29.947,75.1,63,69.1,8,7,174,79,0.0,255,32767,0.11,2090-9-18,0.0,0.52,26.6,0.0,0.0,0.0,0,4.822265625,6,45,05:40,20:21,2025-05-22 09:48:05.283803,Città della Scienza,73.2,7.186587,8.075851,7.1082892,5.0918913,EU EEA Common AQI,73.2,6.3648643,6.331849,7200,5.857143,100,100,65.7,4.811428,Very Low,72.3,5.59513,100,1747907100,Very Low,5.686631,7.935667,Very Low,8.667944,63.2,6.9714284,100,1747907100,6.0142856
2025-05-22T09:48:16Z,0,29.947,75.1,63,69.1,6,7,170,79,0.0,255,32767,0.11,2090-9-18,0.0,0.52,26.6,0.0,0.0,0.0,0,4.822265625,6,45,05:40,20:21,2025-05-22 09:48:16.414786,Città della Scienza,73.2,7.186587,8.075851,7.1082892,5.0918913,EU EEA Common AQI,73.2,6.3648643,6.331849,7200,5.857143,100,100,65.7,4.811428,Very Low,72.3,5.59513,100,1747907100,Very Low,5.686631,7.935667,Very Low,8.667944,63.2,6.9714284,100,1747907100,6.0142856
2025-05-22T09:48:27Z,0,29.947,75.1,63,69.2,9,7,167,78,0.0,255,32767,0.11,2090-9-18,0.0,0.52,26.6,0.0,0.0,0.0,0,4.822265625,6,45,05:40,20:21,2025-05-22 09:48:27.488796,Città della Scienza,73.2,7.186587,8.075851,7.1082892,5.0918913,EU EEA Common AQI,73.2,6.3648643,6.331849,7200,5.857143,100,100,65.7,4.811428,Very Low,72.3,5.59513,100,1747907100,Very Low,5.686631,7.935667,Very Low,8.667944,63.2,6.9714284,100,1747907100,6.0142856
2025-05-22T09:48:38Z,0,29.944,75.2,63,69.1,8,7,158,78,0.0,255,32767,0.11,2090-9-18,0.0,0.52,26.6,0.0,0.0,0.0,0,4.822265625,6,45,05:40,20:21,2025-05-22 09:48:38.591790,Città della Scienza,73.2,7.186587,8.075851,7.1082892,5.0918913,EU EEA Common AQI,73.2,6.3648643,6.331849,7200,5.857143,100,100,65.7,4.811428,Very Low,72.3,5.59513,100,1747907100,Very Low,5.686631,7.935667,Very Low,8.667944,63.2,6.9714284,100,1747907100,6.0142856
2025-05-22T09:48:49Z,0,29.944,75.2,63,69.1,7,7,169,78,0.0,255,32767,0.11,2090-9-18,0.0,0.52,26.6,0.0,0.0,0.0,0,4.822265625,6,45,05:40,20:21,2025-05-22 09:48:49.696788,Città della Scienza,73.2,7.186587,8.075851,7.1082892,5.0918913,EU EEA Common AQI,73.2,6.3648643,6.331849,7200,5.857143,100,100,65.7,4.811428,Very Low,72.3,5.59513,100,1747907100,Very Low,5.686631,7.935667,Very Low,8.667944,63.2,6.9714284,100,1747907100,6.0142856
2025-05-22T09:49:01Z,0,29.944,75.2,63,69.1,6,7,175,78,0.0,255,32767,0.11,2090-9-18,0.0,0.52,26.6,0.0,0.0,0.0,0,4.822265625,6,45,05:40,20:21,2025-05-22 09:49:00.814811,Città della Scienza,73.2,7.186587,8.075851,7.1082892,5.0918913,EU EEA Common AQI,73.2,6.3648643,6.331849,7200,5.857143,100,100,65.7,4.811428,Very Low,72.3,5.59513,100,1747907100,Very Low,5.686631,7.935667,Very Low,8.667944,63.2,6.9714284,100,1747907100,6.0142856
2025-05-22T09:49:12Z,0,29.944,75.2,63,69.0,8,7,178,78,0.0,255,32767,0.11,2090-9-18,0.0,0.52,26.6,0.0,0.0,0.0,0,4.822265625,6,45,05:40,20:21,2025-05-22 09:49:11.964798,Città della Scienza,73.2,7.186587,8.075851,7.1082892,5.0918913,EU EEA Common AQI,73.2,6.3648643,6.331849,7200,5.857143,100,100,65.7,4.811428,Very Low,72.3,5.59513,100,1747907100,Very Low,5.686631,7.935667,Very Low,8.667944,63.2,6.9714284,100,1747907100,6.0142856
2025-05-22T09:49:23Z,0,29.944,75.2,63,69.0,4,7,200,78,0.0,255,32767,0.11,2090-9-18,0.0,0.52,26.6,0.0,0.0,0.0,0,4.822265625,6,45,05:40,20:21,2025-05-22 09:49:23.081793,Città della Scienza,73.2,7.186587,8.075851,7.1082892,5.0918913,EU EEA Common AQI,73.2,6.3648643,6.331849,7200,5.857143,100,100,65.7,4.811428,Very Low,72.3,5.59513,100,1747907100,Very Low,5.686631,7.935667,Very Low,8.667944,63.2,6.9714284,100,1747907100,6.0142856
2025-05-22T09:49:34Z,0,29.947,75.3,63,69.0,9,7,196,78,0.0,255,32767,0.11,2090-9-18,0.0,0.52,26.6,0.0,0.0,0.0,0,4.822265625,6,45,05:40,20:21,2025-05-22 09:49:34.190751,Città della Scienza,73.2,7.186587,8.075851,7.1082892,5.0918913,EU EEA Common AQI,73.2,6.3648643,6.331849,7200,5.857143,100,100,65.7,4.811428,Very Low,72.3,5.59513,100,1747907100,Very Low,5.686631,7.935667,Very Low,8.667944,63.2,6.9714284,100,1747907100,6.0142856
2025-05-22T09:49:45Z,0,29.947,75.3,63,69.0,8,7,199,78,0.0,255,32767,0.11,2090-9-18,0.0,0.52,26.6,0.0,0.0,0.0,0,4.822265625,6,45,05:40,20:21,2025-05-22 09:49:45.270806,Città della Scienza,73.2,7.186587,8.075851,7.1082892,5.0918913,EU EEA Common AQI,73.2,6.3648643,6.331849,7200,5.857143,100,100,65.7,4.811428,Very Low,72.3,5.59513,100,1747907100,Very Low,5.686631,7.935667,Very Low,8.667944,63.2,6.9714284,100,1747907100,6.0142856
2025-05-22T09:49:56Z,0,29.947,75.3,63,69.0,5,7,234,78,0.0,255,32767,0.11,2090-9-18,0.0,0.52,26.6,0.0,0.0,0.0,0,4.822265625,6,45,05:40,20:21,2025-05-22 09:49:56.389768,Città della Scienza,73.2,7.186587,8.075851,7.1082892,5.0918913,EU EEA Common AQI,73.2,6.3648643,6.331849,7200,5.857143,100,100,65.7,4.811428,Very Low,72.3,5.59513,100,1747907100,Very Low,5.686631,7.935667,Very Low,8.667944,63.2,6.9714284,100,1747907100,6.0142856
2025-05-22T09:50:07Z,0,29.947,75.3,63,69.0,9,7,174,78,0.0,255,32767,0.11,2090-9-18,0.0,0.52,26.6,0.0,0.0,0.0,0,4.822265625,6,45,05:40,20:21,2025-05-22 09:50:07.517785,Città della Scienza,73.2,7.186587,8.075851,7.1082892,5.0918913,EU EEA Common AQI,73.2,6.3648643,6.331849,7200,5.857143,100,100,65.7,4.811428,Very Low,72.3,5.59513,100,1747907100,Very Low,5.686631,7.935667,Very Low,8.667944,63.2,6.9714284,100,1747907100,6.0142856
2025-05-22T09:50:18Z,0,29.947,75.3,63,69.0,5,7,212,78,0.0,255,32767,0.11,2090-9-18,0.0,0.52,26.6,0.0,0.0,0.0,0,4.822265625,6,45,05:40,20:21,2025-05-22 09:50:18.641808,Città della Scienza,73.2,7.186587,8.075851,7.1082892,5.0918913,EU EEA Common AQI,73.2,6.3648643,6.331849,7200,5.857143,100,100,65.7,4.811428,Very Low,72.3,5.59513,100,1747907100,Very Low,5.686631,7.935667,Very Low,8.667944,63.2,6.9714284,100,1747907100,6.0142856
2025-05-22T09:50:29Z,0,29.947,75.3,63,69.0,2,7,355,78,0.0,255,32767,0.11,2090-9-18,0.0,0.52,26.6,0.0,0.0,0.0,0,4.822265625,6,45,05:40,20:21,2025-05-22 09:50:29.768786,Città della Scienza,73.2,7.186587,8.075851,7.1082892,5.0918913,EU EEA Common AQI,73.2,6.3648643,6.331849,7200,5.857143,100,100,65.7,4.811428,Very Low,72.3,5.59513,100,1747907100,Very Low,5.686631,7.935667,Very Low,8.667944,63.2,6.9714284,100,1747907100,6.0142856
2025-05-22T09:50:41Z,0,29.945,75.2,63,69.0,7,7,175,78,0.0,255,32767,0.11,2090-9-18,0.0,0.52,26.6,0.0,0.0,0.0,0,4.822265625,6,45,05:40,20:21,2025-05-22 09:50:40.856799,Città della Scienza,73.2,7.186587,8.075851,7.1082892,5.0918913,EU EEA Common AQI,73.2,6.3648643,6.331849,7200,5.857143,100,100,65.7,4.811428,Very Low,72.3,5.59513,100,1747907100,Very Low,5.686631,7.935667,Very Low,8.667944,63.2,6.9714284,100,1747907100,6.0142856
2025-05-22T09:50:52Z,0,29.945,75.2,63,69.0,8,7,167,78,0.0,255,32767,0.11,2090-9-18,0.0,0.52,26.6,0.0,0.0,0.0,0,4.822265625,6,45,05:40,20:21,2025-05-22 09:50:51.991789,Città della Scienza,73.2,7.186587,8.075851,7.1082892,5.0918913,EU EEA Common AQI,73.2,6.3648643,6.331849,7200,5.857143,100,100,65.7,4.811428,Very Low,72.3,5.59513,100,1747907100,Very Low,5.686631,7.935667,Very Low,8.667944,63.2,6.9714284,100,1747907100,6.0142856
2025-05-22T09:51:03Z,0,29.945,75.2,63,69.1,8,7,178,79,0.0,255,32767,0.11,2090-9-18,0.0,0.52,26.6,0.0,0.0,0.0,0,4.822265625,6,45,05:40,20:21,2025-05-22 09:51:03.157800,Città della Scienza,73.2,7.186587,8.075851,7.1082892,5.0918913,EU EEA Common AQI,73.2,6.3648643,6.331849,7200,5.857143,100,100,65.7,4.811428,Very Low,72.3,5.59513,100,1747907100,Very Low,5.686631,7.935667,Very Low,8.667944,63.2,6.9714284,100,1747907100,6.0142856
2025-05-22T09:51:14Z,0,29.945,75.2,63,69.1,4,7,179,79,0.0,255,32767,0.11,2090-9-18,0.0,0.52,26.6,0.0,0.0,0.0,0,4.822265625,6,45,05:40,20:21,2025-05-22 09:51:14.262795,Città della Scienza,73.2,7.186587,8.075851,7.1082892,5.0918913,EU EEA Common AQI,73.2,6.3648643,6.331849,7200,5.857143,100,100,65.7,4.811428,Very Low,72.3,5.59513,100,1747907100,Very Low,5.686631,7.935667,Very Low,8.667944,63.2,6.9714284,100,1747907100,6.0142856
2025-05-22T09:51:25Z,0,29.945,75.2,63,69.1,7,7,177,79,0.0,255,32767,0.11,2090-9-18,0.0,0.52,26.6,0.0,0.0,0.0,0,4.822265625,6,45,05:40,20:21,2025-05-22 09:51:25.382791,Città della Scienza,73.2,7.186587,8.075851,7.1082892,5.0918913,EU EEA Common AQI,73.2,6.3648643,6.331849,7200,5.857143,100,100,65.7,4.811428,Very Low,72.3,5.59513,100,1747907100,Very Low,5.686631,7.935667,Very Low,8.667944,63.2,6.9714284,100,1747907100,6.0142856
2025-05-22T09:51:36Z,0,29.946,75.2,63,69.1,7,7,174,79,0.0,255,32767,0.11,2090-9-18,0.0,0.52,26.6,0.0,0.0,0.0,0,4.822265625,6,45,05:40,20:21,2025-05-22 09:51:36.499751,Città della Scienza,73.2,7.186587,8.075851,7.1082892,5.0918913,EU EEA Common AQI,73.2,6.3648643,6.331849,7200,5.857143,100,100,65.7,4.811428,Very Low,72.3,5.59513,100,1747907100,Very Low,5.686631,7.935667,Very Low,8.667944,63.2,6.9714284,100,1747907100,6.0142856
2025-05-22T09:51:47Z,0,29.946,75.2,63,69.2,6,7,193,79,0.0,255,32767,0.11,2090-9-18,0.0,0.52,26.6,0.0,0.0,0.0,0,4.822265625,6,45,05:40,20:21,2025-05-22 09:51:47.610791,Città della Scienza,73.2,7.186587,8.075851,7.1082892,5.0918913,EU EEA Common AQI,73.2,6.3648643,6.331849,7200,5.857143,100,100,65.7,4.811428,Very Low,72.3,5.59513,100,1747907100,Very Low,5.686631,7.935667,Very Low,8.667944,63.2,6.9714284,100,1747907100,6.0142856
2025-05-22T09:51:58Z,0,29.946,75.2,63,69.2,5,7,163,78,0.0,255,32767,0.11,2090-9-18,0.0,0.52,26.6,0.0,0.0,0.0,0,4.822265625,6,45,05:40,20:21,2025-05-22 09:51:58.740795,Città della Scienza,73.2,7.186587,8.075851,7.1082892,5.0918913,EU EEA Common AQI,73.2,6.3648643,6.331849,7200,5.857143,100,100,65.7,4.811428,Very Low,72.3,5.59513,100,1747907100,Very Low,5.686631,7.935667,Very Low,8.667944,63.2,6.9714284,100,1747907100,6.0142856
2025-05-22T09:52:10Z,0,29.946,75.2,63,69.2,7,7,176,78,0.0,255,32767,0.11,2090-9-18,0.0,0.52,26.6,0.0,0.0,0.0,0,4.822265625,6,45,05:40,20:21,2025-05-22 09:52:09.845790,Città della Scienza,73.2,7.186587,8.075851,7.1082892,5.0918913,EU EEA Common AQI,73.2,6.3648643,6.331849,7200,5.857143,100,100,65.7,4.811428,Very Low,72.3,5.59513,100,1747907100,Very Low,5.686631,7.935667,Very Low,8.667944,63.2,6.9714284,100,1747907100,6.0142856
2025-05-22T09:52:21Z,0,29.946,75.2,63,69.1,7,7,179,78,0.0,255,32767,0.11,2090-9-18,0.0,0.52,26.6,0.0,0.0,0.0,0,4.822265625,6,45,05:40,20:21,2025-05-22 09:52:20.966791,Città della Scienza,73.2,7.186587,8.075851,7.1082892,5.0918913,EU EEA Common AQI,73.2,6.3648643,6.331849,7200,5.857143,100,100,65.7,4.811428,Very Low,72.3,5.59513,100,1747907100,Very Low,5.686631,7.935667,Very Low,8.667944,63.2,6.9714284,100,1747907100,6.0142856
2025-05-22T09:52:32Z,0,29.946,75.2,63,69.2,9,7,171,78,0.0,255,32767,0.11,2090-9-18,0.0,0.52,26.6,0.0,0.0,0.0,0,4.822265625,6,45,05:40,20:21,2025-05-22 09:52:32.041786,Città della Scienza,73.2,7.186587,8.075851,7.1082892,5.0918913,EU EEA Common AQI,73.2,6.3648643,6.331849,7200,5.857143,100,100,65.7,4.811428,Very Low,72.3,5.59513,100,1747907100,Very Low,5.686631,7.935667,Very Low,8.667944,63.2,6.9714284,100,1747907100,6.0142856
2025-05-22T09:52:43Z,0,29.946,75.3,63,69.2,4,7,182,78,0.0,255,32767,0.11,2090-9-18,0.0,0.52,26.6,0.0,0.0,0.0,0,4.822265625,6,45,05:40,20:21,2025-05-22 09:52:43.144803,Città della Scienza,73.2,7.186587,8.075851,7.1082892,5.0918913,EU EEA Common AQI,73.2,6.3648643,6.331849,7200,5.857143,100,100,65.7,4.811428,Very Low,72.3,5.59513,100,1747907100,Very Low,5.686631,7.935667,Very Low,8.667944,63.2,6.9714284,100,1747907100,6.0142856
2025-05-22T09:52:54Z,0,29.946,75.3,63,69.1,7,7,171,78,0.0,255,32767,0.11,2090-9-18,0.0,0.52,26.6,0.0,0.0,0.0,0,4.822265625,6,45,05:40,20:21,2025-05-22 09:52:54.288773,Città della Scienza,73.2,7.186587,8.075851,7.1082892,5.0918913,EU EEA Common AQI,73.2,6.3648643,6.331849,7200,5.857143,100,100,65.7,4.811428,Very Low,72.3,5.59513,100,1747907100,Very Low,5.686631,7.935667,Very Low,8.667944,63.2,6.9714284,100,1747907100,6.0142856
2025-05-22T09:53:05Z,0,29.946,75.3,63,69.0,6,7,171,78,0.0,255,32767,0.11,2090-9-18,0.0,0.52,26.6,0.0,0.0,0.0,0,4.822265625,6,45,05:40,20:21,2025-05-22 09:53:05.380800,Città della Scienza,73.2,7.186587,8.075851,7.1082892,5.0918913,EU EEA Common AQI,73.2,6.3648643,6.331849,7200,5.857143,100,100,65.7,4.811428,Very Low,72.3,5.59513,100,1747907100,Very Low,5.686631,7.935667,Very Low,8.667944,63.2,6.9714284,100,1747907100,6.0142856
2025-05-22T09:53:16Z,0,29.946,75.3,63,69.0,8,7,160,78,0.0,255,32767,0.11,2090-9-18,0.0,0.52,26.6,0.0,0.0,0.0,0,4.822265625,6,45,05:40,20:21,2025-05-22 09:53:16.468760,Città della Scienza,73.2,7.186587,8.075851,7.1082892,5.0918913,EU EEA Common AQI,73.2,6.3648643,6.331849,7200,5.857143,100,100,65.7,4.811428,Very Low,72.3,5.59513,100,1747907100,Very Low,5.686631,7.935667,Very Low,8.667944,63.2,6.9714284,100,1747907100,6.0142856
2025-05-22T09:53:27Z,0,29.946,75.3,63,69.0,7,7,175,78,0.0,255,32767,0.11,2090-9-18,0.0,0.52,26.6,0.0,0.0,0.0,0,4.822265625,6,45,05:40,20:21,2025-05-22 09:53:27.564796,Città della Scienza,73.2,7.186587,8.075851,7.1082892,5.0918913,EU EEA Common AQI,73.2,6.3648643,6.331849,7200,5.857143,100,100,65.7,4.811428,Very Low,72.3,5.59513,100,1747907100,Very Low,5.686631,7.935667,Very Low,8.667944,63.2,6.9714284,100,1747907100,6.0142856
2025-05-22T09:53:38Z,0,29.946,75.3,63,69.0,8,7,161,78,0.0,255,32767,0.11,2090-9-18,0.0,0.52,26.6,0.0,0.0,0.0,0,4.822265625,6,45,05:40,20:21,2025-05-22 09:53:38.686795,Città della Scienza,73.2,7.186587,8.075851,7.1082892,5.0918913,EU EEA Common AQI,73.2,6.3648643,6.331849,7200,5.857143,100,100,65.7,4.811428,Very Low,72.3,5.59513,100,1747907100,Very Low,5.686631,7.935667,Very Low,8.667944,63.2,6.9714284,100,1747907100,6.0142856
2025-05-22T09:53:49Z,0,29.946,75.3,63,69.0,6,7,160,78,0.0,255,32767,0.11,2090-9-18,0.0,0.52,26.6,0.0,0.0,0.0,0,4.822265625,6,45,05:40,20:21,2025-05-22 09:53:49.773792,Città della Scienza,73.2,7.186587,8.075851,7.1082892,5.0918913,EU EEA Common AQI,73.2,6.3648643,6.331849,7200,5.857143,100,100,65.7,4.811428,Very Low,72.3,5.59513,100,1747907100,Very Low,5.686631,7.935667,Very Low,8.667944,63.2,6.9714284,100,1747907100,6.0142856
2025-05-22T09:54:01Z,0,29.946,75.3,63,69.0,7,7,254,78,0.0,255,32767,0.11,2090-9-18,0.0,0.52,26.6,0.0,0.0,0.0,0,4.822265625,6,45,05:40,20:21,2025-05-22 09:54:00.869803,Città della Scienza,73.2,7.186587,8.075851,7.1082892,5.0918913,EU EEA Common AQI,73.2,6.3648643,6.331849,7200,5.857143,100,100,65.7,4.811428,Very Low,72.3,5.59513,100,1747907100,Very Low,5.686631,7.935667,Very Low,8.667944,63.2,6.9714284,100,1747907100,6.0142856
2025-05-22T09:54:12Z,0,29.946,75.3,63,69.0,3,7,182,78,0.0,255,32767,0.11,2090-9-18,0.0,0.52,26.6,0.0,0.0,0.0,0,4.822265625,6,45,05:40,20:21,2025-05-22 09:54:12.025806,Città della Scienza,73.2,7.186587,8.075851,7.1082892,5.0918913,EU EEA Common AQI,73.2,6.3648643,6.331849,7200,5.857143,100,100,65.7,4.811428,Very Low,72.3,5.59513,100,1747907100,Very Low,5.686631,7.935667,Very Low,8.667944,63.2,6.9714284,100,1747907100,6.0142856
2025-05-22T09:54:23Z,0,29.946,75.3,63,69.0,8,7,188,78,0.0,255,32767,0.11,2090-9-18,0.0,0.52,26.6,0.0,0.0,0.0,0,4.822265625,6,45,05:40,20:21,2025-05-22 09:54:23.124795,Città della Scienza,73.2,7.186587,8.075851,7.1082892,5.0918913,EU EEA Common AQI,73.2,6.3648643,6.331849,7200,5.857143,100,100,65.7,4.811428,Very Low,72.3,5.59513,100,1747907100,Very Low,5.686631,7.935667,Very Low,8.667944,63.2,6.9714284,100,1747907100,6.0142856
2025-05-22T09:54:34Z,0,29.946,75.3,63,69.1,9,7,193,79,0.0,255,32767,0.11,2090-9-18,0.0,0.52,26.6,0.0,0.0,0.0,0,4.822265625,6,45,05:40,20:21,2025-05-22 09:54:34.213791,Città della Scienza
2025-05-22T09:54:45Z,0,29.946,75.3,63,69.1,6,7,230,79,0.0,255,32767,0.11,2090-9-18,0.0,0.52,26.6,0.0,0.0,0.0,0,4.822265625,6,45,05:40,20:21,2025-05-22 09:54:45.311805,Città della Scienza
2025-05-22T09:54:56Z,0,29.946,75.3,63,69.0,13,7,171,79,0.0,255,32767,0.11,2090-9-18,0.0,0.52,26.6,0.0,0.0,0.0,0,4.822265625,6,45,05:40,20:21,2025-05-22 09:54:56.425798,Città della Scienza
2025-05-22T09:55:07Z,0,29.946,75.3,63,69.0,10,7,203,79,0.0,255,32767,0.11,2090-9-18,0.0,0.52,26.6,0.0,0.0,0.0,0,4.822265625,6,45,05:40,20:21,2025-05-22 09:55:07.536753,Città della Scienza
2025-05-22T09:55:18Z,0,29.946,75.3,63,69.1,7,7,196,79,0.0,255,32767,0.11,2090-9-18,0.0,0.52,26.6,0.0,0.0,0.0,0,4.822265625,6,45,05:40,20:21,2025-05-22 09:55:18.600818,Città della Scienza
2025-05-22T09:55:29Z,0,29.946,75.3,63,69.0,8,7,194,78,0.0,255,32767,0.11,2090-9-18,0.0,0.52,26.6,0.0,0.0,0.0,0,4.822265625,6,45,05:40,20:21,2025-05-22 09:55:29.692800,Città della Scienza
2025-05-22T09:55:40Z,0,29.946,75.2,63,69.0,7,7,185,78,0.0,255,32767,0.11,2090-9-18,0.0,0.52,26.6,0.0,0.0,0.0,0,4.822265625,6,45,05:40,20:21,2025-05-22 09:55:40.790799,Città della Scienza
2025-05-22T09:55:52Z,0,29.946,75.2,63,69.0,6,7,175,78,0.0,255,32767,0.11,2090-9-18,0.0,0.52,26.6,0.0,0.0,0.0,0,4.822265625,6,45,05:40,20:21,2025-05-22 09:55:51.851795,Città della Scienza
2025-05-22T09:56:03Z,0,29.946,75.2,63,69.1,6,7,191,78,0.0,255,32767,0.11,2090-9-18,0.0,0.52,26.6,0.0,0.0,0.0,0,4.822265625,6,45,05:40,20:21,2025-05-22 09:56:02.961790,Città della Scienza
2025-05-22T09:56:14Z,0,29.946,75.2,63,69.0,4,7,151,78,0.0,255,32767,0.11,2090-9-18,0.0,0.52,26.6,0.0,0.0,0.0,0,4.822265625,6,45,05:40,20:21,2025-05-22 09:56:14.059797,Città della Scienza
2025-05-22T09:56:25Z,0,29.946,75.2,63,69.1,7,7,186,78,0.0,255,32767,0.11,2090-9-18,0.0,0.52,26.6,0.0,0.0,0.0,0,4.822265625,6,45,05:40,20:21,2025-05-22 09:56:25.156790,Città della Scienza
2025-05-22T09:56:36Z,0,29.948,75.3,63,69.1,7,7,123,78,0.0,255,32767,0.11,2090-9-18,0.0,0.52,26.6,0.0,0.0,0.0,0,4.822265625,6,45,05:40,20:21,2025-05-22 09:56:36.250792,Città della Scienza
2025-05-22T09:56:47Z,0,29.948,75.3,63,69.1,8,7,185,78,0.0,255,32767,0.11,2090-9-18,0.0,0.52,26.6,0.0,0.0,0.0,0,4.822265625,6,45,05:40,20:21,2025-05-22 09:56:47.334794,Città della Scienza
2025-05-22T09:56:58Z,0,29.948,75.3,63,69.2,8,7,196,78,0.0,255,32767,0.11,2090-9-18,0.0,0.52,26.6,0.0,0.0,0.0,0,4.822265625,6,45,05:40,20:21,2025-05-22 09:56:58.406782,Città della Scienza
2025-05-22T09:57:09Z,0,29.948,75.3,63,69.2,5,7,228,78,0.0,255,32767,0.11,2090-9-18,0.0,0.52,26.6,0.0,0.0,0.0,0,4.822265625,6,45,05:40,20:21,2025-05-22 09:57:09.490809,Città della Scienza
2025-05-22T09:57:20Z,0,29.948,75.3,63,69.2,5,7,201,78,0.0,255,32767,0.11,2090-9-18,0.0,0.52,26.6,0.0,0.0,0.0,0,4.822265625,6,45,05:40,20:21,2025-05-22 09:57:20.611800,Città della Scienza
2025-05-22T09:57:31Z,0,29.948,75.3,63,69.3,5,7,215,78,0.0,255,32767,0.11,2090-9-18,0.0,0.52,26.6,0.0,0.0,0.0,0,4.822265625,6,45,05:40,20:21,2025-05-22 09:57:31.718794,Città della Scienza
2025-05-22T09:57:43Z,0,29.946,75.3,63,69.2,7,7,194,78,0.0,255,32767,0.11,2090-9-18,0.0,0.52,26.6,0.0,0.0,0.0,0,4.822265625,6,45,05:40,20:21,2025-05-22 09:57:42.827803,Città della Scienza
2025-05-22T09:57:54Z,0,29.946,75.3,63,69.3,8,7,188,78,0.0,255,32767,0.11,2090-9-18,0.0,0.52,26.6,0.0,0.0,0.0,0,4.822265625,6,45,05:40,20:21,2025-05-22 09:57:53.922797,Città della Scienza
2025-05-22T09:58:05Z,0,29.946,75.3,63,69.3,4,7,278,78,0.0,255,32767,0.11,2090-9-18,0.0,0.52,26.6,0.0,0.0,0.0,0,4.822265625,6,45,05:40,20:21,2025-05-22 09:58:05.008805,Città della Scienza
2025-05-22T09:58:16Z,0,29.946,75.3,63,69.3,7,7,188,78,0.0,255,32767,0.11,2090-9-18,0.0,0.52,26.6,0.0,0.0,0.0,0,4.822265625,6,45,05:40,20:21,2025-05-22 09:58:16.100804,Città della Scienza
2025-05-22T09:58:27Z,0,29.946,75.3,63,69.3,6,7,143,78,0.0,255,32767,0.11,2090-9-18,0.0,0.52,26.6,0.0,0.0,0.0,0,4.822265625,6,45,05:40,20:21,2025-05-22 09:58:27.221794,Città della Scienza
2025-05-22T09:58:38Z,0,29.948,75.3,63,69.3,4,7,188,78,0.0,255,32767,0.11,2090-9-18,0.0,0.52,26.6,0.0,0.0,0.0,0,4.822265625,6,45,05:40,20:21,2025-05-22 09:58:38.303794,Città della Scienza
2025-05-22T09:58:49Z,0,29.948,75.3,63,69.3,7,7,168,78,0.0,255,32767,0.11,2090-9-18,0.0,0.52,26.6,0.0,0.0,0.0,0,4.822265625,6,45,05:40,20:21,2025-05-22 09:58:49.413800,Città della Scienza
2025-05-22T09:59:00Z,0,29.948,75.3,63,69.3,5,7,164,78,0.0,255,32767,0.11,2090-9-18,0.0,0.52,26.6,0.0,0.0,0.0,0,4.822265625,6,45,05:40,20:21,2025-05-22 09:59:00.495800,Città della Scienza
2025-05-22T09:59:11Z,0,29.948,75.3,63,69.3,4,7,161,78,0.0,255,32767,0.11,2090-9-18,0.0,0.52,26.6,0.0,0.0,0.0,0,4.822265625,6,45,05:40,20:21,2025-05-22 09:59:11.581806,Città della Scienza
2025-05-22T09:59:22Z,0,29.948,75.3,63,69.3,6,7,168,78,0.0,255,32767,0.11,2090-9-18,0.0,0.52,26.6,0.0,0.0,0.0,0,4.822265625,6,45,05:40,20:21,2025-05-22 09:59:22.685794,Città della Scienza
2025-05-22T09:59:33Z,0,29.947,75.3,63,69.3,6,6,184,78,0.0,255,32767,0.11,2090-9-18,0.0,0.52,26.6,0.0,0.0,0.0,0,4.822265625,6,45,05:40,20:21,2025-05-22 09:59:33.797807,Città della Scienza
2025-05-22T09:59:45Z,0,29.947,75.3,63,69.3,7,6,169,78,0.0,255,32767,0.11,2090-9-18,0.0,0.52,26.6,0.0,0.0,0.0,0,4.822265625,6,45,05:40,20:21,2025-05-22 09:59:44.887801,Città della Scienza
2025-05-22T09:59:56Z,0,29.947,75.3,63,69.3,6,6,182,78,0.0,255,32767,0.11,2090-9-18,0.0,0.52,26.6,0.0,0.0,0.0,0,4.822265625,6,45,05:40,20:21,2025-05-22 09:59:55.971808,Città della Scienza
2025-05-22T10:00:07Z,0,29.947,75.3,63,69.4,7,6,162,78,0.0,255,32767,0.11,2090-9-18,0.0,0.52,26.6,0.0,0.0,0.0,0,4.822265625,6,45,05:40,20:21,2025-05-22 10:00:07.037795,Città della Scienza,73.2,7.186587,8.075851,7.1082892,5.0918913,EU EEA Common AQI,73.2,6.3648643,6.331849,7200,5.857143,100,100,65.7,4.811428,Very Low,72.3,5.59513,100,1747907100,Very Low,5.686631,7.935667,Very Low,8.667944,63.2,6.9714284,100,1747907100,6.0142856
2025-05-22T10:00:18Z,0,29.947,75.3,63,69.3,5,6,182,78,0.0,255,32767,0.11,2090-9-18,0.0,0.52,26.6,0.0,0.0,0.0,0,4.822265625,6,45,05:40,20:21,2025-05-22 10:00:18.167804,Città della Scienza,73.2,7.186587,8.075851,7.1082892,5.0918913,EU EEA Common AQI,73.2,6.3648643,6.331849,7200,5.857143,100,100,65.7,4.811428,Very Low,72.3,5.59513,100,1747907100,Very Low,5.686631,7.935667,Very Low,8.667944,63.2,6.9714284,100,1747907100,6.0142856
2025-05-22T10:00:29Z,0,29.947,75.3,63,69.3,7,6,199,78,0.0,255,32767,0.11,2090-9-18,0.0,0.52,26.6,0.0,0.0,0.0,0,4.822265625,6,45,05:40,20:21,2025-05-22 10:00:29.305792,Città della Scienza,72.9,7.4382787,8.098353,7.1314654,5.1764393,EU EEA Common AQI,73.6,6.470549,6.363076,7200,6.2,100,100,65.9,5.428571,Very Low,72.6,5.865618,100,1747908000,Very Low,5.705172,8.011441,Very Low,8.63841,63.4,8.057143,100,1747908000,6.785714
2025-05-22T10:00:40Z,0,29.946,75.3,63,69.5,5,6,244,79,0.0,255,32767,0.11,2090-9-18,0.0,0.52,26.6,0.0,0.0,0.0,0,4.822265625,6,45,05:40,20:21,2025-05-22 10:00:40.378808,Città della Scienza,72.9,7.4382787,8.098353,7.1314654,5.1764393,EU EEA Common AQI,73.6,6.470549,6.363076,7200,6.2,100,100,65.9,5.428571,Very Low,72.6,5.865618,100,1747908000,Very Low,5.705172,8.011441,Very Low,8.63841,63.4,8.057143,100,1747908000,6.785714
2025-05-22T10:00:51Z,0,29.946,75.3,63,69.4,6,6,171,79,0.0,255,32767,0.11,2090-9-18,0.0,0.52,26.6,0.0,0.0,0.0,0,4.822265625,6,45,05:40,20:21,2025-05-22 10:00:51.505796,Città della Scienza,72.9,7.4382787,8.098353,7.1314654,5.1764393,EU EEA Common AQI,73.6,6.470549,6.363076,7200,6.2,100,100,65.9,5.428571,Very Low,72.6,5.865618,100,1747908000,Very Low,5.705172,8.011441,Very Low,8.63841,63.4,8.057143,100,1747908000,6.785714
2025-05-22T10:01:02Z,0,29.946,75.3,63,69.4,6,6,205,79,0.0,255,32767,0.11,2090-9-18,0.0,0.52,26.6,0.0,0.0,0.0,0,4.822265625,6,45,05:40,20:21,2025-05-22 10:01:02.587804,Città della Scienza,72.9,7.4382787,8.098353,7.1314654,5.1764393,EU EEA Common AQI,73.6,6.470549,6.363076,7200,6.2,100,100,65.9,5.428571,Very Low,72.6,5.865618,100,1747908000,Very Low,5.705172,8.011441,Very Low,8.63841,63.4,8.057143,100,1747908000,6.785714
2025-05-22T10:01:13Z,0,29.946,75.3,63,69.4,8,6,182,79,0.0,255,32767,0.11,2090-9-18,0.0,0.52,26.6,0.0,0.0,0.0,0,4.822265625,6,45,05:40,20:21,2025-05-22 10:01:13.676755,Città della Scienza,72.9,7.4382787,8.098353,7.1314654,5.1764393,EU EEA Common AQI,73.6,6.470549,6.363076,7200,6.2,100,100,65.9,5.428571,Very Low,72.6,5.865618,100,1747908000,Very Low,5.705172,8.011441,Very Low,8.63841,63.4,8.057143,100,1747908000,6.785714
2025-05-22T10:01:25Z,0,29.946,75.3,63,69.5,6,6,219,79,0.0,255,32767,0.11,2090-9-18,0.0,0.52,26.6,0.0,0.0,0.0,0,4.822265625,6,45,05:40,20:21,2025-05-22 10:01:24.802804,Città della Scienza,72.9,7.4382787,8.098353,7.1314654,5.1764393,EU EEA Common AQI,73.6,6.470549,6.363076,7200,6.2,100,100,65.9,5.428571,Very Low,72.6,5.865618,100,1747908000,Very Low,5.705172,8.011441,Very Low,8.63841,63.4,8.057143,100,1747908000,6.785714
2025-05-22T10:01:36Z,0,29.946,75.3,63,69.5,10,6,207,79,0.0,255,32767,0.11,2090-9-18,0.0,0.52,26.6,0.0,0.0,0.0,0,4.822265625,6,45,05:40,20:21,2025-05-22 10:01:35.894797,Città della Scienza,72.9,7.4382787,8.098353,7.1314654,5.1764393,EU EEA Common AQI,73.6,6.470549,6.363076,7200,6.2,100,100,65.9,5.428571,Very Low,72.6,5.865618,100,1747908000,Very Low,5.705172,8.011441,Very Low,8.63841,63.4,8.057143,100,1747908000,6.785714
2025-05-22T10:01:47Z,0,29.946,75.3,63,69.5,7,6,173,79,0.0,255,32767,0.11,2090-9-18,0.0,0.52,26.6,0.0,0.0,0.0,0,4.822265625,6,45,05:40,20:21,2025-05-22 10:01:47.016787,Città della Scienza,72.9,7.4382787,8.098353,7.1314654,5.1764393,EU EEA Common AQI,73.6,6.470549,6.363076,7200,6.2,100,100,65.9,5.428571,Very Low,72.6,5.865618,100,1747908000,Very Low,5.705172,8.011441,Very Low,8.63841,63.4,8.057143,100,1747908000,6.785714
2025-05-22T10:01:58Z,0,29.946,75.3,63,69.5,9,6,193,79,0.0,255,32767,0.11,2090-9-18,0.0,0.52,26.6,0.0,0.0,0.0,0,4.822265625,6,45,05:40,20:21,2025-05-22 10:01:58.112787,Città della Scienza,72.9,7.4382787,8.098353,7.1314654,5.1764393,EU EEA Common AQI,73.6,6.470549,6.363076,7200,6.2,100,100,65.9,5.428571,Very Low,72.6,5.865618,100,1747908000,Very Low,5.705172,8.011441,Very Low,8.63841,63.4,8.057143,100,1747908000,6.785714
2025-05-22T10:02:09Z,0,29.946,75.3,63,69.5,9,6,165,79,0.0,255,32767,0.11,2090-9-18,0.0,0.52,26.6,0.0,0.0,0.0,0,4.822265625,6,45,05:40,20:21,2025-05-22 10:02:09.190811,Città della Scienza,72.9,7.4382787,8.098353,7.1314654,5.1764393,EU EEA Common AQI,73.6,6.470549,6.363076,7200,6.2,100,100,65.9,5.428571,Very Low,72.6,5.865618,100,1747908000,Very Low,5.705172,8.011441,Very Low,8.63841,63.4,8.057143,100,1747908000,6.785714
2025-05-22T10:02:20Z,0,29.946,75.3,63,69.4,7,6,180,79,0.0,255,32767,0.11,2090-9-18,0.0,0.52,26.6,0.0,0.0,0.0,0,4.822265625,6,45,05:40,20:21,2025-05-22 10:02:20.307810,Città della Scienza,72.9,7.4382787,8.098353,7.1314654,5.1764393,EU EEA Common AQI,73.6,6.470549,6.363076,7200,6.2,100,100,65.9,5.428571,Very Low,72.6,5.865618,100,1747908000,Very Low,5.705172,8.011441,Very Low,8.63841,63.4,8.057143,100,1747908000,6.785714
2025-05-22T10:02:31Z,0,29.946,75.3,63,69.4,8,6,190,78,0.0,255,32767,0.11,2090-9-18,0.0,0.52,26.6,0.0,0.0,0.0,0,4.822265625,6,45,05:40,20:21,2025-05-22 10:02:31.438813,Città della Scienza,72.9,7.4382787,8.098353,7.1314654,5.1764393,EU EEA Common AQI,73.6,6.470549,6.363076,7200,6.2,100,100,65.9,5.428571,Very Low,72.6,5.865618,100,1747908000,Very Low,5.705172,8.011441,Very Low,8.63841,63.4,8.057143,100,1747908000,6.785714
2025-05-22T10:02:42Z,0,29.945,75.3,63,69.4,5,6,234,78,0.0,255,32767,0.11,2090-9-18,0.0,0.52,26.6,0.0,0.0,0.0,0,4.822265625,6,45,05:40,20:21,2025-05-22 10:02:42.536783,Città della Scienza,72.9,7.4382787,8.098353,7.1314654,5.1764393,EU EEA Common AQI,73.6,6.470549,6.363076,7200,6.2,100,100,65.9,5.428571,Very Low,72.6,5.865618,100,1747908000,Very Low,5.705172,8.011441,Very Low,8.63841,63.4,8.057143,100,1747908000,6.785714
2025-05-22T10:02:53Z,0,29.945,75.3,63,69.4,3,6,225,78,0.0,255,32767,0.11,2090-9-18,0.0,0.52,26.6,0.0,0.0,0.0,0,4.822265625,6,45,05:40,20:21,2025-05-22 10:02:53.697782,Città della Scienza,72.9,7.4382787,8.098353,7.1314654,5.1764393,EU EEA Common AQI,73.6,6.470549,6.363076,7200,6.2,100,100,65.9,5.428571,Very Low,72.6,5.865618,100,1747908000,Very Low,5.705172,8.011441,Very Low,8.63841,63.4,8.057143,100,1747908000,6.785714
2025-05-22T10:03:05Z,0,29.945,75.3,63,69.4,7,6,171,78,0.0,255,32767,0.11,2090-9-18,0.0,0.52,26.6,0.0,0.0,0.0,0,4.822265625,6,45,05:40,20:21,2025-05-22 10:03:04.867816,Città della Scienza,72.9,7.4382787,8.098353,7.1314654,5.1764393,EU EEA Common AQI,73.6,6.470549,6.363076,7200,6.2,100,100,65.9,5.428571,Very Low,72.6,5.865618,100,1747908000,Very Low,5.705172,8.011441,Very Low,8.63841,63.4,8.057143,100,1747908000,6.785714
2025-05-22T10:03:16Z,0,29.945,75.3,63,69.4,5,6,198,78,0.0,255,32767,0.11,2090-9-18,0.0,0.52,26.6,0.0,0.0,0.0,0,4.822265625,6,45,05:40,20:21,2025-05-22 10:03:15.969790,Città della Scienza,72.9,7.4382787,8.098353,7.1314654,5.1764393,EU EEA Common AQI,73.6,6.470549,6.363076,7200,6.2,100,100,65.9,5.428571,Very Low,72.6,5.865618,100,1747908000,Very Low,5.705172,8.011441,Very Low,8.63841,63.4,8.057143,100,1747908000,6.785714
2025-05-22T10:03:27Z,0,29.945,75.3,63,69.4,8,6,200,78,0.0,255,32767,0.11,2090-9-18,0.0,0.52,26.6,0.0,0.0,0.0,0,4.822265625,6,45,05:40,20:21,2025-05-22 10:03:27.090755,Città della Scienza,72.9,7.4382787,8.098353,7.1314654,5.1764393,EU EEA Common AQI,73.6,6.470549,6.363076,7200,6.2,100,100,65.9,5.428571,Very Low,72.6,5.865618,100,1747908000,Very Low,5.705172,8.011441,Very Low,8.63841,63.4,8.057143,100,1747908000,6.785714
2025-05-22T10:03:38Z,0,29.946,75.3,63,69.4,5,6,169,78,0.0,255,32767,0.11,2090-9-18,0.0,0.52,26.6,0.0,0.0,0.0,0,4.822265625,6,45,05:40,20:21,2025-05-22 10:03:38.212796,Città della Scienza,72.9,7.4382787,8.098353,7.1314654,5.1764393,EU EEA Common AQI,73.6,6.470549,6.363076,7200,6.2,100,100,65.9,5.428571,Very Low,72.6,5.865618,100,1747908000,Very Low,5.705172,8.011441,Very Low,8.63841,63.4,8.057143,100,1747908000,6.785714
2025-05-22T10:03:49Z,0,29.946,75.3,63,69.4,2,6,192,78,0.0,255,32767,0.11,2090-9-18,0.0,0.52,26.6,0.0,0.0,0.0,0,4.822265625,6,45,05:40,20:21,2025-05-22 10:03:49.334792,Città della Scienza,72.9,7.4382787,8.098353,7.1314654,5.1764393,EU EEA Common AQI,73.6,6.470549,6.363076,7200,6.2,100,100,65.9,5.428571,Very Low,72.6,5.865618,100,1747908000,Very Low,5.705172,8.011441,Very Low,8.63841,63.4,8.057143,100,1747908000,6.785714
2025-05-22T10:04:00Z,0,29.946,75.3,63,69.5,3,6,199,78,0.0,255,32767,0.11,2090-9-18,0.0,0.52,26.6,0.0,0.0,0.0,0,4.822265625,6,45,05:40,20:21,2025-05-22 10:04:00.431811,Città della Scienza,72.9,7.4382787,8.098353,7.1314654,5.1764393,EU EEA Common AQI,73.6,6.470549,6.363076,7200,6.2,100,100,65.9,5.428571,Very Low,72.6,5.865618,100,1747908000,Very Low,5.705172,8.011441,Very Low,8.63841,63.4,8.057143,100,1747908000,6.785714
2025-05-22T10:04:11Z,0,29.946,75.3,63,69.5,5,6,165,78,0.0,255,32767,0.11,2090-9-18,0.0,0.52,26.6,0.0,0.0,0.0,0,4.822265625,6,45,05:40,20:21,2025-05-22 10:04:11.569790,Città della Scienza,72.9,7.4382787,8.098353,7.1314654,5.1764393,EU EEA Common AQI,73.6,6.470549,6.363076,7200,6.2,100,100,65.9,5.428571,Very Low,72.6,5.865618,100,1747908000,Very Low,5.705172,8.011441,Very Low,8.63841,63.4,8.057143,100,1747908000,6.785714
2025-05-22T10:04:22Z,0,29.946,75.3,63,69.5,6,6,173,78,0.0,255,32767,0.11,2090-9-18,0.0,0.52,26.6,0.0,0.0,0.0,0,4.822265625,6,45,05:40,20:21,2025-05-22 10:04:22.678801,Città della Scienza,72.9,7.4382787,8.098353,7.1314654,5.1764393,EU EEA Common AQI,73.6,6.470549,6.363076,7200,6.2,100,100,65.9,5.428571,Very Low,72.6,5.865618,100,1747908000,Very Low,5.705172,8.011441,Very Low,8.63841,63.4,8.057143,100,1747908000,6.785714
2025-05-22T10:04:33Z,0,29.943,75.3,63,69.6,6,6,196,78,0.0,255,32767,0.11,2090-9-18,0.0,0.52,26.6,0.0,0.0,0.0,0,4.822265625,6,45,05:40,20:21,2025-05-22 10:04:33.789795,Città della Scienza,72.9,7.4382787,8.098353,7.1314654,5.1764393,EU EEA Common AQI,73.6,6.470549,6.363076,7200,6.2,100,100,65.9,5.428571,Very Low,72.6,5.865618,100,1747908000,Very Low,5.705172,8.011441,Very Low,8.63841,63.4,8.057143,100,1747908000,6.785714
2025-05-22T10:04:45Z,0,29.943,75.3,63,69.6,4,6,252,78,0.0,255,32767,0.11,2090-9-18,0.0,0.52,26.6,0.0,0.0,0.0,0,4.822265625,6,45,05:40,20:21,2025-05-22 10:04:44.895798,Città della Scienza,72.9,7.4382787,8.098353,7.1314654,5.1764393,EU EEA Common AQI,73.6,6.470549,6.363076,7200,6.2,100,100,65.9,5.428571,Very Low,72.6,5.865618,100,1747908000,Very Low,5.705172,8.011441,Very Low,8.63841,63.4,8.057143,100,1747908000,6.785714
2025-05-22T10:04:56Z,0,29.943,75.3,63,69.6,6,6,154,78,0.0,255,32767,0.11,2090-9-18,0.0,0.52,26.6,0.0,0.0,0.0,0,4.822265625,6,45,05:40,20:21,2025-05-22 10:04:56.072795,Città della Scienza,72.9,7.4382787,8.098353,7.1314654,5.1764393,EU EEA Common AQI,73.6,6.470549,6.363076,7200,6.2,100,100,65.9,5.428571,Very Low,72.6,5.865618,100,1747908000,Very Low,5.705172,8.011441,Very Low,8.63841,63.4,8.057143,100,1747908000,6.785714
2025-05-22T10:05:07Z,0,29.943,75.3,63,69.6,8,6,190,78,0.0,255,32767,0.11,2090-9-18,0.0,0.52,26.6,0.0,0.0,0.0,0,4.822265625,6,45,05:40,20:21,2025-05-22 10:05:07.199760,Città della Scienza,72.9,7.4382787,8.098353,7.1314654,5.1764393,EU EEA Common AQI,73.6,6.470549,6.363076,7200,6.2,100,100,65.9,5.428571,Very Low,72.6,5.865618,100,1747908000,Very Low,5.705172,8.011441,Very Low,8.63841,63.4,8.057143,100,1747908000,6.785714
2025-05-22T10:05:18Z,0,29.943,75.3,63,69.7,6,6,232,78,0.0,255,32767,0.11,2090-9-18,0.0,0.52,26.6,0.0,0.0,0.0,0,4.822265625,6,45,05:40,20:21,2025-05-22 10:05:18.303798,Città della Scienza,72.9,7.4382787,8.098353,7.1314654,5.1764393,EU EEA Common AQI,73.6,6.470549,6.363076,7200,6.2,100,100,65.9,5.428571,Very Low,72.6,5.865618,100,1747908000,Very Low,5.705172,8.011441,Very Low,8.63841,63.4,8.057143,100,1747908000,6.785714
2025-05-22T10:05:29Z,0,29.943,75.3,63,69.6,8,6,175,78,0.0,255,32767,0.11,2090-9-18,0.0,0.52,26.6,0.0,0.0,0.0,0,4.822265625,6,45,05:40,20:21,2025-05-22 10:05:29.404816,Città della Scienza,72.9,7.4382787,8.098353,7.1314654,5.1764393,EU EEA Common AQI,73.6,6.470549,6.363076,7200,6.2,100,100,65.9,5.428571,Very Low,72.6,5.865618,100,1747908000,Very Low,5.705172,8.011441,Very Low,8.63841,63.4,8.057143,100,1747908000,6.785714
2025-05-22T10:05:40Z,0,29.945,75.3,63,69.6,8,6,144,78,0.0,255,32767,0.11,2090-9-18,0.0,0.52,26.6,0.0,0.0,0.0,0,4.822265625,6,45,05:40,20:21,2025-05-22 10:05:40.513802,Città della Scienza,72.9,7.4382787,8.098353,7.1314654,5.1764393,EU EEA Common AQI,73.6,6.470549,6.363076,7200,6.2,100,100,65.9,5.428571,Very Low,72.6,5.865618,100,1747908000,Very Low,5.705172,8.011441,Very Low,8.63841,63.4,8.057143,100,1747908000,6.785714
2025-05-22T10:05:51Z,0,29.945,75.3,63,69.6,6,6,149,78,0.0,255,32767,0.11,2090-9-18,0.0,0.52,26.6,0.0,0.0,0.0,0,4.822265625,6,45,05:40,20:21,2025-05-22 10:05:51.618802,Città della Scienza,72.9,7.4382787,8.098353,7.1314654,5.1764393,EU EEA Common AQI,73.6,6.470549,6.363076,7200,6.2,100,100,65.9,5.428571,Very Low,72.6,5.865618,100,1747908000,Very Low,5.705172,8.011441,Very Low,8.63841,63.4,8.057143,100,1747908000,6.785714
2025-05-22T10:06:02Z,0,29.945,75.3,63,69.7,5,6,198,78,0.0,255,32767,0.11,2090-9-18,0.0,0.52,26.6,0.0,0.0,0.0,0,4.822265625,6,45,05:40,20:21,2025-05-22 10:06:02.722807,Città della Scienza,72.9,7.4382787,8.098353,7.1314654,5.1764393,EU EEA Common AQI,73.6,6.470549,6.363076,7200,6.2,100,100,65.9,5.428571,Very Low,72.6,5.865618,100,1747908000,Very Low,5.705172,8.011441,Very Low,8.63841,63.4,8.057143,100,1747908000,6.785714
2025-05-22T10:06:14Z,0,29.945,75.3,63,69.6,5,6,177,78,0.0,255,32767,0.11,2090-9-18,0.0,0.52,26.6,0.0,0.0,0.0,0,4.822265625,6,45,05:40,20:21,2025-05-22 10:06:13.822784,Città della Scienza,72.9,7.4382787,8.098353,7.1314654,5.1764393,EU EEA Common AQI,73.6,6.470549,6.363076,7200,6.2,100,100,65.9,5.428571,Very Low,72.6,5.865618,100,1747908000,Very Low,5.705172,8.011441,Very Low,8.63841,63.4,8.057143,100,1747908000,6.785714
2025-05-22T10:06:25Z,0,29.945,75.3,63,69.6,7,6,200,78,0.0,255,32767,0.11,2090-9-18,0.0,0.52,26.6,0.0,0.0,0.0,0,4.822265625,6,45,05:40,20:21,2025-05-22 10:06:24.927794,Città della Scienza,72.9,7.4382787,8.098353,7.1314654,5.1764393,EU EEA Common AQI,73.6,6.470549,6.363076,7200,6.2,100,100,65.9,5.428571,Very Low,72.6,5.865618,100,1747908000,Very Low,5.705172,8.011441,Very Low,8.63841,63.4,8.057143,100,1747908000,6.785714
2025-05-22T10:06:36Z,0,29.946,75.3,63,69.6,6,6,219,78,0.0,255,32767,0.11,2090-9-18,0.0,0.52,26.6,0.0,0.0,0.0,0,4.822265625,6,45,05:40,20:21,2025-05-22 10:06:36.022792,Città della Scienza,72.9,7.4382787,8.098353,7.1314654,5.1764393,EU EEA Common AQI,73.6,6.470549,6.363076,7200,6.2,100,100,65.9,5.428571,Very Low,72.6,5.865618,100,1747908000,Very Low,5.705172,8.011441,Very Low,8.63841,63.4,8.057143,100,1747908000,6.785714
2025-05-22T10:06:47Z,0,29.946,75.3,63,69.7,5,6,167,78,0.0,255,32767,0.11,2090-9-18,0.0,0.52,26.6,0.0,0.0,0.0,0,4.822265625,6,45,05:40,20:21,2025-05-22 10:06:47.173796,Città della Scienza,72.9,7.4382787,8.098353,7.1314654,5.1764393,EU EEA Common AQI,73.6,6.470549,6.363076,7200,6.2,100,100,65.9,5.428571,Very Low,72.6,5.865618,100,1747908000,Very Low,5.705172,8.011441,Very Low,8.63841,63.4,8.057143,100,1747908000,6.785714
2025-05-22T10:06:58Z,0,29.946,75.3,63,69.6,5,6,163,78,0.0,255,32767,0.11,2090-9-18,0.0,0.52,26.6,0.0,0.0,0.0,0,4.822265625,6,45,05:40,20:21,2025-05-22 10:06:58.253813,Città della Scienza,72.9,7.4382787,8.098353,7.1314654,5.1764393,EU EEA Common AQI,73.6,6.470549,6.363076,7200,6.2,100,100,65.9,5.428571,Very Low,72.6,5.865618,100,1747908000,Very Low,5.705172,8.011441,Very Low,8.63841,63.4,8.057143,100,1747908000,6.785714
2025-05-22T10:07:09Z,0,29.946,75.3,63,69.7,5,6,165,78,0.0,255,32767,0.11,2090-9-18,0.0,0.52,26.6,0.0,0.0,0.0,0,4.822265625,6,45,05:40,20:21,2025-05-22 10:07:09.383802,Città della Scienza,72.9,7.4382787,8.098353,7.1314654,5.1764393,EU EEA Common AQI,73.6,6.470549,6.363076,7200,6.2,100,100,65.9,5.428571,Very Low,72.6,5.865618,100,1747908000,Very Low,5.705172,8.011441,Very Low,8.63841,63.4,8.057143,100,1747908000,6.785714
2025-05-22T10:07:20Z,0,29.946,75.3,63,69.7,6,6,169,78,0.0,255,32767,0.11,2090-9-18,0.0,0.52,26.6,0.0,0.0,0.0,0,4.822265625,6,45,05:40,20:21,2025-05-22 10:07:20.496798,Città della Scienza,72.9,7.4382787,8.098353,7.1314654,5.1764393,EU EEA Common AQI,73.6,6.470549,6.363076,7200,6.2,100,100,65.9,5.428571,Very Low,72.6,5.865618,100,1747908000,Very Low,5.705172,8.011441,Very Low,8.63841,63.4,8.057143,100,1747908000,6.785714
2025-05-22T10:07:31Z,0,29.946,75.3,63,69.7,6,6,172,78,0.0,255,32767,0.11,2090-9-18,0.0,0.52,26.6,0.0,0.0,0.0,0,4.822265625,6,45,05:40,20:21,2025-05-22 10:07:31.608810,Città della Scienza,72.9,7.4382787,8.098353,7.1314654,5.1764393,EU EEA Common AQI,73.6,6.470549,6.363076,7200,6.2,100,100,65.9,5.428571,Very Low,72.6,5.865618,100,1747908000,Very Low,5.705172,8.011441,Very Low,8.63841,63.4,8.057143,100,1747908000,6.785714
2025-05-22T10:07:42Z,0,29.947,75.3,63,69.7,3,6,259,78,0.0,255,32767,0.11,2090-9-18,0.0,0.52,26.6,0.0,0.0,0.0,0,4.822265625,6,45,05:40,20:21,2025-05-22 10:07:42.738801,Città della Scienza,72.9,7.4382787,8.098353,7.1314654,5.1764393,EU EEA Common AQI,73.6,6.470549,6.363076,7200,6.2,100,100,65.9,5.428571,Very Low,72.6,5.865618,100,1747908000,Very Low,5.705172,8.011441,Very Low,8.63841,63.4,8.057143,100,1747908000,6.785714
2025-05-22T10:07:54Z,0,29.947,75.3,63,69.7,5,6,195,78,0.0,255,32767,0.11,2090-9-18,0.0,0.52,26.6,0.0,0.0,0.0,0,4.822265625,6,45,05:40,20:21,2025-05-22 10:07:53.846837,Città della Scienza,72.9,7.4382787,8.098353,7.1314654,5.1764393,EU EEA Common AQI,73.6,6.470549,6.363076,7200,6.2,100,100,65.9,5.428571,Very Low,72.6,5.865618,100,1747908000,Very Low,5.705172,8.011441,Very Low,8.63841,63.4,8.057143,100,1747908000,6.785714
2025-05-22T10:08:05Z,0,29.947,75.3,63,69.8,11,6,185,78,0.0,255,32767,0.11,2090-9-18,0.0,0.52,26.6,0.0,0.0,0.0,0,4.822265625,6,45,05:40,20:21,2025-05-22 10:08:04.970793,Città della Scienza,72.9,7.4382787,8.098353,7.1314654,5.1764393,EU EEA Common AQI,73.6,6.470549,6.363076,7200,6.2,100,100,65.9,5.428571,Very Low,72.6,5.865618,100,1747908000,Very Low,5.705172,8.011441,Very Low,8.63841,63.4,8.057143,100,1747908000,6.785714
2025-05-22T10:08:16Z,0,29.947,75.3,63,69.8,10,6,221,78,0.0,255,32767,0.11,2090-9-18,0.0,0.52,26.6,0.0,0.0,0.0,0,4.822265625,6,45,05:40,20:21,2025-05-22 10:08:16.086803,Città della Scienza,72.9,7.4382787,8.098353,7.1314654,5.1764393,EU EEA Common AQI,73.6,6.470549,6.363076,7200,6.2,100,100,65.9,5.428571,Very Low,72.6,5.865618,100,1747908000,Very Low,5.705172,8.011441,Very Low,8.63841,63.4,8.057143,100,1747908000,6.785714
2025-05-22T10:08:27Z,0,29.947,75.3,63,69.7,7,6,154,78,0.0,255,32767,0.11,2090-9-18,0.0,0.52,26.6,0.0,0.0,0.0,0,4.822265625,6,45,05:40,20:21,2025-05-22 10:08:27.205793,Città della Scienza,72.9,7.4382787,8.098353,7.1314654,5.1764393,EU EEA Common AQI,73.6,6.470549,6.363076,7200,6.2,100,100,65.9,5.428571,Very Low,72.6,5.865618,100,1747908000,Very Low,5.705172,8.011441,Very Low,8.63841,63.4,8.057143,100,1747908000,6.785714
2025-05-22T10:08:38Z,0,29.946,75.4,63,69.8,4,6,178,78,0.0,255,32767,0.11,2090-9-18,0.0,0.52,26.6,0.0,0.0,0.0,0,4.822265625,6,45,05:40,20:21,2025-05-22 10:08:38.332794,Città della Scienza,72.9,7.4382787,8.098353,7.1314654,5.1764393,EU EEA Common AQI,73.6,6.470549,6.363076,7200,6.2,100,100,65.9,5.428571,Very Low,72.6,5.865618,100,1747908000,Very Low,5.705172,8.011441,Very Low,8.63841,63.4,8.057143,100,1747908000,6.785714
2025-05-22T10:08:49Z,0,29.946,75.4,63,69.8,6,6,185,78,0.0,255,32767,0.11,2090-9-18,0.0,0.52,26.6,0.0,0.0,0.0,0,4.822265625,6,45,05:40,20:21,2025-05-22 10:08:49.436790,Città della Scienza,72.9,7.4382787,8.098353,7.1314654,5.1764393,EU EEA Common AQI,73.6,6.470549,6.363076,7200,6.2,100,100,65.9,5.428571,Very Low,72.6,5.865618,100,1747908000,Very Low,5.705172,8.011441,Very Low,8.63841,63.4,8.057143,100,1747908000,6.785714
2025-05-22T10:09:00Z,0,29.946,75.4,63,69.8,5,6,192,78,0.0,255,32767,0.11,2090-9-18,0.0,0.52,26.6,0.0,0.0,0.0,0,4.822265625,6,45,05:40,20:21,2025-05-22 10:09:00.538790,Città della Scienza,72.9,7.4382787,8.098353,7.1314654,5.1764393,EU EEA Common AQI,73.6,6.470549,6.363076,7200,6.2,100,100,65.9,5.428571,Very Low,72.6,5.865618,100,1747908000,Very Low,5.705172,8.011441,Very Low,8.63841,63.4,8.057143,100,1747908000,6.785714
2025-05-22T10:09:11Z,0,29.946,75.4,63,69.8,8,6,163,78,0.0,255,32767,0.11,2090-9-18,0.0,0.52,26.6,0.0,0.0,0.0,0,4.822265625,6,45,05:40,20:21,2025-05-22 10:09:11.644812,Città della Scienza,72.9,7.4382787,8.098353,7.1314654,5.1764393,EU EEA Common AQI,73.6,6.470549,6.363076,7200,6.2,100,100,65.9,5.428571,Very Low,72.6,5.865618,100,1747908000,Very Low,5.705172,8.011441,Very Low,8.63841,63.4,8.057143,100,1747908000,6.785714
2025-05-22T10:09:22Z,0,29.946,75.4,63,69.8,3,6,220,78,0.0,255,32767,0.11,2090-9-18,0.0,0.52,26.6,0.0,0.0,0.0,0,4.822265625,6,45,05:40,20:21,2025-05-22 10:09:22.782801,Città della Scienza,72.9,7.4382787,8.098353,7.1314654,5.1764393,EU EEA Common AQI,73.6,6.470549,6.363076,7200,6.2,100,100,65.9,5.428571,Very Low,72.6,5.865618,100,1747908000,Very Low,5.705172,8.011441,Very Low,8.63841,63.4,8.057143,100,1747908000,6.785714
2025-05-22T10:09:34Z,0,29.943,75.3,63,69.9,4,6,181,78,0.0,255,32767,0.11,2090-9-18,0.0,0.52,26.6,0.0,0.0,0.0,0,4.822265625,6,45,05:40,20:21,2025-05-22 10:09:33.883812,Città della Scienza,72.9,7.4382787,8.098353,7.1314654,5.1764393,EU EEA Common AQI,73.6,6.470549,6.363076,7200,6.2,100,100,65.9,5.428571,Very Low,72.6,5.865618,100,1747908000,Very Low,5.705172,8.011441,Very Low,8.63841,63.4,8.057143,100,1747908000,6.785714
2025-05-22T10:09:45Z,0,29.943,75.3,63,69.9,7,6,205,78,0.0,255,32767,0.11,2090-9-18,0.0,0.52,26.6,0.0,0.0,0.0,0,4.822265625,6,45,05:40,20:21,2025-05-22 10:09:45.260795,Città della Scienza,72.9,7.4382787,8.098353,7.1314654,5.1764393,EU EEA Common AQI,73.6,6.470549,6.363076,7200,6.2,100,100,65.9,5.428571,Very Low,72.6,5.865618,100,1747908000,Very Low,5.705172,8.011441,Very Low,8.63841,63.4,8.057143,100,1747908000,6.785714
2025-05-22T10:09:56Z,0,29.943,75.3,63,69.9,8,6,220,78,0.0,255,32767,0.11,2090-9-18,0.0,0.52,26.6,0.0,0.0,0.0,0,4.822265625,6,45,05:40,20:21,2025-05-22 10:09:56.337798,Città della Scienza,72.9,7.4382787,8.098353,7.1314654,5.1764393,EU EEA Common AQI,73.6,6.470549,6.363076,7200,6.2,100,100,65.9,5.428571,Very Low,72.6,5.865618,100,1747908000,Very Low,5.705172,8.011441,Very Low,8.63841,63.4,8.057143,100,1747908000,6.785714
2025-05-22T10:10:07Z,0,29.943,75.3,63,69.9,8,6,163,78,0.0,255,32767,0.11,2090-9-18,0.0,0.52,26.6,0.0,0.0,0.0,0,4.822265625,6,45,05:40,20:21,2025-05-22 10:10:07.418803,Città della Scienza,72.9,7.4382787,8.098353,7.1314654,5.1764393,EU EEA Common AQI,73.6,6.470549,6.363076,7200,6.2,100,100,65.9,5.428571,Very Low,72.6,5.865618,100,1747908000,Very Low,5.705172,8.011441,Very Low,8.63841,63.4,8.057143,100,1747908000,6.785714
2025-05-22T10:10:18Z,0,29.943,75.3,63,69.9,5,6,167,78,0.0,255,32767,0.11,2090-9-18,0.0,0.52,26.6,0.0,0.0,0.0,0,4.822265625,6,45,05:40,20:21,2025-05-22 10:10:18.535792,Città della Scienza,72.9,7.4382787,8.098353,7.1314654,5.1764393,EU EEA Common AQI,73.6,6.470549,6.363076,7200,6.2,100,100,65.9,5.428571,Very Low,72.6,5.865618,100,1747908000,Very Low,5.705172,8.011441,Very Low,8.63841,63.4,8.057143,100,1747908000,6.785714
2025-05-22T10:10:29Z,0,29.943,75.3,63,69.9,4,6,190,78,0.0,255,32767,0.11,2090-9-18,0.0,0.52,26.6,0.0,0.0,0.0,0,4.822265625,6,45,05:40,20:21,2025-05-22 10:10:29.617799,Città della Scienza,72.9,7.4382787,8.098353,7.1314654,5.1764393,EU EEA Common AQI,73.6,6.470549,6.363076,7200,6.2,100,100,65.9,5.428571,Very Low,72.6,5.865618,100,1747908000,Very Low,5.705172,8.011441,Very Low,8.63841,63.4,8.057143,100,1747908000,6.785714
2025-05-22T10:10:40Z,0,29.944,75.3,63,69.9,3,6,185,78,0.0,255,32767,0.11,2090-9-18,0.0,0.52,26.6,0.0,0.0,0.0,0,4.822265625,6,45,05:40,20:21,2025-05-22 10:10:40.703440,Città della Scienza,72.9,7.4382787,8.098353,7.1314654,5.1764393,EU EEA Common AQI,73.6,6.470549,6.363076,7200,6.2,100,100,65.9,5.428571,Very Low,72.6,5.865618,100,1747908000,Very Low,5.705172,8.011441,Very Low,8.63841,63.4,8.057143,100,1747908000,6.785714
2025-05-22T10:10:52Z,0,29.944,75.3,63,69.9,6,6,236,78,0.0,255,32767,0.11,2090-9-18,0.0,0.52,26.6,0.0,0.0,0.0,0,4.822265625,6,45,05:40,20:21,2025-05-22 10:10:51.826787,Città della Scienza,72.9,7.4382787,8.098353,7.1314654,5.1764393,EU EEA Common AQI,73.6,6.470549,6.363076,7200,6.2,100,100,65.9,5.428571,Very Low,72.6,5.865618,100,1747908000,Very Low,5.705172,8.011441,Very Low,8.63841,63.4,8.057143,100,1747908000,6.785714
2025-05-22T10:11:03Z,0,29.944,75.3,63,70.0,8,6,180,78,0.0,255,32767,0.11,2090-9-18,0.0,0.52,26.6,0.0,0.0,0.0,0,4.822265625,6,45,05:40,20:21,2025-05-22 10:11:02.930792,Città della Scienza,72.9,7.4382787,8.098353,7.1314654,5.1764393,EU EEA Common AQI,73.6,6.470549,6.363076,7200,6.2,100,100,65.9,5.428571,Very Low,72.6,5.865618,100,1747908000,Very Low,5.705172,8.011441,Very Low,8.63841,63.4,8.057143,100,1747908000,6.785714
2025-05-22T10:11:14Z,0,29.944,75.3,63,70.0,8,6,173,78,0.0,255,32767,0.11,2090-9-18,0.0,0.52,26.6,0.0,0.0,0.0,0,4.822265625,6,45,05:40,20:21,2025-05-22 10:11:14.065794,Città della Scienza,72.9,7.4382787,8.098353,7.1314654,5.1764393,EU EEA Common AQI,73.6,6.470549,6.363076,7200,6.2,100,100,65.9,5.428571,Very Low,72.6,5.865618,100,1747908000,Very Low,5.705172,8.011441,Very Low,8.63841,63.4,8.057143,100,1747908000,6.785714
2025-05-22T10:11:25Z,0,29.944,75.3,63,70.0,5,6,180,78,0.0,255,32767,0.11,2090-9-18,0.0,0.52,26.6,0.0,0.0,0.0,0,4.822265625,6,45,05:40,20:21,2025-05-22 10:11:25.189786,Città della Scienza,72.9,7.4382787,8.098353,7.1314654,5.1764393,EU EEA Common AQI,73.6,6.470549,6.363076,7200,6.2,100,100,65.9,5.428571,Very Low,72.6,5.865618,100,1747908000,Very Low,5.705172,8.011441,Very Low,8.63841,63.4,8.057143,100,1747908000,6.785714
2025-05-22T10:11:36Z,0,29.945,75.3,63,69.9,9,6,161,78,0.0,255,32767,0.11,2090-9-18,0.0,0.52,26.6,0.0,0.0,0.0,0,4.822265625,6,45,05:40,20:21,2025-05-22 10:11:36.292764,Città della Scienza,72.9,7.4382787,8.098353,7.1314654,5.1764393,EU EEA Common AQI,73.6,6.470549,6.363076,7200,6.2,100,100,65.9,5.428571,Very Low,72.6,5.865618,100,1747908000,Very Low,5.705172,8.011441,Very Low,8.63841,63.4,8.057143,100,1747908000,6.785714
2025-05-22T10:11:47Z,0,29.945,75.3,63,69.9,4,6,188,78,0.0,255,32767,0.11,2090-9-18,0.0,0.52,26.6,0.0,0.0,0.0,0,4.822265625,6,45,05:40,20:21,2025-05-22 10:11:47.384791,Città della Scienza,72.9,7.4382787,8.098353,7.1314654,5.1764393,EU EEA Common AQI,73.6,6.470549,6.363076,7200,6.2,100,100,65.9,5.428571,Very Low,72.6,5.865618,100,1747908000,Very Low,5.705172,8.011441,Very Low,8.63841,63.4,8.057143,100,1747908000,6.785714
2025-05-22T10:11:58Z,0,29.945,75.3,63,70.0,5,6,181,78,0.0,255,32767,0.11,2090-9-18,0.0,0.52,26.6,0.0,0.0,0.0,0,4.822265625,6,45,05:40,20:21,2025-05-22 10:11:58.482799,Città della Scienza,72.9,7.4382787,8.098353,7.1314654,5.1764393,EU EEA Common AQI,73.6,6.470549,6.363076,7200,6.2,100,100,65.9,5.428571,Very Low,72.6,5.865618,100,1747908000,Very Low,5.705172,8.011441,Very Low,8.63841,63.4,8.057143,100,1747908000,6.785714
2025-05-22T10:12:09Z,0,29.945,75.3,63,69.9,6,6,338,77,0.0,255,32767,0.11,2090-9-18,0.0,0.52,26.6,0.0,0.0,0.0,0,4.822265625,6,45,05:40,20:21,2025-05-22 10:12:09.579804,Città della Scienza,72.9,7.4382787,8.098353,7.1314654,5.1764393,EU EEA Common AQI,73.6,6.470549,6.363076,7200,6.2,100,100,65.9,5.428571,Very Low,72.6,5.865618,100,1747908000,Very Low,5.705172,8.011441,Very Low,8.63841,63.4,8.057143,100,1747908000,6.785714
2025-05-22T10:12:20Z,0,29.945,75.3,63,70.0,5,6,194,77,0.0,255,32767,0.11,2090-9-18,0.0,0.52,26.6,0.0,0.0,0.0,0,4.822265625,6,45,05:40,20:21,2025-05-22 10:12:20.697807,Città della Scienza,72.9,7.4382787,8.098353,7.1314654,5.1764393,EU EEA Common AQI,73.6,6.470549,6.363076,7200,6.2,100,100,65.9,5.428571,Very Low,72.6,5.865618,100,1747908000,Very Low,5.705172,8.011441,Very Low,8.63841,63.4,8.057143,100,1747908000,6.785714
2025-05-22T10:12:32Z,0,29.945,75.3,63,70.0,7,6,161,77,0.0,255,32767,0.11,2090-9-18,0.0,0.52,26.6,0.0,0.0,0.0,0,4.822265625,6,45,05:40,20:21,2025-05-22 10:12:31.834792,Città della Scienza,72.9,7.4382787,8.098353,7.1314654,5.1764393,EU EEA Common AQI,73.6,6.470549,6.363076,7200,6.2,100,100,65.9,5.428571,Very Low,72.6,5.865618,100,1747908000,Very Low,5.705172,8.011441,Very Low,8.63841,63.4,8.057143,100,1747908000,6.785714
2025-05-22T10:12:43Z,0,29.945,75.4,63,70.0,7,6,175,77,0.0,255,32767,0.11,2090-9-18,0.0,0.52,26.6,0.0,0.0,0.0,0,4.822265625,6,45,05:40,20:21,2025-05-22 10:12:42.959802,Città della Scienza,72.9,7.4382787,8.098353,7.1314654,5.1764393,EU EEA Common AQI,73.6,6.470549,6.363076,7200,6.2,100,100,65.9,5.428571,Very Low,72.6,5.865618,100,1747908000,Very Low,5.705172,8.011441,Very Low,8.63841,63.4,8.057143,100,1747908000,6.785714
2025-05-22T10:12:54Z,0,29.945,75.4,63,69.9,10,6,192,78,0.0,255,32767,0.11,2090-9-18,0.0,0.52,26.6,0.0,0.0,0.0,0,4.822265625,6,45,05:40,20:21,2025-05-22 10:12:54.043793,Città della Scienza,72.9,7.4382787,8.098353,7.1314654,5.1764393,EU EEA Common AQI,73.6,6.470549,6.363076,7200,6.2,100,100,65.9,5.428571,Very Low,72.6,5.865618,100,1747908000,Very Low,5.705172,8.011441,Very Low,8.63841,63.4,8.057143,100,1747908000,6.785714
2025-05-22T10:13:05Z,0,29.945,75.4,63,70.0,9,6,192,78,0.0,255,32767,0.11,2090-9-18,0.0,0.52,26.6,0.0,0.0,0.0,0,4.822265625,6,45,05:40,20:21,2025-05-22 10:13:05.179782,Città della Scienza,72.9,7.4382787,8.098353,7.1314654,5.1764393,EU EEA Common AQI,73.6,6.470549,6.363076,7200,6.2,100,100,65.9,5.428571,Very Low,72.6,5.865618,100,1747908000,Very Low,5.705172,8.011441,Very Low,8.63841,63.4,8.057143,100,1747908000,6.785714
2025-05-22T10:13:16Z,0,29.945,75.4,63,69.9,9,6,178,78,0.0,255,32767,0.11,2090-9-18,0.0,0.52,26.6,0.0,0.0,0.0,0,4.822265625,6,45,05:40,20:21,2025-05-22 10:13:16.303787,Città della Scienza,72.9,7.4382787,8.098353,7.1314654,5.1764393,EU EEA Common AQI,73.6,6.470549,6.363076,7200,6.2,100,100,65.9,5.428571,Very Low,72.6,5.865618,100,1747908000,Very Low,5.705172,8.011441,Very Low,8.63841,63.4,8.057143,100,1747908000,6.785714
2025-05-22T10:13:27Z,0,29.945,75.4,63,69.9,9,6,173,78,0.0,255,32767,0.11,2090-9-18,0.0,0.52,26.6,0.0,0.0,0.0,0,4.822265625,6,45,05:40,20:21,2025-05-22 10:13:27.376792,Città della Scienza,72.9,7.4382787,8.098353,7.1314654,5.1764393,EU EEA Common AQI,73.6,6.470549,6.363076,7200,6.2,100,100,65.9,5.428571,Very Low,72.6,5.865618,100,1747908000,Very Low,5.705172,8.011441,Very Low,8.63841,63.4,8.057143,100,1747908000,6.785714
2025-05-22T10:13:38Z,0,29.944,75.4,63,69.9,6,6,184,78,0.0,255,32767,0.11,2090-9-18,0.0,0.52,26.6,0.0,0.0,0.0,0,4.822265625,6,45,05:40,20:21,2025-05-22 10:13:38.482794,Città della Scienza,72.9,7.4382787,8.098353,7.1314654,5.1764393,EU EEA Common AQI,73.6,6.470549,6.363076,7200,6.2,100,100,65.9,5.428571,Very Low,72.6,5.865618,100,1747908000,Very Low,5.705172,8.011441,Very Low,8.63841,63.4,8.057143,100,1747908000,6.785714
2025-05-22T10:13:49Z,0,29.944,75.4,63,69.9,6,6,183,77,0.0,255,32767,0.11,2090-9-18,0.0,0.52,26.6,0.0,0.0,0.0,0,4.822265625,6,45,05:40,20:21,2025-05-22 10:13:49.650798,Città della Scienza,72.9,7.4382787,8.098353,7.1314654,5.1764393,EU EEA Common AQI,73.6,6.470549,6.363076,7200,6.2,100,100,65.9,5.428571,Very Low,72.6,5.865618,100,1747908000,Very Low,5.705172,8.011441,Very Low,8.63841,63.4,8.057143,100,1747908000,6.785714
2025-05-22T10:14:00Z,0,29.944,75.4,63,69.9,7,6,178,77,0.0,255,32767,0.11,2090-9-18,0.0,0.52,26.6,0.0,0.0,0.0,0,4.822265625,6,45,05:40,20:21,2025-05-22 10:14:00.768790,Città della Scienza,72.9,7.4382787,8.098353,7.1314654,5.1764393,EU EEA Common AQI,73.6,6.470549,6.363076,7200,6.2,100,100,65.9,5.428571,Very Low,72.6,5.865618,100,1747908000,Very Low,5.705172,8.011441,Very Low,8.63841,63.4,8.057143,100,1747908000,6.785714
2025-05-22T10:14:12Z,0,29.944,75.4,63,69.9,7,6,202,77,0.0,255,32767,0.11,2090-9-18,0.0,0.52,26.6,0.0,0.0,0.0,0,4.822265625,6,45,05:40,20:21,2025-05-22 10:14:11.885814,Città della Scienza,72.9,7.4382787,8.098353,7.1314654,5.1764393,EU EEA Common AQI,73.6,6.470549,6.363076,7200,6.2,100,100,65.9,5.428571,Very Low,72.6,5.865618,100,1747908000,Very Low,5.705172,8.011441,Very Low,8.63841,63.4,8.057143,100,1747908000,6.785714
2025-05-22T10:14:23Z,0,29.944,75.4,63,69.8,7,6,254,77,0.0,255,32767,0.11,2090-9-18,0.0,0.52,26.6,0.0,0.0,0.0,0,4.822265625,6,45,05:40,20:21,2025-05-22 10:14:23.009788,Città della Scienza,72.9,7.4382787,8.098353,7.1314654,5.1764393,EU EEA Common AQI,73.6,6.470549,6.363076,7200,6.2,100,100,65.9,5.428571,Very Low,72.6,5.865618,100,1747908000,Very Low,5.705172,8.011441,Very Low,8.63841,63.4,8.057143,100,1747908000,6.785714
2025-05-22T10:14:34Z,0,29.946,75.4,63,69.8,7,6,182,77,0.0,255,32767,0.11,2090-9-18,0.0,0.52,26.6,0.0,0.0,0.0,0,4.822265625,6,45,05:40,20:21,2025-05-22 10:14:34.124815,Città della Scienza,72.9,7.4382787,8.098353,7.1314654,5.1764393,EU EEA Common AQI,73.6,6.470549,6.363076,7200,6.2,100,100,65.9,5.428571,Very Low,72.6,5.865618,100,1747908000,Very Low,5.705172,8.011441,Very Low,8.63841,63.4,8.057143,100,1747908000,6.785714
2025-05-22T10:14:45Z,0,29.946,75.4,63,69.8,6,6,177,77,0.0,255,32767,0.11,2090-9-18,0.0,0.52,26.6,0.0,0.0,0.0,0,4.822265625,6,45,05:40,20:21,2025-05-22 10:14:45.193789,Città della Scienza,72.9,7.4382787,8.098353,7.1314654,5.1764393,EU EEA Common AQI,73.6,6.470549,6.363076,7200,6.2,100,100,65.9,5.428571,Very Low,72.6,5.865618,100,1747908000,Very Low,5.705172,8.011441,Very Low,8.63841,63.4,8.057143,100,1747908000,6.785714
2025-05-22T10:14:56Z,0,29.946,75.4,63,69.8,7,6,203,77,0.0,255,32767,0.11,2090-9-18,0.0,0.52,26.6,0.0,0.0,0.0,0,4.822265625,6,45,05:40,20:21,2025-05-22 10:14:56.300791,Città della Scienza,72.9,7.4382787,8.098353,7.1314654,5.1764393,EU EEA Common AQI,73.6,6.470549,6.363076,7200,6.2,100,100,65.9,5.428571,Very Low,72.6,5.865618,100,1747908000,Very Low,5.705172,8.011441,Very Low,8.63841,63.4,8.057143,100,1747908000,6.785714
2025-05-22T10:15:07Z,0,29.946,75.4,63,69.8,10,6,211,77,0.0,255,32767,0.11,2090-9-18,0.0,0.52,26.6,0.0,0.0,0.0,0,4.822265625,6,45,05:40,20:21,2025-05-22 10:15:07.407805,Città della Scienza,72.9,7.4382787,8.098353,7.1314654,5.1764393,EU EEA Common AQI,73.6,6.470549,6.363076,7200,6.2,100,100,65.9,5.428571,Very Low,72.6,5.865618,100,1747908000,Very Low,5.705172,8.011441,Very Low,8.63841,63.4,8.057143,100,1747908000,6.785714
2025-05-22T10:15:18Z,0,29.946,75.4,63,69.8,4,6,292,77,0.0,255,32767,0.11,2090-9-18,0.0,0.52,26.6,0.0,0.0,0.0,0,4.822265625,6,45,05:40,20:21,2025-05-22 10:15:18.531808,Città della Scienza,72.9,7.4382787,8.098353,7.1314654,5.1764393,EU EEA Common AQI,73.6,6.470549,6.363076,7200,6.2,100,100,65.9,5.428571,Very Low,72.6,5.865618,100,1747908000,Very Low,5.705172,8.011441,Very Low,8.63841,63.4,8.057143,100,1747908000,6.785714
2025-05-22T10:15:29Z,0,29.946,75.4,63,69.7,6,6,239,77,0.0,255,32767,0.11,2090-9-18,0.0,0.52,26.6,0.0,0.0,0.0,0,4.822265625,6,45,05:40,20:21,2025-05-22 10:15:29.672789,Città della Scienza,72.4,7.7351484,8.1199665,7.3247128,5.313176,EU EEA Common AQI,74.0,6.6414704,6.392992,7200,6.457143,100,100,66.1,6.125714,Very Low,72.9,6.154184,100,1747908900,Very Low,5.85977,8.192739,Very Low,8.868534,63.5,8.942857,100,1747908900,7.6571426
2025-05-22T10:15:40Z,0,29.945,75.4,63,69.7,7,6,157,77,0.0,255,32767,0.11,2090-9-18,0.0,0.52,26.6,0.0,0.0,0.0,0,4.822265625,6,45,05:40,20:21,2025-05-22 10:15:40.794803,Città della Scienza,72.4,7.7351484,8.1199665,7.3247128,5.313176,EU EEA Common AQI,74.0,6.6414704,6.392992,7200,6.457143,100,100,66.1,6.125714,Very Low,72.9,6.154184,100,1747908900,Very Low,5.85977,8.192739,Very Low,8.868534,63.5,8.942857,100,1747908900,7.6571426
2025-05-22T10:15:52Z,0,29.945,75.4,63,69.8,7,6,163,77,0.0,255,32767,0.11,2090-9-18,0.0,0.52,26.6,0.0,0.0,0.0,0,4.822265625,6,45,05:40,20:21,2025-05-22 10:15:51.891807,Città della Scienza,72.4,7.7351484,8.1199665,7.3247128,5.313176,EU EEA Common AQI,74.0,6.6414704,6.392992,7200,6.457143,100,100,66.1,6.125714,Very Low,72.9,6.154184,100,1747908900,Very Low,5.85977,8.192739,Very Low,8.868534,63.5,8.942857,100,1747908900,7.6571426
2025-05-22T10:16:03Z,0,29.945,75.4,63,69.8,7,6,200,77,0.0,255,32767,0.11,2090-9-18,0.0,0.52,26.6,0.0,0.0,0.0,0,4.822265625,6,45,05:40,20:21,2025-05-22 10:16:02.990786,Città della Scienza,72.4,7.7351484,8.1199665,7.3247128,5.313176,EU EEA Common AQI,74.0,6.6414704,6.392992,7200,6.457143,100,100,66.1,6.125714,Very Low,72.9,6.154184,100,1747908900,Very Low,5.85977,8.192739,Very Low,8.868534,63.5,8.942857,100,1747908900,7.6571426
2025-05-22T10:16:14Z,0,29.945,75.4,63,69.8,5,6,182,77,0.0,255,32767,0.11,2090-9-18,0.0,0.52,26.6,0.0,0.0,0.0,0,4.822265625,6,45,05:40,20:21,2025-05-22 10:16:14.159790,Città della Scienza,72.4,7.7351484,8.1199665,7.3247128,5.313176,EU EEA Common AQI,74.0,6.6414704,6.392992,7200,6.457143,100,100,66.1,6.125714,Very Low,72.9,6.154184,100,1747908900,Very Low,5.85977,8.192739,Very Low,8.868534,63.5,8.942857,100,1747908900,7.6571426
2025-05-22T10:16:25Z,0,29.945,75.4,63,69.8,6,6,207,78,0.0,255,32767,0.11,2090-9-18,0.0,0.52,26.6,0.0,0.0,0.0,0,4.822265625,6,45,05:40,20:21,2025-05-22 10:16:25.307796,Città della Scienza,72.4,7.7351484,8.1199665,7.3247128,5.313176,EU EEA Common AQI,74.0,6.6414704,6.392992,7200,6.457143,100,100,66.1,6.125714,Very Low,72.9,6.154184,100,1747908900,Very Low,5.85977,8.192739,Very Low,8.868534,63.5,8.942857,100,1747908900,7.6571426
2025-05-22T10:16:36Z,0,29.946,75.3,63,69.8,5,6,159,78,0.0,255,32767,0.11,2090-9-18,0.0,0.52,26.6,0.0,0.0,0.0,0,4.822265625,6,45,05:40,20:21,2025-05-22 10:16:36.439812,Città della Scienza,72.4,7.7351484,8.1199665,7.3247128,5.313176,EU EEA Common AQI,74.0,6.6414704,6.392992,7200,6.457143,100,100,66.1,6.125714,Very Low,72.9,6.154184,100,1747908900,Very Low,5.85977,8.192739,Very Low,8.868534,63.5,8.942857,100,1747908900,7.6571426
2025-05-22T10:16:47Z,0,29.946,75.3,63,69.8,3,6,142,78,0.0,255,32767,0.11,2090-9-18,0.0,0.52,26.6,0.0,0.0,0.0,0,4.822265625,6,45,05:40,20:21,2025-05-22 10:16:47.559796,Città della Scienza,72.4,7.7351484,8.1199665,7.3247128,5.313176,EU EEA Common AQI,74.0,6.6414704,6.392992,7200,6.457143,100,100,66.1,6.125714,Very Low,72.9,6.154184,100,1747908900,Very Low,5.85977,8.192739,Very Low,8.868534,63.5,8.942857,100,1747908900,7.6571426
2025-05-22T10:16:58Z,0,29.946,75.3,63,69.8,3,6,184,78,0.0,255,32767,0.11,2090-9-18,0.0,0.52,26.6,0.0,0.0,0.0,0,4.822265625,6,45,05:40,20:21,2025-05-22 10:16:58.668793,Città della Scienza,72.4,7.7351484,8.1199665,7.3247128,5.313176,EU EEA Common AQI,74.0,6.6414704,6.392992,7200,6.457143,100,100,66.1,6.125714,Very Low,72.9,6.154184,100,1747908900,Very Low,5.85977,8.192739,Very Low,8.868534,63.5,8.942857,100,1747908900,7.6571426
2025-05-22T10:17:09Z,0,29.946,75.3,63,69.8,6,6,154,78,0.0,255,32767,0.11,2090-9-18,0.0,0.52,26.6,0.0,0.0,0.0,0,4.822265625,6,45,05:40,20:21,2025-05-22 10:17:09.792809,Città della Scienza,72.4,7.7351484,8.1199665,7.3247128,5.313176,EU EEA Common AQI,74.0,6.6414704,6.392992,7200,6.457143,100,100,66.1,6.125714,Very Low,72.9,6.154184,100,1747908900,Very Low,5.85977,8.192739,Very Low,8.868534,63.5,8.942857,100,1747908900,7.6571426
2025-05-22T10:17:21Z,0,29.946,75.3,63,69.8,5,6,168,78,0.0,255,32767,0.11,2090-9-18,0.0,0.52,26.6,0.0,0.0,0.0,0,4.822265625,6,45,05:40,20:21,2025-05-22 10:17:20.919795,Città della Scienza,72.4,7.7351484,8.1199665,7.3247128,5.313176,EU EEA Common AQI,74.0,6.6414704,6.392992,7200,6.457143,100,100,66.1,6.125714,Very Low,72.9,6.154184,100,1747908900,Very Low,5.85977,8.192739,Very Low,8.868534,63.5,8.942857,100,1747908900,7.6571426
2025-05-22T10:17:32Z,0,29.946,75.3,63,69.9,7,6,215,78,0.0,255,32767,0.11,2090-9-18,0.0,0.52,26.6,0.0,0.0,0.0,0,4.822265625,6,45,05:40,20:21,2025-05-22 10:17:32.038790,Città della Scienza,72.4,7.7351484,8.1199665,7.3247128,5.313176,EU EEA Common AQI,74.0,6.6414704,6.392992,7200,6.457143,100,100,66.1,6.125714,Very Low,72.9,6.154184,100,1747908900,Very Low,5.85977,8.192739,Very Low,8.868534,63.5,8.942857,100,1747908900,7.6571426
2025-05-22T10:17:43Z,0,29.946,75.3,63,69.9,10,6,237,78,0.0,255,32767,0.11,2090-9-18,0.0,0.52,26.6,0.0,0.0,0.0,0,4.822265625,6,45,05:40,20:21,2025-05-22 10:17:43.136810,Città della Scienza,72.4,7.7351484,8.1199665,7.3247128,5.313176,EU EEA Common AQI,74.0,6.6414704,6.392992,7200,6.457143,100,100,66.1,6.125714,Very Low,72.9,6.154184,100,1747908900,Very Low,5.85977,8.192739,Very Low,8.868534,63.5,8.942857,100,1747908900,7.6571426
2025-05-22T10:17:54Z,0,29.946,75.3,63,69.9,4,6,184,78,0.0,255,32767,0.11,2090-9-18,0.0,0.52,26.6,0.0,0.0,0.0,0,4.822265625,6,45,05:40,20:21,2025-05-22 10:17:54.204791,Città della Scienza,72.4,7.7351484,8.1199665,7.3247128,5.313176,EU EEA Common AQI,74.0,6.6414704,6.392992,7200,6.457143,100,100,66.1,6.125714,Very Low,72.9,6.154184,100,1747908900,Very Low,5.85977,8.192739,Very Low,8.868534,63.5,8.942857,100,1747908900,7.6571426
2025-05-22T10:18:05Z,0,29.946,75.3,63,69.9,10,6,181,78,0.0,255,32767,0.11,2090-9-18,0.0,0.52,26.6,0.0,0.0,0.0,0,4.822265625,6,45,05:40,20:21,2025-05-22 10:18:05.302791,Città della Scienza,72.4,7.7351484,8.1199665,7.3247128,5.313176,EU EEA Common AQI,74.0,6.6414704,6.392992,7200,6.457143,100,100,66.1,6.125714,Very Low,72.9,6.154184,100,1747908900,Very Low,5.85977,8.192739,Very Low,8.868534,63.5,8.942857,100,1747908900,7.6571426
2025-05-22T10:18:16Z,0,29.946,75.3,63,69.9,9,6,209,77,0.0,255,32767,0.11,2090-9-18,0.0,0.52,26.6,0.0,0.0,0.0,0,4.822265625,6,45,05:40,20:21,2025-05-22 10:18:16.389787,Città della Scienza,72.4,7.7351484,8.1199665,7.3247128,5.313176,EU EEA Common AQI,74.0,6.6414704,6.392992,7200,6.457143,100,100,66.1,6.125714,Very Low,72.9,6.154184,100,1747908900,Very Low,5.85977,8.192739,Very Low,8.868534,63.5,8.942857,100,1747908900,7.6571426
2025-05-22T10:18:27Z,0,29.946,75.3,63,69.9,9,6,177,77,0.0,255,32767,0.11,2090-9-18,0.0,0.52,26.6,0.0,0.0,0.0,0,4.822265625,6,45,05:40,20:21,2025-05-22 10:18:27.542799,Città della Scienza,72.4,7.7351484,8.1199665,7.3247128,5.313176,EU EEA Common AQI,74.0,6.6414704,6.392992,7200,6.457143,100,100,66.1,6.125714,Very Low,72.9,6.154184,100,1747908900,Very Low,5.85977,8.192739,Very Low,8.868534,63.5,8.942857,100,1747908900,7.6571426
2025-05-22T10:18:38Z,0,29.948,75.4,63,69.9,11,7,183,77,0.0,255,32767,0.11,2090-9-18,0.0,0.52,26.6,0.0,0.0,0.0,0,4.822265625,6,45,05:40,20:21,2025-05-22 10:18:38.650800,Città della Scienza,72.4,7.7351484,8.1199665,7.3247128,5.313176,EU EEA Common AQI,74.0,6.6414704,6.392992,7200,6.457143,100,100,66.1,6.125714,Very Low,72.9,6.154184,100,1747908900,Very Low,5.85977,8.192739,Very Low,8.868534,63.5,8.942857,100,1747908900,7.6571426
2025-05-22T10:18:49Z,0,29.948,75.4,63,69.9,10,7,184,77,0.0,255,32767,0.11,2090-9-18,0.0,0.52,26.6,0.0,0.0,0.0,0,4.822265625,6,45,05:40,20:21,2025-05-22 10:18:49.739795,Città della Scienza,72.4,7.7351484,8.1199665,7.3247128,5.313176,EU EEA Common AQI,74.0,6.6414704,6.392992,7200,6.457143,100,100,66.1,6.125714,Very Low,72.9,6.154184,100,1747908900,Very Low,5.85977,8.192739,Very Low,8.868534,63.5,8.942857,100,1747908900,7.6571426
2025-05-22T10:19:01Z,0,29.948,75.4,63,69.8,9,7,184,77,0.0,255,32767,0.11,2090-9-18,0.0,0.52,26.6,0.0,0.0,0.0,0,4.822265625,6,45,05:40,20:21,2025-05-22 10:19:00.849785,Città della Scienza,72.4,7.7351484,8.1199665,7.3247128,5.313176,EU EEA Common AQI,74.0,6.6414704,6.392992,7200,6.457143,100,100,66.1,6.125714,Very Low,72.9,6.154184,100,1747908900,Very Low,5.85977,8.192739,Very Low,8.868534,63.5,8.942857,100,1747908900,7.6571426
2025-05-22T10:19:12Z,0,29.948,75.4,63,69.8,8,7,217,77,0.0,255,32767,0.11,2090-9-18,0.0,0.52,26.6,0.0,0.0,0.0,0,4.822265625,6,45,05:40,20:21,2025-05-22 10:19:11.978772,Città della Scienza,72.4,7.7351484,8.1199665,7.3247128,5.313176,EU EEA Common AQI,74.0,6.6414704,6.392992,7200,6.457143,100,100,66.1,6.125714,Very Low,72.9,6.154184,100,1747908900,Very Low,5.85977,8.192739,Very Low,8.868534,63.5,8.942857,100,1747908900,7.6571426
2025-05-22T10:19:23Z,0,29.948,75.4,63,69.8,7,7,215,77,0.0,255,32767,0.11,2090-9-18,0.0,0.52,26.6,0.0,0.0,0.0,0,4.822265625,6,45,05:40,20:21,2025-05-22 10:19:23.056956,Città della Scienza,72.4,7.7351484,8.1199665,7.3247128,5.313176,EU EEA Common AQI,74.0,6.6414704,6.392992,7200,6.457143,100,100,66.1,6.125714,Very Low,72.9,6.154184,100,1747908900,Very Low,5.85977,8.192739,Very Low,8.868534,63.5,8.942857,100,1747908900,7.6571426
2025-05-22T10:19:34Z,0,29.945,75.4,63,69.8,8,7,189,77,0.0,255,32767,0.11,2090-9-18,0.0,0.52,26.6,0.0,0.0,0.0,0,4.822265625,6,45,05:40,20:21,2025-05-22 10:19:34.204809,Città della Scienza,72.4,7.7351484,8.1199665,7.3247128,5.313176,EU EEA Common AQI,74.0,6.6414704,6.392992,7200,6.457143,100,100,66.1,6.125714,Very Low,72.9,6.154184,100,1747908900,Very Low,5.85977,8.192739,Very Low,8.868534,63.5,8.942857,100,1747908900,7.6571426
2025-05-22T10:19:45Z,0,29.945,75.4,63,69.7,8,7,207,77,0.0,255,32767,0.11,2090-9-18,0.0,0.52,26.6,0.0,0.0,0.0,0,4.822265625,6,45,05:40,20:21,2025-05-22 10:19:45.338788,Città della Scienza,72.4,7.7351484,8.1199665,7.3247128,5.313176,EU EEA Common AQI,74.0,6.6414704,6.392992,7200,6.457143,100,100,66.1,6.125714,Very Low,72.9,6.154184,100,1747908900,Very Low,5.85977,8.192739,Very Low,8.868534,63.5,8.942857,100,1747908900,7.6571426
2025-05-22T10:19:56Z,0,29.945,75.4,63,69.7,5,7,209,77,0.0,255,32767,0.11,2090-9-18,0.0,0.52,26.6,0.0,0.0,0.0,0,4.822265625,6,45,05:40,20:21,2025-05-22 10:19:56.465794,Città della Scienza,72.4,7.7351484,8.1199665,7.3247128,5.313176,EU EEA Common AQI,74.0,6.6414704,6.392992,7200,6.457143,100,100,66.1,6.125714,Very Low,72.9,6.154184,100,1747908900,Very Low,5.85977,8.192739,Very Low,8.868534,63.5,8.942857,100,1747908900,7.6571426
2025-05-22T10:20:07Z,0,29.945,75.4,63,69.7,9,7,171,77,0.0,255,32767,0.11,2090-9-18,0.0,0.52,26.6,0.0,0.0,0.0,0,4.822265625,6,45,05:40,20:21,2025-05-22 10:20:07.562785,Città della Scienza,72.4,7.7351484,8.1199665,7.3247128,5.313176,EU EEA Common AQI,74.0,6.6414704,6.392992,7200,6.457143,100,100,66.1,6.125714,Very Low,72.9,6.154184,100,1747908900,Very Low,5.85977,8.192739,Very Low,8.868534,63.5,8.942857,100,1747908900,7.6571426
2025-05-22T10:20:18Z,0,29.945,75.4,63,69.7,3,7,311,77,0.0,255,32767,0.11,2090-9-18,0.0,0.52,26.6,0.0,0.0,0.0,0,4.822265625,6,45,05:40,20:21,2025-05-22 10:20:18.683792,Città della Scienza,72.4,7.7351484,8.1199665,7.3247128,5.313176,EU EEA Common AQI,74.0,6.6414704,6.392992,7200,6.457143,100,100,66.1,6.125714,Very Low,72.9,6.154184,100,1747908900,Very Low,5.85977,8.192739,Very Low,8.868534,63.5,8.942857,100,1747908900,7.6571426
2025-05-22T10:20:29Z,0,29.945,75.4,63,69.7,4,7,177,77,0.0,255,32767,0.11,2090-9-18,0.0,0.52,26.6,0.0,0.0,0.0,0,4.822265625,6,45,05:40,20:21,2025-05-22 10:20:29.758793,Città della Scienza,72.4,7.7351484,8.1199665,7.3247128,5.313176,EU EEA Common AQI,74.0,6.6414704,6.392992,7200,6.457143,100,100,66.1,6.125714,Very Low,72.9,6.154184,100,1747908900,Very Low,5.85977,8.192739,Very Low,8.868534,63.5,8.942857,100,1747908900,7.6571426
2025-05-22T10:20:41Z,0,29.944,75.4,63,69.6,8,7,213,77,0.0,255,32767,0.11,2090-9-18,0.0,0.52,26.6,0.0,0.0,0.0,0,4.822265625,6,45,05:40,20:21,2025-05-22 10:20:40.862800,Città della Scienza,72.4,7.7351484,8.1199665,7.3247128,5.313176,EU EEA Common AQI,74.0,6.6414704,6.392992,7200,6.457143,100,100,66.1,6.125714,Very Low,72.9,6.154184,100,1747908900,Very Low,5.85977,8.192739,Very Low,8.868534,63.5,8.942857,100,1747908900,7.6571426
2025-05-22T10:20:52Z,0,29.944,75.4,63,69.7,7,7,168,77,0.0,255,32767,0.11,2090-9-18,0.0,0.52,26.6,0.0,0.0,0.0,0,4.822265625,6,45,05:40,20:21,2025-05-22 10:20:52.008800,Città della Scienza,72.4,7.7351484,8.1199665,7.3247128,5.313176,EU EEA Common AQI,74.0,6.6414704,6.392992,7200,6.457143,100,100,66.1,6.125714,Very Low,72.9,6.154184,100,1747908900,Very Low,5.85977,8.192739,Very Low,8.868534,63.5,8.942857,100,1747908900,7.6571426
2025-05-22T10:21:03Z,0,29.944,75.4,63,69.7,10,7,184,77,0.0,255,32767,0.11,2090-9-18,0.0,0.52,26.6,0.0,0.0,0.0,0,4.822265625,6,45,05:40,20:21,2025-05-22 10:21:03.130799,Città della Scienza,72.4,7.7351484,8.1199665,7.3247128,5.313176,EU EEA Common AQI,74.0,6.6414704,6.392992,7200,6.457143,100,100,66.1,6.125714,Very Low,72.9,6.154184,100,1747908900,Very Low,5.85977,8.192739,Very Low,8.868534,63.5,8.942857,100,1747908900,7.6571426
2025-05-22T10:21:14Z,0,29.944,75.4,63,69.7,9,7,207,77,0.0,255,32767,0.11,2090-9-18,0.0,0.52,26.6,0.0,0.0,0.0,0,4.822265625,6,45,05:40,20:21,2025-05-22 10:21:14.208789,Città della Scienza,72.4,7.7351484,8.1199665,7.3247128,5.313176,EU EEA Common AQI,74.0,6.6414704,6.392992,7200,6.457143,100,100,66.1,6.125714,Very Low,72.9,6.154184,100,1747908900,Very Low,5.85977,8.192739,Very Low,8.868534,63.5,8.942857,100,1747908900,7.6571426
2025-05-22T10:21:25Z,0,29.944,75.4,63,69.6,5,7,223,77,0.0,255,32767,0.11,2090-9-18,0.0,0.52,26.6,0.0,0.0,0.0,0,4.822265625,6,45,05:40,20:21,2025-05-22 10:21:25.321790,Città della Scienza,72.4,7.7351484,8.1199665,7.3247128,5.313176,EU EEA Common AQI,74.0,6.6414704,6.392992,7200,6.457143,100,100,66.1,6.125714,Very Low,72.9,6.154184,100,1747908900,Very Low,5.85977,8.192739,Very Low,8.868534,63.5,8.942857,100,1747908900,7.6571426
2025-05-22T10:21:36Z,0,29.946,75.3,63,69.6,7,7,181,77,0.0,255,32767,0.11,2090-9-18,0.0,0.52,26.6,0.0,0.0,0.0,0,4.822265625,6,45,05:40,20:21,2025-05-22 10:21:36.412798,Città della Scienza,72.4,7.7351484,8.1199665,7.3247128,5.313176,EU EEA Common AQI,74.0,6.6414704,6.392992,7200,6.457143,100,100,66.1,6.125714,Very Low,72.9,6.154184,100,1747908900,Very Low,5.85977,8.192739,Very Low,8.868534,63.5,8.942857,100,1747908900,7.6571426
2025-05-22T10:21:47Z,0,29.946,75.3,63,69.6,7,7,203,78,0.0,255,32767,0.11,2090-9-18,0.0,0.52,26.6,0.0,0.0,0.0,0,4.822265625,6,45,05:40,20:21,2025-05-22 10:21:47.524804,Città della Scienza,72.4,7.7351484,8.1199665,7.3247128,5.313176,EU EEA Common AQI,74.0,6.6414704,6.392992,7200,6.457143,100,100,66.1,6.125714,Very Low,72.9,6.154184,100,1747908900,Very Low,5.85977,8.192739,Very Low,8.868534,63.5,8.942857,100,1747908900,7.6571426
2025-05-22T10:21:58Z,0,29.946,75.3,63,69.7,9,7,164,78,0.0,255,32767,0.11,2090-9-18,0.0,0.52,26.6,0.0,0.0,0.0,0,4.822265625,6,45,05:40,20:21,2025-05-22 10:21:58.633806,Città della Scienza,72.4,7.7351484,8.1199665,7.3247128,5.313176,EU EEA Common AQI,74.0,6.6414704,6.392992,7200,6.457143,100,100,66.1,6.125714,Very Low,72.9,6.154184,100,1747908900,Very Low,5.85977,8.192739,Very Low,8.868534,63.5,8.942857,100,1747908900,7.6571426
2025-05-22T10:22:09Z,0,29.946,75.3,63,69.6,8,7,142,78,0.0,255,32767,0.11,2090-9-18,0.0,0.52,26.6,0.0,0.0,0.0,0,4.822265625,6,45,05:40,20:21,2025-05-22 10:22:09.737793,Città della Scienza,72.4,7.7351484,8.1199665,7.3247128,5.313176,EU EEA Common AQI,74.0,6.6414704,6.392992,7200,6.457143,100,100,66.1,6.125714,Very Low,72.9,6.154184,100,1747908900,Very Low,5.85977,8.192739,Very Low,8.868534,63.5,8.942857,100,1747908900,7.6571426
2025-05-22T10:22:21Z,0,29.946,75.3,63,69.6,10,7,274,78,0.0,255,32767,0.11,2090-9-18,0.0,0.52,26.6,0.0,0.0,0.0,0,4.822265625,6,45,05:40,20:21,2025-05-22 10:22:20.871789,Città della Scienza,72.4,7.7351484,8.1199665,7.3247128,5.313176,EU EEA Common AQI,74.0,6.6414704,6.392992,7200,6.457143,100,100,66.1,6.125714,Very Low,72.9,6.154184,100,1747908900,Very Low,5.85977,8.192739,Very Low,8.868534,63.5,8.942857,100,1747908900,7.6571426
2025-05-22T10:22:32Z,0,29.946,75.3,63,69.6,8,7,175,78,0.0,255,32767,0.11,2090-9-18,0.0,0.52,26.6,0.0,0.0,0.0,0,4.822265625,6,45,05:40,20:21,2025-05-22 10:22:31.971756,Città della Scienza,72.4,7.7351484,8.1199665,7.3247128,5.313176,EU EEA Common AQI,74.0,6.6414704,6.392992,7200,6.457143,100,100,66.1,6.125714,Very Low,72.9,6.154184,100,1747908900,Very Low,5.85977,8.192739,Very Low,8.868534,63.5,8.942857,100,1747908900,7.6571426
2025-05-22T10:22:43Z,0,29.945,75.4,63,69.6,7,7,190,78,0.0,255,32767,0.11,2090-9-18,0.0,0.52,26.6,0.0,0.0,0.0,0,4.822265625,6,45,05:40,20:21,2025-05-22 10:22:43.089795,Città della Scienza,72.4,7.7351484,8.1199665,7.3247128,5.313176,EU EEA Common AQI,74.0,6.6414704,6.392992,7200,6.457143,100,100,66.1,6.125714,Very Low,72.9,6.154184,100,1747908900,Very Low,5.85977,8.192739,Very Low,8.868534,63.5,8.942857,100,1747908900,7.6571426
2025-05-22T10:22:54Z,0,29.945,75.4,63,69.6,4,7,194,78,0.0,255,32767,0.11,2090-9-18,0.0,0.52,26.6,0.0,0.0,0.0,0,4.822265625,6,45,05:40,20:21,2025-05-22 10:22:54.211794,Città della Scienza,72.4,7.7351484,8.1199665,7.3247128,5.313176,EU EEA Common AQI,74.0,6.6414704,6.392992,7200,6.457143,100,100,66.1,6.125714,Very Low,72.9,6.154184,100,1747908900,Very Low,5.85977,8.192739,Very Low,8.868534,63.5,8.942857,100,1747908900,7.6571426
2025-05-22T10:23:05Z,0,29.945,75.4,63,69.6,7,7,196,78,0.0,255,32767,0.11,2090-9-18,0.0,0.52,26.6,0.0,0.0,0.0,0,4.822265625,6,45,05:40,20:21,2025-05-22 10:23:05.289797,Città della Scienza,72.4,7.7351484,8.1199665,7.3247128,5.313176,EU EEA Common AQI,74.0,6.6414704,6.392992,7200,6.457143,100,100,66.1,6.125714,Very Low,72.9,6.154184,100,1747908900,Very Low,5.85977,8.192739,Very Low,8.868534,63.5,8.942857,100,1747908900,7.6571426
2025-05-22T10:23:16Z,0,29.945,75.4,63,69.6,5,7,190,78,0.0,255,32767,0.11,2090-9-18,0.0,0.52,26.6,0.0,0.0,0.0,0,4.822265625,6,45,05:40,20:21,2025-05-22 10:23:16.428805,Città della Scienza,72.4,7.7351484,8.1199665,7.3247128,5.313176,EU EEA Common AQI,74.0,6.6414704,6.392992,7200,6.457143,100,100,66.1,6.125714,Very Low,72.9,6.154184,100,1747908900,Very Low,5.85977,8.192739,Very Low,8.868534,63.5,8.942857,100,1747908900,7.6571426
2025-05-22T10:23:27Z,0,29.945,75.4,63,69.6,7,7,210,78,0.0,255,32767,0.11,2090-9-18,0.0,0.52,26.6,0.0,0.0,0.0,0,4.822265625,6,45,05:40,20:21,2025-05-22 10:23:27.532779,Città della Scienza,72.4,7.7351484,8.1199665,7.3247128,5.313176,EU EEA Common AQI,74.0,6.6414704,6.392992,7200,6.457143,100,100,66.1,6.125714,Very Low,72.9,6.154184,100,1747908900,Very Low,5.85977,8.192739,Very Low,8.868534,63.5,8.942857,100,1747908900,7.6571426
2025-05-22T10:23:38Z,0,29.945,75.4,63,69.6,7,7,180,78,0.0,255,32767,0.11,2090-9-18,0.0,0.52,26.6,0.0,0.0,0.0,0,4.822265625,6,45,05:40,20:21,2025-05-22 10:23:38.634786,Città della Scienza,72.4,7.7351484,8.1199665,7.3247128,5.313176,EU EEA Common AQI,74.0,6.6414704,6.392992,7200,6.457143,100,100,66.1,6.125714,Very Low,72.9,6.154184,100,1747908900,Very Low,5.85977,8.192739,Very Low,8.868534,63.5,8.942857,100,1747908900,7.6571426
2025-05-22T10:23:49Z,0,29.945,75.4,63,69.6,7,7,153,78,0.0,255,32767,0.11,2090-9-18,0.0,0.52,26.6,0.0,0.0,0.0,0,4.822265625,6,45,05:40,20:21,2025-05-22 10:23:49.733796,Città della Scienza,72.4,7.7351484,8.1199665,7.3247128,5.313176,EU EEA Common AQI,74.0,6.6414704,6.392992,7200,6.457143,100,100,66.1,6.125714,Very Low,72.9,6.154184,100,1747908900,Very Low,5.85977,8.192739,Very Low,8.868534,63.5,8.942857,100,1747908900,7.6571426
2025-05-22T10:24:01Z,0,29.945,75.4,63,69.6,7,7,162,78,0.0,255,32767,0.11,2090-9-18,0.0,0.52,26.6,0.0,0.0,0.0,0,4.822265625,6,45,05:40,20:21,2025-05-22 10:24:00.854789,Città della Scienza,72.4,7.7351484,8.1199665,7.3247128,5.313176,EU EEA Common AQI,74.0,6.6414704,6.392992,7200,6.457143,100,100,66.1,6.125714,Very Low,72.9,6.154184,100,1747908900,Very Low,5.85977,8.192739,Very Low,8.868534,63.5,8.942857,100,1747908900,7.6571426
2025-05-22T10:24:12Z,0,29.945,75.4,63,69.6,9,7,146,78,0.0,255,32767,0.11,2090-9-18,0.0,0.52,26.6,0.0,0.0,0.0,0,4.822265625,6,45,05:40,20:21,2025-05-22 10:24:12.070805,Città della Scienza,72.4,7.7351484,8.1199665,7.3247128,5.313176,EU EEA Common AQI,74.0,6.6414704,6.392992,7200,6.457143,100,100,66.1,6.125714,Very Low,72.9,6.154184,100,1747908900,Very Low,5.85977,8.192739,Very Low,8.868534,63.5,8.942857,100,1747908900,7.6571426
2025-05-22T10:24:23Z,0,29.945,75.4,63,69.7,7,7,152,78,0.0,255,32767,0.11,2090-9-18,0.0,0.52,26.6,0.0,0.0,0.0,0,4.822265625,6,45,05:40,20:21,2025-05-22 10:24:23.193792,Città della Scienza,72.4,7.7351484,8.1199665,7.3247128,5.313176,EU EEA Common AQI,74.0,6.6414704,6.392992,7200,6.457143,100,100,66.1,6.125714,Very Low,72.9,6.154184,100,1747908900,Very Low,5.85977,8.192739,Very Low,8.868534,63.5,8.942857,100,1747908900,7.6571426
2025-05-22T10:24:34Z,0,29.945,75.4,63,69.6,6,7,165,78,0.0,255,32767,0.11,2090-9-18,0.0,0.52,26.6,0.0,0.0,0.0,0,4.822265625,6,45,05:40,20:21,2025-05-22 10:24:34.259790,Città della Scienza,72.4,7.7351484,8.1199665,7.3247128,5.313176,EU EEA Common AQI,74.0,6.6414704,6.392992,7200,6.457143,100,100,66.1,6.125714,Very Low,72.9,6.154184,100,1747908900,Very Low,5.85977,8.192739,Very Low,8.868534,63.5,8.942857,100,1747908900,7.6571426
2025-05-22T10:24:45Z,0,29.945,75.4,63,69.6,6,7,181,78,0.0,255,32767,0.11,2090-9-18,0.0,0.52,26.6,0.0,0.0,0.0,0,4.822265625,6,45,05:40,20:21,2025-05-22 10:24:45.352804,Città della Scienza,72.4,7.7351484,8.1199665,7.3247128,5.313176,EU EEA Common AQI,74.0,6.6414704,6.392992,7200,6.457143,100,100,66.1,6.125714,Very Low,72.9,6.154184,100,1747908900,Very Low,5.85977,8.192739,Very Low,8.868534,63.5,8.942857,100,1747908900,7.6571426
2025-05-22T10:24:56Z,0,29.945,75.4,63,69.6,9,7,180,78,0.0,255,32767,0.11,2090-9-18,0.0,0.52,26.6,0.0,0.0,0.0,0,4.822265625,6,45,05:40,20:21,2025-05-22 10:24:56.421760,Città della Scienza,72.4,7.7351484,8.1199665,7.3247128,5.313176,EU EEA Common AQI,74.0,6.6414704,6.392992,7200,6.457143,100,100,66.1,6.125714,Very Low,72.9,6.154184,100,1747908900,Very Low,5.85977,8.192739,Very Low,8.868534,63.5,8.942857,100,1747908900,7.6571426
2025-05-22T10:25:07Z,0,29.945,75.4,63,69.6,9,7,188,78,0.0,255,32767,0.11,2090-9-18,0.0,0.52,26.6,0.0,0.0,0.0,0,4.822265625,6,45,05:40,20:21,2025-05-22 10:25:07.499798,Città della Scienza,72.4,7.7351484,8.1199665,7.3247128,5.313176,EU EEA Common AQI,74.0,6.6414704,6.392992,7200,6.457143,100,100,66.1,6.125714,Very Low,72.9,6.154184,100,1747908900,Very Low,5.85977,8.192739,Very Low,8.868534,63.5,8.942857,100,1747908900,7.6571426
2025-05-22T10:25:18Z,0,29.945,75.4,63,69.6,4,7,163,78,0.0,255,32767,0.11,2090-9-18,0.0,0.52,26.6,0.0,0.0,0.0,0,4.822265625,6,45,05:40,20:21,2025-05-22 10:25:18.624795,Città della Scienza,72.4,7.7351484,8.1199665,7.3247128,5.313176,EU EEA Common AQI,74.0,6.6414704,6.392992,7200,6.457143,100,100,66.1,6.125714,Very Low,72.9,6.154184,100,1747908900,Very Low,5.85977,8.192739,Very Low,8.868534,63.5,8.942857,100,1747908900,7.6571426
2025-05-22T10:25:29Z,0,29.945,75.4,63,69.6,9,7,196,78,0.0,255,32767,0.11,2090-9-18,0.0,0.52,26.6,0.0,0.0,0.0,0,4.822265625,6,45,05:40,20:21,2025-05-22 10:25:29.711788,Città della Scienza,72.4,7.7351484,8.1199665,7.3247128,5.313176,EU EEA Common AQI,74.0,6.6414704,6.392992,7200,6.457143,100,100,66.1,6.125714,Very Low,72.9,6.154184,100,1747908900,Very Low,5.85977,8.192739,Very Low,8.868534,63.5,8.942857,100,1747908900,7.6571426
2025-05-22T10:25:41Z,0,29.943,75.5,63,69.6,8,7,217,78,0.0,255,32767,0.11,2090-9-18,0.0,0.52,26.6,0.0,0.0,0.0,0,4.822265625,6,45,05:40,20:21,2025-05-22 10:25:40.808796,Città della Scienza,72.4,7.7351484,8.1199665,7.3247128,5.313176,EU EEA Common AQI,74.0,6.6414704,6.392992,7200,6.457143,100,100,66.1,6.125714,Very Low,72.9,6.154184,100,1747908900,Very Low,5.85977,8.192739,Very Low,8.868534,63.5,8.942857,100,1747908900,7.6571426
2025-05-22T10:25:52Z,0,29.943,75.5,63,69.6,6,7,228,78,0.0,255,32767,0.11,2090-9-18,0.0,0.52,26.6,0.0,0.0,0.0,0,4.822265625,6,45,05:40,20:21,2025-05-22 10:25:51.915791,Città della Scienza,72.4,7.7351484,8.1199665,7.3247128,5.313176,EU EEA Common AQI,74.0,6.6414704,6.392992,7200,6.457143,100,100,66.1,6.125714,Very Low,72.9,6.154184,100,1747908900,Very Low,5.85977,8.192739,Very Low,8.868534,63.5,8.942857,100,1747908900,7.6571426
2025-05-22T10:26:03Z,0,29.943,75.5,63,69.6,5,7,181,78,0.0,255,32767,0.11,2090-9-18,0.0,0.52,26.6,0.0,0.0,0.0,0,4.822265625,6,45,05:40,20:21,2025-05-22 10:26:03.020808,Città della Scienza,72.4,7.7351484,8.1199665,7.3247128,5.313176,EU EEA Common AQI,74.0,6.6414704,6.392992,7200,6.457143,100,100,66.1,6.125714,Very Low,72.9,6.154184,100,1747908900,Very Low,5.85977,8.192739,Very Low,8.868534,63.5,8.942857,100,1747908900,7.6571426
2025-05-22T10:26:14Z,0,29.943,75.5,63,69.6,3,7,322,78,0.0,255,32767,0.11,2090-9-18,0.0,0.52,26.6,0.0,0.0,0.0,0,4.822265625,6,45,05:40,20:21,2025-05-22 10:26:14.173793,Città della Scienza,72.4,7.7351484,8.1199665,7.3247128,5.313176,EU EEA Common AQI,74.0,6.6414704,6.392992,7200,6.457143,100,100,66.1,6.125714,Very Low,72.9,6.154184,100,1747908900,Very Low,5.85977,8.192739,Very Low,8.868534,63.5,8.942857,100,1747908900,7.6571426
2025-05-22T10:26:25Z,0,29.943,75.5,63,69.6,6,7,210,78,0.0,255,32767,0.11,2090-9-18,0.0,0.52,26.6,0.0,0.0,0.0,0,4.822265625,6,45,05:40,20:21,2025-05-22 10:26:25.267803,Città della Scienza,72.4,7.7351484,8.1199665,7.3247128,5.313176,EU EEA Common AQI,74.0,6.6414704,6.392992,7200,6.457143,100,100,66.1,6.125714,Very Low,72.9,6.154184,100,1747908900,Very Low,5.85977,8.192739,Very Low,8.868534,63.5,8.942857,100,1747908900,7.6571426
2025-05-22T10:26:36Z,0,29.945,75.4,63,69.6,5,7,192,78,0.0,255,32767,0.11,2090-9-18,0.0,0.52,26.6,0.0,0.0,0.0,0,4.822265625,6,45,05:40,20:21,2025-05-22 10:26:36.402798,Città della Scienza,72.4,7.7351484,8.1199665,7.3247128,5.313176,EU EEA Common AQI,74.0,6.6414704,6.392992,7200,6.457143,100,100,66.1,6.125714,Very Low,72.9,6.154184,100,1747908900,Very Low,5.85977,8.192739,Very Low,8.868534,63.5,8.942857,100,1747908900,7.6571426
2025-05-22T10:26:47Z,0,29.945,75.4,63,69.7,5,7,173,78,0.0,255,32767,0.11,2090-9-18,0.0,0.52,26.6,0.0,0.0,0.0,0,4.822265625,6,45,05:40,20:21,2025-05-22 10:26:47.485799,Città della Scienza,72.4,7.7351484,8.1199665,7.3247128,5.313176,EU EEA Common AQI,74.0,6.6414704,6.392992,7200,6.457143,100,100,66.1,6.125714,Very Low,72.9,6.154184,100,1747908900,Very Low,5.85977,8.192739,Very Low,8.868534,63.5,8.942857,100,1747908900,7.6571426
2025-05-22T10:26:58Z,0,29.945,75.4,63,69.7,8,7,201,78,0.0,255,32767,0.11,2090-9-18,0.0,0.52,26.6,0.0,0.0,0.0,0,4.822265625,6,45,05:40,20:21,2025-05-22 10:26:58.586809,Città della Scienza,72.4,7.7351484,8.1199665,7.3247128,5.313176,EU EEA Common AQI,74.0,6.6414704,6.392992,7200,6.457143,100,100,66.1,6.125714,Very Low,72.9,6.154184,100,1747908900,Very Low,5.85977,8.192739,Very Low,8.868534,63.5,8.942857,100,1747908900,7.6571426
2025-05-22T10:27:09Z,0,29.945,75.4,63,69.7,8,7,182,78,0.0,255,32767,0.11,2090-9-18,0.0,0.52,26.6,0.0,0.0,0.0,0,4.822265625,6,45,05:40,20:21,2025-05-22 10:27:09.735793,Città della Scienza,72.4,7.7351484,8.1199665,7.3247128,5.313176,EU EEA Common AQI,74.0,6.6414704,6.392992,7200,6.457143,100,100,66.1,6.125714,Very Low,72.9,6.154184,100,1747908900,Very Low,5.85977,8.192739,Very Low,8.868534,63.5,8.942857,100,1747908900,7.6571426
2025-05-22T10:27:21Z,0,29.945,75.4,63,69.7,6,7,180,78,0.0,255,32767,0.11,2090-9-18,0.0,0.52,26.6,0.0,0.0,0.0,0,4.822265625,6,45,05:40,20:21,2025-05-22 10:27:20.862805,Città della Scienza,72.4,7.7351484,8.1199665,7.3247128,5.313176,EU EEA Common AQI,74.0,6.6414704,6.392992,7200,6.457143,100,100,66.1,6.125714,Very Low,72.9,6.154184,100,1747908900,Very Low,5.85977,8.192739,Very Low,8.868534,63.5,8.942857,100,1747908900,7.6571426
2025-05-22T10:27:32Z,0,29.945,75.4,63,69.7,8,7,170,78,0.0,255,32767,0.11,2090-9-18,0.0,0.52,26.6,0.0,0.0,0.0,0,4.822265625,6,45,05:40,20:21,2025-05-22 10:27:31.995791,Città della Scienza,72.4,7.7351484,8.1199665,7.3247128,5.313176,EU EEA Common AQI,74.0,6.6414704,6.392992,7200,6.457143,100,100,66.1,6.125714,Very Low,72.9,6.154184,100,1747908900,Very Low,5.85977,8.192739,Very Low,8.868534,63.5,8.942857,100,1747908900,7.6571426
2025-05-22T10:27:43Z,0,29.946,75.4,63,69.6,7,7,171,78,0.0,255,32767,0.11,2090-9-18,0.0,0.52,26.6,0.0,0.0,0.0,0,4.822265625,6,45,05:40,20:21,2025-05-22 10:27:43.121816,Città della Scienza,72.4,7.7351484,8.1199665,7.3247128,5.313176,EU EEA Common AQI,74.0,6.6414704,6.392992,7200,6.457143,100,100,66.1,6.125714,Very Low,72.9,6.154184,100,1747908900,Very Low,5.85977,8.192739,Very Low,8.868534,63.5,8.942857,100,1747908900,7.6571426
2025-05-22T10:27:54Z,0,29.946,75.4,63,69.6,7,7,172,77,0.0,255,32767,0.11,2090-9-18,0.0,0.52,26.6,0.0,0.0,0.0,0,4.822265625,6,45,05:40,20:21,2025-05-22 10:27:54.207791,Città della Scienza,72.4,7.7351484,8.1199665,7.3247128,5.313176,EU EEA Common AQI,74.0,6.6414704,6.392992,7200,6.457143,100,100,66.1,6.125714,Very Low,72.9,6.154184,100,1747908900,Very Low,5.85977,8.192739,Very Low,8.868534,63.5,8.942857,100,1747908900,7.6571426
2025-05-22T10:28:05Z,0,29.946,75.4,63,69.6,4,7,167,77,0.0,255,32767,0.11,2090-9-18,0.0,0.52,26.6,0.0,0.0,0.0,0,4.822265625,6,45,05:40,20:21,2025-05-22 10:28:05.333789,Città della Scienza,72.4,7.7351484,8.1199665,7.3247128,5.313176,EU EEA Common AQI,74.0,6.6414704,6.392992,7200,6.457143,100,100,66.1,6.125714,Very Low,72.9,6.154184,100,1747908900,Very Low,5.85977,8.192739,Very Low,8.868534,63.5,8.942857,100,1747908900,7.6571426
2025-05-22T10:28:16Z,0,29.946,75.4,63,69.6,5,7,182,77,0.0,255,32767,0.11,2090-9-18,0.0,0.52,26.6,0.0,0.0,0.0,0,4.822265625,6,45,05:40,20:21,2025-05-22 10:28:16.462799,Città della Scienza,72.4,7.7351484,8.1199665,7.3247128,5.313176,EU EEA Common AQI,74.0,6.6414704,6.392992,7200,6.457143,100,100,66.1,6.125714,Very Low,72.9,6.154184,100,1747908900,Very Low,5.85977,8.192739,Very Low,8.868534,63.5,8.942857,100,1747908900,7.6571426
2025-05-22T10:28:27Z,0,29.946,75.4,63,69.6,7,7,165,77,0.0,255,32767,0.11,2090-9-18,0.0,0.52,26.6,0.0,0.0,0.0,0,4.822265625,6,45,05:40,20:21,2025-05-22 10:28:27.650799,Città della Scienza,72.4,7.7351484,8.1199665,7.3247128,5.313176,EU EEA Common AQI,74.0,6.6414704,6.392992,7200,6.457143,100,100,66.1,6.125714,Very Low,72.9,6.154184,100,1747908900,Very Low,5.85977,8.192739,Very Low,8.868534,63.5,8.942857,100,1747908900,7.6571426
2025-05-22T10:28:38Z,0,29.944,75.5,63,69.6,6,7,169,77,0.0,255,32767,0.11,2090-9-18,0.0,0.52,26.6,0.0,0.0,0.0,0,4.822265625,6,45,05:40,20:21,2025-05-22 10:28:38.725771,Città della Scienza,72.4,7.7351484,8.1199665,7.3247128,5.313176,EU EEA Common AQI,74.0,6.6414704,6.392992,7200,6.457143,100,100,66.1,6.125714,Very Low,72.9,6.154184,100,1747908900,Very Low,5.85977,8.192739,Very Low,8.868534,63.5,8.942857,100,1747908900,7.6571426
2025-05-22T10:28:50Z,0,29.944,75.5,63,69.6,6,7,171,77,0.0,255,32767,0.11,2090-9-18,0.0,0.52,26.6,0.0,0.0,0.0,0,4.822265625,6,45,05:40,20:21,2025-05-22 10:28:49.819751,Città della Scienza,72.4,7.7351484,8.1199665,7.3247128,5.313176,EU EEA Common AQI,74.0,6.6414704,6.392992,7200,6.457143,100,100,66.1,6.125714,Very Low,72.9,6.154184,100,1747908900,Very Low,5.85977,8.192739,Very Low,8.868534,63.5,8.942857,100,1747908900,7.6571426
2025-05-22T10:29:01Z,0,29.944,75.5,63,69.6,8,7,198,77,0.0,255,32767,0.11,2090-9-18,0.0,0.52,26.6,0.0,0.0,0.0,0,4.822265625,6,45,05:40,20:21,2025-05-22 10:29:00.887793,Città della Scienza,72.4,7.7351484,8.1199665,7.3247128,5.313176,EU EEA Common AQI,74.0,6.6414704,6.392992,7200,6.457143,100,100,66.1,6.125714,Very Low,72.9,6.154184,100,1747908900,Very Low,5.85977,8.192739,Very Low,8.868534,63.5,8.942857,100,1747908900,7.6571426
2025-05-22T10:29:12Z,0,29.944,75.5,63,69.6,7,7,198,77,0.0,255,32767,0.11,2090-9-18,0.0,0.52,26.6,0.0,0.0,0.0,0,4.822265625,6,45,05:40,20:21,2025-05-22 10:29:12.010797,Città della Scienza,72.4,7.7351484,8.1199665,7.3247128,5.313176,EU EEA Common AQI,74.0,6.6414704,6.392992,7200,6.457143,100,100,66.1,6.125714,Very Low,72.9,6.154184,100,1747908900,Very Low,5.85977,8.192739,Very Low,8.868534,63.5,8.942857,100,1747908900,7.6571426
2025-05-22T10:29:23Z,0,29.944,75.5,63,69.6,10,7,202,77,0.0,255,32767,0.11,2090-9-18,0.0,0.52,26.6,0.0,0.0,0.0,0,4.822265625,6,45,05:40,20:21,2025-05-22 10:29:23.115807,Città della Scienza,72.4,7.7351484,8.1199665,7.3247128,5.313176,EU EEA Common AQI,74.0,6.6414704,6.392992,7200,6.457143,100,100,66.1,6.125714,Very Low,72.9,6.154184,100,1747908900,Very Low,5.85977,8.192739,Very Low,8.868534,63.5,8.942857,100,1747908900,7.6571426
2025-05-22T10:29:34Z,0,29.946,75.4,63,69.6,11,7,194,78,0.0,255,32767,0.11,2090-9-18,0.0,0.52,26.6,0.0,0.0,0.0,0,4.822265625,6,45,05:40,20:21,2025-05-22 10:29:34.226795,Città della Scienza,72.4,7.7351484,8.1199665,7.3247128,5.313176,EU EEA Common AQI,74.0,6.6414704,6.392992,7200,6.457143,100,100,66.1,6.125714,Very Low,72.9,6.154184,100,1747908900,Very Low,5.85977,8.192739,Very Low,8.868534,63.5,8.942857,100,1747908900,7.6571426
2025-05-22T10:29:45Z,0,29.946,75.4,63,69.6,11,7,190,78,0.0,255,32767,0.11,2090-9-18,0.0,0.52,26.6,0.0,0.0,0.0,0,4.822265625,6,45,05:40,20:21,2025-05-22 10:29:45.335790,Città della Scienza,72.4,7.7351484,8.1199665,7.3247128,5.313176,EU EEA Common AQI,74.0,6.6414704,6.392992,7200,6.457143,100,100,66.1,6.125714,Very Low,72.9,6.154184,100,1747908900,Very Low,5.85977,8.192739,Very Low,8.868534,63.5,8.942857,100,1747908900,7.6571426
2025-05-22T10:29:56Z,0,29.946,75.4,63,69.6,7,7,260,78,0.0,255,32767,0.11,2090-9-18,0.0,0.52,26.6,0.0,0.0,0.0,0,4.822265625,6,45,05:40,20:21,2025-05-22 10:29:56.434793,Città della Scienza,72.4,7.7351484,8.1199665,7.3247128,5.313176,EU EEA Common AQI,74.0,6.6414704,6.392992,7200,6.457143,100,100,66.1,6.125714,Very Low,72.9,6.154184,100,1747908900,Very Low,5.85977,8.192739,Very Low,8.868534,63.5,8.942857,100,1747908900,7.6571426
2025-05-22T10:30:07Z,0,29.946,75.4,63,69.6,15,7,165,78,0.0,255,32767,0.11,2090-9-18,0.0,0.52,26.6,0.0,0.0,0.0,0,4.822265625,6,45,05:40,20:21,2025-05-22 10:30:07.531793,Città della Scienza,72.4,7.7351484,8.1199665,7.3247128,5.313176,EU EEA Common AQI,74.0,6.6414704,6.392992,7200,6.457143,100,100,66.1,6.125714,Very Low,72.9,6.154184,100,1747908900,Very Low,5.85977,8.192739,Very Low,8.868534,63.5,8.942857,100,1747908900,7.6571426
2025-05-22T10:30:18Z,0,29.946,75.4,63,69.6,10,7,173,78,0.0,255,32767,0.11,2090-9-18,0.0,0.52,26.6,0.0,0.0,0.0,0,4.822265625,6,45,05:40,20:21,2025-05-22 10:30:18.669792,Città della Scienza,72.4,7.7351484,8.1199665,7.3247128,5.313176,EU EEA Common AQI,74.0,6.6414704,6.392992,7200,6.457143,100,100,66.1,6.125714,Very Low,72.9,6.154184,100,1747908900,Very Low,5.85977,8.192739,Very Low,8.868534,63.5,8.942857,100,1747908900,7.6571426
2025-05-22T10:30:29Z,0,29.946,75.4,63,69.6,8,7,217,77,0.0,255,32767,0.11,2090-9-18,0.0,0.52,26.6,0.0,0.0,0.0,0,4.822265625,6,45,05:40,20:21,2025-05-22 10:30:29.764796,Città della Scienza,71.1,7.964306,8.131896,7.2619734,5.372093,EU EEA Common AQI,74.1,6.715117,6.417081,7200,5.173913,100,100,65.9,4.626086,Very Low,73.1,6.4003835,100,1747909800,Very Low,5.8095784,8.217341,Very Low,8.693247,63.2,6.869565,100,1747909800,5.7826085
2025-05-22T10:30:41Z,0,29.947,75.4,63,69.6,7,7,172,77,0.0,255,32767,0.11,2090-9-18,0.0,0.52,26.6,0.0,0.0,0.0,0,4.822265625,6,45,05:40,20:21,2025-05-22 10:30:40.876811,Città della Scienza,71.1,7.964306,8.131896,7.2619734,5.372093,EU EEA Common AQI,74.1,6.715117,6.417081,7200,5.173913,100,100,65.9,4.626086,Very Low,73.1,6.4003835,100,1747909800,Very Low,5.8095784,8.217341,Very Low,8.693247,63.2,6.869565,100,1747909800,5.7826085
2025-05-22T10:30:52Z,0,29.947,75.4,63,69.5,5,7,196,77,0.0,255,32767,0.11,2090-9-18,0.0,0.52,26.6,0.0,0.0,0.0,0,4.822265625,6,45,05:40,20:21,2025-05-22 10:30:51.957794,Città della Scienza,71.1,7.964306,8.131896,7.2619734,5.372093,EU EEA Common AQI,74.1,6.715117,6.417081,7200,5.173913,100,100,65.9,4.626086,Very Low,73.1,6.4003835,100,1747909800,Very Low,5.8095784,8.217341,Very Low,8.693247,63.2,6.869565,100,1747909800,5.7826085
2025-05-22T10:31:03Z,0,29.947,75.4,63,69.5,8,7,194,77,0.0,255,32767,0.11,2090-9-18,0.0,0.52,26.6,0.0,0.0,0.0,0,4.822265625,6,45,05:40,20:21,2025-05-22 10:31:03.085792,Città della Scienza,71.1,7.964306,8.131896,7.2619734,5.372093,EU EEA Common AQI,74.1,6.715117,6.417081,7200,5.173913,100,100,65.9,4.626086,Very Low,73.1,6.4003835,100,1747909800,Very Low,5.8095784,8.217341,Very Low,8.693247,63.2,6.869565,100,1747909800,5.7826085
2025-05-22T10:31:14Z,0,29.947,75.4,63,69.5,6,7,188,77,0.0,255,32767,0.11,2090-9-18,0.0,0.52,26.6,0.0,0.0,0.0,0,4.822265625,6,45,05:40,20:21,2025-05-22 10:31:14.214805,Città della Scienza,71.1,7.964306,8.131896,7.2619734,5.372093,EU EEA Common AQI,74.1,6.715117,6.417081,7200,5.173913,100,100,65.9,4.626086,Very Low,73.1,6.4003835,100,1747909800,Very Low,5.8095784,8.217341,Very Low,8.693247,63.2,6.869565,100,1747909800,5.7826085
2025-05-22T10:31:25Z,0,29.947,75.4,63,69.5,9,7,198,77,0.0,255,32767,0.11,2090-9-18,0.0,0.52,26.6,0.0,0.0,0.0,0,4.822265625,6,45,05:40,20:21,2025-05-22 10:31:25.322794,Città della Scienza,71.1,7.964306,8.131896,7.2619734,5.372093,EU EEA Common AQI,74.1,6.715117,6.417081,7200,5.173913,100,100,65.9,4.626086,Very Low,73.1,6.4003835,100,1747909800,Very Low,5.8095784,8.217341,Very Low,8.693247,63.2,6.869565,100,1747909800,5.7826085
2025-05-22T10:31:36Z,0,29.947,75.4,63,69.5,9,7,195,77,0.0,255,32767,0.11,2090-9-18,0.0,0.52,26.6,0.0,0.0,0.0,0,4.822265625,6,45,05:40,20:21,2025-05-22 10:31:36.475806,Città della Scienza,71.1,7.964306,8.131896,7.2619734,5.372093,EU EEA Common AQI,74.1,6.715117,6.417081,7200,5.173913,100,100,65.9,4.626086,Very Low,73.1,6.4003835,100,1747909800,Very Low,5.8095784,8.217341,Very Low,8.693247,63.2,6.869565,100,1747909800,5.7826085
2025-05-22T10:31:47Z,0,29.947,75.4,63,69.5,8,7,215,77,0.0,255,32767,0.11,2090-9-18,0.0,0.52,26.6,0.0,0.0,0.0,0,4.822265625,6,45,05:40,20:21,2025-05-22 10:31:47.599787,Città della Scienza,71.1,7.964306,8.131896,7.2619734,5.372093,EU EEA Common AQI,74.1,6.715117,6.417081,7200,5.173913,100,100,65.9,4.626086,Very Low,73.1,6.4003835,100,1747909800,Very Low,5.8095784,8.217341,Very Low,8.693247,63.2,6.869565,100,1747909800,5.7826085
2025-05-22T10:31:58Z,0,29.947,75.4,63,69.5,9,7,200,77,0.0,255,32767,0.11,2090-9-18,0.0,0.52,26.6,0.0,0.0,0.0,0,4.822265625,6,45,05:40,20:21,2025-05-22 10:31:58.704785,Città della Scienza,71.1,7.964306,8.131896,7.2619734,5.372093,EU EEA Common AQI,74.1,6.715117,6.417081,7200,5.173913,100,100,65.9,4.626086,Very Low,73.1,6.4003835,100,1747909800,Very Low,5.8095784,8.217341,Very Low,8.693247,63.2,6.869565,100,1747909800,5.7826085
2025-05-22T10:32:10Z,0,29.947,75.4,63,69.5,8,7,200,77,0.0,255,32767,0.11,2090-9-18,0.0,0.52,26.6,0.0,0.0,0.0,0,4.822265625,6,45,05:40,20:21,2025-05-22 10:32:09.807793,Città della Scienza,71.1,7.964306,8.131896,7.2619734,5.372093,EU EEA Common AQI,74.1,6.715117,6.417081,7200,5.173913,100,100,65.9,4.626086,Very Low,73.1,6.4003835,100,1747909800,Very Low,5.8095784,8.217341,Very Low,8.693247,63.2,6.869565,100,1747909800,5.7826085
2025-05-22T10:32:21Z,0,29.947,75.4,63,69.5,4,7,206,77,0.0,255,32767,0.11,2090-9-18,0.0,0.52,26.6,0.0,0.0,0.0,0,4.822265625,6,45,05:40,20:21,2025-05-22 10:32:20.921804,Città della Scienza,71.1,7.964306,8.131896,7.2619734,5.372093,EU EEA Common AQI,74.1,6.715117,6.417081,7200,5.173913,100,100,65.9,4.626086,Very Low,73.1,6.4003835,100,1747909800,Very Low,5.8095784,8.217341,Very Low,8.693247,63.2,6.869565,100,1747909800,5.7826085
2025-05-22T10:32:32Z,0,29.947,75.4,63,69.5,9,7,184,77,0.0,255,32767,0.11,2090-9-18,0.0,0.52,26.6,0.0,0.0,0.0,0,4.822265625,6,45,05:40,20:21,2025-05-22 10:32:32.024786,Città della Scienza,71.1,7.964306,8.131896,7.2619734,5.372093,EU EEA Common AQI,74.1,6.715117,6.417081,7200,5.173913,100,100,65.9,4.626086,Very Low,73.1,6.4003835,100,1747909800,Very Low,5.8095784,8.217341,Very Low,8.693247,63.2,6.869565,100,1747909800,5.7826085
2025-05-22T10:32:43Z,0,29.944,75.4,63,69.5,6,7,183,77,0.0,255,32767,0.11,2090-9-18,0.0,0.52,26.6,0.0,0.0,0.0,0,4.822265625,6,45,05:40,20:21,2025-05-22 10:32:43.129797,Città della Scienza,71.1,7.964306,8.131896,7.2619734,5.372093,EU EEA Common AQI,74.1,6.715117,6.417081,7200,5.173913,100,100,65.9,4.626086,Very Low,73.1,6.4003835,100,1747909800,Very Low,5.8095784,8.217341,Very Low,8.693247,63.2,6.869565,100,1747909800,5.7826085
2025-05-22T10:32:54Z,0,29.944,75.4,63,69.5,5,7,194,77,0.0,255,32767,0.11,2090-9-18,0.0,0.52,26.6,0.0,0.0,0.0,0,4.822265625,6,45,05:40,20:21,2025-05-22 10:32:54.262796,Città della Scienza,71.1,7.964306,8.131896,7.2619734,5.372093,EU EEA Common AQI,74.1,6.715117,6.417081,7200,5.173913,100,100,65.9,4.626086,Very Low,73.1,6.4003835,100,1747909800,Very Low,5.8095784,8.217341,Very Low,8.693247,63.2,6.869565,100,1747909800,5.7826085
2025-05-22T10:33:05Z,0,29.944,75.4,63,69.5,9,7,175,77,0.0,255,32767,0.11,2090-9-18,0.0,0.52,26.6,0.0,0.0,0.0,0,4.822265625,6,45,05:40,20:21,2025-05-22 10:33:05.397805,Città della Scienza,71.1,7.964306,8.131896,7.2619734,5.372093,EU EEA Common AQI,74.1,6.715117,6.417081,7200,5.173913,100,100,65.9,4.626086,Very Low,73.1,6.4003835,100,1747909800,Very Low,5.8095784,8.217341,Very Low,8.693247,63.2,6.869565,100,1747909800,5.7826085
2025-05-22T10:33:16Z,0,29.944,75.4,63,69.5,9,7,199,77,0.0,255,32767,0.11,2090-9-18,0.0,0.52,26.6,0.0,0.0,0.0,0,4.822265625,6,45,05:40,20:21,2025-05-22 10:33:16.504793,Città della Scienza,71.1,7.964306,8.131896,7.2619734,5.372093,EU EEA Common AQI,74.1,6.715117,6.417081,7200,5.173913,100,100,65.9,4.626086,Very Low,73.1,6.4003835,100,1747909800,Very Low,5.8095784,8.217341,Very Low,8.693247,63.2,6.869565,100,1747909800,5.7826085
2025-05-22T10:33:27Z,0,29.944,75.4,63,69.5,11,7,178,77,0.0,255,32767,0.11,2090-9-18,0.0,0.52,26.6,0.0,0.0,0.0,0,4.822265625,6,45,05:40,20:21,2025-05-22 10:33:27.657803,Città della Scienza,71.1,7.964306,8.131896,7.2619734,5.372093,EU EEA Common AQI,74.1,6.715117,6.417081,7200,5.173913,100,100,65.9,4.626086,Very Low,73.1,6.4003835,100,1747909800,Very Low,5.8095784,8.217341,Very Low,8.693247,63.2,6.869565,100,1747909800,5.7826085
2025-05-22T10:33:38Z,0,29.946,75.5,63,69.5,9,7,190,77,0.0,255,32767,0.11,2090-9-18,0.0,0.52,26.6,0.0,0.0,0.0,0,4.822265625,6,45,05:40,20:21,2025-05-22 10:33:38.738799,Città della Scienza,71.1,7.964306,8.131896,7.2619734,5.372093,EU EEA Common AQI,74.1,6.715117,6.417081,7200,5.173913,100,100,65.9,4.626086,Very Low,73.1,6.4003835,100,1747909800,Very Low,5.8095784,8.217341,Very Low,8.693247,63.2,6.869565,100,1747909800,5.7826085
2025-05-22T10:33:50Z,0,29.946,75.5,63,69.4,8,7,176,77,0.0,255,32767,0.11,2090-9-18,0.0,0.52,26.6,0.0,0.0,0.0,0,4.822265625,6,45,05:40,20:21,2025-05-22 10:33:49.810757,Città della Scienza,71.1,7.964306,8.131896,7.2619734,5.372093,EU EEA Common AQI,74.1,6.715117,6.417081,7200,5.173913,100,100,65.9,4.626086,Very Low,73.1,6.4003835,100,1747909800,Very Low,5.8095784,8.217341,Very Low,8.693247,63.2,6.869565,100,1747909800,5.7826085
2025-05-22T10:34:01Z,0,29.946,75.5,63,69.4,5,7,178,77,0.0,255,32767,0.11,2090-9-18,0.0,0.52,26.6,0.0,0.0,0.0,0,4.822265625,6,45,05:40,20:21,2025-05-22 10:34:00.935799,Città della Scienza,71.1,7.964306,8.131896,7.2619734,5.372093,EU EEA Common AQI,74.1,6.715117,6.417081,7200,5.173913,100,100,65.9,4.626086,Very Low,73.1,6.4003835,100,1747909800,Very Low,5.8095784,8.217341,Very Low,8.693247,63.2,6.869565,100,1747909800,5.7826085
2025-05-22T10:34:12Z,0,29.946,75.5,63,69.5,7,7,165,77,0.0,255,32767,0.11,2090-9-18,0.0,0.52,26.6,0.0,0.0,0.0,0,4.822265625,6,45,05:40,20:21,2025-05-22 10:34:12.053800,Città della Scienza,71.1,7.964306,8.131896,7.2619734,5.372093,EU EEA Common AQI,74.1,6.715117,6.417081,7200,5.173913,100,100,65.9,4.626086,Very Low,73.1,6.4003835,100,1747909800,Very Low,5.8095784,8.217341,Very Low,8.693247,63.2,6.869565,100,1747909800,5.7826085
2025-05-22T10:34:23Z,0,29.946,75.5,63,69.5,6,7,155,77,0.0,255,32767,0.11,2090-9-18,0.0,0.52,26.6,0.0,0.0,0.0,0,4.822265625,6,45,05:40,20:21,2025-05-22 10:34:23.148794,Città della Scienza,71.1,7.964306,8.131896,7.2619734,5.372093,EU EEA Common AQI,74.1,6.715117,6.417081,7200,5.173913,100,100,65.9,4.626086,Very Low,73.1,6.4003835,100,1747909800,Very Low,5.8095784,8.217341,Very Low,8.693247,63.2,6.869565,100,1747909800,5.7826085
2025-05-22T10:34:34Z,0,29.947,75.5,63,69.5,7,7,159,77,0.0,255,32767,0.11,2090-9-18,0.0,0.52,26.6,0.0,0.0,0.0,0,4.822265625,6,45,05:40,20:21,2025-05-22 10:34:34.298795,Città della Scienza,71.1,7.964306,8.131896,7.2619734,5.372093,EU EEA Common AQI,74.1,6.715117,6.417081,7200,5.173913,100,100,65.9,4.626086,Very Low,73.1,6.4003835,100,1747909800,Very Low,5.8095784,8.217341,Very Low,8.693247,63.2,6.869565,100,1747909800,5.7826085
2025-05-22T10:34:45Z,0,29.947,75.5,63,69.5,9,7,195,78,0.0,255,32767,0.11,2090-9-18,0.0,0.52,26.6,0.0,0.0,0.0,0,4.822265625,6,45,05:40,20:21,2025-05-22 10:34:45.420803,Città della Scienza,71.1,7.964306,8.131896,7.2619734,5.372093,EU EEA Common AQI,74.1,6.715117,6.417081,7200,5.173913,100,100,65.9,4.626086,Very Low,73.1,6.4003835,100,1747909800,Very Low,5.8095784,8.217341,Very Low,8.693247,63.2,6.869565,100,1747909800,5.7826085
2025-05-22T10:34:56Z,0,29.947,75.5,63,69.5,5,7,257,78,0.0,255,32767,0.11,2090-9-18,0.0,0.52,26.6,0.0,0.0,0.0,0,4.822265625,6,45,05:40,20:21,2025-05-22 10:34:56.508794,Città della Scienza,71.1,7.964306,8.131896,7.2619734,5.372093,EU EEA Common AQI,74.1,6.715117,6.417081,7200,5.173913,100,100,65.9,4.626086,Very Low,73.1,6.4003835,100,1747909800,Very Low,5.8095784,8.217341,Very Low,8.693247,63.2,6.869565,100,1747909800,5.7826085
2025-05-22T10:35:07Z,0,29.947,75.5,63,69.5,4,7,281,78,0.0,255,32767,0.11,2090-9-18,0.0,0.52,26.6,0.0,0.0,0.0,0,4.822265625,6,45,05:40,20:21,2025-05-22 10:35:07.589796,Città della Scienza,71.1,7.964306,8.131896,7.2619734,5.372093,EU EEA Common AQI,74.1,6.715117,6.417081,7200,5.173913,100,100,65.9,4.626086,Very Low,73.1,6.4003835,100,1747909800,Very Low,5.8095784,8.217341,Very Low,8.693247,63.2,6.869565,100,1747909800,5.7826085
2025-05-22T10:35:18Z,0,29.947,75.5,63,69.5,4,7,185,78,0.0,255,32767,0.11,2090-9-18,0.0,0.52,26.6,0.0,0.0,0.0,0,4.822265625,6,45,05:40,20:21,2025-05-22 10:35:18.743803,Città della Scienza,71.1,7.964306,8.131896,7.2619734,5.372093,EU EEA Common AQI,74.1,6.715117,6.417081,7200,5.173913,100,100,65.9,4.626086,Very Low,73.1,6.4003835,100,1747909800,Very Low,5.8095784,8.217341,Very Low,8.693247,63.2,6.869565,100,1747909800,5.7826085
2025-05-22T10:35:30Z,0,29.947,75.5,63,69.5,6,7,189,78,0.0,255,32767,0.11,2090-9-18,0.0,0.52,26.6,0.0,0.0,0.0,0,4.822265625,6,45,05:40,20:21,2025-05-22 10:35:29.868816,Città della Scienza,71.1,7.964306,8.131896,7.2619734,5.372093,EU EEA Common AQI,74.1,6.715117,6.417081,7200,5.173913,100,100,65.9,4.626086,Very Low,73.1,6.4003835,100,1747909800,Very Low,5.8095784,8.217341,Very Low,8.693247,63.2,6.869565,100,1747909800,5.7826085
2025-05-22T10:35:41Z,0,29.95,75.4,63,69.6,9,7,209,77,0.0,255,32767,0.11,2090-9-18,0.0,0.52,26.6,0.0,0.0,0.0,0,4.822265625,6,45,05:40,20:21,2025-05-22 10:35:40.976793,Città della Scienza,71.1,7.964306,8.131896,7.2619734,5.372093,EU EEA Common AQI,74.1,6.715117,6.417081,7200,5.173913,100,100,65.9,4.626086,Very Low,73.1,6.4003835,100,1747909800,Very Low,5.8095784,8.217341,Very Low,8.693247,63.2,6.869565,100,1747909800,5.7826085
2025-05-22T10:35:52Z,0,29.95,75.4,63,69.6,9,7,167,77,0.0,255,32767,0.11,2090-9-18,0.0,0.52,26.6,0.0,0.0,0.0,0,4.822265625,6,45,05:40,20:21,2025-05-22 10:35:52.312824,Città della Scienza,71.1,7.964306,8.131896,7.2619734,5.372093,EU EEA Common AQI,74.1,6.715117,6.417081,7200,5.173913,100,100,65.9,4.626086,Very Low,73.1,6.4003835,100,1747909800,Very Low,5.8095784,8.217341,Very Low,8.693247,63.2,6.869565,100,1747909800,5.7826085
2025-05-22T10:36:03Z,0,29.95,75.4,63,69.5,7,7,164,77,0.0,255,32767,0.11,2090-9-18,0.0,0.52,26.6,0.0,0.0,0.0,0,4.822265625,6,45,05:40,20:21,2025-05-22 10:36:03.391799,Città della Scienza,71.1,7.964306,8.131896,7.2619734,5.372093,EU EEA Common AQI,74.1,6.715117,6.417081,7200,5.173913,100,100,65.9,4.626086,Very Low,73.1,6.4003835,100,1747909800,Very Low,5.8095784,8.217341,Very Low,8.693247,63.2,6.869565,100,1747909800,5.7826085
2025-05-22T10:36:14Z,0,29.95,75.4,63,69.5,7,7,213,77,0.0,255,32767,0.11,2090-9-18,0.0,0.52,26.6,0.0,0.0,0.0,0,4.822265625,6,45,05:40,20:21,2025-05-22 10:36:14.476793,Città della Scienza,71.1,7.964306,8.131896,7.2619734,5.372093,EU EEA Common AQI,74.1,6.715117,6.417081,7200,5.173913,100,100,65.9,4.626086,Very Low,73.1,6.4003835,100,1747909800,Very Low,5.8095784,8.217341,Very Low,8.693247,63.2,6.869565,100,1747909800,5.7826085
2025-05-22T10:36:25Z,0,29.95,75.4,63,69.5,6,7,156,77,0.0,255,32767,0.11,2090-9-18,0.0,0.52,26.6,0.0,0.0,0.0,0,4.822265625,6,45,05:40,20:21,2025-05-22 10:36:25.564796,Città della Scienza,71.1,7.964306,8.131896,7.2619734,5.372093,EU EEA Common AQI,74.1,6.715117,6.417081,7200,5.173913,100,100,65.9,4.626086,Very Low,73.1,6.4003835,100,1747909800,Very Low,5.8095784,8.217341,Very Low,8.693247,63.2,6.869565,100,1747909800,5.7826085
2025-05-22T10:36:36Z,0,29.946,75.4,63,69.6,3,7,223,77,0.0,255,32767,0.11,2090-9-18,0.0,0.52,26.6,0.0,0.0,0.0,0,4.822265625,6,45,05:40,20:21,2025-05-22 10:36:36.663809,Città della Scienza,71.1,7.964306,8.131896,7.2619734,5.372093,EU EEA Common AQI,74.1,6.715117,6.417081,7200,5.173913,100,100,65.9,4.626086,Very Low,73.1,6.4003835,100,1747909800,Very Low,5.8095784,8.217341,Very Low,8.693247,63.2,6.869565,100,1747909800,5.7826085
2025-05-22T10:36:47Z,0,29.946,75.4,63,69.6,7,7,271,77,0.0,255,32767,0.11,2090-9-18,0.0,0.52,26.6,0.0,0.0,0.0,0,4.822265625,6,45,05:40,20:21,2025-05-22 10:36:47.748791,Città della Scienza,71.1,7.964306,8.131896,7.2619734,5.372093,EU EEA Common AQI,74.1,6.715117,6.417081,7200,5.173913,100,100,65.9,4.626086,Very Low,73.1,6.4003835,100,1747909800,Very Low,5.8095784,8.217341,Very Low,8.693247,63.2,6.869565,100,1747909800,5.7826085
2025-05-22T10:36:59Z,0,29.946,75.4,63,69.6,8,7,171,77,0.0,255,32767,0.11,2090-9-18,0.0,0.52,26.6,0.0,0.0,0.0,0,4.822265625,6,45,05:40,20:21,2025-05-22 10:36:58.852793,Città della Scienza,71.1,7.964306,8.131896,7.2619734,5.372093,EU EEA Common AQI,74.1,6.715117,6.417081,7200,5.173913,100,100,65.9,4.626086,Very Low,73.1,6.4003835,100,1747909800,Very Low,5.8095784,8.217341,Very Low,8.693247,63.2,6.869565,100,1747909800,5.7826085
2025-05-22T10:37:10Z,0,29.946,75.4,63,69.6,10,7,192,77,0.0,255,32767,0.11,2090-9-18,0.0,0.52,26.6,0.0,0.0,0.0,0,4.822265625,6,45,05:40,20:21,2025-05-22 10:37:09.956799,Città della Scienza,71.1,7.964306,8.131896,7.2619734,5.372093,EU EEA Common AQI,74.1,6.715117,6.417081,7200,5.173913,100,100,65.9,4.626086,Very Low,73.1,6.4003835,100,1747909800,Very Low,5.8095784,8.217341,Very Low,8.693247,63.2,6.869565,100,1747909800,5.7826085
2025-05-22T10:37:21Z,0,29.946,75.4,63,69.6,10,7,180,77,0.0,255,32767,0.11,2090-9-18,0.0,0.52,26.6,0.0,0.0,0.0,0,4.822265625,6,45,05:40,20:21,2025-05-22 10:37:21.066756,Città della Scienza,71.1,7.964306,8.131896,7.2619734,5.372093,EU EEA Common AQI,74.1,6.715117,6.417081,7200,5.173913,100,100,65.9,4.626086,Very Low,73.1,6.4003835,100,1747909800,Very Low,5.8095784,8.217341,Very Low,8.693247,63.2,6.869565,100,1747909800,5.7826085
2025-05-22T10:37:32Z,0,29.946,75.4,63,69.6,9,7,177,77,0.0,255,32767,0.11,2090-9-18,0.0,0.52,26.6,0.0,0.0,0.0,0,4.822265625,6,45,05:40,20:21,2025-05-22 10:37:32.172785,Città della Scienza,71.1,7.964306,8.131896,7.2619734,5.372093,EU EEA Common AQI,74.1,6.715117,6.417081,7200,5.173913,100,100,65.9,4.626086,Very Low,73.1,6.4003835,100,1747909800,Very Low,5.8095784,8.217341,Very Low,8.693247,63.2,6.869565,100,1747909800,5.7826085
2025-05-22T10:37:43Z,0,29.947,75.4,63,69.6,13,8,176,77,0.0,255,32767,0.11,2090-9-18,0.0,0.52,26.6,0.0,0.0,0.0,0,4.822265625,6,45,05:40,20:21,2025-05-22 10:37:43.277797,Città della Scienza,71.1,7.964306,8.131896,7.2619734,5.372093,EU EEA Common AQI,74.1,6.715117,6.417081,7200,5.173913,100,100,65.9,4.626086,Very Low,73.1,6.4003835,100,1747909800,Very Low,5.8095784,8.217341,Very Low,8.693247,63.2,6.869565,100,1747909800,5.7826085
2025-05-22T10:37:54Z,0,29.947,75.4,63,69.6,10,8,163,77,0.0,255,32767,0.11,2090-9-18,0.0,0.52,26.6,0.0,0.0,0.0,0,4.822265625,6,45,05:40,20:21,2025-05-22 10:37:54.391802,Città della Scienza,71.1,7.964306,8.131896,7.2619734,5.372093,EU EEA Common AQI,74.1,6.715117,6.417081,7200,5.173913,100,100,65.9,4.626086,Very Low,73.1,6.4003835,100,1747909800,Very Low,5.8095784,8.217341,Very Low,8.693247,63.2,6.869565,100,1747909800,5.7826085
2025-05-22T10:38:05Z,0,29.947,75.4,63,69.6,9,8,179,77,0.0,255,32767,0.11,2090-9-18,0.0,0.52,26.6,0.0,0.0,0.0,0,4.822265625,6,45,05:40,20:21,2025-05-22 10:38:05.511800,Città della Scienza,71.1,7.964306,8.131896,7.2619734,5.372093,EU EEA Common AQI,74.1,6.715117,6.417081,7200,5.173913,100,100,65.9,4.626086,Very Low,73.1,6.4003835,100,1747909800,Very Low,5.8095784,8.217341,Very Low,8.693247,63.2,6.869565,100,1747909800,5.7826085
2025-05-22T10:38:16Z,0,29.947,75.4,63,69.6,14,8,155,77,0.0,255,32767,0.11,2090-9-18,0.0,0.52,26.6,0.0,0.0,0.0,0,4.822265625,6,45,05:40,20:21,2025-05-22 10:38:16.632802,Città della Scienza,71.1,7.964306,8.131896,7.2619734,5.372093,EU EEA Common AQI,74.1,6.715117,6.417081,7200,5.173913,100,100,65.9,4.626086,Very Low,73.1,6.4003835,100,1747909800,Very Low,5.8095784,8.217341,Very Low,8.693247,63.2,6.869565,100,1747909800,5.7826085
2025-05-22T10:38:27Z,0,29.947,75.4,63,69.6,8,8,180,77,0.0,255,32767,0.11,2090-9-18,0.0,0.52,26.6,0.0,0.0,0.0,0,4.822265625,6,45,05:40,20:21,2025-05-22 10:38:27.744802,Città della Scienza,71.1,7.964306,8.131896,7.2619734,5.372093,EU EEA Common AQI,74.1,6.715117,6.417081,7200,5.173913,100,100,65.9,4.626086,Very Low,73.1,6.4003835,100,1747909800,Very Low,5.8095784,8.217341,Very Low,8.693247,63.2,6.869565,100,1747909800,5.7826085
2025-05-22T10:38:39Z,0,29.947,75.4,63,69.6,8,8,180,77,0.0,255,32767,0.11,2090-9-18,0.0,0.52,26.6,0.0,0.0,0.0,0,4.822265625,6,45,05:40,20:21,2025-05-22 10:38:38.862814,Città della Scienza,71.1,7.964306,8.131896,7.2619734,5.372093,EU EEA Common AQI,74.1,6.715117,6.417081,7200,5.173913,100,100,65.9,4.626086,Very Low,73.1,6.4003835,100,1747909800,Very Low,5.8095784,8.217341,Very Low,8.693247,63.2,6.869565,100,1747909800,5.7826085
2025-05-22T10:38:50Z,0,29.947,75.4,63,69.6,8,8,216,77,0.0,255,32767,0.11,2090-9-18,0.0,0.52,26.6,0.0,0.0,0.0,0,4.822265625,6,45,05:40,20:21,2025-05-22 10:38:49.975798,Città della Scienza,71.1,7.964306,8.131896,7.2619734,5.372093,EU EEA Common AQI,74.1,6.715117,6.417081,7200,5.173913,100,100,65.9,4.626086,Very Low,73.1,6.4003835,100,1747909800,Very Low,5.8095784,8.217341,Very Low,8.693247,63.2,6.869565,100,1747909800,5.7826085
2025-05-22T10:39:01Z,0,29.947,75.4,63,69.6,9,8,211,77,0.0,255,32767,0.11,2090-9-18,0.0,0.52,26.6,0.0,0.0,0.0,0,4.822265625,6,45,05:40,20:21,2025-05-22 10:39:01.070792,Città della Scienza,71.1,7.964306,8.131896,7.2619734,5.372093,EU EEA Common AQI,74.1,6.715117,6.417081,7200,5.173913,100,100,65.9,4.626086,Very Low,73.1,6.4003835,100,1747909800,Very Low,5.8095784,8.217341,Very Low,8.693247,63.2,6.869565,100,1747909800,5.7826085
2025-05-22T10:39:12Z,0,29.947,75.4,63,69.5,10,8,224,77,0.0,255,32767,0.11,2090-9-18,0.0,0.52,26.6,0.0,0.0,0.0,0,4.822265625,6,45,05:40,20:21,2025-05-22 10:39:12.210805,Città della Scienza,71.1,7.964306,8.131896,7.2619734,5.372093,EU EEA Common AQI,74.1,6.715117,6.417081,7200,5.173913,100,100,65.9,4.626086,Very Low,73.1,6.4003835,100,1747909800,Very Low,5.8095784,8.217341,Very Low,8.693247,63.2,6.869565,100,1747909800,5.7826085
2025-05-22T10:39:23Z,0,29.947,75.4,63,69.5,6,8,234,77,0.0,255,32767,0.11,2090-9-18,0.0,0.52,26.6,0.0,0.0,0.0,0,4.822265625,6,45,05:40,20:21,2025-05-22 10:39:23.289797,Città della Scienza,71.1,7.964306,8.131896,7.2619734,5.372093,EU EEA Common AQI,74.1,6.715117,6.417081,7200,5.173913,100,100,65.9,4.626086,Very Low,73.1,6.4003835,100,1747909800,Very Low,5.8095784,8.217341,Very Low,8.693247,63.2,6.869565,100,1747909800,5.7826085
2025-05-22T10:39:34Z,0,29.946,75.4,63,69.5,8,8,180,77,0.0,255,32767,0.11,2090-9-18,0.0,0.52,26.6,0.0,0.0,0.0,0,4.822265625,6,45,05:40,20:21,2025-05-22 10:39:34.403802,Città della Scienza,71.1,7.964306,8.131896,7.2619734,5.372093,EU EEA Common AQI,74.1,6.715117,6.417081,7200,5.173913,100,100,65.9,4.626086,Very Low,73.1,6.4003835,100,1747909800,Very Low,5.8095784,8.217341,Very Low,8.693247,63.2,6.869565,100,1747909800,5.7826085
2025-05-22T10:39:45Z,0,29.946,75.4,63,69.5,11,8,169,77,0.0,255,32767,0.11,2090-9-18,0.0,0.52,26.6,0.0,0.0,0.0,0,4.822265625,6,45,05:40,20:21,2025-05-22 10:39:45.524806,Città della Scienza,71.1,7.964306,8.131896,7.2619734,5.372093,EU EEA Common AQI,74.1,6.715117,6.417081,7200,5.173913,100,100,65.9,4.626086,Very Low,73.1,6.4003835,100,1747909800,Very Low,5.8095784,8.217341,Very Low,8.693247,63.2,6.869565,100,1747909800,5.7826085
2025-05-22T10:39:56Z,0,29.946,75.4,63,69.5,8,8,175,77,0.0,255,32767,0.11,2090-9-18,0.0,0.52,26.6,0.0,0.0,0.0,0,4.822265625,6,45,05:40,20:21,2025-05-22 10:39:56.627759,Città della Scienza,71.1,7.964306,8.131896,7.2619734,5.372093,EU EEA Common AQI,74.1,6.715117,6.417081,7200,5.173913,100,100,65.9,4.626086,Very Low,73.1,6.4003835,100,1747909800,Very Low,5.8095784,8.217341,Very Low,8.693247,63.2,6.869565,100,1747909800,5.7826085
2025-05-22T10:40:07Z,0,29.946,75.4,63,69.5,7,8,184,77,0.0,255,32767,0.11,2090-9-18,0.0,0.52,26.6,0.0,0.0,0.0,0,4.822265625,6,45,05:40,20:21,2025-05-22 10:40:07.727798,Città della Scienza,71.1,7.964306,8.131896,7.2619734,5.372093,EU EEA Common AQI,74.1,6.715117,6.417081,7200,5.173913,100,100,65.9,4.626086,Very Low,73.1,6.4003835,100,1747909800,Very Low,5.8095784,8.217341,Very Low,8.693247,63.2,6.869565,100,1747909800,5.7826085
2025-05-22T10:40:19Z,0,29.946,75.4,63,69.5,11,8,152,77,0.0,255,32767,0.11,2090-9-18,0.0,0.52,26.6,0.0,0.0,0.0,0,4.822265625,6,45,05:40,20:21,2025-05-22 10:40:18.862805,Città della Scienza,71.1,7.964306,8.131896,7.2619734,5.372093,EU EEA Common AQI,74.1,6.715117,6.417081,7200,5.173913,100,100,65.9,4.626086,Very Low,73.1,6.4003835,100,1747909800,Very Low,5.8095784,8.217341,Very Low,8.693247,63.2,6.869565,100,1747909800,5.7826085
2025-05-22T10:40:30Z,0,29.946,75.4,63,69.4,7,8,271,77,0.0,255,32767,0.11,2090-9-18,0.0,0.52,26.6,0.0,0.0,0.0,0,4.822265625,6,45,05:40,20:21,2025-05-22 10:40:29.980792,Città della Scienza,71.1,7.964306,8.131896,7.2619734,5.372093,EU EEA Common AQI,74.1,6.715117,6.417081,7200,5.173913,100,100,65.9,4.626086,Very Low,73.1,6.4003835,100,1747909800,Very Low,5.8095784,8.217341,Very Low,8.693247,63.2,6.869565,100,1747909800,5.7826085
2025-05-22T10:40:41Z,0,29.946,75.5,63,69.4,9,8,189,77,0.0,255,32767,0.11,2090-9-18,0.0,0.52,26.6,0.0,0.0,0.0,0,4.822265625,6,45,05:40,20:21,2025-05-22 10:40:41.052758,Città della Scienza,71.1,7.964306,8.131896,7.2619734,5.372093,EU EEA Common AQI,74.1,6.715117,6.417081,7200,5.173913,100,100,65.9,4.626086,Very Low,73.1,6.4003835,100,1747909800,Very Low,5.8095784,8.217341,Very Low,8.693247,63.2,6.869565,100,1747909800,5.7826085
2025-05-22T10:40:52Z,0,29.946,75.5,63,69.4,4,8,225,77,0.0,255,32767,0.11,2090-9-18,0.0,0.52,26.6,0.0,0.0,0.0,0,4.822265625,6,45,05:40,20:21,2025-05-22 10:40:52.194807,Città della Scienza,71.1,7.964306,8.131896,7.2619734,5.372093,EU EEA Common AQI,74.1,6.715117,6.417081,7200,5.173913,100,100,65.9,4.626086,Very Low,73.1,6.4003835,100,1747909800,Very Low,5.8095784,8.217341,Very Low,8.693247,63.2,6.869565,100,1747909800,5.7826085
2025-05-22T10:41:03Z,0,29.946,75.5,63,69.4,6,8,183,77,0.0,255,32767,0.11,2090-9-18,0.0,0.52,26.6,0.0,0.0,0.0,0,4.822265625,6,45,05:40,20:21,2025-05-22 10:41:03.573789,Città della Scienza,71.1,7.964306,8.131896,7.2619734,5.372093,EU EEA Common AQI,74.1,6.715117,6.417081,7200,5.173913,100,100,65.9,4.626086,Very Low,73.1,6.4003835,100,1747909800,Very Low,5.8095784,8.217341,Very Low,8.693247,63.2,6.869565,100,1747909800,5.7826085
2025-05-22T10:41:15Z,0,29.946,75.5,63,69.4,7,8,185,77,0.0,255,32767,0.11,2090-9-18,0.0,0.52,26.6,0.0,0.0,0.0,0,4.822265625,6,45,05:40,20:21,2025-05-22 10:41:15.103801,Città della Scienza,71.1,7.964306,8.131896,7.2619734,5.372093,EU EEA Common AQI,74.1,6.715117,6.417081,7200,5.173913,100,100,65.9,4.626086,Very Low,73.1,6.4003835,100,1747909800,Very Low,5.8095784,8.217341,Very Low,8.693247,63.2,6.869565,100,1747909800,5.7826085
2025-05-22T10:41:26Z,0,29.946,75.5,63,69.5,11,8,186,77,0.0,255,32767,0.11,2090-9-18,0.0,0.52,26.6,0.0,0.0,0.0,0,4.822265625,6,45,05:40,20:21,2025-05-22 10:41:26.219798,Città della Scienza,71.1,7.964306,8.131896,7.2619734,5.372093,EU EEA Common AQI,74.1,6.715117,6.417081,7200,5.173913,100,100,65.9,4.626086,Very Low,73.1,6.4003835,100,1747909800,Very Low,5.8095784,8.217341,Very Low,8.693247,63.2,6.869565,100,1747909800,5.7826085
2025-05-22T10:41:37Z,0,29.948,75.5,63,69.4,8,8,183,77,0.0,255,32767,0.11,2090-9-18,0.0,0.52,26.6,0.0,0.0,0.0,0,4.822265625,6,45,05:40,20:21,2025-05-22 10:41:37.310788,Città della Scienza,71.1,7.964306,8.131896,7.2619734,5.372093,EU EEA Common AQI,74.1,6.715117,6.417081,7200,5.173913,100,100,65.9,4.626086,Very Low,73.1,6.4003835,100,1747909800,Very Low,5.8095784,8.217341,Very Low,8.693247,63.2,6.869565,100,1747909800,5.7826085
2025-05-22T10:41:48Z,0,29.948,75.5,63,69.4,9,8,167,77,0.0,255,32767,0.11,2090-9-18,0.0,0.52,26.6,0.0,0.0,0.0,0,4.822265625,6,45,05:40,20:21,2025-05-22 10:41:48.423796,Città della Scienza,71.1,7.964306,8.131896,7.2619734,5.372093,EU EEA Common AQI,74.1,6.715117,6.417081,7200,5.173913,100,100,65.9,4.626086,Very Low,73.1,6.4003835,100,1747909800,Very Low,5.8095784,8.217341,Very Low,8.693247,63.2,6.869565,100,1747909800,5.7826085
2025-05-22T10:41:59Z,0,29.948,75.5,63,69.4,6,8,209,77,0.0,255,32767,0.11,2090-9-18,0.0,0.52,26.6,0.0,0.0,0.0,0,4.822265625,6,45,05:40,20:21,2025-05-22 10:41:59.560789,Città della Scienza,71.1,7.964306,8.131896,7.2619734,5.372093,EU EEA Common AQI,74.1,6.715117,6.417081,7200,5.173913,100,100,65.9,4.626086,Very Low,73.1,6.4003835,100,1747909800,Very Low,5.8095784,8.217341,Very Low,8.693247,63.2,6.869565,100,1747909800,5.7826085
2025-05-22T10:42:10Z,0,29.948,75.5,63,69.5,12,8,168,77,0.0,255,32767,0.11,2090-9-18,0.0,0.52,26.6,0.0,0.0,0.0,0,4.822265625,6,45,05:40,20:21,2025-05-22 10:42:10.654341,Città della Scienza,71.1,7.964306,8.131896,7.2619734,5.372093,EU EEA Common AQI,74.1,6.715117,6.417081,7200,5.173913,100,100,65.9,4.626086,Very Low,73.1,6.4003835,100,1747909800,Very Low,5.8095784,8.217341,Very Low,8.693247,63.2,6.869565,100,1747909800,5.7826085
2025-05-22T10:42:21Z,0,29.948,75.5,63,69.5,6,8,171,77,0.0,255,32767,0.11,2090-9-18,0.0,0.52,26.6,0.0,0.0,0.0,0,4.822265625,6,45,05:40,20:21,2025-05-22 10:42:21.741802,Città della Scienza,71.1,7.964306,8.131896,7.2619734,5.372093,EU EEA Common AQI,74.1,6.715117,6.417081,7200,5.173913,100,100,65.9,4.626086,Very Low,73.1,6.4003835,100,1747909800,Very Low,5.8095784,8.217341,Very Low,8.693247,63.2,6.869565,100,1747909800,5.7826085
2025-05-22T10:42:33Z,0,29.948,75.5,63,69.5,6,8,229,77,0.0,255,32767,0.11,2090-9-18,0.0,0.52,26.6,0.0,0.0,0.0,0,4.822265625,6,45,05:40,20:21,2025-05-22 10:42:32.959790,Città della Scienza,71.1,7.964306,8.131896,7.2619734,5.372093,EU EEA Common AQI,74.1,6.715117,6.417081,7200,5.173913,100,100,65.9,4.626086,Very Low,73.1,6.4003835,100,1747909800,Very Low,5.8095784,8.217341,Very Low,8.693247,63.2,6.869565,100,1747909800,5.7826085
2025-05-22T10:42:44Z,0,29.949,75.4,63,69.5,5,8,150,78,0.0,255,32767,0.11,2090-9-18,0.0,0.52,26.6,0.0,0.0,0.0,0,4.822265625,6,45,05:40,20:21,2025-05-22 10:42:44.090788,Città della Scienza,71.1,7.964306,8.131896,7.2619734,5.372093,EU EEA Common AQI,74.1,6.715117,6.417081,7200,5.173913,100,100,65.9,4.626086,Very Low,73.1,6.4003835,100,1747909800,Very Low,5.8095784,8.217341,Very Low,8.693247,63.2,6.869565,100,1747909800,5.7826085
2025-05-22T10:42:55Z,0,29.949,75.4,63,69.5,11,8,191,78,0.0,255,32767,0.11,2090-9-18,0.0,0.52,26.6,0.0,0.0,0.0,0,4.822265625,6,45,05:40,20:21,2025-05-22 10:42:55.238785,Città della Scienza,71.1,7.964306,8.131896,7.2619734,5.372093,EU EEA Common AQI,74.1,6.715117,6.417081,7200,5.173913,100,100,65.9,4.626086,Very Low,73.1,6.4003835,100,1747909800,Very Low,5.8095784,8.217341,Very Low,8.693247,63.2,6.869565,100,1747909800,5.7826085
2025-05-22T10:43:06Z,0,29.949,75.4,63,69.5,8,8,182,78,0.0,255,32767,0.11,2090-9-18,0.0,0.52,26.6,0.0,0.0,0.0,0,4.822265625,6,45,05:40,20:21,2025-05-22 10:43:06.369795,Città della Scienza,71.1,7.964306,8.131896,7.2619734,5.372093,EU EEA Common AQI,74.1,6.715117,6.417081,7200,5.173913,100,100,65.9,4.626086,Very Low,73.1,6.4003835,100,1747909800,Very Low,5.8095784,8.217341,Very Low,8.693247,63.2,6.869565,100,1747909800,5.7826085
2025-05-22T10:43:17Z,0,29.949,75.4,63,69.5,9,8,178,78,0.0,255,32767,0.11,2090-9-18,0.0,0.52,26.6,0.0,0.0,0.0,0,4.822265625,6,45,05:40,20:21,2025-05-22 10:43:17.452792,Città della Scienza,71.1,7.964306,8.131896,7.2619734,5.372093,EU EEA Common AQI,74.1,6.715117,6.417081,7200,5.173913,100,100,65.9,4.626086,Very Low,73.1,6.4003835,100,1747909800,Very Low,5.8095784,8.217341,Very Low,8.693247,63.2,6.869565,100,1747909800,5.7826085
2025-05-22T10:43:28Z,0,29.949,75.4,63,69.5,11,8,182,78,0.0,255,32767,0.11,2090-9-18,0.0,0.52,26.6,0.0,0.0,0.0,0,4.822265625,6,45,05:40,20:21,2025-05-22 10:43:28.570798,Città della Scienza,71.1,7.964306,8.131896,7.2619734,5.372093,EU EEA Common AQI,74.1,6.715117,6.417081,7200,5.173913,100,100,65.9,4.626086,Very Low,73.1,6.4003835,100,1747909800,Very Low,5.8095784,8.217341,Very Low,8.693247,63.2,6.869565,100,1747909800,5.7826085
2025-05-22T10:43:39Z,0,29.949,75.5,63,69.5,7,8,166,77,0.0,255,32767,0.11,2090-9-18,0.0,0.52,26.6,0.0,0.0,0.0,0,4.822265625,6,45,05:40,20:21,2025-05-22 10:43:39.708796,Città della Scienza,71.1,7.964306,8.131896,7.2619734,5.372093,EU EEA Common AQI,74.1,6.715117,6.417081,7200,5.173913,100,100,65.9,4.626086,Very Low,73.1,6.4003835,100,1747909800,Very Low,5.8095784,8.217341,Very Low,8.693247,63.2,6.869565,100,1747909800,5.7826085
2025-05-22T10:43:51Z,0,29.949,75.5,63,69.5,8,8,194,77,0.0,255,32767,0.11,2090-9-18,0.0,0.52,26.6,0.0,0.0,0.0,0,4.822265625,6,45,05:40,20:21,2025-05-22 10:43:50.804801,Città della Scienza,71.1,7.964306,8.131896,7.2619734,5.372093,EU EEA Common AQI,74.1,6.715117,6.417081,7200,5.173913,100,100,65.9,4.626086,Very Low,73.1,6.4003835,100,1747909800,Very Low,5.8095784,8.217341,Very Low,8.693247,63.2,6.869565,100,1747909800,5.7826085
2025-05-22T10:44:02Z,0,29.949,75.5,63,69.5,5,8,173,77,0.0,255,32767,0.11,2090-9-18,0.0,0.52,26.6,0.0,0.0,0.0,0,4.822265625,6,45,05:40,20:21,2025-05-22 10:44:01.938762,Città della Scienza,71.1,7.964306,8.131896,7.2619734,5.372093,EU EEA Common AQI,74.1,6.715117,6.417081,7200,5.173913,100,100,65.9,4.626086,Very Low,73.1,6.4003835,100,1747909800,Very Low,5.8095784,8.217341,Very Low,8.693247,63.2,6.869565,100,1747909800,5.7826085
2025-05-22T10:44:13Z,0,29.949,75.5,63,69.5,6,8,180,77,0.0,255,32767,0.11,2090-9-18,0.0,0.52,26.6,0.0,0.0,0.0,0,4.822265625,6,45,05:40,20:21,2025-05-22 10:44:13.021803,Città della Scienza,71.1,7.964306,8.131896,7.2619734,5.372093,EU EEA Common AQI,74.1,6.715117,6.417081,7200,5.173913,100,100,65.9,4.626086,Very Low,73.1,6.4003835,100,1747909800,Very Low,5.8095784,8.217341,Very Low,8.693247,63.2,6.869565,100,1747909800,5.7826085
2025-05-22T10:44:24Z,0,29.949,75.5,63,69.5,11,8,170,77,0.0,255,32767,0.11,2090-9-18,0.0,0.52,26.6,0.0,0.0,0.0,0,4.822265625,6,45,05:40,20:21,2025-05-22 10:44:24.121824,Città della Scienza,71.1,7.964306,8.131896,7.2619734,5.372093,EU EEA Common AQI,74.1,6.715117,6.417081,7200,5.173913,100,100,65.9,4.626086,Very Low,73.1,6.4003835,100,1747909800,Very Low,5.8095784,8.217341,Very Low,8.693247,63.2,6.869565,100,1747909800,5.7826085
2025-05-22T10:44:35Z,0,29.947,75.4,63,69.4,6,8,194,77,0.0,255,32767,0.11,2090-9-18,0.0,0.52,26.6,0.0,0.0,0.0,0,4.822265625,6,45,05:40,20:21,2025-05-22 10:44:35.223804,Città della Scienza,71.1,7.964306,8.131896,7.2619734,5.372093,EU EEA Common AQI,74.1,6.715117,6.417081,7200,5.173913,100,100,65.9,4.626086,Very Low,73.1,6.4003835,100,1747909800,Very Low,5.8095784,8.217341,Very Low,8.693247,63.2,6.869565,100,1747909800,5.7826085
2025-05-22T10:44:46Z,0,29.947,75.4,63,69.4,5,8,192,77,0.0,255,32767,0.11,2090-9-18,0.0,0.52,26.6,0.0,0.0,0.0,0,4.822265625,6,45,05:40,20:21,2025-05-22 10:44:46.301791,Città della Scienza,71.1,7.964306,8.131896,7.2619734,5.372093,EU EEA Common AQI,74.1,6.715117,6.417081,7200,5.173913,100,100,65.9,4.626086,Very Low,73.1,6.4003835,100,1747909800,Very Low,5.8095784,8.217341,Very Low,8.693247,63.2,6.869565,100,1747909800,5.7826085
2025-05-22T10:44:57Z,0,29.947,75.4,63,69.4,6,8,181,77,0.0,255,32767,0.11,2090-9-18,0.0,0.52,26.6,0.0,0.0,0.0,0,4.822265625,6,45,05:40,20:21,2025-05-22 10:44:57.383791,Città della Scienza,71.1,7.964306,8.131896,7.2619734,5.372093,EU EEA Common AQI,74.1,6.715117,6.417081,7200,5.173913,100,100,65.9,4.626086,Very Low,73.1,6.4003835,100,1747909800,Very Low,5.8095784,8.217341,Very Low,8.693247,63.2,6.869565,100,1747909800,5.7826085
2025-05-22T10:45:08Z,0,29.947,75.4,63,69.4,9,8,195,77,0.0,255,32767,0.11,2090-9-18,0.0,0.52,26.6,0.0,0.0,0.0,0,4.822265625,6,45,05:40,20:21,2025-05-22 10:45:08.472791,Città della Scienza,71.1,7.964306,8.131896,7.2619734,5.372093,EU EEA Common AQI,74.1,6.715117,6.417081,7200,5.173913,100,100,65.9,4.626086,Very Low,73.1,6.4003835,100,1747909800,Very Low,5.8095784,8.217341,Very Low,8.693247,63.2,6.869565,100,1747909800,5.7826085
2025-05-22T10:45:19Z,0,29.947,75.4,63,69.4,6,8,215,77,0.0,255,32767,0.11,2090-9-18,0.0,0.52,26.6,0.0,0.0,0.0,0,4.822265625,6,45,05:40,20:21,2025-05-22 10:45:19.580790,Città della Scienza,71.1,7.964306,8.131896,7.2619734,5.372093,EU EEA Common AQI,74.1,6.715117,6.417081,7200,5.173913,100,100,65.9,4.626086,Very Low,73.1,6.4003835,100,1747909800,Very Low,5.8095784,8.217341,Very Low,8.693247,63.2,6.869565,100,1747909800,5.7826085
2025-05-22T10:45:30Z,0,29.947,75.4,63,69.4,8,8,179,77,0.0,255,32767,0.11,2090-9-18,0.0,0.52,26.6,0.0,0.0,0.0,0,4.822265625,6,45,05:40,20:21,2025-05-22 10:45:30.662761,Città della Scienza,70.6,8.204806,8.147498,7.129581,5.397914,EU EEA Common AQI,74.5,6.7473927,6.4399176,7200,6.3913045,100,100,66.1,5.368116,Very Low,73.5,6.6412487,100,1747910700,Very Low,5.7036643,8.251738,Very Low,8.567425,63.3,8.666667,100,1747910700,6.710145
2025-05-22T10:45:41Z,0,29.949,75.4,63,69.4,6,8,178,77,0.0,255,32767,0.11,2090-9-18,0.0,0.52,26.6,0.0,0.0,0.0,0,4.822265625,6,45,05:40,20:21,2025-05-22 10:45:41.788789,Città della Scienza,70.6,8.204806,8.147498,7.129581,5.397914,EU EEA Common AQI,74.5,6.7473927,6.4399176,7200,6.3913045,100,100,66.1,5.368116,Very Low,73.5,6.6412487,100,1747910700,Very Low,5.7036643,8.251738,Very Low,8.567425,63.3,8.666667,100,1747910700,6.710145
2025-05-22T10:45:53Z,0,29.949,75.4,63,69.4,5,8,240,77,0.0,255,32767,0.11,2090-9-18,0.0,0.52,26.6,0.0,0.0,0.0,0,4.822265625,6,45,05:40,20:21,2025-05-22 10:45:52.908770,Città della Scienza,70.6,8.204806,8.147498,7.129581,5.397914,EU EEA Common AQI,74.5,6.7473927,6.4399176,7200,6.3913045,100,100,66.1,5.368116,Very Low,73.5,6.6412487,100,1747910700,Very Low,5.7036643,8.251738,Very Low,8.567425,63.3,8.666667,100,1747910700,6.710145
2025-05-22T10:46:04Z,0,29.949,75.4,63,69.4,6,8,213,77,0.0,255,32767,0.11,2090-9-18,0.0,0.52,26.6,0.0,0.0,0.0,0,4.822265625,6,45,05:40,20:21,2025-05-22 10:46:04.007799,Città della Scienza,70.6,8.204806,8.147498,7.129581,5.397914,EU EEA Common AQI,74.5,6.7473927,6.4399176,7200,6.3913045,100,100,66.1,5.368116,Very Low,73.5,6.6412487,100,1747910700,Very Low,5.7036643,8.251738,Very Low,8.567425,63.3,8.666667,100,1747910700,6.710145
2025-05-22T10:46:15Z,0,29.949,75.4,63,69.5,4,8,185,77,0.0,255,32767,0.11,2090-9-18,0.0,0.52,26.6,0.0,0.0,0.0,0,4.822265625,6,45,05:40,20:21,2025-05-22 10:46:15.142793,Città della Scienza,70.6,8.204806,8.147498,7.129581,5.397914,EU EEA Common AQI,74.5,6.7473927,6.4399176,7200,6.3913045,100,100,66.1,5.368116,Very Low,73.5,6.6412487,100,1747910700,Very Low,5.7036643,8.251738,Very Low,8.567425,63.3,8.666667,100,1747910700,6.710145
2025-05-22T10:46:26Z,0,29.949,75.4,63,69.5,6,8,173,77,0.0,255,32767,0.11,2090-9-18,0.0,0.52,26.6,0.0,0.0,0.0,0,4.822265625,6,45,05:40,20:21,2025-05-22 10:46:26.226799,Città della Scienza,70.6,8.204806,8.147498,7.129581,5.397914,EU EEA Common AQI,74.5,6.7473927,6.4399176,7200,6.3913045,100,100,66.1,5.368116,Very Low,73.5,6.6412487,100,1747910700,Very Low,5.7036643,8.251738,Very Low,8.567425,63.3,8.666667,100,1747910700,6.710145
2025-05-22T10:46:37Z,0,29.949,75.4,63,69.6,4,8,240,77,0.0,255,32767,0.11,2090-9-18,0.0,0.52,26.6,0.0,0.0,0.0,0,4.822265625,6,45,05:40,20:21,2025-05-22 10:46:37.333803,Città della Scienza,70.6,8.204806,8.147498,7.129581,5.397914,EU EEA Common AQI,74.5,6.7473927,6.4399176,7200,6.3913045,100,100,66.1,5.368116,Very Low,73.5,6.6412487,100,1747910700,Very Low,5.7036643,8.251738,Very Low,8.567425,63.3,8.666667,100,1747910700,6.710145
2025-05-22T10:46:48Z,0,29.949,75.4,63,69.6,2,8,214,77,0.0,255,32767,0.11,2090-9-18,0.0,0.52,26.6,0.0,0.0,0.0,0,4.822265625,6,45,05:40,20:21,2025-05-22 10:46:48.427797,Città della Scienza,70.6,8.204806,8.147498,7.129581,5.397914,EU EEA Common AQI,74.5,6.7473927,6.4399176,7200,6.3913045,100,100,66.1,5.368116,Very Low,73.5,6.6412487,100,1747910700,Very Low,5.7036643,8.251738,Very Low,8.567425,63.3,8.666667,100,1747910700,6.710145
2025-05-22T10:46:59Z,0,29.949,75.4,63,69.6,6,8,177,78,0.0,255,32767,0.11,2090-9-18,0.0,0.52,26.6,0.0,0.0,0.0,0,4.822265625,6,45,05:40,20:21,2025-05-22 10:46:59.591789,Città della Scienza,70.6,8.204806,8.147498,7.129581,5.397914,EU EEA Common AQI,74.5,6.7473927,6.4399176,7200,6.3913045,100,100,66.1,5.368116,Very Low,73.5,6.6412487,100,1747910700,Very Low,5.7036643,8.251738,Very Low,8.567425,63.3,8.666667,100,1747910700,6.710145
2025-05-22T10:47:10Z,0,29.949,75.4,63,69.6,7,8,175,78,0.0,255,32767,0.11,2090-9-18,0.0,0.52,26.6,0.0,0.0,0.0,0,4.822265625,6,45,05:40,20:21,2025-05-22 10:47:10.685797,Città della Scienza,70.6,8.204806,8.147498,7.129581,5.397914,EU EEA Common AQI,74.5,6.7473927,6.4399176,7200,6.3913045,100,100,66.1,5.368116,Very Low,73.5,6.6412487,100,1747910700,Very Low,5.7036643,8.251738,Very Low,8.567425,63.3,8.666667,100,1747910700,6.710145
2025-05-22T10:47:22Z,0,29.949,75.4,63,69.6,8,8,186,78,0.0,255,32767,0.11,2090-9-18,0.0,0.52,26.6,0.0,0.0,0.0,0,4.822265625,6,45,05:40,20:21,2025-05-22 10:47:21.808805,Città della Scienza,70.6,8.204806,8.147498,7.129581,5.397914,EU EEA Common AQI,74.5,6.7473927,6.4399176,7200,6.3913045,100,100,66.1,5.368116,Very Low,73.5,6.6412487,100,1747910700,Very Low,5.7036643,8.251738,Very Low,8.567425,63.3,8.666667,100,1747910700,6.710145
2025-05-22T10:47:33Z,0,29.949,75.4,63,69.6,6,8,180,78,0.0,255,32767,0.11,2090-9-18,0.0,0.52,26.6,0.0,0.0,0.0,0,4.822265625,6,45,05:40,20:21,2025-05-22 10:47:32.940758,Città della Scienza,70.6,8.204806,8.147498,7.129581,5.397914,EU EEA Common AQI,74.5,6.7473927,6.4399176,7200,6.3913045,100,100,66.1,5.368116,Very Low,73.5,6.6412487,100,1747910700,Very Low,5.7036643,8.251738,Very Low,8.567425,63.3,8.666667,100,1747910700,6.710145
2025-05-22T10:47:44Z,0,29.95,75.4,63,69.7,9,8,183,78,0.0,255,32767,0.11,2090-9-18,0.0,0.52,26.6,0.0,0.0,0.0,0,4.822265625,6,45,05:40,20:21,2025-05-22 10:47:44.080798,Città della Scienza,70.6,8.204806,8.147498,7.129581,5.397914,EU EEA Common AQI,74.5,6.7473927,6.4399176,7200,6.3913045,100,100,66.1,5.368116,Very Low,73.5,6.6412487,100,1747910700,Very Low,5.7036643,8.251738,Very Low,8.567425,63.3,8.666667,100,1747910700,6.710145
2025-05-22T10:47:55Z,0,29.95,75.4,63,69.7,9,8,165,78,0.0,255,32767,0.11,2090-9-18,0.0,0.52,26.6,0.0,0.0,0.0,0,4.822265625,6,45,05:40,20:21,2025-05-22 10:47:55.187754,Città della Scienza,70.6,8.204806,8.147498,7.129581,5.397914,EU EEA Common AQI,74.5,6.7473927,6.4399176,7200,6.3913045,100,100,66.1,5.368116,Very Low,73.5,6.6412487,100,1747910700,Very Low,5.7036643,8.251738,Very Low,8.567425,63.3,8.666667,100,1747910700,6.710145
2025-05-22T10:48:06Z,0,29.95,75.4,63,69.7,10,8,183,78,0.0,255,32767,0.11,2090-9-18,0.0,0.52,26.6,0.0,0.0,0.0,0,4.822265625,6,45,05:40,20:21,2025-05-22 10:48:06.261791,Città della Scienza,70.6,8.204806,8.147498,7.129581,5.397914,EU EEA Common AQI,74.5,6.7473927,6.4399176,7200,6.3913045,100,100,66.1,5.368116,Very Low,73.5,6.6412487,100,1747910700,Very Low,5.7036643,8.251738,Very Low,8.567425,63.3,8.666667,100,1747910700,6.710145
2025-05-22T10:48:17Z,0,29.95,75.4,63,69.7,10,8,184,78,0.0,255,32767,0.11,2090-9-18,0.0,0.52,26.6,0.0,0.0,0.0,0,4.822265625,6,45,05:40,20:21,2025-05-22 10:48:17.340789,Città della Scienza,70.6,8.204806,8.147498,7.129581,5.397914,EU EEA Common AQI,74.5,6.7473927,6.4399176,7200,6.3913045,100,100,66.1,5.368116,Very Low,73.5,6.6412487,100,1747910700,Very Low,5.7036643,8.251738,Very Low,8.567425,63.3,8.666667,100,1747910700,6.710145
2025-05-22T10:48:28Z,0,29.95,75.4,63,69.7,6,8,211,78,0.0,255,32767,0.11,2090-9-18,0.0,0.52,26.6,0.0,0.0,0.0,0,4.822265625,6,45,05:40,20:21,2025-05-22 10:48:28.435790,Città della Scienza,70.6,8.204806,8.147498,7.129581,5.397914,EU EEA Common AQI,74.5,6.7473927,6.4399176,7200,6.3913045,100,100,66.1,5.368116,Very Low,73.5,6.6412487,100,1747910700,Very Low,5.7036643,8.251738,Very Low,8.567425,63.3,8.666667,100,1747910700,6.710145
2025-05-22T10:48:39Z,0,29.949,75.4,63,69.7,8,8,284,78,0.0,255,32767,0.11,2090-9-18,0.0,0.52,26.6,0.0,0.0,0.0,0,4.822265625,6,45,05:40,20:21,2025-05-22 10:48:39.541796,Città della Scienza,70.6,8.204806,8.147498,7.129581,5.397914,EU EEA Common AQI,74.5,6.7473927,6.4399176,7200,6.3913045,100,100,66.1,5.368116,Very Low,73.5,6.6412487,100,1747910700,Very Low,5.7036643,8.251738,Very Low,8.567425,63.3,8.666667,100,1747910700,6.710145
2025-05-22T10:48:50Z,0,29.949,75.4,63,69.7,6,8,207,78,0.0,255,32767,0.11,2090-9-18,0.0,0.52,26.6,0.0,0.0,0.0,0,4.822265625,6,45,05:40,20:21,2025-05-22 10:48:50.653760,Città della Scienza,70.6,8.204806,8.147498,7.129581,5.397914,EU EEA Common AQI,74.5,6.7473927,6.4399176,7200,6.3913045,100,100,66.1,5.368116,Very Low,73.5,6.6412487,100,1747910700,Very Low,5.7036643,8.251738,Very Low,8.567425,63.3,8.666667,100,1747910700,6.710145
2025-05-22T10:49:01Z,0,29.949,75.4,63,69.7,8,8,161,78,0.0,255,32767,0.11,2090-9-18,0.0,0.52,26.6,0.0,0.0,0.0,0,4.822265625,6,45,05:40,20:21,2025-05-22 10:49:01.748795,Città della Scienza,70.6,8.204806,8.147498,7.129581,5.397914,EU EEA Common AQI,74.5,6.7473927,6.4399176,7200,6.3913045,100,100,66.1,5.368116,Very Low,73.5,6.6412487,100,1747910700,Very Low,5.7036643,8.251738,Very Low,8.567425,63.3,8.666667,100,1747910700,6.710145
2025-05-22T10:49:13Z,0,29.949,75.4,63,69.7,7,8,188,78,0.0,255,32767,0.11,2090-9-18,0.0,0.52,26.6,0.0,0.0,0.0,0,4.822265625,6,45,05:40,20:21,2025-05-22 10:49:12.835807,Città della Scienza,70.6,8.204806,8.147498,7.129581,5.397914,EU EEA Common AQI,74.5,6.7473927,6.4399176,7200,6.3913045,100,100,66.1,5.368116,Very Low,73.5,6.6412487,100,1747910700,Very Low,5.7036643,8.251738,Very Low,8.567425,63.3,8.666667,100,1747910700,6.710145
2025-05-22T10:49:24Z,0,29.949,75.4,63,69.7,6,8,221,78,0.0,255,32767,0.11,2090-9-18,0.0,0.52,26.6,0.0,0.0,0.0,0,4.822265625,6,45,05:40,20:21,2025-05-22 10:49:23.929782,Città della Scienza,70.6,8.204806,8.147498,7.129581,5.397914,EU EEA Common AQI,74.5,6.7473927,6.4399176,7200,6.3913045,100,100,66.1,5.368116,Very Low,73.5,6.6412487,100,1747910700,Very Low,5.7036643,8.251738,Very Low,8.567425,63.3,8.666667,100,1747910700,6.710145
2025-05-22T10:49:35Z,0,29.948,75.4,63,69.7,3,8,99,78,0.0,255,32767,0.11,2090-9-18,0.0,0.52,26.6,0.0,0.0,0.0,0,4.822265625,6,45,05:40,20:21,2025-05-22 10:49:35.043789,Città della Scienza,70.6,8.204806,8.147498,7.129581,5.397914,EU EEA Common AQI,74.5,6.7473927,6.4399176,7200,6.3913045,100,100,66.1,5.368116,Very Low,73.5,6.6412487,100,1747910700,Very Low,5.7036643,8.251738,Very Low,8.567425,63.3,8.666667,100,1747910700,6.710145
2025-05-22T10:49:46Z,0,29.948,75.4,63,69.7,9,8,211,77,0.0,255,32767,0.11,2090-9-18,0.0,0.52,26.6,0.0,0.0,0.0,0,4.822265625,6,45,05:40,20:21,2025-05-22 10:49:46.171810,Città della Scienza,70.6,8.204806,8.147498,7.129581,5.397914,EU EEA Common AQI,74.5,6.7473927,6.4399176,7200,6.3913045,100,100,66.1,5.368116,Very Low,73.5,6.6412487,100,1747910700,Very Low,5.7036643,8.251738,Very Low,8.567425,63.3,8.666667,100,1747910700,6.710145
2025-05-22T10:49:57Z,0,29.948,75.4,63,69.7,8,8,203,77,0.0,255,32767,0.11,2090-9-18,0.0,0.52,26.6,0.0,0.0,0.0,0,4.822265625,6,45,05:40,20:21,2025-05-22 10:49:57.270791,Città della Scienza,70.6,8.204806,8.147498,7.129581,5.397914,EU EEA Common AQI,74.5,6.7473927,6.4399176,7200,6.3913045,100,100,66.1,5.368116,Very Low,73.5,6.6412487,100,1747910700,Very Low,5.7036643,8.251738,Very Low,8.567425,63.3,8.666667,100,1747910700,6.710145
2025-05-22T10:50:08Z,0,29.948,75.4,63,69.7,8,8,175,77,0.0,255,32767,0.11,2090-9-18,0.0,0.52,26.6,0.0,0.0,0.0,0,4.822265625,6,45,05:40,20:21,2025-05-22 10:50:08.387796,Città della Scienza,70.6,8.204806,8.147498,7.129581,5.397914,EU EEA Common AQI,74.5,6.7473927,6.4399176,7200,6.3913045,100,100,66.1,5.368116,Very Low,73.5,6.6412487,100,1747910700,Very Low,5.7036643,8.251738,Very Low,8.567425,63.3,8.666667,100,1747910700,6.710145
2025-05-22T10:50:19Z,0,29.948,75.4,63,69.7,8,8,200,77,0.0,255,32767,0.11,2090-9-18,0.0,0.52,26.6,0.0,0.0,0.0,0,4.822265625,6,45,05:40,20:21,2025-05-22 10:50:19.509797,Città della Scienza,70.6,8.204806,8.147498,7.129581,5.397914,EU EEA Common AQI,74.5,6.7473927,6.4399176,7200,6.3913045,100,100,66.1,5.368116,Very Low,73.5,6.6412487,100,1747910700,Very Low,5.7036643,8.251738,Very Low,8.567425,63.3,8.666667,100,1747910700,6.710145
2025-05-22T10:50:30Z,0,29.948,75.4,63,69.6,3,8,252,77,0.0,255,32767,0.11,2090-9-18,0.0,0.52,26.6,0.0,0.0,0.0,0,4.822265625,6,45,05:40,20:21,2025-05-22 10:50:30.622800,Città della Scienza,70.6,8.204806,8.147498,7.129581,5.397914,EU EEA Common AQI,74.5,6.7473927,6.4399176,7200,6.3913045,100,100,66.1,5.368116,Very Low,73.5,6.6412487,100,1747910700,Very Low,5.7036643,8.251738,Very Low,8.567425,63.3,8.666667,100,1747910700,6.710145
2025-05-22T10:50:41Z,0,29.951,75.4,63,69.6,7,7,183,77,0.0,255,32767,0.11,2090-9-18,0.0,0.52,26.6,0.0,0.0,0.0,0,4.822265625,6,45,05:40,20:21,2025-05-22 10:50:41.704798,Città della Scienza,70.6,8.204806,8.147498,7.129581,5.397914,EU EEA Common AQI,74.5,6.7473927,6.4399176,7200,6.3913045,100,100,66.1,5.368116,Very Low,73.5,6.6412487,100,1747910700,Very Low,5.7036643,8.251738,Very Low,8.567425,63.3,8.666667,100,1747910700,6.710145
2025-05-22T10:50:53Z,0,29.951,75.4,63,69.6,5,7,171,77,0.0,255,32767,0.11,2090-9-18,0.0,0.52,26.6,0.0,0.0,0.0,0,4.822265625,6,45,05:40,20:21,2025-05-22 10:50:52.850752,Città della Scienza,70.6,8.204806,8.147498,7.129581,5.397914,EU EEA Common AQI,74.5,6.7473927,6.4399176,7200,6.3913045,100,100,66.1,5.368116,Very Low,73.5,6.6412487,100,1747910700,Very Low,5.7036643,8.251738,Very Low,8.567425,63.3,8.666667,100,1747910700,6.710145
2025-05-22T10:51:04Z,0,29.951,75.4,63,69.6,4,7,192,77,0.0,255,32767,0.11,2090-9-18,0.0,0.52,26.6,0.0,0.0,0.0,0,4.822265625,6,45,05:40,20:21,2025-05-22 10:51:03.923787,Città della Scienza,70.6,8.204806,8.147498,7.129581,5.397914,EU EEA Common AQI,74.5,6.7473927,6.4399176,7200,6.3913045,100,100,66.1,5.368116,Very Low,73.5,6.6412487,100,1747910700,Very Low,5.7036643,8.251738,Very Low,8.567425,63.3,8.666667,100,1747910700,6.710145
2025-05-22T10:51:15Z,0,29.951,75.4,63,69.7,5,7,178,77,0.0,255,32767,0.11,2090-9-18,0.0,0.52,26.6,0.0,0.0,0.0,0,4.822265625,6,45,05:40,20:21,2025-05-22 10:51:15.003762,Città della Scienza,70.6,8.204806,8.147498,7.129581,5.397914,EU EEA Common AQI,74.5,6.7473927,6.4399176,7200,6.3913045,100,100,66.1,5.368116,Very Low,73.5,6.6412487,100,1747910700,Very Low,5.7036643,8.251738,Very Low,8.567425,63.3,8.666667,100,1747910700,6.710145
2025-05-22T10:51:26Z,0,29.951,75.4,63,69.6,8,7,170,77,0.0,255,32767,0.11,2090-9-18,0.0,0.52,26.6,0.0,0.0,0.0,0,4.822265625,6,45,05:40,20:21,2025-05-22 10:51:26.104757,Città della Scienza,70.6,8.204806,8.147498,7.129581,5.397914,EU EEA Common AQI,74.5,6.7473927,6.4399176,7200,6.3913045,100,100,66.1,5.368116,Very Low,73.5,6.6412487,100,1747910700,Very Low,5.7036643,8.251738,Very Low,8.567425,63.3,8.666667,100,1747910700,6.710145
2025-05-22T10:51:37Z,0,29.948,75.4,63,69.7,3,7,205,77,0.0,255,32767,0.11,2090-9-18,0.0,0.52,26.6,0.0,0.0,0.0,0,4.822265625,6,45,05:40,20:21,2025-05-22 10:51:37.220796,Città della Scienza,70.6,8.204806,8.147498,7.129581,5.397914,EU EEA Common AQI,74.5,6.7473927,6.4399176,7200,6.3913045,100,100,66.1,5.368116,Very Low,73.5,6.6412487,100,1747910700,Very Low,5.7036643,8.251738,Very Low,8.567425,63.3,8.666667,100,1747910700,6.710145
2025-05-22T10:51:48Z,0,29.948,75.4,63,69.7,4,7,177,77,0.0,255,32767,0.11,2090-9-18,0.0,0.52,26.6,0.0,0.0,0.0,0,4.822265625,6,45,05:40,20:21,2025-05-22 10:51:48.328794,Città della Scienza,70.6,8.204806,8.147498,7.129581,5.397914,EU EEA Common AQI,74.5,6.7473927,6.4399176,7200,6.3913045,100,100,66.1,5.368116,Very Low,73.5,6.6412487,100,1747910700,Very Low,5.7036643,8.251738,Very Low,8.567425,63.3,8.666667,100,1747910700,6.710145
2025-05-22T10:51:59Z,0,29.948,75.4,63,69.7,10,7,186,77,0.0,255,32767,0.11,2090-9-18,0.0,0.52,26.6,0.0,0.0,0.0,0,4.822265625,6,45,05:40,20:21,2025-05-22 10:51:59.400792,Città della Scienza,70.6,8.204806,8.147498,7.129581,5.397914,EU EEA Common AQI,74.5,6.7473927,6.4399176,7200,6.3913045,100,100,66.1,5.368116,Very Low,73.5,6.6412487,100,1747910700,Very Low,5.7036643,8.251738,Very Low,8.567425,63.3,8.666667,100,1747910700,6.710145
2025-05-22T10:52:10Z,0,29.948,75.4,63,69.7,9,7,200,77,0.0,255,32767,0.11,2090-9-18,0.0,0.52,26.6,0.0,0.0,0.0,0,4.822265625,6,45,05:40,20:21,2025-05-22 10:52:10.506814,Città della Scienza,70.6,8.204806,8.147498,7.129581,5.397914,EU EEA Common AQI,74.5,6.7473927,6.4399176,7200,6.3913045,100,100,66.1,5.368116,Very Low,73.5,6.6412487,100,1747910700,Very Low,5.7036643,8.251738,Very Low,8.567425,63.3,8.666667,100,1747910700,6.710145
2025-05-22T10:52:21Z,0,29.948,75.4,63,69.7,9,7,190,77,0.0,255,32767,0.11,2090-9-18,0.0,0.52,26.6,0.0,0.0,0.0,0,4.822265625,6,45,05:40,20:21,2025-05-22 10:52:21.592798,Città della Scienza,70.6,8.204806,8.147498,7.129581,5.397914,EU EEA Common AQI,74.5,6.7473927,6.4399176,7200,6.3913045,100,100,66.1,5.368116,Very Low,73.5,6.6412487,100,1747910700,Very Low,5.7036643,8.251738,Very Low,8.567425,63.3,8.666667,100,1747910700,6.710145
2025-05-22T10:52:32Z,0,29.948,75.4,63,69.7,5,7,183,77,0.0,255,32767,0.11,2090-9-18,0.0,0.52,26.6,0.0,0.0,0.0,0,4.822265625,6,45,05:40,20:21,2025-05-22 10:52:32.732778,Città della Scienza,70.6,8.204806,8.147498,7.129581,5.397914,EU EEA Common AQI,74.5,6.7473927,6.4399176,7200,6.3913045,100,100,66.1,5.368116,Very Low,73.5,6.6412487,100,1747910700,Very Low,5.7036643,8.251738,Very Low,8.567425,63.3,8.666667,100,1747910700,6.710145
2025-05-22T10:52:44Z,0,29.948,75.4,63,69.7,10,7,219,77,0.0,255,32767,0.11,2090-9-18,0.0,0.52,26.6,0.0,0.0,0.0,0,4.822265625,6,45,05:40,20:21,2025-05-22 10:52:43.851791,Città della Scienza,70.6,8.204806,8.147498,7.129581,5.397914,EU EEA Common AQI,74.5,6.7473927,6.4399176,7200,6.3913045,100,100,66.1,5.368116,Very Low,73.5,6.6412487,100,1747910700,Very Low,5.7036643,8.251738,Very Low,8.567425,63.3,8.666667,100,1747910700,6.710145
2025-05-22T10:52:55Z,0,29.948,75.4,63,69.6,9,7,194,77,0.0,255,32767,0.11,2090-9-18,0.0,0.52,26.6,0.0,0.0,0.0,0,4.822265625,6,45,05:40,20:21,2025-05-22 10:52:54.966798,Città della Scienza,70.6,8.204806,8.147498,7.129581,5.397914,EU EEA Common AQI,74.5,6.7473927,6.4399176,7200,6.3913045,100,100,66.1,5.368116,Very Low,73.5,6.6412487,100,1747910700,Very Low,5.7036643,8.251738,Very Low,8.567425,63.3,8.666667,100,1747910700,6.710145
2025-05-22T10:53:06Z,0,29.948,75.4,63,69.6,8,7,213,77,0.0,255,32767,0.11,2090-9-18,0.0,0.52,26.6,0.0,0.0,0.0,0,4.822265625,6,45,05:40,20:21,2025-05-22 10:53:06.080806,Città della Scienza,70.6,8.204806,8.147498,7.129581,5.397914,EU EEA Common AQI,74.5,6.7473927,6.4399176,7200,6.3913045,100,100,66.1,5.368116,Very Low,73.5,6.6412487,100,1747910700,Very Low,5.7036643,8.251738,Very Low,8.567425,63.3,8.666667,100,1747910700,6.710145
2025-05-22T10:53:17Z,0,29.948,75.4,63,69.6,9,7,175,77,0.0,255,32767,0.11,2090-9-18,0.0,0.52,26.6,0.0,0.0,0.0,0,4.822265625,6,45,05:40,20:21,2025-05-22 10:53:17.183796,Città della Scienza,70.6,8.204806,8.147498,7.129581,5.397914,EU EEA Common AQI,74.5,6.7473927,6.4399176,7200,6.3913045,100,100,66.1,5.368116,Very Low,73.5,6.6412487,100,1747910700,Very Low,5.7036643,8.251738,Very Low,8.567425,63.3,8.666667,100,1747910700,6.710145
2025-05-22T10:53:28Z,0,29.948,75.4,63,69.6,10,7,241,77,0.0,255,32767,0.11,2090-9-18,0.0,0.52,26.6,0.0,0.0,0.0,0,4.822265625,6,45,05:40,20:21,2025-05-22 10:53:28.302805,Città della Scienza,70.6,8.204806,8.147498,7.129581,5.397914,EU EEA Common AQI,74.5,6.7473927,6.4399176,7200,6.3913045,100,100,66.1,5.368116,Very Low,73.5,6.6412487,100,1747910700,Very Low,5.7036643,8.251738,Very Low,8.567425,63.3,8.666667,100,1747910700,6.710145
2025-05-22T10:53:39Z,0,29.948,75.4,63,69.7,7,7,211,77,0.0,255,32767,0.11,2090-9-18,0.0,0.52,26.6,0.0,0.0,0.0,0,4.822265625,6,45,05:40,20:21,2025-05-22 10:53:39.414807,Città della Scienza,70.6,8.204806,8.147498,7.129581,5.397914,EU EEA Common AQI,74.5,6.7473927,6.4399176,7200,6.3913045,100,100,66.1,5.368116,Very Low,73.5,6.6412487,100,1747910700,Very Low,5.7036643,8.251738,Very Low,8.567425,63.3,8.666667,100,1747910700,6.710145
2025-05-22T10:53:50Z,0,29.948,75.4,63,69.6,8,7,241,77,0.0,255,32767,0.11,2090-9-18,0.0,0.52,26.6,0.0,0.0,0.0,0,4.822265625,6,45,05:40,20:21,2025-05-22 10:53:50.524789,Città della Scienza,70.6,8.204806,8.147498,7.129581,5.397914,EU EEA Common AQI,74.5,6.7473927,6.4399176,7200,6.3913045,100,100,66.1,5.368116,Very Low,73.5,6.6412487,100,1747910700,Very Low,5.7036643,8.251738,Very Low,8.567425,63.3,8.666667,100,1747910700,6.710145
2025-05-22T10:54:02Z,0,29.948,75.4,63,69.6,5,7,185,77,0.0,255,32767,0.11,2090-9-18,0.0,0.52,26.6,0.0,0.0,0.0,0,4.822265625,6,45,05:40,20:21,2025-05-22 10:54:01.861797,Città della Scienza,70.6,8.204806,8.147498,7.129581,5.397914,EU EEA Common AQI,74.5,6.7473927,6.4399176,7200,6.3913045,100,100,66.1,5.368116,Very Low,73.5,6.6412487,100,1747910700,Very Low,5.7036643,8.251738,Very Low,8.567425,63.3,8.666667,100,1747910700,6.710145
2025-05-22T10:54:13Z,0,29.948,75.4,63,69.6,8,7,173,77,0.0,255,32767,0.11,2090-9-18,0.0,0.52,26.6,0.0,0.0,0.0,0,4.822265625,6,45,05:40,20:21,2025-05-22 10:54:12.943799,Città della Scienza,70.6,8.204806,8.147498,7.129581,5.397914,EU EEA Common AQI,74.5,6.7473927,6.4399176,7200,6.3913045,100,100,66.1,5.368116,Very Low,73.5,6.6412487,100,1747910700,Very Low,5.7036643,8.251738,Very Low,8.567425,63.3,8.666667,100,1747910700,6.710145
2025-05-22T10:54:24Z,0,29.948,75.4,63,69.7,6,7,168,77,0.0,255,32767,0.11,2090-9-18,0.0,0.52,26.6,0.0,0.0,0.0,0,4.822265625,6,45,05:40,20:21,2025-05-22 10:54:24.020812,Città della Scienza,70.6,8.204806,8.147498,7.129581,5.397914,EU EEA Common AQI,74.5,6.7473927,6.4399176,7200,6.3913045,100,100,66.1,5.368116,Very Low,73.5,6.6412487,100,1747910700,Very Low,5.7036643,8.251738,Very Low,8.567425,63.3,8.666667,100,1747910700,6.710145
2025-05-22T10:54:35Z,0,29.951,75.4,63,69.7,10,7,218,77,0.0,255,32767,0.11,2090-9-18,0.0,0.52,26.6,0.0,0.0,0.0,0,4.822265625,6,45,05:40,20:21,2025-05-22 10:54:35.146794,Città della Scienza,70.6,8.204806,8.147498,7.129581,5.397914,EU EEA Common AQI,74.5,6.7473927,6.4399176,7200,6.3913045,100,100,66.1,5.368116,Very Low,73.5,6.6412487,100,1747910700,Very Low,5.7036643,8.251738,Very Low,8.567425,63.3,8.666667,100,1747910700,6.710145
2025-05-22T10:54:46Z,0,29.951,75.4,63,69.7,6,7,189,77,0.0,255,32767,0.11,2090-9-18,0.0,0.52,26.6,0.0,0.0,0.0,0,4.822265625,6,45,05:40,20:21,2025-05-22 10:54:46.244797,Città della Scienza,70.6,8.204806,8.147498,7.129581,5.397914,EU EEA Common AQI,74.5,6.7473927,6.4399176,7200,6.3913045,100,100,66.1,5.368116,Very Low,73.5,6.6412487,100,1747910700,Very Low,5.7036643,8.251738,Very Low,8.567425,63.3,8.666667,100,1747910700,6.710145
2025-05-22T10:54:57Z,0,29.951,75.4,63,69.7,8,7,175,77,0.0,255,32767,0.11,2090-9-18,0.0,0.52,26.6,0.0,0.0,0.0,0,4.822265625,6,45,05:40,20:21,2025-05-22 10:54:57.369814,Città della Scienza,70.6,8.204806,8.147498,7.129581,5.397914,EU EEA Common AQI,74.5,6.7473927,6.4399176,7200,6.3913045,100,100,66.1,5.368116,Very Low,73.5,6.6412487,100,1747910700,Very Low,5.7036643,8.251738,Very Low,8.567425,63.3,8.666667,100,1747910700,6.710145
2025-05-22T10:55:08Z,0,29.951,75.4,63,69.8,12,7,165,77,0.0,255,32767,0.11,2090-9-18,0.0,0.52,26.6,0.0,0.0,0.0,0,4.822265625,6,45,05:40,20:21,2025-05-22 10:55:08.477786,Città della Scienza,70.6,8.204806,8.147498,7.129581,5.397914,EU EEA Common AQI,74.5,6.7473927,6.4399176,7200,6.3913045,100,100,66.1,5.368116,Very Low,73.5,6.6412487,100,1747910700,Very Low,5.7036643,8.251738,Very Low,8.567425,63.3,8.666667,100,1747910700,6.710145
2025-05-22T10:55:19Z,0,29.951,75.4,63,69.7,7,7,172,77,0.0,255,32767,0.11,2090-9-18,0.0,0.52,26.6,0.0,0.0,0.0,0,4.822265625,6,45,05:40,20:21,2025-05-22 10:55:19.583799,Città della Scienza
2025-05-22T10:55:30Z,0,29.951,75.4,63,69.7,6,7,205,77,0.0,255,32767,0.11,2090-9-18,0.0,0.52,26.6,0.0,0.0,0.0,0,4.822265625,6,45,05:40,20:21,2025-05-22 10:55:30.647800,Città della Scienza
2025-05-22T10:55:41Z,0,29.948,75.4,63,69.7,6,7,170,77,0.0,255,32767,0.11,2090-9-18,0.0,0.52,26.6,0.0,0.0,0.0,0,4.822265625,6,45,05:40,20:21,2025-05-22 10:55:41.753792,Città della Scienza
2025-05-22T10:55:53Z,0,29.948,75.4,63,69.7,4,7,288,77,0.0,255,32767,0.11,2090-9-18,0.0,0.52,26.6,0.0,0.0,0.0,0,4.822265625,6,45,05:40,20:21,2025-05-22 10:55:52.840802,Città della Scienza
2025-05-22T10:56:04Z,0,29.948,75.4,63,69.7,6,7,278,77,0.0,255,32767,0.11,2090-9-18,0.0,0.52,26.6,0.0,0.0,0.0,0,4.822265625,6,45,05:40,20:21,2025-05-22 10:56:04.024798,Città della Scienza
2025-05-22T10:56:15Z,0,29.948,75.4,63,69.7,5,7,173,77,0.0,255,32767,0.11,2090-9-18,0.0,0.52,26.6,0.0,0.0,0.0,0,4.822265625,6,45,05:40,20:21,2025-05-22 10:56:15.206802,Città della Scienza
2025-05-22T10:56:26Z,0,29.948,75.4,63,69.7,8,7,175,77,0.0,255,32767,0.11,2090-9-18,0.0,0.52,26.6,0.0,0.0,0.0,0,4.822265625,6,45,05:40,20:21,2025-05-22 10:56:26.295804,Città della Scienza
2025-05-22T10:56:37Z,0,29.95,75.4,63,69.8,10,7,194,77,0.0,255,32767,0.11,2090-9-18,0.0,0.52,26.6,0.0,0.0,0.0,0,4.822265625,6,45,05:40,20:21,2025-05-22 10:56:37.375807,Città della Scienza
2025-05-22T10:56:48Z,0,29.95,75.4,63,69.8,7,7,138,77,0.0,255,32767,0.11,2090-9-18,0.0,0.52,26.6,0.0,0.0,0.0,0,4.822265625,6,45,05:40,20:21,2025-05-22 10:56:48.466807,Città della Scienza
2025-05-22T10:56:59Z,0,29.95,75.4,63,69.8,7,7,202,77,0.0,255,32767,0.11,2090-9-18,0.0,0.52,26.6,0.0,0.0,0.0,0,4.822265625,6,45,05:40,20:21,2025-05-22 10:56:59.573791,Città della Scienza
2025-05-22T10:57:10Z,0,29.95,75.4,63,69.8,12,7,170,77,0.0,255,32767,0.11,2090-9-18,0.0,0.52,26.6,0.0,0.0,0.0,0,4.822265625,6,45,05:40,20:21,2025-05-22 10:57:10.708819,Città della Scienza
2025-05-22T10:57:22Z,0,29.95,75.4,63,69.8,11,7,175,77,0.0,255,32767,0.11,2090-9-18,0.0,0.52,26.6,0.0,0.0,0.0,0,4.822265625,6,45,05:40,20:21,2025-05-22 10:57:21.828792,Città della Scienza
2025-05-22T10:57:33Z,0,29.95,75.4,63,69.9,10,7,157,77,0.0,255,32767,0.11,2090-9-18,0.0,0.52,26.6,0.0,0.0,0.0,0,4.822265625,6,45,05:40,20:21,2025-05-22 10:57:32.964793,Città della Scienza
2025-05-22T10:57:44Z,0,29.949,75.4,63,69.8,3,8,296,77,0.0,255,32767,0.11,2090-9-18,0.0,0.52,26.6,0.0,0.0,0.0,0,4.822265625,6,45,05:40,20:21,2025-05-22 10:57:44.073792,Città della Scienza
2025-05-22T10:57:55Z,0,29.949,75.4,63,69.8,4,8,199,77,0.0,255,32767,0.11,2090-9-18,0.0,0.52,26.6,0.0,0.0,0.0,0,4.822265625,6,45,05:40,20:21,2025-05-22 10:57:55.129793,Città della Scienza
2025-05-22T10:58:06Z,0,29.949,75.4,63,69.9,9,8,201,77,0.0,255,32767,0.11,2090-9-18,0.0,0.52,26.6,0.0,0.0,0.0,0,4.822265625,6,45,05:40,20:21,2025-05-22 10:58:06.241803,Città della Scienza
2025-05-22T10:58:17Z,0,29.949,75.4,63,69.9,5,8,191,77,0.0,255,32767,0.11,2090-9-18,0.0,0.52,26.6,0.0,0.0,0.0,0,4.822265625,6,45,05:40,20:21,2025-05-22 10:58:17.342794,Città della Scienza
2025-05-22T10:58:28Z,0,29.949,75.4,63,69.9,7,8,180,77,0.0,255,32767,0.11,2090-9-18,0.0,0.52,26.6,0.0,0.0,0.0,0,4.822265625,6,45,05:40,20:21,2025-05-22 10:58:28.431795,Città della Scienza
2025-05-22T10:58:39Z,0,29.948,75.4,63,69.9,9,7,191,77,0.0,255,32767,0.11,2090-9-18,0.0,0.52,26.6,0.0,0.0,0.0,0,4.822265625,6,45,05:40,20:21,2025-05-22 10:58:39.492802,Città della Scienza
2025-05-22T10:58:50Z,0,29.948,75.4,63,69.9,11,7,206,77,0.0,255,32767,0.11,2090-9-18,0.0,0.52,26.6,0.0,0.0,0.0,0,4.822265625,6,45,05:40,20:21,2025-05-22 10:58:50.554797,Città della Scienza
2025-05-22T10:59:01Z,0,29.948,75.4,63,69.9,10,7,184,77,0.0,255,32767,0.11,2090-9-18,0.0,0.52,26.6,0.0,0.0,0.0,0,4.822265625,6,45,05:40,20:21,2025-05-22 10:59:01.648796,Città della Scienza
2025-05-22T10:59:12Z,0,29.948,75.4,63,69.9,12,7,188,77,0.0,255,32767,0.11,2090-9-18,0.0,0.52,26.6,0.0,0.0,0.0,0,4.822265625,6,45,05:40,20:21,2025-05-22 10:59:12.776804,Città della Scienza
2025-05-22T10:59:24Z,0,29.948,75.4,63,69.9,6,7,207,77,0.0,255,32767,0.11,2090-9-18,0.0,0.52,26.6,0.0,0.0,0.0,0,4.822265625,6,45,05:40,20:21,2025-05-22 10:59:23.866808,Città della Scienza
2025-05-22T10:59:35Z,0,29.949,75.4,63,69.8,9,7,184,77,0.0,255,32767,0.11,2090-9-18,0.0,0.52,26.6,0.0,0.0,0.0,0,4.822265625,6,45,05:40,20:21,2025-05-22 10:59:34.983805,Città della Scienza
2025-05-22T10:59:46Z,0,29.949,75.4,63,69.8,7,7,188,77,0.0,255,32767,0.11,2090-9-18,0.0,0.52,26.6,0.0,0.0,0.0,0,4.822265625,6,45,05:40,20:21,2025-05-22 10:59:46.067791,Città della Scienza
2025-05-22T10:59:57Z,0,29.949,75.4,63,69.8,8,7,179,77,0.0,255,32767,0.11,2090-9-18,0.0,0.52,26.6,0.0,0.0,0.0,0,4.822265625,6,45,05:40,20:21,2025-05-22 10:59:57.130797,Città della Scienza
2025-05-22T11:00:08Z,0,29.949,75.4,63,69.8,10,7,194,77,0.0,255,32767,0.11,2090-9-18,0.0,0.52,26.6,0.0,0.0,0.0,0,4.822265625,6,45,05:40,20:21,2025-05-22 11:00:08.246754,Città della Scienza,70.6,8.204806,8.147498,7.129581,5.397914,EU EEA Common AQI,74.5,6.7473927,6.4399176,7200,6.3913045,100,100,66.1,5.368116,Very Low,73.5,6.6412487,100,1747910700,Very Low,5.7036643,8.251738,Very Low,8.567425,63.3,8.666667,100,1747910700,6.710145
2025-05-22T11:00:19Z,0,29.949,75.4,63,69.8,9,7,188,77,0.0,255,32767,0.11,2090-9-18,0.0,0.52,26.6,0.0,0.0,0.0,0,4.822265625,6,45,05:40,20:21,2025-05-22 11:00:19.389767,Città della Scienza,70.6,8.204806,8.147498,7.129581,5.397914,EU EEA Common AQI,74.5,6.7473927,6.4399176,7200,6.3913045,100,100,66.1,5.368116,Very Low,73.5,6.6412487,100,1747910700,Very Low,5.7036643,8.251738,Very Low,8.567425,63.3,8.666667,100,1747910700,6.710145
2025-05-22T11:00:30Z,0,29.949,75.4,63,69.8,9,7,207,77,0.0,255,32767,0.11,2090-9-18,0.0,0.52,26.6,0.0,0.0,0.0,0,4.822265625,6,45,05:40,20:21,2025-05-22 11:00:30.462799,Città della Scienza,70.3,8.450372,8.175138,7.1530905,5.4495506,EU EEA Common AQI,74.8,6.8119383,6.4682946,7200,6.6857142,100,100,66.2,5.942857,Very Low,73.7,6.875589,100,1747911600,Very Low,5.722472,8.356014,Very Low,8.700288,63.5,9.142858,100,1747911600,7.428571
2025-05-22T11:00:41Z,0,29.948,75.4,63,69.8,8,8,146,77,0.0,255,32767,0.11,2090-9-18,0.0,0.52,26.6,0.0,0.0,0.0,0,4.822265625,6,45,05:40,20:21,2025-05-22 11:00:41.541794,Città della Scienza,70.3,8.450372,8.175138,7.1530905,5.4495506,EU EEA Common AQI,74.8,6.8119383,6.4682946,7200,6.6857142,100,100,66.2,5.942857,Very Low,73.7,6.875589,100,1747911600,Very Low,5.722472,8.356014,Very Low,8.700288,63.5,9.142858,100,1747911600,7.428571
2025-05-22T11:00:52Z,0,29.948,75.4,63,69.8,5,8,184,77,0.0,255,32767,0.11,2090-9-18,0.0,0.52,26.6,0.0,0.0,0.0,0,4.822265625,6,45,05:40,20:21,2025-05-22 11:00:52.621822,Città della Scienza,70.3,8.450372,8.175138,7.1530905,5.4495506,EU EEA Common AQI,74.8,6.8119383,6.4682946,7200,6.6857142,100,100,66.2,5.942857,Very Low,73.7,6.875589,100,1747911600,Very Low,5.722472,8.356014,Very Low,8.700288,63.5,9.142858,100,1747911600,7.428571
2025-05-22T11:01:03Z,0,29.948,75.4,63,69.9,6,8,111,77,0.0,255,32767,0.11,2090-9-18,0.0,0.52,26.6,0.0,0.0,0.0,0,4.822265625,6,45,05:40,20:21,2025-05-22 11:01:03.728779,Città della Scienza,70.3,8.450372,8.175138,7.1530905,5.4495506,EU EEA Common AQI,74.8,6.8119383,6.4682946,7200,6.6857142,100,100,66.2,5.942857,Very Low,73.7,6.875589,100,1747911600,Very Low,5.722472,8.356014,Very Low,8.700288,63.5,9.142858,100,1747911600,7.428571
2025-05-22T11:01:15Z,0,29.948,75.4,63,69.8,3,8,106,77,0.0,255,32767,0.11,2090-9-18,0.0,0.52,26.6,0.0,0.0,0.0,0,4.822265625,6,45,05:40,20:21,2025-05-22 11:01:14.887824,Città della Scienza,70.3,8.450372,8.175138,7.1530905,5.4495506,EU EEA Common AQI,74.8,6.8119383,6.4682946,7200,6.6857142,100,100,66.2,5.942857,Very Low,73.7,6.875589,100,1747911600,Very Low,5.722472,8.356014,Very Low,8.700288,63.5,9.142858,100,1747911600,7.428571
2025-05-22T11:01:26Z,0,29.948,75.4,63,69.9,5,8,206,77,0.0,255,32767,0.11,2090-9-18,0.0,0.52,26.6,0.0,0.0,0.0,0,4.822265625,6,45,05:40,20:21,2025-05-22 11:01:25.966794,Città della Scienza,70.3,8.450372,8.175138,7.1530905,5.4495506,EU EEA Common AQI,74.8,6.8119383,6.4682946,7200,6.6857142,100,100,66.2,5.942857,Very Low,73.7,6.875589,100,1747911600,Very Low,5.722472,8.356014,Very Low,8.700288,63.5,9.142858,100,1747911600,7.428571
2025-05-22T11:01:37Z,0,29.948,75.4,63,69.9,4,8,161,77,0.0,255,32767,0.11,2090-9-18,0.0,0.52,26.6,0.0,0.0,0.0,0,4.822265625,6,45,05:40,20:21,2025-05-22 11:01:37.067789,Città della Scienza,70.3,8.450372,8.175138,7.1530905,5.4495506,EU EEA Common AQI,74.8,6.8119383,6.4682946,7200,6.6857142,100,100,66.2,5.942857,Very Low,73.7,6.875589,100,1747911600,Very Low,5.722472,8.356014,Very Low,8.700288,63.5,9.142858,100,1747911600,7.428571
2025-05-22T11:01:48Z,0,29.948,75.4,63,69.9,8,8,157,77,0.0,255,32767,0.11,2090-9-18,0.0,0.52,26.6,0.0,0.0,0.0,0,4.822265625,6,45,05:40,20:21,2025-05-22 11:01:48.179753,Città della Scienza,70.3,8.450372,8.175138,7.1530905,5.4495506,EU EEA Common AQI,74.8,6.8119383,6.4682946,7200,6.6857142,100,100,66.2,5.942857,Very Low,73.7,6.875589,100,1747911600,Very Low,5.722472,8.356014,Very Low,8.700288,63.5,9.142858,100,1747911600,7.428571
2025-05-22T11:01:59Z,0,29.948,75.4,63,69.9,9,8,168,77,0.0,255,32767,0.11,2090-9-18,0.0,0.52,26.6,0.0,0.0,0.0,0,4.822265625,6,45,05:40,20:21,2025-05-22 11:01:59.278795,Città della Scienza,70.3,8.450372,8.175138,7.1530905,5.4495506,EU EEA Common AQI,74.8,6.8119383,6.4682946,7200,6.6857142,100,100,66.2,5.942857,Very Low,73.7,6.875589,100,1747911600,Very Low,5.722472,8.356014,Very Low,8.700288,63.5,9.142858,100,1747911600,7.428571
2025-05-22T11:02:10Z,0,29.948,75.4,63,69.9,5,8,200,77,0.0,255,32767,0.11,2090-9-18,0.0,0.52,26.6,0.0,0.0,0.0,0,4.822265625,6,45,05:40,20:21,2025-05-22 11:02:10.381801,Città della Scienza,70.3,8.450372,8.175138,7.1530905,5.4495506,EU EEA Common AQI,74.8,6.8119383,6.4682946,7200,6.6857142,100,100,66.2,5.942857,Very Low,73.7,6.875589,100,1747911600,Very Low,5.722472,8.356014,Very Low,8.700288,63.5,9.142858,100,1747911600,7.428571
2025-05-22T11:02:21Z,0,29.948,75.4,63,69.9,6,8,194,77,0.0,255,32767,0.11,2090-9-18,0.0,0.52,26.6,0.0,0.0,0.0,0,4.822265625,6,45,05:40,20:21,2025-05-22 11:02:21.500796,Città della Scienza,70.3,8.450372,8.175138,7.1530905,5.4495506,EU EEA Common AQI,74.8,6.8119383,6.4682946,7200,6.6857142,100,100,66.2,5.942857,Very Low,73.7,6.875589,100,1747911600,Very Low,5.722472,8.356014,Very Low,8.700288,63.5,9.142858,100,1747911600,7.428571
2025-05-22T11:02:32Z,0,29.948,75.4,63,69.9,9,8,246,77,0.0,255,32767,0.11,2090-9-18,0.0,0.52,26.6,0.0,0.0,0.0,0,4.822265625,6,45,05:40,20:21,2025-05-22 11:02:32.632795,Città della Scienza,70.3,8.450372,8.175138,7.1530905,5.4495506,EU EEA Common AQI,74.8,6.8119383,6.4682946,7200,6.6857142,100,100,66.2,5.942857,Very Low,73.7,6.875589,100,1747911600,Very Low,5.722472,8.356014,Very Low,8.700288,63.5,9.142858,100,1747911600,7.428571
2025-05-22T11:02:43Z,0,29.95,75.4,63,69.9,11,8,162,77,0.0,255,32767,0.11,2090-9-18,0.0,0.52,26.6,0.0,0.0,0.0,0,4.822265625,6,45,05:40,20:21,2025-05-22 11:02:43.714800,Città della Scienza,70.3,8.450372,8.175138,7.1530905,5.4495506,EU EEA Common AQI,74.8,6.8119383,6.4682946,7200,6.6857142,100,100,66.2,5.942857,Very Low,73.7,6.875589,100,1747911600,Very Low,5.722472,8.356014,Very Low,8.700288,63.5,9.142858,100,1747911600,7.428571
2025-05-22T11:02:55Z,0,29.95,75.4,63,69.9,11,8,244,77,0.0,255,32767,0.11,2090-9-18,0.0,0.52,26.6,0.0,0.0,0.0,0,4.822265625,6,45,05:40,20:21,2025-05-22 11:02:54.836816,Città della Scienza,70.3,8.450372,8.175138,7.1530905,5.4495506,EU EEA Common AQI,74.8,6.8119383,6.4682946,7200,6.6857142,100,100,66.2,5.942857,Very Low,73.7,6.875589,100,1747911600,Very Low,5.722472,8.356014,Very Low,8.700288,63.5,9.142858,100,1747911600,7.428571
2025-05-22T11:03:06Z,0,29.95,75.4,63,69.9,10,8,192,77,0.0,255,32767,0.11,2090-9-18,0.0,0.52,26.6,0.0,0.0,0.0,0,4.822265625,6,45,05:40,20:21,2025-05-22 11:03:05.962797,Città della Scienza,70.3,8.450372,8.175138,7.1530905,5.4495506,EU EEA Common AQI,74.8,6.8119383,6.4682946,7200,6.6857142,100,100,66.2,5.942857,Very Low,73.7,6.875589,100,1747911600,Very Low,5.722472,8.356014,Very Low,8.700288,63.5,9.142858,100,1747911600,7.428571
2025-05-22T11:03:17Z,0,29.95,75.4,63,69.9,9,8,178,77,0.0,255,32767,0.11,2090-9-18,0.0,0.52,26.6,0.0,0.0,0.0,0,4.822265625,6,45,05:40,20:21,2025-05-22 11:03:17.044810,Città della Scienza,70.3,8.450372,8.175138,7.1530905,5.4495506,EU EEA Common AQI,74.8,6.8119383,6.4682946,7200,6.6857142,100,100,66.2,5.942857,Very Low,73.7,6.875589,100,1747911600,Very Low,5.722472,8.356014,Very Low,8.700288,63.5,9.142858,100,1747911600,7.428571
2025-05-22T11:03:28Z,0,29.95,75.4,63,69.9,10,8,194,77,0.0,255,32767,0.11,2090-9-18,0.0,0.52,26.6,0.0,0.0,0.0,0,4.822265625,6,45,05:40,20:21,2025-05-22 11:03:28.140811,Città della Scienza,70.3,8.450372,8.175138,7.1530905,5.4495506,EU EEA Common AQI,74.8,6.8119383,6.4682946,7200,6.6857142,100,100,66.2,5.942857,Very Low,73.7,6.875589,100,1747911600,Very Low,5.722472,8.356014,Very Low,8.700288,63.5,9.142858,100,1747911600,7.428571
2025-05-22T11:03:39Z,0,29.95,75.4,63,69.9,7,8,171,77,0.0,255,32767,0.11,2090-9-18,0.0,0.52,26.6,0.0,0.0,0.0,0,4.822265625,6,45,05:40,20:21,2025-05-22 11:03:39.243789,Città della Scienza,70.3,8.450372,8.175138,7.1530905,5.4495506,EU EEA Common AQI,74.8,6.8119383,6.4682946,7200,6.6857142,100,100,66.2,5.942857,Very Low,73.7,6.875589,100,1747911600,Very Low,5.722472,8.356014,Very Low,8.700288,63.5,9.142858,100,1747911600,7.428571
2025-05-22T11:03:50Z,0,29.95,75.4,63,69.9,7,8,209,77,0.0,255,32767,0.11,2090-9-18,0.0,0.52,26.6,0.0,0.0,0.0,0,4.822265625,6,45,05:40,20:21,2025-05-22 11:03:50.326790,Città della Scienza,70.3,8.450372,8.175138,7.1530905,5.4495506,EU EEA Common AQI,74.8,6.8119383,6.4682946,7200,6.6857142,100,100,66.2,5.942857,Very Low,73.7,6.875589,100,1747911600,Very Low,5.722472,8.356014,Very Low,8.700288,63.5,9.142858,100,1747911600,7.428571
2025-05-22T11:04:01Z,0,29.95,75.4,63,69.9,6,8,198,77,0.0,255,32767,0.11,2090-9-18,0.0,0.52,26.6,0.0,0.0,0.0,0,4.822265625,6,45,05:40,20:21,2025-05-22 11:04:01.459788,Città della Scienza,70.3,8.450372,8.175138,7.1530905,5.4495506,EU EEA Common AQI,74.8,6.8119383,6.4682946,7200,6.6857142,100,100,66.2,5.942857,Very Low,73.7,6.875589,100,1747911600,Very Low,5.722472,8.356014,Very Low,8.700288,63.5,9.142858,100,1747911600,7.428571
2025-05-22T11:04:12Z,0,29.95,75.4,63,69.8,6,8,181,77,0.0,255,32767,0.11,2090-9-18,0.0,0.52,26.6,0.0,0.0,0.0,0,4.822265625,6,45,05:40,20:21,2025-05-22 11:04:12.574793,Città della Scienza,70.3,8.450372,8.175138,7.1530905,5.4495506,EU EEA Common AQI,74.8,6.8119383,6.4682946,7200,6.6857142,100,100,66.2,5.942857,Very Low,73.7,6.875589,100,1747911600,Very Low,5.722472,8.356014,Very Low,8.700288,63.5,9.142858,100,1747911600,7.428571
2025-05-22T11:04:23Z,0,29.95,75.4,63,69.8,5,8,196,77,0.0,255,32767,0.11,2090-9-18,0.0,0.52,26.6,0.0,0.0,0.0,0,4.822265625,6,45,05:40,20:21,2025-05-22 11:04:23.650794,Città della Scienza,70.3,8.450372,8.175138,7.1530905,5.4495506,EU EEA Common AQI,74.8,6.8119383,6.4682946,7200,6.6857142,100,100,66.2,5.942857,Very Low,73.7,6.875589,100,1747911600,Very Low,5.722472,8.356014,Very Low,8.700288,63.5,9.142858,100,1747911600,7.428571
2025-05-22T11:04:35Z,0,29.949,75.4,63,69.8,6,8,194,77,0.0,255,32767,0.11,2090-9-18,0.0,0.52,26.6,0.0,0.0,0.0,0,4.822265625,6,45,05:40,20:21,2025-05-22 11:04:34.799780,Città della Scienza,70.3,8.450372,8.175138,7.1530905,5.4495506,EU EEA Common AQI,74.8,6.8119383,6.4682946,7200,6.6857142,100,100,66.2,5.942857,Very Low,73.7,6.875589,100,1747911600,Very Low,5.722472,8.356014,Very Low,8.700288,63.5,9.142858,100,1747911600,7.428571
2025-05-22T11:04:46Z,0,29.949,75.4,63,69.8,14,8,167,77,0.0,255,32767,0.11,2090-9-18,0.0,0.52,26.6,0.0,0.0,0.0,0,4.822265625,6,45,05:40,20:21,2025-05-22 11:04:45.923792,Città della Scienza,70.3,8.450372,8.175138,7.1530905,5.4495506,EU EEA Common AQI,74.8,6.8119383,6.4682946,7200,6.6857142,100,100,66.2,5.942857,Very Low,73.7,6.875589,100,1747911600,Very Low,5.722472,8.356014,Very Low,8.700288,63.5,9.142858,100,1747911600,7.428571
2025-05-22T11:04:57Z,0,29.949,75.4,63,69.9,9,8,187,77,0.0,255,32767,0.11,2090-9-18,0.0,0.52,26.6,0.0,0.0,0.0,0,4.822265625,6,45,05:40,20:21,2025-05-22 11:04:57.029795,Città della Scienza,70.3,8.450372,8.175138,7.1530905,5.4495506,EU EEA Common AQI,74.8,6.8119383,6.4682946,7200,6.6857142,100,100,66.2,5.942857,Very Low,73.7,6.875589,100,1747911600,Very Low,5.722472,8.356014,Very Low,8.700288,63.5,9.142858,100,1747911600,7.428571
2025-05-22T11:05:08Z,0,29.949,75.4,63,69.8,10,8,191,77,0.0,255,32767,0.11,2090-9-18,0.0,0.52,26.6,0.0,0.0,0.0,0,4.822265625,6,45,05:40,20:21,2025-05-22 11:05:08.102793,Città della Scienza,70.3,8.450372,8.175138,7.1530905,5.4495506,EU EEA Common AQI,74.8,6.8119383,6.4682946,7200,6.6857142,100,100,66.2,5.942857,Very Low,73.7,6.875589,100,1747911600,Very Low,5.722472,8.356014,Very Low,8.700288,63.5,9.142858,100,1747911600,7.428571
2025-05-22T11:05:19Z,0,29.949,75.4,63,69.8,6,8,157,77,0.0,255,32767,0.11,2090-9-18,0.0,0.52,26.6,0.0,0.0,0.0,0,4.822265625,6,45,05:40,20:21,2025-05-22 11:05:19.204802,Città della Scienza,70.3,8.450372,8.175138,7.1530905,5.4495506,EU EEA Common AQI,74.8,6.8119383,6.4682946,7200,6.6857142,100,100,66.2,5.942857,Very Low,73.7,6.875589,100,1747911600,Very Low,5.722472,8.356014,Very Low,8.700288,63.5,9.142858,100,1747911600,7.428571
2025-05-22T11:05:30Z,0,29.949,75.4,63,69.8,3,8,248,77,0.0,255,32767,0.11,2090-9-18,0.0,0.52,26.6,0.0,0.0,0.0,0,4.822265625,6,45,05:40,20:21,2025-05-22 11:05:30.317784,Città della Scienza,70.3,8.450372,8.175138,7.1530905,5.4495506,EU EEA Common AQI,74.8,6.8119383,6.4682946,7200,6.6857142,100,100,66.2,5.942857,Very Low,73.7,6.875589,100,1747911600,Very Low,5.722472,8.356014,Very Low,8.700288,63.5,9.142858,100,1747911600,7.428571
2025-05-22T11:05:41Z,0,29.95,75.4,63,69.8,6,8,175,77,0.0,255,32767,0.11,2090-9-18,0.0,0.52,26.6,0.0,0.0,0.0,0,4.822265625,6,45,05:40,20:21,2025-05-22 11:05:41.470793,Città della Scienza,70.3,8.450372,8.175138,7.1530905,5.4495506,EU EEA Common AQI,74.8,6.8119383,6.4682946,7200,6.6857142,100,100,66.2,5.942857,Very Low,73.7,6.875589,100,1747911600,Very Low,5.722472,8.356014,Very Low,8.700288,63.5,9.142858,100,1747911600,7.428571
2025-05-22T11:05:52Z,0,29.95,75.4,63,69.8,4,8,192,77,0.0,255,32767,0.11,2090-9-18,0.0,0.52,26.6,0.0,0.0,0.0,0,4.822265625,6,45,05:40,20:21,2025-05-22 11:05:52.590799,Città della Scienza,70.3,8.450372,8.175138,7.1530905,5.4495506,EU EEA Common AQI,74.8,6.8119383,6.4682946,7200,6.6857142,100,100,66.2,5.942857,Very Low,73.7,6.875589,100,1747911600,Very Low,5.722472,8.356014,Very Low,8.700288,63.5,9.142858,100,1747911600,7.428571
2025-05-22T11:06:03Z,0,29.95,75.4,63,69.8,6,8,148,77,0.0,255,32767,0.11,2090-9-18,0.0,0.52,26.6,0.0,0.0,0.0,0,4.822265625,6,45,05:40,20:21,2025-05-22 11:06:03.739793,Città della Scienza,70.3,8.450372,8.175138,7.1530905,5.4495506,EU EEA Common AQI,74.8,6.8119383,6.4682946,7200,6.6857142,100,100,66.2,5.942857,Very Low,73.7,6.875589,100,1747911600,Very Low,5.722472,8.356014,Very Low,8.700288,63.5,9.142858,100,1747911600,7.428571
2025-05-22T11:06:15Z,0,29.95,75.4,63,69.9,7,8,164,78,0.0,255,32767,0.11,2090-9-18,0.0,0.52,26.6,0.0,0.0,0.0,0,4.822265625,6,45,05:40,20:21,2025-05-22 11:06:14.848755,Città della Scienza,70.3,8.450372,8.175138,7.1530905,5.4495506,EU EEA Common AQI,74.8,6.8119383,6.4682946,7200,6.6857142,100,100,66.2,5.942857,Very Low,73.7,6.875589,100,1747911600,Very Low,5.722472,8.356014,Very Low,8.700288,63.5,9.142858,100,1747911600,7.428571
2025-05-22T11:06:26Z,0,29.95,75.4,63,69.9,9,8,164,78,0.0,255,32767,0.11,2090-9-18,0.0,0.52,26.6,0.0,0.0,0.0,0,4.822265625,6,45,05:40,20:21,2025-05-22 11:06:25.951800,Città della Scienza,70.3,8.450372,8.175138,7.1530905,5.4495506,EU EEA Common AQI,74.8,6.8119383,6.4682946,7200,6.6857142,100,100,66.2,5.942857,Very Low,73.7,6.875589,100,1747911600,Very Low,5.722472,8.356014,Very Low,8.700288,63.5,9.142858,100,1747911600,7.428571
2025-05-22T11:06:37Z,0,29.95,75.4,63,69.9,7,8,164,78,0.0,255,32767,0.11,2090-9-18,0.0,0.52,26.6,0.0,0.0,0.0,0,4.822265625,6,45,05:40,20:21,2025-05-22 11:06:37.038789,Città della Scienza,70.3,8.450372,8.175138,7.1530905,5.4495506,EU EEA Common AQI,74.8,6.8119383,6.4682946,7200,6.6857142,100,100,66.2,5.942857,Very Low,73.7,6.875589,100,1747911600,Very Low,5.722472,8.356014,Very Low,8.700288,63.5,9.142858,100,1747911600,7.428571
2025-05-22T11:06:48Z,0,29.95,75.4,63,69.8,10,8,163,78,0.0,255,32767,0.11,2090-9-18,0.0,0.52,26.6,0.0,0.0,0.0,0,4.822265625,6,45,05:40,20:21,2025-05-22 11:06:48.191778,Città della Scienza,70.3,8.450372,8.175138,7.1530905,5.4495506,EU EEA Common AQI,74.8,6.8119383,6.4682946,7200,6.6857142,100,100,66.2,5.942857,Very Low,73.7,6.875589,100,1747911600,Very Low,5.722472,8.356014,Very Low,8.700288,63.5,9.142858,100,1747911600,7.428571
2025-05-22T11:06:59Z,0,29.95,75.4,63,69.8,8,8,159,78,0.0,255,32767,0.11,2090-9-18,0.0,0.52,26.6,0.0,0.0,0.0,0,4.822265625,6,45,05:40,20:21,2025-05-22 11:06:59.359797,Città della Scienza,70.3,8.450372,8.175138,7.1530905,5.4495506,EU EEA Common AQI,74.8,6.8119383,6.4682946,7200,6.6857142,100,100,66.2,5.942857,Very Low,73.7,6.875589,100,1747911600,Very Low,5.722472,8.356014,Very Low,8.700288,63.5,9.142858,100,1747911600,7.428571
2025-05-22T11:07:10Z,0,29.95,75.4,63,69.7,9,8,173,77,0.0,255,32767,0.11,2090-9-18,0.0,0.52,26.6,0.0,0.0,0.0,0,4.822265625,6,45,05:40,20:21,2025-05-22 11:07:10.467790,Città della Scienza,70.3,8.450372,8.175138,7.1530905,5.4495506,EU EEA Common AQI,74.8,6.8119383,6.4682946,7200,6.6857142,100,100,66.2,5.942857,Very Low,73.7,6.875589,100,1747911600,Very Low,5.722472,8.356014,Very Low,8.700288,63.5,9.142858,100,1747911600,7.428571
2025-05-22T11:07:21Z,0,29.95,75.4,63,69.7,9,8,161,77,0.0,255,32767,0.11,2090-9-18,0.0,0.52,26.6,0.0,0.0,0.0,0,4.822265625,6,45,05:40,20:21,2025-05-22 11:07:21.567791,Città della Scienza,70.3,8.450372,8.175138,7.1530905,5.4495506,EU EEA Common AQI,74.8,6.8119383,6.4682946,7200,6.6857142,100,100,66.2,5.942857,Very Low,73.7,6.875589,100,1747911600,Very Low,5.722472,8.356014,Very Low,8.700288,63.5,9.142858,100,1747911600,7.428571
2025-05-22T11:07:32Z,0,29.95,75.4,63,69.7,10,8,167,77,0.0,255,32767,0.11,2090-9-18,0.0,0.52,26.6,0.0,0.0,0.0,0,4.822265625,6,45,05:40,20:21,2025-05-22 11:07:32.678798,Città della Scienza,70.3,8.450372,8.175138,7.1530905,5.4495506,EU EEA Common AQI,74.8,6.8119383,6.4682946,7200,6.6857142,100,100,66.2,5.942857,Very Low,73.7,6.875589,100,1747911600,Very Low,5.722472,8.356014,Very Low,8.700288,63.5,9.142858,100,1747911600,7.428571
2025-05-22T11:07:44Z,0,29.95,75.4,63,69.7,9,8,165,77,0.0,255,32767,0.11,2090-9-18,0.0,0.52,26.6,0.0,0.0,0.0,0,4.822265625,6,45,05:40,20:21,2025-05-22 11:07:43.813800,Città della Scienza,70.3,8.450372,8.175138,7.1530905,5.4495506,EU EEA Common AQI,74.8,6.8119383,6.4682946,7200,6.6857142,100,100,66.2,5.942857,Very Low,73.7,6.875589,100,1747911600,Very Low,5.722472,8.356014,Very Low,8.700288,63.5,9.142858,100,1747911600,7.428571
2025-05-22T11:07:55Z,0,29.95,75.4,63,69.6,9,8,153,77,0.0,255,32767,0.11,2090-9-18,0.0,0.52,26.6,0.0,0.0,0.0,0,4.822265625,6,45,05:40,20:21,2025-05-22 11:07:54.934787,Città della Scienza,70.3,8.450372,8.175138,7.1530905,5.4495506,EU EEA Common AQI,74.8,6.8119383,6.4682946,7200,6.6857142,100,100,66.2,5.942857,Very Low,73.7,6.875589,100,1747911600,Very Low,5.722472,8.356014,Very Low,8.700288,63.5,9.142858,100,1747911600,7.428571
2025-05-22T11:08:06Z,0,29.95,75.4,63,69.6,7,8,166,77,0.0,255,32767,0.11,2090-9-18,0.0,0.52,26.6,0.0,0.0,0.0,0,4.822265625,6,45,05:40,20:21,2025-05-22 11:08:06.013786,Città della Scienza,70.3,8.450372,8.175138,7.1530905,5.4495506,EU EEA Common AQI,74.8,6.8119383,6.4682946,7200,6.6857142,100,100,66.2,5.942857,Very Low,73.7,6.875589,100,1747911600,Very Low,5.722472,8.356014,Very Low,8.700288,63.5,9.142858,100,1747911600,7.428571
2025-05-22T11:08:17Z,0,29.95,75.4,63,69.5,9,8,172,77,0.0,255,32767,0.11,2090-9-18,0.0,0.52,26.6,0.0,0.0,0.0,0,4.822265625,6,45,05:40,20:21,2025-05-22 11:08:17.156797,Città della Scienza,70.3,8.450372,8.175138,7.1530905,5.4495506,EU EEA Common AQI,74.8,6.8119383,6.4682946,7200,6.6857142,100,100,66.2,5.942857,Very Low,73.7,6.875589,100,1747911600,Very Low,5.722472,8.356014,Very Low,8.700288,63.5,9.142858,100,1747911600,7.428571
2025-05-22T11:08:28Z,0,29.95,75.4,63,69.5,8,8,171,77,0.0,255,32767,0.11,2090-9-18,0.0,0.52,26.6,0.0,0.0,0.0,0,4.822265625,6,45,05:40,20:21,2025-05-22 11:08:28.241795,Città della Scienza,70.3,8.450372,8.175138,7.1530905,5.4495506,EU EEA Common AQI,74.8,6.8119383,6.4682946,7200,6.6857142,100,100,66.2,5.942857,Very Low,73.7,6.875589,100,1747911600,Very Low,5.722472,8.356014,Very Low,8.700288,63.5,9.142858,100,1747911600,7.428571
2025-05-22T11:08:39Z,0,29.95,75.4,63,69.4,10,8,166,77,0.0,255,32767,0.11,2090-9-18,0.0,0.52,26.6,0.0,0.0,0.0,0,4.822265625,6,45,05:40,20:21,2025-05-22 11:08:39.320791,Città della Scienza,70.3,8.450372,8.175138,7.1530905,5.4495506,EU EEA Common AQI,74.8,6.8119383,6.4682946,7200,6.6857142,100,100,66.2,5.942857,Very Low,73.7,6.875589,100,1747911600,Very Low,5.722472,8.356014,Very Low,8.700288,63.5,9.142858,100,1747911600,7.428571
2025-05-22T11:08:50Z,0,29.95,75.4,63,69.4,10,8,179,77,0.0,255,32767,0.11,2090-9-18,0.0,0.52,26.6,0.0,0.0,0.0,0,4.822265625,6,45,05:40,20:21,2025-05-22 11:08:50.431788,Città della Scienza,70.3,8.450372,8.175138,7.1530905,5.4495506,EU EEA Common AQI,74.8,6.8119383,6.4682946,7200,6.6857142,100,100,66.2,5.942857,Very Low,73.7,6.875589,100,1747911600,Very Low,5.722472,8.356014,Very Low,8.700288,63.5,9.142858,100,1747911600,7.428571
2025-05-22T11:09:01Z,0,29.95,75.4,63,69.4,8,8,163,77,0.0,255,32767,0.11,2090-9-18,0.0,0.52,26.6,0.0,0.0,0.0,0,4.822265625,6,45,05:40,20:21,2025-05-22 11:09:01.530791,Città della Scienza,70.3,8.450372,8.175138,7.1530905,5.4495506,EU EEA Common AQI,74.8,6.8119383,6.4682946,7200,6.6857142,100,100,66.2,5.942857,Very Low,73.7,6.875589,100,1747911600,Very Low,5.722472,8.356014,Very Low,8.700288,63.5,9.142858,100,1747911600,7.428571
2025-05-22T11:09:12Z,0,29.95,75.4,63,69.4,6,8,156,77,0.0,255,32767,0.11,2090-9-18,0.0,0.52,26.6,0.0,0.0,0.0,0,4.822265625,6,45,05:40,20:21,2025-05-22 11:09:12.616803,Città della Scienza,70.3,8.450372,8.175138,7.1530905,5.4495506,EU EEA Common AQI,74.8,6.8119383,6.4682946,7200,6.6857142,100,100,66.2,5.942857,Very Low,73.7,6.875589,100,1747911600,Very Low,5.722472,8.356014,Very Low,8.700288,63.5,9.142858,100,1747911600,7.428571
2025-05-22T11:09:23Z,0,29.95,75.4,63,69.3,11,8,145,77,0.0,255,32767,0.11,2090-9-18,0.0,0.52,26.6,0.0,0.0,0.0,0,4.822265625,6,45,05:40,20:21,2025-05-22 11:09:23.711784,Città della Scienza,70.3,8.450372,8.175138,7.1530905,5.4495506,EU EEA Common AQI,74.8,6.8119383,6.4682946,7200,6.6857142,100,100,66.2,5.942857,Very Low,73.7,6.875589,100,1747911600,Very Low,5.722472,8.356014,Very Low,8.700288,63.5,9.142858,100,1747911600,7.428571
2025-05-22T11:09:35Z,0,29.949,75.3,63,69.4,7,8,175,77,0.0,255,32767,0.11,2090-9-18,0.0,0.52,26.6,0.0,0.0,0.0,0,4.822265625,6,45,05:40,20:21,2025-05-22 11:09:34.839803,Città della Scienza,70.3,8.450372,8.175138,7.1530905,5.4495506,EU EEA Common AQI,74.8,6.8119383,6.4682946,7200,6.6857142,100,100,66.2,5.942857,Very Low,73.7,6.875589,100,1747911600,Very Low,5.722472,8.356014,Very Low,8.700288,63.5,9.142858,100,1747911600,7.428571
2025-05-22T11:09:46Z,0,29.949,75.3,63,69.3,9,8,173,78,0.0,255,32767,0.11,2090-9-18,0.0,0.52,26.6,0.0,0.0,0.0,0,4.822265625,6,45,05:40,20:21,2025-05-22 11:09:45.909818,Città della Scienza,70.3,8.450372,8.175138,7.1530905,5.4495506,EU EEA Common AQI,74.8,6.8119383,6.4682946,7200,6.6857142,100,100,66.2,5.942857,Very Low,73.7,6.875589,100,1747911600,Very Low,5.722472,8.356014,Very Low,8.700288,63.5,9.142858,100,1747911600,7.428571
2025-05-22T11:09:57Z,0,29.949,75.3,63,69.3,8,8,174,78,0.0,255,32767,0.11,2090-9-18,0.0,0.52,26.6,0.0,0.0,0.0,0,4.822265625,6,45,05:40,20:21,2025-05-22 11:09:57.054818,Città della Scienza,70.3,8.450372,8.175138,7.1530905,5.4495506,EU EEA Common AQI,74.8,6.8119383,6.4682946,7200,6.6857142,100,100,66.2,5.942857,Very Low,73.7,6.875589,100,1747911600,Very Low,5.722472,8.356014,Very Low,8.700288,63.5,9.142858,100,1747911600,7.428571
2025-05-22T11:10:08Z,0,29.949,75.3,63,69.3,7,8,175,78,0.0,255,32767,0.11,2090-9-18,0.0,0.52,26.6,0.0,0.0,0.0,0,4.822265625,6,45,05:40,20:21,2025-05-22 11:10:08.187813,Città della Scienza,70.3,8.450372,8.175138,7.1530905,5.4495506,EU EEA Common AQI,74.8,6.8119383,6.4682946,7200,6.6857142,100,100,66.2,5.942857,Very Low,73.7,6.875589,100,1747911600,Very Low,5.722472,8.356014,Very Low,8.700288,63.5,9.142858,100,1747911600,7.428571
2025-05-22T11:10:19Z,0,29.949,75.3,63,69.3,6,8,188,78,0.0,255,32767,0.11,2090-9-18,0.0,0.52,26.6,0.0,0.0,0.0,0,4.822265625,6,45,05:40,20:21,2025-05-22 11:10:19.268787,Città della Scienza,70.3,8.450372,8.175138,7.1530905,5.4495506,EU EEA Common AQI,74.8,6.8119383,6.4682946,7200,6.6857142,100,100,66.2,5.942857,Very Low,73.7,6.875589,100,1747911600,Very Low,5.722472,8.356014,Very Low,8.700288,63.5,9.142858,100,1747911600,7.428571
2025-05-22T11:10:30Z,0,29.949,75.3,63,69.3,5,8,198,78,0.0,255,32767,0.11,2090-9-18,0.0,0.52,26.6,0.0,0.0,0.0,0,4.822265625,6,45,05:40,20:21,2025-05-22 11:10:30.390764,Città della Scienza,70.3,8.450372,8.175138,7.1530905,5.4495506,EU EEA Common AQI,74.8,6.8119383,6.4682946,7200,6.6857142,100,100,66.2,5.942857,Very Low,73.7,6.875589,100,1747911600,Very Low,5.722472,8.356014,Very Low,8.700288,63.5,9.142858,100,1747911600,7.428571
2025-05-22T11:10:41Z,0,29.945,75.4,63,69.3,4,8,178,78,0.0,255,32767,0.11,2090-9-18,0.0,0.52,26.6,0.0,0.0,0.0,0,4.822265625,6,45,05:40,20:21,2025-05-22 11:10:41.543806,Città della Scienza,70.3,8.450372,8.175138,7.1530905,5.4495506,EU EEA Common AQI,74.8,6.8119383,6.4682946,7200,6.6857142,100,100,66.2,5.942857,Very Low,73.7,6.875589,100,1747911600,Very Low,5.722472,8.356014,Very Low,8.700288,63.5,9.142858,100,1747911600,7.428571
2025-05-22T11:10:52Z,0,29.945,75.4,63,69.3,9,8,164,78,0.0,255,32767,0.11,2090-9-18,0.0,0.52,26.6,0.0,0.0,0.0,0,4.822265625,6,45,05:40,20:21,2025-05-22 11:10:52.642165,Città della Scienza,70.3,8.450372,8.175138,7.1530905,5.4495506,EU EEA Common AQI,74.8,6.8119383,6.4682946,7200,6.6857142,100,100,66.2,5.942857,Very Low,73.7,6.875589,100,1747911600,Very Low,5.722472,8.356014,Very Low,8.700288,63.5,9.142858,100,1747911600,7.428571
2025-05-22T11:11:03Z,0,29.945,75.4,63,69.3,10,8,162,78,0.0,255,32767,0.11,2090-9-18,0.0,0.52,26.6,0.0,0.0,0.0,0,4.822265625,6,45,05:40,20:21,2025-05-22 11:11:03.744803,Città della Scienza,70.3,8.450372,8.175138,7.1530905,5.4495506,EU EEA Common AQI,74.8,6.8119383,6.4682946,7200,6.6857142,100,100,66.2,5.942857,Very Low,73.7,6.875589,100,1747911600,Very Low,5.722472,8.356014,Very Low,8.700288,63.5,9.142858,100,1747911600,7.428571
2025-05-22T11:11:15Z,0,29.945,75.4,63,69.3,8,8,161,78,0.0,255,32767,0.11,2090-9-18,0.0,0.52,26.6,0.0,0.0,0.0,0,4.822265625,6,45,05:40,20:21,2025-05-22 11:11:14.817797,Città della Scienza,70.3,8.450372,8.175138,7.1530905,5.4495506,EU EEA Common AQI,74.8,6.8119383,6.4682946,7200,6.6857142,100,100,66.2,5.942857,Very Low,73.7,6.875589,100,1747911600,Very Low,5.722472,8.356014,Very Low,8.700288,63.5,9.142858,100,1747911600,7.428571
2025-05-22T11:11:26Z,0,29.945,75.4,63,69.3,4,8,188,78,0.0,255,32767,0.11,2090-9-18,0.0,0.52,26.6,0.0,0.0,0.0,0,4.822265625,6,45,05:40,20:21,2025-05-22 11:11:25.916791,Città della Scienza,70.3,8.450372,8.175138,7.1530905,5.4495506,EU EEA Common AQI,74.8,6.8119383,6.4682946,7200,6.6857142,100,100,66.2,5.942857,Very Low,73.7,6.875589,100,1747911600,Very Low,5.722472,8.356014,Very Low,8.700288,63.5,9.142858,100,1747911600,7.428571
2025-05-22T11:11:37Z,0,29.949,75.4,63,69.3,9,8,207,78,0.0,255,32767,0.11,2090-9-18,0.0,0.52,26.6,0.0,0.0,0.0,0,4.822265625,6,45,05:40,20:21,2025-05-22 11:11:37.047783,Città della Scienza,70.3,8.450372,8.175138,7.1530905,5.4495506,EU EEA Common AQI,74.8,6.8119383,6.4682946,7200,6.6857142,100,100,66.2,5.942857,Very Low,73.7,6.875589,100,1747911600,Very Low,5.722472,8.356014,Very Low,8.700288,63.5,9.142858,100,1747911600,7.428571
2025-05-22T11:12:01Z,0,29.949,75.4,63,69.4,9,8,179,78,0.0,255,32767,0.11,2090-9-18,0.0,0.52,26.6,0.0,0.0,0.0,0,4.822265625,6,45,05:40,20:21,2025-05-22 11:12:01.702809,Città della Scienza,70.3,8.450372,8.175138,7.1530905,5.4495506,EU EEA Common AQI,74.8,6.8119383,6.4682946,7200,6.6857142,100,100,66.2,5.942857,Very Low,73.7,6.875589,100,1747911600,Very Low,5.722472,8.356014,Very Low,8.700288,63.5,9.142858,100,1747911600,7.428571
2025-05-22T11:12:13Z,0,29.949,75.4,63,69.4,9,8,184,78,0.0,255,32767,0.11,2090-9-18,0.0,0.52,26.6,0.0,0.0,0.0,0,4.822265625,6,45,05:40,20:21,2025-05-22 11:12:12.830767,Città della Scienza,70.3,8.450372,8.175138,7.1530905,5.4495506,EU EEA Common AQI,74.8,6.8119383,6.4682946,7200,6.6857142,100,100,66.2,5.942857,Very Low,73.7,6.875589,100,1747911600,Very Low,5.722472,8.356014,Very Low,8.700288,63.5,9.142858,100,1747911600,7.428571
2025-05-22T11:12:24Z,0,29.949,75.4,63,69.4,7,8,181,78,0.0,255,32767,0.11,2090-9-18,0.0,0.52,26.6,0.0,0.0,0.0,0,4.822265625,6,45,05:40,20:21,2025-05-22 11:12:23.933766,Città della Scienza,70.3,8.450372,8.175138,7.1530905,5.4495506,EU EEA Common AQI,74.8,6.8119383,6.4682946,7200,6.6857142,100,100,66.2,5.942857,Very Low,73.7,6.875589,100,1747911600,Very Low,5.722472,8.356014,Very Low,8.700288,63.5,9.142858,100,1747911600,7.428571
2025-05-22T11:12:35Z,0,29.949,75.5,63,69.5,6,8,158,78,0.0,255,32767,0.11,2090-9-18,0.0,0.52,26.6,0.0,0.0,0.0,0,4.822265625,6,45,05:40,20:21,2025-05-22 11:12:35.099799,Città della Scienza,70.3,8.450372,8.175138,7.1530905,5.4495506,EU EEA Common AQI,74.8,6.8119383,6.4682946,7200,6.6857142,100,100,66.2,5.942857,Very Low,73.7,6.875589,100,1747911600,Very Low,5.722472,8.356014,Very Low,8.700288,63.5,9.142858,100,1747911600,7.428571
2025-05-22T11:12:46Z,0,29.949,75.5,63,69.4,6,8,180,78,0.0,255,32767,0.11,2090-9-18,0.0,0.52,26.6,0.0,0.0,0.0,0,4.822265625,6,45,05:40,20:21,2025-05-22 11:12:46.217802,Città della Scienza,70.3,8.450372,8.175138,7.1530905,5.4495506,EU EEA Common AQI,74.8,6.8119383,6.4682946,7200,6.6857142,100,100,66.2,5.942857,Very Low,73.7,6.875589,100,1747911600,Very Low,5.722472,8.356014,Very Low,8.700288,63.5,9.142858,100,1747911600,7.428571
2025-05-22T11:12:57Z,0,29.949,75.5,63,69.4,11,8,190,78,0.0,255,32767,0.11,2090-9-18,0.0,0.52,26.6,0.0,0.0,0.0,0,4.822265625,6,45,05:40,20:21,2025-05-22 11:12:57.332794,Città della Scienza,70.3,8.450372,8.175138,7.1530905,5.4495506,EU EEA Common AQI,74.8,6.8119383,6.4682946,7200,6.6857142,100,100,66.2,5.942857,Very Low,73.7,6.875589,100,1747911600,Very Low,5.722472,8.356014,Very Low,8.700288,63.5,9.142858,100,1747911600,7.428571
2025-05-22T11:13:08Z,0,29.949,75.5,63,69.4,8,8,183,78,0.0,255,32767,0.11,2090-9-18,0.0,0.52,26.6,0.0,0.0,0.0,0,4.822265625,6,45,05:40,20:21,2025-05-22 11:13:08.400794,Città della Scienza,70.3,8.450372,8.175138,7.1530905,5.4495506,EU EEA Common AQI,74.8,6.8119383,6.4682946,7200,6.6857142,100,100,66.2,5.942857,Very Low,73.7,6.875589,100,1747911600,Very Low,5.722472,8.356014,Very Low,8.700288,63.5,9.142858,100,1747911600,7.428571
2025-05-22T11:13:19Z,0,29.949,75.5,63,69.5,4,8,149,78,0.0,255,32767,0.11,2090-9-18,0.0,0.52,26.6,0.0,0.0,0.0,0,4.822265625,6,45,05:40,20:21,2025-05-22 11:13:19.479795,Città della Scienza,70.3,8.450372,8.175138,7.1530905,5.4495506,EU EEA Common AQI,74.8,6.8119383,6.4682946,7200,6.6857142,100,100,66.2,5.942857,Very Low,73.7,6.875589,100,1747911600,Very Low,5.722472,8.356014,Very Low,8.700288,63.5,9.142858,100,1747911600,7.428571
2025-05-22T11:13:30Z,0,29.949,75.5,63,69.5,8,8,189,78,0.0,255,32767,0.11,2090-9-18,0.0,0.52,26.6,0.0,0.0,0.0,0,4.822265625,6,45,05:40,20:21,2025-05-22 11:13:30.586791,Città della Scienza,70.3,8.450372,8.175138,7.1530905,5.4495506,EU EEA Common AQI,74.8,6.8119383,6.4682946,7200,6.6857142,100,100,66.2,5.942857,Very Low,73.7,6.875589,100,1747911600,Very Low,5.722472,8.356014,Very Low,8.700288,63.5,9.142858,100,1747911600,7.428571
2025-05-22T11:13:41Z,0,29.948,75.5,63,69.5,7,8,158,78,0.0,255,32767,0.11,2090-9-18,0.0,0.52,26.6,0.0,0.0,0.0,0,4.822265625,6,45,05:40,20:21,2025-05-22 11:13:41.707786,Città della Scienza,70.3,8.450372,8.175138,7.1530905,5.4495506,EU EEA Common AQI,74.8,6.8119383,6.4682946,7200,6.6857142,100,100,66.2,5.942857,Very Low,73.7,6.875589,100,1747911600,Very Low,5.722472,8.356014,Very Low,8.700288,63.5,9.142858,100,1747911600,7.428571
2025-05-22T11:13:53Z,0,29.948,75.5,63,69.5,9,8,182,78,0.0,255,32767,0.11,2090-9-18,0.0,0.52,26.6,0.0,0.0,0.0,0,4.822265625,6,45,05:40,20:21,2025-05-22 11:13:52.815790,Città della Scienza,70.3,8.450372,8.175138,7.1530905,5.4495506,EU EEA Common AQI,74.8,6.8119383,6.4682946,7200,6.6857142,100,100,66.2,5.942857,Very Low,73.7,6.875589,100,1747911600,Very Low,5.722472,8.356014,Very Low,8.700288,63.5,9.142858,100,1747911600,7.428571
2025-05-22T11:14:04Z,0,29.948,75.5,63,69.5,9,8,178,78,0.0,255,32767,0.11,2090-9-18,0.0,0.52,26.6,0.0,0.0,0.0,0,4.822265625,6,45,05:40,20:21,2025-05-22 11:14:03.928794,Città della Scienza,70.3,8.450372,8.175138,7.1530905,5.4495506,EU EEA Common AQI,74.8,6.8119383,6.4682946,7200,6.6857142,100,100,66.2,5.942857,Very Low,73.7,6.875589,100,1747911600,Very Low,5.722472,8.356014,Very Low,8.700288,63.5,9.142858,100,1747911600,7.428571
2025-05-22T11:14:15Z,0,29.948,75.5,63,69.6,5,8,170,78,0.0,255,32767,0.11,2090-9-18,0.0,0.52,26.6,0.0,0.0,0.0,0,4.822265625,6,45,05:40,20:21,2025-05-22 11:14:15.044796,Città della Scienza,70.3,8.450372,8.175138,7.1530905,5.4495506,EU EEA Common AQI,74.8,6.8119383,6.4682946,7200,6.6857142,100,100,66.2,5.942857,Very Low,73.7,6.875589,100,1747911600,Very Low,5.722472,8.356014,Very Low,8.700288,63.5,9.142858,100,1747911600,7.428571
2025-05-22T11:14:26Z,0,29.948,75.5,63,69.6,9,8,186,78,0.0,255,32767,0.11,2090-9-18,0.0,0.52,26.6,0.0,0.0,0.0,0,4.822265625,6,45,05:40,20:21,2025-05-22 11:14:26.155787,Città della Scienza,70.3,8.450372,8.175138,7.1530905,5.4495506,EU EEA Common AQI,74.8,6.8119383,6.4682946,7200,6.6857142,100,100,66.2,5.942857,Very Low,73.7,6.875589,100,1747911600,Very Low,5.722472,8.356014,Very Low,8.700288,63.5,9.142858,100,1747911600,7.428571
2025-05-22T11:14:37Z,0,29.948,75.5,63,69.5,11,8,163,78,0.0,255,32767,0.11,2090-9-18,0.0,0.52,26.6,0.0,0.0,0.0,0,4.822265625,6,45,05:40,20:21,2025-05-22 11:14:37.256797,Città della Scienza,70.3,8.450372,8.175138,7.1530905,5.4495506,EU EEA Common AQI,74.8,6.8119383,6.4682946,7200,6.6857142,100,100,66.2,5.942857,Very Low,73.7,6.875589,100,1747911600,Very Low,5.722472,8.356014,Very Low,8.700288,63.5,9.142858,100,1747911600,7.428571
2025-05-22T11:14:48Z,0,29.948,75.5,63,69.6,6,8,163,78,0.0,255,32767,0.11,2090-9-18,0.0,0.52,26.6,0.0,0.0,0.0,0,4.822265625,6,45,05:40,20:21,2025-05-22 11:14:48.402813,Città della Scienza,70.3,8.450372,8.175138,7.1530905,5.4495506,EU EEA Common AQI,74.8,6.8119383,6.4682946,7200,6.6857142,100,100,66.2,5.942857,Very Low,73.7,6.875589,100,1747911600,Very Low,5.722472,8.356014,Very Low,8.700288,63.5,9.142858,100,1747911600,7.428571
2025-05-22T11:14:59Z,0,29.948,75.5,63,69.5,7,8,161,78,0.0,255,32767,0.11,2090-9-18,0.0,0.52,26.6,0.0,0.0,0.0,0,4.822265625,6,45,05:40,20:21,2025-05-22 11:14:59.662791,Città della Scienza,70.3,8.450372,8.175138,7.1530905,5.4495506,EU EEA Common AQI,74.8,6.8119383,6.4682946,7200,6.6857142,100,100,66.2,5.942857,Very Low,73.7,6.875589,100,1747911600,Very Low,5.722472,8.356014,Very Low,8.700288,63.5,9.142858,100,1747911600,7.428571
2025-05-22T11:15:11Z,0,29.948,75.5,63,69.6,8,8,159,78,0.0,255,32767,0.11,2090-9-18,0.0,0.52,26.6,0.0,0.0,0.0,0,4.822265625,6,45,05:40,20:21,2025-05-22 11:15:10.815795,Città della Scienza,70.3,8.450372,8.175138,7.1530905,5.4495506,EU EEA Common AQI,74.8,6.8119383,6.4682946,7200,6.6857142,100,100,66.2,5.942857,Very Low,73.7,6.875589,100,1747911600,Very Low,5.722472,8.356014,Very Low,8.700288,63.5,9.142858,100,1747911600,7.428571
2025-05-22T11:15:22Z,0,29.948,75.5,63,69.6,8,8,158,78,0.0,255,32767,0.11,2090-9-18,0.0,0.52,26.6,0.0,0.0,0.0,0,4.822265625,6,45,05:40,20:21,2025-05-22 11:15:21.885791,Città della Scienza,70.3,8.450372,8.175138,7.1530905,5.4495506,EU EEA Common AQI,74.8,6.8119383,6.4682946,7200,6.6857142,100,100,66.2,5.942857,Very Low,73.7,6.875589,100,1747911600,Very Low,5.722472,8.356014,Very Low,8.700288,63.5,9.142858,100,1747911600,7.428571
2025-05-22T11:15:33Z,0,29.948,75.5,63,69.6,4,8,165,78,0.0,255,32767,0.11,2090-9-18,0.0,0.52,26.6,0.0,0.0,0.0,0,4.822265625,6,45,05:40,20:21,2025-05-22 11:15:32.963796,Città della Scienza,69.2,8.596774,8.2022505,7.1573653,5.5195847,EU EEA Common AQI,75.3,6.8994813,6.5008936,7200,7.0857143,100,100,66.4,6.5371428,Very Low,74.2,7.0393643,100,1747912500,Very Low,5.725892,8.445214,Very Low,8.697485,63.5,9.085714,100,1747912500,8.171429
2025-05-22T11:15:44Z,0,29.945,75.5,63,69.6,6,8,170,78,0.0,255,32767,0.11,2090-9-18,0.0,0.52,26.6,0.0,0.0,0.0,0,4.822265625,6,45,05:40,20:21,2025-05-22 11:15:44.102798,Città della Scienza,69.2,8.596774,8.2022505,7.1573653,5.5195847,EU EEA Common AQI,75.3,6.8994813,6.5008936,7200,7.0857143,100,100,66.4,6.5371428,Very Low,74.2,7.0393643,100,1747912500,Very Low,5.725892,8.445214,Very Low,8.697485,63.5,9.085714,100,1747912500,8.171429
2025-05-22T11:15:55Z,0,29.945,75.5,63,69.6,5,8,360,77,0.0,255,32767,0.11,2090-9-18,0.0,0.52,26.6,0.0,0.0,0.0,0,4.822265625,6,45,05:40,20:21,2025-05-22 11:15:55.203795,Città della Scienza,69.2,8.596774,8.2022505,7.1573653,5.5195847,EU EEA Common AQI,75.3,6.8994813,6.5008936,7200,7.0857143,100,100,66.4,6.5371428,Very Low,74.2,7.0393643,100,1747912500,Very Low,5.725892,8.445214,Very Low,8.697485,63.5,9.085714,100,1747912500,8.171429
2025-05-22T11:16:06Z,0,29.945,75.5,63,69.6,5,8,166,77,0.0,255,32767,0.11,2090-9-18,0.0,0.52,26.6,0.0,0.0,0.0,0,4.822265625,6,45,05:40,20:21,2025-05-22 11:16:06.318787,Città della Scienza,69.2,8.596774,8.2022505,7.1573653,5.5195847,EU EEA Common AQI,75.3,6.8994813,6.5008936,7200,7.0857143,100,100,66.4,6.5371428,Very Low,74.2,7.0393643,100,1747912500,Very Low,5.725892,8.445214,Very Low,8.697485,63.5,9.085714,100,1747912500,8.171429
2025-05-22T11:16:17Z,0,29.945,75.5,63,69.7,6,8,163,77,0.0,255,32767,0.11,2090-9-18,0.0,0.52,26.6,0.0,0.0,0.0,0,4.822265625,6,45,05:40,20:21,2025-05-22 11:16:17.455800,Città della Scienza,69.2,8.596774,8.2022505,7.1573653,5.5195847,EU EEA Common AQI,75.3,6.8994813,6.5008936,7200,7.0857143,100,100,66.4,6.5371428,Very Low,74.2,7.0393643,100,1747912500,Very Low,5.725892,8.445214,Very Low,8.697485,63.5,9.085714,100,1747912500,8.171429
2025-05-22T11:16:28Z,0,29.945,75.5,63,69.7,10,8,194,77,0.0,255,32767,0.11,2090-9-18,0.0,0.52,26.6,0.0,0.0,0.0,0,4.822265625,6,45,05:40,20:21,2025-05-22 11:16:28.536782,Città della Scienza,69.2,8.596774,8.2022505,7.1573653,5.5195847,EU EEA Common AQI,75.3,6.8994813,6.5008936,7200,7.0857143,100,100,66.4,6.5371428,Very Low,74.2,7.0393643,100,1747912500,Very Low,5.725892,8.445214,Very Low,8.697485,63.5,9.085714,100,1747912500,8.171429
2025-05-22T11:16:39Z,0,29.948,75.5,63,69.7,10,8,206,77,0.0,255,32767,0.11,2090-9-18,0.0,0.52,26.6,0.0,0.0,0.0,0,4.822265625,6,45,05:40,20:21,2025-05-22 11:16:39.609792,Città della Scienza,69.2,8.596774,8.2022505,7.1573653,5.5195847,EU EEA Common AQI,75.3,6.8994813,6.5008936,7200,7.0857143,100,100,66.4,6.5371428,Very Low,74.2,7.0393643,100,1747912500,Very Low,5.725892,8.445214,Very Low,8.697485,63.5,9.085714,100,1747912500,8.171429
2025-05-22T11:16:50Z,0,29.948,75.5,63,69.7,10,8,180,76,0.0,255,32767,0.11,2090-9-18,0.0,0.52,26.6,0.0,0.0,0.0,0,4.822265625,6,45,05:40,20:21,2025-05-22 11:16:50.711759,Città della Scienza,69.2,8.596774,8.2022505,7.1573653,5.5195847,EU EEA Common AQI,75.3,6.8994813,6.5008936,7200,7.0857143,100,100,66.4,6.5371428,Very Low,74.2,7.0393643,100,1747912500,Very Low,5.725892,8.445214,Very Low,8.697485,63.5,9.085714,100,1747912500,8.171429
2025-05-22T11:17:02Z,0,29.948,75.5,63,69.7,9,8,240,76,0.0,255,32767,0.11,2090-9-18,0.0,0.52,26.6,0.0,0.0,0.0,0,4.822265625,6,45,05:40,20:21,2025-05-22 11:17:01.809800,Città della Scienza,69.2,8.596774,8.2022505,7.1573653,5.5195847,EU EEA Common AQI,75.3,6.8994813,6.5008936,7200,7.0857143,100,100,66.4,6.5371428,Very Low,74.2,7.0393643,100,1747912500,Very Low,5.725892,8.445214,Very Low,8.697485,63.5,9.085714,100,1747912500,8.171429
2025-05-22T11:17:13Z,0,29.948,75.5,63,69.7,7,8,164,76,0.0,255,32767,0.11,2090-9-18,0.0,0.52,26.6,0.0,0.0,0.0,0,4.822265625,6,45,05:40,20:21,2025-05-22 11:17:12.921797,Città della Scienza,69.2,8.596774,8.2022505,7.1573653,5.5195847,EU EEA Common AQI,75.3,6.8994813,6.5008936,7200,7.0857143,100,100,66.4,6.5371428,Very Low,74.2,7.0393643,100,1747912500,Very Low,5.725892,8.445214,Very Low,8.697485,63.5,9.085714,100,1747912500,8.171429
2025-05-22T11:17:24Z,0,29.948,75.5,63,69.7,5,8,212,76,0.0,255,32767,0.11,2090-9-18,0.0,0.52,26.6,0.0,0.0,0.0,0,4.822265625,6,45,05:40,20:21,2025-05-22 11:17:24.055801,Città della Scienza,69.2,8.596774,8.2022505,7.1573653,5.5195847,EU EEA Common AQI,75.3,6.8994813,6.5008936,7200,7.0857143,100,100,66.4,6.5371428,Very Low,74.2,7.0393643,100,1747912500,Very Low,5.725892,8.445214,Very Low,8.697485,63.5,9.085714,100,1747912500,8.171429
2025-05-22T11:17:35Z,0,29.945,75.5,63,69.7,12,8,184,76,0.0,255,32767,0.11,2090-9-18,0.0,0.52,26.6,0.0,0.0,0.0,0,4.822265625,6,45,05:40,20:21,2025-05-22 11:17:35.154756,Città della Scienza,69.2,8.596774,8.2022505,7.1573653,5.5195847,EU EEA Common AQI,75.3,6.8994813,6.5008936,7200,7.0857143,100,100,66.4,6.5371428,Very Low,74.2,7.0393643,100,1747912500,Very Low,5.725892,8.445214,Very Low,8.697485,63.5,9.085714,100,1747912500,8.171429
2025-05-22T11:17:46Z,0,29.945,75.5,63,69.7,12,8,171,76,0.0,255,32767,0.11,2090-9-18,0.0,0.52,26.6,0.0,0.0,0.0,0,4.822265625,6,45,05:40,20:21,2025-05-22 11:17:46.243791,Città della Scienza,69.2,8.596774,8.2022505,7.1573653,5.5195847,EU EEA Common AQI,75.3,6.8994813,6.5008936,7200,7.0857143,100,100,66.4,6.5371428,Very Low,74.2,7.0393643,100,1747912500,Very Low,5.725892,8.445214,Very Low,8.697485,63.5,9.085714,100,1747912500,8.171429
2025-05-22T11:17:57Z,0,29.945,75.5,63,69.7,11,8,190,76,0.0,255,32767,0.11,2090-9-18,0.0,0.52,26.6,0.0,0.0,0.0,0,4.822265625,6,45,05:40,20:21,2025-05-22 11:17:57.356819,Città della Scienza,69.2,8.596774,8.2022505,7.1573653,5.5195847,EU EEA Common AQI,75.3,6.8994813,6.5008936,7200,7.0857143,100,100,66.4,6.5371428,Very Low,74.2,7.0393643,100,1747912500,Very Low,5.725892,8.445214,Very Low,8.697485,63.5,9.085714,100,1747912500,8.171429
2025-05-22T11:18:08Z,0,29.945,75.5,63,69.7,7,8,234,76,0.0,255,32767,0.11,2090-9-18,0.0,0.52,26.6,0.0,0.0,0.0,0,4.822265625,6,45,05:40,20:21,2025-05-22 11:18:08.471790,Città della Scienza,69.2,8.596774,8.2022505,7.1573653,5.5195847,EU EEA Common AQI,75.3,6.8994813,6.5008936,7200,7.0857143,100,100,66.4,6.5371428,Very Low,74.2,7.0393643,100,1747912500,Very Low,5.725892,8.445214,Very Low,8.697485,63.5,9.085714,100,1747912500,8.171429
2025-05-22T11:18:19Z,0,29.945,75.5,63,69.7,7,8,171,76,0.0,255,32767,0.11,2090-9-18,0.0,0.52,26.6,0.0,0.0,0.0,0,4.822265625,6,45,05:40,20:21,2025-05-22 11:18:19.600789,Città della Scienza,69.2,8.596774,8.2022505,7.1573653,5.5195847,EU EEA Common AQI,75.3,6.8994813,6.5008936,7200,7.0857143,100,100,66.4,6.5371428,Very Low,74.2,7.0393643,100,1747912500,Very Low,5.725892,8.445214,Very Low,8.697485,63.5,9.085714,100,1747912500,8.171429
2025-05-22T11:18:30Z,0,29.945,75.5,63,69.7,7,8,180,76,0.0,255,32767,0.11,2090-9-18,0.0,0.52,26.6,0.0,0.0,0.0,0,4.822265625,6,45,05:40,20:21,2025-05-22 11:18:30.710794,Città della Scienza,69.2,8.596774,8.2022505,7.1573653,5.5195847,EU EEA Common AQI,75.3,6.8994813,6.5008936,7200,7.0857143,100,100,66.4,6.5371428,Very Low,74.2,7.0393643,100,1747912500,Very Low,5.725892,8.445214,Very Low,8.697485,63.5,9.085714,100,1747912500,8.171429
2025-05-22T11:18:42Z,0,29.947,75.5,63,69.7,6,8,179,76,0.0,255,32767,0.11,2090-9-18,0.0,0.52,26.6,0.0,0.0,0.0,0,4.822265625,6,45,05:40,20:21,2025-05-22 11:18:41.817789,Città della Scienza,69.2,8.596774,8.2022505,7.1573653,5.5195847,EU EEA Common AQI,75.3,6.8994813,6.5008936,7200,7.0857143,100,100,66.4,6.5371428,Very Low,74.2,7.0393643,100,1747912500,Very Low,5.725892,8.445214,Very Low,8.697485,63.5,9.085714,100,1747912500,8.171429
2025-05-22T11:18:53Z,0,29.947,75.5,63,69.7,6,8,169,76,0.0,255,32767,0.11,2090-9-18,0.0,0.52,26.6,0.0,0.0,0.0,0,4.822265625,6,45,05:40,20:21,2025-05-22 11:18:52.918792,Città della Scienza,69.2,8.596774,8.2022505,7.1573653,5.5195847,EU EEA Common AQI,75.3,6.8994813,6.5008936,7200,7.0857143,100,100,66.4,6.5371428,Very Low,74.2,7.0393643,100,1747912500,Very Low,5.725892,8.445214,Very Low,8.697485,63.5,9.085714,100,1747912500,8.171429
2025-05-22T11:19:04Z,0,29.947,75.5,63,69.7,5,8,228,76,0.0,255,32767,0.11,2090-9-18,0.0,0.52,26.6,0.0,0.0,0.0,0,4.822265625,6,45,05:40,20:21,2025-05-22 11:19:04.046792,Città della Scienza,69.2,8.596774,8.2022505,7.1573653,5.5195847,EU EEA Common AQI,75.3,6.8994813,6.5008936,7200,7.0857143,100,100,66.4,6.5371428,Very Low,74.2,7.0393643,100,1747912500,Very Low,5.725892,8.445214,Very Low,8.697485,63.5,9.085714,100,1747912500,8.171429
2025-05-22T11:19:15Z,0,29.947,75.5,63,69.8,8,8,266,76,0.0,255,32767,0.11,2090-9-18,0.0,0.52,26.6,0.0,0.0,0.0,0,4.822265625,6,45,05:40,20:21,2025-05-22 11:19:15.131797,Città della Scienza,69.2,8.596774,8.2022505,7.1573653,5.5195847,EU EEA Common AQI,75.3,6.8994813,6.5008936,7200,7.0857143,100,100,66.4,6.5371428,Very Low,74.2,7.0393643,100,1747912500,Very Low,5.725892,8.445214,Very Low,8.697485,63.5,9.085714,100,1747912500,8.171429
2025-05-22T11:19:26Z,0,29.947,75.5,63,69.8,7,8,195,77,0.0,255,32767,0.11,2090-9-18,0.0,0.52,26.6,0.0,0.0,0.0,0,4.822265625,6,45,05:40,20:21,2025-05-22 11:19:26.216789,Città della Scienza,69.2,8.596774,8.2022505,7.1573653,5.5195847,EU EEA Common AQI,75.3,6.8994813,6.5008936,7200,7.0857143,100,100,66.4,6.5371428,Very Low,74.2,7.0393643,100,1747912500,Very Low,5.725892,8.445214,Very Low,8.697485,63.5,9.085714,100,1747912500,8.171429
2025-05-22T11:19:37Z,0,29.947,75.5,63,69.8,10,8,169,77,0.0,255,32767,0.11,2090-9-18,0.0,0.52,26.6,0.0,0.0,0.0,0,4.822265625,6,45,05:40,20:21,2025-05-22 11:19:37.315797,Città della Scienza,69.2,8.596774,8.2022505,7.1573653,5.5195847,EU EEA Common AQI,75.3,6.8994813,6.5008936,7200,7.0857143,100,100,66.4,6.5371428,Very Low,74.2,7.0393643,100,1747912500,Very Low,5.725892,8.445214,Very Low,8.697485,63.5,9.085714,100,1747912500,8.171429
2025-05-22T11:19:48Z,0,29.947,75.5,63,69.9,4,8,211,77,0.0,255,32767,0.11,2090-9-18,0.0,0.52,26.6,0.0,0.0,0.0,0,4.822265625,6,45,05:40,20:21,2025-05-22 11:19:48.408798,Città della Scienza,69.2,8.596774,8.2022505,7.1573653,5.5195847,EU EEA Common AQI,75.3,6.8994813,6.5008936,7200,7.0857143,100,100,66.4,6.5371428,Very Low,74.2,7.0393643,100,1747912500,Very Low,5.725892,8.445214,Very Low,8.697485,63.5,9.085714,100,1747912500,8.171429
2025-05-22T11:19:59Z,0,29.947,75.5,63,69.9,8,8,190,77,0.0,255,32767,0.11,2090-9-18,0.0,0.52,26.6,0.0,0.0,0.0,0,4.822265625,6,45,05:40,20:21,2025-05-22 11:19:59.498790,Città della Scienza,69.2,8.596774,8.2022505,7.1573653,5.5195847,EU EEA Common AQI,75.3,6.8994813,6.5008936,7200,7.0857143,100,100,66.4,6.5371428,Very Low,74.2,7.0393643,100,1747912500,Very Low,5.725892,8.445214,Very Low,8.697485,63.5,9.085714,100,1747912500,8.171429
2025-05-22T11:20:10Z,0,29.947,75.5,63,69.9,6,8,175,77,0.0,255,32767,0.11,2090-9-18,0.0,0.52,26.6,0.0,0.0,0.0,0,4.822265625,6,45,05:40,20:21,2025-05-22 11:20:10.570802,Città della Scienza,69.2,8.596774,8.2022505,7.1573653,5.5195847,EU EEA Common AQI,75.3,6.8994813,6.5008936,7200,7.0857143,100,100,66.4,6.5371428,Very Low,74.2,7.0393643,100,1747912500,Very Low,5.725892,8.445214,Very Low,8.697485,63.5,9.085714,100,1747912500,8.171429
2025-05-22T11:20:21Z,0,29.947,75.5,63,69.9,5,8,190,77,0.0,255,32767,0.11,2090-9-18,0.0,0.52,26.6,0.0,0.0,0.0,0,4.822265625,6,45,05:40,20:21,2025-05-22 11:20:21.686803,Città della Scienza,69.2,8.596774,8.2022505,7.1573653,5.5195847,EU EEA Common AQI,75.3,6.8994813,6.5008936,7200,7.0857143,100,100,66.4,6.5371428,Very Low,74.2,7.0393643,100,1747912500,Very Low,5.725892,8.445214,Very Low,8.697485,63.5,9.085714,100,1747912500,8.171429
2025-05-22T11:20:33Z,0,29.947,75.5,63,69.9,6,8,210,77,0.0,255,32767,0.11,2090-9-18,0.0,0.52,26.6,0.0,0.0,0.0,0,4.822265625,6,45,05:40,20:21,2025-05-22 11:20:32.813789,Città della Scienza,69.2,8.596774,8.2022505,7.1573653,5.5195847,EU EEA Common AQI,75.3,6.8994813,6.5008936,7200,7.0857143,100,100,66.4,6.5371428,Very Low,74.2,7.0393643,100,1747912500,Very Low,5.725892,8.445214,Very Low,8.697485,63.5,9.085714,100,1747912500,8.171429
2025-05-22T11:20:44Z,0,29.949,75.5,63,69.9,8,7,163,77,0.0,255,32767,0.11,2090-9-18,0.0,0.52,26.6,0.0,0.0,0.0,0,4.822265625,6,45,05:40,20:21,2025-05-22 11:20:44.176762,Città della Scienza,69.2,8.596774,8.2022505,7.1573653,5.5195847,EU EEA Common AQI,75.3,6.8994813,6.5008936,7200,7.0857143,100,100,66.4,6.5371428,Very Low,74.2,7.0393643,100,1747912500,Very Low,5.725892,8.445214,Very Low,8.697485,63.5,9.085714,100,1747912500,8.171429
2025-05-22T11:20:55Z,0,29.949,75.5,63,70.0,11,7,201,77,0.0,255,32767,0.11,2090-9-18,0.0,0.52,26.6,0.0,0.0,0.0,0,4.822265625,6,45,05:40,20:21,2025-05-22 11:20:55.266820,Città della Scienza,69.2,8.596774,8.2022505,7.1573653,5.5195847,EU EEA Common AQI,75.3,6.8994813,6.5008936,7200,7.0857143,100,100,66.4,6.5371428,Very Low,74.2,7.0393643,100,1747912500,Very Low,5.725892,8.445214,Very Low,8.697485,63.5,9.085714,100,1747912500,8.171429
2025-05-22T11:21:06Z,0,29.949,75.5,63,70.0,7,7,207,77,0.0,255,32767,0.11,2090-9-18,0.0,0.52,26.6,0.0,0.0,0.0,0,4.822265625,6,45,05:40,20:21,2025-05-22 11:21:06.355793,Città della Scienza,69.2,8.596774,8.2022505,7.1573653,5.5195847,EU EEA Common AQI,75.3,6.8994813,6.5008936,7200,7.0857143,100,100,66.4,6.5371428,Very Low,74.2,7.0393643,100,1747912500,Very Low,5.725892,8.445214,Very Low,8.697485,63.5,9.085714,100,1747912500,8.171429
2025-05-22T11:21:17Z,0,29.949,75.5,63,70.0,11,7,139,77,0.0,255,32767,0.11,2090-9-18,0.0,0.52,26.6,0.0,0.0,0.0,0,4.822265625,6,45,05:40,20:21,2025-05-22 11:21:17.465791,Città della Scienza,69.2,8.596774,8.2022505,7.1573653,5.5195847,EU EEA Common AQI,75.3,6.8994813,6.5008936,7200,7.0857143,100,100,66.4,6.5371428,Very Low,74.2,7.0393643,100,1747912500,Very Low,5.725892,8.445214,Very Low,8.697485,63.5,9.085714,100,1747912500,8.171429
2025-05-22T11:21:28Z,0,29.949,75.5,63,70.1,8,7,211,77,0.0,255,32767,0.11,2090-9-18,0.0,0.52,26.6,0.0,0.0,0.0,0,4.822265625,6,45,05:40,20:21,2025-05-22 11:21:28.610793,Città della Scienza,69.2,8.596774,8.2022505,7.1573653,5.5195847,EU EEA Common AQI,75.3,6.8994813,6.5008936,7200,7.0857143,100,100,66.4,6.5371428,Very Low,74.2,7.0393643,100,1747912500,Very Low,5.725892,8.445214,Very Low,8.697485,63.5,9.085714,100,1747912500,8.171429
2025-05-22T11:21:39Z,0,29.946,75.5,63,70.1,6,7,163,77,0.0,255,32767,0.11,2090-9-18,0.0,0.52,26.6,0.0,0.0,0.0,0,4.822265625,6,45,05:40,20:21,2025-05-22 11:21:39.710796,Città della Scienza,69.2,8.596774,8.2022505,7.1573653,5.5195847,EU EEA Common AQI,75.3,6.8994813,6.5008936,7200,7.0857143,100,100,66.4,6.5371428,Very Low,74.2,7.0393643,100,1747912500,Very Low,5.725892,8.445214,Very Low,8.697485,63.5,9.085714,100,1747912500,8.171429
2025-05-22T11:21:50Z,0,29.946,75.5,63,70.1,9,7,192,77,0.0,255,32767,0.11,2090-9-18,0.0,0.52,26.6,0.0,0.0,0.0,0,4.822265625,6,45,05:40,20:21,2025-05-22 11:21:50.789797,Città della Scienza,69.2,8.596774,8.2022505,7.1573653,5.5195847,EU EEA Common AQI,75.3,6.8994813,6.5008936,7200,7.0857143,100,100,66.4,6.5371428,Very Low,74.2,7.0393643,100,1747912500,Very Low,5.725892,8.445214,Very Low,8.697485,63.5,9.085714,100,1747912500,8.171429
2025-05-22T11:22:02Z,0,29.946,75.5,63,70.1,7,7,184,75,0.0,255,32767,0.11,2090-9-18,0.0,0.52,26.6,0.0,0.0,0.0,0,4.822265625,6,45,05:40,20:21,2025-05-22 11:22:01.888756,Città della Scienza,69.2,8.596774,8.2022505,7.1573653,5.5195847,EU EEA Common AQI,75.3,6.8994813,6.5008936,7200,7.0857143,100,100,66.4,6.5371428,Very Low,74.2,7.0393643,100,1747912500,Very Low,5.725892,8.445214,Very Low,8.697485,63.5,9.085714,100,1747912500,8.171429
2025-05-22T11:22:13Z,0,29.946,75.5,63,70.1,11,7,207,75,0.0,255,32767,0.11,2090-9-18,0.0,0.52,26.6,0.0,0.0,0.0,0,4.822265625,6,45,05:40,20:21,2025-05-22 11:22:12.988792,Città della Scienza,69.2,8.596774,8.2022505,7.1573653,5.5195847,EU EEA Common AQI,75.3,6.8994813,6.5008936,7200,7.0857143,100,100,66.4,6.5371428,Very Low,74.2,7.0393643,100,1747912500,Very Low,5.725892,8.445214,Very Low,8.697485,63.5,9.085714,100,1747912500,8.171429
2025-05-22T11:22:24Z,0,29.946,75.5,63,70.2,11,7,190,75,0.0,255,32767,0.11,2090-9-18,0.0,0.52,26.6,0.0,0.0,0.0,0,4.822265625,6,45,05:40,20:21,2025-05-22 11:22:24.096792,Città della Scienza,69.2,8.596774,8.2022505,7.1573653,5.5195847,EU EEA Common AQI,75.3,6.8994813,6.5008936,7200,7.0857143,100,100,66.4,6.5371428,Very Low,74.2,7.0393643,100,1747912500,Very Low,5.725892,8.445214,Very Low,8.697485,63.5,9.085714,100,1747912500,8.171429
2025-05-22T11:22:35Z,0,29.949,75.5,63,70.2,7,7,153,75,0.0,255,32767,0.11,2090-9-18,0.0,0.52,26.6,0.0,0.0,0.0,0,4.822265625,6,45,05:40,20:21,2025-05-22 11:22:35.216797,Città della Scienza,69.2,8.596774,8.2022505,7.1573653,5.5195847,EU EEA Common AQI,75.3,6.8994813,6.5008936,7200,7.0857143,100,100,66.4,6.5371428,Very Low,74.2,7.0393643,100,1747912500,Very Low,5.725892,8.445214,Very Low,8.697485,63.5,9.085714,100,1747912500,8.171429
2025-05-22T11:22:46Z,0,29.949,75.5,63,70.2,9,7,184,75,0.0,255,32767,0.11,2090-9-18,0.0,0.52,26.6,0.0,0.0,0.0,0,4.822265625,6,45,05:40,20:21,2025-05-22 11:22:46.310791,Città della Scienza,69.2,8.596774,8.2022505,7.1573653,5.5195847,EU EEA Common AQI,75.3,6.8994813,6.5008936,7200,7.0857143,100,100,66.4,6.5371428,Very Low,74.2,7.0393643,100,1747912500,Very Low,5.725892,8.445214,Very Low,8.697485,63.5,9.085714,100,1747912500,8.171429
2025-05-22T11:22:57Z,0,29.949,75.5,63,70.2,10,7,184,75,0.0,255,32767,0.11,2090-9-18,0.0,0.52,26.6,0.0,0.0,0.0,0,4.822265625,6,45,05:40,20:21,2025-05-22 11:22:57.403797,Città della Scienza,69.2,8.596774,8.2022505,7.1573653,5.5195847,EU EEA Common AQI,75.3,6.8994813,6.5008936,7200,7.0857143,100,100,66.4,6.5371428,Very Low,74.2,7.0393643,100,1747912500,Very Low,5.725892,8.445214,Very Low,8.697485,63.5,9.085714,100,1747912500,8.171429
2025-05-22T11:23:08Z,0,29.949,75.5,63,70.2,9,7,198,75,0.0,255,32767,0.11,2090-9-18,0.0,0.52,26.6,0.0,0.0,0.0,0,4.822265625,6,45,05:40,20:21,2025-05-22 11:23:08.504794,Città della Scienza,69.2,8.596774,8.2022505,7.1573653,5.5195847,EU EEA Common AQI,75.3,6.8994813,6.5008936,7200,7.0857143,100,100,66.4,6.5371428,Very Low,74.2,7.0393643,100,1747912500,Very Low,5.725892,8.445214,Very Low,8.697485,63.5,9.085714,100,1747912500,8.171429
2025-05-22T11:23:19Z,0,29.949,75.5,63,70.1,7,7,166,75,0.0,255,32767,0.11,2090-9-18,0.0,0.52,26.6,0.0,0.0,0.0,0,4.822265625,6,45,05:40,20:21,2025-05-22 11:23:19.602790,Città della Scienza,69.2,8.596774,8.2022505,7.1573653,5.5195847,EU EEA Common AQI,75.3,6.8994813,6.5008936,7200,7.0857143,100,100,66.4,6.5371428,Very Low,74.2,7.0393643,100,1747912500,Very Low,5.725892,8.445214,Very Low,8.697485,63.5,9.085714,100,1747912500,8.171429
2025-05-22T11:23:30Z,0,29.949,75.5,63,70.1,14,7,167,75,0.0,255,32767,0.11,2090-9-18,0.0,0.52,26.6,0.0,0.0,0.0,0,4.822265625,6,45,05:40,20:21,2025-05-22 11:23:30.722804,Città della Scienza,69.2,8.596774,8.2022505,7.1573653,5.5195847,EU EEA Common AQI,75.3,6.8994813,6.5008936,7200,7.0857143,100,100,66.4,6.5371428,Very Low,74.2,7.0393643,100,1747912500,Very Low,5.725892,8.445214,Very Low,8.697485,63.5,9.085714,100,1747912500,8.171429
2025-05-22T11:23:42Z,0,29.946,75.6,63,70.2,9,8,197,75,0.0,255,32767,0.11,2090-9-18,0.0,0.52,26.6,0.0,0.0,0.0,0,4.822265625,6,45,05:40,20:21,2025-05-22 11:23:41.931792,Città della Scienza,69.2,8.596774,8.2022505,7.1573653,5.5195847,EU EEA Common AQI,75.3,6.8994813,6.5008936,7200,7.0857143,100,100,66.4,6.5371428,Very Low,74.2,7.0393643,100,1747912500,Very Low,5.725892,8.445214,Very Low,8.697485,63.5,9.085714,100,1747912500,8.171429
2025-05-22T11:23:53Z,0,29.946,75.6,63,70.1,7,8,166,75,0.0,255,32767,0.11,2090-9-18,0.0,0.52,26.6,0.0,0.0,0.0,0,4.822265625,6,45,05:40,20:21,2025-05-22 11:23:53.036753,Città della Scienza,69.2,8.596774,8.2022505,7.1573653,5.5195847,EU EEA Common AQI,75.3,6.8994813,6.5008936,7200,7.0857143,100,100,66.4,6.5371428,Very Low,74.2,7.0393643,100,1747912500,Very Low,5.725892,8.445214,Very Low,8.697485,63.5,9.085714,100,1747912500,8.171429
2025-05-22T11:24:04Z,0,29.946,75.6,63,70.1,6,8,192,75,0.0,255,32767,0.11,2090-9-18,0.0,0.52,26.6,0.0,0.0,0.0,0,4.822265625,6,45,05:40,20:21,2025-05-22 11:24:04.138796,Città della Scienza,69.2,8.596774,8.2022505,7.1573653,5.5195847,EU EEA Common AQI,75.3,6.8994813,6.5008936,7200,7.0857143,100,100,66.4,6.5371428,Very Low,74.2,7.0393643,100,1747912500,Very Low,5.725892,8.445214,Very Low,8.697485,63.5,9.085714,100,1747912500,8.171429
2025-05-22T11:24:15Z,0,29.946,75.6,63,70.2,8,8,171,75,0.0,255,32767,0.11,2090-9-18,0.0,0.52,26.6,0.0,0.0,0.0,0,4.822265625,6,45,05:40,20:21,2025-05-22 11:24:15.241806,Città della Scienza,69.2,8.596774,8.2022505,7.1573653,5.5195847,EU EEA Common AQI,75.3,6.8994813,6.5008936,7200,7.0857143,100,100,66.4,6.5371428,Very Low,74.2,7.0393643,100,1747912500,Very Low,5.725892,8.445214,Very Low,8.697485,63.5,9.085714,100,1747912500,8.171429
2025-05-22T11:24:26Z,0,29.946,75.6,63,70.2,7,8,173,75,0.0,255,32767,0.11,2090-9-18,0.0,0.52,26.6,0.0,0.0,0.0,0,4.822265625,6,45,05:40,20:21,2025-05-22 11:24:26.338756,Città della Scienza,69.2,8.596774,8.2022505,7.1573653,5.5195847,EU EEA Common AQI,75.3,6.8994813,6.5008936,7200,7.0857143,100,100,66.4,6.5371428,Very Low,74.2,7.0393643,100,1747912500,Very Low,5.725892,8.445214,Very Low,8.697485,63.5,9.085714,100,1747912500,8.171429
2025-05-22T11:24:37Z,0,29.944,75.5,63,70.1,7,8,188,75,0.0,255,32767,0.11,2090-9-18,0.0,0.52,26.6,0.0,0.0,0.0,0,4.822265625,6,45,05:40,20:21,2025-05-22 11:24:37.457793,Città della Scienza,69.2,8.596774,8.2022505,7.1573653,5.5195847,EU EEA Common AQI,75.3,6.8994813,6.5008936,7200,7.0857143,100,100,66.4,6.5371428,Very Low,74.2,7.0393643,100,1747912500,Very Low,5.725892,8.445214,Very Low,8.697485,63.5,9.085714,100,1747912500,8.171429
2025-05-22T11:24:48Z,0,29.944,75.5,63,70.2,7,8,196,75,0.0,255,32767,0.11,2090-9-18,0.0,0.52,26.6,0.0,0.0,0.0,0,4.822265625,6,45,05:40,20:21,2025-05-22 11:24:48.542797,Città della Scienza,69.2,8.596774,8.2022505,7.1573653,5.5195847,EU EEA Common AQI,75.3,6.8994813,6.5008936,7200,7.0857143,100,100,66.4,6.5371428,Very Low,74.2,7.0393643,100,1747912500,Very Low,5.725892,8.445214,Very Low,8.697485,63.5,9.085714,100,1747912500,8.171429
2025-05-22T11:24:59Z,0,29.944,75.5,63,70.2,8,8,162,75,0.0,255,32767,0.11,2090-9-18,0.0,0.52,26.6,0.0,0.0,0.0,0,4.822265625,6,45,05:40,20:21,2025-05-22 11:24:59.664795,Città della Scienza,69.2,8.596774,8.2022505,7.1573653,5.5195847,EU EEA Common AQI,75.3,6.8994813,6.5008936,7200,7.0857143,100,100,66.4,6.5371428,Very Low,74.2,7.0393643,100,1747912500,Very Low,5.725892,8.445214,Very Low,8.697485,63.5,9.085714,100,1747912500,8.171429
2025-05-22T11:25:10Z,0,29.944,75.5,63,70.2,7,8,169,75,0.0,255,32767,0.11,2090-9-18,0.0,0.52,26.6,0.0,0.0,0.0,0,4.822265625,6,45,05:40,20:21,2025-05-22 11:25:10.788796,Città della Scienza,69.2,8.596774,8.2022505,7.1573653,5.5195847,EU EEA Common AQI,75.3,6.8994813,6.5008936,7200,7.0857143,100,100,66.4,6.5371428,Very Low,74.2,7.0393643,100,1747912500,Very Low,5.725892,8.445214,Very Low,8.697485,63.5,9.085714,100,1747912500,8.171429
2025-05-22T11:25:22Z,0,29.944,75.5,63,70.3,10,8,180,75,0.0,255,32767,0.11,2090-9-18,0.0,0.52,26.6,0.0,0.0,0.0,0,4.822265625,6,45,05:40,20:21,2025-05-22 11:25:21.890803,Città della Scienza,69.2,8.596774,8.2022505,7.1573653,5.5195847,EU EEA Common AQI,75.3,6.8994813,6.5008936,7200,7.0857143,100,100,66.4,6.5371428,Very Low,74.2,7.0393643,100,1747912500,Very Low,5.725892,8.445214,Very Low,8.697485,63.5,9.085714,100,1747912500,8.171429
2025-05-22T11:25:33Z,0,29.944,75.5,63,70.3,8,8,238,76,0.0,255,32767,0.11,2090-9-18,0.0,0.52,26.6,0.0,0.0,0.0,0,4.822265625,6,45,05:40,20:21,2025-05-22 11:25:33.000806,Città della Scienza,69.2,8.596774,8.2022505,7.1573653,5.5195847,EU EEA Common AQI,75.3,6.8994813,6.5008936,7200,7.0857143,100,100,66.4,6.5371428,Very Low,74.2,7.0393643,100,1747912500,Very Low,5.725892,8.445214,Very Low,8.697485,63.5,9.085714,100,1747912500,8.171429
2025-05-22T11:25:44Z,0,29.943,75.5,63,70.3,12,8,176,76,0.0,255,32767,0.11,2090-9-18,0.0,0.52,26.6,0.0,0.0,0.0,0,4.822265625,6,45,05:40,20:21,2025-05-22 11:25:44.117796,Città della Scienza,69.2,8.596774,8.2022505,7.1573653,5.5195847,EU EEA Common AQI,75.3,6.8994813,6.5008936,7200,7.0857143,100,100,66.4,6.5371428,Very Low,74.2,7.0393643,100,1747912500,Very Low,5.725892,8.445214,Very Low,8.697485,63.5,9.085714,100,1747912500,8.171429
2025-05-22T11:25:55Z,0,29.943,75.5,63,70.3,9,8,180,76,0.0,255,32767,0.11,2090-9-18,0.0,0.52,26.6,0.0,0.0,0.0,0,4.822265625,6,45,05:40,20:21,2025-05-22 11:25:55.243789,Città della Scienza,69.2,8.596774,8.2022505,7.1573653,5.5195847,EU EEA Common AQI,75.3,6.8994813,6.5008936,7200,7.0857143,100,100,66.4,6.5371428,Very Low,74.2,7.0393643,100,1747912500,Very Low,5.725892,8.445214,Very Low,8.697485,63.5,9.085714,100,1747912500,8.171429
2025-05-22T11:26:06Z,0,29.943,75.5,63,70.3,5,8,188,76,0.0,255,32767,0.11,2090-9-18,0.0,0.52,26.6,0.0,0.0,0.0,0,4.822265625,6,45,05:40,20:21,2025-05-22 11:26:06.352786,Città della Scienza,69.2,8.596774,8.2022505,7.1573653,5.5195847,EU EEA Common AQI,75.3,6.8994813,6.5008936,7200,7.0857143,100,100,66.4,6.5371428,Very Low,74.2,7.0393643,100,1747912500,Very Low,5.725892,8.445214,Very Low,8.697485,63.5,9.085714,100,1747912500,8.171429
2025-05-22T11:26:17Z,0,29.943,75.5,63,70.3,8,8,180,76,0.0,255,32767,0.11,2090-9-18,0.0,0.52,26.6,0.0,0.0,0.0,0,4.822265625,6,45,05:40,20:21,2025-05-22 11:26:17.458765,Città della Scienza,69.2,8.596774,8.2022505,7.1573653,5.5195847,EU EEA Common AQI,75.3,6.8994813,6.5008936,7200,7.0857143,100,100,66.4,6.5371428,Very Low,74.2,7.0393643,100,1747912500,Very Low,5.725892,8.445214,Very Low,8.697485,63.5,9.085714,100,1747912500,8.171429
2025-05-22T11:26:28Z,0,29.943,75.5,63,70.4,6,8,205,76,0.0,255,32767,0.11,2090-9-18,0.0,0.52,26.6,0.0,0.0,0.0,0,4.822265625,6,45,05:40,20:21,2025-05-22 11:26:28.571789,Città della Scienza,69.2,8.596774,8.2022505,7.1573653,5.5195847,EU EEA Common AQI,75.3,6.8994813,6.5008936,7200,7.0857143,100,100,66.4,6.5371428,Very Low,74.2,7.0393643,100,1747912500,Very Low,5.725892,8.445214,Very Low,8.697485,63.5,9.085714,100,1747912500,8.171429
2025-05-22T11:26:39Z,0,29.943,75.5,63,70.4,10,8,167,76,0.0,255,32767,0.11,2090-9-18,0.0,0.52,26.6,0.0,0.0,0.0,0,4.822265625,6,45,05:40,20:21,2025-05-22 11:26:39.662812,Città della Scienza,69.2,8.596774,8.2022505,7.1573653,5.5195847,EU EEA Common AQI,75.3,6.8994813,6.5008936,7200,7.0857143,100,100,66.4,6.5371428,Very Low,74.2,7.0393643,100,1747912500,Very Low,5.725892,8.445214,Very Low,8.697485,63.5,9.085714,100,1747912500,8.171429
2025-05-22T11:26:50Z,0,29.943,75.5,63,70.4,9,8,190,76,0.0,255,32767,0.11,2090-9-18,0.0,0.52,26.6,0.0,0.0,0.0,0,4.822265625,6,45,05:40,20:21,2025-05-22 11:26:50.789800,Città della Scienza,69.2,8.596774,8.2022505,7.1573653,5.5195847,EU EEA Common AQI,75.3,6.8994813,6.5008936,7200,7.0857143,100,100,66.4,6.5371428,Very Low,74.2,7.0393643,100,1747912500,Very Low,5.725892,8.445214,Very Low,8.697485,63.5,9.085714,100,1747912500,8.171429
2025-05-22T11:27:02Z,0,29.943,75.5,63,70.3,9,8,164,76,0.0,255,32767,0.11,2090-9-18,0.0,0.52,26.6,0.0,0.0,0.0,0,4.822265625,6,45,05:40,20:21,2025-05-22 11:27:01.919803,Città della Scienza,69.2,8.596774,8.2022505,7.1573653,5.5195847,EU EEA Common AQI,75.3,6.8994813,6.5008936,7200,7.0857143,100,100,66.4,6.5371428,Very Low,74.2,7.0393643,100,1747912500,Very Low,5.725892,8.445214,Very Low,8.697485,63.5,9.085714,100,1747912500,8.171429
2025-05-22T11:27:13Z,0,29.943,75.5,63,70.4,11,8,185,76,0.0,255,32767,0.11,2090-9-18,0.0,0.52,26.6,0.0,0.0,0.0,0,4.822265625,6,45,05:40,20:21,2025-05-22 11:27:13.034788,Città della Scienza,69.2,8.596774,8.2022505,7.1573653,5.5195847,EU EEA Common AQI,75.3,6.8994813,6.5008936,7200,7.0857143,100,100,66.4,6.5371428,Very Low,74.2,7.0393643,100,1747912500,Very Low,5.725892,8.445214,Very Low,8.697485,63.5,9.085714,100,1747912500,8.171429
2025-05-22T11:27:24Z,0,29.943,75.5,63,70.4,10,8,194,76,0.0,255,32767,0.11,2090-9-18,0.0,0.52,26.6,0.0,0.0,0.0,0,4.822265625,6,45,05:40,20:21,2025-05-22 11:27:24.159787,Città della Scienza,69.2,8.596774,8.2022505,7.1573653,5.5195847,EU EEA Common AQI,75.3,6.8994813,6.5008936,7200,7.0857143,100,100,66.4,6.5371428,Very Low,74.2,7.0393643,100,1747912500,Very Low,5.725892,8.445214,Very Low,8.697485,63.5,9.085714,100,1747912500,8.171429
2025-05-22T11:27:35Z,0,29.943,75.6,63,70.4,7,8,180,76,0.0,255,32767,0.11,2090-9-18,0.0,0.52,26.6,0.0,0.0,0.0,0,4.822265625,6,45,05:40,20:21,2025-05-22 11:27:35.232788,Città della Scienza,69.2,8.596774,8.2022505,7.1573653,5.5195847,EU EEA Common AQI,75.3,6.8994813,6.5008936,7200,7.0857143,100,100,66.4,6.5371428,Very Low,74.2,7.0393643,100,1747912500,Very Low,5.725892,8.445214,Very Low,8.697485,63.5,9.085714,100,1747912500,8.171429
2025-05-22T11:27:46Z,0,29.943,75.6,63,70.4,3,8,188,76,0.0,255,32767,0.11,2090-9-18,0.0,0.52,26.6,0.0,0.0,0.0,0,4.822265625,6,45,05:40,20:21,2025-05-22 11:27:46.336768,Città della Scienza,69.2,8.596774,8.2022505,7.1573653,5.5195847,EU EEA Common AQI,75.3,6.8994813,6.5008936,7200,7.0857143,100,100,66.4,6.5371428,Very Low,74.2,7.0393643,100,1747912500,Very Low,5.725892,8.445214,Very Low,8.697485,63.5,9.085714,100,1747912500,8.171429
2025-05-22T11:27:57Z,0,29.943,75.6,63,70.4,6,8,179,76,0.0,255,32767,0.11,2090-9-18,0.0,0.52,26.6,0.0,0.0,0.0,0,4.822265625,6,45,05:40,20:21,2025-05-22 11:27:57.484793,Città della Scienza,69.2,8.596774,8.2022505,7.1573653,5.5195847,EU EEA Common AQI,75.3,6.8994813,6.5008936,7200,7.0857143,100,100,66.4,6.5371428,Very Low,74.2,7.0393643,100,1747912500,Very Low,5.725892,8.445214,Very Low,8.697485,63.5,9.085714,100,1747912500,8.171429
2025-05-22T11:28:08Z,0,29.943,75.6,63,70.4,7,8,192,76,0.0,255,32767,0.11,2090-9-18,0.0,0.52,26.6,0.0,0.0,0.0,0,4.822265625,6,45,05:40,20:21,2025-05-22 11:28:08.612803,Città della Scienza,69.2,8.596774,8.2022505,7.1573653,5.5195847,EU EEA Common AQI,75.3,6.8994813,6.5008936,7200,7.0857143,100,100,66.4,6.5371428,Very Low,74.2,7.0393643,100,1747912500,Very Low,5.725892,8.445214,Very Low,8.697485,63.5,9.085714,100,1747912500,8.171429
2025-05-22T11:28:19Z,0,29.943,75.6,63,70.4,6,8,167,76,0.0,255,32767,0.11,2090-9-18,0.0,0.52,26.6,0.0,0.0,0.0,0,4.822265625,6,45,05:40,20:21,2025-05-22 11:28:19.749797,Città della Scienza,69.2,8.596774,8.2022505,7.1573653,5.5195847,EU EEA Common AQI,75.3,6.8994813,6.5008936,7200,7.0857143,100,100,66.4,6.5371428,Very Low,74.2,7.0393643,100,1747912500,Very Low,5.725892,8.445214,Very Low,8.697485,63.5,9.085714,100,1747912500,8.171429
2025-05-22T11:28:31Z,0,29.943,75.6,63,70.4,6,8,184,76,0.0,255,32767,0.11,2090-9-18,0.0,0.52,26.6,0.0,0.0,0.0,0,4.822265625,6,45,05:40,20:21,2025-05-22 11:28:30.852796,Città della Scienza,69.2,8.596774,8.2022505,7.1573653,5.5195847,EU EEA Common AQI,75.3,6.8994813,6.5008936,7200,7.0857143,100,100,66.4,6.5371428,Very Low,74.2,7.0393643,100,1747912500,Very Low,5.725892,8.445214,Very Low,8.697485,63.5,9.085714,100,1747912500,8.171429
2025-05-22T11:28:42Z,0,29.94,75.6,63,70.4,8,8,194,76,0.0,255,32767,0.11,2090-9-18,0.0,0.52,26.6,0.0,0.0,0.0,0,4.822265625,6,45,05:40,20:21,2025-05-22 11:28:41.953803,Città della Scienza,69.2,8.596774,8.2022505,7.1573653,5.5195847,EU EEA Common AQI,75.3,6.8994813,6.5008936,7200,7.0857143,100,100,66.4,6.5371428,Very Low,74.2,7.0393643,100,1747912500,Very Low,5.725892,8.445214,Very Low,8.697485,63.5,9.085714,100,1747912500,8.171429
2025-05-22T11:28:53Z,0,29.94,75.6,63,70.4,4,8,197,76,0.0,255,32767,0.11,2090-9-18,0.0,0.52,26.6,0.0,0.0,0.0,0,4.822265625,6,45,05:40,20:21,2025-05-22 11:28:53.104797,Città della Scienza,69.2,8.596774,8.2022505,7.1573653,5.5195847,EU EEA Common AQI,75.3,6.8994813,6.5008936,7200,7.0857143,100,100,66.4,6.5371428,Very Low,74.2,7.0393643,100,1747912500,Very Low,5.725892,8.445214,Very Low,8.697485,63.5,9.085714,100,1747912500,8.171429
2025-05-22T11:29:04Z,0,29.94,75.6,63,70.4,6,8,144,76,0.0,255,32767,0.11,2090-9-18,0.0,0.52,26.6,0.0,0.0,0.0,0,4.822265625,6,45,05:40,20:21,2025-05-22 11:29:04.232798,Città della Scienza,69.2,8.596774,8.2022505,7.1573653,5.5195847,EU EEA Common AQI,75.3,6.8994813,6.5008936,7200,7.0857143,100,100,66.4,6.5371428,Very Low,74.2,7.0393643,100,1747912500,Very Low,5.725892,8.445214,Very Low,8.697485,63.5,9.085714,100,1747912500,8.171429
2025-05-22T11:29:15Z,0,29.94,75.6,63,70.4,11,8,176,76,0.0,255,32767,0.11,2090-9-18,0.0,0.52,26.6,0.0,0.0,0.0,0,4.822265625,6,45,05:40,20:21,2025-05-22 11:29:15.333789,Città della Scienza,69.2,8.596774,8.2022505,7.1573653,5.5195847,EU EEA Common AQI,75.3,6.8994813,6.5008936,7200,7.0857143,100,100,66.4,6.5371428,Very Low,74.2,7.0393643,100,1747912500,Very Low,5.725892,8.445214,Very Low,8.697485,63.5,9.085714,100,1747912500,8.171429
2025-05-22T11:29:26Z,0,29.94,75.6,63,70.3,10,8,190,76,0.0,255,32767,0.11,2090-9-18,0.0,0.52,26.6,0.0,0.0,0.0,0,4.822265625,6,45,05:40,20:21,2025-05-22 11:29:26.428790,Città della Scienza,69.2,8.596774,8.2022505,7.1573653,5.5195847,EU EEA Common AQI,75.3,6.8994813,6.5008936,7200,7.0857143,100,100,66.4,6.5371428,Very Low,74.2,7.0393643,100,1747912500,Very Low,5.725892,8.445214,Very Low,8.697485,63.5,9.085714,100,1747912500,8.171429
2025-05-22T11:29:37Z,0,29.94,75.5,63,70.3,5,8,178,76,0.0,255,32767,0.11,2090-9-18,0.0,0.52,26.6,0.0,0.0,0.0,0,4.822265625,6,45,05:40,20:21,2025-05-22 11:29:37.555794,Città della Scienza,69.2,8.596774,8.2022505,7.1573653,5.5195847,EU EEA Common AQI,75.3,6.8994813,6.5008936,7200,7.0857143,100,100,66.4,6.5371428,Very Low,74.2,7.0393643,100,1747912500,Very Low,5.725892,8.445214,Very Low,8.697485,63.5,9.085714,100,1747912500,8.171429
2025-05-22T11:29:48Z,0,29.94,75.5,63,70.3,7,8,184,76,0.0,255,32767,0.11,2090-9-18,0.0,0.52,26.6,0.0,0.0,0.0,0,4.822265625,6,45,05:40,20:21,2025-05-22 11:29:48.633793,Città della Scienza,69.2,8.596774,8.2022505,7.1573653,5.5195847,EU EEA Common AQI,75.3,6.8994813,6.5008936,7200,7.0857143,100,100,66.4,6.5371428,Very Low,74.2,7.0393643,100,1747912500,Very Low,5.725892,8.445214,Very Low,8.697485,63.5,9.085714,100,1747912500,8.171429
2025-05-22T11:29:59Z,0,29.94,75.5,63,70.3,8,8,167,76,0.0,255,32767,0.11,2090-9-18,0.0,0.52,26.6,0.0,0.0,0.0,0,4.822265625,6,45,05:40,20:21,2025-05-22 11:29:59.720787,Città della Scienza,69.2,8.596774,8.2022505,7.1573653,5.5195847,EU EEA Common AQI,75.3,6.8994813,6.5008936,7200,7.0857143,100,100,66.4,6.5371428,Very Low,74.2,7.0393643,100,1747912500,Very Low,5.725892,8.445214,Very Low,8.697485,63.5,9.085714,100,1747912500,8.171429
2025-05-22T11:30:11Z,0,29.94,75.5,63,70.3,8,8,171,76,0.0,255,32767,0.11,2090-9-18,0.0,0.52,26.6,0.0,0.0,0.0,0,4.822265625,6,45,05:40,20:21,2025-05-22 11:30:10.835794,Città della Scienza,69.2,8.596774,8.2022505,7.1573653,5.5195847,EU EEA Common AQI,75.3,6.8994813,6.5008936,7200,7.0857143,100,100,66.4,6.5371428,Very Low,74.2,7.0393643,100,1747912500,Very Low,5.725892,8.445214,Very Low,8.697485,63.5,9.085714,100,1747912500,8.171429
2025-05-22T11:30:22Z,0,29.94,75.5,63,70.3,9,8,188,76,0.0,255,32767,0.11,2090-9-18,0.0,0.52,26.6,0.0,0.0,0.0,0,4.822265625,6,45,05:40,20:21,2025-05-22 11:30:21.938758,Città della Scienza,69.2,8.596774,8.2022505,7.1573653,5.5195847,EU EEA Common AQI,75.3,6.8994813,6.5008936,7200,7.0857143,100,100,66.4,6.5371428,Very Low,74.2,7.0393643,100,1747912500,Very Low,5.725892,8.445214,Very Low,8.697485,63.5,9.085714,100,1747912500,8.171429
2025-05-22T11:30:33Z,0,29.94,75.5,63,70.2,8,8,188,76,0.0,255,32767,0.11,2090-9-18,0.0,0.52,26.6,0.0,0.0,0.0,0,4.822265625,6,45,05:40,20:21,2025-05-22 11:30:33.060798,Città della Scienza,67.6,8.641329,8.223576,7.164072,5.551693,EU EEA Common AQI,75.7,6.9396167,6.524887,7200,6.8985505,100,100,66.3,6.1333327,Very Low,74.7,7.110268,100,1747913400,Very Low,5.7312574,8.487399,Very Low,8.757365,63.3,8.956522,100,1747913400,7.6666665
2025-05-22T11:30:44Z,0,29.941,75.5,63,70.1,13,8,178,76,0.0,255,32767,0.11,2090-9-18,0.0,0.52,26.6,0.0,0.0,0.0,0,4.822265625,6,45,05:40,20:21,2025-05-22 11:30:44.156800,Città della Scienza,67.6,8.641329,8.223576,7.164072,5.551693,EU EEA Common AQI,75.7,6.9396167,6.524887,7200,6.8985505,100,100,66.3,6.1333327,Very Low,74.7,7.110268,100,1747913400,Very Low,5.7312574,8.487399,Very Low,8.757365,63.3,8.956522,100,1747913400,7.6666665
2025-05-22T11:30:55Z,0,29.941,75.5,63,70.1,4,8,181,75,0.0,255,32767,0.11,2090-9-18,0.0,0.52,26.6,0.0,0.0,0.0,0,4.822265625,6,45,05:40,20:21,2025-05-22 11:30:55.271795,Città della Scienza,67.6,8.641329,8.223576,7.164072,5.551693,EU EEA Common AQI,75.7,6.9396167,6.524887,7200,6.8985505,100,100,66.3,6.1333327,Very Low,74.7,7.110268,100,1747913400,Very Low,5.7312574,8.487399,Very Low,8.757365,63.3,8.956522,100,1747913400,7.6666665
2025-05-22T11:31:06Z,0,29.941,75.5,63,70.1,11,8,190,75,0.0,255,32767,0.11,2090-9-18,0.0,0.52,26.6,0.0,0.0,0.0,0,4.822265625,6,45,05:40,20:21,2025-05-22 11:31:06.386803,Città della Scienza,67.6,8.641329,8.223576,7.164072,5.551693,EU EEA Common AQI,75.7,6.9396167,6.524887,7200,6.8985505,100,100,66.3,6.1333327,Very Low,74.7,7.110268,100,1747913400,Very Low,5.7312574,8.487399,Very Low,8.757365,63.3,8.956522,100,1747913400,7.6666665
2025-05-22T11:31:17Z,0,29.941,75.5,63,70.1,8,8,187,75,0.0,255,32767,0.11,2090-9-18,0.0,0.52,26.6,0.0,0.0,0.0,0,4.822265625,6,45,05:40,20:21,2025-05-22 11:31:17.553794,Città della Scienza,67.6,8.641329,8.223576,7.164072,5.551693,EU EEA Common AQI,75.7,6.9396167,6.524887,7200,6.8985505,100,100,66.3,6.1333327,Very Low,74.7,7.110268,100,1747913400,Very Low,5.7312574,8.487399,Very Low,8.757365,63.3,8.956522,100,1747913400,7.6666665
2025-05-22T11:31:28Z,0,29.941,75.5,63,70.1,8,8,185,75,0.0,255,32767,0.11,2090-9-18,0.0,0.52,26.6,0.0,0.0,0.0,0,4.822265625,6,45,05:40,20:21,2025-05-22 11:31:28.654787,Città della Scienza,67.6,8.641329,8.223576,7.164072,5.551693,EU EEA Common AQI,75.7,6.9396167,6.524887,7200,6.8985505,100,100,66.3,6.1333327,Very Low,74.7,7.110268,100,1747913400,Very Low,5.7312574,8.487399,Very Low,8.757365,63.3,8.956522,100,1747913400,7.6666665
2025-05-22T11:31:39Z,0,29.941,75.6,63,70.1,6,8,179,75,0.0,255,32767,0.11,2090-9-18,0.0,0.52,26.6,0.0,0.0,0.0,0,4.822265625,6,45,05:40,20:21,2025-05-22 11:31:39.777793,Città della Scienza,67.6,8.641329,8.223576,7.164072,5.551693,EU EEA Common AQI,75.7,6.9396167,6.524887,7200,6.8985505,100,100,66.3,6.1333327,Very Low,74.7,7.110268,100,1747913400,Very Low,5.7312574,8.487399,Very Low,8.757365,63.3,8.956522,100,1747913400,7.6666665
2025-05-22T11:31:51Z,0,29.941,75.6,63,70.0,8,8,209,75,0.0,255,32767,0.11,2090-9-18,0.0,0.52,26.6,0.0,0.0,0.0,0,4.822265625,6,45,05:40,20:21,2025-05-22 11:31:50.884799,Città della Scienza,67.6,8.641329,8.223576,7.164072,5.551693,EU EEA Common AQI,75.7,6.9396167,6.524887,7200,6.8985505,100,100,66.3,6.1333327,Very Low,74.7,7.110268,100,1747913400,Very Low,5.7312574,8.487399,Very Low,8.757365,63.3,8.956522,100,1747913400,7.6666665
2025-05-22T11:32:02Z,0,29.941,75.6,63,70.0,7,8,155,75,0.0,255,32767,0.11,2090-9-18,0.0,0.52,26.6,0.0,0.0,0.0,0,4.822265625,6,45,05:40,20:21,2025-05-22 11:32:02.031800,Città della Scienza,67.6,8.641329,8.223576,7.164072,5.551693,EU EEA Common AQI,75.7,6.9396167,6.524887,7200,6.8985505,100,100,66.3,6.1333327,Very Low,74.7,7.110268,100,1747913400,Very Low,5.7312574,8.487399,Very Low,8.757365,63.3,8.956522,100,1747913400,7.6666665
2025-05-22T11:32:13Z,0,29.941,75.6,63,70.0,6,8,180,75,0.0,255,32767,0.11,2090-9-18,0.0,0.52,26.6,0.0,0.0,0.0,0,4.822265625,6,45,05:40,20:21,2025-05-22 11:32:13.160805,Città della Scienza,67.6,8.641329,8.223576,7.164072,5.551693,EU EEA Common AQI,75.7,6.9396167,6.524887,7200,6.8985505,100,100,66.3,6.1333327,Very Low,74.7,7.110268,100,1747913400,Very Low,5.7312574,8.487399,Very Low,8.757365,63.3,8.956522,100,1747913400,7.6666665
2025-05-22T11:32:24Z,0,29.941,75.6,63,70.0,6,8,170,75,0.0,255,32767,0.11,2090-9-18,0.0,0.52,26.6,0.0,0.0,0.0,0,4.822265625,6,45,05:40,20:21,2025-05-22 11:32:24.256788,Città della Scienza,67.6,8.641329,8.223576,7.164072,5.551693,EU EEA Common AQI,75.7,6.9396167,6.524887,7200,6.8985505,100,100,66.3,6.1333327,Very Low,74.7,7.110268,100,1747913400,Very Low,5.7312574,8.487399,Very Low,8.757365,63.3,8.956522,100,1747913400,7.6666665
2025-05-22T11:32:35Z,0,29.939,75.5,63,70.0,6,8,193,75,0.0,255,32767,0.11,2090-9-18,0.0,0.52,26.6,0.0,0.0,0.0,0,4.822265625,6,45,05:40,20:21,2025-05-22 11:32:35.377803,Città della Scienza,67.6,8.641329,8.223576,7.164072,5.551693,EU EEA Common AQI,75.7,6.9396167,6.524887,7200,6.8985505,100,100,66.3,6.1333327,Very Low,74.7,7.110268,100,1747913400,Very Low,5.7312574,8.487399,Very Low,8.757365,63.3,8.956522,100,1747913400,7.6666665
2025-05-22T11:32:46Z,0,29.939,75.5,63,70.0,9,8,205,75,0.0,255,32767,0.11,2090-9-18,0.0,0.52,26.6,0.0,0.0,0.0,0,4.822265625,6,45,05:40,20:21,2025-05-22 11:32:46.475791,Città della Scienza,67.6,8.641329,8.223576,7.164072,5.551693,EU EEA Common AQI,75.7,6.9396167,6.524887,7200,6.8985505,100,100,66.3,6.1333327,Very Low,74.7,7.110268,100,1747913400,Very Low,5.7312574,8.487399,Very Low,8.757365,63.3,8.956522,100,1747913400,7.6666665
2025-05-22T11:32:57Z,0,29.939,75.5,63,69.9,7,8,180,75,0.0,255,32767,0.11,2090-9-18,0.0,0.52,26.6,0.0,0.0,0.0,0,4.822265625,6,45,05:40,20:21,2025-05-22 11:32:57.598780,Città della Scienza,67.6,8.641329,8.223576,7.164072,5.551693,EU EEA Common AQI,75.7,6.9396167,6.524887,7200,6.8985505,100,100,66.3,6.1333327,Very Low,74.7,7.110268,100,1747913400,Very Low,5.7312574,8.487399,Very Low,8.757365,63.3,8.956522,100,1747913400,7.6666665
2025-05-22T11:33:08Z,0,29.939,75.5,63,70.0,7,8,180,75,0.0,255,32767,0.11,2090-9-18,0.0,0.52,26.6,0.0,0.0,0.0,0,4.822265625,6,45,05:40,20:21,2025-05-22 11:33:08.701802,Città della Scienza,67.6,8.641329,8.223576,7.164072,5.551693,EU EEA Common AQI,75.7,6.9396167,6.524887,7200,6.8985505,100,100,66.3,6.1333327,Very Low,74.7,7.110268,100,1747913400,Very Low,5.7312574,8.487399,Very Low,8.757365,63.3,8.956522,100,1747913400,7.6666665
2025-05-22T11:33:20Z,0,29.939,75.5,63,70.0,12,8,171,75,0.0,255,32767,0.11,2090-9-18,0.0,0.52,26.6,0.0,0.0,0.0,0,4.822265625,6,45,05:40,20:21,2025-05-22 11:33:19.812795,Città della Scienza,67.6,8.641329,8.223576,7.164072,5.551693,EU EEA Common AQI,75.7,6.9396167,6.524887,7200,6.8985505,100,100,66.3,6.1333327,Very Low,74.7,7.110268,100,1747913400,Very Low,5.7312574,8.487399,Very Low,8.757365,63.3,8.956522,100,1747913400,7.6666665
2025-05-22T11:33:31Z,0,29.939,75.5,63,70.0,7,8,165,75,0.0,255,32767,0.11,2090-9-18,0.0,0.52,26.6,0.0,0.0,0.0,0,4.822265625,6,45,05:40,20:21,2025-05-22 11:33:30.948795,Città della Scienza,67.6,8.641329,8.223576,7.164072,5.551693,EU EEA Common AQI,75.7,6.9396167,6.524887,7200,6.8985505,100,100,66.3,6.1333327,Very Low,74.7,7.110268,100,1747913400,Very Low,5.7312574,8.487399,Very Low,8.757365,63.3,8.956522,100,1747913400,7.6666665
2025-05-22T11:33:42Z,0,29.941,75.6,63,70.0,9,8,149,75,0.0,255,32767,0.11,2090-9-18,0.0,0.52,26.6,0.0,0.0,0.0,0,4.822265625,6,45,05:40,20:21,2025-05-22 11:33:42.023794,Città della Scienza,67.6,8.641329,8.223576,7.164072,5.551693,EU EEA Common AQI,75.7,6.9396167,6.524887,7200,6.8985505,100,100,66.3,6.1333327,Very Low,74.7,7.110268,100,1747913400,Very Low,5.7312574,8.487399,Very Low,8.757365,63.3,8.956522,100,1747913400,7.6666665
2025-05-22T11:33:53Z,0,29.941,75.6,63,70.0,7,8,191,75,0.0,255,32767,0.11,2090-9-18,0.0,0.52,26.6,0.0,0.0,0.0,0,4.822265625,6,45,05:40,20:21,2025-05-22 11:33:53.177795,Città della Scienza,67.6,8.641329,8.223576,7.164072,5.551693,EU EEA Common AQI,75.7,6.9396167,6.524887,7200,6.8985505,100,100,66.3,6.1333327,Very Low,74.7,7.110268,100,1747913400,Very Low,5.7312574,8.487399,Very Low,8.757365,63.3,8.956522,100,1747913400,7.6666665
2025-05-22T11:34:04Z,0,29.941,75.6,63,70.0,9,8,168,75,0.0,255,32767,0.11,2090-9-18,0.0,0.52,26.6,0.0,0.0,0.0,0,4.822265625,6,45,05:40,20:21,2025-05-22 11:34:04.259796,Città della Scienza,67.6,8.641329,8.223576,7.164072,5.551693,EU EEA Common AQI,75.7,6.9396167,6.524887,7200,6.8985505,100,100,66.3,6.1333327,Very Low,74.7,7.110268,100,1747913400,Very Low,5.7312574,8.487399,Very Low,8.757365,63.3,8.956522,100,1747913400,7.6666665
2025-05-22T11:34:15Z,0,29.941,75.6,63,69.9,8,8,173,75,0.0,255,32767,0.11,2090-9-18,0.0,0.52,26.6,0.0,0.0,0.0,0,4.822265625,6,45,05:40,20:21,2025-05-22 11:34:15.334791,Città della Scienza,67.6,8.641329,8.223576,7.164072,5.551693,EU EEA Common AQI,75.7,6.9396167,6.524887,7200,6.8985505,100,100,66.3,6.1333327,Very Low,74.7,7.110268,100,1747913400,Very Low,5.7312574,8.487399,Very Low,8.757365,63.3,8.956522,100,1747913400,7.6666665
2025-05-22T11:34:26Z,0,29.941,75.6,63,69.9,8,8,182,75,0.0,255,32767,0.11,2090-9-18,0.0,0.52,26.6,0.0,0.0,0.0,0,4.822265625,6,45,05:40,20:21,2025-05-22 11:34:26.415816,Città della Scienza,67.6,8.641329,8.223576,7.164072,5.551693,EU EEA Common AQI,75.7,6.9396167,6.524887,7200,6.8985505,100,100,66.3,6.1333327,Very Low,74.7,7.110268,100,1747913400,Very Low,5.7312574,8.487399,Very Low,8.757365,63.3,8.956522,100,1747913400,7.6666665
2025-05-22T11:34:37Z,0,29.94,75.5,63,69.9,4,8,178,75,0.0,255,32767,0.11,2090-9-18,0.0,0.52,26.6,0.0,0.0,0.0,0,4.822265625,6,45,05:40,20:21,2025-05-22 11:34:37.526789,Città della Scienza,67.6,8.641329,8.223576,7.164072,5.551693,EU EEA Common AQI,75.7,6.9396167,6.524887,7200,6.8985505,100,100,66.3,6.1333327,Very Low,74.7,7.110268,100,1747913400,Very Low,5.7312574,8.487399,Very Low,8.757365,63.3,8.956522,100,1747913400,7.6666665
2025-05-22T11:34:48Z,0,29.94,75.5,63,69.9,7,8,186,75,0.0,255,32767,0.11,2090-9-18,0.0,0.52,26.6,0.0,0.0,0.0,0,4.822265625,6,45,05:40,20:21,2025-05-22 11:34:48.610797,Città della Scienza,67.6,8.641329,8.223576,7.164072,5.551693,EU EEA Common AQI,75.7,6.9396167,6.524887,7200,6.8985505,100,100,66.3,6.1333327,Very Low,74.7,7.110268,100,1747913400,Very Low,5.7312574,8.487399,Very Low,8.757365,63.3,8.956522,100,1747913400,7.6666665
2025-05-22T11:34:59Z,0,29.94,75.5,63,69.9,4,8,183,75,0.0,255,32767,0.11,2090-9-18,0.0,0.52,26.6,0.0,0.0,0.0,0,4.822265625,6,45,05:40,20:21,2025-05-22 11:34:59.701791,Città della Scienza,67.6,8.641329,8.223576,7.164072,5.551693,EU EEA Common AQI,75.7,6.9396167,6.524887,7200,6.8985505,100,100,66.3,6.1333327,Very Low,74.7,7.110268,100,1747913400,Very Low,5.7312574,8.487399,Very Low,8.757365,63.3,8.956522,100,1747913400,7.6666665
2025-05-22T11:35:11Z,0,29.94,75.5,63,70.0,7,8,180,76,0.0,255,32767,0.11,2090-9-18,0.0,0.52,26.6,0.0,0.0,0.0,0,4.822265625,6,45,05:40,20:21,2025-05-22 11:35:10.817801,Città della Scienza,67.6,8.641329,8.223576,7.164072,5.551693,EU EEA Common AQI,75.7,6.9396167,6.524887,7200,6.8985505,100,100,66.3,6.1333327,Very Low,74.7,7.110268,100,1747913400,Very Low,5.7312574,8.487399,Very Low,8.757365,63.3,8.956522,100,1747913400,7.6666665
2025-05-22T11:35:22Z,0,29.94,75.5,63,70.0,6,8,188,76,0.0,255,32767,0.11,2090-9-18,0.0,0.52,26.6,0.0,0.0,0.0,0,4.822265625,6,45,05:40,20:21,2025-05-22 11:35:21.930794,Città della Scienza,67.6,8.641329,8.223576,7.164072,5.551693,EU EEA Common AQI,75.7,6.9396167,6.524887,7200,6.8985505,100,100,66.3,6.1333327,Very Low,74.7,7.110268,100,1747913400,Very Low,5.7312574,8.487399,Very Low,8.757365,63.3,8.956522,100,1747913400,7.6666665
2025-05-22T11:35:33Z,0,29.94,75.5,63,70.0,6,8,215,76,0.0,255,32767,0.11,2090-9-18,0.0,0.52,26.6,0.0,0.0,0.0,0,4.822265625,6,45,05:40,20:21,2025-05-22 11:35:32.997795,Città della Scienza,67.6,8.641329,8.223576,7.164072,5.551693,EU EEA Common AQI,75.7,6.9396167,6.524887,7200,6.8985505,100,100,66.3,6.1333327,Very Low,74.7,7.110268,100,1747913400,Very Low,5.7312574,8.487399,Very Low,8.757365,63.3,8.956522,100,1747913400,7.6666665
2025-05-22T11:35:44Z,0,29.94,75.6,63,70.0,10,8,167,76,0.0,255,32767,0.11,2090-9-18,0.0,0.52,26.6,0.0,0.0,0.0,0,4.822265625,6,45,05:40,20:21,2025-05-22 11:35:44.088783,Città della Scienza,67.6,8.641329,8.223576,7.164072,5.551693,EU EEA Common AQI,75.7,6.9396167,6.524887,7200,6.8985505,100,100,66.3,6.1333327,Very Low,74.7,7.110268,100,1747913400,Very Low,5.7312574,8.487399,Very Low,8.757365,63.3,8.956522,100,1747913400,7.6666665
2025-05-22T11:35:55Z,0,29.94,75.6,63,70.1,9,8,168,76,0.0,255,32767,0.11,2090-9-18,0.0,0.52,26.6,0.0,0.0,0.0,0,4.822265625,6,45,05:40,20:21,2025-05-22 11:35:55.199800,Città della Scienza,67.6,8.641329,8.223576,7.164072,5.551693,EU EEA Common AQI,75.7,6.9396167,6.524887,7200,6.8985505,100,100,66.3,6.1333327,Very Low,74.7,7.110268,100,1747913400,Very Low,5.7312574,8.487399,Very Low,8.757365,63.3,8.956522,100,1747913400,7.6666665
2025-05-22T11:36:06Z,0,29.94,75.6,63,70.1,5,8,187,76,0.0,255,32767,0.11,2090-9-18,0.0,0.52,26.6,0.0,0.0,0.0,0,4.822265625,6,45,05:40,20:21,2025-05-22 11:36:06.302795,Città della Scienza,67.6,8.641329,8.223576,7.164072,5.551693,EU EEA Common AQI,75.7,6.9396167,6.524887,7200,6.8985505,100,100,66.3,6.1333327,Very Low,74.7,7.110268,100,1747913400,Very Low,5.7312574,8.487399,Very Low,8.757365,63.3,8.956522,100,1747913400,7.6666665
2025-05-22T11:36:17Z,0,29.94,75.6,63,70.1,3,8,179,76,0.0,255,32767,0.11,2090-9-18,0.0,0.52,26.6,0.0,0.0,0.0,0,4.822265625,6,45,05:40,20:21,2025-05-22 11:36:17.394754,Città della Scienza,67.6,8.641329,8.223576,7.164072,5.551693,EU EEA Common AQI,75.7,6.9396167,6.524887,7200,6.8985505,100,100,66.3,6.1333327,Very Low,74.7,7.110268,100,1747913400,Very Low,5.7312574,8.487399,Very Low,8.757365,63.3,8.956522,100,1747913400,7.6666665
2025-05-22T11:36:28Z,0,29.94,75.6,63,70.0,9,8,188,76,0.0,255,32767,0.11,2090-9-18,0.0,0.52,26.6,0.0,0.0,0.0,0,4.822265625,6,45,05:40,20:21,2025-05-22 11:36:28.532802,Città della Scienza,67.6,8.641329,8.223576,7.164072,5.551693,EU EEA Common AQI,75.7,6.9396167,6.524887,7200,6.8985505,100,100,66.3,6.1333327,Very Low,74.7,7.110268,100,1747913400,Very Low,5.7312574,8.487399,Very Low,8.757365,63.3,8.956522,100,1747913400,7.6666665
2025-05-22T11:36:39Z,0,29.943,75.6,63,70.1,6,8,182,76,0.0,255,32767,0.11,2090-9-18,0.0,0.52,26.6,0.0,0.0,0.0,0,4.822265625,6,45,05:40,20:21,2025-05-22 11:36:39.660800,Città della Scienza,67.6,8.641329,8.223576,7.164072,5.551693,EU EEA Common AQI,75.7,6.9396167,6.524887,7200,6.8985505,100,100,66.3,6.1333327,Very Low,74.7,7.110268,100,1747913400,Very Low,5.7312574,8.487399,Very Low,8.757365,63.3,8.956522,100,1747913400,7.6666665
2025-05-22T11:36:50Z,0,29.943,75.6,63,70.0,8,8,188,76,0.0,255,32767,0.11,2090-9-18,0.0,0.52,26.6,0.0,0.0,0.0,0,4.822265625,6,45,05:40,20:21,2025-05-22 11:36:50.763764,Città della Scienza,67.6,8.641329,8.223576,7.164072,5.551693,EU EEA Common AQI,75.7,6.9396167,6.524887,7200,6.8985505,100,100,66.3,6.1333327,Very Low,74.7,7.110268,100,1747913400,Very Low,5.7312574,8.487399,Very Low,8.757365,63.3,8.956522,100,1747913400,7.6666665
2025-05-22T11:37:02Z,0,29.943,75.6,63,70.0,4,8,193,76,0.0,255,32767,0.11,2090-9-18,0.0,0.52,26.6,0.0,0.0,0.0,0,4.822265625,6,45,05:40,20:21,2025-05-22 11:37:01.913785,Città della Scienza,67.6,8.641329,8.223576,7.164072,5.551693,EU EEA Common AQI,75.7,6.9396167,6.524887,7200,6.8985505,100,100,66.3,6.1333327,Very Low,74.7,7.110268,100,1747913400,Very Low,5.7312574,8.487399,Very Low,8.757365,63.3,8.956522,100,1747913400,7.6666665
2025-05-22T11:37:13Z,0,29.943,75.6,63,70.0,5,8,316,76,0.0,255,32767,0.11,2090-9-18,0.0,0.52,26.6,0.0,0.0,0.0,0,4.822265625,6,45,05:40,20:21,2025-05-22 11:37:13.046796,Città della Scienza,67.6,8.641329,8.223576,7.164072,5.551693,EU EEA Common AQI,75.7,6.9396167,6.524887,7200,6.8985505,100,100,66.3,6.1333327,Very Low,74.7,7.110268,100,1747913400,Very Low,5.7312574,8.487399,Very Low,8.757365,63.3,8.956522,100,1747913400,7.6666665
2025-05-22T11:37:24Z,0,29.943,75.6,63,70.1,7,8,158,76,0.0,255,32767,0.11,2090-9-18,0.0,0.52,26.6,0.0,0.0,0.0,0,4.822265625,6,45,05:40,20:21,2025-05-22 11:37:24.169799,Città della Scienza,67.6,8.641329,8.223576,7.164072,5.551693,EU EEA Common AQI,75.7,6.9396167,6.524887,7200,6.8985505,100,100,66.3,6.1333327,Very Low,74.7,7.110268,100,1747913400,Very Low,5.7312574,8.487399,Very Low,8.757365,63.3,8.956522,100,1747913400,7.6666665
2025-05-22T11:37:35Z,0,29.94,75.6,63,70.0,5,7,151,76,0.0,255,32767,0.11,2090-9-18,0.0,0.52,26.6,0.0,0.0,0.0,0,4.822265625,6,45,05:40,20:21,2025-05-22 11:37:35.291794,Città della Scienza,67.6,8.641329,8.223576,7.164072,5.551693,EU EEA Common AQI,75.7,6.9396167,6.524887,7200,6.8985505,100,100,66.3,6.1333327,Very Low,74.7,7.110268,100,1747913400,Very Low,5.7312574,8.487399,Very Low,8.757365,63.3,8.956522,100,1747913400,7.6666665
2025-05-22T11:37:46Z,0,29.94,75.6,63,70.1,5,7,176,76,0.0,255,32767,0.11,2090-9-18,0.0,0.52,26.6,0.0,0.0,0.0,0,4.822265625,6,45,05:40,20:21,2025-05-22 11:37:46.415789,Città della Scienza,67.6,8.641329,8.223576,7.164072,5.551693,EU EEA Common AQI,75.7,6.9396167,6.524887,7200,6.8985505,100,100,66.3,6.1333327,Very Low,74.7,7.110268,100,1747913400,Very Low,5.7312574,8.487399,Very Low,8.757365,63.3,8.956522,100,1747913400,7.6666665
2025-05-22T11:37:57Z,0,29.94,75.6,63,70.1,9,7,168,76,0.0,255,32767,0.11,2090-9-18,0.0,0.52,26.6,0.0,0.0,0.0,0,4.822265625,6,45,05:40,20:21,2025-05-22 11:37:57.571771,Città della Scienza,67.6,8.641329,8.223576,7.164072,5.551693,EU EEA Common AQI,75.7,6.9396167,6.524887,7200,6.8985505,100,100,66.3,6.1333327,Very Low,74.7,7.110268,100,1747913400,Very Low,5.7312574,8.487399,Very Low,8.757365,63.3,8.956522,100,1747913400,7.6666665
2025-05-22T11:38:08Z,0,29.94,75.6,63,70.1,7,7,157,76,0.0,255,32767,0.11,2090-9-18,0.0,0.52,26.6,0.0,0.0,0.0,0,4.822265625,6,45,05:40,20:21,2025-05-22 11:38:08.671807,Città della Scienza,67.6,8.641329,8.223576,7.164072,5.551693,EU EEA Common AQI,75.7,6.9396167,6.524887,7200,6.8985505,100,100,66.3,6.1333327,Very Low,74.7,7.110268,100,1747913400,Very Low,5.7312574,8.487399,Very Low,8.757365,63.3,8.956522,100,1747913400,7.6666665
2025-05-22T11:38:20Z,0,29.94,75.6,63,70.1,9,7,173,76,0.0,255,32767,0.11,2090-9-18,0.0,0.52,26.6,0.0,0.0,0.0,0,4.822265625,6,45,05:40,20:21,2025-05-22 11:38:19.813787,Città della Scienza,67.6,8.641329,8.223576,7.164072,5.551693,EU EEA Common AQI,75.7,6.9396167,6.524887,7200,6.8985505,100,100,66.3,6.1333327,Very Low,74.7,7.110268,100,1747913400,Very Low,5.7312574,8.487399,Very Low,8.757365,63.3,8.956522,100,1747913400,7.6666665
2025-05-22T11:38:31Z,0,29.94,75.6,63,70.1,5,7,179,76,0.0,255,32767,0.11,2090-9-18,0.0,0.52,26.6,0.0,0.0,0.0,0,4.822265625,6,45,05:40,20:21,2025-05-22 11:38:30.914801,Città della Scienza,67.6,8.641329,8.223576,7.164072,5.551693,EU EEA Common AQI,75.7,6.9396167,6.524887,7200,6.8985505,100,100,66.3,6.1333327,Very Low,74.7,7.110268,100,1747913400,Very Low,5.7312574,8.487399,Very Low,8.757365,63.3,8.956522,100,1747913400,7.6666665
2025-05-22T11:38:42Z,0,29.941,75.6,63,70.1,7,7,171,76,0.0,255,32767,0.11,2090-9-18,0.0,0.52,26.6,0.0,0.0,0.0,0,4.822265625,6,45,05:40,20:21,2025-05-22 11:38:41.999797,Città della Scienza,67.6,8.641329,8.223576,7.164072,5.551693,EU EEA Common AQI,75.7,6.9396167,6.524887,7200,6.8985505,100,100,66.3,6.1333327,Very Low,74.7,7.110268,100,1747913400,Very Low,5.7312574,8.487399,Very Low,8.757365,63.3,8.956522,100,1747913400,7.6666665
2025-05-22T11:38:53Z,0,29.941,75.6,63,70.1,9,7,198,76,0.0,255,32767,0.11,2090-9-18,0.0,0.52,26.6,0.0,0.0,0.0,0,4.822265625,6,45,05:40,20:21,2025-05-22 11:38:53.108804,Città della Scienza,67.6,8.641329,8.223576,7.164072,5.551693,EU EEA Common AQI,75.7,6.9396167,6.524887,7200,6.8985505,100,100,66.3,6.1333327,Very Low,74.7,7.110268,100,1747913400,Very Low,5.7312574,8.487399,Very Low,8.757365,63.3,8.956522,100,1747913400,7.6666665
2025-05-22T11:39:04Z,0,29.941,75.6,63,70.1,8,7,180,76,0.0,255,32767,0.11,2090-9-18,0.0,0.52,26.6,0.0,0.0,0.0,0,4.822265625,6,45,05:40,20:21,2025-05-22 11:39:04.215781,Città della Scienza,67.6,8.641329,8.223576,7.164072,5.551693,EU EEA Common AQI,75.7,6.9396167,6.524887,7200,6.8985505,100,100,66.3,6.1333327,Very Low,74.7,7.110268,100,1747913400,Very Low,5.7312574,8.487399,Very Low,8.757365,63.3,8.956522,100,1747913400,7.6666665
2025-05-22T11:39:15Z,0,29.941,75.6,63,70.1,11,7,176,76,0.0,255,32767,0.11,2090-9-18,0.0,0.52,26.6,0.0,0.0,0.0,0,4.822265625,6,45,05:40,20:21,2025-05-22 11:39:15.321794,Città della Scienza,67.6,8.641329,8.223576,7.164072,5.551693,EU EEA Common AQI,75.7,6.9396167,6.524887,7200,6.8985505,100,100,66.3,6.1333327,Very Low,74.7,7.110268,100,1747913400,Very Low,5.7312574,8.487399,Very Low,8.757365,63.3,8.956522,100,1747913400,7.6666665
2025-05-22T11:39:26Z,0,29.941,75.6,63,70.1,9,7,175,76,0.0,255,32767,0.11,2090-9-18,0.0,0.52,26.6,0.0,0.0,0.0,0,4.822265625,6,45,05:40,20:21,2025-05-22 11:39:26.419760,Città della Scienza,67.6,8.641329,8.223576,7.164072,5.551693,EU EEA Common AQI,75.7,6.9396167,6.524887,7200,6.8985505,100,100,66.3,6.1333327,Very Low,74.7,7.110268,100,1747913400,Very Low,5.7312574,8.487399,Very Low,8.757365,63.3,8.956522,100,1747913400,7.6666665
2025-05-22T11:39:37Z,0,29.939,75.6,63,70.1,8,7,152,74,0.0,255,32767,0.11,2090-9-18,0.0,0.52,26.6,0.0,0.0,0.0,0,4.822265625,6,45,05:40,20:21,2025-05-22 11:39:37.533778,Città della Scienza,67.6,8.641329,8.223576,7.164072,5.551693,EU EEA Common AQI,75.7,6.9396167,6.524887,7200,6.8985505,100,100,66.3,6.1333327,Very Low,74.7,7.110268,100,1747913400,Very Low,5.7312574,8.487399,Very Low,8.757365,63.3,8.956522,100,1747913400,7.6666665
2025-05-22T11:39:48Z,0,29.939,75.6,63,70.1,4,7,199,74,0.0,255,32767,0.11,2090-9-18,0.0,0.52,26.6,0.0,0.0,0.0,0,4.822265625,6,45,05:40,20:21,2025-05-22 11:39:48.634800,Città della Scienza,67.6,8.641329,8.223576,7.164072,5.551693,EU EEA Common AQI,75.7,6.9396167,6.524887,7200,6.8985505,100,100,66.3,6.1333327,Very Low,74.7,7.110268,100,1747913400,Very Low,5.7312574,8.487399,Very Low,8.757365,63.3,8.956522,100,1747913400,7.6666665
2025-05-22T11:39:59Z,0,29.939,75.6,63,70.1,5,7,171,74,0.0,255,32767,0.11,2090-9-18,0.0,0.52,26.6,0.0,0.0,0.0,0,4.822265625,6,45,05:40,20:21,2025-05-22 11:39:59.736781,Città della Scienza,67.6,8.641329,8.223576,7.164072,5.551693,EU EEA Common AQI,75.7,6.9396167,6.524887,7200,6.8985505,100,100,66.3,6.1333327,Very Low,74.7,7.110268,100,1747913400,Very Low,5.7312574,8.487399,Very Low,8.757365,63.3,8.956522,100,1747913400,7.6666665
2025-05-22T11:40:11Z,0,29.939,75.6,63,70.1,4,7,179,74,0.0,255,32767,0.11,2090-9-18,0.0,0.52,26.6,0.0,0.0,0.0,0,4.822265625,6,45,05:40,20:21,2025-05-22 11:40:10.856795,Città della Scienza,67.6,8.641329,8.223576,7.164072,5.551693,EU EEA Common AQI,75.7,6.9396167,6.524887,7200,6.8985505,100,100,66.3,6.1333327,Very Low,74.7,7.110268,100,1747913400,Very Low,5.7312574,8.487399,Very Low,8.757365,63.3,8.956522,100,1747913400,7.6666665
2025-05-22T11:40:22Z,0,29.939,75.6,63,70.1,9,7,187,74,0.0,255,32767,0.11,2090-9-18,0.0,0.52,26.6,0.0,0.0,0.0,0,4.822265625,6,45,05:40,20:21,2025-05-22 11:40:21.969797,Città della Scienza,67.6,8.641329,8.223576,7.164072,5.551693,EU EEA Common AQI,75.7,6.9396167,6.524887,7200,6.8985505,100,100,66.3,6.1333327,Very Low,74.7,7.110268,100,1747913400,Very Low,5.7312574,8.487399,Very Low,8.757365,63.3,8.956522,100,1747913400,7.6666665
2025-05-22T11:40:33Z,0,29.939,75.6,63,70.1,8,7,186,74,0.0,255,32767,0.11,2090-9-18,0.0,0.52,26.6,0.0,0.0,0.0,0,4.822265625,6,45,05:40,20:21,2025-05-22 11:40:33.122795,Città della Scienza,67.6,8.641329,8.223576,7.164072,5.551693,EU EEA Common AQI,75.7,6.9396167,6.524887,7200,6.8985505,100,100,66.3,6.1333327,Very Low,74.7,7.110268,100,1747913400,Very Low,5.7312574,8.487399,Very Low,8.757365,63.3,8.956522,100,1747913400,7.6666665
2025-05-22T11:40:44Z,0,29.939,75.6,63,70.2,10,7,186,74,0.0,255,32767,0.11,2090-9-18,0.0,0.52,26.6,0.0,0.0,0.0,0,4.822265625,6,45,05:40,20:21,2025-05-22 11:40:44.200795,Città della Scienza,67.6,8.641329,8.223576,7.164072,5.551693,EU EEA Common AQI,75.7,6.9396167,6.524887,7200,6.8985505,100,100,66.3,6.1333327,Very Low,74.7,7.110268,100,1747913400,Very Low,5.7312574,8.487399,Very Low,8.757365,63.3,8.956522,100,1747913400,7.6666665
2025-05-22T11:40:55Z,0,29.939,75.6,63,70.2,10,7,214,74,0.0,255,32767,0.11,2090-9-18,0.0,0.52,26.6,0.0,0.0,0.0,0,4.822265625,6,45,05:40,20:21,2025-05-22 11:40:55.308809,Città della Scienza,67.6,8.641329,8.223576,7.164072,5.551693,EU EEA Common AQI,75.7,6.9396167,6.524887,7200,6.8985505,100,100,66.3,6.1333327,Very Low,74.7,7.110268,100,1747913400,Very Low,5.7312574,8.487399,Very Low,8.757365,63.3,8.956522,100,1747913400,7.6666665
2025-05-22T11:41:06Z,0,29.939,75.6,63,70.2,10,7,192,74,0.0,255,32767,0.11,2090-9-18,0.0,0.52,26.6,0.0,0.0,0.0,0,4.822265625,6,45,05:40,20:21,2025-05-22 11:41:06.418753,Città della Scienza,67.6,8.641329,8.223576,7.164072,5.551693,EU EEA Common AQI,75.7,6.9396167,6.524887,7200,6.8985505,100,100,66.3,6.1333327,Very Low,74.7,7.110268,100,1747913400,Very Low,5.7312574,8.487399,Very Low,8.757365,63.3,8.956522,100,1747913400,7.6666665
2025-05-22T11:41:17Z,0,29.939,75.6,63,70.1,12,7,176,73,0.0,255,32767,0.11,2090-9-18,0.0,0.52,26.6,0.0,0.0,0.0,0,4.822265625,6,45,05:40,20:21,2025-05-22 11:41:17.499795,Città della Scienza,67.6,8.641329,8.223576,7.164072,5.551693,EU EEA Common AQI,75.7,6.9396167,6.524887,7200,6.8985505,100,100,66.3,6.1333327,Very Low,74.7,7.110268,100,1747913400,Very Low,5.7312574,8.487399,Very Low,8.757365,63.3,8.956522,100,1747913400,7.6666665
2025-05-22T11:41:28Z,0,29.939,75.6,63,70.1,6,7,182,73,0.0,255,32767,0.11,2090-9-18,0.0,0.52,26.6,0.0,0.0,0.0,0,4.822265625,6,45,05:40,20:21,2025-05-22 11:41:28.623798,Città della Scienza,67.6,8.641329,8.223576,7.164072,5.551693,EU EEA Common AQI,75.7,6.9396167,6.524887,7200,6.8985505,100,100,66.3,6.1333327,Very Low,74.7,7.110268,100,1747913400,Very Low,5.7312574,8.487399,Very Low,8.757365,63.3,8.956522,100,1747913400,7.6666665
2025-05-22T11:41:39Z,0,29.939,75.6,63,70.1,8,7,150,73,0.0,255,32767,0.11,2090-9-18,0.0,0.52,26.6,0.0,0.0,0.0,0,4.822265625,6,45,05:40,20:21,2025-05-22 11:41:39.703803,Città della Scienza,67.6,8.641329,8.223576,7.164072,5.551693,EU EEA Common AQI,75.7,6.9396167,6.524887,7200,6.8985505,100,100,66.3,6.1333327,Very Low,74.7,7.110268,100,1747913400,Very Low,5.7312574,8.487399,Very Low,8.757365,63.3,8.956522,100,1747913400,7.6666665
2025-05-22T11:41:51Z,0,29.939,75.6,63,70.1,7,7,169,73,0.0,255,32767,0.11,2090-9-18,0.0,0.52,26.6,0.0,0.0,0.0,0,4.822265625,6,45,05:40,20:21,2025-05-22 11:41:50.807796,Città della Scienza,67.6,8.641329,8.223576,7.164072,5.551693,EU EEA Common AQI,75.7,6.9396167,6.524887,7200,6.8985505,100,100,66.3,6.1333327,Very Low,74.7,7.110268,100,1747913400,Very Low,5.7312574,8.487399,Very Low,8.757365,63.3,8.956522,100,1747913400,7.6666665
2025-05-22T11:42:02Z,0,29.939,75.6,63,70.1,5,7,184,73,0.0,255,32767,0.11,2090-9-18,0.0,0.52,26.6,0.0,0.0,0.0,0,4.822265625,6,45,05:40,20:21,2025-05-22 11:42:01.930795,Città della Scienza,67.6,8.641329,8.223576,7.164072,5.551693,EU EEA Common AQI,75.7,6.9396167,6.524887,7200,6.8985505,100,100,66.3,6.1333327,Very Low,74.7,7.110268,100,1747913400,Very Low,5.7312574,8.487399,Very Low,8.757365,63.3,8.956522,100,1747913400,7.6666665
2025-05-22T11:42:13Z,0,29.939,75.6,63,70.1,8,7,190,73,0.0,255,32767,0.11,2090-9-18,0.0,0.52,26.6,0.0,0.0,0.0,0,4.822265625,6,45,05:40,20:21,2025-05-22 11:42:13.033792,Città della Scienza,67.6,8.641329,8.223576,7.164072,5.551693,EU EEA Common AQI,75.7,6.9396167,6.524887,7200,6.8985505,100,100,66.3,6.1333327,Very Low,74.7,7.110268,100,1747913400,Very Low,5.7312574,8.487399,Very Low,8.757365,63.3,8.956522,100,1747913400,7.6666665
2025-05-22T11:42:24Z,0,29.939,75.6,63,70.1,7,7,180,73,0.0,255,32767,0.11,2090-9-18,0.0,0.52,26.6,0.0,0.0,0.0,0,4.822265625,6,45,05:40,20:21,2025-05-22 11:42:24.142799,Città della Scienza,67.6,8.641329,8.223576,7.164072,5.551693,EU EEA Common AQI,75.7,6.9396167,6.524887,7200,6.8985505,100,100,66.3,6.1333327,Very Low,74.7,7.110268,100,1747913400,Very Low,5.7312574,8.487399,Very Low,8.757365,63.3,8.956522,100,1747913400,7.6666665
2025-05-22T11:42:35Z,0,29.94,75.6,63,70.1,10,7,168,73,0.0,255,32767,0.11,2090-9-18,0.0,0.52,26.6,0.0,0.0,0.0,0,4.822265625,6,45,05:40,20:21,2025-05-22 11:42:35.265781,Città della Scienza,67.6,8.641329,8.223576,7.164072,5.551693,EU EEA Common AQI,75.7,6.9396167,6.524887,7200,6.8985505,100,100,66.3,6.1333327,Very Low,74.7,7.110268,100,1747913400,Very Low,5.7312574,8.487399,Very Low,8.757365,63.3,8.956522,100,1747913400,7.6666665
2025-05-22T11:42:46Z,0,29.94,75.6,63,70.2,8,7,172,73,0.0,255,32767,0.11,2090-9-18,0.0,0.52,26.6,0.0,0.0,0.0,0,4.822265625,6,45,05:40,20:21,2025-05-22 11:42:46.369796,Città della Scienza,67.6,8.641329,8.223576,7.164072,5.551693,EU EEA Common AQI,75.7,6.9396167,6.524887,7200,6.8985505,100,100,66.3,6.1333327,Very Low,74.7,7.110268,100,1747913400,Very Low,5.7312574,8.487399,Very Low,8.757365,63.3,8.956522,100,1747913400,7.6666665
2025-05-22T11:42:57Z,0,29.94,75.6,63,70.2,9,7,196,73,0.0,255,32767,0.11,2090-9-18,0.0,0.52,26.6,0.0,0.0,0.0,0,4.822265625,6,45,05:40,20:21,2025-05-22 11:42:57.474802,Città della Scienza,67.6,8.641329,8.223576,7.164072,5.551693,EU EEA Common AQI,75.7,6.9396167,6.524887,7200,6.8985505,100,100,66.3,6.1333327,Very Low,74.7,7.110268,100,1747913400,Very Low,5.7312574,8.487399,Very Low,8.757365,63.3,8.956522,100,1747913400,7.6666665
2025-05-22T11:43:08Z,0,29.94,75.6,63,70.2,10,7,194,73,0.0,255,32767,0.11,2090-9-18,0.0,0.52,26.6,0.0,0.0,0.0,0,4.822265625,6,45,05:40,20:21,2025-05-22 11:43:08.560784,Città della Scienza,67.6,8.641329,8.223576,7.164072,5.551693,EU EEA Common AQI,75.7,6.9396167,6.524887,7200,6.8985505,100,100,66.3,6.1333327,Very Low,74.7,7.110268,100,1747913400,Very Low,5.7312574,8.487399,Very Low,8.757365,63.3,8.956522,100,1747913400,7.6666665
2025-05-22T11:43:19Z,0,29.94,75.6,63,70.1,6,7,182,73,0.0,255,32767,0.11,2090-9-18,0.0,0.52,26.6,0.0,0.0,0.0,0,4.822265625,6,45,05:40,20:21,2025-05-22 11:43:19.657790,Città della Scienza,67.6,8.641329,8.223576,7.164072,5.551693,EU EEA Common AQI,75.7,6.9396167,6.524887,7200,6.8985505,100,100,66.3,6.1333327,Very Low,74.7,7.110268,100,1747913400,Very Low,5.7312574,8.487399,Very Low,8.757365,63.3,8.956522,100,1747913400,7.6666665
2025-05-22T11:43:30Z,0,29.94,75.6,63,70.2,5,7,163,73,0.0,255,32767,0.11,2090-9-18,0.0,0.52,26.6,0.0,0.0,0.0,0,4.822265625,6,45,05:40,20:21,2025-05-22 11:43:30.773795,Città della Scienza,67.6,8.641329,8.223576,7.164072,5.551693,EU EEA Common AQI,75.7,6.9396167,6.524887,7200,6.8985505,100,100,66.3,6.1333327,Very Low,74.7,7.110268,100,1747913400,Very Low,5.7312574,8.487399,Very Low,8.757365,63.3,8.956522,100,1747913400,7.6666665
2025-05-22T11:43:42Z,0,29.941,75.6,63,70.2,11,7,184,73,0.0,255,32767,0.11,2090-9-18,0.0,0.52,26.6,0.0,0.0,0.0,0,4.822265625,6,45,05:40,20:21,2025-05-22 11:43:41.916766,Città della Scienza,67.6,8.641329,8.223576,7.164072,5.551693,EU EEA Common AQI,75.7,6.9396167,6.524887,7200,6.8985505,100,100,66.3,6.1333327,Very Low,74.7,7.110268,100,1747913400,Very Low,5.7312574,8.487399,Very Low,8.757365,63.3,8.956522,100,1747913400,7.6666665
2025-05-22T11:43:53Z,0,29.941,75.6,63,70.2,9,7,142,73,0.0,255,32767,0.11,2090-9-18,0.0,0.52,26.6,0.0,0.0,0.0,0,4.822265625,6,45,05:40,20:21,2025-05-22 11:43:53.015813,Città della Scienza,67.6,8.641329,8.223576,7.164072,5.551693,EU EEA Common AQI,75.7,6.9396167,6.524887,7200,6.8985505,100,100,66.3,6.1333327,Very Low,74.7,7.110268,100,1747913400,Very Low,5.7312574,8.487399,Very Low,8.757365,63.3,8.956522,100,1747913400,7.6666665
2025-05-22T11:44:04Z,0,29.941,75.6,63,70.2,8,7,213,73,0.0,255,32767,0.11,2090-9-18,0.0,0.52,26.6,0.0,0.0,0.0,0,4.822265625,6,45,05:40,20:21,2025-05-22 11:44:04.135801,Città della Scienza,67.6,8.641329,8.223576,7.164072,5.551693,EU EEA Common AQI,75.7,6.9396167,6.524887,7200,6.8985505,100,100,66.3,6.1333327,Very Low,74.7,7.110268,100,1747913400,Very Low,5.7312574,8.487399,Very Low,8.757365,63.3,8.956522,100,1747913400,7.6666665
2025-05-22T11:44:15Z,0,29.941,75.6,63,70.2,8,7,162,73,0.0,255,32767,0.11,2090-9-18,0.0,0.52,26.6,0.0,0.0,0.0,0,4.822265625,6,45,05:40,20:21,2025-05-22 11:44:15.230794,Città della Scienza,67.6,8.641329,8.223576,7.164072,5.551693,EU EEA Common AQI,75.7,6.9396167,6.524887,7200,6.8985505,100,100,66.3,6.1333327,Very Low,74.7,7.110268,100,1747913400,Very Low,5.7312574,8.487399,Very Low,8.757365,63.3,8.956522,100,1747913400,7.6666665
2025-05-22T11:44:26Z,0,29.941,75.6,63,70.3,7,7,188,73,0.0,255,32767,0.11,2090-9-18,0.0,0.52,26.6,0.0,0.0,0.0,0,4.822265625,6,45,05:40,20:21,2025-05-22 11:44:26.330796,Città della Scienza,67.6,8.641329,8.223576,7.164072,5.551693,EU EEA Common AQI,75.7,6.9396167,6.524887,7200,6.8985505,100,100,66.3,6.1333327,Very Low,74.7,7.110268,100,1747913400,Very Low,5.7312574,8.487399,Very Low,8.757365,63.3,8.956522,100,1747913400,7.6666665
2025-05-22T11:44:37Z,0,29.941,75.6,63,70.2,5,7,177,73,0.0,255,32767,0.11,2090-9-18,0.0,0.52,26.6,0.0,0.0,0.0,0,4.822265625,6,45,05:40,20:21,2025-05-22 11:44:37.432797,Città della Scienza,67.6,8.641329,8.223576,7.164072,5.551693,EU EEA Common AQI,75.7,6.9396167,6.524887,7200,6.8985505,100,100,66.3,6.1333327,Very Low,74.7,7.110268,100,1747913400,Very Low,5.7312574,8.487399,Very Low,8.757365,63.3,8.956522,100,1747913400,7.6666665
2025-05-22T11:44:48Z,0,29.941,75.6,63,70.2,9,7,182,74,0.0,255,32767,0.11,2090-9-18,0.0,0.52,26.6,0.0,0.0,0.0,0,4.822265625,6,45,05:40,20:21,2025-05-22 11:44:48.584799,Città della Scienza,67.6,8.641329,8.223576,7.164072,5.551693,EU EEA Common AQI,75.7,6.9396167,6.524887,7200,6.8985505,100,100,66.3,6.1333327,Very Low,74.7,7.110268,100,1747913400,Very Low,5.7312574,8.487399,Very Low,8.757365,63.3,8.956522,100,1747913400,7.6666665
2025-05-22T11:44:59Z,0,29.941,75.6,63,70.3,6,7,193,74,0.0,255,32767,0.11,2090-9-18,0.0,0.52,26.6,0.0,0.0,0.0,0,4.822265625,6,45,05:40,20:21,2025-05-22 11:44:59.703793,Città della Scienza,67.6,8.641329,8.223576,7.164072,5.551693,EU EEA Common AQI,75.7,6.9396167,6.524887,7200,6.8985505,100,100,66.3,6.1333327,Very Low,74.7,7.110268,100,1747913400,Very Low,5.7312574,8.487399,Very Low,8.757365,63.3,8.956522,100,1747913400,7.6666665
2025-05-22T11:45:10Z,0,29.941,75.6,63,70.4,8,7,188,74,0.0,255,32767,0.11,2090-9-18,0.0,0.52,26.6,0.0,0.0,0.0,0,4.822265625,6,45,05:40,20:21,2025-05-22 11:45:10.783796,Città della Scienza,67.6,8.641329,8.223576,7.164072,5.551693,EU EEA Common AQI,75.7,6.9396167,6.524887,7200,6.8985505,100,100,66.3,6.1333327,Very Low,74.7,7.110268,100,1747913400,Very Low,5.7312574,8.487399,Very Low,8.757365,63.3,8.956522,100,1747913400,7.6666665
2025-05-22T11:45:22Z,0,29.941,75.6,63,70.3,7,7,185,74,0.0,255,32767,0.11,2090-9-18,0.0,0.52,26.6,0.0,0.0,0.0,0,4.822265625,6,45,05:40,20:21,2025-05-22 11:45:21.870792,Città della Scienza,67.6,8.641329,8.223576,7.164072,5.551693,EU EEA Common AQI,75.7,6.9396167,6.524887,7200,6.8985505,100,100,66.3,6.1333327,Very Low,74.7,7.110268,100,1747913400,Very Low,5.7312574,8.487399,Very Low,8.757365,63.3,8.956522,100,1747913400,7.6666665
2025-05-22T11:45:33Z,0,29.941,75.6,63,70.3,11,7,183,74,0.0,255,32767,0.11,2090-9-18,0.0,0.52,26.6,0.0,0.0,0.0,0,4.822265625,6,45,05:40,20:21,2025-05-22 11:45:33.017795,Città della Scienza,64.6,8.638215,8.240551,7.084551,5.5327473,EU EEA Common AQI,76.3,6.9159346,6.54597,7200,5.4142857,100,100,66.1,5.028571,Very Low,75.5,7.107474,100,1747914300,Very Low,5.66764,8.46549,Very Low,8.679281,62.7,7.242857,100,1747914300,6.285714
2025-05-22T11:45:44Z,0,29.939,75.6,62,70.3,10,7,181,74,0.0,255,32767,0.11,2090-9-18,0.0,0.52,26.6,0.0,0.0,0.0,0,4.822265625,6,45,05:40,20:21,2025-05-22 11:45:44.133806,Città della Scienza,64.6,8.638215,8.240551,7.084551,5.5327473,EU EEA Common AQI,76.3,6.9159346,6.54597,7200,5.4142857,100,100,66.1,5.028571,Very Low,75.5,7.107474,100,1747914300,Very Low,5.66764,8.46549,Very Low,8.679281,62.7,7.242857,100,1747914300,6.285714
2025-05-22T11:45:55Z,0,29.939,75.6,62,70.3,10,7,179,74,0.0,255,32767,0.11,2090-9-18,0.0,0.52,26.6,0.0,0.0,0.0,0,4.822265625,6,45,05:40,20:21,2025-05-22 11:45:55.267799,Città della Scienza,64.6,8.638215,8.240551,7.084551,5.5327473,EU EEA Common AQI,76.3,6.9159346,6.54597,7200,5.4142857,100,100,66.1,5.028571,Very Low,75.5,7.107474,100,1747914300,Very Low,5.66764,8.46549,Very Low,8.679281,62.7,7.242857,100,1747914300,6.285714
2025-05-22T11:46:06Z,0,29.939,75.6,62,70.3,12,7,167,74,0.0,255,32767,0.11,2090-9-18,0.0,0.52,26.6,0.0,0.0,0.0,0,4.822265625,6,45,05:40,20:21,2025-05-22 11:46:06.344757,Città della Scienza,64.6,8.638215,8.240551,7.084551,5.5327473,EU EEA Common AQI,76.3,6.9159346,6.54597,7200,5.4142857,100,100,66.1,5.028571,Very Low,75.5,7.107474,100,1747914300,Very Low,5.66764,8.46549,Very Low,8.679281,62.7,7.242857,100,1747914300,6.285714
2025-05-22T11:46:17Z,0,29.939,75.6,62,70.2,9,7,184,74,0.0,255,32767,0.11,2090-9-18,0.0,0.52,26.6,0.0,0.0,0.0,0,4.822265625,6,45,05:40,20:21,2025-05-22 11:46:17.440793,Città della Scienza,64.6,8.638215,8.240551,7.084551,5.5327473,EU EEA Common AQI,76.3,6.9159346,6.54597,7200,5.4142857,100,100,66.1,5.028571,Very Low,75.5,7.107474,100,1747914300,Very Low,5.66764,8.46549,Very Low,8.679281,62.7,7.242857,100,1747914300,6.285714
2025-05-22T11:46:28Z,0,29.939,75.6,62,70.2,6,7,164,74,0.0,255,32767,0.11,2090-9-18,0.0,0.52,26.6,0.0,0.0,0.0,0,4.822265625,6,45,05:40,20:21,2025-05-22 11:46:28.540790,Città della Scienza,64.6,8.638215,8.240551,7.084551,5.5327473,EU EEA Common AQI,76.3,6.9159346,6.54597,7200,5.4142857,100,100,66.1,5.028571,Very Low,75.5,7.107474,100,1747914300,Very Low,5.66764,8.46549,Very Low,8.679281,62.7,7.242857,100,1747914300,6.285714
2025-05-22T11:46:39Z,0,29.939,75.7,62,70.2,8,8,172,74,0.0,255,32767,0.11,2090-9-18,0.0,0.52,26.6,0.0,0.0,0.0,0,4.822265625,6,45,05:40,20:21,2025-05-22 11:46:39.624792,Città della Scienza,64.6,8.638215,8.240551,7.084551,5.5327473,EU EEA Common AQI,76.3,6.9159346,6.54597,7200,5.4142857,100,100,66.1,5.028571,Very Low,75.5,7.107474,100,1747914300,Very Low,5.66764,8.46549,Very Low,8.679281,62.7,7.242857,100,1747914300,6.285714
2025-05-22T11:46:50Z,0,29.939,75.7,62,70.1,8,8,271,74,0.0,255,32767,0.11,2090-9-18,0.0,0.52,26.6,0.0,0.0,0.0,0,4.822265625,6,45,05:40,20:21,2025-05-22 11:46:50.719768,Città della Scienza,64.6,8.638215,8.240551,7.084551,5.5327473,EU EEA Common AQI,76.3,6.9159346,6.54597,7200,5.4142857,100,100,66.1,5.028571,Very Low,75.5,7.107474,100,1747914300,Very Low,5.66764,8.46549,Very Low,8.679281,62.7,7.242857,100,1747914300,6.285714
2025-05-22T11:47:02Z,0,29.939,75.7,62,70.1,5,8,166,74,0.0,255,32767,0.11,2090-9-18,0.0,0.52,26.6,0.0,0.0,0.0,0,4.822265625,6,45,05:40,20:21,2025-05-22 11:47:01.865802,Città della Scienza,64.6,8.638215,8.240551,7.084551,5.5327473,EU EEA Common AQI,76.3,6.9159346,6.54597,7200,5.4142857,100,100,66.1,5.028571,Very Low,75.5,7.107474,100,1747914300,Very Low,5.66764,8.46549,Very Low,8.679281,62.7,7.242857,100,1747914300,6.285714
2025-05-22T11:47:13Z,0,29.939,75.7,62,70.1,5,8,196,74,0.0,255,32767,0.11,2090-9-18,0.0,0.52,26.6,0.0,0.0,0.0,0,4.822265625,6,45,05:40,20:21,2025-05-22 11:47:12.971801,Città della Scienza,64.6,8.638215,8.240551,7.084551,5.5327473,EU EEA Common AQI,76.3,6.9159346,6.54597,7200,5.4142857,100,100,66.1,5.028571,Very Low,75.5,7.107474,100,1747914300,Very Low,5.66764,8.46549,Very Low,8.679281,62.7,7.242857,100,1747914300,6.285714
2025-05-22T11:47:24Z,0,29.939,75.7,62,70.1,9,8,167,74,0.0,255,32767,0.11,2090-9-18,0.0,0.52,26.6,0.0,0.0,0.0,0,4.822265625,6,45,05:40,20:21,2025-05-22 11:47:24.086802,Città della Scienza,64.6,8.638215,8.240551,7.084551,5.5327473,EU EEA Common AQI,76.3,6.9159346,6.54597,7200,5.4142857,100,100,66.1,5.028571,Very Low,75.5,7.107474,100,1747914300,Very Low,5.66764,8.46549,Very Low,8.679281,62.7,7.242857,100,1747914300,6.285714
2025-05-22T11:47:35Z,0,29.94,75.6,62,70.1,4,8,161,74,0.0,255,32767,0.11,2090-9-18,0.0,0.52,26.6,0.0,0.0,0.0,0,4.822265625,6,45,05:40,20:21,2025-05-22 11:47:35.187787,Città della Scienza,64.6,8.638215,8.240551,7.084551,5.5327473,EU EEA Common AQI,76.3,6.9159346,6.54597,7200,5.4142857,100,100,66.1,5.028571,Very Low,75.5,7.107474,100,1747914300,Very Low,5.66764,8.46549,Very Low,8.679281,62.7,7.242857,100,1747914300,6.285714
2025-05-22T11:47:46Z,0,29.94,75.6,62,70.1,6,8,158,74,0.0,255,32767,0.11,2090-9-18,0.0,0.52,26.6,0.0,0.0,0.0,0,4.822265625,6,45,05:40,20:21,2025-05-22 11:47:46.293793,Città della Scienza,64.6,8.638215,8.240551,7.084551,5.5327473,EU EEA Common AQI,76.3,6.9159346,6.54597,7200,5.4142857,100,100,66.1,5.028571,Very Low,75.5,7.107474,100,1747914300,Very Low,5.66764,8.46549,Very Low,8.679281,62.7,7.242857,100,1747914300,6.285714
2025-05-22T11:47:57Z,0,29.94,75.6,62,70.1,5,8,167,74,0.0,255,32767,0.11,2090-9-18,0.0,0.52,26.6,0.0,0.0,0.0,0,4.822265625,6,45,05:40,20:21,2025-05-22 11:47:57.419800,Città della Scienza,64.6,8.638215,8.240551,7.084551,5.5327473,EU EEA Common AQI,76.3,6.9159346,6.54597,7200,5.4142857,100,100,66.1,5.028571,Very Low,75.5,7.107474,100,1747914300,Very Low,5.66764,8.46549,Very Low,8.679281,62.7,7.242857,100,1747914300,6.285714
2025-05-22T11:48:08Z,0,29.94,75.6,62,70.1,7,8,155,74,0.0,255,32767,0.11,2090-9-18,0.0,0.52,26.6,0.0,0.0,0.0,0,4.822265625,6,45,05:40,20:21,2025-05-22 11:48:08.522792,Città della Scienza,64.6,8.638215,8.240551,7.084551,5.5327473,EU EEA Common AQI,76.3,6.9159346,6.54597,7200,5.4142857,100,100,66.1,5.028571,Very Low,75.5,7.107474,100,1747914300,Very Low,5.66764,8.46549,Very Low,8.679281,62.7,7.242857,100,1747914300,6.285714
2025-05-22T11:48:19Z,0,29.94,75.6,62,70.1,5,8,186,74,0.0,255,32767,0.11,2090-9-18,0.0,0.52,26.6,0.0,0.0,0.0,0,4.822265625,6,45,05:40,20:21,2025-05-22 11:48:19.597324,Città della Scienza,64.6,8.638215,8.240551,7.084551,5.5327473,EU EEA Common AQI,76.3,6.9159346,6.54597,7200,5.4142857,100,100,66.1,5.028571,Very Low,75.5,7.107474,100,1747914300,Very Low,5.66764,8.46549,Very Low,8.679281,62.7,7.242857,100,1747914300,6.285714
2025-05-22T11:48:30Z,0,29.94,75.6,62,70.1,8,8,173,74,0.0,255,32767,0.11,2090-9-18,0.0,0.52,26.6,0.0,0.0,0.0,0,4.822265625,6,45,05:40,20:21,2025-05-22 11:48:30.719773,Città della Scienza,64.6,8.638215,8.240551,7.084551,5.5327473,EU EEA Common AQI,76.3,6.9159346,6.54597,7200,5.4142857,100,100,66.1,5.028571,Very Low,75.5,7.107474,100,1747914300,Very Low,5.66764,8.46549,Very Low,8.679281,62.7,7.242857,100,1747914300,6.285714
2025-05-22T11:48:42Z,0,29.939,75.7,62,70.1,10,8,163,74,0.0,255,32767,0.11,2090-9-18,0.0,0.52,26.6,0.0,0.0,0.0,0,4.822265625,6,45,05:40,20:21,2025-05-22 11:48:41.808790,Città della Scienza,64.6,8.638215,8.240551,7.084551,5.5327473,EU EEA Common AQI,76.3,6.9159346,6.54597,7200,5.4142857,100,100,66.1,5.028571,Very Low,75.5,7.107474,100,1747914300,Very Low,5.66764,8.46549,Very Low,8.679281,62.7,7.242857,100,1747914300,6.285714
2025-05-22T11:48:53Z,0,29.939,75.7,62,70.1,8,8,158,74,0.0,255,32767,0.11,2090-9-18,0.0,0.52,26.6,0.0,0.0,0.0,0,4.822265625,6,45,05:40,20:21,2025-05-22 11:48:52.905810,Città della Scienza,64.6,8.638215,8.240551,7.084551,5.5327473,EU EEA Common AQI,76.3,6.9159346,6.54597,7200,5.4142857,100,100,66.1,5.028571,Very Low,75.5,7.107474,100,1747914300,Very Low,5.66764,8.46549,Very Low,8.679281,62.7,7.242857,100,1747914300,6.285714
2025-05-22T11:49:04Z,0,29.939,75.7,62,70.1,7,8,173,74,0.0,255,32767,0.11,2090-9-18,0.0,0.52,26.6,0.0,0.0,0.0,0,4.822265625,6,45,05:40,20:21,2025-05-22 11:49:04.047794,Città della Scienza,64.6,8.638215,8.240551,7.084551,5.5327473,EU EEA Common AQI,76.3,6.9159346,6.54597,7200,5.4142857,100,100,66.1,5.028571,Very Low,75.5,7.107474,100,1747914300,Very Low,5.66764,8.46549,Very Low,8.679281,62.7,7.242857,100,1747914300,6.285714
2025-05-22T11:49:15Z,0,29.939,75.7,62,70.1,10,8,173,73,0.0,255,32767,0.11,2090-9-18,0.0,0.52,26.6,0.0,0.0,0.0,0,4.822265625,6,45,05:40,20:21,2025-05-22 11:49:15.161755,Città della Scienza,64.6,8.638215,8.240551,7.084551,5.5327473,EU EEA Common AQI,76.3,6.9159346,6.54597,7200,5.4142857,100,100,66.1,5.028571,Very Low,75.5,7.107474,100,1747914300,Very Low,5.66764,8.46549,Very Low,8.679281,62.7,7.242857,100,1747914300,6.285714
2025-05-22T11:49:26Z,0,29.939,75.7,62,70.0,11,8,163,73,0.0,255,32767,0.11,2090-9-18,0.0,0.52,26.6,0.0,0.0,0.0,0,4.822265625,6,45,05:40,20:21,2025-05-22 11:49:26.283795,Città della Scienza,64.6,8.638215,8.240551,7.084551,5.5327473,EU EEA Common AQI,76.3,6.9159346,6.54597,7200,5.4142857,100,100,66.1,5.028571,Very Low,75.5,7.107474,100,1747914300,Very Low,5.66764,8.46549,Very Low,8.679281,62.7,7.242857,100,1747914300,6.285714
2025-05-22T11:49:37Z,0,29.937,75.6,62,70.0,10,8,174,73,0.0,255,32767,0.11,2090-9-18,0.0,0.52,26.6,0.0,0.0,0.0,0,4.822265625,6,45,05:40,20:21,2025-05-22 11:49:37.422798,Città della Scienza,64.6,8.638215,8.240551,7.084551,5.5327473,EU EEA Common AQI,76.3,6.9159346,6.54597,7200,5.4142857,100,100,66.1,5.028571,Very Low,75.5,7.107474,100,1747914300,Very Low,5.66764,8.46549,Very Low,8.679281,62.7,7.242857,100,1747914300,6.285714
2025-05-22T11:49:48Z,0,29.937,75.6,62,70.0,10,8,170,73,0.0,255,32767,0.11,2090-9-18,0.0,0.52,26.6,0.0,0.0,0.0,0,4.822265625,6,45,05:40,20:21,2025-05-22 11:49:48.536794,Città della Scienza,64.6,8.638215,8.240551,7.084551,5.5327473,EU EEA Common AQI,76.3,6.9159346,6.54597,7200,5.4142857,100,100,66.1,5.028571,Very Low,75.5,7.107474,100,1747914300,Very Low,5.66764,8.46549,Very Low,8.679281,62.7,7.242857,100,1747914300,6.285714
2025-05-22T11:49:59Z,0,29.937,75.6,62,70.0,6,8,184,73,0.0,255,32767,0.11,2090-9-18,0.0,0.52,26.6,0.0,0.0,0.0,0,4.822265625,6,45,05:40,20:21,2025-05-22 11:49:59.637799,Città della Scienza,64.6,8.638215,8.240551,7.084551,5.5327473,EU EEA Common AQI,76.3,6.9159346,6.54597,7200,5.4142857,100,100,66.1,5.028571,Very Low,75.5,7.107474,100,1747914300,Very Low,5.66764,8.46549,Very Low,8.679281,62.7,7.242857,100,1747914300,6.285714
2025-05-22T11:50:10Z,0,29.937,75.6,62,69.9,8,8,192,73,0.0,255,32767,0.11,2090-9-18,0.0,0.52,26.6,0.0,0.0,0.0,0,4.822265625,6,45,05:40,20:21,2025-05-22 11:50:10.768803,Città della Scienza,64.6,8.638215,8.240551,7.084551,5.5327473,EU EEA Common AQI,76.3,6.9159346,6.54597,7200,5.4142857,100,100,66.1,5.028571,Very Low,75.5,7.107474,100,1747914300,Very Low,5.66764,8.46549,Very Low,8.679281,62.7,7.242857,100,1747914300,6.285714
2025-05-22T11:50:22Z,0,29.937,75.6,62,69.9,5,8,158,73,0.0,255,32767,0.11,2090-9-18,0.0,0.52,26.6,0.0,0.0,0.0,0,4.822265625,6,45,05:40,20:21,2025-05-22 11:50:21.888797,Città della Scienza,64.6,8.638215,8.240551,7.084551,5.5327473,EU EEA Common AQI,76.3,6.9159346,6.54597,7200,5.4142857,100,100,66.1,5.028571,Very Low,75.5,7.107474,100,1747914300,Very Low,5.66764,8.46549,Very Low,8.679281,62.7,7.242857,100,1747914300,6.285714
2025-05-22T11:50:33Z,0,29.937,75.6,62,70.0,5,8,163,73,0.0,255,32767,0.11,2090-9-18,0.0,0.52,26.6,0.0,0.0,0.0,0,4.822265625,6,45,05:40,20:21,2025-05-22 11:50:32.977774,Città della Scienza,64.6,8.638215,8.240551,7.084551,5.5327473,EU EEA Common AQI,76.3,6.9159346,6.54597,7200,5.4142857,100,100,66.1,5.028571,Very Low,75.5,7.107474,100,1747914300,Very Low,5.66764,8.46549,Very Low,8.679281,62.7,7.242857,100,1747914300,6.285714
2025-05-22T11:50:44Z,0,29.937,75.6,62,70.0,8,8,184,73,0.0,255,32767,0.11,2090-9-18,0.0,0.52,26.6,0.0,0.0,0.0,0,4.822265625,6,45,05:40,20:21,2025-05-22 11:50:44.081783,Città della Scienza,64.6,8.638215,8.240551,7.084551,5.5327473,EU EEA Common AQI,76.3,6.9159346,6.54597,7200,5.4142857,100,100,66.1,5.028571,Very Low,75.5,7.107474,100,1747914300,Very Low,5.66764,8.46549,Very Low,8.679281,62.7,7.242857,100,1747914300,6.285714
2025-05-22T11:50:55Z,0,29.937,75.6,62,70.0,9,8,188,74,0.0,255,32767,0.11,2090-9-18,0.0,0.52,26.6,0.0,0.0,0.0,0,4.822265625,6,45,05:40,20:21,2025-05-22 11:50:55.179791,Città della Scienza,64.6,8.638215,8.240551,7.084551,5.5327473,EU EEA Common AQI,76.3,6.9159346,6.54597,7200,5.4142857,100,100,66.1,5.028571,Very Low,75.5,7.107474,100,1747914300,Very Low,5.66764,8.46549,Very Low,8.679281,62.7,7.242857,100,1747914300,6.285714
2025-05-22T11:51:06Z,0,29.937,75.6,62,70.0,6,8,200,74,0.0,255,32767,0.11,2090-9-18,0.0,0.52,26.6,0.0,0.0,0.0,0,4.822265625,6,45,05:40,20:21,2025-05-22 11:51:06.315794,Città della Scienza,64.6,8.638215,8.240551,7.084551,5.5327473,EU EEA Common AQI,76.3,6.9159346,6.54597,7200,5.4142857,100,100,66.1,5.028571,Very Low,75.5,7.107474,100,1747914300,Very Low,5.66764,8.46549,Very Low,8.679281,62.7,7.242857,100,1747914300,6.285714
2025-05-22T11:51:17Z,0,29.937,75.6,62,70.0,9,8,187,74,0.0,255,32767,0.11,2090-9-18,0.0,0.52,26.6,0.0,0.0,0.0,0,4.822265625,6,45,05:40,20:21,2025-05-22 11:51:17.459795,Città della Scienza,64.6,8.638215,8.240551,7.084551,5.5327473,EU EEA Common AQI,76.3,6.9159346,6.54597,7200,5.4142857,100,100,66.1,5.028571,Very Low,75.5,7.107474,100,1747914300,Very Low,5.66764,8.46549,Very Low,8.679281,62.7,7.242857,100,1747914300,6.285714
2025-05-22T11:51:28Z,0,29.937,75.6,62,70.0,8,8,205,74,0.0,255,32767,0.11,2090-9-18,0.0,0.52,26.6,0.0,0.0,0.0,0,4.822265625,6,45,05:40,20:21,2025-05-22 11:51:28.567764,Città della Scienza,64.6,8.638215,8.240551,7.084551,5.5327473,EU EEA Common AQI,76.3,6.9159346,6.54597,7200,5.4142857,100,100,66.1,5.028571,Very Low,75.5,7.107474,100,1747914300,Very Low,5.66764,8.46549,Very Low,8.679281,62.7,7.242857,100,1747914300,6.285714
2025-05-22T11:51:39Z,0,29.937,75.6,62,70.0,10,8,183,74,0.0,255,32767,0.11,2090-9-18,0.0,0.52,26.6,0.0,0.0,0.0,0,4.822265625,6,45,05:40,20:21,2025-05-22 11:51:39.666794,Città della Scienza,64.6,8.638215,8.240551,7.084551,5.5327473,EU EEA Common AQI,76.3,6.9159346,6.54597,7200,5.4142857,100,100,66.1,5.028571,Very Low,75.5,7.107474,100,1747914300,Very Low,5.66764,8.46549,Very Low,8.679281,62.7,7.242857,100,1747914300,6.285714
2025-05-22T11:51:50Z,0,29.937,75.6,62,70.0,10,8,179,74,0.0,255,32767,0.11,2090-9-18,0.0,0.52,26.6,0.0,0.0,0.0,0,4.822265625,6,45,05:40,20:21,2025-05-22 11:51:50.744810,Città della Scienza,64.6,8.638215,8.240551,7.084551,5.5327473,EU EEA Common AQI,76.3,6.9159346,6.54597,7200,5.4142857,100,100,66.1,5.028571,Very Low,75.5,7.107474,100,1747914300,Very Low,5.66764,8.46549,Very Low,8.679281,62.7,7.242857,100,1747914300,6.285714
2025-05-22T11:52:02Z,0,29.937,75.6,62,70.0,5,8,147,74,0.0,255,32767,0.11,2090-9-18,0.0,0.52,26.6,0.0,0.0,0.0,0,4.822265625,6,45,05:40,20:21,2025-05-22 11:52:01.871794,Città della Scienza,64.6,8.638215,8.240551,7.084551,5.5327473,EU EEA Common AQI,76.3,6.9159346,6.54597,7200,5.4142857,100,100,66.1,5.028571,Very Low,75.5,7.107474,100,1747914300,Very Low,5.66764,8.46549,Very Low,8.679281,62.7,7.242857,100,1747914300,6.285714
2025-05-22T11:52:13Z,0,29.937,75.6,62,69.9,11,8,190,74,0.0,255,32767,0.11,2090-9-18,0.0,0.52,26.6,0.0,0.0,0.0,0,4.822265625,6,45,05:40,20:21,2025-05-22 11:52:12.965755,Città della Scienza,64.6,8.638215,8.240551,7.084551,5.5327473,EU EEA Common AQI,76.3,6.9159346,6.54597,7200,5.4142857,100,100,66.1,5.028571,Very Low,75.5,7.107474,100,1747914300,Very Low,5.66764,8.46549,Very Low,8.679281,62.7,7.242857,100,1747914300,6.285714
2025-05-22T11:52:24Z,0,29.937,75.6,62,69.9,10,8,173,74,0.0,255,32767,0.11,2090-9-18,0.0,0.52,26.6,0.0,0.0,0.0,0,4.822265625,6,45,05:40,20:21,2025-05-22 11:52:24.093792,Città della Scienza,64.6,8.638215,8.240551,7.084551,5.5327473,EU EEA Common AQI,76.3,6.9159346,6.54597,7200,5.4142857,100,100,66.1,5.028571,Very Low,75.5,7.107474,100,1747914300,Very Low,5.66764,8.46549,Very Low,8.679281,62.7,7.242857,100,1747914300,6.285714
2025-05-22T11:52:35Z,0,29.936,75.6,62,69.9,10,8,173,74,0.0,255,32767,0.11,2090-9-18,0.0,0.52,26.6,0.0,0.0,0.0,0,4.822265625,6,45,05:40,20:21,2025-05-22 11:52:35.200795,Città della Scienza,64.6,8.638215,8.240551,7.084551,5.5327473,EU EEA Common AQI,76.3,6.9159346,6.54597,7200,5.4142857,100,100,66.1,5.028571,Very Low,75.5,7.107474,100,1747914300,Very Low,5.66764,8.46549,Very Low,8.679281,62.7,7.242857,100,1747914300,6.285714
2025-05-22T11:52:46Z,0,29.936,75.6,62,69.9,6,8,190,74,0.0,255,32767,0.11,2090-9-18,0.0,0.52,26.6,0.0,0.0,0.0,0,4.822265625,6,45,05:40,20:21,2025-05-22 11:52:46.320805,Città della Scienza,64.6,8.638215,8.240551,7.084551,5.5327473,EU EEA Common AQI,76.3,6.9159346,6.54597,7200,5.4142857,100,100,66.1,5.028571,Very Low,75.5,7.107474,100,1747914300,Very Low,5.66764,8.46549,Very Low,8.679281,62.7,7.242857,100,1747914300,6.285714
2025-05-22T11:52:57Z,0,29.936,75.6,62,69.9,8,8,187,74,0.0,255,32767,0.11,2090-9-18,0.0,0.52,26.6,0.0,0.0,0.0,0,4.822265625,6,45,05:40,20:21,2025-05-22 11:52:57.412804,Città della Scienza,64.6,8.638215,8.240551,7.084551,5.5327473,EU EEA Common AQI,76.3,6.9159346,6.54597,7200,5.4142857,100,100,66.1,5.028571,Very Low,75.5,7.107474,100,1747914300,Very Low,5.66764,8.46549,Very Low,8.679281,62.7,7.242857,100,1747914300,6.285714
2025-05-22T11:53:08Z,0,29.936,75.6,62,69.8,7,8,186,74,0.0,255,32767,0.11,2090-9-18,0.0,0.52,26.6,0.0,0.0,0.0,0,4.822265625,6,45,05:40,20:21,2025-05-22 11:53:08.526802,Città della Scienza,64.6,8.638215,8.240551,7.084551,5.5327473,EU EEA Common AQI,76.3,6.9159346,6.54597,7200,5.4142857,100,100,66.1,5.028571,Very Low,75.5,7.107474,100,1747914300,Very Low,5.66764,8.46549,Very Low,8.679281,62.7,7.242857,100,1747914300,6.285714
2025-05-22T11:53:19Z,0,29.936,75.6,62,69.9,5,8,178,74,0.0,255,32767,0.11,2090-9-18,0.0,0.52,26.6,0.0,0.0,0.0,0,4.822265625,6,45,05:40,20:21,2025-05-22 11:53:19.644797,Città della Scienza,64.6,8.638215,8.240551,7.084551,5.5327473,EU EEA Common AQI,76.3,6.9159346,6.54597,7200,5.4142857,100,100,66.1,5.028571,Very Low,75.5,7.107474,100,1747914300,Very Low,5.66764,8.46549,Very Low,8.679281,62.7,7.242857,100,1747914300,6.285714
2025-05-22T11:53:30Z,0,29.936,75.6,62,69.9,8,8,194,74,0.0,255,32767,0.11,2090-9-18,0.0,0.52,26.6,0.0,0.0,0.0,0,4.822265625,6,45,05:40,20:21,2025-05-22 11:53:30.751801,Città della Scienza,64.6,8.638215,8.240551,7.084551,5.5327473,EU EEA Common AQI,76.3,6.9159346,6.54597,7200,5.4142857,100,100,66.1,5.028571,Very Low,75.5,7.107474,100,1747914300,Very Low,5.66764,8.46549,Very Low,8.679281,62.7,7.242857,100,1747914300,6.285714
2025-05-22T11:53:42Z,0,29.936,75.7,62,69.9,9,8,169,74,0.0,255,32767,0.11,2090-9-18,0.0,0.52,26.6,0.0,0.0,0.0,0,4.822265625,6,45,05:40,20:21,2025-05-22 11:53:41.843796,Città della Scienza,64.6,8.638215,8.240551,7.084551,5.5327473,EU EEA Common AQI,76.3,6.9159346,6.54597,7200,5.4142857,100,100,66.1,5.028571,Very Low,75.5,7.107474,100,1747914300,Very Low,5.66764,8.46549,Very Low,8.679281,62.7,7.242857,100,1747914300,6.285714
2025-05-22T11:53:53Z,0,29.936,75.7,62,69.9,4,8,213,74,0.0,255,32767,0.11,2090-9-18,0.0,0.52,26.6,0.0,0.0,0.0,0,4.822265625,6,45,05:40,20:21,2025-05-22 11:53:52.940806,Città della Scienza,64.6,8.638215,8.240551,7.084551,5.5327473,EU EEA Common AQI,76.3,6.9159346,6.54597,7200,5.4142857,100,100,66.1,5.028571,Very Low,75.5,7.107474,100,1747914300,Very Low,5.66764,8.46549,Very Low,8.679281,62.7,7.242857,100,1747914300,6.285714
2025-05-22T11:54:04Z,0,29.936,75.7,62,69.9,8,8,179,74,0.0,255,32767,0.11,2090-9-18,0.0,0.52,26.6,0.0,0.0,0.0,0,4.822265625,6,45,05:40,20:21,2025-05-22 11:54:04.063790,Città della Scienza,64.6,8.638215,8.240551,7.084551,5.5327473,EU EEA Common AQI,76.3,6.9159346,6.54597,7200,5.4142857,100,100,66.1,5.028571,Very Low,75.5,7.107474,100,1747914300,Very Low,5.66764,8.46549,Very Low,8.679281,62.7,7.242857,100,1747914300,6.285714
2025-05-22T11:54:15Z,0,29.936,75.7,62,69.9,8,8,217,74,0.0,255,32767,0.11,2090-9-18,0.0,0.52,26.6,0.0,0.0,0.0,0,4.822265625,6,45,05:40,20:21,2025-05-22 11:54:15.166795,Città della Scienza
2025-05-22T11:54:26Z,0,29.936,75.7,62,69.9,10,8,175,73,0.0,255,32767,0.11,2090-9-18,0.0,0.52,26.6,0.0,0.0,0.0,0,4.822265625,6,45,05:40,20:21,2025-05-22 11:54:26.282793,Città della Scienza
2025-05-22T11:54:37Z,0,29.937,75.6,62,69.9,4,8,209,73,0.0,255,32767,0.11,2090-9-18,0.0,0.52,26.6,0.0,0.0,0.0,0,4.822265625,6,45,05:40,20:21,2025-05-22 11:54:37.336790,Città della Scienza
2025-05-22T11:54:48Z,0,29.937,75.6,62,69.9,7,8,204,73,0.0,255,32767,0.11,2090-9-18,0.0,0.52,26.6,0.0,0.0,0.0,0,4.822265625,6,45,05:40,20:21,2025-05-22 11:54:48.422796,Città della Scienza
2025-05-22T11:54:59Z,0,29.937,75.6,62,69.9,10,8,286,73,0.0,255,32767,0.11,2090-9-18,0.0,0.52,26.6,0.0,0.0,0.0,0,4.822265625,6,45,05:40,20:21,2025-05-22 11:54:59.525793,Città della Scienza
2025-05-22T11:55:10Z,0,29.937,75.6,62,69.9,9,8,185,73,0.0,255,32767,0.11,2090-9-18,0.0,0.52,26.6,0.0,0.0,0.0,0,4.822265625,6,45,05:40,20:21,2025-05-22 11:55:10.628820,Città della Scienza
2025-05-22T11:55:21Z,0,29.937,75.6,62,69.9,7,8,204,73,0.0,255,32767,0.11,2090-9-18,0.0,0.52,26.6,0.0,0.0,0.0,0,4.822265625,6,45,05:40,20:21,2025-05-22 11:55:21.718796,Città della Scienza
2025-05-22T11:55:33Z,0,29.937,75.6,62,70.0,4,8,194,73,0.0,255,32767,0.11,2090-9-18,0.0,0.52,26.6,0.0,0.0,0.0,0,4.822265625,6,45,05:40,20:21,2025-05-22 11:55:33.004791,Città della Scienza
2025-05-22T11:55:44Z,0,29.939,75.7,62,70.0,6,8,197,73,0.0,255,32767,0.11,2090-9-18,0.0,0.52,26.6,0.0,0.0,0.0,0,4.822265625,6,45,05:40,20:21,2025-05-22 11:55:44.134797,Città della Scienza
2025-05-22T11:55:55Z,0,29.939,75.7,62,70.0,8,8,191,73,0.0,255,32767,0.11,2090-9-18,0.0,0.52,26.6,0.0,0.0,0.0,0,4.822265625,6,45,05:40,20:21,2025-05-22 11:55:55.219797,Città della Scienza
2025-05-22T11:56:06Z,0,29.939,75.7,62,69.9,10,8,178,73,0.0,255,32767,0.11,2090-9-18,0.0,0.52,26.6,0.0,0.0,0.0,0,4.822265625,6,45,05:40,20:21,2025-05-22 11:56:06.292829,Città della Scienza
2025-05-22T11:56:17Z,0,29.939,75.7,62,70.0,7,8,227,74,0.0,255,32767,0.11,2090-9-18,0.0,0.52,26.6,0.0,0.0,0.0,0,4.822265625,6,45,05:40,20:21,2025-05-22 11:56:17.397792,Città della Scienza
2025-05-22T11:56:28Z,0,29.939,75.7,62,70.0,5,8,169,74,0.0,255,32767,0.11,2090-9-18,0.0,0.52,26.6,0.0,0.0,0.0,0,4.822265625,6,45,05:40,20:21,2025-05-22 11:56:28.461796,Città della Scienza,64.6,8.638215,8.240551,7.084551,5.5327473,EU EEA Common AQI,76.3,6.9159346,6.54597,7200,5.4142857,100,100,66.1,5.028571,Very Low,75.5,7.107474,100,1747914300,Very Low,5.66764,8.46549,Very Low,8.679281,62.7,7.242857,100,1747914300,6.285714
2025-05-22T11:56:39Z,0,29.938,75.6,62,70.0,7,7,286,74,0.0,255,32767,0.11,2090-9-18,0.0,0.52,26.6,0.0,0.0,0.0,0,4.822265625,6,45,05:40,20:21,2025-05-22 11:56:39.579793,Città della Scienza
2025-05-22T11:56:50Z,0,29.938,75.6,62,70.0,6,7,167,74,0.0,255,32767,0.11,2090-9-18,0.0,0.52,26.6,0.0,0.0,0.0,0,4.822265625,6,45,05:40,20:21,2025-05-22 11:56:50.692816,Città della Scienza
2025-05-22T11:57:02Z,0,29.938,75.6,62,70.0,8,7,167,74,0.0,255,32767,0.11,2090-9-18,0.0,0.52,26.6,0.0,0.0,0.0,0,4.822265625,6,45,05:40,20:21,2025-05-22 11:57:01.799788,Città della Scienza
2025-05-22T11:57:13Z,0,29.938,75.6,62,70.0,4,7,196,74,0.0,255,32767,0.11,2090-9-18,0.0,0.52,26.6,0.0,0.0,0.0,0,4.822265625,6,45,05:40,20:21,2025-05-22 11:57:12.894804,Città della Scienza
2025-05-22T11:57:24Z,0,29.938,75.6,62,70.1,6,7,175,74,0.0,255,32767,0.11,2090-9-18,0.0,0.52,26.6,0.0,0.0,0.0,0,4.822265625,6,45,05:40,20:21,2025-05-22 11:57:23.979792,Città della Scienza
2025-05-22T11:57:35Z,0,29.938,75.7,62,70.1,8,7,183,74,0.0,255,32767,0.11,2090-9-18,0.0,0.52,26.6,0.0,0.0,0.0,0,4.822265625,6,45,05:40,20:21,2025-05-22 11:57:35.089789,Città della Scienza
2025-05-22T11:57:46Z,0,29.938,75.7,62,70.1,7,7,187,74,0.0,255,32767,0.11,2090-9-18,0.0,0.52,26.6,0.0,0.0,0.0,0,4.822265625,6,45,05:40,20:21,2025-05-22 11:57:46.182798,Città della Scienza
2025-05-22T11:57:57Z,0,29.938,75.7,62,70.1,4,7,274,74,0.0,255,32767,0.11,2090-9-18,0.0,0.52,26.6,0.0,0.0,0.0,0,4.822265625,6,45,05:40,20:21,2025-05-22 11:57:57.266794,Città della Scienza
2025-05-22T11:58:08Z,0,29.938,75.7,62,70.1,11,7,183,74,0.0,255,32767,0.11,2090-9-18,0.0,0.52,26.6,0.0,0.0,0.0,0,4.822265625,6,45,05:40,20:21,2025-05-22 11:58:08.357790,Città della Scienza
2025-05-22T11:58:19Z,0,29.938,75.7,62,70.1,10,7,184,74,0.0,255,32767,0.11,2090-9-18,0.0,0.52,26.6,0.0,0.0,0.0,0,4.822265625,6,45,05:40,20:21,2025-05-22 11:58:19.444787,Città della Scienza
2025-05-22T11:58:30Z,0,29.938,75.7,62,70.1,9,7,169,74,0.0,255,32767,0.11,2090-9-18,0.0,0.52,26.6,0.0,0.0,0.0,0,4.822265625,6,45,05:40,20:21,2025-05-22 11:58:30.541800,Città della Scienza
2025-05-22T11:58:41Z,0,29.938,75.6,62,70.2,8,8,198,74,0.0,255,32767,0.11,2090-9-18,0.0,0.52,26.6,0.0,0.0,0.0,0,4.822265625,6,45,05:40,20:21,2025-05-22 11:58:41.667787,Città della Scienza
2025-05-22T11:58:52Z,0,29.938,75.6,62,70.1,8,8,188,73,0.0,255,32767,0.11,2090-9-18,0.0,0.52,26.6,0.0,0.0,0.0,0,4.822265625,6,45,05:40,20:21,2025-05-22 11:58:52.745789,Città della Scienza
2025-05-22T11:59:04Z,0,29.938,75.6,62,70.2,4,8,347,73,0.0,255,32767,0.11,2090-9-18,0.0,0.52,26.6,0.0,0.0,0.0,0,4.822265625,6,45,05:40,20:21,2025-05-22 11:59:03.827791,Città della Scienza
2025-05-22T11:59:15Z,0,29.938,75.6,62,70.2,8,8,178,73,0.0,255,32767,0.11,2090-9-18,0.0,0.52,26.6,0.0,0.0,0.0,0,4.822265625,6,45,05:40,20:21,2025-05-22 11:59:14.951788,Città della Scienza
2025-05-22T11:59:26Z,0,29.938,75.6,62,70.2,7,8,158,73,0.0,255,32767,0.11,2090-9-18,0.0,0.52,26.6,0.0,0.0,0.0,0,4.822265625,6,45,05:40,20:21,2025-05-22 11:59:26.077787,Città della Scienza
2025-05-22T11:59:37Z,0,29.936,75.6,62,70.2,8,7,196,73,0.0,255,32767,0.11,2090-9-18,0.0,0.52,26.6,0.0,0.0,0.0,0,4.822265625,6,45,05:40,20:21,2025-05-22 11:59:37.206793,Città della Scienza
2025-05-22T11:59:48Z,0,29.936,75.6,62,70.2,7,7,192,73,0.0,255,32767,0.11,2090-9-18,0.0,0.52,26.6,0.0,0.0,0.0,0,4.822265625,6,45,05:40,20:21,2025-05-22 11:59:48.312788,Città della Scienza
2025-05-22T11:59:59Z,0,29.936,75.6,62,70.2,10,7,257,73,0.0,255,32767,0.11,2090-9-18,0.0,0.52,26.6,0.0,0.0,0.0,0,4.822265625,6,45,05:40,20:21,2025-05-22 11:59:59.381798,Città della Scienza,64.6,8.638215,8.240551,7.084551,5.5327473,EU EEA Common AQI,76.3,6.9159346,6.54597,7200,5.4142857,100,100,66.1,5.028571,Very Low,75.5,7.107474,100,1747914300,Very Low,5.66764,8.46549,Very Low,8.679281,62.7,7.242857,100,1747914300,6.285714
2025-05-22T12:00:10Z,0,29.936,75.6,62,70.2,8,7,178,73,0.0,255,32767,0.11,2090-9-18,0.0,0.52,26.6,0.0,0.0,0.0,0,4.822265625,6,45,05:40,20:21,2025-05-22 12:00:10.495795,Città della Scienza,64.6,8.638215,8.240551,7.084551,5.5327473,EU EEA Common AQI,76.3,6.9159346,6.54597,7200,5.4142857,100,100,66.1,5.028571,Very Low,75.5,7.107474,100,1747914300,Very Low,5.66764,8.46549,Very Low,8.679281,62.7,7.242857,100,1747914300,6.285714
2025-05-22T12:00:21Z,0,29.936,75.6,62,70.2,4,7,189,73,0.0,255,32767,0.11,2090-9-18,0.0,0.52,26.6,0.0,0.0,0.0,0,4.822265625,6,45,05:40,20:21,2025-05-22 12:00:21.613812,Città della Scienza,64.6,8.638215,8.240551,7.084551,5.5327473,EU EEA Common AQI,76.3,6.9159346,6.54597,7200,5.4142857,100,100,66.1,5.028571,Very Low,75.5,7.107474,100,1747914300,Very Low,5.66764,8.46549,Very Low,8.679281,62.7,7.242857,100,1747914300,6.285714
2025-05-22T12:00:32Z,0,29.936,75.6,62,70.2,3,7,222,73,0.0,255,32767,0.11,2090-9-18,0.0,0.52,26.6,0.0,0.0,0.0,0,4.822265625,6,45,05:40,20:21,2025-05-22 12:00:32.730819,Città della Scienza,62.2,8.581624,8.261073,6.9107013,5.4889855,EU EEA Common AQI,76.8,6.8612323,6.5723186,7200,6.4857144,100,100,65.8,6.0114284,Very Low,76.1,7.0650597,100,1747915200,Very Low,5.5285606,8.381056,Very Low,8.406273,62.2,9.085714,100,1747915200,7.5142856
2025-05-22T12:00:44Z,0,29.936,75.6,62,70.1,7,7,165,73,0.0,255,32767,0.11,2090-9-18,0.0,0.52,26.6,0.0,0.0,0.0,0,4.822265625,6,45,05:40,20:21,2025-05-22 12:00:43.835803,Città della Scienza,62.2,8.581624,8.261073,6.9107013,5.4889855,EU EEA Common AQI,76.8,6.8612323,6.5723186,7200,6.4857144,100,100,65.8,6.0114284,Very Low,76.1,7.0650597,100,1747915200,Very Low,5.5285606,8.381056,Very Low,8.406273,62.2,9.085714,100,1747915200,7.5142856
2025-05-22T12:00:55Z,0,29.936,75.6,62,70.2,7,7,166,73,0.0,255,32767,0.11,2090-9-18,0.0,0.52,26.6,0.0,0.0,0.0,0,4.822265625,6,45,05:40,20:21,2025-05-22 12:00:54.918797,Città della Scienza,62.2,8.581624,8.261073,6.9107013,5.4889855,EU EEA Common AQI,76.8,6.8612323,6.5723186,7200,6.4857144,100,100,65.8,6.0114284,Very Low,76.1,7.0650597,100,1747915200,Very Low,5.5285606,8.381056,Very Low,8.406273,62.2,9.085714,100,1747915200,7.5142856
2025-05-22T12:01:06Z,0,29.936,75.6,62,70.2,7,7,219,73,0.0,255,32767,0.11,2090-9-18,0.0,0.52,26.6,0.0,0.0,0.0,0,4.822265625,6,45,05:40,20:21,2025-05-22 12:01:05.988809,Città della Scienza,62.2,8.581624,8.261073,6.9107013,5.4889855,EU EEA Common AQI,76.8,6.8612323,6.5723186,7200,6.4857144,100,100,65.8,6.0114284,Very Low,76.1,7.0650597,100,1747915200,Very Low,5.5285606,8.381056,Very Low,8.406273,62.2,9.085714,100,1747915200,7.5142856
2025-05-22T12:01:17Z,0,29.936,75.6,62,70.2,3,7,216,73,0.0,255,32767,0.11,2090-9-18,0.0,0.52,26.6,0.0,0.0,0.0,0,4.822265625,6,45,05:40,20:21,2025-05-22 12:01:17.070819,Città della Scienza,62.2,8.581624,8.261073,6.9107013,5.4889855,EU EEA Common AQI,76.8,6.8612323,6.5723186,7200,6.4857144,100,100,65.8,6.0114284,Very Low,76.1,7.0650597,100,1747915200,Very Low,5.5285606,8.381056,Very Low,8.406273,62.2,9.085714,100,1747915200,7.5142856
2025-05-22T12:01:28Z,0,29.936,75.6,62,70.2,10,7,167,73,0.0,255,32767,0.11,2090-9-18,0.0,0.52,26.6,0.0,0.0,0.0,0,4.822265625,6,45,05:40,20:21,2025-05-22 12:01:28.169803,Città della Scienza,62.2,8.581624,8.261073,6.9107013,5.4889855,EU EEA Common AQI,76.8,6.8612323,6.5723186,7200,6.4857144,100,100,65.8,6.0114284,Very Low,76.1,7.0650597,100,1747915200,Very Low,5.5285606,8.381056,Very Low,8.406273,62.2,9.085714,100,1747915200,7.5142856
2025-05-22T12:01:39Z,0,29.939,75.6,62,70.2,8,7,178,73,0.0,255,32767,0.11,2090-9-18,0.0,0.52,26.6,0.0,0.0,0.0,0,4.822265625,6,45,05:40,20:21,2025-05-22 12:01:39.320785,Città della Scienza,62.2,8.581624,8.261073,6.9107013,5.4889855,EU EEA Common AQI,76.8,6.8612323,6.5723186,7200,6.4857144,100,100,65.8,6.0114284,Very Low,76.1,7.0650597,100,1747915200,Very Low,5.5285606,8.381056,Very Low,8.406273,62.2,9.085714,100,1747915200,7.5142856
2025-05-22T12:01:50Z,0,29.939,75.6,62,70.2,9,7,195,73,0.0,255,32767,0.11,2090-9-18,0.0,0.52,26.6,0.0,0.0,0.0,0,4.822265625,6,45,05:40,20:21,2025-05-22 12:01:50.462793,Città della Scienza,62.2,8.581624,8.261073,6.9107013,5.4889855,EU EEA Common AQI,76.8,6.8612323,6.5723186,7200,6.4857144,100,100,65.8,6.0114284,Very Low,76.1,7.0650597,100,1747915200,Very Low,5.5285606,8.381056,Very Low,8.406273,62.2,9.085714,100,1747915200,7.5142856
2025-05-22T12:02:01Z,0,29.939,75.6,62,70.2,7,7,159,73,0.0,255,32767,0.11,2090-9-18,0.0,0.52,26.6,0.0,0.0,0.0,0,4.822265625,6,45,05:40,20:21,2025-05-22 12:02:01.604781,Città della Scienza,62.2,8.581624,8.261073,6.9107013,5.4889855,EU EEA Common AQI,76.8,6.8612323,6.5723186,7200,6.4857144,100,100,65.8,6.0114284,Very Low,76.1,7.0650597,100,1747915200,Very Low,5.5285606,8.381056,Very Low,8.406273,62.2,9.085714,100,1747915200,7.5142856
2025-05-22T12:02:12Z,0,29.939,75.6,62,70.2,8,7,184,73,0.0,255,32767,0.11,2090-9-18,0.0,0.52,26.6,0.0,0.0,0.0,0,4.822265625,6,45,05:40,20:21,2025-05-22 12:02:12.730793,Città della Scienza,62.2,8.581624,8.261073,6.9107013,5.4889855,EU EEA Common AQI,76.8,6.8612323,6.5723186,7200,6.4857144,100,100,65.8,6.0114284,Very Low,76.1,7.0650597,100,1747915200,Very Low,5.5285606,8.381056,Very Low,8.406273,62.2,9.085714,100,1747915200,7.5142856
2025-05-22T12:02:24Z,0,29.939,75.6,62,70.2,9,7,195,73,0.0,255,32767,0.11,2090-9-18,0.0,0.52,26.6,0.0,0.0,0.0,0,4.822265625,6,45,05:40,20:21,2025-05-22 12:02:23.853798,Città della Scienza,62.2,8.581624,8.261073,6.9107013,5.4889855,EU EEA Common AQI,76.8,6.8612323,6.5723186,7200,6.4857144,100,100,65.8,6.0114284,Very Low,76.1,7.0650597,100,1747915200,Very Low,5.5285606,8.381056,Very Low,8.406273,62.2,9.085714,100,1747915200,7.5142856
2025-05-22T12:02:35Z,0,29.938,75.6,62,70.2,4,7,242,73,0.0,255,32767,0.11,2090-9-18,0.0,0.52,26.6,0.0,0.0,0.0,0,4.822265625,6,45,05:40,20:21,2025-05-22 12:02:34.969789,Città della Scienza,62.2,8.581624,8.261073,6.9107013,5.4889855,EU EEA Common AQI,76.8,6.8612323,6.5723186,7200,6.4857144,100,100,65.8,6.0114284,Very Low,76.1,7.0650597,100,1747915200,Very Low,5.5285606,8.381056,Very Low,8.406273,62.2,9.085714,100,1747915200,7.5142856
2025-05-22T12:02:46Z,0,29.938,75.6,62,70.2,8,7,213,73,0.0,255,32767,0.11,2090-9-18,0.0,0.52,26.6,0.0,0.0,0.0,0,4.822265625,6,45,05:40,20:21,2025-05-22 12:02:46.116792,Città della Scienza,62.2,8.581624,8.261073,6.9107013,5.4889855,EU EEA Common AQI,76.8,6.8612323,6.5723186,7200,6.4857144,100,100,65.8,6.0114284,Very Low,76.1,7.0650597,100,1747915200,Very Low,5.5285606,8.381056,Very Low,8.406273,62.2,9.085714,100,1747915200,7.5142856
2025-05-22T12:02:57Z,0,29.938,75.6,62,70.2,5,7,190,73,0.0,255,32767,0.11,2090-9-18,0.0,0.52,26.6,0.0,0.0,0.0,0,4.822265625,6,45,05:40,20:21,2025-05-22 12:02:57.210799,Città della Scienza,62.2,8.581624,8.261073,6.9107013,5.4889855,EU EEA Common AQI,76.8,6.8612323,6.5723186,7200,6.4857144,100,100,65.8,6.0114284,Very Low,76.1,7.0650597,100,1747915200,Very Low,5.5285606,8.381056,Very Low,8.406273,62.2,9.085714,100,1747915200,7.5142856
2025-05-22T12:03:08Z,0,29.938,75.6,62,70.2,9,7,198,73,0.0,255,32767,0.11,2090-9-18,0.0,0.52,26.6,0.0,0.0,0.0,0,4.822265625,6,45,05:40,20:21,2025-05-22 12:03:08.312793,Città della Scienza,62.2,8.581624,8.261073,6.9107013,5.4889855,EU EEA Common AQI,76.8,6.8612323,6.5723186,7200,6.4857144,100,100,65.8,6.0114284,Very Low,76.1,7.0650597,100,1747915200,Very Low,5.5285606,8.381056,Very Low,8.406273,62.2,9.085714,100,1747915200,7.5142856
2025-05-22T12:03:19Z,0,29.938,75.6,62,70.2,5,7,221,73,0.0,255,32767,0.11,2090-9-18,0.0,0.52,26.6,0.0,0.0,0.0,0,4.822265625,6,45,05:40,20:21,2025-05-22 12:03:19.394805,Città della Scienza,62.2,8.581624,8.261073,6.9107013,5.4889855,EU EEA Common AQI,76.8,6.8612323,6.5723186,7200,6.4857144,100,100,65.8,6.0114284,Very Low,76.1,7.0650597,100,1747915200,Very Low,5.5285606,8.381056,Very Low,8.406273,62.2,9.085714,100,1747915200,7.5142856
2025-05-22T12:03:30Z,0,29.938,75.6,62,70.2,9,7,188,73,0.0,255,32767,0.11,2090-9-18,0.0,0.52,26.6,0.0,0.0,0.0,0,4.822265625,6,45,05:40,20:21,2025-05-22 12:03:30.539791,Città della Scienza,62.2,8.581624,8.261073,6.9107013,5.4889855,EU EEA Common AQI,76.8,6.8612323,6.5723186,7200,6.4857144,100,100,65.8,6.0114284,Very Low,76.1,7.0650597,100,1747915200,Very Low,5.5285606,8.381056,Very Low,8.406273,62.2,9.085714,100,1747915200,7.5142856
2025-05-22T12:03:41Z,0,29.938,75.6,62,70.1,7,7,182,73,0.0,255,32767,0.11,2090-9-18,0.0,0.52,26.6,0.0,0.0,0.0,0,4.822265625,6,45,05:40,20:21,2025-05-22 12:03:41.661814,Città della Scienza,62.2,8.581624,8.261073,6.9107013,5.4889855,EU EEA Common AQI,76.8,6.8612323,6.5723186,7200,6.4857144,100,100,65.8,6.0114284,Very Low,76.1,7.0650597,100,1747915200,Very Low,5.5285606,8.381056,Very Low,8.406273,62.2,9.085714,100,1747915200,7.5142856
2025-05-22T12:03:53Z,0,29.938,75.6,62,70.1,5,7,327,73,0.0,255,32767,0.11,2090-9-18,0.0,0.52,26.6,0.0,0.0,0.0,0,4.822265625,6,45,05:40,20:21,2025-05-22 12:03:53.174799,Città della Scienza,62.2,8.581624,8.261073,6.9107013,5.4889855,EU EEA Common AQI,76.8,6.8612323,6.5723186,7200,6.4857144,100,100,65.8,6.0114284,Very Low,76.1,7.0650597,100,1747915200,Very Low,5.5285606,8.381056,Very Low,8.406273,62.2,9.085714,100,1747915200,7.5142856
2025-05-22T12:04:04Z,0,29.938,75.6,62,70.1,7,7,205,73,0.0,255,32767,0.11,2090-9-18,0.0,0.52,26.6,0.0,0.0,0.0,0,4.822265625,6,45,05:40,20:21,2025-05-22 12:04:04.285808,Città della Scienza,62.2,8.581624,8.261073,6.9107013,5.4889855,EU EEA Common AQI,76.8,6.8612323,6.5723186,7200,6.4857144,100,100,65.8,6.0114284,Very Low,76.1,7.0650597,100,1747915200,Very Low,5.5285606,8.381056,Very Low,8.406273,62.2,9.085714,100,1747915200,7.5142856
2025-05-22T12:04:15Z,0,29.938,75.6,62,70.1,7,7,188,73,0.0,255,32767,0.11,2090-9-18,0.0,0.52,26.6,0.0,0.0,0.0,0,4.822265625,6,45,05:40,20:21,2025-05-22 12:04:15.383802,Città della Scienza,62.2,8.581624,8.261073,6.9107013,5.4889855,EU EEA Common AQI,76.8,6.8612323,6.5723186,7200,6.4857144,100,100,65.8,6.0114284,Very Low,76.1,7.0650597,100,1747915200,Very Low,5.5285606,8.381056,Very Low,8.406273,62.2,9.085714,100,1747915200,7.5142856
2025-05-22T12:04:26Z,0,29.938,75.6,62,70.2,8,7,185,73,0.0,255,32767,0.11,2090-9-18,0.0,0.52,26.6,0.0,0.0,0.0,0,4.822265625,6,45,05:40,20:21,2025-05-22 12:04:26.514795,Città della Scienza,62.2,8.581624,8.261073,6.9107013,5.4889855,EU EEA Common AQI,76.8,6.8612323,6.5723186,7200,6.4857144,100,100,65.8,6.0114284,Very Low,76.1,7.0650597,100,1747915200,Very Low,5.5285606,8.381056,Very Low,8.406273,62.2,9.085714,100,1747915200,7.5142856
2025-05-22T12:04:37Z,0,29.936,75.6,62,70.2,7,7,194,73,0.0,255,32767,0.11,2090-9-18,0.0,0.52,26.6,0.0,0.0,0.0,0,4.822265625,6,45,05:40,20:21,2025-05-22 12:04:37.633754,Città della Scienza,62.2,8.581624,8.261073,6.9107013,5.4889855,EU EEA Common AQI,76.8,6.8612323,6.5723186,7200,6.4857144,100,100,65.8,6.0114284,Very Low,76.1,7.0650597,100,1747915200,Very Low,5.5285606,8.381056,Very Low,8.406273,62.2,9.085714,100,1747915200,7.5142856
2025-05-22T12:04:49Z,0,29.936,75.6,62,70.3,5,7,184,73,0.0,255,32767,0.11,2090-9-18,0.0,0.52,26.6,0.0,0.0,0.0,0,4.822265625,6,45,05:40,20:21,2025-05-22 12:04:49.064787,Città della Scienza,62.2,8.581624,8.261073,6.9107013,5.4889855,EU EEA Common AQI,76.8,6.8612323,6.5723186,7200,6.4857144,100,100,65.8,6.0114284,Very Low,76.1,7.0650597,100,1747915200,Very Low,5.5285606,8.381056,Very Low,8.406273,62.2,9.085714,100,1747915200,7.5142856
2025-05-22T12:05:00Z,0,29.936,75.6,62,70.3,4,7,178,72,0.0,255,32767,0.11,2090-9-18,0.0,0.52,26.6,0.0,0.0,0.0,0,4.822265625,6,45,05:40,20:21,2025-05-22 12:05:00.149828,Città della Scienza,62.2,8.581624,8.261073,6.9107013,5.4889855,EU EEA Common AQI,76.8,6.8612323,6.5723186,7200,6.4857144,100,100,65.8,6.0114284,Very Low,76.1,7.0650597,100,1747915200,Very Low,5.5285606,8.381056,Very Low,8.406273,62.2,9.085714,100,1747915200,7.5142856
2025-05-22T12:05:11Z,0,29.936,75.6,62,70.2,8,7,179,72,0.0,255,32767,0.11,2090-9-18,0.0,0.52,26.6,0.0,0.0,0.0,0,4.822265625,6,45,05:40,20:21,2025-05-22 12:05:11.235798,Città della Scienza,62.2,8.581624,8.261073,6.9107013,5.4889855,EU EEA Common AQI,76.8,6.8612323,6.5723186,7200,6.4857144,100,100,65.8,6.0114284,Very Low,76.1,7.0650597,100,1747915200,Very Low,5.5285606,8.381056,Very Low,8.406273,62.2,9.085714,100,1747915200,7.5142856
2025-05-22T12:05:22Z,0,29.936,75.6,62,70.3,6,7,177,72,0.0,255,32767,0.11,2090-9-18,0.0,0.52,26.6,0.0,0.0,0.0,0,4.822265625,6,45,05:40,20:21,2025-05-22 12:05:22.337789,Città della Scienza,62.2,8.581624,8.261073,6.9107013,5.4889855,EU EEA Common AQI,76.8,6.8612323,6.5723186,7200,6.4857144,100,100,65.8,6.0114284,Very Low,76.1,7.0650597,100,1747915200,Very Low,5.5285606,8.381056,Very Low,8.406273,62.2,9.085714,100,1747915200,7.5142856
2025-05-22T12:05:33Z,0,29.936,75.6,62,70.3,5,7,194,72,0.0,255,32767,0.11,2090-9-18,0.0,0.52,26.6,0.0,0.0,0.0,0,4.822265625,6,45,05:40,20:21,2025-05-22 12:05:33.422797,Città della Scienza,62.2,8.581624,8.261073,6.9107013,5.4889855,EU EEA Common AQI,76.8,6.8612323,6.5723186,7200,6.4857144,100,100,65.8,6.0114284,Very Low,76.1,7.0650597,100,1747915200,Very Low,5.5285606,8.381056,Very Low,8.406273,62.2,9.085714,100,1747915200,7.5142856
2025-05-22T12:05:44Z,0,29.937,75.6,61,70.3,8,7,171,72,0.0,255,32767,0.11,2090-9-18,0.0,0.52,26.6,0.0,0.0,0.0,0,4.822265625,6,45,05:40,20:21,2025-05-22 12:05:44.524793,Città della Scienza,62.2,8.581624,8.261073,6.9107013,5.4889855,EU EEA Common AQI,76.8,6.8612323,6.5723186,7200,6.4857144,100,100,65.8,6.0114284,Very Low,76.1,7.0650597,100,1747915200,Very Low,5.5285606,8.381056,Very Low,8.406273,62.2,9.085714,100,1747915200,7.5142856
2025-05-22T12:05:55Z,0,29.937,75.6,61,70.3,8,7,193,72,0.0,255,32767,0.11,2090-9-18,0.0,0.52,26.6,0.0,0.0,0.0,0,4.822265625,6,45,05:40,20:21,2025-05-22 12:05:55.620826,Città della Scienza,62.2,8.581624,8.261073,6.9107013,5.4889855,EU EEA Common AQI,76.8,6.8612323,6.5723186,7200,6.4857144,100,100,65.8,6.0114284,Very Low,76.1,7.0650597,100,1747915200,Very Low,5.5285606,8.381056,Very Low,8.406273,62.2,9.085714,100,1747915200,7.5142856
2025-05-22T12:06:06Z,0,29.937,75.6,61,70.3,10,7,192,72,0.0,255,32767,0.11,2090-9-18,0.0,0.52,26.6,0.0,0.0,0.0,0,4.822265625,6,45,05:40,20:21,2025-05-22 12:06:06.750803,Città della Scienza,62.2,8.581624,8.261073,6.9107013,5.4889855,EU EEA Common AQI,76.8,6.8612323,6.5723186,7200,6.4857144,100,100,65.8,6.0114284,Very Low,76.1,7.0650597,100,1747915200,Very Low,5.5285606,8.381056,Very Low,8.406273,62.2,9.085714,100,1747915200,7.5142856
2025-05-22T12:06:18Z,0,29.937,75.6,61,70.3,7,7,224,72,0.0,255,32767,0.11,2090-9-18,0.0,0.52,26.6,0.0,0.0,0.0,0,4.822265625,6,45,05:40,20:21,2025-05-22 12:06:17.878793,Città della Scienza,62.2,8.581624,8.261073,6.9107013,5.4889855,EU EEA Common AQI,76.8,6.8612323,6.5723186,7200,6.4857144,100,100,65.8,6.0114284,Very Low,76.1,7.0650597,100,1747915200,Very Low,5.5285606,8.381056,Very Low,8.406273,62.2,9.085714,100,1747915200,7.5142856
2025-05-22T12:06:29Z,0,29.937,75.6,61,70.3,10,7,183,72,0.0,255,32767,0.11,2090-9-18,0.0,0.52,26.6,0.0,0.0,0.0,0,4.822265625,6,45,05:40,20:21,2025-05-22 12:06:29.007788,Città della Scienza,62.2,8.581624,8.261073,6.9107013,5.4889855,EU EEA Common AQI,76.8,6.8612323,6.5723186,7200,6.4857144,100,100,65.8,6.0114284,Very Low,76.1,7.0650597,100,1747915200,Very Low,5.5285606,8.381056,Very Low,8.406273,62.2,9.085714,100,1747915200,7.5142856
2025-05-22T12:06:40Z,0,29.936,75.6,61,70.3,8,7,214,71,0.0,255,32767,0.11,2090-9-18,0.0,0.52,26.6,0.0,0.0,0.0,0,4.822265625,6,45,05:40,20:21,2025-05-22 12:06:40.111803,Città della Scienza,62.2,8.581624,8.261073,6.9107013,5.4889855,EU EEA Common AQI,76.8,6.8612323,6.5723186,7200,6.4857144,100,100,65.8,6.0114284,Very Low,76.1,7.0650597,100,1747915200,Very Low,5.5285606,8.381056,Very Low,8.406273,62.2,9.085714,100,1747915200,7.5142856
2025-05-22T12:06:51Z,0,29.936,75.6,61,70.2,7,7,252,71,0.0,255,32767,0.11,2090-9-18,0.0,0.52,26.6,0.0,0.0,0.0,0,4.822265625,6,45,05:40,20:21,2025-05-22 12:06:51.222813,Città della Scienza,62.2,8.581624,8.261073,6.9107013,5.4889855,EU EEA Common AQI,76.8,6.8612323,6.5723186,7200,6.4857144,100,100,65.8,6.0114284,Very Low,76.1,7.0650597,100,1747915200,Very Low,5.5285606,8.381056,Very Low,8.406273,62.2,9.085714,100,1747915200,7.5142856
2025-05-22T12:07:02Z,0,29.936,75.6,61,70.3,6,7,169,71,0.0,255,32767,0.11,2090-9-18,0.0,0.52,26.6,0.0,0.0,0.0,0,4.822265625,6,45,05:40,20:21,2025-05-22 12:07:02.298796,Città della Scienza,62.2,8.581624,8.261073,6.9107013,5.4889855,EU EEA Common AQI,76.8,6.8612323,6.5723186,7200,6.4857144,100,100,65.8,6.0114284,Very Low,76.1,7.0650597,100,1747915200,Very Low,5.5285606,8.381056,Very Low,8.406273,62.2,9.085714,100,1747915200,7.5142856
2025-05-22T12:07:13Z,0,29.936,75.6,61,70.3,3,7,180,71,0.0,255,32767,0.11,2090-9-18,0.0,0.52,26.6,0.0,0.0,0.0,0,4.822265625,6,45,05:40,20:21,2025-05-22 12:07:13.413803,Città della Scienza,62.2,8.581624,8.261073,6.9107013,5.4889855,EU EEA Common AQI,76.8,6.8612323,6.5723186,7200,6.4857144,100,100,65.8,6.0114284,Very Low,76.1,7.0650597,100,1747915200,Very Low,5.5285606,8.381056,Very Low,8.406273,62.2,9.085714,100,1747915200,7.5142856
2025-05-22T12:07:24Z,0,29.936,75.6,61,70.2,11,7,237,71,0.0,255,32767,0.11,2090-9-18,0.0,0.52,26.6,0.0,0.0,0.0,0,4.822265625,6,45,05:40,20:21,2025-05-22 12:07:24.519799,Città della Scienza,62.2,8.581624,8.261073,6.9107013,5.4889855,EU EEA Common AQI,76.8,6.8612323,6.5723186,7200,6.4857144,100,100,65.8,6.0114284,Very Low,76.1,7.0650597,100,1747915200,Very Low,5.5285606,8.381056,Very Low,8.406273,62.2,9.085714,100,1747915200,7.5142856
2025-05-22T12:07:36Z,0,29.936,75.6,61,70.3,3,7,137,71,0.0,255,32767,0.11,2090-9-18,0.0,0.52,26.6,0.0,0.0,0.0,0,4.822265625,6,45,05:40,20:21,2025-05-22 12:07:36.781803,Città della Scienza,62.2,8.581624,8.261073,6.9107013,5.4889855,EU EEA Common AQI,76.8,6.8612323,6.5723186,7200,6.4857144,100,100,65.8,6.0114284,Very Low,76.1,7.0650597,100,1747915200,Very Low,5.5285606,8.381056,Very Low,8.406273,62.2,9.085714,100,1747915200,7.5142856
2025-05-22T12:07:48Z,0,29.936,75.6,61,70.3,3,7,153,71,0.0,255,32767,0.11,2090-9-18,0.0,0.52,26.6,0.0,0.0,0.0,0,4.822265625,6,45,05:40,20:21,2025-05-22 12:07:47.870811,Città della Scienza,62.2,8.581624,8.261073,6.9107013,5.4889855,EU EEA Common AQI,76.8,6.8612323,6.5723186,7200,6.4857144,100,100,65.8,6.0114284,Very Low,76.1,7.0650597,100,1747915200,Very Low,5.5285606,8.381056,Very Low,8.406273,62.2,9.085714,100,1747915200,7.5142856
2025-05-22T12:07:59Z,0,29.936,75.6,61,70.3,8,7,198,71,0.0,255,32767,0.11,2090-9-18,0.0,0.52,26.6,0.0,0.0,0.0,0,4.822265625,6,45,05:40,20:21,2025-05-22 12:07:58.974794,Città della Scienza,62.2,8.581624,8.261073,6.9107013,5.4889855,EU EEA Common AQI,76.8,6.8612323,6.5723186,7200,6.4857144,100,100,65.8,6.0114284,Very Low,76.1,7.0650597,100,1747915200,Very Low,5.5285606,8.381056,Very Low,8.406273,62.2,9.085714,100,1747915200,7.5142856
2025-05-22T12:08:10Z,0,29.936,75.6,61,70.4,9,7,204,71,0.0,255,32767,0.11,2090-9-18,0.0,0.52,26.6,0.0,0.0,0.0,0,4.822265625,6,45,05:40,20:21,2025-05-22 12:08:10.072793,Città della Scienza,62.2,8.581624,8.261073,6.9107013,5.4889855,EU EEA Common AQI,76.8,6.8612323,6.5723186,7200,6.4857144,100,100,65.8,6.0114284,Very Low,76.1,7.0650597,100,1747915200,Very Low,5.5285606,8.381056,Very Low,8.406273,62.2,9.085714,100,1747915200,7.5142856
2025-05-22T12:08:21Z,0,29.936,75.6,61,70.5,8,7,181,71,0.0,255,32767,0.11,2090-9-18,0.0,0.52,26.6,0.0,0.0,0.0,0,4.822265625,6,45,05:40,20:21,2025-05-22 12:08:21.151787,Città della Scienza,62.2,8.581624,8.261073,6.9107013,5.4889855,EU EEA Common AQI,76.8,6.8612323,6.5723186,7200,6.4857144,100,100,65.8,6.0114284,Very Low,76.1,7.0650597,100,1747915200,Very Low,5.5285606,8.381056,Very Low,8.406273,62.2,9.085714,100,1747915200,7.5142856
2025-05-22T12:08:32Z,0,29.936,75.6,61,70.4,11,7,181,71,0.0,255,32767,0.11,2090-9-18,0.0,0.52,26.6,0.0,0.0,0.0,0,4.822265625,6,45,05:40,20:21,2025-05-22 12:08:32.258792,Città della Scienza,62.2,8.581624,8.261073,6.9107013,5.4889855,EU EEA Common AQI,76.8,6.8612323,6.5723186,7200,6.4857144,100,100,65.8,6.0114284,Very Low,76.1,7.0650597,100,1747915200,Very Low,5.5285606,8.381056,Very Low,8.406273,62.2,9.085714,100,1747915200,7.5142856
2025-05-22T12:08:43Z,0,29.936,75.6,61,70.4,10,7,180,71,0.0,255,32767,0.11,2090-9-18,0.0,0.52,26.6,0.0,0.0,0.0,0,4.822265625,6,45,05:40,20:21,2025-05-22 12:08:43.361810,Città della Scienza,62.2,8.581624,8.261073,6.9107013,5.4889855,EU EEA Common AQI,76.8,6.8612323,6.5723186,7200,6.4857144,100,100,65.8,6.0114284,Very Low,76.1,7.0650597,100,1747915200,Very Low,5.5285606,8.381056,Very Low,8.406273,62.2,9.085714,100,1747915200,7.5142856
2025-05-22T12:08:54Z,0,29.936,75.6,61,70.5,4,7,161,71,0.0,255,32767,0.11,2090-9-18,0.0,0.52,26.6,0.0,0.0,0.0,0,4.822265625,6,45,05:40,20:21,2025-05-22 12:08:54.497795,Città della Scienza,62.2,8.581624,8.261073,6.9107013,5.4889855,EU EEA Common AQI,76.8,6.8612323,6.5723186,7200,6.4857144,100,100,65.8,6.0114284,Very Low,76.1,7.0650597,100,1747915200,Very Low,5.5285606,8.381056,Very Low,8.406273,62.2,9.085714,100,1747915200,7.5142856
2025-05-22T12:09:05Z,0,29.936,75.6,61,70.5,7,7,202,71,0.0,255,32767,0.11,2090-9-18,0.0,0.52,26.6,0.0,0.0,0.0,0,4.822265625,6,45,05:40,20:21,2025-05-22 12:09:05.620813,Città della Scienza,62.2,8.581624,8.261073,6.9107013,5.4889855,EU EEA Common AQI,76.8,6.8612323,6.5723186,7200,6.4857144,100,100,65.8,6.0114284,Very Low,76.1,7.0650597,100,1747915200,Very Low,5.5285606,8.381056,Very Low,8.406273,62.2,9.085714,100,1747915200,7.5142856
2025-05-22T12:09:16Z,0,29.936,75.6,61,70.5,4,7,193,73,0.0,255,32767,0.11,2090-9-18,0.0,0.52,26.6,0.0,0.0,0.0,0,4.822265625,6,45,05:40,20:21,2025-05-22 12:09:16.760795,Città della Scienza,62.2,8.581624,8.261073,6.9107013,5.4889855,EU EEA Common AQI,76.8,6.8612323,6.5723186,7200,6.4857144,100,100,65.8,6.0114284,Very Low,76.1,7.0650597,100,1747915200,Very Low,5.5285606,8.381056,Very Low,8.406273,62.2,9.085714,100,1747915200,7.5142856
2025-05-22T12:09:28Z,0,29.936,75.6,61,70.5,7,7,190,73,0.0,255,32767,0.11,2090-9-18,0.0,0.52,26.6,0.0,0.0,0.0,0,4.822265625,6,45,05:40,20:21,2025-05-22 12:09:27.888801,Città della Scienza,62.2,8.581624,8.261073,6.9107013,5.4889855,EU EEA Common AQI,76.8,6.8612323,6.5723186,7200,6.4857144,100,100,65.8,6.0114284,Very Low,76.1,7.0650597,100,1747915200,Very Low,5.5285606,8.381056,Very Low,8.406273,62.2,9.085714,100,1747915200,7.5142856
2025-05-22T12:09:39Z,0,29.936,75.6,61,70.5,13,7,163,73,0.0,255,32767,0.11,2090-9-18,0.0,0.52,26.6,0.0,0.0,0.0,0,4.822265625,6,45,05:40,20:21,2025-05-22 12:09:39.007788,Città della Scienza,62.2,8.581624,8.261073,6.9107013,5.4889855,EU EEA Common AQI,76.8,6.8612323,6.5723186,7200,6.4857144,100,100,65.8,6.0114284,Very Low,76.1,7.0650597,100,1747915200,Very Low,5.5285606,8.381056,Very Low,8.406273,62.2,9.085714,100,1747915200,7.5142856
2025-05-22T12:09:50Z,0,29.936,75.6,61,70.5,10,7,160,73,0.0,255,32767,0.11,2090-9-18,0.0,0.52,26.6,0.0,0.0,0.0,0,4.822265625,6,45,05:40,20:21,2025-05-22 12:09:50.175795,Città della Scienza,62.2,8.581624,8.261073,6.9107013,5.4889855,EU EEA Common AQI,76.8,6.8612323,6.5723186,7200,6.4857144,100,100,65.8,6.0114284,Very Low,76.1,7.0650597,100,1747915200,Very Low,5.5285606,8.381056,Very Low,8.406273,62.2,9.085714,100,1747915200,7.5142856
2025-05-22T12:10:01Z,0,29.936,75.6,61,70.5,8,7,156,73,0.0,255,32767,0.11,2090-9-18,0.0,0.52,26.6,0.0,0.0,0.0,0,4.822265625,6,45,05:40,20:21,2025-05-22 12:10:01.289801,Città della Scienza,62.2,8.581624,8.261073,6.9107013,5.4889855,EU EEA Common AQI,76.8,6.8612323,6.5723186,7200,6.4857144,100,100,65.8,6.0114284,Very Low,76.1,7.0650597,100,1747915200,Very Low,5.5285606,8.381056,Very Low,8.406273,62.2,9.085714,100,1747915200,7.5142856
2025-05-22T12:10:12Z,0,29.936,75.6,61,70.5,4,7,201,72,0.0,255,32767,0.11,2090-9-18,0.0,0.52,26.6,0.0,0.0,0.0,0,4.822265625,6,45,05:40,20:21,2025-05-22 12:10:12.460794,Città della Scienza,62.2,8.581624,8.261073,6.9107013,5.4889855,EU EEA Common AQI,76.8,6.8612323,6.5723186,7200,6.4857144,100,100,65.8,6.0114284,Very Low,76.1,7.0650597,100,1747915200,Very Low,5.5285606,8.381056,Very Low,8.406273,62.2,9.085714,100,1747915200,7.5142856
2025-05-22T12:10:23Z,0,29.936,75.6,61,70.6,4,7,267,72,0.0,255,32767,0.11,2090-9-18,0.0,0.52,26.6,0.0,0.0,0.0,0,4.822265625,6,45,05:40,20:21,2025-05-22 12:10:23.578793,Città della Scienza,62.2,8.581624,8.261073,6.9107013,5.4889855,EU EEA Common AQI,76.8,6.8612323,6.5723186,7200,6.4857144,100,100,65.8,6.0114284,Very Low,76.1,7.0650597,100,1747915200,Very Low,5.5285606,8.381056,Very Low,8.406273,62.2,9.085714,100,1747915200,7.5142856
2025-05-22T12:10:34Z,0,29.937,75.6,61,70.5,9,7,213,72,0.0,255,32767,0.11,2090-9-18,0.0,0.52,26.6,0.0,0.0,0.0,0,4.822265625,6,45,05:40,20:21,2025-05-22 12:10:34.698764,Città della Scienza,62.2,8.581624,8.261073,6.9107013,5.4889855,EU EEA Common AQI,76.8,6.8612323,6.5723186,7200,6.4857144,100,100,65.8,6.0114284,Very Low,76.1,7.0650597,100,1747915200,Very Low,5.5285606,8.381056,Very Low,8.406273,62.2,9.085714,100,1747915200,7.5142856
2025-05-22T12:10:45Z,0,29.937,75.6,61,70.6,4,7,218,72,0.0,255,32767,0.11,2090-9-18,0.0,0.52,26.6,0.0,0.0,0.0,0,4.822265625,6,45,05:40,20:21,2025-05-22 12:10:45.776793,Città della Scienza,62.2,8.581624,8.261073,6.9107013,5.4889855,EU EEA Common AQI,76.8,6.8612323,6.5723186,7200,6.4857144,100,100,65.8,6.0114284,Very Low,76.1,7.0650597,100,1747915200,Very Low,5.5285606,8.381056,Very Low,8.406273,62.2,9.085714,100,1747915200,7.5142856
2025-05-22T12:10:57Z,0,29.937,75.6,61,70.5,4,7,208,72,0.0,255,32767,0.11,2090-9-18,0.0,0.52,26.6,0.0,0.0,0.0,0,4.822265625,6,45,05:40,20:21,2025-05-22 12:10:56.887813,Città della Scienza,62.2,8.581624,8.261073,6.9107013,5.4889855,EU EEA Common AQI,76.8,6.8612323,6.5723186,7200,6.4857144,100,100,65.8,6.0114284,Very Low,76.1,7.0650597,100,1747915200,Very Low,5.5285606,8.381056,Very Low,8.406273,62.2,9.085714,100,1747915200,7.5142856
2025-05-22T12:11:08Z,0,29.937,75.6,61,70.5,6,7,191,72,0.0,255,32767,0.11,2090-9-18,0.0,0.52,26.6,0.0,0.0,0.0,0,4.822265625,6,45,05:40,20:21,2025-05-22 12:11:07.966811,Città della Scienza,62.2,8.581624,8.261073,6.9107013,5.4889855,EU EEA Common AQI,76.8,6.8612323,6.5723186,7200,6.4857144,100,100,65.8,6.0114284,Very Low,76.1,7.0650597,100,1747915200,Very Low,5.5285606,8.381056,Very Low,8.406273,62.2,9.085714,100,1747915200,7.5142856
2025-05-22T12:11:19Z,0,29.937,75.6,61,70.5,6,7,227,72,0.0,255,32767,0.11,2090-9-18,0.0,0.52,26.6,0.0,0.0,0.0,0,4.822265625,6,45,05:40,20:21,2025-05-22 12:11:19.109798,Città della Scienza,62.2,8.581624,8.261073,6.9107013,5.4889855,EU EEA Common AQI,76.8,6.8612323,6.5723186,7200,6.4857144,100,100,65.8,6.0114284,Very Low,76.1,7.0650597,100,1747915200,Very Low,5.5285606,8.381056,Very Low,8.406273,62.2,9.085714,100,1747915200,7.5142856
2025-05-22T12:11:30Z,0,29.937,75.6,61,70.5,8,7,192,72,0.0,255,32767,0.11,2090-9-18,0.0,0.52,26.6,0.0,0.0,0.0,0,4.822265625,6,45,05:40,20:21,2025-05-22 12:11:30.187814,Città della Scienza,62.2,8.581624,8.261073,6.9107013,5.4889855,EU EEA Common AQI,76.8,6.8612323,6.5723186,7200,6.4857144,100,100,65.8,6.0114284,Very Low,76.1,7.0650597,100,1747915200,Very Low,5.5285606,8.381056,Very Low,8.406273,62.2,9.085714,100,1747915200,7.5142856
2025-05-22T12:11:41Z,0,29.934,75.6,61,70.5,8,7,219,72,0.0,255,32767,0.11,2090-9-18,0.0,0.52,26.6,0.0,0.0,0.0,0,4.822265625,6,45,05:40,20:21,2025-05-22 12:11:41.294796,Città della Scienza,62.2,8.581624,8.261073,6.9107013,5.4889855,EU EEA Common AQI,76.8,6.8612323,6.5723186,7200,6.4857144,100,100,65.8,6.0114284,Very Low,76.1,7.0650597,100,1747915200,Very Low,5.5285606,8.381056,Very Low,8.406273,62.2,9.085714,100,1747915200,7.5142856
2025-05-22T12:11:52Z,0,29.934,75.6,61,70.5,5,7,290,71,0.0,255,32767,0.11,2090-9-18,0.0,0.52,26.6,0.0,0.0,0.0,0,4.822265625,6,45,05:40,20:21,2025-05-22 12:11:52.421794,Città della Scienza,62.2,8.581624,8.261073,6.9107013,5.4889855,EU EEA Common AQI,76.8,6.8612323,6.5723186,7200,6.4857144,100,100,65.8,6.0114284,Very Low,76.1,7.0650597,100,1747915200,Very Low,5.5285606,8.381056,Very Low,8.406273,62.2,9.085714,100,1747915200,7.5142856
2025-05-22T12:12:03Z,0,29.934,75.6,61,70.5,3,7,136,71,0.0,255,32767,0.11,2090-9-18,0.0,0.52,26.6,0.0,0.0,0.0,0,4.822265625,6,45,05:40,20:21,2025-05-22 12:12:03.519786,Città della Scienza,62.2,8.581624,8.261073,6.9107013,5.4889855,EU EEA Common AQI,76.8,6.8612323,6.5723186,7200,6.4857144,100,100,65.8,6.0114284,Very Low,76.1,7.0650597,100,1747915200,Very Low,5.5285606,8.381056,Very Low,8.406273,62.2,9.085714,100,1747915200,7.5142856
2025-05-22T12:12:14Z,0,29.934,75.6,61,70.5,7,7,153,71,0.0,255,32767,0.11,2090-9-18,0.0,0.52,26.6,0.0,0.0,0.0,0,4.822265625,6,45,05:40,20:21,2025-05-22 12:12:14.657792,Città della Scienza,62.2,8.581624,8.261073,6.9107013,5.4889855,EU EEA Common AQI,76.8,6.8612323,6.5723186,7200,6.4857144,100,100,65.8,6.0114284,Very Low,76.1,7.0650597,100,1747915200,Very Low,5.5285606,8.381056,Very Low,8.406273,62.2,9.085714,100,1747915200,7.5142856
2025-05-22T12:12:25Z,0,29.934,75.6,61,70.5,7,7,174,71,0.0,255,32767,0.11,2090-9-18,0.0,0.52,26.6,0.0,0.0,0.0,0,4.822265625,6,45,05:40,20:21,2025-05-22 12:12:25.757794,Città della Scienza,62.2,8.581624,8.261073,6.9107013,5.4889855,EU EEA Common AQI,76.8,6.8612323,6.5723186,7200,6.4857144,100,100,65.8,6.0114284,Very Low,76.1,7.0650597,100,1747915200,Very Low,5.5285606,8.381056,Very Low,8.406273,62.2,9.085714,100,1747915200,7.5142856
2025-05-22T12:12:37Z,0,29.936,75.6,61,70.5,10,7,189,71,0.0,255,32767,0.11,2090-9-18,0.0,0.52,26.6,0.0,0.0,0.0,0,4.822265625,6,45,05:40,20:21,2025-05-22 12:12:36.858799,Città della Scienza,62.2,8.581624,8.261073,6.9107013,5.4889855,EU EEA Common AQI,76.8,6.8612323,6.5723186,7200,6.4857144,100,100,65.8,6.0114284,Very Low,76.1,7.0650597,100,1747915200,Very Low,5.5285606,8.381056,Very Low,8.406273,62.2,9.085714,100,1747915200,7.5142856
2025-05-22T12:12:48Z,0,29.936,75.6,61,70.5,11,7,177,71,0.0,255,32767,0.11,2090-9-18,0.0,0.52,26.6,0.0,0.0,0.0,0,4.822265625,6,45,05:40,20:21,2025-05-22 12:12:47.956794,Città della Scienza,62.2,8.581624,8.261073,6.9107013,5.4889855,EU EEA Common AQI,76.8,6.8612323,6.5723186,7200,6.4857144,100,100,65.8,6.0114284,Very Low,76.1,7.0650597,100,1747915200,Very Low,5.5285606,8.381056,Very Low,8.406273,62.2,9.085714,100,1747915200,7.5142856
2025-05-22T12:12:59Z,0,29.936,75.6,61,70.5,10,7,190,71,0.0,255,32767,0.11,2090-9-18,0.0,0.52,26.6,0.0,0.0,0.0,0,4.822265625,6,45,05:40,20:21,2025-05-22 12:12:59.099798,Città della Scienza,62.2,8.581624,8.261073,6.9107013,5.4889855,EU EEA Common AQI,76.8,6.8612323,6.5723186,7200,6.4857144,100,100,65.8,6.0114284,Very Low,76.1,7.0650597,100,1747915200,Very Low,5.5285606,8.381056,Very Low,8.406273,62.2,9.085714,100,1747915200,7.5142856
2025-05-22T12:13:10Z,0,29.936,75.6,61,70.5,10,7,209,71,0.0,255,32767,0.11,2090-9-18,0.0,0.52,26.6,0.0,0.0,0.0,0,4.822265625,6,45,05:40,20:21,2025-05-22 12:13:10.220795,Città della Scienza,62.2,8.581624,8.261073,6.9107013,5.4889855,EU EEA Common AQI,76.8,6.8612323,6.5723186,7200,6.4857144,100,100,65.8,6.0114284,Very Low,76.1,7.0650597,100,1747915200,Very Low,5.5285606,8.381056,Very Low,8.406273,62.2,9.085714,100,1747915200,7.5142856
2025-05-22T12:13:21Z,0,29.936,75.6,61,70.5,4,7,204,71,0.0,255,32767,0.11,2090-9-18,0.0,0.52,26.6,0.0,0.0,0.0,0,4.822265625,6,45,05:40,20:21,2025-05-22 12:13:21.369806,Città della Scienza,62.2,8.581624,8.261073,6.9107013,5.4889855,EU EEA Common AQI,76.8,6.8612323,6.5723186,7200,6.4857144,100,100,65.8,6.0114284,Very Low,76.1,7.0650597,100,1747915200,Very Low,5.5285606,8.381056,Very Low,8.406273,62.2,9.085714,100,1747915200,7.5142856
2025-05-22T12:13:32Z,0,29.936,75.6,61,70.5,8,7,210,71,0.0,255,32767,0.11,2090-9-18,0.0,0.52,26.6,0.0,0.0,0.0,0,4.822265625,6,45,05:40,20:21,2025-05-22 12:13:32.461790,Città della Scienza,62.2,8.581624,8.261073,6.9107013,5.4889855,EU EEA Common AQI,76.8,6.8612323,6.5723186,7200,6.4857144,100,100,65.8,6.0114284,Very Low,76.1,7.0650597,100,1747915200,Very Low,5.5285606,8.381056,Very Low,8.406273,62.2,9.085714,100,1747915200,7.5142856
2025-05-22T12:13:43Z,0,29.937,75.6,61,70.5,11,7,231,71,0.0,255,32767,0.11,2090-9-18,0.0,0.52,26.6,0.0,0.0,0.0,0,4.822265625,6,45,05:40,20:21,2025-05-22 12:13:43.571793,Città della Scienza,62.2,8.581624,8.261073,6.9107013,5.4889855,EU EEA Common AQI,76.8,6.8612323,6.5723186,7200,6.4857144,100,100,65.8,6.0114284,Very Low,76.1,7.0650597,100,1747915200,Very Low,5.5285606,8.381056,Very Low,8.406273,62.2,9.085714,100,1747915200,7.5142856
2025-05-22T12:13:54Z,0,29.937,75.6,61,70.5,8,7,227,71,0.0,255,32767,0.11,2090-9-18,0.0,0.52,26.6,0.0,0.0,0.0,0,4.822265625,6,45,05:40,20:21,2025-05-22 12:13:54.664797,Città della Scienza,62.2,8.581624,8.261073,6.9107013,5.4889855,EU EEA Common AQI,76.8,6.8612323,6.5723186,7200,6.4857144,100,100,65.8,6.0114284,Very Low,76.1,7.0650597,100,1747915200,Very Low,5.5285606,8.381056,Very Low,8.406273,62.2,9.085714,100,1747915200,7.5142856
2025-05-22T12:14:05Z,0,29.937,75.6,61,70.4,5,7,230,71,0.0,255,32767,0.11,2090-9-18,0.0,0.52,26.6,0.0,0.0,0.0,0,4.822265625,6,45,05:40,20:21,2025-05-22 12:14:05.784764,Città della Scienza,62.2,8.581624,8.261073,6.9107013,5.4889855,EU EEA Common AQI,76.8,6.8612323,6.5723186,7200,6.4857144,100,100,65.8,6.0114284,Very Low,76.1,7.0650597,100,1747915200,Very Low,5.5285606,8.381056,Very Low,8.406273,62.2,9.085714,100,1747915200,7.5142856
2025-05-22T12:14:17Z,0,29.937,75.6,61,70.4,5,7,205,71,0.0,255,32767,0.11,2090-9-18,0.0,0.52,26.6,0.0,0.0,0.0,0,4.822265625,6,45,05:40,20:21,2025-05-22 12:14:16.912794,Città della Scienza,62.2,8.581624,8.261073,6.9107013,5.4889855,EU EEA Common AQI,76.8,6.8612323,6.5723186,7200,6.4857144,100,100,65.8,6.0114284,Very Low,76.1,7.0650597,100,1747915200,Very Low,5.5285606,8.381056,Very Low,8.406273,62.2,9.085714,100,1747915200,7.5142856
2025-05-22T12:14:28Z,0,29.937,75.6,61,70.4,2,7,171,71,0.0,255,32767,0.11,2090-9-18,0.0,0.52,26.6,0.0,0.0,0.0,0,4.822265625,6,45,05:40,20:21,2025-05-22 12:14:28.035793,Città della Scienza,62.2,8.581624,8.261073,6.9107013,5.4889855,EU EEA Common AQI,76.8,6.8612323,6.5723186,7200,6.4857144,100,100,65.8,6.0114284,Very Low,76.1,7.0650597,100,1747915200,Very Low,5.5285606,8.381056,Very Low,8.406273,62.2,9.085714,100,1747915200,7.5142856
2025-05-22T12:14:39Z,0,29.938,75.6,61,70.4,6,7,210,69,0.0,255,32767,0.11,2090-9-18,0.0,0.52,26.6,0.0,0.0,0.0,0,4.822265625,6,45,05:40,20:21,2025-05-22 12:14:39.136799,Città della Scienza,62.2,8.581624,8.261073,6.9107013,5.4889855,EU EEA Common AQI,76.8,6.8612323,6.5723186,7200,6.4857144,100,100,65.8,6.0114284,Very Low,76.1,7.0650597,100,1747915200,Very Low,5.5285606,8.381056,Very Low,8.406273,62.2,9.085714,100,1747915200,7.5142856
2025-05-22T12:14:50Z,0,29.938,75.6,61,70.4,7,7,188,69,0.0,255,32767,0.11,2090-9-18,0.0,0.52,26.6,0.0,0.0,0.0,0,4.822265625,6,45,05:40,20:21,2025-05-22 12:14:50.228791,Città della Scienza,62.2,8.581624,8.261073,6.9107013,5.4889855,EU EEA Common AQI,76.8,6.8612323,6.5723186,7200,6.4857144,100,100,65.8,6.0114284,Very Low,76.1,7.0650597,100,1747915200,Very Low,5.5285606,8.381056,Very Low,8.406273,62.2,9.085714,100,1747915200,7.5142856
2025-05-22T12:15:01Z,0,29.938,75.6,61,70.4,8,7,154,69,0.0,255,32767,0.11,2090-9-18,0.0,0.52,26.6,0.0,0.0,0.0,0,4.822265625,6,45,05:40,20:21,2025-05-22 12:15:01.325797,Città della Scienza,62.2,8.581624,8.261073,6.9107013,5.4889855,EU EEA Common AQI,76.8,6.8612323,6.5723186,7200,6.4857144,100,100,65.8,6.0114284,Very Low,76.1,7.0650597,100,1747915200,Very Low,5.5285606,8.381056,Very Low,8.406273,62.2,9.085714,100,1747915200,7.5142856
2025-05-22T12:15:12Z,0,29.938,75.6,61,70.5,3,7,355,69,0.0,255,32767,0.11,2090-9-18,0.0,0.52,26.6,0.0,0.0,0.0,0,4.822265625,6,45,05:40,20:21,2025-05-22 12:15:12.434798,Città della Scienza,62.2,8.581624,8.261073,6.9107013,5.4889855,EU EEA Common AQI,76.8,6.8612323,6.5723186,7200,6.4857144,100,100,65.8,6.0114284,Very Low,76.1,7.0650597,100,1747915200,Very Low,5.5285606,8.381056,Very Low,8.406273,62.2,9.085714,100,1747915200,7.5142856
2025-05-22T12:15:23Z,0,29.938,75.6,61,70.5,6,7,184,70,0.0,255,32767,0.11,2090-9-18,0.0,0.52,26.6,0.0,0.0,0.0,0,4.822265625,6,45,05:40,20:21,2025-05-22 12:15:23.511797,Città della Scienza,58.9,8.510736,8.283215,6.5636973,5.3851476,EU EEA Common AQI,77.0,6.731435,6.5985823,7200,5.4,100,100,65.1,4.9142857,Very Low,76.6,7.015247,100,1747916100,Very Low,5.2509575,8.205559,Very Low,7.9662356,61.2,7.3142858,100,1747916100,6.142857
2025-05-22T12:15:34Z,0,29.936,75.6,61,70.5,4,7,226,70,0.0,255,32767,0.11,2090-9-18,0.0,0.52,26.6,0.0,0.0,0.0,0,4.822265625,6,45,05:40,20:21,2025-05-22 12:15:34.672793,Città della Scienza,58.9,8.510736,8.283215,6.5636973,5.3851476,EU EEA Common AQI,77.0,6.731435,6.5985823,7200,5.4,100,100,65.1,4.9142857,Very Low,76.6,7.015247,100,1747916100,Very Low,5.2509575,8.205559,Very Low,7.9662356,61.2,7.3142858,100,1747916100,6.142857
2025-05-22T12:15:45Z,0,29.936,75.6,61,70.5,4,7,260,70,0.0,255,32767,0.11,2090-9-18,0.0,0.52,26.6,0.0,0.0,0.0,0,4.822265625,6,45,05:40,20:21,2025-05-22 12:15:45.752795,Città della Scienza,58.9,8.510736,8.283215,6.5636973,5.3851476,EU EEA Common AQI,77.0,6.731435,6.5985823,7200,5.4,100,100,65.1,4.9142857,Very Low,76.6,7.015247,100,1747916100,Very Low,5.2509575,8.205559,Very Low,7.9662356,61.2,7.3142858,100,1747916100,6.142857
2025-05-22T12:15:57Z,0,29.936,75.6,61,70.5,3,7,209,70,0.0,255,32767,0.11,2090-9-18,0.0,0.52,26.6,0.0,0.0,0.0,0,4.822265625,6,45,05:40,20:21,2025-05-22 12:15:56.853798,Città della Scienza,58.9,8.510736,8.283215,6.5636973,5.3851476,EU EEA Common AQI,77.0,6.731435,6.5985823,7200,5.4,100,100,65.1,4.9142857,Very Low,76.6,7.015247,100,1747916100,Very Low,5.2509575,8.205559,Very Low,7.9662356,61.2,7.3142858,100,1747916100,6.142857
2025-05-22T12:16:08Z,0,29.936,75.6,61,70.5,6,7,171,70,0.0,255,32767,0.11,2090-9-18,0.0,0.52,26.6,0.0,0.0,0.0,0,4.822265625,6,45,05:40,20:21,2025-05-22 12:16:07.963799,Città della Scienza,58.9,8.510736,8.283215,6.5636973,5.3851476,EU EEA Common AQI,77.0,6.731435,6.5985823,7200,5.4,100,100,65.1,4.9142857,Very Low,76.6,7.015247,100,1747916100,Very Low,5.2509575,8.205559,Very Low,7.9662356,61.2,7.3142858,100,1747916100,6.142857
2025-05-22T12:16:19Z,0,29.936,75.6,61,70.5,7,7,245,70,0.0,255,32767,0.11,2090-9-18,0.0,0.52,26.6,0.0,0.0,0.0,0,4.822265625,6,45,05:40,20:21,2025-05-22 12:16:19.086804,Città della Scienza,58.9,8.510736,8.283215,6.5636973,5.3851476,EU EEA Common AQI,77.0,6.731435,6.5985823,7200,5.4,100,100,65.1,4.9142857,Very Low,76.6,7.015247,100,1747916100,Very Low,5.2509575,8.205559,Very Low,7.9662356,61.2,7.3142858,100,1747916100,6.142857
2025-05-22T12:16:30Z,0,29.936,75.6,61,70.5,8,7,175,70,0.0,255,32767,0.11,2090-9-18,0.0,0.52,26.6,0.0,0.0,0.0,0,4.822265625,6,45,05:40,20:21,2025-05-22 12:16:30.241788,Città della Scienza,58.9,8.510736,8.283215,6.5636973,5.3851476,EU EEA Common AQI,77.0,6.731435,6.5985823,7200,5.4,100,100,65.1,4.9142857,Very Low,76.6,7.015247,100,1747916100,Very Low,5.2509575,8.205559,Very Low,7.9662356,61.2,7.3142858,100,1747916100,6.142857
2025-05-22T12:16:41Z,0,29.936,75.7,61,70.6,7,7,186,70,0.0,255,32767,0.11,2090-9-18,0.0,0.52,26.6,0.0,0.0,0.0,0,4.822265625,6,45,05:40,20:21,2025-05-22 12:16:41.330792,Città della Scienza,58.9,8.510736,8.283215,6.5636973,5.3851476,EU EEA Common AQI,77.0,6.731435,6.5985823,7200,5.4,100,100,65.1,4.9142857,Very Low,76.6,7.015247,100,1747916100,Very Low,5.2509575,8.205559,Very Low,7.9662356,61.2,7.3142858,100,1747916100,6.142857
2025-05-22T12:16:52Z,0,29.936,75.7,61,70.6,7,7,193,70,0.0,255,32767,0.11,2090-9-18,0.0,0.52,26.6,0.0,0.0,0.0,0,4.822265625,6,45,05:40,20:21,2025-05-22 12:16:52.449796,Città della Scienza,58.9,8.510736,8.283215,6.5636973,5.3851476,EU EEA Common AQI,77.0,6.731435,6.5985823,7200,5.4,100,100,65.1,4.9142857,Very Low,76.6,7.015247,100,1747916100,Very Low,5.2509575,8.205559,Very Low,7.9662356,61.2,7.3142858,100,1747916100,6.142857
2025-05-22T12:17:03Z,0,29.936,75.7,61,70.6,5,7,196,70,0.0,255,32767,0.11,2090-9-18,0.0,0.52,26.6,0.0,0.0,0.0,0,4.822265625,6,45,05:40,20:21,2025-05-22 12:17:03.552800,Città della Scienza,58.9,8.510736,8.283215,6.5636973,5.3851476,EU EEA Common AQI,77.0,6.731435,6.5985823,7200,5.4,100,100,65.1,4.9142857,Very Low,76.6,7.015247,100,1747916100,Very Low,5.2509575,8.205559,Very Low,7.9662356,61.2,7.3142858,100,1747916100,6.142857
2025-05-22T12:17:14Z,0,29.936,75.7,61,70.6,2,7,184,69,0.0,255,32767,0.11,2090-9-18,0.0,0.52,26.6,0.0,0.0,0.0,0,4.822265625,6,45,05:40,20:21,2025-05-22 12:17:14.662813,Città della Scienza,58.9,8.510736,8.283215,6.5636973,5.3851476,EU EEA Common AQI,77.0,6.731435,6.5985823,7200,5.4,100,100,65.1,4.9142857,Very Low,76.6,7.015247,100,1747916100,Very Low,5.2509575,8.205559,Very Low,7.9662356,61.2,7.3142858,100,1747916100,6.142857
2025-05-22T12:17:25Z,0,29.936,75.7,61,70.6,3,7,184,69,0.0,255,32767,0.11,2090-9-18,0.0,0.52,26.6,0.0,0.0,0.0,0,4.822265625,6,45,05:40,20:21,2025-05-22 12:17:25.773795,Città della Scienza,58.9,8.510736,8.283215,6.5636973,5.3851476,EU EEA Common AQI,77.0,6.731435,6.5985823,7200,5.4,100,100,65.1,4.9142857,Very Low,76.6,7.015247,100,1747916100,Very Low,5.2509575,8.205559,Very Low,7.9662356,61.2,7.3142858,100,1747916100,6.142857
2025-05-22T12:17:37Z,0,29.936,75.7,61,70.6,7,7,165,69,0.0,255,32767,0.11,2090-9-18,0.0,0.52,26.6,0.0,0.0,0.0,0,4.822265625,6,45,05:40,20:21,2025-05-22 12:17:36.909787,Città della Scienza,58.9,8.510736,8.283215,6.5636973,5.3851476,EU EEA Common AQI,77.0,6.731435,6.5985823,7200,5.4,100,100,65.1,4.9142857,Very Low,76.6,7.015247,100,1747916100,Very Low,5.2509575,8.205559,Very Low,7.9662356,61.2,7.3142858,100,1747916100,6.142857
2025-05-22T12:17:48Z,0,29.936,75.7,61,70.6,7,7,190,69,0.0,255,32767,0.11,2090-9-18,0.0,0.52,26.6,0.0,0.0,0.0,0,4.822265625,6,45,05:40,20:21,2025-05-22 12:17:48.012792,Città della Scienza,58.9,8.510736,8.283215,6.5636973,5.3851476,EU EEA Common AQI,77.0,6.731435,6.5985823,7200,5.4,100,100,65.1,4.9142857,Very Low,76.6,7.015247,100,1747916100,Very Low,5.2509575,8.205559,Very Low,7.9662356,61.2,7.3142858,100,1747916100,6.142857
2025-05-22T12:17:59Z,0,29.936,75.7,61,70.6,7,7,186,69,0.0,255,32767,0.11,2090-9-18,0.0,0.52,26.6,0.0,0.0,0.0,0,4.822265625,6,45,05:40,20:21,2025-05-22 12:17:59.116819,Città della Scienza,58.9,8.510736,8.283215,6.5636973,5.3851476,EU EEA Common AQI,77.0,6.731435,6.5985823,7200,5.4,100,100,65.1,4.9142857,Very Low,76.6,7.015247,100,1747916100,Very Low,5.2509575,8.205559,Very Low,7.9662356,61.2,7.3142858,100,1747916100,6.142857
2025-05-22T12:18:10Z,0,29.936,75.7,61,70.7,8,7,224,70,0.0,255,32767,0.11,2090-9-18,0.0,0.52,26.6,0.0,0.0,0.0,0,4.822265625,6,45,05:40,20:21,2025-05-22 12:18:10.223796,Città della Scienza,58.9,8.510736,8.283215,6.5636973,5.3851476,EU EEA Common AQI,77.0,6.731435,6.5985823,7200,5.4,100,100,65.1,4.9142857,Very Low,76.6,7.015247,100,1747916100,Very Low,5.2509575,8.205559,Very Low,7.9662356,61.2,7.3142858,100,1747916100,6.142857
2025-05-22T12:18:21Z,0,29.936,75.7,61,70.7,5,7,196,70,0.0,255,32767,0.11,2090-9-18,0.0,0.52,26.6,0.0,0.0,0.0,0,4.822265625,6,45,05:40,20:21,2025-05-22 12:18:21.328792,Città della Scienza,58.9,8.510736,8.283215,6.5636973,5.3851476,EU EEA Common AQI,77.0,6.731435,6.5985823,7200,5.4,100,100,65.1,4.9142857,Very Low,76.6,7.015247,100,1747916100,Very Low,5.2509575,8.205559,Very Low,7.9662356,61.2,7.3142858,100,1747916100,6.142857
2025-05-22T12:18:32Z,0,29.936,75.7,61,70.6,5,7,221,70,0.0,255,32767,0.11,2090-9-18,0.0,0.52,26.6,0.0,0.0,0.0,0,4.822265625,6,45,05:40,20:21,2025-05-22 12:18:32.408790,Città della Scienza,58.9,8.510736,8.283215,6.5636973,5.3851476,EU EEA Common AQI,77.0,6.731435,6.5985823,7200,5.4,100,100,65.1,4.9142857,Very Low,76.6,7.015247,100,1747916100,Very Low,5.2509575,8.205559,Very Low,7.9662356,61.2,7.3142858,100,1747916100,6.142857
2025-05-22T12:18:43Z,0,29.937,75.6,61,70.6,7,7,222,70,0.0,255,32767,0.11,2090-9-18,0.0,0.52,26.6,0.0,0.0,0.0,0,4.822265625,6,45,05:40,20:21,2025-05-22 12:18:43.493788,Città della Scienza,58.9,8.510736,8.283215,6.5636973,5.3851476,EU EEA Common AQI,77.0,6.731435,6.5985823,7200,5.4,100,100,65.1,4.9142857,Very Low,76.6,7.015247,100,1747916100,Very Low,5.2509575,8.205559,Very Low,7.9662356,61.2,7.3142858,100,1747916100,6.142857
2025-05-22T12:18:54Z,0,29.937,75.6,61,70.6,7,7,230,70,0.0,255,32767,0.11,2090-9-18,0.0,0.52,26.6,0.0,0.0,0.0,0,4.822265625,6,45,05:40,20:21,2025-05-22 12:18:54.602800,Città della Scienza,58.9,8.510736,8.283215,6.5636973,5.3851476,EU EEA Common AQI,77.0,6.731435,6.5985823,7200,5.4,100,100,65.1,4.9142857,Very Low,76.6,7.015247,100,1747916100,Very Low,5.2509575,8.205559,Very Low,7.9662356,61.2,7.3142858,100,1747916100,6.142857
2025-05-22T12:19:05Z,0,29.937,75.6,61,70.6,6,7,211,70,0.0,255,32767,0.11,2090-9-18,0.0,0.52,26.6,0.0,0.0,0.0,0,4.822265625,6,45,05:40,20:21,2025-05-22 12:19:05.695803,Città della Scienza,58.9,8.510736,8.283215,6.5636973,5.3851476,EU EEA Common AQI,77.0,6.731435,6.5985823,7200,5.4,100,100,65.1,4.9142857,Very Low,76.6,7.015247,100,1747916100,Very Low,5.2509575,8.205559,Very Low,7.9662356,61.2,7.3142858,100,1747916100,6.142857
2025-05-22T12:19:17Z,0,29.937,75.6,61,70.6,3,7,241,70,0.0,255,32767,0.11,2090-9-18,0.0,0.52,26.6,0.0,0.0,0.0,0,4.822265625,6,45,05:40,20:21,2025-05-22 12:19:16.848804,Città della Scienza,58.9,8.510736,8.283215,6.5636973,5.3851476,EU EEA Common AQI,77.0,6.731435,6.5985823,7200,5.4,100,100,65.1,4.9142857,Very Low,76.6,7.015247,100,1747916100,Very Low,5.2509575,8.205559,Very Low,7.9662356,61.2,7.3142858,100,1747916100,6.142857
2025-05-22T12:19:28Z,0,29.937,75.6,61,70.6,4,7,188,70,0.0,255,32767,0.11,2090-9-18,0.0,0.52,26.6,0.0,0.0,0.0,0,4.822265625,6,45,05:40,20:21,2025-05-22 12:19:27.974804,Città della Scienza,58.9,8.510736,8.283215,6.5636973,5.3851476,EU EEA Common AQI,77.0,6.731435,6.5985823,7200,5.4,100,100,65.1,4.9142857,Very Low,76.6,7.015247,100,1747916100,Very Low,5.2509575,8.205559,Very Low,7.9662356,61.2,7.3142858,100,1747916100,6.142857
2025-05-22T12:19:39Z,0,29.953,75.7,61,70.6,4,7,238,70,0.0,255,32767,0.11,2090-9-18,0.0,0.52,26.6,0.0,0.0,0.0,0,4.822265625,6,45,05:40,20:21,2025-05-22 12:19:39.054555,Città della Scienza,58.9,8.510736,8.283215,6.5636973,5.3851476,EU EEA Common AQI,77.0,6.731435,6.5985823,7200,5.4,100,100,65.1,4.9142857,Very Low,76.6,7.015247,100,1747916100,Very Low,5.2509575,8.205559,Very Low,7.9662356,61.2,7.3142858,100,1747916100,6.142857
2025-05-22T12:19:50Z,0,29.953,75.7,61,70.6,3,7,236,70,0.0,255,32767,0.11,2090-9-18,0.0,0.52,26.6,0.0,0.0,0.0,0,4.822265625,6,45,05:40,20:21,2025-05-22 12:19:50.184795,Città della Scienza,58.9,8.510736,8.283215,6.5636973,5.3851476,EU EEA Common AQI,77.0,6.731435,6.5985823,7200,5.4,100,100,65.1,4.9142857,Very Low,76.6,7.015247,100,1747916100,Very Low,5.2509575,8.205559,Very Low,7.9662356,61.2,7.3142858,100,1747916100,6.142857
2025-05-22T12:20:01Z,0,29.953,75.7,61,70.6,2,7,181,70,0.0,255,32767,0.11,2090-9-18,0.0,0.52,26.6,0.0,0.0,0.0,0,4.822265625,6,45,05:40,20:21,2025-05-22 12:20:01.298796,Città della Scienza,58.9,8.510736,8.283215,6.5636973,5.3851476,EU EEA Common AQI,77.0,6.731435,6.5985823,7200,5.4,100,100,65.1,4.9142857,Very Low,76.6,7.015247,100,1747916100,Very Low,5.2509575,8.205559,Very Low,7.9662356,61.2,7.3142858,100,1747916100,6.142857
2025-05-22T12:20:12Z,0,29.953,75.7,61,70.6,3,7,178,70,0.0,255,32767,0.11,2090-9-18,0.0,0.52,26.6,0.0,0.0,0.0,0,4.822265625,6,45,05:40,20:21,2025-05-22 12:20:12.412794,Città della Scienza,58.9,8.510736,8.283215,6.5636973,5.3851476,EU EEA Common AQI,77.0,6.731435,6.5985823,7200,5.4,100,100,65.1,4.9142857,Very Low,76.6,7.015247,100,1747916100,Very Low,5.2509575,8.205559,Very Low,7.9662356,61.2,7.3142858,100,1747916100,6.142857
2025-05-22T12:20:23Z,0,29.953,75.7,61,70.6,3,7,180,70,0.0,255,32767,0.11,2090-9-18,0.0,0.52,26.6,0.0,0.0,0.0,0,4.822265625,6,45,05:40,20:21,2025-05-22 12:20:23.524780,Città della Scienza,58.9,8.510736,8.283215,6.5636973,5.3851476,EU EEA Common AQI,77.0,6.731435,6.5985823,7200,5.4,100,100,65.1,4.9142857,Very Low,76.6,7.015247,100,1747916100,Very Low,5.2509575,8.205559,Very Low,7.9662356,61.2,7.3142858,100,1747916100,6.142857
2025-05-22T12:20:34Z,0,29.936,75.7,61,70.7,8,6,225,70,0.0,255,32767,0.11,2090-9-18,0.0,0.52,26.6,0.0,0.0,0.0,0,4.822265625,6,45,05:40,20:21,2025-05-22 12:20:34.624807,Città della Scienza,58.9,8.510736,8.283215,6.5636973,5.3851476,EU EEA Common AQI,77.0,6.731435,6.5985823,7200,5.4,100,100,65.1,4.9142857,Very Low,76.6,7.015247,100,1747916100,Very Low,5.2509575,8.205559,Very Low,7.9662356,61.2,7.3142858,100,1747916100,6.142857
2025-05-22T12:20:45Z,0,29.936,75.7,61,70.7,6,6,239,69,0.0,255,32767,0.11,2090-9-18,0.0,0.52,26.6,0.0,0.0,0.0,0,4.822265625,6,45,05:40,20:21,2025-05-22 12:20:45.719796,Città della Scienza,58.9,8.510736,8.283215,6.5636973,5.3851476,EU EEA Common AQI,77.0,6.731435,6.5985823,7200,5.4,100,100,65.1,4.9142857,Very Low,76.6,7.015247,100,1747916100,Very Low,5.2509575,8.205559,Very Low,7.9662356,61.2,7.3142858,100,1747916100,6.142857
2025-05-22T12:20:57Z,0,29.936,75.7,61,70.6,6,6,236,69,0.0,255,32767,0.11,2090-9-18,0.0,0.52,26.6,0.0,0.0,0.0,0,4.822265625,6,45,05:40,20:21,2025-05-22 12:20:56.831814,Città della Scienza,58.9,8.510736,8.283215,6.5636973,5.3851476,EU EEA Common AQI,77.0,6.731435,6.5985823,7200,5.4,100,100,65.1,4.9142857,Very Low,76.6,7.015247,100,1747916100,Very Low,5.2509575,8.205559,Very Low,7.9662356,61.2,7.3142858,100,1747916100,6.142857
2025-05-22T12:21:08Z,0,29.936,75.7,61,70.6,7,6,248,69,0.0,255,32767,0.11,2090-9-18,0.0,0.52,26.6,0.0,0.0,0.0,0,4.822265625,6,45,05:40,20:21,2025-05-22 12:21:07.950750,Città della Scienza,58.9,8.510736,8.283215,6.5636973,5.3851476,EU EEA Common AQI,77.0,6.731435,6.5985823,7200,5.4,100,100,65.1,4.9142857,Very Low,76.6,7.015247,100,1747916100,Very Low,5.2509575,8.205559,Very Low,7.9662356,61.2,7.3142858,100,1747916100,6.142857
2025-05-22T12:21:19Z,0,29.936,75.7,61,70.6,4,6,227,69,0.0,255,32767,0.11,2090-9-18,0.0,0.52,26.6,0.0,0.0,0.0,0,4.822265625,6,45,05:40,20:21,2025-05-22 12:21:19.060787,Città della Scienza,58.9,8.510736,8.283215,6.5636973,5.3851476,EU EEA Common AQI,77.0,6.731435,6.5985823,7200,5.4,100,100,65.1,4.9142857,Very Low,76.6,7.015247,100,1747916100,Very Low,5.2509575,8.205559,Very Low,7.9662356,61.2,7.3142858,100,1747916100,6.142857
2025-05-22T12:21:30Z,0,29.936,75.7,61,70.6,3,6,228,69,0.0,255,32767,0.11,2090-9-18,0.0,0.52,26.6,0.0,0.0,0.0,0,4.822265625,6,45,05:40,20:21,2025-05-22 12:21:30.176796,Città della Scienza,58.9,8.510736,8.283215,6.5636973,5.3851476,EU EEA Common AQI,77.0,6.731435,6.5985823,7200,5.4,100,100,65.1,4.9142857,Very Low,76.6,7.015247,100,1747916100,Very Low,5.2509575,8.205559,Very Low,7.9662356,61.2,7.3142858,100,1747916100,6.142857
2025-05-22T12:21:41Z,0,29.937,75.7,61,70.6,3,6,219,69,0.0,255,32767,0.11,2090-9-18,0.0,0.52,26.6,0.0,0.0,0.0,0,4.822265625,6,45,05:40,20:21,2025-05-22 12:21:41.322798,Città della Scienza,58.9,8.510736,8.283215,6.5636973,5.3851476,EU EEA Common AQI,77.0,6.731435,6.5985823,7200,5.4,100,100,65.1,4.9142857,Very Low,76.6,7.015247,100,1747916100,Very Low,5.2509575,8.205559,Very Low,7.9662356,61.2,7.3142858,100,1747916100,6.142857
2025-05-22T12:21:52Z,0,29.937,75.7,61,70.6,4,6,283,69,0.0,255,32767,0.11,2090-9-18,0.0,0.52,26.6,0.0,0.0,0.0,0,4.822265625,6,45,05:40,20:21,2025-05-22 12:21:52.480793,Città della Scienza,58.9,8.510736,8.283215,6.5636973,5.3851476,EU EEA Common AQI,77.0,6.731435,6.5985823,7200,5.4,100,100,65.1,4.9142857,Very Low,76.6,7.015247,100,1747916100,Very Low,5.2509575,8.205559,Very Low,7.9662356,61.2,7.3142858,100,1747916100,6.142857
2025-05-22T12:22:03Z,0,29.937,75.7,61,70.6,6,6,194,69,0.0,255,32767,0.11,2090-9-18,0.0,0.52,26.6,0.0,0.0,0.0,0,4.822265625,6,45,05:40,20:21,2025-05-22 12:22:03.555795,Città della Scienza,58.9,8.510736,8.283215,6.5636973,5.3851476,EU EEA Common AQI,77.0,6.731435,6.5985823,7200,5.4,100,100,65.1,4.9142857,Very Low,76.6,7.015247,100,1747916100,Very Low,5.2509575,8.205559,Very Low,7.9662356,61.2,7.3142858,100,1747916100,6.142857
2025-05-22T12:22:14Z,0,29.937,75.7,61,70.6,6,6,219,69,0.0,255,32767,0.11,2090-9-18,0.0,0.52,26.6,0.0,0.0,0.0,0,4.822265625,6,45,05:40,20:21,2025-05-22 12:22:14.672797,Città della Scienza,58.9,8.510736,8.283215,6.5636973,5.3851476,EU EEA Common AQI,77.0,6.731435,6.5985823,7200,5.4,100,100,65.1,4.9142857,Very Low,76.6,7.015247,100,1747916100,Very Low,5.2509575,8.205559,Very Low,7.9662356,61.2,7.3142858,100,1747916100,6.142857
2025-05-22T12:22:25Z,0,29.937,75.7,61,70.6,3,6,217,70,0.0,255,32767,0.11,2090-9-18,0.0,0.52,26.6,0.0,0.0,0.0,0,4.822265625,6,45,05:40,20:21,2025-05-22 12:22:25.785811,Città della Scienza,58.9,8.510736,8.283215,6.5636973,5.3851476,EU EEA Common AQI,77.0,6.731435,6.5985823,7200,5.4,100,100,65.1,4.9142857,Very Low,76.6,7.015247,100,1747916100,Very Low,5.2509575,8.205559,Very Low,7.9662356,61.2,7.3142858,100,1747916100,6.142857
2025-05-22T12:22:37Z,0,29.933,75.7,61,70.7,7,6,190,70,0.0,255,32767,0.11,2090-9-18,0.0,0.52,26.6,0.0,0.0,0.0,0,4.822265625,6,45,05:40,20:21,2025-05-22 12:22:36.892805,Città della Scienza,58.9,8.510736,8.283215,6.5636973,5.3851476,EU EEA Common AQI,77.0,6.731435,6.5985823,7200,5.4,100,100,65.1,4.9142857,Very Low,76.6,7.015247,100,1747916100,Very Low,5.2509575,8.205559,Very Low,7.9662356,61.2,7.3142858,100,1747916100,6.142857
2025-05-22T12:22:48Z,0,29.933,75.7,61,70.7,9,6,167,70,0.0,255,32767,0.11,2090-9-18,0.0,0.52,26.6,0.0,0.0,0.0,0,4.822265625,6,45,05:40,20:21,2025-05-22 12:22:47.999788,Città della Scienza,58.9,8.510736,8.283215,6.5636973,5.3851476,EU EEA Common AQI,77.0,6.731435,6.5985823,7200,5.4,100,100,65.1,4.9142857,Very Low,76.6,7.015247,100,1747916100,Very Low,5.2509575,8.205559,Very Low,7.9662356,61.2,7.3142858,100,1747916100,6.142857
2025-05-22T12:22:59Z,0,29.933,75.7,61,70.7,2,6,231,70,0.0,255,32767,0.11,2090-9-18,0.0,0.52,26.6,0.0,0.0,0.0,0,4.822265625,6,45,05:40,20:21,2025-05-22 12:22:59.177788,Città della Scienza,58.9,8.510736,8.283215,6.5636973,5.3851476,EU EEA Common AQI,77.0,6.731435,6.5985823,7200,5.4,100,100,65.1,4.9142857,Very Low,76.6,7.015247,100,1747916100,Very Low,5.2509575,8.205559,Very Low,7.9662356,61.2,7.3142858,100,1747916100,6.142857
2025-05-22T12:23:10Z,0,29.933,75.7,61,70.7,6,6,212,70,0.0,255,32767,0.11,2090-9-18,0.0,0.52,26.6,0.0,0.0,0.0,0,4.822265625,6,45,05:40,20:21,2025-05-22 12:23:10.318795,Città della Scienza,58.9,8.510736,8.283215,6.5636973,5.3851476,EU EEA Common AQI,77.0,6.731435,6.5985823,7200,5.4,100,100,65.1,4.9142857,Very Low,76.6,7.015247,100,1747916100,Very Low,5.2509575,8.205559,Very Low,7.9662356,61.2,7.3142858,100,1747916100,6.142857
2025-05-22T12:23:21Z,0,29.933,75.7,61,70.7,3,6,246,70,0.0,255,32767,0.11,2090-9-18,0.0,0.52,26.6,0.0,0.0,0.0,0,4.822265625,6,45,05:40,20:21,2025-05-22 12:23:21.437791,Città della Scienza,58.9,8.510736,8.283215,6.5636973,5.3851476,EU EEA Common AQI,77.0,6.731435,6.5985823,7200,5.4,100,100,65.1,4.9142857,Very Low,76.6,7.015247,100,1747916100,Very Low,5.2509575,8.205559,Very Low,7.9662356,61.2,7.3142858,100,1747916100,6.142857
2025-05-22T12:23:32Z,0,29.933,75.7,61,70.7,2,6,209,70,0.0,255,32767,0.11,2090-9-18,0.0,0.52,26.6,0.0,0.0,0.0,0,4.822265625,6,45,05:40,20:21,2025-05-22 12:23:32.542800,Città della Scienza,58.9,8.510736,8.283215,6.5636973,5.3851476,EU EEA Common AQI,77.0,6.731435,6.5985823,7200,5.4,100,100,65.1,4.9142857,Very Low,76.6,7.015247,100,1747916100,Very Low,5.2509575,8.205559,Very Low,7.9662356,61.2,7.3142858,100,1747916100,6.142857
2025-05-22T12:23:43Z,0,29.935,75.7,61,70.7,2,6,173,70,0.0,255,32767,0.11,2090-9-18,0.0,0.52,26.6,0.0,0.0,0.0,0,4.822265625,6,45,05:40,20:21,2025-05-22 12:23:43.622793,Città della Scienza,58.9,8.510736,8.283215,6.5636973,5.3851476,EU EEA Common AQI,77.0,6.731435,6.5985823,7200,5.4,100,100,65.1,4.9142857,Very Low,76.6,7.015247,100,1747916100,Very Low,5.2509575,8.205559,Very Low,7.9662356,61.2,7.3142858,100,1747916100,6.142857
2025-05-22T12:23:54Z,0,29.935,75.7,61,70.8,2,6,247,70,0.0,255,32767,0.11,2090-9-18,0.0,0.52,26.6,0.0,0.0,0.0,0,4.822265625,6,45,05:40,20:21,2025-05-22 12:23:54.743806,Città della Scienza,58.9,8.510736,8.283215,6.5636973,5.3851476,EU EEA Common AQI,77.0,6.731435,6.5985823,7200,5.4,100,100,65.1,4.9142857,Very Low,76.6,7.015247,100,1747916100,Very Low,5.2509575,8.205559,Very Low,7.9662356,61.2,7.3142858,100,1747916100,6.142857
2025-05-22T12:24:06Z,0,29.935,75.7,61,70.8,4,6,152,70,0.0,255,32767,0.11,2090-9-18,0.0,0.52,26.6,0.0,0.0,0.0,0,4.822265625,6,45,05:40,20:21,2025-05-22 12:24:05.839797,Città della Scienza,58.9,8.510736,8.283215,6.5636973,5.3851476,EU EEA Common AQI,77.0,6.731435,6.5985823,7200,5.4,100,100,65.1,4.9142857,Very Low,76.6,7.015247,100,1747916100,Very Low,5.2509575,8.205559,Very Low,7.9662356,61.2,7.3142858,100,1747916100,6.142857
2025-05-22T12:24:17Z,0,29.935,75.7,61,70.8,3,6,186,70,0.0,255,32767,0.11,2090-9-18,0.0,0.52,26.6,0.0,0.0,0.0,0,4.822265625,6,45,05:40,20:21,2025-05-22 12:24:16.977756,Città della Scienza,58.9,8.510736,8.283215,6.5636973,5.3851476,EU EEA Common AQI,77.0,6.731435,6.5985823,7200,5.4,100,100,65.1,4.9142857,Very Low,76.6,7.015247,100,1747916100,Very Low,5.2509575,8.205559,Very Low,7.9662356,61.2,7.3142858,100,1747916100,6.142857
2025-05-22T12:24:28Z,0,29.935,75.7,61,70.8,5,6,292,70,0.0,255,32767,0.11,2090-9-18,0.0,0.52,26.6,0.0,0.0,0.0,0,4.822265625,6,45,05:40,20:21,2025-05-22 12:24:28.120797,Città della Scienza,58.9,8.510736,8.283215,6.5636973,5.3851476,EU EEA Common AQI,77.0,6.731435,6.5985823,7200,5.4,100,100,65.1,4.9142857,Very Low,76.6,7.015247,100,1747916100,Very Low,5.2509575,8.205559,Very Low,7.9662356,61.2,7.3142858,100,1747916100,6.142857
2025-05-22T12:24:40Z,0,29.935,75.8,61,70.8,5,5,203,70,0.0,255,32767,0.11,2090-9-18,0.0,0.52,26.6,0.0,0.0,0.0,0,4.822265625,6,45,05:40,20:21,2025-05-22 12:24:39.868800,Città della Scienza,58.9,8.510736,8.283215,6.5636973,5.3851476,EU EEA Common AQI,77.0,6.731435,6.5985823,7200,5.4,100,100,65.1,4.9142857,Very Low,76.6,7.015247,100,1747916100,Very Low,5.2509575,8.205559,Very Low,7.9662356,61.2,7.3142858,100,1747916100,6.142857
2025-05-22T12:24:51Z,0,29.935,75.8,61,70.8,9,5,174,70,0.0,255,32767,0.11,2090-9-18,0.0,0.52,26.6,0.0,0.0,0.0,0,4.822265625,6,45,05:40,20:21,2025-05-22 12:24:51.488791,Città della Scienza,58.9,8.510736,8.283215,6.5636973,5.3851476,EU EEA Common AQI,77.0,6.731435,6.5985823,7200,5.4,100,100,65.1,4.9142857,Very Low,76.6,7.015247,100,1747916100,Very Low,5.2509575,8.205559,Very Low,7.9662356,61.2,7.3142858,100,1747916100,6.142857
2025-05-22T12:25:03Z,0,29.935,75.8,61,70.8,4,5,222,70,0.0,255,32767,0.11,2090-9-18,0.0,0.52,26.6,0.0,0.0,0.0,0,4.822265625,6,45,05:40,20:21,2025-05-22 12:25:02.862796,Città della Scienza,58.9,8.510736,8.283215,6.5636973,5.3851476,EU EEA Common AQI,77.0,6.731435,6.5985823,7200,5.4,100,100,65.1,4.9142857,Very Low,76.6,7.015247,100,1747916100,Very Low,5.2509575,8.205559,Very Low,7.9662356,61.2,7.3142858,100,1747916100,6.142857
2025-05-22T12:25:14Z,0,29.935,75.8,61,70.8,7,5,154,70,0.0,255,32767,0.11,2090-9-18,0.0,0.52,26.6,0.0,0.0,0.0,0,4.822265625,6,45,05:40,20:21,2025-05-22 12:25:14.235796,Città della Scienza,58.9,8.510736,8.283215,6.5636973,5.3851476,EU EEA Common AQI,77.0,6.731435,6.5985823,7200,5.4,100,100,65.1,4.9142857,Very Low,76.6,7.015247,100,1747916100,Very Low,5.2509575,8.205559,Very Low,7.9662356,61.2,7.3142858,100,1747916100,6.142857
2025-05-22T12:25:25Z,0,29.935,75.8,61,70.9,3,5,214,70,0.0,255,32767,0.11,2090-9-18,0.0,0.52,26.6,0.0,0.0,0.0,0,4.822265625,6,45,05:40,20:21,2025-05-22 12:25:25.374759,Città della Scienza,58.9,8.510736,8.283215,6.5636973,5.3851476,EU EEA Common AQI,77.0,6.731435,6.5985823,7200,5.4,100,100,65.1,4.9142857,Very Low,76.6,7.015247,100,1747916100,Very Low,5.2509575,8.205559,Very Low,7.9662356,61.2,7.3142858,100,1747916100,6.142857
2025-05-22T12:25:36Z,0,29.936,75.7,61,70.9,3,5,229,70,0.0,255,32767,0.11,2090-9-18,0.0,0.52,26.6,0.0,0.0,0.0,0,4.822265625,6,45,05:40,20:21,2025-05-22 12:25:36.536798,Città della Scienza,58.9,8.510736,8.283215,6.5636973,5.3851476,EU EEA Common AQI,77.0,6.731435,6.5985823,7200,5.4,100,100,65.1,4.9142857,Very Low,76.6,7.015247,100,1747916100,Very Low,5.2509575,8.205559,Very Low,7.9662356,61.2,7.3142858,100,1747916100,6.142857
2025-05-22T12:25:47Z,0,29.936,75.7,61,70.9,3,5,198,70,0.0,255,32767,0.11,2090-9-18,0.0,0.52,26.6,0.0,0.0,0.0,0,4.822265625,6,45,05:40,20:21,2025-05-22 12:25:47.637760,Città della Scienza,58.9,8.510736,8.283215,6.5636973,5.3851476,EU EEA Common AQI,77.0,6.731435,6.5985823,7200,5.4,100,100,65.1,4.9142857,Very Low,76.6,7.015247,100,1747916100,Very Low,5.2509575,8.205559,Very Low,7.9662356,61.2,7.3142858,100,1747916100,6.142857
2025-05-22T12:25:58Z,0,29.936,75.7,61,71.0,6,5,194,70,0.0,255,32767,0.11,2090-9-18,0.0,0.52,26.6,0.0,0.0,0.0,0,4.822265625,6,45,05:40,20:21,2025-05-22 12:25:58.784796,Città della Scienza,58.9,8.510736,8.283215,6.5636973,5.3851476,EU EEA Common AQI,77.0,6.731435,6.5985823,7200,5.4,100,100,65.1,4.9142857,Very Low,76.6,7.015247,100,1747916100,Very Low,5.2509575,8.205559,Very Low,7.9662356,61.2,7.3142858,100,1747916100,6.142857
2025-05-22T12:26:10Z,0,29.936,75.7,61,70.9,2,5,85,70,0.0,255,32767,0.11,2090-9-18,0.0,0.52,26.6,0.0,0.0,0.0,0,4.822265625,6,45,05:40,20:21,2025-05-22 12:26:09.912821,Città della Scienza,58.9,8.510736,8.283215,6.5636973,5.3851476,EU EEA Common AQI,77.0,6.731435,6.5985823,7200,5.4,100,100,65.1,4.9142857,Very Low,76.6,7.015247,100,1747916100,Very Low,5.2509575,8.205559,Very Low,7.9662356,61.2,7.3142858,100,1747916100,6.142857
2025-05-22T12:26:21Z,0,29.936,75.7,61,71.0,4,5,227,70,0.0,255,32767,0.11,2090-9-18,0.0,0.52,26.6,0.0,0.0,0.0,0,4.822265625,6,45,05:40,20:21,2025-05-22 12:26:21.032800,Città della Scienza,58.9,8.510736,8.283215,6.5636973,5.3851476,EU EEA Common AQI,77.0,6.731435,6.5985823,7200,5.4,100,100,65.1,4.9142857,Very Low,76.6,7.015247,100,1747916100,Very Low,5.2509575,8.205559,Very Low,7.9662356,61.2,7.3142858,100,1747916100,6.142857
2025-05-22T12:26:32Z,0,29.936,75.7,61,71.0,4,5,191,70,0.0,255,32767,0.11,2090-9-18,0.0,0.52,26.6,0.0,0.0,0.0,0,4.822265625,6,45,05:40,20:21,2025-05-22 12:26:32.129809,Città della Scienza,58.9,8.510736,8.283215,6.5636973,5.3851476,EU EEA Common AQI,77.0,6.731435,6.5985823,7200,5.4,100,100,65.1,4.9142857,Very Low,76.6,7.015247,100,1747916100,Very Low,5.2509575,8.205559,Very Low,7.9662356,61.2,7.3142858,100,1747916100,6.142857
2025-05-22T12:26:43Z,0,29.935,75.8,61,71.0,3,5,77,70,0.0,255,32767,0.11,2090-9-18,0.0,0.52,26.6,0.0,0.0,0.0,0,4.81640625,6,45,05:40,20:21,2025-05-22 12:26:43.254796,Città della Scienza,58.9,8.510736,8.283215,6.5636973,5.3851476,EU EEA Common AQI,77.0,6.731435,6.5985823,7200,5.4,100,100,65.1,4.9142857,Very Low,76.6,7.015247,100,1747916100,Very Low,5.2509575,8.205559,Very Low,7.9662356,61.2,7.3142858,100,1747916100,6.142857
2025-05-22T12:26:54Z,0,29.935,75.8,61,71.1,7,5,287,70,0.0,255,32767,0.11,2090-9-18,0.0,0.52,26.6,0.0,0.0,0.0,0,4.81640625,6,45,05:40,20:21,2025-05-22 12:26:54.413790,Città della Scienza,58.9,8.510736,8.283215,6.5636973,5.3851476,EU EEA Common AQI,77.0,6.731435,6.5985823,7200,5.4,100,100,65.1,4.9142857,Very Low,76.6,7.015247,100,1747916100,Very Low,5.2509575,8.205559,Very Low,7.9662356,61.2,7.3142858,100,1747916100,6.142857
2025-05-22T12:27:05Z,0,29.935,75.8,61,71.0,11,5,232,70,0.0,255,32767,0.11,2090-9-18,0.0,0.52,26.6,0.0,0.0,0.0,0,4.81640625,6,45,05:40,20:21,2025-05-22 12:27:05.516794,Città della Scienza,58.9,8.510736,8.283215,6.5636973,5.3851476,EU EEA Common AQI,77.0,6.731435,6.5985823,7200,5.4,100,100,65.1,4.9142857,Very Low,76.6,7.015247,100,1747916100,Very Low,5.2509575,8.205559,Very Low,7.9662356,61.2,7.3142858,100,1747916100,6.142857
2025-05-22T12:27:16Z,0,29.935,75.8,61,71.0,8,5,230,70,0.0,255,32767,0.11,2090-9-18,0.0,0.52,26.6,0.0,0.0,0.0,0,4.81640625,6,45,05:40,20:21,2025-05-22 12:27:16.620820,Città della Scienza,58.9,8.510736,8.283215,6.5636973,5.3851476,EU EEA Common AQI,77.0,6.731435,6.5985823,7200,5.4,100,100,65.1,4.9142857,Very Low,76.6,7.015247,100,1747916100,Very Low,5.2509575,8.205559,Very Low,7.9662356,61.2,7.3142858,100,1747916100,6.142857
2025-05-22T12:27:27Z,0,29.935,75.8,61,71.1,9,5,303,70,0.0,255,32767,0.11,2090-9-18,0.0,0.52,26.6,0.0,0.0,0.0,0,4.81640625,6,45,05:40,20:21,2025-05-22 12:27:27.755792,Città della Scienza,58.9,8.510736,8.283215,6.5636973,5.3851476,EU EEA Common AQI,77.0,6.731435,6.5985823,7200,5.4,100,100,65.1,4.9142857,Very Low,76.6,7.015247,100,1747916100,Very Low,5.2509575,8.205559,Very Low,7.9662356,61.2,7.3142858,100,1747916100,6.142857
2025-05-22T12:27:39Z,0,29.934,75.8,61,71.1,5,5,222,69,0.0,255,32767,0.11,2090-9-18,0.0,0.52,26.6,0.0,0.0,0.0,0,4.822265625,6,45,05:40,20:21,2025-05-22 12:27:38.850791,Città della Scienza,58.9,8.510736,8.283215,6.5636973,5.3851476,EU EEA Common AQI,77.0,6.731435,6.5985823,7200,5.4,100,100,65.1,4.9142857,Very Low,76.6,7.015247,100,1747916100,Very Low,5.2509575,8.205559,Very Low,7.9662356,61.2,7.3142858,100,1747916100,6.142857
2025-05-22T12:27:50Z,0,29.934,75.8,61,71.1,4,5,211,69,0.0,255,32767,0.11,2090-9-18,0.0,0.52,26.6,0.0,0.0,0.0,0,4.822265625,6,45,05:40,20:21,2025-05-22 12:27:49.982795,Città della Scienza,58.9,8.510736,8.283215,6.5636973,5.3851476,EU EEA Common AQI,77.0,6.731435,6.5985823,7200,5.4,100,100,65.1,4.9142857,Very Low,76.6,7.015247,100,1747916100,Very Low,5.2509575,8.205559,Very Low,7.9662356,61.2,7.3142858,100,1747916100,6.142857
2025-05-22T12:28:01Z,0,29.934,75.8,61,71.1,6,5,180,69,0.0,255,32767,0.11,2090-9-18,0.0,0.52,26.6,0.0,0.0,0.0,0,4.822265625,6,45,05:40,20:21,2025-05-22 12:28:01.129804,Città della Scienza,58.9,8.510736,8.283215,6.5636973,5.3851476,EU EEA Common AQI,77.0,6.731435,6.5985823,7200,5.4,100,100,65.1,4.9142857,Very Low,76.6,7.015247,100,1747916100,Very Low,5.2509575,8.205559,Very Low,7.9662356,61.2,7.3142858,100,1747916100,6.142857
2025-05-22T12:28:12Z,0,29.934,75.8,61,71.1,7,5,186,69,0.0,255,32767,0.11,2090-9-18,0.0,0.52,26.6,0.0,0.0,0.0,0,4.822265625,6,45,05:40,20:21,2025-05-22 12:28:12.252799,Città della Scienza,58.9,8.510736,8.283215,6.5636973,5.3851476,EU EEA Common AQI,77.0,6.731435,6.5985823,7200,5.4,100,100,65.1,4.9142857,Very Low,76.6,7.015247,100,1747916100,Very Low,5.2509575,8.205559,Very Low,7.9662356,61.2,7.3142858,100,1747916100,6.142857
2025-05-22T12:28:23Z,0,29.934,75.8,61,71.1,10,5,176,69,0.0,255,32767,0.11,2090-9-18,0.0,0.52,26.6,0.0,0.0,0.0,0,4.822265625,6,45,05:40,20:21,2025-05-22 12:28:23.382793,Città della Scienza,58.9,8.510736,8.283215,6.5636973,5.3851476,EU EEA Common AQI,77.0,6.731435,6.5985823,7200,5.4,100,100,65.1,4.9142857,Very Low,76.6,7.015247,100,1747916100,Very Low,5.2509575,8.205559,Very Low,7.9662356,61.2,7.3142858,100,1747916100,6.142857
2025-05-22T12:28:34Z,0,29.935,75.8,61,71.0,7,5,248,69,0.0,255,32767,0.11,2090-9-18,0.0,0.52,26.6,0.0,0.0,0.0,0,4.822265625,6,45,05:40,20:21,2025-05-22 12:28:34.509793,Città della Scienza,58.9,8.510736,8.283215,6.5636973,5.3851476,EU EEA Common AQI,77.0,6.731435,6.5985823,7200,5.4,100,100,65.1,4.9142857,Very Low,76.6,7.015247,100,1747916100,Very Low,5.2509575,8.205559,Very Low,7.9662356,61.2,7.3142858,100,1747916100,6.142857
2025-05-22T12:28:45Z,0,29.935,75.8,61,71.0,6,5,146,69,0.0,255,32767,0.11,2090-9-18,0.0,0.52,26.6,0.0,0.0,0.0,0,4.822265625,6,45,05:40,20:21,2025-05-22 12:28:45.619792,Città della Scienza,58.9,8.510736,8.283215,6.5636973,5.3851476,EU EEA Common AQI,77.0,6.731435,6.5985823,7200,5.4,100,100,65.1,4.9142857,Very Low,76.6,7.015247,100,1747916100,Very Low,5.2509575,8.205559,Very Low,7.9662356,61.2,7.3142858,100,1747916100,6.142857
2025-05-22T12:28:56Z,0,29.935,75.8,61,71.0,4,5,244,69,0.0,255,32767,0.11,2090-9-18,0.0,0.52,26.6,0.0,0.0,0.0,0,4.822265625,6,45,05:40,20:21,2025-05-22 12:28:56.749801,Città della Scienza,58.9,8.510736,8.283215,6.5636973,5.3851476,EU EEA Common AQI,77.0,6.731435,6.5985823,7200,5.4,100,100,65.1,4.9142857,Very Low,76.6,7.015247,100,1747916100,Very Low,5.2509575,8.205559,Very Low,7.9662356,61.2,7.3142858,100,1747916100,6.142857
2025-05-22T12:29:08Z,0,29.935,75.8,61,71.0,4,5,143,69,0.0,255,32767,0.11,2090-9-18,0.0,0.52,26.6,0.0,0.0,0.0,0,4.822265625,6,45,05:40,20:21,2025-05-22 12:29:07.864797,Città della Scienza,58.9,8.510736,8.283215,6.5636973,5.3851476,EU EEA Common AQI,77.0,6.731435,6.5985823,7200,5.4,100,100,65.1,4.9142857,Very Low,76.6,7.015247,100,1747916100,Very Low,5.2509575,8.205559,Very Low,7.9662356,61.2,7.3142858,100,1747916100,6.142857
2025-05-22T12:29:19Z,0,29.935,75.8,61,71.0,4,5,192,69,0.0,255,32767,0.11,2090-9-18,0.0,0.52,26.6,0.0,0.0,0.0,0,4.822265625,6,45,05:40,20:21,2025-05-22 12:29:18.969798,Città della Scienza,58.9,8.510736,8.283215,6.5636973,5.3851476,EU EEA Common AQI,77.0,6.731435,6.5985823,7200,5.4,100,100,65.1,4.9142857,Very Low,76.6,7.015247,100,1747916100,Very Low,5.2509575,8.205559,Very Low,7.9662356,61.2,7.3142858,100,1747916100,6.142857
2025-05-22T12:29:30Z,0,29.935,75.8,61,71.1,3,5,272,69,0.0,255,32767,0.11,2090-9-18,0.0,0.52,26.6,0.0,0.0,0.0,0,4.822265625,6,45,05:40,20:21,2025-05-22 12:29:30.084785,Città della Scienza,58.9,8.510736,8.283215,6.5636973,5.3851476,EU EEA Common AQI,77.0,6.731435,6.5985823,7200,5.4,100,100,65.1,4.9142857,Very Low,76.6,7.015247,100,1747916100,Very Low,5.2509575,8.205559,Very Low,7.9662356,61.2,7.3142858,100,1747916100,6.142857
2025-05-22T12:29:41Z,0,29.933,75.8,61,71.1,4,5,227,69,0.0,255,32767,0.11,2090-9-18,0.0,0.52,26.6,0.0,0.0,0.0,0,4.822265625,6,45,05:40,20:21,2025-05-22 12:29:41.212811,Città della Scienza,58.9,8.510736,8.283215,6.5636973,5.3851476,EU EEA Common AQI,77.0,6.731435,6.5985823,7200,5.4,100,100,65.1,4.9142857,Very Low,76.6,7.015247,100,1747916100,Very Low,5.2509575,8.205559,Very Low,7.9662356,61.2,7.3142858,100,1747916100,6.142857
2025-05-22T12:29:52Z,0,29.933,75.8,61,71.0,5,5,229,69,0.0,255,32767,0.11,2090-9-18,0.0,0.52,26.6,0.0,0.0,0.0,0,4.822265625,6,45,05:40,20:21,2025-05-22 12:29:52.313808,Città della Scienza,58.9,8.510736,8.283215,6.5636973,5.3851476,EU EEA Common AQI,77.0,6.731435,6.5985823,7200,5.4,100,100,65.1,4.9142857,Very Low,76.6,7.015247,100,1747916100,Very Low,5.2509575,8.205559,Very Low,7.9662356,61.2,7.3142858,100,1747916100,6.142857
2025-05-22T12:30:03Z,0,29.933,75.8,61,71.0,6,5,180,69,0.0,255,32767,0.11,2090-9-18,0.0,0.52,26.6,0.0,0.0,0.0,0,4.822265625,6,45,05:40,20:21,2025-05-22 12:30:03.425787,Città della Scienza,58.9,8.510736,8.283215,6.5636973,5.3851476,EU EEA Common AQI,77.0,6.731435,6.5985823,7200,5.4,100,100,65.1,4.9142857,Very Low,76.6,7.015247,100,1747916100,Very Low,5.2509575,8.205559,Very Low,7.9662356,61.2,7.3142858,100,1747916100,6.142857
2025-05-22T12:30:14Z,0,29.933,75.8,61,71.0,9,5,217,69,0.0,255,32767,0.11,2090-9-18,0.0,0.52,26.6,0.0,0.0,0.0,0,4.822265625,6,45,05:40,20:21,2025-05-22 12:30:14.533794,Città della Scienza,58.9,8.510736,8.283215,6.5636973,5.3851476,EU EEA Common AQI,77.0,6.731435,6.5985823,7200,5.4,100,100,65.1,4.9142857,Very Low,76.6,7.015247,100,1747916100,Very Low,5.2509575,8.205559,Very Low,7.9662356,61.2,7.3142858,100,1747916100,6.142857
2025-05-22T12:30:25Z,0,29.933,75.8,61,71.1,9,5,246,69,0.0,255,32767,0.11,2090-9-18,0.0,0.52,26.6,0.0,0.0,0.0,0,4.822265625,6,45,05:40,20:21,2025-05-22 12:30:25.671792,Città della Scienza,57.7,8.32607,8.297048,6.226478,5.266263,EU EEA Common AQI,76.8,6.582829,6.623333,7200,5.1571426,100,100,64.6,4.6057143,Very Low,76.5,6.8840995,100,1747917000,Very Low,4.981182,8.00741,Very Low,7.5278907,60.5,7.4428573,100,1747917000,5.757143
2025-05-22T12:30:37Z,0,29.931,75.8,61,71.1,9,5,223,69,0.0,255,32767,0.11,2090-9-18,0.0,0.52,26.6,0.0,0.0,0.0,0,4.822265625,6,45,05:40,20:21,2025-05-22 12:30:36.809801,Città della Scienza,57.7,8.32607,8.297048,6.226478,5.266263,EU EEA Common AQI,76.8,6.582829,6.623333,7200,5.1571426,100,100,64.6,4.6057143,Very Low,76.5,6.8840995,100,1747917000,Very Low,4.981182,8.00741,Very Low,7.5278907,60.5,7.4428573,100,1747917000,5.757143
2025-05-22T12:30:48Z,0,29.931,75.8,61,71.1,5,5,205,69,0.0,255,32767,0.11,2090-9-18,0.0,0.52,26.6,0.0,0.0,0.0,0,4.822265625,6,45,05:40,20:21,2025-05-22 12:30:47.886800,Città della Scienza,57.7,8.32607,8.297048,6.226478,5.266263,EU EEA Common AQI,76.8,6.582829,6.623333,7200,5.1571426,100,100,64.6,4.6057143,Very Low,76.5,6.8840995,100,1747917000,Very Low,4.981182,8.00741,Very Low,7.5278907,60.5,7.4428573,100,1747917000,5.757143
2025-05-22T12:30:59Z,0,29.931,75.8,61,71.1,8,5,180,69,0.0,255,32767,0.11,2090-9-18,0.0,0.52,26.6,0.0,0.0,0.0,0,4.822265625,6,45,05:40,20:21,2025-05-22 12:30:59.010789,Città della Scienza,57.7,8.32607,8.297048,6.226478,5.266263,EU EEA Common AQI,76.8,6.582829,6.623333,7200,5.1571426,100,100,64.6,4.6057143,Very Low,76.5,6.8840995,100,1747917000,Very Low,4.981182,8.00741,Very Low,7.5278907,60.5,7.4428573,100,1747917000,5.757143
2025-05-22T12:31:10Z,0,29.931,75.8,61,71.0,6,5,204,68,0.0,255,32767,0.11,2090-9-18,0.0,0.52,26.6,0.0,0.0,0.0,0,4.822265625,6,45,05:40,20:21,2025-05-22 12:31:10.123814,Città della Scienza,57.7,8.32607,8.297048,6.226478,5.266263,EU EEA Common AQI,76.8,6.582829,6.623333,7200,5.1571426,100,100,64.6,4.6057143,Very Low,76.5,6.8840995,100,1747917000,Very Low,4.981182,8.00741,Very Low,7.5278907,60.5,7.4428573,100,1747917000,5.757143
2025-05-22T12:31:21Z,0,29.931,75.8,61,71.0,8,5,224,68,0.0,255,32767,0.11,2090-9-18,0.0,0.52,26.6,0.0,0.0,0.0,0,4.822265625,6,45,05:40,20:21,2025-05-22 12:31:21.242793,Città della Scienza,57.7,8.32607,8.297048,6.226478,5.266263,EU EEA Common AQI,76.8,6.582829,6.623333,7200,5.1571426,100,100,64.6,4.6057143,Very Low,76.5,6.8840995,100,1747917000,Very Low,4.981182,8.00741,Very Low,7.5278907,60.5,7.4428573,100,1747917000,5.757143
2025-05-22T12:31:32Z,0,29.931,75.8,61,71.0,4,5,251,68,0.0,255,32767,0.11,2090-9-18,0.0,0.52,26.6,0.0,0.0,0.0,0,4.822265625,6,45,05:40,20:21,2025-05-22 12:31:32.318792,Città della Scienza,57.7,8.32607,8.297048,6.226478,5.266263,EU EEA Common AQI,76.8,6.582829,6.623333,7200,5.1571426,100,100,64.6,4.6057143,Very Low,76.5,6.8840995,100,1747917000,Very Low,4.981182,8.00741,Very Low,7.5278907,60.5,7.4428573,100,1747917000,5.757143
2025-05-22T12:31:43Z,0,29.933,75.8,61,71.0,6,5,205,68,0.0,255,32767,0.11,2090-9-18,0.0,0.52,26.6,0.0,0.0,0.0,0,4.822265625,6,45,05:40,20:21,2025-05-22 12:31:43.478794,Città della Scienza,57.7,8.32607,8.297048,6.226478,5.266263,EU EEA Common AQI,76.8,6.582829,6.623333,7200,5.1571426,100,100,64.6,4.6057143,Very Low,76.5,6.8840995,100,1747917000,Very Low,4.981182,8.00741,Very Low,7.5278907,60.5,7.4428573,100,1747917000,5.757143
2025-05-22T12:31:54Z,0,29.933,75.8,61,71.0,5,5,203,68,0.0,255,32767,0.11,2090-9-18,0.0,0.52,26.6,0.0,0.0,0.0,0,4.822265625,6,45,05:40,20:21,2025-05-22 12:31:54.573791,Città della Scienza,57.7,8.32607,8.297048,6.226478,5.266263,EU EEA Common AQI,76.8,6.582829,6.623333,7200,5.1571426,100,100,64.6,4.6057143,Very Low,76.5,6.8840995,100,1747917000,Very Low,4.981182,8.00741,Very Low,7.5278907,60.5,7.4428573,100,1747917000,5.757143
2025-05-22T12:32:05Z,0,29.933,75.8,61,71.0,4,5,105,68,0.0,255,32767,0.11,2090-9-18,0.0,0.52,26.6,0.0,0.0,0.0,0,4.822265625,6,45,05:40,20:21,2025-05-22 12:32:05.717763,Città della Scienza,57.7,8.32607,8.297048,6.226478,5.266263,EU EEA Common AQI,76.8,6.582829,6.623333,7200,5.1571426,100,100,64.6,4.6057143,Very Low,76.5,6.8840995,100,1747917000,Very Low,4.981182,8.00741,Very Low,7.5278907,60.5,7.4428573,100,1747917000,5.757143
2025-05-22T12:32:17Z,0,29.933,75.8,61,71.1,5,5,185,68,0.0,255,32767,0.11,2090-9-18,0.0,0.52,26.6,0.0,0.0,0.0,0,4.822265625,6,45,05:40,20:21,2025-05-22 12:32:16.828803,Città della Scienza,57.7,8.32607,8.297048,6.226478,5.266263,EU EEA Common AQI,76.8,6.582829,6.623333,7200,5.1571426,100,100,64.6,4.6057143,Very Low,76.5,6.8840995,100,1747917000,Very Low,4.981182,8.00741,Very Low,7.5278907,60.5,7.4428573,100,1747917000,5.757143
2025-05-22T12:32:28Z,0,29.933,75.8,61,71.0,4,5,199,68,0.0,255,32767,0.11,2090-9-18,0.0,0.52,26.6,0.0,0.0,0.0,0,4.822265625,6,45,05:40,20:21,2025-05-22 12:32:27.947797,Città della Scienza,57.7,8.32607,8.297048,6.226478,5.266263,EU EEA Common AQI,76.8,6.582829,6.623333,7200,5.1571426,100,100,64.6,4.6057143,Very Low,76.5,6.8840995,100,1747917000,Very Low,4.981182,8.00741,Very Low,7.5278907,60.5,7.4428573,100,1747917000,5.757143
2025-05-22T12:32:39Z,0,29.932,75.8,61,71.0,8,6,286,68,0.0,255,32767,0.11,2090-9-18,0.0,0.52,26.6,0.0,0.0,0.0,0,4.822265625,6,45,05:40,20:21,2025-05-22 12:32:39.079793,Città della Scienza,57.7,8.32607,8.297048,6.226478,5.266263,EU EEA Common AQI,76.8,6.582829,6.623333,7200,5.1571426,100,100,64.6,4.6057143,Very Low,76.5,6.8840995,100,1747917000,Very Low,4.981182,8.00741,Very Low,7.5278907,60.5,7.4428573,100,1747917000,5.757143
2025-05-22T12:32:50Z,0,29.932,75.8,61,71.0,9,6,160,68,0.0,255,32767,0.11,2090-9-18,0.0,0.52,26.6,0.0,0.0,0.0,0,4.822265625,6,45,05:40,20:21,2025-05-22 12:32:50.211806,Città della Scienza,57.7,8.32607,8.297048,6.226478,5.266263,EU EEA Common AQI,76.8,6.582829,6.623333,7200,5.1571426,100,100,64.6,4.6057143,Very Low,76.5,6.8840995,100,1747917000,Very Low,4.981182,8.00741,Very Low,7.5278907,60.5,7.4428573,100,1747917000,5.757143
2025-05-22T12:33:01Z,0,29.932,75.8,61,71.0,7,6,226,68,0.0,255,32767,0.11,2090-9-18,0.0,0.52,26.6,0.0,0.0,0.0,0,4.822265625,6,45,05:40,20:21,2025-05-22 12:33:01.348799,Città della Scienza,57.7,8.32607,8.297048,6.226478,5.266263,EU EEA Common AQI,76.8,6.582829,6.623333,7200,5.1571426,100,100,64.6,4.6057143,Very Low,76.5,6.8840995,100,1747917000,Very Low,4.981182,8.00741,Very Low,7.5278907,60.5,7.4428573,100,1747917000,5.757143
2025-05-22T12:33:12Z,0,29.932,75.8,61,71.0,5,6,219,68,0.0,255,32767,0.11,2090-9-18,0.0,0.52,26.6,0.0,0.0,0.0,0,4.822265625,6,45,05:40,20:21,2025-05-22 12:33:12.460789,Città della Scienza,57.7,8.32607,8.297048,6.226478,5.266263,EU EEA Common AQI,76.8,6.582829,6.623333,7200,5.1571426,100,100,64.6,4.6057143,Very Low,76.5,6.8840995,100,1747917000,Very Low,4.981182,8.00741,Very Low,7.5278907,60.5,7.4428573,100,1747917000,5.757143
2025-05-22T12:33:23Z,0,29.932,75.8,61,71.0,5,6,244,68,0.0,255,32767,0.11,2090-9-18,0.0,0.52,26.6,0.0,0.0,0.0,0,4.822265625,6,45,05:40,20:21,2025-05-22 12:33:23.538769,Città della Scienza,57.7,8.32607,8.297048,6.226478,5.266263,EU EEA Common AQI,76.8,6.582829,6.623333,7200,5.1571426,100,100,64.6,4.6057143,Very Low,76.5,6.8840995,100,1747917000,Very Low,4.981182,8.00741,Very Low,7.5278907,60.5,7.4428573,100,1747917000,5.757143
2025-05-22T12:33:34Z,0,29.932,75.9,61,71.0,5,6,227,68,0.0,255,32767,0.11,2090-9-18,0.0,0.52,26.6,0.0,0.0,0.0,0,4.822265625,6,45,05:40,20:21,2025-05-22 12:33:34.645803,Città della Scienza,57.7,8.32607,8.297048,6.226478,5.266263,EU EEA Common AQI,76.8,6.582829,6.623333,7200,5.1571426,100,100,64.6,4.6057143,Very Low,76.5,6.8840995,100,1747917000,Very Low,4.981182,8.00741,Very Low,7.5278907,60.5,7.4428573,100,1747917000,5.757143
2025-05-22T12:33:45Z,0,29.932,75.9,61,71.0,8,6,204,66,0.0,255,32767,0.11,2090-9-18,0.0,0.52,26.6,0.0,0.0,0.0,0,4.822265625,6,45,05:40,20:21,2025-05-22 12:33:45.746792,Città della Scienza,57.7,8.32607,8.297048,6.226478,5.266263,EU EEA Common AQI,76.8,6.582829,6.623333,7200,5.1571426,100,100,64.6,4.6057143,Very Low,76.5,6.8840995,100,1747917000,Very Low,4.981182,8.00741,Very Low,7.5278907,60.5,7.4428573,100,1747917000,5.757143
2025-05-22T12:33:57Z,0,29.932,75.9,61,71.0,8,6,221,66,0.0,255,32767,0.11,2090-9-18,0.0,0.52,26.6,0.0,0.0,0.0,0,4.822265625,6,45,05:40,20:21,2025-05-22 12:33:56.853792,Città della Scienza,57.7,8.32607,8.297048,6.226478,5.266263,EU EEA Common AQI,76.8,6.582829,6.623333,7200,5.1571426,100,100,64.6,4.6057143,Very Low,76.5,6.8840995,100,1747917000,Very Low,4.981182,8.00741,Very Low,7.5278907,60.5,7.4428573,100,1747917000,5.757143
2025-05-22T12:34:08Z,0,29.932,75.9,61,70.9,6,6,275,66,0.0,255,32767,0.11,2090-9-18,0.0,0.52,26.6,0.0,0.0,0.0,0,4.822265625,6,45,05:40,20:21,2025-05-22 12:34:07.997809,Città della Scienza,57.7,8.32607,8.297048,6.226478,5.266263,EU EEA Common AQI,76.8,6.582829,6.623333,7200,5.1571426,100,100,64.6,4.6057143,Very Low,76.5,6.8840995,100,1747917000,Very Low,4.981182,8.00741,Very Low,7.5278907,60.5,7.4428573,100,1747917000,5.757143
2025-05-22T12:34:19Z,0,29.932,75.9,61,70.9,5,6,205,66,0.0,255,32767,0.11,2090-9-18,0.0,0.52,26.6,0.0,0.0,0.0,0,4.822265625,6,45,05:40,20:21,2025-05-22 12:34:19.105791,Città della Scienza,57.7,8.32607,8.297048,6.226478,5.266263,EU EEA Common AQI,76.8,6.582829,6.623333,7200,5.1571426,100,100,64.6,4.6057143,Very Low,76.5,6.8840995,100,1747917000,Very Low,4.981182,8.00741,Very Low,7.5278907,60.5,7.4428573,100,1747917000,5.757143
2025-05-22T12:34:30Z,0,29.932,75.9,61,70.9,3,6,246,66,0.0,255,32767,0.11,2090-9-18,0.0,0.52,26.6,0.0,0.0,0.0,0,4.822265625,6,45,05:40,20:21,2025-05-22 12:34:30.242796,Città della Scienza,57.7,8.32607,8.297048,6.226478,5.266263,EU EEA Common AQI,76.8,6.582829,6.623333,7200,5.1571426,100,100,64.6,4.6057143,Very Low,76.5,6.8840995,100,1747917000,Very Low,4.981182,8.00741,Very Low,7.5278907,60.5,7.4428573,100,1747917000,5.757143
2025-05-22T12:34:42Z,0,29.931,75.8,61,70.9,6,6,215,67,0.0,255,32767,0.11,2090-9-18,0.0,0.52,26.6,0.0,0.0,0.0,0,4.822265625,6,45,05:40,20:21,2025-05-22 12:34:42.385799,Città della Scienza,57.7,8.32607,8.297048,6.226478,5.266263,EU EEA Common AQI,76.8,6.582829,6.623333,7200,5.1571426,100,100,64.6,4.6057143,Very Low,76.5,6.8840995,100,1747917000,Very Low,4.981182,8.00741,Very Low,7.5278907,60.5,7.4428573,100,1747917000,5.757143
2025-05-22T12:34:53Z,0,29.931,75.8,61,70.9,7,6,171,67,0.0,255,32767,0.11,2090-9-18,0.0,0.52,26.6,0.0,0.0,0.0,0,4.822265625,6,45,05:40,20:21,2025-05-22 12:34:53.587873,Città della Scienza,57.7,8.32607,8.297048,6.226478,5.266263,EU EEA Common AQI,76.8,6.582829,6.623333,7200,5.1571426,100,100,64.6,4.6057143,Very Low,76.5,6.8840995,100,1747917000,Very Low,4.981182,8.00741,Very Low,7.5278907,60.5,7.4428573,100,1747917000,5.757143
2025-05-22T12:35:04Z,0,29.931,75.8,61,70.9,6,6,182,67,0.0,255,32767,0.11,2090-9-18,0.0,0.52,26.6,0.0,0.0,0.0,0,4.822265625,6,45,05:40,20:21,2025-05-22 12:35:04.707748,Città della Scienza,57.7,8.32607,8.297048,6.226478,5.266263,EU EEA Common AQI,76.8,6.582829,6.623333,7200,5.1571426,100,100,64.6,4.6057143,Very Low,76.5,6.8840995,100,1747917000,Very Low,4.981182,8.00741,Very Low,7.5278907,60.5,7.4428573,100,1747917000,5.757143
2025-05-22T12:35:16Z,0,29.931,75.8,61,70.9,3,6,188,67,0.0,255,32767,0.11,2090-9-18,0.0,0.52,26.6,0.0,0.0,0.0,0,4.822265625,6,45,05:40,20:21,2025-05-22 12:35:15.845853,Città della Scienza,57.7,8.32607,8.297048,6.226478,5.266263,EU EEA Common AQI,76.8,6.582829,6.623333,7200,5.1571426,100,100,64.6,4.6057143,Very Low,76.5,6.8840995,100,1747917000,Very Low,4.981182,8.00741,Very Low,7.5278907,60.5,7.4428573,100,1747917000,5.757143
2025-05-22T12:35:27Z,0,29.931,75.8,61,70.9,7,6,236,67,0.0,255,32767,0.11,2090-9-18,0.0,0.52,26.6,0.0,0.0,0.0,0,4.822265625,6,45,05:40,20:21,2025-05-22 12:35:26.956792,Città della Scienza,57.7,8.32607,8.297048,6.226478,5.266263,EU EEA Common AQI,76.8,6.582829,6.623333,7200,5.1571426,100,100,64.6,4.6057143,Very Low,76.5,6.8840995,100,1747917000,Very Low,4.981182,8.00741,Very Low,7.5278907,60.5,7.4428573,100,1747917000,5.757143
2025-05-22T12:35:38Z,0,29.933,75.9,61,70.9,8,6,243,67,0.0,255,32767,0.11,2090-9-18,0.0,0.52,26.6,0.0,0.0,0.0,0,4.822265625,6,45,05:40,20:21,2025-05-22 12:35:38.067795,Città della Scienza,57.7,8.32607,8.297048,6.226478,5.266263,EU EEA Common AQI,76.8,6.582829,6.623333,7200,5.1571426,100,100,64.6,4.6057143,Very Low,76.5,6.8840995,100,1747917000,Very Low,4.981182,8.00741,Very Low,7.5278907,60.5,7.4428573,100,1747917000,5.757143
2025-05-22T12:35:49Z,0,29.933,75.9,61,70.9,6,6,226,67,0.0,255,32767,0.11,2090-9-18,0.0,0.52,26.6,0.0,0.0,0.0,0,4.822265625,6,45,05:40,20:21,2025-05-22 12:35:49.148786,Città della Scienza,57.7,8.32607,8.297048,6.226478,5.266263,EU EEA Common AQI,76.8,6.582829,6.623333,7200,5.1571426,100,100,64.6,4.6057143,Very Low,76.5,6.8840995,100,1747917000,Very Low,4.981182,8.00741,Very Low,7.5278907,60.5,7.4428573,100,1747917000,5.757143
2025-05-22T12:36:00Z,0,29.933,75.9,61,70.9,4,6,50,67,0.0,255,32767,0.11,2090-9-18,0.0,0.52,26.6,0.0,0.0,0.0,0,4.822265625,6,45,05:40,20:21,2025-05-22 12:36:00.236850,Città della Scienza,57.7,8.32607,8.297048,6.226478,5.266263,EU EEA Common AQI,76.8,6.582829,6.623333,7200,5.1571426,100,100,64.6,4.6057143,Very Low,76.5,6.8840995,100,1747917000,Very Low,4.981182,8.00741,Very Low,7.5278907,60.5,7.4428573,100,1747917000,5.757143
2025-05-22T12:36:11Z,0,29.933,75.9,61,70.9,9,6,342,67,0.0,255,32767,0.11,2090-9-18,0.0,0.52,26.6,0.0,0.0,0.0,0,4.822265625,6,45,05:40,20:21,2025-05-22 12:36:11.377814,Città della Scienza,57.7,8.32607,8.297048,6.226478,5.266263,EU EEA Common AQI,76.8,6.582829,6.623333,7200,5.1571426,100,100,64.6,4.6057143,Very Low,76.5,6.8840995,100,1747917000,Very Low,4.981182,8.00741,Very Low,7.5278907,60.5,7.4428573,100,1747917000,5.757143
2025-05-22T12:36:22Z,0,29.933,75.9,61,70.9,6,6,154,67,0.0,255,32767,0.11,2090-9-18,0.0,0.52,26.6,0.0,0.0,0.0,0,4.822265625,6,45,05:40,20:21,2025-05-22 12:36:22.508790,Città della Scienza,57.7,8.32607,8.297048,6.226478,5.266263,EU EEA Common AQI,76.8,6.582829,6.623333,7200,5.1571426,100,100,64.6,4.6057143,Very Low,76.5,6.8840995,100,1747917000,Very Low,4.981182,8.00741,Very Low,7.5278907,60.5,7.4428573,100,1747917000,5.757143
2025-05-22T12:36:33Z,0,29.933,75.9,61,70.9,4,6,200,67,0.0,255,32767,0.11,2090-9-18,0.0,0.52,26.6,0.0,0.0,0.0,0,4.822265625,6,45,05:40,20:21,2025-05-22 12:36:33.593801,Città della Scienza,57.7,8.32607,8.297048,6.226478,5.266263,EU EEA Common AQI,76.8,6.582829,6.623333,7200,5.1571426,100,100,64.6,4.6057143,Very Low,76.5,6.8840995,100,1747917000,Very Low,4.981182,8.00741,Very Low,7.5278907,60.5,7.4428573,100,1747917000,5.757143
2025-05-22T12:36:44Z,0,29.932,75.9,61,70.9,4,6,198,67,0.0,255,32767,0.11,2090-9-18,0.0,0.52,26.6,0.0,0.0,0.0,0,4.822265625,6,45,05:40,20:21,2025-05-22 12:36:44.710790,Città della Scienza,57.7,8.32607,8.297048,6.226478,5.266263,EU EEA Common AQI,76.8,6.582829,6.623333,7200,5.1571426,100,100,64.6,4.6057143,Very Low,76.5,6.8840995,100,1747917000,Very Low,4.981182,8.00741,Very Low,7.5278907,60.5,7.4428573,100,1747917000,5.757143
2025-05-22T12:36:56Z,0,29.932,75.9,61,70.9,6,6,220,67,0.0,255,32767,0.11,2090-9-18,0.0,0.52,26.6,0.0,0.0,0.0,0,4.822265625,6,45,05:40,20:21,2025-05-22 12:36:55.831797,Città della Scienza,57.7,8.32607,8.297048,6.226478,5.266263,EU EEA Common AQI,76.8,6.582829,6.623333,7200,5.1571426,100,100,64.6,4.6057143,Very Low,76.5,6.8840995,100,1747917000,Very Low,4.981182,8.00741,Very Low,7.5278907,60.5,7.4428573,100,1747917000,5.757143
2025-05-22T12:37:07Z,0,29.932,75.9,61,70.9,5,6,201,67,0.0,255,32767,0.11,2090-9-18,0.0,0.52,26.6,0.0,0.0,0.0,0,4.822265625,6,45,05:40,20:21,2025-05-22 12:37:06.935804,Città della Scienza,57.7,8.32607,8.297048,6.226478,5.266263,EU EEA Common AQI,76.8,6.582829,6.623333,7200,5.1571426,100,100,64.6,4.6057143,Very Low,76.5,6.8840995,100,1747917000,Very Low,4.981182,8.00741,Very Low,7.5278907,60.5,7.4428573,100,1747917000,5.757143
2025-05-22T12:37:18Z,0,29.932,75.9,61,70.9,6,6,222,67,0.0,255,32767,0.11,2090-9-18,0.0,0.52,26.6,0.0,0.0,0.0,0,4.822265625,6,45,05:40,20:21,2025-05-22 12:37:18.063806,Città della Scienza,57.7,8.32607,8.297048,6.226478,5.266263,EU EEA Common AQI,76.8,6.582829,6.623333,7200,5.1571426,100,100,64.6,4.6057143,Very Low,76.5,6.8840995,100,1747917000,Very Low,4.981182,8.00741,Very Low,7.5278907,60.5,7.4428573,100,1747917000,5.757143
2025-05-22T12:37:29Z,0,29.932,75.9,61,70.9,5,6,223,67,0.0,255,32767,0.11,2090-9-18,0.0,0.52,26.6,0.0,0.0,0.0,0,4.822265625,6,45,05:40,20:21,2025-05-22 12:37:29.188792,Città della Scienza,57.7,8.32607,8.297048,6.226478,5.266263,EU EEA Common AQI,76.8,6.582829,6.623333,7200,5.1571426,100,100,64.6,4.6057143,Very Low,76.5,6.8840995,100,1747917000,Very Low,4.981182,8.00741,Very Low,7.5278907,60.5,7.4428573,100,1747917000,5.757143
2025-05-22T12:37:40Z,0,29.929,75.9,60,70.9,3,6,251,67,0.0,255,32767,0.11,2090-9-18,0.0,0.52,26.6,0.0,0.0,0.0,0,4.822265625,6,45,05:40,20:21,2025-05-22 12:37:40.268799,Città della Scienza,57.7,8.32607,8.297048,6.226478,5.266263,EU EEA Common AQI,76.8,6.582829,6.623333,7200,5.1571426,100,100,64.6,4.6057143,Very Low,76.5,6.8840995,100,1747917000,Very Low,4.981182,8.00741,Very Low,7.5278907,60.5,7.4428573,100,1747917000,5.757143
2025-05-22T12:37:51Z,0,29.929,75.9,60,70.9,6,6,192,67,0.0,255,32767,0.11,2090-9-18,0.0,0.52,26.6,0.0,0.0,0.0,0,4.822265625,6,45,05:40,20:21,2025-05-22 12:37:51.360803,Città della Scienza,57.7,8.32607,8.297048,6.226478,5.266263,EU EEA Common AQI,76.8,6.582829,6.623333,7200,5.1571426,100,100,64.6,4.6057143,Very Low,76.5,6.8840995,100,1747917000,Very Low,4.981182,8.00741,Very Low,7.5278907,60.5,7.4428573,100,1747917000,5.757143
2025-05-22T12:38:02Z,0,29.929,75.9,60,70.9,6,6,266,67,0.0,255,32767,0.11,2090-9-18,0.0,0.52,26.6,0.0,0.0,0.0,0,4.822265625,6,45,05:40,20:21,2025-05-22 12:38:02.483755,Città della Scienza,57.7,8.32607,8.297048,6.226478,5.266263,EU EEA Common AQI,76.8,6.582829,6.623333,7200,5.1571426,100,100,64.6,4.6057143,Very Low,76.5,6.8840995,100,1747917000,Very Low,4.981182,8.00741,Very Low,7.5278907,60.5,7.4428573,100,1747917000,5.757143
2025-05-22T12:38:13Z,0,29.929,75.9,60,71.0,6,6,148,67,0.0,255,32767,0.11,2090-9-18,0.0,0.52,26.6,0.0,0.0,0.0,0,4.822265625,6,45,05:40,20:21,2025-05-22 12:38:13.581799,Città della Scienza,57.7,8.32607,8.297048,6.226478,5.266263,EU EEA Common AQI,76.8,6.582829,6.623333,7200,5.1571426,100,100,64.6,4.6057143,Very Low,76.5,6.8840995,100,1747917000,Very Low,4.981182,8.00741,Very Low,7.5278907,60.5,7.4428573,100,1747917000,5.757143
2025-05-22T12:38:24Z,0,29.929,75.9,60,71.0,6,6,195,67,0.0,255,32767,0.11,2090-9-18,0.0,0.52,26.6,0.0,0.0,0.0,0,4.822265625,6,45,05:40,20:21,2025-05-22 12:38:24.672803,Città della Scienza,57.7,8.32607,8.297048,6.226478,5.266263,EU EEA Common AQI,76.8,6.582829,6.623333,7200,5.1571426,100,100,64.6,4.6057143,Very Low,76.5,6.8840995,100,1747917000,Very Low,4.981182,8.00741,Very Low,7.5278907,60.5,7.4428573,100,1747917000,5.757143
2025-05-22T12:38:35Z,0,29.929,75.9,60,70.9,6,6,232,67,0.0,255,32767,0.11,2090-9-18,0.0,0.52,26.6,0.0,0.0,0.0,0,4.822265625,6,45,05:40,20:21,2025-05-22 12:38:35.794812,Città della Scienza,57.7,8.32607,8.297048,6.226478,5.266263,EU EEA Common AQI,76.8,6.582829,6.623333,7200,5.1571426,100,100,64.6,4.6057143,Very Low,76.5,6.8840995,100,1747917000,Very Low,4.981182,8.00741,Very Low,7.5278907,60.5,7.4428573,100,1747917000,5.757143
2025-05-22T12:38:47Z,0,29.929,75.9,60,71.0,3,6,180,67,0.0,255,32767,0.11,2090-9-18,0.0,0.52,26.6,0.0,0.0,0.0,0,4.822265625,6,45,05:40,20:21,2025-05-22 12:38:46.902793,Città della Scienza,57.7,8.32607,8.297048,6.226478,5.266263,EU EEA Common AQI,76.8,6.582829,6.623333,7200,5.1571426,100,100,64.6,4.6057143,Very Low,76.5,6.8840995,100,1747917000,Very Low,4.981182,8.00741,Very Low,7.5278907,60.5,7.4428573,100,1747917000,5.757143
2025-05-22T12:38:58Z,0,29.929,75.9,60,71.0,6,6,229,67,0.0,255,32767,0.11,2090-9-18,0.0,0.52,26.6,0.0,0.0,0.0,0,4.822265625,6,45,05:40,20:21,2025-05-22 12:38:58.004789,Città della Scienza,57.7,8.32607,8.297048,6.226478,5.266263,EU EEA Common AQI,76.8,6.582829,6.623333,7200,5.1571426,100,100,64.6,4.6057143,Very Low,76.5,6.8840995,100,1747917000,Very Low,4.981182,8.00741,Very Low,7.5278907,60.5,7.4428573,100,1747917000,5.757143
2025-05-22T12:39:09Z,0,29.929,75.9,60,71.0,7,6,219,68,0.0,255,32767,0.11,2090-9-18,0.0,0.52,26.6,0.0,0.0,0.0,0,4.822265625,6,45,05:40,20:21,2025-05-22 12:39:09.126800,Città della Scienza,57.7,8.32607,8.297048,6.226478,5.266263,EU EEA Common AQI,76.8,6.582829,6.623333,7200,5.1571426,100,100,64.6,4.6057143,Very Low,76.5,6.8840995,100,1747917000,Very Low,4.981182,8.00741,Very Low,7.5278907,60.5,7.4428573,100,1747917000,5.757143
2025-05-22T12:39:20Z,0,29.929,75.9,60,71.0,8,6,194,68,0.0,255,32767,0.11,2090-9-18,0.0,0.52,26.6,0.0,0.0,0.0,0,4.822265625,6,45,05:40,20:21,2025-05-22 12:39:20.229806,Città della Scienza,57.7,8.32607,8.297048,6.226478,5.266263,EU EEA Common AQI,76.8,6.582829,6.623333,7200,5.1571426,100,100,64.6,4.6057143,Very Low,76.5,6.8840995,100,1747917000,Very Low,4.981182,8.00741,Very Low,7.5278907,60.5,7.4428573,100,1747917000,5.757143
2025-05-22T12:39:31Z,0,29.929,75.9,60,71.1,6,6,214,68,0.0,255,32767,0.11,2090-9-18,0.0,0.52,26.6,0.0,0.0,0.0,0,4.822265625,6,45,05:40,20:21,2025-05-22 12:39:31.352787,Città della Scienza,57.7,8.32607,8.297048,6.226478,5.266263,EU EEA Common AQI,76.8,6.582829,6.623333,7200,5.1571426,100,100,64.6,4.6057143,Very Low,76.5,6.8840995,100,1747917000,Very Low,4.981182,8.00741,Very Low,7.5278907,60.5,7.4428573,100,1747917000,5.757143
2025-05-22T12:39:42Z,0,29.929,75.9,60,71.1,4,6,253,68,0.0,255,32767,0.11,2090-9-18,0.0,0.52,26.6,0.0,0.0,0.0,0,4.822265625,6,45,05:40,20:21,2025-05-22 12:39:42.465797,Città della Scienza,57.7,8.32607,8.297048,6.226478,5.266263,EU EEA Common AQI,76.8,6.582829,6.623333,7200,5.1571426,100,100,64.6,4.6057143,Very Low,76.5,6.8840995,100,1747917000,Very Low,4.981182,8.00741,Very Low,7.5278907,60.5,7.4428573,100,1747917000,5.757143
2025-05-22T12:39:53Z,0,29.929,75.9,60,71.0,5,6,221,68,0.0,255,32767,0.11,2090-9-18,0.0,0.52,26.6,0.0,0.0,0.0,0,4.822265625,6,45,05:40,20:21,2025-05-22 12:39:53.582791,Città della Scienza,57.7,8.32607,8.297048,6.226478,5.266263,EU EEA Common AQI,76.8,6.582829,6.623333,7200,5.1571426,100,100,64.6,4.6057143,Very Low,76.5,6.8840995,100,1747917000,Very Low,4.981182,8.00741,Very Low,7.5278907,60.5,7.4428573,100,1747917000,5.757143
2025-05-22T12:40:04Z,0,29.929,75.9,60,71.1,9,6,178,68,0.0,255,32767,0.11,2090-9-18,0.0,0.52,26.6,0.0,0.0,0.0,0,4.822265625,6,45,05:40,20:21,2025-05-22 12:40:04.680801,Città della Scienza,57.7,8.32607,8.297048,6.226478,5.266263,EU EEA Common AQI,76.8,6.582829,6.623333,7200,5.1571426,100,100,64.6,4.6057143,Very Low,76.5,6.8840995,100,1747917000,Very Low,4.981182,8.00741,Very Low,7.5278907,60.5,7.4428573,100,1747917000,5.757143
2025-05-22T12:40:16Z,0,29.929,75.9,60,71.1,4,6,204,68,0.0,255,32767,0.11,2090-9-18,0.0,0.52,26.6,0.0,0.0,0.0,0,4.822265625,6,45,05:40,20:21,2025-05-22 12:40:15.831806,Città della Scienza,57.7,8.32607,8.297048,6.226478,5.266263,EU EEA Common AQI,76.8,6.582829,6.623333,7200,5.1571426,100,100,64.6,4.6057143,Very Low,76.5,6.8840995,100,1747917000,Very Low,4.981182,8.00741,Very Low,7.5278907,60.5,7.4428573,100,1747917000,5.757143
2025-05-22T12:40:27Z,0,29.929,75.9,60,71.1,5,6,177,68,0.0,255,32767,0.11,2090-9-18,0.0,0.52,26.6,0.0,0.0,0.0,0,4.822265625,6,45,05:40,20:21,2025-05-22 12:40:26.954795,Città della Scienza,57.7,8.32607,8.297048,6.226478,5.266263,EU EEA Common AQI,76.8,6.582829,6.623333,7200,5.1571426,100,100,64.6,4.6057143,Very Low,76.5,6.8840995,100,1747917000,Very Low,4.981182,8.00741,Very Low,7.5278907,60.5,7.4428573,100,1747917000,5.757143
2025-05-22T12:40:38Z,0,29.927,76.0,60,71.1,7,6,192,68,0.0,255,32767,0.11,2090-9-18,0.0,0.52,26.6,0.0,0.0,0.0,0,4.822265625,6,45,05:40,20:21,2025-05-22 12:40:38.066793,Città della Scienza,57.7,8.32607,8.297048,6.226478,5.266263,EU EEA Common AQI,76.8,6.582829,6.623333,7200,5.1571426,100,100,64.6,4.6057143,Very Low,76.5,6.8840995,100,1747917000,Very Low,4.981182,8.00741,Very Low,7.5278907,60.5,7.4428573,100,1747917000,5.757143
2025-05-22T12:40:49Z,0,29.927,76.0,60,71.1,6,6,192,67,0.0,255,32767,0.11,2090-9-18,0.0,0.52,26.6,0.0,0.0,0.0,0,4.822265625,6,45,05:40,20:21,2025-05-22 12:40:49.171784,Città della Scienza,57.7,8.32607,8.297048,6.226478,5.266263,EU EEA Common AQI,76.8,6.582829,6.623333,7200,5.1571426,100,100,64.6,4.6057143,Very Low,76.5,6.8840995,100,1747917000,Very Low,4.981182,8.00741,Very Low,7.5278907,60.5,7.4428573,100,1747917000,5.757143
2025-05-22T12:41:00Z,0,29.927,76.0,60,71.1,4,6,176,67,0.0,255,32767,0.11,2090-9-18,0.0,0.52,26.6,0.0,0.0,0.0,0,4.822265625,6,45,05:40,20:21,2025-05-22 12:41:00.317801,Città della Scienza,57.7,8.32607,8.297048,6.226478,5.266263,EU EEA Common AQI,76.8,6.582829,6.623333,7200,5.1571426,100,100,64.6,4.6057143,Very Low,76.5,6.8840995,100,1747917000,Very Low,4.981182,8.00741,Very Low,7.5278907,60.5,7.4428573,100,1747917000,5.757143
2025-05-22T12:41:11Z,0,29.927,76.0,60,71.1,5,6,185,67,0.0,255,32767,0.11,2090-9-18,0.0,0.52,26.6,0.0,0.0,0.0,0,4.822265625,6,45,05:40,20:21,2025-05-22 12:41:11.420794,Città della Scienza,57.7,8.32607,8.297048,6.226478,5.266263,EU EEA Common AQI,76.8,6.582829,6.623333,7200,5.1571426,100,100,64.6,4.6057143,Very Low,76.5,6.8840995,100,1747917000,Very Low,4.981182,8.00741,Very Low,7.5278907,60.5,7.4428573,100,1747917000,5.757143
2025-05-22T12:41:22Z,0,29.927,76.0,60,71.1,7,6,180,67,0.0,255,32767,0.11,2090-9-18,0.0,0.52,26.6,0.0,0.0,0.0,0,4.822265625,6,45,05:40,20:21,2025-05-22 12:41:22.515798,Città della Scienza,57.7,8.32607,8.297048,6.226478,5.266263,EU EEA Common AQI,76.8,6.582829,6.623333,7200,5.1571426,100,100,64.6,4.6057143,Very Low,76.5,6.8840995,100,1747917000,Very Low,4.981182,8.00741,Very Low,7.5278907,60.5,7.4428573,100,1747917000,5.757143
2025-05-22T12:41:34Z,0,29.927,75.9,60,71.1,6,6,199,67,0.0,255,32767,0.11,2090-9-18,0.0,0.52,26.6,0.0,0.0,0.0,0,4.822265625,6,45,05:40,20:21,2025-05-22 12:41:33.904808,Città della Scienza,57.7,8.32607,8.297048,6.226478,5.266263,EU EEA Common AQI,76.8,6.582829,6.623333,7200,5.1571426,100,100,64.6,4.6057143,Very Low,76.5,6.8840995,100,1747917000,Very Low,4.981182,8.00741,Very Low,7.5278907,60.5,7.4428573,100,1747917000,5.757143
2025-05-22T12:41:45Z,0,29.926,75.9,60,71.1,5,6,188,67,0.0,255,32767,0.11,2090-9-18,0.0,0.52,26.6,0.0,0.0,0.0,0,4.822265625,6,45,05:40,20:21,2025-05-22 12:41:45.008796,Città della Scienza,57.7,8.32607,8.297048,6.226478,5.266263,EU EEA Common AQI,76.8,6.582829,6.623333,7200,5.1571426,100,100,64.6,4.6057143,Very Low,76.5,6.8840995,100,1747917000,Very Low,4.981182,8.00741,Very Low,7.5278907,60.5,7.4428573,100,1747917000,5.757143
2025-05-22T12:41:56Z,0,29.926,75.9,60,71.1,9,6,188,67,0.0,255,32767,0.11,2090-9-18,0.0,0.52,26.6,0.0,0.0,0.0,0,4.822265625,6,45,05:40,20:21,2025-05-22 12:41:56.111809,Città della Scienza,57.7,8.32607,8.297048,6.226478,5.266263,EU EEA Common AQI,76.8,6.582829,6.623333,7200,5.1571426,100,100,64.6,4.6057143,Very Low,76.5,6.8840995,100,1747917000,Very Low,4.981182,8.00741,Very Low,7.5278907,60.5,7.4428573,100,1747917000,5.757143
2025-05-22T12:42:07Z,0,29.926,75.9,60,71.1,12,6,188,67,0.0,255,32767,0.11,2090-9-18,0.0,0.52,26.6,0.0,0.0,0.0,0,4.822265625,6,45,05:40,20:21,2025-05-22 12:42:07.196769,Città della Scienza,57.7,8.32607,8.297048,6.226478,5.266263,EU EEA Common AQI,76.8,6.582829,6.623333,7200,5.1571426,100,100,64.6,4.6057143,Very Low,76.5,6.8840995,100,1747917000,Very Low,4.981182,8.00741,Very Low,7.5278907,60.5,7.4428573,100,1747917000,5.757143
2025-05-22T12:42:18Z,0,29.926,75.9,60,71.1,7,6,221,67,0.0,255,32767,0.11,2090-9-18,0.0,0.52,26.6,0.0,0.0,0.0,0,4.822265625,6,45,05:40,20:21,2025-05-22 12:42:18.316803,Città della Scienza,57.7,8.32607,8.297048,6.226478,5.266263,EU EEA Common AQI,76.8,6.582829,6.623333,7200,5.1571426,100,100,64.6,4.6057143,Very Low,76.5,6.8840995,100,1747917000,Very Low,4.981182,8.00741,Very Low,7.5278907,60.5,7.4428573,100,1747917000,5.757143
2025-05-22T12:42:29Z,0,29.926,75.9,60,71.0,4,6,223,68,0.0,255,32767,0.11,2090-9-18,0.0,0.52,26.6,0.0,0.0,0.0,0,4.822265625,6,45,05:40,20:21,2025-05-22 12:42:29.436796,Città della Scienza,57.7,8.32607,8.297048,6.226478,5.266263,EU EEA Common AQI,76.8,6.582829,6.623333,7200,5.1571426,100,100,64.6,4.6057143,Very Low,76.5,6.8840995,100,1747917000,Very Low,4.981182,8.00741,Very Low,7.5278907,60.5,7.4428573,100,1747917000,5.757143
2025-05-22T12:42:40Z,0,29.925,76.0,60,71.0,4,6,211,68,0.0,255,32767,0.11,2090-9-18,0.0,0.52,26.6,0.0,0.0,0.0,0,4.822265625,6,45,05:40,20:21,2025-05-22 12:42:40.585811,Città della Scienza,57.7,8.32607,8.297048,6.226478,5.266263,EU EEA Common AQI,76.8,6.582829,6.623333,7200,5.1571426,100,100,64.6,4.6057143,Very Low,76.5,6.8840995,100,1747917000,Very Low,4.981182,8.00741,Very Low,7.5278907,60.5,7.4428573,100,1747917000,5.757143
2025-05-22T12:42:51Z,0,29.925,76.0,60,71.0,7,6,196,68,0.0,255,32767,0.11,2090-9-18,0.0,0.52,26.6,0.0,0.0,0.0,0,4.822265625,6,45,05:40,20:21,2025-05-22 12:42:51.690795,Città della Scienza,57.7,8.32607,8.297048,6.226478,5.266263,EU EEA Common AQI,76.8,6.582829,6.623333,7200,5.1571426,100,100,64.6,4.6057143,Very Low,76.5,6.8840995,100,1747917000,Very Low,4.981182,8.00741,Very Low,7.5278907,60.5,7.4428573,100,1747917000,5.757143
2025-05-22T12:43:02Z,0,29.925,76.0,60,71.0,11,6,181,68,0.0,255,32767,0.11,2090-9-18,0.0,0.52,26.6,0.0,0.0,0.0,0,4.822265625,6,45,05:40,20:21,2025-05-22 12:43:02.774781,Città della Scienza,57.7,8.32607,8.297048,6.226478,5.266263,EU EEA Common AQI,76.8,6.582829,6.623333,7200,5.1571426,100,100,64.6,4.6057143,Very Low,76.5,6.8840995,100,1747917000,Very Low,4.981182,8.00741,Very Low,7.5278907,60.5,7.4428573,100,1747917000,5.757143
2025-05-22T12:43:14Z,0,29.925,76.0,60,71.0,9,6,159,68,0.0,255,32767,0.11,2090-9-18,0.0,0.52,26.6,0.0,0.0,0.0,0,4.822265625,6,45,05:40,20:21,2025-05-22 12:43:13.882800,Città della Scienza,57.7,8.32607,8.297048,6.226478,5.266263,EU EEA Common AQI,76.8,6.582829,6.623333,7200,5.1571426,100,100,64.6,4.6057143,Very Low,76.5,6.8840995,100,1747917000,Very Low,4.981182,8.00741,Very Low,7.5278907,60.5,7.4428573,100,1747917000,5.757143
2025-05-22T12:43:25Z,0,29.925,76.0,60,71.0,9,6,220,68,0.0,255,32767,0.11,2090-9-18,0.0,0.52,26.6,0.0,0.0,0.0,0,4.822265625,6,45,05:40,20:21,2025-05-22 12:43:24.968805,Città della Scienza,57.7,8.32607,8.297048,6.226478,5.266263,EU EEA Common AQI,76.8,6.582829,6.623333,7200,5.1571426,100,100,64.6,4.6057143,Very Low,76.5,6.8840995,100,1747917000,Very Low,4.981182,8.00741,Very Low,7.5278907,60.5,7.4428573,100,1747917000,5.757143
2025-05-22T12:43:36Z,0,29.925,76.0,60,70.9,7,6,218,68,0.0,255,32767,0.11,2090-9-18,0.0,0.52,26.6,0.0,0.0,0.0,0,4.822265625,6,45,05:40,20:21,2025-05-22 12:43:36.090793,Città della Scienza,57.7,8.32607,8.297048,6.226478,5.266263,EU EEA Common AQI,76.8,6.582829,6.623333,7200,5.1571426,100,100,64.6,4.6057143,Very Low,76.5,6.8840995,100,1747917000,Very Low,4.981182,8.00741,Very Low,7.5278907,60.5,7.4428573,100,1747917000,5.757143
2025-05-22T12:43:47Z,0,29.925,76.0,60,70.9,7,6,224,68,0.0,255,32767,0.11,2090-9-18,0.0,0.52,26.6,0.0,0.0,0.0,0,4.822265625,6,45,05:40,20:21,2025-05-22 12:43:47.180752,Città della Scienza,57.7,8.32607,8.297048,6.226478,5.266263,EU EEA Common AQI,76.8,6.582829,6.623333,7200,5.1571426,100,100,64.6,4.6057143,Very Low,76.5,6.8840995,100,1747917000,Very Low,4.981182,8.00741,Very Low,7.5278907,60.5,7.4428573,100,1747917000,5.757143
2025-05-22T12:43:58Z,0,29.925,76.0,60,70.9,4,6,186,68,0.0,255,32767,0.11,2090-9-18,0.0,0.52,26.6,0.0,0.0,0.0,0,4.822265625,6,45,05:40,20:21,2025-05-22 12:43:58.305798,Città della Scienza,57.7,8.32607,8.297048,6.226478,5.266263,EU EEA Common AQI,76.8,6.582829,6.623333,7200,5.1571426,100,100,64.6,4.6057143,Very Low,76.5,6.8840995,100,1747917000,Very Low,4.981182,8.00741,Very Low,7.5278907,60.5,7.4428573,100,1747917000,5.757143
2025-05-22T12:44:09Z,0,29.925,76.0,60,70.9,2,6,170,68,0.0,255,32767,0.11,2090-9-18,0.0,0.52,26.6,0.0,0.0,0.0,0,4.822265625,6,45,05:40,20:21,2025-05-22 12:44:09.410798,Città della Scienza,57.7,8.32607,8.297048,6.226478,5.266263,EU EEA Common AQI,76.8,6.582829,6.623333,7200,5.1571426,100,100,64.6,4.6057143,Very Low,76.5,6.8840995,100,1747917000,Very Low,4.981182,8.00741,Very Low,7.5278907,60.5,7.4428573,100,1747917000,5.757143
2025-05-22T12:44:20Z,0,29.925,76.0,60,70.9,7,6,184,68,0.0,255,32767,0.11,2090-9-18,0.0,0.52,26.6,0.0,0.0,0.0,0,4.822265625,6,45,05:40,20:21,2025-05-22 12:44:20.493791,Città della Scienza,57.7,8.32607,8.297048,6.226478,5.266263,EU EEA Common AQI,76.8,6.582829,6.623333,7200,5.1571426,100,100,64.6,4.6057143,Very Low,76.5,6.8840995,100,1747917000,Very Low,4.981182,8.00741,Very Low,7.5278907,60.5,7.4428573,100,1747917000,5.757143
2025-05-22T12:44:31Z,0,29.925,76.0,60,70.9,7,6,172,68,0.0,255,32767,0.11,2090-9-18,0.0,0.52,26.6,0.0,0.0,0.0,0,4.822265625,6,45,05:40,20:21,2025-05-22 12:44:31.608862,Città della Scienza,57.7,8.32607,8.297048,6.226478,5.266263,EU EEA Common AQI,76.8,6.582829,6.623333,7200,5.1571426,100,100,64.6,4.6057143,Very Low,76.5,6.8840995,100,1747917000,Very Low,4.981182,8.00741,Very Low,7.5278907,60.5,7.4428573,100,1747917000,5.757143
2025-05-22T12:44:43Z,0,29.924,76.0,60,70.9,9,6,206,68,0.0,255,32767,0.11,2090-9-18,0.0,0.52,26.6,0.0,0.0,0.0,0,4.822265625,6,45,05:40,20:21,2025-05-22 12:44:42.811799,Città della Scienza,57.7,8.32607,8.297048,6.226478,5.266263,EU EEA Common AQI,76.8,6.582829,6.623333,7200,5.1571426,100,100,64.6,4.6057143,Very Low,76.5,6.8840995,100,1747917000,Very Low,4.981182,8.00741,Very Low,7.5278907,60.5,7.4428573,100,1747917000,5.757143
2025-05-22T12:44:54Z,0,29.924,76.0,60,70.9,7,6,195,68,0.0,255,32767,0.11,2090-9-18,0.0,0.52,26.6,0.0,0.0,0.0,0,4.822265625,6,45,05:40,20:21,2025-05-22 12:44:53.949796,Città della Scienza,57.7,8.32607,8.297048,6.226478,5.266263,EU EEA Common AQI,76.8,6.582829,6.623333,7200,5.1571426,100,100,64.6,4.6057143,Very Low,76.5,6.8840995,100,1747917000,Very Low,4.981182,8.00741,Very Low,7.5278907,60.5,7.4428573,100,1747917000,5.757143
2025-05-22T12:45:05Z,0,29.924,76.0,60,70.8,7,6,193,68,0.0,255,32767,0.11,2090-9-18,0.0,0.52,26.6,0.0,0.0,0.0,0,4.822265625,6,45,05:40,20:21,2025-05-22 12:45:05.061805,Città della Scienza,57.7,8.32607,8.297048,6.226478,5.266263,EU EEA Common AQI,76.8,6.582829,6.623333,7200,5.1571426,100,100,64.6,4.6057143,Very Low,76.5,6.8840995,100,1747917000,Very Low,4.981182,8.00741,Very Low,7.5278907,60.5,7.4428573,100,1747917000,5.757143
2025-05-22T12:45:16Z,0,29.924,76.0,60,70.8,11,6,173,69,0.0,255,32767,0.11,2090-9-18,0.0,0.52,26.6,0.0,0.0,0.0,0,4.822265625,6,45,05:40,20:21,2025-05-22 12:45:16.172794,Città della Scienza,57.7,8.32607,8.297048,6.226478,5.266263,EU EEA Common AQI,76.8,6.582829,6.623333,7200,5.1571426,100,100,64.6,4.6057143,Very Low,76.5,6.8840995,100,1747917000,Very Low,4.981182,8.00741,Very Low,7.5278907,60.5,7.4428573,100,1747917000,5.757143
2025-05-22T12:45:27Z,0,29.924,76.0,60,70.8,10,6,175,69,0.0,255,32767,0.11,2090-9-18,0.0,0.52,26.6,0.0,0.0,0.0,0,4.822265625,6,45,05:40,20:21,2025-05-22 12:45:27.269791,Città della Scienza,57.4,8.204438,8.32957,6.0275316,5.177169,EU EEA Common AQI,77.2,6.4714613,6.6513734,7200,3.7857144,100,100,64.7,3.5542858,Very Low,76.8,6.747106,100,1747917900,Very Low,4.8220253,7.915961,Very Low,7.3670096,60.6,5.8428574,100,1747917900,4.4428573
2025-05-22T12:45:38Z,236,29.924,76.0,60,70.8,10,7,176,69,0.0,255,32767,0.11,2090-9-18,0.0,0.52,26.6,0.0,0.0,0.0,0,4.822265625,6,45,05:40,20:21,2025-05-22 12:45:38.618809,Città della Scienza,57.4,8.204438,8.32957,6.0275316,5.177169,EU EEA Common AQI,77.2,6.4714613,6.6513734,7200,3.7857144,100,100,64.7,3.5542858,Very Low,76.8,6.747106,100,1747917900,Very Low,4.8220253,7.915961,Very Low,7.3670096,60.6,5.8428574,100,1747917900,4.4428573
2025-05-22T12:45:49Z,236,29.924,76.0,60,70.8,9,7,180,69,0.0,255,32767,0.11,2090-9-18,0.0,0.52,26.6,0.0,0.0,0.0,0,4.822265625,6,45,05:40,20:21,2025-05-22 12:45:49.728792,Città della Scienza,57.4,8.204438,8.32957,6.0275316,5.177169,EU EEA Common AQI,77.2,6.4714613,6.6513734,7200,3.7857144,100,100,64.7,3.5542858,Very Low,76.8,6.747106,100,1747917900,Very Low,4.8220253,7.915961,Very Low,7.3670096,60.6,5.8428574,100,1747917900,4.4428573
2025-05-22T12:46:01Z,236,29.924,76.0,60,70.7,6,7,201,69,0.0,255,32767,0.11,2090-9-18,0.0,0.52,26.6,0.0,0.0,0.0,0,4.822265625,6,45,05:40,20:21,2025-05-22 12:46:00.842788,Città della Scienza,57.4,8.204438,8.32957,6.0275316,5.177169,EU EEA Common AQI,77.2,6.4714613,6.6513734,7200,3.7857144,100,100,64.7,3.5542858,Very Low,76.8,6.747106,100,1747917900,Very Low,4.8220253,7.915961,Very Low,7.3670096,60.6,5.8428574,100,1747917900,4.4428573
2025-05-22T12:46:12Z,236,29.924,76.0,60,70.7,10,7,182,69,0.0,255,32767,0.11,2090-9-18,0.0,0.52,26.6,0.0,0.0,0.0,0,4.822265625,6,45,05:40,20:21,2025-05-22 12:46:11.917789,Città della Scienza,57.4,8.204438,8.32957,6.0275316,5.177169,EU EEA Common AQI,77.2,6.4714613,6.6513734,7200,3.7857144,100,100,64.7,3.5542858,Very Low,76.8,6.747106,100,1747917900,Very Low,4.8220253,7.915961,Very Low,7.3670096,60.6,5.8428574,100,1747917900,4.4428573
2025-05-22T12:46:23Z,236,29.924,76.0,60,70.7,6,7,184,69,0.0,255,32767,0.11,2090-9-18,0.0,0.52,26.6,0.0,0.0,0.0,0,4.822265625,6,45,05:40,20:21,2025-05-22 12:46:23.120796,Città della Scienza,57.4,8.204438,8.32957,6.0275316,5.177169,EU EEA Common AQI,77.2,6.4714613,6.6513734,7200,3.7857144,100,100,64.7,3.5542858,Very Low,76.8,6.747106,100,1747917900,Very Low,4.8220253,7.915961,Very Low,7.3670096,60.6,5.8428574,100,1747917900,4.4428573
2025-05-22T12:46:34Z,236,29.924,76.0,60,70.6,7,7,195,69,0.0,255,32767,0.11,2090-9-18,0.0,0.52,26.6,0.0,0.0,0.0,0,4.822265625,6,45,05:40,20:21,2025-05-22 12:46:34.208796,Città della Scienza,57.4,8.204438,8.32957,6.0275316,5.177169,EU EEA Common AQI,77.2,6.4714613,6.6513734,7200,3.7857144,100,100,64.7,3.5542858,Very Low,76.8,6.747106,100,1747917900,Very Low,4.8220253,7.915961,Very Low,7.3670096,60.6,5.8428574,100,1747917900,4.4428573
2025-05-22T12:46:45Z,236,29.924,76.0,60,70.6,8,7,192,69,0.0,255,32767,0.11,2090-9-18,0.0,0.52,26.6,0.0,0.0,0.0,0,4.822265625,6,45,05:40,20:21,2025-05-22 12:46:45.337796,Città della Scienza,57.4,8.204438,8.32957,6.0275316,5.177169,EU EEA Common AQI,77.2,6.4714613,6.6513734,7200,3.7857144,100,100,64.7,3.5542858,Very Low,76.8,6.747106,100,1747917900,Very Low,4.8220253,7.915961,Very Low,7.3670096,60.6,5.8428574,100,1747917900,4.4428573
2025-05-22T12:46:56Z,236,29.924,76.0,60,70.6,5,7,223,69,0.0,255,32767,0.11,2090-9-18,0.0,0.52,26.6,0.0,0.0,0.0,0,4.822265625,6,45,05:40,20:21,2025-05-22 12:46:56.445790,Città della Scienza,57.4,8.204438,8.32957,6.0275316,5.177169,EU EEA Common AQI,77.2,6.4714613,6.6513734,7200,3.7857144,100,100,64.7,3.5542858,Very Low,76.8,6.747106,100,1747917900,Very Low,4.8220253,7.915961,Very Low,7.3670096,60.6,5.8428574,100,1747917900,4.4428573
2025-05-22T12:47:07Z,236,29.924,76.0,60,70.6,7,7,159,69,0.0,255,32767,0.11,2090-9-18,0.0,0.52,26.6,0.0,0.0,0.0,0,4.822265625,6,45,05:40,20:21,2025-05-22 12:47:07.583800,Città della Scienza,57.4,8.204438,8.32957,6.0275316,5.177169,EU EEA Common AQI,77.2,6.4714613,6.6513734,7200,3.7857144,100,100,64.7,3.5542858,Very Low,76.8,6.747106,100,1747917900,Very Low,4.8220253,7.915961,Very Low,7.3670096,60.6,5.8428574,100,1747917900,4.4428573
2025-05-22T12:47:18Z,236,29.924,76.0,60,70.6,12,7,186,69,0.0,255,32767,0.11,2090-9-18,0.0,0.52,26.6,0.0,0.0,0.0,0,4.822265625,6,45,05:40,20:21,2025-05-22 12:47:18.681788,Città della Scienza,57.4,8.204438,8.32957,6.0275316,5.177169,EU EEA Common AQI,77.2,6.4714613,6.6513734,7200,3.7857144,100,100,64.7,3.5542858,Very Low,76.8,6.747106,100,1747917900,Very Low,4.8220253,7.915961,Very Low,7.3670096,60.6,5.8428574,100,1747917900,4.4428573
2025-05-22T12:47:29Z,236,29.924,76.0,60,70.5,10,7,187,69,0.0,255,32767,0.11,2090-9-18,0.0,0.52,26.6,0.0,0.0,0.0,0,4.822265625,6,45,05:40,20:21,2025-05-22 12:47:29.775809,Città della Scienza,57.4,8.204438,8.32957,6.0275316,5.177169,EU EEA Common AQI,77.2,6.4714613,6.6513734,7200,3.7857144,100,100,64.7,3.5542858,Very Low,76.8,6.747106,100,1747917900,Very Low,4.8220253,7.915961,Very Low,7.3670096,60.6,5.8428574,100,1747917900,4.4428573
2025-05-22T12:47:41Z,236,29.924,76.1,60,70.6,9,7,182,69,0.0,255,32767,0.11,2090-9-18,0.0,0.52,26.6,0.0,0.0,0.0,0,4.822265625,6,45,05:40,20:21,2025-05-22 12:47:40.863806,Città della Scienza,57.4,8.204438,8.32957,6.0275316,5.177169,EU EEA Common AQI,77.2,6.4714613,6.6513734,7200,3.7857144,100,100,64.7,3.5542858,Very Low,76.8,6.747106,100,1747917900,Very Low,4.8220253,7.915961,Very Low,7.3670096,60.6,5.8428574,100,1747917900,4.4428573
2025-05-22T12:47:52Z,236,29.924,76.1,60,70.6,6,7,215,69,0.0,255,32767,0.11,2090-9-18,0.0,0.52,26.6,0.0,0.0,0.0,0,4.822265625,6,45,05:40,20:21,2025-05-22 12:47:51.979761,Città della Scienza,57.4,8.204438,8.32957,6.0275316,5.177169,EU EEA Common AQI,77.2,6.4714613,6.6513734,7200,3.7857144,100,100,64.7,3.5542858,Very Low,76.8,6.747106,100,1747917900,Very Low,4.8220253,7.915961,Very Low,7.3670096,60.6,5.8428574,100,1747917900,4.4428573
2025-05-22T12:48:03Z,236,29.924,76.1,60,70.5,8,7,175,69,0.0,255,32767,0.11,2090-9-18,0.0,0.52,26.6,0.0,0.0,0.0,0,4.822265625,6,45,05:40,20:21,2025-05-22 12:48:03.111795,Città della Scienza,57.4,8.204438,8.32957,6.0275316,5.177169,EU EEA Common AQI,77.2,6.4714613,6.6513734,7200,3.7857144,100,100,64.7,3.5542858,Very Low,76.8,6.747106,100,1747917900,Very Low,4.8220253,7.915961,Very Low,7.3670096,60.6,5.8428574,100,1747917900,4.4428573
2025-05-22T12:48:14Z,236,29.924,76.1,60,70.5,6,7,166,69,0.0,255,32767,0.11,2090-9-18,0.0,0.52,26.6,0.0,0.0,0.0,0,4.822265625,6,45,05:40,20:21,2025-05-22 12:48:14.214794,Città della Scienza,57.4,8.204438,8.32957,6.0275316,5.177169,EU EEA Common AQI,77.2,6.4714613,6.6513734,7200,3.7857144,100,100,64.7,3.5542858,Very Low,76.8,6.747106,100,1747917900,Very Low,4.8220253,7.915961,Very Low,7.3670096,60.6,5.8428574,100,1747917900,4.4428573
2025-05-22T12:48:25Z,236,29.924,76.1,60,70.5,7,7,175,69,0.0,255,32767,0.11,2090-9-18,0.0,0.52,26.6,0.0,0.0,0.0,0,4.822265625,6,45,05:40,20:21,2025-05-22 12:48:25.318795,Città della Scienza,57.4,8.204438,8.32957,6.0275316,5.177169,EU EEA Common AQI,77.2,6.4714613,6.6513734,7200,3.7857144,100,100,64.7,3.5542858,Very Low,76.8,6.747106,100,1747917900,Very Low,4.8220253,7.915961,Very Low,7.3670096,60.6,5.8428574,100,1747917900,4.4428573
2025-05-22T12:48:36Z,236,29.921,76.1,60,70.5,7,7,292,69,0.0,255,32767,0.11,2090-9-18,0.0,0.52,26.6,0.0,0.0,0.0,0,4.822265625,6,45,05:40,20:21,2025-05-22 12:48:36.405770,Città della Scienza,57.4,8.204438,8.32957,6.0275316,5.177169,EU EEA Common AQI,77.2,6.4714613,6.6513734,7200,3.7857144,100,100,64.7,3.5542858,Very Low,76.8,6.747106,100,1747917900,Very Low,4.8220253,7.915961,Very Low,7.3670096,60.6,5.8428574,100,1747917900,4.4428573
2025-05-22T12:48:47Z,236,29.921,76.1,60,70.6,4,7,192,69,0.0,255,32767,0.11,2090-9-18,0.0,0.52,26.6,0.0,0.0,0.0,0,4.822265625,6,45,05:40,20:21,2025-05-22 12:48:47.528792,Città della Scienza,57.4,8.204438,8.32957,6.0275316,5.177169,EU EEA Common AQI,77.2,6.4714613,6.6513734,7200,3.7857144,100,100,64.7,3.5542858,Very Low,76.8,6.747106,100,1747917900,Very Low,4.8220253,7.915961,Very Low,7.3670096,60.6,5.8428574,100,1747917900,4.4428573
2025-05-22T12:48:58Z,236,29.921,76.1,60,70.6,6,7,236,69,0.0,255,32767,0.11,2090-9-18,0.0,0.52,26.6,0.0,0.0,0.0,0,4.822265625,6,45,05:40,20:21,2025-05-22 12:48:58.609817,Città della Scienza,57.4,8.204438,8.32957,6.0275316,5.177169,EU EEA Common AQI,77.2,6.4714613,6.6513734,7200,3.7857144,100,100,64.7,3.5542858,Very Low,76.8,6.747106,100,1747917900,Very Low,4.8220253,7.915961,Very Low,7.3670096,60.6,5.8428574,100,1747917900,4.4428573
2025-05-22T12:49:09Z,236,29.921,76.1,60,70.6,8,7,197,69,0.0,255,32767,0.11,2090-9-18,0.0,0.52,26.6,0.0,0.0,0.0,0,4.822265625,6,45,05:40,20:21,2025-05-22 12:49:09.686798,Città della Scienza,57.4,8.204438,8.32957,6.0275316,5.177169,EU EEA Common AQI,77.2,6.4714613,6.6513734,7200,3.7857144,100,100,64.7,3.5542858,Very Low,76.8,6.747106,100,1747917900,Very Low,4.8220253,7.915961,Very Low,7.3670096,60.6,5.8428574,100,1747917900,4.4428573
2025-05-22T12:49:21Z,236,29.921,76.1,60,70.6,7,7,215,69,0.0,255,32767,0.11,2090-9-18,0.0,0.52,26.6,0.0,0.0,0.0,0,4.822265625,6,45,05:40,20:21,2025-05-22 12:49:20.805799,Città della Scienza,57.4,8.204438,8.32957,6.0275316,5.177169,EU EEA Common AQI,77.2,6.4714613,6.6513734,7200,3.7857144,100,100,64.7,3.5542858,Very Low,76.8,6.747106,100,1747917900,Very Low,4.8220253,7.915961,Very Low,7.3670096,60.6,5.8428574,100,1747917900,4.4428573
2025-05-22T12:49:32Z,236,29.921,76.1,60,70.6,6,7,177,69,0.0,255,32767,0.11,2090-9-18,0.0,0.52,26.6,0.0,0.0,0.0,0,4.822265625,6,45,05:40,20:21,2025-05-22 12:49:31.968788,Città della Scienza,57.4,8.204438,8.32957,6.0275316,5.177169,EU EEA Common AQI,77.2,6.4714613,6.6513734,7200,3.7857144,100,100,64.7,3.5542858,Very Low,76.8,6.747106,100,1747917900,Very Low,4.8220253,7.915961,Very Low,7.3670096,60.6,5.8428574,100,1747917900,4.4428573
2025-05-22T12:49:43Z,236,29.921,76.1,60,70.6,8,7,190,69,0.0,255,32767,0.11,2090-9-18,0.0,0.52,26.6,0.0,0.0,0.0,0,4.822265625,6,45,05:40,20:21,2025-05-22 12:49:43.052795,Città della Scienza,57.4,8.204438,8.32957,6.0275316,5.177169,EU EEA Common AQI,77.2,6.4714613,6.6513734,7200,3.7857144,100,100,64.7,3.5542858,Very Low,76.8,6.747106,100,1747917900,Very Low,4.8220253,7.915961,Very Low,7.3670096,60.6,5.8428574,100,1747917900,4.4428573
2025-05-22T12:49:54Z,236,29.921,76.1,60,70.6,9,7,157,69,0.0,255,32767,0.11,2090-9-18,0.0,0.52,26.6,0.0,0.0,0.0,0,4.822265625,6,45,05:40,20:21,2025-05-22 12:49:54.175791,Città della Scienza,57.4,8.204438,8.32957,6.0275316,5.177169,EU EEA Common AQI,77.2,6.4714613,6.6513734,7200,3.7857144,100,100,64.7,3.5542858,Very Low,76.8,6.747106,100,1747917900,Very Low,4.8220253,7.915961,Very Low,7.3670096,60.6,5.8428574,100,1747917900,4.4428573
2025-05-22T12:50:05Z,236,29.921,76.1,60,70.6,9,7,195,69,0.0,255,32767,0.11,2090-9-18,0.0,0.52,26.6,0.0,0.0,0.0,0,4.822265625,6,45,05:40,20:21,2025-05-22 12:50:05.290814,Città della Scienza,57.4,8.204438,8.32957,6.0275316,5.177169,EU EEA Common AQI,77.2,6.4714613,6.6513734,7200,3.7857144,100,100,64.7,3.5542858,Very Low,76.8,6.747106,100,1747917900,Very Low,4.8220253,7.915961,Very Low,7.3670096,60.6,5.8428574,100,1747917900,4.4428573
2025-05-22T12:50:16Z,236,29.921,76.1,60,70.6,6,7,159,69,0.0,255,32767,0.11,2090-9-18,0.0,0.52,26.6,0.0,0.0,0.0,0,4.822265625,6,45,05:40,20:21,2025-05-22 12:50:16.427799,Città della Scienza,57.4,8.204438,8.32957,6.0275316,5.177169,EU EEA Common AQI,77.2,6.4714613,6.6513734,7200,3.7857144,100,100,64.7,3.5542858,Very Low,76.8,6.747106,100,1747917900,Very Low,4.8220253,7.915961,Very Low,7.3670096,60.6,5.8428574,100,1747917900,4.4428573
2025-05-22T12:50:27Z,236,29.921,76.1,60,70.6,7,7,169,69,0.0,255,32767,0.11,2090-9-18,0.0,0.52,26.6,0.0,0.0,0.0,0,4.822265625,6,45,05:40,20:21,2025-05-22 12:50:27.572805,Città della Scienza,57.4,8.204438,8.32957,6.0275316,5.177169,EU EEA Common AQI,77.2,6.4714613,6.6513734,7200,3.7857144,100,100,64.7,3.5542858,Very Low,76.8,6.747106,100,1747917900,Very Low,4.8220253,7.915961,Very Low,7.3670096,60.6,5.8428574,100,1747917900,4.4428573
2025-05-22T12:50:38Z,236,29.92,76.1,60,70.6,9,8,238,69,0.0,255,32767,0.11,2090-9-18,0.0,0.52,26.6,0.0,0.0,0.0,0,4.822265625,6,45,05:40,20:21,2025-05-22 12:50:38.679799,Città della Scienza,57.4,8.204438,8.32957,6.0275316,5.177169,EU EEA Common AQI,77.2,6.4714613,6.6513734,7200,3.7857144,100,100,64.7,3.5542858,Very Low,76.8,6.747106,100,1747917900,Very Low,4.8220253,7.915961,Very Low,7.3670096,60.6,5.8428574,100,1747917900,4.4428573
2025-05-22T12:50:50Z,236,29.92,76.1,60,70.6,5,8,142,69,0.0,255,32767,0.11,2090-9-18,0.0,0.52,26.6,0.0,0.0,0.0,0,4.822265625,6,45,05:40,20:21,2025-05-22 12:50:49.868794,Città della Scienza,57.4,8.204438,8.32957,6.0275316,5.177169,EU EEA Common AQI,77.2,6.4714613,6.6513734,7200,3.7857144,100,100,64.7,3.5542858,Very Low,76.8,6.747106,100,1747917900,Very Low,4.8220253,7.915961,Very Low,7.3670096,60.6,5.8428574,100,1747917900,4.4428573
2025-05-22T12:51:01Z,236,29.92,76.1,60,70.6,11,8,203,69,0.0,255,32767,0.11,2090-9-18,0.0,0.52,26.6,0.0,0.0,0.0,0,4.822265625,6,45,05:40,20:21,2025-05-22 12:51:00.949794,Città della Scienza,57.4,8.204438,8.32957,6.0275316,5.177169,EU EEA Common AQI,77.2,6.4714613,6.6513734,7200,3.7857144,100,100,64.7,3.5542858,Very Low,76.8,6.747106,100,1747917900,Very Low,4.8220253,7.915961,Very Low,7.3670096,60.6,5.8428574,100,1747917900,4.4428573
2025-05-22T12:51:12Z,236,29.92,76.1,60,70.6,7,8,228,69,0.0,255,32767,0.11,2090-9-18,0.0,0.52,26.6,0.0,0.0,0.0,0,4.822265625,6,45,05:40,20:21,2025-05-22 12:51:12.056755,Città della Scienza,57.4,8.204438,8.32957,6.0275316,5.177169,EU EEA Common AQI,77.2,6.4714613,6.6513734,7200,3.7857144,100,100,64.7,3.5542858,Very Low,76.8,6.747106,100,1747917900,Very Low,4.8220253,7.915961,Very Low,7.3670096,60.6,5.8428574,100,1747917900,4.4428573
2025-05-22T12:51:23Z,236,29.92,76.1,60,70.6,10,8,175,69,0.0,255,32767,0.11,2090-9-18,0.0,0.52,26.6,0.0,0.0,0.0,0,4.822265625,6,45,05:40,20:21,2025-05-22 12:51:23.194800,Città della Scienza,57.4,8.204438,8.32957,6.0275316,5.177169,EU EEA Common AQI,77.2,6.4714613,6.6513734,7200,3.7857144,100,100,64.7,3.5542858,Very Low,76.8,6.747106,100,1747917900,Very Low,4.8220253,7.915961,Very Low,7.3670096,60.6,5.8428574,100,1747917900,4.4428573
2025-05-22T12:51:34Z,236,29.922,76.1,60,70.6,10,8,196,69,0.0,255,32767,0.11,2090-9-18,0.0,0.52,26.6,0.0,0.0,0.0,0,4.822265625,6,45,05:40,20:21,2025-05-22 12:51:34.289783,Città della Scienza,57.4,8.204438,8.32957,6.0275316,5.177169,EU EEA Common AQI,77.2,6.4714613,6.6513734,7200,3.7857144,100,100,64.7,3.5542858,Very Low,76.8,6.747106,100,1747917900,Very Low,4.8220253,7.915961,Very Low,7.3670096,60.6,5.8428574,100,1747917900,4.4428573
2025-05-22T12:51:45Z,236,29.922,76.1,60,70.6,13,8,169,69,0.0,255,32767,0.11,2090-9-18,0.0,0.52,26.6,0.0,0.0,0.0,0,4.822265625,6,45,05:40,20:21,2025-05-22 12:51:45.391791,Città della Scienza,57.4,8.204438,8.32957,6.0275316,5.177169,EU EEA Common AQI,77.2,6.4714613,6.6513734,7200,3.7857144,100,100,64.7,3.5542858,Very Low,76.8,6.747106,100,1747917900,Very Low,4.8220253,7.915961,Very Low,7.3670096,60.6,5.8428574,100,1747917900,4.4428573
2025-05-22T12:51:56Z,236,29.922,76.1,60,70.7,9,8,208,69,0.0,255,32767,0.11,2090-9-18,0.0,0.52,26.6,0.0,0.0,0.0,0,4.822265625,6,45,05:40,20:21,2025-05-22 12:51:56.518787,Città della Scienza,57.4,8.204438,8.32957,6.0275316,5.177169,EU EEA Common AQI,77.2,6.4714613,6.6513734,7200,3.7857144,100,100,64.7,3.5542858,Very Low,76.8,6.747106,100,1747917900,Very Low,4.8220253,7.915961,Very Low,7.3670096,60.6,5.8428574,100,1747917900,4.4428573
2025-05-22T12:52:07Z,236,29.922,76.1,60,70.7,9,8,169,69,0.0,255,32767,0.11,2090-9-18,0.0,0.52,26.6,0.0,0.0,0.0,0,4.822265625,6,45,05:40,20:21,2025-05-22 12:52:07.620810,Città della Scienza,57.4,8.204438,8.32957,6.0275316,5.177169,EU EEA Common AQI,77.2,6.4714613,6.6513734,7200,3.7857144,100,100,64.7,3.5542858,Very Low,76.8,6.747106,100,1747917900,Very Low,4.8220253,7.915961,Very Low,7.3670096,60.6,5.8428574,100,1747917900,4.4428573
2025-05-22T12:52:18Z,236,29.922,76.1,60,70.7,8,8,174,69,0.0,255,32767,0.11,2090-9-18,0.0,0.52,26.6,0.0,0.0,0.0,0,4.822265625,6,45,05:40,20:21,2025-05-22 12:52:18.742794,Città della Scienza,57.4,8.204438,8.32957,6.0275316,5.177169,EU EEA Common AQI,77.2,6.4714613,6.6513734,7200,3.7857144,100,100,64.7,3.5542858,Very Low,76.8,6.747106,100,1747917900,Very Low,4.8220253,7.915961,Very Low,7.3670096,60.6,5.8428574,100,1747917900,4.4428573
2025-05-22T12:52:30Z,236,29.922,76.1,60,70.7,3,8,181,69,0.0,255,32767,0.11,2090-9-18,0.0,0.52,26.6,0.0,0.0,0.0,0,4.822265625,6,45,05:40,20:21,2025-05-22 12:52:29.862796,Città della Scienza,57.4,8.204438,8.32957,6.0275316,5.177169,EU EEA Common AQI,77.2,6.4714613,6.6513734,7200,3.7857144,100,100,64.7,3.5542858,Very Low,76.8,6.747106,100,1747917900,Very Low,4.8220253,7.915961,Very Low,7.3670096,60.6,5.8428574,100,1747917900,4.4428573
2025-05-22T12:52:41Z,236,29.919,76.1,60,70.6,5,8,237,69,0.0,255,32767,0.11,2090-9-18,0.0,0.52,26.6,0.0,0.0,0.0,0,4.822265625,6,45,05:40,20:21,2025-05-22 12:52:40.983812,Città della Scienza,57.4,8.204438,8.32957,6.0275316,5.177169,EU EEA Common AQI,77.2,6.4714613,6.6513734,7200,3.7857144,100,100,64.7,3.5542858,Very Low,76.8,6.747106,100,1747917900,Very Low,4.8220253,7.915961,Very Low,7.3670096,60.6,5.8428574,100,1747917900,4.4428573
2025-05-22T12:52:52Z,236,29.919,76.1,60,70.7,4,8,223,69,0.0,255,32767,0.11,2090-9-18,0.0,0.52,26.6,0.0,0.0,0.0,0,4.822265625,6,45,05:40,20:21,2025-05-22 12:52:52.062792,Città della Scienza,57.4,8.204438,8.32957,6.0275316,5.177169,EU EEA Common AQI,77.2,6.4714613,6.6513734,7200,3.7857144,100,100,64.7,3.5542858,Very Low,76.8,6.747106,100,1747917900,Very Low,4.8220253,7.915961,Very Low,7.3670096,60.6,5.8428574,100,1747917900,4.4428573
2025-05-22T12:53:03Z,236,29.919,76.1,60,70.7,3,8,182,69,0.0,255,32767,0.11,2090-9-18,0.0,0.52,26.6,0.0,0.0,0.0,0,4.822265625,6,45,05:40,20:21,2025-05-22 12:53:03.143799,Città della Scienza,57.4,8.204438,8.32957,6.0275316,5.177169,EU EEA Common AQI,77.2,6.4714613,6.6513734,7200,3.7857144,100,100,64.7,3.5542858,Very Low,76.8,6.747106,100,1747917900,Very Low,4.8220253,7.915961,Very Low,7.3670096,60.6,5.8428574,100,1747917900,4.4428573
2025-05-22T12:53:14Z,236,29.919,76.1,60,70.7,8,8,196,69,0.0,255,32767,0.11,2090-9-18,0.0,0.52,26.6,0.0,0.0,0.0,0,4.822265625,6,45,05:40,20:21,2025-05-22 12:53:14.246788,Città della Scienza,57.4,8.204438,8.32957,6.0275316,5.177169,EU EEA Common AQI,77.2,6.4714613,6.6513734,7200,3.7857144,100,100,64.7,3.5542858,Very Low,76.8,6.747106,100,1747917900,Very Low,4.8220253,7.915961,Very Low,7.3670096,60.6,5.8428574,100,1747917900,4.4428573
2025-05-22T12:53:25Z,236,29.919,76.1,60,70.6,9,8,184,69,0.0,255,32767,0.11,2090-9-18,0.0,0.52,26.6,0.0,0.0,0.0,0,4.822265625,6,45,05:40,20:21,2025-05-22 12:53:25.376824,Città della Scienza,57.4,8.204438,8.32957,6.0275316,5.177169,EU EEA Common AQI,77.2,6.4714613,6.6513734,7200,3.7857144,100,100,64.7,3.5542858,Very Low,76.8,6.747106,100,1747917900,Very Low,4.8220253,7.915961,Very Low,7.3670096,60.6,5.8428574,100,1747917900,4.4428573
2025-05-22T12:53:36Z,236,29.923,76.1,60,70.7,8,7,176,69,0.0,255,32767,0.11,2090-9-18,0.0,0.52,26.6,0.0,0.0,0.0,0,4.822265625,6,45,05:40,20:21,2025-05-22 12:53:36.524795,Città della Scienza,57.4,8.204438,8.32957,6.0275316,5.177169,EU EEA Common AQI,77.2,6.4714613,6.6513734,7200,3.7857144,100,100,64.7,3.5542858,Very Low,76.8,6.747106,100,1747917900,Very Low,4.8220253,7.915961,Very Low,7.3670096,60.6,5.8428574,100,1747917900,4.4428573
2025-05-22T12:53:47Z,236,29.923,76.1,60,70.7,7,7,198,69,0.0,255,32767,0.11,2090-9-18,0.0,0.52,26.6,0.0,0.0,0.0,0,4.822265625,6,45,05:40,20:21,2025-05-22 12:53:47.643817,Città della Scienza,57.4,8.204438,8.32957,6.0275316,5.177169,EU EEA Common AQI,77.2,6.4714613,6.6513734,7200,3.7857144,100,100,64.7,3.5542858,Very Low,76.8,6.747106,100,1747917900,Very Low,4.8220253,7.915961,Very Low,7.3670096,60.6,5.8428574,100,1747917900,4.4428573
2025-05-22T12:53:58Z,236,29.923,76.1,60,70.7,6,7,165,69,0.0,255,32767,0.11,2090-9-18,0.0,0.52,26.6,0.0,0.0,0.0,0,4.822265625,6,45,05:40,20:21,2025-05-22 12:53:58.768788,Città della Scienza,57.4,8.204438,8.32957,6.0275316,5.177169,EU EEA Common AQI,77.2,6.4714613,6.6513734,7200,3.7857144,100,100,64.7,3.5542858,Very Low,76.8,6.747106,100,1747917900,Very Low,4.8220253,7.915961,Very Low,7.3670096,60.6,5.8428574,100,1747917900,4.4428573
2025-05-22T12:54:10Z,236,29.923,76.1,60,70.7,6,7,164,69,0.0,255,32767,0.11,2090-9-18,0.0,0.52,26.6,0.0,0.0,0.0,0,4.822265625,6,45,05:40,20:21,2025-05-22 12:54:09.898809,Città della Scienza,57.4,8.204438,8.32957,6.0275316,5.177169,EU EEA Common AQI,77.2,6.4714613,6.6513734,7200,3.7857144,100,100,64.7,3.5542858,Very Low,76.8,6.747106,100,1747917900,Very Low,4.8220253,7.915961,Very Low,7.3670096,60.6,5.8428574,100,1747917900,4.4428573
2025-05-22T12:54:21Z,236,29.923,76.1,60,70.7,8,7,186,69,0.0,255,32767,0.11,2090-9-18,0.0,0.52,26.6,0.0,0.0,0.0,0,4.822265625,6,45,05:40,20:21,2025-05-22 12:54:20.979799,Città della Scienza,57.4,8.204438,8.32957,6.0275316,5.177169,EU EEA Common AQI,77.2,6.4714613,6.6513734,7200,3.7857144,100,100,64.7,3.5542858,Very Low,76.8,6.747106,100,1747917900,Very Low,4.8220253,7.915961,Very Low,7.3670096,60.6,5.8428574,100,1747917900,4.4428573
2025-05-22T12:54:32Z,236,29.923,76.1,60,70.7,7,7,179,69,0.0,255,32767,0.11,2090-9-18,0.0,0.52,26.6,0.0,0.0,0.0,0,4.822265625,6,45,05:40,20:21,2025-05-22 12:54:32.091790,Città della Scienza,57.4,8.204438,8.32957,6.0275316,5.177169,EU EEA Common AQI,77.2,6.4714613,6.6513734,7200,3.7857144,100,100,64.7,3.5542858,Very Low,76.8,6.747106,100,1747917900,Very Low,4.8220253,7.915961,Very Low,7.3670096,60.6,5.8428574,100,1747917900,4.4428573
2025-05-22T12:54:43Z,236,29.92,76.1,60,70.7,6,8,198,69,0.0,255,32767,0.11,2090-9-18,0.0,0.52,26.6,0.0,0.0,0.0,0,4.822265625,6,45,05:40,20:21,2025-05-22 12:54:43.205786,Città della Scienza,57.4,8.204438,8.32957,6.0275316,5.177169,EU EEA Common AQI,77.2,6.4714613,6.6513734,7200,3.7857144,100,100,64.7,3.5542858,Very Low,76.8,6.747106,100,1747917900,Very Low,4.8220253,7.915961,Very Low,7.3670096,60.6,5.8428574,100,1747917900,4.4428573
2025-05-22T12:54:54Z,236,29.92,76.1,60,70.7,7,8,168,69,0.0,255,32767,0.11,2090-9-18,0.0,0.52,26.6,0.0,0.0,0.0,0,4.822265625,6,45,05:40,20:21,2025-05-22 12:54:54.296790,Città della Scienza,57.4,8.204438,8.32957,6.0275316,5.177169,EU EEA Common AQI,77.2,6.4714613,6.6513734,7200,3.7857144,100,100,64.7,3.5542858,Very Low,76.8,6.747106,100,1747917900,Very Low,4.8220253,7.915961,Very Low,7.3670096,60.6,5.8428574,100,1747917900,4.4428573
2025-05-22T12:55:05Z,236,29.92,76.1,60,70.7,5,8,184,69,0.0,255,32767,0.11,2090-9-18,0.0,0.52,26.6,0.0,0.0,0.0,0,4.822265625,6,45,05:40,20:21,2025-05-22 12:55:05.397794,Città della Scienza
2025-05-22T12:55:16Z,236,29.92,76.1,60,70.7,5,8,205,69,0.0,255,32767,0.11,2090-9-18,0.0,0.52,26.6,0.0,0.0,0.0,0,4.822265625,6,45,05:40,20:21,2025-05-22 12:55:16.498797,Città della Scienza
2025-05-22T12:55:27Z,236,29.92,76.1,60,70.7,5,8,176,69,0.0,255,32767,0.11,2090-9-18,0.0,0.52,26.6,0.0,0.0,0.0,0,4.822265625,6,45,05:40,20:21,2025-05-22 12:55:27.594790,Città della Scienza
2025-05-22T12:55:38Z,236,29.921,76.1,59,70.7,7,7,169,69,0.0,255,32767,0.11,2090-9-18,0.0,0.52,26.6,0.0,0.0,0.0,0,4.822265625,6,45,05:40,20:21,2025-05-22 12:55:38.665796,Città della Scienza
2025-05-22T12:55:49Z,236,29.921,76.1,59,70.7,7,7,194,69,0.0,255,32767,0.11,2090-9-18,0.0,0.52,26.6,0.0,0.0,0.0,0,4.822265625,6,45,05:40,20:21,2025-05-22 12:55:49.748788,Città della Scienza
2025-05-22T12:56:01Z,236,29.921,76.1,59,70.7,7,7,189,69,0.0,255,32767,0.11,2090-9-18,0.0,0.52,26.6,0.0,0.0,0.0,0,4.822265625,6,45,05:40,20:21,2025-05-22 12:56:00.838794,Città della Scienza
2025-05-22T12:56:12Z,236,29.921,76.1,59,70.7,5,7,182,69,0.0,255,32767,0.11,2090-9-18,0.0,0.52,26.6,0.0,0.0,0.0,0,4.822265625,6,45,05:40,20:21,2025-05-22 12:56:11.924814,Città della Scienza
2025-05-22T12:56:23Z,236,29.921,76.1,59,70.7,5,7,180,69,0.0,255,32767,0.11,2090-9-18,0.0,0.52,26.6,0.0,0.0,0.0,0,4.822265625,6,45,05:40,20:21,2025-05-22 12:56:23.033796,Città della Scienza
2025-05-22T12:56:34Z,236,29.921,76.1,59,70.7,3,7,151,69,0.0,255,32767,0.11,2090-9-18,0.0,0.52,26.6,0.0,0.0,0.0,0,4.822265625,6,45,05:40,20:21,2025-05-22 12:56:34.143802,Città della Scienza
2025-05-22T12:56:45Z,236,29.921,76.1,59,70.7,7,7,187,69,0.0,255,32767,0.11,2090-9-18,0.0,0.52,26.6,0.0,0.0,0.0,0,4.822265625,6,45,05:40,20:21,2025-05-22 12:56:45.229803,Città della Scienza
2025-05-22T12:56:56Z,236,29.921,76.1,59,70.7,6,7,228,69,0.0,255,32767,0.11,2090-9-18,0.0,0.52,26.6,0.0,0.0,0.0,0,4.822265625,6,45,05:40,20:21,2025-05-22 12:56:56.352797,Città della Scienza
2025-05-22T12:57:07Z,236,29.921,76.1,59,70.7,7,7,273,69,0.0,255,32767,0.11,2090-9-18,0.0,0.52,26.6,0.0,0.0,0.0,0,4.822265625,6,45,05:40,20:21,2025-05-22 12:57:07.455794,Città della Scienza
2025-05-22T12:57:18Z,236,29.921,76.1,59,70.8,7,7,161,69,0.0,255,32767,0.11,2090-9-18,0.0,0.52,26.6,0.0,0.0,0.0,0,4.822265625,6,45,05:40,20:21,2025-05-22 12:57:18.511794,Città della Scienza
2025-05-22T12:57:29Z,236,29.921,76.1,59,70.8,5,7,184,69,0.0,255,32767,0.11,2090-9-18,0.0,0.52,26.6,0.0,0.0,0.0,0,4.822265625,6,45,05:40,20:21,2025-05-22 12:57:29.616824,Città della Scienza
2025-05-22T12:57:40Z,236,29.92,76.2,59,70.8,8,7,198,69,0.0,255,32767,0.11,2090-9-18,0.0,0.52,26.6,0.0,0.0,0.0,0,4.822265625,6,45,05:40,20:21,2025-05-22 12:57:40.724796,Città della Scienza
2025-05-22T12:57:52Z,236,29.92,76.2,59,70.9,8,7,200,69,0.0,255,32767,0.11,2090-9-18,0.0,0.52,26.6,0.0,0.0,0.0,0,4.822265625,6,45,05:40,20:21,2025-05-22 12:57:51.826795,Città della Scienza
2025-05-22T12:58:03Z,236,29.92,76.2,59,70.9,8,7,192,69,0.0,255,32767,0.11,2090-9-18,0.0,0.52,26.6,0.0,0.0,0.0,0,4.822265625,6,45,05:40,20:21,2025-05-22 12:58:02.915820,Città della Scienza
2025-05-22T12:58:14Z,236,29.92,76.2,59,70.8,7,7,174,69,0.0,255,32767,0.11,2090-9-18,0.0,0.52,26.6,0.0,0.0,0.0,0,4.822265625,6,45,05:40,20:21,2025-05-22 12:58:14.040796,Città della Scienza
2025-05-22T12:58:25Z,236,29.92,76.2,59,70.9,9,7,171,69,0.0,255,32767,0.11,2090-9-18,0.0,0.52,26.6,0.0,0.0,0.0,0,4.822265625,6,45,05:40,20:21,2025-05-22 12:58:25.127759,Città della Scienza
2025-05-22T12:58:36Z,236,29.92,76.2,59,70.8,8,7,185,69,0.0,255,32767,0.11,2090-9-18,0.0,0.52,26.6,0.0,0.0,0.0,0,4.822265625,6,45,05:40,20:21,2025-05-22 12:58:36.215790,Città della Scienza
2025-05-22T12:58:47Z,236,29.92,76.2,59,70.8,11,7,168,69,0.0,255,32767,0.11,2090-9-18,0.0,0.52,26.6,0.0,0.0,0.0,0,4.822265625,6,45,05:40,20:21,2025-05-22 12:58:47.305802,Città della Scienza
2025-05-22T12:58:58Z,236,29.92,76.2,59,70.9,8,7,181,69,0.0,255,32767,0.11,2090-9-18,0.0,0.52,26.6,0.0,0.0,0.0,0,4.822265625,6,45,05:40,20:21,2025-05-22 12:58:58.420794,Città della Scienza
2025-05-22T12:59:09Z,236,29.92,76.2,59,70.9,7,7,200,68,0.0,255,32767,0.11,2090-9-18,0.0,0.52,26.6,0.0,0.0,0.0,0,4.822265625,6,45,05:40,20:21,2025-05-22 12:59:09.504790,Città della Scienza
2025-05-22T12:59:20Z,236,29.92,76.2,59,70.9,2,7,261,68,0.0,255,32767,0.11,2090-9-18,0.0,0.52,26.6,0.0,0.0,0.0,0,4.822265625,6,45,05:40,20:21,2025-05-22 12:59:20.593801,Città della Scienza
2025-05-22T12:59:31Z,236,29.92,76.2,59,70.8,3,7,17,68,0.0,255,32767,0.11,2090-9-18,0.0,0.52,26.6,0.0,0.0,0.0,0,4.822265625,6,45,05:40,20:21,2025-05-22 12:59:31.665803,Città della Scienza
2025-05-22T12:59:42Z,236,29.917,76.2,59,70.8,7,7,163,68,0.0,255,32767,0.11,2090-9-18,0.0,0.52,26.6,0.0,0.0,0.0,0,4.822265625,6,45,05:40,20:21,2025-05-22 12:59:42.767800,Città della Scienza
2025-05-22T12:59:54Z,236,29.917,76.2,59,70.9,5,7,144,68,0.0,255,32767,0.11,2090-9-18,0.0,0.52,26.6,0.0,0.0,0.0,0,4.822265625,6,45,05:40,20:21,2025-05-22 12:59:53.872802,Città della Scienza
2025-05-22T13:00:05Z,236,29.917,76.2,59,70.8,8,7,182,68,0.0,255,32767,0.11,2090-9-18,0.0,0.52,26.6,0.0,0.0,0.0,0,4.822265625,6,45,05:40,20:21,2025-05-22 13:00:04.954796,Città della Scienza,57.4,8.204438,8.32957,6.0275316,5.177169,EU EEA Common AQI,77.2,6.4714613,6.6513734,7200,3.7857144,100,100,64.7,3.5542858,Very Low,76.8,6.747106,100,1747917900,Very Low,4.8220253,7.915961,Very Low,7.3670096,60.6,5.8428574,100,1747917900,4.4428573
2025-05-22T13:00:16Z,236,29.917,76.2,59,70.9,10,7,178,68,0.0,255,32767,0.11,2090-9-18,0.0,0.52,26.6,0.0,0.0,0.0,0,4.822265625,6,45,05:40,20:21,2025-05-22 13:00:16.055795,Città della Scienza,57.4,8.204438,8.32957,6.0275316,5.177169,EU EEA Common AQI,77.2,6.4714613,6.6513734,7200,3.7857144,100,100,64.7,3.5542858,Very Low,76.8,6.747106,100,1747917900,Very Low,4.8220253,7.915961,Very Low,7.3670096,60.6,5.8428574,100,1747917900,4.4428573
2025-05-22T13:00:27Z,236,29.917,76.2,59,70.9,12,7,177,68,0.0,255,32767,0.11,2090-9-18,0.0,0.52,26.6,0.0,0.0,0.0,0,4.822265625,6,45,05:40,20:21,2025-05-22 13:00:27.183809,Città della Scienza,55.7,8.0989065,8.35997,5.82591,5.074551,EU EEA Common AQI,78.4,6.3431892,6.6845818,7200,4.3768115,100,100,65.2,3.9304347,Very Low,78.0,6.6298394,100,1747918800,Very Low,4.660728,7.785313,Very Low,7.1903734,60.9,6.0434785,100,1747918800,4.9130435
2025-05-22T13:00:38Z,236,29.919,76.2,59,70.9,5,7,191,68,0.0,255,32767,0.11,2090-9-18,0.0,0.52,26.6,0.0,0.0,0.0,0,4.822265625,6,45,05:40,20:21,2025-05-22 13:00:38.264795,Città della Scienza,55.7,8.0989065,8.35997,5.82591,5.074551,EU EEA Common AQI,78.4,6.3431892,6.6845818,7200,4.3768115,100,100,65.2,3.9304347,Very Low,78.0,6.6298394,100,1747918800,Very Low,4.660728,7.785313,Very Low,7.1903734,60.9,6.0434785,100,1747918800,4.9130435
2025-05-22T13:00:49Z,236,29.919,76.2,59,70.8,5,7,252,68,0.0,255,32767,0.11,2090-9-18,0.0,0.52,26.6,0.0,0.0,0.0,0,4.822265625,6,45,05:40,20:21,2025-05-22 13:00:49.365784,Città della Scienza,55.7,8.0989065,8.35997,5.82591,5.074551,EU EEA Common AQI,78.4,6.3431892,6.6845818,7200,4.3768115,100,100,65.2,3.9304347,Very Low,78.0,6.6298394,100,1747918800,Very Low,4.660728,7.785313,Very Low,7.1903734,60.9,6.0434785,100,1747918800,4.9130435
2025-05-22T13:01:00Z,236,29.919,76.2,59,70.8,6,7,165,68,0.0,255,32767,0.11,2090-9-18,0.0,0.52,26.6,0.0,0.0,0.0,0,4.822265625,6,45,05:40,20:21,2025-05-22 13:01:00.485758,Città della Scienza,55.7,8.0989065,8.35997,5.82591,5.074551,EU EEA Common AQI,78.4,6.3431892,6.6845818,7200,4.3768115,100,100,65.2,3.9304347,Very Low,78.0,6.6298394,100,1747918800,Very Low,4.660728,7.785313,Very Low,7.1903734,60.9,6.0434785,100,1747918800,4.9130435
2025-05-22T13:01:11Z,236,29.919,76.2,59,70.8,8,7,173,68,0.0,255,32767,0.11,2090-9-18,0.0,0.52,26.6,0.0,0.0,0.0,0,4.822265625,6,45,05:40,20:21,2025-05-22 13:01:11.613795,Città della Scienza,55.7,8.0989065,8.35997,5.82591,5.074551,EU EEA Common AQI,78.4,6.3431892,6.6845818,7200,4.3768115,100,100,65.2,3.9304347,Very Low,78.0,6.6298394,100,1747918800,Very Low,4.660728,7.785313,Very Low,7.1903734,60.9,6.0434785,100,1747918800,4.9130435
2025-05-22T13:01:22Z,236,29.919,76.2,59,70.8,4,7,195,68,0.0,255,32767,0.11,2090-9-18,0.0,0.52,26.6,0.0,0.0,0.0,0,4.822265625,6,45,05:40,20:21,2025-05-22 13:01:22.758808,Città della Scienza,55.7,8.0989065,8.35997,5.82591,5.074551,EU EEA Common AQI,78.4,6.3431892,6.6845818,7200,4.3768115,100,100,65.2,3.9304347,Very Low,78.0,6.6298394,100,1747918800,Very Low,4.660728,7.785313,Very Low,7.1903734,60.9,6.0434785,100,1747918800,4.9130435
2025-05-22T13:01:34Z,236,29.919,76.2,59,70.8,11,7,165,68,0.0,255,32767,0.11,2090-9-18,0.0,0.52,26.6,0.0,0.0,0.0,0,4.822265625,6,45,05:40,20:21,2025-05-22 13:01:34.001797,Città della Scienza,55.7,8.0989065,8.35997,5.82591,5.074551,EU EEA Common AQI,78.4,6.3431892,6.6845818,7200,4.3768115,100,100,65.2,3.9304347,Very Low,78.0,6.6298394,100,1747918800,Very Low,4.660728,7.785313,Very Low,7.1903734,60.9,6.0434785,100,1747918800,4.9130435
2025-05-22T13:01:45Z,236,29.916,76.2,59,70.8,10,7,209,68,0.0,255,32767,0.11,2090-9-18,0.0,0.52,26.6,0.0,0.0,0.0,0,4.822265625,6,45,05:40,20:21,2025-05-22 13:01:45.112814,Città della Scienza,55.7,8.0989065,8.35997,5.82591,5.074551,EU EEA Common AQI,78.4,6.3431892,6.6845818,7200,4.3768115,100,100,65.2,3.9304347,Very Low,78.0,6.6298394,100,1747918800,Very Low,4.660728,7.785313,Very Low,7.1903734,60.9,6.0434785,100,1747918800,4.9130435
2025-05-22T13:01:56Z,236,29.916,76.2,59,70.8,11,7,162,68,0.0,255,32767,0.11,2090-9-18,0.0,0.52,26.6,0.0,0.0,0.0,0,4.822265625,6,45,05:40,20:21,2025-05-22 13:01:56.201797,Città della Scienza,55.7,8.0989065,8.35997,5.82591,5.074551,EU EEA Common AQI,78.4,6.3431892,6.6845818,7200,4.3768115,100,100,65.2,3.9304347,Very Low,78.0,6.6298394,100,1747918800,Very Low,4.660728,7.785313,Very Low,7.1903734,60.9,6.0434785,100,1747918800,4.9130435
2025-05-22T13:02:07Z,236,29.916,76.2,59,70.8,5,7,217,68,0.0,255,32767,0.11,2090-9-18,0.0,0.52,26.6,0.0,0.0,0.0,0,4.822265625,6,45,05:40,20:21,2025-05-22 13:02:07.292800,Città della Scienza,55.7,8.0989065,8.35997,5.82591,5.074551,EU EEA Common AQI,78.4,6.3431892,6.6845818,7200,4.3768115,100,100,65.2,3.9304347,Very Low,78.0,6.6298394,100,1747918800,Very Low,4.660728,7.785313,Very Low,7.1903734,60.9,6.0434785,100,1747918800,4.9130435
2025-05-22T13:02:18Z,236,29.916,76.2,59,70.7,5,7,182,68,0.0,255,32767,0.11,2090-9-18,0.0,0.52,26.6,0.0,0.0,0.0,0,4.822265625,6,45,05:40,20:21,2025-05-22 13:02:18.443792,Città della Scienza,55.7,8.0989065,8.35997,5.82591,5.074551,EU EEA Common AQI,78.4,6.3431892,6.6845818,7200,4.3768115,100,100,65.2,3.9304347,Very Low,78.0,6.6298394,100,1747918800,Very Low,4.660728,7.785313,Very Low,7.1903734,60.9,6.0434785,100,1747918800,4.9130435
2025-05-22T13:02:29Z,236,29.916,76.2,59,70.7,4,7,180,68,0.0,255,32767,0.11,2090-9-18,0.0,0.52,26.6,0.0,0.0,0.0,0,4.822265625,6,45,05:40,20:21,2025-05-22 13:02:29.552812,Città della Scienza,55.7,8.0989065,8.35997,5.82591,5.074551,EU EEA Common AQI,78.4,6.3431892,6.6845818,7200,4.3768115,100,100,65.2,3.9304347,Very Low,78.0,6.6298394,100,1747918800,Very Low,4.660728,7.785313,Very Low,7.1903734,60.9,6.0434785,100,1747918800,4.9130435
2025-05-22T13:02:40Z,236,29.917,76.3,59,70.8,5,7,179,68,0.0,255,32767,0.11,2090-9-18,0.0,0.52,26.6,0.0,0.0,0.0,0,4.822265625,6,45,05:40,20:21,2025-05-22 13:02:40.662795,Città della Scienza,55.7,8.0989065,8.35997,5.82591,5.074551,EU EEA Common AQI,78.4,6.3431892,6.6845818,7200,4.3768115,100,100,65.2,3.9304347,Very Low,78.0,6.6298394,100,1747918800,Very Low,4.660728,7.785313,Very Low,7.1903734,60.9,6.0434785,100,1747918800,4.9130435
2025-05-22T13:02:51Z,236,29.917,76.3,59,70.8,7,7,188,68,0.0,255,32767,0.11,2090-9-18,0.0,0.52,26.6,0.0,0.0,0.0,0,4.822265625,6,45,05:40,20:21,2025-05-22 13:02:51.769792,Città della Scienza,55.7,8.0989065,8.35997,5.82591,5.074551,EU EEA Common AQI,78.4,6.3431892,6.6845818,7200,4.3768115,100,100,65.2,3.9304347,Very Low,78.0,6.6298394,100,1747918800,Very Low,4.660728,7.785313,Very Low,7.1903734,60.9,6.0434785,100,1747918800,4.9130435
2025-05-22T13:03:03Z,236,29.917,76.3,59,70.8,5,7,194,68,0.0,255,32767,0.11,2090-9-18,0.0,0.52,26.6,0.0,0.0,0.0,0,4.822265625,6,45,05:40,20:21,2025-05-22 13:03:02.922792,Città della Scienza,55.7,8.0989065,8.35997,5.82591,5.074551,EU EEA Common AQI,78.4,6.3431892,6.6845818,7200,4.3768115,100,100,65.2,3.9304347,Very Low,78.0,6.6298394,100,1747918800,Very Low,4.660728,7.785313,Very Low,7.1903734,60.9,6.0434785,100,1747918800,4.9130435
2025-05-22T13:03:14Z,236,29.917,76.3,59,70.8,6,7,158,68,0.0,255,32767,0.11,2090-9-18,0.0,0.52,26.6,0.0,0.0,0.0,0,4.822265625,6,45,05:40,20:21,2025-05-22 13:03:14.012797,Città della Scienza,55.7,8.0989065,8.35997,5.82591,5.074551,EU EEA Common AQI,78.4,6.3431892,6.6845818,7200,4.3768115,100,100,65.2,3.9304347,Very Low,78.0,6.6298394,100,1747918800,Very Low,4.660728,7.785313,Very Low,7.1903734,60.9,6.0434785,100,1747918800,4.9130435
2025-05-22T13:03:25Z,236,29.917,76.3,59,70.8,7,7,162,68,0.0,255,32767,0.11,2090-9-18,0.0,0.52,26.6,0.0,0.0,0.0,0,4.822265625,6,45,05:40,20:21,2025-05-22 13:03:25.156812,Città della Scienza,55.7,8.0989065,8.35997,5.82591,5.074551,EU EEA Common AQI,78.4,6.3431892,6.6845818,7200,4.3768115,100,100,65.2,3.9304347,Very Low,78.0,6.6298394,100,1747918800,Very Low,4.660728,7.785313,Very Low,7.1903734,60.9,6.0434785,100,1747918800,4.9130435
2025-05-22T13:03:36Z,236,29.916,76.2,59,70.8,6,7,196,69,0.0,255,32767,0.11,2090-9-18,0.0,0.52,26.6,0.0,0.0,0.0,0,4.822265625,6,45,05:40,20:21,2025-05-22 13:03:36.260796,Città della Scienza,55.7,8.0989065,8.35997,5.82591,5.074551,EU EEA Common AQI,78.4,6.3431892,6.6845818,7200,4.3768115,100,100,65.2,3.9304347,Very Low,78.0,6.6298394,100,1747918800,Very Low,4.660728,7.785313,Very Low,7.1903734,60.9,6.0434785,100,1747918800,4.9130435
2025-05-22T13:03:47Z,236,29.916,76.2,59,70.8,7,7,188,69,0.0,255,32767,0.11,2090-9-18,0.0,0.52,26.6,0.0,0.0,0.0,0,4.822265625,6,45,05:40,20:21,2025-05-22 13:03:47.363792,Città della Scienza,55.7,8.0989065,8.35997,5.82591,5.074551,EU EEA Common AQI,78.4,6.3431892,6.6845818,7200,4.3768115,100,100,65.2,3.9304347,Very Low,78.0,6.6298394,100,1747918800,Very Low,4.660728,7.785313,Very Low,7.1903734,60.9,6.0434785,100,1747918800,4.9130435
2025-05-22T13:03:58Z,236,29.916,76.2,59,70.7,8,7,144,69,0.0,255,32767,0.11,2090-9-18,0.0,0.52,26.6,0.0,0.0,0.0,0,4.822265625,6,45,05:40,20:21,2025-05-22 13:03:58.456806,Città della Scienza,55.7,8.0989065,8.35997,5.82591,5.074551,EU EEA Common AQI,78.4,6.3431892,6.6845818,7200,4.3768115,100,100,65.2,3.9304347,Very Low,78.0,6.6298394,100,1747918800,Very Low,4.660728,7.785313,Very Low,7.1903734,60.9,6.0434785,100,1747918800,4.9130435
2025-05-22T13:04:09Z,236,29.916,76.2,59,70.7,4,7,183,69,0.0,255,32767,0.11,2090-9-18,0.0,0.52,26.6,0.0,0.0,0.0,0,4.822265625,6,45,05:40,20:21,2025-05-22 13:04:09.594797,Città della Scienza,55.7,8.0989065,8.35997,5.82591,5.074551,EU EEA Common AQI,78.4,6.3431892,6.6845818,7200,4.3768115,100,100,65.2,3.9304347,Very Low,78.0,6.6298394,100,1747918800,Very Low,4.660728,7.785313,Very Low,7.1903734,60.9,6.0434785,100,1747918800,4.9130435
2025-05-22T13:04:20Z,236,29.916,76.2,59,70.7,6,7,274,69,0.0,255,32767,0.11,2090-9-18,0.0,0.52,26.6,0.0,0.0,0.0,0,4.822265625,6,45,05:40,20:21,2025-05-22 13:04:20.731814,Città della Scienza,55.7,8.0989065,8.35997,5.82591,5.074551,EU EEA Common AQI,78.4,6.3431892,6.6845818,7200,4.3768115,100,100,65.2,3.9304347,Very Low,78.0,6.6298394,100,1747918800,Very Low,4.660728,7.785313,Very Low,7.1903734,60.9,6.0434785,100,1747918800,4.9130435
2025-05-22T13:04:32Z,236,29.916,76.2,59,70.7,6,7,196,69,0.0,255,32767,0.11,2090-9-18,0.0,0.52,26.6,0.0,0.0,0.0,0,4.822265625,6,45,05:40,20:21,2025-05-22 13:04:31.831811,Città della Scienza,55.7,8.0989065,8.35997,5.82591,5.074551,EU EEA Common AQI,78.4,6.3431892,6.6845818,7200,4.3768115,100,100,65.2,3.9304347,Very Low,78.0,6.6298394,100,1747918800,Very Low,4.660728,7.785313,Very Low,7.1903734,60.9,6.0434785,100,1747918800,4.9130435
2025-05-22T13:04:43Z,236,29.915,76.3,59,70.7,5,7,217,69,0.0,255,32767,0.11,2090-9-18,0.0,0.52,26.6,0.0,0.0,0.0,0,4.822265625,6,45,05:40,20:21,2025-05-22 13:04:42.948798,Città della Scienza,55.7,8.0989065,8.35997,5.82591,5.074551,EU EEA Common AQI,78.4,6.3431892,6.6845818,7200,4.3768115,100,100,65.2,3.9304347,Very Low,78.0,6.6298394,100,1747918800,Very Low,4.660728,7.785313,Very Low,7.1903734,60.9,6.0434785,100,1747918800,4.9130435
2025-05-22T13:04:54Z,236,29.915,76.3,59,70.7,7,7,161,69,0.0,255,32767,0.11,2090-9-18,0.0,0.52,26.6,0.0,0.0,0.0,0,4.822265625,6,45,05:40,20:21,2025-05-22 13:04:54.072805,Città della Scienza,55.7,8.0989065,8.35997,5.82591,5.074551,EU EEA Common AQI,78.4,6.3431892,6.6845818,7200,4.3768115,100,100,65.2,3.9304347,Very Low,78.0,6.6298394,100,1747918800,Very Low,4.660728,7.785313,Very Low,7.1903734,60.9,6.0434785,100,1747918800,4.9130435
2025-05-22T13:05:05Z,236,29.915,76.3,59,70.7,9,7,150,69,0.0,255,32767,0.11,2090-9-18,0.0,0.52,26.6,0.0,0.0,0.0,0,4.822265625,6,45,05:40,20:21,2025-05-22 13:05:05.176795,Città della Scienza,55.7,8.0989065,8.35997,5.82591,5.074551,EU EEA Common AQI,78.4,6.3431892,6.6845818,7200,4.3768115,100,100,65.2,3.9304347,Very Low,78.0,6.6298394,100,1747918800,Very Low,4.660728,7.785313,Very Low,7.1903734,60.9,6.0434785,100,1747918800,4.9130435
2025-05-22T13:05:16Z,236,29.915,76.3,59,70.7,5,7,170,67,0.0,255,32767,0.11,2090-9-18,0.0,0.52,26.6,0.0,0.0,0.0,0,4.822265625,6,45,05:40,20:21,2025-05-22 13:05:16.301808,Città della Scienza,55.7,8.0989065,8.35997,5.82591,5.074551,EU EEA Common AQI,78.4,6.3431892,6.6845818,7200,4.3768115,100,100,65.2,3.9304347,Very Low,78.0,6.6298394,100,1747918800,Very Low,4.660728,7.785313,Very Low,7.1903734,60.9,6.0434785,100,1747918800,4.9130435
2025-05-22T13:05:27Z,236,29.915,76.3,59,70.7,8,7,190,67,0.0,255,32767,0.11,2090-9-18,0.0,0.52,26.6,0.0,0.0,0.0,0,4.822265625,6,45,05:40,20:21,2025-05-22 13:05:27.361229,Città della Scienza,55.7,8.0989065,8.35997,5.82591,5.074551,EU EEA Common AQI,78.4,6.3431892,6.6845818,7200,4.3768115,100,100,65.2,3.9304347,Very Low,78.0,6.6298394,100,1747918800,Very Low,4.660728,7.785313,Very Low,7.1903734,60.9,6.0434785,100,1747918800,4.9130435
2025-05-22T13:05:38Z,236,29.917,76.3,59,70.7,4,7,175,67,0.0,255,32767,0.11,2090-9-18,0.0,0.52,26.6,0.0,0.0,0.0,0,4.822265625,6,45,05:40,20:21,2025-05-22 13:05:38.533800,Città della Scienza,55.7,8.0989065,8.35997,5.82591,5.074551,EU EEA Common AQI,78.4,6.3431892,6.6845818,7200,4.3768115,100,100,65.2,3.9304347,Very Low,78.0,6.6298394,100,1747918800,Very Low,4.660728,7.785313,Very Low,7.1903734,60.9,6.0434785,100,1747918800,4.9130435
2025-05-22T13:05:49Z,236,29.917,76.3,59,70.7,10,7,190,67,0.0,255,32767,0.11,2090-9-18,0.0,0.52,26.6,0.0,0.0,0.0,0,4.822265625,6,45,05:40,20:21,2025-05-22 13:05:49.656797,Città della Scienza,55.7,8.0989065,8.35997,5.82591,5.074551,EU EEA Common AQI,78.4,6.3431892,6.6845818,7200,4.3768115,100,100,65.2,3.9304347,Very Low,78.0,6.6298394,100,1747918800,Very Low,4.660728,7.785313,Very Low,7.1903734,60.9,6.0434785,100,1747918800,4.9130435
2025-05-22T13:06:00Z,236,29.917,76.3,59,70.7,7,7,175,67,0.0,255,32767,0.11,2090-9-18,0.0,0.52,26.6,0.0,0.0,0.0,0,4.822265625,6,45,05:40,20:21,2025-05-22 13:06:00.746810,Città della Scienza,55.7,8.0989065,8.35997,5.82591,5.074551,EU EEA Common AQI,78.4,6.3431892,6.6845818,7200,4.3768115,100,100,65.2,3.9304347,Very Low,78.0,6.6298394,100,1747918800,Very Low,4.660728,7.785313,Very Low,7.1903734,60.9,6.0434785,100,1747918800,4.9130435
2025-05-22T13:06:12Z,236,29.917,76.3,59,70.7,6,7,188,66,0.0,255,32767,0.11,2090-9-18,0.0,0.52,26.6,0.0,0.0,0.0,0,4.822265625,6,45,05:40,20:21,2025-05-22 13:06:11.846794,Città della Scienza,55.7,8.0989065,8.35997,5.82591,5.074551,EU EEA Common AQI,78.4,6.3431892,6.6845818,7200,4.3768115,100,100,65.2,3.9304347,Very Low,78.0,6.6298394,100,1747918800,Very Low,4.660728,7.785313,Very Low,7.1903734,60.9,6.0434785,100,1747918800,4.9130435
2025-05-22T13:06:23Z,236,29.917,76.3,59,70.7,10,7,184,66,0.0,255,32767,0.11,2090-9-18,0.0,0.52,26.6,0.0,0.0,0.0,0,4.822265625,6,45,05:40,20:21,2025-05-22 13:06:22.969784,Città della Scienza,55.7,8.0989065,8.35997,5.82591,5.074551,EU EEA Common AQI,78.4,6.3431892,6.6845818,7200,4.3768115,100,100,65.2,3.9304347,Very Low,78.0,6.6298394,100,1747918800,Very Low,4.660728,7.785313,Very Low,7.1903734,60.9,6.0434785,100,1747918800,4.9130435
2025-05-22T13:06:34Z,236,29.916,76.3,59,70.7,9,7,185,66,0.0,255,32767,0.11,2090-9-18,0.0,0.52,26.6,0.0,0.0,0.0,0,4.822265625,6,45,05:40,20:21,2025-05-22 13:06:34.136799,Città della Scienza,55.7,8.0989065,8.35997,5.82591,5.074551,EU EEA Common AQI,78.4,6.3431892,6.6845818,7200,4.3768115,100,100,65.2,3.9304347,Very Low,78.0,6.6298394,100,1747918800,Very Low,4.660728,7.785313,Very Low,7.1903734,60.9,6.0434785,100,1747918800,4.9130435
2025-05-22T13:06:45Z,236,29.916,76.3,59,70.7,4,7,209,66,0.0,255,32767,0.11,2090-9-18,0.0,0.52,26.6,0.0,0.0,0.0,0,4.822265625,6,45,05:40,20:21,2025-05-22 13:06:45.244791,Città della Scienza,55.7,8.0989065,8.35997,5.82591,5.074551,EU EEA Common AQI,78.4,6.3431892,6.6845818,7200,4.3768115,100,100,65.2,3.9304347,Very Low,78.0,6.6298394,100,1747918800,Very Low,4.660728,7.785313,Very Low,7.1903734,60.9,6.0434785,100,1747918800,4.9130435
2025-05-22T13:06:56Z,236,29.916,76.3,59,70.7,6,7,269,66,0.0,255,32767,0.11,2090-9-18,0.0,0.52,26.6,0.0,0.0,0.0,0,4.822265625,6,45,05:40,20:21,2025-05-22 13:06:56.356799,Città della Scienza,55.7,8.0989065,8.35997,5.82591,5.074551,EU EEA Common AQI,78.4,6.3431892,6.6845818,7200,4.3768115,100,100,65.2,3.9304347,Very Low,78.0,6.6298394,100,1747918800,Very Low,4.660728,7.785313,Very Low,7.1903734,60.9,6.0434785,100,1747918800,4.9130435
2025-05-22T13:07:07Z,236,29.916,76.3,59,70.7,3,7,285,66,0.0,255,32767,0.11,2090-9-18,0.0,0.52,26.6,0.0,0.0,0.0,0,4.822265625,6,45,05:40,20:21,2025-05-22 13:07:07.449795,Città della Scienza,55.7,8.0989065,8.35997,5.82591,5.074551,EU EEA Common AQI,78.4,6.3431892,6.6845818,7200,4.3768115,100,100,65.2,3.9304347,Very Low,78.0,6.6298394,100,1747918800,Very Low,4.660728,7.785313,Very Low,7.1903734,60.9,6.0434785,100,1747918800,4.9130435
2025-05-22T13:07:18Z,236,29.916,76.3,59,70.8,8,7,185,66,0.0,255,32767,0.11,2090-9-18,0.0,0.52,26.6,0.0,0.0,0.0,0,4.822265625,6,45,05:40,20:21,2025-05-22 13:07:18.573799,Città della Scienza,55.7,8.0989065,8.35997,5.82591,5.074551,EU EEA Common AQI,78.4,6.3431892,6.6845818,7200,4.3768115,100,100,65.2,3.9304347,Very Low,78.0,6.6298394,100,1747918800,Very Low,4.660728,7.785313,Very Low,7.1903734,60.9,6.0434785,100,1747918800,4.9130435
2025-05-22T13:07:29Z,236,29.916,76.3,59,70.8,5,7,184,66,0.0,255,32767,0.11,2090-9-18,0.0,0.52,26.6,0.0,0.0,0.0,0,4.822265625,6,45,05:40,20:21,2025-05-22 13:07:29.717800,Città della Scienza,55.7,8.0989065,8.35997,5.82591,5.074551,EU EEA Common AQI,78.4,6.3431892,6.6845818,7200,4.3768115,100,100,65.2,3.9304347,Very Low,78.0,6.6298394,100,1747918800,Very Low,4.660728,7.785313,Very Low,7.1903734,60.9,6.0434785,100,1747918800,4.9130435
2025-05-22T13:07:41Z,236,29.913,76.3,59,70.8,9,7,190,66,0.0,255,32767,0.11,2090-9-18,0.0,0.52,26.6,0.0,0.0,0.0,0,4.822265625,6,45,05:40,20:21,2025-05-22 13:07:40.829787,Città della Scienza,55.7,8.0989065,8.35997,5.82591,5.074551,EU EEA Common AQI,78.4,6.3431892,6.6845818,7200,4.3768115,100,100,65.2,3.9304347,Very Low,78.0,6.6298394,100,1747918800,Very Low,4.660728,7.785313,Very Low,7.1903734,60.9,6.0434785,100,1747918800,4.9130435
2025-05-22T13:07:52Z,236,29.913,76.3,59,70.8,7,7,173,66,0.0,255,32767,0.11,2090-9-18,0.0,0.52,26.6,0.0,0.0,0.0,0,4.822265625,6,45,05:40,20:21,2025-05-22 13:07:51.925812,Città della Scienza,55.7,8.0989065,8.35997,5.82591,5.074551,EU EEA Common AQI,78.4,6.3431892,6.6845818,7200,4.3768115,100,100,65.2,3.9304347,Very Low,78.0,6.6298394,100,1747918800,Very Low,4.660728,7.785313,Very Low,7.1903734,60.9,6.0434785,100,1747918800,4.9130435
2025-05-22T13:08:03Z,236,29.913,76.3,59,70.8,8,7,203,66,0.0,255,32767,0.11,2090-9-18,0.0,0.52,26.6,0.0,0.0,0.0,0,4.822265625,6,45,05:40,20:21,2025-05-22 13:08:03.004754,Città della Scienza,55.7,8.0989065,8.35997,5.82591,5.074551,EU EEA Common AQI,78.4,6.3431892,6.6845818,7200,4.3768115,100,100,65.2,3.9304347,Very Low,78.0,6.6298394,100,1747918800,Very Low,4.660728,7.785313,Very Low,7.1903734,60.9,6.0434785,100,1747918800,4.9130435
2025-05-22T13:08:14Z,236,29.913,76.3,59,70.7,6,7,159,66,0.0,255,32767,0.11,2090-9-18,0.0,0.52,26.6,0.0,0.0,0.0,0,4.822265625,6,45,05:40,20:21,2025-05-22 13:08:14.137802,Città della Scienza,55.7,8.0989065,8.35997,5.82591,5.074551,EU EEA Common AQI,78.4,6.3431892,6.6845818,7200,4.3768115,100,100,65.2,3.9304347,Very Low,78.0,6.6298394,100,1747918800,Very Low,4.660728,7.785313,Very Low,7.1903734,60.9,6.0434785,100,1747918800,4.9130435
2025-05-22T13:08:25Z,236,29.913,76.3,59,70.7,6,7,189,66,0.0,255,32767,0.11,2090-9-18,0.0,0.52,26.6,0.0,0.0,0.0,0,4.822265625,6,45,05:40,20:21,2025-05-22 13:08:25.247790,Città della Scienza,55.7,8.0989065,8.35997,5.82591,5.074551,EU EEA Common AQI,78.4,6.3431892,6.6845818,7200,4.3768115,100,100,65.2,3.9304347,Very Low,78.0,6.6298394,100,1747918800,Very Low,4.660728,7.785313,Very Low,7.1903734,60.9,6.0434785,100,1747918800,4.9130435
2025-05-22T13:08:36Z,236,29.915,76.3,59,70.8,7,7,227,66,0.0,255,32767,0.11,2090-9-18,0.0,0.52,26.6,0.0,0.0,0.0,0,4.822265625,6,45,05:40,20:21,2025-05-22 13:08:36.360494,Città della Scienza,55.7,8.0989065,8.35997,5.82591,5.074551,EU EEA Common AQI,78.4,6.3431892,6.6845818,7200,4.3768115,100,100,65.2,3.9304347,Very Low,78.0,6.6298394,100,1747918800,Very Low,4.660728,7.785313,Very Low,7.1903734,60.9,6.0434785,100,1747918800,4.9130435
2025-05-22T13:08:47Z,236,29.915,76.3,59,70.8,8,7,324,66,0.0,255,32767,0.11,2090-9-18,0.0,0.52,26.6,0.0,0.0,0.0,0,4.822265625,6,45,05:40,20:21,2025-05-22 13:08:47.448794,Città della Scienza,55.7,8.0989065,8.35997,5.82591,5.074551,EU EEA Common AQI,78.4,6.3431892,6.6845818,7200,4.3768115,100,100,65.2,3.9304347,Very Low,78.0,6.6298394,100,1747918800,Very Low,4.660728,7.785313,Very Low,7.1903734,60.9,6.0434785,100,1747918800,4.9130435
2025-05-22T13:08:58Z,236,29.915,76.3,59,70.8,6,7,213,66,0.0,255,32767,0.11,2090-9-18,0.0,0.52,26.6,0.0,0.0,0.0,0,4.822265625,6,45,05:40,20:21,2025-05-22 13:08:58.574793,Città della Scienza,55.7,8.0989065,8.35997,5.82591,5.074551,EU EEA Common AQI,78.4,6.3431892,6.6845818,7200,4.3768115,100,100,65.2,3.9304347,Very Low,78.0,6.6298394,100,1747918800,Very Low,4.660728,7.785313,Very Low,7.1903734,60.9,6.0434785,100,1747918800,4.9130435
2025-05-22T13:09:09Z,236,29.915,76.3,59,70.8,6,7,164,66,0.0,255,32767,0.11,2090-9-18,0.0,0.52,26.6,0.0,0.0,0.0,0,4.822265625,6,45,05:40,20:21,2025-05-22 13:09:09.700790,Città della Scienza,55.7,8.0989065,8.35997,5.82591,5.074551,EU EEA Common AQI,78.4,6.3431892,6.6845818,7200,4.3768115,100,100,65.2,3.9304347,Very Low,78.0,6.6298394,100,1747918800,Very Low,4.660728,7.785313,Very Low,7.1903734,60.9,6.0434785,100,1747918800,4.9130435
2025-05-22T13:09:21Z,236,29.915,76.3,59,70.8,5,7,165,66,0.0,255,32767,0.11,2090-9-18,0.0,0.52,26.6,0.0,0.0,0.0,0,4.822265625,6,45,05:40,20:21,2025-05-22 13:09:20.807810,Città della Scienza,55.7,8.0989065,8.35997,5.82591,5.074551,EU EEA Common AQI,78.4,6.3431892,6.6845818,7200,4.3768115,100,100,65.2,3.9304347,Very Low,78.0,6.6298394,100,1747918800,Very Low,4.660728,7.785313,Very Low,7.1903734,60.9,6.0434785,100,1747918800,4.9130435
2025-05-22T13:09:32Z,236,29.915,76.3,59,70.9,7,7,184,66,0.0,255,32767,0.11,2090-9-18,0.0,0.52,26.6,0.0,0.0,0.0,0,4.822265625,6,45,05:40,20:21,2025-05-22 13:09:31.905796,Città della Scienza,55.7,8.0989065,8.35997,5.82591,5.074551,EU EEA Common AQI,78.4,6.3431892,6.6845818,7200,4.3768115,100,100,65.2,3.9304347,Very Low,78.0,6.6298394,100,1747918800,Very Low,4.660728,7.785313,Very Low,7.1903734,60.9,6.0434785,100,1747918800,4.9130435
2025-05-22T13:09:43Z,236,29.915,76.3,59,70.9,8,7,184,67,0.0,255,32767,0.11,2090-9-18,0.0,0.52,26.6,0.0,0.0,0.0,0,4.822265625,6,45,05:40,20:21,2025-05-22 13:09:42.981798,Città della Scienza,55.7,8.0989065,8.35997,5.82591,5.074551,EU EEA Common AQI,78.4,6.3431892,6.6845818,7200,4.3768115,100,100,65.2,3.9304347,Very Low,78.0,6.6298394,100,1747918800,Very Low,4.660728,7.785313,Very Low,7.1903734,60.9,6.0434785,100,1747918800,4.9130435
2025-05-22T13:09:54Z,236,29.915,76.3,59,70.9,6,7,190,67,0.0,255,32767,0.11,2090-9-18,0.0,0.52,26.6,0.0,0.0,0.0,0,4.822265625,6,45,05:40,20:21,2025-05-22 13:09:54.083804,Città della Scienza,55.7,8.0989065,8.35997,5.82591,5.074551,EU EEA Common AQI,78.4,6.3431892,6.6845818,7200,4.3768115,100,100,65.2,3.9304347,Very Low,78.0,6.6298394,100,1747918800,Very Low,4.660728,7.785313,Very Low,7.1903734,60.9,6.0434785,100,1747918800,4.9130435
2025-05-22T13:10:05Z,236,29.915,76.3,59,70.9,3,7,234,67,0.0,255,32767,0.11,2090-9-18,0.0,0.52,26.6,0.0,0.0,0.0,0,4.822265625,6,45,05:40,20:21,2025-05-22 13:10:05.180812,Città della Scienza,55.7,8.0989065,8.35997,5.82591,5.074551,EU EEA Common AQI,78.4,6.3431892,6.6845818,7200,4.3768115,100,100,65.2,3.9304347,Very Low,78.0,6.6298394,100,1747918800,Very Low,4.660728,7.785313,Very Low,7.1903734,60.9,6.0434785,100,1747918800,4.9130435
2025-05-22T13:10:16Z,236,29.915,76.3,59,70.9,5,7,179,67,0.0,255,32767,0.11,2090-9-18,0.0,0.52,26.6,0.0,0.0,0.0,0,4.822265625,6,45,05:40,20:21,2025-05-22 13:10:16.308794,Città della Scienza,55.7,8.0989065,8.35997,5.82591,5.074551,EU EEA Common AQI,78.4,6.3431892,6.6845818,7200,4.3768115,100,100,65.2,3.9304347,Very Low,78.0,6.6298394,100,1747918800,Very Low,4.660728,7.785313,Very Low,7.1903734,60.9,6.0434785,100,1747918800,4.9130435
2025-05-22T13:10:27Z,236,29.915,76.3,59,70.9,9,7,179,67,0.0,255,32767,0.11,2090-9-18,0.0,0.52,26.6,0.0,0.0,0.0,0,4.822265625,6,45,05:40,20:21,2025-05-22 13:10:27.415793,Città della Scienza,55.7,8.0989065,8.35997,5.82591,5.074551,EU EEA Common AQI,78.4,6.3431892,6.6845818,7200,4.3768115,100,100,65.2,3.9304347,Very Low,78.0,6.6298394,100,1747918800,Very Low,4.660728,7.785313,Very Low,7.1903734,60.9,6.0434785,100,1747918800,4.9130435
2025-05-22T13:10:38Z,236,29.915,76.4,59,71.0,5,7,191,67,0.0,255,32767,0.11,2090-9-18,0.0,0.52,26.6,0.0,0.0,0.0,0,4.822265625,6,45,05:40,20:21,2025-05-22 13:10:38.501784,Città della Scienza,55.7,8.0989065,8.35997,5.82591,5.074551,EU EEA Common AQI,78.4,6.3431892,6.6845818,7200,4.3768115,100,100,65.2,3.9304347,Very Low,78.0,6.6298394,100,1747918800,Very Low,4.660728,7.785313,Very Low,7.1903734,60.9,6.0434785,100,1747918800,4.9130435
2025-05-22T13:10:49Z,236,29.915,76.4,59,70.9,11,7,165,67,0.0,255,32767,0.11,2090-9-18,0.0,0.52,26.6,0.0,0.0,0.0,0,4.822265625,6,45,05:40,20:21,2025-05-22 13:10:49.603805,Città della Scienza,55.7,8.0989065,8.35997,5.82591,5.074551,EU EEA Common AQI,78.4,6.3431892,6.6845818,7200,4.3768115,100,100,65.2,3.9304347,Very Low,78.0,6.6298394,100,1747918800,Very Low,4.660728,7.785313,Very Low,7.1903734,60.9,6.0434785,100,1747918800,4.9130435
2025-05-22T13:11:00Z,236,29.915,76.4,59,70.9,10,7,177,67,0.0,255,32767,0.11,2090-9-18,0.0,0.52,26.6,0.0,0.0,0.0,0,4.822265625,6,45,05:40,20:21,2025-05-22 13:11:00.704793,Città della Scienza,55.7,8.0989065,8.35997,5.82591,5.074551,EU EEA Common AQI,78.4,6.3431892,6.6845818,7200,4.3768115,100,100,65.2,3.9304347,Very Low,78.0,6.6298394,100,1747918800,Very Low,4.660728,7.785313,Very Low,7.1903734,60.9,6.0434785,100,1747918800,4.9130435
2025-05-22T13:11:12Z,236,29.915,76.4,59,70.9,6,7,180,67,0.0,255,32767,0.11,2090-9-18,0.0,0.52,26.6,0.0,0.0,0.0,0,4.822265625,6,45,05:40,20:21,2025-05-22 13:11:11.857794,Città della Scienza,55.7,8.0989065,8.35997,5.82591,5.074551,EU EEA Common AQI,78.4,6.3431892,6.6845818,7200,4.3768115,100,100,65.2,3.9304347,Very Low,78.0,6.6298394,100,1747918800,Very Low,4.660728,7.785313,Very Low,7.1903734,60.9,6.0434785,100,1747918800,4.9130435
2025-05-22T13:11:23Z,236,29.915,76.4,59,70.9,6,7,221,66,0.0,255,32767,0.11,2090-9-18,0.0,0.52,26.6,0.0,0.0,0.0,0,4.822265625,6,45,05:40,20:21,2025-05-22 13:11:22.962800,Città della Scienza,55.7,8.0989065,8.35997,5.82591,5.074551,EU EEA Common AQI,78.4,6.3431892,6.6845818,7200,4.3768115,100,100,65.2,3.9304347,Very Low,78.0,6.6298394,100,1747918800,Very Low,4.660728,7.785313,Very Low,7.1903734,60.9,6.0434785,100,1747918800,4.9130435
2025-05-22T13:11:34Z,236,29.916,76.4,59,71.0,8,7,172,66,0.0,255,32767,0.11,2090-9-18,0.0,0.52,26.6,0.0,0.0,0.0,0,4.822265625,6,45,05:40,20:21,2025-05-22 13:11:34.125805,Città della Scienza,55.7,8.0989065,8.35997,5.82591,5.074551,EU EEA Common AQI,78.4,6.3431892,6.6845818,7200,4.3768115,100,100,65.2,3.9304347,Very Low,78.0,6.6298394,100,1747918800,Very Low,4.660728,7.785313,Very Low,7.1903734,60.9,6.0434785,100,1747918800,4.9130435
2025-05-22T13:11:45Z,236,29.916,76.4,59,71.0,7,7,179,66,0.0,255,32767,0.11,2090-9-18,0.0,0.52,26.6,0.0,0.0,0.0,0,4.822265625,6,45,05:40,20:21,2025-05-22 13:11:45.256792,Città della Scienza,55.7,8.0989065,8.35997,5.82591,5.074551,EU EEA Common AQI,78.4,6.3431892,6.6845818,7200,4.3768115,100,100,65.2,3.9304347,Very Low,78.0,6.6298394,100,1747918800,Very Low,4.660728,7.785313,Very Low,7.1903734,60.9,6.0434785,100,1747918800,4.9130435
2025-05-22T13:11:56Z,236,29.916,76.4,59,71.0,8,7,198,66,0.0,255,32767,0.11,2090-9-18,0.0,0.52,26.6,0.0,0.0,0.0,0,4.822265625,6,45,05:40,20:21,2025-05-22 13:11:56.430791,Città della Scienza,55.7,8.0989065,8.35997,5.82591,5.074551,EU EEA Common AQI,78.4,6.3431892,6.6845818,7200,4.3768115,100,100,65.2,3.9304347,Very Low,78.0,6.6298394,100,1747918800,Very Low,4.660728,7.785313,Very Low,7.1903734,60.9,6.0434785,100,1747918800,4.9130435
2025-05-22T13:12:07Z,236,29.916,76.4,59,71.0,8,7,167,66,0.0,255,32767,0.11,2090-9-18,0.0,0.52,26.6,0.0,0.0,0.0,0,4.822265625,6,45,05:40,20:21,2025-05-22 13:12:07.531796,Città della Scienza,55.7,8.0989065,8.35997,5.82591,5.074551,EU EEA Common AQI,78.4,6.3431892,6.6845818,7200,4.3768115,100,100,65.2,3.9304347,Very Low,78.0,6.6298394,100,1747918800,Very Low,4.660728,7.785313,Very Low,7.1903734,60.9,6.0434785,100,1747918800,4.9130435
2025-05-22T13:12:18Z,236,29.916,76.4,59,71.0,7,7,182,67,0.0,255,32767,0.11,2090-9-18,0.0,0.52,26.6,0.0,0.0,0.0,0,4.822265625,6,45,05:40,20:21,2025-05-22 13:12:18.612806,Città della Scienza,55.7,8.0989065,8.35997,5.82591,5.074551,EU EEA Common AQI,78.4,6.3431892,6.6845818,7200,4.3768115,100,100,65.2,3.9304347,Very Low,78.0,6.6298394,100,1747918800,Very Low,4.660728,7.785313,Very Low,7.1903734,60.9,6.0434785,100,1747918800,4.9130435
2025-05-22T13:12:29Z,236,29.916,76.4,59,70.9,4,7,294,67,0.0,255,32767,0.11,2090-9-18,0.0,0.52,26.6,0.0,0.0,0.0,0,4.822265625,6,45,05:40,20:21,2025-05-22 13:12:29.721799,Città della Scienza,55.7,8.0989065,8.35997,5.82591,5.074551,EU EEA Common AQI,78.4,6.3431892,6.6845818,7200,4.3768115,100,100,65.2,3.9304347,Very Low,78.0,6.6298394,100,1747918800,Very Low,4.660728,7.785313,Very Low,7.1903734,60.9,6.0434785,100,1747918800,4.9130435
2025-05-22T13:12:41Z,236,29.915,76.4,59,71.0,5,7,164,67,0.0,255,32767,0.11,2090-9-18,0.0,0.52,26.6,0.0,0.0,0.0,0,4.822265625,6,45,05:40,20:21,2025-05-22 13:12:40.818793,Città della Scienza,55.7,8.0989065,8.35997,5.82591,5.074551,EU EEA Common AQI,78.4,6.3431892,6.6845818,7200,4.3768115,100,100,65.2,3.9304347,Very Low,78.0,6.6298394,100,1747918800,Very Low,4.660728,7.785313,Very Low,7.1903734,60.9,6.0434785,100,1747918800,4.9130435
2025-05-22T13:12:52Z,236,29.915,76.4,59,71.0,6,7,169,67,0.0,255,32767,0.11,2090-9-18,0.0,0.52,26.6,0.0,0.0,0.0,0,4.822265625,6,45,05:40,20:21,2025-05-22 13:12:51.952762,Città della Scienza,55.7,8.0989065,8.35997,5.82591,5.074551,EU EEA Common AQI,78.4,6.3431892,6.6845818,7200,4.3768115,100,100,65.2,3.9304347,Very Low,78.0,6.6298394,100,1747918800,Very Low,4.660728,7.785313,Very Low,7.1903734,60.9,6.0434785,100,1747918800,4.9130435
2025-05-22T13:13:03Z,236,29.915,76.4,59,71.0,6,7,171,67,0.0,255,32767,0.11,2090-9-18,0.0,0.52,26.6,0.0,0.0,0.0,0,4.822265625,6,45,05:40,20:21,2025-05-22 13:13:03.097787,Città della Scienza,55.7,8.0989065,8.35997,5.82591,5.074551,EU EEA Common AQI,78.4,6.3431892,6.6845818,7200,4.3768115,100,100,65.2,3.9304347,Very Low,78.0,6.6298394,100,1747918800,Very Low,4.660728,7.785313,Very Low,7.1903734,60.9,6.0434785,100,1747918800,4.9130435
2025-05-22T13:13:14Z,236,29.915,76.4,59,71.1,6,7,180,67,0.0,255,32767,0.11,2090-9-18,0.0,0.52,26.6,0.0,0.0,0.0,0,4.822265625,6,45,05:40,20:21,2025-05-22 13:13:14.184803,Città della Scienza,55.7,8.0989065,8.35997,5.82591,5.074551,EU EEA Common AQI,78.4,6.3431892,6.6845818,7200,4.3768115,100,100,65.2,3.9304347,Very Low,78.0,6.6298394,100,1747918800,Very Low,4.660728,7.785313,Very Low,7.1903734,60.9,6.0434785,100,1747918800,4.9130435
2025-05-22T13:13:25Z,236,29.915,76.4,59,71.1,5,7,169,67,0.0,255,32767,0.11,2090-9-18,0.0,0.52,26.6,0.0,0.0,0.0,0,4.822265625,6,45,05:40,20:21,2025-05-22 13:13:25.259799,Città della Scienza,55.7,8.0989065,8.35997,5.82591,5.074551,EU EEA Common AQI,78.4,6.3431892,6.6845818,7200,4.3768115,100,100,65.2,3.9304347,Very Low,78.0,6.6298394,100,1747918800,Very Low,4.660728,7.785313,Very Low,7.1903734,60.9,6.0434785,100,1747918800,4.9130435
2025-05-22T13:13:36Z,236,29.916,76.4,59,71.2,5,7,187,67,0.0,255,32767,0.11,2090-9-18,0.0,0.52,26.6,0.0,0.0,0.0,0,4.822265625,6,45,05:40,20:21,2025-05-22 13:13:36.390801,Città della Scienza,55.7,8.0989065,8.35997,5.82591,5.074551,EU EEA Common AQI,78.4,6.3431892,6.6845818,7200,4.3768115,100,100,65.2,3.9304347,Very Low,78.0,6.6298394,100,1747918800,Very Low,4.660728,7.785313,Very Low,7.1903734,60.9,6.0434785,100,1747918800,4.9130435
2025-05-22T13:13:47Z,236,29.916,76.4,59,71.2,7,7,187,67,0.0,255,32767,0.11,2090-9-18,0.0,0.52,26.6,0.0,0.0,0.0,0,4.822265625,6,45,05:40,20:21,2025-05-22 13:13:47.511756,Città della Scienza,55.7,8.0989065,8.35997,5.82591,5.074551,EU EEA Common AQI,78.4,6.3431892,6.6845818,7200,4.3768115,100,100,65.2,3.9304347,Very Low,78.0,6.6298394,100,1747918800,Very Low,4.660728,7.785313,Very Low,7.1903734,60.9,6.0434785,100,1747918800,4.9130435
2025-05-22T13:13:58Z,236,29.916,76.4,59,71.2,11,7,196,67,0.0,255,32767,0.11,2090-9-18,0.0,0.52,26.6,0.0,0.0,0.0,0,4.822265625,6,45,05:40,20:21,2025-05-22 13:13:58.619788,Città della Scienza,55.7,8.0989065,8.35997,5.82591,5.074551,EU EEA Common AQI,78.4,6.3431892,6.6845818,7200,4.3768115,100,100,65.2,3.9304347,Very Low,78.0,6.6298394,100,1747918800,Very Low,4.660728,7.785313,Very Low,7.1903734,60.9,6.0434785,100,1747918800,4.9130435
2025-05-22T13:14:09Z,236,29.916,76.4,59,71.2,8,7,209,66,0.0,255,32767,0.11,2090-9-18,0.0,0.52,26.6,0.0,0.0,0.0,0,4.822265625,6,45,05:40,20:21,2025-05-22 13:14:09.720809,Città della Scienza,55.7,8.0989065,8.35997,5.82591,5.074551,EU EEA Common AQI,78.4,6.3431892,6.6845818,7200,4.3768115,100,100,65.2,3.9304347,Very Low,78.0,6.6298394,100,1747918800,Very Low,4.660728,7.785313,Very Low,7.1903734,60.9,6.0434785,100,1747918800,4.9130435
2025-05-22T13:14:21Z,236,29.916,76.4,59,71.2,7,7,182,66,0.0,255,32767,0.11,2090-9-18,0.0,0.52,26.6,0.0,0.0,0.0,0,4.822265625,6,45,05:40,20:21,2025-05-22 13:14:20.828784,Città della Scienza,55.7,8.0989065,8.35997,5.82591,5.074551,EU EEA Common AQI,78.4,6.3431892,6.6845818,7200,4.3768115,100,100,65.2,3.9304347,Very Low,78.0,6.6298394,100,1747918800,Very Low,4.660728,7.785313,Very Low,7.1903734,60.9,6.0434785,100,1747918800,4.9130435
2025-05-22T13:14:32Z,236,29.916,76.4,59,71.2,7,7,222,66,0.0,255,32767,0.11,2090-9-18,0.0,0.52,26.6,0.0,0.0,0.0,0,4.822265625,6,45,05:40,20:21,2025-05-22 13:14:31.946798,Città della Scienza,55.7,8.0989065,8.35997,5.82591,5.074551,EU EEA Common AQI,78.4,6.3431892,6.6845818,7200,4.3768115,100,100,65.2,3.9304347,Very Low,78.0,6.6298394,100,1747918800,Very Low,4.660728,7.785313,Very Low,7.1903734,60.9,6.0434785,100,1747918800,4.9130435
2025-05-22T13:14:43Z,236,29.914,76.4,58,71.2,6,7,181,66,0.0,255,32767,0.11,2090-9-18,0.0,0.52,26.6,0.0,0.0,0.0,0,4.822265625,6,45,05:40,20:21,2025-05-22 13:14:43.019809,Città della Scienza,55.7,8.0989065,8.35997,5.82591,5.074551,EU EEA Common AQI,78.4,6.3431892,6.6845818,7200,4.3768115,100,100,65.2,3.9304347,Very Low,78.0,6.6298394,100,1747918800,Very Low,4.660728,7.785313,Very Low,7.1903734,60.9,6.0434785,100,1747918800,4.9130435
2025-05-22T13:14:54Z,236,29.914,76.4,58,71.2,8,7,211,66,0.0,255,32767,0.11,2090-9-18,0.0,0.52,26.6,0.0,0.0,0.0,0,4.822265625,6,45,05:40,20:21,2025-05-22 13:14:54.206787,Città della Scienza,55.7,8.0989065,8.35997,5.82591,5.074551,EU EEA Common AQI,78.4,6.3431892,6.6845818,7200,4.3768115,100,100,65.2,3.9304347,Very Low,78.0,6.6298394,100,1747918800,Very Low,4.660728,7.785313,Very Low,7.1903734,60.9,6.0434785,100,1747918800,4.9130435
2025-05-22T13:15:05Z,236,29.914,76.4,58,71.2,9,7,182,66,0.0,255,32767,0.11,2090-9-18,0.0,0.52,26.6,0.0,0.0,0.0,0,4.822265625,6,45,05:40,20:21,2025-05-22 13:15:05.372792,Città della Scienza,55.7,8.0989065,8.35997,5.82591,5.074551,EU EEA Common AQI,78.4,6.3431892,6.6845818,7200,4.3768115,100,100,65.2,3.9304347,Very Low,78.0,6.6298394,100,1747918800,Very Low,4.660728,7.785313,Very Low,7.1903734,60.9,6.0434785,100,1747918800,4.9130435
2025-05-22T13:15:16Z,236,29.914,76.4,58,71.2,9,7,160,66,0.0,255,32767,0.11,2090-9-18,0.0,0.52,26.6,0.0,0.0,0.0,0,4.822265625,6,45,05:40,20:21,2025-05-22 13:15:16.481798,Città della Scienza,55.7,8.0989065,8.35997,5.82591,5.074551,EU EEA Common AQI,78.4,6.3431892,6.6845818,7200,4.3768115,100,100,65.2,3.9304347,Very Low,78.0,6.6298394,100,1747918800,Very Low,4.660728,7.785313,Very Low,7.1903734,60.9,6.0434785,100,1747918800,4.9130435
2025-05-22T13:15:27Z,236,29.914,76.4,58,71.2,10,7,205,66,0.0,255,32767,0.11,2090-9-18,0.0,0.52,26.6,0.0,0.0,0.0,0,4.822265625,6,45,05:40,20:21,2025-05-22 13:15:27.606804,Città della Scienza,52.7,7.8997445,8.389484,5.621738,4.9409165,EU EEA Common AQI,79.5,6.176146,6.711947,7200,4.2,100,100,65.0,3.6342854,Very Low,79.2,6.447478,100,1747919700,Very Low,4.4973903,7.62027,Very Low,7.035911,60.5,6.142857,100,1747919700,4.542857
2025-05-22T13:15:38Z,236,29.916,76.4,58,71.2,6,7,193,66,0.0,255,32767,0.11,2090-9-18,0.0,0.52,26.6,0.0,0.0,0.0,0,4.822265625,6,45,05:40,20:21,2025-05-22 13:15:38.744800,Città della Scienza,52.7,7.8997445,8.389484,5.621738,4.9409165,EU EEA Common AQI,79.5,6.176146,6.711947,7200,4.2,100,100,65.0,3.6342854,Very Low,79.2,6.447478,100,1747919700,Very Low,4.4973903,7.62027,Very Low,7.035911,60.5,6.142857,100,1747919700,4.542857
2025-05-22T13:15:50Z,236,29.916,76.4,58,71.1,6,7,165,67,0.0,255,32767,0.11,2090-9-18,0.0,0.52,26.6,0.0,0.0,0.0,0,4.822265625,6,45,05:40,20:21,2025-05-22 13:15:49.825799,Città della Scienza,52.7,7.8997445,8.389484,5.621738,4.9409165,EU EEA Common AQI,79.5,6.176146,6.711947,7200,4.2,100,100,65.0,3.6342854,Very Low,79.2,6.447478,100,1747919700,Very Low,4.4973903,7.62027,Very Low,7.035911,60.5,6.142857,100,1747919700,4.542857
2025-05-22T13:16:01Z,236,29.916,76.4,58,71.2,3,7,180,67,0.0,255,32767,0.11,2090-9-18,0.0,0.52,26.6,0.0,0.0,0.0,0,4.822265625,6,45,05:40,20:21,2025-05-22 13:16:01.016796,Città della Scienza,52.7,7.8997445,8.389484,5.621738,4.9409165,EU EEA Common AQI,79.5,6.176146,6.711947,7200,4.2,100,100,65.0,3.6342854,Very Low,79.2,6.447478,100,1747919700,Very Low,4.4973903,7.62027,Very Low,7.035911,60.5,6.142857,100,1747919700,4.542857
2025-05-22T13:16:12Z,236,29.916,76.4,58,71.2,5,7,161,67,0.0,255,32767,0.11,2090-9-18,0.0,0.52,26.6,0.0,0.0,0.0,0,4.822265625,6,45,05:40,20:21,2025-05-22 13:16:12.317785,Città della Scienza,52.7,7.8997445,8.389484,5.621738,4.9409165,EU EEA Common AQI,79.5,6.176146,6.711947,7200,4.2,100,100,65.0,3.6342854,Very Low,79.2,6.447478,100,1747919700,Very Low,4.4973903,7.62027,Very Low,7.035911,60.5,6.142857,100,1747919700,4.542857
2025-05-22T13:16:23Z,236,29.916,76.4,58,71.2,6,7,182,67,0.0,255,32767,0.11,2090-9-18,0.0,0.52,26.6,0.0,0.0,0.0,0,4.822265625,6,45,05:40,20:21,2025-05-22 13:16:23.423806,Città della Scienza,52.7,7.8997445,8.389484,5.621738,4.9409165,EU EEA Common AQI,79.5,6.176146,6.711947,7200,4.2,100,100,65.0,3.6342854,Very Low,79.2,6.447478,100,1747919700,Very Low,4.4973903,7.62027,Very Low,7.035911,60.5,6.142857,100,1747919700,4.542857
2025-05-22T13:16:34Z,236,29.917,76.4,58,71.2,7,7,169,67,0.0,255,32767,0.11,2090-9-18,0.0,0.52,26.6,0.0,0.0,0.0,0,4.822265625,6,45,05:40,20:21,2025-05-22 13:16:34.531799,Città della Scienza,52.7,7.8997445,8.389484,5.621738,4.9409165,EU EEA Common AQI,79.5,6.176146,6.711947,7200,4.2,100,100,65.0,3.6342854,Very Low,79.2,6.447478,100,1747919700,Very Low,4.4973903,7.62027,Very Low,7.035911,60.5,6.142857,100,1747919700,4.542857
2025-05-22T13:16:45Z,236,29.917,76.4,58,71.2,7,7,170,66,0.0,255,32767,0.11,2090-9-18,0.0,0.52,26.6,0.0,0.0,0.0,0,4.822265625,6,45,05:40,20:21,2025-05-22 13:16:45.602794,Città della Scienza,52.7,7.8997445,8.389484,5.621738,4.9409165,EU EEA Common AQI,79.5,6.176146,6.711947,7200,4.2,100,100,65.0,3.6342854,Very Low,79.2,6.447478,100,1747919700,Very Low,4.4973903,7.62027,Very Low,7.035911,60.5,6.142857,100,1747919700,4.542857
2025-05-22T13:16:56Z,236,29.917,76.4,58,71.2,4,7,188,66,0.0,255,32767,0.11,2090-9-18,0.0,0.52,26.6,0.0,0.0,0.0,0,4.822265625,6,45,05:40,20:21,2025-05-22 13:16:56.751802,Città della Scienza,52.7,7.8997445,8.389484,5.621738,4.9409165,EU EEA Common AQI,79.5,6.176146,6.711947,7200,4.2,100,100,65.0,3.6342854,Very Low,79.2,6.447478,100,1747919700,Very Low,4.4973903,7.62027,Very Low,7.035911,60.5,6.142857,100,1747919700,4.542857
2025-05-22T13:17:08Z,236,29.917,76.4,58,71.2,8,7,183,66,0.0,255,32767,0.11,2090-9-18,0.0,0.52,26.6,0.0,0.0,0.0,0,4.822265625,6,45,05:40,20:21,2025-05-22 13:17:07.876815,Città della Scienza,52.7,7.8997445,8.389484,5.621738,4.9409165,EU EEA Common AQI,79.5,6.176146,6.711947,7200,4.2,100,100,65.0,3.6342854,Very Low,79.2,6.447478,100,1747919700,Very Low,4.4973903,7.62027,Very Low,7.035911,60.5,6.142857,100,1747919700,4.542857
2025-05-22T13:17:19Z,236,29.917,76.4,58,71.2,8,7,144,66,0.0,255,32767,0.11,2090-9-18,0.0,0.52,26.6,0.0,0.0,0.0,0,4.822265625,6,45,05:40,20:21,2025-05-22 13:17:19.007792,Città della Scienza,52.7,7.8997445,8.389484,5.621738,4.9409165,EU EEA Common AQI,79.5,6.176146,6.711947,7200,4.2,100,100,65.0,3.6342854,Very Low,79.2,6.447478,100,1747919700,Very Low,4.4973903,7.62027,Very Low,7.035911,60.5,6.142857,100,1747919700,4.542857
2025-05-22T13:17:30Z,236,29.917,76.4,58,71.2,5,7,169,66,0.0,255,32767,0.11,2090-9-18,0.0,0.52,26.6,0.0,0.0,0.0,0,4.822265625,6,45,05:40,20:21,2025-05-22 13:17:30.078797,Città della Scienza,52.7,7.8997445,8.389484,5.621738,4.9409165,EU EEA Common AQI,79.5,6.176146,6.711947,7200,4.2,100,100,65.0,3.6342854,Very Low,79.2,6.447478,100,1747919700,Very Low,4.4973903,7.62027,Very Low,7.035911,60.5,6.142857,100,1747919700,4.542857
2025-05-22T13:17:41Z,236,29.917,76.4,58,71.2,3,7,221,66,0.0,255,32767,0.11,2090-9-18,0.0,0.52,26.6,0.0,0.0,0.0,0,4.822265625,6,45,05:40,20:21,2025-05-22 13:17:41.161798,Città della Scienza,52.7,7.8997445,8.389484,5.621738,4.9409165,EU EEA Common AQI,79.5,6.176146,6.711947,7200,4.2,100,100,65.0,3.6342854,Very Low,79.2,6.447478,100,1747919700,Very Low,4.4973903,7.62027,Very Low,7.035911,60.5,6.142857,100,1747919700,4.542857
2025-05-22T13:17:52Z,236,29.917,76.4,58,71.2,8,7,182,66,0.0,255,32767,0.11,2090-9-18,0.0,0.52,26.6,0.0,0.0,0.0,0,4.822265625,6,45,05:40,20:21,2025-05-22 13:17:52.248800,Città della Scienza,52.7,7.8997445,8.389484,5.621738,4.9409165,EU EEA Common AQI,79.5,6.176146,6.711947,7200,4.2,100,100,65.0,3.6342854,Very Low,79.2,6.447478,100,1747919700,Very Low,4.4973903,7.62027,Very Low,7.035911,60.5,6.142857,100,1747919700,4.542857
2025-05-22T13:18:03Z,236,29.917,76.4,58,71.2,7,7,184,66,0.0,255,32767,0.11,2090-9-18,0.0,0.52,26.6,0.0,0.0,0.0,0,4.822265625,6,45,05:40,20:21,2025-05-22 13:18:03.340787,Città della Scienza,52.7,7.8997445,8.389484,5.621738,4.9409165,EU EEA Common AQI,79.5,6.176146,6.711947,7200,4.2,100,100,65.0,3.6342854,Very Low,79.2,6.447478,100,1747919700,Very Low,4.4973903,7.62027,Very Low,7.035911,60.5,6.142857,100,1747919700,4.542857
2025-05-22T13:18:14Z,236,29.917,76.4,58,71.2,7,7,175,66,0.0,255,32767,0.11,2090-9-18,0.0,0.52,26.6,0.0,0.0,0.0,0,4.822265625,6,45,05:40,20:21,2025-05-22 13:18:14.437795,Città della Scienza,52.7,7.8997445,8.389484,5.621738,4.9409165,EU EEA Common AQI,79.5,6.176146,6.711947,7200,4.2,100,100,65.0,3.6342854,Very Low,79.2,6.447478,100,1747919700,Very Low,4.4973903,7.62027,Very Low,7.035911,60.5,6.142857,100,1747919700,4.542857
2025-05-22T13:18:25Z,236,29.917,76.4,58,71.2,4,7,142,66,0.0,255,32767,0.11,2090-9-18,0.0,0.52,26.6,0.0,0.0,0.0,0,4.822265625,6,45,05:40,20:21,2025-05-22 13:18:25.569790,Città della Scienza,52.7,7.8997445,8.389484,5.621738,4.9409165,EU EEA Common AQI,79.5,6.176146,6.711947,7200,4.2,100,100,65.0,3.6342854,Very Low,79.2,6.447478,100,1747919700,Very Low,4.4973903,7.62027,Very Low,7.035911,60.5,6.142857,100,1747919700,4.542857
2025-05-22T13:18:36Z,236,29.917,76.4,58,71.2,7,7,190,66,0.0,255,32767,0.11,2090-9-18,0.0,0.52,26.6,0.0,0.0,0.0,0,4.822265625,6,45,05:40,20:21,2025-05-22 13:18:36.696803,Città della Scienza,52.7,7.8997445,8.389484,5.621738,4.9409165,EU EEA Common AQI,79.5,6.176146,6.711947,7200,4.2,100,100,65.0,3.6342854,Very Low,79.2,6.447478,100,1747919700,Very Low,4.4973903,7.62027,Very Low,7.035911,60.5,6.142857,100,1747919700,4.542857
2025-05-22T13:18:47Z,236,29.917,76.4,58,71.2,6,7,195,66,0.0,255,32767,0.11,2090-9-18,0.0,0.52,26.6,0.0,0.0,0.0,0,4.822265625,6,45,05:40,20:21,2025-05-22 13:18:47.794805,Città della Scienza,52.7,7.8997445,8.389484,5.621738,4.9409165,EU EEA Common AQI,79.5,6.176146,6.711947,7200,4.2,100,100,65.0,3.6342854,Very Low,79.2,6.447478,100,1747919700,Very Low,4.4973903,7.62027,Very Low,7.035911,60.5,6.142857,100,1747919700,4.542857
2025-05-22T13:18:59Z,236,29.917,76.4,58,71.1,9,7,235,66,0.0,255,32767,0.11,2090-9-18,0.0,0.52,26.6,0.0,0.0,0.0,0,4.822265625,6,45,05:40,20:21,2025-05-22 13:18:58.859795,Città della Scienza,52.7,7.8997445,8.389484,5.621738,4.9409165,EU EEA Common AQI,79.5,6.176146,6.711947,7200,4.2,100,100,65.0,3.6342854,Very Low,79.2,6.447478,100,1747919700,Very Low,4.4973903,7.62027,Very Low,7.035911,60.5,6.142857,100,1747919700,4.542857
2025-05-22T13:19:10Z,236,29.917,76.4,58,71.2,5,7,159,66,0.0,255,32767,0.11,2090-9-18,0.0,0.52,26.6,0.0,0.0,0.0,0,4.822265625,6,45,05:40,20:21,2025-05-22 13:19:09.968801,Città della Scienza,52.7,7.8997445,8.389484,5.621738,4.9409165,EU EEA Common AQI,79.5,6.176146,6.711947,7200,4.2,100,100,65.0,3.6342854,Very Low,79.2,6.447478,100,1747919700,Very Low,4.4973903,7.62027,Very Low,7.035911,60.5,6.142857,100,1747919700,4.542857
2025-05-22T13:19:21Z,236,29.917,76.4,58,71.2,5,7,165,66,0.0,255,32767,0.11,2090-9-18,0.0,0.52,26.6,0.0,0.0,0.0,0,4.822265625,6,45,05:40,20:21,2025-05-22 13:19:21.094788,Città della Scienza,52.7,7.8997445,8.389484,5.621738,4.9409165,EU EEA Common AQI,79.5,6.176146,6.711947,7200,4.2,100,100,65.0,3.6342854,Very Low,79.2,6.447478,100,1747919700,Very Low,4.4973903,7.62027,Very Low,7.035911,60.5,6.142857,100,1747919700,4.542857
2025-05-22T13:19:32Z,236,29.917,76.4,58,71.1,6,7,167,66,0.0,255,32767,0.11,2090-9-18,0.0,0.52,26.6,0.0,0.0,0.0,0,4.822265625,6,45,05:40,20:21,2025-05-22 13:19:32.250766,Città della Scienza,52.7,7.8997445,8.389484,5.621738,4.9409165,EU EEA Common AQI,79.5,6.176146,6.711947,7200,4.2,100,100,65.0,3.6342854,Very Low,79.2,6.447478,100,1747919700,Very Low,4.4973903,7.62027,Very Low,7.035911,60.5,6.142857,100,1747919700,4.542857
2025-05-22T13:19:43Z,236,29.917,76.4,58,71.1,4,7,182,66,0.0,255,32767,0.11,2090-9-18,0.0,0.52,26.6,0.0,0.0,0.0,0,4.822265625,6,45,05:40,20:21,2025-05-22 13:19:43.352796,Città della Scienza,52.7,7.8997445,8.389484,5.621738,4.9409165,EU EEA Common AQI,79.5,6.176146,6.711947,7200,4.2,100,100,65.0,3.6342854,Very Low,79.2,6.447478,100,1747919700,Very Low,4.4973903,7.62027,Very Low,7.035911,60.5,6.142857,100,1747919700,4.542857
2025-05-22T13:19:54Z,236,29.917,76.4,58,71.1,7,7,163,66,0.0,255,32767,0.11,2090-9-18,0.0,0.52,26.6,0.0,0.0,0.0,0,4.822265625,6,45,05:40,20:21,2025-05-22 13:19:54.456787,Città della Scienza,52.7,7.8997445,8.389484,5.621738,4.9409165,EU EEA Common AQI,79.5,6.176146,6.711947,7200,4.2,100,100,65.0,3.6342854,Very Low,79.2,6.447478,100,1747919700,Very Low,4.4973903,7.62027,Very Low,7.035911,60.5,6.142857,100,1747919700,4.542857
2025-05-22T13:20:05Z,236,29.917,76.4,58,71.2,7,7,157,66,0.0,255,32767,0.11,2090-9-18,0.0,0.52,26.6,0.0,0.0,0.0,0,4.822265625,6,45,05:40,20:21,2025-05-22 13:20:05.576794,Città della Scienza,52.7,7.8997445,8.389484,5.621738,4.9409165,EU EEA Common AQI,79.5,6.176146,6.711947,7200,4.2,100,100,65.0,3.6342854,Very Low,79.2,6.447478,100,1747919700,Very Low,4.4973903,7.62027,Very Low,7.035911,60.5,6.142857,100,1747919700,4.542857
2025-05-22T13:20:16Z,236,29.917,76.4,58,71.2,6,7,170,66,0.0,255,32767,0.11,2090-9-18,0.0,0.52,26.6,0.0,0.0,0.0,0,4.822265625,6,45,05:40,20:21,2025-05-22 13:20:16.681761,Città della Scienza,52.7,7.8997445,8.389484,5.621738,4.9409165,EU EEA Common AQI,79.5,6.176146,6.711947,7200,4.2,100,100,65.0,3.6342854,Very Low,79.2,6.447478,100,1747919700,Very Low,4.4973903,7.62027,Very Low,7.035911,60.5,6.142857,100,1747919700,4.542857
2025-05-22T13:20:28Z,236,29.917,76.4,58,71.2,7,7,171,66,0.0,255,32767,0.11,2090-9-18,0.0,0.52,26.6,0.0,0.0,0.0,0,4.822265625,6,45,05:40,20:21,2025-05-22 13:20:27.845792,Città della Scienza,52.7,7.8997445,8.389484,5.621738,4.9409165,EU EEA Common AQI,79.5,6.176146,6.711947,7200,4.2,100,100,65.0,3.6342854,Very Low,79.2,6.447478,100,1747919700,Very Low,4.4973903,7.62027,Very Low,7.035911,60.5,6.142857,100,1747919700,4.542857
2025-05-22T13:20:39Z,236,29.917,76.4,58,71.2,6,6,146,66,0.0,255,32767,0.11,2090-9-18,0.0,0.52,26.6,0.0,0.0,0.0,0,4.822265625,6,45,05:40,20:21,2025-05-22 13:20:38.936789,Città della Scienza,52.7,7.8997445,8.389484,5.621738,4.9409165,EU EEA Common AQI,79.5,6.176146,6.711947,7200,4.2,100,100,65.0,3.6342854,Very Low,79.2,6.447478,100,1747919700,Very Low,4.4973903,7.62027,Very Low,7.035911,60.5,6.142857,100,1747919700,4.542857
2025-05-22T13:20:50Z,236,29.917,76.4,58,71.1,3,6,216,66,0.0,255,32767,0.11,2090-9-18,0.0,0.52,26.6,0.0,0.0,0.0,0,4.822265625,6,45,05:40,20:21,2025-05-22 13:20:50.072789,Città della Scienza,52.7,7.8997445,8.389484,5.621738,4.9409165,EU EEA Common AQI,79.5,6.176146,6.711947,7200,4.2,100,100,65.0,3.6342854,Very Low,79.2,6.447478,100,1747919700,Very Low,4.4973903,7.62027,Very Low,7.035911,60.5,6.142857,100,1747919700,4.542857
2025-05-22T13:21:01Z,236,29.917,76.4,58,71.1,2,6,194,65,0.0,255,32767,0.11,2090-9-18,0.0,0.52,26.6,0.0,0.0,0.0,0,4.822265625,6,45,05:40,20:21,2025-05-22 13:21:01.172796,Città della Scienza,52.7,7.8997445,8.389484,5.621738,4.9409165,EU EEA Common AQI,79.5,6.176146,6.711947,7200,4.2,100,100,65.0,3.6342854,Very Low,79.2,6.447478,100,1747919700,Very Low,4.4973903,7.62027,Very Low,7.035911,60.5,6.142857,100,1747919700,4.542857
2025-05-22T13:21:12Z,236,29.917,76.4,58,71.1,3,6,157,65,0.0,255,32767,0.11,2090-9-18,0.0,0.52,26.6,0.0,0.0,0.0,0,4.822265625,6,45,05:40,20:21,2025-05-22 13:21:12.288788,Città della Scienza,52.7,7.8997445,8.389484,5.621738,4.9409165,EU EEA Common AQI,79.5,6.176146,6.711947,7200,4.2,100,100,65.0,3.6342854,Very Low,79.2,6.447478,100,1747919700,Very Low,4.4973903,7.62027,Very Low,7.035911,60.5,6.142857,100,1747919700,4.542857
2025-05-22T13:21:23Z,236,29.917,76.4,58,71.1,7,6,187,65,0.0,255,32767,0.11,2090-9-18,0.0,0.52,26.6,0.0,0.0,0.0,0,4.822265625,6,45,05:40,20:21,2025-05-22 13:21:23.409796,Città della Scienza,52.7,7.8997445,8.389484,5.621738,4.9409165,EU EEA Common AQI,79.5,6.176146,6.711947,7200,4.2,100,100,65.0,3.6342854,Very Low,79.2,6.447478,100,1747919700,Very Low,4.4973903,7.62027,Very Low,7.035911,60.5,6.142857,100,1747919700,4.542857
2025-05-22T13:21:34Z,236,29.918,76.4,58,71.1,9,6,199,65,0.0,255,32767,0.11,2090-9-18,0.0,0.52,26.6,0.0,0.0,0.0,0,4.822265625,6,45,05:40,20:21,2025-05-22 13:21:34.481799,Città della Scienza,52.7,7.8997445,8.389484,5.621738,4.9409165,EU EEA Common AQI,79.5,6.176146,6.711947,7200,4.2,100,100,65.0,3.6342854,Very Low,79.2,6.447478,100,1747919700,Very Low,4.4973903,7.62027,Very Low,7.035911,60.5,6.142857,100,1747919700,4.542857
2025-05-22T13:21:45Z,236,29.918,76.4,58,71.2,7,6,223,65,0.0,255,32767,0.11,2090-9-18,0.0,0.52,26.6,0.0,0.0,0.0,0,4.822265625,6,45,05:40,20:21,2025-05-22 13:21:45.610816,Città della Scienza,52.7,7.8997445,8.389484,5.621738,4.9409165,EU EEA Common AQI,79.5,6.176146,6.711947,7200,4.2,100,100,65.0,3.6342854,Very Low,79.2,6.447478,100,1747919700,Very Low,4.4973903,7.62027,Very Low,7.035911,60.5,6.142857,100,1747919700,4.542857
2025-05-22T13:21:56Z,236,29.918,76.4,58,71.2,6,6,163,65,0.0,255,32767,0.11,2090-9-18,0.0,0.52,26.6,0.0,0.0,0.0,0,4.822265625,6,45,05:40,20:21,2025-05-22 13:21:56.733788,Città della Scienza,52.7,7.8997445,8.389484,5.621738,4.9409165,EU EEA Common AQI,79.5,6.176146,6.711947,7200,4.2,100,100,65.0,3.6342854,Very Low,79.2,6.447478,100,1747919700,Very Low,4.4973903,7.62027,Very Low,7.035911,60.5,6.142857,100,1747919700,4.542857
2025-05-22T13:22:08Z,236,29.918,76.4,58,71.2,6,6,197,65,0.0,255,32767,0.11,2090-9-18,0.0,0.52,26.6,0.0,0.0,0.0,0,4.822265625,6,45,05:40,20:21,2025-05-22 13:22:07.840752,Città della Scienza,52.7,7.8997445,8.389484,5.621738,4.9409165,EU EEA Common AQI,79.5,6.176146,6.711947,7200,4.2,100,100,65.0,3.6342854,Very Low,79.2,6.447478,100,1747919700,Very Low,4.4973903,7.62027,Very Low,7.035911,60.5,6.142857,100,1747919700,4.542857
2025-05-22T13:22:19Z,236,29.918,76.4,58,71.2,5,6,242,65,0.0,255,32767,0.11,2090-9-18,0.0,0.52,26.6,0.0,0.0,0.0,0,4.822265625,6,45,05:40,20:21,2025-05-22 13:22:18.941806,Città della Scienza,52.7,7.8997445,8.389484,5.621738,4.9409165,EU EEA Common AQI,79.5,6.176146,6.711947,7200,4.2,100,100,65.0,3.6342854,Very Low,79.2,6.447478,100,1747919700,Very Low,4.4973903,7.62027,Very Low,7.035911,60.5,6.142857,100,1747919700,4.542857
2025-05-22T13:22:30Z,236,29.918,76.4,58,71.2,5,6,163,65,0.0,255,32767,0.11,2090-9-18,0.0,0.52,26.6,0.0,0.0,0.0,0,4.822265625,6,45,05:40,20:21,2025-05-22 13:22:30.084788,Città della Scienza,52.7,7.8997445,8.389484,5.621738,4.9409165,EU EEA Common AQI,79.5,6.176146,6.711947,7200,4.2,100,100,65.0,3.6342854,Very Low,79.2,6.447478,100,1747919700,Very Low,4.4973903,7.62027,Very Low,7.035911,60.5,6.142857,100,1747919700,4.542857
2025-05-22T13:22:41Z,236,29.915,76.4,58,71.2,5,6,148,65,0.0,255,32767,0.11,2090-9-18,0.0,0.52,26.6,0.0,0.0,0.0,0,4.822265625,6,45,05:40,20:21,2025-05-22 13:22:41.186795,Città della Scienza,52.7,7.8997445,8.389484,5.621738,4.9409165,EU EEA Common AQI,79.5,6.176146,6.711947,7200,4.2,100,100,65.0,3.6342854,Very Low,79.2,6.447478,100,1747919700,Very Low,4.4973903,7.62027,Very Low,7.035911,60.5,6.142857,100,1747919700,4.542857
2025-05-22T13:22:52Z,236,29.915,76.4,58,71.2,8,6,199,65,0.0,255,32767,0.11,2090-9-18,0.0,0.52,26.6,0.0,0.0,0.0,0,4.822265625,6,45,05:40,20:21,2025-05-22 13:22:52.303850,Città della Scienza,52.7,7.8997445,8.389484,5.621738,4.9409165,EU EEA Common AQI,79.5,6.176146,6.711947,7200,4.2,100,100,65.0,3.6342854,Very Low,79.2,6.447478,100,1747919700,Very Low,4.4973903,7.62027,Very Low,7.035911,60.5,6.142857,100,1747919700,4.542857
2025-05-22T13:23:03Z,236,29.915,76.4,58,71.1,5,6,173,65,0.0,255,32767,0.11,2090-9-18,0.0,0.52,26.6,0.0,0.0,0.0,0,4.822265625,6,45,05:40,20:21,2025-05-22 13:23:03.376813,Città della Scienza,52.7,7.8997445,8.389484,5.621738,4.9409165,EU EEA Common AQI,79.5,6.176146,6.711947,7200,4.2,100,100,65.0,3.6342854,Very Low,79.2,6.447478,100,1747919700,Very Low,4.4973903,7.62027,Very Low,7.035911,60.5,6.142857,100,1747919700,4.542857
2025-05-22T13:23:14Z,236,29.915,76.4,58,71.2,5,6,176,65,0.0,255,32767,0.11,2090-9-18,0.0,0.52,26.6,0.0,0.0,0.0,0,4.822265625,6,45,05:40,20:21,2025-05-22 13:23:14.472793,Città della Scienza,52.7,7.8997445,8.389484,5.621738,4.9409165,EU EEA Common AQI,79.5,6.176146,6.711947,7200,4.2,100,100,65.0,3.6342854,Very Low,79.2,6.447478,100,1747919700,Very Low,4.4973903,7.62027,Very Low,7.035911,60.5,6.142857,100,1747919700,4.542857
2025-05-22T13:23:25Z,236,29.915,76.4,58,71.2,8,6,190,65,0.0,255,32767,0.11,2090-9-18,0.0,0.52,26.6,0.0,0.0,0.0,0,4.822265625,6,45,05:40,20:21,2025-05-22 13:23:25.580800,Città della Scienza,52.7,7.8997445,8.389484,5.621738,4.9409165,EU EEA Common AQI,79.5,6.176146,6.711947,7200,4.2,100,100,65.0,3.6342854,Very Low,79.2,6.447478,100,1747919700,Very Low,4.4973903,7.62027,Very Low,7.035911,60.5,6.142857,100,1747919700,4.542857
2025-05-22T13:23:36Z,236,29.916,76.5,58,71.2,9,6,190,65,0.0,255,32767,0.11,2090-9-18,0.0,0.52,26.6,0.0,0.0,0.0,0,4.822265625,6,45,05:40,20:21,2025-05-22 13:23:36.675803,Città della Scienza,52.7,7.8997445,8.389484,5.621738,4.9409165,EU EEA Common AQI,79.5,6.176146,6.711947,7200,4.2,100,100,65.0,3.6342854,Very Low,79.2,6.447478,100,1747919700,Very Low,4.4973903,7.62027,Very Low,7.035911,60.5,6.142857,100,1747919700,4.542857
2025-05-22T13:23:47Z,236,29.916,76.5,58,71.1,6,6,198,65,0.0,255,32767,0.11,2090-9-18,0.0,0.52,26.6,0.0,0.0,0.0,0,4.822265625,6,45,05:40,20:21,2025-05-22 13:23:47.777854,Città della Scienza,52.7,7.8997445,8.389484,5.621738,4.9409165,EU EEA Common AQI,79.5,6.176146,6.711947,7200,4.2,100,100,65.0,3.6342854,Very Low,79.2,6.447478,100,1747919700,Very Low,4.4973903,7.62027,Very Low,7.035911,60.5,6.142857,100,1747919700,4.542857
2025-05-22T13:23:59Z,236,29.916,76.5,58,71.1,9,6,215,65,0.0,255,32767,0.11,2090-9-18,0.0,0.52,26.6,0.0,0.0,0.0,0,4.822265625,6,45,05:40,20:21,2025-05-22 13:23:58.894812,Città della Scienza,52.7,7.8997445,8.389484,5.621738,4.9409165,EU EEA Common AQI,79.5,6.176146,6.711947,7200,4.2,100,100,65.0,3.6342854,Very Low,79.2,6.447478,100,1747919700,Very Low,4.4973903,7.62027,Very Low,7.035911,60.5,6.142857,100,1747919700,4.542857
2025-05-22T13:24:10Z,236,29.916,76.5,58,71.0,12,6,167,65,0.0,255,32767,0.11,2090-9-18,0.0,0.52,26.6,0.0,0.0,0.0,0,4.822265625,6,45,05:40,20:21,2025-05-22 13:24:09.957797,Città della Scienza,52.7,7.8997445,8.389484,5.621738,4.9409165,EU EEA Common AQI,79.5,6.176146,6.711947,7200,4.2,100,100,65.0,3.6342854,Very Low,79.2,6.447478,100,1747919700,Very Low,4.4973903,7.62027,Very Low,7.035911,60.5,6.142857,100,1747919700,4.542857
2025-05-22T13:24:21Z,236,29.916,76.5,58,71.0,12,6,167,65,0.0,255,32767,0.11,2090-9-18,0.0,0.52,26.6,0.0,0.0,0.0,0,4.822265625,6,45,05:40,20:21,2025-05-22 13:24:21.045789,Città della Scienza,52.7,7.8997445,8.389484,5.621738,4.9409165,EU EEA Common AQI,79.5,6.176146,6.711947,7200,4.2,100,100,65.0,3.6342854,Very Low,79.2,6.447478,100,1747919700,Very Low,4.4973903,7.62027,Very Low,7.035911,60.5,6.142857,100,1747919700,4.542857
2025-05-22T13:24:32Z,236,29.916,76.5,58,71.0,7,6,186,65,0.0,255,32767,0.11,2090-9-18,0.0,0.52,26.6,0.0,0.0,0.0,0,4.822265625,6,45,05:40,20:21,2025-05-22 13:24:32.135792,Città della Scienza,52.7,7.8997445,8.389484,5.621738,4.9409165,EU EEA Common AQI,79.5,6.176146,6.711947,7200,4.2,100,100,65.0,3.6342854,Very Low,79.2,6.447478,100,1747919700,Very Low,4.4973903,7.62027,Very Low,7.035911,60.5,6.142857,100,1747919700,4.542857
2025-05-22T13:24:43Z,236,29.916,76.4,58,71.0,9,6,188,65,0.0,255,32767,0.11,2090-9-18,0.0,0.52,26.6,0.0,0.0,0.0,0,4.822265625,6,45,05:40,20:21,2025-05-22 13:24:43.246789,Città della Scienza,52.7,7.8997445,8.389484,5.621738,4.9409165,EU EEA Common AQI,79.5,6.176146,6.711947,7200,4.2,100,100,65.0,3.6342854,Very Low,79.2,6.447478,100,1747919700,Very Low,4.4973903,7.62027,Very Low,7.035911,60.5,6.142857,100,1747919700,4.542857
2025-05-22T13:24:54Z,236,29.916,76.4,58,70.9,7,6,188,65,0.0,255,32767,0.11,2090-9-18,0.0,0.52,26.6,0.0,0.0,0.0,0,4.822265625,6,45,05:40,20:21,2025-05-22 13:24:54.360800,Città della Scienza,52.7,7.8997445,8.389484,5.621738,4.9409165,EU EEA Common AQI,79.5,6.176146,6.711947,7200,4.2,100,100,65.0,3.6342854,Very Low,79.2,6.447478,100,1747919700,Very Low,4.4973903,7.62027,Very Low,7.035911,60.5,6.142857,100,1747919700,4.542857
2025-05-22T13:25:05Z,236,29.916,76.4,58,70.9,10,6,186,65,0.0,255,32767,0.11,2090-9-18,0.0,0.52,26.6,0.0,0.0,0.0,0,4.822265625,6,45,05:40,20:21,2025-05-22 13:25:05.469798,Città della Scienza,52.7,7.8997445,8.389484,5.621738,4.9409165,EU EEA Common AQI,79.5,6.176146,6.711947,7200,4.2,100,100,65.0,3.6342854,Very Low,79.2,6.447478,100,1747919700,Very Low,4.4973903,7.62027,Very Low,7.035911,60.5,6.142857,100,1747919700,4.542857
2025-05-22T13:25:16Z,236,29.916,76.4,58,70.9,9,6,194,65,0.0,255,32767,0.11,2090-9-18,0.0,0.52,26.6,0.0,0.0,0.0,0,4.822265625,6,45,05:40,20:21,2025-05-22 13:25:16.703798,Città della Scienza,52.7,7.8997445,8.389484,5.621738,4.9409165,EU EEA Common AQI,79.5,6.176146,6.711947,7200,4.2,100,100,65.0,3.6342854,Very Low,79.2,6.447478,100,1747919700,Very Low,4.4973903,7.62027,Very Low,7.035911,60.5,6.142857,100,1747919700,4.542857
2025-05-22T13:25:27Z,236,29.916,76.4,58,70.9,7,6,183,65,0.0,255,32767,0.11,2090-9-18,0.0,0.52,26.6,0.0,0.0,0.0,0,4.822265625,6,45,05:40,20:21,2025-05-22 13:25:27.777788,Città della Scienza,52.7,7.8997445,8.389484,5.621738,4.9409165,EU EEA Common AQI,79.5,6.176146,6.711947,7200,4.2,100,100,65.0,3.6342854,Very Low,79.2,6.447478,100,1747919700,Very Low,4.4973903,7.62027,Very Low,7.035911,60.5,6.142857,100,1747919700,4.542857
2025-05-22T13:25:39Z,236,29.913,76.4,58,70.8,10,6,262,65,0.0,255,32767,0.11,2090-9-18,0.0,0.52,26.6,0.0,0.0,0.0,0,4.822265625,6,45,05:40,20:21,2025-05-22 13:25:38.875790,Città della Scienza,52.7,7.8997445,8.389484,5.621738,4.9409165,EU EEA Common AQI,79.5,6.176146,6.711947,7200,4.2,100,100,65.0,3.6342854,Very Low,79.2,6.447478,100,1747919700,Very Low,4.4973903,7.62027,Very Low,7.035911,60.5,6.142857,100,1747919700,4.542857
2025-05-22T13:25:50Z,236,29.913,76.4,58,70.8,9,6,175,65,0.0,255,32767,0.11,2090-9-18,0.0,0.52,26.6,0.0,0.0,0.0,0,4.822265625,6,45,05:40,20:21,2025-05-22 13:25:49.974790,Città della Scienza,52.7,7.8997445,8.389484,5.621738,4.9409165,EU EEA Common AQI,79.5,6.176146,6.711947,7200,4.2,100,100,65.0,3.6342854,Very Low,79.2,6.447478,100,1747919700,Very Low,4.4973903,7.62027,Very Low,7.035911,60.5,6.142857,100,1747919700,4.542857
2025-05-22T13:26:01Z,236,29.913,76.4,58,70.8,7,6,190,65,0.0,255,32767,0.11,2090-9-18,0.0,0.52,26.6,0.0,0.0,0.0,0,4.822265625,6,45,05:40,20:21,2025-05-22 13:26:01.056787,Città della Scienza,52.7,7.8997445,8.389484,5.621738,4.9409165,EU EEA Common AQI,79.5,6.176146,6.711947,7200,4.2,100,100,65.0,3.6342854,Very Low,79.2,6.447478,100,1747919700,Very Low,4.4973903,7.62027,Very Low,7.035911,60.5,6.142857,100,1747919700,4.542857
2025-05-22T13:26:12Z,236,29.913,76.4,58,70.8,7,6,184,65,0.0,255,32767,0.11,2090-9-18,0.0,0.52,26.6,0.0,0.0,0.0,0,4.822265625,6,45,05:40,20:21,2025-05-22 13:26:12.158799,Città della Scienza,52.7,7.8997445,8.389484,5.621738,4.9409165,EU EEA Common AQI,79.5,6.176146,6.711947,7200,4.2,100,100,65.0,3.6342854,Very Low,79.2,6.447478,100,1747919700,Very Low,4.4973903,7.62027,Very Low,7.035911,60.5,6.142857,100,1747919700,4.542857
2025-05-22T13:26:23Z,236,29.913,76.4,58,70.7,8,6,184,65,0.0,255,32767,0.11,2090-9-18,0.0,0.52,26.6,0.0,0.0,0.0,0,4.822265625,6,45,05:40,20:21,2025-05-22 13:26:23.238817,Città della Scienza,52.7,7.8997445,8.389484,5.621738,4.9409165,EU EEA Common AQI,79.5,6.176146,6.711947,7200,4.2,100,100,65.0,3.6342854,Very Low,79.2,6.447478,100,1747919700,Very Low,4.4973903,7.62027,Very Low,7.035911,60.5,6.142857,100,1747919700,4.542857
2025-05-22T13:26:34Z,236,29.916,76.4,58,70.7,7,7,228,65,0.0,255,32767,0.11,2090-9-18,0.0,0.52,26.6,0.0,0.0,0.0,0,4.822265625,6,45,05:40,20:21,2025-05-22 13:26:34.330799,Città della Scienza,52.7,7.8997445,8.389484,5.621738,4.9409165,EU EEA Common AQI,79.5,6.176146,6.711947,7200,4.2,100,100,65.0,3.6342854,Very Low,79.2,6.447478,100,1747919700,Very Low,4.4973903,7.62027,Very Low,7.035911,60.5,6.142857,100,1747919700,4.542857
2025-05-22T13:26:45Z,236,29.916,76.4,58,70.7,7,7,195,65,0.0,255,32767,0.11,2090-9-18,0.0,0.52,26.6,0.0,0.0,0.0,0,4.822265625,6,45,05:40,20:21,2025-05-22 13:26:45.415792,Città della Scienza,52.7,7.8997445,8.389484,5.621738,4.9409165,EU EEA Common AQI,79.5,6.176146,6.711947,7200,4.2,100,100,65.0,3.6342854,Very Low,79.2,6.447478,100,1747919700,Very Low,4.4973903,7.62027,Very Low,7.035911,60.5,6.142857,100,1747919700,4.542857
2025-05-22T13:26:56Z,236,29.916,76.4,58,70.7,4,7,48,65,0.0,255,32767,0.11,2090-9-18,0.0,0.52,26.6,0.0,0.0,0.0,0,4.822265625,6,45,05:40,20:21,2025-05-22 13:26:56.547804,Città della Scienza,52.7,7.8997445,8.389484,5.621738,4.9409165,EU EEA Common AQI,79.5,6.176146,6.711947,7200,4.2,100,100,65.0,3.6342854,Very Low,79.2,6.447478,100,1747919700,Very Low,4.4973903,7.62027,Very Low,7.035911,60.5,6.142857,100,1747919700,4.542857
2025-05-22T13:27:07Z,236,29.916,76.4,58,70.7,7,7,189,65,0.0,255,32767,0.11,2090-9-18,0.0,0.52,26.6,0.0,0.0,0.0,0,4.822265625,6,45,05:40,20:21,2025-05-22 13:27:07.648790,Città della Scienza,52.7,7.8997445,8.389484,5.621738,4.9409165,EU EEA Common AQI,79.5,6.176146,6.711947,7200,4.2,100,100,65.0,3.6342854,Very Low,79.2,6.447478,100,1747919700,Very Low,4.4973903,7.62027,Very Low,7.035911,60.5,6.142857,100,1747919700,4.542857
2025-05-22T13:27:18Z,236,29.916,76.4,58,70.7,8,7,176,65,0.0,255,32767,0.11,2090-9-18,0.0,0.52,26.6,0.0,0.0,0.0,0,4.822265625,6,45,05:40,20:21,2025-05-22 13:27:18.747792,Città della Scienza,52.7,7.8997445,8.389484,5.621738,4.9409165,EU EEA Common AQI,79.5,6.176146,6.711947,7200,4.2,100,100,65.0,3.6342854,Very Low,79.2,6.447478,100,1747919700,Very Low,4.4973903,7.62027,Very Low,7.035911,60.5,6.142857,100,1747919700,4.542857
2025-05-22T13:27:30Z,236,29.916,76.4,58,70.7,11,7,187,65,0.0,255,32767,0.11,2090-9-18,0.0,0.52,26.6,0.0,0.0,0.0,0,4.822265625,6,45,05:40,20:21,2025-05-22 13:27:29.821793,Città della Scienza,52.7,7.8997445,8.389484,5.621738,4.9409165,EU EEA Common AQI,79.5,6.176146,6.711947,7200,4.2,100,100,65.0,3.6342854,Very Low,79.2,6.447478,100,1747919700,Very Low,4.4973903,7.62027,Very Low,7.035911,60.5,6.142857,100,1747919700,4.542857
2025-05-22T13:27:41Z,236,29.915,76.4,57,70.6,8,7,180,65,0.0,255,32767,0.11,2090-9-18,0.0,0.52,26.6,0.0,0.0,0.0,0,4.822265625,6,45,05:40,20:21,2025-05-22 13:27:40.929793,Città della Scienza,52.7,7.8997445,8.389484,5.621738,4.9409165,EU EEA Common AQI,79.5,6.176146,6.711947,7200,4.2,100,100,65.0,3.6342854,Very Low,79.2,6.447478,100,1747919700,Very Low,4.4973903,7.62027,Very Low,7.035911,60.5,6.142857,100,1747919700,4.542857
2025-05-22T13:27:52Z,236,29.915,76.4,57,70.6,12,7,180,65,0.0,255,32767,0.11,2090-9-18,0.0,0.52,26.6,0.0,0.0,0.0,0,4.822265625,6,45,05:40,20:21,2025-05-22 13:27:52.003801,Città della Scienza,52.7,7.8997445,8.389484,5.621738,4.9409165,EU EEA Common AQI,79.5,6.176146,6.711947,7200,4.2,100,100,65.0,3.6342854,Very Low,79.2,6.447478,100,1747919700,Very Low,4.4973903,7.62027,Very Low,7.035911,60.5,6.142857,100,1747919700,4.542857
2025-05-22T13:28:03Z,236,29.915,76.4,57,70.6,10,7,183,64,0.0,255,32767,0.11,2090-9-18,0.0,0.52,26.6,0.0,0.0,0.0,0,4.822265625,6,45,05:40,20:21,2025-05-22 13:28:03.135796,Città della Scienza,52.7,7.8997445,8.389484,5.621738,4.9409165,EU EEA Common AQI,79.5,6.176146,6.711947,7200,4.2,100,100,65.0,3.6342854,Very Low,79.2,6.447478,100,1747919700,Very Low,4.4973903,7.62027,Very Low,7.035911,60.5,6.142857,100,1747919700,4.542857
2025-05-22T13:28:14Z,236,29.915,76.4,57,70.5,6,7,178,64,0.0,255,32767,0.11,2090-9-18,0.0,0.52,26.6,0.0,0.0,0.0,0,4.822265625,6,45,05:40,20:21,2025-05-22 13:28:14.253789,Città della Scienza,52.7,7.8997445,8.389484,5.621738,4.9409165,EU EEA Common AQI,79.5,6.176146,6.711947,7200,4.2,100,100,65.0,3.6342854,Very Low,79.2,6.447478,100,1747919700,Very Low,4.4973903,7.62027,Very Low,7.035911,60.5,6.142857,100,1747919700,4.542857
2025-05-22T13:28:25Z,236,29.915,76.4,57,70.5,10,7,190,64,0.0,255,32767,0.11,2090-9-18,0.0,0.52,26.6,0.0,0.0,0.0,0,4.822265625,6,45,05:40,20:21,2025-05-22 13:28:25.383802,Città della Scienza,52.7,7.8997445,8.389484,5.621738,4.9409165,EU EEA Common AQI,79.5,6.176146,6.711947,7200,4.2,100,100,65.0,3.6342854,Very Low,79.2,6.447478,100,1747919700,Very Low,4.4973903,7.62027,Very Low,7.035911,60.5,6.142857,100,1747919700,4.542857
2025-05-22T13:28:36Z,236,29.915,76.4,57,70.5,7,7,175,64,0.0,255,32767,0.11,2090-9-18,0.0,0.52,26.6,0.0,0.0,0.0,0,4.822265625,6,45,05:40,20:21,2025-05-22 13:28:36.486787,Città della Scienza,52.7,7.8997445,8.389484,5.621738,4.9409165,EU EEA Common AQI,79.5,6.176146,6.711947,7200,4.2,100,100,65.0,3.6342854,Very Low,79.2,6.447478,100,1747919700,Very Low,4.4973903,7.62027,Very Low,7.035911,60.5,6.142857,100,1747919700,4.542857
2025-05-22T13:28:47Z,236,29.915,76.4,57,70.5,10,7,168,64,0.0,255,32767,0.11,2090-9-18,0.0,0.52,26.6,0.0,0.0,0.0,0,4.822265625,6,45,05:40,20:21,2025-05-22 13:28:47.610805,Città della Scienza,52.7,7.8997445,8.389484,5.621738,4.9409165,EU EEA Common AQI,79.5,6.176146,6.711947,7200,4.2,100,100,65.0,3.6342854,Very Low,79.2,6.447478,100,1747919700,Very Low,4.4973903,7.62027,Very Low,7.035911,60.5,6.142857,100,1747919700,4.542857
2025-05-22T13:28:58Z,236,29.915,76.4,57,70.4,9,7,179,64,0.0,255,32767,0.11,2090-9-18,0.0,0.52,26.6,0.0,0.0,0.0,0,4.822265625,6,45,05:40,20:21,2025-05-22 13:28:58.712786,Città della Scienza,52.7,7.8997445,8.389484,5.621738,4.9409165,EU EEA Common AQI,79.5,6.176146,6.711947,7200,4.2,100,100,65.0,3.6342854,Very Low,79.2,6.447478,100,1747919700,Very Low,4.4973903,7.62027,Very Low,7.035911,60.5,6.142857,100,1747919700,4.542857
2025-05-22T13:29:10Z,236,29.915,76.4,57,70.4,8,7,155,64,0.0,255,32767,0.11,2090-9-18,0.0,0.52,26.6,0.0,0.0,0.0,0,4.822265625,6,45,05:40,20:21,2025-05-22 13:29:09.856796,Città della Scienza,52.7,7.8997445,8.389484,5.621738,4.9409165,EU EEA Common AQI,79.5,6.176146,6.711947,7200,4.2,100,100,65.0,3.6342854,Very Low,79.2,6.447478,100,1747919700,Very Low,4.4973903,7.62027,Very Low,7.035911,60.5,6.142857,100,1747919700,4.542857
2025-05-22T13:29:21Z,236,29.915,76.4,57,70.3,3,7,195,64,0.0,255,32767,0.11,2090-9-18,0.0,0.52,26.6,0.0,0.0,0.0,0,4.822265625,6,45,05:40,20:21,2025-05-22 13:29:20.959797,Città della Scienza,52.7,7.8997445,8.389484,5.621738,4.9409165,EU EEA Common AQI,79.5,6.176146,6.711947,7200,4.2,100,100,65.0,3.6342854,Very Low,79.2,6.447478,100,1747919700,Very Low,4.4973903,7.62027,Very Low,7.035911,60.5,6.142857,100,1747919700,4.542857
2025-05-22T13:29:32Z,236,29.915,76.4,57,70.3,9,7,161,64,0.0,255,32767,0.11,2090-9-18,0.0,0.52,26.6,0.0,0.0,0.0,0,4.822265625,6,45,05:40,20:21,2025-05-22 13:29:32.073807,Città della Scienza,52.7,7.8997445,8.389484,5.621738,4.9409165,EU EEA Common AQI,79.5,6.176146,6.711947,7200,4.2,100,100,65.0,3.6342854,Very Low,79.2,6.447478,100,1747919700,Very Low,4.4973903,7.62027,Very Low,7.035911,60.5,6.142857,100,1747919700,4.542857
2025-05-22T13:29:43Z,236,29.915,76.4,57,70.3,8,7,191,64,0.0,255,32767,0.11,2090-9-18,0.0,0.52,26.6,0.0,0.0,0.0,0,4.822265625,6,45,05:40,20:21,2025-05-22 13:29:43.132796,Città della Scienza,52.7,7.8997445,8.389484,5.621738,4.9409165,EU EEA Common AQI,79.5,6.176146,6.711947,7200,4.2,100,100,65.0,3.6342854,Very Low,79.2,6.447478,100,1747919700,Very Low,4.4973903,7.62027,Very Low,7.035911,60.5,6.142857,100,1747919700,4.542857
2025-05-22T13:29:54Z,236,29.915,76.4,57,70.3,6,7,159,64,0.0,255,32767,0.11,2090-9-18,0.0,0.52,26.6,0.0,0.0,0.0,0,4.822265625,6,45,05:40,20:21,2025-05-22 13:29:54.232792,Città della Scienza,52.7,7.8997445,8.389484,5.621738,4.9409165,EU EEA Common AQI,79.5,6.176146,6.711947,7200,4.2,100,100,65.0,3.6342854,Very Low,79.2,6.447478,100,1747919700,Very Low,4.4973903,7.62027,Very Low,7.035911,60.5,6.142857,100,1747919700,4.542857
2025-05-22T13:30:05Z,236,29.915,76.4,57,70.3,7,7,176,64,0.0,255,32767,0.11,2090-9-18,0.0,0.52,26.6,0.0,0.0,0.0,0,4.822265625,6,45,05:40,20:21,2025-05-22 13:30:05.331791,Città della Scienza,52.7,7.8997445,8.389484,5.621738,4.9409165,EU EEA Common AQI,79.5,6.176146,6.711947,7200,4.2,100,100,65.0,3.6342854,Very Low,79.2,6.447478,100,1747919700,Very Low,4.4973903,7.62027,Very Low,7.035911,60.5,6.142857,100,1747919700,4.542857
2025-05-22T13:30:16Z,236,29.915,76.4,57,70.3,9,7,183,64,0.0,255,32767,0.11,2090-9-18,0.0,0.52,26.6,0.0,0.0,0.0,0,4.822265625,6,45,05:40,20:21,2025-05-22 13:30:16.472790,Città della Scienza,52.7,7.8997445,8.389484,5.621738,4.9409165,EU EEA Common AQI,79.5,6.176146,6.711947,7200,4.2,100,100,65.0,3.6342854,Very Low,79.2,6.447478,100,1747919700,Very Low,4.4973903,7.62027,Very Low,7.035911,60.5,6.142857,100,1747919700,4.542857
2025-05-22T13:30:27Z,236,29.915,76.4,57,70.3,5,7,187,64,0.0,255,32767,0.11,2090-9-18,0.0,0.52,26.6,0.0,0.0,0.0,0,4.822265625,6,45,05:40,20:21,2025-05-22 13:30:27.568803,Città della Scienza,49.0,7.708676,8.414305,5.468997,4.820376,EU EEA Common AQI,79.7,6.0254703,6.7420416,7200,3.3857143,100,100,63.8,2.9485712,Very Low,79.7,6.2863755,100,1747920600,Very Low,4.3751974,7.4238634,Very Low,6.841274,58.8,5.9428573,100,1747920600,3.6857142
2025-05-22T13:30:38Z,236,29.916,76.4,57,70.3,6,7,266,64,0.0,255,32767,0.11,2090-9-18,0.0,0.52,26.6,0.0,0.0,0.0,0,4.822265625,6,45,05:40,20:21,2025-05-22 13:30:38.647789,Città della Scienza,49.0,7.708676,8.414305,5.468997,4.820376,EU EEA Common AQI,79.7,6.0254703,6.7420416,7200,3.3857143,100,100,63.8,2.9485712,Very Low,79.7,6.2863755,100,1747920600,Very Low,4.3751974,7.4238634,Very Low,6.841274,58.8,5.9428573,100,1747920600,3.6857142
2025-05-22T13:30:49Z,236,29.916,76.4,57,70.4,6,7,179,64,0.0,255,32767,0.11,2090-9-18,0.0,0.52,26.6,0.0,0.0,0.0,0,4.822265625,6,45,05:40,20:21,2025-05-22 13:30:49.727795,Città della Scienza,49.0,7.708676,8.414305,5.468997,4.820376,EU EEA Common AQI,79.7,6.0254703,6.7420416,7200,3.3857143,100,100,63.8,2.9485712,Very Low,79.7,6.2863755,100,1747920600,Very Low,4.3751974,7.4238634,Very Low,6.841274,58.8,5.9428573,100,1747920600,3.6857142
2025-05-22T13:31:01Z,236,29.916,76.4,57,70.4,6,7,206,64,0.0,255,32767,0.11,2090-9-18,0.0,0.52,26.6,0.0,0.0,0.0,0,4.822265625,6,45,05:40,20:21,2025-05-22 13:31:00.853781,Città della Scienza,49.0,7.708676,8.414305,5.468997,4.820376,EU EEA Common AQI,79.7,6.0254703,6.7420416,7200,3.3857143,100,100,63.8,2.9485712,Very Low,79.7,6.2863755,100,1747920600,Very Low,4.3751974,7.4238634,Very Low,6.841274,58.8,5.9428573,100,1747920600,3.6857142
2025-05-22T13:31:12Z,236,29.916,76.4,57,70.5,7,7,190,64,0.0,255,32767,0.11,2090-9-18,0.0,0.52,26.6,0.0,0.0,0.0,0,4.822265625,6,45,05:40,20:21,2025-05-22 13:31:11.982760,Città della Scienza,49.0,7.708676,8.414305,5.468997,4.820376,EU EEA Common AQI,79.7,6.0254703,6.7420416,7200,3.3857143,100,100,63.8,2.9485712,Very Low,79.7,6.2863755,100,1747920600,Very Low,4.3751974,7.4238634,Very Low,6.841274,58.8,5.9428573,100,1747920600,3.6857142
2025-05-22T13:31:23Z,236,29.916,76.4,57,70.5,9,7,182,64,0.0,255,32767,0.11,2090-9-18,0.0,0.52,26.6,0.0,0.0,0.0,0,4.822265625,6,45,05:40,20:21,2025-05-22 13:31:23.102813,Città della Scienza,49.0,7.708676,8.414305,5.468997,4.820376,EU EEA Common AQI,79.7,6.0254703,6.7420416,7200,3.3857143,100,100,63.8,2.9485712,Very Low,79.7,6.2863755,100,1747920600,Very Low,4.3751974,7.4238634,Very Low,6.841274,58.8,5.9428573,100,1747920600,3.6857142
2025-05-22T13:31:34Z,236,29.915,76.4,57,70.5,8,8,190,65,0.0,255,32767,0.11,2090-9-18,0.0,0.52,26.6,0.0,0.0,0.0,0,4.822265625,6,45,05:40,20:21,2025-05-22 13:31:34.225795,Città della Scienza,49.0,7.708676,8.414305,5.468997,4.820376,EU EEA Common AQI,79.7,6.0254703,6.7420416,7200,3.3857143,100,100,63.8,2.9485712,Very Low,79.7,6.2863755,100,1747920600,Very Low,4.3751974,7.4238634,Very Low,6.841274,58.8,5.9428573,100,1747920600,3.6857142
2025-05-22T13:31:45Z,236,29.915,76.4,57,70.5,4,8,198,65,0.0,255,32767,0.11,2090-9-18,0.0,0.52,26.6,0.0,0.0,0.0,0,4.822265625,6,45,05:40,20:21,2025-05-22 13:31:45.322801,Città della Scienza,49.0,7.708676,8.414305,5.468997,4.820376,EU EEA Common AQI,79.7,6.0254703,6.7420416,7200,3.3857143,100,100,63.8,2.9485712,Very Low,79.7,6.2863755,100,1747920600,Very Low,4.3751974,7.4238634,Very Low,6.841274,58.8,5.9428573,100,1747920600,3.6857142
2025-05-22T13:31:56Z,236,29.915,76.4,57,70.5,7,8,166,65,0.0,255,32767,0.11,2090-9-18,0.0,0.52,26.6,0.0,0.0,0.0,0,4.822265625,6,45,05:40,20:21,2025-05-22 13:31:56.438792,Città della Scienza,49.0,7.708676,8.414305,5.468997,4.820376,EU EEA Common AQI,79.7,6.0254703,6.7420416,7200,3.3857143,100,100,63.8,2.9485712,Very Low,79.7,6.2863755,100,1747920600,Very Low,4.3751974,7.4238634,Very Low,6.841274,58.8,5.9428573,100,1747920600,3.6857142
2025-05-22T13:32:07Z,236,29.915,76.4,57,70.6,11,8,191,65,0.0,255,32767,0.11,2090-9-18,0.0,0.52,26.6,0.0,0.0,0.0,0,4.822265625,6,45,05:40,20:21,2025-05-22 13:32:07.565794,Città della Scienza,49.0,7.708676,8.414305,5.468997,4.820376,EU EEA Common AQI,79.7,6.0254703,6.7420416,7200,3.3857143,100,100,63.8,2.9485712,Very Low,79.7,6.2863755,100,1747920600,Very Low,4.3751974,7.4238634,Very Low,6.841274,58.8,5.9428573,100,1747920600,3.6857142
2025-05-22T13:32:18Z,236,29.915,76.4,57,70.6,7,8,171,65,0.0,255,32767,0.11,2090-9-18,0.0,0.52,26.6,0.0,0.0,0.0,0,4.822265625,6,45,05:40,20:21,2025-05-22 13:32:18.680798,Città della Scienza,49.0,7.708676,8.414305,5.468997,4.820376,EU EEA Common AQI,79.7,6.0254703,6.7420416,7200,3.3857143,100,100,63.8,2.9485712,Very Low,79.7,6.2863755,100,1747920600,Very Low,4.3751974,7.4238634,Very Low,6.841274,58.8,5.9428573,100,1747920600,3.6857142
2025-05-22T13:32:29Z,236,29.915,76.4,57,70.6,6,8,186,65,0.0,255,32767,0.11,2090-9-18,0.0,0.52,26.6,0.0,0.0,0.0,0,4.822265625,6,45,05:40,20:21,2025-05-22 13:32:29.778754,Città della Scienza,49.0,7.708676,8.414305,5.468997,4.820376,EU EEA Common AQI,79.7,6.0254703,6.7420416,7200,3.3857143,100,100,63.8,2.9485712,Very Low,79.7,6.2863755,100,1747920600,Very Low,4.3751974,7.4238634,Very Low,6.841274,58.8,5.9428573,100,1747920600,3.6857142
2025-05-22T13:32:41Z,236,29.918,76.4,57,70.7,7,8,198,65,0.0,255,32767,0.11,2090-9-18,0.0,0.52,26.6,0.0,0.0,0.0,0,4.822265625,6,45,05:40,20:21,2025-05-22 13:32:40.871815,Città della Scienza,49.0,7.708676,8.414305,5.468997,4.820376,EU EEA Common AQI,79.7,6.0254703,6.7420416,7200,3.3857143,100,100,63.8,2.9485712,Very Low,79.7,6.2863755,100,1747920600,Very Low,4.3751974,7.4238634,Very Low,6.841274,58.8,5.9428573,100,1747920600,3.6857142
2025-05-22T13:32:52Z,236,29.918,76.4,57,70.6,4,8,175,65,0.0,255,32767,0.11,2090-9-18,0.0,0.52,26.6,0.0,0.0,0.0,0,4.822265625,6,45,05:40,20:21,2025-05-22 13:32:51.973797,Città della Scienza,49.0,7.708676,8.414305,5.468997,4.820376,EU EEA Common AQI,79.7,6.0254703,6.7420416,7200,3.3857143,100,100,63.8,2.9485712,Very Low,79.7,6.2863755,100,1747920600,Very Low,4.3751974,7.4238634,Very Low,6.841274,58.8,5.9428573,100,1747920600,3.6857142
2025-05-22T13:33:03Z,236,29.918,76.4,57,70.6,10,8,188,65,0.0,255,32767,0.11,2090-9-18,0.0,0.52,26.6,0.0,0.0,0.0,0,4.822265625,6,45,05:40,20:21,2025-05-22 13:33:03.082788,Città della Scienza,49.0,7.708676,8.414305,5.468997,4.820376,EU EEA Common AQI,79.7,6.0254703,6.7420416,7200,3.3857143,100,100,63.8,2.9485712,Very Low,79.7,6.2863755,100,1747920600,Very Low,4.3751974,7.4238634,Very Low,6.841274,58.8,5.9428573,100,1747920600,3.6857142
2025-05-22T13:33:14Z,236,29.918,76.4,57,70.7,4,8,212,65,0.0,255,32767,0.11,2090-9-18,0.0,0.52,26.6,0.0,0.0,0.0,0,4.822265625,6,45,05:40,20:21,2025-05-22 13:33:14.168798,Città della Scienza,49.0,7.708676,8.414305,5.468997,4.820376,EU EEA Common AQI,79.7,6.0254703,6.7420416,7200,3.3857143,100,100,63.8,2.9485712,Very Low,79.7,6.2863755,100,1747920600,Very Low,4.3751974,7.4238634,Very Low,6.841274,58.8,5.9428573,100,1747920600,3.6857142
2025-05-22T13:33:25Z,236,29.918,76.4,57,70.6,6,8,186,63,0.0,255,32767,0.11,2090-9-18,0.0,0.52,26.6,0.0,0.0,0.0,0,4.822265625,6,45,05:40,20:21,2025-05-22 13:33:25.266758,Città della Scienza,49.0,7.708676,8.414305,5.468997,4.820376,EU EEA Common AQI,79.7,6.0254703,6.7420416,7200,3.3857143,100,100,63.8,2.9485712,Very Low,79.7,6.2863755,100,1747920600,Very Low,4.3751974,7.4238634,Very Low,6.841274,58.8,5.9428573,100,1747920600,3.6857142
2025-05-22T13:33:36Z,236,29.914,76.4,57,70.7,5,8,253,63,0.0,255,32767,0.11,2090-9-18,0.0,0.52,26.6,0.0,0.0,0.0,0,4.822265625,6,45,05:40,20:21,2025-05-22 13:33:36.338791,Città della Scienza,49.0,7.708676,8.414305,5.468997,4.820376,EU EEA Common AQI,79.7,6.0254703,6.7420416,7200,3.3857143,100,100,63.8,2.9485712,Very Low,79.7,6.2863755,100,1747920600,Very Low,4.3751974,7.4238634,Very Low,6.841274,58.8,5.9428573,100,1747920600,3.6857142
2025-05-22T13:33:47Z,236,29.914,76.4,57,70.7,8,8,183,63,0.0,255,32767,0.11,2090-9-18,0.0,0.52,26.6,0.0,0.0,0.0,0,4.822265625,6,45,05:40,20:21,2025-05-22 13:33:47.443802,Città della Scienza,49.0,7.708676,8.414305,5.468997,4.820376,EU EEA Common AQI,79.7,6.0254703,6.7420416,7200,3.3857143,100,100,63.8,2.9485712,Very Low,79.7,6.2863755,100,1747920600,Very Low,4.3751974,7.4238634,Very Low,6.841274,58.8,5.9428573,100,1747920600,3.6857142
2025-05-22T13:33:58Z,236,29.914,76.4,57,70.7,6,8,172,63,0.0,255,32767,0.11,2090-9-18,0.0,0.52,26.6,0.0,0.0,0.0,0,4.822265625,6,45,05:40,20:21,2025-05-22 13:33:58.495793,Città della Scienza,49.0,7.708676,8.414305,5.468997,4.820376,EU EEA Common AQI,79.7,6.0254703,6.7420416,7200,3.3857143,100,100,63.8,2.9485712,Very Low,79.7,6.2863755,100,1747920600,Very Low,4.3751974,7.4238634,Very Low,6.841274,58.8,5.9428573,100,1747920600,3.6857142
2025-05-22T13:34:09Z,236,29.914,76.4,57,70.7,5,8,172,63,0.0,255,32767,0.11,2090-9-18,0.0,0.52,26.6,0.0,0.0,0.0,0,4.822265625,6,45,05:40,20:21,2025-05-22 13:34:09.616800,Città della Scienza,49.0,7.708676,8.414305,5.468997,4.820376,EU EEA Common AQI,79.7,6.0254703,6.7420416,7200,3.3857143,100,100,63.8,2.9485712,Very Low,79.7,6.2863755,100,1747920600,Very Low,4.3751974,7.4238634,Very Low,6.841274,58.8,5.9428573,100,1747920600,3.6857142
2025-05-22T13:34:20Z,236,29.914,76.4,57,70.7,6,8,168,63,0.0,255,32767,0.11,2090-9-18,0.0,0.52,26.6,0.0,0.0,0.0,0,4.822265625,6,45,05:40,20:21,2025-05-22 13:34:20.663769,Città della Scienza,49.0,7.708676,8.414305,5.468997,4.820376,EU EEA Common AQI,79.7,6.0254703,6.7420416,7200,3.3857143,100,100,63.8,2.9485712,Very Low,79.7,6.2863755,100,1747920600,Very Low,4.3751974,7.4238634,Very Low,6.841274,58.8,5.9428573,100,1747920600,3.6857142
2025-05-22T13:34:31Z,236,29.914,76.4,57,70.8,4,8,178,63,0.0,255,32767,0.11,2090-9-18,0.0,0.52,26.6,0.0,0.0,0.0,0,4.822265625,6,45,05:40,20:21,2025-05-22 13:34:31.736808,Città della Scienza,49.0,7.708676,8.414305,5.468997,4.820376,EU EEA Common AQI,79.7,6.0254703,6.7420416,7200,3.3857143,100,100,63.8,2.9485712,Very Low,79.7,6.2863755,100,1747920600,Very Low,4.3751974,7.4238634,Very Low,6.841274,58.8,5.9428573,100,1747920600,3.6857142
2025-05-22T13:34:43Z,236,29.918,76.4,57,70.8,6,7,157,63,0.0,255,32767,0.11,2090-9-18,0.0,0.52,26.6,0.0,0.0,0.0,0,4.822265625,6,45,05:40,20:21,2025-05-22 13:34:42.816806,Città della Scienza,49.0,7.708676,8.414305,5.468997,4.820376,EU EEA Common AQI,79.7,6.0254703,6.7420416,7200,3.3857143,100,100,63.8,2.9485712,Very Low,79.7,6.2863755,100,1747920600,Very Low,4.3751974,7.4238634,Very Low,6.841274,58.8,5.9428573,100,1747920600,3.6857142
2025-05-22T13:34:54Z,236,29.918,76.4,57,70.8,3,7,263,63,0.0,255,32767,0.11,2090-9-18,0.0,0.52,26.6,0.0,0.0,0.0,0,4.822265625,6,45,05:40,20:21,2025-05-22 13:34:53.946808,Città della Scienza,49.0,7.708676,8.414305,5.468997,4.820376,EU EEA Common AQI,79.7,6.0254703,6.7420416,7200,3.3857143,100,100,63.8,2.9485712,Very Low,79.7,6.2863755,100,1747920600,Very Low,4.3751974,7.4238634,Very Low,6.841274,58.8,5.9428573,100,1747920600,3.6857142
2025-05-22T13:35:05Z,236,29.918,76.4,57,70.8,6,7,191,63,0.0,255,32767,0.11,2090-9-18,0.0,0.52,26.6,0.0,0.0,0.0,0,4.822265625,6,45,05:40,20:21,2025-05-22 13:35:05.054811,Città della Scienza,49.0,7.708676,8.414305,5.468997,4.820376,EU EEA Common AQI,79.7,6.0254703,6.7420416,7200,3.3857143,100,100,63.8,2.9485712,Very Low,79.7,6.2863755,100,1747920600,Very Low,4.3751974,7.4238634,Very Low,6.841274,58.8,5.9428573,100,1747920600,3.6857142
2025-05-22T13:35:16Z,236,29.918,76.4,57,70.8,6,7,155,63,0.0,255,32767,0.11,2090-9-18,0.0,0.52,26.6,0.0,0.0,0.0,0,4.822265625,6,45,05:40,20:21,2025-05-22 13:35:16.109757,Città della Scienza,49.0,7.708676,8.414305,5.468997,4.820376,EU EEA Common AQI,79.7,6.0254703,6.7420416,7200,3.3857143,100,100,63.8,2.9485712,Very Low,79.7,6.2863755,100,1747920600,Very Low,4.3751974,7.4238634,Very Low,6.841274,58.8,5.9428573,100,1747920600,3.6857142
2025-05-22T13:35:27Z,236,29.918,76.4,57,70.8,4,7,166,63,0.0,255,32767,0.11,2090-9-18,0.0,0.52,26.6,0.0,0.0,0.0,0,4.822265625,6,45,05:40,20:21,2025-05-22 13:35:27.186800,Città della Scienza,49.0,7.708676,8.414305,5.468997,4.820376,EU EEA Common AQI,79.7,6.0254703,6.7420416,7200,3.3857143,100,100,63.8,2.9485712,Very Low,79.7,6.2863755,100,1747920600,Very Low,4.3751974,7.4238634,Very Low,6.841274,58.8,5.9428573,100,1747920600,3.6857142
2025-05-22T13:35:38Z,236,29.915,76.3,57,70.9,9,7,180,63,0.0,255,32767,0.11,2090-9-18,0.0,0.52,26.6,0.0,0.0,0.0,0,4.822265625,6,45,05:40,20:21,2025-05-22 13:35:38.241804,Città della Scienza,49.0,7.708676,8.414305,5.468997,4.820376,EU EEA Common AQI,79.7,6.0254703,6.7420416,7200,3.3857143,100,100,63.8,2.9485712,Very Low,79.7,6.2863755,100,1747920600,Very Low,4.3751974,7.4238634,Very Low,6.841274,58.8,5.9428573,100,1747920600,3.6857142
2025-05-22T13:35:49Z,236,29.915,76.3,57,71.0,10,7,190,63,0.0,255,32767,0.11,2090-9-18,0.0,0.52,26.6,0.0,0.0,0.0,0,4.822265625,6,45,05:40,20:21,2025-05-22 13:35:49.318822,Città della Scienza,49.0,7.708676,8.414305,5.468997,4.820376,EU EEA Common AQI,79.7,6.0254703,6.7420416,7200,3.3857143,100,100,63.8,2.9485712,Very Low,79.7,6.2863755,100,1747920600,Very Low,4.3751974,7.4238634,Very Low,6.841274,58.8,5.9428573,100,1747920600,3.6857142
2025-05-22T13:36:00Z,236,29.915,76.3,57,71.0,7,7,173,63,0.0,255,32767,0.11,2090-9-18,0.0,0.52,26.6,0.0,0.0,0.0,0,4.822265625,6,45,05:40,20:21,2025-05-22 13:36:00.446797,Città della Scienza,49.0,7.708676,8.414305,5.468997,4.820376,EU EEA Common AQI,79.7,6.0254703,6.7420416,7200,3.3857143,100,100,63.8,2.9485712,Very Low,79.7,6.2863755,100,1747920600,Very Low,4.3751974,7.4238634,Very Low,6.841274,58.8,5.9428573,100,1747920600,3.6857142
2025-05-22T13:36:11Z,236,29.915,76.3,57,71.0,4,7,211,63,0.0,255,32767,0.11,2090-9-18,0.0,0.52,26.6,0.0,0.0,0.0,0,4.822265625,6,45,05:40,20:21,2025-05-22 13:36:11.550804,Città della Scienza,49.0,7.708676,8.414305,5.468997,4.820376,EU EEA Common AQI,79.7,6.0254703,6.7420416,7200,3.3857143,100,100,63.8,2.9485712,Very Low,79.7,6.2863755,100,1747920600,Very Low,4.3751974,7.4238634,Very Low,6.841274,58.8,5.9428573,100,1747920600,3.6857142
2025-05-22T13:36:22Z,236,29.915,76.3,57,71.0,4,7,180,63,0.0,255,32767,0.11,2090-9-18,0.0,0.52,26.6,0.0,0.0,0.0,0,4.822265625,6,45,05:40,20:21,2025-05-22 13:36:22.650794,Città della Scienza,49.0,7.708676,8.414305,5.468997,4.820376,EU EEA Common AQI,79.7,6.0254703,6.7420416,7200,3.3857143,100,100,63.8,2.9485712,Very Low,79.7,6.2863755,100,1747920600,Very Low,4.3751974,7.4238634,Very Low,6.841274,58.8,5.9428573,100,1747920600,3.6857142
2025-05-22T13:36:33Z,236,29.915,76.3,57,71.0,4,7,288,63,0.0,255,32767,0.11,2090-9-18,0.0,0.52,26.6,0.0,0.0,0.0,0,4.822265625,6,45,05:40,20:21,2025-05-22 13:36:33.719902,Città della Scienza,49.0,7.708676,8.414305,5.468997,4.820376,EU EEA Common AQI,79.7,6.0254703,6.7420416,7200,3.3857143,100,100,63.8,2.9485712,Very Low,79.7,6.2863755,100,1747920600,Very Low,4.3751974,7.4238634,Very Low,6.841274,58.8,5.9428573,100,1747920600,3.6857142
2025-05-22T13:36:44Z,236,29.917,76.4,57,71.0,4,7,167,64,0.0,255,32767,0.11,2090-9-18,0.0,0.52,26.6,0.0,0.0,0.0,0,4.822265625,6,45,05:40,20:21,2025-05-22 13:36:44.795800,Città della Scienza,49.0,7.708676,8.414305,5.468997,4.820376,EU EEA Common AQI,79.7,6.0254703,6.7420416,7200,3.3857143,100,100,63.8,2.9485712,Very Low,79.7,6.2863755,100,1747920600,Very Low,4.3751974,7.4238634,Very Low,6.841274,58.8,5.9428573,100,1747920600,3.6857142
2025-05-22T13:36:56Z,236,29.917,76.4,57,71.0,9,7,200,64,0.0,255,32767,0.11,2090-9-18,0.0,0.52,26.6,0.0,0.0,0.0,0,4.822265625,6,45,05:40,20:21,2025-05-22 13:36:55.895804,Città della Scienza,49.0,7.708676,8.414305,5.468997,4.820376,EU EEA Common AQI,79.7,6.0254703,6.7420416,7200,3.3857143,100,100,63.8,2.9485712,Very Low,79.7,6.2863755,100,1747920600,Very Low,4.3751974,7.4238634,Very Low,6.841274,58.8,5.9428573,100,1747920600,3.6857142
2025-05-22T13:37:07Z,236,29.917,76.4,57,71.1,7,7,209,64,0.0,255,32767,0.11,2090-9-18,0.0,0.52,26.6,0.0,0.0,0.0,0,4.822265625,6,45,05:40,20:21,2025-05-22 13:37:06.973787,Città della Scienza,49.0,7.708676,8.414305,5.468997,4.820376,EU EEA Common AQI,79.7,6.0254703,6.7420416,7200,3.3857143,100,100,63.8,2.9485712,Very Low,79.7,6.2863755,100,1747920600,Very Low,4.3751974,7.4238634,Very Low,6.841274,58.8,5.9428573,100,1747920600,3.6857142
2025-05-22T13:37:18Z,236,29.917,76.4,57,71.1,6,7,156,64,0.0,255,32767,0.11,2090-9-18,0.0,0.52,26.6,0.0,0.0,0.0,0,4.822265625,6,45,05:40,20:21,2025-05-22 13:37:18.049804,Città della Scienza,49.0,7.708676,8.414305,5.468997,4.820376,EU EEA Common AQI,79.7,6.0254703,6.7420416,7200,3.3857143,100,100,63.8,2.9485712,Very Low,79.7,6.2863755,100,1747920600,Very Low,4.3751974,7.4238634,Very Low,6.841274,58.8,5.9428573,100,1747920600,3.6857142
2025-05-22T13:37:29Z,236,29.917,76.4,57,71.1,2,7,162,64,0.0,255,32767,0.11,2090-9-18,0.0,0.52,26.6,0.0,0.0,0.0,0,4.822265625,6,45,05:40,20:21,2025-05-22 13:37:29.132799,Città della Scienza,49.0,7.708676,8.414305,5.468997,4.820376,EU EEA Common AQI,79.7,6.0254703,6.7420416,7200,3.3857143,100,100,63.8,2.9485712,Very Low,79.7,6.2863755,100,1747920600,Very Low,4.3751974,7.4238634,Very Low,6.841274,58.8,5.9428573,100,1747920600,3.6857142
2025-05-22T13:37:40Z,236,29.916,76.3,57,71.1,1,7,214,64,0.0,255,32767,0.11,2090-9-18,0.0,0.52,26.6,0.0,0.0,0.0,0,4.822265625,6,45,05:40,20:21,2025-05-22 13:37:40.194804,Città della Scienza,49.0,7.708676,8.414305,5.468997,4.820376,EU EEA Common AQI,79.7,6.0254703,6.7420416,7200,3.3857143,100,100,63.8,2.9485712,Very Low,79.7,6.2863755,100,1747920600,Very Low,4.3751974,7.4238634,Very Low,6.841274,58.8,5.9428573,100,1747920600,3.6857142
2025-05-22T13:37:51Z,236,29.916,76.3,57,71.2,7,7,175,64,0.0,255,32767,0.11,2090-9-18,0.0,0.52,26.6,0.0,0.0,0.0,0,4.822265625,6,45,05:40,20:21,2025-05-22 13:37:51.280756,Città della Scienza,49.0,7.708676,8.414305,5.468997,4.820376,EU EEA Common AQI,79.7,6.0254703,6.7420416,7200,3.3857143,100,100,63.8,2.9485712,Very Low,79.7,6.2863755,100,1747920600,Very Low,4.3751974,7.4238634,Very Low,6.841274,58.8,5.9428573,100,1747920600,3.6857142
2025-05-22T13:38:02Z,236,29.916,76.3,57,71.2,4,7,196,64,0.0,255,32767,0.11,2090-9-18,0.0,0.52,26.6,0.0,0.0,0.0,0,4.822265625,6,45,05:40,20:21,2025-05-22 13:38:02.354787,Città della Scienza,49.0,7.708676,8.414305,5.468997,4.820376,EU EEA Common AQI,79.7,6.0254703,6.7420416,7200,3.3857143,100,100,63.8,2.9485712,Very Low,79.7,6.2863755,100,1747920600,Very Low,4.3751974,7.4238634,Very Low,6.841274,58.8,5.9428573,100,1747920600,3.6857142
2025-05-22T13:38:13Z,236,29.916,76.3,57,71.2,3,7,287,64,0.0,255,32767,0.11,2090-9-18,0.0,0.52,26.6,0.0,0.0,0.0,0,4.822265625,6,45,05:40,20:21,2025-05-22 13:38:13.430789,Città della Scienza,49.0,7.708676,8.414305,5.468997,4.820376,EU EEA Common AQI,79.7,6.0254703,6.7420416,7200,3.3857143,100,100,63.8,2.9485712,Very Low,79.7,6.2863755,100,1747920600,Very Low,4.3751974,7.4238634,Very Low,6.841274,58.8,5.9428573,100,1747920600,3.6857142
2025-05-22T13:38:24Z,236,29.916,76.3,57,71.2,8,7,269,64,0.0,255,32767,0.11,2090-9-18,0.0,0.52,26.6,0.0,0.0,0.0,0,4.822265625,6,45,05:40,20:21,2025-05-22 13:38:24.555795,Città della Scienza,49.0,7.708676,8.414305,5.468997,4.820376,EU EEA Common AQI,79.7,6.0254703,6.7420416,7200,3.3857143,100,100,63.8,2.9485712,Very Low,79.7,6.2863755,100,1747920600,Very Low,4.3751974,7.4238634,Very Low,6.841274,58.8,5.9428573,100,1747920600,3.6857142
2025-05-22T13:38:35Z,236,29.915,76.3,57,71.3,7,6,237,65,0.0,255,32767,0.11,2090-9-18,0.0,0.52,26.6,0.0,0.0,0.0,0,4.822265625,6,45,05:40,20:21,2025-05-22 13:38:35.651777,Città della Scienza,49.0,7.708676,8.414305,5.468997,4.820376,EU EEA Common AQI,79.7,6.0254703,6.7420416,7200,3.3857143,100,100,63.8,2.9485712,Very Low,79.7,6.2863755,100,1747920600,Very Low,4.3751974,7.4238634,Very Low,6.841274,58.8,5.9428573,100,1747920600,3.6857142
2025-05-22T13:38:46Z,236,29.915,76.3,57,71.3,4,6,232,65,0.0,255,32767,0.11,2090-9-18,0.0,0.52,26.6,0.0,0.0,0.0,0,4.822265625,6,45,05:40,20:21,2025-05-22 13:38:46.727794,Città della Scienza,49.0,7.708676,8.414305,5.468997,4.820376,EU EEA Common AQI,79.7,6.0254703,6.7420416,7200,3.3857143,100,100,63.8,2.9485712,Very Low,79.7,6.2863755,100,1747920600,Very Low,4.3751974,7.4238634,Very Low,6.841274,58.8,5.9428573,100,1747920600,3.6857142
2025-05-22T13:38:58Z,236,29.915,76.3,57,71.3,5,6,211,65,0.0,255,32767,0.11,2090-9-18,0.0,0.52,26.6,0.0,0.0,0.0,0,4.822265625,6,45,05:40,20:21,2025-05-22 13:38:57.801825,Città della Scienza,49.0,7.708676,8.414305,5.468997,4.820376,EU EEA Common AQI,79.7,6.0254703,6.7420416,7200,3.3857143,100,100,63.8,2.9485712,Very Low,79.7,6.2863755,100,1747920600,Very Low,4.3751974,7.4238634,Very Low,6.841274,58.8,5.9428573,100,1747920600,3.6857142
2025-05-22T13:39:09Z,236,29.915,76.3,57,71.3,5,6,246,65,0.0,255,32767,0.11,2090-9-18,0.0,0.52,26.6,0.0,0.0,0.0,0,4.822265625,6,45,05:40,20:21,2025-05-22 13:39:08.867796,Città della Scienza,49.0,7.708676,8.414305,5.468997,4.820376,EU EEA Common AQI,79.7,6.0254703,6.7420416,7200,3.3857143,100,100,63.8,2.9485712,Very Low,79.7,6.2863755,100,1747920600,Very Low,4.3751974,7.4238634,Very Low,6.841274,58.8,5.9428573,100,1747920600,3.6857142
2025-05-22T13:39:20Z,236,29.915,76.3,57,71.3,5,6,225,65,0.0,255,32767,0.11,2090-9-18,0.0,0.52,26.6,0.0,0.0,0.0,0,4.822265625,6,45,05:40,20:21,2025-05-22 13:39:19.939796,Città della Scienza,49.0,7.708676,8.414305,5.468997,4.820376,EU EEA Common AQI,79.7,6.0254703,6.7420416,7200,3.3857143,100,100,63.8,2.9485712,Very Low,79.7,6.2863755,100,1747920600,Very Low,4.3751974,7.4238634,Very Low,6.841274,58.8,5.9428573,100,1747920600,3.6857142
2025-05-22T13:39:31Z,236,29.915,76.3,57,71.4,7,6,194,64,0.0,255,32767,0.11,2090-9-18,0.0,0.52,26.6,0.0,0.0,0.0,0,4.822265625,6,45,05:40,20:21,2025-05-22 13:39:31.052803,Città della Scienza,49.0,7.708676,8.414305,5.468997,4.820376,EU EEA Common AQI,79.7,6.0254703,6.7420416,7200,3.3857143,100,100,63.8,2.9485712,Very Low,79.7,6.2863755,100,1747920600,Very Low,4.3751974,7.4238634,Very Low,6.841274,58.8,5.9428573,100,1747920600,3.6857142
2025-05-22T13:39:42Z,236,29.915,76.3,57,71.4,4,6,179,64,0.0,255,32767,0.11,2090-9-18,0.0,0.52,26.6,0.0,0.0,0.0,0,4.822265625,6,45,05:40,20:21,2025-05-22 13:39:42.140816,Città della Scienza,49.0,7.708676,8.414305,5.468997,4.820376,EU EEA Common AQI,79.7,6.0254703,6.7420416,7200,3.3857143,100,100,63.8,2.9485712,Very Low,79.7,6.2863755,100,1747920600,Very Low,4.3751974,7.4238634,Very Low,6.841274,58.8,5.9428573,100,1747920600,3.6857142
2025-05-22T13:39:53Z,236,29.915,76.3,57,71.3,10,6,183,64,0.0,255,32767,0.11,2090-9-18,0.0,0.52,26.6,0.0,0.0,0.0,0,4.822265625,6,45,05:40,20:21,2025-05-22 13:39:53.307799,Città della Scienza,49.0,7.708676,8.414305,5.468997,4.820376,EU EEA Common AQI,79.7,6.0254703,6.7420416,7200,3.3857143,100,100,63.8,2.9485712,Very Low,79.7,6.2863755,100,1747920600,Very Low,4.3751974,7.4238634,Very Low,6.841274,58.8,5.9428573,100,1747920600,3.6857142
2025-05-22T13:40:04Z,236,29.915,76.3,57,71.3,8,6,194,64,0.0,255,32767,0.11,2090-9-18,0.0,0.52,26.6,0.0,0.0,0.0,0,4.822265625,6,45,05:40,20:21,2025-05-22 13:40:04.351788,Città della Scienza,49.0,7.708676,8.414305,5.468997,4.820376,EU EEA Common AQI,79.7,6.0254703,6.7420416,7200,3.3857143,100,100,63.8,2.9485712,Very Low,79.7,6.2863755,100,1747920600,Very Low,4.3751974,7.4238634,Very Low,6.841274,58.8,5.9428573,100,1747920600,3.6857142
2025-05-22T13:40:15Z,236,29.915,76.3,57,71.3,10,6,186,64,0.0,255,32767,0.11,2090-9-18,0.0,0.52,26.6,0.0,0.0,0.0,0,4.822265625,6,45,05:40,20:21,2025-05-22 13:40:15.443789,Città della Scienza,49.0,7.708676,8.414305,5.468997,4.820376,EU EEA Common AQI,79.7,6.0254703,6.7420416,7200,3.3857143,100,100,63.8,2.9485712,Very Low,79.7,6.2863755,100,1747920600,Very Low,4.3751974,7.4238634,Very Low,6.841274,58.8,5.9428573,100,1747920600,3.6857142
2025-05-22T13:40:26Z,236,29.915,76.3,57,71.3,8,6,219,64,0.0,255,32767,0.11,2090-9-18,0.0,0.52,26.6,0.0,0.0,0.0,0,4.822265625,6,45,05:40,20:21,2025-05-22 13:40:26.514789,Città della Scienza,49.0,7.708676,8.414305,5.468997,4.820376,EU EEA Common AQI,79.7,6.0254703,6.7420416,7200,3.3857143,100,100,63.8,2.9485712,Very Low,79.7,6.2863755,100,1747920600,Very Low,4.3751974,7.4238634,Very Low,6.841274,58.8,5.9428573,100,1747920600,3.6857142
2025-05-22T13:40:37Z,236,29.915,76.4,57,71.3,4,6,176,64,0.0,255,32767,0.11,2090-9-18,0.0,0.52,26.6,0.0,0.0,0.0,0,4.822265625,6,45,05:40,20:21,2025-05-22 13:40:37.594799,Città della Scienza,49.0,7.708676,8.414305,5.468997,4.820376,EU EEA Common AQI,79.7,6.0254703,6.7420416,7200,3.3857143,100,100,63.8,2.9485712,Very Low,79.7,6.2863755,100,1747920600,Very Low,4.3751974,7.4238634,Very Low,6.841274,58.8,5.9428573,100,1747920600,3.6857142
2025-05-22T13:40:48Z,236,29.915,76.4,57,71.3,5,6,161,64,0.0,255,32767,0.11,2090-9-18,0.0,0.52,26.6,0.0,0.0,0.0,0,4.822265625,6,45,05:40,20:21,2025-05-22 13:40:48.732799,Città della Scienza,49.0,7.708676,8.414305,5.468997,4.820376,EU EEA Common AQI,79.7,6.0254703,6.7420416,7200,3.3857143,100,100,63.8,2.9485712,Very Low,79.7,6.2863755,100,1747920600,Very Low,4.3751974,7.4238634,Very Low,6.841274,58.8,5.9428573,100,1747920600,3.6857142
2025-05-22T13:41:00Z,236,29.915,76.4,57,71.3,1,6,180,64,0.0,255,32767,0.11,2090-9-18,0.0,0.52,26.6,0.0,0.0,0.0,0,4.822265625,6,45,05:40,20:21,2025-05-22 13:40:59.813791,Città della Scienza,49.0,7.708676,8.414305,5.468997,4.820376,EU EEA Common AQI,79.7,6.0254703,6.7420416,7200,3.3857143,100,100,63.8,2.9485712,Very Low,79.7,6.2863755,100,1747920600,Very Low,4.3751974,7.4238634,Very Low,6.841274,58.8,5.9428573,100,1747920600,3.6857142
2025-05-22T13:41:11Z,236,29.915,76.4,57,71.3,5,6,192,63,0.0,255,32767,0.11,2090-9-18,0.0,0.52,26.6,0.0,0.0,0.0,0,4.822265625,6,45,05:40,20:21,2025-05-22 13:41:10.862799,Città della Scienza,49.0,7.708676,8.414305,5.468997,4.820376,EU EEA Common AQI,79.7,6.0254703,6.7420416,7200,3.3857143,100,100,63.8,2.9485712,Very Low,79.7,6.2863755,100,1747920600,Very Low,4.3751974,7.4238634,Very Low,6.841274,58.8,5.9428573,100,1747920600,3.6857142
2025-05-22T13:41:22Z,236,29.915,76.4,57,71.3,2,6,163,63,0.0,255,32767,0.11,2090-9-18,0.0,0.52,26.6,0.0,0.0,0.0,0,4.822265625,6,45,05:40,20:21,2025-05-22 13:41:21.943760,Città della Scienza,49.0,7.708676,8.414305,5.468997,4.820376,EU EEA Common AQI,79.7,6.0254703,6.7420416,7200,3.3857143,100,100,63.8,2.9485712,Very Low,79.7,6.2863755,100,1747920600,Very Low,4.3751974,7.4238634,Very Low,6.841274,58.8,5.9428573,100,1747920600,3.6857142
2025-05-22T13:41:33Z,236,29.915,76.4,57,71.3,5,6,166,63,0.0,255,32767,0.11,2090-9-18,0.0,0.52,26.6,0.0,0.0,0.0,0,4.822265625,6,45,05:40,20:21,2025-05-22 13:41:33.051785,Città della Scienza,49.0,7.708676,8.414305,5.468997,4.820376,EU EEA Common AQI,79.7,6.0254703,6.7420416,7200,3.3857143,100,100,63.8,2.9485712,Very Low,79.7,6.2863755,100,1747920600,Very Low,4.3751974,7.4238634,Very Low,6.841274,58.8,5.9428573,100,1747920600,3.6857142
2025-05-22T13:41:44Z,236,29.915,76.3,57,71.3,8,6,171,63,0.0,255,32767,0.11,2090-9-18,0.0,0.52,26.6,0.0,0.0,0.0,0,4.822265625,6,45,05:40,20:21,2025-05-22 13:41:44.105801,Città della Scienza,49.0,7.708676,8.414305,5.468997,4.820376,EU EEA Common AQI,79.7,6.0254703,6.7420416,7200,3.3857143,100,100,63.8,2.9485712,Very Low,79.7,6.2863755,100,1747920600,Very Low,4.3751974,7.4238634,Very Low,6.841274,58.8,5.9428573,100,1747920600,3.6857142
2025-05-22T13:41:55Z,236,29.915,76.3,57,71.3,6,6,171,63,0.0,255,32767,0.11,2090-9-18,0.0,0.52,26.6,0.0,0.0,0.0,0,4.822265625,6,45,05:40,20:21,2025-05-22 13:41:55.179790,Città della Scienza,49.0,7.708676,8.414305,5.468997,4.820376,EU EEA Common AQI,79.7,6.0254703,6.7420416,7200,3.3857143,100,100,63.8,2.9485712,Very Low,79.7,6.2863755,100,1747920600,Very Low,4.3751974,7.4238634,Very Low,6.841274,58.8,5.9428573,100,1747920600,3.6857142
2025-05-22T13:42:06Z,236,29.915,76.3,57,71.3,7,6,182,63,0.0,255,32767,0.11,2090-9-18,0.0,0.52,26.6,0.0,0.0,0.0,0,4.822265625,6,45,05:40,20:21,2025-05-22 13:42:06.219794,Città della Scienza,49.0,7.708676,8.414305,5.468997,4.820376,EU EEA Common AQI,79.7,6.0254703,6.7420416,7200,3.3857143,100,100,63.8,2.9485712,Very Low,79.7,6.2863755,100,1747920600,Very Low,4.3751974,7.4238634,Very Low,6.841274,58.8,5.9428573,100,1747920600,3.6857142
2025-05-22T13:42:17Z,236,29.915,76.3,57,71.3,10,6,175,63,0.0,255,32767,0.11,2090-9-18,0.0,0.52,26.6,0.0,0.0,0.0,0,4.822265625,6,45,05:40,20:21,2025-05-22 13:42:17.298797,Città della Scienza,49.0,7.708676,8.414305,5.468997,4.820376,EU EEA Common AQI,79.7,6.0254703,6.7420416,7200,3.3857143,100,100,63.8,2.9485712,Very Low,79.7,6.2863755,100,1747920600,Very Low,4.3751974,7.4238634,Very Low,6.841274,58.8,5.9428573,100,1747920600,3.6857142
2025-05-22T13:42:28Z,236,29.915,76.3,57,71.2,9,6,197,63,0.0,255,32767,0.11,2090-9-18,0.0,0.52,26.6,0.0,0.0,0.0,0,4.822265625,6,45,05:40,20:21,2025-05-22 13:42:28.395811,Città della Scienza,49.0,7.708676,8.414305,5.468997,4.820376,EU EEA Common AQI,79.7,6.0254703,6.7420416,7200,3.3857143,100,100,63.8,2.9485712,Very Low,79.7,6.2863755,100,1747920600,Very Low,4.3751974,7.4238634,Very Low,6.841274,58.8,5.9428573,100,1747920600,3.6857142
2025-05-22T13:42:39Z,236,29.915,76.4,57,71.2,9,6,196,63,0.0,255,32767,0.11,2090-9-18,0.0,0.52,26.6,0.0,0.0,0.0,0,4.822265625,6,45,05:40,20:21,2025-05-22 13:42:39.502788,Città della Scienza,49.0,7.708676,8.414305,5.468997,4.820376,EU EEA Common AQI,79.7,6.0254703,6.7420416,7200,3.3857143,100,100,63.8,2.9485712,Very Low,79.7,6.2863755,100,1747920600,Very Low,4.3751974,7.4238634,Very Low,6.841274,58.8,5.9428573,100,1747920600,3.6857142
2025-05-22T13:42:50Z,236,29.915,76.4,57,71.1,8,6,203,63,0.0,255,32767,0.11,2090-9-18,0.0,0.52,26.6,0.0,0.0,0.0,0,4.822265625,6,45,05:40,20:21,2025-05-22 13:42:50.557809,Città della Scienza,49.0,7.708676,8.414305,5.468997,4.820376,EU EEA Common AQI,79.7,6.0254703,6.7420416,7200,3.3857143,100,100,63.8,2.9485712,Very Low,79.7,6.2863755,100,1747920600,Very Low,4.3751974,7.4238634,Very Low,6.841274,58.8,5.9428573,100,1747920600,3.6857142
2025-05-22T13:43:01Z,236,29.915,76.4,57,71.1,4,6,204,63,0.0,255,32767,0.11,2090-9-18,0.0,0.52,26.6,0.0,0.0,0.0,0,4.822265625,6,45,05:40,20:21,2025-05-22 13:43:01.631789,Città della Scienza,49.0,7.708676,8.414305,5.468997,4.820376,EU EEA Common AQI,79.7,6.0254703,6.7420416,7200,3.3857143,100,100,63.8,2.9485712,Very Low,79.7,6.2863755,100,1747920600,Very Low,4.3751974,7.4238634,Very Low,6.841274,58.8,5.9428573,100,1747920600,3.6857142
2025-05-22T13:43:13Z,236,29.915,76.4,57,71.1,6,6,167,63,0.0,255,32767,0.11,2090-9-18,0.0,0.52,26.6,0.0,0.0,0.0,0,4.822265625,6,45,05:40,20:21,2025-05-22 13:43:12.800790,Città della Scienza,49.0,7.708676,8.414305,5.468997,4.820376,EU EEA Common AQI,79.7,6.0254703,6.7420416,7200,3.3857143,100,100,63.8,2.9485712,Very Low,79.7,6.2863755,100,1747920600,Very Low,4.3751974,7.4238634,Very Low,6.841274,58.8,5.9428573,100,1747920600,3.6857142
2025-05-22T13:43:24Z,236,29.915,76.4,57,71.1,4,6,243,63,0.0,255,32767,0.11,2090-9-18,0.0,0.52,26.6,0.0,0.0,0.0,0,4.822265625,6,45,05:40,20:21,2025-05-22 13:43:23.900808,Città della Scienza,49.0,7.708676,8.414305,5.468997,4.820376,EU EEA Common AQI,79.7,6.0254703,6.7420416,7200,3.3857143,100,100,63.8,2.9485712,Very Low,79.7,6.2863755,100,1747920600,Very Low,4.3751974,7.4238634,Very Low,6.841274,58.8,5.9428573,100,1747920600,3.6857142
2025-05-22T13:43:35Z,236,29.914,76.3,57,71.0,3,6,232,63,0.0,255,32767,0.11,2090-9-18,0.0,0.52,26.6,0.0,0.0,0.0,0,4.822265625,6,45,05:40,20:21,2025-05-22 13:43:34.954813,Città della Scienza,49.0,7.708676,8.414305,5.468997,4.820376,EU EEA Common AQI,79.7,6.0254703,6.7420416,7200,3.3857143,100,100,63.8,2.9485712,Very Low,79.7,6.2863755,100,1747920600,Very Low,4.3751974,7.4238634,Very Low,6.841274,58.8,5.9428573,100,1747920600,3.6857142
2025-05-22T13:43:46Z,236,29.914,76.3,57,71.1,2,6,246,64,0.0,255,32767,0.11,2090-9-18,0.0,0.52,26.6,0.0,0.0,0.0,0,4.822265625,6,45,05:40,20:21,2025-05-22 13:43:46.030862,Città della Scienza,49.0,7.708676,8.414305,5.468997,4.820376,EU EEA Common AQI,79.7,6.0254703,6.7420416,7200,3.3857143,100,100,63.8,2.9485712,Very Low,79.7,6.2863755,100,1747920600,Very Low,4.3751974,7.4238634,Very Low,6.841274,58.8,5.9428573,100,1747920600,3.6857142
2025-05-22T13:43:57Z,236,29.914,76.3,57,71.1,6,6,261,64,0.0,255,32767,0.11,2090-9-18,0.0,0.52,26.6,0.0,0.0,0.0,0,4.822265625,6,45,05:40,20:21,2025-05-22 13:43:57.117804,Città della Scienza,49.0,7.708676,8.414305,5.468997,4.820376,EU EEA Common AQI,79.7,6.0254703,6.7420416,7200,3.3857143,100,100,63.8,2.9485712,Very Low,79.7,6.2863755,100,1747920600,Very Low,4.3751974,7.4238634,Very Low,6.841274,58.8,5.9428573,100,1747920600,3.6857142
2025-05-22T13:44:08Z,236,29.914,76.3,57,71.1,6,6,163,64,0.0,255,32767,0.11,2090-9-18,0.0,0.52,26.6,0.0,0.0,0.0,0,4.822265625,6,45,05:40,20:21,2025-05-22 13:44:08.183808,Città della Scienza,49.0,7.708676,8.414305,5.468997,4.820376,EU EEA Common AQI,79.7,6.0254703,6.7420416,7200,3.3857143,100,100,63.8,2.9485712,Very Low,79.7,6.2863755,100,1747920600,Very Low,4.3751974,7.4238634,Very Low,6.841274,58.8,5.9428573,100,1747920600,3.6857142
2025-05-22T13:44:19Z,236,29.914,76.3,57,71.1,6,6,165,64,0.0,255,32767,0.11,2090-9-18,0.0,0.52,26.6,0.0,0.0,0.0,0,4.822265625,6,45,05:40,20:21,2025-05-22 13:44:19.502789,Città della Scienza,49.0,7.708676,8.414305,5.468997,4.820376,EU EEA Common AQI,79.7,6.0254703,6.7420416,7200,3.3857143,100,100,63.8,2.9485712,Very Low,79.7,6.2863755,100,1747920600,Very Low,4.3751974,7.4238634,Very Low,6.841274,58.8,5.9428573,100,1747920600,3.6857142
2025-05-22T13:44:30Z,236,29.914,76.3,57,71.2,7,6,178,64,0.0,255,32767,0.11,2090-9-18,0.0,0.52,26.6,0.0,0.0,0.0,0,4.822265625,6,45,05:40,20:21,2025-05-22 13:44:30.580787,Città della Scienza,49.0,7.708676,8.414305,5.468997,4.820376,EU EEA Common AQI,79.7,6.0254703,6.7420416,7200,3.3857143,100,100,63.8,2.9485712,Very Low,79.7,6.2863755,100,1747920600,Very Low,4.3751974,7.4238634,Very Low,6.841274,58.8,5.9428573,100,1747920600,3.6857142
2025-05-22T13:44:41Z,236,29.914,76.4,57,71.1,8,6,188,64,0.0,255,32767,0.11,2090-9-18,0.0,0.52,26.6,0.0,0.0,0.0,0,4.822265625,6,45,05:40,20:21,2025-05-22 13:44:41.706794,Città della Scienza,49.0,7.708676,8.414305,5.468997,4.820376,EU EEA Common AQI,79.7,6.0254703,6.7420416,7200,3.3857143,100,100,63.8,2.9485712,Very Low,79.7,6.2863755,100,1747920600,Very Low,4.3751974,7.4238634,Very Low,6.841274,58.8,5.9428573,100,1747920600,3.6857142
2025-05-22T13:44:53Z,236,29.914,76.4,57,71.1,4,6,184,64,0.0,255,32767,0.11,2090-9-18,0.0,0.52,26.6,0.0,0.0,0.0,0,4.822265625,6,45,05:40,20:21,2025-05-22 13:44:52.846791,Città della Scienza,49.0,7.708676,8.414305,5.468997,4.820376,EU EEA Common AQI,79.7,6.0254703,6.7420416,7200,3.3857143,100,100,63.8,2.9485712,Very Low,79.7,6.2863755,100,1747920600,Very Low,4.3751974,7.4238634,Very Low,6.841274,58.8,5.9428573,100,1747920600,3.6857142
2025-05-22T13:45:04Z,236,29.914,76.4,57,71.1,6,6,161,64,0.0,255,32767,0.11,2090-9-18,0.0,0.52,26.6,0.0,0.0,0.0,0,4.822265625,6,45,05:40,20:21,2025-05-22 13:45:03.947795,Città della Scienza,49.0,7.708676,8.414305,5.468997,4.820376,EU EEA Common AQI,79.7,6.0254703,6.7420416,7200,3.3857143,100,100,63.8,2.9485712,Very Low,79.7,6.2863755,100,1747920600,Very Low,4.3751974,7.4238634,Very Low,6.841274,58.8,5.9428573,100,1747920600,3.6857142
2025-05-22T13:45:15Z,236,29.914,76.4,57,71.1,4,6,146,64,0.0,255,32767,0.11,2090-9-18,0.0,0.52,26.6,0.0,0.0,0.0,0,4.822265625,6,45,05:40,20:21,2025-05-22 13:45:15.065757,Città della Scienza,49.0,7.708676,8.414305,5.468997,4.820376,EU EEA Common AQI,79.7,6.0254703,6.7420416,7200,3.3857143,100,100,63.8,2.9485712,Very Low,79.7,6.2863755,100,1747920600,Very Low,4.3751974,7.4238634,Very Low,6.841274,58.8,5.9428573,100,1747920600,3.6857142
2025-05-22T13:45:26Z,236,29.914,76.4,57,71.0,7,6,164,64,0.0,255,32767,0.11,2090-9-18,0.0,0.52,26.6,0.0,0.0,0.0,0,4.822265625,6,45,05:40,20:21,2025-05-22 13:45:26.138787,Città della Scienza,47.8,7.541384,8.441607,5.2142687,4.6738796,EU EEA Common AQI,80.0,5.8423495,6.770741,7200,4.957143,100,100,63.7,4.365714,Very Low,80.1,6.108628,100,1747921500,Very Low,4.171415,7.24664,Very Low,6.5784054,58.6,7.0857143,100,1747921500,5.457143
2025-05-22T13:45:37Z,236,29.915,76.4,57,71.1,5,6,182,64,0.0,255,32767,0.11,2090-9-18,0.0,0.52,26.6,0.0,0.0,0.0,0,4.822265625,6,45,05:40,20:21,2025-05-22 13:45:37.269800,Città della Scienza,47.8,7.541384,8.441607,5.2142687,4.6738796,EU EEA Common AQI,80.0,5.8423495,6.770741,7200,4.957143,100,100,63.7,4.365714,Very Low,80.1,6.108628,100,1747921500,Very Low,4.171415,7.24664,Very Low,6.5784054,58.6,7.0857143,100,1747921500,5.457143
2025-05-22T13:45:48Z,236,29.915,76.4,57,71.1,7,6,171,64,0.0,255,32767,0.11,2090-9-18,0.0,0.52,26.6,0.0,0.0,0.0,0,4.822265625,6,45,05:40,20:21,2025-05-22 13:45:48.337795,Città della Scienza,47.8,7.541384,8.441607,5.2142687,4.6738796,EU EEA Common AQI,80.0,5.8423495,6.770741,7200,4.957143,100,100,63.7,4.365714,Very Low,80.1,6.108628,100,1747921500,Very Low,4.171415,7.24664,Very Low,6.5784054,58.6,7.0857143,100,1747921500,5.457143
2025-05-22T13:45:59Z,236,29.915,76.4,57,71.0,7,6,171,64,0.0,255,32767,0.11,2090-9-18,0.0,0.52,26.6,0.0,0.0,0.0,0,4.822265625,6,45,05:40,20:21,2025-05-22 13:45:59.447758,Città della Scienza,47.8,7.541384,8.441607,5.2142687,4.6738796,EU EEA Common AQI,80.0,5.8423495,6.770741,7200,4.957143,100,100,63.7,4.365714,Very Low,80.1,6.108628,100,1747921500,Very Low,4.171415,7.24664,Very Low,6.5784054,58.6,7.0857143,100,1747921500,5.457143
2025-05-22T13:46:10Z,236,29.915,76.4,57,71.0,4,6,159,64,0.0,255,32767,0.11,2090-9-18,0.0,0.52,26.6,0.0,0.0,0.0,0,4.822265625,6,45,05:40,20:21,2025-05-22 13:46:10.527764,Città della Scienza,47.8,7.541384,8.441607,5.2142687,4.6738796,EU EEA Common AQI,80.0,5.8423495,6.770741,7200,4.957143,100,100,63.7,4.365714,Very Low,80.1,6.108628,100,1747921500,Very Low,4.171415,7.24664,Very Low,6.5784054,58.6,7.0857143,100,1747921500,5.457143
2025-05-22T13:46:21Z,236,29.915,76.4,57,71.0,3,6,255,64,0.0,255,32767,0.11,2090-9-18,0.0,0.52,26.6,0.0,0.0,0.0,0,4.822265625,6,45,05:40,20:21,2025-05-22 13:46:21.594756,Città della Scienza,47.8,7.541384,8.441607,5.2142687,4.6738796,EU EEA Common AQI,80.0,5.8423495,6.770741,7200,4.957143,100,100,63.7,4.365714,Very Low,80.1,6.108628,100,1747921500,Very Low,4.171415,7.24664,Very Low,6.5784054,58.6,7.0857143,100,1747921500,5.457143
2025-05-22T13:46:32Z,236,29.915,76.4,57,71.0,6,6,187,63,0.0,255,32767,0.11,2090-9-18,0.0,0.52,26.6,0.0,0.0,0.0,0,4.822265625,6,45,05:40,20:21,2025-05-22 13:46:32.676810,Città della Scienza,47.8,7.541384,8.441607,5.2142687,4.6738796,EU EEA Common AQI,80.0,5.8423495,6.770741,7200,4.957143,100,100,63.7,4.365714,Very Low,80.1,6.108628,100,1747921500,Very Low,4.171415,7.24664,Very Low,6.5784054,58.6,7.0857143,100,1747921500,5.457143
2025-05-22T13:46:44Z,236,29.913,76.4,56,71.0,7,6,288,63,0.0,255,32767,0.11,2090-9-18,0.0,0.52,26.6,0.0,0.0,0.0,0,4.822265625,6,45,05:40,20:21,2025-05-22 13:46:43.800799,Città della Scienza,47.8,7.541384,8.441607,5.2142687,4.6738796,EU EEA Common AQI,80.0,5.8423495,6.770741,7200,4.957143,100,100,63.7,4.365714,Very Low,80.1,6.108628,100,1747921500,Very Low,4.171415,7.24664,Very Low,6.5784054,58.6,7.0857143,100,1747921500,5.457143
2025-05-22T13:46:55Z,236,29.913,76.4,56,71.0,4,6,170,63,0.0,255,32767,0.11,2090-9-18,0.0,0.52,26.6,0.0,0.0,0.0,0,4.822265625,6,45,05:40,20:21,2025-05-22 13:46:54.873792,Città della Scienza,47.8,7.541384,8.441607,5.2142687,4.6738796,EU EEA Common AQI,80.0,5.8423495,6.770741,7200,4.957143,100,100,63.7,4.365714,Very Low,80.1,6.108628,100,1747921500,Very Low,4.171415,7.24664,Very Low,6.5784054,58.6,7.0857143,100,1747921500,5.457143
2025-05-22T13:47:06Z,236,29.913,76.4,56,71.0,2,6,158,63,0.0,255,32767,0.11,2090-9-18,0.0,0.52,26.6,0.0,0.0,0.0,0,4.822265625,6,45,05:40,20:21,2025-05-22 13:47:05.998795,Città della Scienza,47.8,7.541384,8.441607,5.2142687,4.6738796,EU EEA Common AQI,80.0,5.8423495,6.770741,7200,4.957143,100,100,63.7,4.365714,Very Low,80.1,6.108628,100,1747921500,Very Low,4.171415,7.24664,Very Low,6.5784054,58.6,7.0857143,100,1747921500,5.457143
2025-05-22T13:47:17Z,236,29.913,76.4,56,71.1,6,6,173,63,0.0,255,32767,0.11,2090-9-18,0.0,0.52,26.6,0.0,0.0,0.0,0,4.822265625,6,45,05:40,20:21,2025-05-22 13:47:17.087789,Città della Scienza,47.8,7.541384,8.441607,5.2142687,4.6738796,EU EEA Common AQI,80.0,5.8423495,6.770741,7200,4.957143,100,100,63.7,4.365714,Very Low,80.1,6.108628,100,1747921500,Very Low,4.171415,7.24664,Very Low,6.5784054,58.6,7.0857143,100,1747921500,5.457143
2025-05-22T13:47:28Z,236,29.913,76.4,56,71.0,4,6,196,63,0.0,255,32767,0.11,2090-9-18,0.0,0.52,26.6,0.0,0.0,0.0,0,4.822265625,6,45,05:40,20:21,2025-05-22 13:47:28.141794,Città della Scienza,47.8,7.541384,8.441607,5.2142687,4.6738796,EU EEA Common AQI,80.0,5.8423495,6.770741,7200,4.957143,100,100,63.7,4.365714,Very Low,80.1,6.108628,100,1747921500,Very Low,4.171415,7.24664,Very Low,6.5784054,58.6,7.0857143,100,1747921500,5.457143
2025-05-22T13:47:39Z,236,29.914,76.3,56,71.1,6,6,234,63,0.0,255,32767,0.11,2090-9-18,0.0,0.52,26.6,0.0,0.0,0.0,0,4.822265625,6,45,05:40,20:21,2025-05-22 13:47:39.246791,Città della Scienza,47.8,7.541384,8.441607,5.2142687,4.6738796,EU EEA Common AQI,80.0,5.8423495,6.770741,7200,4.957143,100,100,63.7,4.365714,Very Low,80.1,6.108628,100,1747921500,Very Low,4.171415,7.24664,Very Low,6.5784054,58.6,7.0857143,100,1747921500,5.457143
2025-05-22T13:47:50Z,236,29.914,76.3,56,71.1,6,6,194,63,0.0,255,32767,0.11,2090-9-18,0.0,0.52,26.6,0.0,0.0,0.0,0,4.822265625,6,45,05:40,20:21,2025-05-22 13:47:50.317805,Città della Scienza,47.8,7.541384,8.441607,5.2142687,4.6738796,EU EEA Common AQI,80.0,5.8423495,6.770741,7200,4.957143,100,100,63.7,4.365714,Very Low,80.1,6.108628,100,1747921500,Very Low,4.171415,7.24664,Very Low,6.5784054,58.6,7.0857143,100,1747921500,5.457143
2025-05-22T13:48:01Z,236,29.914,76.3,56,71.1,4,6,169,63,0.0,255,32767,0.11,2090-9-18,0.0,0.52,26.6,0.0,0.0,0.0,0,4.822265625,6,45,05:40,20:21,2025-05-22 13:48:01.367795,Città della Scienza,47.8,7.541384,8.441607,5.2142687,4.6738796,EU EEA Common AQI,80.0,5.8423495,6.770741,7200,4.957143,100,100,63.7,4.365714,Very Low,80.1,6.108628,100,1747921500,Very Low,4.171415,7.24664,Very Low,6.5784054,58.6,7.0857143,100,1747921500,5.457143
2025-05-22T13:48:12Z,236,29.914,76.3,56,71.1,1,6,175,63,0.0,255,32767,0.11,2090-9-18,0.0,0.52,26.6,0.0,0.0,0.0,0,4.822265625,6,45,05:40,20:21,2025-05-22 13:48:12.482787,Città della Scienza,47.8,7.541384,8.441607,5.2142687,4.6738796,EU EEA Common AQI,80.0,5.8423495,6.770741,7200,4.957143,100,100,63.7,4.365714,Very Low,80.1,6.108628,100,1747921500,Very Low,4.171415,7.24664,Very Low,6.5784054,58.6,7.0857143,100,1747921500,5.457143
2025-05-22T13:48:23Z,236,29.914,76.3,56,71.1,2,6,223,63,0.0,255,32767,0.11,2090-9-18,0.0,0.52,26.6,0.0,0.0,0.0,0,4.822265625,6,45,05:40,20:21,2025-05-22 13:48:23.574796,Città della Scienza,47.8,7.541384,8.441607,5.2142687,4.6738796,EU EEA Common AQI,80.0,5.8423495,6.770741,7200,4.957143,100,100,63.7,4.365714,Very Low,80.1,6.108628,100,1747921500,Very Low,4.171415,7.24664,Very Low,6.5784054,58.6,7.0857143,100,1747921500,5.457143
2025-05-22T13:48:34Z,236,29.913,76.4,56,71.2,2,6,191,63,0.0,255,32767,0.11,2090-9-18,0.0,0.52,26.6,0.0,0.0,0.0,0,4.822265625,6,45,05:40,20:21,2025-05-22 13:48:34.659806,Città della Scienza,47.8,7.541384,8.441607,5.2142687,4.6738796,EU EEA Common AQI,80.0,5.8423495,6.770741,7200,4.957143,100,100,63.7,4.365714,Very Low,80.1,6.108628,100,1747921500,Very Low,4.171415,7.24664,Very Low,6.5784054,58.6,7.0857143,100,1747921500,5.457143
2025-05-22T13:48:46Z,236,29.913,76.4,56,71.2,7,6,232,63,0.0,255,32767,0.11,2090-9-18,0.0,0.52,26.6,0.0,0.0,0.0,0,4.822265625,6,45,05:40,20:21,2025-05-22 13:48:45.823795,Città della Scienza,47.8,7.541384,8.441607,5.2142687,4.6738796,EU EEA Common AQI,80.0,5.8423495,6.770741,7200,4.957143,100,100,63.7,4.365714,Very Low,80.1,6.108628,100,1747921500,Very Low,4.171415,7.24664,Very Low,6.5784054,58.6,7.0857143,100,1747921500,5.457143
2025-05-22T13:48:57Z,236,29.913,76.4,56,71.3,4,6,302,63,0.0,255,32767,0.11,2090-9-18,0.0,0.52,26.6,0.0,0.0,0.0,0,4.822265625,6,45,05:40,20:21,2025-05-22 13:48:56.894799,Città della Scienza,47.8,7.541384,8.441607,5.2142687,4.6738796,EU EEA Common AQI,80.0,5.8423495,6.770741,7200,4.957143,100,100,63.7,4.365714,Very Low,80.1,6.108628,100,1747921500,Very Low,4.171415,7.24664,Very Low,6.5784054,58.6,7.0857143,100,1747921500,5.457143
2025-05-22T13:49:08Z,236,29.913,76.4,56,71.2,5,6,145,63,0.0,255,32767,0.11,2090-9-18,0.0,0.52,26.6,0.0,0.0,0.0,0,4.822265625,6,45,05:40,20:21,2025-05-22 13:49:07.989794,Città della Scienza,47.8,7.541384,8.441607,5.2142687,4.6738796,EU EEA Common AQI,80.0,5.8423495,6.770741,7200,4.957143,100,100,63.7,4.365714,Very Low,80.1,6.108628,100,1747921500,Very Low,4.171415,7.24664,Very Low,6.5784054,58.6,7.0857143,100,1747921500,5.457143
2025-05-22T13:49:19Z,236,29.913,76.4,56,71.2,5,6,166,63,0.0,255,32767,0.11,2090-9-18,0.0,0.52,26.6,0.0,0.0,0.0,0,4.822265625,6,45,05:40,20:21,2025-05-22 13:49:19.116798,Città della Scienza,47.8,7.541384,8.441607,5.2142687,4.6738796,EU EEA Common AQI,80.0,5.8423495,6.770741,7200,4.957143,100,100,63.7,4.365714,Very Low,80.1,6.108628,100,1747921500,Very Low,4.171415,7.24664,Very Low,6.5784054,58.6,7.0857143,100,1747921500,5.457143
2025-05-22T13:49:30Z,236,29.913,76.4,56,71.3,9,6,178,63,0.0,255,32767,0.11,2090-9-18,0.0,0.52,26.6,0.0,0.0,0.0,0,4.822265625,6,45,05:40,20:21,2025-05-22 13:49:30.194788,Città della Scienza,47.8,7.541384,8.441607,5.2142687,4.6738796,EU EEA Common AQI,80.0,5.8423495,6.770741,7200,4.957143,100,100,63.7,4.365714,Very Low,80.1,6.108628,100,1747921500,Very Low,4.171415,7.24664,Very Low,6.5784054,58.6,7.0857143,100,1747921500,5.457143
2025-05-22T13:49:41Z,236,29.914,76.4,56,71.3,7,6,217,63,0.0,255,32767,0.11,2090-9-18,0.0,0.52,26.6,0.0,0.0,0.0,0,4.822265625,6,45,05:40,20:21,2025-05-22 13:49:41.300755,Città della Scienza,47.8,7.541384,8.441607,5.2142687,4.6738796,EU EEA Common AQI,80.0,5.8423495,6.770741,7200,4.957143,100,100,63.7,4.365714,Very Low,80.1,6.108628,100,1747921500,Very Low,4.171415,7.24664,Very Low,6.5784054,58.6,7.0857143,100,1747921500,5.457143
2025-05-22T13:49:52Z,236,29.914,76.4,56,71.3,8,6,184,62,0.0,255,32767,0.11,2090-9-18,0.0,0.52,26.6,0.0,0.0,0.0,0,4.822265625,6,45,05:40,20:21,2025-05-22 13:49:52.424793,Città della Scienza,47.8,7.541384,8.441607,5.2142687,4.6738796,EU EEA Common AQI,80.0,5.8423495,6.770741,7200,4.957143,100,100,63.7,4.365714,Very Low,80.1,6.108628,100,1747921500,Very Low,4.171415,7.24664,Very Low,6.5784054,58.6,7.0857143,100,1747921500,5.457143
2025-05-22T13:50:03Z,236,29.914,76.4,56,71.3,6,6,167,62,0.0,255,32767,0.11,2090-9-18,0.0,0.52,26.6,0.0,0.0,0.0,0,4.822265625,6,45,05:40,20:21,2025-05-22 13:50:03.528791,Città della Scienza,47.8,7.541384,8.441607,5.2142687,4.6738796,EU EEA Common AQI,80.0,5.8423495,6.770741,7200,4.957143,100,100,63.7,4.365714,Very Low,80.1,6.108628,100,1747921500,Very Low,4.171415,7.24664,Very Low,6.5784054,58.6,7.0857143,100,1747921500,5.457143
2025-05-22T13:50:14Z,236,29.914,76.4,56,71.3,10,6,164,62,0.0,255,32767,0.11,2090-9-18,0.0,0.52,26.6,0.0,0.0,0.0,0,4.822265625,6,45,05:40,20:21,2025-05-22 13:50:14.566795,Città della Scienza,47.8,7.541384,8.441607,5.2142687,4.6738796,EU EEA Common AQI,80.0,5.8423495,6.770741,7200,4.957143,100,100,63.7,4.365714,Very Low,80.1,6.108628,100,1747921500,Very Low,4.171415,7.24664,Very Low,6.5784054,58.6,7.0857143,100,1747921500,5.457143
2025-05-22T13:50:25Z,236,29.914,76.4,56,71.3,6,6,207,62,0.0,255,32767,0.11,2090-9-18,0.0,0.52,26.6,0.0,0.0,0.0,0,4.822265625,6,45,05:40,20:21,2025-05-22 13:50:25.705803,Città della Scienza,47.8,7.541384,8.441607,5.2142687,4.6738796,EU EEA Common AQI,80.0,5.8423495,6.770741,7200,4.957143,100,100,63.7,4.365714,Very Low,80.1,6.108628,100,1747921500,Very Low,4.171415,7.24664,Very Low,6.5784054,58.6,7.0857143,100,1747921500,5.457143
2025-05-22T13:50:36Z,236,29.911,76.4,56,71.3,4,5,220,62,0.0,255,32767,0.11,2090-9-18,0.0,0.52,26.6,0.0,0.0,0.0,0,4.822265625,6,45,05:40,20:21,2025-05-22 13:50:36.792789,Città della Scienza,47.8,7.541384,8.441607,5.2142687,4.6738796,EU EEA Common AQI,80.0,5.8423495,6.770741,7200,4.957143,100,100,63.7,4.365714,Very Low,80.1,6.108628,100,1747921500,Very Low,4.171415,7.24664,Very Low,6.5784054,58.6,7.0857143,100,1747921500,5.457143
2025-05-22T13:50:48Z,236,29.911,76.4,56,71.3,5,5,185,62,0.0,255,32767,0.11,2090-9-18,0.0,0.52,26.6,0.0,0.0,0.0,0,4.822265625,6,45,05:40,20:21,2025-05-22 13:50:47.921780,Città della Scienza,47.8,7.541384,8.441607,5.2142687,4.6738796,EU EEA Common AQI,80.0,5.8423495,6.770741,7200,4.957143,100,100,63.7,4.365714,Very Low,80.1,6.108628,100,1747921500,Very Low,4.171415,7.24664,Very Low,6.5784054,58.6,7.0857143,100,1747921500,5.457143
2025-05-22T13:50:59Z,236,29.911,76.4,56,71.3,4,5,175,62,0.0,255,32767,0.11,2090-9-18,0.0,0.52,26.6,0.0,0.0,0.0,0,4.822265625,6,45,05:40,20:21,2025-05-22 13:50:59.024808,Città della Scienza,47.8,7.541384,8.441607,5.2142687,4.6738796,EU EEA Common AQI,80.0,5.8423495,6.770741,7200,4.957143,100,100,63.7,4.365714,Very Low,80.1,6.108628,100,1747921500,Very Low,4.171415,7.24664,Very Low,6.5784054,58.6,7.0857143,100,1747921500,5.457143
2025-05-22T13:51:10Z,236,29.911,76.4,56,71.3,7,5,169,62,0.0,255,32767,0.11,2090-9-18,0.0,0.52,26.6,0.0,0.0,0.0,0,4.822265625,6,45,05:40,20:21,2025-05-22 13:51:10.080779,Città della Scienza,47.8,7.541384,8.441607,5.2142687,4.6738796,EU EEA Common AQI,80.0,5.8423495,6.770741,7200,4.957143,100,100,63.7,4.365714,Very Low,80.1,6.108628,100,1747921500,Very Low,4.171415,7.24664,Very Low,6.5784054,58.6,7.0857143,100,1747921500,5.457143
2025-05-22T13:51:21Z,236,29.911,76.4,56,71.4,7,5,188,62,0.0,255,32767,0.11,2090-9-18,0.0,0.52,26.6,0.0,0.0,0.0,0,4.822265625,6,45,05:40,20:21,2025-05-22 13:51:21.199806,Città della Scienza,47.8,7.541384,8.441607,5.2142687,4.6738796,EU EEA Common AQI,80.0,5.8423495,6.770741,7200,4.957143,100,100,63.7,4.365714,Very Low,80.1,6.108628,100,1747921500,Very Low,4.171415,7.24664,Very Low,6.5784054,58.6,7.0857143,100,1747921500,5.457143
2025-05-22T13:51:32Z,236,29.911,76.4,56,71.4,6,5,196,62,0.0,255,32767,0.11,2090-9-18,0.0,0.52,26.6,0.0,0.0,0.0,0,4.822265625,6,45,05:40,20:21,2025-05-22 13:51:32.283811,Città della Scienza,47.8,7.541384,8.441607,5.2142687,4.6738796,EU EEA Common AQI,80.0,5.8423495,6.770741,7200,4.957143,100,100,63.7,4.365714,Very Low,80.1,6.108628,100,1747921500,Very Low,4.171415,7.24664,Very Low,6.5784054,58.6,7.0857143,100,1747921500,5.457143
2025-05-22T13:51:43Z,236,29.91,76.4,56,71.4,5,6,215,61,0.0,255,32767,0.11,2090-9-18,0.0,0.52,26.6,0.0,0.0,0.0,0,4.822265625,6,45,05:40,20:21,2025-05-22 13:51:43.325793,Città della Scienza,47.8,7.541384,8.441607,5.2142687,4.6738796,EU EEA Common AQI,80.0,5.8423495,6.770741,7200,4.957143,100,100,63.7,4.365714,Very Low,80.1,6.108628,100,1747921500,Very Low,4.171415,7.24664,Very Low,6.5784054,58.6,7.0857143,100,1747921500,5.457143
2025-05-22T13:51:54Z,236,29.91,76.4,56,71.3,7,6,182,61,0.0,255,32767,0.11,2090-9-18,0.0,0.52,26.6,0.0,0.0,0.0,0,4.822265625,6,45,05:40,20:21,2025-05-22 13:51:54.403799,Città della Scienza,47.8,7.541384,8.441607,5.2142687,4.6738796,EU EEA Common AQI,80.0,5.8423495,6.770741,7200,4.957143,100,100,63.7,4.365714,Very Low,80.1,6.108628,100,1747921500,Very Low,4.171415,7.24664,Very Low,6.5784054,58.6,7.0857143,100,1747921500,5.457143
2025-05-22T13:52:05Z,236,29.91,76.4,56,71.3,6,6,232,61,0.0,255,32767,0.11,2090-9-18,0.0,0.52,26.6,0.0,0.0,0.0,0,4.822265625,6,45,05:40,20:21,2025-05-22 13:52:05.504800,Città della Scienza,47.8,7.541384,8.441607,5.2142687,4.6738796,EU EEA Common AQI,80.0,5.8423495,6.770741,7200,4.957143,100,100,63.7,4.365714,Very Low,80.1,6.108628,100,1747921500,Very Low,4.171415,7.24664,Very Low,6.5784054,58.6,7.0857143,100,1747921500,5.457143
2025-05-22T13:52:16Z,236,29.91,76.4,56,71.3,6,6,192,61,0.0,255,32767,0.11,2090-9-18,0.0,0.52,26.6,0.0,0.0,0.0,0,4.822265625,6,45,05:40,20:21,2025-05-22 13:52:16.559794,Città della Scienza,47.8,7.541384,8.441607,5.2142687,4.6738796,EU EEA Common AQI,80.0,5.8423495,6.770741,7200,4.957143,100,100,63.7,4.365714,Very Low,80.1,6.108628,100,1747921500,Very Low,4.171415,7.24664,Very Low,6.5784054,58.6,7.0857143,100,1747921500,5.457143
2025-05-22T13:52:27Z,236,29.91,76.4,56,71.4,11,6,177,61,0.0,255,32767,0.11,2090-9-18,0.0,0.52,26.6,0.0,0.0,0.0,0,4.822265625,6,45,05:40,20:21,2025-05-22 13:52:27.666796,Città della Scienza,47.8,7.541384,8.441607,5.2142687,4.6738796,EU EEA Common AQI,80.0,5.8423495,6.770741,7200,4.957143,100,100,63.7,4.365714,Very Low,80.1,6.108628,100,1747921500,Very Low,4.171415,7.24664,Very Low,6.5784054,58.6,7.0857143,100,1747921500,5.457143
2025-05-22T13:52:38Z,236,29.912,76.4,56,71.3,9,6,174,62,0.0,255,32767,0.11,2090-9-18,0.0,0.52,26.6,0.0,0.0,0.0,0,4.822265625,6,45,05:40,20:21,2025-05-22 13:52:38.781799,Città della Scienza,47.8,7.541384,8.441607,5.2142687,4.6738796,EU EEA Common AQI,80.0,5.8423495,6.770741,7200,4.957143,100,100,63.7,4.365714,Very Low,80.1,6.108628,100,1747921500,Very Low,4.171415,7.24664,Very Low,6.5784054,58.6,7.0857143,100,1747921500,5.457143
2025-05-22T13:52:50Z,236,29.912,76.4,56,71.3,7,6,193,62,0.0,255,32767,0.11,2090-9-18,0.0,0.52,26.6,0.0,0.0,0.0,0,4.822265625,6,45,05:40,20:21,2025-05-22 13:52:49.889760,Città della Scienza,47.8,7.541384,8.441607,5.2142687,4.6738796,EU EEA Common AQI,80.0,5.8423495,6.770741,7200,4.957143,100,100,63.7,4.365714,Very Low,80.1,6.108628,100,1747921500,Very Low,4.171415,7.24664,Very Low,6.5784054,58.6,7.0857143,100,1747921500,5.457143
2025-05-22T13:53:01Z,236,29.912,76.4,56,71.3,7,6,176,62,0.0,255,32767,0.11,2090-9-18,0.0,0.52,26.6,0.0,0.0,0.0,0,4.822265625,6,45,05:40,20:21,2025-05-22 13:53:00.969801,Città della Scienza,47.8,7.541384,8.441607,5.2142687,4.6738796,EU EEA Common AQI,80.0,5.8423495,6.770741,7200,4.957143,100,100,63.7,4.365714,Very Low,80.1,6.108628,100,1747921500,Very Low,4.171415,7.24664,Very Low,6.5784054,58.6,7.0857143,100,1747921500,5.457143
2025-05-22T13:53:12Z,236,29.912,76.4,56,71.3,7,6,200,62,0.0,255,32767,0.11,2090-9-18,0.0,0.52,26.6,0.0,0.0,0.0,0,4.822265625,6,45,05:40,20:21,2025-05-22 13:53:12.069748,Città della Scienza,47.8,7.541384,8.441607,5.2142687,4.6738796,EU EEA Common AQI,80.0,5.8423495,6.770741,7200,4.957143,100,100,63.7,4.365714,Very Low,80.1,6.108628,100,1747921500,Very Low,4.171415,7.24664,Very Low,6.5784054,58.6,7.0857143,100,1747921500,5.457143
2025-05-22T13:53:23Z,236,29.912,76.4,56,71.3,3,6,269,62,0.0,255,32767,0.11,2090-9-18,0.0,0.52,26.6,0.0,0.0,0.0,0,4.822265625,6,45,05:40,20:21,2025-05-22 13:53:23.166762,Città della Scienza,47.8,7.541384,8.441607,5.2142687,4.6738796,EU EEA Common AQI,80.0,5.8423495,6.770741,7200,4.957143,100,100,63.7,4.365714,Very Low,80.1,6.108628,100,1747921500,Very Low,4.171415,7.24664,Very Low,6.5784054,58.6,7.0857143,100,1747921500,5.457143
2025-05-22T13:53:34Z,236,29.914,76.4,56,71.3,5,6,166,62,0.0,255,32767,0.11,2090-9-18,0.0,0.52,26.6,0.0,0.0,0.0,0,4.822265625,6,45,05:40,20:21,2025-05-22 13:53:34.288778,Città della Scienza,47.8,7.541384,8.441607,5.2142687,4.6738796,EU EEA Common AQI,80.0,5.8423495,6.770741,7200,4.957143,100,100,63.7,4.365714,Very Low,80.1,6.108628,100,1747921500,Very Low,4.171415,7.24664,Very Low,6.5784054,58.6,7.0857143,100,1747921500,5.457143
2025-05-22T13:53:45Z,236,29.914,76.4,56,71.3,4,6,205,62,0.0,255,32767,0.11,2090-9-18,0.0,0.52,26.6,0.0,0.0,0.0,0,4.822265625,6,45,05:40,20:21,2025-05-22 13:53:45.416810,Città della Scienza,47.8,7.541384,8.441607,5.2142687,4.6738796,EU EEA Common AQI,80.0,5.8423495,6.770741,7200,4.957143,100,100,63.7,4.365714,Very Low,80.1,6.108628,100,1747921500,Very Low,4.171415,7.24664,Very Low,6.5784054,58.6,7.0857143,100,1747921500,5.457143
2025-05-22T13:53:56Z,236,29.914,76.4,56,71.4,9,6,219,62,0.0,255,32767,0.11,2090-9-18,0.0,0.52,26.6,0.0,0.0,0.0,0,4.822265625,6,45,05:40,20:21,2025-05-22 13:53:56.517794,Città della Scienza,47.8,7.541384,8.441607,5.2142687,4.6738796,EU EEA Common AQI,80.0,5.8423495,6.770741,7200,4.957143,100,100,63.7,4.365714,Very Low,80.1,6.108628,100,1747921500,Very Low,4.171415,7.24664,Very Low,6.5784054,58.6,7.0857143,100,1747921500,5.457143
2025-05-22T13:54:07Z,236,29.914,76.4,56,71.3,8,6,188,62,0.0,255,32767,0.11,2090-9-18,0.0,0.52,26.6,0.0,0.0,0.0,0,4.822265625,6,45,05:40,20:21,2025-05-22 13:54:07.614821,Città della Scienza,47.8,7.541384,8.441607,5.2142687,4.6738796,EU EEA Common AQI,80.0,5.8423495,6.770741,7200,4.957143,100,100,63.7,4.365714,Very Low,80.1,6.108628,100,1747921500,Very Low,4.171415,7.24664,Very Low,6.5784054,58.6,7.0857143,100,1747921500,5.457143
2025-05-22T13:54:18Z,236,29.914,76.4,56,71.4,10,6,240,61,0.0,255,32767,0.11,2090-9-18,0.0,0.52,26.6,0.0,0.0,0.0,0,4.822265625,6,45,05:40,20:21,2025-05-22 13:54:18.642777,Città della Scienza,47.8,7.541384,8.441607,5.2142687,4.6738796,EU EEA Common AQI,80.0,5.8423495,6.770741,7200,4.957143,100,100,63.7,4.365714,Very Low,80.1,6.108628,100,1747921500,Very Low,4.171415,7.24664,Very Low,6.5784054,58.6,7.0857143,100,1747921500,5.457143
2025-05-22T13:54:29Z,236,29.914,76.4,56,71.4,8,6,223,61,0.0,255,32767,0.11,2090-9-18,0.0,0.52,26.6,0.0,0.0,0.0,0,4.822265625,6,45,05:40,20:21,2025-05-22 13:54:29.737794,Città della Scienza,47.8,7.541384,8.441607,5.2142687,4.6738796,EU EEA Common AQI,80.0,5.8423495,6.770741,7200,4.957143,100,100,63.7,4.365714,Very Low,80.1,6.108628,100,1747921500,Very Low,4.171415,7.24664,Very Low,6.5784054,58.6,7.0857143,100,1747921500,5.457143
2025-05-22T13:54:41Z,236,29.91,76.4,56,71.3,6,6,237,61,0.0,255,32767,0.11,2090-9-18,0.0,0.52,26.6,0.0,0.0,0.0,0,4.822265625,6,45,05:40,20:21,2025-05-22 13:54:40.837800,Città della Scienza
2025-05-22T13:54:52Z,236,29.91,76.4,56,71.3,8,6,227,61,0.0,255,32767,0.11,2090-9-18,0.0,0.52,26.6,0.0,0.0,0.0,0,4.822265625,6,45,05:40,20:21,2025-05-22 13:54:51.892808,Città della Scienza
2025-05-22T13:55:03Z,236,29.91,76.4,56,71.3,8,6,217,61,0.0,255,32767,0.11,2090-9-18,0.0,0.52,26.6,0.0,0.0,0.0,0,4.822265625,6,45,05:40,20:21,2025-05-22 13:55:02.930796,Città della Scienza
2025-05-22T13:55:14Z,236,29.91,76.4,56,71.3,8,6,242,60,0.0,255,32767,0.11,2090-9-18,0.0,0.52,26.6,0.0,0.0,0.0,0,4.822265625,6,45,05:40,20:21,2025-05-22 13:55:13.979787,Città della Scienza
2025-05-22T13:55:25Z,236,29.91,76.4,56,71.3,8,6,217,60,0.0,255,32767,0.11,2090-9-18,0.0,0.52,26.6,0.0,0.0,0.0,0,4.822265625,6,45,05:40,20:21,2025-05-22 13:55:25.017801,Città della Scienza
2025-05-22T13:55:36Z,236,29.911,76.4,56,71.3,7,6,268,60,0.0,255,32767,0.11,2090-9-18,0.0,0.52,26.6,0.0,0.0,0.0,0,4.822265625,6,45,05:40,20:21,2025-05-22 13:55:36.121803,Città della Scienza
2025-05-22T13:55:47Z,236,29.911,76.4,56,71.3,4,6,355,60,0.0,255,32767,0.11,2090-9-18,0.0,0.52,26.6,0.0,0.0,0.0,0,4.822265625,6,45,05:40,20:21,2025-05-22 13:55:47.201786,Città della Scienza
2025-05-22T13:55:58Z,236,29.911,76.4,56,71.3,2,6,217,60,0.0,255,32767,0.11,2090-9-18,0.0,0.52,26.6,0.0,0.0,0.0,0,4.822265625,6,45,05:40,20:21,2025-05-22 13:55:58.310797,Città della Scienza
2025-05-22T13:56:09Z,236,29.911,76.4,56,71.3,3,6,236,61,0.0,255,32767,0.11,2090-9-18,0.0,0.52,26.6,0.0,0.0,0.0,0,4.822265625,6,45,05:40,20:21,2025-05-22 13:56:09.358807,Città della Scienza
2025-05-22T13:56:20Z,236,29.911,76.4,56,71.3,4,6,268,61,0.0,255,32767,0.11,2090-9-18,0.0,0.52,26.6,0.0,0.0,0.0,0,4.822265625,6,45,05:40,20:21,2025-05-22 13:56:20.415788,Città della Scienza
2025-05-22T13:56:31Z,236,29.911,76.4,56,71.3,11,6,231,61,0.0,255,32767,0.11,2090-9-18,0.0,0.52,26.6,0.0,0.0,0.0,0,4.822265625,6,45,05:40,20:21,2025-05-22 13:56:31.450757,Città della Scienza
2025-05-22T13:56:42Z,236,29.912,76.4,56,71.3,8,6,157,61,0.0,255,32767,0.11,2090-9-18,0.0,0.52,26.6,0.0,0.0,0.0,0,4.822265625,6,45,05:40,20:21,2025-05-22 13:56:42.512800,Città della Scienza
2025-05-22T13:56:53Z,236,29.912,76.4,56,71.3,8,6,219,61,0.0,255,32767,0.11,2090-9-18,0.0,0.52,26.6,0.0,0.0,0.0,0,4.822265625,6,45,05:40,20:21,2025-05-22 13:56:53.585848,Città della Scienza
2025-05-22T13:57:04Z,236,29.912,76.4,56,71.3,10,6,228,61,0.0,255,32767,0.11,2090-9-18,0.0,0.52,26.6,0.0,0.0,0.0,0,4.822265625,6,45,05:40,20:21,2025-05-22 13:57:04.651793,Città della Scienza
2025-05-22T13:57:15Z,236,29.912,76.4,56,71.3,7,6,223,61,0.0,255,32767,0.11,2090-9-18,0.0,0.52,26.6,0.0,0.0,0.0,0,4.822265625,6,45,05:40,20:21,2025-05-22 13:57:15.732799,Città della Scienza
2025-05-22T13:57:27Z,236,29.912,76.4,56,71.3,7,6,205,61,0.0,255,32767,0.11,2090-9-18,0.0,0.52,26.6,0.0,0.0,0.0,0,4.822265625,6,45,05:40,20:21,2025-05-22 13:57:26.827794,Città della Scienza
2025-05-22T13:57:38Z,236,29.911,76.4,56,71.2,5,6,194,61,0.0,255,32767,0.11,2090-9-18,0.0,0.52,26.6,0.0,0.0,0.0,0,4.822265625,6,45,05:40,20:21,2025-05-22 13:57:37.915788,Città della Scienza
2025-05-22T13:57:49Z,236,29.911,76.4,56,71.2,11,6,229,61,0.0,255,32767,0.11,2090-9-18,0.0,0.52,26.6,0.0,0.0,0.0,0,4.822265625,6,45,05:40,20:21,2025-05-22 13:57:48.963804,Città della Scienza
2025-05-22T13:58:00Z,236,29.911,76.4,56,71.2,8,6,232,61,0.0,255,32767,0.11,2090-9-18,0.0,0.52,26.6,0.0,0.0,0.0,0,4.822265625,6,45,05:40,20:21,2025-05-22 13:58:00.095800,Città della Scienza
2025-05-22T13:58:11Z,236,29.911,76.4,56,71.2,7,6,236,61,0.0,255,32767,0.11,2090-9-18,0.0,0.52,26.6,0.0,0.0,0.0,0,4.822265625,6,45,05:40,20:21,2025-05-22 13:58:11.153798,Città della Scienza
2025-05-22T13:58:22Z,236,29.911,76.4,56,71.1,6,6,205,61,0.0,255,32767,0.11,2090-9-18,0.0,0.52,26.6,0.0,0.0,0.0,0,4.822265625,6,45,05:40,20:21,2025-05-22 13:58:22.278803,Città della Scienza
2025-05-22T13:58:33Z,236,29.911,76.4,56,71.0,4,6,262,61,0.0,255,32767,0.11,2090-9-18,0.0,0.52,26.6,0.0,0.0,0.0,0,4.822265625,6,45,05:40,20:21,2025-05-22 13:58:33.326791,Città della Scienza
2025-05-22T13:58:44Z,236,29.91,76.4,56,71.0,5,7,239,61,0.0,255,32767,0.11,2090-9-18,0.0,0.52,26.6,0.0,0.0,0.0,0,4.822265625,6,45,05:40,20:21,2025-05-22 13:58:44.376803,Città della Scienza
2025-05-22T13:58:55Z,236,29.91,76.4,56,70.9,11,7,219,61,0.0,255,32767,0.11,2090-9-18,0.0,0.52,26.6,0.0,0.0,0.0,0,4.822265625,6,45,05:40,20:21,2025-05-22 13:58:55.381798,Città della Scienza
2025-05-22T13:59:06Z,236,29.91,76.4,56,70.9,11,7,231,61,0.0,255,32767,0.11,2090-9-18,0.0,0.52,26.6,0.0,0.0,0.0,0,4.822265625,6,45,05:40,20:21,2025-05-22 13:59:06.437796,Città della Scienza
2025-05-22T13:59:17Z,236,29.91,76.4,56,71.0,8,7,207,61,0.0,255,32767,0.11,2090-9-18,0.0,0.52,26.6,0.0,0.0,0.0,0,4.822265625,6,45,05:40,20:21,2025-05-22 13:59:17.500787,Città della Scienza
2025-05-22T13:59:28Z,236,29.91,76.4,56,71.0,9,7,219,61,0.0,255,32767,0.11,2090-9-18,0.0,0.52,26.6,0.0,0.0,0.0,0,4.822265625,6,45,05:40,20:21,2025-05-22 13:59:28.535802,Città della Scienza
2025-05-22T13:59:39Z,236,29.912,76.5,56,70.9,8,7,193,60,0.0,255,32767,0.11,2090-9-18,0.0,0.52,26.6,0.0,0.0,0.0,0,4.822265625,6,45,05:40,20:21,2025-05-22 13:59:39.565799,Città della Scienza
2025-05-22T13:59:50Z,236,29.912,76.5,56,70.8,7,7,234,60,0.0,255,32767,0.11,2090-9-18,0.0,0.52,26.6,0.0,0.0,0.0,0,4.822265625,6,45,05:40,20:21,2025-05-22 13:59:50.601867,Città della Scienza
2025-05-22T14:00:01Z,236,29.912,76.5,56,70.8,7,7,213,60,0.0,255,32767,0.11,2090-9-18,0.0,0.52,26.6,0.0,0.0,0.0,0,4.822265625,6,45,05:40,20:21,2025-05-22 14:00:01.627796,Città della Scienza,47.8,7.541384,8.441607,5.2142687,4.6738796,EU EEA Common AQI,80.0,5.8423495,6.770741,7200,4.957143,100,100,63.7,4.365714,Very Low,80.1,6.108628,100,1747921500,Very Low,4.171415,7.24664,Very Low,6.5784054,58.6,7.0857143,100,1747921500,5.457143
2025-05-22T14:00:12Z,236,29.912,76.5,56,70.8,5,7,227,60,0.0,255,32767,0.11,2090-9-18,0.0,0.52,26.6,0.0,0.0,0.0,0,4.822265625,6,45,05:40,20:21,2025-05-22 14:00:12.742791,Città della Scienza,47.8,7.541384,8.441607,5.2142687,4.6738796,EU EEA Common AQI,80.0,5.8423495,6.770741,7200,4.957143,100,100,63.7,4.365714,Very Low,80.1,6.108628,100,1747921500,Very Low,4.171415,7.24664,Very Low,6.5784054,58.6,7.0857143,100,1747921500,5.457143
2025-05-22T14:00:24Z,236,29.912,76.5,56,70.8,6,7,214,60,0.0,255,32767,0.11,2090-9-18,0.0,0.52,26.6,0.0,0.0,0.0,0,4.822265625,6,45,05:40,20:21,2025-05-22 14:00:23.867796,Città della Scienza,47.8,7.541384,8.441607,5.2142687,4.6738796,EU EEA Common AQI,80.0,5.8423495,6.770741,7200,4.957143,100,100,63.7,4.365714,Very Low,80.1,6.108628,100,1747921500,Very Low,4.171415,7.24664,Very Low,6.5784054,58.6,7.0857143,100,1747921500,5.457143
2025-05-22T14:00:35Z,236,29.912,76.4,56,70.8,10,7,231,60,0.0,255,32767,0.11,2090-9-18,0.0,0.52,26.6,0.0,0.0,0.0,0,4.822265625,6,45,05:40,20:21,2025-05-22 14:00:34.940789,Città della Scienza,44.5,7.310719,8.467482,5.0028734,4.537927,EU EEA Common AQI,79.6,5.672409,6.8059297,7200,4.246377,100,100,62.2,3.9304347,Very Low,80.2,5.9132414,100,1747922400,Very Low,4.0022984,7.059632,Very Low,6.335249,56.7,5.0869565,100,1747922400,4.9130435
2025-05-22T14:00:46Z,236,29.912,76.4,56,70.8,9,7,218,60,0.0,255,32767,0.11,2090-9-18,0.0,0.52,26.6,0.0,0.0,0.0,0,4.822265625,6,45,05:40,20:21,2025-05-22 14:00:45.999810,Città della Scienza,44.5,7.310719,8.467482,5.0028734,4.537927,EU EEA Common AQI,79.6,5.672409,6.8059297,7200,4.246377,100,100,62.2,3.9304347,Very Low,80.2,5.9132414,100,1747922400,Very Low,4.0022984,7.059632,Very Low,6.335249,56.7,5.0869565,100,1747922400,4.9130435
2025-05-22T14:00:57Z,236,29.912,76.4,56,70.8,6,7,213,60,0.0,255,32767,0.11,2090-9-18,0.0,0.52,26.6,0.0,0.0,0.0,0,4.822265625,6,45,05:40,20:21,2025-05-22 14:00:57.128805,Città della Scienza,44.5,7.310719,8.467482,5.0028734,4.537927,EU EEA Common AQI,79.6,5.672409,6.8059297,7200,4.246377,100,100,62.2,3.9304347,Very Low,80.2,5.9132414,100,1747922400,Very Low,4.0022984,7.059632,Very Low,6.335249,56.7,5.0869565,100,1747922400,4.9130435
2025-05-22T14:01:08Z,236,29.912,76.4,56,70.8,12,7,211,60,0.0,255,32767,0.11,2090-9-18,0.0,0.52,26.6,0.0,0.0,0.0,0,4.822265625,6,45,05:40,20:21,2025-05-22 14:01:08.227788,Città della Scienza,44.5,7.310719,8.467482,5.0028734,4.537927,EU EEA Common AQI,79.6,5.672409,6.8059297,7200,4.246377,100,100,62.2,3.9304347,Very Low,80.2,5.9132414,100,1747922400,Very Low,4.0022984,7.059632,Very Low,6.335249,56.7,5.0869565,100,1747922400,4.9130435
2025-05-22T14:01:19Z,236,29.912,76.4,56,70.7,6,7,180,60,0.0,255,32767,0.11,2090-9-18,0.0,0.52,26.6,0.0,0.0,0.0,0,4.822265625,6,45,05:40,20:21,2025-05-22 14:01:19.301766,Città della Scienza,44.5,7.310719,8.467482,5.0028734,4.537927,EU EEA Common AQI,79.6,5.672409,6.8059297,7200,4.246377,100,100,62.2,3.9304347,Very Low,80.2,5.9132414,100,1747922400,Very Low,4.0022984,7.059632,Very Low,6.335249,56.7,5.0869565,100,1747922400,4.9130435
2025-05-22T14:01:30Z,236,29.912,76.4,56,70.7,8,7,223,60,0.0,255,32767,0.11,2090-9-18,0.0,0.52,26.6,0.0,0.0,0.0,0,4.822265625,6,45,05:40,20:21,2025-05-22 14:01:30.401804,Città della Scienza,44.5,7.310719,8.467482,5.0028734,4.537927,EU EEA Common AQI,79.6,5.672409,6.8059297,7200,4.246377,100,100,62.2,3.9304347,Very Low,80.2,5.9132414,100,1747922400,Very Low,4.0022984,7.059632,Very Low,6.335249,56.7,5.0869565,100,1747922400,4.9130435
2025-05-22T14:01:41Z,236,29.911,76.4,56,70.7,7,7,206,60,0.0,255,32767,0.11,2090-9-18,0.0,0.52,26.6,0.0,0.0,0.0,0,4.822265625,6,45,05:40,20:21,2025-05-22 14:01:41.506788,Città della Scienza,44.5,7.310719,8.467482,5.0028734,4.537927,EU EEA Common AQI,79.6,5.672409,6.8059297,7200,4.246377,100,100,62.2,3.9304347,Very Low,80.2,5.9132414,100,1747922400,Very Low,4.0022984,7.059632,Very Low,6.335249,56.7,5.0869565,100,1747922400,4.9130435
2025-05-22T14:01:52Z,236,29.911,76.4,56,70.7,8,7,216,60,0.0,255,32767,0.11,2090-9-18,0.0,0.52,26.6,0.0,0.0,0.0,0,4.822265625,6,45,05:40,20:21,2025-05-22 14:01:52.587852,Città della Scienza,44.5,7.310719,8.467482,5.0028734,4.537927,EU EEA Common AQI,79.6,5.672409,6.8059297,7200,4.246377,100,100,62.2,3.9304347,Very Low,80.2,5.9132414,100,1747922400,Very Low,4.0022984,7.059632,Very Low,6.335249,56.7,5.0869565,100,1747922400,4.9130435
2025-05-22T14:02:03Z,236,29.911,76.4,56,70.7,8,7,217,60,0.0,255,32767,0.11,2090-9-18,0.0,0.52,26.6,0.0,0.0,0.0,0,4.822265625,6,45,05:40,20:21,2025-05-22 14:02:03.660787,Città della Scienza,44.5,7.310719,8.467482,5.0028734,4.537927,EU EEA Common AQI,79.6,5.672409,6.8059297,7200,4.246377,100,100,62.2,3.9304347,Very Low,80.2,5.9132414,100,1747922400,Very Low,4.0022984,7.059632,Very Low,6.335249,56.7,5.0869565,100,1747922400,4.9130435
2025-05-22T14:02:14Z,236,29.911,76.4,56,70.7,6,7,231,60,0.0,255,32767,0.11,2090-9-18,0.0,0.52,26.6,0.0,0.0,0.0,0,4.822265625,6,45,05:40,20:21,2025-05-22 14:02:14.686798,Città della Scienza,44.5,7.310719,8.467482,5.0028734,4.537927,EU EEA Common AQI,79.6,5.672409,6.8059297,7200,4.246377,100,100,62.2,3.9304347,Very Low,80.2,5.9132414,100,1747922400,Very Low,4.0022984,7.059632,Very Low,6.335249,56.7,5.0869565,100,1747922400,4.9130435
2025-05-22T14:02:26Z,236,29.911,76.4,56,70.7,7,7,214,60,0.0,255,32767,0.11,2090-9-18,0.0,0.52,26.6,0.0,0.0,0.0,0,4.822265625,6,45,05:40,20:21,2025-05-22 14:02:25.816790,Città della Scienza,44.5,7.310719,8.467482,5.0028734,4.537927,EU EEA Common AQI,79.6,5.672409,6.8059297,7200,4.246377,100,100,62.2,3.9304347,Very Low,80.2,5.9132414,100,1747922400,Very Low,4.0022984,7.059632,Very Low,6.335249,56.7,5.0869565,100,1747922400,4.9130435
2025-05-22T14:02:37Z,236,29.913,76.5,56,70.7,8,8,214,60,0.0,255,32767,0.11,2090-9-18,0.0,0.52,26.6,0.0,0.0,0.0,0,4.822265625,6,45,05:40,20:21,2025-05-22 14:02:36.966798,Città della Scienza,44.5,7.310719,8.467482,5.0028734,4.537927,EU EEA Common AQI,79.6,5.672409,6.8059297,7200,4.246377,100,100,62.2,3.9304347,Very Low,80.2,5.9132414,100,1747922400,Very Low,4.0022984,7.059632,Very Low,6.335249,56.7,5.0869565,100,1747922400,4.9130435
2025-05-22T14:02:48Z,236,29.913,76.5,56,70.7,5,8,288,60,0.0,255,32767,0.11,2090-9-18,0.0,0.52,26.6,0.0,0.0,0.0,0,4.822265625,6,45,05:40,20:21,2025-05-22 14:02:48.057796,Città della Scienza,44.5,7.310719,8.467482,5.0028734,4.537927,EU EEA Common AQI,79.6,5.672409,6.8059297,7200,4.246377,100,100,62.2,3.9304347,Very Low,80.2,5.9132414,100,1747922400,Very Low,4.0022984,7.059632,Very Low,6.335249,56.7,5.0869565,100,1747922400,4.9130435
2025-05-22T14:02:59Z,236,29.913,76.5,56,70.7,9,8,222,60,0.0,255,32767,0.11,2090-9-18,0.0,0.52,26.6,0.0,0.0,0.0,0,4.822265625,6,45,05:40,20:21,2025-05-22 14:02:59.164793,Città della Scienza,44.5,7.310719,8.467482,5.0028734,4.537927,EU EEA Common AQI,79.6,5.672409,6.8059297,7200,4.246377,100,100,62.2,3.9304347,Very Low,80.2,5.9132414,100,1747922400,Very Low,4.0022984,7.059632,Very Low,6.335249,56.7,5.0869565,100,1747922400,4.9130435
2025-05-22T14:03:10Z,236,29.913,76.5,56,70.7,5,8,215,61,0.0,255,32767,0.11,2090-9-18,0.0,0.52,26.6,0.0,0.0,0.0,0,4.822265625,6,45,05:40,20:21,2025-05-22 14:03:10.272770,Città della Scienza,44.5,7.310719,8.467482,5.0028734,4.537927,EU EEA Common AQI,79.6,5.672409,6.8059297,7200,4.246377,100,100,62.2,3.9304347,Very Low,80.2,5.9132414,100,1747922400,Very Low,4.0022984,7.059632,Very Low,6.335249,56.7,5.0869565,100,1747922400,4.9130435
2025-05-22T14:03:21Z,236,29.913,76.5,56,70.6,6,8,227,61,0.0,255,32767,0.11,2090-9-18,0.0,0.52,26.6,0.0,0.0,0.0,0,4.822265625,6,45,05:40,20:21,2025-05-22 14:03:21.343751,Città della Scienza,44.5,7.310719,8.467482,5.0028734,4.537927,EU EEA Common AQI,79.6,5.672409,6.8059297,7200,4.246377,100,100,62.2,3.9304347,Very Low,80.2,5.9132414,100,1747922400,Very Low,4.0022984,7.059632,Very Low,6.335249,56.7,5.0869565,100,1747922400,4.9130435
2025-05-22T14:03:32Z,236,29.913,76.5,56,70.6,7,8,211,61,0.0,255,32767,0.11,2090-9-18,0.0,0.52,26.6,0.0,0.0,0.0,0,4.822265625,6,45,05:40,20:21,2025-05-22 14:03:32.387763,Città della Scienza,44.5,7.310719,8.467482,5.0028734,4.537927,EU EEA Common AQI,79.6,5.672409,6.8059297,7200,4.246377,100,100,62.2,3.9304347,Very Low,80.2,5.9132414,100,1747922400,Very Low,4.0022984,7.059632,Very Low,6.335249,56.7,5.0869565,100,1747922400,4.9130435
2025-05-22T14:03:43Z,236,29.911,76.4,56,70.6,10,8,242,61,0.0,255,32767,0.11,2090-9-18,0.0,0.52,26.6,0.0,0.0,0.0,0,4.822265625,6,45,05:40,20:21,2025-05-22 14:03:43.439801,Città della Scienza,44.5,7.310719,8.467482,5.0028734,4.537927,EU EEA Common AQI,79.6,5.672409,6.8059297,7200,4.246377,100,100,62.2,3.9304347,Very Low,80.2,5.9132414,100,1747922400,Very Low,4.0022984,7.059632,Very Low,6.335249,56.7,5.0869565,100,1747922400,4.9130435
2025-05-22T14:03:54Z,236,29.911,76.4,56,70.6,7,8,229,62,0.0,255,32767,0.11,2090-9-18,0.0,0.52,26.6,0.0,0.0,0.0,0,4.822265625,6,45,05:40,20:21,2025-05-22 14:03:54.551798,Città della Scienza,44.5,7.310719,8.467482,5.0028734,4.537927,EU EEA Common AQI,79.6,5.672409,6.8059297,7200,4.246377,100,100,62.2,3.9304347,Very Low,80.2,5.9132414,100,1747922400,Very Low,4.0022984,7.059632,Very Low,6.335249,56.7,5.0869565,100,1747922400,4.9130435
2025-05-22T14:04:05Z,236,29.911,76.4,56,70.6,4,8,218,62,0.0,255,32767,0.11,2090-9-18,0.0,0.52,26.6,0.0,0.0,0.0,0,4.822265625,6,45,05:40,20:21,2025-05-22 14:04:05.649810,Città della Scienza,44.5,7.310719,8.467482,5.0028734,4.537927,EU EEA Common AQI,79.6,5.672409,6.8059297,7200,4.246377,100,100,62.2,3.9304347,Very Low,80.2,5.9132414,100,1747922400,Very Low,4.0022984,7.059632,Very Low,6.335249,56.7,5.0869565,100,1747922400,4.9130435
2025-05-22T14:04:16Z,236,29.911,76.4,56,70.6,6,8,186,62,0.0,255,32767,0.11,2090-9-18,0.0,0.52,26.6,0.0,0.0,0.0,0,4.822265625,6,45,05:40,20:21,2025-05-22 14:04:16.748797,Città della Scienza,44.5,7.310719,8.467482,5.0028734,4.537927,EU EEA Common AQI,79.6,5.672409,6.8059297,7200,4.246377,100,100,62.2,3.9304347,Very Low,80.2,5.9132414,100,1747922400,Very Low,4.0022984,7.059632,Very Low,6.335249,56.7,5.0869565,100,1747922400,4.9130435
2025-05-22T14:04:28Z,236,29.911,76.4,56,70.6,10,8,251,62,0.0,255,32767,0.11,2090-9-18,0.0,0.52,26.6,0.0,0.0,0.0,0,4.822265625,6,45,05:40,20:21,2025-05-22 14:04:28.051796,Città della Scienza,44.5,7.310719,8.467482,5.0028734,4.537927,EU EEA Common AQI,79.6,5.672409,6.8059297,7200,4.246377,100,100,62.2,3.9304347,Very Low,80.2,5.9132414,100,1747922400,Very Low,4.0022984,7.059632,Very Low,6.335249,56.7,5.0869565,100,1747922400,4.9130435
2025-05-22T14:04:39Z,236,29.912,76.4,56,70.6,3,8,187,62,0.0,255,32767,0.11,2090-9-18,0.0,0.52,26.6,0.0,0.0,0.0,0,4.822265625,6,45,05:40,20:21,2025-05-22 14:04:39.120803,Città della Scienza,44.5,7.310719,8.467482,5.0028734,4.537927,EU EEA Common AQI,79.6,5.672409,6.8059297,7200,4.246377,100,100,62.2,3.9304347,Very Low,80.2,5.9132414,100,1747922400,Very Low,4.0022984,7.059632,Very Low,6.335249,56.7,5.0869565,100,1747922400,4.9130435
2025-05-22T14:04:50Z,236,29.912,76.4,56,70.6,8,8,277,62,0.0,255,32767,0.11,2090-9-18,0.0,0.52,26.6,0.0,0.0,0.0,0,4.822265625,6,45,05:40,20:21,2025-05-22 14:04:50.196787,Città della Scienza,44.5,7.310719,8.467482,5.0028734,4.537927,EU EEA Common AQI,79.6,5.672409,6.8059297,7200,4.246377,100,100,62.2,3.9304347,Very Low,80.2,5.9132414,100,1747922400,Very Low,4.0022984,7.059632,Very Low,6.335249,56.7,5.0869565,100,1747922400,4.9130435
2025-05-22T14:05:01Z,236,29.912,76.4,56,70.7,6,8,242,62,0.0,255,32767,0.11,2090-9-18,0.0,0.52,26.6,0.0,0.0,0.0,0,4.822265625,6,45,05:40,20:21,2025-05-22 14:05:01.270754,Città della Scienza,44.5,7.310719,8.467482,5.0028734,4.537927,EU EEA Common AQI,79.6,5.672409,6.8059297,7200,4.246377,100,100,62.2,3.9304347,Very Low,80.2,5.9132414,100,1747922400,Very Low,4.0022984,7.059632,Very Low,6.335249,56.7,5.0869565,100,1747922400,4.9130435
2025-05-22T14:05:12Z,236,29.912,76.4,56,70.7,12,8,221,62,0.0,255,32767,0.11,2090-9-18,0.0,0.52,26.6,0.0,0.0,0.0,0,4.822265625,6,45,05:40,20:21,2025-05-22 14:05:12.353798,Città della Scienza,44.5,7.310719,8.467482,5.0028734,4.537927,EU EEA Common AQI,79.6,5.672409,6.8059297,7200,4.246377,100,100,62.2,3.9304347,Very Low,80.2,5.9132414,100,1747922400,Very Low,4.0022984,7.059632,Very Low,6.335249,56.7,5.0869565,100,1747922400,4.9130435
2025-05-22T14:05:23Z,236,29.912,76.4,56,70.7,9,8,259,62,0.0,255,32767,0.11,2090-9-18,0.0,0.52,26.6,0.0,0.0,0.0,0,4.822265625,6,45,05:40,20:21,2025-05-22 14:05:23.422793,Città della Scienza,44.5,7.310719,8.467482,5.0028734,4.537927,EU EEA Common AQI,79.6,5.672409,6.8059297,7200,4.246377,100,100,62.2,3.9304347,Very Low,80.2,5.9132414,100,1747922400,Very Low,4.0022984,7.059632,Very Low,6.335249,56.7,5.0869565,100,1747922400,4.9130435
2025-05-22T14:05:34Z,236,29.912,76.4,56,70.7,5,8,211,62,0.0,255,32767,0.11,2090-9-18,0.0,0.52,26.6,0.0,0.0,0.0,0,4.822265625,6,45,05:40,20:21,2025-05-22 14:05:34.526782,Città della Scienza,44.5,7.310719,8.467482,5.0028734,4.537927,EU EEA Common AQI,79.6,5.672409,6.8059297,7200,4.246377,100,100,62.2,3.9304347,Very Low,80.2,5.9132414,100,1747922400,Very Low,4.0022984,7.059632,Very Low,6.335249,56.7,5.0869565,100,1747922400,4.9130435
2025-05-22T14:05:45Z,236,29.912,76.4,56,70.7,7,8,224,61,0.0,255,32767,0.11,2090-9-18,0.0,0.52,26.6,0.0,0.0,0.0,0,4.822265625,6,45,05:40,20:21,2025-05-22 14:05:45.598800,Città della Scienza,44.5,7.310719,8.467482,5.0028734,4.537927,EU EEA Common AQI,79.6,5.672409,6.8059297,7200,4.246377,100,100,62.2,3.9304347,Very Low,80.2,5.9132414,100,1747922400,Very Low,4.0022984,7.059632,Very Low,6.335249,56.7,5.0869565,100,1747922400,4.9130435
2025-05-22T14:05:56Z,236,29.912,76.4,56,70.7,6,8,151,61,0.0,255,32767,0.11,2090-9-18,0.0,0.52,26.6,0.0,0.0,0.0,0,4.822265625,6,45,05:40,20:21,2025-05-22 14:05:56.699806,Città della Scienza,44.5,7.310719,8.467482,5.0028734,4.537927,EU EEA Common AQI,79.6,5.672409,6.8059297,7200,4.246377,100,100,62.2,3.9304347,Very Low,80.2,5.9132414,100,1747922400,Very Low,4.0022984,7.059632,Very Low,6.335249,56.7,5.0869565,100,1747922400,4.9130435
2025-05-22T14:06:07Z,236,29.912,76.4,56,70.7,4,8,214,61,0.0,255,32767,0.11,2090-9-18,0.0,0.52,26.6,0.0,0.0,0.0,0,4.822265625,6,45,05:40,20:21,2025-05-22 14:06:07.773801,Città della Scienza,44.5,7.310719,8.467482,5.0028734,4.537927,EU EEA Common AQI,79.6,5.672409,6.8059297,7200,4.246377,100,100,62.2,3.9304347,Very Low,80.2,5.9132414,100,1747922400,Very Low,4.0022984,7.059632,Very Low,6.335249,56.7,5.0869565,100,1747922400,4.9130435
2025-05-22T14:06:19Z,236,29.912,76.4,56,70.7,4,8,234,61,0.0,255,32767,0.11,2090-9-18,0.0,0.52,26.6,0.0,0.0,0.0,0,4.822265625,6,45,05:40,20:21,2025-05-22 14:06:18.889791,Città della Scienza,44.5,7.310719,8.467482,5.0028734,4.537927,EU EEA Common AQI,79.6,5.672409,6.8059297,7200,4.246377,100,100,62.2,3.9304347,Very Low,80.2,5.9132414,100,1747922400,Very Low,4.0022984,7.059632,Very Low,6.335249,56.7,5.0869565,100,1747922400,4.9130435
2025-05-22T14:06:30Z,236,29.912,76.4,56,70.7,2,8,76,61,0.0,255,32767,0.11,2090-9-18,0.0,0.52,26.6,0.0,0.0,0.0,0,4.822265625,6,45,05:40,20:21,2025-05-22 14:06:29.981792,Città della Scienza,44.5,7.310719,8.467482,5.0028734,4.537927,EU EEA Common AQI,79.6,5.672409,6.8059297,7200,4.246377,100,100,62.2,3.9304347,Very Low,80.2,5.9132414,100,1747922400,Very Low,4.0022984,7.059632,Very Low,6.335249,56.7,5.0869565,100,1747922400,4.9130435
2025-05-22T14:06:41Z,236,29.911,76.4,56,70.7,2,8,259,61,0.0,255,32767,0.11,2090-9-18,0.0,0.52,26.6,0.0,0.0,0.0,0,4.822265625,6,45,05:40,20:21,2025-05-22 14:06:41.054792,Città della Scienza,44.5,7.310719,8.467482,5.0028734,4.537927,EU EEA Common AQI,79.6,5.672409,6.8059297,7200,4.246377,100,100,62.2,3.9304347,Very Low,80.2,5.9132414,100,1747922400,Very Low,4.0022984,7.059632,Very Low,6.335249,56.7,5.0869565,100,1747922400,4.9130435
2025-05-22T14:06:52Z,236,29.911,76.4,56,70.7,2,8,225,61,0.0,255,32767,0.11,2090-9-18,0.0,0.52,26.6,0.0,0.0,0.0,0,4.822265625,6,45,05:40,20:21,2025-05-22 14:06:52.125812,Città della Scienza,44.5,7.310719,8.467482,5.0028734,4.537927,EU EEA Common AQI,79.6,5.672409,6.8059297,7200,4.246377,100,100,62.2,3.9304347,Very Low,80.2,5.9132414,100,1747922400,Very Low,4.0022984,7.059632,Very Low,6.335249,56.7,5.0869565,100,1747922400,4.9130435
2025-05-22T14:07:03Z,236,29.911,76.4,56,70.8,8,8,222,61,0.0,255,32767,0.11,2090-9-18,0.0,0.52,26.6,0.0,0.0,0.0,0,4.822265625,6,45,05:40,20:21,2025-05-22 14:07:03.203787,Città della Scienza,44.5,7.310719,8.467482,5.0028734,4.537927,EU EEA Common AQI,79.6,5.672409,6.8059297,7200,4.246377,100,100,62.2,3.9304347,Very Low,80.2,5.9132414,100,1747922400,Very Low,4.0022984,7.059632,Very Low,6.335249,56.7,5.0869565,100,1747922400,4.9130435
2025-05-22T14:07:14Z,236,29.911,76.4,56,70.8,4,8,256,61,0.0,255,32767,0.11,2090-9-18,0.0,0.52,26.6,0.0,0.0,0.0,0,4.822265625,6,45,05:40,20:21,2025-05-22 14:07:14.281787,Città della Scienza,44.5,7.310719,8.467482,5.0028734,4.537927,EU EEA Common AQI,79.6,5.672409,6.8059297,7200,4.246377,100,100,62.2,3.9304347,Very Low,80.2,5.9132414,100,1747922400,Very Low,4.0022984,7.059632,Very Low,6.335249,56.7,5.0869565,100,1747922400,4.9130435
2025-05-22T14:07:25Z,236,29.911,76.4,56,70.8,4,8,179,61,0.0,255,32767,0.11,2090-9-18,0.0,0.52,26.6,0.0,0.0,0.0,0,4.822265625,6,45,05:40,20:21,2025-05-22 14:07:25.359806,Città della Scienza,44.5,7.310719,8.467482,5.0028734,4.537927,EU EEA Common AQI,79.6,5.672409,6.8059297,7200,4.246377,100,100,62.2,3.9304347,Very Low,80.2,5.9132414,100,1747922400,Very Low,4.0022984,7.059632,Very Low,6.335249,56.7,5.0869565,100,1747922400,4.9130435
2025-05-22T14:07:36Z,236,29.912,76.4,56,70.8,4,7,242,61,0.0,255,32767,0.11,2090-9-18,0.0,0.52,26.6,0.0,0.0,0.0,0,4.822265625,6,45,05:40,20:21,2025-05-22 14:07:36.461811,Città della Scienza,44.5,7.310719,8.467482,5.0028734,4.537927,EU EEA Common AQI,79.6,5.672409,6.8059297,7200,4.246377,100,100,62.2,3.9304347,Very Low,80.2,5.9132414,100,1747922400,Very Low,4.0022984,7.059632,Very Low,6.335249,56.7,5.0869565,100,1747922400,4.9130435
2025-05-22T14:07:47Z,236,29.912,76.4,56,70.9,5,7,209,61,0.0,255,32767,0.11,2090-9-18,0.0,0.52,26.6,0.0,0.0,0.0,0,4.822265625,6,45,05:40,20:21,2025-05-22 14:07:47.541792,Città della Scienza,44.5,7.310719,8.467482,5.0028734,4.537927,EU EEA Common AQI,79.6,5.672409,6.8059297,7200,4.246377,100,100,62.2,3.9304347,Very Low,80.2,5.9132414,100,1747922400,Very Low,4.0022984,7.059632,Very Low,6.335249,56.7,5.0869565,100,1747922400,4.9130435
2025-05-22T14:07:58Z,236,29.912,76.4,56,70.9,6,7,199,61,0.0,255,32767,0.11,2090-9-18,0.0,0.52,26.6,0.0,0.0,0.0,0,4.822265625,6,45,05:40,20:21,2025-05-22 14:07:58.645789,Città della Scienza,44.5,7.310719,8.467482,5.0028734,4.537927,EU EEA Common AQI,79.6,5.672409,6.8059297,7200,4.246377,100,100,62.2,3.9304347,Very Low,80.2,5.9132414,100,1747922400,Very Low,4.0022984,7.059632,Very Low,6.335249,56.7,5.0869565,100,1747922400,4.9130435
2025-05-22T14:08:09Z,236,29.912,76.4,56,70.9,4,7,175,61,0.0,255,32767,0.11,2090-9-18,0.0,0.52,26.6,0.0,0.0,0.0,0,4.822265625,6,45,05:40,20:21,2025-05-22 14:08:09.688796,Città della Scienza,44.5,7.310719,8.467482,5.0028734,4.537927,EU EEA Common AQI,79.6,5.672409,6.8059297,7200,4.246377,100,100,62.2,3.9304347,Very Low,80.2,5.9132414,100,1747922400,Very Low,4.0022984,7.059632,Very Low,6.335249,56.7,5.0869565,100,1747922400,4.9130435
2025-05-22T14:08:20Z,236,29.912,76.4,56,70.9,6,7,201,63,0.0,255,32767,0.11,2090-9-18,0.0,0.52,26.6,0.0,0.0,0.0,0,4.822265625,6,45,05:40,20:21,2025-05-22 14:08:20.758801,Città della Scienza,44.5,7.310719,8.467482,5.0028734,4.537927,EU EEA Common AQI,79.6,5.672409,6.8059297,7200,4.246377,100,100,62.2,3.9304347,Very Low,80.2,5.9132414,100,1747922400,Very Low,4.0022984,7.059632,Very Low,6.335249,56.7,5.0869565,100,1747922400,4.9130435
2025-05-22T14:08:32Z,236,29.912,76.4,56,70.9,6,7,197,63,0.0,255,32767,0.11,2090-9-18,0.0,0.52,26.6,0.0,0.0,0.0,0,4.822265625,6,45,05:40,20:21,2025-05-22 14:08:31.858814,Città della Scienza,44.5,7.310719,8.467482,5.0028734,4.537927,EU EEA Common AQI,79.6,5.672409,6.8059297,7200,4.246377,100,100,62.2,3.9304347,Very Low,80.2,5.9132414,100,1747922400,Very Low,4.0022984,7.059632,Very Low,6.335249,56.7,5.0869565,100,1747922400,4.9130435
2025-05-22T14:08:43Z,236,29.91,76.4,56,71.0,5,7,220,63,0.0,255,32767,0.11,2090-9-18,0.0,0.52,26.6,0.0,0.0,0.0,0,4.822265625,6,45,05:40,20:21,2025-05-22 14:08:42.931786,Città della Scienza,44.5,7.310719,8.467482,5.0028734,4.537927,EU EEA Common AQI,79.6,5.672409,6.8059297,7200,4.246377,100,100,62.2,3.9304347,Very Low,80.2,5.9132414,100,1747922400,Very Low,4.0022984,7.059632,Very Low,6.335249,56.7,5.0869565,100,1747922400,4.9130435
2025-05-22T14:08:54Z,236,29.91,76.4,56,71.1,7,7,209,63,0.0,255,32767,0.11,2090-9-18,0.0,0.52,26.6,0.0,0.0,0.0,0,4.822265625,6,45,05:40,20:21,2025-05-22 14:08:54.045794,Città della Scienza,44.5,7.310719,8.467482,5.0028734,4.537927,EU EEA Common AQI,79.6,5.672409,6.8059297,7200,4.246377,100,100,62.2,3.9304347,Very Low,80.2,5.9132414,100,1747922400,Very Low,4.0022984,7.059632,Very Low,6.335249,56.7,5.0869565,100,1747922400,4.9130435
2025-05-22T14:09:05Z,236,29.91,76.4,56,71.1,6,7,219,63,0.0,255,32767,0.11,2090-9-18,0.0,0.52,26.6,0.0,0.0,0.0,0,4.822265625,6,45,05:40,20:21,2025-05-22 14:09:05.112811,Città della Scienza,44.5,7.310719,8.467482,5.0028734,4.537927,EU EEA Common AQI,79.6,5.672409,6.8059297,7200,4.246377,100,100,62.2,3.9304347,Very Low,80.2,5.9132414,100,1747922400,Very Low,4.0022984,7.059632,Very Low,6.335249,56.7,5.0869565,100,1747922400,4.9130435
2025-05-22T14:09:16Z,236,29.91,76.4,56,71.1,4,7,257,63,0.0,255,32767,0.11,2090-9-18,0.0,0.52,26.6,0.0,0.0,0.0,0,4.822265625,6,45,05:40,20:21,2025-05-22 14:09:16.236801,Città della Scienza,44.5,7.310719,8.467482,5.0028734,4.537927,EU EEA Common AQI,79.6,5.672409,6.8059297,7200,4.246377,100,100,62.2,3.9304347,Very Low,80.2,5.9132414,100,1747922400,Very Low,4.0022984,7.059632,Very Low,6.335249,56.7,5.0869565,100,1747922400,4.9130435
2025-05-22T14:09:27Z,236,29.91,76.4,56,71.1,4,7,248,63,0.0,255,32767,0.11,2090-9-18,0.0,0.52,26.6,0.0,0.0,0.0,0,4.822265625,6,45,05:40,20:21,2025-05-22 14:09:27.310785,Città della Scienza,44.5,7.310719,8.467482,5.0028734,4.537927,EU EEA Common AQI,79.6,5.672409,6.8059297,7200,4.246377,100,100,62.2,3.9304347,Very Low,80.2,5.9132414,100,1747922400,Very Low,4.0022984,7.059632,Very Low,6.335249,56.7,5.0869565,100,1747922400,4.9130435
2025-05-22T14:09:38Z,236,29.908,76.4,56,71.1,8,7,259,63,0.0,255,32767,0.11,2090-9-18,0.0,0.52,26.6,0.0,0.0,0.0,0,4.822265625,6,45,05:40,20:21,2025-05-22 14:09:38.419795,Città della Scienza,44.5,7.310719,8.467482,5.0028734,4.537927,EU EEA Common AQI,79.6,5.672409,6.8059297,7200,4.246377,100,100,62.2,3.9304347,Very Low,80.2,5.9132414,100,1747922400,Very Low,4.0022984,7.059632,Very Low,6.335249,56.7,5.0869565,100,1747922400,4.9130435
2025-05-22T14:09:49Z,236,29.908,76.4,56,71.1,7,7,235,63,0.0,255,32767,0.11,2090-9-18,0.0,0.52,26.6,0.0,0.0,0.0,0,4.822265625,6,45,05:40,20:21,2025-05-22 14:09:49.648785,Città della Scienza,44.5,7.310719,8.467482,5.0028734,4.537927,EU EEA Common AQI,79.6,5.672409,6.8059297,7200,4.246377,100,100,62.2,3.9304347,Very Low,80.2,5.9132414,100,1747922400,Very Low,4.0022984,7.059632,Very Low,6.335249,56.7,5.0869565,100,1747922400,4.9130435
2025-05-22T14:10:00Z,236,29.908,76.4,56,71.1,8,7,239,62,0.0,255,32767,0.11,2090-9-18,0.0,0.52,26.6,0.0,0.0,0.0,0,4.822265625,6,45,05:40,20:21,2025-05-22 14:10:00.785794,Città della Scienza,44.5,7.310719,8.467482,5.0028734,4.537927,EU EEA Common AQI,79.6,5.672409,6.8059297,7200,4.246377,100,100,62.2,3.9304347,Very Low,80.2,5.9132414,100,1747922400,Very Low,4.0022984,7.059632,Very Low,6.335249,56.7,5.0869565,100,1747922400,4.9130435
2025-05-22T14:10:12Z,236,29.908,76.4,56,71.1,7,7,225,62,0.0,255,32767,0.11,2090-9-18,0.0,0.52,26.6,0.0,0.0,0.0,0,4.822265625,6,45,05:40,20:21,2025-05-22 14:10:11.833789,Città della Scienza,44.5,7.310719,8.467482,5.0028734,4.537927,EU EEA Common AQI,79.6,5.672409,6.8059297,7200,4.246377,100,100,62.2,3.9304347,Very Low,80.2,5.9132414,100,1747922400,Very Low,4.0022984,7.059632,Very Low,6.335249,56.7,5.0869565,100,1747922400,4.9130435
2025-05-22T14:10:23Z,236,29.908,76.4,56,71.1,10,7,237,62,0.0,255,32767,0.11,2090-9-18,0.0,0.52,26.6,0.0,0.0,0.0,0,4.822265625,6,45,05:40,20:21,2025-05-22 14:10:23.064790,Città della Scienza,44.5,7.310719,8.467482,5.0028734,4.537927,EU EEA Common AQI,79.6,5.672409,6.8059297,7200,4.246377,100,100,62.2,3.9304347,Very Low,80.2,5.9132414,100,1747922400,Very Low,4.0022984,7.059632,Very Low,6.335249,56.7,5.0869565,100,1747922400,4.9130435
2025-05-22T14:10:34Z,236,29.908,76.4,56,71.1,9,7,234,62,0.0,255,32767,0.11,2090-9-18,0.0,0.52,26.6,0.0,0.0,0.0,0,4.822265625,6,45,05:40,20:21,2025-05-22 14:10:34.171810,Città della Scienza,44.5,7.310719,8.467482,5.0028734,4.537927,EU EEA Common AQI,79.6,5.672409,6.8059297,7200,4.246377,100,100,62.2,3.9304347,Very Low,80.2,5.9132414,100,1747922400,Very Low,4.0022984,7.059632,Very Low,6.335249,56.7,5.0869565,100,1747922400,4.9130435
2025-05-22T14:10:45Z,236,29.909,76.4,56,71.0,8,7,219,62,0.0,255,32767,0.11,2090-9-18,0.0,0.52,26.6,0.0,0.0,0.0,0,4.822265625,6,45,05:40,20:21,2025-05-22 14:10:45.263814,Città della Scienza,44.5,7.310719,8.467482,5.0028734,4.537927,EU EEA Common AQI,79.6,5.672409,6.8059297,7200,4.246377,100,100,62.2,3.9304347,Very Low,80.2,5.9132414,100,1747922400,Very Low,4.0022984,7.059632,Very Low,6.335249,56.7,5.0869565,100,1747922400,4.9130435
2025-05-22T14:10:56Z,236,29.909,76.4,56,71.0,8,7,219,62,0.0,255,32767,0.11,2090-9-18,0.0,0.52,26.6,0.0,0.0,0.0,0,4.822265625,6,45,05:40,20:21,2025-05-22 14:10:56.389828,Città della Scienza,44.5,7.310719,8.467482,5.0028734,4.537927,EU EEA Common AQI,79.6,5.672409,6.8059297,7200,4.246377,100,100,62.2,3.9304347,Very Low,80.2,5.9132414,100,1747922400,Very Low,4.0022984,7.059632,Very Low,6.335249,56.7,5.0869565,100,1747922400,4.9130435
2025-05-22T14:11:07Z,236,29.909,76.4,56,71.0,5,7,203,62,0.0,255,32767,0.11,2090-9-18,0.0,0.52,26.6,0.0,0.0,0.0,0,4.822265625,6,45,05:40,20:21,2025-05-22 14:11:07.428093,Città della Scienza,44.5,7.310719,8.467482,5.0028734,4.537927,EU EEA Common AQI,79.6,5.672409,6.8059297,7200,4.246377,100,100,62.2,3.9304347,Very Low,80.2,5.9132414,100,1747922400,Very Low,4.0022984,7.059632,Very Low,6.335249,56.7,5.0869565,100,1747922400,4.9130435
2025-05-22T14:11:18Z,236,29.909,76.4,56,71.0,6,7,193,62,0.0,255,32767,0.11,2090-9-18,0.0,0.52,26.6,0.0,0.0,0.0,0,4.822265625,6,45,05:40,20:21,2025-05-22 14:11:18.528795,Città della Scienza,44.5,7.310719,8.467482,5.0028734,4.537927,EU EEA Common AQI,79.6,5.672409,6.8059297,7200,4.246377,100,100,62.2,3.9304347,Very Low,80.2,5.9132414,100,1747922400,Very Low,4.0022984,7.059632,Very Low,6.335249,56.7,5.0869565,100,1747922400,4.9130435
2025-05-22T14:11:29Z,236,29.909,76.4,56,71.0,4,7,291,62,0.0,255,32767,0.11,2090-9-18,0.0,0.52,26.6,0.0,0.0,0.0,0,4.822265625,6,45,05:40,20:21,2025-05-22 14:11:29.647797,Città della Scienza,44.5,7.310719,8.467482,5.0028734,4.537927,EU EEA Common AQI,79.6,5.672409,6.8059297,7200,4.246377,100,100,62.2,3.9304347,Very Low,80.2,5.9132414,100,1747922400,Very Low,4.0022984,7.059632,Very Low,6.335249,56.7,5.0869565,100,1747922400,4.9130435
2025-05-22T14:11:40Z,236,29.91,76.4,56,71.1,5,6,186,62,0.0,255,32767,0.11,2090-9-18,0.0,0.52,26.6,0.0,0.0,0.0,0,4.822265625,6,45,05:40,20:21,2025-05-22 14:11:40.711792,Città della Scienza,44.5,7.310719,8.467482,5.0028734,4.537927,EU EEA Common AQI,79.6,5.672409,6.8059297,7200,4.246377,100,100,62.2,3.9304347,Very Low,80.2,5.9132414,100,1747922400,Very Low,4.0022984,7.059632,Very Low,6.335249,56.7,5.0869565,100,1747922400,4.9130435
2025-05-22T14:11:52Z,236,29.91,76.4,56,71.0,7,6,268,62,0.0,255,32767,0.11,2090-9-18,0.0,0.52,26.6,0.0,0.0,0.0,0,4.822265625,6,45,05:40,20:21,2025-05-22 14:11:51.850801,Città della Scienza,44.5,7.310719,8.467482,5.0028734,4.537927,EU EEA Common AQI,79.6,5.672409,6.8059297,7200,4.246377,100,100,62.2,3.9304347,Very Low,80.2,5.9132414,100,1747922400,Very Low,4.0022984,7.059632,Very Low,6.335249,56.7,5.0869565,100,1747922400,4.9130435
2025-05-22T14:12:03Z,236,29.91,76.4,56,71.1,7,6,228,62,0.0,255,32767,0.11,2090-9-18,0.0,0.52,26.6,0.0,0.0,0.0,0,4.822265625,6,45,05:40,20:21,2025-05-22 14:12:02.926794,Città della Scienza,44.5,7.310719,8.467482,5.0028734,4.537927,EU EEA Common AQI,79.6,5.672409,6.8059297,7200,4.246377,100,100,62.2,3.9304347,Very Low,80.2,5.9132414,100,1747922400,Very Low,4.0022984,7.059632,Very Low,6.335249,56.7,5.0869565,100,1747922400,4.9130435
2025-05-22T14:12:14Z,236,29.91,76.4,56,71.0,5,6,223,62,0.0,255,32767,0.11,2090-9-18,0.0,0.52,26.6,0.0,0.0,0.0,0,4.822265625,6,45,05:40,20:21,2025-05-22 14:12:14.031791,Città della Scienza,44.5,7.310719,8.467482,5.0028734,4.537927,EU EEA Common AQI,79.6,5.672409,6.8059297,7200,4.246377,100,100,62.2,3.9304347,Very Low,80.2,5.9132414,100,1747922400,Very Low,4.0022984,7.059632,Very Low,6.335249,56.7,5.0869565,100,1747922400,4.9130435
2025-05-22T14:12:25Z,236,29.91,76.4,56,71.1,8,6,216,62,0.0,255,32767,0.11,2090-9-18,0.0,0.52,26.6,0.0,0.0,0.0,0,4.822265625,6,45,05:40,20:21,2025-05-22 14:12:25.149798,Città della Scienza,44.5,7.310719,8.467482,5.0028734,4.537927,EU EEA Common AQI,79.6,5.672409,6.8059297,7200,4.246377,100,100,62.2,3.9304347,Very Low,80.2,5.9132414,100,1747922400,Very Low,4.0022984,7.059632,Very Low,6.335249,56.7,5.0869565,100,1747922400,4.9130435
2025-05-22T14:12:36Z,236,29.907,76.4,56,71.1,8,6,205,62,0.0,255,32767,0.11,2090-9-18,0.0,0.52,26.6,0.0,0.0,0.0,0,4.822265625,6,45,05:40,20:21,2025-05-22 14:12:36.247791,Città della Scienza,44.5,7.310719,8.467482,5.0028734,4.537927,EU EEA Common AQI,79.6,5.672409,6.8059297,7200,4.246377,100,100,62.2,3.9304347,Very Low,80.2,5.9132414,100,1747922400,Very Low,4.0022984,7.059632,Very Low,6.335249,56.7,5.0869565,100,1747922400,4.9130435
2025-05-22T14:12:47Z,236,29.907,76.4,56,71.1,8,6,213,63,0.0,255,32767,0.11,2090-9-18,0.0,0.52,26.6,0.0,0.0,0.0,0,4.822265625,6,45,05:40,20:21,2025-05-22 14:12:47.301794,Città della Scienza,44.5,7.310719,8.467482,5.0028734,4.537927,EU EEA Common AQI,79.6,5.672409,6.8059297,7200,4.246377,100,100,62.2,3.9304347,Very Low,80.2,5.9132414,100,1747922400,Very Low,4.0022984,7.059632,Very Low,6.335249,56.7,5.0869565,100,1747922400,4.9130435
2025-05-22T14:12:58Z,236,29.907,76.4,56,71.0,11,6,222,63,0.0,255,32767,0.11,2090-9-18,0.0,0.52,26.6,0.0,0.0,0.0,0,4.822265625,6,45,05:40,20:21,2025-05-22 14:12:58.401800,Città della Scienza,44.5,7.310719,8.467482,5.0028734,4.537927,EU EEA Common AQI,79.6,5.672409,6.8059297,7200,4.246377,100,100,62.2,3.9304347,Very Low,80.2,5.9132414,100,1747922400,Very Low,4.0022984,7.059632,Very Low,6.335249,56.7,5.0869565,100,1747922400,4.9130435
2025-05-22T14:13:09Z,236,29.907,76.4,56,71.1,8,6,200,63,0.0,255,32767,0.11,2090-9-18,0.0,0.52,26.6,0.0,0.0,0.0,0,4.822265625,6,45,05:40,20:21,2025-05-22 14:13:09.445799,Città della Scienza,44.5,7.310719,8.467482,5.0028734,4.537927,EU EEA Common AQI,79.6,5.672409,6.8059297,7200,4.246377,100,100,62.2,3.9304347,Very Low,80.2,5.9132414,100,1747922400,Very Low,4.0022984,7.059632,Very Low,6.335249,56.7,5.0869565,100,1747922400,4.9130435
2025-05-22T14:13:20Z,236,29.907,76.4,56,71.0,9,6,237,63,0.0,255,32767,0.11,2090-9-18,0.0,0.52,26.6,0.0,0.0,0.0,0,4.822265625,6,45,05:40,20:21,2025-05-22 14:13:20.472797,Città della Scienza,44.5,7.310719,8.467482,5.0028734,4.537927,EU EEA Common AQI,79.6,5.672409,6.8059297,7200,4.246377,100,100,62.2,3.9304347,Very Low,80.2,5.9132414,100,1747922400,Very Low,4.0022984,7.059632,Very Low,6.335249,56.7,5.0869565,100,1747922400,4.9130435
2025-05-22T14:13:31Z,236,29.907,76.4,56,71.0,12,6,239,62,0.0,255,32767,0.11,2090-9-18,0.0,0.52,26.6,0.0,0.0,0.0,0,4.822265625,6,45,05:40,20:21,2025-05-22 14:13:31.544784,Città della Scienza,44.5,7.310719,8.467482,5.0028734,4.537927,EU EEA Common AQI,79.6,5.672409,6.8059297,7200,4.246377,100,100,62.2,3.9304347,Very Low,80.2,5.9132414,100,1747922400,Very Low,4.0022984,7.059632,Very Low,6.335249,56.7,5.0869565,100,1747922400,4.9130435
2025-05-22T14:13:42Z,236,29.909,76.3,56,71.0,7,6,236,62,0.0,255,32767,0.11,2090-9-18,0.0,0.52,26.6,0.0,0.0,0.0,0,4.822265625,6,45,05:40,20:21,2025-05-22 14:13:42.623799,Città della Scienza,44.5,7.310719,8.467482,5.0028734,4.537927,EU EEA Common AQI,79.6,5.672409,6.8059297,7200,4.246377,100,100,62.2,3.9304347,Very Low,80.2,5.9132414,100,1747922400,Very Low,4.0022984,7.059632,Very Low,6.335249,56.7,5.0869565,100,1747922400,4.9130435
2025-05-22T14:13:53Z,236,29.909,76.3,56,70.9,8,6,240,62,0.0,255,32767,0.11,2090-9-18,0.0,0.52,26.6,0.0,0.0,0.0,0,4.822265625,6,45,05:40,20:21,2025-05-22 14:13:53.670792,Città della Scienza,44.5,7.310719,8.467482,5.0028734,4.537927,EU EEA Common AQI,79.6,5.672409,6.8059297,7200,4.246377,100,100,62.2,3.9304347,Very Low,80.2,5.9132414,100,1747922400,Very Low,4.0022984,7.059632,Very Low,6.335249,56.7,5.0869565,100,1747922400,4.9130435
2025-05-22T14:14:04Z,236,29.909,76.3,56,70.9,10,6,247,62,0.0,255,32767,0.11,2090-9-18,0.0,0.52,26.6,0.0,0.0,0.0,0,4.822265625,6,45,05:40,20:21,2025-05-22 14:14:04.769784,Città della Scienza,44.5,7.310719,8.467482,5.0028734,4.537927,EU EEA Common AQI,79.6,5.672409,6.8059297,7200,4.246377,100,100,62.2,3.9304347,Very Low,80.2,5.9132414,100,1747922400,Very Low,4.0022984,7.059632,Very Low,6.335249,56.7,5.0869565,100,1747922400,4.9130435
2025-05-22T14:14:15Z,236,29.909,76.3,56,70.9,6,6,202,62,0.0,255,32767,0.11,2090-9-18,0.0,0.52,26.6,0.0,0.0,0.0,0,4.822265625,6,45,05:40,20:21,2025-05-22 14:14:15.790802,Città della Scienza,44.5,7.310719,8.467482,5.0028734,4.537927,EU EEA Common AQI,79.6,5.672409,6.8059297,7200,4.246377,100,100,62.2,3.9304347,Very Low,80.2,5.9132414,100,1747922400,Very Low,4.0022984,7.059632,Very Low,6.335249,56.7,5.0869565,100,1747922400,4.9130435
2025-05-22T14:14:27Z,236,29.909,76.3,56,70.8,4,6,251,62,0.0,255,32767,0.11,2090-9-18,0.0,0.52,26.6,0.0,0.0,0.0,0,4.822265625,6,45,05:40,20:21,2025-05-22 14:14:26.862800,Città della Scienza,44.5,7.310719,8.467482,5.0028734,4.537927,EU EEA Common AQI,79.6,5.672409,6.8059297,7200,4.246377,100,100,62.2,3.9304347,Very Low,80.2,5.9132414,100,1747922400,Very Low,4.0022984,7.059632,Very Low,6.335249,56.7,5.0869565,100,1747922400,4.9130435
2025-05-22T14:14:38Z,236,29.907,76.3,56,70.8,7,6,267,62,0.0,255,32767,0.11,2090-9-18,0.0,0.52,26.6,0.0,0.0,0.0,0,4.822265625,6,45,05:40,20:21,2025-05-22 14:14:37.999775,Città della Scienza,44.5,7.310719,8.467482,5.0028734,4.537927,EU EEA Common AQI,79.6,5.672409,6.8059297,7200,4.246377,100,100,62.2,3.9304347,Very Low,80.2,5.9132414,100,1747922400,Very Low,4.0022984,7.059632,Very Low,6.335249,56.7,5.0869565,100,1747922400,4.9130435
2025-05-22T14:14:49Z,236,29.907,76.3,56,70.8,6,6,223,62,0.0,255,32767,0.11,2090-9-18,0.0,0.52,26.6,0.0,0.0,0.0,0,4.822265625,6,45,05:40,20:21,2025-05-22 14:14:49.090801,Città della Scienza,44.5,7.310719,8.467482,5.0028734,4.537927,EU EEA Common AQI,79.6,5.672409,6.8059297,7200,4.246377,100,100,62.2,3.9304347,Very Low,80.2,5.9132414,100,1747922400,Very Low,4.0022984,7.059632,Very Low,6.335249,56.7,5.0869565,100,1747922400,4.9130435
2025-05-22T14:15:00Z,236,29.907,76.3,56,70.8,3,6,204,62,0.0,255,32767,0.11,2090-9-18,0.0,0.52,26.6,0.0,0.0,0.0,0,4.822265625,6,45,05:40,20:21,2025-05-22 14:15:00.185806,Città della Scienza,44.5,7.310719,8.467482,5.0028734,4.537927,EU EEA Common AQI,79.6,5.672409,6.8059297,7200,4.246377,100,100,62.2,3.9304347,Very Low,80.2,5.9132414,100,1747922400,Very Low,4.0022984,7.059632,Very Low,6.335249,56.7,5.0869565,100,1747922400,4.9130435
2025-05-22T14:15:11Z,236,29.907,76.3,56,70.8,5,6,198,62,0.0,255,32767,0.11,2090-9-18,0.0,0.52,26.6,0.0,0.0,0.0,0,4.822265625,6,45,05:40,20:21,2025-05-22 14:15:11.252799,Città della Scienza,44.5,7.310719,8.467482,5.0028734,4.537927,EU EEA Common AQI,79.6,5.672409,6.8059297,7200,4.246377,100,100,62.2,3.9304347,Very Low,80.2,5.9132414,100,1747922400,Very Low,4.0022984,7.059632,Very Low,6.335249,56.7,5.0869565,100,1747922400,4.9130435
2025-05-22T14:15:22Z,236,29.907,76.3,56,70.8,7,6,205,63,0.0,255,32767,0.11,2090-9-18,0.0,0.52,26.6,0.0,0.0,0.0,0,4.822265625,6,45,05:40,20:21,2025-05-22 14:15:22.298797,Città della Scienza,44.5,7.310719,8.467482,5.0028734,4.537927,EU EEA Common AQI,79.6,5.672409,6.8059297,7200,4.246377,100,100,62.2,3.9304347,Very Low,80.2,5.9132414,100,1747922400,Very Low,4.0022984,7.059632,Very Low,6.335249,56.7,5.0869565,100,1747922400,4.9130435
2025-05-22T14:15:33Z,236,29.907,76.3,56,70.8,6,6,233,63,0.0,255,32767,0.11,2090-9-18,0.0,0.52,26.6,0.0,0.0,0.0,0,4.822265625,6,45,05:40,20:21,2025-05-22 14:15:33.400802,Città della Scienza,47.7,7.0471706,8.49962,4.935584,4.4441175,EU EEA Common AQI,79.8,5.555147,6.842208,7200,4.8428574,100,100,63.5,4.5142856,Very Low,80.0,5.707,100,1747923300,Very Low,3.948467,6.879058,Very Low,6.1393676,58.4,7.542857,100,1747923300,5.642857
2025-05-22T14:15:44Z,236,29.908,76.3,56,70.8,6,6,235,63,0.0,255,32767,0.11,2090-9-18,0.0,0.52,26.6,0.0,0.0,0.0,0,4.822265625,6,45,05:40,20:21,2025-05-22 14:15:44.510793,Città della Scienza,47.7,7.0471706,8.49962,4.935584,4.4441175,EU EEA Common AQI,79.8,5.555147,6.842208,7200,4.8428574,100,100,63.5,4.5142856,Very Low,80.0,5.707,100,1747923300,Very Low,3.948467,6.879058,Very Low,6.1393676,58.4,7.542857,100,1747923300,5.642857
2025-05-22T14:15:55Z,236,29.908,76.3,56,70.8,6,6,222,63,0.0,255,32767,0.11,2090-9-18,0.0,0.52,26.6,0.0,0.0,0.0,0,4.822265625,6,45,05:40,20:21,2025-05-22 14:15:55.649800,Città della Scienza,47.7,7.0471706,8.49962,4.935584,4.4441175,EU EEA Common AQI,79.8,5.555147,6.842208,7200,4.8428574,100,100,63.5,4.5142856,Very Low,80.0,5.707,100,1747923300,Very Low,3.948467,6.879058,Very Low,6.1393676,58.4,7.542857,100,1747923300,5.642857
2025-05-22T14:16:06Z,236,29.908,76.3,56,70.9,8,6,209,63,0.0,255,32767,0.11,2090-9-18,0.0,0.52,26.6,0.0,0.0,0.0,0,4.822265625,6,45,05:40,20:21,2025-05-22 14:16:06.766794,Città della Scienza,47.7,7.0471706,8.49962,4.935584,4.4441175,EU EEA Common AQI,79.8,5.555147,6.842208,7200,4.8428574,100,100,63.5,4.5142856,Very Low,80.0,5.707,100,1747923300,Very Low,3.948467,6.879058,Very Low,6.1393676,58.4,7.542857,100,1747923300,5.642857
2025-05-22T14:16:18Z,236,29.908,76.3,56,70.9,7,6,226,63,0.0,255,32767,0.11,2090-9-18,0.0,0.52,26.6,0.0,0.0,0.0,0,4.822265625,6,45,05:40,20:21,2025-05-22 14:16:17.901788,Città della Scienza,47.7,7.0471706,8.49962,4.935584,4.4441175,EU EEA Common AQI,79.8,5.555147,6.842208,7200,4.8428574,100,100,63.5,4.5142856,Very Low,80.0,5.707,100,1747923300,Very Low,3.948467,6.879058,Very Low,6.1393676,58.4,7.542857,100,1747923300,5.642857
2025-05-22T14:16:29Z,236,29.908,76.3,56,70.9,5,6,143,63,0.0,255,32767,0.11,2090-9-18,0.0,0.52,26.6,0.0,0.0,0.0,0,4.822265625,6,45,05:40,20:21,2025-05-22 14:16:28.965789,Città della Scienza,47.7,7.0471706,8.49962,4.935584,4.4441175,EU EEA Common AQI,79.8,5.555147,6.842208,7200,4.8428574,100,100,63.5,4.5142856,Very Low,80.0,5.707,100,1747923300,Very Low,3.948467,6.879058,Very Low,6.1393676,58.4,7.542857,100,1747923300,5.642857
2025-05-22T14:16:40Z,236,29.904,76.3,56,70.8,8,6,163,63,0.0,255,32767,0.11,2090-9-18,0.0,0.52,26.6,0.0,0.0,0.0,0,4.822265625,6,45,05:40,20:21,2025-05-22 14:16:40.071812,Città della Scienza,47.7,7.0471706,8.49962,4.935584,4.4441175,EU EEA Common AQI,79.8,5.555147,6.842208,7200,4.8428574,100,100,63.5,4.5142856,Very Low,80.0,5.707,100,1747923300,Very Low,3.948467,6.879058,Very Low,6.1393676,58.4,7.542857,100,1747923300,5.642857
2025-05-22T14:16:51Z,236,29.904,76.3,56,70.8,5,6,173,63,0.0,255,32767,0.11,2090-9-18,0.0,0.52,26.6,0.0,0.0,0.0,0,4.822265625,6,45,05:40,20:21,2025-05-22 14:16:51.102788,Città della Scienza,47.7,7.0471706,8.49962,4.935584,4.4441175,EU EEA Common AQI,79.8,5.555147,6.842208,7200,4.8428574,100,100,63.5,4.5142856,Very Low,80.0,5.707,100,1747923300,Very Low,3.948467,6.879058,Very Low,6.1393676,58.4,7.542857,100,1747923300,5.642857
2025-05-22T14:17:02Z,236,29.904,76.3,56,70.9,7,6,188,63,0.0,255,32767,0.11,2090-9-18,0.0,0.52,26.6,0.0,0.0,0.0,0,4.822265625,6,45,05:40,20:21,2025-05-22 14:17:02.204798,Città della Scienza,47.7,7.0471706,8.49962,4.935584,4.4441175,EU EEA Common AQI,79.8,5.555147,6.842208,7200,4.8428574,100,100,63.5,4.5142856,Very Low,80.0,5.707,100,1747923300,Very Low,3.948467,6.879058,Very Low,6.1393676,58.4,7.542857,100,1747923300,5.642857
2025-05-22T14:17:13Z,236,29.904,76.3,56,70.9,8,6,180,63,0.0,255,32767,0.11,2090-9-18,0.0,0.52,26.6,0.0,0.0,0.0,0,4.822265625,6,45,05:40,20:21,2025-05-22 14:17:13.269765,Città della Scienza,47.7,7.0471706,8.49962,4.935584,4.4441175,EU EEA Common AQI,79.8,5.555147,6.842208,7200,4.8428574,100,100,63.5,4.5142856,Very Low,80.0,5.707,100,1747923300,Very Low,3.948467,6.879058,Very Low,6.1393676,58.4,7.542857,100,1747923300,5.642857
2025-05-22T14:17:24Z,236,29.904,76.3,56,70.9,7,6,232,63,0.0,255,32767,0.11,2090-9-18,0.0,0.52,26.6,0.0,0.0,0.0,0,4.822265625,6,45,05:40,20:21,2025-05-22 14:17:24.405792,Città della Scienza,47.7,7.0471706,8.49962,4.935584,4.4441175,EU EEA Common AQI,79.8,5.555147,6.842208,7200,4.8428574,100,100,63.5,4.5142856,Very Low,80.0,5.707,100,1747923300,Very Low,3.948467,6.879058,Very Low,6.1393676,58.4,7.542857,100,1747923300,5.642857
2025-05-22T14:17:35Z,236,29.907,76.3,56,70.8,10,6,165,63,0.0,255,32767,0.11,2090-9-18,0.0,0.52,26.6,0.0,0.0,0.0,0,4.822265625,6,45,05:40,20:21,2025-05-22 14:17:35.526753,Città della Scienza,47.7,7.0471706,8.49962,4.935584,4.4441175,EU EEA Common AQI,79.8,5.555147,6.842208,7200,4.8428574,100,100,63.5,4.5142856,Very Low,80.0,5.707,100,1747923300,Very Low,3.948467,6.879058,Very Low,6.1393676,58.4,7.542857,100,1747923300,5.642857
2025-05-22T14:17:46Z,236,29.907,76.3,56,70.8,4,6,256,63,0.0,255,32767,0.11,2090-9-18,0.0,0.52,26.6,0.0,0.0,0.0,0,4.822265625,6,45,05:40,20:21,2025-05-22 14:17:46.615809,Città della Scienza,47.7,7.0471706,8.49962,4.935584,4.4441175,EU EEA Common AQI,79.8,5.555147,6.842208,7200,4.8428574,100,100,63.5,4.5142856,Very Low,80.0,5.707,100,1747923300,Very Low,3.948467,6.879058,Very Low,6.1393676,58.4,7.542857,100,1747923300,5.642857
2025-05-22T14:17:57Z,236,29.907,76.3,56,70.8,4,6,166,62,0.0,255,32767,0.11,2090-9-18,0.0,0.52,26.6,0.0,0.0,0.0,0,4.822265625,6,45,05:40,20:21,2025-05-22 14:17:57.710759,Città della Scienza,47.7,7.0471706,8.49962,4.935584,4.4441175,EU EEA Common AQI,79.8,5.555147,6.842208,7200,4.8428574,100,100,63.5,4.5142856,Very Low,80.0,5.707,100,1747923300,Very Low,3.948467,6.879058,Very Low,6.1393676,58.4,7.542857,100,1747923300,5.642857
2025-05-22T14:18:09Z,236,29.907,76.3,56,70.9,8,6,229,62,0.0,255,32767,0.11,2090-9-18,0.0,0.52,26.6,0.0,0.0,0.0,0,4.822265625,6,45,05:40,20:21,2025-05-22 14:18:08.801798,Città della Scienza,47.7,7.0471706,8.49962,4.935584,4.4441175,EU EEA Common AQI,79.8,5.555147,6.842208,7200,4.8428574,100,100,63.5,4.5142856,Very Low,80.0,5.707,100,1747923300,Very Low,3.948467,6.879058,Very Low,6.1393676,58.4,7.542857,100,1747923300,5.642857
2025-05-22T14:18:20Z,236,29.907,76.3,56,70.8,8,6,231,62,0.0,255,32767,0.11,2090-9-18,0.0,0.52,26.6,0.0,0.0,0.0,0,4.822265625,6,45,05:40,20:21,2025-05-22 14:18:19.904809,Città della Scienza,47.7,7.0471706,8.49962,4.935584,4.4441175,EU EEA Common AQI,79.8,5.555147,6.842208,7200,4.8428574,100,100,63.5,4.5142856,Very Low,80.0,5.707,100,1747923300,Very Low,3.948467,6.879058,Very Low,6.1393676,58.4,7.542857,100,1747923300,5.642857
2025-05-22T14:18:31Z,236,29.907,76.3,56,70.9,2,6,226,62,0.0,255,32767,0.11,2090-9-18,0.0,0.52,26.6,0.0,0.0,0.0,0,4.822265625,6,45,05:40,20:21,2025-05-22 14:18:31.009790,Città della Scienza,47.7,7.0471706,8.49962,4.935584,4.4441175,EU EEA Common AQI,79.8,5.555147,6.842208,7200,4.8428574,100,100,63.5,4.5142856,Very Low,80.0,5.707,100,1747923300,Very Low,3.948467,6.879058,Very Low,6.1393676,58.4,7.542857,100,1747923300,5.642857
2025-05-22T14:18:42Z,236,29.906,76.3,56,70.9,5,7,158,62,0.0,255,32767,0.11,2090-9-18,0.0,0.52,26.6,0.0,0.0,0.0,0,4.822265625,6,45,05:40,20:21,2025-05-22 14:18:42.084756,Città della Scienza,47.7,7.0471706,8.49962,4.935584,4.4441175,EU EEA Common AQI,79.8,5.555147,6.842208,7200,4.8428574,100,100,63.5,4.5142856,Very Low,80.0,5.707,100,1747923300,Very Low,3.948467,6.879058,Very Low,6.1393676,58.4,7.542857,100,1747923300,5.642857
2025-05-22T14:18:53Z,236,29.906,76.3,56,70.9,4,7,198,63,0.0,255,32767,0.11,2090-9-18,0.0,0.52,26.6,0.0,0.0,0.0,0,4.822265625,6,45,05:40,20:21,2025-05-22 14:18:53.180796,Città della Scienza,47.7,7.0471706,8.49962,4.935584,4.4441175,EU EEA Common AQI,79.8,5.555147,6.842208,7200,4.8428574,100,100,63.5,4.5142856,Very Low,80.0,5.707,100,1747923300,Very Low,3.948467,6.879058,Very Low,6.1393676,58.4,7.542857,100,1747923300,5.642857
2025-05-22T14:19:04Z,236,29.906,76.3,56,70.9,3,7,307,63,0.0,255,32767,0.11,2090-9-18,0.0,0.52,26.6,0.0,0.0,0.0,0,4.822265625,6,45,05:40,20:21,2025-05-22 14:19:04.213788,Città della Scienza,47.7,7.0471706,8.49962,4.935584,4.4441175,EU EEA Common AQI,79.8,5.555147,6.842208,7200,4.8428574,100,100,63.5,4.5142856,Very Low,80.0,5.707,100,1747923300,Very Low,3.948467,6.879058,Very Low,6.1393676,58.4,7.542857,100,1747923300,5.642857
2025-05-22T14:19:15Z,236,29.906,76.3,56,70.8,2,7,207,63,0.0,255,32767,0.11,2090-9-18,0.0,0.52,26.6,0.0,0.0,0.0,0,4.822265625,6,45,05:40,20:21,2025-05-22 14:19:15.334792,Città della Scienza,47.7,7.0471706,8.49962,4.935584,4.4441175,EU EEA Common AQI,79.8,5.555147,6.842208,7200,4.8428574,100,100,63.5,4.5142856,Very Low,80.0,5.707,100,1747923300,Very Low,3.948467,6.879058,Very Low,6.1393676,58.4,7.542857,100,1747923300,5.642857
2025-05-22T14:19:26Z,236,29.906,76.3,56,70.8,2,7,204,63,0.0,255,32767,0.11,2090-9-18,0.0,0.52,26.6,0.0,0.0,0.0,0,4.822265625,6,45,05:40,20:21,2025-05-22 14:19:26.450797,Città della Scienza,47.7,7.0471706,8.49962,4.935584,4.4441175,EU EEA Common AQI,79.8,5.555147,6.842208,7200,4.8428574,100,100,63.5,4.5142856,Very Low,80.0,5.707,100,1747923300,Very Low,3.948467,6.879058,Very Low,6.1393676,58.4,7.542857,100,1747923300,5.642857
2025-05-22T14:19:37Z,236,29.904,76.3,56,70.9,3,6,222,63,0.0,255,32767,0.11,2090-9-18,0.0,0.52,26.6,0.0,0.0,0.0,0,4.822265625,6,45,05:40,20:21,2025-05-22 14:19:37.535791,Città della Scienza,47.7,7.0471706,8.49962,4.935584,4.4441175,EU EEA Common AQI,79.8,5.555147,6.842208,7200,4.8428574,100,100,63.5,4.5142856,Very Low,80.0,5.707,100,1747923300,Very Low,3.948467,6.879058,Very Low,6.1393676,58.4,7.542857,100,1747923300,5.642857
2025-05-22T14:19:48Z,236,29.904,76.3,56,70.9,3,6,233,63,0.0,255,32767,0.11,2090-9-18,0.0,0.52,26.6,0.0,0.0,0.0,0,4.822265625,6,45,05:40,20:21,2025-05-22 14:19:48.635794,Città della Scienza,47.7,7.0471706,8.49962,4.935584,4.4441175,EU EEA Common AQI,79.8,5.555147,6.842208,7200,4.8428574,100,100,63.5,4.5142856,Very Low,80.0,5.707,100,1747923300,Very Low,3.948467,6.879058,Very Low,6.1393676,58.4,7.542857,100,1747923300,5.642857
2025-05-22T14:19:59Z,236,29.904,76.3,56,70.9,4,6,176,63,0.0,255,32767,0.11,2090-9-18,0.0,0.52,26.6,0.0,0.0,0.0,0,4.822265625,6,45,05:40,20:21,2025-05-22 14:19:59.736792,Città della Scienza,47.7,7.0471706,8.49962,4.935584,4.4441175,EU EEA Common AQI,79.8,5.555147,6.842208,7200,4.8428574,100,100,63.5,4.5142856,Very Low,80.0,5.707,100,1747923300,Very Low,3.948467,6.879058,Very Low,6.1393676,58.4,7.542857,100,1747923300,5.642857
2025-05-22T14:20:10Z,236,29.904,76.3,56,70.9,4,6,181,63,0.0,255,32767,0.11,2090-9-18,0.0,0.52,26.6,0.0,0.0,0.0,0,4.822265625,6,45,05:40,20:21,2025-05-22 14:20:10.773802,Città della Scienza,47.7,7.0471706,8.49962,4.935584,4.4441175,EU EEA Common AQI,79.8,5.555147,6.842208,7200,4.8428574,100,100,63.5,4.5142856,Very Low,80.0,5.707,100,1747923300,Very Low,3.948467,6.879058,Very Low,6.1393676,58.4,7.542857,100,1747923300,5.642857
2025-05-22T14:20:22Z,236,29.904,76.3,56,70.9,6,6,190,63,0.0,255,32767,0.11,2090-9-18,0.0,0.52,26.6,0.0,0.0,0.0,0,4.822265625,6,45,05:40,20:21,2025-05-22 14:20:21.869802,Città della Scienza,47.7,7.0471706,8.49962,4.935584,4.4441175,EU EEA Common AQI,79.8,5.555147,6.842208,7200,4.8428574,100,100,63.5,4.5142856,Very Low,80.0,5.707,100,1747923300,Very Low,3.948467,6.879058,Very Low,6.1393676,58.4,7.542857,100,1747923300,5.642857
2025-05-22T14:20:33Z,236,29.904,76.3,56,70.9,7,6,205,63,0.0,255,32767,0.11,2090-9-18,0.0,0.52,26.6,0.0,0.0,0.0,0,4.822265625,6,45,05:40,20:21,2025-05-22 14:20:32.943808,Città della Scienza,47.7,7.0471706,8.49962,4.935584,4.4441175,EU EEA Common AQI,79.8,5.555147,6.842208,7200,4.8428574,100,100,63.5,4.5142856,Very Low,80.0,5.707,100,1747923300,Very Low,3.948467,6.879058,Very Low,6.1393676,58.4,7.542857,100,1747923300,5.642857
2025-05-22T14:20:44Z,236,29.904,76.3,56,71.0,6,6,168,63,0.0,255,32767,0.11,2090-9-18,0.0,0.52,26.6,0.0,0.0,0.0,0,4.822265625,6,45,05:40,20:21,2025-05-22 14:20:43.990794,Città della Scienza,47.7,7.0471706,8.49962,4.935584,4.4441175,EU EEA Common AQI,79.8,5.555147,6.842208,7200,4.8428574,100,100,63.5,4.5142856,Very Low,80.0,5.707,100,1747923300,Very Low,3.948467,6.879058,Very Low,6.1393676,58.4,7.542857,100,1747923300,5.642857
2025-05-22T14:20:55Z,236,29.904,76.3,56,71.0,4,6,207,63,0.0,255,32767,0.11,2090-9-18,0.0,0.52,26.6,0.0,0.0,0.0,0,4.822265625,6,45,05:40,20:21,2025-05-22 14:20:55.096799,Città della Scienza,47.7,7.0471706,8.49962,4.935584,4.4441175,EU EEA Common AQI,79.8,5.555147,6.842208,7200,4.8428574,100,100,63.5,4.5142856,Very Low,80.0,5.707,100,1747923300,Very Low,3.948467,6.879058,Very Low,6.1393676,58.4,7.542857,100,1747923300,5.642857
2025-05-22T14:21:06Z,236,29.904,76.3,56,71.0,3,6,223,63,0.0,255,32767,0.11,2090-9-18,0.0,0.52,26.6,0.0,0.0,0.0,0,4.822265625,6,45,05:40,20:21,2025-05-22 14:21:06.190795,Città della Scienza,47.7,7.0471706,8.49962,4.935584,4.4441175,EU EEA Common AQI,79.8,5.555147,6.842208,7200,4.8428574,100,100,63.5,4.5142856,Very Low,80.0,5.707,100,1747923300,Very Low,3.948467,6.879058,Very Low,6.1393676,58.4,7.542857,100,1747923300,5.642857
2025-05-22T14:21:17Z,236,29.904,76.3,56,71.0,6,6,215,63,0.0,255,32767,0.11,2090-9-18,0.0,0.52,26.6,0.0,0.0,0.0,0,4.822265625,6,45,05:40,20:21,2025-05-22 14:21:17.301797,Città della Scienza,47.7,7.0471706,8.49962,4.935584,4.4441175,EU EEA Common AQI,79.8,5.555147,6.842208,7200,4.8428574,100,100,63.5,4.5142856,Very Low,80.0,5.707,100,1747923300,Very Low,3.948467,6.879058,Very Low,6.1393676,58.4,7.542857,100,1747923300,5.642857
2025-05-22T14:21:28Z,236,29.904,76.3,56,71.0,3,6,185,63,0.0,255,32767,0.11,2090-9-18,0.0,0.52,26.6,0.0,0.0,0.0,0,4.822265625,6,45,05:40,20:21,2025-05-22 14:21:28.381795,Città della Scienza,47.7,7.0471706,8.49962,4.935584,4.4441175,EU EEA Common AQI,79.8,5.555147,6.842208,7200,4.8428574,100,100,63.5,4.5142856,Very Low,80.0,5.707,100,1747923300,Very Low,3.948467,6.879058,Very Low,6.1393676,58.4,7.542857,100,1747923300,5.642857
2025-05-22T14:21:39Z,236,29.905,76.3,56,71.0,1,6,252,63,0.0,255,32767,0.11,2090-9-18,0.0,0.52,26.6,0.0,0.0,0.0,0,4.822265625,6,45,05:40,20:21,2025-05-22 14:21:39.499755,Città della Scienza,47.7,7.0471706,8.49962,4.935584,4.4441175,EU EEA Common AQI,79.8,5.555147,6.842208,7200,4.8428574,100,100,63.5,4.5142856,Very Low,80.0,5.707,100,1747923300,Very Low,3.948467,6.879058,Very Low,6.1393676,58.4,7.542857,100,1747923300,5.642857
2025-05-22T14:21:50Z,236,29.905,76.3,56,71.0,5,6,249,63,0.0,255,32767,0.11,2090-9-18,0.0,0.52,26.6,0.0,0.0,0.0,0,4.822265625,6,45,05:40,20:21,2025-05-22 14:21:50.589796,Città della Scienza,47.7,7.0471706,8.49962,4.935584,4.4441175,EU EEA Common AQI,79.8,5.555147,6.842208,7200,4.8428574,100,100,63.5,4.5142856,Very Low,80.0,5.707,100,1747923300,Very Low,3.948467,6.879058,Very Low,6.1393676,58.4,7.542857,100,1747923300,5.642857
2025-05-22T14:22:01Z,236,29.905,76.3,56,71.0,5,6,217,63,0.0,255,32767,0.11,2090-9-18,0.0,0.52,26.6,0.0,0.0,0.0,0,4.822265625,6,45,05:40,20:21,2025-05-22 14:22:01.658793,Città della Scienza,47.7,7.0471706,8.49962,4.935584,4.4441175,EU EEA Common AQI,79.8,5.555147,6.842208,7200,4.8428574,100,100,63.5,4.5142856,Very Low,80.0,5.707,100,1747923300,Very Low,3.948467,6.879058,Very Low,6.1393676,58.4,7.542857,100,1747923300,5.642857
2025-05-22T14:22:12Z,236,29.905,76.3,56,71.0,4,6,236,63,0.0,255,32767,0.11,2090-9-18,0.0,0.52,26.6,0.0,0.0,0.0,0,4.822265625,6,45,05:40,20:21,2025-05-22 14:22:12.752792,Città della Scienza,47.7,7.0471706,8.49962,4.935584,4.4441175,EU EEA Common AQI,79.8,5.555147,6.842208,7200,4.8428574,100,100,63.5,4.5142856,Very Low,80.0,5.707,100,1747923300,Very Low,3.948467,6.879058,Very Low,6.1393676,58.4,7.542857,100,1747923300,5.642857
2025-05-22T14:22:24Z,236,29.905,76.3,56,71.0,2,6,196,63,0.0,255,32767,0.11,2090-9-18,0.0,0.52,26.6,0.0,0.0,0.0,0,4.822265625,6,45,05:40,20:21,2025-05-22 14:22:23.807792,Città della Scienza,47.7,7.0471706,8.49962,4.935584,4.4441175,EU EEA Common AQI,79.8,5.555147,6.842208,7200,4.8428574,100,100,63.5,4.5142856,Very Low,80.0,5.707,100,1747923300,Very Low,3.948467,6.879058,Very Low,6.1393676,58.4,7.542857,100,1747923300,5.642857
2025-05-22T14:22:35Z,236,29.903,76.3,56,71.0,2,6,206,63,0.0,255,32767,0.11,2090-9-18,0.0,0.52,26.6,0.0,0.0,0.0,0,4.822265625,6,45,05:40,20:21,2025-05-22 14:22:34.877795,Città della Scienza,47.7,7.0471706,8.49962,4.935584,4.4441175,EU EEA Common AQI,79.8,5.555147,6.842208,7200,4.8428574,100,100,63.5,4.5142856,Very Low,80.0,5.707,100,1747923300,Very Low,3.948467,6.879058,Very Low,6.1393676,58.4,7.542857,100,1747923300,5.642857
2025-05-22T14:22:46Z,236,29.903,76.3,56,71.0,2,6,173,63,0.0,255,32767,0.11,2090-9-18,0.0,0.52,26.6,0.0,0.0,0.0,0,4.822265625,6,45,05:40,20:21,2025-05-22 14:22:45.980782,Città della Scienza,47.7,7.0471706,8.49962,4.935584,4.4441175,EU EEA Common AQI,79.8,5.555147,6.842208,7200,4.8428574,100,100,63.5,4.5142856,Very Low,80.0,5.707,100,1747923300,Very Low,3.948467,6.879058,Very Low,6.1393676,58.4,7.542857,100,1747923300,5.642857
2025-05-22T14:22:57Z,236,29.903,76.3,56,71.0,5,6,167,63,0.0,255,32767,0.11,2090-9-18,0.0,0.52,26.6,0.0,0.0,0.0,0,4.822265625,6,45,05:40,20:21,2025-05-22 14:22:57.052794,Città della Scienza,47.7,7.0471706,8.49962,4.935584,4.4441175,EU EEA Common AQI,79.8,5.555147,6.842208,7200,4.8428574,100,100,63.5,4.5142856,Very Low,80.0,5.707,100,1747923300,Very Low,3.948467,6.879058,Very Low,6.1393676,58.4,7.542857,100,1747923300,5.642857
2025-05-22T14:23:08Z,236,29.903,76.3,56,71.1,3,6,158,63,0.0,255,32767,0.11,2090-9-18,0.0,0.52,26.6,0.0,0.0,0.0,0,4.822265625,6,45,05:40,20:21,2025-05-22 14:23:08.126796,Città della Scienza,47.7,7.0471706,8.49962,4.935584,4.4441175,EU EEA Common AQI,79.8,5.555147,6.842208,7200,4.8428574,100,100,63.5,4.5142856,Very Low,80.0,5.707,100,1747923300,Very Low,3.948467,6.879058,Very Low,6.1393676,58.4,7.542857,100,1747923300,5.642857
2025-05-22T14:23:19Z,236,29.903,76.3,56,71.1,2,6,159,63,0.0,255,32767,0.11,2090-9-18,0.0,0.52,26.6,0.0,0.0,0.0,0,4.822265625,6,45,05:40,20:21,2025-05-22 14:23:19.206812,Città della Scienza,47.7,7.0471706,8.49962,4.935584,4.4441175,EU EEA Common AQI,79.8,5.555147,6.842208,7200,4.8428574,100,100,63.5,4.5142856,Very Low,80.0,5.707,100,1747923300,Very Low,3.948467,6.879058,Very Low,6.1393676,58.4,7.542857,100,1747923300,5.642857
2025-05-22T14:23:30Z,236,29.903,76.3,56,71.1,7,6,250,63,0.0,255,32767,0.11,2090-9-18,0.0,0.52,26.6,0.0,0.0,0.0,0,4.822265625,6,45,05:40,20:21,2025-05-22 14:23:30.348807,Città della Scienza,47.7,7.0471706,8.49962,4.935584,4.4441175,EU EEA Common AQI,79.8,5.555147,6.842208,7200,4.8428574,100,100,63.5,4.5142856,Very Low,80.0,5.707,100,1747923300,Very Low,3.948467,6.879058,Very Low,6.1393676,58.4,7.542857,100,1747923300,5.642857
2025-05-22T14:23:41Z,236,29.901,76.3,56,71.1,4,5,212,63,0.0,255,32767,0.11,2090-9-18,0.0,0.52,26.6,0.0,0.0,0.0,0,4.822265625,6,45,05:40,20:21,2025-05-22 14:23:41.384797,Città della Scienza,47.7,7.0471706,8.49962,4.935584,4.4441175,EU EEA Common AQI,79.8,5.555147,6.842208,7200,4.8428574,100,100,63.5,4.5142856,Very Low,80.0,5.707,100,1747923300,Very Low,3.948467,6.879058,Very Low,6.1393676,58.4,7.542857,100,1747923300,5.642857
2025-05-22T14:23:52Z,236,29.901,76.3,56,71.1,7,5,155,63,0.0,255,32767,0.11,2090-9-18,0.0,0.52,26.6,0.0,0.0,0.0,0,4.822265625,6,45,05:40,20:21,2025-05-22 14:23:52.499789,Città della Scienza,47.7,7.0471706,8.49962,4.935584,4.4441175,EU EEA Common AQI,79.8,5.555147,6.842208,7200,4.8428574,100,100,63.5,4.5142856,Very Low,80.0,5.707,100,1747923300,Very Low,3.948467,6.879058,Very Low,6.1393676,58.4,7.542857,100,1747923300,5.642857
2025-05-22T14:24:03Z,236,29.901,76.3,56,71.2,4,5,180,62,0.0,255,32767,0.11,2090-9-18,0.0,0.52,26.6,0.0,0.0,0.0,0,4.822265625,6,45,05:40,20:21,2025-05-22 14:24:03.601799,Città della Scienza,47.7,7.0471706,8.49962,4.935584,4.4441175,EU EEA Common AQI,79.8,5.555147,6.842208,7200,4.8428574,100,100,63.5,4.5142856,Very Low,80.0,5.707,100,1747923300,Very Low,3.948467,6.879058,Very Low,6.1393676,58.4,7.542857,100,1747923300,5.642857
2025-05-22T14:24:14Z,236,29.901,76.3,56,71.2,6,5,175,62,0.0,255,32767,0.11,2090-9-18,0.0,0.52,26.6,0.0,0.0,0.0,0,4.822265625,6,45,05:40,20:21,2025-05-22 14:24:14.647801,Città della Scienza,47.7,7.0471706,8.49962,4.935584,4.4441175,EU EEA Common AQI,79.8,5.555147,6.842208,7200,4.8428574,100,100,63.5,4.5142856,Very Low,80.0,5.707,100,1747923300,Very Low,3.948467,6.879058,Very Low,6.1393676,58.4,7.542857,100,1747923300,5.642857
2025-05-22T14:24:25Z,236,29.901,76.3,56,71.1,4,5,169,62,0.0,255,32767,0.11,2090-9-18,0.0,0.52,26.6,0.0,0.0,0.0,0,4.822265625,6,45,05:40,20:21,2025-05-22 14:24:25.698817,Città della Scienza,47.7,7.0471706,8.49962,4.935584,4.4441175,EU EEA Common AQI,79.8,5.555147,6.842208,7200,4.8428574,100,100,63.5,4.5142856,Very Low,80.0,5.707,100,1747923300,Very Low,3.948467,6.879058,Very Low,6.1393676,58.4,7.542857,100,1747923300,5.642857
2025-05-22T14:24:36Z,236,29.902,76.3,56,71.1,5,5,311,62,0.0,255,32767,0.11,2090-9-18,0.0,0.52,26.6,0.0,0.0,0.0,0,4.822265625,6,45,05:40,20:21,2025-05-22 14:24:36.711801,Città della Scienza,47.7,7.0471706,8.49962,4.935584,4.4441175,EU EEA Common AQI,79.8,5.555147,6.842208,7200,4.8428574,100,100,63.5,4.5142856,Very Low,80.0,5.707,100,1747923300,Very Low,3.948467,6.879058,Very Low,6.1393676,58.4,7.542857,100,1747923300,5.642857
2025-05-22T14:24:48Z,236,29.902,76.3,56,71.2,5,5,166,62,0.0,255,32767,0.11,2090-9-18,0.0,0.52,26.6,0.0,0.0,0.0,0,4.822265625,6,45,05:40,20:21,2025-05-22 14:24:47.830791,Città della Scienza,47.7,7.0471706,8.49962,4.935584,4.4441175,EU EEA Common AQI,79.8,5.555147,6.842208,7200,4.8428574,100,100,63.5,4.5142856,Very Low,80.0,5.707,100,1747923300,Very Low,3.948467,6.879058,Very Low,6.1393676,58.4,7.542857,100,1747923300,5.642857
2025-05-22T14:24:59Z,236,29.902,76.3,56,71.2,3,5,229,62,0.0,255,32767,0.11,2090-9-18,0.0,0.52,26.6,0.0,0.0,0.0,0,4.822265625,6,45,05:40,20:21,2025-05-22 14:24:58.944801,Città della Scienza,47.7,7.0471706,8.49962,4.935584,4.4441175,EU EEA Common AQI,79.8,5.555147,6.842208,7200,4.8428574,100,100,63.5,4.5142856,Very Low,80.0,5.707,100,1747923300,Very Low,3.948467,6.879058,Very Low,6.1393676,58.4,7.542857,100,1747923300,5.642857
2025-05-22T14:25:10Z,236,29.902,76.3,56,71.2,6,5,187,62,0.0,255,32767,0.11,2090-9-18,0.0,0.52,26.6,0.0,0.0,0.0,0,4.822265625,6,45,05:40,20:21,2025-05-22 14:25:10.017796,Città della Scienza,47.7,7.0471706,8.49962,4.935584,4.4441175,EU EEA Common AQI,79.8,5.555147,6.842208,7200,4.8428574,100,100,63.5,4.5142856,Very Low,80.0,5.707,100,1747923300,Very Low,3.948467,6.879058,Very Low,6.1393676,58.4,7.542857,100,1747923300,5.642857
2025-05-22T14:25:21Z,236,29.902,76.3,56,71.2,4,5,215,62,0.0,255,32767,0.11,2090-9-18,0.0,0.52,26.6,0.0,0.0,0.0,0,4.822265625,6,45,05:40,20:21,2025-05-22 14:25:21.087786,Città della Scienza,47.7,7.0471706,8.49962,4.935584,4.4441175,EU EEA Common AQI,79.8,5.555147,6.842208,7200,4.8428574,100,100,63.5,4.5142856,Very Low,80.0,5.707,100,1747923300,Very Low,3.948467,6.879058,Very Low,6.1393676,58.4,7.542857,100,1747923300,5.642857
2025-05-22T14:25:32Z,236,29.902,76.3,56,71.3,5,5,152,62,0.0,255,32767,0.11,2090-9-18,0.0,0.52,26.6,0.0,0.0,0.0,0,4.822265625,6,45,05:40,20:21,2025-05-22 14:25:32.185803,Città della Scienza,47.7,7.0471706,8.49962,4.935584,4.4441175,EU EEA Common AQI,79.8,5.555147,6.842208,7200,4.8428574,100,100,63.5,4.5142856,Very Low,80.0,5.707,100,1747923300,Very Low,3.948467,6.879058,Very Low,6.1393676,58.4,7.542857,100,1747923300,5.642857
2025-05-22T14:25:43Z,236,29.903,76.3,56,71.3,5,5,171,62,0.0,255,32767,0.11,2090-9-18,0.0,0.52,26.6,0.0,0.0,0.0,0,4.822265625,6,45,05:40,20:21,2025-05-22 14:25:43.301793,Città della Scienza,47.7,7.0471706,8.49962,4.935584,4.4441175,EU EEA Common AQI,79.8,5.555147,6.842208,7200,4.8428574,100,100,63.5,4.5142856,Very Low,80.0,5.707,100,1747923300,Very Low,3.948467,6.879058,Very Low,6.1393676,58.4,7.542857,100,1747923300,5.642857
2025-05-22T14:25:54Z,236,29.903,76.3,56,71.3,7,5,182,62,0.0,255,32767,0.11,2090-9-18,0.0,0.52,26.6,0.0,0.0,0.0,0,4.822265625,6,45,05:40,20:21,2025-05-22 14:25:54.399756,Città della Scienza,47.7,7.0471706,8.49962,4.935584,4.4441175,EU EEA Common AQI,79.8,5.555147,6.842208,7200,4.8428574,100,100,63.5,4.5142856,Very Low,80.0,5.707,100,1747923300,Very Low,3.948467,6.879058,Very Low,6.1393676,58.4,7.542857,100,1747923300,5.642857
2025-05-22T14:26:05Z,236,29.903,76.3,56,71.2,7,5,170,62,0.0,255,32767,0.11,2090-9-18,0.0,0.52,26.6,0.0,0.0,0.0,0,4.822265625,6,45,05:40,20:21,2025-05-22 14:26:05.477767,Città della Scienza,47.7,7.0471706,8.49962,4.935584,4.4441175,EU EEA Common AQI,79.8,5.555147,6.842208,7200,4.8428574,100,100,63.5,4.5142856,Very Low,80.0,5.707,100,1747923300,Very Low,3.948467,6.879058,Very Low,6.1393676,58.4,7.542857,100,1747923300,5.642857
2025-05-22T14:26:16Z,236,29.903,76.3,56,71.2,7,5,245,62,0.0,255,32767,0.11,2090-9-18,0.0,0.52,26.6,0.0,0.0,0.0,0,4.822265625,6,45,05:40,20:21,2025-05-22 14:26:16.540792,Città della Scienza,47.7,7.0471706,8.49962,4.935584,4.4441175,EU EEA Common AQI,79.8,5.555147,6.842208,7200,4.8428574,100,100,63.5,4.5142856,Very Low,80.0,5.707,100,1747923300,Very Low,3.948467,6.879058,Very Low,6.1393676,58.4,7.542857,100,1747923300,5.642857
2025-05-22T14:26:27Z,236,29.903,76.3,56,71.2,5,5,168,62,0.0,255,32767,0.11,2090-9-18,0.0,0.52,26.6,0.0,0.0,0.0,0,4.822265625,6,45,05:40,20:21,2025-05-22 14:26:27.647794,Città della Scienza,47.7,7.0471706,8.49962,4.935584,4.4441175,EU EEA Common AQI,79.8,5.555147,6.842208,7200,4.8428574,100,100,63.5,4.5142856,Very Low,80.0,5.707,100,1747923300,Very Low,3.948467,6.879058,Very Low,6.1393676,58.4,7.542857,100,1747923300,5.642857
2025-05-22T14:26:38Z,236,29.904,76.3,56,71.2,6,5,159,62,0.0,255,32767,0.11,2090-9-18,0.0,0.52,26.6,0.0,0.0,0.0,0,4.822265625,6,45,05:40,20:21,2025-05-22 14:26:38.719769,Città della Scienza,47.7,7.0471706,8.49962,4.935584,4.4441175,EU EEA Common AQI,79.8,5.555147,6.842208,7200,4.8428574,100,100,63.5,4.5142856,Very Low,80.0,5.707,100,1747923300,Very Low,3.948467,6.879058,Very Low,6.1393676,58.4,7.542857,100,1747923300,5.642857
2025-05-22T14:26:49Z,236,29.904,76.3,56,71.2,6,5,171,62,0.0,255,32767,0.11,2090-9-18,0.0,0.52,26.6,0.0,0.0,0.0,0,4.822265625,6,45,05:40,20:21,2025-05-22 14:26:49.739793,Città della Scienza,47.7,7.0471706,8.49962,4.935584,4.4441175,EU EEA Common AQI,79.8,5.555147,6.842208,7200,4.8428574,100,100,63.5,4.5142856,Very Low,80.0,5.707,100,1747923300,Very Low,3.948467,6.879058,Very Low,6.1393676,58.4,7.542857,100,1747923300,5.642857
2025-05-22T14:27:01Z,236,29.904,76.3,56,71.2,4,5,165,62,0.0,255,32767,0.11,2090-9-18,0.0,0.52,26.6,0.0,0.0,0.0,0,4.822265625,6,45,05:40,20:21,2025-05-22 14:27:00.830785,Città della Scienza,47.7,7.0471706,8.49962,4.935584,4.4441175,EU EEA Common AQI,79.8,5.555147,6.842208,7200,4.8428574,100,100,63.5,4.5142856,Very Low,80.0,5.707,100,1747923300,Very Low,3.948467,6.879058,Very Low,6.1393676,58.4,7.542857,100,1747923300,5.642857
2025-05-22T14:27:12Z,236,29.904,76.3,56,71.2,3,5,158,62,0.0,255,32767,0.11,2090-9-18,0.0,0.52,26.6,0.0,0.0,0.0,0,4.822265625,6,45,05:40,20:21,2025-05-22 14:27:11.863801,Città della Scienza,47.7,7.0471706,8.49962,4.935584,4.4441175,EU EEA Common AQI,79.8,5.555147,6.842208,7200,4.8428574,100,100,63.5,4.5142856,Very Low,80.0,5.707,100,1747923300,Very Low,3.948467,6.879058,Very Low,6.1393676,58.4,7.542857,100,1747923300,5.642857
2025-05-22T14:27:23Z,236,29.904,76.3,56,71.2,7,5,184,62,0.0,255,32767,0.11,2090-9-18,0.0,0.52,26.6,0.0,0.0,0.0,0,4.822265625,6,45,05:40,20:21,2025-05-22 14:27:22.962791,Città della Scienza,47.7,7.0471706,8.49962,4.935584,4.4441175,EU EEA Common AQI,79.8,5.555147,6.842208,7200,4.8428574,100,100,63.5,4.5142856,Very Low,80.0,5.707,100,1747923300,Very Low,3.948467,6.879058,Very Low,6.1393676,58.4,7.542857,100,1747923300,5.642857
2025-05-22T14:27:34Z,236,29.904,76.3,56,71.2,4,4,273,62,0.0,255,32767,0.11,2090-9-18,0.0,0.52,26.6,0.0,0.0,0.0,0,4.822265625,6,45,05:40,20:21,2025-05-22 14:27:34.174791,Città della Scienza,47.7,7.0471706,8.49962,4.935584,4.4441175,EU EEA Common AQI,79.8,5.555147,6.842208,7200,4.8428574,100,100,63.5,4.5142856,Very Low,80.0,5.707,100,1747923300,Very Low,3.948467,6.879058,Very Low,6.1393676,58.4,7.542857,100,1747923300,5.642857
2025-05-22T14:27:45Z,236,29.904,76.3,56,71.2,9,4,198,62,0.0,255,32767,0.11,2090-9-18,0.0,0.52,26.6,0.0,0.0,0.0,0,4.822265625,6,45,05:40,20:21,2025-05-22 14:27:45.270795,Città della Scienza,47.7,7.0471706,8.49962,4.935584,4.4441175,EU EEA Common AQI,79.8,5.555147,6.842208,7200,4.8428574,100,100,63.5,4.5142856,Very Low,80.0,5.707,100,1747923300,Very Low,3.948467,6.879058,Very Low,6.1393676,58.4,7.542857,100,1747923300,5.642857
2025-05-22T14:27:56Z,236,29.904,76.3,56,71.1,7,4,222,62,0.0,255,32767,0.11,2090-9-18,0.0,0.52,26.6,0.0,0.0,0.0,0,4.822265625,6,45,05:40,20:21,2025-05-22 14:27:56.344798,Città della Scienza,47.7,7.0471706,8.49962,4.935584,4.4441175,EU EEA Common AQI,79.8,5.555147,6.842208,7200,4.8428574,100,100,63.5,4.5142856,Very Low,80.0,5.707,100,1747923300,Very Low,3.948467,6.879058,Very Low,6.1393676,58.4,7.542857,100,1747923300,5.642857
2025-05-22T14:28:07Z,236,29.904,76.3,56,71.1,7,4,168,62,0.0,255,32767,0.11,2090-9-18,0.0,0.52,26.6,0.0,0.0,0.0,0,4.822265625,6,45,05:40,20:21,2025-05-22 14:28:07.444794,Città della Scienza,47.7,7.0471706,8.49962,4.935584,4.4441175,EU EEA Common AQI,79.8,5.555147,6.842208,7200,4.8428574,100,100,63.5,4.5142856,Very Low,80.0,5.707,100,1747923300,Very Low,3.948467,6.879058,Very Low,6.1393676,58.4,7.542857,100,1747923300,5.642857
2025-05-22T14:28:18Z,236,29.904,76.3,56,71.0,7,4,202,62,0.0,255,32767,0.11,2090-9-18,0.0,0.52,26.6,0.0,0.0,0.0,0,4.822265625,6,45,05:40,20:21,2025-05-22 14:28:18.559778,Città della Scienza,47.7,7.0471706,8.49962,4.935584,4.4441175,EU EEA Common AQI,79.8,5.555147,6.842208,7200,4.8428574,100,100,63.5,4.5142856,Very Low,80.0,5.707,100,1747923300,Very Low,3.948467,6.879058,Very Low,6.1393676,58.4,7.542857,100,1747923300,5.642857
2025-05-22T14:28:29Z,236,29.904,76.3,56,71.0,6,4,173,61,0.0,255,32767,0.11,2090-9-18,0.0,0.52,26.6,0.0,0.0,0.0,0,4.822265625,6,45,05:40,20:21,2025-05-22 14:28:29.669782,Città della Scienza,47.7,7.0471706,8.49962,4.935584,4.4441175,EU EEA Common AQI,79.8,5.555147,6.842208,7200,4.8428574,100,100,63.5,4.5142856,Very Low,80.0,5.707,100,1747923300,Very Low,3.948467,6.879058,Very Low,6.1393676,58.4,7.542857,100,1747923300,5.642857
2025-05-22T14:28:40Z,236,29.904,76.4,56,71.0,3,4,175,61,0.0,255,32767,0.11,2090-9-18,0.0,0.52,26.6,0.0,0.0,0.0,0,4.822265625,6,45,05:40,20:21,2025-05-22 14:28:40.722803,Città della Scienza,47.7,7.0471706,8.49962,4.935584,4.4441175,EU EEA Common AQI,79.8,5.555147,6.842208,7200,4.8428574,100,100,63.5,4.5142856,Very Low,80.0,5.707,100,1747923300,Very Low,3.948467,6.879058,Very Low,6.1393676,58.4,7.542857,100,1747923300,5.642857
2025-05-22T14:28:51Z,236,29.904,76.4,56,71.0,4,4,219,61,0.0,255,32767,0.11,2090-9-18,0.0,0.52,26.6,0.0,0.0,0.0,0,4.822265625,6,45,05:40,20:21,2025-05-22 14:28:51.783788,Città della Scienza,47.7,7.0471706,8.49962,4.935584,4.4441175,EU EEA Common AQI,79.8,5.555147,6.842208,7200,4.8428574,100,100,63.5,4.5142856,Very Low,80.0,5.707,100,1747923300,Very Low,3.948467,6.879058,Very Low,6.1393676,58.4,7.542857,100,1747923300,5.642857
2025-05-22T14:29:03Z,236,29.904,76.4,56,70.9,4,4,155,61,0.0,255,32767,0.11,2090-9-18,0.0,0.52,26.6,0.0,0.0,0.0,0,4.822265625,6,45,05:40,20:21,2025-05-22 14:29:02.921800,Città della Scienza,47.7,7.0471706,8.49962,4.935584,4.4441175,EU EEA Common AQI,79.8,5.555147,6.842208,7200,4.8428574,100,100,63.5,4.5142856,Very Low,80.0,5.707,100,1747923300,Very Low,3.948467,6.879058,Very Low,6.1393676,58.4,7.542857,100,1747923300,5.642857
2025-05-22T14:29:14Z,236,29.904,76.4,56,70.9,8,4,188,61,0.0,255,32767,0.11,2090-9-18,0.0,0.52,26.6,0.0,0.0,0.0,0,4.822265625,6,45,05:40,20:21,2025-05-22 14:29:14.059811,Città della Scienza,47.7,7.0471706,8.49962,4.935584,4.4441175,EU EEA Common AQI,79.8,5.555147,6.842208,7200,4.8428574,100,100,63.5,4.5142856,Very Low,80.0,5.707,100,1747923300,Very Low,3.948467,6.879058,Very Low,6.1393676,58.4,7.542857,100,1747923300,5.642857
2025-05-22T14:29:25Z,236,29.904,76.4,56,70.9,5,4,225,62,0.0,255,32767,0.11,2090-9-18,0.0,0.52,26.6,0.0,0.0,0.0,0,4.822265625,6,45,05:40,20:21,2025-05-22 14:29:25.117804,Città della Scienza,47.7,7.0471706,8.49962,4.935584,4.4441175,EU EEA Common AQI,79.8,5.555147,6.842208,7200,4.8428574,100,100,63.5,4.5142856,Very Low,80.0,5.707,100,1747923300,Very Low,3.948467,6.879058,Very Low,6.1393676,58.4,7.542857,100,1747923300,5.642857
2025-05-22T14:29:36Z,236,29.904,76.4,56,70.9,7,5,160,62,0.0,255,32767,0.11,2090-9-18,0.0,0.52,26.6,0.0,0.0,0.0,0,4.822265625,6,45,05:40,20:21,2025-05-22 14:29:36.178789,Città della Scienza,47.7,7.0471706,8.49962,4.935584,4.4441175,EU EEA Common AQI,79.8,5.555147,6.842208,7200,4.8428574,100,100,63.5,4.5142856,Very Low,80.0,5.707,100,1747923300,Very Low,3.948467,6.879058,Very Low,6.1393676,58.4,7.542857,100,1747923300,5.642857
2025-05-22T14:29:47Z,236,29.904,76.4,56,70.9,5,5,174,62,0.0,255,32767,0.11,2090-9-18,0.0,0.52,26.6,0.0,0.0,0.0,0,4.822265625,6,45,05:40,20:21,2025-05-22 14:29:47.244792,Città della Scienza,47.7,7.0471706,8.49962,4.935584,4.4441175,EU EEA Common AQI,79.8,5.555147,6.842208,7200,4.8428574,100,100,63.5,4.5142856,Very Low,80.0,5.707,100,1747923300,Very Low,3.948467,6.879058,Very Low,6.1393676,58.4,7.542857,100,1747923300,5.642857
2025-05-22T14:29:58Z,236,29.904,76.4,56,70.9,5,5,194,62,0.0,255,32767,0.11,2090-9-18,0.0,0.52,26.6,0.0,0.0,0.0,0,4.822265625,6,45,05:40,20:21,2025-05-22 14:29:58.266800,Città della Scienza,47.7,7.0471706,8.49962,4.935584,4.4441175,EU EEA Common AQI,79.8,5.555147,6.842208,7200,4.8428574,100,100,63.5,4.5142856,Very Low,80.0,5.707,100,1747923300,Very Low,3.948467,6.879058,Very Low,6.1393676,58.4,7.542857,100,1747923300,5.642857
2025-05-22T14:30:09Z,236,29.904,76.4,56,70.8,5,5,186,62,0.0,255,32767,0.11,2090-9-18,0.0,0.52,26.6,0.0,0.0,0.0,0,4.822265625,6,45,05:40,20:21,2025-05-22 14:30:09.376809,Città della Scienza,47.7,7.0471706,8.49962,4.935584,4.4441175,EU EEA Common AQI,79.8,5.555147,6.842208,7200,4.8428574,100,100,63.5,4.5142856,Very Low,80.0,5.707,100,1747923300,Very Low,3.948467,6.879058,Very Low,6.1393676,58.4,7.542857,100,1747923300,5.642857
2025-05-22T14:30:20Z,236,29.904,76.4,56,70.8,6,5,193,62,0.0,255,32767,0.11,2090-9-18,0.0,0.52,26.6,0.0,0.0,0.0,0,4.822265625,6,45,05:40,20:21,2025-05-22 14:30:20.479791,Città della Scienza,47.7,7.0471706,8.49962,4.935584,4.4441175,EU EEA Common AQI,79.8,5.555147,6.842208,7200,4.8428574,100,100,63.5,4.5142856,Very Low,80.0,5.707,100,1747923300,Very Low,3.948467,6.879058,Very Low,6.1393676,58.4,7.542857,100,1747923300,5.642857
2025-05-22T14:30:31Z,236,29.904,76.4,56,70.8,6,5,227,62,0.0,255,32767,0.11,2090-9-18,0.0,0.52,26.6,0.0,0.0,0.0,0,4.822265625,6,45,05:40,20:21,2025-05-22 14:30:31.610765,Città della Scienza,47.5,6.833759,8.531943,4.8587165,4.3529534,EU EEA Common AQI,80.0,5.441192,6.877356,7200,3.8,100,100,63.5,3.4857142,Very Low,80.2,5.5181165,100,1747924200,Very Low,3.886973,6.776974,Very Low,6.1319447,58.4,5.1285715,100,1747924200,4.357143
2025-05-22T14:30:43Z,236,29.905,76.4,55,70.7,4,5,195,62,0.0,255,32767,0.11,2090-9-18,0.0,0.52,26.6,0.0,0.0,0.0,0,4.822265625,6,45,05:40,20:21,2025-05-22 14:30:43.368794,Città della Scienza,47.5,6.833759,8.531943,4.8587165,4.3529534,EU EEA Common AQI,80.0,5.441192,6.877356,7200,3.8,100,100,63.5,3.4857142,Very Low,80.2,5.5181165,100,1747924200,Very Low,3.886973,6.776974,Very Low,6.1319447,58.4,5.1285715,100,1747924200,4.357143
2025-05-22T14:30:54Z,236,29.905,76.4,55,70.8,4,5,153,62,0.0,255,32767,0.11,2090-9-18,0.0,0.52,26.6,0.0,0.0,0.0,0,4.822265625,6,45,05:40,20:21,2025-05-22 14:30:54.442793,Città della Scienza,47.5,6.833759,8.531943,4.8587165,4.3529534,EU EEA Common AQI,80.0,5.441192,6.877356,7200,3.8,100,100,63.5,3.4857142,Very Low,80.2,5.5181165,100,1747924200,Very Low,3.886973,6.776974,Very Low,6.1319447,58.4,5.1285715,100,1747924200,4.357143
2025-05-22T14:31:05Z,236,29.905,76.4,55,70.8,7,5,152,62,0.0,255,32767,0.11,2090-9-18,0.0,0.52,26.6,0.0,0.0,0.0,0,4.822265625,6,45,05:40,20:21,2025-05-22 14:31:05.493792,Città della Scienza,47.5,6.833759,8.531943,4.8587165,4.3529534,EU EEA Common AQI,80.0,5.441192,6.877356,7200,3.8,100,100,63.5,3.4857142,Very Low,80.2,5.5181165,100,1747924200,Very Low,3.886973,6.776974,Very Low,6.1319447,58.4,5.1285715,100,1747924200,4.357143
2025-05-22T14:31:16Z,236,29.905,76.4,55,70.8,8,5,185,62,0.0,255,32767,0.11,2090-9-18,0.0,0.52,26.6,0.0,0.0,0.0,0,4.822265625,6,45,05:40,20:21,2025-05-22 14:31:16.596802,Città della Scienza,47.5,6.833759,8.531943,4.8587165,4.3529534,EU EEA Common AQI,80.0,5.441192,6.877356,7200,3.8,100,100,63.5,3.4857142,Very Low,80.2,5.5181165,100,1747924200,Very Low,3.886973,6.776974,Very Low,6.1319447,58.4,5.1285715,100,1747924200,4.357143
2025-05-22T14:31:27Z,236,29.905,76.4,55,70.7,6,5,186,62,0.0,255,32767,0.11,2090-9-18,0.0,0.52,26.6,0.0,0.0,0.0,0,4.822265625,6,45,05:40,20:21,2025-05-22 14:31:27.663790,Città della Scienza,47.5,6.833759,8.531943,4.8587165,4.3529534,EU EEA Common AQI,80.0,5.441192,6.877356,7200,3.8,100,100,63.5,3.4857142,Very Low,80.2,5.5181165,100,1747924200,Very Low,3.886973,6.776974,Very Low,6.1319447,58.4,5.1285715,100,1747924200,4.357143
2025-05-22T14:31:38Z,236,29.904,76.4,55,70.7,4,5,186,62,0.0,255,32767,0.11,2090-9-18,0.0,0.52,26.6,0.0,0.0,0.0,0,4.822265625,6,45,05:40,20:21,2025-05-22 14:31:38.752796,Città della Scienza,47.5,6.833759,8.531943,4.8587165,4.3529534,EU EEA Common AQI,80.0,5.441192,6.877356,7200,3.8,100,100,63.5,3.4857142,Very Low,80.2,5.5181165,100,1747924200,Very Low,3.886973,6.776974,Very Low,6.1319447,58.4,5.1285715,100,1747924200,4.357143
2025-05-22T14:31:50Z,236,29.904,76.4,55,70.7,9,5,177,62,0.0,255,32767,0.11,2090-9-18,0.0,0.52,26.6,0.0,0.0,0.0,0,4.822265625,6,45,05:40,20:21,2025-05-22 14:31:49.808789,Città della Scienza,47.5,6.833759,8.531943,4.8587165,4.3529534,EU EEA Common AQI,80.0,5.441192,6.877356,7200,3.8,100,100,63.5,3.4857142,Very Low,80.2,5.5181165,100,1747924200,Very Low,3.886973,6.776974,Very Low,6.1319447,58.4,5.1285715,100,1747924200,4.357143
2025-05-22T14:32:01Z,236,29.904,76.4,55,70.6,5,5,169,61,0.0,255,32767,0.11,2090-9-18,0.0,0.52,26.6,0.0,0.0,0.0,0,4.822265625,6,45,05:40,20:21,2025-05-22 14:32:00.870797,Città della Scienza,47.5,6.833759,8.531943,4.8587165,4.3529534,EU EEA Common AQI,80.0,5.441192,6.877356,7200,3.8,100,100,63.5,3.4857142,Very Low,80.2,5.5181165,100,1747924200,Very Low,3.886973,6.776974,Very Low,6.1319447,58.4,5.1285715,100,1747924200,4.357143
2025-05-22T14:32:12Z,236,29.904,76.4,55,70.6,4,5,171,61,0.0,255,32767,0.11,2090-9-18,0.0,0.52,26.6,0.0,0.0,0.0,0,4.822265625,6,45,05:40,20:21,2025-05-22 14:32:11.963794,Città della Scienza,47.5,6.833759,8.531943,4.8587165,4.3529534,EU EEA Common AQI,80.0,5.441192,6.877356,7200,3.8,100,100,63.5,3.4857142,Very Low,80.2,5.5181165,100,1747924200,Very Low,3.886973,6.776974,Very Low,6.1319447,58.4,5.1285715,100,1747924200,4.357143
2025-05-22T14:32:23Z,236,29.904,76.4,55,70.6,7,5,161,61,0.0,255,32767,0.11,2090-9-18,0.0,0.52,26.6,0.0,0.0,0.0,0,4.822265625,6,45,05:40,20:21,2025-05-22 14:32:23.037795,Città della Scienza,47.5,6.833759,8.531943,4.8587165,4.3529534,EU EEA Common AQI,80.0,5.441192,6.877356,7200,3.8,100,100,63.5,3.4857142,Very Low,80.2,5.5181165,100,1747924200,Very Low,3.886973,6.776974,Very Low,6.1319447,58.4,5.1285715,100,1747924200,4.357143
2025-05-22T14:32:34Z,236,29.904,76.3,55,70.6,5,5,168,61,0.0,255,32767,0.11,2090-9-18,0.0,0.52,26.6,0.0,0.0,0.0,0,4.822265625,6,45,05:40,20:21,2025-05-22 14:32:34.185812,Città della Scienza,47.5,6.833759,8.531943,4.8587165,4.3529534,EU EEA Common AQI,80.0,5.441192,6.877356,7200,3.8,100,100,63.5,3.4857142,Very Low,80.2,5.5181165,100,1747924200,Very Low,3.886973,6.776974,Very Low,6.1319447,58.4,5.1285715,100,1747924200,4.357143
2025-05-22T14:32:45Z,236,29.904,76.3,55,70.6,5,5,194,61,0.0,255,32767,0.11,2090-9-18,0.0,0.52,26.6,0.0,0.0,0.0,0,4.822265625,6,45,05:40,20:21,2025-05-22 14:32:45.260790,Città della Scienza,47.5,6.833759,8.531943,4.8587165,4.3529534,EU EEA Common AQI,80.0,5.441192,6.877356,7200,3.8,100,100,63.5,3.4857142,Very Low,80.2,5.5181165,100,1747924200,Very Low,3.886973,6.776974,Very Low,6.1319447,58.4,5.1285715,100,1747924200,4.357143
2025-05-22T14:32:56Z,236,29.904,76.3,55,70.6,4,5,188,61,0.0,255,32767,0.11,2090-9-18,0.0,0.52,26.6,0.0,0.0,0.0,0,4.822265625,6,45,05:40,20:21,2025-05-22 14:32:56.336804,Città della Scienza,47.5,6.833759,8.531943,4.8587165,4.3529534,EU EEA Common AQI,80.0,5.441192,6.877356,7200,3.8,100,100,63.5,3.4857142,Very Low,80.2,5.5181165,100,1747924200,Very Low,3.886973,6.776974,Very Low,6.1319447,58.4,5.1285715,100,1747924200,4.357143
2025-05-22T14:33:07Z,236,29.904,76.3,55,70.6,3,5,152,61,0.0,255,32767,0.11,2090-9-18,0.0,0.52,26.6,0.0,0.0,0.0,0,4.822265625,6,45,05:40,20:21,2025-05-22 14:33:07.394796,Città della Scienza,47.5,6.833759,8.531943,4.8587165,4.3529534,EU EEA Common AQI,80.0,5.441192,6.877356,7200,3.8,100,100,63.5,3.4857142,Very Low,80.2,5.5181165,100,1747924200,Very Low,3.886973,6.776974,Very Low,6.1319447,58.4,5.1285715,100,1747924200,4.357143
2025-05-22T14:33:18Z,236,29.904,76.3,55,70.5,3,5,177,61,0.0,255,32767,0.11,2090-9-18,0.0,0.52,26.6,0.0,0.0,0.0,0,4.822265625,6,45,05:40,20:21,2025-05-22 14:33:18.486808,Città della Scienza,47.5,6.833759,8.531943,4.8587165,4.3529534,EU EEA Common AQI,80.0,5.441192,6.877356,7200,3.8,100,100,63.5,3.4857142,Very Low,80.2,5.5181165,100,1747924200,Very Low,3.886973,6.776974,Very Low,6.1319447,58.4,5.1285715,100,1747924200,4.357143
2025-05-22T14:33:29Z,236,29.904,76.3,55,70.5,6,5,180,61,0.0,255,32767,0.11,2090-9-18,0.0,0.52,26.6,0.0,0.0,0.0,0,4.822265625,6,45,05:40,20:21,2025-05-22 14:33:29.574799,Città della Scienza,47.5,6.833759,8.531943,4.8587165,4.3529534,EU EEA Common AQI,80.0,5.441192,6.877356,7200,3.8,100,100,63.5,3.4857142,Very Low,80.2,5.5181165,100,1747924200,Very Low,3.886973,6.776974,Very Low,6.1319447,58.4,5.1285715,100,1747924200,4.357143
2025-05-22T14:33:40Z,236,29.903,76.3,55,70.5,3,5,179,62,0.0,255,32767,0.11,2090-9-18,0.0,0.52,26.6,0.0,0.0,0.0,0,4.822265625,6,45,05:40,20:21,2025-05-22 14:33:40.623810,Città della Scienza,47.5,6.833759,8.531943,4.8587165,4.3529534,EU EEA Common AQI,80.0,5.441192,6.877356,7200,3.8,100,100,63.5,3.4857142,Very Low,80.2,5.5181165,100,1747924200,Very Low,3.886973,6.776974,Very Low,6.1319447,58.4,5.1285715,100,1747924200,4.357143
2025-05-22T14:33:51Z,236,29.903,76.3,55,70.5,6,5,190,62,0.0,255,32767,0.11,2090-9-18,0.0,0.52,26.6,0.0,0.0,0.0,0,4.822265625,6,45,05:40,20:21,2025-05-22 14:33:51.715792,Città della Scienza,47.5,6.833759,8.531943,4.8587165,4.3529534,EU EEA Common AQI,80.0,5.441192,6.877356,7200,3.8,100,100,63.5,3.4857142,Very Low,80.2,5.5181165,100,1747924200,Very Low,3.886973,6.776974,Very Low,6.1319447,58.4,5.1285715,100,1747924200,4.357143
2025-05-22T14:34:02Z,236,29.903,76.3,55,70.5,5,5,157,62,0.0,255,32767,0.11,2090-9-18,0.0,0.52,26.6,0.0,0.0,0.0,0,4.822265625,6,45,05:40,20:21,2025-05-22 14:34:02.789794,Città della Scienza,47.5,6.833759,8.531943,4.8587165,4.3529534,EU EEA Common AQI,80.0,5.441192,6.877356,7200,3.8,100,100,63.5,3.4857142,Very Low,80.2,5.5181165,100,1747924200,Very Low,3.886973,6.776974,Very Low,6.1319447,58.4,5.1285715,100,1747924200,4.357143
2025-05-22T14:34:14Z,236,29.903,76.3,55,70.5,5,5,194,62,0.0,255,32767,0.11,2090-9-18,0.0,0.52,26.6,0.0,0.0,0.0,0,4.822265625,6,45,05:40,20:21,2025-05-22 14:34:13.868759,Città della Scienza,47.5,6.833759,8.531943,4.8587165,4.3529534,EU EEA Common AQI,80.0,5.441192,6.877356,7200,3.8,100,100,63.5,3.4857142,Very Low,80.2,5.5181165,100,1747924200,Very Low,3.886973,6.776974,Very Low,6.1319447,58.4,5.1285715,100,1747924200,4.357143
2025-05-22T14:34:25Z,236,29.903,76.3,55,70.4,7,5,184,62,0.0,255,32767,0.11,2090-9-18,0.0,0.52,26.6,0.0,0.0,0.0,0,4.822265625,6,45,05:40,20:21,2025-05-22 14:34:24.989807,Città della Scienza,47.5,6.833759,8.531943,4.8587165,4.3529534,EU EEA Common AQI,80.0,5.441192,6.877356,7200,3.8,100,100,63.5,3.4857142,Very Low,80.2,5.5181165,100,1747924200,Very Low,3.886973,6.776974,Very Low,6.1319447,58.4,5.1285715,100,1747924200,4.357143
2025-05-22T14:34:36Z,236,29.901,76.3,55,70.4,7,5,187,62,0.0,255,32767,0.11,2090-9-18,0.0,0.52,26.6,0.0,0.0,0.0,0,4.822265625,6,45,05:40,20:21,2025-05-22 14:34:36.025792,Città della Scienza,47.5,6.833759,8.531943,4.8587165,4.3529534,EU EEA Common AQI,80.0,5.441192,6.877356,7200,3.8,100,100,63.5,3.4857142,Very Low,80.2,5.5181165,100,1747924200,Very Low,3.886973,6.776974,Very Low,6.1319447,58.4,5.1285715,100,1747924200,4.357143
2025-05-22T14:34:47Z,236,29.901,76.3,55,70.4,6,5,178,62,0.0,255,32767,0.11,2090-9-18,0.0,0.52,26.6,0.0,0.0,0.0,0,4.822265625,6,45,05:40,20:21,2025-05-22 14:34:47.098799,Città della Scienza,47.5,6.833759,8.531943,4.8587165,4.3529534,EU EEA Common AQI,80.0,5.441192,6.877356,7200,3.8,100,100,63.5,3.4857142,Very Low,80.2,5.5181165,100,1747924200,Very Low,3.886973,6.776974,Very Low,6.1319447,58.4,5.1285715,100,1747924200,4.357143
2025-05-22T14:34:58Z,236,29.901,76.3,55,70.3,5,5,142,62,0.0,255,32767,0.11,2090-9-18,0.0,0.52,26.6,0.0,0.0,0.0,0,4.822265625,6,45,05:40,20:21,2025-05-22 14:34:58.197784,Città della Scienza,47.5,6.833759,8.531943,4.8587165,4.3529534,EU EEA Common AQI,80.0,5.441192,6.877356,7200,3.8,100,100,63.5,3.4857142,Very Low,80.2,5.5181165,100,1747924200,Very Low,3.886973,6.776974,Very Low,6.1319447,58.4,5.1285715,100,1747924200,4.357143
2025-05-22T14:35:09Z,236,29.901,76.3,55,70.3,5,5,157,62,0.0,255,32767,0.11,2090-9-18,0.0,0.52,26.6,0.0,0.0,0.0,0,4.822265625,6,45,05:40,20:21,2025-05-22 14:35:09.291799,Città della Scienza,47.5,6.833759,8.531943,4.8587165,4.3529534,EU EEA Common AQI,80.0,5.441192,6.877356,7200,3.8,100,100,63.5,3.4857142,Very Low,80.2,5.5181165,100,1747924200,Very Low,3.886973,6.776974,Very Low,6.1319447,58.4,5.1285715,100,1747924200,4.357143
2025-05-22T14:35:20Z,236,29.901,76.3,55,70.3,3,5,173,62,0.0,255,32767,0.11,2090-9-18,0.0,0.52,26.6,0.0,0.0,0.0,0,4.822265625,6,45,05:40,20:21,2025-05-22 14:35:20.378813,Città della Scienza,47.5,6.833759,8.531943,4.8587165,4.3529534,EU EEA Common AQI,80.0,5.441192,6.877356,7200,3.8,100,100,63.5,3.4857142,Very Low,80.2,5.5181165,100,1747924200,Very Low,3.886973,6.776974,Very Low,6.1319447,58.4,5.1285715,100,1747924200,4.357143
2025-05-22T14:35:31Z,236,29.901,76.3,55,70.3,6,5,159,62,0.0,255,32767,0.11,2090-9-18,0.0,0.52,26.6,0.0,0.0,0.0,0,4.822265625,6,45,05:40,20:21,2025-05-22 14:35:31.404793,Città della Scienza,47.5,6.833759,8.531943,4.8587165,4.3529534,EU EEA Common AQI,80.0,5.441192,6.877356,7200,3.8,100,100,63.5,3.4857142,Very Low,80.2,5.5181165,100,1747924200,Very Low,3.886973,6.776974,Very Low,6.1319447,58.4,5.1285715,100,1747924200,4.357143
2025-05-22T14:35:42Z,236,29.903,76.3,55,70.3,6,5,170,62,0.0,255,32767,0.11,2090-9-18,0.0,0.52,26.6,0.0,0.0,0.0,0,4.822265625,6,45,05:40,20:21,2025-05-22 14:35:42.501795,Città della Scienza,47.5,6.833759,8.531943,4.8587165,4.3529534,EU EEA Common AQI,80.0,5.441192,6.877356,7200,3.8,100,100,63.5,3.4857142,Very Low,80.2,5.5181165,100,1747924200,Very Low,3.886973,6.776974,Very Low,6.1319447,58.4,5.1285715,100,1747924200,4.357143
2025-05-22T14:35:53Z,236,29.903,76.3,55,70.2,5,5,173,62,0.0,255,32767,0.11,2090-9-18,0.0,0.52,26.6,0.0,0.0,0.0,0,4.822265625,6,45,05:40,20:21,2025-05-22 14:35:53.578797,Città della Scienza,47.5,6.833759,8.531943,4.8587165,4.3529534,EU EEA Common AQI,80.0,5.441192,6.877356,7200,3.8,100,100,63.5,3.4857142,Very Low,80.2,5.5181165,100,1747924200,Very Low,3.886973,6.776974,Very Low,6.1319447,58.4,5.1285715,100,1747924200,4.357143
2025-05-22T14:36:04Z,236,29.903,76.3,55,70.2,4,5,164,62,0.0,255,32767,0.11,2090-9-18,0.0,0.52,26.6,0.0,0.0,0.0,0,4.822265625,6,45,05:40,20:21,2025-05-22 14:36:04.645814,Città della Scienza,47.5,6.833759,8.531943,4.8587165,4.3529534,EU EEA Common AQI,80.0,5.441192,6.877356,7200,3.8,100,100,63.5,3.4857142,Very Low,80.2,5.5181165,100,1747924200,Very Low,3.886973,6.776974,Very Low,6.1319447,58.4,5.1285715,100,1747924200,4.357143
2025-05-22T14:36:15Z,236,29.903,76.3,55,70.2,5,5,182,62,0.0,255,32767,0.11,2090-9-18,0.0,0.52,26.6,0.0,0.0,0.0,0,4.822265625,6,45,05:40,20:21,2025-05-22 14:36:15.747800,Città della Scienza,47.5,6.833759,8.531943,4.8587165,4.3529534,EU EEA Common AQI,80.0,5.441192,6.877356,7200,3.8,100,100,63.5,3.4857142,Very Low,80.2,5.5181165,100,1747924200,Very Low,3.886973,6.776974,Very Low,6.1319447,58.4,5.1285715,100,1747924200,4.357143
2025-05-22T14:36:27Z,236,29.903,76.3,55,70.2,6,5,160,62,0.0,255,32767,0.11,2090-9-18,0.0,0.52,26.6,0.0,0.0,0.0,0,4.822265625,6,45,05:40,20:21,2025-05-22 14:36:26.804790,Città della Scienza,47.5,6.833759,8.531943,4.8587165,4.3529534,EU EEA Common AQI,80.0,5.441192,6.877356,7200,3.8,100,100,63.5,3.4857142,Very Low,80.2,5.5181165,100,1747924200,Very Low,3.886973,6.776974,Very Low,6.1319447,58.4,5.1285715,100,1747924200,4.357143
2025-05-22T14:36:38Z,236,29.901,76.3,55,70.2,7,5,168,62,0.0,255,32767,0.11,2090-9-18,0.0,0.52,26.6,0.0,0.0,0.0,0,4.822265625,6,45,05:40,20:21,2025-05-22 14:36:37.906785,Città della Scienza,47.5,6.833759,8.531943,4.8587165,4.3529534,EU EEA Common AQI,80.0,5.441192,6.877356,7200,3.8,100,100,63.5,3.4857142,Very Low,80.2,5.5181165,100,1747924200,Very Low,3.886973,6.776974,Very Low,6.1319447,58.4,5.1285715,100,1747924200,4.357143
2025-05-22T14:36:49Z,236,29.901,76.3,55,70.1,5,5,152,62,0.0,255,32767,0.11,2090-9-18,0.0,0.52,26.6,0.0,0.0,0.0,0,4.822265625,6,45,05:40,20:21,2025-05-22 14:36:49.007792,Città della Scienza,47.5,6.833759,8.531943,4.8587165,4.3529534,EU EEA Common AQI,80.0,5.441192,6.877356,7200,3.8,100,100,63.5,3.4857142,Very Low,80.2,5.5181165,100,1747924200,Very Low,3.886973,6.776974,Very Low,6.1319447,58.4,5.1285715,100,1747924200,4.357143
2025-05-22T14:37:00Z,236,29.901,76.3,55,70.1,3,5,182,62,0.0,255,32767,0.11,2090-9-18,0.0,0.52,26.6,0.0,0.0,0.0,0,4.822265625,6,45,05:40,20:21,2025-05-22 14:37:00.053817,Città della Scienza,47.5,6.833759,8.531943,4.8587165,4.3529534,EU EEA Common AQI,80.0,5.441192,6.877356,7200,3.8,100,100,63.5,3.4857142,Very Low,80.2,5.5181165,100,1747924200,Very Low,3.886973,6.776974,Very Low,6.1319447,58.4,5.1285715,100,1747924200,4.357143
2025-05-22T14:37:11Z,236,29.901,76.3,55,70.1,2,5,161,64,0.0,255,32767,0.11,2090-9-18,0.0,0.52,26.6,0.0,0.0,0.0,0,4.822265625,6,45,05:40,20:21,2025-05-22 14:37:11.119806,Città della Scienza,47.5,6.833759,8.531943,4.8587165,4.3529534,EU EEA Common AQI,80.0,5.441192,6.877356,7200,3.8,100,100,63.5,3.4857142,Very Low,80.2,5.5181165,100,1747924200,Very Low,3.886973,6.776974,Very Low,6.1319447,58.4,5.1285715,100,1747924200,4.357143
2025-05-22T14:37:22Z,236,29.901,76.3,55,70.1,4,5,166,64,0.0,255,32767,0.11,2090-9-18,0.0,0.52,26.6,0.0,0.0,0.0,0,4.822265625,6,45,05:40,20:21,2025-05-22 14:37:22.190788,Città della Scienza,47.5,6.833759,8.531943,4.8587165,4.3529534,EU EEA Common AQI,80.0,5.441192,6.877356,7200,3.8,100,100,63.5,3.4857142,Very Low,80.2,5.5181165,100,1747924200,Very Low,3.886973,6.776974,Very Low,6.1319447,58.4,5.1285715,100,1747924200,4.357143
2025-05-22T14:37:33Z,236,29.901,76.3,55,70.1,5,5,180,64,0.0,255,32767,0.11,2090-9-18,0.0,0.52,26.6,0.0,0.0,0.0,0,4.822265625,6,45,05:40,20:21,2025-05-22 14:37:33.266764,Città della Scienza,47.5,6.833759,8.531943,4.8587165,4.3529534,EU EEA Common AQI,80.0,5.441192,6.877356,7200,3.8,100,100,63.5,3.4857142,Very Low,80.2,5.5181165,100,1747924200,Very Low,3.886973,6.776974,Very Low,6.1319447,58.4,5.1285715,100,1747924200,4.357143
2025-05-22T14:37:44Z,236,29.902,76.3,55,70.1,4,5,229,64,0.0,255,32767,0.11,2090-9-18,0.0,0.52,26.6,0.0,0.0,0.0,0,4.822265625,6,45,05:40,20:21,2025-05-22 14:37:44.334788,Città della Scienza,47.5,6.833759,8.531943,4.8587165,4.3529534,EU EEA Common AQI,80.0,5.441192,6.877356,7200,3.8,100,100,63.5,3.4857142,Very Low,80.2,5.5181165,100,1747924200,Very Low,3.886973,6.776974,Very Low,6.1319447,58.4,5.1285715,100,1747924200,4.357143
2025-05-22T14:37:55Z,236,29.902,76.3,55,70.1,4,5,188,64,0.0,255,32767,0.11,2090-9-18,0.0,0.52,26.6,0.0,0.0,0.0,0,4.822265625,6,45,05:40,20:21,2025-05-22 14:37:55.422788,Città della Scienza,47.5,6.833759,8.531943,4.8587165,4.3529534,EU EEA Common AQI,80.0,5.441192,6.877356,7200,3.8,100,100,63.5,3.4857142,Very Low,80.2,5.5181165,100,1747924200,Very Low,3.886973,6.776974,Very Low,6.1319447,58.4,5.1285715,100,1747924200,4.357143
2025-05-22T14:38:06Z,236,29.902,76.3,55,70.1,8,5,187,64,0.0,255,32767,0.11,2090-9-18,0.0,0.52,26.6,0.0,0.0,0.0,0,4.822265625,6,45,05:40,20:21,2025-05-22 14:38:06.498758,Città della Scienza,47.5,6.833759,8.531943,4.8587165,4.3529534,EU EEA Common AQI,80.0,5.441192,6.877356,7200,3.8,100,100,63.5,3.4857142,Very Low,80.2,5.5181165,100,1747924200,Very Low,3.886973,6.776974,Very Low,6.1319447,58.4,5.1285715,100,1747924200,4.357143
2025-05-22T14:38:17Z,236,29.902,76.3,55,70.1,10,5,162,64,0.0,255,32767,0.11,2090-9-18,0.0,0.52,26.6,0.0,0.0,0.0,0,4.822265625,6,45,05:40,20:21,2025-05-22 14:38:17.617804,Città della Scienza,47.5,6.833759,8.531943,4.8587165,4.3529534,EU EEA Common AQI,80.0,5.441192,6.877356,7200,3.8,100,100,63.5,3.4857142,Very Low,80.2,5.5181165,100,1747924200,Very Low,3.886973,6.776974,Very Low,6.1319447,58.4,5.1285715,100,1747924200,4.357143
2025-05-22T14:38:28Z,236,29.902,76.3,55,70.1,6,5,175,64,0.0,255,32767,0.11,2090-9-18,0.0,0.52,26.6,0.0,0.0,0.0,0,4.822265625,6,45,05:40,20:21,2025-05-22 14:38:28.696806,Città della Scienza,47.5,6.833759,8.531943,4.8587165,4.3529534,EU EEA Common AQI,80.0,5.441192,6.877356,7200,3.8,100,100,63.5,3.4857142,Very Low,80.2,5.5181165,100,1747924200,Very Low,3.886973,6.776974,Very Low,6.1319447,58.4,5.1285715,100,1747924200,4.357143
2025-05-22T14:38:39Z,236,29.903,76.3,55,70.1,6,5,205,64,0.0,255,32767,0.11,2090-9-18,0.0,0.52,26.6,0.0,0.0,0.0,0,4.822265625,6,45,05:40,20:21,2025-05-22 14:38:39.777763,Città della Scienza,47.5,6.833759,8.531943,4.8587165,4.3529534,EU EEA Common AQI,80.0,5.441192,6.877356,7200,3.8,100,100,63.5,3.4857142,Very Low,80.2,5.5181165,100,1747924200,Very Low,3.886973,6.776974,Very Low,6.1319447,58.4,5.1285715,100,1747924200,4.357143
2025-05-22T14:38:51Z,236,29.903,76.3,55,70.1,4,5,184,64,0.0,255,32767,0.11,2090-9-18,0.0,0.52,26.6,0.0,0.0,0.0,0,4.822265625,6,45,05:40,20:21,2025-05-22 14:38:50.854777,Città della Scienza,47.5,6.833759,8.531943,4.8587165,4.3529534,EU EEA Common AQI,80.0,5.441192,6.877356,7200,3.8,100,100,63.5,3.4857142,Very Low,80.2,5.5181165,100,1747924200,Very Low,3.886973,6.776974,Very Low,6.1319447,58.4,5.1285715,100,1747924200,4.357143
2025-05-22T14:39:02Z,236,29.903,76.3,55,70.1,5,5,185,64,0.0,255,32767,0.11,2090-9-18,0.0,0.52,26.6,0.0,0.0,0.0,0,4.822265625,6,45,05:40,20:21,2025-05-22 14:39:01.908790,Città della Scienza,47.5,6.833759,8.531943,4.8587165,4.3529534,EU EEA Common AQI,80.0,5.441192,6.877356,7200,3.8,100,100,63.5,3.4857142,Very Low,80.2,5.5181165,100,1747924200,Very Low,3.886973,6.776974,Very Low,6.1319447,58.4,5.1285715,100,1747924200,4.357143
2025-05-22T14:39:13Z,236,29.903,76.3,55,70.1,4,5,188,64,0.0,255,32767,0.11,2090-9-18,0.0,0.52,26.6,0.0,0.0,0.0,0,4.822265625,6,45,05:40,20:21,2025-05-22 14:39:12.981794,Città della Scienza,47.5,6.833759,8.531943,4.8587165,4.3529534,EU EEA Common AQI,80.0,5.441192,6.877356,7200,3.8,100,100,63.5,3.4857142,Very Low,80.2,5.5181165,100,1747924200,Very Low,3.886973,6.776974,Very Low,6.1319447,58.4,5.1285715,100,1747924200,4.357143
2025-05-22T14:39:24Z,236,29.903,76.3,55,70.1,5,5,214,64,0.0,255,32767,0.11,2090-9-18,0.0,0.52,26.6,0.0,0.0,0.0,0,4.822265625,6,45,05:40,20:21,2025-05-22 14:39:24.109796,Città della Scienza,47.5,6.833759,8.531943,4.8587165,4.3529534,EU EEA Common AQI,80.0,5.441192,6.877356,7200,3.8,100,100,63.5,3.4857142,Very Low,80.2,5.5181165,100,1747924200,Very Low,3.886973,6.776974,Very Low,6.1319447,58.4,5.1285715,100,1747924200,4.357143
2025-05-22T14:39:35Z,236,29.901,76.2,55,70.1,4,5,177,64,0.0,255,32767,0.11,2090-9-18,0.0,0.52,26.6,0.0,0.0,0.0,0,4.822265625,6,45,05:40,20:21,2025-05-22 14:39:35.175790,Città della Scienza,47.5,6.833759,8.531943,4.8587165,4.3529534,EU EEA Common AQI,80.0,5.441192,6.877356,7200,3.8,100,100,63.5,3.4857142,Very Low,80.2,5.5181165,100,1747924200,Very Low,3.886973,6.776974,Very Low,6.1319447,58.4,5.1285715,100,1747924200,4.357143
2025-05-22T14:39:46Z,236,29.901,76.2,55,70.1,5,5,188,64,0.0,255,32767,0.11,2090-9-18,0.0,0.52,26.6,0.0,0.0,0.0,0,4.822265625,6,45,05:40,20:21,2025-05-22 14:39:46.229800,Città della Scienza,47.5,6.833759,8.531943,4.8587165,4.3529534,EU EEA Common AQI,80.0,5.441192,6.877356,7200,3.8,100,100,63.5,3.4857142,Very Low,80.2,5.5181165,100,1747924200,Very Low,3.886973,6.776974,Very Low,6.1319447,58.4,5.1285715,100,1747924200,4.357143
2025-05-22T14:39:57Z,236,29.901,76.2,55,70.0,3,5,172,64,0.0,255,32767,0.11,2090-9-18,0.0,0.52,26.6,0.0,0.0,0.0,0,4.822265625,6,45,05:40,20:21,2025-05-22 14:39:57.321807,Città della Scienza,47.5,6.833759,8.531943,4.8587165,4.3529534,EU EEA Common AQI,80.0,5.441192,6.877356,7200,3.8,100,100,63.5,3.4857142,Very Low,80.2,5.5181165,100,1747924200,Very Low,3.886973,6.776974,Very Low,6.1319447,58.4,5.1285715,100,1747924200,4.357143
2025-05-22T14:40:08Z,236,29.901,76.2,55,70.1,6,5,207,64,0.0,255,32767,0.11,2090-9-18,0.0,0.52,26.6,0.0,0.0,0.0,0,4.822265625,6,45,05:40,20:21,2025-05-22 14:40:08.395785,Città della Scienza,47.5,6.833759,8.531943,4.8587165,4.3529534,EU EEA Common AQI,80.0,5.441192,6.877356,7200,3.8,100,100,63.5,3.4857142,Very Low,80.2,5.5181165,100,1747924200,Very Low,3.886973,6.776974,Very Low,6.1319447,58.4,5.1285715,100,1747924200,4.357143
2025-05-22T14:40:19Z,236,29.901,76.2,55,70.1,6,5,167,64,0.0,255,32767,0.11,2090-9-18,0.0,0.52,26.6,0.0,0.0,0.0,0,4.822265625,6,45,05:40,20:21,2025-05-22 14:40:19.445784,Città della Scienza,47.5,6.833759,8.531943,4.8587165,4.3529534,EU EEA Common AQI,80.0,5.441192,6.877356,7200,3.8,100,100,63.5,3.4857142,Very Low,80.2,5.5181165,100,1747924200,Very Low,3.886973,6.776974,Very Low,6.1319447,58.4,5.1285715,100,1747924200,4.357143
2025-05-22T14:40:30Z,236,29.901,76.2,55,70.1,3,5,173,64,0.0,255,32767,0.11,2090-9-18,0.0,0.52,26.6,0.0,0.0,0.0,0,4.822265625,6,45,05:40,20:21,2025-05-22 14:40:30.505812,Città della Scienza,47.5,6.833759,8.531943,4.8587165,4.3529534,EU EEA Common AQI,80.0,5.441192,6.877356,7200,3.8,100,100,63.5,3.4857142,Very Low,80.2,5.5181165,100,1747924200,Very Low,3.886973,6.776974,Very Low,6.1319447,58.4,5.1285715,100,1747924200,4.357143
2025-05-22T14:40:55Z,236,29.902,76.3,55,70.1,3,5,188,64,0.0,255,32767,0.11,2090-9-18,0.0,0.52,26.6,0.0,0.0,0.0,0,4.822265625,6,45,05:40,20:21,2025-05-22 14:40:55.191798,Città della Scienza,47.5,6.833759,8.531943,4.8587165,4.3529534,EU EEA Common AQI,80.0,5.441192,6.877356,7200,3.8,100,100,63.5,3.4857142,Very Low,80.2,5.5181165,100,1747924200,Very Low,3.886973,6.776974,Very Low,6.1319447,58.4,5.1285715,100,1747924200,4.357143
2025-05-22T14:41:06Z,236,29.902,76.3,55,70.1,3,5,188,64,0.0,255,32767,0.11,2090-9-18,0.0,0.52,26.6,0.0,0.0,0.0,0,4.822265625,6,45,05:40,20:21,2025-05-22 14:41:06.310799,Città della Scienza,47.5,6.833759,8.531943,4.8587165,4.3529534,EU EEA Common AQI,80.0,5.441192,6.877356,7200,3.8,100,100,63.5,3.4857142,Very Low,80.2,5.5181165,100,1747924200,Very Low,3.886973,6.776974,Very Low,6.1319447,58.4,5.1285715,100,1747924200,4.357143
2025-05-22T14:41:17Z,236,29.902,76.3,55,70.1,3,5,151,64,0.0,255,32767,0.11,2090-9-18,0.0,0.52,26.6,0.0,0.0,0.0,0,4.822265625,6,45,05:40,20:21,2025-05-22 14:41:17.376772,Città della Scienza,47.5,6.833759,8.531943,4.8587165,4.3529534,EU EEA Common AQI,80.0,5.441192,6.877356,7200,3.8,100,100,63.5,3.4857142,Very Low,80.2,5.5181165,100,1747924200,Very Low,3.886973,6.776974,Very Low,6.1319447,58.4,5.1285715,100,1747924200,4.357143
2025-05-22T14:41:28Z,236,29.902,76.3,55,70.0,5,5,157,64,0.0,255,32767,0.11,2090-9-18,0.0,0.52,26.6,0.0,0.0,0.0,0,4.822265625,6,45,05:40,20:21,2025-05-22 14:41:28.479790,Città della Scienza,47.5,6.833759,8.531943,4.8587165,4.3529534,EU EEA Common AQI,80.0,5.441192,6.877356,7200,3.8,100,100,63.5,3.4857142,Very Low,80.2,5.5181165,100,1747924200,Very Low,3.886973,6.776974,Very Low,6.1319447,58.4,5.1285715,100,1747924200,4.357143
2025-05-22T14:41:39Z,236,29.9,76.3,55,70.1,3,5,217,64,0.0,255,32767,0.11,2090-9-18,0.0,0.52,26.6,0.0,0.0,0.0,0,4.822265625,6,45,05:40,20:21,2025-05-22 14:41:39.529783,Città della Scienza,47.5,6.833759,8.531943,4.8587165,4.3529534,EU EEA Common AQI,80.0,5.441192,6.877356,7200,3.8,100,100,63.5,3.4857142,Very Low,80.2,5.5181165,100,1747924200,Very Low,3.886973,6.776974,Very Low,6.1319447,58.4,5.1285715,100,1747924200,4.357143
2025-05-22T14:41:50Z,236,29.9,76.3,55,70.1,2,5,286,64,0.0,255,32767,0.11,2090-9-18,0.0,0.52,26.6,0.0,0.0,0.0,0,4.822265625,6,45,05:40,20:21,2025-05-22 14:41:50.602798,Città della Scienza,47.5,6.833759,8.531943,4.8587165,4.3529534,EU EEA Common AQI,80.0,5.441192,6.877356,7200,3.8,100,100,63.5,3.4857142,Very Low,80.2,5.5181165,100,1747924200,Very Low,3.886973,6.776974,Very Low,6.1319447,58.4,5.1285715,100,1747924200,4.357143
2025-05-22T14:42:01Z,236,29.9,76.3,55,70.1,2,5,250,64,0.0,255,32767,0.11,2090-9-18,0.0,0.52,26.6,0.0,0.0,0.0,0,4.822265625,6,45,05:40,20:21,2025-05-22 14:42:01.646790,Città della Scienza,47.5,6.833759,8.531943,4.8587165,4.3529534,EU EEA Common AQI,80.0,5.441192,6.877356,7200,3.8,100,100,63.5,3.4857142,Very Low,80.2,5.5181165,100,1747924200,Very Low,3.886973,6.776974,Very Low,6.1319447,58.4,5.1285715,100,1747924200,4.357143
2025-05-22T14:42:12Z,236,29.9,76.3,55,70.1,2,5,172,64,0.0,255,32767,0.11,2090-9-18,0.0,0.52,26.6,0.0,0.0,0.0,0,4.822265625,6,45,05:40,20:21,2025-05-22 14:42:12.749796,Città della Scienza,47.5,6.833759,8.531943,4.8587165,4.3529534,EU EEA Common AQI,80.0,5.441192,6.877356,7200,3.8,100,100,63.5,3.4857142,Very Low,80.2,5.5181165,100,1747924200,Very Low,3.886973,6.776974,Very Low,6.1319447,58.4,5.1285715,100,1747924200,4.357143
2025-05-22T14:42:24Z,236,29.9,76.3,55,70.1,4,5,164,64,0.0,255,32767,0.11,2090-9-18,0.0,0.52,26.6,0.0,0.0,0.0,0,4.822265625,6,45,05:40,20:21,2025-05-22 14:42:23.811803,Città della Scienza,47.5,6.833759,8.531943,4.8587165,4.3529534,EU EEA Common AQI,80.0,5.441192,6.877356,7200,3.8,100,100,63.5,3.4857142,Very Low,80.2,5.5181165,100,1747924200,Very Low,3.886973,6.776974,Very Low,6.1319447,58.4,5.1285715,100,1747924200,4.357143
2025-05-22T14:42:35Z,236,29.899,76.3,55,70.1,2,5,198,64,0.0,255,32767,0.11,2090-9-18,0.0,0.52,26.6,0.0,0.0,0.0,0,4.822265625,6,45,05:40,20:21,2025-05-22 14:42:34.880758,Città della Scienza,47.5,6.833759,8.531943,4.8587165,4.3529534,EU EEA Common AQI,80.0,5.441192,6.877356,7200,3.8,100,100,63.5,3.4857142,Very Low,80.2,5.5181165,100,1747924200,Very Low,3.886973,6.776974,Very Low,6.1319447,58.4,5.1285715,100,1747924200,4.357143
2025-05-22T14:42:46Z,236,29.899,76.3,55,70.1,2,5,175,64,0.0,255,32767,0.11,2090-9-18,0.0,0.52,26.6,0.0,0.0,0.0,0,4.822265625,6,45,05:40,20:21,2025-05-22 14:42:45.978804,Città della Scienza,47.5,6.833759,8.531943,4.8587165,4.3529534,EU EEA Common AQI,80.0,5.441192,6.877356,7200,3.8,100,100,63.5,3.4857142,Very Low,80.2,5.5181165,100,1747924200,Very Low,3.886973,6.776974,Very Low,6.1319447,58.4,5.1285715,100,1747924200,4.357143
2025-05-22T14:42:57Z,236,29.899,76.3,55,70.1,3,5,155,64,0.0,255,32767,0.11,2090-9-18,0.0,0.52,26.6,0.0,0.0,0.0,0,4.822265625,6,45,05:40,20:21,2025-05-22 14:42:57.043799,Città della Scienza,47.5,6.833759,8.531943,4.8587165,4.3529534,EU EEA Common AQI,80.0,5.441192,6.877356,7200,3.8,100,100,63.5,3.4857142,Very Low,80.2,5.5181165,100,1747924200,Very Low,3.886973,6.776974,Very Low,6.1319447,58.4,5.1285715,100,1747924200,4.357143
2025-05-22T14:43:08Z,236,29.899,76.3,55,70.1,3,5,49,64,0.0,255,32767,0.11,2090-9-18,0.0,0.52,26.6,0.0,0.0,0.0,0,4.822265625,6,45,05:40,20:21,2025-05-22 14:43:08.149799,Città della Scienza,47.5,6.833759,8.531943,4.8587165,4.3529534,EU EEA Common AQI,80.0,5.441192,6.877356,7200,3.8,100,100,63.5,3.4857142,Very Low,80.2,5.5181165,100,1747924200,Very Low,3.886973,6.776974,Very Low,6.1319447,58.4,5.1285715,100,1747924200,4.357143
2025-05-22T14:43:19Z,236,29.899,76.3,55,70.2,4,5,220,64,0.0,255,32767,0.11,2090-9-18,0.0,0.52,26.6,0.0,0.0,0.0,0,4.822265625,6,45,05:40,20:21,2025-05-22 14:43:19.242800,Città della Scienza,47.5,6.833759,8.531943,4.8587165,4.3529534,EU EEA Common AQI,80.0,5.441192,6.877356,7200,3.8,100,100,63.5,3.4857142,Very Low,80.2,5.5181165,100,1747924200,Very Low,3.886973,6.776974,Very Low,6.1319447,58.4,5.1285715,100,1747924200,4.357143
2025-05-22T14:43:30Z,236,29.899,76.3,55,70.2,3,5,174,64,0.0,255,32767,0.11,2090-9-18,0.0,0.52,26.6,0.0,0.0,0.0,0,4.822265625,6,45,05:40,20:21,2025-05-22 14:43:30.341787,Città della Scienza,47.5,6.833759,8.531943,4.8587165,4.3529534,EU EEA Common AQI,80.0,5.441192,6.877356,7200,3.8,100,100,63.5,3.4857142,Very Low,80.2,5.5181165,100,1747924200,Very Low,3.886973,6.776974,Very Low,6.1319447,58.4,5.1285715,100,1747924200,4.357143
2025-05-22T14:43:41Z,236,29.897,76.2,55,70.2,4,5,171,64,0.0,255,32767,0.11,2090-9-18,0.0,0.52,26.6,0.0,0.0,0.0,0,4.822265625,6,45,05:40,20:21,2025-05-22 14:43:41.426787,Città della Scienza,47.5,6.833759,8.531943,4.8587165,4.3529534,EU EEA Common AQI,80.0,5.441192,6.877356,7200,3.8,100,100,63.5,3.4857142,Very Low,80.2,5.5181165,100,1747924200,Very Low,3.886973,6.776974,Very Low,6.1319447,58.4,5.1285715,100,1747924200,4.357143
2025-05-22T14:43:52Z,236,29.897,76.2,55,70.2,2,5,185,64,0.0,255,32767,0.11,2090-9-18,0.0,0.52,26.6,0.0,0.0,0.0,0,4.822265625,6,45,05:40,20:21,2025-05-22 14:43:52.506789,Città della Scienza,47.5,6.833759,8.531943,4.8587165,4.3529534,EU EEA Common AQI,80.0,5.441192,6.877356,7200,3.8,100,100,63.5,3.4857142,Very Low,80.2,5.5181165,100,1747924200,Very Low,3.886973,6.776974,Very Low,6.1319447,58.4,5.1285715,100,1747924200,4.357143
2025-05-22T14:44:03Z,236,29.897,76.2,55,70.2,2,5,151,64,0.0,255,32767,0.11,2090-9-18,0.0,0.52,26.6,0.0,0.0,0.0,0,4.822265625,6,45,05:40,20:21,2025-05-22 14:44:03.629803,Città della Scienza,47.5,6.833759,8.531943,4.8587165,4.3529534,EU EEA Common AQI,80.0,5.441192,6.877356,7200,3.8,100,100,63.5,3.4857142,Very Low,80.2,5.5181165,100,1747924200,Very Low,3.886973,6.776974,Very Low,6.1319447,58.4,5.1285715,100,1747924200,4.357143
2025-05-22T14:44:14Z,236,29.897,76.2,55,70.2,7,5,202,64,0.0,255,32767,0.11,2090-9-18,0.0,0.52,26.6,0.0,0.0,0.0,0,4.822265625,6,45,05:40,20:21,2025-05-22 14:44:14.707042,Città della Scienza,47.5,6.833759,8.531943,4.8587165,4.3529534,EU EEA Common AQI,80.0,5.441192,6.877356,7200,3.8,100,100,63.5,3.4857142,Very Low,80.2,5.5181165,100,1747924200,Very Low,3.886973,6.776974,Very Low,6.1319447,58.4,5.1285715,100,1747924200,4.357143
2025-05-22T14:44:25Z,236,29.897,76.2,55,70.2,4,5,221,64,0.0,255,32767,0.11,2090-9-18,0.0,0.52,26.6,0.0,0.0,0.0,0,4.822265625,6,45,05:40,20:21,2025-05-22 14:44:25.760780,Città della Scienza,47.5,6.833759,8.531943,4.8587165,4.3529534,EU EEA Common AQI,80.0,5.441192,6.877356,7200,3.8,100,100,63.5,3.4857142,Very Low,80.2,5.5181165,100,1747924200,Very Low,3.886973,6.776974,Very Low,6.1319447,58.4,5.1285715,100,1747924200,4.357143
2025-05-22T14:44:37Z,236,29.898,76.2,55,70.3,6,5,170,64,0.0,255,32767,0.11,2090-9-18,0.0,0.52,26.6,0.0,0.0,0.0,0,4.822265625,6,45,05:40,20:21,2025-05-22 14:44:36.906801,Città della Scienza,47.5,6.833759,8.531943,4.8587165,4.3529534,EU EEA Common AQI,80.0,5.441192,6.877356,7200,3.8,100,100,63.5,3.4857142,Very Low,80.2,5.5181165,100,1747924200,Very Low,3.886973,6.776974,Very Low,6.1319447,58.4,5.1285715,100,1747924200,4.357143
2025-05-22T14:44:48Z,236,29.898,76.2,55,70.3,7,5,183,64,0.0,255,32767,0.11,2090-9-18,0.0,0.52,26.6,0.0,0.0,0.0,0,4.822265625,6,45,05:40,20:21,2025-05-22 14:44:47.980799,Città della Scienza,47.5,6.833759,8.531943,4.8587165,4.3529534,EU EEA Common AQI,80.0,5.441192,6.877356,7200,3.8,100,100,63.5,3.4857142,Very Low,80.2,5.5181165,100,1747924200,Very Low,3.886973,6.776974,Very Low,6.1319447,58.4,5.1285715,100,1747924200,4.357143
2025-05-22T14:44:59Z,236,29.898,76.2,55,70.3,5,5,207,64,0.0,255,32767,0.11,2090-9-18,0.0,0.52,26.6,0.0,0.0,0.0,0,4.822265625,6,45,05:40,20:21,2025-05-22 14:44:59.088799,Città della Scienza,47.5,6.833759,8.531943,4.8587165,4.3529534,EU EEA Common AQI,80.0,5.441192,6.877356,7200,3.8,100,100,63.5,3.4857142,Very Low,80.2,5.5181165,100,1747924200,Very Low,3.886973,6.776974,Very Low,6.1319447,58.4,5.1285715,100,1747924200,4.357143
2025-05-22T14:45:10Z,236,29.898,76.2,55,70.2,7,5,186,63,0.0,255,32767,0.11,2090-9-18,0.0,0.52,26.6,0.0,0.0,0.0,0,4.822265625,6,45,05:40,20:21,2025-05-22 14:45:10.199797,Città della Scienza,47.5,6.833759,8.531943,4.8587165,4.3529534,EU EEA Common AQI,80.0,5.441192,6.877356,7200,3.8,100,100,63.5,3.4857142,Very Low,80.2,5.5181165,100,1747924200,Very Low,3.886973,6.776974,Very Low,6.1319447,58.4,5.1285715,100,1747924200,4.357143
2025-05-22T14:45:21Z,236,29.898,76.2,55,70.3,6,5,187,63,0.0,255,32767,0.11,2090-9-18,0.0,0.52,26.6,0.0,0.0,0.0,0,4.822265625,6,45,05:40,20:21,2025-05-22 14:45:21.246797,Città della Scienza,47.5,6.833759,8.531943,4.8587165,4.3529534,EU EEA Common AQI,80.0,5.441192,6.877356,7200,3.8,100,100,63.5,3.4857142,Very Low,80.2,5.5181165,100,1747924200,Very Low,3.886973,6.776974,Very Low,6.1319447,58.4,5.1285715,100,1747924200,4.357143
2025-05-22T14:45:32Z,236,29.898,76.2,55,70.2,8,5,205,63,0.0,255,32767,0.11,2090-9-18,0.0,0.52,26.6,0.0,0.0,0.0,0,4.822265625,6,45,05:40,20:21,2025-05-22 14:45:32.299789,Città della Scienza,48.1,6.6646714,8.546074,4.9236293,4.305682,EU EEA Common AQI,79.3,5.382103,6.904649,7200,4.6,100,100,63.2,4.0914283,Very Low,79.5,5.3884764,100,1747925100,Very Low,3.9389033,6.6466923,Very Low,6.0485992,58.1,6.457143,100,1747925100,5.114286
2025-05-22T14:45:43Z,236,29.899,76.3,55,70.2,8,5,180,63,0.0,255,32767,0.11,2090-9-18,0.0,0.52,26.6,0.0,0.0,0.0,0,4.822265625,6,45,05:40,20:21,2025-05-22 14:45:43.385800,Città della Scienza,48.1,6.6646714,8.546074,4.9236293,4.305682,EU EEA Common AQI,79.3,5.382103,6.904649,7200,4.6,100,100,63.2,4.0914283,Very Low,79.5,5.3884764,100,1747925100,Very Low,3.9389033,6.6466923,Very Low,6.0485992,58.1,6.457143,100,1747925100,5.114286
2025-05-22T14:45:54Z,236,29.899,76.3,55,70.2,6,5,198,63,0.0,255,32767,0.11,2090-9-18,0.0,0.52,26.6,0.0,0.0,0.0,0,4.822265625,6,45,05:40,20:21,2025-05-22 14:45:54.470791,Città della Scienza,48.1,6.6646714,8.546074,4.9236293,4.305682,EU EEA Common AQI,79.3,5.382103,6.904649,7200,4.6,100,100,63.2,4.0914283,Very Low,79.5,5.3884764,100,1747925100,Very Low,3.9389033,6.6466923,Very Low,6.0485992,58.1,6.457143,100,1747925100,5.114286
2025-05-22T14:46:05Z,236,29.899,76.3,55,70.1,7,5,170,63,0.0,255,32767,0.11,2090-9-18,0.0,0.52,26.6,0.0,0.0,0.0,0,4.822265625,6,45,05:40,20:21,2025-05-22 14:46:05.549795,Città della Scienza,48.1,6.6646714,8.546074,4.9236293,4.305682,EU EEA Common AQI,79.3,5.382103,6.904649,7200,4.6,100,100,63.2,4.0914283,Very Low,79.5,5.3884764,100,1747925100,Very Low,3.9389033,6.6466923,Very Low,6.0485992,58.1,6.457143,100,1747925100,5.114286
2025-05-22T14:46:16Z,236,29.899,76.3,55,70.1,5,5,176,63,0.0,255,32767,0.11,2090-9-18,0.0,0.52,26.6,0.0,0.0,0.0,0,4.822265625,6,45,05:40,20:21,2025-05-22 14:46:16.651801,Città della Scienza,48.1,6.6646714,8.546074,4.9236293,4.305682,EU EEA Common AQI,79.3,5.382103,6.904649,7200,4.6,100,100,63.2,4.0914283,Very Low,79.5,5.3884764,100,1747925100,Very Low,3.9389033,6.6466923,Very Low,6.0485992,58.1,6.457143,100,1747925100,5.114286
2025-05-22T14:46:27Z,236,29.899,76.3,55,70.1,6,5,196,63,0.0,255,32767,0.11,2090-9-18,0.0,0.52,26.6,0.0,0.0,0.0,0,4.822265625,6,45,05:40,20:21,2025-05-22 14:46:27.706796,Città della Scienza,48.1,6.6646714,8.546074,4.9236293,4.305682,EU EEA Common AQI,79.3,5.382103,6.904649,7200,4.6,100,100,63.2,4.0914283,Very Low,79.5,5.3884764,100,1747925100,Very Low,3.9389033,6.6466923,Very Low,6.0485992,58.1,6.457143,100,1747925100,5.114286
2025-05-22T14:46:39Z,236,29.899,76.2,55,70.1,7,5,178,63,0.0,255,32767,0.11,2090-9-18,0.0,0.52,26.6,0.0,0.0,0.0,0,4.822265625,6,45,05:40,20:21,2025-05-22 14:46:38.841763,Città della Scienza,48.1,6.6646714,8.546074,4.9236293,4.305682,EU EEA Common AQI,79.3,5.382103,6.904649,7200,4.6,100,100,63.2,4.0914283,Very Low,79.5,5.3884764,100,1747925100,Very Low,3.9389033,6.6466923,Very Low,6.0485992,58.1,6.457143,100,1747925100,5.114286
2025-05-22T14:46:50Z,236,29.899,76.2,55,70.1,6,5,210,63,0.0,255,32767,0.11,2090-9-18,0.0,0.52,26.6,0.0,0.0,0.0,0,4.822265625,6,45,05:40,20:21,2025-05-22 14:46:49.939786,Città della Scienza,48.1,6.6646714,8.546074,4.9236293,4.305682,EU EEA Common AQI,79.3,5.382103,6.904649,7200,4.6,100,100,63.2,4.0914283,Very Low,79.5,5.3884764,100,1747925100,Very Low,3.9389033,6.6466923,Very Low,6.0485992,58.1,6.457143,100,1747925100,5.114286
2025-05-22T14:47:01Z,236,29.899,76.2,55,70.1,2,5,177,63,0.0,255,32767,0.11,2090-9-18,0.0,0.52,26.6,0.0,0.0,0.0,0,4.822265625,6,45,05:40,20:21,2025-05-22 14:47:01.046795,Città della Scienza,48.1,6.6646714,8.546074,4.9236293,4.305682,EU EEA Common AQI,79.3,5.382103,6.904649,7200,4.6,100,100,63.2,4.0914283,Very Low,79.5,5.3884764,100,1747925100,Very Low,3.9389033,6.6466923,Very Low,6.0485992,58.1,6.457143,100,1747925100,5.114286
2025-05-22T14:47:12Z,236,29.899,76.2,55,70.1,5,5,225,63,0.0,255,32767,0.11,2090-9-18,0.0,0.52,26.6,0.0,0.0,0.0,0,4.822265625,6,45,05:40,20:21,2025-05-22 14:47:12.166792,Città della Scienza,48.1,6.6646714,8.546074,4.9236293,4.305682,EU EEA Common AQI,79.3,5.382103,6.904649,7200,4.6,100,100,63.2,4.0914283,Very Low,79.5,5.3884764,100,1747925100,Very Low,3.9389033,6.6466923,Very Low,6.0485992,58.1,6.457143,100,1747925100,5.114286
2025-05-22T14:47:23Z,236,29.899,76.2,55,70.1,3,5,319,63,0.0,255,32767,0.11,2090-9-18,0.0,0.52,26.6,0.0,0.0,0.0,0,4.822265625,6,45,05:40,20:21,2025-05-22 14:47:23.244798,Città della Scienza,48.1,6.6646714,8.546074,4.9236293,4.305682,EU EEA Common AQI,79.3,5.382103,6.904649,7200,4.6,100,100,63.2,4.0914283,Very Low,79.5,5.3884764,100,1747925100,Very Low,3.9389033,6.6466923,Very Low,6.0485992,58.1,6.457143,100,1747925100,5.114286
2025-05-22T14:47:34Z,236,29.901,76.2,55,70.1,9,5,173,63,0.0,255,32767,0.11,2090-9-18,0.0,0.52,26.6,0.0,0.0,0.0,0,4.822265625,6,45,05:40,20:21,2025-05-22 14:47:34.369793,Città della Scienza,48.1,6.6646714,8.546074,4.9236293,4.305682,EU EEA Common AQI,79.3,5.382103,6.904649,7200,4.6,100,100,63.2,4.0914283,Very Low,79.5,5.3884764,100,1747925100,Very Low,3.9389033,6.6466923,Very Low,6.0485992,58.1,6.457143,100,1747925100,5.114286
2025-05-22T14:47:45Z,236,29.901,76.2,55,70.1,6,5,182,63,0.0,255,32767,0.11,2090-9-18,0.0,0.52,26.6,0.0,0.0,0.0,0,4.822265625,6,45,05:40,20:21,2025-05-22 14:47:45.438797,Città della Scienza,48.1,6.6646714,8.546074,4.9236293,4.305682,EU EEA Common AQI,79.3,5.382103,6.904649,7200,4.6,100,100,63.2,4.0914283,Very Low,79.5,5.3884764,100,1747925100,Very Low,3.9389033,6.6466923,Very Low,6.0485992,58.1,6.457143,100,1747925100,5.114286
2025-05-22T14:47:56Z,236,29.901,76.2,55,70.1,6,5,207,63,0.0,255,32767,0.11,2090-9-18,0.0,0.52,26.6,0.0,0.0,0.0,0,4.822265625,6,45,05:40,20:21,2025-05-22 14:47:56.512796,Città della Scienza,48.1,6.6646714,8.546074,4.9236293,4.305682,EU EEA Common AQI,79.3,5.382103,6.904649,7200,4.6,100,100,63.2,4.0914283,Very Low,79.5,5.3884764,100,1747925100,Very Low,3.9389033,6.6466923,Very Low,6.0485992,58.1,6.457143,100,1747925100,5.114286
2025-05-22T14:48:07Z,236,29.901,76.2,55,70.1,4,5,204,63,0.0,255,32767,0.11,2090-9-18,0.0,0.52,26.6,0.0,0.0,0.0,0,4.822265625,6,45,05:40,20:21,2025-05-22 14:48:07.603789,Città della Scienza,48.1,6.6646714,8.546074,4.9236293,4.305682,EU EEA Common AQI,79.3,5.382103,6.904649,7200,4.6,100,100,63.2,4.0914283,Very Low,79.5,5.3884764,100,1747925100,Very Low,3.9389033,6.6466923,Very Low,6.0485992,58.1,6.457143,100,1747925100,5.114286
2025-05-22T14:48:18Z,236,29.901,76.2,55,70.1,6,5,174,63,0.0,255,32767,0.11,2090-9-18,0.0,0.52,26.6,0.0,0.0,0.0,0,4.822265625,6,45,05:40,20:21,2025-05-22 14:48:18.636382,Città della Scienza,48.1,6.6646714,8.546074,4.9236293,4.305682,EU EEA Common AQI,79.3,5.382103,6.904649,7200,4.6,100,100,63.2,4.0914283,Very Low,79.5,5.3884764,100,1747925100,Very Low,3.9389033,6.6466923,Very Low,6.0485992,58.1,6.457143,100,1747925100,5.114286
2025-05-22T14:48:29Z,236,29.901,76.2,55,70.1,5,5,187,63,0.0,255,32767,0.11,2090-9-18,0.0,0.52,26.6,0.0,0.0,0.0,0,4.822265625,6,45,05:40,20:21,2025-05-22 14:48:29.737797,Città della Scienza,48.1,6.6646714,8.546074,4.9236293,4.305682,EU EEA Common AQI,79.3,5.382103,6.904649,7200,4.6,100,100,63.2,4.0914283,Very Low,79.5,5.3884764,100,1747925100,Very Low,3.9389033,6.6466923,Very Low,6.0485992,58.1,6.457143,100,1747925100,5.114286
2025-05-22T14:48:41Z,236,29.899,76.2,55,70.1,4,5,175,63,0.0,255,32767,0.11,2090-9-18,0.0,0.52,26.6,0.0,0.0,0.0,0,4.822265625,6,45,05:40,20:21,2025-05-22 14:48:40.827788,Città della Scienza,48.1,6.6646714,8.546074,4.9236293,4.305682,EU EEA Common AQI,79.3,5.382103,6.904649,7200,4.6,100,100,63.2,4.0914283,Very Low,79.5,5.3884764,100,1747925100,Very Low,3.9389033,6.6466923,Very Low,6.0485992,58.1,6.457143,100,1747925100,5.114286
2025-05-22T14:48:52Z,236,29.899,76.2,55,70.1,6,5,188,63,0.0,255,32767,0.11,2090-9-18,0.0,0.52,26.6,0.0,0.0,0.0,0,4.822265625,6,45,05:40,20:21,2025-05-22 14:48:51.917795,Città della Scienza,48.1,6.6646714,8.546074,4.9236293,4.305682,EU EEA Common AQI,79.3,5.382103,6.904649,7200,4.6,100,100,63.2,4.0914283,Very Low,79.5,5.3884764,100,1747925100,Very Low,3.9389033,6.6466923,Very Low,6.0485992,58.1,6.457143,100,1747925100,5.114286
2025-05-22T14:49:03Z,236,29.899,76.2,55,70.1,7,5,187,63,0.0,255,32767,0.11,2090-9-18,0.0,0.52,26.6,0.0,0.0,0.0,0,4.822265625,6,45,05:40,20:21,2025-05-22 14:49:03.050818,Città della Scienza,48.1,6.6646714,8.546074,4.9236293,4.305682,EU EEA Common AQI,79.3,5.382103,6.904649,7200,4.6,100,100,63.2,4.0914283,Very Low,79.5,5.3884764,100,1747925100,Very Low,3.9389033,6.6466923,Very Low,6.0485992,58.1,6.457143,100,1747925100,5.114286
2025-05-22T14:49:14Z,236,29.899,76.2,55,70.1,6,5,179,63,0.0,255,32767,0.11,2090-9-18,0.0,0.52,26.6,0.0,0.0,0.0,0,4.822265625,6,45,05:40,20:21,2025-05-22 14:49:14.108799,Città della Scienza,48.1,6.6646714,8.546074,4.9236293,4.305682,EU EEA Common AQI,79.3,5.382103,6.904649,7200,4.6,100,100,63.2,4.0914283,Very Low,79.5,5.3884764,100,1747925100,Very Low,3.9389033,6.6466923,Very Low,6.0485992,58.1,6.457143,100,1747925100,5.114286
2025-05-22T14:49:25Z,236,29.899,76.2,55,70.1,8,5,175,63,0.0,255,32767,0.11,2090-9-18,0.0,0.52,26.6,0.0,0.0,0.0,0,4.822265625,6,45,05:40,20:21,2025-05-22 14:49:25.177794,Città della Scienza,48.1,6.6646714,8.546074,4.9236293,4.305682,EU EEA Common AQI,79.3,5.382103,6.904649,7200,4.6,100,100,63.2,4.0914283,Very Low,79.5,5.3884764,100,1747925100,Very Low,3.9389033,6.6466923,Very Low,6.0485992,58.1,6.457143,100,1747925100,5.114286
2025-05-22T14:49:36Z,236,29.901,76.1,55,70.1,6,5,198,63,0.0,255,32767,0.11,2090-9-18,0.0,0.52,26.6,0.0,0.0,0.0,0,4.822265625,6,45,05:40,20:21,2025-05-22 14:49:36.286790,Città della Scienza,48.1,6.6646714,8.546074,4.9236293,4.305682,EU EEA Common AQI,79.3,5.382103,6.904649,7200,4.6,100,100,63.2,4.0914283,Very Low,79.5,5.3884764,100,1747925100,Very Low,3.9389033,6.6466923,Very Low,6.0485992,58.1,6.457143,100,1747925100,5.114286
2025-05-22T14:49:47Z,236,29.901,76.1,55,70.1,3,5,257,63,0.0,255,32767,0.11,2090-9-18,0.0,0.52,26.6,0.0,0.0,0.0,0,4.822265625,6,45,05:40,20:21,2025-05-22 14:49:47.339796,Città della Scienza,48.1,6.6646714,8.546074,4.9236293,4.305682,EU EEA Common AQI,79.3,5.382103,6.904649,7200,4.6,100,100,63.2,4.0914283,Very Low,79.5,5.3884764,100,1747925100,Very Low,3.9389033,6.6466923,Very Low,6.0485992,58.1,6.457143,100,1747925100,5.114286
2025-05-22T14:49:58Z,236,29.901,76.1,55,70.0,1,5,167,63,0.0,255,32767,0.11,2090-9-18,0.0,0.52,26.6,0.0,0.0,0.0,0,4.822265625,6,45,05:40,20:21,2025-05-22 14:49:58.443790,Città della Scienza,48.1,6.6646714,8.546074,4.9236293,4.305682,EU EEA Common AQI,79.3,5.382103,6.904649,7200,4.6,100,100,63.2,4.0914283,Very Low,79.5,5.3884764,100,1747925100,Very Low,3.9389033,6.6466923,Very Low,6.0485992,58.1,6.457143,100,1747925100,5.114286
2025-05-22T14:50:09Z,236,29.901,76.1,55,70.0,3,5,186,63,0.0,255,32767,0.11,2090-9-18,0.0,0.52,26.6,0.0,0.0,0.0,0,4.822265625,6,45,05:40,20:21,2025-05-22 14:50:09.527759,Città della Scienza,48.1,6.6646714,8.546074,4.9236293,4.305682,EU EEA Common AQI,79.3,5.382103,6.904649,7200,4.6,100,100,63.2,4.0914283,Very Low,79.5,5.3884764,100,1747925100,Very Low,3.9389033,6.6466923,Very Low,6.0485992,58.1,6.457143,100,1747925100,5.114286
2025-05-22T14:50:20Z,236,29.901,76.1,55,70.0,4,5,216,64,0.0,255,32767,0.11,2090-9-18,0.0,0.52,26.6,0.0,0.0,0.0,0,4.822265625,6,45,05:40,20:21,2025-05-22 14:50:20.662795,Città della Scienza,48.1,6.6646714,8.546074,4.9236293,4.305682,EU EEA Common AQI,79.3,5.382103,6.904649,7200,4.6,100,100,63.2,4.0914283,Very Low,79.5,5.3884764,100,1747925100,Very Low,3.9389033,6.6466923,Very Low,6.0485992,58.1,6.457143,100,1747925100,5.114286
2025-05-22T14:50:31Z,236,29.901,76.1,55,70.0,3,5,226,64,0.0,255,32767,0.11,2090-9-18,0.0,0.52,26.6,0.0,0.0,0.0,0,4.822265625,6,45,05:40,20:21,2025-05-22 14:50:31.702789,Città della Scienza,48.1,6.6646714,8.546074,4.9236293,4.305682,EU EEA Common AQI,79.3,5.382103,6.904649,7200,4.6,100,100,63.2,4.0914283,Very Low,79.5,5.3884764,100,1747925100,Very Low,3.9389033,6.6466923,Very Low,6.0485992,58.1,6.457143,100,1747925100,5.114286
2025-05-22T14:50:42Z,236,29.901,76.1,55,70.1,2,5,240,64,0.0,255,32767,0.11,2090-9-18,0.0,0.52,26.6,0.0,0.0,0.0,0,4.822265625,6,45,05:40,20:21,2025-05-22 14:50:42.776797,Città della Scienza,48.1,6.6646714,8.546074,4.9236293,4.305682,EU EEA Common AQI,79.3,5.382103,6.904649,7200,4.6,100,100,63.2,4.0914283,Very Low,79.5,5.3884764,100,1747925100,Very Low,3.9389033,6.6466923,Very Low,6.0485992,58.1,6.457143,100,1747925100,5.114286
2025-05-22T14:50:54Z,236,29.901,76.1,55,70.1,5,5,178,64,0.0,255,32767,0.11,2090-9-18,0.0,0.52,26.6,0.0,0.0,0.0,0,4.822265625,6,45,05:40,20:21,2025-05-22 14:50:53.824796,Città della Scienza,48.1,6.6646714,8.546074,4.9236293,4.305682,EU EEA Common AQI,79.3,5.382103,6.904649,7200,4.6,100,100,63.2,4.0914283,Very Low,79.5,5.3884764,100,1747925100,Very Low,3.9389033,6.6466923,Very Low,6.0485992,58.1,6.457143,100,1747925100,5.114286
2025-05-22T14:51:05Z,236,29.901,76.1,55,70.1,6,5,222,64,0.0,255,32767,0.11,2090-9-18,0.0,0.52,26.6,0.0,0.0,0.0,0,4.822265625,6,45,05:40,20:21,2025-05-22 14:51:04.872795,Città della Scienza,48.1,6.6646714,8.546074,4.9236293,4.305682,EU EEA Common AQI,79.3,5.382103,6.904649,7200,4.6,100,100,63.2,4.0914283,Very Low,79.5,5.3884764,100,1747925100,Very Low,3.9389033,6.6466923,Very Low,6.0485992,58.1,6.457143,100,1747925100,5.114286
2025-05-22T14:51:16Z,236,29.901,76.1,55,70.1,3,5,242,64,0.0,255,32767,0.11,2090-9-18,0.0,0.52,26.6,0.0,0.0,0.0,0,4.822265625,6,45,05:40,20:21,2025-05-22 14:51:15.998796,Città della Scienza,48.1,6.6646714,8.546074,4.9236293,4.305682,EU EEA Common AQI,79.3,5.382103,6.904649,7200,4.6,100,100,63.2,4.0914283,Very Low,79.5,5.3884764,100,1747925100,Very Low,3.9389033,6.6466923,Very Low,6.0485992,58.1,6.457143,100,1747925100,5.114286
2025-05-22T14:51:27Z,236,29.901,76.1,55,70.1,3,5,179,64,0.0,255,32767,0.11,2090-9-18,0.0,0.52,26.6,0.0,0.0,0.0,0,4.822265625,6,45,05:40,20:21,2025-05-22 14:51:27.126811,Città della Scienza,48.1,6.6646714,8.546074,4.9236293,4.305682,EU EEA Common AQI,79.3,5.382103,6.904649,7200,4.6,100,100,63.2,4.0914283,Very Low,79.5,5.3884764,100,1747925100,Very Low,3.9389033,6.6466923,Very Low,6.0485992,58.1,6.457143,100,1747925100,5.114286
2025-05-22T14:51:38Z,236,29.899,76.1,55,70.1,7,5,188,64,0.0,255,32767,0.11,2090-9-18,0.0,0.52,26.6,0.0,0.0,0.0,0,4.822265625,6,45,05:40,20:21,2025-05-22 14:51:38.280790,Città della Scienza,48.1,6.6646714,8.546074,4.9236293,4.305682,EU EEA Common AQI,79.3,5.382103,6.904649,7200,4.6,100,100,63.2,4.0914283,Very Low,79.5,5.3884764,100,1747925100,Very Low,3.9389033,6.6466923,Very Low,6.0485992,58.1,6.457143,100,1747925100,5.114286
2025-05-22T14:51:49Z,236,29.899,76.1,55,70.2,7,5,175,64,0.0,255,32767,0.11,2090-9-18,0.0,0.52,26.6,0.0,0.0,0.0,0,4.822265625,6,45,05:40,20:21,2025-05-22 14:51:49.336792,Città della Scienza,48.1,6.6646714,8.546074,4.9236293,4.305682,EU EEA Common AQI,79.3,5.382103,6.904649,7200,4.6,100,100,63.2,4.0914283,Very Low,79.5,5.3884764,100,1747925100,Very Low,3.9389033,6.6466923,Very Low,6.0485992,58.1,6.457143,100,1747925100,5.114286
2025-05-22T14:52:00Z,236,29.899,76.1,55,70.2,4,5,177,64,0.0,255,32767,0.11,2090-9-18,0.0,0.52,26.6,0.0,0.0,0.0,0,4.822265625,6,45,05:40,20:21,2025-05-22 14:52:00.415794,Città della Scienza,48.1,6.6646714,8.546074,4.9236293,4.305682,EU EEA Common AQI,79.3,5.382103,6.904649,7200,4.6,100,100,63.2,4.0914283,Very Low,79.5,5.3884764,100,1747925100,Very Low,3.9389033,6.6466923,Very Low,6.0485992,58.1,6.457143,100,1747925100,5.114286
2025-05-22T14:52:11Z,236,29.899,76.1,55,70.2,2,5,214,64,0.0,255,32767,0.11,2090-9-18,0.0,0.52,26.6,0.0,0.0,0.0,0,4.822265625,6,45,05:40,20:21,2025-05-22 14:52:11.544803,Città della Scienza,48.1,6.6646714,8.546074,4.9236293,4.305682,EU EEA Common AQI,79.3,5.382103,6.904649,7200,4.6,100,100,63.2,4.0914283,Very Low,79.5,5.3884764,100,1747925100,Very Low,3.9389033,6.6466923,Very Low,6.0485992,58.1,6.457143,100,1747925100,5.114286
2025-05-22T14:52:22Z,236,29.899,76.1,55,70.2,1,5,185,64,0.0,255,32767,0.11,2090-9-18,0.0,0.52,26.6,0.0,0.0,0.0,0,4.822265625,6,45,05:40,20:21,2025-05-22 14:52:22.646792,Città della Scienza,48.1,6.6646714,8.546074,4.9236293,4.305682,EU EEA Common AQI,79.3,5.382103,6.904649,7200,4.6,100,100,63.2,4.0914283,Very Low,79.5,5.3884764,100,1747925100,Very Low,3.9389033,6.6466923,Very Low,6.0485992,58.1,6.457143,100,1747925100,5.114286
2025-05-22T14:52:33Z,236,29.899,76.1,55,70.3,1,5,153,64,0.0,255,32767,0.11,2090-9-18,0.0,0.52,26.6,0.0,0.0,0.0,0,4.822265625,6,45,05:40,20:21,2025-05-22 14:52:33.764762,Città della Scienza,48.1,6.6646714,8.546074,4.9236293,4.305682,EU EEA Common AQI,79.3,5.382103,6.904649,7200,4.6,100,100,63.2,4.0914283,Very Low,79.5,5.3884764,100,1747925100,Very Low,3.9389033,6.6466923,Very Low,6.0485992,58.1,6.457143,100,1747925100,5.114286
2025-05-22T14:52:45Z,236,29.901,76.1,55,70.3,3,5,206,64,0.0,255,32767,0.11,2090-9-18,0.0,0.52,26.6,0.0,0.0,0.0,0,4.822265625,6,45,05:40,20:21,2025-05-22 14:52:44.861822,Città della Scienza,48.1,6.6646714,8.546074,4.9236293,4.305682,EU EEA Common AQI,79.3,5.382103,6.904649,7200,4.6,100,100,63.2,4.0914283,Very Low,79.5,5.3884764,100,1747925100,Very Low,3.9389033,6.6466923,Very Low,6.0485992,58.1,6.457143,100,1747925100,5.114286
2025-05-22T14:52:56Z,236,29.901,76.1,55,70.3,3,5,158,64,0.0,255,32767,0.11,2090-9-18,0.0,0.52,26.6,0.0,0.0,0.0,0,4.822265625,6,45,05:40,20:21,2025-05-22 14:52:55.972796,Città della Scienza,48.1,6.6646714,8.546074,4.9236293,4.305682,EU EEA Common AQI,79.3,5.382103,6.904649,7200,4.6,100,100,63.2,4.0914283,Very Low,79.5,5.3884764,100,1747925100,Very Low,3.9389033,6.6466923,Very Low,6.0485992,58.1,6.457143,100,1747925100,5.114286
2025-05-22T14:53:07Z,236,29.901,76.1,55,70.4,5,5,182,64,0.0,255,32767,0.11,2090-9-18,0.0,0.52,26.6,0.0,0.0,0.0,0,4.822265625,6,45,05:40,20:21,2025-05-22 14:53:07.092803,Città della Scienza,48.1,6.6646714,8.546074,4.9236293,4.305682,EU EEA Common AQI,79.3,5.382103,6.904649,7200,4.6,100,100,63.2,4.0914283,Very Low,79.5,5.3884764,100,1747925100,Very Low,3.9389033,6.6466923,Very Low,6.0485992,58.1,6.457143,100,1747925100,5.114286
2025-05-22T14:53:18Z,236,29.901,76.1,55,70.4,5,5,170,64,0.0,255,32767,0.11,2090-9-18,0.0,0.52,26.6,0.0,0.0,0.0,0,4.822265625,6,45,05:40,20:21,2025-05-22 14:53:18.188793,Città della Scienza,48.1,6.6646714,8.546074,4.9236293,4.305682,EU EEA Common AQI,79.3,5.382103,6.904649,7200,4.6,100,100,63.2,4.0914283,Very Low,79.5,5.3884764,100,1747925100,Very Low,3.9389033,6.6466923,Very Low,6.0485992,58.1,6.457143,100,1747925100,5.114286
2025-05-22T14:53:29Z,236,29.901,76.1,55,70.4,7,5,209,64,0.0,255,32767,0.11,2090-9-18,0.0,0.52,26.6,0.0,0.0,0.0,0,4.822265625,6,45,05:40,20:21,2025-05-22 14:53:29.257794,Città della Scienza,48.1,6.6646714,8.546074,4.9236293,4.305682,EU EEA Common AQI,79.3,5.382103,6.904649,7200,4.6,100,100,63.2,4.0914283,Very Low,79.5,5.3884764,100,1747925100,Very Low,3.9389033,6.6466923,Very Low,6.0485992,58.1,6.457143,100,1747925100,5.114286
2025-05-22T14:53:40Z,236,29.901,76.1,55,70.4,4,5,250,64,0.0,255,32767,0.11,2090-9-18,0.0,0.52,26.6,0.0,0.0,0.0,0,4.822265625,6,45,05:40,20:21,2025-05-22 14:53:40.347774,Città della Scienza,48.1,6.6646714,8.546074,4.9236293,4.305682,EU EEA Common AQI,79.3,5.382103,6.904649,7200,4.6,100,100,63.2,4.0914283,Very Low,79.5,5.3884764,100,1747925100,Very Low,3.9389033,6.6466923,Very Low,6.0485992,58.1,6.457143,100,1747925100,5.114286
2025-05-22T14:53:51Z,236,29.901,76.1,55,70.5,7,5,227,63,0.0,255,32767,0.11,2090-9-18,0.0,0.52,26.6,0.0,0.0,0.0,0,4.822265625,6,45,05:40,20:21,2025-05-22 14:53:51.481787,Città della Scienza,48.1,6.6646714,8.546074,4.9236293,4.305682,EU EEA Common AQI,79.3,5.382103,6.904649,7200,4.6,100,100,63.2,4.0914283,Very Low,79.5,5.3884764,100,1747925100,Very Low,3.9389033,6.6466923,Very Low,6.0485992,58.1,6.457143,100,1747925100,5.114286
2025-05-22T14:54:02Z,236,29.901,76.1,55,70.5,5,5,204,63,0.0,255,32767,0.11,2090-9-18,0.0,0.52,26.6,0.0,0.0,0.0,0,4.822265625,6,45,05:40,20:21,2025-05-22 14:54:02.597756,Città della Scienza,48.1,6.6646714,8.546074,4.9236293,4.305682,EU EEA Common AQI,79.3,5.382103,6.904649,7200,4.6,100,100,63.2,4.0914283,Very Low,79.5,5.3884764,100,1747925100,Very Low,3.9389033,6.6466923,Very Low,6.0485992,58.1,6.457143,100,1747925100,5.114286
2025-05-22T14:54:13Z,236,29.901,76.1,55,70.5,4,5,140,63,0.0,255,32767,0.11,2090-9-18,0.0,0.52,26.6,0.0,0.0,0.0,0,4.822265625,6,45,05:40,20:21,2025-05-22 14:54:13.616791,Città della Scienza,48.1,6.6646714,8.546074,4.9236293,4.305682,EU EEA Common AQI,79.3,5.382103,6.904649,7200,4.6,100,100,63.2,4.0914283,Very Low,79.5,5.3884764,100,1747925100,Very Low,3.9389033,6.6466923,Very Low,6.0485992,58.1,6.457143,100,1747925100,5.114286
2025-05-22T14:54:24Z,236,29.901,76.1,55,70.5,7,5,192,63,0.0,255,32767,0.11,2090-9-18,0.0,0.52,26.6,0.0,0.0,0.0,0,4.822265625,6,45,05:40,20:21,2025-05-22 14:54:24.672792,Città della Scienza,48.1,6.6646714,8.546074,4.9236293,4.305682,EU EEA Common AQI,79.3,5.382103,6.904649,7200,4.6,100,100,63.2,4.0914283,Very Low,79.5,5.3884764,100,1747925100,Very Low,3.9389033,6.6466923,Very Low,6.0485992,58.1,6.457143,100,1747925100,5.114286
2025-05-22T14:54:35Z,236,29.899,76.1,55,70.6,5,5,240,63,0.0,255,32767,0.11,2090-9-18,0.0,0.52,26.6,0.0,0.0,0.0,0,4.822265625,6,45,05:40,20:21,2025-05-22 14:54:35.763795,Città della Scienza
2025-05-22T14:54:47Z,236,29.899,76.1,55,70.6,4,5,180,62,0.0,255,32767,0.11,2090-9-18,0.0,0.52,26.6,0.0,0.0,0.0,0,4.822265625,6,45,05:40,20:21,2025-05-22 14:54:46.845797,Città della Scienza
2025-05-22T14:54:58Z,236,29.899,76.1,55,70.6,7,5,186,62,0.0,255,32767,0.11,2090-9-18,0.0,0.52,26.6,0.0,0.0,0.0,0,4.822265625,6,45,05:40,20:21,2025-05-22 14:54:57.883807,Città della Scienza
2025-05-22T14:55:09Z,236,29.899,76.1,55,70.6,6,5,199,62,0.0,255,32767,0.11,2090-9-18,0.0,0.52,26.6,0.0,0.0,0.0,0,4.822265625,6,45,05:40,20:21,2025-05-22 14:55:08.913796,Città della Scienza
2025-05-22T14:55:20Z,236,29.899,76.1,55,70.6,7,5,194,62,0.0,255,32767,0.11,2090-9-18,0.0,0.52,26.6,0.0,0.0,0.0,0,4.822265625,6,45,05:40,20:21,2025-05-22 14:55:19.975803,Città della Scienza
2025-05-22T14:55:31Z,236,29.899,76.1,55,70.6,4,5,200,62,0.0,255,32767,0.11,2090-9-18,0.0,0.52,26.6,0.0,0.0,0.0,0,4.822265625,6,45,05:40,20:21,2025-05-22 14:55:31.051797,Città della Scienza
2025-05-22T14:55:42Z,236,29.9,76.1,55,70.6,4,5,242,62,0.0,255,32767,0.11,2090-9-18,0.0,0.52,26.6,0.0,0.0,0.0,0,4.822265625,6,45,05:40,20:21,2025-05-22 14:55:42.135791,Città della Scienza
2025-05-22T14:55:53Z,236,29.9,76.1,55,70.6,5,5,196,62,0.0,255,32767,0.11,2090-9-18,0.0,0.52,26.6,0.0,0.0,0.0,0,4.822265625,6,45,05:40,20:21,2025-05-22 14:55:53.222810,Città della Scienza
2025-05-22T14:56:04Z,236,29.9,76.1,55,70.6,4,5,240,62,0.0,255,32767,0.11,2090-9-18,0.0,0.52,26.6,0.0,0.0,0.0,0,4.822265625,6,45,05:40,20:21,2025-05-22 14:56:04.314793,Città della Scienza
2025-05-22T14:56:15Z,236,29.9,76.1,55,70.6,3,5,205,62,0.0,255,32767,0.11,2090-9-18,0.0,0.52,26.6,0.0,0.0,0.0,0,4.822265625,6,45,05:40,20:21,2025-05-22 14:56:15.353794,Città della Scienza
2025-05-22T14:56:26Z,236,29.9,76.1,55,70.6,3,5,210,62,0.0,255,32767,0.11,2090-9-18,0.0,0.52,26.6,0.0,0.0,0.0,0,4.822265625,6,45,05:40,20:21,2025-05-22 14:56:26.438805,Città della Scienza
2025-05-22T14:56:37Z,236,29.902,76.1,54,70.6,5,5,196,62,0.0,255,32767,0.11,2090-9-18,0.0,0.52,26.6,0.0,0.0,0.0,0,4.822265625,6,45,05:40,20:21,2025-05-22 14:56:37.503811,Città della Scienza
2025-05-22T14:56:48Z,236,29.902,76.1,54,70.6,3,5,230,62,0.0,255,32767,0.11,2090-9-18,0.0,0.52,26.6,0.0,0.0,0.0,0,4.822265625,6,45,05:40,20:21,2025-05-22 14:56:48.561792,Città della Scienza
2025-05-22T14:56:59Z,236,29.902,76.1,54,70.6,2,5,80,62,0.0,255,32767,0.11,2090-9-18,0.0,0.52,26.6,0.0,0.0,0.0,0,4.822265625,6,45,05:40,20:21,2025-05-22 14:56:59.635801,Città della Scienza
2025-05-22T14:57:10Z,236,29.902,76.1,54,70.7,1,5,74,62,0.0,255,32767,0.11,2090-9-18,0.0,0.52,26.6,0.0,0.0,0.0,0,4.822265625,6,45,05:40,20:21,2025-05-22 14:57:10.701796,Città della Scienza
2025-05-22T14:57:21Z,236,29.902,76.1,54,70.7,6,5,171,63,0.0,255,32767,0.11,2090-9-18,0.0,0.52,26.6,0.0,0.0,0.0,0,4.822265625,6,45,05:40,20:21,2025-05-22 14:57:21.797799,Città della Scienza
2025-05-22T14:57:33Z,236,29.902,76.1,54,70.7,6,5,159,63,0.0,255,32767,0.11,2090-9-18,0.0,0.52,26.6,0.0,0.0,0.0,0,4.822265625,6,45,05:40,20:21,2025-05-22 14:57:32.848789,Città della Scienza
2025-05-22T14:57:44Z,236,29.902,76.1,54,70.7,6,4,146,63,0.0,255,32767,0.11,2090-9-18,0.0,0.52,26.6,0.0,0.0,0.0,0,4.822265625,6,45,05:40,20:21,2025-05-22 14:57:43.945791,Città della Scienza
2025-05-22T14:57:55Z,236,29.902,76.1,54,70.7,6,4,171,63,0.0,255,32767,0.11,2090-9-18,0.0,0.52,26.6,0.0,0.0,0.0,0,4.822265625,6,45,05:40,20:21,2025-05-22 14:57:54.973798,Città della Scienza
2025-05-22T14:58:06Z,236,29.902,76.1,54,70.7,4,4,169,63,0.0,255,32767,0.11,2090-9-18,0.0,0.52,26.6,0.0,0.0,0.0,0,4.822265625,6,45,05:40,20:21,2025-05-22 14:58:06.012788,Città della Scienza
2025-05-22T14:58:17Z,236,29.902,76.1,54,70.7,8,4,243,62,0.0,255,32767,0.11,2090-9-18,0.0,0.52,26.6,0.0,0.0,0.0,0,4.822265625,6,45,05:40,20:21,2025-05-22 14:58:17.100807,Città della Scienza
2025-05-22T14:58:28Z,236,29.902,76.1,54,70.8,5,4,174,62,0.0,255,32767,0.11,2090-9-18,0.0,0.52,26.6,0.0,0.0,0.0,0,4.822265625,6,45,05:40,20:21,2025-05-22 14:58:28.162797,Città della Scienza
2025-05-22T14:58:39Z,236,29.904,76.1,54,70.7,5,4,166,62,0.0,255,32767,0.11,2090-9-18,0.0,0.52,26.6,0.0,0.0,0.0,0,4.822265625,6,45,05:40,20:21,2025-05-22 14:58:39.253752,Città della Scienza
2025-05-22T14:58:50Z,236,29.904,76.1,54,70.7,5,4,201,62,0.0,255,32767,0.11,2090-9-18,0.0,0.52,26.6,0.0,0.0,0.0,0,4.822265625,6,45,05:40,20:21,2025-05-22 14:58:50.354782,Città della Scienza
2025-05-22T14:59:01Z,236,29.904,76.1,54,70.7,9,4,181,62,0.0,255,32767,0.11,2090-9-18,0.0,0.52,26.6,0.0,0.0,0.0,0,4.822265625,6,45,05:40,20:21,2025-05-22 14:59:01.399798,Città della Scienza
2025-05-22T14:59:12Z,236,29.904,76.1,54,70.7,7,4,187,62,0.0,255,32767,0.11,2090-9-18,0.0,0.52,26.6,0.0,0.0,0.0,0,4.822265625,6,45,05:40,20:21,2025-05-22 14:59:12.466794,Città della Scienza
2025-05-22T14:59:23Z,236,29.904,76.1,54,70.7,8,4,186,62,0.0,255,32767,0.11,2090-9-18,0.0,0.52,26.6,0.0,0.0,0.0,0,4.822265625,6,45,05:40,20:21,2025-05-22 14:59:23.583800,Città della Scienza
2025-05-22T14:59:34Z,236,29.902,76.1,54,70.7,7,5,200,62,0.0,255,32767,0.11,2090-9-18,0.0,0.52,26.6,0.0,0.0,0.0,0,4.822265625,6,45,05:40,20:21,2025-05-22 14:59:34.641757,Città della Scienza
2025-05-22T14:59:45Z,236,29.902,76.1,54,70.7,8,5,174,62,0.0,255,32767,0.11,2090-9-18,0.0,0.52,26.6,0.0,0.0,0.0,0,4.822265625,6,45,05:40,20:21,2025-05-22 14:59:45.697798,Città della Scienza
2025-05-22T14:59:56Z,236,29.902,76.1,54,70.6,5,5,180,61,0.0,255,32767,0.11,2090-9-18,0.0,0.52,26.6,0.0,0.0,0.0,0,4.822265625,6,45,05:40,20:21,2025-05-22 14:59:56.735777,Città della Scienza
2025-05-22T15:00:08Z,236,29.902,76.1,54,70.6,5,5,194,61,0.0,255,32767,0.11,2090-9-18,0.0,0.52,26.6,0.0,0.0,0.0,0,4.822265625,6,45,05:40,20:21,2025-05-22 15:00:07.837813,Città della Scienza,48.1,6.6646714,8.546074,4.9236293,4.305682,EU EEA Common AQI,79.3,5.382103,6.904649,7200,4.6,100,100,63.2,4.0914283,Very Low,79.5,5.3884764,100,1747925100,Very Low,3.9389033,6.6466923,Very Low,6.0485992,58.1,6.457143,100,1747925100,5.114286
2025-05-22T15:00:19Z,236,29.902,76.1,54,70.5,2,5,157,61,0.0,255,32767,0.11,2090-9-18,0.0,0.52,26.6,0.0,0.0,0.0,0,4.822265625,6,45,05:40,20:21,2025-05-22 15:00:18.950797,Città della Scienza,48.1,6.6646714,8.546074,4.9236293,4.305682,EU EEA Common AQI,79.3,5.382103,6.904649,7200,4.6,100,100,63.2,4.0914283,Very Low,79.5,5.3884764,100,1747925100,Very Low,3.9389033,6.6466923,Very Low,6.0485992,58.1,6.457143,100,1747925100,5.114286
2025-05-22T15:00:30Z,236,29.902,76.1,54,70.5,6,5,171,61,0.0,255,32767,0.11,2090-9-18,0.0,0.52,26.6,0.0,0.0,0.0,0,4.822265625,6,45,05:40,20:21,2025-05-22 15:00:30.036788,Città della Scienza,46.0,6.492617,8.532567,4.8719177,4.217103,EU EEA Common AQI,80.5,5.271379,6.914901,7200,4.4347825,100,100,63.4,3.8724637,Very Low,80.8,5.233538,100,1747926000,Very Low,3.8975341,6.5051813,Very Low,5.9523582,58.1,5.362319,100,1747926000,4.8405795
2025-05-22T15:00:41Z,236,29.904,76.1,54,70.6,6,5,167,61,0.0,255,32767,0.0,2127-15-31,0.0,0.52,26.6,0.0,0.0,0.0,0,4.822265625,6,45,05:40,20:21,2025-05-22 15:00:41.144761,Città della Scienza,46.0,6.492617,8.532567,4.8719177,4.217103,EU EEA Common AQI,80.5,5.271379,6.914901,7200,4.4347825,100,100,63.4,3.8724637,Very Low,80.8,5.233538,100,1747926000,Very Low,3.8975341,6.5051813,Very Low,5.9523582,58.1,5.362319,100,1747926000,4.8405795
2025-05-22T15:00:52Z,236,29.904,76.1,54,70.5,6,5,163,61,0.0,255,32767,0.0,2127-15-31,0.0,0.52,26.6,0.0,0.0,0.0,0,4.822265625,6,45,05:40,20:21,2025-05-22 15:00:52.228794,Città della Scienza,46.0,6.492617,8.532567,4.8719177,4.217103,EU EEA Common AQI,80.5,5.271379,6.914901,7200,4.4347825,100,100,63.4,3.8724637,Very Low,80.8,5.233538,100,1747926000,Very Low,3.8975341,6.5051813,Very Low,5.9523582,58.1,5.362319,100,1747926000,4.8405795
2025-05-22T15:01:03Z,236,29.904,76.1,54,70.5,4,5,166,61,0.0,255,32767,0.0,2127-15-31,0.0,0.52,26.6,0.0,0.0,0.0,0,4.822265625,6,45,05:40,20:21,2025-05-22 15:01:03.303781,Città della Scienza,46.0,6.492617,8.532567,4.8719177,4.217103,EU EEA Common AQI,80.5,5.271379,6.914901,7200,4.4347825,100,100,63.4,3.8724637,Very Low,80.8,5.233538,100,1747926000,Very Low,3.8975341,6.5051813,Very Low,5.9523582,58.1,5.362319,100,1747926000,4.8405795
2025-05-22T15:01:14Z,236,29.904,76.1,54,70.4,6,5,192,61,0.0,255,32767,0.0,2127-15-31,0.0,0.52,26.6,0.0,0.0,0.0,0,4.822265625,6,45,05:40,20:21,2025-05-22 15:01:14.398812,Città della Scienza,46.0,6.492617,8.532567,4.8719177,4.217103,EU EEA Common AQI,80.5,5.271379,6.914901,7200,4.4347825,100,100,63.4,3.8724637,Very Low,80.8,5.233538,100,1747926000,Very Low,3.8975341,6.5051813,Very Low,5.9523582,58.1,5.362319,100,1747926000,4.8405795
2025-05-22T15:01:25Z,236,29.904,76.1,54,70.4,3,5,192,61,0.0,255,32767,0.0,2127-15-31,0.0,0.52,26.6,0.0,0.0,0.0,0,4.822265625,6,45,05:40,20:21,2025-05-22 15:01:25.497795,Città della Scienza,46.0,6.492617,8.532567,4.8719177,4.217103,EU EEA Common AQI,80.5,5.271379,6.914901,7200,4.4347825,100,100,63.4,3.8724637,Very Low,80.8,5.233538,100,1747926000,Very Low,3.8975341,6.5051813,Very Low,5.9523582,58.1,5.362319,100,1747926000,4.8405795
2025-05-22T15:01:36Z,236,29.903,76.1,54,70.4,4,5,239,61,0.0,255,32767,0.0,2127-15-31,0.0,0.52,26.6,0.0,0.0,0.0,0,4.822265625,6,45,05:40,20:21,2025-05-22 15:01:36.597795,Città della Scienza,46.0,6.492617,8.532567,4.8719177,4.217103,EU EEA Common AQI,80.5,5.271379,6.914901,7200,4.4347825,100,100,63.4,3.8724637,Very Low,80.8,5.233538,100,1747926000,Very Low,3.8975341,6.5051813,Very Low,5.9523582,58.1,5.362319,100,1747926000,4.8405795
2025-05-22T15:01:47Z,236,29.903,76.1,54,70.4,6,5,206,61,0.0,255,32767,0.0,2127-15-31,0.0,0.52,26.6,0.0,0.0,0.0,0,4.822265625,6,45,05:40,20:21,2025-05-22 15:01:47.716826,Città della Scienza,46.0,6.492617,8.532567,4.8719177,4.217103,EU EEA Common AQI,80.5,5.271379,6.914901,7200,4.4347825,100,100,63.4,3.8724637,Very Low,80.8,5.233538,100,1747926000,Very Low,3.8975341,6.5051813,Very Low,5.9523582,58.1,5.362319,100,1747926000,4.8405795
2025-05-22T15:01:59Z,236,29.903,76.1,54,70.4,5,5,195,61,0.0,255,32767,0.0,2127-15-31,0.0,0.52,26.6,0.0,0.0,0.0,0,4.822265625,6,45,05:40,20:21,2025-05-22 15:01:58.823791,Città della Scienza,46.0,6.492617,8.532567,4.8719177,4.217103,EU EEA Common AQI,80.5,5.271379,6.914901,7200,4.4347825,100,100,63.4,3.8724637,Very Low,80.8,5.233538,100,1747926000,Very Low,3.8975341,6.5051813,Very Low,5.9523582,58.1,5.362319,100,1747926000,4.8405795
2025-05-22T15:02:10Z,236,29.903,76.1,54,70.4,4,5,244,61,0.0,255,32767,0.0,2127-15-31,0.0,0.52,26.6,0.0,0.0,0.0,0,4.822265625,6,45,05:40,20:21,2025-05-22 15:02:09.906801,Città della Scienza,46.0,6.492617,8.532567,4.8719177,4.217103,EU EEA Common AQI,80.5,5.271379,6.914901,7200,4.4347825,100,100,63.4,3.8724637,Very Low,80.8,5.233538,100,1747926000,Very Low,3.8975341,6.5051813,Very Low,5.9523582,58.1,5.362319,100,1747926000,4.8405795
2025-05-22T15:02:21Z,236,29.903,76.1,54,70.4,3,5,228,61,0.0,255,32767,0.0,2127-15-31,0.0,0.52,26.6,0.0,0.0,0.0,0,4.822265625,6,45,05:40,20:21,2025-05-22 15:02:20.959793,Città della Scienza,46.0,6.492617,8.532567,4.8719177,4.217103,EU EEA Common AQI,80.5,5.271379,6.914901,7200,4.4347825,100,100,63.4,3.8724637,Very Low,80.8,5.233538,100,1747926000,Very Low,3.8975341,6.5051813,Very Low,5.9523582,58.1,5.362319,100,1747926000,4.8405795
2025-05-22T15:02:32Z,236,29.903,76.1,54,70.4,4,5,154,61,0.0,255,32767,0.0,2127-15-31,0.0,0.52,26.6,0.0,0.0,0.0,0,4.822265625,6,45,05:40,20:21,2025-05-22 15:02:32.054796,Città della Scienza,46.0,6.492617,8.532567,4.8719177,4.217103,EU EEA Common AQI,80.5,5.271379,6.914901,7200,4.4347825,100,100,63.4,3.8724637,Very Low,80.8,5.233538,100,1747926000,Very Low,3.8975341,6.5051813,Very Low,5.9523582,58.1,5.362319,100,1747926000,4.8405795
2025-05-22T15:02:43Z,236,29.903,76.1,54,70.4,5,5,187,61,0.0,255,32767,0.0,2127-15-31,0.0,0.52,26.6,0.0,0.0,0.0,0,4.822265625,6,45,05:40,20:21,2025-05-22 15:02:43.147802,Città della Scienza,46.0,6.492617,8.532567,4.8719177,4.217103,EU EEA Common AQI,80.5,5.271379,6.914901,7200,4.4347825,100,100,63.4,3.8724637,Very Low,80.8,5.233538,100,1747926000,Very Low,3.8975341,6.5051813,Very Low,5.9523582,58.1,5.362319,100,1747926000,4.8405795
2025-05-22T15:02:54Z,236,29.903,76.1,54,70.4,7,5,184,61,0.0,255,32767,0.0,2127-15-31,0.0,0.52,26.6,0.0,0.0,0.0,0,4.822265625,6,45,05:40,20:21,2025-05-22 15:02:54.269781,Città della Scienza,46.0,6.492617,8.532567,4.8719177,4.217103,EU EEA Common AQI,80.5,5.271379,6.914901,7200,4.4347825,100,100,63.4,3.8724637,Very Low,80.8,5.233538,100,1747926000,Very Low,3.8975341,6.5051813,Very Low,5.9523582,58.1,5.362319,100,1747926000,4.8405795
2025-05-22T15:03:05Z,236,29.903,76.1,54,70.4,9,5,180,61,0.0,255,32767,0.0,2127-15-31,0.0,0.52,26.6,0.0,0.0,0.0,0,4.822265625,6,45,05:40,20:21,2025-05-22 15:03:05.342805,Città della Scienza,46.0,6.492617,8.532567,4.8719177,4.217103,EU EEA Common AQI,80.5,5.271379,6.914901,7200,4.4347825,100,100,63.4,3.8724637,Very Low,80.8,5.233538,100,1747926000,Very Low,3.8975341,6.5051813,Very Low,5.9523582,58.1,5.362319,100,1747926000,4.8405795
2025-05-22T15:03:16Z,236,29.903,76.1,54,70.4,5,5,201,61,0.0,255,32767,0.0,2127-15-31,0.0,0.52,26.6,0.0,0.0,0.0,0,4.822265625,6,45,05:40,20:21,2025-05-22 15:03:16.459801,Città della Scienza,46.0,6.492617,8.532567,4.8719177,4.217103,EU EEA Common AQI,80.5,5.271379,6.914901,7200,4.4347825,100,100,63.4,3.8724637,Very Low,80.8,5.233538,100,1747926000,Very Low,3.8975341,6.5051813,Very Low,5.9523582,58.1,5.362319,100,1747926000,4.8405795
2025-05-22T15:03:27Z,236,29.903,76.1,54,70.4,5,5,180,62,0.0,255,32767,0.0,2127-15-31,0.0,0.52,26.6,0.0,0.0,0.0,0,4.822265625,6,45,05:40,20:21,2025-05-22 15:03:27.583807,Città della Scienza,46.0,6.492617,8.532567,4.8719177,4.217103,EU EEA Common AQI,80.5,5.271379,6.914901,7200,4.4347825,100,100,63.4,3.8724637,Very Low,80.8,5.233538,100,1747926000,Very Low,3.8975341,6.5051813,Very Low,5.9523582,58.1,5.362319,100,1747926000,4.8405795
2025-05-22T15:03:38Z,236,29.901,76.1,54,70.4,7,5,196,62,0.0,255,32767,0.0,2127-15-31,0.0,0.52,26.6,0.0,0.0,0.0,0,4.822265625,6,45,05:40,20:21,2025-05-22 15:03:38.655790,Città della Scienza,46.0,6.492617,8.532567,4.8719177,4.217103,EU EEA Common AQI,80.5,5.271379,6.914901,7200,4.4347825,100,100,63.4,3.8724637,Very Low,80.8,5.233538,100,1747926000,Very Low,3.8975341,6.5051813,Very Low,5.9523582,58.1,5.362319,100,1747926000,4.8405795
2025-05-22T15:03:49Z,236,29.901,76.1,54,70.4,5,5,191,62,0.0,255,32767,0.0,2127-15-31,0.0,0.52,26.6,0.0,0.0,0.0,0,4.822265625,6,45,05:40,20:21,2025-05-22 15:03:49.758790,Città della Scienza,46.0,6.492617,8.532567,4.8719177,4.217103,EU EEA Common AQI,80.5,5.271379,6.914901,7200,4.4347825,100,100,63.4,3.8724637,Very Low,80.8,5.233538,100,1747926000,Very Low,3.8975341,6.5051813,Very Low,5.9523582,58.1,5.362319,100,1747926000,4.8405795
2025-05-22T15:04:01Z,236,29.901,76.1,54,70.3,5,5,170,62,0.0,255,32767,0.0,2127-15-31,0.0,0.52,26.6,0.0,0.0,0.0,0,4.822265625,6,45,05:40,20:21,2025-05-22 15:04:00.857804,Città della Scienza,46.0,6.492617,8.532567,4.8719177,4.217103,EU EEA Common AQI,80.5,5.271379,6.914901,7200,4.4347825,100,100,63.4,3.8724637,Very Low,80.8,5.233538,100,1747926000,Very Low,3.8975341,6.5051813,Very Low,5.9523582,58.1,5.362319,100,1747926000,4.8405795
2025-05-22T15:04:12Z,236,29.901,76.1,54,70.4,5,5,167,62,0.0,255,32767,0.0,2127-15-31,0.0,0.52,26.6,0.0,0.0,0.0,0,4.822265625,6,45,05:40,20:21,2025-05-22 15:04:11.986791,Città della Scienza,46.0,6.492617,8.532567,4.8719177,4.217103,EU EEA Common AQI,80.5,5.271379,6.914901,7200,4.4347825,100,100,63.4,3.8724637,Very Low,80.8,5.233538,100,1747926000,Very Low,3.8975341,6.5051813,Very Low,5.9523582,58.1,5.362319,100,1747926000,4.8405795
2025-05-22T15:04:23Z,236,29.901,76.1,54,70.3,6,5,184,62,0.0,255,32767,0.0,2127-15-31,0.0,0.52,26.6,0.0,0.0,0.0,0,4.822265625,6,45,05:40,20:21,2025-05-22 15:04:23.088795,Città della Scienza,46.0,6.492617,8.532567,4.8719177,4.217103,EU EEA Common AQI,80.5,5.271379,6.914901,7200,4.4347825,100,100,63.4,3.8724637,Very Low,80.8,5.233538,100,1747926000,Very Low,3.8975341,6.5051813,Very Low,5.9523582,58.1,5.362319,100,1747926000,4.8405795
2025-05-22T15:04:34Z,236,29.901,76.1,54,70.3,3,5,215,62,0.0,255,32767,0.0,2127-15-31,0.0,0.52,26.6,0.0,0.0,0.0,0,4.822265625,6,45,05:40,20:21,2025-05-22 15:04:34.254802,Città della Scienza,46.0,6.492617,8.532567,4.8719177,4.217103,EU EEA Common AQI,80.5,5.271379,6.914901,7200,4.4347825,100,100,63.4,3.8724637,Very Low,80.8,5.233538,100,1747926000,Very Low,3.8975341,6.5051813,Very Low,5.9523582,58.1,5.362319,100,1747926000,4.8405795
2025-05-22T15:04:45Z,236,29.901,76.1,54,70.3,4,5,208,62,0.0,255,32767,0.0,2127-15-31,0.0,0.52,26.6,0.0,0.0,0.0,0,4.822265625,6,45,05:40,20:21,2025-05-22 15:04:45.273790,Città della Scienza,46.0,6.492617,8.532567,4.8719177,4.217103,EU EEA Common AQI,80.5,5.271379,6.914901,7200,4.4347825,100,100,63.4,3.8724637,Very Low,80.8,5.233538,100,1747926000,Very Low,3.8975341,6.5051813,Very Low,5.9523582,58.1,5.362319,100,1747926000,4.8405795
2025-05-22T15:04:56Z,236,29.901,76.1,54,70.3,2,5,154,62,0.0,255,32767,0.0,2127-15-31,0.0,0.52,26.6,0.0,0.0,0.0,0,4.822265625,6,45,05:40,20:21,2025-05-22 15:04:56.376792,Città della Scienza,46.0,6.492617,8.532567,4.8719177,4.217103,EU EEA Common AQI,80.5,5.271379,6.914901,7200,4.4347825,100,100,63.4,3.8724637,Very Low,80.8,5.233538,100,1747926000,Very Low,3.8975341,6.5051813,Very Low,5.9523582,58.1,5.362319,100,1747926000,4.8405795
2025-05-22T15:05:07Z,236,29.901,76.1,54,70.3,6,5,185,62,0.0,255,32767,0.0,2127-15-31,0.0,0.52,26.6,0.0,0.0,0.0,0,4.822265625,6,45,05:40,20:21,2025-05-22 15:05:07.443800,Città della Scienza,46.0,6.492617,8.532567,4.8719177,4.217103,EU EEA Common AQI,80.5,5.271379,6.914901,7200,4.4347825,100,100,63.4,3.8724637,Very Low,80.8,5.233538,100,1747926000,Very Low,3.8975341,6.5051813,Very Low,5.9523582,58.1,5.362319,100,1747926000,4.8405795
2025-05-22T15:05:18Z,236,29.901,76.1,54,70.4,6,5,165,62,0.0,255,32767,0.0,2127-15-31,0.0,0.52,26.6,0.0,0.0,0.0,0,4.822265625,6,45,05:40,20:21,2025-05-22 15:05:18.586799,Città della Scienza,46.0,6.492617,8.532567,4.8719177,4.217103,EU EEA Common AQI,80.5,5.271379,6.914901,7200,4.4347825,100,100,63.4,3.8724637,Very Low,80.8,5.233538,100,1747926000,Very Low,3.8975341,6.5051813,Very Low,5.9523582,58.1,5.362319,100,1747926000,4.8405795
2025-05-22T15:05:29Z,236,29.901,76.1,54,70.4,5,5,159,62,0.0,255,32767,0.0,2127-15-31,0.0,0.52,26.6,0.0,0.0,0.0,0,4.822265625,6,45,05:40,20:21,2025-05-22 15:05:29.619805,Città della Scienza,46.0,6.492617,8.532567,4.8719177,4.217103,EU EEA Common AQI,80.5,5.271379,6.914901,7200,4.4347825,100,100,63.4,3.8724637,Very Low,80.8,5.233538,100,1747926000,Very Low,3.8975341,6.5051813,Very Low,5.9523582,58.1,5.362319,100,1747926000,4.8405795
2025-05-22T15:05:40Z,236,29.901,76.1,54,70.4,4,5,153,62,0.0,255,32767,0.0,2127-15-31,0.0,0.52,26.6,0.0,0.0,0.0,0,4.822265625,6,45,05:40,20:21,2025-05-22 15:05:40.695791,Città della Scienza,46.0,6.492617,8.532567,4.8719177,4.217103,EU EEA Common AQI,80.5,5.271379,6.914901,7200,4.4347825,100,100,63.4,3.8724637,Very Low,80.8,5.233538,100,1747926000,Very Low,3.8975341,6.5051813,Very Low,5.9523582,58.1,5.362319,100,1747926000,4.8405795
2025-05-22T15:05:51Z,236,29.901,76.1,54,70.4,5,5,163,62,0.0,255,32767,0.0,2127-15-31,0.0,0.52,26.6,0.0,0.0,0.0,0,4.822265625,6,45,05:40,20:21,2025-05-22 15:05:51.747799,Città della Scienza,46.0,6.492617,8.532567,4.8719177,4.217103,EU EEA Common AQI,80.5,5.271379,6.914901,7200,4.4347825,100,100,63.4,3.8724637,Very Low,80.8,5.233538,100,1747926000,Very Low,3.8975341,6.5051813,Very Low,5.9523582,58.1,5.362319,100,1747926000,4.8405795
2025-05-22T15:06:02Z,236,29.901,76.1,54,70.3,6,5,159,62,0.0,255,32767,0.0,2127-15-31,0.0,0.52,26.6,0.0,0.0,0.0,0,4.822265625,6,45,05:40,20:21,2025-05-22 15:06:02.779803,Città della Scienza,46.0,6.492617,8.532567,4.8719177,4.217103,EU EEA Common AQI,80.5,5.271379,6.914901,7200,4.4347825,100,100,63.4,3.8724637,Very Low,80.8,5.233538,100,1747926000,Very Low,3.8975341,6.5051813,Very Low,5.9523582,58.1,5.362319,100,1747926000,4.8405795
2025-05-22T15:06:14Z,236,29.901,76.1,54,70.4,5,5,180,62,0.0,255,32767,0.0,2127-15-31,0.0,0.52,26.6,0.0,0.0,0.0,0,4.822265625,6,45,05:40,20:21,2025-05-22 15:06:13.880795,Città della Scienza,46.0,6.492617,8.532567,4.8719177,4.217103,EU EEA Common AQI,80.5,5.271379,6.914901,7200,4.4347825,100,100,63.4,3.8724637,Very Low,80.8,5.233538,100,1747926000,Very Low,3.8975341,6.5051813,Very Low,5.9523582,58.1,5.362319,100,1747926000,4.8405795
2025-05-22T15:06:25Z,236,29.901,76.1,54,70.4,5,5,166,62,0.0,255,32767,0.0,2127-15-31,0.0,0.52,26.6,0.0,0.0,0.0,0,4.822265625,6,45,05:40,20:21,2025-05-22 15:06:24.936797,Città della Scienza,46.0,6.492617,8.532567,4.8719177,4.217103,EU EEA Common AQI,80.5,5.271379,6.914901,7200,4.4347825,100,100,63.4,3.8724637,Very Low,80.8,5.233538,100,1747926000,Very Low,3.8975341,6.5051813,Very Low,5.9523582,58.1,5.362319,100,1747926000,4.8405795
2025-05-22T15:06:36Z,236,29.901,76.0,54,70.4,3,5,177,62,0.0,255,32767,0.0,2127-15-31,0.0,0.52,26.6,0.0,0.0,0.0,0,4.822265625,6,45,05:40,20:21,2025-05-22 15:06:36.008795,Città della Scienza,46.0,6.492617,8.532567,4.8719177,4.217103,EU EEA Common AQI,80.5,5.271379,6.914901,7200,4.4347825,100,100,63.4,3.8724637,Very Low,80.8,5.233538,100,1747926000,Very Low,3.8975341,6.5051813,Very Low,5.9523582,58.1,5.362319,100,1747926000,4.8405795
2025-05-22T15:06:47Z,236,29.901,76.0,54,70.4,7,5,189,62,0.0,255,32767,0.0,2127-15-31,0.0,0.52,26.6,0.0,0.0,0.0,0,4.822265625,6,45,05:40,20:21,2025-05-22 15:06:47.131799,Città della Scienza,46.0,6.492617,8.532567,4.8719177,4.217103,EU EEA Common AQI,80.5,5.271379,6.914901,7200,4.4347825,100,100,63.4,3.8724637,Very Low,80.8,5.233538,100,1747926000,Very Low,3.8975341,6.5051813,Very Low,5.9523582,58.1,5.362319,100,1747926000,4.8405795
2025-05-22T15:06:58Z,236,29.901,76.0,54,70.4,5,5,232,62,0.0,255,32767,0.0,2127-15-31,0.0,0.52,26.6,0.0,0.0,0.0,0,4.822265625,6,45,05:40,20:21,2025-05-22 15:06:58.255759,Città della Scienza,46.0,6.492617,8.532567,4.8719177,4.217103,EU EEA Common AQI,80.5,5.271379,6.914901,7200,4.4347825,100,100,63.4,3.8724637,Very Low,80.8,5.233538,100,1747926000,Very Low,3.8975341,6.5051813,Very Low,5.9523582,58.1,5.362319,100,1747926000,4.8405795
2025-05-22T15:07:09Z,236,29.901,76.0,54,70.4,7,5,197,62,0.0,255,32767,0.0,2127-15-31,0.0,0.52,26.6,0.0,0.0,0.0,0,4.822265625,6,45,05:40,20:21,2025-05-22 15:07:09.308805,Città della Scienza,46.0,6.492617,8.532567,4.8719177,4.217103,EU EEA Common AQI,80.5,5.271379,6.914901,7200,4.4347825,100,100,63.4,3.8724637,Very Low,80.8,5.233538,100,1747926000,Very Low,3.8975341,6.5051813,Very Low,5.9523582,58.1,5.362319,100,1747926000,4.8405795
2025-05-22T15:07:20Z,236,29.901,76.0,54,70.4,5,5,178,62,0.0,255,32767,0.0,2127-15-31,0.0,0.52,26.6,0.0,0.0,0.0,0,4.822265625,6,45,05:40,20:21,2025-05-22 15:07:20.439804,Città della Scienza,46.0,6.492617,8.532567,4.8719177,4.217103,EU EEA Common AQI,80.5,5.271379,6.914901,7200,4.4347825,100,100,63.4,3.8724637,Very Low,80.8,5.233538,100,1747926000,Very Low,3.8975341,6.5051813,Very Low,5.9523582,58.1,5.362319,100,1747926000,4.8405795
2025-05-22T15:07:31Z,236,29.901,76.0,54,70.5,4,5,229,62,0.0,255,32767,0.0,2127-15-31,0.0,0.52,26.6,0.0,0.0,0.0,0,4.822265625,6,45,05:40,20:21,2025-05-22 15:07:31.562816,Città della Scienza,46.0,6.492617,8.532567,4.8719177,4.217103,EU EEA Common AQI,80.5,5.271379,6.914901,7200,4.4347825,100,100,63.4,3.8724637,Very Low,80.8,5.233538,100,1747926000,Very Low,3.8975341,6.5051813,Very Low,5.9523582,58.1,5.362319,100,1747926000,4.8405795
2025-05-22T15:07:42Z,236,29.902,76.1,54,70.5,3,5,244,62,0.0,255,32767,0.0,2127-15-31,0.0,0.52,26.6,0.0,0.0,0.0,0,4.822265625,6,45,05:40,20:21,2025-05-22 15:07:42.641799,Città della Scienza,46.0,6.492617,8.532567,4.8719177,4.217103,EU EEA Common AQI,80.5,5.271379,6.914901,7200,4.4347825,100,100,63.4,3.8724637,Very Low,80.8,5.233538,100,1747926000,Very Low,3.8975341,6.5051813,Very Low,5.9523582,58.1,5.362319,100,1747926000,4.8405795
2025-05-22T15:07:53Z,236,29.902,76.1,54,70.5,3,5,236,62,0.0,255,32767,0.0,2127-15-31,0.0,0.52,26.6,0.0,0.0,0.0,0,4.822265625,6,45,05:40,20:21,2025-05-22 15:07:53.705794,Città della Scienza,46.0,6.492617,8.532567,4.8719177,4.217103,EU EEA Common AQI,80.5,5.271379,6.914901,7200,4.4347825,100,100,63.4,3.8724637,Very Low,80.8,5.233538,100,1747926000,Very Low,3.8975341,6.5051813,Very Low,5.9523582,58.1,5.362319,100,1747926000,4.8405795
2025-05-22T15:08:04Z,236,29.902,76.1,54,70.5,3,5,194,62,0.0,255,32767,0.0,2127-15-31,0.0,0.52,26.6,0.0,0.0,0.0,0,4.822265625,6,45,05:40,20:21,2025-05-22 15:08:04.725801,Città della Scienza,46.0,6.492617,8.532567,4.8719177,4.217103,EU EEA Common AQI,80.5,5.271379,6.914901,7200,4.4347825,100,100,63.4,3.8724637,Very Low,80.8,5.233538,100,1747926000,Very Low,3.8975341,6.5051813,Very Low,5.9523582,58.1,5.362319,100,1747926000,4.8405795
2025-05-22T15:08:15Z,236,29.902,76.1,54,70.5,7,5,179,62,0.0,255,32767,0.0,2127-15-31,0.0,0.52,26.6,0.0,0.0,0.0,0,4.822265625,6,45,05:40,20:21,2025-05-22 15:08:15.771811,Città della Scienza,46.0,6.492617,8.532567,4.8719177,4.217103,EU EEA Common AQI,80.5,5.271379,6.914901,7200,4.4347825,100,100,63.4,3.8724637,Very Low,80.8,5.233538,100,1747926000,Very Low,3.8975341,6.5051813,Very Low,5.9523582,58.1,5.362319,100,1747926000,4.8405795
2025-05-22T15:08:27Z,236,29.902,76.1,54,70.6,7,5,188,62,0.0,255,32767,0.0,2127-15-31,0.0,0.52,26.6,0.0,0.0,0.0,0,4.822265625,6,45,05:40,20:21,2025-05-22 15:08:26.883827,Città della Scienza,46.0,6.492617,8.532567,4.8719177,4.217103,EU EEA Common AQI,80.5,5.271379,6.914901,7200,4.4347825,100,100,63.4,3.8724637,Very Low,80.8,5.233538,100,1747926000,Very Low,3.8975341,6.5051813,Very Low,5.9523582,58.1,5.362319,100,1747926000,4.8405795
2025-05-22T15:08:38Z,236,29.903,76.1,54,70.5,4,5,267,61,0.0,255,32767,0.0,2127-15-31,0.0,0.52,26.6,0.0,0.0,0.0,0,4.822265625,6,45,05:40,20:21,2025-05-22 15:08:37.983794,Città della Scienza,46.0,6.492617,8.532567,4.8719177,4.217103,EU EEA Common AQI,80.5,5.271379,6.914901,7200,4.4347825,100,100,63.4,3.8724637,Very Low,80.8,5.233538,100,1747926000,Very Low,3.8975341,6.5051813,Very Low,5.9523582,58.1,5.362319,100,1747926000,4.8405795
2025-05-22T15:08:49Z,236,29.903,76.1,54,70.5,8,5,187,61,0.0,255,32767,0.0,2127-15-31,0.0,0.52,26.6,0.0,0.0,0.0,0,4.822265625,6,45,05:40,20:21,2025-05-22 15:08:49.029796,Città della Scienza,46.0,6.492617,8.532567,4.8719177,4.217103,EU EEA Common AQI,80.5,5.271379,6.914901,7200,4.4347825,100,100,63.4,3.8724637,Very Low,80.8,5.233538,100,1747926000,Very Low,3.8975341,6.5051813,Very Low,5.9523582,58.1,5.362319,100,1747926000,4.8405795
2025-05-22T15:09:00Z,236,29.903,76.1,54,70.5,7,5,186,61,0.0,255,32767,0.0,2127-15-31,0.0,0.52,26.6,0.0,0.0,0.0,0,4.822265625,6,45,05:40,20:21,2025-05-22 15:09:00.121806,Città della Scienza,46.0,6.492617,8.532567,4.8719177,4.217103,EU EEA Common AQI,80.5,5.271379,6.914901,7200,4.4347825,100,100,63.4,3.8724637,Very Low,80.8,5.233538,100,1747926000,Very Low,3.8975341,6.5051813,Very Low,5.9523582,58.1,5.362319,100,1747926000,4.8405795
2025-05-22T15:09:11Z,236,29.903,76.1,54,70.6,7,5,180,61,0.0,255,32767,0.0,2127-15-31,0.0,0.52,26.6,0.0,0.0,0.0,0,4.822265625,6,45,05:40,20:21,2025-05-22 15:09:11.182802,Città della Scienza,46.0,6.492617,8.532567,4.8719177,4.217103,EU EEA Common AQI,80.5,5.271379,6.914901,7200,4.4347825,100,100,63.4,3.8724637,Very Low,80.8,5.233538,100,1747926000,Very Low,3.8975341,6.5051813,Very Low,5.9523582,58.1,5.362319,100,1747926000,4.8405795
2025-05-22T15:09:22Z,236,29.903,76.1,54,70.6,7,5,187,61,0.0,255,32767,0.0,2127-15-31,0.0,0.52,26.6,0.0,0.0,0.0,0,4.822265625,6,45,05:40,20:21,2025-05-22 15:09:22.313787,Città della Scienza,46.0,6.492617,8.532567,4.8719177,4.217103,EU EEA Common AQI,80.5,5.271379,6.914901,7200,4.4347825,100,100,63.4,3.8724637,Very Low,80.8,5.233538,100,1747926000,Very Low,3.8975341,6.5051813,Very Low,5.9523582,58.1,5.362319,100,1747926000,4.8405795
2025-05-22T15:09:33Z,236,29.903,76.1,54,70.6,6,5,181,60,0.0,255,32767,0.0,2127-15-31,0.0,0.52,26.6,0.0,0.0,0.0,0,4.822265625,6,45,05:40,20:21,2025-05-22 15:09:33.354756,Città della Scienza,46.0,6.492617,8.532567,4.8719177,4.217103,EU EEA Common AQI,80.5,5.271379,6.914901,7200,4.4347825,100,100,63.4,3.8724637,Very Low,80.8,5.233538,100,1747926000,Very Low,3.8975341,6.5051813,Very Low,5.9523582,58.1,5.362319,100,1747926000,4.8405795
2025-05-22T15:09:44Z,236,29.904,76.1,54,70.6,2,5,92,60,0.0,255,32767,0.0,2127-15-31,0.0,0.52,26.6,0.0,0.0,0.0,0,4.822265625,6,45,05:40,20:21,2025-05-22 15:09:44.395793,Città della Scienza,46.0,6.492617,8.532567,4.8719177,4.217103,EU EEA Common AQI,80.5,5.271379,6.914901,7200,4.4347825,100,100,63.4,3.8724637,Very Low,80.8,5.233538,100,1747926000,Very Low,3.8975341,6.5051813,Very Low,5.9523582,58.1,5.362319,100,1747926000,4.8405795
2025-05-22T15:09:55Z,236,29.904,76.1,54,70.5,8,5,180,60,0.0,255,32767,0.0,2127-15-31,0.0,0.52,26.6,0.0,0.0,0.0,0,4.822265625,6,45,05:40,20:21,2025-05-22 15:09:55.474801,Città della Scienza,46.0,6.492617,8.532567,4.8719177,4.217103,EU EEA Common AQI,80.5,5.271379,6.914901,7200,4.4347825,100,100,63.4,3.8724637,Very Low,80.8,5.233538,100,1747926000,Very Low,3.8975341,6.5051813,Very Low,5.9523582,58.1,5.362319,100,1747926000,4.8405795
2025-05-22T15:10:06Z,236,29.904,76.1,54,70.5,8,5,184,60,0.0,255,32767,0.0,2127-15-31,0.0,0.52,26.6,0.0,0.0,0.0,0,4.822265625,6,45,05:40,20:21,2025-05-22 15:10:06.566789,Città della Scienza,46.0,6.492617,8.532567,4.8719177,4.217103,EU EEA Common AQI,80.5,5.271379,6.914901,7200,4.4347825,100,100,63.4,3.8724637,Very Low,80.8,5.233538,100,1747926000,Very Low,3.8975341,6.5051813,Very Low,5.9523582,58.1,5.362319,100,1747926000,4.8405795
2025-05-22T15:10:17Z,236,29.904,76.1,54,70.5,7,5,176,60,0.0,255,32767,0.0,2127-15-31,0.0,0.52,26.6,0.0,0.0,0.0,0,4.822265625,6,45,05:40,20:21,2025-05-22 15:10:17.665819,Città della Scienza,46.0,6.492617,8.532567,4.8719177,4.217103,EU EEA Common AQI,80.5,5.271379,6.914901,7200,4.4347825,100,100,63.4,3.8724637,Very Low,80.8,5.233538,100,1747926000,Very Low,3.8975341,6.5051813,Very Low,5.9523582,58.1,5.362319,100,1747926000,4.8405795
2025-05-22T15:10:28Z,236,29.904,76.1,54,70.5,6,5,169,60,0.0,255,32767,0.0,2127-15-31,0.0,0.52,26.6,0.0,0.0,0.0,0,4.822265625,6,45,05:40,20:21,2025-05-22 15:10:28.690795,Città della Scienza,46.0,6.492617,8.532567,4.8719177,4.217103,EU EEA Common AQI,80.5,5.271379,6.914901,7200,4.4347825,100,100,63.4,3.8724637,Very Low,80.8,5.233538,100,1747926000,Very Low,3.8975341,6.5051813,Very Low,5.9523582,58.1,5.362319,100,1747926000,4.8405795
2025-05-22T15:10:39Z,236,29.899,76.1,54,70.5,3,5,261,60,0.0,255,32767,0.0,2127-15-31,0.0,0.52,26.6,0.0,0.0,0.0,0,4.822265625,6,45,05:40,20:21,2025-05-22 15:10:39.790787,Città della Scienza,46.0,6.492617,8.532567,4.8719177,4.217103,EU EEA Common AQI,80.5,5.271379,6.914901,7200,4.4347825,100,100,63.4,3.8724637,Very Low,80.8,5.233538,100,1747926000,Very Low,3.8975341,6.5051813,Very Low,5.9523582,58.1,5.362319,100,1747926000,4.8405795
2025-05-22T15:10:51Z,236,29.899,76.1,54,70.5,2,5,175,60,0.0,255,32767,0.0,2127-15-31,0.0,0.52,26.6,0.0,0.0,0.0,0,4.822265625,6,45,05:40,20:21,2025-05-22 15:10:50.891798,Città della Scienza,46.0,6.492617,8.532567,4.8719177,4.217103,EU EEA Common AQI,80.5,5.271379,6.914901,7200,4.4347825,100,100,63.4,3.8724637,Very Low,80.8,5.233538,100,1747926000,Very Low,3.8975341,6.5051813,Very Low,5.9523582,58.1,5.362319,100,1747926000,4.8405795
2025-05-22T15:11:02Z,236,29.899,76.1,54,70.5,4,5,184,60,0.0,255,32767,0.0,2127-15-31,0.0,0.52,26.6,0.0,0.0,0.0,0,4.822265625,6,45,05:40,20:21,2025-05-22 15:11:01.942749,Città della Scienza,46.0,6.492617,8.532567,4.8719177,4.217103,EU EEA Common AQI,80.5,5.271379,6.914901,7200,4.4347825,100,100,63.4,3.8724637,Very Low,80.8,5.233538,100,1747926000,Very Low,3.8975341,6.5051813,Very Low,5.9523582,58.1,5.362319,100,1747926000,4.8405795
2025-05-22T15:11:13Z,236,29.899,76.1,54,70.5,3,5,240,60,0.0,255,32767,0.0,2127-15-31,0.0,0.52,26.6,0.0,0.0,0.0,0,4.822265625,6,45,05:40,20:21,2025-05-22 15:11:13.082786,Città della Scienza,46.0,6.492617,8.532567,4.8719177,4.217103,EU EEA Common AQI,80.5,5.271379,6.914901,7200,4.4347825,100,100,63.4,3.8724637,Very Low,80.8,5.233538,100,1747926000,Very Low,3.8975341,6.5051813,Very Low,5.9523582,58.1,5.362319,100,1747926000,4.8405795
2025-05-22T15:11:24Z,236,29.899,76.1,54,70.5,4,5,189,61,0.0,255,32767,0.0,2127-15-31,0.0,0.52,26.6,0.0,0.0,0.0,0,4.822265625,6,45,05:40,20:21,2025-05-22 15:11:24.198796,Città della Scienza,46.0,6.492617,8.532567,4.8719177,4.217103,EU EEA Common AQI,80.5,5.271379,6.914901,7200,4.4347825,100,100,63.4,3.8724637,Very Low,80.8,5.233538,100,1747926000,Very Low,3.8975341,6.5051813,Very Low,5.9523582,58.1,5.362319,100,1747926000,4.8405795
2025-05-22T15:11:35Z,236,29.9,76.1,54,70.5,6,5,187,61,0.0,255,32767,0.0,2127-15-31,0.0,0.52,26.6,0.0,0.0,0.0,0,4.822265625,6,45,05:40,20:21,2025-05-22 15:11:35.294795,Città della Scienza,46.0,6.492617,8.532567,4.8719177,4.217103,EU EEA Common AQI,80.5,5.271379,6.914901,7200,4.4347825,100,100,63.4,3.8724637,Very Low,80.8,5.233538,100,1747926000,Very Low,3.8975341,6.5051813,Very Low,5.9523582,58.1,5.362319,100,1747926000,4.8405795
2025-05-22T15:11:46Z,236,29.9,76.1,54,70.5,6,5,161,61,0.0,255,32767,0.0,2127-15-31,0.0,0.52,26.6,0.0,0.0,0.0,0,4.822265625,6,45,05:40,20:21,2025-05-22 15:11:46.390794,Città della Scienza,46.0,6.492617,8.532567,4.8719177,4.217103,EU EEA Common AQI,80.5,5.271379,6.914901,7200,4.4347825,100,100,63.4,3.8724637,Very Low,80.8,5.233538,100,1747926000,Very Low,3.8975341,6.5051813,Very Low,5.9523582,58.1,5.362319,100,1747926000,4.8405795
2025-05-22T15:11:57Z,236,29.9,76.1,54,70.5,4,5,178,61,0.0,255,32767,0.0,2127-15-31,0.0,0.52,26.6,0.0,0.0,0.0,0,4.822265625,6,45,05:40,20:21,2025-05-22 15:11:57.487792,Città della Scienza,46.0,6.492617,8.532567,4.8719177,4.217103,EU EEA Common AQI,80.5,5.271379,6.914901,7200,4.4347825,100,100,63.4,3.8724637,Very Low,80.8,5.233538,100,1747926000,Very Low,3.8975341,6.5051813,Very Low,5.9523582,58.1,5.362319,100,1747926000,4.8405795
2025-05-22T15:12:08Z,236,29.9,76.1,54,70.5,5,5,163,61,0.0,255,32767,0.0,2127-15-31,0.0,0.52,26.6,0.0,0.0,0.0,0,4.822265625,6,45,05:40,20:21,2025-05-22 15:12:08.530802,Città della Scienza,46.0,6.492617,8.532567,4.8719177,4.217103,EU EEA Common AQI,80.5,5.271379,6.914901,7200,4.4347825,100,100,63.4,3.8724637,Very Low,80.8,5.233538,100,1747926000,Very Low,3.8975341,6.5051813,Very Low,5.9523582,58.1,5.362319,100,1747926000,4.8405795
2025-05-22T15:12:19Z,236,29.9,76.1,54,70.6,3,5,175,61,0.0,255,32767,0.0,2127-15-31,0.0,0.52,26.6,0.0,0.0,0.0,0,4.822265625,6,45,05:40,20:21,2025-05-22 15:12:19.611798,Città della Scienza,46.0,6.492617,8.532567,4.8719177,4.217103,EU EEA Common AQI,80.5,5.271379,6.914901,7200,4.4347825,100,100,63.4,3.8724637,Very Low,80.8,5.233538,100,1747926000,Very Low,3.8975341,6.5051813,Very Low,5.9523582,58.1,5.362319,100,1747926000,4.8405795
2025-05-22T15:12:30Z,236,29.9,76.1,54,70.7,3,5,176,61,0.0,255,32767,0.0,2127-15-31,0.0,0.52,26.6,0.0,0.0,0.0,0,4.822265625,6,45,05:40,20:21,2025-05-22 15:12:30.734812,Città della Scienza,46.0,6.492617,8.532567,4.8719177,4.217103,EU EEA Common AQI,80.5,5.271379,6.914901,7200,4.4347825,100,100,63.4,3.8724637,Very Low,80.8,5.233538,100,1747926000,Very Low,3.8975341,6.5051813,Very Low,5.9523582,58.1,5.362319,100,1747926000,4.8405795
2025-05-22T15:12:42Z,236,29.9,76.1,54,70.7,6,5,184,61,0.0,255,32767,0.0,2127-15-31,0.0,0.52,26.6,0.0,0.0,0.0,0,4.822265625,6,45,05:40,20:21,2025-05-22 15:12:41.806789,Città della Scienza,46.0,6.492617,8.532567,4.8719177,4.217103,EU EEA Common AQI,80.5,5.271379,6.914901,7200,4.4347825,100,100,63.4,3.8724637,Very Low,80.8,5.233538,100,1747926000,Very Low,3.8975341,6.5051813,Very Low,5.9523582,58.1,5.362319,100,1747926000,4.8405795
2025-05-22T15:12:53Z,236,29.9,76.1,54,70.7,8,5,183,61,0.0,255,32767,0.0,2127-15-31,0.0,0.52,26.6,0.0,0.0,0.0,0,4.822265625,6,45,05:40,20:21,2025-05-22 15:12:52.926782,Città della Scienza,46.0,6.492617,8.532567,4.8719177,4.217103,EU EEA Common AQI,80.5,5.271379,6.914901,7200,4.4347825,100,100,63.4,3.8724637,Very Low,80.8,5.233538,100,1747926000,Very Low,3.8975341,6.5051813,Very Low,5.9523582,58.1,5.362319,100,1747926000,4.8405795
2025-05-22T15:13:04Z,236,29.9,76.1,54,70.6,8,5,179,61,0.0,255,32767,0.0,2127-15-31,0.0,0.52,26.6,0.0,0.0,0.0,0,4.822265625,6,45,05:40,20:21,2025-05-22 15:13:04.030795,Città della Scienza,46.0,6.492617,8.532567,4.8719177,4.217103,EU EEA Common AQI,80.5,5.271379,6.914901,7200,4.4347825,100,100,63.4,3.8724637,Very Low,80.8,5.233538,100,1747926000,Very Low,3.8975341,6.5051813,Very Low,5.9523582,58.1,5.362319,100,1747926000,4.8405795
2025-05-22T15:13:15Z,236,29.9,76.1,54,70.7,6,5,194,61,0.0,255,32767,0.0,2127-15-31,0.0,0.52,26.6,0.0,0.0,0.0,0,4.822265625,6,45,05:40,20:21,2025-05-22 15:13:15.132794,Città della Scienza,46.0,6.492617,8.532567,4.8719177,4.217103,EU EEA Common AQI,80.5,5.271379,6.914901,7200,4.4347825,100,100,63.4,3.8724637,Very Low,80.8,5.233538,100,1747926000,Very Low,3.8975341,6.5051813,Very Low,5.9523582,58.1,5.362319,100,1747926000,4.8405795
2025-05-22T15:13:26Z,236,29.9,76.1,54,70.7,6,5,173,61,0.0,255,32767,0.0,2127-15-31,0.0,0.52,26.6,0.0,0.0,0.0,0,4.822265625,6,45,05:40,20:21,2025-05-22 15:13:26.182788,Città della Scienza,46.0,6.492617,8.532567,4.8719177,4.217103,EU EEA Common AQI,80.5,5.271379,6.914901,7200,4.4347825,100,100,63.4,3.8724637,Very Low,80.8,5.233538,100,1747926000,Very Low,3.8975341,6.5051813,Very Low,5.9523582,58.1,5.362319,100,1747926000,4.8405795
2025-05-22T15:13:37Z,236,29.9,76.1,54,70.7,4,5,184,61,0.0,255,32767,0.0,2127-15-31,0.0,0.52,26.6,0.0,0.0,0.0,0,4.822265625,6,45,05:40,20:21,2025-05-22 15:13:37.291788,Città della Scienza,46.0,6.492617,8.532567,4.8719177,4.217103,EU EEA Common AQI,80.5,5.271379,6.914901,7200,4.4347825,100,100,63.4,3.8724637,Very Low,80.8,5.233538,100,1747926000,Very Low,3.8975341,6.5051813,Very Low,5.9523582,58.1,5.362319,100,1747926000,4.8405795
2025-05-22T15:13:48Z,236,29.9,76.1,54,70.7,7,5,192,61,0.0,255,32767,0.0,2127-15-31,0.0,0.52,26.6,0.0,0.0,0.0,0,4.822265625,6,45,05:40,20:21,2025-05-22 15:13:48.347800,Città della Scienza,46.0,6.492617,8.532567,4.8719177,4.217103,EU EEA Common AQI,80.5,5.271379,6.914901,7200,4.4347825,100,100,63.4,3.8724637,Very Low,80.8,5.233538,100,1747926000,Very Low,3.8975341,6.5051813,Very Low,5.9523582,58.1,5.362319,100,1747926000,4.8405795
2025-05-22T15:13:59Z,236,29.9,76.1,54,70.7,6,5,266,60,0.0,255,32767,0.0,2127-15-31,0.0,0.52,26.6,0.0,0.0,0.0,0,4.822265625,6,45,05:40,20:21,2025-05-22 15:13:59.396785,Città della Scienza,46.0,6.492617,8.532567,4.8719177,4.217103,EU EEA Common AQI,80.5,5.271379,6.914901,7200,4.4347825,100,100,63.4,3.8724637,Very Low,80.8,5.233538,100,1747926000,Very Low,3.8975341,6.5051813,Very Low,5.9523582,58.1,5.362319,100,1747926000,4.8405795
2025-05-22T15:14:10Z,236,29.9,76.1,54,70.7,3,5,246,60,0.0,255,32767,0.0,2127-15-31,0.0,0.52,26.6,0.0,0.0,0.0,0,4.822265625,6,45,05:40,20:21,2025-05-22 15:14:10.529795,Città della Scienza,46.0,6.492617,8.532567,4.8719177,4.217103,EU EEA Common AQI,80.5,5.271379,6.914901,7200,4.4347825,100,100,63.4,3.8724637,Very Low,80.8,5.233538,100,1747926000,Very Low,3.8975341,6.5051813,Very Low,5.9523582,58.1,5.362319,100,1747926000,4.8405795
2025-05-22T15:14:21Z,236,29.9,76.1,54,70.7,5,5,161,60,0.0,255,32767,0.0,2127-15-31,0.0,0.52,26.6,0.0,0.0,0.0,0,4.822265625,6,45,05:40,20:21,2025-05-22 15:14:21.608800,Città della Scienza,46.0,6.492617,8.532567,4.8719177,4.217103,EU EEA Common AQI,80.5,5.271379,6.914901,7200,4.4347825,100,100,63.4,3.8724637,Very Low,80.8,5.233538,100,1747926000,Very Low,3.8975341,6.5051813,Very Low,5.9523582,58.1,5.362319,100,1747926000,4.8405795
2025-05-22T15:14:32Z,236,29.9,76.1,54,70.7,4,5,163,60,0.0,255,32767,0.0,2127-15-31,0.0,0.52,26.6,0.0,0.0,0.0,0,4.822265625,6,45,05:40,20:21,2025-05-22 15:14:32.700796,Città della Scienza,46.0,6.492617,8.532567,4.8719177,4.217103,EU EEA Common AQI,80.5,5.271379,6.914901,7200,4.4347825,100,100,63.4,3.8724637,Very Low,80.8,5.233538,100,1747926000,Very Low,3.8975341,6.5051813,Very Low,5.9523582,58.1,5.362319,100,1747926000,4.8405795
2025-05-22T15:14:44Z,236,29.9,76.1,54,70.7,3,5,182,60,0.0,255,32767,0.0,2127-15-31,0.0,0.52,26.6,0.0,0.0,0.0,0,4.822265625,6,45,05:40,20:21,2025-05-22 15:14:43.828787,Città della Scienza,46.0,6.492617,8.532567,4.8719177,4.217103,EU EEA Common AQI,80.5,5.271379,6.914901,7200,4.4347825,100,100,63.4,3.8724637,Very Low,80.8,5.233538,100,1747926000,Very Low,3.8975341,6.5051813,Very Low,5.9523582,58.1,5.362319,100,1747926000,4.8405795
2025-05-22T15:14:55Z,236,29.9,76.1,54,70.8,6,5,190,61,0.0,255,32767,0.0,2127-15-31,0.0,0.52,26.6,0.0,0.0,0.0,0,4.822265625,6,45,05:40,20:21,2025-05-22 15:14:54.863797,Città della Scienza,46.0,6.492617,8.532567,4.8719177,4.217103,EU EEA Common AQI,80.5,5.271379,6.914901,7200,4.4347825,100,100,63.4,3.8724637,Very Low,80.8,5.233538,100,1747926000,Very Low,3.8975341,6.5051813,Very Low,5.9523582,58.1,5.362319,100,1747926000,4.8405795
2025-05-22T15:15:06Z,236,29.9,76.1,54,70.7,4,5,242,61,0.0,255,32767,0.0,2127-15-31,0.0,0.52,26.6,0.0,0.0,0.0,0,4.822265625,6,45,05:40,20:21,2025-05-22 15:15:05.928787,Città della Scienza,46.0,6.492617,8.532567,4.8719177,4.217103,EU EEA Common AQI,80.5,5.271379,6.914901,7200,4.4347825,100,100,63.4,3.8724637,Very Low,80.8,5.233538,100,1747926000,Very Low,3.8975341,6.5051813,Very Low,5.9523582,58.1,5.362319,100,1747926000,4.8405795
2025-05-22T15:15:17Z,236,29.9,76.1,54,70.8,4,5,182,61,0.0,255,32767,0.0,2127-15-31,0.0,0.52,26.6,0.0,0.0,0.0,0,4.822265625,6,45,05:40,20:21,2025-05-22 15:15:17.092792,Città della Scienza,46.0,6.492617,8.532567,4.8719177,4.217103,EU EEA Common AQI,80.5,5.271379,6.914901,7200,4.4347825,100,100,63.4,3.8724637,Very Low,80.8,5.233538,100,1747926000,Very Low,3.8975341,6.5051813,Very Low,5.9523582,58.1,5.362319,100,1747926000,4.8405795
2025-05-22T15:15:28Z,236,29.9,76.1,54,70.8,4,5,182,61,0.0,255,32767,0.0,2127-15-31,0.0,0.52,26.6,0.0,0.0,0.0,0,4.822265625,6,45,05:40,20:21,2025-05-22 15:15:28.149795,Città della Scienza,43.1,6.3444533,8.52798,4.7251616,4.1114445,EU EEA Common AQI,82.2,5.1393056,6.924704,7200,3.5857143,100,100,63.6,3.2799997,Very Low,82.7,5.094174,100,1747926900,Very Low,3.7801292,6.3676777,Very Low,5.858032,58.0,5.928571,100,1747926900,4.1
2025-05-22T15:15:39Z,236,29.899,76.1,54,70.8,6,5,184,61,0.0,255,32767,0.0,2127-15-31,0.0,0.52,26.6,0.0,0.0,0.0,0,4.822265625,6,45,05:40,20:21,2025-05-22 15:15:39.210346,Città della Scienza,43.1,6.3444533,8.52798,4.7251616,4.1114445,EU EEA Common AQI,82.2,5.1393056,6.924704,7200,3.5857143,100,100,63.6,3.2799997,Very Low,82.7,5.094174,100,1747926900,Very Low,3.7801292,6.3676777,Very Low,5.858032,58.0,5.928571,100,1747926900,4.1
2025-05-22T15:15:50Z,236,29.899,76.1,54,70.8,6,5,186,61,0.0,255,32767,0.0,2127-15-31,0.0,0.52,26.6,0.0,0.0,0.0,0,4.822265625,6,45,05:40,20:21,2025-05-22 15:15:50.282800,Città della Scienza,43.1,6.3444533,8.52798,4.7251616,4.1114445,EU EEA Common AQI,82.2,5.1393056,6.924704,7200,3.5857143,100,100,63.6,3.2799997,Very Low,82.7,5.094174,100,1747926900,Very Low,3.7801292,6.3676777,Very Low,5.858032,58.0,5.928571,100,1747926900,4.1
2025-05-22T15:16:01Z,236,29.899,76.1,54,70.8,5,5,159,61,0.0,255,32767,0.0,2127-15-31,0.0,0.52,26.6,0.0,0.0,0.0,0,4.822265625,6,45,05:40,20:21,2025-05-22 15:16:01.356778,Città della Scienza,43.1,6.3444533,8.52798,4.7251616,4.1114445,EU EEA Common AQI,82.2,5.1393056,6.924704,7200,3.5857143,100,100,63.6,3.2799997,Very Low,82.7,5.094174,100,1747926900,Very Low,3.7801292,6.3676777,Very Low,5.858032,58.0,5.928571,100,1747926900,4.1
2025-05-22T15:16:12Z,236,29.899,76.1,54,70.8,5,5,172,61,0.0,255,32767,0.0,2127-15-31,0.0,0.52,26.6,0.0,0.0,0.0,0,4.822265625,6,45,05:40,20:21,2025-05-22 15:16:12.461798,Città della Scienza,43.1,6.3444533,8.52798,4.7251616,4.1114445,EU EEA Common AQI,82.2,5.1393056,6.924704,7200,3.5857143,100,100,63.6,3.2799997,Very Low,82.7,5.094174,100,1747926900,Very Low,3.7801292,6.3676777,Very Low,5.858032,58.0,5.928571,100,1747926900,4.1
2025-05-22T15:16:23Z,236,29.899,76.1,54,70.8,3,5,175,61,0.0,255,32767,0.0,2127-15-31,0.0,0.52,26.6,0.0,0.0,0.0,0,4.822265625,6,45,05:40,20:21,2025-05-22 15:16:23.498758,Città della Scienza,43.1,6.3444533,8.52798,4.7251616,4.1114445,EU EEA Common AQI,82.2,5.1393056,6.924704,7200,3.5857143,100,100,63.6,3.2799997,Very Low,82.7,5.094174,100,1747926900,Very Low,3.7801292,6.3676777,Very Low,5.858032,58.0,5.928571,100,1747926900,4.1
2025-05-22T15:16:34Z,236,29.897,76.1,54,70.8,3,5,173,62,0.0,255,32767,0.0,2127-15-31,0.0,0.52,26.6,0.0,0.0,0.0,0,4.822265625,6,45,05:40,20:21,2025-05-22 15:16:34.566794,Città della Scienza,43.1,6.3444533,8.52798,4.7251616,4.1114445,EU EEA Common AQI,82.2,5.1393056,6.924704,7200,3.5857143,100,100,63.6,3.2799997,Very Low,82.7,5.094174,100,1747926900,Very Low,3.7801292,6.3676777,Very Low,5.858032,58.0,5.928571,100,1747926900,4.1
2025-05-22T15:16:45Z,236,29.897,76.1,54,70.8,6,5,171,62,0.0,255,32767,0.0,2127-15-31,0.0,0.52,26.6,0.0,0.0,0.0,0,4.822265625,6,45,05:40,20:21,2025-05-22 15:16:45.660799,Città della Scienza,43.1,6.3444533,8.52798,4.7251616,4.1114445,EU EEA Common AQI,82.2,5.1393056,6.924704,7200,3.5857143,100,100,63.6,3.2799997,Very Low,82.7,5.094174,100,1747926900,Very Low,3.7801292,6.3676777,Very Low,5.858032,58.0,5.928571,100,1747926900,4.1
2025-05-22T15:16:56Z,236,29.897,76.1,54,70.8,6,5,219,62,0.0,255,32767,0.0,2127-15-31,0.0,0.52,26.6,0.0,0.0,0.0,0,4.822265625,6,45,05:40,20:21,2025-05-22 15:16:56.753786,Città della Scienza,43.1,6.3444533,8.52798,4.7251616,4.1114445,EU EEA Common AQI,82.2,5.1393056,6.924704,7200,3.5857143,100,100,63.6,3.2799997,Very Low,82.7,5.094174,100,1747926900,Very Low,3.7801292,6.3676777,Very Low,5.858032,58.0,5.928571,100,1747926900,4.1
2025-05-22T15:17:08Z,236,29.897,76.1,54,70.8,4,5,196,62,0.0,255,32767,0.0,2127-15-31,0.0,0.52,26.6,0.0,0.0,0.0,0,4.822265625,6,45,05:40,20:21,2025-05-22 15:17:07.834786,Città della Scienza,43.1,6.3444533,8.52798,4.7251616,4.1114445,EU EEA Common AQI,82.2,5.1393056,6.924704,7200,3.5857143,100,100,63.6,3.2799997,Very Low,82.7,5.094174,100,1747926900,Very Low,3.7801292,6.3676777,Very Low,5.858032,58.0,5.928571,100,1747926900,4.1
2025-05-22T15:17:19Z,236,29.897,76.1,54,70.8,1,5,236,62,0.0,255,32767,0.0,2127-15-31,0.0,0.52,26.6,0.0,0.0,0.0,0,4.822265625,6,45,05:40,20:21,2025-05-22 15:17:18.867800,Città della Scienza,43.1,6.3444533,8.52798,4.7251616,4.1114445,EU EEA Common AQI,82.2,5.1393056,6.924704,7200,3.5857143,100,100,63.6,3.2799997,Very Low,82.7,5.094174,100,1747926900,Very Low,3.7801292,6.3676777,Very Low,5.858032,58.0,5.928571,100,1747926900,4.1
2025-05-22T15:17:30Z,236,29.897,76.1,54,70.9,6,5,189,62,0.0,255,32767,0.0,2127-15-31,0.0,0.52,26.6,0.0,0.0,0.0,0,4.822265625,6,45,05:40,20:21,2025-05-22 15:17:29.990757,Città della Scienza,43.1,6.3444533,8.52798,4.7251616,4.1114445,EU EEA Common AQI,82.2,5.1393056,6.924704,7200,3.5857143,100,100,63.6,3.2799997,Very Low,82.7,5.094174,100,1747926900,Very Low,3.7801292,6.3676777,Very Low,5.858032,58.0,5.928571,100,1747926900,4.1
2025-05-22T15:17:41Z,236,29.898,76.1,54,70.9,6,5,196,62,0.0,255,32767,0.0,2127-15-31,0.0,0.52,26.6,0.0,0.0,0.0,0,4.822265625,6,45,05:40,20:21,2025-05-22 15:17:41.088820,Città della Scienza,43.1,6.3444533,8.52798,4.7251616,4.1114445,EU EEA Common AQI,82.2,5.1393056,6.924704,7200,3.5857143,100,100,63.6,3.2799997,Very Low,82.7,5.094174,100,1747926900,Very Low,3.7801292,6.3676777,Very Low,5.858032,58.0,5.928571,100,1747926900,4.1
2025-05-22T15:17:52Z,236,29.898,76.1,54,70.9,5,5,205,62,0.0,255,32767,0.0,2127-15-31,0.0,0.52,26.6,0.0,0.0,0.0,0,4.822265625,6,45,05:40,20:21,2025-05-22 15:17:52.162760,Città della Scienza,43.1,6.3444533,8.52798,4.7251616,4.1114445,EU EEA Common AQI,82.2,5.1393056,6.924704,7200,3.5857143,100,100,63.6,3.2799997,Very Low,82.7,5.094174,100,1747926900,Very Low,3.7801292,6.3676777,Very Low,5.858032,58.0,5.928571,100,1747926900,4.1
2025-05-22T15:18:03Z,236,29.898,76.1,54,70.9,3,5,176,62,0.0,255,32767,0.0,2127-15-31,0.0,0.52,26.6,0.0,0.0,0.0,0,4.822265625,6,45,05:40,20:21,2025-05-22 15:18:03.246789,Città della Scienza,43.1,6.3444533,8.52798,4.7251616,4.1114445,EU EEA Common AQI,82.2,5.1393056,6.924704,7200,3.5857143,100,100,63.6,3.2799997,Very Low,82.7,5.094174,100,1747926900,Very Low,3.7801292,6.3676777,Very Low,5.858032,58.0,5.928571,100,1747926900,4.1
2025-05-22T15:18:14Z,236,29.898,76.1,54,70.9,4,5,202,62,0.0,255,32767,0.0,2127-15-31,0.0,0.52,26.6,0.0,0.0,0.0,0,4.822265625,6,45,05:40,20:21,2025-05-22 15:18:14.355766,Città della Scienza,43.1,6.3444533,8.52798,4.7251616,4.1114445,EU EEA Common AQI,82.2,5.1393056,6.924704,7200,3.5857143,100,100,63.6,3.2799997,Very Low,82.7,5.094174,100,1747926900,Very Low,3.7801292,6.3676777,Very Low,5.858032,58.0,5.928571,100,1747926900,4.1
2025-05-22T15:18:25Z,236,29.898,76.1,54,70.9,4,5,178,62,0.0,255,32767,0.0,2127-15-31,0.0,0.52,26.6,0.0,0.0,0.0,0,4.822265625,6,45,05:40,20:21,2025-05-22 15:18:25.450799,Città della Scienza,43.1,6.3444533,8.52798,4.7251616,4.1114445,EU EEA Common AQI,82.2,5.1393056,6.924704,7200,3.5857143,100,100,63.6,3.2799997,Very Low,82.7,5.094174,100,1747926900,Very Low,3.7801292,6.3676777,Very Low,5.858032,58.0,5.928571,100,1747926900,4.1
2025-05-22T15:18:36Z,236,29.899,76.1,54,70.9,8,5,200,62,0.0,255,32767,0.0,2127-15-31,0.0,0.52,26.6,0.0,0.0,0.0,0,4.822265625,6,45,05:40,20:21,2025-05-22 15:18:36.501798,Città della Scienza,43.1,6.3444533,8.52798,4.7251616,4.1114445,EU EEA Common AQI,82.2,5.1393056,6.924704,7200,3.5857143,100,100,63.6,3.2799997,Very Low,82.7,5.094174,100,1747926900,Very Low,3.7801292,6.3676777,Very Low,5.858032,58.0,5.928571,100,1747926900,4.1
2025-05-22T15:18:47Z,236,29.899,76.1,54,70.9,4,5,203,62,0.0,255,32767,0.0,2127-15-31,0.0,0.52,26.6,0.0,0.0,0.0,0,4.822265625,6,45,05:40,20:21,2025-05-22 15:18:47.596789,Città della Scienza,43.1,6.3444533,8.52798,4.7251616,4.1114445,EU EEA Common AQI,82.2,5.1393056,6.924704,7200,3.5857143,100,100,63.6,3.2799997,Very Low,82.7,5.094174,100,1747926900,Very Low,3.7801292,6.3676777,Very Low,5.858032,58.0,5.928571,100,1747926900,4.1
2025-05-22T15:18:58Z,236,29.899,76.1,54,71.0,5,5,217,62,0.0,255,32767,0.0,2127-15-31,0.0,0.52,26.6,0.0,0.0,0.0,0,4.822265625,6,45,05:40,20:21,2025-05-22 15:18:58.702796,Città della Scienza,43.1,6.3444533,8.52798,4.7251616,4.1114445,EU EEA Common AQI,82.2,5.1393056,6.924704,7200,3.5857143,100,100,63.6,3.2799997,Very Low,82.7,5.094174,100,1747926900,Very Low,3.7801292,6.3676777,Very Low,5.858032,58.0,5.928571,100,1747926900,4.1
2025-05-22T15:19:09Z,236,29.899,76.1,54,71.0,2,5,220,62,0.0,255,32767,0.0,2127-15-31,0.0,0.52,26.6,0.0,0.0,0.0,0,4.822265625,6,45,05:40,20:21,2025-05-22 15:19:09.726801,Città della Scienza,43.1,6.3444533,8.52798,4.7251616,4.1114445,EU EEA Common AQI,82.2,5.1393056,6.924704,7200,3.5857143,100,100,63.6,3.2799997,Very Low,82.7,5.094174,100,1747926900,Very Low,3.7801292,6.3676777,Very Low,5.858032,58.0,5.928571,100,1747926900,4.1
2025-05-22T15:19:20Z,236,29.899,76.1,54,71.0,6,5,187,62,0.0,255,32767,0.0,2127-15-31,0.0,0.52,26.6,0.0,0.0,0.0,0,4.822265625,6,45,05:40,20:21,2025-05-22 15:19:20.792782,Città della Scienza,43.1,6.3444533,8.52798,4.7251616,4.1114445,EU EEA Common AQI,82.2,5.1393056,6.924704,7200,3.5857143,100,100,63.6,3.2799997,Very Low,82.7,5.094174,100,1747926900,Very Low,3.7801292,6.3676777,Very Low,5.858032,58.0,5.928571,100,1747926900,4.1
2025-05-22T15:19:32Z,236,29.899,76.1,54,71.0,7,5,191,62,0.0,255,32767,0.0,2127-15-31,0.0,0.52,26.6,0.0,0.0,0.0,0,4.822265625,6,45,05:40,20:21,2025-05-22 15:19:31.828789,Città della Scienza,43.1,6.3444533,8.52798,4.7251616,4.1114445,EU EEA Common AQI,82.2,5.1393056,6.924704,7200,3.5857143,100,100,63.6,3.2799997,Very Low,82.7,5.094174,100,1747926900,Very Low,3.7801292,6.3676777,Very Low,5.858032,58.0,5.928571,100,1747926900,4.1
2025-05-22T15:19:43Z,236,29.898,76.1,54,71.0,7,5,188,62,0.0,255,32767,0.0,2127-15-31,0.0,0.52,26.6,0.0,0.0,0.0,0,4.822265625,6,45,05:40,20:21,2025-05-22 15:19:42.927789,Città della Scienza,43.1,6.3444533,8.52798,4.7251616,4.1114445,EU EEA Common AQI,82.2,5.1393056,6.924704,7200,3.5857143,100,100,63.6,3.2799997,Very Low,82.7,5.094174,100,1747926900,Very Low,3.7801292,6.3676777,Very Low,5.858032,58.0,5.928571,100,1747926900,4.1
2025-05-22T15:19:54Z,236,29.898,76.1,54,70.9,6,5,182,62,0.0,255,32767,0.0,2127-15-31,0.0,0.52,26.6,0.0,0.0,0.0,0,4.822265625,6,45,05:40,20:21,2025-05-22 15:19:53.996802,Città della Scienza,43.1,6.3444533,8.52798,4.7251616,4.1114445,EU EEA Common AQI,82.2,5.1393056,6.924704,7200,3.5857143,100,100,63.6,3.2799997,Very Low,82.7,5.094174,100,1747926900,Very Low,3.7801292,6.3676777,Very Low,5.858032,58.0,5.928571,100,1747926900,4.1
2025-05-22T15:20:05Z,236,29.898,76.1,54,70.9,7,5,185,61,0.0,255,32767,0.0,2127-15-31,0.0,0.52,26.6,0.0,0.0,0.0,0,4.822265625,6,45,05:40,20:21,2025-05-22 15:20:05.111808,Città della Scienza,43.1,6.3444533,8.52798,4.7251616,4.1114445,EU EEA Common AQI,82.2,5.1393056,6.924704,7200,3.5857143,100,100,63.6,3.2799997,Very Low,82.7,5.094174,100,1747926900,Very Low,3.7801292,6.3676777,Very Low,5.858032,58.0,5.928571,100,1747926900,4.1
2025-05-22T15:20:16Z,236,29.898,76.1,54,71.0,6,5,190,61,0.0,255,32767,0.0,2127-15-31,0.0,0.52,26.6,0.0,0.0,0.0,0,4.822265625,6,45,05:40,20:21,2025-05-22 15:20:16.194803,Città della Scienza,43.1,6.3444533,8.52798,4.7251616,4.1114445,EU EEA Common AQI,82.2,5.1393056,6.924704,7200,3.5857143,100,100,63.6,3.2799997,Very Low,82.7,5.094174,100,1747926900,Very Low,3.7801292,6.3676777,Very Low,5.858032,58.0,5.928571,100,1747926900,4.1
2025-05-22T15:20:27Z,236,29.898,76.1,54,71.0,6,5,184,61,0.0,255,32767,0.0,2127-15-31,0.0,0.52,26.6,0.0,0.0,0.0,0,4.822265625,6,45,05:40,20:21,2025-05-22 15:20:27.263799,Città della Scienza,43.1,6.3444533,8.52798,4.7251616,4.1114445,EU EEA Common AQI,82.2,5.1393056,6.924704,7200,3.5857143,100,100,63.6,3.2799997,Very Low,82.7,5.094174,100,1747926900,Very Low,3.7801292,6.3676777,Very Low,5.858032,58.0,5.928571,100,1747926900,4.1
2025-05-22T15:20:38Z,236,29.9,76.1,54,70.9,4,5,161,61,0.0,255,32767,0.0,2127-15-31,0.0,0.52,26.6,0.0,0.0,0.0,0,4.822265625,6,45,05:40,20:21,2025-05-22 15:20:38.340795,Città della Scienza,43.1,6.3444533,8.52798,4.7251616,4.1114445,EU EEA Common AQI,82.2,5.1393056,6.924704,7200,3.5857143,100,100,63.6,3.2799997,Very Low,82.7,5.094174,100,1747926900,Very Low,3.7801292,6.3676777,Very Low,5.858032,58.0,5.928571,100,1747926900,4.1
2025-05-22T15:20:49Z,236,29.9,76.1,54,70.9,3,5,197,61,0.0,255,32767,0.0,2127-15-31,0.0,0.52,26.6,0.0,0.0,0.0,0,4.822265625,6,45,05:40,20:21,2025-05-22 15:20:49.387800,Città della Scienza,43.1,6.3444533,8.52798,4.7251616,4.1114445,EU EEA Common AQI,82.2,5.1393056,6.924704,7200,3.5857143,100,100,63.6,3.2799997,Very Low,82.7,5.094174,100,1747926900,Very Low,3.7801292,6.3676777,Very Low,5.858032,58.0,5.928571,100,1747926900,4.1
2025-05-22T15:21:00Z,236,29.9,76.1,54,70.9,3,5,176,62,0.0,255,32767,0.0,2127-15-31,0.0,0.52,26.6,0.0,0.0,0.0,0,4.822265625,6,45,05:40,20:21,2025-05-22 15:21:00.443788,Città della Scienza,43.1,6.3444533,8.52798,4.7251616,4.1114445,EU EEA Common AQI,82.2,5.1393056,6.924704,7200,3.5857143,100,100,63.6,3.2799997,Very Low,82.7,5.094174,100,1747926900,Very Low,3.7801292,6.3676777,Very Low,5.858032,58.0,5.928571,100,1747926900,4.1
2025-05-22T15:21:11Z,236,29.9,76.1,54,70.9,5,5,184,62,0.0,255,32767,0.0,2127-15-31,0.0,0.52,26.6,0.0,0.0,0.0,0,4.822265625,6,45,05:40,20:21,2025-05-22 15:21:11.518758,Città della Scienza,43.1,6.3444533,8.52798,4.7251616,4.1114445,EU EEA Common AQI,82.2,5.1393056,6.924704,7200,3.5857143,100,100,63.6,3.2799997,Very Low,82.7,5.094174,100,1747926900,Very Low,3.7801292,6.3676777,Very Low,5.858032,58.0,5.928571,100,1747926900,4.1
2025-05-22T15:21:22Z,236,29.9,76.1,54,70.9,7,5,164,62,0.0,255,32767,0.0,2127-15-31,0.0,0.52,26.6,0.0,0.0,0.0,0,4.822265625,6,45,05:40,20:21,2025-05-22 15:21:22.600801,Città della Scienza,43.1,6.3444533,8.52798,4.7251616,4.1114445,EU EEA Common AQI,82.2,5.1393056,6.924704,7200,3.5857143,100,100,63.6,3.2799997,Very Low,82.7,5.094174,100,1747926900,Very Low,3.7801292,6.3676777,Very Low,5.858032,58.0,5.928571,100,1747926900,4.1
2025-05-22T15:21:33Z,236,29.9,76.1,54,70.9,6,5,171,62,0.0,255,32767,0.0,2127-15-31,0.0,0.52,26.6,0.0,0.0,0.0,0,4.822265625,6,45,05:40,20:21,2025-05-22 15:21:33.686799,Città della Scienza,43.1,6.3444533,8.52798,4.7251616,4.1114445,EU EEA Common AQI,82.2,5.1393056,6.924704,7200,3.5857143,100,100,63.6,3.2799997,Very Low,82.7,5.094174,100,1747926900,Very Low,3.7801292,6.3676777,Very Low,5.858032,58.0,5.928571,100,1747926900,4.1
2025-05-22T15:21:44Z,236,29.898,76.1,54,70.9,5,5,153,62,0.0,255,32767,0.0,2127-15-31,0.0,0.52,26.6,0.0,0.0,0.0,0,4.822265625,6,45,05:40,20:21,2025-05-22 15:21:44.768805,Città della Scienza,43.1,6.3444533,8.52798,4.7251616,4.1114445,EU EEA Common AQI,82.2,5.1393056,6.924704,7200,3.5857143,100,100,63.6,3.2799997,Very Low,82.7,5.094174,100,1747926900,Very Low,3.7801292,6.3676777,Very Low,5.858032,58.0,5.928571,100,1747926900,4.1
2025-05-22T15:21:56Z,236,29.898,76.1,54,70.8,6,5,159,62,0.0,255,32767,0.0,2127-15-31,0.0,0.52,26.6,0.0,0.0,0.0,0,4.822265625,6,45,05:40,20:21,2025-05-22 15:21:55.877802,Città della Scienza,43.1,6.3444533,8.52798,4.7251616,4.1114445,EU EEA Common AQI,82.2,5.1393056,6.924704,7200,3.5857143,100,100,63.6,3.2799997,Very Low,82.7,5.094174,100,1747926900,Very Low,3.7801292,6.3676777,Very Low,5.858032,58.0,5.928571,100,1747926900,4.1
2025-05-22T15:22:07Z,236,29.898,76.1,54,70.8,6,5,161,62,0.0,255,32767,0.0,2127-15-31,0.0,0.52,26.6,0.0,0.0,0.0,0,4.822265625,6,45,05:40,20:21,2025-05-22 15:22:06.926751,Città della Scienza,43.1,6.3444533,8.52798,4.7251616,4.1114445,EU EEA Common AQI,82.2,5.1393056,6.924704,7200,3.5857143,100,100,63.6,3.2799997,Very Low,82.7,5.094174,100,1747926900,Very Low,3.7801292,6.3676777,Very Low,5.858032,58.0,5.928571,100,1747926900,4.1
2025-05-22T15:22:18Z,236,29.898,76.1,54,70.8,5,5,173,62,0.0,255,32767,0.0,2127-15-31,0.0,0.52,26.6,0.0,0.0,0.0,0,4.822265625,6,45,05:40,20:21,2025-05-22 15:22:17.987791,Città della Scienza,43.1,6.3444533,8.52798,4.7251616,4.1114445,EU EEA Common AQI,82.2,5.1393056,6.924704,7200,3.5857143,100,100,63.6,3.2799997,Very Low,82.7,5.094174,100,1747926900,Very Low,3.7801292,6.3676777,Very Low,5.858032,58.0,5.928571,100,1747926900,4.1
2025-05-22T15:22:29Z,236,29.898,76.1,54,70.8,6,5,186,62,0.0,255,32767,0.0,2127-15-31,0.0,0.52,26.6,0.0,0.0,0.0,0,4.822265625,6,45,05:40,20:21,2025-05-22 15:22:29.062787,Città della Scienza,43.1,6.3444533,8.52798,4.7251616,4.1114445,EU EEA Common AQI,82.2,5.1393056,6.924704,7200,3.5857143,100,100,63.6,3.2799997,Very Low,82.7,5.094174,100,1747926900,Very Low,3.7801292,6.3676777,Very Low,5.858032,58.0,5.928571,100,1747926900,4.1
2025-05-22T15:22:40Z,236,29.899,76.1,54,70.7,8,5,194,62,0.0,255,32767,0.0,2127-15-31,0.0,0.52,26.6,0.0,0.0,0.0,0,4.822265625,6,45,05:40,20:21,2025-05-22 15:22:40.162803,Città della Scienza,43.1,6.3444533,8.52798,4.7251616,4.1114445,EU EEA Common AQI,82.2,5.1393056,6.924704,7200,3.5857143,100,100,63.6,3.2799997,Very Low,82.7,5.094174,100,1747926900,Very Low,3.7801292,6.3676777,Very Low,5.858032,58.0,5.928571,100,1747926900,4.1
2025-05-22T15:22:51Z,236,29.899,76.1,54,70.8,5,5,200,62,0.0,255,32767,0.0,2127-15-31,0.0,0.52,26.6,0.0,0.0,0.0,0,4.822265625,6,45,05:40,20:21,2025-05-22 15:22:51.237786,Città della Scienza,43.1,6.3444533,8.52798,4.7251616,4.1114445,EU EEA Common AQI,82.2,5.1393056,6.924704,7200,3.5857143,100,100,63.6,3.2799997,Very Low,82.7,5.094174,100,1747926900,Very Low,3.7801292,6.3676777,Very Low,5.858032,58.0,5.928571,100,1747926900,4.1
2025-05-22T15:23:02Z,236,29.899,76.1,54,70.8,7,5,173,62,0.0,255,32767,0.0,2127-15-31,0.0,0.52,26.6,0.0,0.0,0.0,0,4.822265625,6,45,05:40,20:21,2025-05-22 15:23:02.308789,Città della Scienza,43.1,6.3444533,8.52798,4.7251616,4.1114445,EU EEA Common AQI,82.2,5.1393056,6.924704,7200,3.5857143,100,100,63.6,3.2799997,Very Low,82.7,5.094174,100,1747926900,Very Low,3.7801292,6.3676777,Very Low,5.858032,58.0,5.928571,100,1747926900,4.1
2025-05-22T15:23:13Z,236,29.899,76.1,54,70.7,4,5,170,62,0.0,255,32767,0.0,2127-15-31,0.0,0.52,26.6,0.0,0.0,0.0,0,4.822265625,6,45,05:40,20:21,2025-05-22 15:23:13.345114,Città della Scienza,43.1,6.3444533,8.52798,4.7251616,4.1114445,EU EEA Common AQI,82.2,5.1393056,6.924704,7200,3.5857143,100,100,63.6,3.2799997,Very Low,82.7,5.094174,100,1747926900,Very Low,3.7801292,6.3676777,Very Low,5.858032,58.0,5.928571,100,1747926900,4.1
2025-05-22T15:23:24Z,236,29.899,76.1,54,70.7,3,5,174,62,0.0,255,32767,0.0,2127-15-31,0.0,0.52,26.6,0.0,0.0,0.0,0,4.822265625,6,45,05:40,20:21,2025-05-22 15:23:24.407795,Città della Scienza,43.1,6.3444533,8.52798,4.7251616,4.1114445,EU EEA Common AQI,82.2,5.1393056,6.924704,7200,3.5857143,100,100,63.6,3.2799997,Very Low,82.7,5.094174,100,1747926900,Very Low,3.7801292,6.3676777,Very Low,5.858032,58.0,5.928571,100,1747926900,4.1
2025-05-22T15:23:35Z,236,29.898,76.2,54,70.7,3,5,227,62,0.0,255,32767,0.0,2127-15-31,0.0,0.52,26.6,0.0,0.0,0.0,0,4.822265625,6,45,05:40,20:21,2025-05-22 15:23:35.509790,Città della Scienza,43.1,6.3444533,8.52798,4.7251616,4.1114445,EU EEA Common AQI,82.2,5.1393056,6.924704,7200,3.5857143,100,100,63.6,3.2799997,Very Low,82.7,5.094174,100,1747926900,Very Low,3.7801292,6.3676777,Very Low,5.858032,58.0,5.928571,100,1747926900,4.1
2025-05-22T15:23:46Z,236,29.898,76.2,54,70.7,3,5,175,62,0.0,255,32767,0.0,2127-15-31,0.0,0.52,26.6,0.0,0.0,0.0,0,4.822265625,6,45,05:40,20:21,2025-05-22 15:23:46.582837,Città della Scienza,43.1,6.3444533,8.52798,4.7251616,4.1114445,EU EEA Common AQI,82.2,5.1393056,6.924704,7200,3.5857143,100,100,63.6,3.2799997,Very Low,82.7,5.094174,100,1747926900,Very Low,3.7801292,6.3676777,Very Low,5.858032,58.0,5.928571,100,1747926900,4.1
2025-05-22T15:23:57Z,236,29.898,76.2,54,70.7,4,5,184,62,0.0,255,32767,0.0,2127-15-31,0.0,0.52,26.6,0.0,0.0,0.0,0,4.822265625,6,45,05:40,20:21,2025-05-22 15:23:57.710750,Città della Scienza,43.1,6.3444533,8.52798,4.7251616,4.1114445,EU EEA Common AQI,82.2,5.1393056,6.924704,7200,3.5857143,100,100,63.6,3.2799997,Very Low,82.7,5.094174,100,1747926900,Very Low,3.7801292,6.3676777,Very Low,5.858032,58.0,5.928571,100,1747926900,4.1
2025-05-22T15:24:09Z,236,29.898,76.2,54,70.7,3,5,157,62,0.0,255,32767,0.0,2127-15-31,0.0,0.52,26.6,0.0,0.0,0.0,0,4.822265625,6,45,05:40,20:21,2025-05-22 15:24:08.800801,Città della Scienza,43.1,6.3444533,8.52798,4.7251616,4.1114445,EU EEA Common AQI,82.2,5.1393056,6.924704,7200,3.5857143,100,100,63.6,3.2799997,Very Low,82.7,5.094174,100,1747926900,Very Low,3.7801292,6.3676777,Very Low,5.858032,58.0,5.928571,100,1747926900,4.1
2025-05-22T15:24:20Z,236,29.898,76.2,54,70.7,5,5,198,62,0.0,255,32767,0.0,2127-15-31,0.0,0.52,26.6,0.0,0.0,0.0,0,4.822265625,6,45,05:40,20:21,2025-05-22 15:24:19.862798,Città della Scienza,43.1,6.3444533,8.52798,4.7251616,4.1114445,EU EEA Common AQI,82.2,5.1393056,6.924704,7200,3.5857143,100,100,63.6,3.2799997,Very Low,82.7,5.094174,100,1747926900,Very Low,3.7801292,6.3676777,Very Low,5.858032,58.0,5.928571,100,1747926900,4.1
2025-05-22T15:24:31Z,236,29.898,76.2,54,70.7,5,5,300,62,0.0,255,32767,0.0,2127-15-31,0.0,0.52,26.6,0.0,0.0,0.0,0,4.822265625,6,45,05:40,20:21,2025-05-22 15:24:30.978760,Città della Scienza,43.1,6.3444533,8.52798,4.7251616,4.1114445,EU EEA Common AQI,82.2,5.1393056,6.924704,7200,3.5857143,100,100,63.6,3.2799997,Very Low,82.7,5.094174,100,1747926900,Very Low,3.7801292,6.3676777,Very Low,5.858032,58.0,5.928571,100,1747926900,4.1
2025-05-22T15:24:42Z,236,29.897,76.2,54,70.8,4,5,121,62,0.0,255,32767,0.0,2127-15-31,0.0,0.52,26.6,0.0,0.0,0.0,0,4.822265625,6,45,05:40,20:21,2025-05-22 15:24:42.051799,Città della Scienza,43.1,6.3444533,8.52798,4.7251616,4.1114445,EU EEA Common AQI,82.2,5.1393056,6.924704,7200,3.5857143,100,100,63.6,3.2799997,Very Low,82.7,5.094174,100,1747926900,Very Low,3.7801292,6.3676777,Very Low,5.858032,58.0,5.928571,100,1747926900,4.1
2025-05-22T15:24:53Z,236,29.897,76.2,54,70.8,4,5,171,62,0.0,255,32767,0.0,2127-15-31,0.0,0.52,26.6,0.0,0.0,0.0,0,4.822265625,6,45,05:40,20:21,2025-05-22 15:24:53.081415,Città della Scienza,43.1,6.3444533,8.52798,4.7251616,4.1114445,EU EEA Common AQI,82.2,5.1393056,6.924704,7200,3.5857143,100,100,63.6,3.2799997,Very Low,82.7,5.094174,100,1747926900,Very Low,3.7801292,6.3676777,Very Low,5.858032,58.0,5.928571,100,1747926900,4.1
2025-05-22T15:25:04Z,236,29.897,76.2,54,70.8,6,5,154,62,0.0,255,32767,0.0,2127-15-31,0.0,0.52,26.6,0.0,0.0,0.0,0,4.822265625,6,45,05:40,20:21,2025-05-22 15:25:04.190795,Città della Scienza,43.1,6.3444533,8.52798,4.7251616,4.1114445,EU EEA Common AQI,82.2,5.1393056,6.924704,7200,3.5857143,100,100,63.6,3.2799997,Very Low,82.7,5.094174,100,1747926900,Very Low,3.7801292,6.3676777,Very Low,5.858032,58.0,5.928571,100,1747926900,4.1
2025-05-22T15:25:15Z,236,29.897,76.2,54,70.8,4,5,180,62,0.0,255,32767,0.0,2127-15-31,0.0,0.52,26.6,0.0,0.0,0.0,0,4.822265625,6,45,05:40,20:21,2025-05-22 15:25:15.241794,Città della Scienza,43.1,6.3444533,8.52798,4.7251616,4.1114445,EU EEA Common AQI,82.2,5.1393056,6.924704,7200,3.5857143,100,100,63.6,3.2799997,Very Low,82.7,5.094174,100,1747926900,Very Low,3.7801292,6.3676777,Very Low,5.858032,58.0,5.928571,100,1747926900,4.1
2025-05-22T15:25:26Z,236,29.897,76.2,54,70.9,4,5,159,62,0.0,255,32767,0.0,2127-15-31,0.0,0.52,26.6,0.0,0.0,0.0,0,4.822265625,6,45,05:40,20:21,2025-05-22 15:25:26.332793,Città della Scienza,43.1,6.3444533,8.52798,4.7251616,4.1114445,EU EEA Common AQI,82.2,5.1393056,6.924704,7200,3.5857143,100,100,63.6,3.2799997,Very Low,82.7,5.094174,100,1747926900,Very Low,3.7801292,6.3676777,Very Low,5.858032,58.0,5.928571,100,1747926900,4.1
2025-05-22T15:25:37Z,236,29.897,76.1,54,70.9,3,5,176,62,0.0,255,32767,0.0,2127-15-31,0.0,0.52,26.6,0.0,0.0,0.0,0,4.822265625,6,45,05:40,20:21,2025-05-22 15:25:37.377801,Città della Scienza,43.1,6.3444533,8.52798,4.7251616,4.1114445,EU EEA Common AQI,82.2,5.1393056,6.924704,7200,3.5857143,100,100,63.6,3.2799997,Very Low,82.7,5.094174,100,1747926900,Very Low,3.7801292,6.3676777,Very Low,5.858032,58.0,5.928571,100,1747926900,4.1
2025-05-22T15:25:48Z,236,29.897,76.1,54,70.9,4,5,171,62,0.0,255,32767,0.0,2127-15-31,0.0,0.52,26.6,0.0,0.0,0.0,0,4.822265625,6,45,05:40,20:21,2025-05-22 15:25:48.456801,Città della Scienza,43.1,6.3444533,8.52798,4.7251616,4.1114445,EU EEA Common AQI,82.2,5.1393056,6.924704,7200,3.5857143,100,100,63.6,3.2799997,Very Low,82.7,5.094174,100,1747926900,Very Low,3.7801292,6.3676777,Very Low,5.858032,58.0,5.928571,100,1747926900,4.1
2025-05-22T15:25:59Z,236,29.897,76.1,54,70.9,2,5,194,62,0.0,255,32767,0.0,2127-15-31,0.0,0.52,26.6,0.0,0.0,0.0,0,4.822265625,6,45,05:40,20:21,2025-05-22 15:25:59.533807,Città della Scienza,43.1,6.3444533,8.52798,4.7251616,4.1114445,EU EEA Common AQI,82.2,5.1393056,6.924704,7200,3.5857143,100,100,63.6,3.2799997,Very Low,82.7,5.094174,100,1747926900,Very Low,3.7801292,6.3676777,Very Low,5.858032,58.0,5.928571,100,1747926900,4.1
2025-05-22T15:26:10Z,236,29.897,76.1,54,70.9,1,5,128,62,0.0,255,32767,0.0,2127-15-31,0.0,0.52,26.6,0.0,0.0,0.0,0,4.822265625,6,45,05:40,20:21,2025-05-22 15:26:10.585866,Città della Scienza,43.1,6.3444533,8.52798,4.7251616,4.1114445,EU EEA Common AQI,82.2,5.1393056,6.924704,7200,3.5857143,100,100,63.6,3.2799997,Very Low,82.7,5.094174,100,1747926900,Very Low,3.7801292,6.3676777,Very Low,5.858032,58.0,5.928571,100,1747926900,4.1
2025-05-22T15:26:21Z,236,29.897,76.1,54,70.9,2,5,290,62,0.0,255,32767,0.0,2127-15-31,0.0,0.52,26.6,0.0,0.0,0.0,0,4.822265625,6,45,05:40,20:21,2025-05-22 15:26:21.697783,Città della Scienza,43.1,6.3444533,8.52798,4.7251616,4.1114445,EU EEA Common AQI,82.2,5.1393056,6.924704,7200,3.5857143,100,100,63.6,3.2799997,Very Low,82.7,5.094174,100,1747926900,Very Low,3.7801292,6.3676777,Very Low,5.858032,58.0,5.928571,100,1747926900,4.1
2025-05-22T15:26:32Z,236,29.897,76.1,54,71.0,2,5,136,62,0.0,255,32767,0.0,2127-15-31,0.0,0.52,26.6,0.0,0.0,0.0,0,4.822265625,6,45,05:40,20:21,2025-05-22 15:26:32.774800,Città della Scienza,43.1,6.3444533,8.52798,4.7251616,4.1114445,EU EEA Common AQI,82.2,5.1393056,6.924704,7200,3.5857143,100,100,63.6,3.2799997,Very Low,82.7,5.094174,100,1747926900,Very Low,3.7801292,6.3676777,Very Low,5.858032,58.0,5.928571,100,1747926900,4.1
2025-05-22T15:26:44Z,236,29.899,76.1,54,71.0,1,5,330,62,0.0,255,32767,0.0,2127-15-31,0.0,0.52,26.6,0.0,0.0,0.0,0,4.822265625,6,45,05:40,20:21,2025-05-22 15:26:43.845793,Città della Scienza,43.1,6.3444533,8.52798,4.7251616,4.1114445,EU EEA Common AQI,82.2,5.1393056,6.924704,7200,3.5857143,100,100,63.6,3.2799997,Very Low,82.7,5.094174,100,1747926900,Very Low,3.7801292,6.3676777,Very Low,5.858032,58.0,5.928571,100,1747926900,4.1
2025-05-22T15:26:55Z,236,29.899,76.1,54,71.0,4,5,163,62,0.0,255,32767,0.0,2127-15-31,0.0,0.52,26.6,0.0,0.0,0.0,0,4.822265625,6,45,05:40,20:21,2025-05-22 15:26:54.922797,Città della Scienza,43.1,6.3444533,8.52798,4.7251616,4.1114445,EU EEA Common AQI,82.2,5.1393056,6.924704,7200,3.5857143,100,100,63.6,3.2799997,Very Low,82.7,5.094174,100,1747926900,Very Low,3.7801292,6.3676777,Very Low,5.858032,58.0,5.928571,100,1747926900,4.1
2025-05-22T15:27:06Z,236,29.899,76.1,54,71.0,6,5,163,62,0.0,255,32767,0.0,2127-15-31,0.0,0.52,26.6,0.0,0.0,0.0,0,4.822265625,6,45,05:40,20:21,2025-05-22 15:27:05.961791,Città della Scienza,43.1,6.3444533,8.52798,4.7251616,4.1114445,EU EEA Common AQI,82.2,5.1393056,6.924704,7200,3.5857143,100,100,63.6,3.2799997,Very Low,82.7,5.094174,100,1747926900,Very Low,3.7801292,6.3676777,Very Low,5.858032,58.0,5.928571,100,1747926900,4.1
2025-05-22T15:27:17Z,236,29.899,76.1,54,71.1,5,5,200,62,0.0,255,32767,0.0,2127-15-31,0.0,0.52,26.6,0.0,0.0,0.0,0,4.822265625,6,45,05:40,20:21,2025-05-22 15:27:17.116797,Città della Scienza,43.1,6.3444533,8.52798,4.7251616,4.1114445,EU EEA Common AQI,82.2,5.1393056,6.924704,7200,3.5857143,100,100,63.6,3.2799997,Very Low,82.7,5.094174,100,1747926900,Very Low,3.7801292,6.3676777,Very Low,5.858032,58.0,5.928571,100,1747926900,4.1
2025-05-22T15:27:28Z,236,29.899,76.1,54,71.1,8,5,182,62,0.0,255,32767,0.0,2127-15-31,0.0,0.52,26.6,0.0,0.0,0.0,0,4.822265625,6,45,05:40,20:21,2025-05-22 15:27:28.185794,Città della Scienza,43.1,6.3444533,8.52798,4.7251616,4.1114445,EU EEA Common AQI,82.2,5.1393056,6.924704,7200,3.5857143,100,100,63.6,3.2799997,Very Low,82.7,5.094174,100,1747926900,Very Low,3.7801292,6.3676777,Very Low,5.858032,58.0,5.928571,100,1747926900,4.1
2025-05-22T15:27:39Z,236,29.899,76.2,54,71.1,8,5,212,62,0.0,255,32767,0.0,2127-15-31,0.0,0.52,26.6,0.0,0.0,0.0,0,4.822265625,6,45,05:40,20:21,2025-05-22 15:27:39.231796,Città della Scienza,43.1,6.3444533,8.52798,4.7251616,4.1114445,EU EEA Common AQI,82.2,5.1393056,6.924704,7200,3.5857143,100,100,63.6,3.2799997,Very Low,82.7,5.094174,100,1747926900,Very Low,3.7801292,6.3676777,Very Low,5.858032,58.0,5.928571,100,1747926900,4.1
2025-05-22T15:27:50Z,236,29.899,76.2,54,71.1,3,5,202,62,0.0,255,32767,0.0,2127-15-31,0.0,0.52,26.6,0.0,0.0,0.0,0,4.822265625,6,45,05:40,20:21,2025-05-22 15:27:50.354781,Città della Scienza,43.1,6.3444533,8.52798,4.7251616,4.1114445,EU EEA Common AQI,82.2,5.1393056,6.924704,7200,3.5857143,100,100,63.6,3.2799997,Very Low,82.7,5.094174,100,1747926900,Very Low,3.7801292,6.3676777,Very Low,5.858032,58.0,5.928571,100,1747926900,4.1
2025-05-22T15:28:01Z,236,29.899,76.2,54,71.1,4,5,171,62,0.0,255,32767,0.0,2127-15-31,0.0,0.52,26.6,0.0,0.0,0.0,0,4.822265625,6,45,05:40,20:21,2025-05-22 15:28:01.435796,Città della Scienza,43.1,6.3444533,8.52798,4.7251616,4.1114445,EU EEA Common AQI,82.2,5.1393056,6.924704,7200,3.5857143,100,100,63.6,3.2799997,Very Low,82.7,5.094174,100,1747926900,Very Low,3.7801292,6.3676777,Very Low,5.858032,58.0,5.928571,100,1747926900,4.1
2025-05-22T15:28:12Z,236,29.899,76.2,54,71.1,3,5,262,62,0.0,255,32767,0.0,2127-15-31,0.0,0.52,26.6,0.0,0.0,0.0,0,4.822265625,6,45,05:40,20:21,2025-05-22 15:28:12.566801,Città della Scienza,43.1,6.3444533,8.52798,4.7251616,4.1114445,EU EEA Common AQI,82.2,5.1393056,6.924704,7200,3.5857143,100,100,63.6,3.2799997,Very Low,82.7,5.094174,100,1747926900,Very Low,3.7801292,6.3676777,Very Low,5.858032,58.0,5.928571,100,1747926900,4.1
2025-05-22T15:28:23Z,236,29.899,76.2,54,71.1,7,5,190,62,0.0,255,32767,0.0,2127-15-31,0.0,0.52,26.6,0.0,0.0,0.0,0,4.822265625,6,45,05:40,20:21,2025-05-22 15:28:23.678780,Città della Scienza,43.1,6.3444533,8.52798,4.7251616,4.1114445,EU EEA Common AQI,82.2,5.1393056,6.924704,7200,3.5857143,100,100,63.6,3.2799997,Very Low,82.7,5.094174,100,1747926900,Very Low,3.7801292,6.3676777,Very Low,5.858032,58.0,5.928571,100,1747926900,4.1
2025-05-22T15:28:34Z,236,29.898,76.2,54,71.1,4,5,209,62,0.0,255,32767,0.0,2127-15-31,0.0,0.52,26.6,0.0,0.0,0.0,0,4.822265625,6,45,05:40,20:21,2025-05-22 15:28:34.759790,Città della Scienza,43.1,6.3444533,8.52798,4.7251616,4.1114445,EU EEA Common AQI,82.2,5.1393056,6.924704,7200,3.5857143,100,100,63.6,3.2799997,Very Low,82.7,5.094174,100,1747926900,Very Low,3.7801292,6.3676777,Very Low,5.858032,58.0,5.928571,100,1747926900,4.1
2025-05-22T15:28:46Z,236,29.898,76.2,54,71.1,4,5,167,61,0.0,255,32767,0.0,2127-15-31,0.0,0.52,26.6,0.0,0.0,0.0,0,4.822265625,6,45,05:40,20:21,2025-05-22 15:28:45.838805,Città della Scienza,43.1,6.3444533,8.52798,4.7251616,4.1114445,EU EEA Common AQI,82.2,5.1393056,6.924704,7200,3.5857143,100,100,63.6,3.2799997,Very Low,82.7,5.094174,100,1747926900,Very Low,3.7801292,6.3676777,Very Low,5.858032,58.0,5.928571,100,1747926900,4.1
2025-05-22T15:28:57Z,236,29.898,76.2,54,71.1,3,5,155,61,0.0,255,32767,0.0,2127-15-31,0.0,0.52,26.6,0.0,0.0,0.0,0,4.822265625,6,45,05:40,20:21,2025-05-22 15:28:56.936793,Città della Scienza,43.1,6.3444533,8.52798,4.7251616,4.1114445,EU EEA Common AQI,82.2,5.1393056,6.924704,7200,3.5857143,100,100,63.6,3.2799997,Very Low,82.7,5.094174,100,1747926900,Very Low,3.7801292,6.3676777,Very Low,5.858032,58.0,5.928571,100,1747926900,4.1
2025-05-22T15:29:08Z,236,29.898,76.2,54,71.2,6,5,163,61,0.0,255,32767,0.0,2127-15-31,0.0,0.52,26.6,0.0,0.0,0.0,0,4.822265625,6,45,05:40,20:21,2025-05-22 15:29:08.027795,Città della Scienza,43.1,6.3444533,8.52798,4.7251616,4.1114445,EU EEA Common AQI,82.2,5.1393056,6.924704,7200,3.5857143,100,100,63.6,3.2799997,Very Low,82.7,5.094174,100,1747926900,Very Low,3.7801292,6.3676777,Very Low,5.858032,58.0,5.928571,100,1747926900,4.1
2025-05-22T15:29:19Z,236,29.898,76.2,54,71.2,6,5,161,61,0.0,255,32767,0.0,2127-15-31,0.0,0.52,26.6,0.0,0.0,0.0,0,4.822265625,6,45,05:40,20:21,2025-05-22 15:29:19.145787,Città della Scienza,43.1,6.3444533,8.52798,4.7251616,4.1114445,EU EEA Common AQI,82.2,5.1393056,6.924704,7200,3.5857143,100,100,63.6,3.2799997,Very Low,82.7,5.094174,100,1747926900,Very Low,3.7801292,6.3676777,Very Low,5.858032,58.0,5.928571,100,1747926900,4.1
2025-05-22T15:29:30Z,236,29.898,76.2,54,71.2,7,5,159,61,0.0,255,32767,0.0,2127-15-31,0.0,0.52,26.6,0.0,0.0,0.0,0,4.822265625,6,45,05:40,20:21,2025-05-22 15:29:30.189793,Città della Scienza,43.1,6.3444533,8.52798,4.7251616,4.1114445,EU EEA Common AQI,82.2,5.1393056,6.924704,7200,3.5857143,100,100,63.6,3.2799997,Very Low,82.7,5.094174,100,1747926900,Very Low,3.7801292,6.3676777,Very Low,5.858032,58.0,5.928571,100,1747926900,4.1
2025-05-22T15:29:41Z,236,29.899,76.2,54,71.2,2,5,164,61,0.0,255,32767,0.0,2127-15-31,0.0,0.52,26.6,0.0,0.0,0.0,0,4.822265625,6,45,05:40,20:21,2025-05-22 15:29:41.262798,Città della Scienza,43.1,6.3444533,8.52798,4.7251616,4.1114445,EU EEA Common AQI,82.2,5.1393056,6.924704,7200,3.5857143,100,100,63.6,3.2799997,Very Low,82.7,5.094174,100,1747926900,Very Low,3.7801292,6.3676777,Very Low,5.858032,58.0,5.928571,100,1747926900,4.1
2025-05-22T15:29:52Z,236,29.899,76.2,54,71.2,6,5,171,61,0.0,255,32767,0.0,2127-15-31,0.0,0.52,26.6,0.0,0.0,0.0,0,4.822265625,6,45,05:40,20:21,2025-05-22 15:29:52.315789,Città della Scienza,43.1,6.3444533,8.52798,4.7251616,4.1114445,EU EEA Common AQI,82.2,5.1393056,6.924704,7200,3.5857143,100,100,63.6,3.2799997,Very Low,82.7,5.094174,100,1747926900,Very Low,3.7801292,6.3676777,Very Low,5.858032,58.0,5.928571,100,1747926900,4.1
2025-05-22T15:30:03Z,236,29.899,76.2,54,71.2,8,5,184,61,0.0,255,32767,0.0,2127-15-31,0.0,0.52,26.6,0.0,0.0,0.0,0,4.822265625,6,45,05:40,20:21,2025-05-22 15:30:03.372811,Città della Scienza,43.1,6.3444533,8.52798,4.7251616,4.1114445,EU EEA Common AQI,82.2,5.1393056,6.924704,7200,3.5857143,100,100,63.6,3.2799997,Very Low,82.7,5.094174,100,1747926900,Very Low,3.7801292,6.3676777,Very Low,5.858032,58.0,5.928571,100,1747926900,4.1
2025-05-22T15:30:14Z,236,29.899,76.2,54,71.1,7,5,183,61,0.0,255,32767,0.0,2127-15-31,0.0,0.52,26.6,0.0,0.0,0.0,0,4.822265625,6,45,05:40,20:21,2025-05-22 15:30:14.459787,Città della Scienza,43.1,6.3444533,8.52798,4.7251616,4.1114445,EU EEA Common AQI,82.2,5.1393056,6.924704,7200,3.5857143,100,100,63.6,3.2799997,Very Low,82.7,5.094174,100,1747926900,Very Low,3.7801292,6.3676777,Very Low,5.858032,58.0,5.928571,100,1747926900,4.1
2025-05-22T15:30:25Z,236,29.899,76.2,54,71.1,7,5,186,61,0.0,255,32767,0.0,2127-15-31,0.0,0.52,26.6,0.0,0.0,0.0,0,4.822265625,6,45,05:40,20:21,2025-05-22 15:30:25.744784,Città della Scienza,41.1,6.1881084,8.516715,4.519751,3.9837255,EU EEA Common AQI,83.7,4.979657,6.927909,7200,3.8695652,100,100,63.8,3.652174,Very Low,84.3,4.949162,100,1747927800,Very Low,3.6158009,6.1831965,Very Low,5.591094,58.1,4.8985505,100,1747927800,4.5652175
2025-05-22T15:30:37Z,236,29.898,76.3,54,71.1,8,5,182,59,0.0,255,32767,0.0,2127-15-31,0.0,0.52,26.6,0.0,0.0,0.0,0,4.822265625,6,45,05:40,20:21,2025-05-22 15:30:36.825791,Città della Scienza,41.1,6.1881084,8.516715,4.519751,3.9837255,EU EEA Common AQI,83.7,4.979657,6.927909,7200,3.8695652,100,100,63.8,3.652174,Very Low,84.3,4.949162,100,1747927800,Very Low,3.6158009,6.1831965,Very Low,5.591094,58.1,4.8985505,100,1747927800,4.5652175
2025-05-22T15:30:48Z,236,29.898,76.3,54,71.0,8,5,190,59,0.0,255,32767,0.0,2127-15-31,0.0,0.52,26.6,0.0,0.0,0.0,0,4.822265625,6,45,05:40,20:21,2025-05-22 15:30:47.900794,Città della Scienza,41.1,6.1881084,8.516715,4.519751,3.9837255,EU EEA Common AQI,83.7,4.979657,6.927909,7200,3.8695652,100,100,63.8,3.652174,Very Low,84.3,4.949162,100,1747927800,Very Low,3.6158009,6.1831965,Very Low,5.591094,58.1,4.8985505,100,1747927800,4.5652175
2025-05-22T15:30:59Z,236,29.898,76.3,54,71.0,8,5,186,59,0.0,255,32767,0.0,2127-15-31,0.0,0.52,26.6,0.0,0.0,0.0,0,4.822265625,6,45,05:40,20:21,2025-05-22 15:30:59.011787,Città della Scienza,41.1,6.1881084,8.516715,4.519751,3.9837255,EU EEA Common AQI,83.7,4.979657,6.927909,7200,3.8695652,100,100,63.8,3.652174,Very Low,84.3,4.949162,100,1747927800,Very Low,3.6158009,6.1831965,Very Low,5.591094,58.1,4.8985505,100,1747927800,4.5652175
2025-05-22T15:31:10Z,236,29.898,76.3,54,71.0,6,5,212,59,0.0,255,32767,0.0,2127-15-31,0.0,0.52,26.6,0.0,0.0,0.0,0,4.822265625,6,45,05:40,20:21,2025-05-22 15:31:10.115804,Città della Scienza,41.1,6.1881084,8.516715,4.519751,3.9837255,EU EEA Common AQI,83.7,4.979657,6.927909,7200,3.8695652,100,100,63.8,3.652174,Very Low,84.3,4.949162,100,1747927800,Very Low,3.6158009,6.1831965,Very Low,5.591094,58.1,4.8985505,100,1747927800,4.5652175
2025-05-22T15:31:21Z,236,29.898,76.3,54,70.9,2,5,223,59,0.0,255,32767,0.0,2127-15-31,0.0,0.52,26.6,0.0,0.0,0.0,0,4.822265625,6,45,05:40,20:21,2025-05-22 15:31:21.208786,Città della Scienza,41.1,6.1881084,8.516715,4.519751,3.9837255,EU EEA Common AQI,83.7,4.979657,6.927909,7200,3.8695652,100,100,63.8,3.652174,Very Low,84.3,4.949162,100,1747927800,Very Low,3.6158009,6.1831965,Very Low,5.591094,58.1,4.8985505,100,1747927800,4.5652175
2025-05-22T15:31:32Z,236,29.898,76.3,54,70.9,3,5,181,59,0.0,255,32767,0.0,2127-15-31,0.0,0.52,26.6,0.0,0.0,0.0,0,4.822265625,6,45,05:40,20:21,2025-05-22 15:31:32.297801,Città della Scienza,41.1,6.1881084,8.516715,4.519751,3.9837255,EU EEA Common AQI,83.7,4.979657,6.927909,7200,3.8695652,100,100,63.8,3.652174,Very Low,84.3,4.949162,100,1747927800,Very Low,3.6158009,6.1831965,Very Low,5.591094,58.1,4.8985505,100,1747927800,4.5652175
2025-05-22T15:31:43Z,236,29.896,76.2,54,70.9,8,5,178,59,0.0,255,32767,0.0,2127-15-31,0.0,0.52,26.6,0.0,0.0,0.0,0,4.822265625,6,45,05:40,20:21,2025-05-22 15:31:43.398790,Città della Scienza,41.1,6.1881084,8.516715,4.519751,3.9837255,EU EEA Common AQI,83.7,4.979657,6.927909,7200,3.8695652,100,100,63.8,3.652174,Very Low,84.3,4.949162,100,1747927800,Very Low,3.6158009,6.1831965,Very Low,5.591094,58.1,4.8985505,100,1747927800,4.5652175
2025-05-22T15:31:54Z,236,29.896,76.2,54,70.9,5,5,242,59,0.0,255,32767,0.0,2127-15-31,0.0,0.52,26.6,0.0,0.0,0.0,0,4.822265625,6,45,05:40,20:21,2025-05-22 15:31:54.457805,Città della Scienza,41.1,6.1881084,8.516715,4.519751,3.9837255,EU EEA Common AQI,83.7,4.979657,6.927909,7200,3.8695652,100,100,63.8,3.652174,Very Low,84.3,4.949162,100,1747927800,Very Low,3.6158009,6.1831965,Very Low,5.591094,58.1,4.8985505,100,1747927800,4.5652175
2025-05-22T15:32:05Z,236,29.896,76.2,54,70.9,4,5,162,59,0.0,255,32767,0.0,2127-15-31,0.0,0.52,26.6,0.0,0.0,0.0,0,4.822265625,6,45,05:40,20:21,2025-05-22 15:32:05.546796,Città della Scienza,41.1,6.1881084,8.516715,4.519751,3.9837255,EU EEA Common AQI,83.7,4.979657,6.927909,7200,3.8695652,100,100,63.8,3.652174,Very Low,84.3,4.949162,100,1747927800,Very Low,3.6158009,6.1831965,Very Low,5.591094,58.1,4.8985505,100,1747927800,4.5652175
2025-05-22T15:32:16Z,236,29.896,76.2,54,70.9,6,5,159,59,0.0,255,32767,0.0,2127-15-31,0.0,0.52,26.6,0.0,0.0,0.0,0,4.822265625,6,45,05:40,20:21,2025-05-22 15:32:16.613762,Città della Scienza,41.1,6.1881084,8.516715,4.519751,3.9837255,EU EEA Common AQI,83.7,4.979657,6.927909,7200,3.8695652,100,100,63.8,3.652174,Very Low,84.3,4.949162,100,1747927800,Very Low,3.6158009,6.1831965,Very Low,5.591094,58.1,4.8985505,100,1747927800,4.5652175
2025-05-22T15:32:27Z,236,29.896,76.2,54,70.8,4,5,211,59,0.0,255,32767,0.0,2127-15-31,0.0,0.52,26.6,0.0,0.0,0.0,0,4.822265625,6,45,05:40,20:21,2025-05-22 15:32:27.707768,Città della Scienza,41.1,6.1881084,8.516715,4.519751,3.9837255,EU EEA Common AQI,83.7,4.979657,6.927909,7200,3.8695652,100,100,63.8,3.652174,Very Low,84.3,4.949162,100,1747927800,Very Low,3.6158009,6.1831965,Very Low,5.591094,58.1,4.8985505,100,1747927800,4.5652175
2025-05-22T15:32:39Z,236,29.897,76.2,54,70.8,7,5,261,59,0.0,255,32767,0.0,2127-15-31,0.0,0.52,26.6,0.0,0.0,0.0,0,4.822265625,6,45,05:40,20:21,2025-05-22 15:32:38.829789,Città della Scienza,41.1,6.1881084,8.516715,4.519751,3.9837255,EU EEA Common AQI,83.7,4.979657,6.927909,7200,3.8695652,100,100,63.8,3.652174,Very Low,84.3,4.949162,100,1747927800,Very Low,3.6158009,6.1831965,Very Low,5.591094,58.1,4.8985505,100,1747927800,4.5652175
2025-05-22T15:32:50Z,236,29.897,76.2,54,70.8,4,5,162,59,0.0,255,32767,0.0,2127-15-31,0.0,0.52,26.6,0.0,0.0,0.0,0,4.822265625,6,45,05:40,20:21,2025-05-22 15:32:49.903809,Città della Scienza,41.1,6.1881084,8.516715,4.519751,3.9837255,EU EEA Common AQI,83.7,4.979657,6.927909,7200,3.8695652,100,100,63.8,3.652174,Very Low,84.3,4.949162,100,1747927800,Very Low,3.6158009,6.1831965,Very Low,5.591094,58.1,4.8985505,100,1747927800,4.5652175
2025-05-22T15:33:01Z,236,29.897,76.2,54,70.9,3,5,176,59,0.0,255,32767,0.0,2127-15-31,0.0,0.52,26.6,0.0,0.0,0.0,0,4.822265625,6,45,05:40,20:21,2025-05-22 15:33:00.998791,Città della Scienza,41.1,6.1881084,8.516715,4.519751,3.9837255,EU EEA Common AQI,83.7,4.979657,6.927909,7200,3.8695652,100,100,63.8,3.652174,Very Low,84.3,4.949162,100,1747927800,Very Low,3.6158009,6.1831965,Very Low,5.591094,58.1,4.8985505,100,1747927800,4.5652175
2025-05-22T15:33:12Z,236,29.897,76.2,54,70.9,5,5,167,59,0.0,255,32767,0.0,2127-15-31,0.0,0.52,26.6,0.0,0.0,0.0,0,4.822265625,6,45,05:40,20:21,2025-05-22 15:33:12.096793,Città della Scienza,41.1,6.1881084,8.516715,4.519751,3.9837255,EU EEA Common AQI,83.7,4.979657,6.927909,7200,3.8695652,100,100,63.8,3.652174,Very Low,84.3,4.949162,100,1747927800,Very Low,3.6158009,6.1831965,Very Low,5.591094,58.1,4.8985505,100,1747927800,4.5652175
2025-05-22T15:33:23Z,236,29.897,76.2,54,70.9,5,5,165,59,0.0,255,32767,0.0,2127-15-31,0.0,0.52,26.6,0.0,0.0,0.0,0,4.822265625,6,45,05:40,20:21,2025-05-22 15:33:23.173798,Città della Scienza,41.1,6.1881084,8.516715,4.519751,3.9837255,EU EEA Common AQI,83.7,4.979657,6.927909,7200,3.8695652,100,100,63.8,3.652174,Very Low,84.3,4.949162,100,1747927800,Very Low,3.6158009,6.1831965,Very Low,5.591094,58.1,4.8985505,100,1747927800,4.5652175
2025-05-22T15:33:34Z,236,29.897,76.3,54,70.9,3,5,267,59,0.0,255,32767,0.0,2127-15-31,0.0,0.52,26.6,0.0,0.0,0.0,0,4.822265625,6,45,05:40,20:21,2025-05-22 15:33:34.321792,Città della Scienza,41.1,6.1881084,8.516715,4.519751,3.9837255,EU EEA Common AQI,83.7,4.979657,6.927909,7200,3.8695652,100,100,63.8,3.652174,Very Low,84.3,4.949162,100,1747927800,Very Low,3.6158009,6.1831965,Very Low,5.591094,58.1,4.8985505,100,1747927800,4.5652175
2025-05-22T15:33:45Z,236,29.898,76.3,54,71.0,4,5,232,59,0.0,255,32767,0.0,2127-15-31,0.0,0.52,26.6,0.0,0.0,0.0,0,4.822265625,6,45,05:40,20:21,2025-05-22 15:33:45.379800,Città della Scienza,41.1,6.1881084,8.516715,4.519751,3.9837255,EU EEA Common AQI,83.7,4.979657,6.927909,7200,3.8695652,100,100,63.8,3.652174,Very Low,84.3,4.949162,100,1747927800,Very Low,3.6158009,6.1831965,Very Low,5.591094,58.1,4.8985505,100,1747927800,4.5652175
2025-05-22T15:33:56Z,236,29.898,76.3,54,71.0,3,5,273,59,0.0,255,32767,0.0,2127-15-31,0.0,0.52,26.6,0.0,0.0,0.0,0,4.822265625,6,45,05:40,20:21,2025-05-22 15:33:56.503795,Città della Scienza,41.1,6.1881084,8.516715,4.519751,3.9837255,EU EEA Common AQI,83.7,4.979657,6.927909,7200,3.8695652,100,100,63.8,3.652174,Very Low,84.3,4.949162,100,1747927800,Very Low,3.6158009,6.1831965,Very Low,5.591094,58.1,4.8985505,100,1747927800,4.5652175
2025-05-22T15:34:07Z,236,29.898,76.3,54,70.9,4,5,160,60,0.0,255,32767,0.0,2127-15-31,0.0,0.52,26.6,0.0,0.0,0.0,0,4.822265625,6,45,05:40,20:21,2025-05-22 15:34:07.544806,Città della Scienza,41.1,6.1881084,8.516715,4.519751,3.9837255,EU EEA Common AQI,83.7,4.979657,6.927909,7200,3.8695652,100,100,63.8,3.652174,Very Low,84.3,4.949162,100,1747927800,Very Low,3.6158009,6.1831965,Very Low,5.591094,58.1,4.8985505,100,1747927800,4.5652175
2025-05-22T15:34:18Z,236,29.898,76.3,54,71.0,1,5,335,60,0.0,255,32767,0.0,2127-15-31,0.0,0.52,26.6,0.0,0.0,0.0,0,4.822265625,6,45,05:40,20:21,2025-05-22 15:34:18.646795,Città della Scienza,41.1,6.1881084,8.516715,4.519751,3.9837255,EU EEA Common AQI,83.7,4.979657,6.927909,7200,3.8695652,100,100,63.8,3.652174,Very Low,84.3,4.949162,100,1747927800,Very Low,3.6158009,6.1831965,Very Low,5.591094,58.1,4.8985505,100,1747927800,4.5652175
2025-05-22T15:34:29Z,236,29.898,76.3,54,71.0,4,5,185,60,0.0,255,32767,0.0,2127-15-31,0.0,0.52,26.6,0.0,0.0,0.0,0,4.822265625,6,45,05:40,20:21,2025-05-22 15:34:29.691753,Città della Scienza,41.1,6.1881084,8.516715,4.519751,3.9837255,EU EEA Common AQI,83.7,4.979657,6.927909,7200,3.8695652,100,100,63.8,3.652174,Very Low,84.3,4.949162,100,1747927800,Very Low,3.6158009,6.1831965,Very Low,5.591094,58.1,4.8985505,100,1747927800,4.5652175
2025-05-22T15:34:40Z,236,29.896,76.2,54,71.1,4,5,178,60,0.0,255,32767,0.0,2127-15-31,0.0,0.52,26.6,0.0,0.0,0.0,0,4.822265625,6,45,05:40,20:21,2025-05-22 15:34:40.786793,Città della Scienza,41.1,6.1881084,8.516715,4.519751,3.9837255,EU EEA Common AQI,83.7,4.979657,6.927909,7200,3.8695652,100,100,63.8,3.652174,Very Low,84.3,4.949162,100,1747927800,Very Low,3.6158009,6.1831965,Very Low,5.591094,58.1,4.8985505,100,1747927800,4.5652175
2025-05-22T15:34:52Z,236,29.896,76.2,54,71.1,4,5,184,61,0.0,255,32767,0.0,2127-15-31,0.0,0.52,26.6,0.0,0.0,0.0,0,4.822265625,6,45,05:40,20:21,2025-05-22 15:34:51.898816,Città della Scienza,41.1,6.1881084,8.516715,4.519751,3.9837255,EU EEA Common AQI,83.7,4.979657,6.927909,7200,3.8695652,100,100,63.8,3.652174,Very Low,84.3,4.949162,100,1747927800,Very Low,3.6158009,6.1831965,Very Low,5.591094,58.1,4.8985505,100,1747927800,4.5652175
2025-05-22T15:35:03Z,236,29.896,76.2,54,71.2,5,5,209,61,0.0,255,32767,0.0,2127-15-31,0.0,0.52,26.6,0.0,0.0,0.0,0,4.822265625,6,45,05:40,20:21,2025-05-22 15:35:02.993799,Città della Scienza,41.1,6.1881084,8.516715,4.519751,3.9837255,EU EEA Common AQI,83.7,4.979657,6.927909,7200,3.8695652,100,100,63.8,3.652174,Very Low,84.3,4.949162,100,1747927800,Very Low,3.6158009,6.1831965,Very Low,5.591094,58.1,4.8985505,100,1747927800,4.5652175
2025-05-22T15:35:14Z,236,29.896,76.2,54,71.2,5,5,187,61,0.0,255,32767,0.0,2127-15-31,0.0,0.52,26.6,0.0,0.0,0.0,0,4.822265625,6,45,05:40,20:21,2025-05-22 15:35:14.063790,Città della Scienza,41.1,6.1881084,8.516715,4.519751,3.9837255,EU EEA Common AQI,83.7,4.979657,6.927909,7200,3.8695652,100,100,63.8,3.652174,Very Low,84.3,4.949162,100,1747927800,Very Low,3.6158009,6.1831965,Very Low,5.591094,58.1,4.8985505,100,1747927800,4.5652175
2025-05-22T15:35:25Z,236,29.896,76.2,54,71.2,5,5,208,61,0.0,255,32767,0.0,2127-15-31,0.0,0.52,26.6,0.0,0.0,0.0,0,4.822265625,6,45,05:40,20:21,2025-05-22 15:35:25.104758,Città della Scienza,41.1,6.1881084,8.516715,4.519751,3.9837255,EU EEA Common AQI,83.7,4.979657,6.927909,7200,3.8695652,100,100,63.8,3.652174,Very Low,84.3,4.949162,100,1747927800,Very Low,3.6158009,6.1831965,Very Low,5.591094,58.1,4.8985505,100,1747927800,4.5652175
2025-05-22T15:35:36Z,236,29.898,76.3,54,71.2,4,4,198,61,0.0,255,32767,0.0,2127-15-31,0.0,0.52,26.6,0.0,0.0,0.0,0,4.822265625,6,45,05:40,20:21,2025-05-22 15:35:36.140792,Città della Scienza,41.1,6.1881084,8.516715,4.519751,3.9837255,EU EEA Common AQI,83.7,4.979657,6.927909,7200,3.8695652,100,100,63.8,3.652174,Very Low,84.3,4.949162,100,1747927800,Very Low,3.6158009,6.1831965,Very Low,5.591094,58.1,4.8985505,100,1747927800,4.5652175
2025-05-22T15:35:47Z,236,29.898,76.3,54,71.2,4,4,161,61,0.0,255,32767,0.0,2127-15-31,0.0,0.52,26.6,0.0,0.0,0.0,0,4.822265625,6,45,05:40,20:21,2025-05-22 15:35:47.226806,Città della Scienza,41.1,6.1881084,8.516715,4.519751,3.9837255,EU EEA Common AQI,83.7,4.979657,6.927909,7200,3.8695652,100,100,63.8,3.652174,Very Low,84.3,4.949162,100,1747927800,Very Low,3.6158009,6.1831965,Very Low,5.591094,58.1,4.8985505,100,1747927800,4.5652175
2025-05-22T15:35:58Z,236,29.898,76.3,54,71.2,4,4,219,61,0.0,255,32767,0.0,2127-15-31,0.0,0.52,26.6,0.0,0.0,0.0,0,4.822265625,6,45,05:40,20:21,2025-05-22 15:35:58.295808,Città della Scienza,41.1,6.1881084,8.516715,4.519751,3.9837255,EU EEA Common AQI,83.7,4.979657,6.927909,7200,3.8695652,100,100,63.8,3.652174,Very Low,84.3,4.949162,100,1747927800,Very Low,3.6158009,6.1831965,Very Low,5.591094,58.1,4.8985505,100,1747927800,4.5652175
2025-05-22T15:36:09Z,236,29.898,76.3,54,71.3,5,4,161,61,0.0,255,32767,0.0,2127-15-31,0.0,0.52,26.6,0.0,0.0,0.0,0,4.822265625,6,45,05:40,20:21,2025-05-22 15:36:09.394788,Città della Scienza,41.1,6.1881084,8.516715,4.519751,3.9837255,EU EEA Common AQI,83.7,4.979657,6.927909,7200,3.8695652,100,100,63.8,3.652174,Very Low,84.3,4.949162,100,1747927800,Very Low,3.6158009,6.1831965,Very Low,5.591094,58.1,4.8985505,100,1747927800,4.5652175
2025-05-22T15:36:20Z,236,29.898,76.3,54,71.3,7,4,180,61,0.0,255,32767,0.0,2127-15-31,0.0,0.52,26.6,0.0,0.0,0.0,0,4.822265625,6,45,05:40,20:21,2025-05-22 15:36:20.450791,Città della Scienza,41.1,6.1881084,8.516715,4.519751,3.9837255,EU EEA Common AQI,83.7,4.979657,6.927909,7200,3.8695652,100,100,63.8,3.652174,Very Low,84.3,4.949162,100,1747927800,Very Low,3.6158009,6.1831965,Very Low,5.591094,58.1,4.8985505,100,1747927800,4.5652175
2025-05-22T15:36:31Z,236,29.898,76.3,54,71.3,6,4,189,61,0.0,255,32767,0.0,2127-15-31,0.0,0.52,26.6,0.0,0.0,0.0,0,4.822265625,6,45,05:40,20:21,2025-05-22 15:36:31.526794,Città della Scienza,41.1,6.1881084,8.516715,4.519751,3.9837255,EU EEA Common AQI,83.7,4.979657,6.927909,7200,3.8695652,100,100,63.8,3.652174,Very Low,84.3,4.949162,100,1747927800,Very Low,3.6158009,6.1831965,Very Low,5.591094,58.1,4.8985505,100,1747927800,4.5652175
2025-05-22T15:36:42Z,236,29.9,76.2,54,71.3,7,5,217,61,0.0,255,32767,0.0,2127-15-31,0.0,0.52,26.6,0.0,0.0,0.0,0,4.822265625,6,45,05:40,20:21,2025-05-22 15:36:42.575794,Città della Scienza,41.1,6.1881084,8.516715,4.519751,3.9837255,EU EEA Common AQI,83.7,4.979657,6.927909,7200,3.8695652,100,100,63.8,3.652174,Very Low,84.3,4.949162,100,1747927800,Very Low,3.6158009,6.1831965,Very Low,5.591094,58.1,4.8985505,100,1747927800,4.5652175
2025-05-22T15:36:53Z,236,29.9,76.2,54,71.2,4,5,167,61,0.0,255,32767,0.0,2127-15-31,0.0,0.52,26.6,0.0,0.0,0.0,0,4.822265625,6,45,05:40,20:21,2025-05-22 15:36:53.710786,Città della Scienza,41.1,6.1881084,8.516715,4.519751,3.9837255,EU EEA Common AQI,83.7,4.979657,6.927909,7200,3.8695652,100,100,63.8,3.652174,Very Low,84.3,4.949162,100,1747927800,Very Low,3.6158009,6.1831965,Very Low,5.591094,58.1,4.8985505,100,1747927800,4.5652175
2025-05-22T15:37:04Z,236,29.9,76.2,54,71.3,3,5,202,61,0.0,255,32767,0.0,2127-15-31,0.0,0.52,26.6,0.0,0.0,0.0,0,4.822265625,6,45,05:40,20:21,2025-05-22 15:37:04.771790,Città della Scienza,41.1,6.1881084,8.516715,4.519751,3.9837255,EU EEA Common AQI,83.7,4.979657,6.927909,7200,3.8695652,100,100,63.8,3.652174,Very Low,84.3,4.949162,100,1747927800,Very Low,3.6158009,6.1831965,Very Low,5.591094,58.1,4.8985505,100,1747927800,4.5652175
2025-05-22T15:37:16Z,236,29.9,76.2,54,71.3,5,5,194,61,0.0,255,32767,0.0,2127-15-31,0.0,0.52,26.6,0.0,0.0,0.0,0,4.822265625,6,45,05:40,20:21,2025-05-22 15:37:15.871819,Città della Scienza,41.1,6.1881084,8.516715,4.519751,3.9837255,EU EEA Common AQI,83.7,4.979657,6.927909,7200,3.8695652,100,100,63.8,3.652174,Very Low,84.3,4.949162,100,1747927800,Very Low,3.6158009,6.1831965,Very Low,5.591094,58.1,4.8985505,100,1747927800,4.5652175
2025-05-22T15:37:27Z,236,29.9,76.2,54,71.2,4,5,182,61,0.0,255,32767,0.0,2127-15-31,0.0,0.52,26.6,0.0,0.0,0.0,0,4.822265625,6,45,05:40,20:21,2025-05-22 15:37:26.899793,Città della Scienza,41.1,6.1881084,8.516715,4.519751,3.9837255,EU EEA Common AQI,83.7,4.979657,6.927909,7200,3.8695652,100,100,63.8,3.652174,Very Low,84.3,4.949162,100,1747927800,Very Low,3.6158009,6.1831965,Very Low,5.591094,58.1,4.8985505,100,1747927800,4.5652175
2025-05-22T15:37:38Z,236,29.897,76.3,53,71.2,4,5,186,61,0.0,255,32767,0.0,2127-15-31,0.0,0.52,26.6,0.0,0.0,0.0,0,4.822265625,6,45,05:40,20:21,2025-05-22 15:37:38.019754,Città della Scienza,41.1,6.1881084,8.516715,4.519751,3.9837255,EU EEA Common AQI,83.7,4.979657,6.927909,7200,3.8695652,100,100,63.8,3.652174,Very Low,84.3,4.949162,100,1747927800,Very Low,3.6158009,6.1831965,Very Low,5.591094,58.1,4.8985505,100,1747927800,4.5652175
2025-05-22T15:37:49Z,236,29.897,76.3,53,71.2,9,5,177,61,0.0,255,32767,0.0,2127-15-31,0.0,0.52,26.6,0.0,0.0,0.0,0,4.822265625,6,45,05:40,20:21,2025-05-22 15:37:49.165785,Città della Scienza,41.1,6.1881084,8.516715,4.519751,3.9837255,EU EEA Common AQI,83.7,4.979657,6.927909,7200,3.8695652,100,100,63.8,3.652174,Very Low,84.3,4.949162,100,1747927800,Very Low,3.6158009,6.1831965,Very Low,5.591094,58.1,4.8985505,100,1747927800,4.5652175
2025-05-22T15:38:00Z,236,29.897,76.3,53,71.2,4,5,206,61,0.0,255,32767,0.0,2127-15-31,0.0,0.52,26.6,0.0,0.0,0.0,0,4.822265625,6,45,05:40,20:21,2025-05-22 15:38:00.191806,Città della Scienza,41.1,6.1881084,8.516715,4.519751,3.9837255,EU EEA Common AQI,83.7,4.979657,6.927909,7200,3.8695652,100,100,63.8,3.652174,Very Low,84.3,4.949162,100,1747927800,Very Low,3.6158009,6.1831965,Very Low,5.591094,58.1,4.8985505,100,1747927800,4.5652175
2025-05-22T15:38:11Z,236,29.897,76.3,53,71.2,7,5,192,61,0.0,255,32767,0.0,2127-15-31,0.0,0.52,26.6,0.0,0.0,0.0,0,4.822265625,6,45,05:40,20:21,2025-05-22 15:38:11.308789,Città della Scienza,41.1,6.1881084,8.516715,4.519751,3.9837255,EU EEA Common AQI,83.7,4.979657,6.927909,7200,3.8695652,100,100,63.8,3.652174,Very Low,84.3,4.949162,100,1747927800,Very Low,3.6158009,6.1831965,Very Low,5.591094,58.1,4.8985505,100,1747927800,4.5652175
2025-05-22T15:38:22Z,236,29.897,76.3,53,71.2,6,5,194,60,0.0,255,32767,0.0,2127-15-31,0.0,0.52,26.6,0.0,0.0,0.0,0,4.822265625,6,45,05:40,20:21,2025-05-22 15:38:22.381806,Città della Scienza,41.1,6.1881084,8.516715,4.519751,3.9837255,EU EEA Common AQI,83.7,4.979657,6.927909,7200,3.8695652,100,100,63.8,3.652174,Very Low,84.3,4.949162,100,1747927800,Very Low,3.6158009,6.1831965,Very Low,5.591094,58.1,4.8985505,100,1747927800,4.5652175
2025-05-22T15:38:33Z,236,29.897,76.3,53,71.2,5,5,172,60,0.0,255,32767,0.0,2127-15-31,0.0,0.52,26.6,0.0,0.0,0.0,0,4.822265625,6,45,05:40,20:21,2025-05-22 15:38:33.461752,Città della Scienza,41.1,6.1881084,8.516715,4.519751,3.9837255,EU EEA Common AQI,83.7,4.979657,6.927909,7200,3.8695652,100,100,63.8,3.652174,Very Low,84.3,4.949162,100,1747927800,Very Low,3.6158009,6.1831965,Very Low,5.591094,58.1,4.8985505,100,1747927800,4.5652175
2025-05-22T15:38:44Z,236,29.898,76.3,53,71.1,6,5,189,60,0.0,255,32767,0.0,2127-15-31,0.0,0.52,26.6,0.0,0.0,0.0,0,4.822265625,6,45,05:40,20:21,2025-05-22 15:38:44.600807,Città della Scienza,41.1,6.1881084,8.516715,4.519751,3.9837255,EU EEA Common AQI,83.7,4.979657,6.927909,7200,3.8695652,100,100,63.8,3.652174,Very Low,84.3,4.949162,100,1747927800,Very Low,3.6158009,6.1831965,Very Low,5.591094,58.1,4.8985505,100,1747927800,4.5652175
2025-05-22T15:38:55Z,236,29.898,76.3,53,71.1,6,5,198,60,0.0,255,32767,0.0,2127-15-31,0.0,0.52,26.6,0.0,0.0,0.0,0,4.822265625,6,45,05:40,20:21,2025-05-22 15:38:55.680793,Città della Scienza,41.1,6.1881084,8.516715,4.519751,3.9837255,EU EEA Common AQI,83.7,4.979657,6.927909,7200,3.8695652,100,100,63.8,3.652174,Very Low,84.3,4.949162,100,1747927800,Very Low,3.6158009,6.1831965,Very Low,5.591094,58.1,4.8985505,100,1747927800,4.5652175
2025-05-22T15:39:07Z,236,29.898,76.3,53,71.1,7,5,165,60,0.0,255,32767,0.0,2127-15-31,0.0,0.52,26.6,0.0,0.0,0.0,0,4.822265625,6,45,05:40,20:21,2025-05-22 15:39:06.828789,Città della Scienza,41.1,6.1881084,8.516715,4.519751,3.9837255,EU EEA Common AQI,83.7,4.979657,6.927909,7200,3.8695652,100,100,63.8,3.652174,Very Low,84.3,4.949162,100,1747927800,Very Low,3.6158009,6.1831965,Very Low,5.591094,58.1,4.8985505,100,1747927800,4.5652175
2025-05-22T15:39:18Z,236,29.898,76.3,53,71.1,4,5,188,60,0.0,255,32767,0.0,2127-15-31,0.0,0.52,26.6,0.0,0.0,0.0,0,4.822265625,6,45,05:40,20:21,2025-05-22 15:39:17.893790,Città della Scienza,41.1,6.1881084,8.516715,4.519751,3.9837255,EU EEA Common AQI,83.7,4.979657,6.927909,7200,3.8695652,100,100,63.8,3.652174,Very Low,84.3,4.949162,100,1747927800,Very Low,3.6158009,6.1831965,Very Low,5.591094,58.1,4.8985505,100,1747927800,4.5652175
2025-05-22T15:39:29Z,236,29.898,76.3,53,71.0,7,5,192,60,0.0,255,32767,0.0,2127-15-31,0.0,0.52,26.6,0.0,0.0,0.0,0,4.822265625,6,45,05:40,20:21,2025-05-22 15:39:28.991785,Città della Scienza,41.1,6.1881084,8.516715,4.519751,3.9837255,EU EEA Common AQI,83.7,4.979657,6.927909,7200,3.8695652,100,100,63.8,3.652174,Very Low,84.3,4.949162,100,1747927800,Very Low,3.6158009,6.1831965,Very Low,5.591094,58.1,4.8985505,100,1747927800,4.5652175
2025-05-22T15:39:40Z,236,29.898,76.3,53,71.0,9,5,190,60,0.0,255,32767,0.0,2127-15-31,0.0,0.52,26.6,0.0,0.0,0.0,0,4.822265625,6,45,05:40,20:21,2025-05-22 15:39:40.047789,Città della Scienza,41.1,6.1881084,8.516715,4.519751,3.9837255,EU EEA Common AQI,83.7,4.979657,6.927909,7200,3.8695652,100,100,63.8,3.652174,Very Low,84.3,4.949162,100,1747927800,Very Low,3.6158009,6.1831965,Very Low,5.591094,58.1,4.8985505,100,1747927800,4.5652175
2025-05-22T15:39:51Z,236,29.898,76.3,53,71.0,9,5,242,60,0.0,255,32767,0.0,2127-15-31,0.0,0.52,26.6,0.0,0.0,0.0,0,4.822265625,6,45,05:40,20:21,2025-05-22 15:39:51.145795,Città della Scienza,41.1,6.1881084,8.516715,4.519751,3.9837255,EU EEA Common AQI,83.7,4.979657,6.927909,7200,3.8695652,100,100,63.8,3.652174,Very Low,84.3,4.949162,100,1747927800,Very Low,3.6158009,6.1831965,Very Low,5.591094,58.1,4.8985505,100,1747927800,4.5652175
2025-05-22T15:40:02Z,236,29.898,76.3,53,71.0,5,5,158,60,0.0,255,32767,0.0,2127-15-31,0.0,0.52,26.6,0.0,0.0,0.0,0,4.822265625,6,45,05:40,20:21,2025-05-22 15:40:02.237788,Città della Scienza,41.1,6.1881084,8.516715,4.519751,3.9837255,EU EEA Common AQI,83.7,4.979657,6.927909,7200,3.8695652,100,100,63.8,3.652174,Very Low,84.3,4.949162,100,1747927800,Very Low,3.6158009,6.1831965,Very Low,5.591094,58.1,4.8985505,100,1747927800,4.5652175
2025-05-22T15:40:13Z,236,29.898,76.3,53,70.9,4,5,192,60,0.0,255,32767,0.0,2127-15-31,0.0,0.52,26.6,0.0,0.0,0.0,0,4.822265625,6,45,05:40,20:21,2025-05-22 15:40:13.368799,Città della Scienza,41.1,6.1881084,8.516715,4.519751,3.9837255,EU EEA Common AQI,83.7,4.979657,6.927909,7200,3.8695652,100,100,63.8,3.652174,Very Low,84.3,4.949162,100,1747927800,Very Low,3.6158009,6.1831965,Very Low,5.591094,58.1,4.8985505,100,1747927800,4.5652175
2025-05-22T15:40:24Z,236,29.898,76.3,53,70.9,6,5,175,60,0.0,255,32767,0.0,2127-15-31,0.0,0.52,26.6,0.0,0.0,0.0,0,4.822265625,6,45,05:40,20:21,2025-05-22 15:40:24.458793,Città della Scienza,41.1,6.1881084,8.516715,4.519751,3.9837255,EU EEA Common AQI,83.7,4.979657,6.927909,7200,3.8695652,100,100,63.8,3.652174,Very Low,84.3,4.949162,100,1747927800,Very Low,3.6158009,6.1831965,Very Low,5.591094,58.1,4.8985505,100,1747927800,4.5652175
2025-05-22T15:40:35Z,236,29.899,76.3,53,70.9,5,5,188,60,0.0,255,32767,0.0,2127-15-31,0.0,0.52,26.6,0.0,0.0,0.0,0,4.822265625,6,45,05:40,20:21,2025-05-22 15:40:35.516797,Città della Scienza,41.1,6.1881084,8.516715,4.519751,3.9837255,EU EEA Common AQI,83.7,4.979657,6.927909,7200,3.8695652,100,100,63.8,3.652174,Very Low,84.3,4.949162,100,1747927800,Very Low,3.6158009,6.1831965,Very Low,5.591094,58.1,4.8985505,100,1747927800,4.5652175
2025-05-22T15:40:46Z,236,29.899,76.3,53,70.9,8,5,176,60,0.0,255,32767,0.0,2127-15-31,0.0,0.52,26.6,0.0,0.0,0.0,0,4.822265625,6,45,05:40,20:21,2025-05-22 15:40:46.576794,Città della Scienza,41.1,6.1881084,8.516715,4.519751,3.9837255,EU EEA Common AQI,83.7,4.979657,6.927909,7200,3.8695652,100,100,63.8,3.652174,Very Low,84.3,4.949162,100,1747927800,Very Low,3.6158009,6.1831965,Very Low,5.591094,58.1,4.8985505,100,1747927800,4.5652175
2025-05-22T15:40:57Z,236,29.899,76.3,53,70.9,4,5,203,60,0.0,255,32767,0.0,2127-15-31,0.0,0.52,26.6,0.0,0.0,0.0,0,4.822265625,6,45,05:40,20:21,2025-05-22 15:40:57.679792,Città della Scienza,41.1,6.1881084,8.516715,4.519751,3.9837255,EU EEA Common AQI,83.7,4.979657,6.927909,7200,3.8695652,100,100,63.8,3.652174,Very Low,84.3,4.949162,100,1747927800,Very Low,3.6158009,6.1831965,Very Low,5.591094,58.1,4.8985505,100,1747927800,4.5652175
2025-05-22T15:41:08Z,236,29.899,76.3,53,70.9,3,5,124,60,0.0,255,32767,0.0,2127-15-31,0.0,0.52,26.6,0.0,0.0,0.0,0,4.822265625,6,45,05:40,20:21,2025-05-22 15:41:08.782789,Città della Scienza,41.1,6.1881084,8.516715,4.519751,3.9837255,EU EEA Common AQI,83.7,4.979657,6.927909,7200,3.8695652,100,100,63.8,3.652174,Very Low,84.3,4.949162,100,1747927800,Very Low,3.6158009,6.1831965,Very Low,5.591094,58.1,4.8985505,100,1747927800,4.5652175
2025-05-22T15:41:20Z,236,29.899,76.3,53,70.9,4,5,176,60,0.0,255,32767,0.0,2127-15-31,0.0,0.52,26.6,0.0,0.0,0.0,0,4.822265625,6,45,05:40,20:21,2025-05-22 15:41:19.849790,Città della Scienza,41.1,6.1881084,8.516715,4.519751,3.9837255,EU EEA Common AQI,83.7,4.979657,6.927909,7200,3.8695652,100,100,63.8,3.652174,Very Low,84.3,4.949162,100,1747927800,Very Low,3.6158009,6.1831965,Very Low,5.591094,58.1,4.8985505,100,1747927800,4.5652175
2025-05-22T15:41:31Z,236,29.899,76.3,53,70.9,4,5,192,60,0.0,255,32767,0.0,2127-15-31,0.0,0.52,26.6,0.0,0.0,0.0,0,4.822265625,6,45,05:40,20:21,2025-05-22 15:41:30.977786,Città della Scienza,41.1,6.1881084,8.516715,4.519751,3.9837255,EU EEA Common AQI,83.7,4.979657,6.927909,7200,3.8695652,100,100,63.8,3.652174,Very Low,84.3,4.949162,100,1747927800,Very Low,3.6158009,6.1831965,Very Low,5.591094,58.1,4.8985505,100,1747927800,4.5652175
2025-05-22T15:41:42Z,236,29.9,76.3,53,70.9,5,5,213,60,0.0,255,32767,0.0,2127-15-31,0.0,0.52,26.6,0.0,0.0,0.0,0,4.822265625,6,45,05:40,20:21,2025-05-22 15:41:42.094785,Città della Scienza,41.1,6.1881084,8.516715,4.519751,3.9837255,EU EEA Common AQI,83.7,4.979657,6.927909,7200,3.8695652,100,100,63.8,3.652174,Very Low,84.3,4.949162,100,1747927800,Very Low,3.6158009,6.1831965,Very Low,5.591094,58.1,4.8985505,100,1747927800,4.5652175
2025-05-22T15:41:53Z,236,29.9,76.3,53,70.9,7,5,181,60,0.0,255,32767,0.0,2127-15-31,0.0,0.52,26.6,0.0,0.0,0.0,0,4.822265625,6,45,05:40,20:21,2025-05-22 15:41:53.193800,Città della Scienza,41.1,6.1881084,8.516715,4.519751,3.9837255,EU EEA Common AQI,83.7,4.979657,6.927909,7200,3.8695652,100,100,63.8,3.652174,Very Low,84.3,4.949162,100,1747927800,Very Low,3.6158009,6.1831965,Very Low,5.591094,58.1,4.8985505,100,1747927800,4.5652175
2025-05-22T15:42:04Z,236,29.9,76.3,53,70.9,6,5,175,60,0.0,255,32767,0.0,2127-15-31,0.0,0.52,26.6,0.0,0.0,0.0,0,4.822265625,6,45,05:40,20:21,2025-05-22 15:42:04.268751,Città della Scienza,41.1,6.1881084,8.516715,4.519751,3.9837255,EU EEA Common AQI,83.7,4.979657,6.927909,7200,3.8695652,100,100,63.8,3.652174,Very Low,84.3,4.949162,100,1747927800,Very Low,3.6158009,6.1831965,Very Low,5.591094,58.1,4.8985505,100,1747927800,4.5652175
2025-05-22T15:42:15Z,236,29.9,76.3,53,70.9,7,5,173,60,0.0,255,32767,0.0,2127-15-31,0.0,0.52,26.6,0.0,0.0,0.0,0,4.822265625,6,45,05:40,20:21,2025-05-22 15:42:15.379796,Città della Scienza,41.1,6.1881084,8.516715,4.519751,3.9837255,EU EEA Common AQI,83.7,4.979657,6.927909,7200,3.8695652,100,100,63.8,3.652174,Very Low,84.3,4.949162,100,1747927800,Very Low,3.6158009,6.1831965,Very Low,5.591094,58.1,4.8985505,100,1747927800,4.5652175
2025-05-22T15:42:26Z,236,29.9,76.3,53,70.9,4,5,261,60,0.0,255,32767,0.0,2127-15-31,0.0,0.52,26.6,0.0,0.0,0.0,0,4.822265625,6,45,05:40,20:21,2025-05-22 15:42:26.496790,Città della Scienza,41.1,6.1881084,8.516715,4.519751,3.9837255,EU EEA Common AQI,83.7,4.979657,6.927909,7200,3.8695652,100,100,63.8,3.652174,Very Low,84.3,4.949162,100,1747927800,Very Low,3.6158009,6.1831965,Very Low,5.591094,58.1,4.8985505,100,1747927800,4.5652175
2025-05-22T15:42:37Z,236,29.897,76.3,53,70.9,5,5,181,60,0.0,255,32767,0.0,2127-15-31,0.0,0.52,26.6,0.0,0.0,0.0,0,4.822265625,6,45,05:40,20:21,2025-05-22 15:42:37.564786,Città della Scienza,41.1,6.1881084,8.516715,4.519751,3.9837255,EU EEA Common AQI,83.7,4.979657,6.927909,7200,3.8695652,100,100,63.8,3.652174,Very Low,84.3,4.949162,100,1747927800,Very Low,3.6158009,6.1831965,Very Low,5.591094,58.1,4.8985505,100,1747927800,4.5652175
2025-05-22T15:42:48Z,236,29.897,76.3,53,70.9,10,5,163,60,0.0,255,32767,0.0,2127-15-31,0.0,0.52,26.6,0.0,0.0,0.0,0,4.822265625,6,45,05:40,20:21,2025-05-22 15:42:48.687801,Città della Scienza,41.1,6.1881084,8.516715,4.519751,3.9837255,EU EEA Common AQI,83.7,4.979657,6.927909,7200,3.8695652,100,100,63.8,3.652174,Very Low,84.3,4.949162,100,1747927800,Very Low,3.6158009,6.1831965,Very Low,5.591094,58.1,4.8985505,100,1747927800,4.5652175
2025-05-22T15:42:59Z,236,29.897,76.3,53,70.9,8,5,192,60,0.0,255,32767,0.0,2127-15-31,0.0,0.52,26.6,0.0,0.0,0.0,0,4.822265625,6,45,05:40,20:21,2025-05-22 15:42:59.747795,Città della Scienza,41.1,6.1881084,8.516715,4.519751,3.9837255,EU EEA Common AQI,83.7,4.979657,6.927909,7200,3.8695652,100,100,63.8,3.652174,Very Low,84.3,4.949162,100,1747927800,Very Low,3.6158009,6.1831965,Very Low,5.591094,58.1,4.8985505,100,1747927800,4.5652175
2025-05-22T15:43:11Z,236,29.897,76.3,53,70.9,7,5,186,60,0.0,255,32767,0.0,2127-15-31,0.0,0.52,26.6,0.0,0.0,0.0,0,4.822265625,6,45,05:40,20:21,2025-05-22 15:43:10.827807,Città della Scienza,41.1,6.1881084,8.516715,4.519751,3.9837255,EU EEA Common AQI,83.7,4.979657,6.927909,7200,3.8695652,100,100,63.8,3.652174,Very Low,84.3,4.949162,100,1747927800,Very Low,3.6158009,6.1831965,Very Low,5.591094,58.1,4.8985505,100,1747927800,4.5652175
2025-05-22T15:43:22Z,236,29.897,76.3,53,70.9,8,5,243,60,0.0,255,32767,0.0,2127-15-31,0.0,0.52,26.6,0.0,0.0,0.0,0,4.822265625,6,45,05:40,20:21,2025-05-22 15:43:21.912796,Città della Scienza,41.1,6.1881084,8.516715,4.519751,3.9837255,EU EEA Common AQI,83.7,4.979657,6.927909,7200,3.8695652,100,100,63.8,3.652174,Very Low,84.3,4.949162,100,1747927800,Very Low,3.6158009,6.1831965,Very Low,5.591094,58.1,4.8985505,100,1747927800,4.5652175
2025-05-22T15:43:33Z,236,29.897,76.3,53,70.9,7,5,163,60,0.0,255,32767,0.0,2127-15-31,0.0,0.52,26.6,0.0,0.0,0.0,0,4.822265625,6,45,05:40,20:21,2025-05-22 15:43:33.039787,Città della Scienza,41.1,6.1881084,8.516715,4.519751,3.9837255,EU EEA Common AQI,83.7,4.979657,6.927909,7200,3.8695652,100,100,63.8,3.652174,Very Low,84.3,4.949162,100,1747927800,Very Low,3.6158009,6.1831965,Very Low,5.591094,58.1,4.8985505,100,1747927800,4.5652175
2025-05-22T15:43:44Z,236,29.899,76.2,53,70.9,8,5,188,61,0.0,255,32767,0.0,2127-15-31,0.0,0.52,26.6,0.0,0.0,0.0,0,4.822265625,6,45,05:40,20:21,2025-05-22 15:43:44.097795,Città della Scienza,41.1,6.1881084,8.516715,4.519751,3.9837255,EU EEA Common AQI,83.7,4.979657,6.927909,7200,3.8695652,100,100,63.8,3.652174,Very Low,84.3,4.949162,100,1747927800,Very Low,3.6158009,6.1831965,Very Low,5.591094,58.1,4.8985505,100,1747927800,4.5652175
2025-05-22T15:43:55Z,236,29.899,76.2,53,70.9,8,5,211,61,0.0,255,32767,0.0,2127-15-31,0.0,0.52,26.6,0.0,0.0,0.0,0,4.822265625,6,45,05:40,20:21,2025-05-22 15:43:55.124800,Città della Scienza,41.1,6.1881084,8.516715,4.519751,3.9837255,EU EEA Common AQI,83.7,4.979657,6.927909,7200,3.8695652,100,100,63.8,3.652174,Very Low,84.3,4.949162,100,1747927800,Very Low,3.6158009,6.1831965,Very Low,5.591094,58.1,4.8985505,100,1747927800,4.5652175
2025-05-22T15:44:06Z,236,29.899,76.2,53,70.8,6,5,199,61,0.0,255,32767,0.0,2127-15-31,0.0,0.52,26.6,0.0,0.0,0.0,0,4.822265625,6,45,05:40,20:21,2025-05-22 15:44:06.247786,Città della Scienza,41.1,6.1881084,8.516715,4.519751,3.9837255,EU EEA Common AQI,83.7,4.979657,6.927909,7200,3.8695652,100,100,63.8,3.652174,Very Low,84.3,4.949162,100,1747927800,Very Low,3.6158009,6.1831965,Very Low,5.591094,58.1,4.8985505,100,1747927800,4.5652175
2025-05-22T15:44:17Z,236,29.899,76.2,53,70.9,6,5,204,61,0.0,255,32767,0.0,2127-15-31,0.0,0.52,26.6,0.0,0.0,0.0,0,4.822265625,6,45,05:40,20:21,2025-05-22 15:44:17.344790,Città della Scienza,41.1,6.1881084,8.516715,4.519751,3.9837255,EU EEA Common AQI,83.7,4.979657,6.927909,7200,3.8695652,100,100,63.8,3.652174,Very Low,84.3,4.949162,100,1747927800,Very Low,3.6158009,6.1831965,Very Low,5.591094,58.1,4.8985505,100,1747927800,4.5652175
2025-05-22T15:44:28Z,236,29.899,76.2,53,70.9,5,5,181,61,0.0,255,32767,0.0,2127-15-31,0.0,0.52,26.6,0.0,0.0,0.0,0,4.822265625,6,45,05:40,20:21,2025-05-22 15:44:28.445752,Città della Scienza,41.1,6.1881084,8.516715,4.519751,3.9837255,EU EEA Common AQI,83.7,4.979657,6.927909,7200,3.8695652,100,100,63.8,3.652174,Very Low,84.3,4.949162,100,1747927800,Very Low,3.6158009,6.1831965,Very Low,5.591094,58.1,4.8985505,100,1747927800,4.5652175
2025-05-22T15:44:39Z,236,29.897,76.3,53,70.7,2,6,194,60,0.0,255,32767,0.0,2127-15-31,0.0,0.52,26.6,0.0,0.0,0.0,0,4.822265625,6,45,05:40,20:21,2025-05-22 15:44:39.543795,Città della Scienza,41.1,6.1881084,8.516715,4.519751,3.9837255,EU EEA Common AQI,83.7,4.979657,6.927909,7200,3.8695652,100,100,63.8,3.652174,Very Low,84.3,4.949162,100,1747927800,Very Low,3.6158009,6.1831965,Very Low,5.591094,58.1,4.8985505,100,1747927800,4.5652175
2025-05-22T15:44:50Z,236,29.897,76.3,53,70.8,7,6,188,60,0.0,255,32767,0.0,2127-15-31,0.0,0.52,26.6,0.0,0.0,0.0,0,4.822265625,6,45,05:40,20:21,2025-05-22 15:44:50.599801,Città della Scienza,41.1,6.1881084,8.516715,4.519751,3.9837255,EU EEA Common AQI,83.7,4.979657,6.927909,7200,3.8695652,100,100,63.8,3.652174,Very Low,84.3,4.949162,100,1747927800,Very Low,3.6158009,6.1831965,Very Low,5.591094,58.1,4.8985505,100,1747927800,4.5652175
2025-05-22T15:45:01Z,236,29.897,76.3,53,70.8,8,6,183,60,0.0,255,32767,0.0,2127-15-31,0.0,0.52,26.6,0.0,0.0,0.0,0,4.822265625,6,45,05:40,20:21,2025-05-22 15:45:01.682800,Città della Scienza,41.1,6.1881084,8.516715,4.519751,3.9837255,EU EEA Common AQI,83.7,4.979657,6.927909,7200,3.8695652,100,100,63.8,3.652174,Very Low,84.3,4.949162,100,1747927800,Very Low,3.6158009,6.1831965,Very Low,5.591094,58.1,4.8985505,100,1747927800,4.5652175
2025-05-22T15:45:12Z,236,29.897,76.3,53,70.8,8,6,215,60,0.0,255,32767,0.0,2127-15-31,0.0,0.52,26.6,0.0,0.0,0.0,0,4.822265625,6,45,05:40,20:21,2025-05-22 15:45:12.749791,Città della Scienza,41.1,6.1881084,8.516715,4.519751,3.9837255,EU EEA Common AQI,83.7,4.979657,6.927909,7200,3.8695652,100,100,63.8,3.652174,Very Low,84.3,4.949162,100,1747927800,Very Low,3.6158009,6.1831965,Very Low,5.591094,58.1,4.8985505,100,1747927800,4.5652175
2025-05-22T15:45:24Z,236,29.897,76.3,53,70.7,7,6,223,61,0.0,255,32767,0.0,2127-15-31,0.0,0.52,26.6,0.0,0.0,0.0,0,4.822265625,6,45,05:40,20:21,2025-05-22 15:45:23.853803,Città della Scienza,41.1,6.1881084,8.516715,4.519751,3.9837255,EU EEA Common AQI,83.7,4.979657,6.927909,7200,3.8695652,100,100,63.8,3.652174,Very Low,84.3,4.949162,100,1747927800,Very Low,3.6158009,6.1831965,Very Low,5.591094,58.1,4.8985505,100,1747927800,4.5652175
2025-05-22T15:45:35Z,236,29.899,76.3,53,70.7,5,6,195,61,0.0,255,32767,0.0,2127-15-31,0.0,0.52,26.6,0.0,0.0,0.0,0,4.822265625,6,45,05:40,20:21,2025-05-22 15:45:34.945781,Città della Scienza,42.5,5.974942,8.4996,4.2832174,3.8653953,EU EEA Common AQI,82.7,4.831744,6.927071,7200,3.6142857,100,100,63.7,3.12,Very Low,83.2,4.8070383,100,1747928700,Very Low,3.4265735,5.971299,Very Low,5.2978215,58.1,4.1285715,100,1747928700,3.9
2025-05-22T15:45:46Z,236,29.899,76.3,53,70.7,4,6,213,61,0.0,255,32767,0.0,2127-15-31,0.0,0.52,26.6,0.0,0.0,0.0,0,4.822265625,6,45,05:40,20:21,2025-05-22 15:45:46.027792,Città della Scienza,42.5,5.974942,8.4996,4.2832174,3.8653953,EU EEA Common AQI,82.7,4.831744,6.927071,7200,3.6142857,100,100,63.7,3.12,Very Low,83.2,4.8070383,100,1747928700,Very Low,3.4265735,5.971299,Very Low,5.2978215,58.1,4.1285715,100,1747928700,3.9
2025-05-22T15:45:57Z,236,29.899,76.3,53,70.7,5,6,167,61,0.0,255,32767,0.0,2127-15-31,0.0,0.52,26.6,0.0,0.0,0.0,0,4.822265625,6,45,05:40,20:21,2025-05-22 15:45:57.119806,Città della Scienza,42.5,5.974942,8.4996,4.2832174,3.8653953,EU EEA Common AQI,82.7,4.831744,6.927071,7200,3.6142857,100,100,63.7,3.12,Very Low,83.2,4.8070383,100,1747928700,Very Low,3.4265735,5.971299,Very Low,5.2978215,58.1,4.1285715,100,1747928700,3.9
2025-05-22T15:46:08Z,236,29.899,76.3,53,70.7,2,6,171,61,0.0,255,32767,0.0,2127-15-31,0.0,0.52,26.6,0.0,0.0,0.0,0,4.822265625,6,45,05:40,20:21,2025-05-22 15:46:08.218790,Città della Scienza,42.5,5.974942,8.4996,4.2832174,3.8653953,EU EEA Common AQI,82.7,4.831744,6.927071,7200,3.6142857,100,100,63.7,3.12,Very Low,83.2,4.8070383,100,1747928700,Very Low,3.4265735,5.971299,Very Low,5.2978215,58.1,4.1285715,100,1747928700,3.9
2025-05-22T15:46:19Z,236,29.899,76.3,53,70.6,2,6,165,62,0.0,255,32767,0.0,2127-15-31,0.0,0.52,26.6,0.0,0.0,0.0,0,4.822265625,6,45,05:40,20:21,2025-05-22 15:46:19.280785,Città della Scienza,42.5,5.974942,8.4996,4.2832174,3.8653953,EU EEA Common AQI,82.7,4.831744,6.927071,7200,3.6142857,100,100,63.7,3.12,Very Low,83.2,4.8070383,100,1747928700,Very Low,3.4265735,5.971299,Very Low,5.2978215,58.1,4.1285715,100,1747928700,3.9
2025-05-22T15:46:30Z,236,29.899,76.3,53,70.7,4,6,165,62,0.0,255,32767,0.0,2127-15-31,0.0,0.52,26.6,0.0,0.0,0.0,0,4.822265625,6,45,05:40,20:21,2025-05-22 15:46:30.378797,Città della Scienza,42.5,5.974942,8.4996,4.2832174,3.8653953,EU EEA Common AQI,82.7,4.831744,6.927071,7200,3.6142857,100,100,63.7,3.12,Very Low,83.2,4.8070383,100,1747928700,Very Low,3.4265735,5.971299,Very Low,5.2978215,58.1,4.1285715,100,1747928700,3.9
2025-05-22T15:46:41Z,236,29.896,76.3,53,70.6,4,6,161,62,0.0,255,32767,0.0,2127-15-31,0.0,0.52,26.6,0.0,0.0,0.0,0,4.822265625,6,45,05:40,20:21,2025-05-22 15:46:41.506791,Città della Scienza,42.5,5.974942,8.4996,4.2832174,3.8653953,EU EEA Common AQI,82.7,4.831744,6.927071,7200,3.6142857,100,100,63.7,3.12,Very Low,83.2,4.8070383,100,1747928700,Very Low,3.4265735,5.971299,Very Low,5.2978215,58.1,4.1285715,100,1747928700,3.9
2025-05-22T15:46:52Z,236,29.896,76.3,53,70.6,4,6,155,62,0.0,255,32767,0.0,2127-15-31,0.0,0.52,26.6,0.0,0.0,0.0,0,4.822265625,6,45,05:40,20:21,2025-05-22 15:46:52.690797,Città della Scienza,42.5,5.974942,8.4996,4.2832174,3.8653953,EU EEA Common AQI,82.7,4.831744,6.927071,7200,3.6142857,100,100,63.7,3.12,Very Low,83.2,4.8070383,100,1747928700,Very Low,3.4265735,5.971299,Very Low,5.2978215,58.1,4.1285715,100,1747928700,3.9
2025-05-22T15:47:03Z,236,29.896,76.3,53,70.6,5,6,191,62,0.0,255,32767,0.0,2127-15-31,0.0,0.52,26.6,0.0,0.0,0.0,0,4.822265625,6,45,05:40,20:21,2025-05-22 15:47:03.734791,Città della Scienza,42.5,5.974942,8.4996,4.2832174,3.8653953,EU EEA Common AQI,82.7,4.831744,6.927071,7200,3.6142857,100,100,63.7,3.12,Very Low,83.2,4.8070383,100,1747928700,Very Low,3.4265735,5.971299,Very Low,5.2978215,58.1,4.1285715,100,1747928700,3.9
2025-05-22T15:47:15Z,236,29.896,76.3,53,70.6,5,6,246,62,0.0,255,32767,0.0,2127-15-31,0.0,0.52,26.6,0.0,0.0,0.0,0,4.822265625,6,45,05:40,20:21,2025-05-22 15:47:14.815787,Città della Scienza,42.5,5.974942,8.4996,4.2832174,3.8653953,EU EEA Common AQI,82.7,4.831744,6.927071,7200,3.6142857,100,100,63.7,3.12,Very Low,83.2,4.8070383,100,1747928700,Very Low,3.4265735,5.971299,Very Low,5.2978215,58.1,4.1285715,100,1747928700,3.9
2025-05-22T15:47:26Z,236,29.896,76.3,53,70.6,5,6,174,62,0.0,255,32767,0.0,2127-15-31,0.0,0.52,26.6,0.0,0.0,0.0,0,4.822265625,6,45,05:40,20:21,2025-05-22 15:47:25.928797,Città della Scienza,42.5,5.974942,8.4996,4.2832174,3.8653953,EU EEA Common AQI,82.7,4.831744,6.927071,7200,3.6142857,100,100,63.7,3.12,Very Low,83.2,4.8070383,100,1747928700,Very Low,3.4265735,5.971299,Very Low,5.2978215,58.1,4.1285715,100,1747928700,3.9
2025-05-22T15:47:37Z,236,29.897,76.2,53,70.6,4,6,170,62,0.0,255,32767,0.0,2127-15-31,0.0,0.52,26.6,0.0,0.0,0.0,0,4.822265625,6,45,05:40,20:21,2025-05-22 15:47:37.020791,Città della Scienza,42.5,5.974942,8.4996,4.2832174,3.8653953,EU EEA Common AQI,82.7,4.831744,6.927071,7200,3.6142857,100,100,63.7,3.12,Very Low,83.2,4.8070383,100,1747928700,Very Low,3.4265735,5.971299,Very Low,5.2978215,58.1,4.1285715,100,1747928700,3.9
2025-05-22T15:47:48Z,236,29.897,76.2,53,70.6,7,6,186,62,0.0,255,32767,0.0,2127-15-31,0.0,0.52,26.6,0.0,0.0,0.0,0,4.822265625,6,45,05:40,20:21,2025-05-22 15:47:48.129800,Città della Scienza,42.5,5.974942,8.4996,4.2832174,3.8653953,EU EEA Common AQI,82.7,4.831744,6.927071,7200,3.6142857,100,100,63.7,3.12,Very Low,83.2,4.8070383,100,1747928700,Very Low,3.4265735,5.971299,Very Low,5.2978215,58.1,4.1285715,100,1747928700,3.9
2025-05-22T15:47:59Z,236,29.897,76.2,53,70.6,5,6,234,61,0.0,255,32767,0.0,2127-15-31,0.0,0.52,26.6,0.0,0.0,0.0,0,4.822265625,6,45,05:40,20:21,2025-05-22 15:47:59.221791,Città della Scienza,42.5,5.974942,8.4996,4.2832174,3.8653953,EU EEA Common AQI,82.7,4.831744,6.927071,7200,3.6142857,100,100,63.7,3.12,Very Low,83.2,4.8070383,100,1747928700,Very Low,3.4265735,5.971299,Very Low,5.2978215,58.1,4.1285715,100,1747928700,3.9
2025-05-22T15:48:10Z,236,29.897,76.2,53,70.6,6,6,202,61,0.0,255,32767,0.0,2127-15-31,0.0,0.52,26.6,0.0,0.0,0.0,0,4.822265625,6,45,05:40,20:21,2025-05-22 15:48:10.264787,Città della Scienza,42.5,5.974942,8.4996,4.2832174,3.8653953,EU EEA Common AQI,82.7,4.831744,6.927071,7200,3.6142857,100,100,63.7,3.12,Very Low,83.2,4.8070383,100,1747928700,Very Low,3.4265735,5.971299,Very Low,5.2978215,58.1,4.1285715,100,1747928700,3.9
2025-05-22T15:48:21Z,236,29.897,76.2,53,70.6,5,6,190,61,0.0,255,32767,0.0,2127-15-31,0.0,0.52,26.6,0.0,0.0,0.0,0,4.822265625,6,45,05:40,20:21,2025-05-22 15:48:21.355794,Città della Scienza,42.5,5.974942,8.4996,4.2832174,3.8653953,EU EEA Common AQI,82.7,4.831744,6.927071,7200,3.6142857,100,100,63.7,3.12,Very Low,83.2,4.8070383,100,1747928700,Very Low,3.4265735,5.971299,Very Low,5.2978215,58.1,4.1285715,100,1747928700,3.9
2025-05-22T15:48:32Z,236,29.897,76.2,53,70.6,7,6,232,61,0.0,255,32767,0.0,2127-15-31,0.0,0.52,26.6,0.0,0.0,0.0,0,4.822265625,6,45,05:40,20:21,2025-05-22 15:48:32.381795,Città della Scienza,42.5,5.974942,8.4996,4.2832174,3.8653953,EU EEA Common AQI,82.7,4.831744,6.927071,7200,3.6142857,100,100,63.7,3.12,Very Low,83.2,4.8070383,100,1747928700,Very Low,3.4265735,5.971299,Very Low,5.2978215,58.1,4.1285715,100,1747928700,3.9
2025-05-22T15:48:43Z,236,29.896,76.3,53,70.6,5,6,197,61,0.0,255,32767,0.0,2127-15-31,0.0,0.52,26.6,0.0,0.0,0.0,0,4.822265625,6,45,05:40,20:21,2025-05-22 15:48:43.447787,Città della Scienza,42.5,5.974942,8.4996,4.2832174,3.8653953,EU EEA Common AQI,82.7,4.831744,6.927071,7200,3.6142857,100,100,63.7,3.12,Very Low,83.2,4.8070383,100,1747928700,Very Low,3.4265735,5.971299,Very Low,5.2978215,58.1,4.1285715,100,1747928700,3.9
2025-05-22T15:48:54Z,236,29.896,76.3,53,70.6,3,6,201,61,0.0,255,32767,0.0,2127-15-31,0.0,0.52,26.6,0.0,0.0,0.0,0,4.822265625,6,45,05:40,20:21,2025-05-22 15:48:54.545790,Città della Scienza,42.5,5.974942,8.4996,4.2832174,3.8653953,EU EEA Common AQI,82.7,4.831744,6.927071,7200,3.6142857,100,100,63.7,3.12,Very Low,83.2,4.8070383,100,1747928700,Very Low,3.4265735,5.971299,Very Low,5.2978215,58.1,4.1285715,100,1747928700,3.9
2025-05-22T15:49:05Z,236,29.896,76.3,53,70.6,2,6,236,61,0.0,255,32767,0.0,2127-15-31,0.0,0.52,26.6,0.0,0.0,0.0,0,4.822265625,6,45,05:40,20:21,2025-05-22 15:49:05.710804,Città della Scienza,42.5,5.974942,8.4996,4.2832174,3.8653953,EU EEA Common AQI,82.7,4.831744,6.927071,7200,3.6142857,100,100,63.7,3.12,Very Low,83.2,4.8070383,100,1747928700,Very Low,3.4265735,5.971299,Very Low,5.2978215,58.1,4.1285715,100,1747928700,3.9
2025-05-22T15:49:17Z,236,29.896,76.3,53,70.5,5,6,224,61,0.0,255,32767,0.0,2127-15-31,0.0,0.52,26.6,0.0,0.0,0.0,0,4.822265625,6,45,05:40,20:21,2025-05-22 15:49:17.039796,Città della Scienza,42.5,5.974942,8.4996,4.2832174,3.8653953,EU EEA Common AQI,82.7,4.831744,6.927071,7200,3.6142857,100,100,63.7,3.12,Very Low,83.2,4.8070383,100,1747928700,Very Low,3.4265735,5.971299,Very Low,5.2978215,58.1,4.1285715,100,1747928700,3.9
2025-05-22T15:49:28Z,236,29.896,76.3,53,70.6,4,6,234,61,0.0,255,32767,0.0,2127-15-31,0.0,0.52,26.6,0.0,0.0,0.0,0,4.822265625,6,45,05:40,20:21,2025-05-22 15:49:28.122793,Città della Scienza,42.5,5.974942,8.4996,4.2832174,3.8653953,EU EEA Common AQI,82.7,4.831744,6.927071,7200,3.6142857,100,100,63.7,3.12,Very Low,83.2,4.8070383,100,1747928700,Very Low,3.4265735,5.971299,Very Low,5.2978215,58.1,4.1285715,100,1747928700,3.9
2025-05-22T15:49:39Z,236,29.897,76.2,53,70.5,2,6,192,61,0.0,255,32767,0.0,2127-15-31,0.0,0.52,26.6,0.0,0.0,0.0,0,4.822265625,6,45,05:40,20:21,2025-05-22 15:49:39.204796,Città della Scienza,42.5,5.974942,8.4996,4.2832174,3.8653953,EU EEA Common AQI,82.7,4.831744,6.927071,7200,3.6142857,100,100,63.7,3.12,Very Low,83.2,4.8070383,100,1747928700,Very Low,3.4265735,5.971299,Very Low,5.2978215,58.1,4.1285715,100,1747928700,3.9
2025-05-22T15:49:50Z,236,29.897,76.2,53,70.5,8,6,186,61,0.0,255,32767,0.0,2127-15-31,0.0,0.52,26.6,0.0,0.0,0.0,0,4.822265625,6,45,05:40,20:21,2025-05-22 15:49:50.282791,Città della Scienza,42.5,5.974942,8.4996,4.2832174,3.8653953,EU EEA Common AQI,82.7,4.831744,6.927071,7200,3.6142857,100,100,63.7,3.12,Very Low,83.2,4.8070383,100,1747928700,Very Low,3.4265735,5.971299,Very Low,5.2978215,58.1,4.1285715,100,1747928700,3.9
2025-05-22T15:50:01Z,236,29.897,76.2,53,70.5,7,6,182,61,0.0,255,32767,0.0,2127-15-31,0.0,0.52,26.6,0.0,0.0,0.0,0,4.822265625,6,45,05:40,20:21,2025-05-22 15:50:01.381802,Città della Scienza,42.5,5.974942,8.4996,4.2832174,3.8653953,EU EEA Common AQI,82.7,4.831744,6.927071,7200,3.6142857,100,100,63.7,3.12,Very Low,83.2,4.8070383,100,1747928700,Very Low,3.4265735,5.971299,Very Low,5.2978215,58.1,4.1285715,100,1747928700,3.9
2025-05-22T15:50:12Z,236,29.897,76.2,53,70.5,4,6,171,61,0.0,255,32767,0.0,2127-15-31,0.0,0.52,26.6,0.0,0.0,0.0,0,4.822265625,6,45,05:40,20:21,2025-05-22 15:50:12.423787,Città della Scienza,42.5,5.974942,8.4996,4.2832174,3.8653953,EU EEA Common AQI,82.7,4.831744,6.927071,7200,3.6142857,100,100,63.7,3.12,Very Low,83.2,4.8070383,100,1747928700,Very Low,3.4265735,5.971299,Very Low,5.2978215,58.1,4.1285715,100,1747928700,3.9
2025-05-22T15:50:23Z,236,29.897,76.2,53,70.4,7,6,203,61,0.0,255,32767,0.0,2127-15-31,0.0,0.52,26.6,0.0,0.0,0.0,0,4.822265625,6,45,05:40,20:21,2025-05-22 15:50:23.531803,Città della Scienza,42.5,5.974942,8.4996,4.2832174,3.8653953,EU EEA Common AQI,82.7,4.831744,6.927071,7200,3.6142857,100,100,63.7,3.12,Very Low,83.2,4.8070383,100,1747928700,Very Low,3.4265735,5.971299,Very Low,5.2978215,58.1,4.1285715,100,1747928700,3.9
2025-05-22T15:50:34Z,236,29.897,76.2,53,70.4,8,6,180,61,0.0,255,32767,0.0,2127-15-31,0.0,0.52,26.6,0.0,0.0,0.0,0,4.822265625,6,45,05:40,20:21,2025-05-22 15:50:34.607804,Città della Scienza,42.5,5.974942,8.4996,4.2832174,3.8653953,EU EEA Common AQI,82.7,4.831744,6.927071,7200,3.6142857,100,100,63.7,3.12,Very Low,83.2,4.8070383,100,1747928700,Very Low,3.4265735,5.971299,Very Low,5.2978215,58.1,4.1285715,100,1747928700,3.9
2025-05-22T15:50:45Z,236,29.897,76.2,53,70.4,7,6,198,61,0.0,255,32767,0.0,2127-15-31,0.0,0.52,26.6,0.0,0.0,0.0,0,4.822265625,6,45,05:40,20:21,2025-05-22 15:50:45.679797,Città della Scienza,42.5,5.974942,8.4996,4.2832174,3.8653953,EU EEA Common AQI,82.7,4.831744,6.927071,7200,3.6142857,100,100,63.7,3.12,Very Low,83.2,4.8070383,100,1747928700,Very Low,3.4265735,5.971299,Very Low,5.2978215,58.1,4.1285715,100,1747928700,3.9
2025-05-22T15:50:56Z,236,29.897,76.2,53,70.4,6,6,201,61,0.0,255,32767,0.0,2127-15-31,0.0,0.52,26.6,0.0,0.0,0.0,0,4.822265625,6,45,05:40,20:21,2025-05-22 15:50:56.786800,Città della Scienza,42.5,5.974942,8.4996,4.2832174,3.8653953,EU EEA Common AQI,82.7,4.831744,6.927071,7200,3.6142857,100,100,63.7,3.12,Very Low,83.2,4.8070383,100,1747928700,Very Low,3.4265735,5.971299,Very Low,5.2978215,58.1,4.1285715,100,1747928700,3.9
2025-05-22T15:51:08Z,236,29.897,76.2,53,70.4,5,6,190,61,0.0,255,32767,0.0,2127-15-31,0.0,0.52,26.6,0.0,0.0,0.0,0,4.822265625,6,45,05:40,20:21,2025-05-22 15:51:07.836785,Città della Scienza,42.5,5.974942,8.4996,4.2832174,3.8653953,EU EEA Common AQI,82.7,4.831744,6.927071,7200,3.6142857,100,100,63.7,3.12,Very Low,83.2,4.8070383,100,1747928700,Very Low,3.4265735,5.971299,Very Low,5.2978215,58.1,4.1285715,100,1747928700,3.9
2025-05-22T15:51:19Z,236,29.897,76.2,53,70.4,3,6,217,61,0.0,255,32767,0.0,2127-15-31,0.0,0.52,26.6,0.0,0.0,0.0,0,4.822265625,6,45,05:40,20:21,2025-05-22 15:51:18.933758,Città della Scienza,42.5,5.974942,8.4996,4.2832174,3.8653953,EU EEA Common AQI,82.7,4.831744,6.927071,7200,3.6142857,100,100,63.7,3.12,Very Low,83.2,4.8070383,100,1747928700,Very Low,3.4265735,5.971299,Very Low,5.2978215,58.1,4.1285715,100,1747928700,3.9
2025-05-22T15:51:30Z,236,29.897,76.2,53,70.4,3,6,183,61,0.0,255,32767,0.0,2127-15-31,0.0,0.52,26.6,0.0,0.0,0.0,0,4.822265625,6,45,05:40,20:21,2025-05-22 15:51:30.003789,Città della Scienza,42.5,5.974942,8.4996,4.2832174,3.8653953,EU EEA Common AQI,82.7,4.831744,6.927071,7200,3.6142857,100,100,63.7,3.12,Very Low,83.2,4.8070383,100,1747928700,Very Low,3.4265735,5.971299,Very Low,5.2978215,58.1,4.1285715,100,1747928700,3.9
2025-05-22T15:51:41Z,236,29.897,76.2,53,70.4,5,6,182,61,0.0,255,32767,0.0,2127-15-31,0.0,0.52,26.6,0.0,0.0,0.0,0,4.822265625,6,45,05:40,20:21,2025-05-22 15:51:41.144792,Città della Scienza,42.5,5.974942,8.4996,4.2832174,3.8653953,EU EEA Common AQI,82.7,4.831744,6.927071,7200,3.6142857,100,100,63.7,3.12,Very Low,83.2,4.8070383,100,1747928700,Very Low,3.4265735,5.971299,Very Low,5.2978215,58.1,4.1285715,100,1747928700,3.9
2025-05-22T15:51:52Z,236,29.897,76.2,53,70.4,2,6,184,61,0.0,255,32767,0.0,2127-15-31,0.0,0.52,26.6,0.0,0.0,0.0,0,4.822265625,6,45,05:40,20:21,2025-05-22 15:51:52.216794,Città della Scienza,42.5,5.974942,8.4996,4.2832174,3.8653953,EU EEA Common AQI,82.7,4.831744,6.927071,7200,3.6142857,100,100,63.7,3.12,Very Low,83.2,4.8070383,100,1747928700,Very Low,3.4265735,5.971299,Very Low,5.2978215,58.1,4.1285715,100,1747928700,3.9
2025-05-22T15:52:03Z,236,29.897,76.2,53,70.4,5,6,186,61,0.0,255,32767,0.0,2127-15-31,0.0,0.52,26.6,0.0,0.0,0.0,0,4.822265625,6,45,05:40,20:21,2025-05-22 15:52:03.305798,Città della Scienza,42.5,5.974942,8.4996,4.2832174,3.8653953,EU EEA Common AQI,82.7,4.831744,6.927071,7200,3.6142857,100,100,63.7,3.12,Very Low,83.2,4.8070383,100,1747928700,Very Low,3.4265735,5.971299,Very Low,5.2978215,58.1,4.1285715,100,1747928700,3.9
2025-05-22T15:52:14Z,236,29.897,76.2,53,70.4,7,6,194,61,0.0,255,32767,0.0,2127-15-31,0.0,0.52,26.6,0.0,0.0,0.0,0,4.822265625,6,45,05:40,20:21,2025-05-22 15:52:14.422794,Città della Scienza,42.5,5.974942,8.4996,4.2832174,3.8653953,EU EEA Common AQI,82.7,4.831744,6.927071,7200,3.6142857,100,100,63.7,3.12,Very Low,83.2,4.8070383,100,1747928700,Very Low,3.4265735,5.971299,Very Low,5.2978215,58.1,4.1285715,100,1747928700,3.9
2025-05-22T15:52:25Z,236,29.897,76.2,53,70.4,4,6,181,61,0.0,255,32767,0.0,2127-15-31,0.0,0.52,26.6,0.0,0.0,0.0,0,4.822265625,6,45,05:40,20:21,2025-05-22 15:52:25.483797,Città della Scienza,42.5,5.974942,8.4996,4.2832174,3.8653953,EU EEA Common AQI,82.7,4.831744,6.927071,7200,3.6142857,100,100,63.7,3.12,Very Low,83.2,4.8070383,100,1747928700,Very Low,3.4265735,5.971299,Very Low,5.2978215,58.1,4.1285715,100,1747928700,3.9
2025-05-22T15:52:36Z,236,29.897,76.2,53,70.4,9,5,169,61,0.0,255,32767,0.0,2127-15-31,0.0,0.52,26.6,0.0,0.0,0.0,0,4.822265625,6,45,05:40,20:21,2025-05-22 15:52:36.556796,Città della Scienza,42.5,5.974942,8.4996,4.2832174,3.8653953,EU EEA Common AQI,82.7,4.831744,6.927071,7200,3.6142857,100,100,63.7,3.12,Very Low,83.2,4.8070383,100,1747928700,Very Low,3.4265735,5.971299,Very Low,5.2978215,58.1,4.1285715,100,1747928700,3.9
2025-05-22T15:52:47Z,236,29.897,76.2,53,70.4,5,5,198,61,0.0,255,32767,0.0,2127-15-31,0.0,0.52,26.6,0.0,0.0,0.0,0,4.822265625,6,45,05:40,20:21,2025-05-22 15:52:47.634792,Città della Scienza,42.5,5.974942,8.4996,4.2832174,3.8653953,EU EEA Common AQI,82.7,4.831744,6.927071,7200,3.6142857,100,100,63.7,3.12,Very Low,83.2,4.8070383,100,1747928700,Very Low,3.4265735,5.971299,Very Low,5.2978215,58.1,4.1285715,100,1747928700,3.9
2025-05-22T15:52:58Z,236,29.897,76.2,53,70.4,5,5,169,61,0.0,255,32767,0.0,2127-15-31,0.0,0.52,26.6,0.0,0.0,0.0,0,4.822265625,6,45,05:40,20:21,2025-05-22 15:52:58.739812,Città della Scienza,42.5,5.974942,8.4996,4.2832174,3.8653953,EU EEA Common AQI,82.7,4.831744,6.927071,7200,3.6142857,100,100,63.7,3.12,Very Low,83.2,4.8070383,100,1747928700,Very Low,3.4265735,5.971299,Very Low,5.2978215,58.1,4.1285715,100,1747928700,3.9
2025-05-22T15:53:10Z,236,29.897,76.2,53,70.4,2,5,185,61,0.0,255,32767,0.0,2127-15-31,0.0,0.52,26.6,0.0,0.0,0.0,0,4.822265625,6,45,05:40,20:21,2025-05-22 15:53:10.049773,Città della Scienza,42.5,5.974942,8.4996,4.2832174,3.8653953,EU EEA Common AQI,82.7,4.831744,6.927071,7200,3.6142857,100,100,63.7,3.12,Very Low,83.2,4.8070383,100,1747928700,Very Low,3.4265735,5.971299,Very Low,5.2978215,58.1,4.1285715,100,1747928700,3.9
2025-05-22T15:53:21Z,236,29.897,76.2,53,70.4,7,5,171,61,0.0,255,32767,0.0,2127-15-31,0.0,0.52,26.6,0.0,0.0,0.0,0,4.822265625,6,45,05:40,20:21,2025-05-22 15:53:21.147786,Città della Scienza,42.5,5.974942,8.4996,4.2832174,3.8653953,EU EEA Common AQI,82.7,4.831744,6.927071,7200,3.6142857,100,100,63.7,3.12,Very Low,83.2,4.8070383,100,1747928700,Very Low,3.4265735,5.971299,Very Low,5.2978215,58.1,4.1285715,100,1747928700,3.9
2025-05-22T15:53:32Z,236,29.897,76.2,53,70.4,5,5,197,61,0.0,255,32767,0.0,2127-15-31,0.0,0.52,26.6,0.0,0.0,0.0,0,4.822265625,6,45,05:40,20:21,2025-05-22 15:53:32.206759,Città della Scienza,42.5,5.974942,8.4996,4.2832174,3.8653953,EU EEA Common AQI,82.7,4.831744,6.927071,7200,3.6142857,100,100,63.7,3.12,Very Low,83.2,4.8070383,100,1747928700,Very Low,3.4265735,5.971299,Very Low,5.2978215,58.1,4.1285715,100,1747928700,3.9
2025-05-22T15:53:43Z,236,29.897,76.2,53,70.4,2,5,183,61,0.0,255,32767,0.0,2127-15-31,0.0,0.52,26.6,0.0,0.0,0.0,0,4.822265625,6,45,05:40,20:21,2025-05-22 15:53:43.285795,Città della Scienza,42.5,5.974942,8.4996,4.2832174,3.8653953,EU EEA Common AQI,82.7,4.831744,6.927071,7200,3.6142857,100,100,63.7,3.12,Very Low,83.2,4.8070383,100,1747928700,Very Low,3.4265735,5.971299,Very Low,5.2978215,58.1,4.1285715,100,1747928700,3.9
2025-05-22T15:54:08Z,236,29.897,76.2,53,70.4,5,5,200,61,0.0,255,32767,0.0,2127-15-31,0.0,0.52,26.6,0.0,0.0,0.0,0,4.822265625,6,45,05:40,20:21,2025-05-22 15:54:07.855809,Città della Scienza,42.5,5.974942,8.4996,4.2832174,3.8653953,EU EEA Common AQI,82.7,4.831744,6.927071,7200,3.6142857,100,100,63.7,3.12,Very Low,83.2,4.8070383,100,1747928700,Very Low,3.4265735,5.971299,Very Low,5.2978215,58.1,4.1285715,100,1747928700,3.9
2025-05-22T15:54:19Z,236,29.897,76.2,53,70.4,7,5,253,61,0.0,255,32767,0.0,2127-15-31,0.0,0.52,26.6,0.0,0.0,0.0,0,4.822265625,6,45,05:40,20:21,2025-05-22 15:54:18.938785,Città della Scienza,42.5,5.974942,8.4996,4.2832174,3.8653953,EU EEA Common AQI,82.7,4.831744,6.927071,7200,3.6142857,100,100,63.7,3.12,Very Low,83.2,4.8070383,100,1747928700,Very Low,3.4265735,5.971299,Very Low,5.2978215,58.1,4.1285715,100,1747928700,3.9
2025-05-22T15:54:30Z,236,29.897,76.2,53,70.4,4,5,134,61,0.0,255,32767,0.0,2127-15-31,0.0,0.52,26.6,0.0,0.0,0.0,0,4.822265625,6,45,05:40,20:21,2025-05-22 15:54:29.987787,Città della Scienza
2025-05-22T15:54:41Z,236,29.895,76.1,53,70.4,3,5,150,61,0.0,255,32767,0.0,2127-15-31,0.0,0.52,26.6,0.0,0.0,0.0,0,4.822265625,6,45,05:40,20:21,2025-05-22 15:54:41.115796,Città della Scienza
2025-05-22T15:54:52Z,236,29.895,76.1,53,70.4,4,5,176,61,0.0,255,32767,0.0,2127-15-31,0.0,0.52,26.6,0.0,0.0,0.0,0,4.822265625,6,45,05:40,20:21,2025-05-22 15:54:52.204783,Città della Scienza
2025-05-22T15:55:03Z,236,29.895,76.1,53,70.4,3,5,202,61,0.0,255,32767,0.0,2127-15-31,0.0,0.52,26.6,0.0,0.0,0.0,0,4.822265625,6,45,05:40,20:21,2025-05-22 15:55:03.243787,Città della Scienza
2025-05-22T15:55:14Z,236,29.895,76.1,53,70.4,3,5,203,61,0.0,255,32767,0.0,2127-15-31,0.0,0.52,26.6,0.0,0.0,0.0,0,4.822265625,6,45,05:40,20:21,2025-05-22 15:55:14.302793,Città della Scienza
2025-05-22T15:55:25Z,236,29.895,76.1,53,70.4,2,5,168,61,0.0,255,32767,0.0,2127-15-31,0.0,0.52,26.6,0.0,0.0,0.0,0,4.822265625,6,45,05:40,20:21,2025-05-22 15:55:25.403805,Città della Scienza
2025-05-22T15:55:36Z,236,29.895,76.1,53,70.4,5,5,168,61,0.0,255,32767,0.0,2127-15-31,0.0,0.52,26.6,0.0,0.0,0.0,0,4.822265625,6,45,05:40,20:21,2025-05-22 15:55:36.466787,Città della Scienza
2025-05-22T15:55:47Z,236,29.895,76.1,53,70.4,2,5,289,61,0.0,255,32767,0.0,2127-15-31,0.0,0.52,26.6,0.0,0.0,0.0,0,4.822265625,6,45,05:40,20:21,2025-05-22 15:55:47.472750,Città della Scienza
2025-05-22T15:55:58Z,236,29.895,76.1,53,70.4,2,5,215,62,0.0,255,32767,0.0,2127-15-31,0.0,0.52,26.6,0.0,0.0,0.0,0,4.822265625,6,45,05:40,20:21,2025-05-22 15:55:58.533790,Città della Scienza
2025-05-22T15:56:09Z,236,29.895,76.1,53,70.4,3,5,232,62,0.0,255,32767,0.0,2127-15-31,0.0,0.52,26.6,0.0,0.0,0.0,0,4.822265625,6,45,05:40,20:21,2025-05-22 15:56:09.573788,Città della Scienza
2025-05-22T15:56:20Z,236,29.895,76.1,53,70.4,4,5,204,62,0.0,255,32767,0.0,2127-15-31,0.0,0.52,26.6,0.0,0.0,0.0,0,4.822265625,6,45,05:40,20:21,2025-05-22 15:56:20.605825,Città della Scienza
2025-05-22T15:56:31Z,236,29.895,76.1,53,70.4,3,5,195,62,0.0,255,32767,0.0,2127-15-31,0.0,0.52,26.6,0.0,0.0,0.0,0,4.822265625,6,45,05:40,20:21,2025-05-22 15:56:31.702800,Città della Scienza
2025-05-22T15:56:43Z,236,29.897,76.2,53,70.4,4,5,201,62,0.0,255,32767,0.0,2127-15-31,0.0,0.52,26.6,0.0,0.0,0.0,0,4.822265625,6,45,05:40,20:21,2025-05-22 15:56:42.811792,Città della Scienza
2025-05-22T15:56:54Z,236,29.897,76.2,53,70.4,2,5,240,62,0.0,255,32767,0.0,2127-15-31,0.0,0.52,26.6,0.0,0.0,0.0,0,4.822265625,6,45,05:40,20:21,2025-05-22 15:56:53.887798,Città della Scienza
2025-05-22T15:57:05Z,236,29.897,76.2,53,70.4,0,5,163,62,0.0,255,32767,0.0,2127-15-31,0.0,0.52,26.6,0.0,0.0,0.0,0,4.822265625,6,45,05:40,20:21,2025-05-22 15:57:04.945798,Città della Scienza
2025-05-22T15:57:16Z,236,29.897,76.2,53,70.4,4,5,178,62,0.0,255,32767,0.0,2127-15-31,0.0,0.52,26.6,0.0,0.0,0.0,0,4.822265625,6,45,05:40,20:21,2025-05-22 15:57:15.988792,Città della Scienza
2025-05-22T15:57:27Z,236,29.897,76.2,53,70.4,6,5,164,62,0.0,255,32767,0.0,2127-15-31,0.0,0.52,26.6,0.0,0.0,0.0,0,4.822265625,6,45,05:40,20:21,2025-05-22 15:57:27.111804,Città della Scienza
2025-05-22T15:57:38Z,236,29.895,76.1,53,70.4,3,4,173,62,0.0,255,32767,0.0,2127-15-31,0.0,0.52,26.6,0.0,0.0,0.0,0,4.822265625,6,45,05:40,20:21,2025-05-22 15:57:38.193788,Città della Scienza
2025-05-22T15:57:49Z,236,29.895,76.1,53,70.4,5,4,178,62,0.0,255,32767,0.0,2127-15-31,0.0,0.52,26.6,0.0,0.0,0.0,0,4.822265625,6,45,05:40,20:21,2025-05-22 15:57:49.276792,Città della Scienza
2025-05-22T15:58:00Z,236,29.895,76.1,53,70.4,4,4,181,62,0.0,255,32767,0.0,2127-15-31,0.0,0.52,26.6,0.0,0.0,0.0,0,4.822265625,6,45,05:40,20:21,2025-05-22 15:58:00.332797,Città della Scienza
2025-05-22T15:58:11Z,236,29.895,76.1,53,70.4,5,4,185,62,0.0,255,32767,0.0,2127-15-31,0.0,0.52,26.6,0.0,0.0,0.0,0,4.822265625,6,45,05:40,20:21,2025-05-22 15:58:11.392789,Città della Scienza
2025-05-22T15:58:22Z,236,29.895,76.1,53,70.4,6,4,191,62,0.0,255,32767,0.0,2127-15-31,0.0,0.52,26.6,0.0,0.0,0.0,0,4.822265625,6,45,05:40,20:21,2025-05-22 15:58:22.472789,Città della Scienza
2025-05-22T15:58:33Z,236,29.895,76.1,53,70.4,8,4,198,61,0.0,255,32767,0.0,2127-15-31,0.0,0.52,26.6,0.0,0.0,0.0,0,4.822265625,6,45,05:40,20:21,2025-05-22 15:58:33.484791,Città della Scienza
2025-05-22T15:58:44Z,236,29.894,76.1,53,70.4,2,4,205,61,0.0,255,32767,0.0,2127-15-31,0.0,0.52,26.6,0.0,0.0,0.0,0,4.822265625,6,45,05:40,20:21,2025-05-22 15:58:44.497788,Città della Scienza
2025-05-22T15:58:55Z,236,29.894,76.1,53,70.4,4,4,180,61,0.0,255,32767,0.0,2127-15-31,0.0,0.52,26.6,0.0,0.0,0.0,0,4.822265625,6,45,05:40,20:21,2025-05-22 15:58:55.532800,Città della Scienza
2025-05-22T15:59:06Z,236,29.894,76.1,53,70.4,4,4,188,61,0.0,255,32767,0.0,2127-15-31,0.0,0.52,26.6,0.0,0.0,0.0,0,4.822265625,6,45,05:40,20:21,2025-05-22 15:59:06.632796,Città della Scienza
2025-05-22T15:59:17Z,236,29.894,76.1,53,70.4,2,4,219,61,0.0,255,32767,0.0,2127-15-31,0.0,0.52,26.6,0.0,0.0,0.0,0,4.822265625,6,45,05:40,20:21,2025-05-22 15:59:17.697755,Città della Scienza
2025-05-22T15:59:28Z,236,29.894,76.1,53,70.3,1,4,242,61,0.0,255,32767,0.0,2127-15-31,0.0,0.52,26.6,0.0,0.0,0.0,0,4.822265625,6,45,05:40,20:21,2025-05-22 15:59:28.728782,Città della Scienza
2025-05-22T15:59:39Z,236,29.896,76.1,53,70.3,3,4,156,61,0.0,255,32767,0.0,2127-15-31,0.0,0.52,26.6,0.0,0.0,0.0,0,4.822265625,6,45,05:40,20:21,2025-05-22 15:59:39.760816,Città della Scienza
2025-05-22T15:59:50Z,236,29.896,76.1,53,70.3,3,4,193,61,0.0,255,32767,0.0,2127-15-31,0.0,0.52,26.6,0.0,0.0,0.0,0,4.822265625,6,45,05:40,20:21,2025-05-22 15:59:50.785817,Città della Scienza
2025-05-22T16:00:02Z,236,29.896,76.1,53,70.3,4,4,178,61,0.0,255,32767,0.0,2127-15-31,0.0,0.52,26.6,0.0,0.0,0.0,0,4.822265625,6,45,05:40,20:21,2025-05-22 16:00:01.804793,Città della Scienza,42.5,5.974942,8.4996,4.2832174,3.8653953,EU EEA Common AQI,82.7,4.831744,6.927071,7200,3.6142857,100,100,63.7,3.12,Very Low,83.2,4.8070383,100,1747928700,Very Low,3.4265735,5.971299,Very Low,5.2978215,58.1,4.1285715,100,1747928700,3.9
2025-05-22T16:00:13Z,236,29.896,76.1,53,70.3,5,4,189,61,0.0,255,32767,0.0,2127-15-31,0.0,0.52,26.6,0.0,0.0,0.0,0,4.822265625,6,45,05:40,20:21,2025-05-22 16:00:12.841790,Città della Scienza,42.5,5.974942,8.4996,4.2832174,3.8653953,EU EEA Common AQI,82.7,4.831744,6.927071,7200,3.6142857,100,100,63.7,3.12,Very Low,83.2,4.8070383,100,1747928700,Very Low,3.4265735,5.971299,Very Low,5.2978215,58.1,4.1285715,100,1747928700,3.9
2025-05-22T16:00:24Z,236,29.896,76.1,53,70.3,7,4,186,61,0.0,255,32767,0.0,2127-15-31,0.0,0.52,26.6,0.0,0.0,0.0,0,4.822265625,6,45,05:40,20:21,2025-05-22 16:00:23.959790,Città della Scienza,42.5,5.974942,8.4996,4.2832174,3.8653953,EU EEA Common AQI,82.7,4.831744,6.927071,7200,3.6142857,100,100,63.7,3.12,Very Low,83.2,4.8070383,100,1747928700,Very Low,3.4265735,5.971299,Very Low,5.2978215,58.1,4.1285715,100,1747928700,3.9
2025-05-22T16:00:35Z,236,29.896,76.1,53,70.3,7,4,175,61,0.0,255,32767,0.0,2127-15-31,0.0,0.52,26.6,0.0,0.0,0.0,0,4.822265625,6,45,05:39,20:21,2025-05-22 16:00:35.020788,Città della Scienza,43.7,5.8305936,8.4847975,4.167265,3.774594,EU EEA Common AQI,81.1,4.7182426,6.9225793,7200,4.0285716,100,100,63.0,3.52,Very Low,81.7,4.6805778,100,1747929600,Very Low,3.3338118,5.8537464,Very Low,5.2045946,57.5,6.9714284,100,1747929600,4.4
2025-05-22T16:00:46Z,236,29.895,76.1,53,70.3,4,4,188,61,0.0,255,32767,0.0,2127-15-31,0.0,0.52,26.6,0.0,0.0,0.0,0,4.822265625,6,45,05:39,20:21,2025-05-22 16:00:46.083800,Città della Scienza,43.7,5.8305936,8.4847975,4.167265,3.774594,EU EEA Common AQI,81.1,4.7182426,6.9225793,7200,4.0285716,100,100,63.0,3.52,Very Low,81.7,4.6805778,100,1747929600,Very Low,3.3338118,5.8537464,Very Low,5.2045946,57.5,6.9714284,100,1747929600,4.4
2025-05-22T16:00:57Z,236,29.895,76.1,53,70.3,6,4,175,61,0.0,255,32767,0.0,2127-15-31,0.0,0.52,26.6,0.0,0.0,0.0,0,4.822265625,6,45,05:39,20:21,2025-05-22 16:00:57.107803,Città della Scienza,43.7,5.8305936,8.4847975,4.167265,3.774594,EU EEA Common AQI,81.1,4.7182426,6.9225793,7200,4.0285716,100,100,63.0,3.52,Very Low,81.7,4.6805778,100,1747929600,Very Low,3.3338118,5.8537464,Very Low,5.2045946,57.5,6.9714284,100,1747929600,4.4
2025-05-22T16:01:08Z,236,29.895,76.1,53,70.3,5,4,194,61,0.0,255,32767,0.0,2127-15-31,0.0,0.52,26.6,0.0,0.0,0.0,0,4.822265625,6,45,05:39,20:21,2025-05-22 16:01:08.185785,Città della Scienza,43.7,5.8305936,8.4847975,4.167265,3.774594,EU EEA Common AQI,81.1,4.7182426,6.9225793,7200,4.0285716,100,100,63.0,3.52,Very Low,81.7,4.6805778,100,1747929600,Very Low,3.3338118,5.8537464,Very Low,5.2045946,57.5,6.9714284,100,1747929600,4.4
2025-05-22T16:01:19Z,236,29.895,76.1,53,70.3,2,4,175,61,0.0,255,32767,0.0,2127-15-31,0.0,0.52,26.6,0.0,0.0,0.0,0,4.822265625,6,45,05:39,20:21,2025-05-22 16:01:19.232793,Città della Scienza,43.7,5.8305936,8.4847975,4.167265,3.774594,EU EEA Common AQI,81.1,4.7182426,6.9225793,7200,4.0285716,100,100,63.0,3.52,Very Low,81.7,4.6805778,100,1747929600,Very Low,3.3338118,5.8537464,Very Low,5.2045946,57.5,6.9714284,100,1747929600,4.4
2025-05-22T16:01:30Z,236,29.895,76.1,53,70.3,2,4,165,61,0.0,255,32767,0.0,2127-15-31,0.0,0.52,26.6,0.0,0.0,0.0,0,4.822265625,6,45,05:39,20:21,2025-05-22 16:01:30.363792,Città della Scienza,43.7,5.8305936,8.4847975,4.167265,3.774594,EU EEA Common AQI,81.1,4.7182426,6.9225793,7200,4.0285716,100,100,63.0,3.52,Very Low,81.7,4.6805778,100,1747929600,Very Low,3.3338118,5.8537464,Very Low,5.2045946,57.5,6.9714284,100,1747929600,4.4
2025-05-22T16:01:41Z,236,29.894,76.1,53,70.2,3,4,193,61,0.0,255,32767,0.0,2127-15-31,0.0,0.52,26.6,0.0,0.0,0.0,0,4.822265625,6,45,05:39,20:21,2025-05-22 16:01:41.469799,Città della Scienza,43.7,5.8305936,8.4847975,4.167265,3.774594,EU EEA Common AQI,81.1,4.7182426,6.9225793,7200,4.0285716,100,100,63.0,3.52,Very Low,81.7,4.6805778,100,1747929600,Very Low,3.3338118,5.8537464,Very Low,5.2045946,57.5,6.9714284,100,1747929600,4.4
2025-05-22T16:01:52Z,236,29.894,76.1,53,70.3,7,4,187,61,0.0,255,32767,0.0,2127-15-31,0.0,0.52,26.6,0.0,0.0,0.0,0,4.822265625,6,45,05:39,20:21,2025-05-22 16:01:52.518791,Città della Scienza,43.7,5.8305936,8.4847975,4.167265,3.774594,EU EEA Common AQI,81.1,4.7182426,6.9225793,7200,4.0285716,100,100,63.0,3.52,Very Low,81.7,4.6805778,100,1747929600,Very Low,3.3338118,5.8537464,Very Low,5.2045946,57.5,6.9714284,100,1747929600,4.4
2025-05-22T16:02:03Z,236,29.894,76.1,53,70.3,6,4,182,61,0.0,255,32767,0.0,2127-15-31,0.0,0.52,26.6,0.0,0.0,0.0,0,4.822265625,6,45,05:39,20:21,2025-05-22 16:02:03.619792,Città della Scienza,43.7,5.8305936,8.4847975,4.167265,3.774594,EU EEA Common AQI,81.1,4.7182426,6.9225793,7200,4.0285716,100,100,63.0,3.52,Very Low,81.7,4.6805778,100,1747929600,Very Low,3.3338118,5.8537464,Very Low,5.2045946,57.5,6.9714284,100,1747929600,4.4
2025-05-22T16:02:14Z,236,29.894,76.1,53,70.2,5,4,179,61,0.0,255,32767,0.0,2127-15-31,0.0,0.52,26.6,0.0,0.0,0.0,0,4.822265625,6,45,05:39,20:21,2025-05-22 16:02:14.668756,Città della Scienza,43.7,5.8305936,8.4847975,4.167265,3.774594,EU EEA Common AQI,81.1,4.7182426,6.9225793,7200,4.0285716,100,100,63.0,3.52,Very Low,81.7,4.6805778,100,1747929600,Very Low,3.3338118,5.8537464,Very Low,5.2045946,57.5,6.9714284,100,1747929600,4.4
2025-05-22T16:02:25Z,236,29.894,76.1,53,70.2,3,4,181,61,0.0,255,32767,0.0,2127-15-31,0.0,0.52,26.6,0.0,0.0,0.0,0,4.822265625,6,45,05:39,20:21,2025-05-22 16:02:25.772809,Città della Scienza,43.7,5.8305936,8.4847975,4.167265,3.774594,EU EEA Common AQI,81.1,4.7182426,6.9225793,7200,4.0285716,100,100,63.0,3.52,Very Low,81.7,4.6805778,100,1747929600,Very Low,3.3338118,5.8537464,Very Low,5.2045946,57.5,6.9714284,100,1747929600,4.4
2025-05-22T16:02:37Z,236,29.894,76.1,53,70.2,4,4,155,61,0.0,255,32767,0.0,2127-15-31,0.0,0.52,26.6,0.0,0.0,0.0,0,4.822265625,6,45,05:39,20:21,2025-05-22 16:02:36.874801,Città della Scienza,43.7,5.8305936,8.4847975,4.167265,3.774594,EU EEA Common AQI,81.1,4.7182426,6.9225793,7200,4.0285716,100,100,63.0,3.52,Very Low,81.7,4.6805778,100,1747929600,Very Low,3.3338118,5.8537464,Very Low,5.2045946,57.5,6.9714284,100,1747929600,4.4
2025-05-22T16:02:48Z,236,29.894,76.1,53,70.2,4,4,184,61,0.0,255,32767,0.0,2127-15-31,0.0,0.52,26.6,0.0,0.0,0.0,0,4.822265625,6,45,05:39,20:21,2025-05-22 16:02:47.972788,Città della Scienza,43.7,5.8305936,8.4847975,4.167265,3.774594,EU EEA Common AQI,81.1,4.7182426,6.9225793,7200,4.0285716,100,100,63.0,3.52,Very Low,81.7,4.6805778,100,1747929600,Very Low,3.3338118,5.8537464,Very Low,5.2045946,57.5,6.9714284,100,1747929600,4.4
2025-05-22T16:02:59Z,236,29.894,76.1,53,70.2,3,4,189,61,0.0,255,32767,0.0,2127-15-31,0.0,0.52,26.6,0.0,0.0,0.0,0,4.822265625,6,45,05:39,20:21,2025-05-22 16:02:59.099772,Città della Scienza,43.7,5.8305936,8.4847975,4.167265,3.774594,EU EEA Common AQI,81.1,4.7182426,6.9225793,7200,4.0285716,100,100,63.0,3.52,Very Low,81.7,4.6805778,100,1747929600,Very Low,3.3338118,5.8537464,Very Low,5.2045946,57.5,6.9714284,100,1747929600,4.4
2025-05-22T16:03:10Z,236,29.894,76.1,53,70.1,2,4,198,61,0.0,255,32767,0.0,2127-15-31,0.0,0.52,26.6,0.0,0.0,0.0,0,4.822265625,6,45,05:39,20:21,2025-05-22 16:03:10.180799,Città della Scienza,43.7,5.8305936,8.4847975,4.167265,3.774594,EU EEA Common AQI,81.1,4.7182426,6.9225793,7200,4.0285716,100,100,63.0,3.52,Very Low,81.7,4.6805778,100,1747929600,Very Low,3.3338118,5.8537464,Very Low,5.2045946,57.5,6.9714284,100,1747929600,4.4
2025-05-22T16:03:21Z,236,29.894,76.1,53,70.2,2,4,189,61,0.0,255,32767,0.0,2127-15-31,0.0,0.52,26.6,0.0,0.0,0.0,0,4.822265625,6,45,05:39,20:21,2025-05-22 16:03:21.271793,Città della Scienza,43.7,5.8305936,8.4847975,4.167265,3.774594,EU EEA Common AQI,81.1,4.7182426,6.9225793,7200,4.0285716,100,100,63.0,3.52,Very Low,81.7,4.6805778,100,1747929600,Very Low,3.3338118,5.8537464,Very Low,5.2045946,57.5,6.9714284,100,1747929600,4.4
2025-05-22T16:03:32Z,236,29.894,76.1,53,70.2,4,4,178,61,0.0,255,32767,0.0,2127-15-31,0.0,0.52,26.6,0.0,0.0,0.0,0,4.822265625,6,45,05:39,20:21,2025-05-22 16:03:32.365799,Città della Scienza,43.7,5.8305936,8.4847975,4.167265,3.774594,EU EEA Common AQI,81.1,4.7182426,6.9225793,7200,4.0285716,100,100,63.0,3.52,Very Low,81.7,4.6805778,100,1747929600,Very Low,3.3338118,5.8537464,Very Low,5.2045946,57.5,6.9714284,100,1747929600,4.4
2025-05-22T16:03:43Z,236,29.893,76.0,53,70.2,4,4,185,61,0.0,255,32767,0.0,2127-15-31,0.0,0.52,26.6,0.0,0.0,0.0,0,4.822265625,6,45,05:39,20:21,2025-05-22 16:03:43.389800,Città della Scienza,43.7,5.8305936,8.4847975,4.167265,3.774594,EU EEA Common AQI,81.1,4.7182426,6.9225793,7200,4.0285716,100,100,63.0,3.52,Very Low,81.7,4.6805778,100,1747929600,Very Low,3.3338118,5.8537464,Very Low,5.2045946,57.5,6.9714284,100,1747929600,4.4
2025-05-22T16:03:54Z,236,29.893,76.0,53,70.1,4,4,197,62,0.0,255,32767,0.0,2127-15-31,0.0,0.52,26.6,0.0,0.0,0.0,0,4.822265625,6,45,05:39,20:21,2025-05-22 16:03:54.439798,Città della Scienza,43.7,5.8305936,8.4847975,4.167265,3.774594,EU EEA Common AQI,81.1,4.7182426,6.9225793,7200,4.0285716,100,100,63.0,3.52,Very Low,81.7,4.6805778,100,1747929600,Very Low,3.3338118,5.8537464,Very Low,5.2045946,57.5,6.9714284,100,1747929600,4.4
2025-05-22T16:04:05Z,236,29.893,76.0,53,70.2,2,4,193,62,0.0,255,32767,0.0,2127-15-31,0.0,0.52,26.6,0.0,0.0,0.0,0,4.822265625,6,45,05:39,20:21,2025-05-22 16:04:05.520794,Città della Scienza,43.7,5.8305936,8.4847975,4.167265,3.774594,EU EEA Common AQI,81.1,4.7182426,6.9225793,7200,4.0285716,100,100,63.0,3.52,Very Low,81.7,4.6805778,100,1747929600,Very Low,3.3338118,5.8537464,Very Low,5.2045946,57.5,6.9714284,100,1747929600,4.4
2025-05-22T16:04:16Z,236,29.893,76.0,53,70.1,3,4,202,62,0.0,255,32767,0.0,2127-15-31,0.0,0.52,26.6,0.0,0.0,0.0,0,4.822265625,6,45,05:39,20:21,2025-05-22 16:04:16.588824,Città della Scienza,43.7,5.8305936,8.4847975,4.167265,3.774594,EU EEA Common AQI,81.1,4.7182426,6.9225793,7200,4.0285716,100,100,63.0,3.52,Very Low,81.7,4.6805778,100,1747929600,Very Low,3.3338118,5.8537464,Very Low,5.2045946,57.5,6.9714284,100,1747929600,4.4
2025-05-22T16:04:27Z,236,29.893,76.0,53,70.1,2,4,188,62,0.0,255,32767,0.0,2127-15-31,0.0,0.52,26.6,0.0,0.0,0.0,0,4.822265625,6,45,05:39,20:21,2025-05-22 16:04:27.691803,Città della Scienza,43.7,5.8305936,8.4847975,4.167265,3.774594,EU EEA Common AQI,81.1,4.7182426,6.9225793,7200,4.0285716,100,100,63.0,3.52,Very Low,81.7,4.6805778,100,1747929600,Very Low,3.3338118,5.8537464,Very Low,5.2045946,57.5,6.9714284,100,1747929600,4.4
2025-05-22T16:04:39Z,236,29.893,76.0,53,70.2,5,4,168,62,0.0,255,32767,0.0,2127-15-31,0.0,0.52,26.6,0.0,0.0,0.0,0,4.822265625,6,45,05:39,20:21,2025-05-22 16:04:38.806791,Città della Scienza,43.7,5.8305936,8.4847975,4.167265,3.774594,EU EEA Common AQI,81.1,4.7182426,6.9225793,7200,4.0285716,100,100,63.0,3.52,Very Low,81.7,4.6805778,100,1747929600,Very Low,3.3338118,5.8537464,Very Low,5.2045946,57.5,6.9714284,100,1747929600,4.4
2025-05-22T16:04:50Z,236,29.893,76.0,53,70.2,5,4,171,62,0.0,255,32767,0.0,2127-15-31,0.0,0.52,26.6,0.0,0.0,0.0,0,4.822265625,6,45,05:39,20:21,2025-05-22 16:04:49.863795,Città della Scienza,43.7,5.8305936,8.4847975,4.167265,3.774594,EU EEA Common AQI,81.1,4.7182426,6.9225793,7200,4.0285716,100,100,63.0,3.52,Very Low,81.7,4.6805778,100,1747929600,Very Low,3.3338118,5.8537464,Very Low,5.2045946,57.5,6.9714284,100,1747929600,4.4
2025-05-22T16:05:01Z,236,29.893,76.0,53,70.2,3,4,174,62,0.0,255,32767,0.0,2127-15-31,0.0,0.52,26.6,0.0,0.0,0.0,0,4.822265625,6,45,05:39,20:21,2025-05-22 16:05:00.965793,Città della Scienza,43.7,5.8305936,8.4847975,4.167265,3.774594,EU EEA Common AQI,81.1,4.7182426,6.9225793,7200,4.0285716,100,100,63.0,3.52,Very Low,81.7,4.6805778,100,1747929600,Very Low,3.3338118,5.8537464,Very Low,5.2045946,57.5,6.9714284,100,1747929600,4.4
2025-05-22T16:05:12Z,236,29.893,76.0,53,70.2,2,4,171,62,0.0,255,32767,0.0,2127-15-31,0.0,0.52,26.6,0.0,0.0,0.0,0,4.822265625,6,45,05:39,20:21,2025-05-22 16:05:12.091795,Città della Scienza,43.7,5.8305936,8.4847975,4.167265,3.774594,EU EEA Common AQI,81.1,4.7182426,6.9225793,7200,4.0285716,100,100,63.0,3.52,Very Low,81.7,4.6805778,100,1747929600,Very Low,3.3338118,5.8537464,Very Low,5.2045946,57.5,6.9714284,100,1747929600,4.4
2025-05-22T16:05:23Z,236,29.893,76.0,53,70.2,4,4,165,62,0.0,255,32767,0.0,2127-15-31,0.0,0.52,26.6,0.0,0.0,0.0,0,4.822265625,6,45,05:39,20:21,2025-05-22 16:05:23.159784,Città della Scienza,43.7,5.8305936,8.4847975,4.167265,3.774594,EU EEA Common AQI,81.1,4.7182426,6.9225793,7200,4.0285716,100,100,63.0,3.52,Very Low,81.7,4.6805778,100,1747929600,Very Low,3.3338118,5.8537464,Very Low,5.2045946,57.5,6.9714284,100,1747929600,4.4
2025-05-22T16:05:34Z,236,29.893,76.0,53,70.2,1,4,196,62,0.0,255,32767,0.0,2127-15-31,0.0,0.52,26.6,0.0,0.0,0.0,0,4.822265625,6,45,05:39,20:21,2025-05-22 16:05:34.424795,Città della Scienza,43.7,5.8305936,8.4847975,4.167265,3.774594,EU EEA Common AQI,81.1,4.7182426,6.9225793,7200,4.0285716,100,100,63.0,3.52,Very Low,81.7,4.6805778,100,1747929600,Very Low,3.3338118,5.8537464,Very Low,5.2045946,57.5,6.9714284,100,1747929600,4.4
2025-05-22T16:05:45Z,236,29.893,76.0,53,70.2,1,4,248,62,0.0,255,32767,0.0,2127-15-31,0.0,0.52,26.6,0.0,0.0,0.0,0,4.822265625,6,45,05:39,20:21,2025-05-22 16:05:45.497798,Città della Scienza,43.7,5.8305936,8.4847975,4.167265,3.774594,EU EEA Common AQI,81.1,4.7182426,6.9225793,7200,4.0285716,100,100,63.0,3.52,Very Low,81.7,4.6805778,100,1747929600,Very Low,3.3338118,5.8537464,Very Low,5.2045946,57.5,6.9714284,100,1747929600,4.4
2025-05-22T16:05:56Z,236,29.893,76.0,53,70.2,2,4,232,62,0.0,255,32767,0.0,2127-15-31,0.0,0.52,26.6,0.0,0.0,0.0,0,4.822265625,6,45,05:39,20:21,2025-05-22 16:05:56.590792,Città della Scienza,43.7,5.8305936,8.4847975,4.167265,3.774594,EU EEA Common AQI,81.1,4.7182426,6.9225793,7200,4.0285716,100,100,63.0,3.52,Very Low,81.7,4.6805778,100,1747929600,Very Low,3.3338118,5.8537464,Very Low,5.2045946,57.5,6.9714284,100,1747929600,4.4
2025-05-22T16:06:07Z,236,29.893,76.0,53,70.2,3,4,254,62,0.0,255,32767,0.0,2127-15-31,0.0,0.52,26.6,0.0,0.0,0.0,0,4.822265625,6,45,05:39,20:21,2025-05-22 16:06:07.672799,Città della Scienza,43.7,5.8305936,8.4847975,4.167265,3.774594,EU EEA Common AQI,81.1,4.7182426,6.9225793,7200,4.0285716,100,100,63.0,3.52,Very Low,81.7,4.6805778,100,1747929600,Very Low,3.3338118,5.8537464,Very Low,5.2045946,57.5,6.9714284,100,1747929600,4.4
2025-05-22T16:06:18Z,236,29.893,76.0,53,70.3,2,4,165,62,0.0,255,32767,0.0,2127-15-31,0.0,0.52,26.6,0.0,0.0,0.0,0,4.822265625,6,45,05:39,20:21,2025-05-22 16:06:18.761795,Città della Scienza,43.7,5.8305936,8.4847975,4.167265,3.774594,EU EEA Common AQI,81.1,4.7182426,6.9225793,7200,4.0285716,100,100,63.0,3.52,Very Low,81.7,4.6805778,100,1747929600,Very Low,3.3338118,5.8537464,Very Low,5.2045946,57.5,6.9714284,100,1747929600,4.4
2025-05-22T16:06:29Z,236,29.893,76.0,53,70.4,3,4,200,62,0.0,255,32767,0.0,2127-15-31,0.0,0.52,26.6,0.0,0.0,0.0,0,4.822265625,6,45,05:39,20:21,2025-05-22 16:06:29.786793,Città della Scienza,43.7,5.8305936,8.4847975,4.167265,3.774594,EU EEA Common AQI,81.1,4.7182426,6.9225793,7200,4.0285716,100,100,63.0,3.52,Very Low,81.7,4.6805778,100,1747929600,Very Low,3.3338118,5.8537464,Very Low,5.2045946,57.5,6.9714284,100,1747929600,4.4
2025-05-22T16:06:41Z,236,29.893,76.0,53,70.4,3,4,136,62,0.0,255,32767,0.0,2127-15-31,0.0,0.52,26.6,0.0,0.0,0.0,0,4.822265625,6,45,05:39,20:21,2025-05-22 16:06:40.845809,Città della Scienza,43.7,5.8305936,8.4847975,4.167265,3.774594,EU EEA Common AQI,81.1,4.7182426,6.9225793,7200,4.0285716,100,100,63.0,3.52,Very Low,81.7,4.6805778,100,1747929600,Very Low,3.3338118,5.8537464,Very Low,5.2045946,57.5,6.9714284,100,1747929600,4.4
2025-05-22T16:06:52Z,236,29.893,76.0,53,70.3,6,4,159,62,0.0,255,32767,0.0,2127-15-31,0.0,0.52,26.6,0.0,0.0,0.0,0,4.822265625,6,45,05:39,20:21,2025-05-22 16:06:51.886800,Città della Scienza,43.7,5.8305936,8.4847975,4.167265,3.774594,EU EEA Common AQI,81.1,4.7182426,6.9225793,7200,4.0285716,100,100,63.0,3.52,Very Low,81.7,4.6805778,100,1747929600,Very Low,3.3338118,5.8537464,Very Low,5.2045946,57.5,6.9714284,100,1747929600,4.4
2025-05-22T16:07:03Z,236,29.893,76.0,53,70.4,3,4,156,62,0.0,255,32767,0.0,2127-15-31,0.0,0.52,26.6,0.0,0.0,0.0,0,4.822265625,6,45,05:39,20:21,2025-05-22 16:07:02.964789,Città della Scienza,43.7,5.8305936,8.4847975,4.167265,3.774594,EU EEA Common AQI,81.1,4.7182426,6.9225793,7200,4.0285716,100,100,63.0,3.52,Very Low,81.7,4.6805778,100,1747929600,Very Low,3.3338118,5.8537464,Very Low,5.2045946,57.5,6.9714284,100,1747929600,4.4
2025-05-22T16:07:14Z,236,29.893,76.0,53,70.3,4,4,144,62,0.0,255,32767,0.0,2127-15-31,0.0,0.52,26.6,0.0,0.0,0.0,0,4.822265625,6,45,05:39,20:21,2025-05-22 16:07:14.033458,Città della Scienza,43.7,5.8305936,8.4847975,4.167265,3.774594,EU EEA Common AQI,81.1,4.7182426,6.9225793,7200,4.0285716,100,100,63.0,3.52,Very Low,81.7,4.6805778,100,1747929600,Very Low,3.3338118,5.8537464,Very Low,5.2045946,57.5,6.9714284,100,1747929600,4.4
2025-05-22T16:07:25Z,236,29.893,76.0,53,70.3,4,4,149,62,0.0,255,32767,0.0,2127-15-31,0.0,0.52,26.6,0.0,0.0,0.0,0,4.822265625,6,45,05:39,20:21,2025-05-22 16:07:25.119791,Città della Scienza,43.7,5.8305936,8.4847975,4.167265,3.774594,EU EEA Common AQI,81.1,4.7182426,6.9225793,7200,4.0285716,100,100,63.0,3.52,Very Low,81.7,4.6805778,100,1747929600,Very Low,3.3338118,5.8537464,Very Low,5.2045946,57.5,6.9714284,100,1747929600,4.4
2025-05-22T16:07:36Z,236,29.891,76.0,53,70.3,4,4,163,62,0.0,255,32767,0.0,2127-15-31,0.0,0.52,26.6,0.0,0.0,0.0,0,4.822265625,6,45,05:39,20:21,2025-05-22 16:07:36.196793,Città della Scienza,43.7,5.8305936,8.4847975,4.167265,3.774594,EU EEA Common AQI,81.1,4.7182426,6.9225793,7200,4.0285716,100,100,63.0,3.52,Very Low,81.7,4.6805778,100,1747929600,Very Low,3.3338118,5.8537464,Very Low,5.2045946,57.5,6.9714284,100,1747929600,4.4
2025-05-22T16:07:47Z,236,29.891,76.0,53,70.4,6,4,184,62,0.0,255,32767,0.0,2127-15-31,0.0,0.52,26.6,0.0,0.0,0.0,0,4.822265625,6,45,05:39,20:21,2025-05-22 16:07:47.234785,Città della Scienza,43.7,5.8305936,8.4847975,4.167265,3.774594,EU EEA Common AQI,81.1,4.7182426,6.9225793,7200,4.0285716,100,100,63.0,3.52,Very Low,81.7,4.6805778,100,1747929600,Very Low,3.3338118,5.8537464,Very Low,5.2045946,57.5,6.9714284,100,1747929600,4.4
2025-05-22T16:07:58Z,236,29.891,76.0,53,70.3,4,4,181,62,0.0,255,32767,0.0,2127-15-31,0.0,0.52,26.6,0.0,0.0,0.0,0,4.822265625,6,45,05:39,20:21,2025-05-22 16:07:58.356804,Città della Scienza,43.7,5.8305936,8.4847975,4.167265,3.774594,EU EEA Common AQI,81.1,4.7182426,6.9225793,7200,4.0285716,100,100,63.0,3.52,Very Low,81.7,4.6805778,100,1747929600,Very Low,3.3338118,5.8537464,Very Low,5.2045946,57.5,6.9714284,100,1747929600,4.4
2025-05-22T16:08:09Z,236,29.891,76.0,53,70.4,5,4,192,62,0.0,255,32767,0.0,2127-15-31,0.0,0.52,26.6,0.0,0.0,0.0,0,4.822265625,6,45,05:39,20:21,2025-05-22 16:08:09.429753,Città della Scienza,43.7,5.8305936,8.4847975,4.167265,3.774594,EU EEA Common AQI,81.1,4.7182426,6.9225793,7200,4.0285716,100,100,63.0,3.52,Very Low,81.7,4.6805778,100,1747929600,Very Low,3.3338118,5.8537464,Very Low,5.2045946,57.5,6.9714284,100,1747929600,4.4
2025-05-22T16:08:20Z,236,29.891,76.0,53,70.4,5,4,185,62,0.0,255,32767,0.0,2127-15-31,0.0,0.52,26.6,0.0,0.0,0.0,0,4.822265625,6,45,05:39,20:21,2025-05-22 16:08:20.544800,Città della Scienza,43.7,5.8305936,8.4847975,4.167265,3.774594,EU EEA Common AQI,81.1,4.7182426,6.9225793,7200,4.0285716,100,100,63.0,3.52,Very Low,81.7,4.6805778,100,1747929600,Very Low,3.3338118,5.8537464,Very Low,5.2045946,57.5,6.9714284,100,1747929600,4.4
2025-05-22T16:08:31Z,236,29.891,76.0,53,70.3,4,4,185,62,0.0,255,32767,0.0,2127-15-31,0.0,0.52,26.6,0.0,0.0,0.0,0,4.822265625,6,45,05:39,20:21,2025-05-22 16:08:31.659786,Città della Scienza,43.7,5.8305936,8.4847975,4.167265,3.774594,EU EEA Common AQI,81.1,4.7182426,6.9225793,7200,4.0285716,100,100,63.0,3.52,Very Low,81.7,4.6805778,100,1747929600,Very Low,3.3338118,5.8537464,Very Low,5.2045946,57.5,6.9714284,100,1747929600,4.4
2025-05-22T16:08:42Z,236,29.893,76.0,53,70.3,4,4,186,62,0.0,255,32767,0.0,2127-15-31,0.0,0.52,26.6,0.0,0.0,0.0,0,4.822265625,6,45,05:39,20:21,2025-05-22 16:08:42.712791,Città della Scienza,43.7,5.8305936,8.4847975,4.167265,3.774594,EU EEA Common AQI,81.1,4.7182426,6.9225793,7200,4.0285716,100,100,63.0,3.52,Very Low,81.7,4.6805778,100,1747929600,Very Low,3.3338118,5.8537464,Very Low,5.2045946,57.5,6.9714284,100,1747929600,4.4
2025-05-22T16:08:53Z,236,29.893,76.0,53,70.4,4,4,215,62,0.0,255,32767,0.0,2127-15-31,0.0,0.52,26.6,0.0,0.0,0.0,0,4.822265625,6,45,05:39,20:21,2025-05-22 16:08:53.762784,Città della Scienza,43.7,5.8305936,8.4847975,4.167265,3.774594,EU EEA Common AQI,81.1,4.7182426,6.9225793,7200,4.0285716,100,100,63.0,3.52,Very Low,81.7,4.6805778,100,1747929600,Very Low,3.3338118,5.8537464,Very Low,5.2045946,57.5,6.9714284,100,1747929600,4.4
2025-05-22T16:09:05Z,236,29.893,76.0,53,70.4,3,4,198,62,0.0,255,32767,0.0,2127-15-31,0.0,0.52,26.6,0.0,0.0,0.0,0,4.822265625,6,45,05:39,20:21,2025-05-22 16:09:04.892797,Città della Scienza,43.7,5.8305936,8.4847975,4.167265,3.774594,EU EEA Common AQI,81.1,4.7182426,6.9225793,7200,4.0285716,100,100,63.0,3.52,Very Low,81.7,4.6805778,100,1747929600,Very Low,3.3338118,5.8537464,Very Low,5.2045946,57.5,6.9714284,100,1747929600,4.4
2025-05-22T16:09:16Z,236,29.893,76.0,53,70.4,4,4,190,62,0.0,255,32767,0.0,2127-15-31,0.0,0.52,26.6,0.0,0.0,0.0,0,4.822265625,6,45,05:39,20:21,2025-05-22 16:09:15.965787,Città della Scienza,43.7,5.8305936,8.4847975,4.167265,3.774594,EU EEA Common AQI,81.1,4.7182426,6.9225793,7200,4.0285716,100,100,63.0,3.52,Very Low,81.7,4.6805778,100,1747929600,Very Low,3.3338118,5.8537464,Very Low,5.2045946,57.5,6.9714284,100,1747929600,4.4
2025-05-22T16:09:27Z,236,29.893,76.0,53,70.4,2,4,186,62,0.0,255,32767,0.0,2127-15-31,0.0,0.52,26.6,0.0,0.0,0.0,0,4.822265625,6,45,05:39,20:21,2025-05-22 16:09:27.072761,Città della Scienza,43.7,5.8305936,8.4847975,4.167265,3.774594,EU EEA Common AQI,81.1,4.7182426,6.9225793,7200,4.0285716,100,100,63.0,3.52,Very Low,81.7,4.6805778,100,1747929600,Very Low,3.3338118,5.8537464,Very Low,5.2045946,57.5,6.9714284,100,1747929600,4.4
2025-05-22T16:09:38Z,236,29.891,76.1,53,70.3,4,4,198,62,0.0,255,32767,0.0,2127-15-31,0.0,0.52,26.6,0.0,0.0,0.0,0,4.822265625,6,45,05:39,20:21,2025-05-22 16:09:38.136753,Città della Scienza,43.7,5.8305936,8.4847975,4.167265,3.774594,EU EEA Common AQI,81.1,4.7182426,6.9225793,7200,4.0285716,100,100,63.0,3.52,Very Low,81.7,4.6805778,100,1747929600,Very Low,3.3338118,5.8537464,Very Low,5.2045946,57.5,6.9714284,100,1747929600,4.4
2025-05-22T16:09:49Z,236,29.891,76.1,53,70.3,4,4,165,62,0.0,255,32767,0.0,2127-15-31,0.0,0.52,26.6,0.0,0.0,0.0,0,4.822265625,6,45,05:39,20:21,2025-05-22 16:09:49.244790,Città della Scienza,43.7,5.8305936,8.4847975,4.167265,3.774594,EU EEA Common AQI,81.1,4.7182426,6.9225793,7200,4.0285716,100,100,63.0,3.52,Very Low,81.7,4.6805778,100,1747929600,Very Low,3.3338118,5.8537464,Very Low,5.2045946,57.5,6.9714284,100,1747929600,4.4
2025-05-22T16:10:00Z,236,29.891,76.1,53,70.4,4,4,194,62,0.0,255,32767,0.0,2127-15-31,0.0,0.52,26.6,0.0,0.0,0.0,0,4.822265625,6,45,05:39,20:21,2025-05-22 16:10:00.347798,Città della Scienza,43.7,5.8305936,8.4847975,4.167265,3.774594,EU EEA Common AQI,81.1,4.7182426,6.9225793,7200,4.0285716,100,100,63.0,3.52,Very Low,81.7,4.6805778,100,1747929600,Very Low,3.3338118,5.8537464,Very Low,5.2045946,57.5,6.9714284,100,1747929600,4.4
2025-05-22T16:10:11Z,236,29.891,76.1,53,70.4,5,4,186,62,0.0,255,32767,0.0,2127-15-31,0.0,0.52,26.6,0.0,0.0,0.0,0,4.822265625,6,45,05:39,20:21,2025-05-22 16:10:11.446787,Città della Scienza,43.7,5.8305936,8.4847975,4.167265,3.774594,EU EEA Common AQI,81.1,4.7182426,6.9225793,7200,4.0285716,100,100,63.0,3.52,Very Low,81.7,4.6805778,100,1747929600,Very Low,3.3338118,5.8537464,Very Low,5.2045946,57.5,6.9714284,100,1747929600,4.4
2025-05-22T16:10:22Z,236,29.891,76.1,53,70.4,4,4,191,62,0.0,255,32767,0.0,2127-15-31,0.0,0.52,26.6,0.0,0.0,0.0,0,4.822265625,6,45,05:39,20:21,2025-05-22 16:10:22.598814,Città della Scienza,43.7,5.8305936,8.4847975,4.167265,3.774594,EU EEA Common AQI,81.1,4.7182426,6.9225793,7200,4.0285716,100,100,63.0,3.52,Very Low,81.7,4.6805778,100,1747929600,Very Low,3.3338118,5.8537464,Very Low,5.2045946,57.5,6.9714284,100,1747929600,4.4
2025-05-22T16:10:33Z,236,29.891,76.1,53,70.4,4,4,181,62,0.0,255,32767,0.0,2127-15-31,0.0,0.52,26.6,0.0,0.0,0.0,0,4.822265625,6,45,05:39,20:21,2025-05-22 16:10:33.680805,Città della Scienza,43.7,5.8305936,8.4847975,4.167265,3.774594,EU EEA Common AQI,81.1,4.7182426,6.9225793,7200,4.0285716,100,100,63.0,3.52,Very Low,81.7,4.6805778,100,1747929600,Very Low,3.3338118,5.8537464,Very Low,5.2045946,57.5,6.9714284,100,1747929600,4.4
2025-05-22T16:10:44Z,236,29.894,76.0,53,70.4,4,4,200,62,0.0,255,32767,0.0,2127-15-31,0.0,0.52,26.6,0.0,0.0,0.0,0,4.822265625,6,45,05:39,20:21,2025-05-22 16:10:44.747792,Città della Scienza,43.7,5.8305936,8.4847975,4.167265,3.774594,EU EEA Common AQI,81.1,4.7182426,6.9225793,7200,4.0285716,100,100,63.0,3.52,Very Low,81.7,4.6805778,100,1747929600,Very Low,3.3338118,5.8537464,Very Low,5.2045946,57.5,6.9714284,100,1747929600,4.4
2025-05-22T16:10:56Z,236,29.894,76.0,53,70.4,3,4,224,62,0.0,255,32767,0.0,2127-15-31,0.0,0.52,26.6,0.0,0.0,0.0,0,4.822265625,6,45,05:39,20:21,2025-05-22 16:10:55.841786,Città della Scienza,43.7,5.8305936,8.4847975,4.167265,3.774594,EU EEA Common AQI,81.1,4.7182426,6.9225793,7200,4.0285716,100,100,63.0,3.52,Very Low,81.7,4.6805778,100,1747929600,Very Low,3.3338118,5.8537464,Very Low,5.2045946,57.5,6.9714284,100,1747929600,4.4
2025-05-22T16:11:07Z,236,29.894,76.0,53,70.4,2,4,237,62,0.0,255,32767,0.0,2127-15-31,0.0,0.52,26.6,0.0,0.0,0.0,0,4.822265625,6,45,05:39,20:21,2025-05-22 16:11:06.936790,Città della Scienza,43.7,5.8305936,8.4847975,4.167265,3.774594,EU EEA Common AQI,81.1,4.7182426,6.9225793,7200,4.0285716,100,100,63.0,3.52,Very Low,81.7,4.6805778,100,1747929600,Very Low,3.3338118,5.8537464,Very Low,5.2045946,57.5,6.9714284,100,1747929600,4.4
2025-05-22T16:11:18Z,236,29.894,76.0,53,70.4,3,4,91,62,0.0,255,32767,0.0,2127-15-31,0.0,0.52,26.6,0.0,0.0,0.0,0,4.822265625,6,45,05:39,20:21,2025-05-22 16:11:17.993793,Città della Scienza,43.7,5.8305936,8.4847975,4.167265,3.774594,EU EEA Common AQI,81.1,4.7182426,6.9225793,7200,4.0285716,100,100,63.0,3.52,Very Low,81.7,4.6805778,100,1747929600,Very Low,3.3338118,5.8537464,Very Low,5.2045946,57.5,6.9714284,100,1747929600,4.4
2025-05-22T16:11:29Z,236,29.894,76.0,53,70.4,2,4,180,62,0.0,255,32767,0.0,2127-15-31,0.0,0.52,26.6,0.0,0.0,0.0,0,4.822265625,6,45,05:39,20:21,2025-05-22 16:11:29.093791,Città della Scienza,43.7,5.8305936,8.4847975,4.167265,3.774594,EU EEA Common AQI,81.1,4.7182426,6.9225793,7200,4.0285716,100,100,63.0,3.52,Very Low,81.7,4.6805778,100,1747929600,Very Low,3.3338118,5.8537464,Very Low,5.2045946,57.5,6.9714284,100,1747929600,4.4
2025-05-22T16:11:40Z,236,29.893,76.0,53,70.4,3,4,183,62,0.0,255,32767,0.0,2127-15-31,0.0,0.52,26.6,0.0,0.0,0.0,0,4.822265625,6,45,05:39,20:21,2025-05-22 16:11:40.166801,Città della Scienza,43.7,5.8305936,8.4847975,4.167265,3.774594,EU EEA Common AQI,81.1,4.7182426,6.9225793,7200,4.0285716,100,100,63.0,3.52,Very Low,81.7,4.6805778,100,1747929600,Very Low,3.3338118,5.8537464,Very Low,5.2045946,57.5,6.9714284,100,1747929600,4.4
2025-05-22T16:11:51Z,236,29.893,76.0,53,70.4,5,4,182,62,0.0,255,32767,0.0,2127-15-31,0.0,0.52,26.6,0.0,0.0,0.0,0,4.822265625,6,45,05:39,20:21,2025-05-22 16:11:51.238792,Città della Scienza,43.7,5.8305936,8.4847975,4.167265,3.774594,EU EEA Common AQI,81.1,4.7182426,6.9225793,7200,4.0285716,100,100,63.0,3.52,Very Low,81.7,4.6805778,100,1747929600,Very Low,3.3338118,5.8537464,Very Low,5.2045946,57.5,6.9714284,100,1747929600,4.4
2025-05-22T16:12:02Z,236,29.893,76.0,53,70.4,4,4,218,62,0.0,255,32767,0.0,2127-15-31,0.0,0.52,26.6,0.0,0.0,0.0,0,4.822265625,6,45,05:39,20:21,2025-05-22 16:12:02.336791,Città della Scienza,43.7,5.8305936,8.4847975,4.167265,3.774594,EU EEA Common AQI,81.1,4.7182426,6.9225793,7200,4.0285716,100,100,63.0,3.52,Very Low,81.7,4.6805778,100,1747929600,Very Low,3.3338118,5.8537464,Very Low,5.2045946,57.5,6.9714284,100,1747929600,4.4
2025-05-22T16:12:13Z,236,29.893,76.0,53,70.4,3,4,249,62,0.0,255,32767,0.0,2127-15-31,0.0,0.52,26.6,0.0,0.0,0.0,0,4.822265625,6,45,05:39,20:21,2025-05-22 16:12:13.425806,Città della Scienza,43.7,5.8305936,8.4847975,4.167265,3.774594,EU EEA Common AQI,81.1,4.7182426,6.9225793,7200,4.0285716,100,100,63.0,3.52,Very Low,81.7,4.6805778,100,1747929600,Very Low,3.3338118,5.8537464,Very Low,5.2045946,57.5,6.9714284,100,1747929600,4.4
2025-05-22T16:12:24Z,236,29.893,76.0,53,70.4,4,4,231,62,0.0,255,32767,0.0,2127-15-31,0.0,0.52,26.6,0.0,0.0,0.0,0,4.822265625,6,45,05:39,20:21,2025-05-22 16:12:24.477794,Città della Scienza,43.7,5.8305936,8.4847975,4.167265,3.774594,EU EEA Common AQI,81.1,4.7182426,6.9225793,7200,4.0285716,100,100,63.0,3.52,Very Low,81.7,4.6805778,100,1747929600,Very Low,3.3338118,5.8537464,Very Low,5.2045946,57.5,6.9714284,100,1747929600,4.4
2025-05-22T16:12:35Z,236,29.895,76.0,53,70.5,2,4,198,63,0.0,255,32767,0.0,2127-15-31,0.0,0.52,26.6,0.0,0.0,0.0,0,4.822265625,6,45,05:39,20:21,2025-05-22 16:12:35.555755,Città della Scienza,43.7,5.8305936,8.4847975,4.167265,3.774594,EU EEA Common AQI,81.1,4.7182426,6.9225793,7200,4.0285716,100,100,63.0,3.52,Very Low,81.7,4.6805778,100,1747929600,Very Low,3.3338118,5.8537464,Very Low,5.2045946,57.5,6.9714284,100,1747929600,4.4
2025-05-22T16:12:46Z,236,29.895,76.0,53,70.4,4,4,195,63,0.0,255,32767,0.0,2127-15-31,0.0,0.52,26.6,0.0,0.0,0.0,0,4.822265625,6,45,05:39,20:21,2025-05-22 16:12:46.615792,Città della Scienza,43.7,5.8305936,8.4847975,4.167265,3.774594,EU EEA Common AQI,81.1,4.7182426,6.9225793,7200,4.0285716,100,100,63.0,3.52,Very Low,81.7,4.6805778,100,1747929600,Very Low,3.3338118,5.8537464,Very Low,5.2045946,57.5,6.9714284,100,1747929600,4.4
2025-05-22T16:12:57Z,236,29.895,76.0,53,70.4,5,4,194,63,0.0,255,32767,0.0,2127-15-31,0.0,0.52,26.6,0.0,0.0,0.0,0,4.822265625,6,45,05:39,20:21,2025-05-22 16:12:57.689795,Città della Scienza,43.7,5.8305936,8.4847975,4.167265,3.774594,EU EEA Common AQI,81.1,4.7182426,6.9225793,7200,4.0285716,100,100,63.0,3.52,Very Low,81.7,4.6805778,100,1747929600,Very Low,3.3338118,5.8537464,Very Low,5.2045946,57.5,6.9714284,100,1747929600,4.4
2025-05-22T16:13:08Z,236,29.895,76.0,53,70.5,4,4,254,63,0.0,255,32767,0.0,2127-15-31,0.0,0.52,26.6,0.0,0.0,0.0,0,4.822265625,6,45,05:39,20:21,2025-05-22 16:13:08.762859,Città della Scienza,43.7,5.8305936,8.4847975,4.167265,3.774594,EU EEA Common AQI,81.1,4.7182426,6.9225793,7200,4.0285716,100,100,63.0,3.52,Very Low,81.7,4.6805778,100,1747929600,Very Low,3.3338118,5.8537464,Very Low,5.2045946,57.5,6.9714284,100,1747929600,4.4
2025-05-22T16:13:20Z,236,29.895,76.0,53,70.5,3,4,261,63,0.0,255,32767,0.0,2127-15-31,0.0,0.52,26.6,0.0,0.0,0.0,0,4.822265625,6,45,05:39,20:21,2025-05-22 16:13:19.837791,Città della Scienza,43.7,5.8305936,8.4847975,4.167265,3.774594,EU EEA Common AQI,81.1,4.7182426,6.9225793,7200,4.0285716,100,100,63.0,3.52,Very Low,81.7,4.6805778,100,1747929600,Very Low,3.3338118,5.8537464,Very Low,5.2045946,57.5,6.9714284,100,1747929600,4.4
2025-05-22T16:13:31Z,236,29.895,76.0,53,70.5,4,4,214,63,0.0,255,32767,0.0,2127-15-31,0.0,0.52,26.6,0.0,0.0,0.0,0,4.822265625,6,45,05:39,20:21,2025-05-22 16:13:30.917794,Città della Scienza,43.7,5.8305936,8.4847975,4.167265,3.774594,EU EEA Common AQI,81.1,4.7182426,6.9225793,7200,4.0285716,100,100,63.0,3.52,Very Low,81.7,4.6805778,100,1747929600,Very Low,3.3338118,5.8537464,Very Low,5.2045946,57.5,6.9714284,100,1747929600,4.4
2025-05-22T16:13:42Z,236,29.894,76.0,53,70.5,6,4,182,63,0.0,255,32767,0.0,2127-15-31,0.0,0.52,26.6,0.0,0.0,0.0,0,4.822265625,6,45,05:39,20:21,2025-05-22 16:13:41.980790,Città della Scienza,43.7,5.8305936,8.4847975,4.167265,3.774594,EU EEA Common AQI,81.1,4.7182426,6.9225793,7200,4.0285716,100,100,63.0,3.52,Very Low,81.7,4.6805778,100,1747929600,Very Low,3.3338118,5.8537464,Very Low,5.2045946,57.5,6.9714284,100,1747929600,4.4
2025-05-22T16:13:53Z,236,29.894,76.0,53,70.5,5,4,183,63,0.0,255,32767,0.0,2127-15-31,0.0,0.52,26.6,0.0,0.0,0.0,0,4.822265625,6,45,05:39,20:21,2025-05-22 16:13:53.049112,Città della Scienza,43.7,5.8305936,8.4847975,4.167265,3.774594,EU EEA Common AQI,81.1,4.7182426,6.9225793,7200,4.0285716,100,100,63.0,3.52,Very Low,81.7,4.6805778,100,1747929600,Very Low,3.3338118,5.8537464,Very Low,5.2045946,57.5,6.9714284,100,1747929600,4.4
2025-05-22T16:14:04Z,236,29.894,76.0,53,70.4,7,4,182,63,0.0,255,32767,0.0,2127-15-31,0.0,0.52,26.6,0.0,0.0,0.0,0,4.822265625,6,45,05:39,20:21,2025-05-22 16:14:04.153792,Città della Scienza,43.7,5.8305936,8.4847975,4.167265,3.774594,EU EEA Common AQI,81.1,4.7182426,6.9225793,7200,4.0285716,100,100,63.0,3.52,Very Low,81.7,4.6805778,100,1747929600,Very Low,3.3338118,5.8537464,Very Low,5.2045946,57.5,6.9714284,100,1747929600,4.4
2025-05-22T16:14:15Z,236,29.894,76.0,53,70.5,6,4,173,62,0.0,255,32767,0.0,2127-15-31,0.0,0.52,26.6,0.0,0.0,0.0,0,4.822265625,6,45,05:39,20:21,2025-05-22 16:14:15.223789,Città della Scienza,43.7,5.8305936,8.4847975,4.167265,3.774594,EU EEA Common AQI,81.1,4.7182426,6.9225793,7200,4.0285716,100,100,63.0,3.52,Very Low,81.7,4.6805778,100,1747929600,Very Low,3.3338118,5.8537464,Very Low,5.2045946,57.5,6.9714284,100,1747929600,4.4
2025-05-22T16:14:26Z,236,29.894,76.0,53,70.5,6,4,178,62,0.0,255,32767,0.0,2127-15-31,0.0,0.52,26.6,0.0,0.0,0.0,0,4.822265625,6,45,05:39,20:21,2025-05-22 16:14:26.304789,Città della Scienza,43.7,5.8305936,8.4847975,4.167265,3.774594,EU EEA Common AQI,81.1,4.7182426,6.9225793,7200,4.0285716,100,100,63.0,3.52,Very Low,81.7,4.6805778,100,1747929600,Very Low,3.3338118,5.8537464,Very Low,5.2045946,57.5,6.9714284,100,1747929600,4.4
2025-05-22T16:14:37Z,236,29.891,76.0,53,70.4,1,4,303,62,0.0,255,32767,0.0,2127-15-31,0.0,0.52,26.6,0.0,0.0,0.0,0,4.822265625,6,45,05:39,20:21,2025-05-22 16:14:37.333799,Città della Scienza,43.7,5.8305936,8.4847975,4.167265,3.774594,EU EEA Common AQI,81.1,4.7182426,6.9225793,7200,4.0285716,100,100,63.0,3.52,Very Low,81.7,4.6805778,100,1747929600,Very Low,3.3338118,5.8537464,Very Low,5.2045946,57.5,6.9714284,100,1747929600,4.4
2025-05-22T16:14:48Z,236,29.891,76.0,53,70.4,4,4,242,62,0.0,255,32767,0.0,2127-15-31,0.0,0.52,26.6,0.0,0.0,0.0,0,4.822265625,6,45,05:39,20:21,2025-05-22 16:14:48.388816,Città della Scienza,43.7,5.8305936,8.4847975,4.167265,3.774594,EU EEA Common AQI,81.1,4.7182426,6.9225793,7200,4.0285716,100,100,63.0,3.52,Very Low,81.7,4.6805778,100,1747929600,Very Low,3.3338118,5.8537464,Very Low,5.2045946,57.5,6.9714284,100,1747929600,4.4
2025-05-22T16:14:59Z,236,29.891,76.0,53,70.4,4,4,187,62,0.0,255,32767,0.0,2127-15-31,0.0,0.52,26.6,0.0,0.0,0.0,0,4.822265625,6,45,05:39,20:21,2025-05-22 16:14:59.519798,Città della Scienza,43.7,5.8305936,8.4847975,4.167265,3.774594,EU EEA Common AQI,81.1,4.7182426,6.9225793,7200,4.0285716,100,100,63.0,3.52,Very Low,81.7,4.6805778,100,1747929600,Very Low,3.3338118,5.8537464,Very Low,5.2045946,57.5,6.9714284,100,1747929600,4.4
2025-05-22T16:15:10Z,236,29.891,76.0,53,70.4,5,4,188,63,0.0,255,32767,0.0,2127-15-31,0.0,0.52,26.6,0.0,0.0,0.0,0,4.822265625,6,45,05:39,20:21,2025-05-22 16:15:10.572802,Città della Scienza,43.7,5.8305936,8.4847975,4.167265,3.774594,EU EEA Common AQI,81.1,4.7182426,6.9225793,7200,4.0285716,100,100,63.0,3.52,Very Low,81.7,4.6805778,100,1747929600,Very Low,3.3338118,5.8537464,Very Low,5.2045946,57.5,6.9714284,100,1747929600,4.4
2025-05-22T16:15:21Z,236,29.891,76.0,53,70.4,5,4,185,63,0.0,255,32767,0.0,2127-15-31,0.0,0.52,26.6,0.0,0.0,0.0,0,4.822265625,6,45,05:39,20:21,2025-05-22 16:15:21.698789,Città della Scienza,43.7,5.8305936,8.4847975,4.167265,3.774594,EU EEA Common AQI,81.1,4.7182426,6.9225793,7200,4.0285716,100,100,63.0,3.52,Very Low,81.7,4.6805778,100,1747929600,Very Low,3.3338118,5.8537464,Very Low,5.2045946,57.5,6.9714284,100,1747929600,4.4
2025-05-22T16:15:32Z,236,29.891,76.0,53,70.4,4,4,184,63,0.0,255,32767,0.0,2127-15-31,0.0,0.52,26.6,0.0,0.0,0.0,0,4.822265625,6,45,05:39,20:21,2025-05-22 16:15:32.752791,Città della Scienza,45.3,5.7565236,8.46151,4.2348013,3.7487235,EU EEA Common AQI,80.7,4.6859045,6.91115,7200,4.4142857,100,100,63.4,3.828571,Very Low,81.1,4.631793,100,1747930500,Very Low,3.387841,5.8188133,Very Low,5.272379,58.0,6.1857142,100,1747930500,4.785714
2025-05-22T16:15:44Z,236,29.892,76.0,53,70.4,3,4,180,63,0.0,255,32767,0.0,2127-15-31,0.0,0.52,26.6,0.0,0.0,0.0,0,4.822265625,6,45,05:39,20:21,2025-05-22 16:15:43.870797,Città della Scienza,45.3,5.7565236,8.46151,4.2348013,3.7487235,EU EEA Common AQI,80.7,4.6859045,6.91115,7200,4.4142857,100,100,63.4,3.828571,Very Low,81.1,4.631793,100,1747930500,Very Low,3.387841,5.8188133,Very Low,5.272379,58.0,6.1857142,100,1747930500,4.785714
2025-05-22T16:15:55Z,236,29.892,76.0,53,70.3,4,4,180,63,0.0,255,32767,0.0,2127-15-31,0.0,0.52,26.6,0.0,0.0,0.0,0,4.822265625,6,45,05:39,20:21,2025-05-22 16:15:54.917803,Città della Scienza,45.3,5.7565236,8.46151,4.2348013,3.7487235,EU EEA Common AQI,80.7,4.6859045,6.91115,7200,4.4142857,100,100,63.4,3.828571,Very Low,81.1,4.631793,100,1747930500,Very Low,3.387841,5.8188133,Very Low,5.272379,58.0,6.1857142,100,1747930500,4.785714
2025-05-22T16:16:06Z,236,29.892,76.0,53,70.3,6,4,184,63,0.0,255,32767,0.0,2127-15-31,0.0,0.52,26.6,0.0,0.0,0.0,0,4.822265625,6,45,05:39,20:21,2025-05-22 16:16:05.985744,Città della Scienza,45.3,5.7565236,8.46151,4.2348013,3.7487235,EU EEA Common AQI,80.7,4.6859045,6.91115,7200,4.4142857,100,100,63.4,3.828571,Very Low,81.1,4.631793,100,1747930500,Very Low,3.387841,5.8188133,Very Low,5.272379,58.0,6.1857142,100,1747930500,4.785714
2025-05-22T16:16:17Z,236,29.892,76.0,53,70.3,6,4,190,63,0.0,255,32767,0.0,2127-15-31,0.0,0.52,26.6,0.0,0.0,0.0,0,4.822265625,6,45,05:39,20:21,2025-05-22 16:16:17.054788,Città della Scienza,45.3,5.7565236,8.46151,4.2348013,3.7487235,EU EEA Common AQI,80.7,4.6859045,6.91115,7200,4.4142857,100,100,63.4,3.828571,Very Low,81.1,4.631793,100,1747930500,Very Low,3.387841,5.8188133,Very Low,5.272379,58.0,6.1857142,100,1747930500,4.785714
2025-05-22T16:16:28Z,236,29.892,76.0,53,70.3,5,4,178,63,0.0,255,32767,0.0,2127-15-31,0.0,0.52,26.6,0.0,0.0,0.0,0,4.822265625,6,45,05:39,20:21,2025-05-22 16:16:28.158785,Città della Scienza,45.3,5.7565236,8.46151,4.2348013,3.7487235,EU EEA Common AQI,80.7,4.6859045,6.91115,7200,4.4142857,100,100,63.4,3.828571,Very Low,81.1,4.631793,100,1747930500,Very Low,3.387841,5.8188133,Very Low,5.272379,58.0,6.1857142,100,1747930500,4.785714
2025-05-22T16:16:39Z,236,29.892,76.0,53,70.3,5,4,172,63,0.0,255,32767,0.0,2127-15-31,0.0,0.52,26.6,0.0,0.0,0.0,0,4.822265625,6,45,05:39,20:21,2025-05-22 16:16:39.233790,Città della Scienza,45.3,5.7565236,8.46151,4.2348013,3.7487235,EU EEA Common AQI,80.7,4.6859045,6.91115,7200,4.4142857,100,100,63.4,3.828571,Very Low,81.1,4.631793,100,1747930500,Very Low,3.387841,5.8188133,Very Low,5.272379,58.0,6.1857142,100,1747930500,4.785714
2025-05-22T16:16:50Z,236,29.892,76.0,53,70.3,4,4,169,63,0.0,255,32767,0.0,2127-15-31,0.0,0.52,26.6,0.0,0.0,0.0,0,4.822265625,6,45,05:39,20:21,2025-05-22 16:16:50.352789,Città della Scienza,45.3,5.7565236,8.46151,4.2348013,3.7487235,EU EEA Common AQI,80.7,4.6859045,6.91115,7200,4.4142857,100,100,63.4,3.828571,Very Low,81.1,4.631793,100,1747930500,Very Low,3.387841,5.8188133,Very Low,5.272379,58.0,6.1857142,100,1747930500,4.785714
2025-05-22T16:17:01Z,236,29.892,76.0,53,70.2,5,4,184,63,0.0,255,32767,0.0,2127-15-31,0.0,0.52,26.6,0.0,0.0,0.0,0,4.822265625,6,45,05:39,20:21,2025-05-22 16:17:01.419782,Città della Scienza,45.3,5.7565236,8.46151,4.2348013,3.7487235,EU EEA Common AQI,80.7,4.6859045,6.91115,7200,4.4142857,100,100,63.4,3.828571,Very Low,81.1,4.631793,100,1747930500,Very Low,3.387841,5.8188133,Very Low,5.272379,58.0,6.1857142,100,1747930500,4.785714
2025-05-22T16:17:12Z,236,29.892,76.0,53,70.2,5,4,179,63,0.0,255,32767,0.0,2127-15-31,0.0,0.52,26.6,0.0,0.0,0.0,0,4.822265625,6,45,05:39,20:21,2025-05-22 16:17:12.497783,Città della Scienza,45.3,5.7565236,8.46151,4.2348013,3.7487235,EU EEA Common AQI,80.7,4.6859045,6.91115,7200,4.4142857,100,100,63.4,3.828571,Very Low,81.1,4.631793,100,1747930500,Very Low,3.387841,5.8188133,Very Low,5.272379,58.0,6.1857142,100,1747930500,4.785714
2025-05-22T16:17:23Z,236,29.892,76.0,53,70.2,4,4,162,63,0.0,255,32767,0.0,2127-15-31,0.0,0.52,26.6,0.0,0.0,0.0,0,4.822265625,6,45,05:39,20:21,2025-05-22 16:17:23.569783,Città della Scienza,45.3,5.7565236,8.46151,4.2348013,3.7487235,EU EEA Common AQI,80.7,4.6859045,6.91115,7200,4.4142857,100,100,63.4,3.828571,Very Low,81.1,4.631793,100,1747930500,Very Low,3.387841,5.8188133,Very Low,5.272379,58.0,6.1857142,100,1747930500,4.785714
2025-05-22T16:17:34Z,236,29.891,76.0,53,70.2,3,4,154,63,0.0,255,32767,0.0,2127-15-31,0.0,0.52,26.6,0.0,0.0,0.0,0,4.822265625,6,45,05:39,20:21,2025-05-22 16:17:34.595802,Città della Scienza,45.3,5.7565236,8.46151,4.2348013,3.7487235,EU EEA Common AQI,80.7,4.6859045,6.91115,7200,4.4142857,100,100,63.4,3.828571,Very Low,81.1,4.631793,100,1747930500,Very Low,3.387841,5.8188133,Very Low,5.272379,58.0,6.1857142,100,1747930500,4.785714
2025-05-22T16:17:45Z,236,29.891,76.0,53,70.2,5,4,170,64,0.0,255,32767,0.0,2127-15-31,0.0,0.52,26.6,0.0,0.0,0.0,0,4.822265625,6,45,05:39,20:21,2025-05-22 16:17:45.652762,Città della Scienza,45.3,5.7565236,8.46151,4.2348013,3.7487235,EU EEA Common AQI,80.7,4.6859045,6.91115,7200,4.4142857,100,100,63.4,3.828571,Very Low,81.1,4.631793,100,1747930500,Very Low,3.387841,5.8188133,Very Low,5.272379,58.0,6.1857142,100,1747930500,4.785714
2025-05-22T16:17:56Z,236,29.891,76.0,53,70.1,3,4,157,64,0.0,255,32767,0.0,2127-15-31,0.0,0.52,26.6,0.0,0.0,0.0,0,4.822265625,6,45,05:39,20:21,2025-05-22 16:17:56.723790,Città della Scienza,45.3,5.7565236,8.46151,4.2348013,3.7487235,EU EEA Common AQI,80.7,4.6859045,6.91115,7200,4.4142857,100,100,63.4,3.828571,Very Low,81.1,4.631793,100,1747930500,Very Low,3.387841,5.8188133,Very Low,5.272379,58.0,6.1857142,100,1747930500,4.785714
2025-05-22T16:18:08Z,236,29.891,76.0,53,70.1,2,4,198,64,0.0,255,32767,0.0,2127-15-31,0.0,0.52,26.6,0.0,0.0,0.0,0,4.822265625,6,45,05:39,20:21,2025-05-22 16:18:07.837789,Città della Scienza,45.3,5.7565236,8.46151,4.2348013,3.7487235,EU EEA Common AQI,80.7,4.6859045,6.91115,7200,4.4142857,100,100,63.4,3.828571,Very Low,81.1,4.631793,100,1747930500,Very Low,3.387841,5.8188133,Very Low,5.272379,58.0,6.1857142,100,1747930500,4.785714
2025-05-22T16:18:19Z,236,29.891,76.0,53,70.1,5,4,182,64,0.0,255,32767,0.0,2127-15-31,0.0,0.52,26.6,0.0,0.0,0.0,0,4.822265625,6,45,05:39,20:21,2025-05-22 16:18:18.914788,Città della Scienza,45.3,5.7565236,8.46151,4.2348013,3.7487235,EU EEA Common AQI,80.7,4.6859045,6.91115,7200,4.4142857,100,100,63.4,3.828571,Very Low,81.1,4.631793,100,1747930500,Very Low,3.387841,5.8188133,Very Low,5.272379,58.0,6.1857142,100,1747930500,4.785714
2025-05-22T16:18:30Z,236,29.891,76.0,53,70.2,5,4,195,64,0.0,255,32767,0.0,2127-15-31,0.0,0.52,26.6,0.0,0.0,0.0,0,4.822265625,6,45,05:39,20:21,2025-05-22 16:18:30.017789,Città della Scienza,45.3,5.7565236,8.46151,4.2348013,3.7487235,EU EEA Common AQI,80.7,4.6859045,6.91115,7200,4.4142857,100,100,63.4,3.828571,Very Low,81.1,4.631793,100,1747930500,Very Low,3.387841,5.8188133,Very Low,5.272379,58.0,6.1857142,100,1747930500,4.785714
2025-05-22T16:18:41Z,236,29.892,76.0,53,70.2,6,4,196,64,0.0,255,32767,0.0,2127-15-31,0.0,0.52,26.6,0.0,0.0,0.0,0,4.822265625,6,45,05:39,20:21,2025-05-22 16:18:41.112804,Città della Scienza,45.3,5.7565236,8.46151,4.2348013,3.7487235,EU EEA Common AQI,80.7,4.6859045,6.91115,7200,4.4142857,100,100,63.4,3.828571,Very Low,81.1,4.631793,100,1747930500,Very Low,3.387841,5.8188133,Very Low,5.272379,58.0,6.1857142,100,1747930500,4.785714
2025-05-22T16:18:52Z,236,29.892,76.0,53,70.2,4,4,175,64,0.0,255,32767,0.0,2127-15-31,0.0,0.52,26.6,0.0,0.0,0.0,0,4.822265625,6,45,05:39,20:21,2025-05-22 16:18:52.223780,Città della Scienza,45.3,5.7565236,8.46151,4.2348013,3.7487235,EU EEA Common AQI,80.7,4.6859045,6.91115,7200,4.4142857,100,100,63.4,3.828571,Very Low,81.1,4.631793,100,1747930500,Very Low,3.387841,5.8188133,Very Low,5.272379,58.0,6.1857142,100,1747930500,4.785714
2025-05-22T16:19:03Z,236,29.892,76.0,53,70.2,2,4,144,64,0.0,255,32767,0.0,2127-15-31,0.0,0.52,26.6,0.0,0.0,0.0,0,4.822265625,6,45,05:39,20:21,2025-05-22 16:19:03.273792,Città della Scienza,45.3,5.7565236,8.46151,4.2348013,3.7487235,EU EEA Common AQI,80.7,4.6859045,6.91115,7200,4.4142857,100,100,63.4,3.828571,Very Low,81.1,4.631793,100,1747930500,Very Low,3.387841,5.8188133,Very Low,5.272379,58.0,6.1857142,100,1747930500,4.785714
2025-05-22T16:19:14Z,236,29.892,76.0,53,70.2,2,4,190,64,0.0,255,32767,0.0,2127-15-31,0.0,0.52,26.6,0.0,0.0,0.0,0,4.822265625,6,45,05:39,20:21,2025-05-22 16:19:14.333804,Città della Scienza,45.3,5.7565236,8.46151,4.2348013,3.7487235,EU EEA Common AQI,80.7,4.6859045,6.91115,7200,4.4142857,100,100,63.4,3.828571,Very Low,81.1,4.631793,100,1747930500,Very Low,3.387841,5.8188133,Very Low,5.272379,58.0,6.1857142,100,1747930500,4.785714
2025-05-22T16:19:25Z,236,29.892,76.0,53,70.1,2,4,184,64,0.0,255,32767,0.0,2127-15-31,0.0,0.52,26.6,0.0,0.0,0.0,0,4.822265625,6,45,05:39,20:21,2025-05-22 16:19:25.401822,Città della Scienza,45.3,5.7565236,8.46151,4.2348013,3.7487235,EU EEA Common AQI,80.7,4.6859045,6.91115,7200,4.4142857,100,100,63.4,3.828571,Very Low,81.1,4.631793,100,1747930500,Very Low,3.387841,5.8188133,Very Low,5.272379,58.0,6.1857142,100,1747930500,4.785714
2025-05-22T16:19:36Z,236,29.892,76.0,53,70.2,3,4,173,64,0.0,255,32767,0.0,2127-15-31,0.0,0.52,26.6,0.0,0.0,0.0,0,4.822265625,6,45,05:39,20:21,2025-05-22 16:19:36.456790,Città della Scienza,45.3,5.7565236,8.46151,4.2348013,3.7487235,EU EEA Common AQI,80.7,4.6859045,6.91115,7200,4.4142857,100,100,63.4,3.828571,Very Low,81.1,4.631793,100,1747930500,Very Low,3.387841,5.8188133,Very Low,5.272379,58.0,6.1857142,100,1747930500,4.785714
2025-05-22T16:19:47Z,236,29.892,76.0,53,70.2,4,4,183,64,0.0,255,32767,0.0,2127-15-31,0.0,0.52,26.6,0.0,0.0,0.0,0,4.822265625,6,45,05:39,20:21,2025-05-22 16:19:47.502790,Città della Scienza,45.3,5.7565236,8.46151,4.2348013,3.7487235,EU EEA Common AQI,80.7,4.6859045,6.91115,7200,4.4142857,100,100,63.4,3.828571,Very Low,81.1,4.631793,100,1747930500,Very Low,3.387841,5.8188133,Very Low,5.272379,58.0,6.1857142,100,1747930500,4.785714
2025-05-22T16:19:58Z,236,29.892,76.0,53,70.2,5,4,209,64,0.0,255,32767,0.0,2127-15-31,0.0,0.52,26.6,0.0,0.0,0.0,0,4.822265625,6,45,05:39,20:21,2025-05-22 16:19:58.558785,Città della Scienza,45.3,5.7565236,8.46151,4.2348013,3.7487235,EU EEA Common AQI,80.7,4.6859045,6.91115,7200,4.4142857,100,100,63.4,3.828571,Very Low,81.1,4.631793,100,1747930500,Very Low,3.387841,5.8188133,Very Low,5.272379,58.0,6.1857142,100,1747930500,4.785714
2025-05-22T16:20:09Z,236,29.892,76.0,53,70.2,3,4,219,64,0.0,255,32767,0.0,2127-15-31,0.0,0.52,26.6,0.0,0.0,0.0,0,4.822265625,6,45,05:39,20:21,2025-05-22 16:20:09.643805,Città della Scienza,45.3,5.7565236,8.46151,4.2348013,3.7487235,EU EEA Common AQI,80.7,4.6859045,6.91115,7200,4.4142857,100,100,63.4,3.828571,Very Low,81.1,4.631793,100,1747930500,Very Low,3.387841,5.8188133,Very Low,5.272379,58.0,6.1857142,100,1747930500,4.785714
2025-05-22T16:20:20Z,236,29.892,76.0,53,70.2,3,4,167,64,0.0,255,32767,0.0,2127-15-31,0.0,0.52,26.6,0.0,0.0,0.0,0,4.822265625,6,45,05:39,20:21,2025-05-22 16:20:20.692785,Città della Scienza,45.3,5.7565236,8.46151,4.2348013,3.7487235,EU EEA Common AQI,80.7,4.6859045,6.91115,7200,4.4142857,100,100,63.4,3.828571,Very Low,81.1,4.631793,100,1747930500,Very Low,3.387841,5.8188133,Very Low,5.272379,58.0,6.1857142,100,1747930500,4.785714
2025-05-22T16:20:32Z,236,29.892,76.0,53,70.2,3,4,178,64,0.0,255,32767,0.0,2127-15-31,0.0,0.52,26.6,0.0,0.0,0.0,0,4.822265625,6,45,05:39,20:21,2025-05-22 16:20:31.812790,Città della Scienza,45.3,5.7565236,8.46151,4.2348013,3.7487235,EU EEA Common AQI,80.7,4.6859045,6.91115,7200,4.4142857,100,100,63.4,3.828571,Very Low,81.1,4.631793,100,1747930500,Very Low,3.387841,5.8188133,Very Low,5.272379,58.0,6.1857142,100,1747930500,4.785714
2025-05-22T16:20:43Z,236,29.891,76.0,53,70.2,5,4,188,64,0.0,255,32767,0.0,2127-15-31,0.0,0.52,26.6,0.0,0.0,0.0,0,4.822265625,6,45,05:39,20:21,2025-05-22 16:20:42.879791,Città della Scienza,45.3,5.7565236,8.46151,4.2348013,3.7487235,EU EEA Common AQI,80.7,4.6859045,6.91115,7200,4.4142857,100,100,63.4,3.828571,Very Low,81.1,4.631793,100,1747930500,Very Low,3.387841,5.8188133,Very Low,5.272379,58.0,6.1857142,100,1747930500,4.785714
2025-05-22T16:20:54Z,236,29.891,76.0,53,70.2,5,4,185,64,0.0,255,32767,0.0,2127-15-31,0.0,0.52,26.6,0.0,0.0,0.0,0,4.822265625,6,45,05:39,20:21,2025-05-22 16:20:53.975809,Città della Scienza,45.3,5.7565236,8.46151,4.2348013,3.7487235,EU EEA Common AQI,80.7,4.6859045,6.91115,7200,4.4142857,100,100,63.4,3.828571,Very Low,81.1,4.631793,100,1747930500,Very Low,3.387841,5.8188133,Very Low,5.272379,58.0,6.1857142,100,1747930500,4.785714
2025-05-22T16:21:05Z,236,29.891,76.0,53,70.2,6,4,161,64,0.0,255,32767,0.0,2127-15-31,0.0,0.52,26.6,0.0,0.0,0.0,0,4.822265625,6,45,05:39,20:21,2025-05-22 16:21:05.047789,Città della Scienza,45.3,5.7565236,8.46151,4.2348013,3.7487235,EU EEA Common AQI,80.7,4.6859045,6.91115,7200,4.4142857,100,100,63.4,3.828571,Very Low,81.1,4.631793,100,1747930500,Very Low,3.387841,5.8188133,Very Low,5.272379,58.0,6.1857142,100,1747930500,4.785714
2025-05-22T16:21:16Z,236,29.891,76.0,53,70.2,5,4,178,64,0.0,255,32767,0.0,2127-15-31,0.0,0.52,26.6,0.0,0.0,0.0,0,4.822265625,6,45,05:39,20:21,2025-05-22 16:21:16.094790,Città della Scienza,45.3,5.7565236,8.46151,4.2348013,3.7487235,EU EEA Common AQI,80.7,4.6859045,6.91115,7200,4.4142857,100,100,63.4,3.828571,Very Low,81.1,4.631793,100,1747930500,Very Low,3.387841,5.8188133,Very Low,5.272379,58.0,6.1857142,100,1747930500,4.785714
2025-05-22T16:21:27Z,236,29.891,76.0,53,70.2,4,4,194,64,0.0,255,32767,0.0,2127-15-31,0.0,0.52,26.6,0.0,0.0,0.0,0,4.822265625,6,45,05:39,20:21,2025-05-22 16:21:27.149101,Città della Scienza,45.3,5.7565236,8.46151,4.2348013,3.7487235,EU EEA Common AQI,80.7,4.6859045,6.91115,7200,4.4142857,100,100,63.4,3.828571,Very Low,81.1,4.631793,100,1747930500,Very Low,3.387841,5.8188133,Very Low,5.272379,58.0,6.1857142,100,1747930500,4.785714
2025-05-22T16:21:38Z,236,29.889,76.0,53,70.2,2,4,247,64,0.0,255,32767,0.0,2127-15-31,0.0,0.52,26.6,0.0,0.0,0.0,0,4.822265625,6,45,05:39,20:21,2025-05-22 16:21:38.264795,Città della Scienza,45.3,5.7565236,8.46151,4.2348013,3.7487235,EU EEA Common AQI,80.7,4.6859045,6.91115,7200,4.4142857,100,100,63.4,3.828571,Very Low,81.1,4.631793,100,1747930500,Very Low,3.387841,5.8188133,Very Low,5.272379,58.0,6.1857142,100,1747930500,4.785714
2025-05-22T16:21:49Z,236,29.889,76.0,53,70.3,2,4,161,64,0.0,255,32767,0.0,2127-15-31,0.0,0.52,26.6,0.0,0.0,0.0,0,4.822265625,6,45,05:39,20:21,2025-05-22 16:21:49.345787,Città della Scienza,45.3,5.7565236,8.46151,4.2348013,3.7487235,EU EEA Common AQI,80.7,4.6859045,6.91115,7200,4.4142857,100,100,63.4,3.828571,Very Low,81.1,4.631793,100,1747930500,Very Low,3.387841,5.8188133,Very Low,5.272379,58.0,6.1857142,100,1747930500,4.785714
2025-05-22T16:22:00Z,236,29.889,76.0,53,70.3,6,4,158,64,0.0,255,32767,0.0,2127-15-31,0.0,0.52,26.6,0.0,0.0,0.0,0,4.822265625,6,45,05:39,20:21,2025-05-22 16:22:00.412788,Città della Scienza,45.3,5.7565236,8.46151,4.2348013,3.7487235,EU EEA Common AQI,80.7,4.6859045,6.91115,7200,4.4142857,100,100,63.4,3.828571,Very Low,81.1,4.631793,100,1747930500,Very Low,3.387841,5.8188133,Very Low,5.272379,58.0,6.1857142,100,1747930500,4.785714
2025-05-22T16:22:11Z,236,29.889,76.0,53,70.3,3,4,153,64,0.0,255,32767,0.0,2127-15-31,0.0,0.52,26.6,0.0,0.0,0.0,0,4.822265625,6,45,05:39,20:21,2025-05-22 16:22:11.503790,Città della Scienza,45.3,5.7565236,8.46151,4.2348013,3.7487235,EU EEA Common AQI,80.7,4.6859045,6.91115,7200,4.4142857,100,100,63.4,3.828571,Very Low,81.1,4.631793,100,1747930500,Very Low,3.387841,5.8188133,Very Low,5.272379,58.0,6.1857142,100,1747930500,4.785714
2025-05-22T16:22:22Z,236,29.889,76.0,53,70.3,6,4,156,64,0.0,255,32767,0.0,2127-15-31,0.0,0.52,26.6,0.0,0.0,0.0,0,4.822265625,6,45,05:39,20:21,2025-05-22 16:22:22.577787,Città della Scienza,45.3,5.7565236,8.46151,4.2348013,3.7487235,EU EEA Common AQI,80.7,4.6859045,6.91115,7200,4.4142857,100,100,63.4,3.828571,Very Low,81.1,4.631793,100,1747930500,Very Low,3.387841,5.8188133,Very Low,5.272379,58.0,6.1857142,100,1747930500,4.785714
2025-05-22T16:22:33Z,236,29.889,76.0,53,70.2,5,4,156,64,0.0,255,32767,0.0,2127-15-31,0.0,0.52,26.6,0.0,0.0,0.0,0,4.822265625,6,45,05:39,20:21,2025-05-22 16:22:33.700796,Città della Scienza,45.3,5.7565236,8.46151,4.2348013,3.7487235,EU EEA Common AQI,80.7,4.6859045,6.91115,7200,4.4142857,100,100,63.4,3.828571,Very Low,81.1,4.631793,100,1747930500,Very Low,3.387841,5.8188133,Very Low,5.272379,58.0,6.1857142,100,1747930500,4.785714
2025-05-22T16:22:45Z,236,29.892,76.0,53,70.2,5,4,192,64,0.0,255,32767,0.0,2127-15-31,0.0,0.52,26.6,0.0,0.0,0.0,0,4.822265625,6,45,05:39,20:21,2025-05-22 16:22:44.810778,Città della Scienza,45.3,5.7565236,8.46151,4.2348013,3.7487235,EU EEA Common AQI,80.7,4.6859045,6.91115,7200,4.4142857,100,100,63.4,3.828571,Very Low,81.1,4.631793,100,1747930500,Very Low,3.387841,5.8188133,Very Low,5.272379,58.0,6.1857142,100,1747930500,4.785714
2025-05-22T16:22:56Z,236,29.892,76.0,53,70.2,5,4,156,64,0.0,255,32767,0.0,2127-15-31,0.0,0.52,26.6,0.0,0.0,0.0,0,4.822265625,6,45,05:39,20:21,2025-05-22 16:22:55.886813,Città della Scienza,45.3,5.7565236,8.46151,4.2348013,3.7487235,EU EEA Common AQI,80.7,4.6859045,6.91115,7200,4.4142857,100,100,63.4,3.828571,Very Low,81.1,4.631793,100,1747930500,Very Low,3.387841,5.8188133,Very Low,5.272379,58.0,6.1857142,100,1747930500,4.785714
2025-05-22T16:23:07Z,236,29.892,76.0,53,70.2,3,4,178,64,0.0,255,32767,0.0,2127-15-31,0.0,0.52,26.6,0.0,0.0,0.0,0,4.822265625,6,45,05:39,20:21,2025-05-22 16:23:07.002789,Città della Scienza,45.3,5.7565236,8.46151,4.2348013,3.7487235,EU EEA Common AQI,80.7,4.6859045,6.91115,7200,4.4142857,100,100,63.4,3.828571,Very Low,81.1,4.631793,100,1747930500,Very Low,3.387841,5.8188133,Very Low,5.272379,58.0,6.1857142,100,1747930500,4.785714
2025-05-22T16:23:18Z,236,29.892,76.0,53,70.2,4,4,176,64,0.0,255,32767,0.0,2127-15-31,0.0,0.52,26.6,0.0,0.0,0.0,0,4.822265625,6,45,05:39,20:21,2025-05-22 16:23:18.110797,Città della Scienza,45.3,5.7565236,8.46151,4.2348013,3.7487235,EU EEA Common AQI,80.7,4.6859045,6.91115,7200,4.4142857,100,100,63.4,3.828571,Very Low,81.1,4.631793,100,1747930500,Very Low,3.387841,5.8188133,Very Low,5.272379,58.0,6.1857142,100,1747930500,4.785714
2025-05-22T16:23:29Z,236,29.892,76.0,53,70.1,3,4,156,64,0.0,255,32767,0.0,2127-15-31,0.0,0.52,26.6,0.0,0.0,0.0,0,4.822265625,6,45,05:39,20:21,2025-05-22 16:23:29.186792,Città della Scienza,45.3,5.7565236,8.46151,4.2348013,3.7487235,EU EEA Common AQI,80.7,4.6859045,6.91115,7200,4.4142857,100,100,63.4,3.828571,Very Low,81.1,4.631793,100,1747930500,Very Low,3.387841,5.8188133,Very Low,5.272379,58.0,6.1857142,100,1747930500,4.785714
2025-05-22T16:23:40Z,236,29.891,76.0,53,70.1,4,4,178,64,0.0,255,32767,0.0,2127-15-31,0.0,0.52,26.6,0.0,0.0,0.0,0,4.822265625,6,45,05:39,20:21,2025-05-22 16:23:40.276793,Città della Scienza,45.3,5.7565236,8.46151,4.2348013,3.7487235,EU EEA Common AQI,80.7,4.6859045,6.91115,7200,4.4142857,100,100,63.4,3.828571,Very Low,81.1,4.631793,100,1747930500,Very Low,3.387841,5.8188133,Very Low,5.272379,58.0,6.1857142,100,1747930500,4.785714
2025-05-22T16:23:51Z,236,29.891,76.0,53,70.2,6,4,155,64,0.0,255,32767,0.0,2127-15-31,0.0,0.52,26.6,0.0,0.0,0.0,0,4.822265625,6,45,05:39,20:21,2025-05-22 16:23:51.379794,Città della Scienza,45.3,5.7565236,8.46151,4.2348013,3.7487235,EU EEA Common AQI,80.7,4.6859045,6.91115,7200,4.4142857,100,100,63.4,3.828571,Very Low,81.1,4.631793,100,1747930500,Very Low,3.387841,5.8188133,Very Low,5.272379,58.0,6.1857142,100,1747930500,4.785714
2025-05-22T16:24:02Z,236,29.891,76.0,53,70.1,4,4,177,65,0.0,255,32767,0.0,2127-15-31,0.0,0.52,26.6,0.0,0.0,0.0,0,4.822265625,6,45,05:39,20:21,2025-05-22 16:24:02.475797,Città della Scienza,45.3,5.7565236,8.46151,4.2348013,3.7487235,EU EEA Common AQI,80.7,4.6859045,6.91115,7200,4.4142857,100,100,63.4,3.828571,Very Low,81.1,4.631793,100,1747930500,Very Low,3.387841,5.8188133,Very Low,5.272379,58.0,6.1857142,100,1747930500,4.785714
2025-05-22T16:24:13Z,236,29.891,76.0,53,70.2,5,4,174,65,0.0,255,32767,0.0,2127-15-31,0.0,0.52,26.6,0.0,0.0,0.0,0,4.822265625,6,45,05:39,20:21,2025-05-22 16:24:13.503792,Città della Scienza,45.3,5.7565236,8.46151,4.2348013,3.7487235,EU EEA Common AQI,80.7,4.6859045,6.91115,7200,4.4142857,100,100,63.4,3.828571,Very Low,81.1,4.631793,100,1747930500,Very Low,3.387841,5.8188133,Very Low,5.272379,58.0,6.1857142,100,1747930500,4.785714
2025-05-22T16:24:24Z,236,29.891,76.0,53,70.2,7,4,176,65,0.0,255,32767,0.0,2127-15-31,0.0,0.52,26.6,0.0,0.0,0.0,0,4.822265625,6,45,05:39,20:21,2025-05-22 16:24:24.559807,Città della Scienza,45.3,5.7565236,8.46151,4.2348013,3.7487235,EU EEA Common AQI,80.7,4.6859045,6.91115,7200,4.4142857,100,100,63.4,3.828571,Very Low,81.1,4.631793,100,1747930500,Very Low,3.387841,5.8188133,Very Low,5.272379,58.0,6.1857142,100,1747930500,4.785714
2025-05-22T16:24:49Z,236,29.892,76.0,53,70.1,6,4,171,65,0.0,255,32767,0.0,2127-15-31,0.0,0.52,26.6,0.0,0.0,0.0,0,4.822265625,6,45,05:39,20:21,2025-05-22 16:24:49.180800,Città della Scienza,45.3,5.7565236,8.46151,4.2348013,3.7487235,EU EEA Common AQI,80.7,4.6859045,6.91115,7200,4.4142857,100,100,63.4,3.828571,Very Low,81.1,4.631793,100,1747930500,Very Low,3.387841,5.8188133,Very Low,5.272379,58.0,6.1857142,100,1747930500,4.785714
2025-05-22T16:25:00Z,236,29.892,76.0,53,70.1,6,4,173,65,0.0,255,32767,0.0,2127-15-31,0.0,0.52,26.6,0.0,0.0,0.0,0,4.822265625,6,45,05:39,20:21,2025-05-22 16:25:00.299797,Città della Scienza,45.3,5.7565236,8.46151,4.2348013,3.7487235,EU EEA Common AQI,80.7,4.6859045,6.91115,7200,4.4142857,100,100,63.4,3.828571,Very Low,81.1,4.631793,100,1747930500,Very Low,3.387841,5.8188133,Very Low,5.272379,58.0,6.1857142,100,1747930500,4.785714
2025-05-22T16:25:11Z,236,29.892,76.0,53,70.1,6,4,180,65,0.0,255,32767,0.0,2127-15-31,0.0,0.52,26.6,0.0,0.0,0.0,0,4.822265625,6,45,05:39,20:21,2025-05-22 16:25:11.375794,Città della Scienza,45.3,5.7565236,8.46151,4.2348013,3.7487235,EU EEA Common AQI,80.7,4.6859045,6.91115,7200,4.4142857,100,100,63.4,3.828571,Very Low,81.1,4.631793,100,1747930500,Very Low,3.387841,5.8188133,Very Low,5.272379,58.0,6.1857142,100,1747930500,4.785714
2025-05-22T16:25:22Z,236,29.892,76.0,53,70.1,6,4,171,65,0.0,255,32767,0.0,2127-15-31,0.0,0.52,26.6,0.0,0.0,0.0,0,4.822265625,6,45,05:39,20:21,2025-05-22 16:25:22.471805,Città della Scienza,45.3,5.7565236,8.46151,4.2348013,3.7487235,EU EEA Common AQI,80.7,4.6859045,6.91115,7200,4.4142857,100,100,63.4,3.828571,Very Low,81.1,4.631793,100,1747930500,Very Low,3.387841,5.8188133,Very Low,5.272379,58.0,6.1857142,100,1747930500,4.785714
2025-05-22T16:25:33Z,236,29.892,76.0,53,70.1,5,4,178,65,0.0,255,32767,0.0,2127-15-31,0.0,0.52,26.6,0.0,0.0,0.0,0,4.822265625,6,45,05:39,20:21,2025-05-22 16:25:33.563790,Città della Scienza,45.3,5.7565236,8.46151,4.2348013,3.7487235,EU EEA Common AQI,80.7,4.6859045,6.91115,7200,4.4142857,100,100,63.4,3.828571,Very Low,81.1,4.631793,100,1747930500,Very Low,3.387841,5.8188133,Very Low,5.272379,58.0,6.1857142,100,1747930500,4.785714
2025-05-22T16:25:44Z,236,29.891,76.0,53,70.0,4,5,151,65,0.0,255,32767,0.0,2127-15-31,0.0,0.52,26.6,0.0,0.0,0.0,0,4.822265625,6,45,05:39,20:21,2025-05-22 16:25:44.614795,Città della Scienza,45.3,5.7565236,8.46151,4.2348013,3.7487235,EU EEA Common AQI,80.7,4.6859045,6.91115,7200,4.4142857,100,100,63.4,3.828571,Very Low,81.1,4.631793,100,1747930500,Very Low,3.387841,5.8188133,Very Low,5.272379,58.0,6.1857142,100,1747930500,4.785714
2025-05-22T16:25:55Z,236,29.891,76.0,53,70.0,5,5,165,65,0.0,255,32767,0.0,2127-15-31,0.0,0.52,26.6,0.0,0.0,0.0,0,4.822265625,6,45,05:39,20:21,2025-05-22 16:25:55.658808,Città della Scienza,45.3,5.7565236,8.46151,4.2348013,3.7487235,EU EEA Common AQI,80.7,4.6859045,6.91115,7200,4.4142857,100,100,63.4,3.828571,Very Low,81.1,4.631793,100,1747930500,Very Low,3.387841,5.8188133,Very Low,5.272379,58.0,6.1857142,100,1747930500,4.785714
2025-05-22T16:26:06Z,236,29.891,76.0,53,70.0,3,5,153,65,0.0,255,32767,0.0,2127-15-31,0.0,0.52,26.6,0.0,0.0,0.0,0,4.822265625,6,45,05:39,20:21,2025-05-22 16:26:06.786788,Città della Scienza,45.3,5.7565236,8.46151,4.2348013,3.7487235,EU EEA Common AQI,80.7,4.6859045,6.91115,7200,4.4142857,100,100,63.4,3.828571,Very Low,81.1,4.631793,100,1747930500,Very Low,3.387841,5.8188133,Very Low,5.272379,58.0,6.1857142,100,1747930500,4.785714
2025-05-22T16:26:18Z,236,29.891,76.0,53,69.9,4,5,171,65,0.0,255,32767,0.0,2127-15-31,0.0,0.52,26.6,0.0,0.0,0.0,0,4.822265625,6,45,05:39,20:21,2025-05-22 16:26:17.957790,Città della Scienza,45.3,5.7565236,8.46151,4.2348013,3.7487235,EU EEA Common AQI,80.7,4.6859045,6.91115,7200,4.4142857,100,100,63.4,3.828571,Very Low,81.1,4.631793,100,1747930500,Very Low,3.387841,5.8188133,Very Low,5.272379,58.0,6.1857142,100,1747930500,4.785714
2025-05-22T16:26:29Z,236,29.891,76.0,53,69.9,2,5,174,65,0.0,255,32767,0.0,2127-15-31,0.0,0.52,26.6,0.0,0.0,0.0,0,4.822265625,6,45,05:39,20:21,2025-05-22 16:26:29.091787,Città della Scienza,45.3,5.7565236,8.46151,4.2348013,3.7487235,EU EEA Common AQI,80.7,4.6859045,6.91115,7200,4.4142857,100,100,63.4,3.828571,Very Low,81.1,4.631793,100,1747930500,Very Low,3.387841,5.8188133,Very Low,5.272379,58.0,6.1857142,100,1747930500,4.785714
2025-05-22T16:26:40Z,236,29.891,76.0,53,69.9,4,4,161,65,0.0,255,32767,0.0,2127-15-31,0.0,0.52,26.6,0.0,0.0,0.0,0,4.822265625,6,45,05:39,20:21,2025-05-22 16:26:40.142802,Città della Scienza,45.3,5.7565236,8.46151,4.2348013,3.7487235,EU EEA Common AQI,80.7,4.6859045,6.91115,7200,4.4142857,100,100,63.4,3.828571,Very Low,81.1,4.631793,100,1747930500,Very Low,3.387841,5.8188133,Very Low,5.272379,58.0,6.1857142,100,1747930500,4.785714
2025-05-22T16:26:51Z,236,29.891,76.0,53,69.9,5,4,184,65,0.0,255,32767,0.0,2127-15-31,0.0,0.52,26.6,0.0,0.0,0.0,0,4.822265625,6,45,05:39,20:21,2025-05-22 16:26:51.194790,Città della Scienza,45.3,5.7565236,8.46151,4.2348013,3.7487235,EU EEA Common AQI,80.7,4.6859045,6.91115,7200,4.4142857,100,100,63.4,3.828571,Very Low,81.1,4.631793,100,1747930500,Very Low,3.387841,5.8188133,Very Low,5.272379,58.0,6.1857142,100,1747930500,4.785714
2025-05-22T16:27:02Z,236,29.891,76.0,53,69.9,3,4,172,65,0.0,255,32767,0.0,2127-15-31,0.0,0.52,26.6,0.0,0.0,0.0,0,4.822265625,6,45,05:39,20:21,2025-05-22 16:27:02.316795,Città della Scienza,45.3,5.7565236,8.46151,4.2348013,3.7487235,EU EEA Common AQI,80.7,4.6859045,6.91115,7200,4.4142857,100,100,63.4,3.828571,Very Low,81.1,4.631793,100,1747930500,Very Low,3.387841,5.8188133,Very Low,5.272379,58.0,6.1857142,100,1747930500,4.785714
2025-05-22T16:27:13Z,236,29.891,76.0,53,69.9,4,4,180,65,0.0,255,32767,0.0,2127-15-31,0.0,0.52,26.6,0.0,0.0,0.0,0,4.822265625,6,45,05:39,20:21,2025-05-22 16:27:13.411793,Città della Scienza,45.3,5.7565236,8.46151,4.2348013,3.7487235,EU EEA Common AQI,80.7,4.6859045,6.91115,7200,4.4142857,100,100,63.4,3.828571,Very Low,81.1,4.631793,100,1747930500,Very Low,3.387841,5.8188133,Very Low,5.272379,58.0,6.1857142,100,1747930500,4.785714
2025-05-22T16:27:24Z,236,29.891,76.0,53,69.9,6,4,148,66,0.0,255,32767,0.0,2127-15-31,0.0,0.52,26.6,0.0,0.0,0.0,0,4.822265625,6,45,05:39,20:21,2025-05-22 16:27:24.503803,Città della Scienza,45.3,5.7565236,8.46151,4.2348013,3.7487235,EU EEA Common AQI,80.7,4.6859045,6.91115,7200,4.4142857,100,100,63.4,3.828571,Very Low,81.1,4.631793,100,1747930500,Very Low,3.387841,5.8188133,Very Low,5.272379,58.0,6.1857142,100,1747930500,4.785714
2025-05-22T16:27:35Z,236,29.891,76.0,53,69.9,6,4,168,66,0.0,255,32767,0.0,2127-15-31,0.0,0.52,26.6,0.0,0.0,0.0,0,4.822265625,6,45,05:39,20:21,2025-05-22 16:27:35.582781,Città della Scienza,45.3,5.7565236,8.46151,4.2348013,3.7487235,EU EEA Common AQI,80.7,4.6859045,6.91115,7200,4.4142857,100,100,63.4,3.828571,Very Low,81.1,4.631793,100,1747930500,Very Low,3.387841,5.8188133,Very Low,5.272379,58.0,6.1857142,100,1747930500,4.785714
2025-05-22T16:27:46Z,236,29.891,76.0,53,69.9,4,4,167,66,0.0,255,32767,0.0,2127-15-31,0.0,0.52,26.6,0.0,0.0,0.0,0,4.822265625,6,45,05:39,20:21,2025-05-22 16:27:46.683789,Città della Scienza,45.3,5.7565236,8.46151,4.2348013,3.7487235,EU EEA Common AQI,80.7,4.6859045,6.91115,7200,4.4142857,100,100,63.4,3.828571,Very Low,81.1,4.631793,100,1747930500,Very Low,3.387841,5.8188133,Very Low,5.272379,58.0,6.1857142,100,1747930500,4.785714
2025-05-22T16:27:57Z,236,29.891,76.0,53,70.0,5,4,170,66,0.0,255,32767,0.0,2127-15-31,0.0,0.52,26.6,0.0,0.0,0.0,0,4.822265625,6,45,05:39,20:21,2025-05-22 16:27:57.711801,Città della Scienza,45.3,5.7565236,8.46151,4.2348013,3.7487235,EU EEA Common AQI,80.7,4.6859045,6.91115,7200,4.4142857,100,100,63.4,3.828571,Very Low,81.1,4.631793,100,1747930500,Very Low,3.387841,5.8188133,Very Low,5.272379,58.0,6.1857142,100,1747930500,4.785714
2025-05-22T16:28:08Z,236,29.891,76.0,53,69.9,5,4,165,66,0.0,255,32767,0.0,2127-15-31,0.0,0.52,26.6,0.0,0.0,0.0,0,4.822265625,6,45,05:39,20:21,2025-05-22 16:28:08.763758,Città della Scienza,45.3,5.7565236,8.46151,4.2348013,3.7487235,EU EEA Common AQI,80.7,4.6859045,6.91115,7200,4.4142857,100,100,63.4,3.828571,Very Low,81.1,4.631793,100,1747930500,Very Low,3.387841,5.8188133,Very Low,5.272379,58.0,6.1857142,100,1747930500,4.785714
2025-05-22T16:28:20Z,236,29.891,76.0,53,69.9,6,4,161,66,0.0,255,32767,0.0,2127-15-31,0.0,0.52,26.6,0.0,0.0,0.0,0,4.822265625,6,45,05:39,20:21,2025-05-22 16:28:19.832794,Città della Scienza,45.3,5.7565236,8.46151,4.2348013,3.7487235,EU EEA Common AQI,80.7,4.6859045,6.91115,7200,4.4142857,100,100,63.4,3.828571,Very Low,81.1,4.631793,100,1747930500,Very Low,3.387841,5.8188133,Very Low,5.272379,58.0,6.1857142,100,1747930500,4.785714
2025-05-22T16:28:31Z,236,29.891,76.0,53,69.9,6,4,169,66,0.0,255,32767,0.0,2127-15-31,0.0,0.52,26.6,0.0,0.0,0.0,0,4.822265625,6,45,05:39,20:21,2025-05-22 16:28:30.938789,Città della Scienza,45.3,5.7565236,8.46151,4.2348013,3.7487235,EU EEA Common AQI,80.7,4.6859045,6.91115,7200,4.4142857,100,100,63.4,3.828571,Very Low,81.1,4.631793,100,1747930500,Very Low,3.387841,5.8188133,Very Low,5.272379,58.0,6.1857142,100,1747930500,4.785714
2025-05-22T16:28:42Z,236,29.889,76.0,53,69.9,5,5,169,66,0.0,255,32767,0.0,2127-15-31,0.0,0.52,26.6,0.0,0.0,0.0,0,4.822265625,6,45,05:39,20:21,2025-05-22 16:28:42.021785,Città della Scienza,45.3,5.7565236,8.46151,4.2348013,3.7487235,EU EEA Common AQI,80.7,4.6859045,6.91115,7200,4.4142857,100,100,63.4,3.828571,Very Low,81.1,4.631793,100,1747930500,Very Low,3.387841,5.8188133,Very Low,5.272379,58.0,6.1857142,100,1747930500,4.785714
2025-05-22T16:28:53Z,236,29.889,76.0,53,69.9,5,5,158,66,0.0,255,32767,0.0,2127-15-31,0.0,0.52,26.6,0.0,0.0,0.0,0,4.822265625,6,45,05:39,20:21,2025-05-22 16:28:53.076781,Città della Scienza,45.3,5.7565236,8.46151,4.2348013,3.7487235,EU EEA Common AQI,80.7,4.6859045,6.91115,7200,4.4142857,100,100,63.4,3.828571,Very Low,81.1,4.631793,100,1747930500,Very Low,3.387841,5.8188133,Very Low,5.272379,58.0,6.1857142,100,1747930500,4.785714
2025-05-22T16:29:04Z,236,29.889,76.0,53,69.9,5,5,163,66,0.0,255,32767,0.0,2127-15-31,0.0,0.52,26.6,0.0,0.0,0.0,0,4.822265625,6,45,05:39,20:21,2025-05-22 16:29:04.218791,Città della Scienza,45.3,5.7565236,8.46151,4.2348013,3.7487235,EU EEA Common AQI,80.7,4.6859045,6.91115,7200,4.4142857,100,100,63.4,3.828571,Very Low,81.1,4.631793,100,1747930500,Very Low,3.387841,5.8188133,Very Low,5.272379,58.0,6.1857142,100,1747930500,4.785714
2025-05-22T16:29:15Z,236,29.889,76.0,53,69.9,6,5,160,65,0.0,255,32767,0.0,2127-15-31,0.0,0.52,26.6,0.0,0.0,0.0,0,4.822265625,6,45,05:39,20:21,2025-05-22 16:29:15.295792,Città della Scienza,45.3,5.7565236,8.46151,4.2348013,3.7487235,EU EEA Common AQI,80.7,4.6859045,6.91115,7200,4.4142857,100,100,63.4,3.828571,Very Low,81.1,4.631793,100,1747930500,Very Low,3.387841,5.8188133,Very Low,5.272379,58.0,6.1857142,100,1747930500,4.785714
2025-05-22T16:29:26Z,236,29.889,76.0,53,69.8,6,5,163,65,0.0,255,32767,0.0,2127-15-31,0.0,0.52,26.6,0.0,0.0,0.0,0,4.822265625,6,45,05:39,20:21,2025-05-22 16:29:26.347754,Città della Scienza,45.3,5.7565236,8.46151,4.2348013,3.7487235,EU EEA Common AQI,80.7,4.6859045,6.91115,7200,4.4142857,100,100,63.4,3.828571,Very Low,81.1,4.631793,100,1747930500,Very Low,3.387841,5.8188133,Very Low,5.272379,58.0,6.1857142,100,1747930500,4.785714
2025-05-22T16:29:37Z,236,29.89,76.0,53,69.8,5,5,171,65,0.0,255,32767,0.0,2127-15-31,0.0,0.52,26.6,0.0,0.0,0.0,0,4.822265625,6,45,05:39,20:21,2025-05-22 16:29:37.401780,Città della Scienza,45.3,5.7565236,8.46151,4.2348013,3.7487235,EU EEA Common AQI,80.7,4.6859045,6.91115,7200,4.4142857,100,100,63.4,3.828571,Very Low,81.1,4.631793,100,1747930500,Very Low,3.387841,5.8188133,Very Low,5.272379,58.0,6.1857142,100,1747930500,4.785714
2025-05-22T16:29:48Z,236,29.89,76.0,53,69.8,6,5,195,65,0.0,255,32767,0.0,2127-15-31,0.0,0.52,26.6,0.0,0.0,0.0,0,4.822265625,6,45,05:39,20:21,2025-05-22 16:29:48.446754,Città della Scienza,45.3,5.7565236,8.46151,4.2348013,3.7487235,EU EEA Common AQI,80.7,4.6859045,6.91115,7200,4.4142857,100,100,63.4,3.828571,Very Low,81.1,4.631793,100,1747930500,Very Low,3.387841,5.8188133,Very Low,5.272379,58.0,6.1857142,100,1747930500,4.785714
2025-05-22T16:29:59Z,236,29.89,76.0,53,69.8,5,5,166,66,0.0,255,32767,0.0,2127-15-31,0.0,0.52,26.6,0.0,0.0,0.0,0,4.822265625,6,45,05:39,20:21,2025-05-22 16:29:59.497795,Città della Scienza,45.3,5.7565236,8.46151,4.2348013,3.7487235,EU EEA Common AQI,80.7,4.6859045,6.91115,7200,4.4142857,100,100,63.4,3.828571,Very Low,81.1,4.631793,100,1747930500,Very Low,3.387841,5.8188133,Very Low,5.272379,58.0,6.1857142,100,1747930500,4.785714
2025-05-22T16:30:10Z,236,29.89,76.0,53,69.8,4,5,175,66,0.0,255,32767,0.0,2127-15-31,0.0,0.52,26.6,0.0,0.0,0.0,0,4.822265625,6,45,05:39,20:21,2025-05-22 16:30:10.616837,Città della Scienza,45.3,5.7565236,8.46151,4.2348013,3.7487235,EU EEA Common AQI,80.7,4.6859045,6.91115,7200,4.4142857,100,100,63.4,3.828571,Very Low,81.1,4.631793,100,1747930500,Very Low,3.387841,5.8188133,Very Low,5.272379,58.0,6.1857142,100,1747930500,4.785714
2025-05-22T16:30:21Z,236,29.89,76.0,53,69.8,4,5,171,66,0.0,255,32767,0.0,2127-15-31,0.0,0.52,26.6,0.0,0.0,0.0,0,4.822265625,6,45,05:39,20:21,2025-05-22 16:30:21.737810,Città della Scienza,45.3,5.7565236,8.46151,4.2348013,3.7487235,EU EEA Common AQI,80.7,4.6859045,6.91115,7200,4.4142857,100,100,63.4,3.828571,Very Low,81.1,4.631793,100,1747930500,Very Low,3.387841,5.8188133,Very Low,5.272379,58.0,6.1857142,100,1747930500,4.785714
2025-05-22T16:30:33Z,236,29.89,76.0,53,69.8,5,5,165,66,0.0,255,32767,0.0,2127-15-31,0.0,0.52,26.6,0.0,0.0,0.0,0,4.822265625,6,45,05:39,20:21,2025-05-22 16:30:32.818790,Città della Scienza,44.8,5.969271,8.471755,5.054837,4.012935,EU EEA Common AQI,83.3,5.016169,6.927249,7200,6.942029,100,100,65.0,6.6550727,Very Low,83.4,4.811078,100,1747931400,Very Low,4.0438695,6.182891,Very Low,6.184866,59.7,8.521739,100,1747931400,8.318841
2025-05-22T16:30:44Z,236,29.889,76.0,53,69.8,5,5,167,66,0.0,255,32767,0.0,2127-15-31,0.0,0.52,26.6,0.0,0.0,0.0,0,4.822265625,6,45,05:39,20:21,2025-05-22 16:30:43.942797,Città della Scienza,44.8,5.969271,8.471755,5.054837,4.012935,EU EEA Common AQI,83.3,5.016169,6.927249,7200,6.942029,100,100,65.0,6.6550727,Very Low,83.4,4.811078,100,1747931400,Very Low,4.0438695,6.182891,Very Low,6.184866,59.7,8.521739,100,1747931400,8.318841
2025-05-22T16:30:55Z,236,29.889,76.0,53,69.8,3,5,178,66,0.0,255,32767,0.0,2127-15-31,0.0,0.52,26.6,0.0,0.0,0.0,0,4.822265625,6,45,05:39,20:21,2025-05-22 16:30:54.996787,Città della Scienza,44.8,5.969271,8.471755,5.054837,4.012935,EU EEA Common AQI,83.3,5.016169,6.927249,7200,6.942029,100,100,65.0,6.6550727,Very Low,83.4,4.811078,100,1747931400,Very Low,4.0438695,6.182891,Very Low,6.184866,59.7,8.521739,100,1747931400,8.318841
2025-05-22T16:31:06Z,236,29.889,76.0,53,69.7,3,5,180,66,0.0,255,32767,0.0,2127-15-31,0.0,0.52,26.6,0.0,0.0,0.0,0,4.822265625,6,45,05:39,20:21,2025-05-22 16:31:06.077789,Città della Scienza,44.8,5.969271,8.471755,5.054837,4.012935,EU EEA Common AQI,83.3,5.016169,6.927249,7200,6.942029,100,100,65.0,6.6550727,Very Low,83.4,4.811078,100,1747931400,Very Low,4.0438695,6.182891,Very Low,6.184866,59.7,8.521739,100,1747931400,8.318841
2025-05-22T16:31:17Z,236,29.889,76.0,53,69.7,4,5,205,66,0.0,255,32767,0.0,2127-15-31,0.0,0.52,26.6,0.0,0.0,0.0,0,4.822265625,6,45,05:39,20:21,2025-05-22 16:31:17.207798,Città della Scienza,44.8,5.969271,8.471755,5.054837,4.012935,EU EEA Common AQI,83.3,5.016169,6.927249,7200,6.942029,100,100,65.0,6.6550727,Very Low,83.4,4.811078,100,1747931400,Very Low,4.0438695,6.182891,Very Low,6.184866,59.7,8.521739,100,1747931400,8.318841
2025-05-22T16:31:28Z,236,29.889,76.0,53,69.7,4,5,175,66,0.0,255,32767,0.0,2127-15-31,0.0,0.52,26.6,0.0,0.0,0.0,0,4.822265625,6,45,05:39,20:21,2025-05-22 16:31:28.248785,Città della Scienza,44.8,5.969271,8.471755,5.054837,4.012935,EU EEA Common AQI,83.3,5.016169,6.927249,7200,6.942029,100,100,65.0,6.6550727,Very Low,83.4,4.811078,100,1747931400,Very Low,4.0438695,6.182891,Very Low,6.184866,59.7,8.521739,100,1747931400,8.318841
2025-05-22T16:31:39Z,236,29.89,76.0,53,69.8,3,5,186,66,0.0,255,32767,0.0,2127-15-31,0.0,0.52,26.6,0.0,0.0,0.0,0,4.822265625,6,45,05:39,20:21,2025-05-22 16:31:39.384787,Città della Scienza,44.8,5.969271,8.471755,5.054837,4.012935,EU EEA Common AQI,83.3,5.016169,6.927249,7200,6.942029,100,100,65.0,6.6550727,Very Low,83.4,4.811078,100,1747931400,Very Low,4.0438695,6.182891,Very Low,6.184866,59.7,8.521739,100,1747931400,8.318841
2025-05-22T16:31:50Z,236,29.89,76.0,53,69.8,3,5,180,67,0.0,255,32767,0.0,2127-15-31,0.0,0.52,26.6,0.0,0.0,0.0,0,4.822265625,6,45,05:39,20:21,2025-05-22 16:31:50.469799,Città della Scienza,44.8,5.969271,8.471755,5.054837,4.012935,EU EEA Common AQI,83.3,5.016169,6.927249,7200,6.942029,100,100,65.0,6.6550727,Very Low,83.4,4.811078,100,1747931400,Very Low,4.0438695,6.182891,Very Low,6.184866,59.7,8.521739,100,1747931400,8.318841
2025-05-22T16:32:01Z,236,29.89,76.0,53,69.8,2,5,248,67,0.0,255,32767,0.0,2127-15-31,0.0,0.52,26.6,0.0,0.0,0.0,0,4.822265625,6,45,05:39,20:21,2025-05-22 16:32:01.525799,Città della Scienza,44.8,5.969271,8.471755,5.054837,4.012935,EU EEA Common AQI,83.3,5.016169,6.927249,7200,6.942029,100,100,65.0,6.6550727,Very Low,83.4,4.811078,100,1747931400,Very Low,4.0438695,6.182891,Very Low,6.184866,59.7,8.521739,100,1747931400,8.318841
2025-05-22T16:32:12Z,236,29.89,76.0,53,69.8,3,5,144,67,0.0,255,32767,0.0,2127-15-31,0.0,0.52,26.6,0.0,0.0,0.0,0,4.822265625,6,45,05:39,20:21,2025-05-22 16:32:12.615795,Città della Scienza,44.8,5.969271,8.471755,5.054837,4.012935,EU EEA Common AQI,83.3,5.016169,6.927249,7200,6.942029,100,100,65.0,6.6550727,Very Low,83.4,4.811078,100,1747931400,Very Low,4.0438695,6.182891,Very Low,6.184866,59.7,8.521739,100,1747931400,8.318841
2025-05-22T16:32:23Z,236,29.89,76.0,53,69.9,5,5,189,67,0.0,255,32767,0.0,2127-15-31,0.0,0.52,26.6,0.0,0.0,0.0,0,4.822265625,6,45,05:39,20:21,2025-05-22 16:32:23.727749,Città della Scienza,44.8,5.969271,8.471755,5.054837,4.012935,EU EEA Common AQI,83.3,5.016169,6.927249,7200,6.942029,100,100,65.0,6.6550727,Very Low,83.4,4.811078,100,1747931400,Very Low,4.0438695,6.182891,Very Low,6.184866,59.7,8.521739,100,1747931400,8.318841
2025-05-22T16:32:34Z,236,29.889,76.1,53,69.9,2,5,236,67,0.0,255,32767,0.0,2127-15-31,0.0,0.52,26.6,0.0,0.0,0.0,0,4.822265625,6,45,05:39,20:21,2025-05-22 16:32:34.795785,Città della Scienza,44.8,5.969271,8.471755,5.054837,4.012935,EU EEA Common AQI,83.3,5.016169,6.927249,7200,6.942029,100,100,65.0,6.6550727,Very Low,83.4,4.811078,100,1747931400,Very Low,4.0438695,6.182891,Very Low,6.184866,59.7,8.521739,100,1747931400,8.318841
2025-05-22T16:32:46Z,236,29.889,76.1,53,69.9,4,5,171,67,0.0,255,32767,0.0,2127-15-31,0.0,0.52,26.6,0.0,0.0,0.0,0,4.822265625,6,45,05:39,20:21,2025-05-22 16:32:45.898791,Città della Scienza,44.8,5.969271,8.471755,5.054837,4.012935,EU EEA Common AQI,83.3,5.016169,6.927249,7200,6.942029,100,100,65.0,6.6550727,Very Low,83.4,4.811078,100,1747931400,Very Low,4.0438695,6.182891,Very Low,6.184866,59.7,8.521739,100,1747931400,8.318841
2025-05-22T16:32:57Z,236,29.889,76.1,53,69.9,2,5,223,67,0.0,255,32767,0.0,2127-15-31,0.0,0.52,26.6,0.0,0.0,0.0,0,4.822265625,6,45,05:39,20:21,2025-05-22 16:32:56.938797,Città della Scienza,44.8,5.969271,8.471755,5.054837,4.012935,EU EEA Common AQI,83.3,5.016169,6.927249,7200,6.942029,100,100,65.0,6.6550727,Very Low,83.4,4.811078,100,1747931400,Very Low,4.0438695,6.182891,Very Low,6.184866,59.7,8.521739,100,1747931400,8.318841
2025-05-22T16:33:08Z,236,29.889,76.1,53,70.0,2,5,162,67,0.0,255,32767,0.0,2127-15-31,0.0,0.52,26.6,0.0,0.0,0.0,0,4.822265625,6,45,05:39,20:21,2025-05-22 16:33:07.975789,Città della Scienza,44.8,5.969271,8.471755,5.054837,4.012935,EU EEA Common AQI,83.3,5.016169,6.927249,7200,6.942029,100,100,65.0,6.6550727,Very Low,83.4,4.811078,100,1747931400,Very Low,4.0438695,6.182891,Very Low,6.184866,59.7,8.521739,100,1747931400,8.318841
2025-05-22T16:33:19Z,236,29.889,76.1,53,70.1,4,5,167,67,0.0,255,32767,0.0,2127-15-31,0.0,0.52,26.6,0.0,0.0,0.0,0,4.822265625,6,45,05:39,20:21,2025-05-22 16:33:19.072795,Città della Scienza,44.8,5.969271,8.471755,5.054837,4.012935,EU EEA Common AQI,83.3,5.016169,6.927249,7200,6.942029,100,100,65.0,6.6550727,Very Low,83.4,4.811078,100,1747931400,Very Low,4.0438695,6.182891,Very Low,6.184866,59.7,8.521739,100,1747931400,8.318841
2025-05-22T16:33:30Z,236,29.889,76.1,53,70.1,4,5,177,67,0.0,255,32767,0.0,2127-15-31,0.0,0.52,26.6,0.0,0.0,0.0,0,4.822265625,6,45,05:39,20:21,2025-05-22 16:33:30.191788,Città della Scienza,44.8,5.969271,8.471755,5.054837,4.012935,EU EEA Common AQI,83.3,5.016169,6.927249,7200,6.942029,100,100,65.0,6.6550727,Very Low,83.4,4.811078,100,1747931400,Very Low,4.0438695,6.182891,Very Low,6.184866,59.7,8.521739,100,1747931400,8.318841
2025-05-22T16:33:41Z,236,29.892,76.0,53,70.1,8,4,252,67,0.0,255,32767,0.0,2127-15-31,0.0,0.52,26.6,0.0,0.0,0.0,0,4.822265625,6,45,05:39,20:21,2025-05-22 16:33:41.266799,Città della Scienza,44.8,5.969271,8.471755,5.054837,4.012935,EU EEA Common AQI,83.3,5.016169,6.927249,7200,6.942029,100,100,65.0,6.6550727,Very Low,83.4,4.811078,100,1747931400,Very Low,4.0438695,6.182891,Very Low,6.184866,59.7,8.521739,100,1747931400,8.318841
2025-05-22T16:33:52Z,236,29.892,76.0,53,70.1,4,4,212,67,0.0,255,32767,0.0,2127-15-31,0.0,0.52,26.6,0.0,0.0,0.0,0,4.822265625,6,45,05:39,20:21,2025-05-22 16:33:52.339750,Città della Scienza,44.8,5.969271,8.471755,5.054837,4.012935,EU EEA Common AQI,83.3,5.016169,6.927249,7200,6.942029,100,100,65.0,6.6550727,Very Low,83.4,4.811078,100,1747931400,Very Low,4.0438695,6.182891,Very Low,6.184866,59.7,8.521739,100,1747931400,8.318841
2025-05-22T16:34:03Z,236,29.892,76.0,53,70.1,5,4,184,67,0.0,255,32767,0.0,2127-15-31,0.0,0.52,26.6,0.0,0.0,0.0,0,4.822265625,6,45,05:39,20:21,2025-05-22 16:34:03.421797,Città della Scienza,44.8,5.969271,8.471755,5.054837,4.012935,EU EEA Common AQI,83.3,5.016169,6.927249,7200,6.942029,100,100,65.0,6.6550727,Very Low,83.4,4.811078,100,1747931400,Very Low,4.0438695,6.182891,Very Low,6.184866,59.7,8.521739,100,1747931400,8.318841
2025-05-22T16:34:14Z,236,29.892,76.0,53,70.2,6,4,229,67,0.0,255,32767,0.0,2127-15-31,0.0,0.52,26.6,0.0,0.0,0.0,0,4.822265625,6,45,05:39,20:21,2025-05-22 16:34:14.595815,Città della Scienza,44.8,5.969271,8.471755,5.054837,4.012935,EU EEA Common AQI,83.3,5.016169,6.927249,7200,6.942029,100,100,65.0,6.6550727,Very Low,83.4,4.811078,100,1747931400,Very Low,4.0438695,6.182891,Very Low,6.184866,59.7,8.521739,100,1747931400,8.318841
2025-05-22T16:34:25Z,236,29.892,76.0,53,70.2,2,4,207,67,0.0,255,32767,0.0,2127-15-31,0.0,0.52,26.6,0.0,0.0,0.0,0,4.822265625,6,45,05:39,20:21,2025-05-22 16:34:25.696776,Città della Scienza,44.8,5.969271,8.471755,5.054837,4.012935,EU EEA Common AQI,83.3,5.016169,6.927249,7200,6.942029,100,100,65.0,6.6550727,Very Low,83.4,4.811078,100,1747931400,Very Low,4.0438695,6.182891,Very Low,6.184866,59.7,8.521739,100,1747931400,8.318841
2025-05-22T16:34:37Z,236,29.891,76.0,53,70.2,1,4,231,67,0.0,255,32767,0.0,2127-15-31,0.0,0.52,26.6,0.0,0.0,0.0,0,4.822265625,6,45,05:39,20:21,2025-05-22 16:34:36.813788,Città della Scienza,44.8,5.969271,8.471755,5.054837,4.012935,EU EEA Common AQI,83.3,5.016169,6.927249,7200,6.942029,100,100,65.0,6.6550727,Very Low,83.4,4.811078,100,1747931400,Very Low,4.0438695,6.182891,Very Low,6.184866,59.7,8.521739,100,1747931400,8.318841
2025-05-22T16:35:01Z,236,29.891,76.0,53,70.3,2,4,209,67,0.0,255,32767,0.0,2127-15-31,0.0,0.52,26.6,0.0,0.0,0.0,0,4.822265625,6,45,05:39,20:21,2025-05-22 16:35:01.429799,Città della Scienza,44.8,5.969271,8.471755,5.054837,4.012935,EU EEA Common AQI,83.3,5.016169,6.927249,7200,6.942029,100,100,65.0,6.6550727,Very Low,83.4,4.811078,100,1747931400,Very Low,4.0438695,6.182891,Very Low,6.184866,59.7,8.521739,100,1747931400,8.318841
2025-05-22T16:35:12Z,236,29.891,76.0,53,70.3,3,4,311,67,0.0,255,32767,0.0,2127-15-31,0.0,0.52,26.6,0.0,0.0,0.0,0,4.822265625,6,45,05:39,20:21,2025-05-22 16:35:12.535787,Città della Scienza,44.8,5.969271,8.471755,5.054837,4.012935,EU EEA Common AQI,83.3,5.016169,6.927249,7200,6.942029,100,100,65.0,6.6550727,Very Low,83.4,4.811078,100,1747931400,Very Low,4.0438695,6.182891,Very Low,6.184866,59.7,8.521739,100,1747931400,8.318841
2025-05-22T16:35:23Z,236,29.891,76.0,53,70.3,4,4,204,67,0.0,255,32767,0.0,2127-15-31,0.0,0.52,26.6,0.0,0.0,0.0,0,4.822265625,6,45,05:39,20:21,2025-05-22 16:35:23.627793,Città della Scienza,44.8,5.969271,8.471755,5.054837,4.012935,EU EEA Common AQI,83.3,5.016169,6.927249,7200,6.942029,100,100,65.0,6.6550727,Very Low,83.4,4.811078,100,1747931400,Very Low,4.0438695,6.182891,Very Low,6.184866,59.7,8.521739,100,1747931400,8.318841
2025-05-22T16:35:34Z,236,29.894,76.1,53,70.3,3,4,209,67,0.0,255,32767,0.0,2127-15-31,0.0,0.52,26.6,0.0,0.0,0.0,0,4.822265625,6,45,05:39,20:21,2025-05-22 16:35:34.685784,Città della Scienza,44.8,5.969271,8.471755,5.054837,4.012935,EU EEA Common AQI,83.3,5.016169,6.927249,7200,6.942029,100,100,65.0,6.6550727,Very Low,83.4,4.811078,100,1747931400,Very Low,4.0438695,6.182891,Very Low,6.184866,59.7,8.521739,100,1747931400,8.318841
2025-05-22T16:35:46Z,236,29.894,76.1,53,70.4,3,4,186,67,0.0,255,32767,0.0,2127-15-31,0.0,0.52,26.6,0.0,0.0,0.0,0,4.822265625,6,45,05:39,20:21,2025-05-22 16:35:45.804803,Città della Scienza,44.8,5.969271,8.471755,5.054837,4.012935,EU EEA Common AQI,83.3,5.016169,6.927249,7200,6.942029,100,100,65.0,6.6550727,Very Low,83.4,4.811078,100,1747931400,Very Low,4.0438695,6.182891,Very Low,6.184866,59.7,8.521739,100,1747931400,8.318841
2025-05-22T16:35:57Z,236,29.894,76.1,53,70.4,4,4,188,67,0.0,255,32767,0.0,2127-15-31,0.0,0.52,26.6,0.0,0.0,0.0,0,4.822265625,6,45,05:39,20:21,2025-05-22 16:35:56.884786,Città della Scienza,44.8,5.969271,8.471755,5.054837,4.012935,EU EEA Common AQI,83.3,5.016169,6.927249,7200,6.942029,100,100,65.0,6.6550727,Very Low,83.4,4.811078,100,1747931400,Very Low,4.0438695,6.182891,Very Low,6.184866,59.7,8.521739,100,1747931400,8.318841
2025-05-22T16:36:08Z,236,29.894,76.1,53,70.4,5,4,173,68,0.0,255,32767,0.0,2127-15-31,0.0,0.52,26.6,0.0,0.0,0.0,0,4.822265625,6,45,05:39,20:21,2025-05-22 16:36:07.983790,Città della Scienza,44.8,5.969271,8.471755,5.054837,4.012935,EU EEA Common AQI,83.3,5.016169,6.927249,7200,6.942029,100,100,65.0,6.6550727,Very Low,83.4,4.811078,100,1747931400,Very Low,4.0438695,6.182891,Very Low,6.184866,59.7,8.521739,100,1747931400,8.318841
2025-05-22T16:36:19Z,236,29.894,76.1,53,70.5,7,4,182,68,0.0,255,32767,0.0,2127-15-31,0.0,0.52,26.6,0.0,0.0,0.0,0,4.822265625,6,45,05:39,20:21,2025-05-22 16:36:19.090786,Città della Scienza,44.8,5.969271,8.471755,5.054837,4.012935,EU EEA Common AQI,83.3,5.016169,6.927249,7200,6.942029,100,100,65.0,6.6550727,Very Low,83.4,4.811078,100,1747931400,Very Low,4.0438695,6.182891,Very Low,6.184866,59.7,8.521739,100,1747931400,8.318841
2025-05-22T16:36:30Z,236,29.894,76.1,53,70.5,5,4,179,68,0.0,255,32767,0.0,2127-15-31,0.0,0.52,26.6,0.0,0.0,0.0,0,4.822265625,6,45,05:39,20:21,2025-05-22 16:36:30.187800,Città della Scienza,44.8,5.969271,8.471755,5.054837,4.012935,EU EEA Common AQI,83.3,5.016169,6.927249,7200,6.942029,100,100,65.0,6.6550727,Very Low,83.4,4.811078,100,1747931400,Very Low,4.0438695,6.182891,Very Low,6.184866,59.7,8.521739,100,1747931400,8.318841
2025-05-22T16:36:41Z,236,29.893,76.1,53,70.5,5,4,179,68,0.0,255,32767,0.0,2127-15-31,0.0,0.52,26.6,0.0,0.0,0.0,0,4.822265625,6,45,05:39,20:21,2025-05-22 16:36:41.277783,Città della Scienza,44.8,5.969271,8.471755,5.054837,4.012935,EU EEA Common AQI,83.3,5.016169,6.927249,7200,6.942029,100,100,65.0,6.6550727,Very Low,83.4,4.811078,100,1747931400,Very Low,4.0438695,6.182891,Very Low,6.184866,59.7,8.521739,100,1747931400,8.318841
2025-05-22T16:36:52Z,236,29.893,76.1,53,70.5,7,4,190,68,0.0,255,32767,0.0,2127-15-31,0.0,0.52,26.6,0.0,0.0,0.0,0,4.822265625,6,45,05:39,20:21,2025-05-22 16:36:52.372798,Città della Scienza,44.8,5.969271,8.471755,5.054837,4.012935,EU EEA Common AQI,83.3,5.016169,6.927249,7200,6.942029,100,100,65.0,6.6550727,Very Low,83.4,4.811078,100,1747931400,Very Low,4.0438695,6.182891,Very Low,6.184866,59.7,8.521739,100,1747931400,8.318841
2025-05-22T16:37:03Z,236,29.893,76.1,53,70.4,6,4,180,67,0.0,255,32767,0.0,2127-15-31,0.0,0.52,26.6,0.0,0.0,0.0,0,4.822265625,6,45,05:39,20:21,2025-05-22 16:37:03.474788,Città della Scienza,44.8,5.969271,8.471755,5.054837,4.012935,EU EEA Common AQI,83.3,5.016169,6.927249,7200,6.942029,100,100,65.0,6.6550727,Very Low,83.4,4.811078,100,1747931400,Very Low,4.0438695,6.182891,Very Low,6.184866,59.7,8.521739,100,1747931400,8.318841
2025-05-22T16:37:14Z,236,29.893,76.1,53,70.4,6,4,188,67,0.0,255,32767,0.0,2127-15-31,0.0,0.52,26.6,0.0,0.0,0.0,0,4.822265625,6,45,05:39,20:21,2025-05-22 16:37:14.530796,Città della Scienza,44.8,5.969271,8.471755,5.054837,4.012935,EU EEA Common AQI,83.3,5.016169,6.927249,7200,6.942029,100,100,65.0,6.6550727,Very Low,83.4,4.811078,100,1747931400,Very Low,4.0438695,6.182891,Very Low,6.184866,59.7,8.521739,100,1747931400,8.318841
2025-05-22T16:37:25Z,236,29.893,76.1,53,70.4,10,4,182,67,0.0,255,32767,0.0,2127-15-31,0.0,0.52,26.6,0.0,0.0,0.0,0,4.822265625,6,45,05:39,20:21,2025-05-22 16:37:25.582793,Città della Scienza,44.8,5.969271,8.471755,5.054837,4.012935,EU EEA Common AQI,83.3,5.016169,6.927249,7200,6.942029,100,100,65.0,6.6550727,Very Low,83.4,4.811078,100,1747931400,Very Low,4.0438695,6.182891,Very Low,6.184866,59.7,8.521739,100,1747931400,8.318841
2025-05-22T16:37:36Z,236,29.894,76.1,53,70.4,7,4,187,67,0.0,255,32767,0.0,2127-15-31,0.0,0.52,26.6,0.0,0.0,0.0,0,4.822265625,6,45,05:39,20:21,2025-05-22 16:37:36.654796,Città della Scienza,44.8,5.969271,8.471755,5.054837,4.012935,EU EEA Common AQI,83.3,5.016169,6.927249,7200,6.942029,100,100,65.0,6.6550727,Very Low,83.4,4.811078,100,1747931400,Very Low,4.0438695,6.182891,Very Low,6.184866,59.7,8.521739,100,1747931400,8.318841
2025-05-22T16:37:47Z,236,29.894,76.1,53,70.4,11,4,169,67,0.0,255,32767,0.0,2127-15-31,0.0,0.52,26.6,0.0,0.0,0.0,0,4.822265625,6,45,05:39,20:21,2025-05-22 16:37:47.704796,Città della Scienza,44.8,5.969271,8.471755,5.054837,4.012935,EU EEA Common AQI,83.3,5.016169,6.927249,7200,6.942029,100,100,65.0,6.6550727,Very Low,83.4,4.811078,100,1747931400,Very Low,4.0438695,6.182891,Very Low,6.184866,59.7,8.521739,100,1747931400,8.318841
2025-05-22T16:37:58Z,236,29.894,76.1,53,70.3,4,4,228,66,0.0,255,32767,0.0,2127-15-31,0.0,0.52,26.6,0.0,0.0,0.0,0,4.822265625,6,45,05:39,20:21,2025-05-22 16:37:58.768794,Città della Scienza,44.8,5.969271,8.471755,5.054837,4.012935,EU EEA Common AQI,83.3,5.016169,6.927249,7200,6.942029,100,100,65.0,6.6550727,Very Low,83.4,4.811078,100,1747931400,Very Low,4.0438695,6.182891,Very Low,6.184866,59.7,8.521739,100,1747931400,8.318841
2025-05-22T16:38:10Z,236,29.894,76.1,53,70.3,4,4,179,66,0.0,255,32767,0.0,2127-15-31,0.0,0.52,26.6,0.0,0.0,0.0,0,4.822265625,6,45,05:39,20:21,2025-05-22 16:38:09.840802,Città della Scienza,44.8,5.969271,8.471755,5.054837,4.012935,EU EEA Common AQI,83.3,5.016169,6.927249,7200,6.942029,100,100,65.0,6.6550727,Very Low,83.4,4.811078,100,1747931400,Very Low,4.0438695,6.182891,Very Low,6.184866,59.7,8.521739,100,1747931400,8.318841
2025-05-22T16:38:21Z,236,29.894,76.1,53,70.3,8,4,189,66,0.0,255,32767,0.0,2127-15-31,0.0,0.52,26.6,0.0,0.0,0.0,0,4.822265625,6,45,05:39,20:21,2025-05-22 16:38:20.911831,Città della Scienza,44.8,5.969271,8.471755,5.054837,4.012935,EU EEA Common AQI,83.3,5.016169,6.927249,7200,6.942029,100,100,65.0,6.6550727,Very Low,83.4,4.811078,100,1747931400,Very Low,4.0438695,6.182891,Very Low,6.184866,59.7,8.521739,100,1747931400,8.318841
2025-05-22T16:38:32Z,236,29.894,76.1,53,70.2,10,4,186,66,0.0,255,32767,0.0,2127-15-31,0.0,0.52,26.6,0.0,0.0,0.0,0,4.822265625,6,45,05:39,20:21,2025-05-22 16:38:32.008788,Città della Scienza,44.8,5.969271,8.471755,5.054837,4.012935,EU EEA Common AQI,83.3,5.016169,6.927249,7200,6.942029,100,100,65.0,6.6550727,Very Low,83.4,4.811078,100,1747931400,Very Low,4.0438695,6.182891,Very Low,6.184866,59.7,8.521739,100,1747931400,8.318841
2025-05-22T16:38:43Z,236,29.891,76.1,53,70.2,10,5,184,66,0.0,255,32767,0.0,2127-15-31,0.0,0.52,26.6,0.0,0.0,0.0,0,4.822265625,6,45,05:39,20:21,2025-05-22 16:38:43.125789,Città della Scienza,44.8,5.969271,8.471755,5.054837,4.012935,EU EEA Common AQI,83.3,5.016169,6.927249,7200,6.942029,100,100,65.0,6.6550727,Very Low,83.4,4.811078,100,1747931400,Very Low,4.0438695,6.182891,Very Low,6.184866,59.7,8.521739,100,1747931400,8.318841
2025-05-22T16:38:54Z,236,29.891,76.1,53,70.1,7,5,187,66,0.0,255,32767,0.0,2127-15-31,0.0,0.52,26.6,0.0,0.0,0.0,0,4.822265625,6,45,05:39,20:21,2025-05-22 16:38:54.204795,Città della Scienza,44.8,5.969271,8.471755,5.054837,4.012935,EU EEA Common AQI,83.3,5.016169,6.927249,7200,6.942029,100,100,65.0,6.6550727,Very Low,83.4,4.811078,100,1747931400,Very Low,4.0438695,6.182891,Very Low,6.184866,59.7,8.521739,100,1747931400,8.318841
2025-05-22T16:39:05Z,236,29.891,76.1,53,70.1,9,5,250,66,0.0,255,32767,0.0,2127-15-31,0.0,0.52,26.6,0.0,0.0,0.0,0,4.822265625,6,45,05:39,20:21,2025-05-22 16:39:05.331794,Città della Scienza,44.8,5.969271,8.471755,5.054837,4.012935,EU EEA Common AQI,83.3,5.016169,6.927249,7200,6.942029,100,100,65.0,6.6550727,Very Low,83.4,4.811078,100,1747931400,Very Low,4.0438695,6.182891,Very Low,6.184866,59.7,8.521739,100,1747931400,8.318841
2025-05-22T16:39:16Z,236,29.891,76.1,53,70.1,4,5,212,66,0.0,255,32767,0.0,2127-15-31,0.0,0.52,26.6,0.0,0.0,0.0,0,4.822265625,6,45,05:39,20:21,2025-05-22 16:39:16.466793,Città della Scienza,44.8,5.969271,8.471755,5.054837,4.012935,EU EEA Common AQI,83.3,5.016169,6.927249,7200,6.942029,100,100,65.0,6.6550727,Very Low,83.4,4.811078,100,1747931400,Very Low,4.0438695,6.182891,Very Low,6.184866,59.7,8.521739,100,1747931400,8.318841
2025-05-22T16:39:27Z,236,29.891,76.1,53,70.1,5,5,186,66,0.0,255,32767,0.0,2127-15-31,0.0,0.52,26.6,0.0,0.0,0.0,0,4.822265625,6,45,05:39,20:21,2025-05-22 16:39:27.599785,Città della Scienza,44.8,5.969271,8.471755,5.054837,4.012935,EU EEA Common AQI,83.3,5.016169,6.927249,7200,6.942029,100,100,65.0,6.6550727,Very Low,83.4,4.811078,100,1747931400,Very Low,4.0438695,6.182891,Very Low,6.184866,59.7,8.521739,100,1747931400,8.318841
2025-05-22T16:39:38Z,236,29.892,76.0,53,70.1,6,5,186,66,0.0,255,32767,0.0,2127-15-31,0.0,0.52,26.6,0.0,0.0,0.0,0,4.822265625,6,45,05:39,20:21,2025-05-22 16:39:38.705787,Città della Scienza,44.8,5.969271,8.471755,5.054837,4.012935,EU EEA Common AQI,83.3,5.016169,6.927249,7200,6.942029,100,100,65.0,6.6550727,Very Low,83.4,4.811078,100,1747931400,Very Low,4.0438695,6.182891,Very Low,6.184866,59.7,8.521739,100,1747931400,8.318841
2025-05-22T16:39:49Z,236,29.892,76.0,53,70.1,8,5,186,66,0.0,255,32767,0.0,2127-15-31,0.0,0.52,26.6,0.0,0.0,0.0,0,4.822265625,6,45,05:39,20:21,2025-05-22 16:39:49.797795,Città della Scienza,44.8,5.969271,8.471755,5.054837,4.012935,EU EEA Common AQI,83.3,5.016169,6.927249,7200,6.942029,100,100,65.0,6.6550727,Very Low,83.4,4.811078,100,1747931400,Very Low,4.0438695,6.182891,Very Low,6.184866,59.7,8.521739,100,1747931400,8.318841
2025-05-22T16:40:01Z,236,29.892,76.0,53,70.1,5,5,188,66,0.0,255,32767,0.0,2127-15-31,0.0,0.52,26.6,0.0,0.0,0.0,0,4.822265625,6,45,05:39,20:21,2025-05-22 16:40:00.899789,Città della Scienza,44.8,5.969271,8.471755,5.054837,4.012935,EU EEA Common AQI,83.3,5.016169,6.927249,7200,6.942029,100,100,65.0,6.6550727,Very Low,83.4,4.811078,100,1747931400,Very Low,4.0438695,6.182891,Very Low,6.184866,59.7,8.521739,100,1747931400,8.318841
2025-05-22T16:40:12Z,236,29.892,76.0,53,70.1,6,5,195,66,0.0,255,32767,0.0,2127-15-31,0.0,0.52,26.6,0.0,0.0,0.0,0,4.822265625,6,45,05:39,20:21,2025-05-22 16:40:11.988792,Città della Scienza,44.8,5.969271,8.471755,5.054837,4.012935,EU EEA Common AQI,83.3,5.016169,6.927249,7200,6.942029,100,100,65.0,6.6550727,Very Low,83.4,4.811078,100,1747931400,Very Low,4.0438695,6.182891,Very Low,6.184866,59.7,8.521739,100,1747931400,8.318841
2025-05-22T16:40:23Z,236,29.892,76.0,53,70.1,6,5,187,66,0.0,255,32767,0.0,2127-15-31,0.0,0.52,26.6,0.0,0.0,0.0,0,4.822265625,6,45,05:39,20:21,2025-05-22 16:40:23.102787,Città della Scienza,44.8,5.969271,8.471755,5.054837,4.012935,EU EEA Common AQI,83.3,5.016169,6.927249,7200,6.942029,100,100,65.0,6.6550727,Very Low,83.4,4.811078,100,1747931400,Very Low,4.0438695,6.182891,Very Low,6.184866,59.7,8.521739,100,1747931400,8.318841
2025-05-22T16:40:34Z,236,29.892,76.0,53,70.1,6,5,159,66,0.0,255,32767,0.0,2127-15-31,0.0,0.52,26.6,0.0,0.0,0.0,0,4.822265625,6,45,05:39,20:21,2025-05-22 16:40:34.165786,Città della Scienza,44.8,5.969271,8.471755,5.054837,4.012935,EU EEA Common AQI,83.3,5.016169,6.927249,7200,6.942029,100,100,65.0,6.6550727,Very Low,83.4,4.811078,100,1747931400,Very Low,4.0438695,6.182891,Very Low,6.184866,59.7,8.521739,100,1747931400,8.318841
2025-05-22T16:40:45Z,236,29.894,76.1,53,70.1,3,5,214,66,0.0,255,32767,0.0,2127-15-31,0.0,0.52,26.6,0.0,0.0,0.0,0,4.822265625,6,45,05:39,20:21,2025-05-22 16:40:45.209797,Città della Scienza,44.8,5.969271,8.471755,5.054837,4.012935,EU EEA Common AQI,83.3,5.016169,6.927249,7200,6.942029,100,100,65.0,6.6550727,Very Low,83.4,4.811078,100,1747931400,Very Low,4.0438695,6.182891,Very Low,6.184866,59.7,8.521739,100,1747931400,8.318841
2025-05-22T16:40:56Z,236,29.894,76.1,53,70.1,5,5,165,66,0.0,255,32767,0.0,2127-15-31,0.0,0.52,26.6,0.0,0.0,0.0,0,4.822265625,6,45,05:39,20:21,2025-05-22 16:40:56.302783,Città della Scienza,44.8,5.969271,8.471755,5.054837,4.012935,EU EEA Common AQI,83.3,5.016169,6.927249,7200,6.942029,100,100,65.0,6.6550727,Very Low,83.4,4.811078,100,1747931400,Very Low,4.0438695,6.182891,Very Low,6.184866,59.7,8.521739,100,1747931400,8.318841
2025-05-22T16:41:07Z,236,29.894,76.1,53,70.1,4,5,236,66,0.0,255,32767,0.0,2127-15-31,0.0,0.52,26.6,0.0,0.0,0.0,0,4.822265625,6,45,05:39,20:21,2025-05-22 16:41:07.396807,Città della Scienza,44.8,5.969271,8.471755,5.054837,4.012935,EU EEA Common AQI,83.3,5.016169,6.927249,7200,6.942029,100,100,65.0,6.6550727,Very Low,83.4,4.811078,100,1747931400,Very Low,4.0438695,6.182891,Very Low,6.184866,59.7,8.521739,100,1747931400,8.318841
2025-05-22T16:41:18Z,236,29.894,76.1,53,70.1,4,5,219,66,0.0,255,32767,0.0,2127-15-31,0.0,0.52,26.6,0.0,0.0,0.0,0,4.822265625,6,45,05:39,20:21,2025-05-22 16:41:18.501798,Città della Scienza,44.8,5.969271,8.471755,5.054837,4.012935,EU EEA Common AQI,83.3,5.016169,6.927249,7200,6.942029,100,100,65.0,6.6550727,Very Low,83.4,4.811078,100,1747931400,Very Low,4.0438695,6.182891,Very Low,6.184866,59.7,8.521739,100,1747931400,8.318841
2025-05-22T16:41:29Z,236,29.894,76.1,53,70.1,2,5,252,67,0.0,255,32767,0.0,2127-15-31,0.0,0.52,26.6,0.0,0.0,0.0,0,4.822265625,6,45,05:39,20:21,2025-05-22 16:41:29.574793,Città della Scienza,44.8,5.969271,8.471755,5.054837,4.012935,EU EEA Common AQI,83.3,5.016169,6.927249,7200,6.942029,100,100,65.0,6.6550727,Very Low,83.4,4.811078,100,1747931400,Very Low,4.0438695,6.182891,Very Low,6.184866,59.7,8.521739,100,1747931400,8.318841
2025-05-22T16:41:40Z,236,29.892,76.0,53,70.1,2,5,293,67,0.0,255,32767,0.0,2127-15-31,0.0,0.52,26.6,0.0,0.0,0.0,0,4.822265625,6,45,05:39,20:21,2025-05-22 16:41:40.622796,Città della Scienza,44.8,5.969271,8.471755,5.054837,4.012935,EU EEA Common AQI,83.3,5.016169,6.927249,7200,6.942029,100,100,65.0,6.6550727,Very Low,83.4,4.811078,100,1747931400,Very Low,4.0438695,6.182891,Very Low,6.184866,59.7,8.521739,100,1747931400,8.318841
2025-05-22T16:41:51Z,236,29.892,76.0,53,70.2,6,5,169,67,0.0,255,32767,0.0,2127-15-31,0.0,0.52,26.6,0.0,0.0,0.0,0,4.822265625,6,45,05:39,20:21,2025-05-22 16:41:51.714802,Città della Scienza,44.8,5.969271,8.471755,5.054837,4.012935,EU EEA Common AQI,83.3,5.016169,6.927249,7200,6.942029,100,100,65.0,6.6550727,Very Low,83.4,4.811078,100,1747931400,Very Low,4.0438695,6.182891,Very Low,6.184866,59.7,8.521739,100,1747931400,8.318841
2025-05-22T16:42:03Z,236,29.892,76.0,53,70.2,5,5,146,67,0.0,255,32767,0.0,2127-15-31,0.0,0.52,26.6,0.0,0.0,0.0,0,4.822265625,6,45,05:39,20:21,2025-05-22 16:42:02.846785,Città della Scienza,44.8,5.969271,8.471755,5.054837,4.012935,EU EEA Common AQI,83.3,5.016169,6.927249,7200,6.942029,100,100,65.0,6.6550727,Very Low,83.4,4.811078,100,1747931400,Very Low,4.0438695,6.182891,Very Low,6.184866,59.7,8.521739,100,1747931400,8.318841
2025-05-22T16:42:14Z,236,29.892,76.0,53,70.2,6,5,167,67,0.0,255,32767,0.0,2127-15-31,0.0,0.52,26.6,0.0,0.0,0.0,0,4.822265625,6,45,05:39,20:21,2025-05-22 16:42:13.993256,Città della Scienza,44.8,5.969271,8.471755,5.054837,4.012935,EU EEA Common AQI,83.3,5.016169,6.927249,7200,6.942029,100,100,65.0,6.6550727,Very Low,83.4,4.811078,100,1747931400,Very Low,4.0438695,6.182891,Very Low,6.184866,59.7,8.521739,100,1747931400,8.318841
2025-05-22T16:42:25Z,236,29.892,76.0,53,70.2,9,5,180,67,0.0,255,32767,0.0,2127-15-31,0.0,0.52,26.6,0.0,0.0,0.0,0,4.822265625,6,45,05:39,20:21,2025-05-22 16:42:25.077788,Città della Scienza,44.8,5.969271,8.471755,5.054837,4.012935,EU EEA Common AQI,83.3,5.016169,6.927249,7200,6.942029,100,100,65.0,6.6550727,Very Low,83.4,4.811078,100,1747931400,Very Low,4.0438695,6.182891,Very Low,6.184866,59.7,8.521739,100,1747931400,8.318841
2025-05-22T16:42:36Z,236,29.894,76.1,53,70.2,9,5,200,67,0.0,255,32767,0.0,2127-15-31,0.0,0.52,26.6,0.0,0.0,0.0,0,4.822265625,6,45,05:39,20:21,2025-05-22 16:42:36.175787,Città della Scienza,44.8,5.969271,8.471755,5.054837,4.012935,EU EEA Common AQI,83.3,5.016169,6.927249,7200,6.942029,100,100,65.0,6.6550727,Very Low,83.4,4.811078,100,1747931400,Very Low,4.0438695,6.182891,Very Low,6.184866,59.7,8.521739,100,1747931400,8.318841
2025-05-22T16:42:47Z,236,29.894,76.1,53,70.2,4,5,221,67,0.0,255,32767,0.0,2127-15-31,0.0,0.52,26.6,0.0,0.0,0.0,0,4.822265625,6,45,05:39,20:21,2025-05-22 16:42:47.247789,Città della Scienza,44.8,5.969271,8.471755,5.054837,4.012935,EU EEA Common AQI,83.3,5.016169,6.927249,7200,6.942029,100,100,65.0,6.6550727,Very Low,83.4,4.811078,100,1747931400,Very Low,4.0438695,6.182891,Very Low,6.184866,59.7,8.521739,100,1747931400,8.318841
2025-05-22T16:42:58Z,236,29.894,76.1,53,70.2,6,5,182,67,0.0,255,32767,0.0,2127-15-31,0.0,0.52,26.6,0.0,0.0,0.0,0,4.822265625,6,45,05:39,20:21,2025-05-22 16:42:58.318785,Città della Scienza,44.8,5.969271,8.471755,5.054837,4.012935,EU EEA Common AQI,83.3,5.016169,6.927249,7200,6.942029,100,100,65.0,6.6550727,Very Low,83.4,4.811078,100,1747931400,Very Low,4.0438695,6.182891,Very Low,6.184866,59.7,8.521739,100,1747931400,8.318841
2025-05-22T16:43:09Z,236,29.894,76.1,53,70.2,3,5,196,66,0.0,255,32767,0.0,2127-15-31,0.0,0.52,26.6,0.0,0.0,0.0,0,4.822265625,6,45,05:39,20:21,2025-05-22 16:43:09.451788,Città della Scienza,44.8,5.969271,8.471755,5.054837,4.012935,EU EEA Common AQI,83.3,5.016169,6.927249,7200,6.942029,100,100,65.0,6.6550727,Very Low,83.4,4.811078,100,1747931400,Very Low,4.0438695,6.182891,Very Low,6.184866,59.7,8.521739,100,1747931400,8.318841
2025-05-22T16:43:20Z,236,29.894,76.1,53,70.2,3,5,192,66,0.0,255,32767,0.0,2127-15-31,0.0,0.52,26.6,0.0,0.0,0.0,0,4.822265625,6,45,05:39,20:21,2025-05-22 16:43:20.515791,Città della Scienza,44.8,5.969271,8.471755,5.054837,4.012935,EU EEA Common AQI,83.3,5.016169,6.927249,7200,6.942029,100,100,65.0,6.6550727,Very Low,83.4,4.811078,100,1747931400,Very Low,4.0438695,6.182891,Very Low,6.184866,59.7,8.521739,100,1747931400,8.318841
2025-05-22T16:43:31Z,236,29.894,76.1,53,70.2,5,5,229,66,0.0,255,32767,0.0,2127-15-31,0.0,0.52,26.6,0.0,0.0,0.0,0,4.822265625,6,45,05:39,20:21,2025-05-22 16:43:31.590807,Città della Scienza,44.8,5.969271,8.471755,5.054837,4.012935,EU EEA Common AQI,83.3,5.016169,6.927249,7200,6.942029,100,100,65.0,6.6550727,Very Low,83.4,4.811078,100,1747931400,Very Low,4.0438695,6.182891,Very Low,6.184866,59.7,8.521739,100,1747931400,8.318841
2025-05-22T16:43:42Z,236,29.892,76.1,53,70.2,5,5,227,66,0.0,255,32767,0.0,2127-15-31,0.0,0.52,26.6,0.0,0.0,0.0,0,4.822265625,6,45,05:39,20:21,2025-05-22 16:43:42.638758,Città della Scienza,44.8,5.969271,8.471755,5.054837,4.012935,EU EEA Common AQI,83.3,5.016169,6.927249,7200,6.942029,100,100,65.0,6.6550727,Very Low,83.4,4.811078,100,1747931400,Very Low,4.0438695,6.182891,Very Low,6.184866,59.7,8.521739,100,1747931400,8.318841
2025-05-22T16:43:53Z,236,29.892,76.1,53,70.2,7,5,232,66,0.0,255,32767,0.0,2127-15-31,0.0,0.52,26.6,0.0,0.0,0.0,0,4.822265625,6,45,05:39,20:21,2025-05-22 16:43:53.705791,Città della Scienza,44.8,5.969271,8.471755,5.054837,4.012935,EU EEA Common AQI,83.3,5.016169,6.927249,7200,6.942029,100,100,65.0,6.6550727,Very Low,83.4,4.811078,100,1747931400,Very Low,4.0438695,6.182891,Very Low,6.184866,59.7,8.521739,100,1747931400,8.318841
2025-05-22T16:44:04Z,236,29.892,76.1,53,70.2,5,5,237,66,0.0,255,32767,0.0,2127-15-31,0.0,0.52,26.6,0.0,0.0,0.0,0,4.822265625,6,45,05:39,20:21,2025-05-22 16:44:04.798797,Città della Scienza,44.8,5.969271,8.471755,5.054837,4.012935,EU EEA Common AQI,83.3,5.016169,6.927249,7200,6.942029,100,100,65.0,6.6550727,Very Low,83.4,4.811078,100,1747931400,Very Low,4.0438695,6.182891,Very Low,6.184866,59.7,8.521739,100,1747931400,8.318841
2025-05-22T16:44:16Z,236,29.892,76.1,53,70.2,6,5,259,66,0.0,255,32767,0.0,2127-15-31,0.0,0.52,26.6,0.0,0.0,0.0,0,4.822265625,6,45,05:39,20:21,2025-05-22 16:44:16.165785,Città della Scienza,44.8,5.969271,8.471755,5.054837,4.012935,EU EEA Common AQI,83.3,5.016169,6.927249,7200,6.942029,100,100,65.0,6.6550727,Very Low,83.4,4.811078,100,1747931400,Very Low,4.0438695,6.182891,Very Low,6.184866,59.7,8.521739,100,1747931400,8.318841
2025-05-22T16:44:27Z,236,29.892,76.1,53,70.1,3,5,140,66,0.0,255,32767,0.0,2127-15-31,0.0,0.52,26.6,0.0,0.0,0.0,0,4.822265625,6,45,05:39,20:21,2025-05-22 16:44:27.287783,Città della Scienza,44.8,5.969271,8.471755,5.054837,4.012935,EU EEA Common AQI,83.3,5.016169,6.927249,7200,6.942029,100,100,65.0,6.6550727,Very Low,83.4,4.811078,100,1747931400,Very Low,4.0438695,6.182891,Very Low,6.184866,59.7,8.521739,100,1747931400,8.318841
2025-05-22T16:44:38Z,236,29.891,76.0,54,70.2,2,5,205,66,0.0,255,32767,0.0,2127-15-31,0.0,0.52,26.6,0.0,0.0,0.0,0,4.822265625,6,45,05:39,20:21,2025-05-22 16:44:38.373159,Città della Scienza,44.8,5.969271,8.471755,5.054837,4.012935,EU EEA Common AQI,83.3,5.016169,6.927249,7200,6.942029,100,100,65.0,6.6550727,Very Low,83.4,4.811078,100,1747931400,Very Low,4.0438695,6.182891,Very Low,6.184866,59.7,8.521739,100,1747931400,8.318841
2025-05-22T16:44:49Z,236,29.891,76.0,54,70.2,4,5,180,66,0.0,255,32767,0.0,2127-15-31,0.0,0.52,26.6,0.0,0.0,0.0,0,4.822265625,6,45,05:39,20:21,2025-05-22 16:44:49.437790,Città della Scienza,44.8,5.969271,8.471755,5.054837,4.012935,EU EEA Common AQI,83.3,5.016169,6.927249,7200,6.942029,100,100,65.0,6.6550727,Very Low,83.4,4.811078,100,1747931400,Very Low,4.0438695,6.182891,Very Low,6.184866,59.7,8.521739,100,1747931400,8.318841
2025-05-22T16:45:00Z,236,29.891,76.0,54,70.2,5,5,250,66,0.0,255,32767,0.0,2127-15-31,0.0,0.52,26.6,0.0,0.0,0.0,0,4.822265625,6,45,05:39,20:21,2025-05-22 16:45:00.560800,Città della Scienza,44.8,5.969271,8.471755,5.054837,4.012935,EU EEA Common AQI,83.3,5.016169,6.927249,7200,6.942029,100,100,65.0,6.6550727,Very Low,83.4,4.811078,100,1747931400,Very Low,4.0438695,6.182891,Very Low,6.184866,59.7,8.521739,100,1747931400,8.318841
2025-05-22T16:45:11Z,236,29.891,76.0,54,70.1,2,5,202,66,0.0,255,32767,0.0,2127-15-31,0.0,0.52,26.6,0.0,0.0,0.0,0,4.822265625,6,45,05:39,20:21,2025-05-22 16:45:11.616790,Città della Scienza,44.8,5.969271,8.471755,5.054837,4.012935,EU EEA Common AQI,83.3,5.016169,6.927249,7200,6.942029,100,100,65.0,6.6550727,Very Low,83.4,4.811078,100,1747931400,Very Low,4.0438695,6.182891,Very Low,6.184866,59.7,8.521739,100,1747931400,8.318841
2025-05-22T16:45:22Z,236,29.891,76.0,54,70.1,3,5,191,66,0.0,255,32767,0.0,2127-15-31,0.0,0.52,26.6,0.0,0.0,0.0,0,4.822265625,6,45,05:39,20:21,2025-05-22 16:45:22.722798,Città della Scienza,44.8,5.969271,8.471755,5.054837,4.012935,EU EEA Common AQI,83.3,5.016169,6.927249,7200,6.942029,100,100,65.0,6.6550727,Very Low,83.4,4.811078,100,1747931400,Very Low,4.0438695,6.182891,Very Low,6.184866,59.7,8.521739,100,1747931400,8.318841
2025-05-22T16:45:34Z,236,29.891,76.0,54,70.2,3,5,194,66,0.0,255,32767,0.0,2127-15-31,0.0,0.52,26.6,0.0,0.0,0.0,0,4.822265625,6,45,05:39,20:21,2025-05-22 16:45:33.821750,Città della Scienza,44.5,5.999122,8.464363,5.311377,4.0563703,EU EEA Common AQI,84.1,5.070463,6.9207096,7200,4.1449275,100,100,65.3,3.6869562,Very Low,84.1,4.8393326,100,1747932300,Very Low,4.249101,6.310137,Very Low,6.6512575,60.1,6.536232,100,1747932300,4.6086955
2025-05-22T16:45:45Z,236,29.89,76.1,54,70.2,3,6,178,66,0.0,255,32767,0.0,2127-15-31,0.0,0.52,26.6,0.0,0.0,0.0,0,4.822265625,6,45,05:39,20:21,2025-05-22 16:45:44.894799,Città della Scienza,44.5,5.999122,8.464363,5.311377,4.0563703,EU EEA Common AQI,84.1,5.070463,6.9207096,7200,4.1449275,100,100,65.3,3.6869562,Very Low,84.1,4.8393326,100,1747932300,Very Low,4.249101,6.310137,Very Low,6.6512575,60.1,6.536232,100,1747932300,4.6086955
2025-05-22T16:45:56Z,236,29.89,76.1,54,70.2,1,6,147,66,0.0,255,32767,0.0,2127-15-31,0.0,0.52,26.6,0.0,0.0,0.0,0,4.822265625,6,45,05:39,20:21,2025-05-22 16:45:55.962792,Città della Scienza,44.5,5.999122,8.464363,5.311377,4.0563703,EU EEA Common AQI,84.1,5.070463,6.9207096,7200,4.1449275,100,100,65.3,3.6869562,Very Low,84.1,4.8393326,100,1747932300,Very Low,4.249101,6.310137,Very Low,6.6512575,60.1,6.536232,100,1747932300,4.6086955
2025-05-22T16:46:07Z,236,29.89,76.1,54,70.2,3,6,175,66,0.0,255,32767,0.0,2127-15-31,0.0,0.52,26.6,0.0,0.0,0.0,0,4.822265625,6,45,05:39,20:21,2025-05-22 16:46:07.044788,Città della Scienza,44.5,5.999122,8.464363,5.311377,4.0563703,EU EEA Common AQI,84.1,5.070463,6.9207096,7200,4.1449275,100,100,65.3,3.6869562,Very Low,84.1,4.8393326,100,1747932300,Very Low,4.249101,6.310137,Very Low,6.6512575,60.1,6.536232,100,1747932300,4.6086955
2025-05-22T16:46:18Z,236,29.89,76.1,54,70.2,4,6,162,66,0.0,255,32767,0.0,2127-15-31,0.0,0.52,26.6,0.0,0.0,0.0,0,4.822265625,6,45,05:39,20:21,2025-05-22 16:46:18.104775,Città della Scienza,44.5,5.999122,8.464363,5.311377,4.0563703,EU EEA Common AQI,84.1,5.070463,6.9207096,7200,4.1449275,100,100,65.3,3.6869562,Very Low,84.1,4.8393326,100,1747932300,Very Low,4.249101,6.310137,Very Low,6.6512575,60.1,6.536232,100,1747932300,4.6086955
2025-05-22T16:46:29Z,236,29.89,76.1,54,70.2,6,6,167,66,0.0,255,32767,0.0,2127-15-31,0.0,0.52,26.6,0.0,0.0,0.0,0,4.822265625,6,45,05:39,20:21,2025-05-22 16:46:29.182793,Città della Scienza,44.5,5.999122,8.464363,5.311377,4.0563703,EU EEA Common AQI,84.1,5.070463,6.9207096,7200,4.1449275,100,100,65.3,3.6869562,Very Low,84.1,4.8393326,100,1747932300,Very Low,4.249101,6.310137,Very Low,6.6512575,60.1,6.536232,100,1747932300,4.6086955
2025-05-22T16:46:40Z,236,29.889,76.0,54,70.2,8,6,171,66,0.0,255,32767,0.0,2127-15-31,0.0,0.52,26.6,0.0,0.0,0.0,0,4.822265625,6,45,05:39,20:21,2025-05-22 16:46:40.265786,Città della Scienza,44.5,5.999122,8.464363,5.311377,4.0563703,EU EEA Common AQI,84.1,5.070463,6.9207096,7200,4.1449275,100,100,65.3,3.6869562,Very Low,84.1,4.8393326,100,1747932300,Very Low,4.249101,6.310137,Very Low,6.6512575,60.1,6.536232,100,1747932300,4.6086955
2025-05-22T16:46:51Z,236,29.889,76.0,54,70.2,6,6,181,66,0.0,255,32767,0.0,2127-15-31,0.0,0.52,26.6,0.0,0.0,0.0,0,4.822265625,6,45,05:39,20:21,2025-05-22 16:46:51.369804,Città della Scienza,44.5,5.999122,8.464363,5.311377,4.0563703,EU EEA Common AQI,84.1,5.070463,6.9207096,7200,4.1449275,100,100,65.3,3.6869562,Very Low,84.1,4.8393326,100,1747932300,Very Low,4.249101,6.310137,Very Low,6.6512575,60.1,6.536232,100,1747932300,4.6086955
2025-05-22T16:47:02Z,236,29.889,76.0,54,70.2,4,6,186,66,0.0,255,32767,0.0,2127-15-31,0.0,0.52,26.6,0.0,0.0,0.0,0,4.822265625,6,45,05:39,20:21,2025-05-22 16:47:02.421790,Città della Scienza,44.5,5.999122,8.464363,5.311377,4.0563703,EU EEA Common AQI,84.1,5.070463,6.9207096,7200,4.1449275,100,100,65.3,3.6869562,Very Low,84.1,4.8393326,100,1747932300,Very Low,4.249101,6.310137,Very Low,6.6512575,60.1,6.536232,100,1747932300,4.6086955
2025-05-22T16:47:13Z,236,29.889,76.0,54,70.2,6,6,214,66,0.0,255,32767,0.0,2127-15-31,0.0,0.52,26.6,0.0,0.0,0.0,0,4.822265625,6,45,05:39,20:21,2025-05-22 16:47:13.466791,Città della Scienza,44.5,5.999122,8.464363,5.311377,4.0563703,EU EEA Common AQI,84.1,5.070463,6.9207096,7200,4.1449275,100,100,65.3,3.6869562,Very Low,84.1,4.8393326,100,1747932300,Very Low,4.249101,6.310137,Very Low,6.6512575,60.1,6.536232,100,1747932300,4.6086955
2025-05-22T16:47:24Z,236,29.889,76.0,54,70.2,4,6,167,66,0.0,255,32767,0.0,2127-15-31,0.0,0.52,26.6,0.0,0.0,0.0,0,4.822265625,6,45,05:39,20:21,2025-05-22 16:47:24.533791,Città della Scienza,44.5,5.999122,8.464363,5.311377,4.0563703,EU EEA Common AQI,84.1,5.070463,6.9207096,7200,4.1449275,100,100,65.3,3.6869562,Very Low,84.1,4.8393326,100,1747932300,Very Low,4.249101,6.310137,Very Low,6.6512575,60.1,6.536232,100,1747932300,4.6086955
2025-05-22T16:47:35Z,236,29.891,76.0,54,70.2,4,5,171,65,0.0,255,32767,0.0,2127-15-31,0.0,0.52,26.6,0.0,0.0,0.0,0,4.822265625,6,45,05:39,20:21,2025-05-22 16:47:35.643794,Città della Scienza,44.5,5.999122,8.464363,5.311377,4.0563703,EU EEA Common AQI,84.1,5.070463,6.9207096,7200,4.1449275,100,100,65.3,3.6869562,Very Low,84.1,4.8393326,100,1747932300,Very Low,4.249101,6.310137,Very Low,6.6512575,60.1,6.536232,100,1747932300,4.6086955
2025-05-22T16:47:46Z,236,29.891,76.0,54,70.2,1,5,171,65,0.0,255,32767,0.0,2127-15-31,0.0,0.52,26.6,0.0,0.0,0.0,0,4.822265625,6,45,05:39,20:21,2025-05-22 16:47:46.662787,Città della Scienza,44.5,5.999122,8.464363,5.311377,4.0563703,EU EEA Common AQI,84.1,5.070463,6.9207096,7200,4.1449275,100,100,65.3,3.6869562,Very Low,84.1,4.8393326,100,1747932300,Very Low,4.249101,6.310137,Very Low,6.6512575,60.1,6.536232,100,1747932300,4.6086955
2025-05-22T16:47:57Z,236,29.891,76.0,54,70.2,4,5,207,65,0.0,255,32767,0.0,2127-15-31,0.0,0.52,26.6,0.0,0.0,0.0,0,4.822265625,6,45,05:39,20:21,2025-05-22 16:47:57.755790,Città della Scienza,44.5,5.999122,8.464363,5.311377,4.0563703,EU EEA Common AQI,84.1,5.070463,6.9207096,7200,4.1449275,100,100,65.3,3.6869562,Very Low,84.1,4.8393326,100,1747932300,Very Low,4.249101,6.310137,Very Low,6.6512575,60.1,6.536232,100,1747932300,4.6086955
2025-05-22T16:48:09Z,236,29.891,76.0,54,70.2,3,5,174,65,0.0,255,32767,0.0,2127-15-31,0.0,0.52,26.6,0.0,0.0,0.0,0,4.822265625,6,45,05:39,20:21,2025-05-22 16:48:08.826791,Città della Scienza,44.5,5.999122,8.464363,5.311377,4.0563703,EU EEA Common AQI,84.1,5.070463,6.9207096,7200,4.1449275,100,100,65.3,3.6869562,Very Low,84.1,4.8393326,100,1747932300,Very Low,4.249101,6.310137,Very Low,6.6512575,60.1,6.536232,100,1747932300,4.6086955
2025-05-22T16:48:20Z,236,29.891,76.0,54,70.1,2,5,192,65,0.0,255,32767,0.0,2127-15-31,0.0,0.52,26.6,0.0,0.0,0.0,0,4.822265625,6,45,05:39,20:21,2025-05-22 16:48:19.940751,Città della Scienza,44.5,5.999122,8.464363,5.311377,4.0563703,EU EEA Common AQI,84.1,5.070463,6.9207096,7200,4.1449275,100,100,65.3,3.6869562,Very Low,84.1,4.8393326,100,1747932300,Very Low,4.249101,6.310137,Very Low,6.6512575,60.1,6.536232,100,1747932300,4.6086955
2025-05-22T16:48:31Z,236,29.891,76.0,54,70.1,2,5,201,66,0.0,255,32767,0.0,2127-15-31,0.0,0.52,26.6,0.0,0.0,0.0,0,4.822265625,6,45,05:39,20:21,2025-05-22 16:48:30.976796,Città della Scienza,44.5,5.999122,8.464363,5.311377,4.0563703,EU EEA Common AQI,84.1,5.070463,6.9207096,7200,4.1449275,100,100,65.3,3.6869562,Very Low,84.1,4.8393326,100,1747932300,Very Low,4.249101,6.310137,Very Low,6.6512575,60.1,6.536232,100,1747932300,4.6086955
2025-05-22T16:48:42Z,236,29.891,76.0,54,70.2,5,5,200,66,0.0,255,32767,0.0,2127-15-31,0.0,0.52,26.6,0.0,0.0,0.0,0,4.822265625,6,45,05:39,20:21,2025-05-22 16:48:42.079782,Città della Scienza,44.5,5.999122,8.464363,5.311377,4.0563703,EU EEA Common AQI,84.1,5.070463,6.9207096,7200,4.1449275,100,100,65.3,3.6869562,Very Low,84.1,4.8393326,100,1747932300,Very Low,4.249101,6.310137,Very Low,6.6512575,60.1,6.536232,100,1747932300,4.6086955
2025-05-22T16:48:53Z,236,29.891,76.0,54,70.2,5,5,216,66,0.0,255,32767,0.0,2127-15-31,0.0,0.52,26.6,0.0,0.0,0.0,0,4.822265625,6,45,05:39,20:21,2025-05-22 16:48:53.179793,Città della Scienza,44.5,5.999122,8.464363,5.311377,4.0563703,EU EEA Common AQI,84.1,5.070463,6.9207096,7200,4.1449275,100,100,65.3,3.6869562,Very Low,84.1,4.8393326,100,1747932300,Very Low,4.249101,6.310137,Very Low,6.6512575,60.1,6.536232,100,1747932300,4.6086955
2025-05-22T16:49:04Z,236,29.891,76.0,54,70.3,2,5,216,66,0.0,255,32767,0.0,2127-15-31,0.0,0.52,26.6,0.0,0.0,0.0,0,4.822265625,6,45,05:39,20:21,2025-05-22 16:49:04.231793,Città della Scienza,44.5,5.999122,8.464363,5.311377,4.0563703,EU EEA Common AQI,84.1,5.070463,6.9207096,7200,4.1449275,100,100,65.3,3.6869562,Very Low,84.1,4.8393326,100,1747932300,Very Low,4.249101,6.310137,Very Low,6.6512575,60.1,6.536232,100,1747932300,4.6086955
2025-05-22T16:49:15Z,236,29.891,76.0,54,70.3,6,5,184,66,0.0,255,32767,0.0,2127-15-31,0.0,0.52,26.6,0.0,0.0,0.0,0,4.822265625,6,45,05:39,20:21,2025-05-22 16:49:15.312785,Città della Scienza,44.5,5.999122,8.464363,5.311377,4.0563703,EU EEA Common AQI,84.1,5.070463,6.9207096,7200,4.1449275,100,100,65.3,3.6869562,Very Low,84.1,4.8393326,100,1747932300,Very Low,4.249101,6.310137,Very Low,6.6512575,60.1,6.536232,100,1747932300,4.6086955
2025-05-22T16:49:26Z,236,29.891,76.0,54,70.2,5,5,182,66,0.0,255,32767,0.0,2127-15-31,0.0,0.52,26.6,0.0,0.0,0.0,0,4.822265625,6,45,05:39,20:21,2025-05-22 16:49:26.441790,Città della Scienza,44.5,5.999122,8.464363,5.311377,4.0563703,EU EEA Common AQI,84.1,5.070463,6.9207096,7200,4.1449275,100,100,65.3,3.6869562,Very Low,84.1,4.8393326,100,1747932300,Very Low,4.249101,6.310137,Very Low,6.6512575,60.1,6.536232,100,1747932300,4.6086955
2025-05-22T16:49:37Z,236,29.891,76.0,54,70.3,5,5,232,66,0.0,255,32767,0.0,2127-15-31,0.0,0.52,26.6,0.0,0.0,0.0,0,4.822265625,6,45,05:39,20:21,2025-05-22 16:49:37.499788,Città della Scienza,44.5,5.999122,8.464363,5.311377,4.0563703,EU EEA Common AQI,84.1,5.070463,6.9207096,7200,4.1449275,100,100,65.3,3.6869562,Very Low,84.1,4.8393326,100,1747932300,Very Low,4.249101,6.310137,Very Low,6.6512575,60.1,6.536232,100,1747932300,4.6086955
2025-05-22T16:49:48Z,236,29.891,76.0,54,70.3,2,5,172,66,0.0,255,32767,0.0,2127-15-31,0.0,0.52,26.6,0.0,0.0,0.0,0,4.822265625,6,45,05:39,20:21,2025-05-22 16:49:48.582789,Città della Scienza,44.5,5.999122,8.464363,5.311377,4.0563703,EU EEA Common AQI,84.1,5.070463,6.9207096,7200,4.1449275,100,100,65.3,3.6869562,Very Low,84.1,4.8393326,100,1747932300,Very Low,4.249101,6.310137,Very Low,6.6512575,60.1,6.536232,100,1747932300,4.6086955
2025-05-22T16:49:59Z,236,29.891,76.0,54,70.3,2,5,223,66,0.0,255,32767,0.0,2127-15-31,0.0,0.52,26.6,0.0,0.0,0.0,0,4.822265625,6,45,05:39,20:21,2025-05-22 16:49:59.641795,Città della Scienza,44.5,5.999122,8.464363,5.311377,4.0563703,EU EEA Common AQI,84.1,5.070463,6.9207096,7200,4.1449275,100,100,65.3,3.6869562,Very Low,84.1,4.8393326,100,1747932300,Very Low,4.249101,6.310137,Very Low,6.6512575,60.1,6.536232,100,1747932300,4.6086955
2025-05-22T16:50:10Z,236,29.891,76.0,54,70.2,4,5,223,65,0.0,255,32767,0.0,2127-15-31,0.0,0.52,26.6,0.0,0.0,0.0,0,4.822265625,6,45,05:39,20:21,2025-05-22 16:50:10.763815,Città della Scienza,44.5,5.999122,8.464363,5.311377,4.0563703,EU EEA Common AQI,84.1,5.070463,6.9207096,7200,4.1449275,100,100,65.3,3.6869562,Very Low,84.1,4.8393326,100,1747932300,Very Low,4.249101,6.310137,Very Low,6.6512575,60.1,6.536232,100,1747932300,4.6086955
2025-05-22T16:50:22Z,236,29.891,76.0,54,70.2,4,5,219,65,0.0,255,32767,0.0,2127-15-31,0.0,0.52,26.6,0.0,0.0,0.0,0,4.822265625,6,45,05:39,20:21,2025-05-22 16:50:21.823785,Città della Scienza,44.5,5.999122,8.464363,5.311377,4.0563703,EU EEA Common AQI,84.1,5.070463,6.9207096,7200,4.1449275,100,100,65.3,3.6869562,Very Low,84.1,4.8393326,100,1747932300,Very Low,4.249101,6.310137,Very Low,6.6512575,60.1,6.536232,100,1747932300,4.6086955
2025-05-22T16:50:33Z,236,29.891,76.0,54,70.2,1,5,235,65,0.0,255,32767,0.0,2127-15-31,0.0,0.52,26.6,0.0,0.0,0.0,0,4.822265625,6,45,05:39,20:21,2025-05-22 16:50:32.893784,Città della Scienza,44.5,5.999122,8.464363,5.311377,4.0563703,EU EEA Common AQI,84.1,5.070463,6.9207096,7200,4.1449275,100,100,65.3,3.6869562,Very Low,84.1,4.8393326,100,1747932300,Very Low,4.249101,6.310137,Very Low,6.6512575,60.1,6.536232,100,1747932300,4.6086955
2025-05-22T16:50:44Z,236,29.889,76.0,54,70.2,3,4,225,65,0.0,255,32767,0.0,2127-15-31,0.0,0.52,26.6,0.0,0.0,0.0,0,4.822265625,6,45,05:39,20:21,2025-05-22 16:50:43.949793,Città della Scienza,44.5,5.999122,8.464363,5.311377,4.0563703,EU EEA Common AQI,84.1,5.070463,6.9207096,7200,4.1449275,100,100,65.3,3.6869562,Very Low,84.1,4.8393326,100,1747932300,Very Low,4.249101,6.310137,Very Low,6.6512575,60.1,6.536232,100,1747932300,4.6086955
2025-05-22T16:50:55Z,236,29.889,76.0,54,70.2,5,4,244,65,0.0,255,32767,0.0,2127-15-31,0.0,0.52,26.6,0.0,0.0,0.0,0,4.822265625,6,45,05:39,20:21,2025-05-22 16:50:54.994783,Città della Scienza,44.5,5.999122,8.464363,5.311377,4.0563703,EU EEA Common AQI,84.1,5.070463,6.9207096,7200,4.1449275,100,100,65.3,3.6869562,Very Low,84.1,4.8393326,100,1747932300,Very Low,4.249101,6.310137,Very Low,6.6512575,60.1,6.536232,100,1747932300,4.6086955
2025-05-22T16:51:06Z,236,29.889,76.0,54,70.2,5,4,230,65,0.0,255,32767,0.0,2127-15-31,0.0,0.52,26.6,0.0,0.0,0.0,0,4.822265625,6,45,05:39,20:21,2025-05-22 16:51:06.044796,Città della Scienza,44.5,5.999122,8.464363,5.311377,4.0563703,EU EEA Common AQI,84.1,5.070463,6.9207096,7200,4.1449275,100,100,65.3,3.6869562,Very Low,84.1,4.8393326,100,1747932300,Very Low,4.249101,6.310137,Very Low,6.6512575,60.1,6.536232,100,1747932300,4.6086955
2025-05-22T16:51:17Z,236,29.889,76.0,54,70.2,5,4,242,65,0.0,255,32767,0.0,2127-15-31,0.0,0.52,26.6,0.0,0.0,0.0,0,4.822265625,6,45,05:39,20:21,2025-05-22 16:51:17.155790,Città della Scienza,44.5,5.999122,8.464363,5.311377,4.0563703,EU EEA Common AQI,84.1,5.070463,6.9207096,7200,4.1449275,100,100,65.3,3.6869562,Very Low,84.1,4.8393326,100,1747932300,Very Low,4.249101,6.310137,Very Low,6.6512575,60.1,6.536232,100,1747932300,4.6086955
2025-05-22T16:51:28Z,236,29.889,76.0,54,70.2,4,4,234,65,0.0,255,32767,0.0,2127-15-31,0.0,0.52,26.6,0.0,0.0,0.0,0,4.822265625,6,45,05:39,20:21,2025-05-22 16:51:28.180793,Città della Scienza,44.5,5.999122,8.464363,5.311377,4.0563703,EU EEA Common AQI,84.1,5.070463,6.9207096,7200,4.1449275,100,100,65.3,3.6869562,Very Low,84.1,4.8393326,100,1747932300,Very Low,4.249101,6.310137,Very Low,6.6512575,60.1,6.536232,100,1747932300,4.6086955
2025-05-22T16:51:39Z,236,29.89,76.0,54,70.2,9,4,234,65,0.0,255,32767,0.0,2127-15-31,0.0,0.52,26.6,0.0,0.0,0.0,0,4.822265625,6,45,05:39,20:21,2025-05-22 16:51:39.236790,Città della Scienza,44.5,5.999122,8.464363,5.311377,4.0563703,EU EEA Common AQI,84.1,5.070463,6.9207096,7200,4.1449275,100,100,65.3,3.6869562,Very Low,84.1,4.8393326,100,1747932300,Very Low,4.249101,6.310137,Very Low,6.6512575,60.1,6.536232,100,1747932300,4.6086955
2025-05-22T16:51:50Z,236,29.89,76.0,54,70.2,9,4,228,65,0.0,255,32767,0.0,2127-15-31,0.0,0.52,26.6,0.0,0.0,0.0,0,4.822265625,6,45,05:39,20:21,2025-05-22 16:51:50.317800,Città della Scienza,44.5,5.999122,8.464363,5.311377,4.0563703,EU EEA Common AQI,84.1,5.070463,6.9207096,7200,4.1449275,100,100,65.3,3.6869562,Very Low,84.1,4.8393326,100,1747932300,Very Low,4.249101,6.310137,Very Low,6.6512575,60.1,6.536232,100,1747932300,4.6086955
2025-05-22T16:52:01Z,236,29.89,76.0,54,70.2,9,4,238,66,0.0,255,32767,0.0,2127-15-31,0.0,0.52,26.6,0.0,0.0,0.0,0,4.822265625,6,45,05:39,20:21,2025-05-22 16:52:01.438809,Città della Scienza,44.5,5.999122,8.464363,5.311377,4.0563703,EU EEA Common AQI,84.1,5.070463,6.9207096,7200,4.1449275,100,100,65.3,3.6869562,Very Low,84.1,4.8393326,100,1747932300,Very Low,4.249101,6.310137,Very Low,6.6512575,60.1,6.536232,100,1747932300,4.6086955
2025-05-22T16:52:12Z,236,29.89,76.0,54,70.2,8,4,254,66,0.0,255,32767,0.0,2127-15-31,0.0,0.52,26.6,0.0,0.0,0.0,0,4.822265625,6,45,05:39,20:21,2025-05-22 16:52:12.681804,Città della Scienza,44.5,5.999122,8.464363,5.311377,4.0563703,EU EEA Common AQI,84.1,5.070463,6.9207096,7200,4.1449275,100,100,65.3,3.6869562,Very Low,84.1,4.8393326,100,1747932300,Very Low,4.249101,6.310137,Very Low,6.6512575,60.1,6.536232,100,1747932300,4.6086955
2025-05-22T16:52:23Z,236,29.89,76.0,54,70.2,6,4,231,66,0.0,255,32767,0.0,2127-15-31,0.0,0.52,26.6,0.0,0.0,0.0,0,4.822265625,6,45,05:39,20:21,2025-05-22 16:52:23.731795,Città della Scienza,44.5,5.999122,8.464363,5.311377,4.0563703,EU EEA Common AQI,84.1,5.070463,6.9207096,7200,4.1449275,100,100,65.3,3.6869562,Very Low,84.1,4.8393326,100,1747932300,Very Low,4.249101,6.310137,Very Low,6.6512575,60.1,6.536232,100,1747932300,4.6086955
2025-05-22T16:52:34Z,236,29.889,76.0,54,70.2,4,5,236,66,0.0,255,32767,0.0,2127-15-31,0.0,0.52,26.6,0.0,0.0,0.0,0,4.822265625,6,45,05:39,20:21,2025-05-22 16:52:34.758830,Città della Scienza,44.5,5.999122,8.464363,5.311377,4.0563703,EU EEA Common AQI,84.1,5.070463,6.9207096,7200,4.1449275,100,100,65.3,3.6869562,Very Low,84.1,4.8393326,100,1747932300,Very Low,4.249101,6.310137,Very Low,6.6512575,60.1,6.536232,100,1747932300,4.6086955
2025-05-22T16:52:45Z,236,29.889,76.0,54,70.2,2,5,169,66,0.0,255,32767,0.0,2127-15-31,0.0,0.52,26.6,0.0,0.0,0.0,0,4.822265625,6,45,05:39,20:21,2025-05-22 16:52:45.794796,Città della Scienza,44.5,5.999122,8.464363,5.311377,4.0563703,EU EEA Common AQI,84.1,5.070463,6.9207096,7200,4.1449275,100,100,65.3,3.6869562,Very Low,84.1,4.8393326,100,1747932300,Very Low,4.249101,6.310137,Very Low,6.6512575,60.1,6.536232,100,1747932300,4.6086955
2025-05-22T16:52:57Z,236,29.889,76.0,54,70.1,6,5,173,66,0.0,255,32767,0.0,2127-15-31,0.0,0.52,26.6,0.0,0.0,0.0,0,4.822265625,6,45,05:39,20:21,2025-05-22 16:52:56.867801,Città della Scienza,44.5,5.999122,8.464363,5.311377,4.0563703,EU EEA Common AQI,84.1,5.070463,6.9207096,7200,4.1449275,100,100,65.3,3.6869562,Very Low,84.1,4.8393326,100,1747932300,Very Low,4.249101,6.310137,Very Low,6.6512575,60.1,6.536232,100,1747932300,4.6086955
2025-05-22T16:53:08Z,236,29.889,76.0,54,70.1,4,5,161,66,0.0,255,32767,0.0,2127-15-31,0.0,0.52,26.6,0.0,0.0,0.0,0,4.822265625,6,45,05:39,20:21,2025-05-22 16:53:07.967796,Città della Scienza,44.5,5.999122,8.464363,5.311377,4.0563703,EU EEA Common AQI,84.1,5.070463,6.9207096,7200,4.1449275,100,100,65.3,3.6869562,Very Low,84.1,4.8393326,100,1747932300,Very Low,4.249101,6.310137,Very Low,6.6512575,60.1,6.536232,100,1747932300,4.6086955
2025-05-22T16:53:19Z,236,29.889,76.0,54,70.1,2,5,173,66,0.0,255,32767,0.0,2127-15-31,0.0,0.52,26.6,0.0,0.0,0.0,0,4.822265625,6,45,05:39,20:21,2025-05-22 16:53:19.006782,Città della Scienza,44.5,5.999122,8.464363,5.311377,4.0563703,EU EEA Common AQI,84.1,5.070463,6.9207096,7200,4.1449275,100,100,65.3,3.6869562,Very Low,84.1,4.8393326,100,1747932300,Very Low,4.249101,6.310137,Very Low,6.6512575,60.1,6.536232,100,1747932300,4.6086955
2025-05-22T16:53:30Z,236,29.889,76.0,54,70.2,2,5,175,66,0.0,255,32767,0.0,2127-15-31,0.0,0.52,26.6,0.0,0.0,0.0,0,4.822265625,6,45,05:39,20:21,2025-05-22 16:53:30.077800,Città della Scienza,44.5,5.999122,8.464363,5.311377,4.0563703,EU EEA Common AQI,84.1,5.070463,6.9207096,7200,4.1449275,100,100,65.3,3.6869562,Very Low,84.1,4.8393326,100,1747932300,Very Low,4.249101,6.310137,Very Low,6.6512575,60.1,6.536232,100,1747932300,4.6086955
2025-05-22T16:53:41Z,236,29.889,76.0,54,70.1,3,4,194,66,0.0,255,32767,0.0,2127-15-31,0.0,0.52,26.6,0.0,0.0,0.0,0,4.822265625,6,45,05:39,20:21,2025-05-22 16:53:41.177789,Città della Scienza,44.5,5.999122,8.464363,5.311377,4.0563703,EU EEA Common AQI,84.1,5.070463,6.9207096,7200,4.1449275,100,100,65.3,3.6869562,Very Low,84.1,4.8393326,100,1747932300,Very Low,4.249101,6.310137,Very Low,6.6512575,60.1,6.536232,100,1747932300,4.6086955
2025-05-22T16:53:52Z,236,29.889,76.0,54,70.1,6,4,185,66,0.0,255,32767,0.0,2127-15-31,0.0,0.52,26.6,0.0,0.0,0.0,0,4.822265625,6,45,05:39,20:21,2025-05-22 16:53:52.331787,Città della Scienza,44.5,5.999122,8.464363,5.311377,4.0563703,EU EEA Common AQI,84.1,5.070463,6.9207096,7200,4.1449275,100,100,65.3,3.6869562,Very Low,84.1,4.8393326,100,1747932300,Very Low,4.249101,6.310137,Very Low,6.6512575,60.1,6.536232,100,1747932300,4.6086955
2025-05-22T16:54:03Z,236,29.889,76.0,54,70.1,6,4,181,66,0.0,255,32767,0.0,2127-15-31,0.0,0.52,26.6,0.0,0.0,0.0,0,4.822265625,6,45,05:39,20:21,2025-05-22 16:54:03.390792,Città della Scienza,44.5,5.999122,8.464363,5.311377,4.0563703,EU EEA Common AQI,84.1,5.070463,6.9207096,7200,4.1449275,100,100,65.3,3.6869562,Very Low,84.1,4.8393326,100,1747932300,Very Low,4.249101,6.310137,Very Low,6.6512575,60.1,6.536232,100,1747932300,4.6086955
2025-05-22T16:54:14Z,236,29.889,76.0,54,70.1,6,4,182,66,0.0,255,32767,0.0,2127-15-31,0.0,0.52,26.6,0.0,0.0,0.0,0,4.822265625,6,45,05:39,20:21,2025-05-22 16:54:14.482786,Città della Scienza,44.5,5.999122,8.464363,5.311377,4.0563703,EU EEA Common AQI,84.1,5.070463,6.9207096,7200,4.1449275,100,100,65.3,3.6869562,Very Low,84.1,4.8393326,100,1747932300,Very Low,4.249101,6.310137,Very Low,6.6512575,60.1,6.536232,100,1747932300,4.6086955
2025-05-22T16:54:25Z,236,29.889,76.0,54,70.1,3,4,176,66,0.0,255,32767,0.0,2127-15-31,0.0,0.52,26.6,0.0,0.0,0.0,0,4.822265625,6,45,05:39,20:21,2025-05-22 16:54:25.558788,Città della Scienza,44.5,5.999122,8.464363,5.311377,4.0563703,EU EEA Common AQI,84.1,5.070463,6.9207096,7200,4.1449275,100,100,65.3,3.6869562,Very Low,84.1,4.8393326,100,1747932300,Very Low,4.249101,6.310137,Very Low,6.6512575,60.1,6.536232,100,1747932300,4.6086955
2025-05-22T16:54:36Z,236,29.889,76.0,54,70.1,5,4,181,66,0.0,255,32767,0.0,2127-15-31,0.0,0.52,26.6,0.0,0.0,0.0,0,4.822265625,6,45,05:39,20:21,2025-05-22 16:54:36.599800,Città della Scienza,44.5,5.999122,8.464363,5.311377,4.0563703,EU EEA Common AQI,84.1,5.070463,6.9207096,7200,4.1449275,100,100,65.3,3.6869562,Very Low,84.1,4.8393326,100,1747932300,Very Low,4.249101,6.310137,Very Low,6.6512575,60.1,6.536232,100,1747932300,4.6086955
2025-05-22T16:54:47Z,236,29.889,76.0,54,70.1,4,4,188,66,0.0,255,32767,0.0,2127-15-31,0.0,0.52,26.6,0.0,0.0,0.0,0,4.822265625,6,45,05:39,20:21,2025-05-22 16:54:47.687799,Città della Scienza,44.5,5.999122,8.464363,5.311377,4.0563703,EU EEA Common AQI,84.1,5.070463,6.9207096,7200,4.1449275,100,100,65.3,3.6869562,Very Low,84.1,4.8393326,100,1747932300,Very Low,4.249101,6.310137,Very Low,6.6512575,60.1,6.536232,100,1747932300,4.6086955
2025-05-22T16:54:58Z,236,29.889,76.0,54,70.1,5,4,197,66,0.0,255,32767,0.0,2127-15-31,0.0,0.52,26.6,0.0,0.0,0.0,0,4.822265625,6,45,05:39,20:21,2025-05-22 16:54:58.754793,Città della Scienza,44.5,5.999122,8.464363,5.311377,4.0563703,EU EEA Common AQI,84.1,5.070463,6.9207096,7200,4.1449275,100,100,65.3,3.6869562,Very Low,84.1,4.8393326,100,1747932300,Very Low,4.249101,6.310137,Very Low,6.6512575,60.1,6.536232,100,1747932300,4.6086955
2025-05-22T16:55:10Z,236,29.889,76.0,54,70.1,5,4,185,66,0.0,255,32767,0.0,2127-15-31,0.0,0.52,26.6,0.0,0.0,0.0,0,4.822265625,6,45,05:39,20:21,2025-05-22 16:55:09.831752,Città della Scienza,44.5,5.999122,8.464363,5.311377,4.0563703,EU EEA Common AQI,84.1,5.070463,6.9207096,7200,4.1449275,100,100,65.3,3.6869562,Very Low,84.1,4.8393326,100,1747932300,Very Low,4.249101,6.310137,Very Low,6.6512575,60.1,6.536232,100,1747932300,4.6086955
2025-05-22T16:55:21Z,236,29.889,76.0,54,70.1,3,4,219,66,0.0,255,32767,0.0,2127-15-31,0.0,0.52,26.6,0.0,0.0,0.0,0,4.822265625,6,45,05:39,20:21,2025-05-22 16:55:20.924790,Città della Scienza
2025-05-22T16:55:32Z,236,29.889,76.0,54,70.1,3,4,182,66,0.0,255,32767,0.0,2127-15-31,0.0,0.52,26.6,0.0,0.0,0.0,0,4.822265625,6,45,05:39,20:21,2025-05-22 16:55:31.964761,Città della Scienza
2025-05-22T16:55:43Z,236,29.889,76.0,54,70.1,7,4,179,66,0.0,255,32767,0.0,2127-15-31,0.0,0.52,26.6,0.0,0.0,0.0,0,4.822265625,6,45,05:39,20:21,2025-05-22 16:55:43.039788,Città della Scienza
2025-05-22T16:55:54Z,236,29.889,76.0,54,70.1,6,4,196,66,0.0,255,32767,0.0,2127-15-31,0.0,0.52,26.6,0.0,0.0,0.0,0,4.822265625,6,45,05:39,20:21,2025-05-22 16:55:54.084789,Città della Scienza
2025-05-22T16:56:05Z,236,29.889,76.0,54,70.1,5,4,207,66,0.0,255,32767,0.0,2127-15-31,0.0,0.52,26.6,0.0,0.0,0.0,0,4.822265625,6,45,05:39,20:21,2025-05-22 16:56:05.147812,Città della Scienza
2025-05-22T16:56:16Z,236,29.889,76.0,54,70.1,2,4,225,66,0.0,255,32767,0.0,2127-15-31,0.0,0.52,26.6,0.0,0.0,0.0,0,4.822265625,6,45,05:39,20:21,2025-05-22 16:56:16.227798,Città della Scienza
2025-05-22T16:56:27Z,236,29.889,76.0,54,70.1,6,4,184,66,0.0,255,32767,0.0,2127-15-31,0.0,0.52,26.6,0.0,0.0,0.0,0,4.822265625,6,45,05:39,20:21,2025-05-22 16:56:27.316752,Città della Scienza
2025-05-22T16:56:38Z,236,29.89,75.9,54,70.1,7,4,187,66,0.0,255,32767,0.0,2127-15-31,0.0,0.52,26.6,0.0,0.0,0.0,0,4.822265625,6,45,05:39,20:21,2025-05-22 16:56:38.347783,Città della Scienza
2025-05-22T16:56:49Z,236,29.89,75.9,54,70.1,5,4,174,66,0.0,255,32767,0.0,2127-15-31,0.0,0.52,26.6,0.0,0.0,0.0,0,4.822265625,6,45,05:39,20:21,2025-05-22 16:56:49.421790,Città della Scienza
2025-05-22T16:57:00Z,236,29.89,75.9,54,70.1,2,4,180,66,0.0,255,32767,0.0,2127-15-31,0.0,0.52,26.6,0.0,0.0,0.0,0,4.822265625,6,45,05:39,20:21,2025-05-22 16:57:00.475799,Città della Scienza
2025-05-22T16:57:11Z,236,29.89,75.9,54,70.1,2,4,192,67,0.0,255,32767,0.0,2127-15-31,0.0,0.52,26.6,0.0,0.0,0.0,0,4.822265625,6,45,05:39,20:21,2025-05-22 16:57:11.583789,Città della Scienza
2025-05-22T16:57:22Z,236,29.89,75.9,54,70.1,2,4,178,67,0.0,255,32767,0.0,2127-15-31,0.0,0.52,26.6,0.0,0.0,0.0,0,4.822265625,6,45,05:39,20:21,2025-05-22 16:57:22.642790,Città della Scienza
2025-05-22T16:57:33Z,236,29.89,75.9,54,70.1,5,4,200,67,0.0,255,32767,0.0,2127-15-31,0.0,0.52,26.6,0.0,0.0,0.0,0,4.822265625,6,45,05:39,20:21,2025-05-22 16:57:33.752793,Città della Scienza
2025-05-22T16:57:45Z,236,29.888,76.0,54,70.2,5,4,178,67,0.0,255,32767,0.0,2127-15-31,0.0,0.52,26.6,0.0,0.0,0.0,0,4.822265625,6,45,05:39,20:21,2025-05-22 16:57:44.835799,Città della Scienza
2025-05-22T16:57:56Z,236,29.888,76.0,54,70.2,4,4,184,67,0.0,255,32767,0.0,2127-15-31,0.0,0.52,26.6,0.0,0.0,0.0,0,4.822265625,6,45,05:39,20:21,2025-05-22 16:57:55.924773,Città della Scienza
2025-05-22T16:58:07Z,236,29.888,76.0,54,70.1,3,4,187,66,0.0,255,32767,0.0,2127-15-31,0.0,0.52,26.6,0.0,0.0,0.0,0,4.822265625,6,45,05:39,20:21,2025-05-22 16:58:07.032803,Città della Scienza
2025-05-22T16:58:18Z,236,29.888,76.0,54,70.1,4,4,160,66,0.0,255,32767,0.0,2127-15-31,0.0,0.52,26.6,0.0,0.0,0.0,0,4.822265625,6,45,05:39,20:21,2025-05-22 16:58:18.110806,Città della Scienza
2025-05-22T16:58:29Z,236,29.888,76.0,54,70.2,2,4,172,66,0.0,255,32767,0.0,2127-15-31,0.0,0.52,26.6,0.0,0.0,0.0,0,4.822265625,6,45,05:39,20:21,2025-05-22 16:58:29.178793,Città della Scienza
2025-05-22T16:58:40Z,236,29.891,76.0,54,70.2,3,4,186,66,0.0,255,32767,0.0,2127-15-31,0.0,0.52,26.6,0.0,0.0,0.0,0,4.822265625,6,45,05:39,20:21,2025-05-22 16:58:40.266790,Città della Scienza
2025-05-22T16:58:51Z,236,29.891,76.0,54,70.1,1,4,254,66,0.0,255,32767,0.0,2127-15-31,0.0,0.52,26.6,0.0,0.0,0.0,0,4.822265625,6,45,05:39,20:21,2025-05-22 16:58:51.312790,Città della Scienza
2025-05-22T16:59:02Z,236,29.891,76.0,54,70.1,4,4,231,66,0.0,255,32767,0.0,2127-15-31,0.0,0.52,26.6,0.0,0.0,0.0,0,4.822265625,6,45,05:39,20:21,2025-05-22 16:59:02.340798,Città della Scienza
2025-05-22T16:59:13Z,236,29.891,76.0,54,70.2,5,4,217,66,0.0,255,32767,0.0,2127-15-31,0.0,0.52,26.6,0.0,0.0,0.0,0,4.822265625,6,45,05:39,20:21,2025-05-22 16:59:13.416782,Città della Scienza
2025-05-22T16:59:24Z,236,29.891,76.0,54,70.2,4,4,213,66,0.0,255,32767,0.0,2127-15-31,0.0,0.52,26.6,0.0,0.0,0.0,0,4.822265625,6,45,05:39,20:21,2025-05-22 16:59:24.497790,Città della Scienza
2025-05-22T16:59:35Z,236,29.889,76.0,54,70.2,2,4,215,66,0.0,255,32767,0.0,2127-15-31,0.0,0.52,26.6,0.0,0.0,0.0,0,4.822265625,6,45,05:39,20:21,2025-05-22 16:59:35.559793,Città della Scienza
2025-05-22T16:59:46Z,236,29.889,76.0,54,70.2,5,4,223,67,0.0,255,32767,0.0,2127-15-31,0.0,0.52,26.6,0.0,0.0,0.0,0,4.822265625,6,45,05:39,20:21,2025-05-22 16:59:46.672798,Città della Scienza
2025-05-22T16:59:57Z,236,29.889,76.0,54,70.2,2,4,281,67,0.0,255,32767,0.0,2127-15-31,0.0,0.52,26.6,0.0,0.0,0.0,0,4.822265625,6,45,05:39,20:21,2025-05-22 16:59:57.732806,Città della Scienza
2025-05-22T17:00:09Z,236,29.889,76.0,54,70.2,5,4,238,67,0.0,255,32767,0.0,2127-15-31,0.0,0.52,26.6,0.0,0.0,0.0,0,4.822265625,6,45,05:39,20:21,2025-05-22 17:00:08.819790,Città della Scienza,44.5,5.999122,8.464363,5.311377,4.0563703,EU EEA Common AQI,84.1,5.070463,6.9207096,7200,4.1449275,100,100,65.3,3.6869562,Very Low,84.1,4.8393326,100,1747932300,Very Low,4.249101,6.310137,Very Low,6.6512575,60.1,6.536232,100,1747932300,4.6086955
2025-05-22T17:00:20Z,236,29.889,76.0,54,70.2,4,4,225,67,0.0,255,32767,0.0,2127-15-31,0.0,0.52,26.6,0.0,0.0,0.0,0,4.822265625,6,45,05:39,20:21,2025-05-22 17:00:19.948798,Città della Scienza,44.5,5.999122,8.464363,5.311377,4.0563703,EU EEA Common AQI,84.1,5.070463,6.9207096,7200,4.1449275,100,100,65.3,3.6869562,Very Low,84.1,4.8393326,100,1747932300,Very Low,4.249101,6.310137,Very Low,6.6512575,60.1,6.536232,100,1747932300,4.6086955
2025-05-22T17:00:31Z,236,29.889,76.0,54,70.2,5,4,248,67,0.0,255,32767,0.0,2127-15-31,0.0,0.52,26.6,0.0,0.0,0.0,0,4.822265625,6,45,05:39,20:21,2025-05-22 17:00:31.049815,Città della Scienza,44.6,5.941261,8.438568,5.347868,4.025495,EU EEA Common AQI,83.9,5.031869,6.904428,7200,4.130435,100,100,65.3,3.721739,Very Low,83.9,4.7954507,100,1747933200,Very Low,4.278294,6.259489,Very Low,6.667705,60.1,5.536232,100,1747933200,4.652174
2025-05-22T17:00:42Z,236,29.89,75.9,54,70.2,4,4,182,67,0.0,255,32767,0.0,2127-15-31,0.0,0.52,26.6,0.0,0.0,0.0,0,4.822265625,6,45,05:39,20:21,2025-05-22 17:00:42.085788,Città della Scienza,44.6,5.941261,8.438568,5.347868,4.025495,EU EEA Common AQI,83.9,5.031869,6.904428,7200,4.130435,100,100,65.3,3.721739,Very Low,83.9,4.7954507,100,1747933200,Very Low,4.278294,6.259489,Very Low,6.667705,60.1,5.536232,100,1747933200,4.652174
2025-05-22T17:00:53Z,236,29.89,75.9,54,70.3,3,4,244,67,0.0,255,32767,0.0,2127-15-31,0.0,0.52,26.6,0.0,0.0,0.0,0,4.822265625,6,45,05:39,20:21,2025-05-22 17:00:53.151790,Città della Scienza,44.6,5.941261,8.438568,5.347868,4.025495,EU EEA Common AQI,83.9,5.031869,6.904428,7200,4.130435,100,100,65.3,3.721739,Very Low,83.9,4.7954507,100,1747933200,Very Low,4.278294,6.259489,Very Low,6.667705,60.1,5.536232,100,1747933200,4.652174
2025-05-22T17:01:04Z,236,29.89,75.9,54,70.3,6,4,210,67,0.0,255,32767,0.0,2127-15-31,0.0,0.52,26.6,0.0,0.0,0.0,0,4.822265625,6,45,05:39,20:21,2025-05-22 17:01:04.230791,Città della Scienza,44.6,5.941261,8.438568,5.347868,4.025495,EU EEA Common AQI,83.9,5.031869,6.904428,7200,4.130435,100,100,65.3,3.721739,Very Low,83.9,4.7954507,100,1747933200,Very Low,4.278294,6.259489,Very Low,6.667705,60.1,5.536232,100,1747933200,4.652174
2025-05-22T17:01:15Z,236,29.89,75.9,54,70.3,5,4,235,67,0.0,255,32767,0.0,2127-15-31,0.0,0.52,26.6,0.0,0.0,0.0,0,4.822265625,6,45,05:39,20:21,2025-05-22 17:01:15.345791,Città della Scienza,44.6,5.941261,8.438568,5.347868,4.025495,EU EEA Common AQI,83.9,5.031869,6.904428,7200,4.130435,100,100,65.3,3.721739,Very Low,83.9,4.7954507,100,1747933200,Very Low,4.278294,6.259489,Very Low,6.667705,60.1,5.536232,100,1747933200,4.652174
2025-05-22T17:01:26Z,236,29.89,75.9,54,70.3,8,4,210,67,0.0,255,32767,0.0,2127-15-31,0.0,0.52,26.6,0.0,0.0,0.0,0,4.822265625,6,45,05:39,20:21,2025-05-22 17:01:26.451779,Città della Scienza,44.6,5.941261,8.438568,5.347868,4.025495,EU EEA Common AQI,83.9,5.031869,6.904428,7200,4.130435,100,100,65.3,3.721739,Very Low,83.9,4.7954507,100,1747933200,Very Low,4.278294,6.259489,Very Low,6.667705,60.1,5.536232,100,1747933200,4.652174
2025-05-22T17:01:37Z,236,29.888,76.0,54,70.3,5,4,225,67,0.0,255,32767,0.0,2127-15-31,0.0,0.52,26.6,0.0,0.0,0.0,0,4.822265625,6,45,05:39,20:21,2025-05-22 17:01:37.536787,Città della Scienza,44.6,5.941261,8.438568,5.347868,4.025495,EU EEA Common AQI,83.9,5.031869,6.904428,7200,4.130435,100,100,65.3,3.721739,Very Low,83.9,4.7954507,100,1747933200,Very Low,4.278294,6.259489,Very Low,6.667705,60.1,5.536232,100,1747933200,4.652174
2025-05-22T17:01:48Z,236,29.888,76.0,54,70.3,6,4,232,67,0.0,255,32767,0.0,2127-15-31,0.0,0.52,26.6,0.0,0.0,0.0,0,4.822265625,6,45,05:39,20:21,2025-05-22 17:01:48.678794,Città della Scienza,44.6,5.941261,8.438568,5.347868,4.025495,EU EEA Common AQI,83.9,5.031869,6.904428,7200,4.130435,100,100,65.3,3.721739,Very Low,83.9,4.7954507,100,1747933200,Very Low,4.278294,6.259489,Very Low,6.667705,60.1,5.536232,100,1747933200,4.652174
2025-05-22T17:01:59Z,236,29.888,76.0,54,70.4,6,4,198,67,0.0,255,32767,0.0,2127-15-31,0.0,0.52,26.6,0.0,0.0,0.0,0,4.822265625,6,45,05:39,20:21,2025-05-22 17:01:59.747788,Città della Scienza,44.6,5.941261,8.438568,5.347868,4.025495,EU EEA Common AQI,83.9,5.031869,6.904428,7200,4.130435,100,100,65.3,3.721739,Very Low,83.9,4.7954507,100,1747933200,Very Low,4.278294,6.259489,Very Low,6.667705,60.1,5.536232,100,1747933200,4.652174
2025-05-22T17:02:11Z,236,29.888,76.0,54,70.3,3,4,114,67,0.0,255,32767,0.0,2127-15-31,0.0,0.52,26.6,0.0,0.0,0.0,0,4.822265625,6,45,05:39,20:21,2025-05-22 17:02:10.818807,Città della Scienza,44.6,5.941261,8.438568,5.347868,4.025495,EU EEA Common AQI,83.9,5.031869,6.904428,7200,4.130435,100,100,65.3,3.721739,Very Low,83.9,4.7954507,100,1747933200,Very Low,4.278294,6.259489,Very Low,6.667705,60.1,5.536232,100,1747933200,4.652174
2025-05-22T17:02:22Z,236,29.888,76.0,54,70.4,2,4,153,67,0.0,255,32767,0.0,2127-15-31,0.0,0.52,26.6,0.0,0.0,0.0,0,4.822265625,6,45,05:39,20:21,2025-05-22 17:02:21.923799,Città della Scienza,44.6,5.941261,8.438568,5.347868,4.025495,EU EEA Common AQI,83.9,5.031869,6.904428,7200,4.130435,100,100,65.3,3.721739,Very Low,83.9,4.7954507,100,1747933200,Very Low,4.278294,6.259489,Very Low,6.667705,60.1,5.536232,100,1747933200,4.652174
2025-05-22T17:02:33Z,236,29.888,76.0,54,70.4,5,4,248,67,0.0,255,32767,0.0,2127-15-31,0.0,0.52,26.6,0.0,0.0,0.0,0,4.822265625,6,45,05:39,20:21,2025-05-22 17:02:33.012797,Città della Scienza,44.6,5.941261,8.438568,5.347868,4.025495,EU EEA Common AQI,83.9,5.031869,6.904428,7200,4.130435,100,100,65.3,3.721739,Very Low,83.9,4.7954507,100,1747933200,Very Low,4.278294,6.259489,Very Low,6.667705,60.1,5.536232,100,1747933200,4.652174
2025-05-22T17:02:44Z,236,29.89,75.9,54,70.3,5,4,236,67,0.0,255,32767,0.0,2127-15-31,0.0,0.52,26.6,0.0,0.0,0.0,0,4.822265625,6,45,05:39,20:21,2025-05-22 17:02:44.095785,Città della Scienza,44.6,5.941261,8.438568,5.347868,4.025495,EU EEA Common AQI,83.9,5.031869,6.904428,7200,4.130435,100,100,65.3,3.721739,Very Low,83.9,4.7954507,100,1747933200,Very Low,4.278294,6.259489,Very Low,6.667705,60.1,5.536232,100,1747933200,4.652174
2025-05-22T17:02:55Z,236,29.89,75.9,54,70.4,5,4,213,67,0.0,255,32767,0.0,2127-15-31,0.0,0.52,26.6,0.0,0.0,0.0,0,4.822265625,6,45,05:39,20:21,2025-05-22 17:02:55.190796,Città della Scienza,44.6,5.941261,8.438568,5.347868,4.025495,EU EEA Common AQI,83.9,5.031869,6.904428,7200,4.130435,100,100,65.3,3.721739,Very Low,83.9,4.7954507,100,1747933200,Very Low,4.278294,6.259489,Very Low,6.667705,60.1,5.536232,100,1747933200,4.652174
2025-05-22T17:03:06Z,236,29.89,75.9,54,70.4,4,4,199,67,0.0,255,32767,0.0,2127-15-31,0.0,0.52,26.6,0.0,0.0,0.0,0,4.822265625,6,45,05:39,20:21,2025-05-22 17:03:06.213786,Città della Scienza,44.6,5.941261,8.438568,5.347868,4.025495,EU EEA Common AQI,83.9,5.031869,6.904428,7200,4.130435,100,100,65.3,3.721739,Very Low,83.9,4.7954507,100,1747933200,Very Low,4.278294,6.259489,Very Low,6.667705,60.1,5.536232,100,1747933200,4.652174
2025-05-22T17:03:17Z,236,29.89,75.9,54,70.4,3,4,182,67,0.0,255,32767,0.0,2127-15-31,0.0,0.52,26.6,0.0,0.0,0.0,0,4.822265625,6,45,05:39,20:21,2025-05-22 17:03:17.279786,Città della Scienza,44.6,5.941261,8.438568,5.347868,4.025495,EU EEA Common AQI,83.9,5.031869,6.904428,7200,4.130435,100,100,65.3,3.721739,Very Low,83.9,4.7954507,100,1747933200,Very Low,4.278294,6.259489,Very Low,6.667705,60.1,5.536232,100,1747933200,4.652174
2025-05-22T17:03:28Z,236,29.89,75.9,54,70.4,6,4,175,67,0.0,255,32767,0.0,2127-15-31,0.0,0.52,26.6,0.0,0.0,0.0,0,4.822265625,6,45,05:39,20:21,2025-05-22 17:03:28.343788,Città della Scienza,44.6,5.941261,8.438568,5.347868,4.025495,EU EEA Common AQI,83.9,5.031869,6.904428,7200,4.130435,100,100,65.3,3.721739,Very Low,83.9,4.7954507,100,1747933200,Very Low,4.278294,6.259489,Very Low,6.667705,60.1,5.536232,100,1747933200,4.652174
2025-05-22T17:03:39Z,236,29.888,76.0,54,70.4,4,4,188,67,0.0,255,32767,0.0,2127-15-31,0.0,0.52,26.6,0.0,0.0,0.0,0,4.822265625,6,45,05:39,20:21,2025-05-22 17:03:39.409798,Città della Scienza,44.6,5.941261,8.438568,5.347868,4.025495,EU EEA Common AQI,83.9,5.031869,6.904428,7200,4.130435,100,100,65.3,3.721739,Very Low,83.9,4.7954507,100,1747933200,Very Low,4.278294,6.259489,Very Low,6.667705,60.1,5.536232,100,1747933200,4.652174
2025-05-22T17:03:50Z,236,29.888,76.0,54,70.4,5,4,208,67,0.0,255,32767,0.0,2127-15-31,0.0,0.52,26.6,0.0,0.0,0.0,0,4.822265625,6,45,05:39,20:21,2025-05-22 17:03:50.449796,Città della Scienza,44.6,5.941261,8.438568,5.347868,4.025495,EU EEA Common AQI,83.9,5.031869,6.904428,7200,4.130435,100,100,65.3,3.721739,Very Low,83.9,4.7954507,100,1747933200,Very Low,4.278294,6.259489,Very Low,6.667705,60.1,5.536232,100,1747933200,4.652174
2025-05-22T17:04:01Z,236,29.888,76.0,54,70.3,6,4,184,67,0.0,255,32767,0.0,2127-15-31,0.0,0.52,26.6,0.0,0.0,0.0,0,4.822265625,6,45,05:39,20:21,2025-05-22 17:04:01.518788,Città della Scienza,44.6,5.941261,8.438568,5.347868,4.025495,EU EEA Common AQI,83.9,5.031869,6.904428,7200,4.130435,100,100,65.3,3.721739,Very Low,83.9,4.7954507,100,1747933200,Very Low,4.278294,6.259489,Very Low,6.667705,60.1,5.536232,100,1747933200,4.652174
2025-05-22T17:04:12Z,236,29.888,76.0,54,70.3,6,4,186,67,0.0,255,32767,0.0,2127-15-31,0.0,0.52,26.6,0.0,0.0,0.0,0,4.822265625,6,45,05:39,20:21,2025-05-22 17:04:12.609803,Città della Scienza,44.6,5.941261,8.438568,5.347868,4.025495,EU EEA Common AQI,83.9,5.031869,6.904428,7200,4.130435,100,100,65.3,3.721739,Very Low,83.9,4.7954507,100,1747933200,Very Low,4.278294,6.259489,Very Low,6.667705,60.1,5.536232,100,1747933200,4.652174
2025-05-22T17:04:23Z,236,29.888,76.0,54,70.4,6,4,170,67,0.0,255,32767,0.0,2127-15-31,0.0,0.52,26.6,0.0,0.0,0.0,0,4.822265625,6,45,05:39,20:21,2025-05-22 17:04:23.690795,Città della Scienza,44.6,5.941261,8.438568,5.347868,4.025495,EU EEA Common AQI,83.9,5.031869,6.904428,7200,4.130435,100,100,65.3,3.721739,Very Low,83.9,4.7954507,100,1747933200,Very Low,4.278294,6.259489,Very Low,6.667705,60.1,5.536232,100,1747933200,4.652174
2025-05-22T17:04:35Z,236,29.889,75.9,54,70.3,10,4,186,67,0.0,255,32767,0.0,2127-15-31,0.0,0.52,26.6,0.0,0.0,0.0,0,4.822265625,6,45,05:39,20:21,2025-05-22 17:04:34.809793,Città della Scienza,44.6,5.941261,8.438568,5.347868,4.025495,EU EEA Common AQI,83.9,5.031869,6.904428,7200,4.130435,100,100,65.3,3.721739,Very Low,83.9,4.7954507,100,1747933200,Very Low,4.278294,6.259489,Very Low,6.667705,60.1,5.536232,100,1747933200,4.652174
2025-05-22T17:04:46Z,236,29.889,75.9,54,70.3,10,4,170,67,0.0,255,32767,0.0,2127-15-31,0.0,0.52,26.6,0.0,0.0,0.0,0,4.822265625,6,45,05:39,20:21,2025-05-22 17:04:45.834785,Città della Scienza,44.6,5.941261,8.438568,5.347868,4.025495,EU EEA Common AQI,83.9,5.031869,6.904428,7200,4.130435,100,100,65.3,3.721739,Very Low,83.9,4.7954507,100,1747933200,Very Low,4.278294,6.259489,Very Low,6.667705,60.1,5.536232,100,1747933200,4.652174
2025-05-22T17:04:57Z,236,29.889,75.9,54,70.3,4,4,163,67,0.0,255,32767,0.0,2127-15-31,0.0,0.52,26.6,0.0,0.0,0.0,0,4.822265625,6,45,05:39,20:21,2025-05-22 17:04:56.865786,Città della Scienza,44.6,5.941261,8.438568,5.347868,4.025495,EU EEA Common AQI,83.9,5.031869,6.904428,7200,4.130435,100,100,65.3,3.721739,Very Low,83.9,4.7954507,100,1747933200,Very Low,4.278294,6.259489,Very Low,6.667705,60.1,5.536232,100,1747933200,4.652174
2025-05-22T17:05:08Z,236,29.889,75.9,54,70.3,2,4,182,66,0.0,255,32767,0.0,2127-15-31,0.0,0.52,26.6,0.0,0.0,0.0,0,4.822265625,6,45,05:39,20:21,2025-05-22 17:05:07.957805,Città della Scienza,44.6,5.941261,8.438568,5.347868,4.025495,EU EEA Common AQI,83.9,5.031869,6.904428,7200,4.130435,100,100,65.3,3.721739,Very Low,83.9,4.7954507,100,1747933200,Very Low,4.278294,6.259489,Very Low,6.667705,60.1,5.536232,100,1747933200,4.652174
2025-05-22T17:05:19Z,236,29.889,75.9,54,70.2,6,4,174,66,0.0,255,32767,0.0,2127-15-31,0.0,0.52,26.6,0.0,0.0,0.0,0,4.822265625,6,45,05:39,20:21,2025-05-22 17:05:19.023792,Città della Scienza,44.6,5.941261,8.438568,5.347868,4.025495,EU EEA Common AQI,83.9,5.031869,6.904428,7200,4.130435,100,100,65.3,3.721739,Very Low,83.9,4.7954507,100,1747933200,Very Low,4.278294,6.259489,Very Low,6.667705,60.1,5.536232,100,1747933200,4.652174
2025-05-22T17:05:30Z,236,29.889,75.9,54,70.2,5,4,198,66,0.0,255,32767,0.0,2127-15-31,0.0,0.52,26.6,0.0,0.0,0.0,0,4.822265625,6,45,05:39,20:21,2025-05-22 17:05:30.126807,Città della Scienza,44.6,5.941261,8.438568,5.347868,4.025495,EU EEA Common AQI,83.9,5.031869,6.904428,7200,4.130435,100,100,65.3,3.721739,Very Low,83.9,4.7954507,100,1747933200,Very Low,4.278294,6.259489,Very Low,6.667705,60.1,5.536232,100,1747933200,4.652174
2025-05-22T17:05:41Z,236,29.888,75.9,54,70.2,4,4,205,66,0.0,255,32767,0.0,2127-15-31,0.0,0.52,26.6,0.0,0.0,0.0,0,4.822265625,6,45,05:39,20:21,2025-05-22 17:05:41.236800,Città della Scienza,44.6,5.941261,8.438568,5.347868,4.025495,EU EEA Common AQI,83.9,5.031869,6.904428,7200,4.130435,100,100,65.3,3.721739,Very Low,83.9,4.7954507,100,1747933200,Very Low,4.278294,6.259489,Very Low,6.667705,60.1,5.536232,100,1747933200,4.652174
2025-05-22T17:05:52Z,236,29.888,75.9,54,70.2,6,4,175,66,0.0,255,32767,0.0,2127-15-31,0.0,0.52,26.6,0.0,0.0,0.0,0,4.822265625,6,45,05:39,20:21,2025-05-22 17:05:52.364799,Città della Scienza,44.6,5.941261,8.438568,5.347868,4.025495,EU EEA Common AQI,83.9,5.031869,6.904428,7200,4.130435,100,100,65.3,3.721739,Very Low,83.9,4.7954507,100,1747933200,Very Low,4.278294,6.259489,Very Low,6.667705,60.1,5.536232,100,1747933200,4.652174
2025-05-22T17:06:03Z,236,29.888,75.9,54,70.2,4,4,230,66,0.0,255,32767,0.0,2127-15-31,0.0,0.52,26.6,0.0,0.0,0.0,0,4.822265625,6,45,05:39,20:21,2025-05-22 17:06:03.439800,Città della Scienza,44.6,5.941261,8.438568,5.347868,4.025495,EU EEA Common AQI,83.9,5.031869,6.904428,7200,4.130435,100,100,65.3,3.721739,Very Low,83.9,4.7954507,100,1747933200,Very Low,4.278294,6.259489,Very Low,6.667705,60.1,5.536232,100,1747933200,4.652174
2025-05-22T17:06:14Z,236,29.888,75.9,54,70.1,10,4,175,66,0.0,255,32767,0.0,2127-15-31,0.0,0.52,26.6,0.0,0.0,0.0,0,4.822265625,6,45,05:39,20:21,2025-05-22 17:06:14.501784,Città della Scienza,44.6,5.941261,8.438568,5.347868,4.025495,EU EEA Common AQI,83.9,5.031869,6.904428,7200,4.130435,100,100,65.3,3.721739,Very Low,83.9,4.7954507,100,1747933200,Very Low,4.278294,6.259489,Very Low,6.667705,60.1,5.536232,100,1747933200,4.652174
2025-05-22T17:06:25Z,236,29.888,75.9,54,70.1,8,4,186,66,0.0,255,32767,0.0,2127-15-31,0.0,0.52,26.6,0.0,0.0,0.0,0,4.822265625,6,45,05:39,20:21,2025-05-22 17:06:25.596454,Città della Scienza,44.6,5.941261,8.438568,5.347868,4.025495,EU EEA Common AQI,83.9,5.031869,6.904428,7200,4.130435,100,100,65.3,3.721739,Very Low,83.9,4.7954507,100,1747933200,Very Low,4.278294,6.259489,Very Low,6.667705,60.1,5.536232,100,1747933200,4.652174
2025-05-22T17:06:36Z,236,29.89,75.9,54,70.1,6,4,196,66,0.0,255,32767,0.0,2127-15-31,0.0,0.52,26.6,0.0,0.0,0.0,0,4.822265625,6,45,05:39,20:21,2025-05-22 17:06:36.672785,Città della Scienza,44.6,5.941261,8.438568,5.347868,4.025495,EU EEA Common AQI,83.9,5.031869,6.904428,7200,4.130435,100,100,65.3,3.721739,Very Low,83.9,4.7954507,100,1747933200,Very Low,4.278294,6.259489,Very Low,6.667705,60.1,5.536232,100,1747933200,4.652174
2025-05-22T17:06:47Z,236,29.89,75.9,54,70.2,8,4,188,67,0.0,255,32767,0.0,2127-15-31,0.0,0.52,26.6,0.0,0.0,0.0,0,4.822265625,6,45,05:39,20:21,2025-05-22 17:06:47.723789,Città della Scienza,44.6,5.941261,8.438568,5.347868,4.025495,EU EEA Common AQI,83.9,5.031869,6.904428,7200,4.130435,100,100,65.3,3.721739,Very Low,83.9,4.7954507,100,1747933200,Very Low,4.278294,6.259489,Very Low,6.667705,60.1,5.536232,100,1747933200,4.652174
2025-05-22T17:06:59Z,236,29.89,75.9,54,70.1,8,4,184,67,0.0,255,32767,0.0,2127-15-31,0.0,0.52,26.6,0.0,0.0,0.0,0,4.822265625,6,45,05:39,20:21,2025-05-22 17:06:58.860790,Città della Scienza,44.6,5.941261,8.438568,5.347868,4.025495,EU EEA Common AQI,83.9,5.031869,6.904428,7200,4.130435,100,100,65.3,3.721739,Very Low,83.9,4.7954507,100,1747933200,Very Low,4.278294,6.259489,Very Low,6.667705,60.1,5.536232,100,1747933200,4.652174
2025-05-22T17:07:10Z,236,29.89,75.9,54,70.1,6,4,182,67,0.0,255,32767,0.0,2127-15-31,0.0,0.52,26.6,0.0,0.0,0.0,0,4.822265625,6,45,05:39,20:21,2025-05-22 17:07:09.882790,Città della Scienza,44.6,5.941261,8.438568,5.347868,4.025495,EU EEA Common AQI,83.9,5.031869,6.904428,7200,4.130435,100,100,65.3,3.721739,Very Low,83.9,4.7954507,100,1747933200,Very Low,4.278294,6.259489,Very Low,6.667705,60.1,5.536232,100,1747933200,4.652174
2025-05-22T17:07:21Z,236,29.89,75.9,54,70.1,6,4,167,67,0.0,255,32767,0.0,2127-15-31,0.0,0.52,26.6,0.0,0.0,0.0,0,4.822265625,6,45,05:39,20:21,2025-05-22 17:07:20.950788,Città della Scienza,44.6,5.941261,8.438568,5.347868,4.025495,EU EEA Common AQI,83.9,5.031869,6.904428,7200,4.130435,100,100,65.3,3.721739,Very Low,83.9,4.7954507,100,1747933200,Very Low,4.278294,6.259489,Very Low,6.667705,60.1,5.536232,100,1747933200,4.652174
2025-05-22T17:07:32Z,236,29.89,75.9,54,70.1,8,4,173,67,0.0,255,32767,0.0,2127-15-31,0.0,0.52,26.6,0.0,0.0,0.0,0,4.822265625,6,45,05:39,20:21,2025-05-22 17:07:31.999786,Città della Scienza,44.6,5.941261,8.438568,5.347868,4.025495,EU EEA Common AQI,83.9,5.031869,6.904428,7200,4.130435,100,100,65.3,3.721739,Very Low,83.9,4.7954507,100,1747933200,Very Low,4.278294,6.259489,Very Low,6.667705,60.1,5.536232,100,1747933200,4.652174
2025-05-22T17:07:43Z,236,29.887,75.9,54,70.1,5,5,188,67,0.0,255,32767,0.0,2127-15-31,0.0,0.52,26.6,0.0,0.0,0.0,0,4.822265625,6,45,05:39,20:21,2025-05-22 17:07:43.047788,Città della Scienza,44.6,5.941261,8.438568,5.347868,4.025495,EU EEA Common AQI,83.9,5.031869,6.904428,7200,4.130435,100,100,65.3,3.721739,Very Low,83.9,4.7954507,100,1747933200,Very Low,4.278294,6.259489,Very Low,6.667705,60.1,5.536232,100,1747933200,4.652174
2025-05-22T17:07:54Z,236,29.887,75.9,54,70.1,7,5,194,67,0.0,255,32767,0.0,2127-15-31,0.0,0.52,26.6,0.0,0.0,0.0,0,4.822265625,6,45,05:39,20:21,2025-05-22 17:07:54.149798,Città della Scienza,44.6,5.941261,8.438568,5.347868,4.025495,EU EEA Common AQI,83.9,5.031869,6.904428,7200,4.130435,100,100,65.3,3.721739,Very Low,83.9,4.7954507,100,1747933200,Very Low,4.278294,6.259489,Very Low,6.667705,60.1,5.536232,100,1747933200,4.652174
2025-05-22T17:08:05Z,236,29.887,75.9,54,70.1,5,5,185,67,0.0,255,32767,0.0,2127-15-31,0.0,0.52,26.6,0.0,0.0,0.0,0,4.822265625,6,45,05:39,20:21,2025-05-22 17:08:05.247784,Città della Scienza,44.6,5.941261,8.438568,5.347868,4.025495,EU EEA Common AQI,83.9,5.031869,6.904428,7200,4.130435,100,100,65.3,3.721739,Very Low,83.9,4.7954507,100,1747933200,Very Low,4.278294,6.259489,Very Low,6.667705,60.1,5.536232,100,1747933200,4.652174
2025-05-22T17:08:16Z,236,29.887,75.9,54,70.1,5,5,165,67,0.0,255,32767,0.0,2127-15-31,0.0,0.52,26.6,0.0,0.0,0.0,0,4.822265625,6,45,05:39,20:21,2025-05-22 17:08:16.307793,Città della Scienza,44.6,5.941261,8.438568,5.347868,4.025495,EU EEA Common AQI,83.9,5.031869,6.904428,7200,4.130435,100,100,65.3,3.721739,Very Low,83.9,4.7954507,100,1747933200,Very Low,4.278294,6.259489,Very Low,6.667705,60.1,5.536232,100,1747933200,4.652174
2025-05-22T17:08:27Z,236,29.887,75.9,54,70.0,5,5,171,67,0.0,255,32767,0.0,2127-15-31,0.0,0.52,26.6,0.0,0.0,0.0,0,4.822265625,6,45,05:39,20:21,2025-05-22 17:08:27.377787,Città della Scienza,44.6,5.941261,8.438568,5.347868,4.025495,EU EEA Common AQI,83.9,5.031869,6.904428,7200,4.130435,100,100,65.3,3.721739,Very Low,83.9,4.7954507,100,1747933200,Very Low,4.278294,6.259489,Very Low,6.667705,60.1,5.536232,100,1747933200,4.652174
2025-05-22T17:08:38Z,236,29.889,75.9,54,70.0,3,5,136,67,0.0,255,32767,0.0,2127-15-31,0.0,0.52,26.6,0.0,0.0,0.0,0,4.822265625,6,45,05:39,20:21,2025-05-22 17:08:38.453800,Città della Scienza,44.6,5.941261,8.438568,5.347868,4.025495,EU EEA Common AQI,83.9,5.031869,6.904428,7200,4.130435,100,100,65.3,3.721739,Very Low,83.9,4.7954507,100,1747933200,Very Low,4.278294,6.259489,Very Low,6.667705,60.1,5.536232,100,1747933200,4.652174
2025-05-22T17:08:49Z,236,29.889,75.9,54,70.0,1,5,154,67,0.0,255,32767,0.0,2127-15-31,0.0,0.52,26.6,0.0,0.0,0.0,0,4.822265625,6,45,05:39,20:21,2025-05-22 17:08:49.538786,Città della Scienza,44.6,5.941261,8.438568,5.347868,4.025495,EU EEA Common AQI,83.9,5.031869,6.904428,7200,4.130435,100,100,65.3,3.721739,Very Low,83.9,4.7954507,100,1747933200,Very Low,4.278294,6.259489,Very Low,6.667705,60.1,5.536232,100,1747933200,4.652174
2025-05-22T17:09:00Z,236,29.889,75.9,54,70.0,3,5,190,67,0.0,255,32767,0.0,2127-15-31,0.0,0.52,26.6,0.0,0.0,0.0,0,4.822265625,6,45,05:39,20:21,2025-05-22 17:09:00.617794,Città della Scienza,44.6,5.941261,8.438568,5.347868,4.025495,EU EEA Common AQI,83.9,5.031869,6.904428,7200,4.130435,100,100,65.3,3.721739,Very Low,83.9,4.7954507,100,1747933200,Very Low,4.278294,6.259489,Very Low,6.667705,60.1,5.536232,100,1747933200,4.652174
2025-05-22T17:09:11Z,236,29.889,75.9,54,70.0,5,5,192,67,0.0,255,32767,0.0,2127-15-31,0.0,0.52,26.6,0.0,0.0,0.0,0,4.822265625,6,45,05:39,20:21,2025-05-22 17:09:11.696794,Città della Scienza,44.6,5.941261,8.438568,5.347868,4.025495,EU EEA Common AQI,83.9,5.031869,6.904428,7200,4.130435,100,100,65.3,3.721739,Very Low,83.9,4.7954507,100,1747933200,Very Low,4.278294,6.259489,Very Low,6.667705,60.1,5.536232,100,1747933200,4.652174
2025-05-22T17:09:22Z,236,29.889,75.9,54,70.0,2,5,202,67,0.0,255,32767,0.0,2127-15-31,0.0,0.52,26.6,0.0,0.0,0.0,0,4.822265625,6,45,05:39,20:21,2025-05-22 17:09:22.774797,Città della Scienza,44.6,5.941261,8.438568,5.347868,4.025495,EU EEA Common AQI,83.9,5.031869,6.904428,7200,4.130435,100,100,65.3,3.721739,Very Low,83.9,4.7954507,100,1747933200,Very Low,4.278294,6.259489,Very Low,6.667705,60.1,5.536232,100,1747933200,4.652174
2025-05-22T17:09:34Z,236,29.889,75.9,54,70.0,6,5,187,67,0.0,255,32767,0.0,2127-15-31,0.0,0.52,26.6,0.0,0.0,0.0,0,4.822265625,6,45,05:39,20:21,2025-05-22 17:09:33.850787,Città della Scienza,44.6,5.941261,8.438568,5.347868,4.025495,EU EEA Common AQI,83.9,5.031869,6.904428,7200,4.130435,100,100,65.3,3.721739,Very Low,83.9,4.7954507,100,1747933200,Very Low,4.278294,6.259489,Very Low,6.667705,60.1,5.536232,100,1747933200,4.652174
2025-05-22T17:09:45Z,236,29.89,75.9,54,70.0,5,5,227,67,0.0,255,32767,0.0,2127-15-31,0.0,0.52,26.6,0.0,0.0,0.0,0,4.822265625,6,45,05:39,20:21,2025-05-22 17:09:44.866793,Città della Scienza,44.6,5.941261,8.438568,5.347868,4.025495,EU EEA Common AQI,83.9,5.031869,6.904428,7200,4.130435,100,100,65.3,3.721739,Very Low,83.9,4.7954507,100,1747933200,Very Low,4.278294,6.259489,Very Low,6.667705,60.1,5.536232,100,1747933200,4.652174
2025-05-22T17:09:56Z,236,29.89,75.9,54,70.0,4,5,169,67,0.0,255,32767,0.0,2127-15-31,0.0,0.52,26.6,0.0,0.0,0.0,0,4.822265625,6,45,05:39,20:21,2025-05-22 17:09:55.969801,Città della Scienza,44.6,5.941261,8.438568,5.347868,4.025495,EU EEA Common AQI,83.9,5.031869,6.904428,7200,4.130435,100,100,65.3,3.721739,Very Low,83.9,4.7954507,100,1747933200,Very Low,4.278294,6.259489,Very Low,6.667705,60.1,5.536232,100,1747933200,4.652174
2025-05-22T17:10:07Z,236,29.89,75.9,54,70.0,6,5,190,67,0.0,255,32767,0.0,2127-15-31,0.0,0.52,26.6,0.0,0.0,0.0,0,4.822265625,6,45,05:39,20:21,2025-05-22 17:10:07.066792,Città della Scienza,44.6,5.941261,8.438568,5.347868,4.025495,EU EEA Common AQI,83.9,5.031869,6.904428,7200,4.130435,100,100,65.3,3.721739,Very Low,83.9,4.7954507,100,1747933200,Very Low,4.278294,6.259489,Very Low,6.667705,60.1,5.536232,100,1747933200,4.652174
2025-05-22T17:10:18Z,236,29.89,75.9,54,69.9,7,5,182,67,0.0,255,32767,0.0,2127-15-31,0.0,0.52,26.6,0.0,0.0,0.0,0,4.822265625,6,45,05:39,20:21,2025-05-22 17:10:18.162783,Città della Scienza,44.6,5.941261,8.438568,5.347868,4.025495,EU EEA Common AQI,83.9,5.031869,6.904428,7200,4.130435,100,100,65.3,3.721739,Very Low,83.9,4.7954507,100,1747933200,Very Low,4.278294,6.259489,Very Low,6.667705,60.1,5.536232,100,1747933200,4.652174
2025-05-22T17:10:29Z,236,29.89,75.9,54,69.9,6,5,169,67,0.0,255,32767,0.0,2127-15-31,0.0,0.52,26.6,0.0,0.0,0.0,0,4.822265625,6,45,05:39,20:21,2025-05-22 17:10:29.204778,Città della Scienza,44.6,5.941261,8.438568,5.347868,4.025495,EU EEA Common AQI,83.9,5.031869,6.904428,7200,4.130435,100,100,65.3,3.721739,Very Low,83.9,4.7954507,100,1747933200,Very Low,4.278294,6.259489,Very Low,6.667705,60.1,5.536232,100,1747933200,4.652174
2025-05-22T17:10:40Z,236,29.89,75.9,54,70.0,5,5,181,67,0.0,255,32767,0.0,2127-15-31,0.0,0.52,26.6,0.0,0.0,0.0,0,4.822265625,6,45,05:39,20:21,2025-05-22 17:10:40.225357,Città della Scienza,44.6,5.941261,8.438568,5.347868,4.025495,EU EEA Common AQI,83.9,5.031869,6.904428,7200,4.130435,100,100,65.3,3.721739,Very Low,83.9,4.7954507,100,1747933200,Very Low,4.278294,6.259489,Very Low,6.667705,60.1,5.536232,100,1747933200,4.652174
2025-05-22T17:10:51Z,236,29.89,75.9,54,70.0,3,5,196,67,0.0,255,32767,0.0,2127-15-31,0.0,0.52,26.6,0.0,0.0,0.0,0,4.822265625,6,45,05:39,20:21,2025-05-22 17:10:51.278799,Città della Scienza,44.6,5.941261,8.438568,5.347868,4.025495,EU EEA Common AQI,83.9,5.031869,6.904428,7200,4.130435,100,100,65.3,3.721739,Very Low,83.9,4.7954507,100,1747933200,Very Low,4.278294,6.259489,Very Low,6.667705,60.1,5.536232,100,1747933200,4.652174
2025-05-22T17:11:02Z,236,29.89,75.9,54,70.0,3,5,174,67,0.0,255,32767,0.0,2127-15-31,0.0,0.52,26.6,0.0,0.0,0.0,0,4.822265625,6,45,05:39,20:21,2025-05-22 17:11:02.387795,Città della Scienza,44.6,5.941261,8.438568,5.347868,4.025495,EU EEA Common AQI,83.9,5.031869,6.904428,7200,4.130435,100,100,65.3,3.721739,Very Low,83.9,4.7954507,100,1747933200,Very Low,4.278294,6.259489,Very Low,6.667705,60.1,5.536232,100,1747933200,4.652174
2025-05-22T17:11:13Z,236,29.89,75.9,54,70.0,3,5,178,67,0.0,255,32767,0.0,2127-15-31,0.0,0.52,26.6,0.0,0.0,0.0,0,4.822265625,6,45,05:39,20:21,2025-05-22 17:11:13.437783,Città della Scienza,44.6,5.941261,8.438568,5.347868,4.025495,EU EEA Common AQI,83.9,5.031869,6.904428,7200,4.130435,100,100,65.3,3.721739,Very Low,83.9,4.7954507,100,1747933200,Very Low,4.278294,6.259489,Very Low,6.667705,60.1,5.536232,100,1747933200,4.652174
2025-05-22T17:11:24Z,236,29.89,75.9,54,70.0,4,5,184,67,0.0,255,32767,0.0,2127-15-31,0.0,0.52,26.6,0.0,0.0,0.0,0,4.822265625,6,45,05:39,20:21,2025-05-22 17:11:24.544789,Città della Scienza,44.6,5.941261,8.438568,5.347868,4.025495,EU EEA Common AQI,83.9,5.031869,6.904428,7200,4.130435,100,100,65.3,3.721739,Very Low,83.9,4.7954507,100,1747933200,Very Low,4.278294,6.259489,Very Low,6.667705,60.1,5.536232,100,1747933200,4.652174
2025-05-22T17:11:35Z,236,29.89,75.9,54,69.9,5,5,173,67,0.0,255,32767,0.0,2127-15-31,0.0,0.52,26.6,0.0,0.0,0.0,0,4.822265625,6,45,05:39,20:21,2025-05-22 17:11:35.644753,Città della Scienza,44.6,5.941261,8.438568,5.347868,4.025495,EU EEA Common AQI,83.9,5.031869,6.904428,7200,4.130435,100,100,65.3,3.721739,Very Low,83.9,4.7954507,100,1747933200,Very Low,4.278294,6.259489,Very Low,6.667705,60.1,5.536232,100,1747933200,4.652174
2025-05-22T17:11:46Z,236,29.89,75.9,54,70.0,2,5,186,67,0.0,255,32767,0.0,2127-15-31,0.0,0.52,26.6,0.0,0.0,0.0,0,4.822265625,6,45,05:39,20:21,2025-05-22 17:11:46.742759,Città della Scienza,44.6,5.941261,8.438568,5.347868,4.025495,EU EEA Common AQI,83.9,5.031869,6.904428,7200,4.130435,100,100,65.3,3.721739,Very Low,83.9,4.7954507,100,1747933200,Very Low,4.278294,6.259489,Very Low,6.667705,60.1,5.536232,100,1747933200,4.652174
2025-05-22T17:11:58Z,236,29.89,75.9,54,70.0,4,5,202,67,0.0,255,32767,0.0,2127-15-31,0.0,0.52,26.6,0.0,0.0,0.0,0,4.822265625,6,45,05:39,20:21,2025-05-22 17:11:57.827775,Città della Scienza,44.6,5.941261,8.438568,5.347868,4.025495,EU EEA Common AQI,83.9,5.031869,6.904428,7200,4.130435,100,100,65.3,3.721739,Very Low,83.9,4.7954507,100,1747933200,Very Low,4.278294,6.259489,Very Low,6.667705,60.1,5.536232,100,1747933200,4.652174
2025-05-22T17:12:09Z,236,29.89,75.9,54,70.0,6,5,195,68,0.0,255,32767,0.0,2127-15-31,0.0,0.52,26.6,0.0,0.0,0.0,0,4.822265625,6,45,05:39,20:21,2025-05-22 17:12:08.897796,Città della Scienza,44.6,5.941261,8.438568,5.347868,4.025495,EU EEA Common AQI,83.9,5.031869,6.904428,7200,4.130435,100,100,65.3,3.721739,Very Low,83.9,4.7954507,100,1747933200,Very Low,4.278294,6.259489,Very Low,6.667705,60.1,5.536232,100,1747933200,4.652174
2025-05-22T17:12:20Z,236,29.89,75.9,54,70.0,5,5,181,68,0.0,255,32767,0.0,2127-15-31,0.0,0.52,26.6,0.0,0.0,0.0,0,4.822265625,6,45,05:39,20:21,2025-05-22 17:12:19.946795,Città della Scienza,44.6,5.941261,8.438568,5.347868,4.025495,EU EEA Common AQI,83.9,5.031869,6.904428,7200,4.130435,100,100,65.3,3.721739,Very Low,83.9,4.7954507,100,1747933200,Very Low,4.278294,6.259489,Very Low,6.667705,60.1,5.536232,100,1747933200,4.652174
2025-05-22T17:12:31Z,236,29.89,75.9,54,70.0,8,5,184,68,0.0,255,32767,0.0,2127-15-31,0.0,0.52,26.6,0.0,0.0,0.0,0,4.822265625,6,45,05:39,20:21,2025-05-22 17:12:31.018796,Città della Scienza,44.6,5.941261,8.438568,5.347868,4.025495,EU EEA Common AQI,83.9,5.031869,6.904428,7200,4.130435,100,100,65.3,3.721739,Very Low,83.9,4.7954507,100,1747933200,Very Low,4.278294,6.259489,Very Low,6.667705,60.1,5.536232,100,1747933200,4.652174
2025-05-22T17:12:42Z,236,29.89,75.9,54,70.0,7,5,176,68,0.0,255,32767,0.0,2127-15-31,0.0,0.52,26.6,0.0,0.0,0.0,0,4.822265625,6,45,05:39,20:21,2025-05-22 17:12:42.106797,Città della Scienza,44.6,5.941261,8.438568,5.347868,4.025495,EU EEA Common AQI,83.9,5.031869,6.904428,7200,4.130435,100,100,65.3,3.721739,Very Low,83.9,4.7954507,100,1747933200,Very Low,4.278294,6.259489,Very Low,6.667705,60.1,5.536232,100,1747933200,4.652174
2025-05-22T17:12:53Z,236,29.89,75.9,54,70.0,6,5,205,67,0.0,255,32767,0.0,2127-15-31,0.0,0.52,26.6,0.0,0.0,0.0,0,4.822265625,6,45,05:39,20:21,2025-05-22 17:12:53.188791,Città della Scienza,44.6,5.941261,8.438568,5.347868,4.025495,EU EEA Common AQI,83.9,5.031869,6.904428,7200,4.130435,100,100,65.3,3.721739,Very Low,83.9,4.7954507,100,1747933200,Very Low,4.278294,6.259489,Very Low,6.667705,60.1,5.536232,100,1747933200,4.652174
2025-05-22T17:13:04Z,236,29.89,75.9,54,69.9,4,5,191,67,0.0,255,32767,0.0,2127-15-31,0.0,0.52,26.6,0.0,0.0,0.0,0,4.822265625,6,45,05:39,20:21,2025-05-22 17:13:04.288787,Città della Scienza,44.6,5.941261,8.438568,5.347868,4.025495,EU EEA Common AQI,83.9,5.031869,6.904428,7200,4.130435,100,100,65.3,3.721739,Very Low,83.9,4.7954507,100,1747933200,Very Low,4.278294,6.259489,Very Low,6.667705,60.1,5.536232,100,1747933200,4.652174
2025-05-22T17:13:15Z,236,29.89,75.9,54,69.9,6,5,183,67,0.0,255,32767,0.0,2127-15-31,0.0,0.52,26.6,0.0,0.0,0.0,0,4.822265625,6,45,05:39,20:21,2025-05-22 17:13:15.418786,Città della Scienza,44.6,5.941261,8.438568,5.347868,4.025495,EU EEA Common AQI,83.9,5.031869,6.904428,7200,4.130435,100,100,65.3,3.721739,Very Low,83.9,4.7954507,100,1747933200,Very Low,4.278294,6.259489,Very Low,6.667705,60.1,5.536232,100,1747933200,4.652174
2025-05-22T17:13:26Z,236,29.89,75.9,54,69.9,6,5,187,67,0.0,255,32767,0.0,2127-15-31,0.0,0.52,26.6,0.0,0.0,0.0,0,4.822265625,6,45,05:39,20:21,2025-05-22 17:13:26.504797,Città della Scienza,44.6,5.941261,8.438568,5.347868,4.025495,EU EEA Common AQI,83.9,5.031869,6.904428,7200,4.130435,100,100,65.3,3.721739,Very Low,83.9,4.7954507,100,1747933200,Very Low,4.278294,6.259489,Very Low,6.667705,60.1,5.536232,100,1747933200,4.652174
2025-05-22T17:13:37Z,236,29.892,75.8,54,69.9,4,5,219,67,0.0,255,32767,0.0,2127-15-31,0.0,0.52,26.6,0.0,0.0,0.0,0,4.822265625,6,45,05:39,20:21,2025-05-22 17:13:37.598786,Città della Scienza,44.6,5.941261,8.438568,5.347868,4.025495,EU EEA Common AQI,83.9,5.031869,6.904428,7200,4.130435,100,100,65.3,3.721739,Very Low,83.9,4.7954507,100,1747933200,Very Low,4.278294,6.259489,Very Low,6.667705,60.1,5.536232,100,1747933200,4.652174
2025-05-22T17:13:48Z,236,29.892,75.8,54,69.9,4,5,184,67,0.0,255,32767,0.0,2127-15-31,0.0,0.52,26.6,0.0,0.0,0.0,0,4.822265625,6,45,05:39,20:21,2025-05-22 17:13:48.671803,Città della Scienza,44.6,5.941261,8.438568,5.347868,4.025495,EU EEA Common AQI,83.9,5.031869,6.904428,7200,4.130435,100,100,65.3,3.721739,Very Low,83.9,4.7954507,100,1747933200,Very Low,4.278294,6.259489,Very Low,6.667705,60.1,5.536232,100,1747933200,4.652174
2025-05-22T17:13:59Z,236,29.892,75.8,54,69.9,4,5,214,67,0.0,255,32767,0.0,2127-15-31,0.0,0.52,26.6,0.0,0.0,0.0,0,4.822265625,6,45,05:39,20:21,2025-05-22 17:13:59.774795,Città della Scienza,44.6,5.941261,8.438568,5.347868,4.025495,EU EEA Common AQI,83.9,5.031869,6.904428,7200,4.130435,100,100,65.3,3.721739,Very Low,83.9,4.7954507,100,1747933200,Very Low,4.278294,6.259489,Very Low,6.667705,60.1,5.536232,100,1747933200,4.652174
2025-05-22T17:14:11Z,236,29.892,75.8,54,69.9,5,5,160,67,0.0,255,32767,0.0,2127-15-31,0.0,0.52,26.6,0.0,0.0,0.0,0,4.822265625,6,45,05:39,20:21,2025-05-22 17:14:10.875793,Città della Scienza,44.6,5.941261,8.438568,5.347868,4.025495,EU EEA Common AQI,83.9,5.031869,6.904428,7200,4.130435,100,100,65.3,3.721739,Very Low,83.9,4.7954507,100,1747933200,Very Low,4.278294,6.259489,Very Low,6.667705,60.1,5.536232,100,1747933200,4.652174
2025-05-22T17:14:22Z,236,29.892,75.8,54,69.9,5,5,194,67,0.0,255,32767,0.0,2127-15-31,0.0,0.52,26.6,0.0,0.0,0.0,0,4.822265625,6,45,05:39,20:21,2025-05-22 17:14:21.990797,Città della Scienza,44.6,5.941261,8.438568,5.347868,4.025495,EU EEA Common AQI,83.9,5.031869,6.904428,7200,4.130435,100,100,65.3,3.721739,Very Low,83.9,4.7954507,100,1747933200,Very Low,4.278294,6.259489,Very Low,6.667705,60.1,5.536232,100,1747933200,4.652174
2025-05-22T17:14:33Z,236,29.892,75.8,54,69.9,4,5,182,67,0.0,255,32767,0.0,2127-15-31,0.0,0.52,26.6,0.0,0.0,0.0,0,4.822265625,6,45,05:39,20:21,2025-05-22 17:14:33.066786,Città della Scienza,44.6,5.941261,8.438568,5.347868,4.025495,EU EEA Common AQI,83.9,5.031869,6.904428,7200,4.130435,100,100,65.3,3.721739,Very Low,83.9,4.7954507,100,1747933200,Very Low,4.278294,6.259489,Very Low,6.667705,60.1,5.536232,100,1747933200,4.652174
2025-05-22T17:14:44Z,236,29.89,75.8,54,69.9,5,5,180,67,0.0,255,32767,0.0,2127-15-31,0.0,0.52,26.6,0.0,0.0,0.0,0,4.822265625,6,45,05:39,20:21,2025-05-22 17:14:44.141808,Città della Scienza,44.6,5.941261,8.438568,5.347868,4.025495,EU EEA Common AQI,83.9,5.031869,6.904428,7200,4.130435,100,100,65.3,3.721739,Very Low,83.9,4.7954507,100,1747933200,Very Low,4.278294,6.259489,Very Low,6.667705,60.1,5.536232,100,1747933200,4.652174
2025-05-22T17:14:55Z,236,29.89,75.8,54,69.9,6,5,186,67,0.0,255,32767,0.0,2127-15-31,0.0,0.52,26.6,0.0,0.0,0.0,0,4.822265625,6,45,05:39,20:21,2025-05-22 17:14:55.209793,Città della Scienza,44.6,5.941261,8.438568,5.347868,4.025495,EU EEA Common AQI,83.9,5.031869,6.904428,7200,4.130435,100,100,65.3,3.721739,Very Low,83.9,4.7954507,100,1747933200,Very Low,4.278294,6.259489,Very Low,6.667705,60.1,5.536232,100,1747933200,4.652174
2025-05-22T17:15:06Z,236,29.89,75.8,54,69.9,3,5,223,67,0.0,255,32767,0.0,2127-15-31,0.0,0.52,26.6,0.0,0.0,0.0,0,4.822265625,6,45,05:39,20:21,2025-05-22 17:15:06.303799,Città della Scienza,44.6,5.941261,8.438568,5.347868,4.025495,EU EEA Common AQI,83.9,5.031869,6.904428,7200,4.130435,100,100,65.3,3.721739,Very Low,83.9,4.7954507,100,1747933200,Very Low,4.278294,6.259489,Very Low,6.667705,60.1,5.536232,100,1747933200,4.652174
2025-05-22T17:15:17Z,236,29.89,75.8,54,69.9,5,5,241,67,0.0,255,32767,0.0,2127-15-31,0.0,0.52,26.6,0.0,0.0,0.0,0,4.822265625,6,45,05:39,20:21,2025-05-22 17:15:17.423793,Città della Scienza,44.6,5.941261,8.438568,5.347868,4.025495,EU EEA Common AQI,83.9,5.031869,6.904428,7200,4.130435,100,100,65.3,3.721739,Very Low,83.9,4.7954507,100,1747933200,Very Low,4.278294,6.259489,Very Low,6.667705,60.1,5.536232,100,1747933200,4.652174
2025-05-22T17:15:28Z,236,29.89,75.8,54,69.9,3,5,157,67,0.0,255,32767,0.0,2127-15-31,0.0,0.52,26.6,0.0,0.0,0.0,0,4.822265625,6,45,05:39,20:21,2025-05-22 17:15:28.530794,Città della Scienza,45.6,5.935834,8.412935,5.343713,4.011147,EU EEA Common AQI,83.1,5.0139337,6.8884387,7200,4.285714,100,100,65.1,3.8514283,Very Low,83.2,4.7677574,100,1747934100,Very Low,4.27497,6.247292,Very Low,6.6776047,60.0,5.8142858,100,1747934100,4.8142858
2025-05-22T17:15:39Z,0,29.891,75.9,54,69.8,4,5,176,67,0.0,255,32767,0.0,2127-15-31,0.0,0.52,26.6,0.0,0.0,0.0,0,4.822265625,6,45,05:39,20:21,2025-05-22 17:15:39.632784,Città della Scienza,45.6,5.935834,8.412935,5.343713,4.011147,EU EEA Common AQI,83.1,5.0139337,6.8884387,7200,4.285714,100,100,65.1,3.8514283,Very Low,83.2,4.7677574,100,1747934100,Very Low,4.27497,6.247292,Very Low,6.6776047,60.0,5.8142858,100,1747934100,4.8142858
2025-05-22T17:15:50Z,0,29.891,75.9,54,69.8,6,5,190,67,0.0,255,32767,0.0,2127-15-31,0.0,0.52,26.6,0.0,0.0,0.0,0,4.822265625,6,45,05:39,20:21,2025-05-22 17:15:50.710796,Città della Scienza,45.6,5.935834,8.412935,5.343713,4.011147,EU EEA Common AQI,83.1,5.0139337,6.8884387,7200,4.285714,100,100,65.1,3.8514283,Very Low,83.2,4.7677574,100,1747934100,Very Low,4.27497,6.247292,Very Low,6.6776047,60.0,5.8142858,100,1747934100,4.8142858
2025-05-22T17:16:02Z,0,29.891,75.9,54,69.8,8,5,198,67,0.0,255,32767,0.0,2127-15-31,0.0,0.52,26.6,0.0,0.0,0.0,0,4.822265625,6,45,05:39,20:21,2025-05-22 17:16:01.811787,Città della Scienza,45.6,5.935834,8.412935,5.343713,4.011147,EU EEA Common AQI,83.1,5.0139337,6.8884387,7200,4.285714,100,100,65.1,3.8514283,Very Low,83.2,4.7677574,100,1747934100,Very Low,4.27497,6.247292,Very Low,6.6776047,60.0,5.8142858,100,1747934100,4.8142858
2025-05-22T17:16:13Z,0,29.891,75.9,54,69.8,7,5,171,67,0.0,255,32767,0.0,2127-15-31,0.0,0.52,26.6,0.0,0.0,0.0,0,4.822265625,6,45,05:39,20:21,2025-05-22 17:16:12.989786,Città della Scienza,45.6,5.935834,8.412935,5.343713,4.011147,EU EEA Common AQI,83.1,5.0139337,6.8884387,7200,4.285714,100,100,65.1,3.8514283,Very Low,83.2,4.7677574,100,1747934100,Very Low,4.27497,6.247292,Very Low,6.6776047,60.0,5.8142858,100,1747934100,4.8142858
2025-05-22T17:16:24Z,0,29.891,75.9,54,69.8,5,5,190,67,0.0,255,32767,0.0,2127-15-31,0.0,0.52,26.6,0.0,0.0,0.0,0,4.822265625,6,45,05:39,20:21,2025-05-22 17:16:24.061788,Città della Scienza,45.6,5.935834,8.412935,5.343713,4.011147,EU EEA Common AQI,83.1,5.0139337,6.8884387,7200,4.285714,100,100,65.1,3.8514283,Very Low,83.2,4.7677574,100,1747934100,Very Low,4.27497,6.247292,Very Low,6.6776047,60.0,5.8142858,100,1747934100,4.8142858
2025-05-22T17:16:35Z,0,29.89,75.9,54,69.8,8,5,148,67,0.0,255,32767,0.0,2127-15-31,0.0,0.52,26.6,0.0,0.0,0.0,0,4.822265625,6,45,05:39,20:21,2025-05-22 17:16:35.132794,Città della Scienza,45.6,5.935834,8.412935,5.343713,4.011147,EU EEA Common AQI,83.1,5.0139337,6.8884387,7200,4.285714,100,100,65.1,3.8514283,Very Low,83.2,4.7677574,100,1747934100,Very Low,4.27497,6.247292,Very Low,6.6776047,60.0,5.8142858,100,1747934100,4.8142858
2025-05-22T17:16:46Z,0,29.89,75.9,54,69.9,4,5,221,67,0.0,255,32767,0.0,2127-15-31,0.0,0.52,26.6,0.0,0.0,0.0,0,4.822265625,6,45,05:39,20:21,2025-05-22 17:16:46.215789,Città della Scienza,45.6,5.935834,8.412935,5.343713,4.011147,EU EEA Common AQI,83.1,5.0139337,6.8884387,7200,4.285714,100,100,65.1,3.8514283,Very Low,83.2,4.7677574,100,1747934100,Very Low,4.27497,6.247292,Very Low,6.6776047,60.0,5.8142858,100,1747934100,4.8142858
2025-05-22T17:16:57Z,0,29.89,75.9,54,69.9,8,5,228,67,0.0,255,32767,0.0,2127-15-31,0.0,0.52,26.6,0.0,0.0,0.0,0,4.822265625,6,45,05:39,20:21,2025-05-22 17:16:57.338789,Città della Scienza,45.6,5.935834,8.412935,5.343713,4.011147,EU EEA Common AQI,83.1,5.0139337,6.8884387,7200,4.285714,100,100,65.1,3.8514283,Very Low,83.2,4.7677574,100,1747934100,Very Low,4.27497,6.247292,Very Low,6.6776047,60.0,5.8142858,100,1747934100,4.8142858
2025-05-22T17:17:08Z,0,29.89,75.9,54,69.8,3,5,213,67,0.0,255,32767,0.0,2127-15-31,0.0,0.52,26.6,0.0,0.0,0.0,0,4.822265625,6,45,05:39,20:21,2025-05-22 17:17:08.381791,Città della Scienza,45.6,5.935834,8.412935,5.343713,4.011147,EU EEA Common AQI,83.1,5.0139337,6.8884387,7200,4.285714,100,100,65.1,3.8514283,Very Low,83.2,4.7677574,100,1747934100,Very Low,4.27497,6.247292,Very Low,6.6776047,60.0,5.8142858,100,1747934100,4.8142858
2025-05-22T17:17:19Z,0,29.89,75.9,54,69.8,9,5,186,67,0.0,255,32767,0.0,2127-15-31,0.0,0.52,26.6,0.0,0.0,0.0,0,4.822265625,6,45,05:39,20:21,2025-05-22 17:17:19.476791,Città della Scienza,45.6,5.935834,8.412935,5.343713,4.011147,EU EEA Common AQI,83.1,5.0139337,6.8884387,7200,4.285714,100,100,65.1,3.8514283,Very Low,83.2,4.7677574,100,1747934100,Very Low,4.27497,6.247292,Very Low,6.6776047,60.0,5.8142858,100,1747934100,4.8142858
2025-05-22T17:17:30Z,0,29.89,75.9,54,69.8,8,5,182,67,0.0,255,32767,0.0,2127-15-31,0.0,0.52,26.6,0.0,0.0,0.0,0,4.822265625,6,45,05:39,20:21,2025-05-22 17:17:30.579792,Città della Scienza,45.6,5.935834,8.412935,5.343713,4.011147,EU EEA Common AQI,83.1,5.0139337,6.8884387,7200,4.285714,100,100,65.1,3.8514283,Very Low,83.2,4.7677574,100,1747934100,Very Low,4.27497,6.247292,Very Low,6.6776047,60.0,5.8142858,100,1747934100,4.8142858
2025-05-22T17:17:41Z,0,29.891,75.8,54,69.8,7,5,185,67,0.0,255,32767,0.0,2127-15-31,0.0,0.52,26.6,0.0,0.0,0.0,0,4.822265625,6,45,05:39,20:21,2025-05-22 17:17:41.653797,Città della Scienza,45.6,5.935834,8.412935,5.343713,4.011147,EU EEA Common AQI,83.1,5.0139337,6.8884387,7200,4.285714,100,100,65.1,3.8514283,Very Low,83.2,4.7677574,100,1747934100,Very Low,4.27497,6.247292,Very Low,6.6776047,60.0,5.8142858,100,1747934100,4.8142858
2025-05-22T17:17:53Z,0,29.891,75.8,54,69.8,5,5,178,67,0.0,255,32767,0.0,2127-15-31,0.0,0.52,26.6,0.0,0.0,0.0,0,4.822265625,6,45,05:39,20:21,2025-05-22 17:17:52.814792,Città della Scienza,45.6,5.935834,8.412935,5.343713,4.011147,EU EEA Common AQI,83.1,5.0139337,6.8884387,7200,4.285714,100,100,65.1,3.8514283,Very Low,83.2,4.7677574,100,1747934100,Very Low,4.27497,6.247292,Very Low,6.6776047,60.0,5.8142858,100,1747934100,4.8142858
2025-05-22T17:18:04Z,0,29.891,75.8,54,69.8,6,5,232,67,0.0,255,32767,0.0,2127-15-31,0.0,0.52,26.6,0.0,0.0,0.0,0,4.822265625,6,45,05:39,20:21,2025-05-22 17:18:03.911752,Città della Scienza,45.6,5.935834,8.412935,5.343713,4.011147,EU EEA Common AQI,83.1,5.0139337,6.8884387,7200,4.285714,100,100,65.1,3.8514283,Very Low,83.2,4.7677574,100,1747934100,Very Low,4.27497,6.247292,Very Low,6.6776047,60.0,5.8142858,100,1747934100,4.8142858
2025-05-22T17:18:15Z,0,29.891,75.8,54,69.8,3,5,220,67,0.0,255,32767,0.0,2127-15-31,0.0,0.52,26.6,0.0,0.0,0.0,0,4.822265625,6,45,05:39,20:21,2025-05-22 17:18:15.020789,Città della Scienza,45.6,5.935834,8.412935,5.343713,4.011147,EU EEA Common AQI,83.1,5.0139337,6.8884387,7200,4.285714,100,100,65.1,3.8514283,Very Low,83.2,4.7677574,100,1747934100,Very Low,4.27497,6.247292,Very Low,6.6776047,60.0,5.8142858,100,1747934100,4.8142858
2025-05-22T17:18:26Z,0,29.891,75.8,54,69.8,6,5,184,67,0.0,255,32767,0.0,2127-15-31,0.0,0.52,26.6,0.0,0.0,0.0,0,4.822265625,6,45,05:39,20:21,2025-05-22 17:18:26.084791,Città della Scienza,45.6,5.935834,8.412935,5.343713,4.011147,EU EEA Common AQI,83.1,5.0139337,6.8884387,7200,4.285714,100,100,65.1,3.8514283,Very Low,83.2,4.7677574,100,1747934100,Very Low,4.27497,6.247292,Very Low,6.6776047,60.0,5.8142858,100,1747934100,4.8142858
2025-05-22T17:18:37Z,0,29.891,75.8,54,69.8,7,5,175,67,0.0,255,32767,0.0,2127-15-31,0.0,0.52,26.6,0.0,0.0,0.0,0,4.822265625,6,45,05:39,20:21,2025-05-22 17:18:37.113798,Città della Scienza,45.6,5.935834,8.412935,5.343713,4.011147,EU EEA Common AQI,83.1,5.0139337,6.8884387,7200,4.285714,100,100,65.1,3.8514283,Very Low,83.2,4.7677574,100,1747934100,Very Low,4.27497,6.247292,Very Low,6.6776047,60.0,5.8142858,100,1747934100,4.8142858
2025-05-22T17:18:48Z,0,29.891,75.8,54,69.8,4,5,186,67,0.0,255,32767,0.0,2127-15-31,0.0,0.52,26.6,0.0,0.0,0.0,0,4.822265625,6,45,05:39,20:21,2025-05-22 17:18:48.154800,Città della Scienza,45.6,5.935834,8.412935,5.343713,4.011147,EU EEA Common AQI,83.1,5.0139337,6.8884387,7200,4.285714,100,100,65.1,3.8514283,Very Low,83.2,4.7677574,100,1747934100,Very Low,4.27497,6.247292,Very Low,6.6776047,60.0,5.8142858,100,1747934100,4.8142858
2025-05-22T17:18:59Z,0,29.891,75.8,54,69.7,6,5,171,67,0.0,255,32767,0.0,2127-15-31,0.0,0.52,26.6,0.0,0.0,0.0,0,4.822265625,6,45,05:39,20:21,2025-05-22 17:18:59.254791,Città della Scienza,45.6,5.935834,8.412935,5.343713,4.011147,EU EEA Common AQI,83.1,5.0139337,6.8884387,7200,4.285714,100,100,65.1,3.8514283,Very Low,83.2,4.7677574,100,1747934100,Very Low,4.27497,6.247292,Very Low,6.6776047,60.0,5.8142858,100,1747934100,4.8142858
2025-05-22T17:19:10Z,0,29.891,75.8,54,69.7,5,5,197,67,0.0,255,32767,0.0,2127-15-31,0.0,0.52,26.6,0.0,0.0,0.0,0,4.822265625,6,45,05:39,20:21,2025-05-22 17:19:10.304744,Città della Scienza,45.6,5.935834,8.412935,5.343713,4.011147,EU EEA Common AQI,83.1,5.0139337,6.8884387,7200,4.285714,100,100,65.1,3.8514283,Very Low,83.2,4.7677574,100,1747934100,Very Low,4.27497,6.247292,Very Low,6.6776047,60.0,5.8142858,100,1747934100,4.8142858
2025-05-22T17:19:21Z,0,29.891,75.8,54,69.7,5,5,171,67,0.0,255,32767,0.0,2127-15-31,0.0,0.52,26.6,0.0,0.0,0.0,0,4.822265625,6,45,05:39,20:21,2025-05-22 17:19:21.418788,Città della Scienza,45.6,5.935834,8.412935,5.343713,4.011147,EU EEA Common AQI,83.1,5.0139337,6.8884387,7200,4.285714,100,100,65.1,3.8514283,Very Low,83.2,4.7677574,100,1747934100,Very Low,4.27497,6.247292,Very Low,6.6776047,60.0,5.8142858,100,1747934100,4.8142858
2025-05-22T17:19:32Z,0,29.891,75.8,54,69.7,8,5,178,67,0.0,255,32767,0.0,2127-15-31,0.0,0.52,26.6,0.0,0.0,0.0,0,4.822265625,6,45,05:39,20:21,2025-05-22 17:19:32.441784,Città della Scienza,45.6,5.935834,8.412935,5.343713,4.011147,EU EEA Common AQI,83.1,5.0139337,6.8884387,7200,4.285714,100,100,65.1,3.8514283,Very Low,83.2,4.7677574,100,1747934100,Very Low,4.27497,6.247292,Very Low,6.6776047,60.0,5.8142858,100,1747934100,4.8142858
2025-05-22T17:19:43Z,0,29.892,75.9,54,69.7,6,5,197,67,0.0,255,32767,0.0,2127-15-31,0.0,0.52,26.6,0.0,0.0,0.0,0,4.822265625,6,45,05:39,20:21,2025-05-22 17:19:43.562789,Città della Scienza,45.6,5.935834,8.412935,5.343713,4.011147,EU EEA Common AQI,83.1,5.0139337,6.8884387,7200,4.285714,100,100,65.1,3.8514283,Very Low,83.2,4.7677574,100,1747934100,Very Low,4.27497,6.247292,Very Low,6.6776047,60.0,5.8142858,100,1747934100,4.8142858
2025-05-22T17:19:54Z,0,29.892,75.9,54,69.7,4,5,250,68,0.0,255,32767,0.0,2127-15-31,0.0,0.52,26.6,0.0,0.0,0.0,0,4.822265625,6,45,05:39,20:21,2025-05-22 17:19:54.631806,Città della Scienza,45.6,5.935834,8.412935,5.343713,4.011147,EU EEA Common AQI,83.1,5.0139337,6.8884387,7200,4.285714,100,100,65.1,3.8514283,Very Low,83.2,4.7677574,100,1747934100,Very Low,4.27497,6.247292,Very Low,6.6776047,60.0,5.8142858,100,1747934100,4.8142858
2025-05-22T17:20:05Z,0,29.892,75.9,54,69.7,3,5,221,68,0.0,255,32767,0.0,2127-15-31,0.0,0.52,26.6,0.0,0.0,0.0,0,4.822265625,6,45,05:39,20:21,2025-05-22 17:20:05.711798,Città della Scienza,45.6,5.935834,8.412935,5.343713,4.011147,EU EEA Common AQI,83.1,5.0139337,6.8884387,7200,4.285714,100,100,65.1,3.8514283,Very Low,83.2,4.7677574,100,1747934100,Very Low,4.27497,6.247292,Very Low,6.6776047,60.0,5.8142858,100,1747934100,4.8142858
2025-05-22T17:20:16Z,0,29.892,75.9,54,69.7,2,5,186,68,0.0,255,32767,0.0,2127-15-31,0.0,0.52,26.6,0.0,0.0,0.0,0,4.822265625,6,45,05:39,20:21,2025-05-22 17:20:16.773791,Città della Scienza,45.6,5.935834,8.412935,5.343713,4.011147,EU EEA Common AQI,83.1,5.0139337,6.8884387,7200,4.285714,100,100,65.1,3.8514283,Very Low,83.2,4.7677574,100,1747934100,Very Low,4.27497,6.247292,Very Low,6.6776047,60.0,5.8142858,100,1747934100,4.8142858
2025-05-22T17:20:28Z,0,29.892,75.9,54,69.7,4,5,191,68,0.0,255,32767,0.0,2127-15-31,0.0,0.52,26.6,0.0,0.0,0.0,0,4.822265625,6,45,05:39,20:21,2025-05-22 17:20:27.871796,Città della Scienza,45.6,5.935834,8.412935,5.343713,4.011147,EU EEA Common AQI,83.1,5.0139337,6.8884387,7200,4.285714,100,100,65.1,3.8514283,Very Low,83.2,4.7677574,100,1747934100,Very Low,4.27497,6.247292,Very Low,6.6776047,60.0,5.8142858,100,1747934100,4.8142858
2025-05-22T17:20:39Z,0,29.89,75.8,54,69.7,6,5,183,68,0.0,255,32767,0.0,2127-15-31,0.0,0.52,26.6,0.0,0.0,0.0,0,4.822265625,6,45,05:39,20:21,2025-05-22 17:20:38.892790,Città della Scienza,45.6,5.935834,8.412935,5.343713,4.011147,EU EEA Common AQI,83.1,5.0139337,6.8884387,7200,4.285714,100,100,65.1,3.8514283,Very Low,83.2,4.7677574,100,1747934100,Very Low,4.27497,6.247292,Very Low,6.6776047,60.0,5.8142858,100,1747934100,4.8142858
2025-05-22T17:20:50Z,0,29.89,75.8,54,69.7,5,5,189,68,0.0,255,32767,0.0,2127-15-31,0.0,0.52,26.6,0.0,0.0,0.0,0,4.822265625,6,45,05:39,20:21,2025-05-22 17:20:49.980793,Città della Scienza,45.6,5.935834,8.412935,5.343713,4.011147,EU EEA Common AQI,83.1,5.0139337,6.8884387,7200,4.285714,100,100,65.1,3.8514283,Very Low,83.2,4.7677574,100,1747934100,Very Low,4.27497,6.247292,Very Low,6.6776047,60.0,5.8142858,100,1747934100,4.8142858
2025-05-22T17:21:01Z,0,29.89,75.8,54,69.7,4,5,170,68,0.0,255,32767,0.0,2127-15-31,0.0,0.52,26.6,0.0,0.0,0.0,0,4.822265625,6,45,05:39,20:21,2025-05-22 17:21:01.053785,Città della Scienza,45.6,5.935834,8.412935,5.343713,4.011147,EU EEA Common AQI,83.1,5.0139337,6.8884387,7200,4.285714,100,100,65.1,3.8514283,Very Low,83.2,4.7677574,100,1747934100,Very Low,4.27497,6.247292,Very Low,6.6776047,60.0,5.8142858,100,1747934100,4.8142858
2025-05-22T17:21:12Z,0,29.89,75.8,54,69.6,4,5,195,68,0.0,255,32767,0.0,2127-15-31,0.0,0.52,26.6,0.0,0.0,0.0,0,4.822265625,6,45,05:39,20:21,2025-05-22 17:21:12.089890,Città della Scienza,45.6,5.935834,8.412935,5.343713,4.011147,EU EEA Common AQI,83.1,5.0139337,6.8884387,7200,4.285714,100,100,65.1,3.8514283,Very Low,83.2,4.7677574,100,1747934100,Very Low,4.27497,6.247292,Very Low,6.6776047,60.0,5.8142858,100,1747934100,4.8142858
2025-05-22T17:21:23Z,0,29.89,75.8,54,69.6,4,5,168,68,0.0,255,32767,0.0,2127-15-31,0.0,0.52,26.6,0.0,0.0,0.0,0,4.822265625,6,45,05:39,20:21,2025-05-22 17:21:23.167793,Città della Scienza,45.6,5.935834,8.412935,5.343713,4.011147,EU EEA Common AQI,83.1,5.0139337,6.8884387,7200,4.285714,100,100,65.1,3.8514283,Very Low,83.2,4.7677574,100,1747934100,Very Low,4.27497,6.247292,Very Low,6.6776047,60.0,5.8142858,100,1747934100,4.8142858
2025-05-22T17:21:34Z,0,29.89,75.8,54,69.6,8,5,176,68,0.0,255,32767,0.0,2127-15-31,0.0,0.52,26.6,0.0,0.0,0.0,0,4.822265625,6,45,05:39,20:21,2025-05-22 17:21:34.538787,Città della Scienza,45.6,5.935834,8.412935,5.343713,4.011147,EU EEA Common AQI,83.1,5.0139337,6.8884387,7200,4.285714,100,100,65.1,3.8514283,Very Low,83.2,4.7677574,100,1747934100,Very Low,4.27497,6.247292,Very Low,6.6776047,60.0,5.8142858,100,1747934100,4.8142858
2025-05-22T17:21:45Z,0,29.892,75.8,54,69.6,6,5,188,68,0.0,255,32767,0.0,2127-15-31,0.0,0.52,26.6,0.0,0.0,0.0,0,4.822265625,6,45,05:39,20:21,2025-05-22 17:21:45.618777,Città della Scienza,45.6,5.935834,8.412935,5.343713,4.011147,EU EEA Common AQI,83.1,5.0139337,6.8884387,7200,4.285714,100,100,65.1,3.8514283,Very Low,83.2,4.7677574,100,1747934100,Very Low,4.27497,6.247292,Very Low,6.6776047,60.0,5.8142858,100,1747934100,4.8142858
2025-05-22T17:21:56Z,0,29.892,75.8,54,69.6,8,5,184,68,0.0,255,32767,0.0,2127-15-31,0.0,0.52,26.6,0.0,0.0,0.0,0,4.822265625,6,45,05:39,20:21,2025-05-22 17:21:56.760795,Città della Scienza,45.6,5.935834,8.412935,5.343713,4.011147,EU EEA Common AQI,83.1,5.0139337,6.8884387,7200,4.285714,100,100,65.1,3.8514283,Very Low,83.2,4.7677574,100,1747934100,Very Low,4.27497,6.247292,Very Low,6.6776047,60.0,5.8142858,100,1747934100,4.8142858
2025-05-22T17:22:08Z,0,29.892,75.8,54,69.6,6,5,191,68,0.0,255,32767,0.0,2127-15-31,0.0,0.52,26.6,0.0,0.0,0.0,0,4.822265625,6,45,05:39,20:21,2025-05-22 17:22:07.824747,Città della Scienza,45.6,5.935834,8.412935,5.343713,4.011147,EU EEA Common AQI,83.1,5.0139337,6.8884387,7200,4.285714,100,100,65.1,3.8514283,Very Low,83.2,4.7677574,100,1747934100,Very Low,4.27497,6.247292,Very Low,6.6776047,60.0,5.8142858,100,1747934100,4.8142858
2025-05-22T17:22:19Z,0,29.892,75.8,54,69.6,3,5,301,68,0.0,255,32767,0.0,2127-15-31,0.0,0.52,26.6,0.0,0.0,0.0,0,4.822265625,6,45,05:39,20:21,2025-05-22 17:22:18.895787,Città della Scienza,45.6,5.935834,8.412935,5.343713,4.011147,EU EEA Common AQI,83.1,5.0139337,6.8884387,7200,4.285714,100,100,65.1,3.8514283,Very Low,83.2,4.7677574,100,1747934100,Very Low,4.27497,6.247292,Very Low,6.6776047,60.0,5.8142858,100,1747934100,4.8142858
2025-05-22T17:22:30Z,0,29.892,75.8,54,69.6,6,5,184,68,0.0,255,32767,0.0,2127-15-31,0.0,0.52,26.6,0.0,0.0,0.0,0,4.822265625,6,45,05:39,20:21,2025-05-22 17:22:29.981798,Città della Scienza,45.6,5.935834,8.412935,5.343713,4.011147,EU EEA Common AQI,83.1,5.0139337,6.8884387,7200,4.285714,100,100,65.1,3.8514283,Very Low,83.2,4.7677574,100,1747934100,Very Low,4.27497,6.247292,Very Low,6.6776047,60.0,5.8142858,100,1747934100,4.8142858
2025-05-22T17:22:41Z,0,29.891,75.8,54,69.6,6,5,191,68,0.0,255,32767,0.0,2127-15-31,0.0,0.52,26.6,0.0,0.0,0.0,0,4.822265625,6,45,05:39,20:21,2025-05-22 17:22:41.063785,Città della Scienza,45.6,5.935834,8.412935,5.343713,4.011147,EU EEA Common AQI,83.1,5.0139337,6.8884387,7200,4.285714,100,100,65.1,3.8514283,Very Low,83.2,4.7677574,100,1747934100,Very Low,4.27497,6.247292,Very Low,6.6776047,60.0,5.8142858,100,1747934100,4.8142858
2025-05-22T17:22:52Z,0,29.891,75.8,54,69.6,5,5,171,68,0.0,255,32767,0.0,2127-15-31,0.0,0.52,26.6,0.0,0.0,0.0,0,4.822265625,6,45,05:39,20:21,2025-05-22 17:22:52.160792,Città della Scienza,45.6,5.935834,8.412935,5.343713,4.011147,EU EEA Common AQI,83.1,5.0139337,6.8884387,7200,4.285714,100,100,65.1,3.8514283,Very Low,83.2,4.7677574,100,1747934100,Very Low,4.27497,6.247292,Very Low,6.6776047,60.0,5.8142858,100,1747934100,4.8142858
2025-05-22T17:23:03Z,0,29.891,75.8,54,69.5,3,5,232,68,0.0,255,32767,0.0,2127-15-31,0.0,0.52,26.6,0.0,0.0,0.0,0,4.822265625,6,45,05:39,20:21,2025-05-22 17:23:03.300797,Città della Scienza,45.6,5.935834,8.412935,5.343713,4.011147,EU EEA Common AQI,83.1,5.0139337,6.8884387,7200,4.285714,100,100,65.1,3.8514283,Very Low,83.2,4.7677574,100,1747934100,Very Low,4.27497,6.247292,Very Low,6.6776047,60.0,5.8142858,100,1747934100,4.8142858
2025-05-22T17:23:14Z,0,29.891,75.8,54,69.5,6,5,180,68,0.0,255,32767,0.0,2127-15-31,0.0,0.52,26.6,0.0,0.0,0.0,0,4.822265625,6,45,05:39,20:21,2025-05-22 17:23:14.417778,Città della Scienza,45.6,5.935834,8.412935,5.343713,4.011147,EU EEA Common AQI,83.1,5.0139337,6.8884387,7200,4.285714,100,100,65.1,3.8514283,Very Low,83.2,4.7677574,100,1747934100,Very Low,4.27497,6.247292,Very Low,6.6776047,60.0,5.8142858,100,1747934100,4.8142858
2025-05-22T17:23:25Z,0,29.891,75.8,54,69.5,6,5,169,68,0.0,255,32767,0.0,2127-15-31,0.0,0.52,26.6,0.0,0.0,0.0,0,4.822265625,6,45,05:39,20:21,2025-05-22 17:23:25.580792,Città della Scienza,45.6,5.935834,8.412935,5.343713,4.011147,EU EEA Common AQI,83.1,5.0139337,6.8884387,7200,4.285714,100,100,65.1,3.8514283,Very Low,83.2,4.7677574,100,1747934100,Very Low,4.27497,6.247292,Very Low,6.6776047,60.0,5.8142858,100,1747934100,4.8142858
2025-05-22T17:23:36Z,0,29.892,75.8,54,69.5,9,5,184,68,0.0,255,32767,0.0,2127-15-31,0.0,0.52,26.6,0.0,0.0,0.0,0,4.822265625,6,45,05:39,20:21,2025-05-22 17:23:36.684798,Città della Scienza,45.6,5.935834,8.412935,5.343713,4.011147,EU EEA Common AQI,83.1,5.0139337,6.8884387,7200,4.285714,100,100,65.1,3.8514283,Very Low,83.2,4.7677574,100,1747934100,Very Low,4.27497,6.247292,Very Low,6.6776047,60.0,5.8142858,100,1747934100,4.8142858
2025-05-22T17:23:48Z,0,29.892,75.8,54,69.5,6,5,163,68,0.0,255,32767,0.0,2127-15-31,0.0,0.52,26.6,0.0,0.0,0.0,0,4.822265625,6,45,05:39,20:21,2025-05-22 17:23:47.997798,Città della Scienza,45.6,5.935834,8.412935,5.343713,4.011147,EU EEA Common AQI,83.1,5.0139337,6.8884387,7200,4.285714,100,100,65.1,3.8514283,Very Low,83.2,4.7677574,100,1747934100,Very Low,4.27497,6.247292,Very Low,6.6776047,60.0,5.8142858,100,1747934100,4.8142858
2025-05-22T17:23:59Z,0,29.892,75.8,54,69.5,6,5,196,68,0.0,255,32767,0.0,2127-15-31,0.0,0.52,26.6,0.0,0.0,0.0,0,4.822265625,6,45,05:39,20:21,2025-05-22 17:23:59.048798,Città della Scienza,45.6,5.935834,8.412935,5.343713,4.011147,EU EEA Common AQI,83.1,5.0139337,6.8884387,7200,4.285714,100,100,65.1,3.8514283,Very Low,83.2,4.7677574,100,1747934100,Very Low,4.27497,6.247292,Very Low,6.6776047,60.0,5.8142858,100,1747934100,4.8142858
2025-05-22T17:24:10Z,0,29.892,75.8,54,69.5,3,5,220,68,0.0,255,32767,0.0,2127-15-31,0.0,0.52,26.6,0.0,0.0,0.0,0,4.822265625,6,45,05:39,20:21,2025-05-22 17:24:10.116805,Città della Scienza,45.6,5.935834,8.412935,5.343713,4.011147,EU EEA Common AQI,83.1,5.0139337,6.8884387,7200,4.285714,100,100,65.1,3.8514283,Very Low,83.2,4.7677574,100,1747934100,Very Low,4.27497,6.247292,Very Low,6.6776047,60.0,5.8142858,100,1747934100,4.8142858
2025-05-22T17:24:21Z,0,29.892,75.8,54,69.5,4,5,180,68,0.0,255,32767,0.0,2127-15-31,0.0,0.52,26.6,0.0,0.0,0.0,0,4.822265625,6,45,05:39,20:21,2025-05-22 17:24:21.215781,Città della Scienza,45.6,5.935834,8.412935,5.343713,4.011147,EU EEA Common AQI,83.1,5.0139337,6.8884387,7200,4.285714,100,100,65.1,3.8514283,Very Low,83.2,4.7677574,100,1747934100,Very Low,4.27497,6.247292,Very Low,6.6776047,60.0,5.8142858,100,1747934100,4.8142858
2025-05-22T17:24:32Z,0,29.892,75.8,54,69.5,5,5,217,68,0.0,255,32767,0.0,2127-15-31,0.0,0.52,26.6,0.0,0.0,0.0,0,4.822265625,6,45,05:39,20:21,2025-05-22 17:24:32.263788,Città della Scienza,45.6,5.935834,8.412935,5.343713,4.011147,EU EEA Common AQI,83.1,5.0139337,6.8884387,7200,4.285714,100,100,65.1,3.8514283,Very Low,83.2,4.7677574,100,1747934100,Very Low,4.27497,6.247292,Very Low,6.6776047,60.0,5.8142858,100,1747934100,4.8142858
2025-05-22T17:24:43Z,0,29.89,75.8,54,69.5,4,5,235,68,0.0,255,32767,0.0,2127-15-31,0.0,0.52,26.6,0.0,0.0,0.0,0,4.822265625,6,45,05:39,20:21,2025-05-22 17:24:43.344787,Città della Scienza,45.6,5.935834,8.412935,5.343713,4.011147,EU EEA Common AQI,83.1,5.0139337,6.8884387,7200,4.285714,100,100,65.1,3.8514283,Very Low,83.2,4.7677574,100,1747934100,Very Low,4.27497,6.247292,Very Low,6.6776047,60.0,5.8142858,100,1747934100,4.8142858
2025-05-22T17:24:54Z,0,29.89,75.8,54,69.5,7,5,157,68,0.0,255,32767,0.0,2127-15-31,0.0,0.52,26.6,0.0,0.0,0.0,0,4.822265625,6,45,05:39,20:21,2025-05-22 17:24:54.428748,Città della Scienza,45.6,5.935834,8.412935,5.343713,4.011147,EU EEA Common AQI,83.1,5.0139337,6.8884387,7200,4.285714,100,100,65.1,3.8514283,Very Low,83.2,4.7677574,100,1747934100,Very Low,4.27497,6.247292,Very Low,6.6776047,60.0,5.8142858,100,1747934100,4.8142858
2025-05-22T17:25:05Z,0,29.89,75.8,54,69.4,9,5,169,68,0.0,255,32767,0.0,2127-15-31,0.0,0.52,26.6,0.0,0.0,0.0,0,4.822265625,6,45,05:39,20:21,2025-05-22 17:25:05.493813,Città della Scienza,45.6,5.935834,8.412935,5.343713,4.011147,EU EEA Common AQI,83.1,5.0139337,6.8884387,7200,4.285714,100,100,65.1,3.8514283,Very Low,83.2,4.7677574,100,1747934100,Very Low,4.27497,6.247292,Very Low,6.6776047,60.0,5.8142858,100,1747934100,4.8142858
2025-05-22T17:25:16Z,0,29.89,75.8,54,69.4,2,5,164,68,0.0,255,32767,0.0,2127-15-31,0.0,0.52,26.6,0.0,0.0,0.0,0,4.822265625,6,45,05:39,20:21,2025-05-22 17:25:16.588790,Città della Scienza,45.6,5.935834,8.412935,5.343713,4.011147,EU EEA Common AQI,83.1,5.0139337,6.8884387,7200,4.285714,100,100,65.1,3.8514283,Very Low,83.2,4.7677574,100,1747934100,Very Low,4.27497,6.247292,Very Low,6.6776047,60.0,5.8142858,100,1747934100,4.8142858
2025-05-22T17:25:27Z,0,29.89,75.8,54,69.4,3,5,176,68,0.0,255,32767,0.0,2127-15-31,0.0,0.52,26.6,0.0,0.0,0.0,0,4.822265625,6,45,05:39,20:21,2025-05-22 17:25:27.666798,Città della Scienza,45.6,5.935834,8.412935,5.343713,4.011147,EU EEA Common AQI,83.1,5.0139337,6.8884387,7200,4.285714,100,100,65.1,3.8514283,Very Low,83.2,4.7677574,100,1747934100,Very Low,4.27497,6.247292,Very Low,6.6776047,60.0,5.8142858,100,1747934100,4.8142858
2025-05-22T17:25:38Z,0,29.892,75.8,54,69.4,5,5,194,68,0.0,255,32767,0.0,2127-15-31,0.0,0.52,26.6,0.0,0.0,0.0,0,4.822265625,6,45,05:39,20:21,2025-05-22 17:25:38.745793,Città della Scienza,45.6,5.935834,8.412935,5.343713,4.011147,EU EEA Common AQI,83.1,5.0139337,6.8884387,7200,4.285714,100,100,65.1,3.8514283,Very Low,83.2,4.7677574,100,1747934100,Very Low,4.27497,6.247292,Very Low,6.6776047,60.0,5.8142858,100,1747934100,4.8142858
2025-05-22T17:25:50Z,0,29.892,75.8,54,69.4,6,5,177,68,0.0,255,32767,0.0,2127-15-31,0.0,0.52,26.6,0.0,0.0,0.0,0,4.822265625,6,45,05:39,20:21,2025-05-22 17:25:49.820787,Città della Scienza,45.6,5.935834,8.412935,5.343713,4.011147,EU EEA Common AQI,83.1,5.0139337,6.8884387,7200,4.285714,100,100,65.1,3.8514283,Very Low,83.2,4.7677574,100,1747934100,Very Low,4.27497,6.247292,Very Low,6.6776047,60.0,5.8142858,100,1747934100,4.8142858
2025-05-22T17:26:01Z,0,29.892,75.8,54,69.4,8,5,179,68,0.0,255,32767,0.0,2127-15-31,0.0,0.52,26.6,0.0,0.0,0.0,0,4.822265625,6,45,05:39,20:21,2025-05-22 17:26:00.890793,Città della Scienza,45.6,5.935834,8.412935,5.343713,4.011147,EU EEA Common AQI,83.1,5.0139337,6.8884387,7200,4.285714,100,100,65.1,3.8514283,Very Low,83.2,4.7677574,100,1747934100,Very Low,4.27497,6.247292,Very Low,6.6776047,60.0,5.8142858,100,1747934100,4.8142858
2025-05-22T17:26:12Z,0,29.892,75.8,54,69.4,8,5,182,68,0.0,255,32767,0.0,2127-15-31,0.0,0.52,26.6,0.0,0.0,0.0,0,4.822265625,6,45,05:39,20:21,2025-05-22 17:26:11.954793,Città della Scienza,45.6,5.935834,8.412935,5.343713,4.011147,EU EEA Common AQI,83.1,5.0139337,6.8884387,7200,4.285714,100,100,65.1,3.8514283,Very Low,83.2,4.7677574,100,1747934100,Very Low,4.27497,6.247292,Very Low,6.6776047,60.0,5.8142858,100,1747934100,4.8142858
2025-05-22T17:26:23Z,0,29.892,75.8,54,69.4,7,5,184,68,0.0,255,32767,0.0,2127-15-31,0.0,0.52,26.6,0.0,0.0,0.0,0,4.822265625,6,45,05:39,20:21,2025-05-22 17:26:23.068779,Città della Scienza,45.6,5.935834,8.412935,5.343713,4.011147,EU EEA Common AQI,83.1,5.0139337,6.8884387,7200,4.285714,100,100,65.1,3.8514283,Very Low,83.2,4.7677574,100,1747934100,Very Low,4.27497,6.247292,Very Low,6.6776047,60.0,5.8142858,100,1747934100,4.8142858
2025-05-22T17:26:34Z,0,29.892,75.8,54,69.4,8,5,184,68,0.0,255,32767,0.0,2127-15-31,0.0,0.52,26.6,0.0,0.0,0.0,0,4.822265625,6,45,05:39,20:21,2025-05-22 17:26:34.111795,Città della Scienza,45.6,5.935834,8.412935,5.343713,4.011147,EU EEA Common AQI,83.1,5.0139337,6.8884387,7200,4.285714,100,100,65.1,3.8514283,Very Low,83.2,4.7677574,100,1747934100,Very Low,4.27497,6.247292,Very Low,6.6776047,60.0,5.8142858,100,1747934100,4.8142858
2025-05-22T17:26:45Z,0,29.892,75.8,54,69.4,9,5,192,68,0.0,255,32767,0.0,2127-15-31,0.0,0.52,26.6,0.0,0.0,0.0,0,4.822265625,6,45,05:39,20:21,2025-05-22 17:26:45.216809,Città della Scienza,45.6,5.935834,8.412935,5.343713,4.011147,EU EEA Common AQI,83.1,5.0139337,6.8884387,7200,4.285714,100,100,65.1,3.8514283,Very Low,83.2,4.7677574,100,1747934100,Very Low,4.27497,6.247292,Very Low,6.6776047,60.0,5.8142858,100,1747934100,4.8142858
2025-05-22T17:26:56Z,0,29.892,75.8,54,69.4,8,5,185,68,0.0,255,32767,0.0,2127-15-31,0.0,0.52,26.6,0.0,0.0,0.0,0,4.822265625,6,45,05:39,20:21,2025-05-22 17:26:56.342794,Città della Scienza,45.6,5.935834,8.412935,5.343713,4.011147,EU EEA Common AQI,83.1,5.0139337,6.8884387,7200,4.285714,100,100,65.1,3.8514283,Very Low,83.2,4.7677574,100,1747934100,Very Low,4.27497,6.247292,Very Low,6.6776047,60.0,5.8142858,100,1747934100,4.8142858
2025-05-22T17:27:07Z,0,29.892,75.8,54,69.4,7,5,182,68,0.0,255,32767,0.0,2127-15-31,0.0,0.52,26.6,0.0,0.0,0.0,0,4.822265625,6,45,05:39,20:21,2025-05-22 17:27:07.391795,Città della Scienza,45.6,5.935834,8.412935,5.343713,4.011147,EU EEA Common AQI,83.1,5.0139337,6.8884387,7200,4.285714,100,100,65.1,3.8514283,Very Low,83.2,4.7677574,100,1747934100,Very Low,4.27497,6.247292,Very Low,6.6776047,60.0,5.8142858,100,1747934100,4.8142858
2025-05-22T17:27:18Z,0,29.892,75.8,54,69.4,8,5,145,68,0.0,255,32767,0.0,2127-15-31,0.0,0.52,26.6,0.0,0.0,0.0,0,4.822265625,6,45,05:39,20:21,2025-05-22 17:27:18.464786,Città della Scienza,45.6,5.935834,8.412935,5.343713,4.011147,EU EEA Common AQI,83.1,5.0139337,6.8884387,7200,4.285714,100,100,65.1,3.8514283,Very Low,83.2,4.7677574,100,1747934100,Very Low,4.27497,6.247292,Very Low,6.6776047,60.0,5.8142858,100,1747934100,4.8142858
2025-05-22T17:27:29Z,0,29.892,75.8,54,69.4,3,5,188,68,0.0,255,32767,0.0,2127-15-31,0.0,0.52,26.6,0.0,0.0,0.0,0,4.822265625,6,45,05:39,20:21,2025-05-22 17:27:29.535791,Città della Scienza,45.6,5.935834,8.412935,5.343713,4.011147,EU EEA Common AQI,83.1,5.0139337,6.8884387,7200,4.285714,100,100,65.1,3.8514283,Very Low,83.2,4.7677574,100,1747934100,Very Low,4.27497,6.247292,Very Low,6.6776047,60.0,5.8142858,100,1747934100,4.8142858
2025-05-22T17:27:40Z,0,29.891,75.7,54,69.3,7,6,194,68,0.0,255,32767,0.0,2127-15-31,0.0,0.52,26.6,0.0,0.0,0.0,0,4.822265625,6,45,05:39,20:21,2025-05-22 17:27:40.612818,Città della Scienza,45.6,5.935834,8.412935,5.343713,4.011147,EU EEA Common AQI,83.1,5.0139337,6.8884387,7200,4.285714,100,100,65.1,3.8514283,Very Low,83.2,4.7677574,100,1747934100,Very Low,4.27497,6.247292,Very Low,6.6776047,60.0,5.8142858,100,1747934100,4.8142858
2025-05-22T17:27:51Z,0,29.891,75.7,54,69.3,3,6,173,68,0.0,255,32767,0.0,2127-15-31,0.0,0.52,26.6,0.0,0.0,0.0,0,4.822265625,6,45,05:39,20:21,2025-05-22 17:27:51.729786,Città della Scienza,45.6,5.935834,8.412935,5.343713,4.011147,EU EEA Common AQI,83.1,5.0139337,6.8884387,7200,4.285714,100,100,65.1,3.8514283,Very Low,83.2,4.7677574,100,1747934100,Very Low,4.27497,6.247292,Very Low,6.6776047,60.0,5.8142858,100,1747934100,4.8142858
2025-05-22T17:28:03Z,0,29.891,75.7,54,69.3,4,6,178,68,0.0,255,32767,0.0,2127-15-31,0.0,0.52,26.6,0.0,0.0,0.0,0,4.822265625,6,45,05:39,20:21,2025-05-22 17:28:02.844795,Città della Scienza,45.6,5.935834,8.412935,5.343713,4.011147,EU EEA Common AQI,83.1,5.0139337,6.8884387,7200,4.285714,100,100,65.1,3.8514283,Very Low,83.2,4.7677574,100,1747934100,Very Low,4.27497,6.247292,Very Low,6.6776047,60.0,5.8142858,100,1747934100,4.8142858
2025-05-22T17:28:14Z,0,29.891,75.7,54,69.3,4,6,234,68,0.0,255,32767,0.0,2127-15-31,0.0,0.52,26.6,0.0,0.0,0.0,0,4.822265625,6,45,05:39,20:21,2025-05-22 17:28:13.912813,Città della Scienza,45.6,5.935834,8.412935,5.343713,4.011147,EU EEA Common AQI,83.1,5.0139337,6.8884387,7200,4.285714,100,100,65.1,3.8514283,Very Low,83.2,4.7677574,100,1747934100,Very Low,4.27497,6.247292,Very Low,6.6776047,60.0,5.8142858,100,1747934100,4.8142858
2025-05-22T17:28:25Z,0,29.891,75.7,54,69.3,2,6,163,68,0.0,255,32767,0.0,2127-15-31,0.0,0.52,26.6,0.0,0.0,0.0,0,4.822265625,6,45,05:39,20:21,2025-05-22 17:28:25.048783,Città della Scienza,45.6,5.935834,8.412935,5.343713,4.011147,EU EEA Common AQI,83.1,5.0139337,6.8884387,7200,4.285714,100,100,65.1,3.8514283,Very Low,83.2,4.7677574,100,1747934100,Very Low,4.27497,6.247292,Very Low,6.6776047,60.0,5.8142858,100,1747934100,4.8142858
2025-05-22T17:28:36Z,0,29.889,75.7,54,69.3,4,5,229,68,0.0,255,32767,0.0,2127-15-31,0.0,0.52,26.6,0.0,0.0,0.0,0,4.822265625,6,45,05:39,20:21,2025-05-22 17:28:36.116851,Città della Scienza,45.6,5.935834,8.412935,5.343713,4.011147,EU EEA Common AQI,83.1,5.0139337,6.8884387,7200,4.285714,100,100,65.1,3.8514283,Very Low,83.2,4.7677574,100,1747934100,Very Low,4.27497,6.247292,Very Low,6.6776047,60.0,5.8142858,100,1747934100,4.8142858
2025-05-22T17:28:47Z,0,29.889,75.7,54,69.3,2,5,237,68,0.0,255,32767,0.0,2127-15-31,0.0,0.52,26.6,0.0,0.0,0.0,0,4.822265625,6,45,05:39,20:21,2025-05-22 17:28:47.234787,Città della Scienza,45.6,5.935834,8.412935,5.343713,4.011147,EU EEA Common AQI,83.1,5.0139337,6.8884387,7200,4.285714,100,100,65.1,3.8514283,Very Low,83.2,4.7677574,100,1747934100,Very Low,4.27497,6.247292,Very Low,6.6776047,60.0,5.8142858,100,1747934100,4.8142858
2025-05-22T17:28:58Z,0,29.889,75.7,54,69.3,3,5,183,68,0.0,255,32767,0.0,2127-15-31,0.0,0.52,26.6,0.0,0.0,0.0,0,4.822265625,6,45,05:39,20:21,2025-05-22 17:28:58.299786,Città della Scienza,45.6,5.935834,8.412935,5.343713,4.011147,EU EEA Common AQI,83.1,5.0139337,6.8884387,7200,4.285714,100,100,65.1,3.8514283,Very Low,83.2,4.7677574,100,1747934100,Very Low,4.27497,6.247292,Very Low,6.6776047,60.0,5.8142858,100,1747934100,4.8142858
2025-05-22T17:29:09Z,0,29.889,75.7,54,69.3,5,5,149,68,0.0,255,32767,0.0,2127-15-31,0.0,0.52,26.6,0.0,0.0,0.0,0,4.822265625,6,45,05:39,20:21,2025-05-22 17:29:09.349790,Città della Scienza,45.6,5.935834,8.412935,5.343713,4.011147,EU EEA Common AQI,83.1,5.0139337,6.8884387,7200,4.285714,100,100,65.1,3.8514283,Very Low,83.2,4.7677574,100,1747934100,Very Low,4.27497,6.247292,Very Low,6.6776047,60.0,5.8142858,100,1747934100,4.8142858
2025-05-22T17:29:20Z,0,29.889,75.7,54,69.3,8,5,184,68,0.0,255,32767,0.0,2127-15-31,0.0,0.52,26.6,0.0,0.0,0.0,0,4.822265625,6,45,05:39,20:21,2025-05-22 17:29:20.401787,Città della Scienza,45.6,5.935834,8.412935,5.343713,4.011147,EU EEA Common AQI,83.1,5.0139337,6.8884387,7200,4.285714,100,100,65.1,3.8514283,Very Low,83.2,4.7677574,100,1747934100,Very Low,4.27497,6.247292,Very Low,6.6776047,60.0,5.8142858,100,1747934100,4.8142858
2025-05-22T17:29:31Z,0,29.889,75.7,54,69.3,11,5,171,68,0.0,255,32767,0.0,2127-15-31,0.0,0.52,26.6,0.0,0.0,0.0,0,4.822265625,6,45,05:39,20:21,2025-05-22 17:29:31.511784,Città della Scienza,45.6,5.935834,8.412935,5.343713,4.011147,EU EEA Common AQI,83.1,5.0139337,6.8884387,7200,4.285714,100,100,65.1,3.8514283,Very Low,83.2,4.7677574,100,1747934100,Very Low,4.27497,6.247292,Very Low,6.6776047,60.0,5.8142858,100,1747934100,4.8142858
2025-05-22T17:29:42Z,0,29.892,75.7,54,69.3,8,5,197,68,0.0,255,32767,0.0,2127-15-31,0.0,0.52,26.6,0.0,0.0,0.0,0,4.822265625,6,45,05:39,20:21,2025-05-22 17:29:42.612788,Città della Scienza,45.6,5.935834,8.412935,5.343713,4.011147,EU EEA Common AQI,83.1,5.0139337,6.8884387,7200,4.285714,100,100,65.1,3.8514283,Very Low,83.2,4.7677574,100,1747934100,Very Low,4.27497,6.247292,Very Low,6.6776047,60.0,5.8142858,100,1747934100,4.8142858
2025-05-22T17:29:53Z,0,29.892,75.7,54,69.3,7,5,198,68,0.0,255,32767,0.0,2127-15-31,0.0,0.52,26.6,0.0,0.0,0.0,0,4.822265625,6,45,05:39,20:21,2025-05-22 17:29:53.665793,Città della Scienza,45.6,5.935834,8.412935,5.343713,4.011147,EU EEA Common AQI,83.1,5.0139337,6.8884387,7200,4.285714,100,100,65.1,3.8514283,Very Low,83.2,4.7677574,100,1747934100,Very Low,4.27497,6.247292,Very Low,6.6776047,60.0,5.8142858,100,1747934100,4.8142858
2025-05-22T17:30:04Z,0,29.892,75.7,54,69.3,4,5,242,68,0.0,255,32767,0.0,2127-15-31,0.0,0.52,26.6,0.0,0.0,0.0,0,4.822265625,6,45,05:39,20:21,2025-05-22 17:30:04.736784,Città della Scienza,45.6,5.935834,8.412935,5.343713,4.011147,EU EEA Common AQI,83.1,5.0139337,6.8884387,7200,4.285714,100,100,65.1,3.8514283,Very Low,83.2,4.7677574,100,1747934100,Very Low,4.27497,6.247292,Very Low,6.6776047,60.0,5.8142858,100,1747934100,4.8142858
2025-05-22T17:30:16Z,0,29.892,75.7,54,69.3,2,5,165,68,0.0,255,32767,0.0,2127-15-31,0.0,0.52,26.6,0.0,0.0,0.0,0,4.822265625,6,45,05:39,20:21,2025-05-22 17:30:15.808801,Città della Scienza,45.6,5.935834,8.412935,5.343713,4.011147,EU EEA Common AQI,83.1,5.0139337,6.8884387,7200,4.285714,100,100,65.1,3.8514283,Very Low,83.2,4.7677574,100,1747934100,Very Low,4.27497,6.247292,Very Low,6.6776047,60.0,5.8142858,100,1747934100,4.8142858
2025-05-22T17:30:27Z,0,29.892,75.7,54,69.3,7,5,187,68,0.0,255,32767,0.0,2127-15-31,0.0,0.52,26.6,0.0,0.0,0.0,0,4.822265625,6,45,05:39,20:21,2025-05-22 17:30:26.880813,Città della Scienza,48.4,5.9105206,8.3933935,4.6888623,3.881452,EU EEA Common AQI,80.8,4.851815,6.8753405,7200,4.130435,100,100,64.4,3.7681158,Very Low,80.8,4.75447,100,1747935000,Very Low,3.7510898,6.068554,Very Low,5.9556885,59.5,4.7826085,100,1747935000,4.710145
2025-05-22T17:30:38Z,0,29.893,75.7,54,69.3,3,6,185,68,0.0,255,32767,0.0,2127-15-31,0.0,0.52,26.6,0.0,0.0,0.0,0,4.822265625,6,45,05:39,20:21,2025-05-22 17:30:37.972788,Città della Scienza,48.4,5.9105206,8.3933935,4.6888623,3.881452,EU EEA Common AQI,80.8,4.851815,6.8753405,7200,4.130435,100,100,64.4,3.7681158,Very Low,80.8,4.75447,100,1747935000,Very Low,3.7510898,6.068554,Very Low,5.9556885,59.5,4.7826085,100,1747935000,4.710145
2025-05-22T17:30:49Z,0,29.893,75.7,54,69.3,3,6,182,68,0.0,255,32767,0.0,2127-15-31,0.0,0.52,26.6,0.0,0.0,0.0,0,4.822265625,6,45,05:39,20:21,2025-05-22 17:30:49.070789,Città della Scienza,48.4,5.9105206,8.3933935,4.6888623,3.881452,EU EEA Common AQI,80.8,4.851815,6.8753405,7200,4.130435,100,100,64.4,3.7681158,Very Low,80.8,4.75447,100,1747935000,Very Low,3.7510898,6.068554,Very Low,5.9556885,59.5,4.7826085,100,1747935000,4.710145
2025-05-22T17:31:00Z,0,29.893,75.7,54,69.3,5,6,184,68,0.0,255,32767,0.0,2127-15-31,0.0,0.52,26.6,0.0,0.0,0.0,0,4.822265625,6,45,05:39,20:21,2025-05-22 17:31:00.117791,Città della Scienza,48.4,5.9105206,8.3933935,4.6888623,3.881452,EU EEA Common AQI,80.8,4.851815,6.8753405,7200,4.130435,100,100,64.4,3.7681158,Very Low,80.8,4.75447,100,1747935000,Very Low,3.7510898,6.068554,Very Low,5.9556885,59.5,4.7826085,100,1747935000,4.710145
2025-05-22T17:31:11Z,0,29.893,75.7,54,69.3,8,6,205,68,0.0,255,32767,0.0,2127-15-31,0.0,0.52,26.6,0.0,0.0,0.0,0,4.822265625,6,45,05:39,20:21,2025-05-22 17:31:11.211788,Città della Scienza,48.4,5.9105206,8.3933935,4.6888623,3.881452,EU EEA Common AQI,80.8,4.851815,6.8753405,7200,4.130435,100,100,64.4,3.7681158,Very Low,80.8,4.75447,100,1747935000,Very Low,3.7510898,6.068554,Very Low,5.9556885,59.5,4.7826085,100,1747935000,4.710145
2025-05-22T17:31:22Z,0,29.893,75.7,54,69.3,4,6,198,68,0.0,255,32767,0.0,2127-15-31,0.0,0.52,26.6,0.0,0.0,0.0,0,4.822265625,6,45,05:39,20:21,2025-05-22 17:31:22.318799,Città della Scienza,48.4,5.9105206,8.3933935,4.6888623,3.881452,EU EEA Common AQI,80.8,4.851815,6.8753405,7200,4.130435,100,100,64.4,3.7681158,Very Low,80.8,4.75447,100,1747935000,Very Low,3.7510898,6.068554,Very Low,5.9556885,59.5,4.7826085,100,1747935000,4.710145
2025-05-22T17:31:33Z,0,29.893,75.7,54,69.3,2,6,180,68,0.0,255,32767,0.0,2127-15-31,0.0,0.52,26.6,0.0,0.0,0.0,0,4.822265625,6,45,05:39,20:21,2025-05-22 17:31:33.374791,Città della Scienza,48.4,5.9105206,8.3933935,4.6888623,3.881452,EU EEA Common AQI,80.8,4.851815,6.8753405,7200,4.130435,100,100,64.4,3.7681158,Very Low,80.8,4.75447,100,1747935000,Very Low,3.7510898,6.068554,Very Low,5.9556885,59.5,4.7826085,100,1747935000,4.710145
2025-05-22T17:31:44Z,0,29.893,75.6,54,69.3,4,6,206,68,0.0,255,32767,0.0,2127-15-31,0.0,0.52,26.6,0.0,0.0,0.0,0,4.822265625,6,45,05:39,20:21,2025-05-22 17:31:44.534784,Città della Scienza,48.4,5.9105206,8.3933935,4.6888623,3.881452,EU EEA Common AQI,80.8,4.851815,6.8753405,7200,4.130435,100,100,64.4,3.7681158,Very Low,80.8,4.75447,100,1747935000,Very Low,3.7510898,6.068554,Very Low,5.9556885,59.5,4.7826085,100,1747935000,4.710145
2025-05-22T17:31:55Z,0,29.893,75.6,54,69.3,4,6,202,68,0.0,255,32767,0.0,2127-15-31,0.0,0.52,26.6,0.0,0.0,0.0,0,4.822265625,6,45,05:39,20:21,2025-05-22 17:31:55.635791,Città della Scienza,48.4,5.9105206,8.3933935,4.6888623,3.881452,EU EEA Common AQI,80.8,4.851815,6.8753405,7200,4.130435,100,100,64.4,3.7681158,Very Low,80.8,4.75447,100,1747935000,Very Low,3.7510898,6.068554,Very Low,5.9556885,59.5,4.7826085,100,1747935000,4.710145
2025-05-22T17:32:06Z,0,29.893,75.6,54,69.4,4,6,220,68,0.0,255,32767,0.0,2127-15-31,0.0,0.52,26.6,0.0,0.0,0.0,0,4.822265625,6,45,05:39,20:21,2025-05-22 17:32:06.766793,Città della Scienza,48.4,5.9105206,8.3933935,4.6888623,3.881452,EU EEA Common AQI,80.8,4.851815,6.8753405,7200,4.130435,100,100,64.4,3.7681158,Very Low,80.8,4.75447,100,1747935000,Very Low,3.7510898,6.068554,Very Low,5.9556885,59.5,4.7826085,100,1747935000,4.710145
2025-05-22T17:32:18Z,0,29.893,75.6,54,69.4,3,6,244,68,0.0,255,32767,0.0,2127-15-31,0.0,0.52,26.6,0.0,0.0,0.0,0,4.822265625,6,45,05:39,20:21,2025-05-22 17:32:17.905791,Città della Scienza,48.4,5.9105206,8.3933935,4.6888623,3.881452,EU EEA Common AQI,80.8,4.851815,6.8753405,7200,4.130435,100,100,64.4,3.7681158,Very Low,80.8,4.75447,100,1747935000,Very Low,3.7510898,6.068554,Very Low,5.9556885,59.5,4.7826085,100,1747935000,4.710145
2025-05-22T17:32:29Z,0,29.893,75.6,54,69.4,3,6,192,68,0.0,255,32767,0.0,2127-15-31,0.0,0.52,26.6,0.0,0.0,0.0,0,4.822265625,6,45,05:39,20:21,2025-05-22 17:32:28.963791,Città della Scienza,48.4,5.9105206,8.3933935,4.6888623,3.881452,EU EEA Common AQI,80.8,4.851815,6.8753405,7200,4.130435,100,100,64.4,3.7681158,Very Low,80.8,4.75447,100,1747935000,Very Low,3.7510898,6.068554,Very Low,5.9556885,59.5,4.7826085,100,1747935000,4.710145
2025-05-22T17:32:40Z,0,29.888,75.7,54,69.3,6,5,165,68,0.0,255,32767,0.0,2127-15-31,0.0,0.52,26.6,0.0,0.0,0.0,0,4.822265625,6,45,05:39,20:21,2025-05-22 17:32:40.082784,Città della Scienza,48.4,5.9105206,8.3933935,4.6888623,3.881452,EU EEA Common AQI,80.8,4.851815,6.8753405,7200,4.130435,100,100,64.4,3.7681158,Very Low,80.8,4.75447,100,1747935000,Very Low,3.7510898,6.068554,Very Low,5.9556885,59.5,4.7826085,100,1747935000,4.710145
2025-05-22T17:32:51Z,0,29.888,75.7,54,69.4,6,5,185,68,0.0,255,32767,0.0,2127-15-31,0.0,0.52,26.6,0.0,0.0,0.0,0,4.822265625,6,45,05:39,20:21,2025-05-22 17:32:51.183789,Città della Scienza,48.4,5.9105206,8.3933935,4.6888623,3.881452,EU EEA Common AQI,80.8,4.851815,6.8753405,7200,4.130435,100,100,64.4,3.7681158,Very Low,80.8,4.75447,100,1747935000,Very Low,3.7510898,6.068554,Very Low,5.9556885,59.5,4.7826085,100,1747935000,4.710145
2025-05-22T17:33:02Z,0,29.888,75.7,54,69.4,8,5,200,69,0.0,255,32767,0.0,2127-15-31,0.0,0.52,26.6,0.0,0.0,0.0,0,4.822265625,6,45,05:39,20:21,2025-05-22 17:33:02.231785,Città della Scienza,48.4,5.9105206,8.3933935,4.6888623,3.881452,EU EEA Common AQI,80.8,4.851815,6.8753405,7200,4.130435,100,100,64.4,3.7681158,Very Low,80.8,4.75447,100,1747935000,Very Low,3.7510898,6.068554,Very Low,5.9556885,59.5,4.7826085,100,1747935000,4.710145
2025-05-22T17:33:13Z,0,29.888,75.7,54,69.4,5,5,174,69,0.0,255,32767,0.0,2127-15-31,0.0,0.52,26.6,0.0,0.0,0.0,0,4.822265625,6,45,05:39,20:21,2025-05-22 17:33:13.310788,Città della Scienza,48.4,5.9105206,8.3933935,4.6888623,3.881452,EU EEA Common AQI,80.8,4.851815,6.8753405,7200,4.130435,100,100,64.4,3.7681158,Very Low,80.8,4.75447,100,1747935000,Very Low,3.7510898,6.068554,Very Low,5.9556885,59.5,4.7826085,100,1747935000,4.710145
2025-05-22T17:33:24Z,0,29.888,75.7,54,69.4,6,5,177,69,0.0,255,32767,0.0,2127-15-31,0.0,0.52,26.6,0.0,0.0,0.0,0,4.822265625,6,45,05:39,20:21,2025-05-22 17:33:24.380791,Città della Scienza,48.4,5.9105206,8.3933935,4.6888623,3.881452,EU EEA Common AQI,80.8,4.851815,6.8753405,7200,4.130435,100,100,64.4,3.7681158,Very Low,80.8,4.75447,100,1747935000,Very Low,3.7510898,6.068554,Very Low,5.9556885,59.5,4.7826085,100,1747935000,4.710145
2025-05-22T17:33:35Z,0,29.889,75.6,54,69.4,6,6,186,69,0.0,255,32767,0.0,2127-15-31,0.0,0.52,26.6,0.0,0.0,0.0,0,4.822265625,6,45,05:39,20:21,2025-05-22 17:33:35.490791,Città della Scienza,48.4,5.9105206,8.3933935,4.6888623,3.881452,EU EEA Common AQI,80.8,4.851815,6.8753405,7200,4.130435,100,100,64.4,3.7681158,Very Low,80.8,4.75447,100,1747935000,Very Low,3.7510898,6.068554,Very Low,5.9556885,59.5,4.7826085,100,1747935000,4.710145
2025-05-22T17:33:46Z,0,29.889,75.6,54,69.3,8,6,151,69,0.0,255,32767,0.0,2127-15-31,0.0,0.52,26.6,0.0,0.0,0.0,0,4.822265625,6,45,05:39,20:21,2025-05-22 17:33:46.564782,Città della Scienza,48.4,5.9105206,8.3933935,4.6888623,3.881452,EU EEA Common AQI,80.8,4.851815,6.8753405,7200,4.130435,100,100,64.4,3.7681158,Very Low,80.8,4.75447,100,1747935000,Very Low,3.7510898,6.068554,Very Low,5.9556885,59.5,4.7826085,100,1747935000,4.710145
2025-05-22T17:33:57Z,0,29.889,75.6,54,69.3,3,6,181,69,0.0,255,32767,0.0,2127-15-31,0.0,0.52,26.6,0.0,0.0,0.0,0,4.822265625,6,45,05:39,20:21,2025-05-22 17:33:57.620806,Città della Scienza,48.4,5.9105206,8.3933935,4.6888623,3.881452,EU EEA Common AQI,80.8,4.851815,6.8753405,7200,4.130435,100,100,64.4,3.7681158,Very Low,80.8,4.75447,100,1747935000,Very Low,3.7510898,6.068554,Very Low,5.9556885,59.5,4.7826085,100,1747935000,4.710145
2025-05-22T17:34:08Z,0,29.889,75.6,54,69.3,4,6,169,69,0.0,255,32767,0.0,2127-15-31,0.0,0.52,26.6,0.0,0.0,0.0,0,4.822265625,6,45,05:39,20:21,2025-05-22 17:34:08.678784,Città della Scienza,48.4,5.9105206,8.3933935,4.6888623,3.881452,EU EEA Common AQI,80.8,4.851815,6.8753405,7200,4.130435,100,100,64.4,3.7681158,Very Low,80.8,4.75447,100,1747935000,Very Low,3.7510898,6.068554,Very Low,5.9556885,59.5,4.7826085,100,1747935000,4.710145
2025-05-22T17:34:20Z,0,29.889,75.6,54,69.3,4,6,189,69,0.0,255,32767,0.0,2127-15-31,0.0,0.52,26.6,0.0,0.0,0.0,0,4.822265625,6,45,05:39,20:21,2025-05-22 17:34:19.805782,Città della Scienza,48.4,5.9105206,8.3933935,4.6888623,3.881452,EU EEA Common AQI,80.8,4.851815,6.8753405,7200,4.130435,100,100,64.4,3.7681158,Very Low,80.8,4.75447,100,1747935000,Very Low,3.7510898,6.068554,Very Low,5.9556885,59.5,4.7826085,100,1747935000,4.710145
2025-05-22T17:34:31Z,0,29.889,75.6,54,69.3,3,6,153,69,0.0,255,32767,0.0,2127-15-31,0.0,0.52,26.6,0.0,0.0,0.0,0,4.822265625,6,45,05:39,20:21,2025-05-22 17:34:30.880801,Città della Scienza,48.4,5.9105206,8.3933935,4.6888623,3.881452,EU EEA Common AQI,80.8,4.851815,6.8753405,7200,4.130435,100,100,64.4,3.7681158,Very Low,80.8,4.75447,100,1747935000,Very Low,3.7510898,6.068554,Very Low,5.9556885,59.5,4.7826085,100,1747935000,4.710145
2025-05-22T17:34:42Z,0,29.891,75.6,54,69.3,6,5,205,69,0.0,255,32767,0.0,2127-15-31,0.0,0.52,26.6,0.0,0.0,0.0,0,4.822265625,6,45,05:39,20:21,2025-05-22 17:34:41.933791,Città della Scienza,48.4,5.9105206,8.3933935,4.6888623,3.881452,EU EEA Common AQI,80.8,4.851815,6.8753405,7200,4.130435,100,100,64.4,3.7681158,Very Low,80.8,4.75447,100,1747935000,Very Low,3.7510898,6.068554,Very Low,5.9556885,59.5,4.7826085,100,1747935000,4.710145
2025-05-22T17:34:53Z,0,29.891,75.6,54,69.3,6,5,197,69,0.0,255,32767,0.0,2127-15-31,0.0,0.52,26.6,0.0,0.0,0.0,0,4.822265625,6,45,05:39,20:21,2025-05-22 17:34:53.058789,Città della Scienza,48.4,5.9105206,8.3933935,4.6888623,3.881452,EU EEA Common AQI,80.8,4.851815,6.8753405,7200,4.130435,100,100,64.4,3.7681158,Very Low,80.8,4.75447,100,1747935000,Very Low,3.7510898,6.068554,Very Low,5.9556885,59.5,4.7826085,100,1747935000,4.710145
2025-05-22T17:35:04Z,0,29.891,75.6,54,69.3,6,5,269,69,0.0,255,32767,0.0,2127-15-31,0.0,0.52,26.6,0.0,0.0,0.0,0,4.822265625,6,45,05:39,20:21,2025-05-22 17:35:04.131790,Città della Scienza,48.4,5.9105206,8.3933935,4.6888623,3.881452,EU EEA Common AQI,80.8,4.851815,6.8753405,7200,4.130435,100,100,64.4,3.7681158,Very Low,80.8,4.75447,100,1747935000,Very Low,3.7510898,6.068554,Very Low,5.9556885,59.5,4.7826085,100,1747935000,4.710145
2025-05-22T17:35:15Z,0,29.891,75.6,54,69.3,3,5,178,69,0.0,255,32767,0.0,2127-15-31,0.0,0.52,26.6,0.0,0.0,0.0,0,4.822265625,6,45,05:39,20:21,2025-05-22 17:35:15.229791,Città della Scienza,48.4,5.9105206,8.3933935,4.6888623,3.881452,EU EEA Common AQI,80.8,4.851815,6.8753405,7200,4.130435,100,100,64.4,3.7681158,Very Low,80.8,4.75447,100,1747935000,Very Low,3.7510898,6.068554,Very Low,5.9556885,59.5,4.7826085,100,1747935000,4.710145
2025-05-22T17:35:26Z,0,29.891,75.6,54,69.3,3,5,240,69,0.0,255,32767,0.0,2127-15-31,0.0,0.52,26.6,0.0,0.0,0.0,0,4.822265625,6,45,05:39,20:21,2025-05-22 17:35:26.323783,Città della Scienza,48.4,5.9105206,8.3933935,4.6888623,3.881452,EU EEA Common AQI,80.8,4.851815,6.8753405,7200,4.130435,100,100,64.4,3.7681158,Very Low,80.8,4.75447,100,1747935000,Very Low,3.7510898,6.068554,Very Low,5.9556885,59.5,4.7826085,100,1747935000,4.710145
2025-05-22T17:35:37Z,0,29.891,75.6,54,69.3,1,5,160,69,0.0,255,32767,0.0,2127-15-31,0.0,0.52,26.6,0.0,0.0,0.0,0,4.822265625,6,45,05:39,20:21,2025-05-22 17:35:37.402785,Città della Scienza,48.4,5.9105206,8.3933935,4.6888623,3.881452,EU EEA Common AQI,80.8,4.851815,6.8753405,7200,4.130435,100,100,64.4,3.7681158,Very Low,80.8,4.75447,100,1747935000,Very Low,3.7510898,6.068554,Very Low,5.9556885,59.5,4.7826085,100,1747935000,4.710145
2025-05-22T17:35:48Z,0,29.891,75.6,54,69.3,3,5,180,69,0.0,255,32767,0.0,2127-15-31,0.0,0.52,26.6,0.0,0.0,0.0,0,4.822265625,6,45,05:39,20:21,2025-05-22 17:35:48.452792,Città della Scienza,48.4,5.9105206,8.3933935,4.6888623,3.881452,EU EEA Common AQI,80.8,4.851815,6.8753405,7200,4.130435,100,100,64.4,3.7681158,Very Low,80.8,4.75447,100,1747935000,Very Low,3.7510898,6.068554,Very Low,5.9556885,59.5,4.7826085,100,1747935000,4.710145
2025-05-22T17:35:59Z,0,29.891,75.6,54,69.3,6,5,209,69,0.0,255,32767,0.0,2127-15-31,0.0,0.52,26.6,0.0,0.0,0.0,0,4.822265625,6,45,05:39,20:21,2025-05-22 17:35:59.514747,Città della Scienza,48.4,5.9105206,8.3933935,4.6888623,3.881452,EU EEA Common AQI,80.8,4.851815,6.8753405,7200,4.130435,100,100,64.4,3.7681158,Very Low,80.8,4.75447,100,1747935000,Very Low,3.7510898,6.068554,Very Low,5.9556885,59.5,4.7826085,100,1747935000,4.710145
2025-05-22T17:36:10Z,0,29.891,75.6,54,69.3,6,5,243,69,0.0,255,32767,0.0,2127-15-31,0.0,0.52,26.6,0.0,0.0,0.0,0,4.822265625,6,45,05:39,20:21,2025-05-22 17:36:10.543798,Città della Scienza,48.4,5.9105206,8.3933935,4.6888623,3.881452,EU EEA Common AQI,80.8,4.851815,6.8753405,7200,4.130435,100,100,64.4,3.7681158,Very Low,80.8,4.75447,100,1747935000,Very Low,3.7510898,6.068554,Very Low,5.9556885,59.5,4.7826085,100,1747935000,4.710145
2025-05-22T17:36:21Z,0,29.891,75.6,54,69.3,7,5,195,69,0.0,255,32767,0.0,2127-15-31,0.0,0.52,26.6,0.0,0.0,0.0,0,4.822265625,6,45,05:39,20:21,2025-05-22 17:36:21.638804,Città della Scienza,48.4,5.9105206,8.3933935,4.6888623,3.881452,EU EEA Common AQI,80.8,4.851815,6.8753405,7200,4.130435,100,100,64.4,3.7681158,Very Low,80.8,4.75447,100,1747935000,Very Low,3.7510898,6.068554,Very Low,5.9556885,59.5,4.7826085,100,1747935000,4.710145
2025-05-22T17:36:32Z,0,29.891,75.6,54,69.3,6,5,231,68,0.0,255,32767,0.0,2127-15-31,0.0,0.52,26.6,0.0,0.0,0.0,0,4.822265625,6,45,05:39,20:21,2025-05-22 17:36:32.737784,Città della Scienza,48.4,5.9105206,8.3933935,4.6888623,3.881452,EU EEA Common AQI,80.8,4.851815,6.8753405,7200,4.130435,100,100,64.4,3.7681158,Very Low,80.8,4.75447,100,1747935000,Very Low,3.7510898,6.068554,Very Low,5.9556885,59.5,4.7826085,100,1747935000,4.710145
2025-05-22T17:36:44Z,0,29.889,75.6,54,69.3,6,5,165,68,0.0,255,32767,0.0,2127-15-31,0.0,0.52,26.6,0.0,0.0,0.0,0,4.822265625,6,45,05:39,20:21,2025-05-22 17:36:43.848805,Città della Scienza,48.4,5.9105206,8.3933935,4.6888623,3.881452,EU EEA Common AQI,80.8,4.851815,6.8753405,7200,4.130435,100,100,64.4,3.7681158,Very Low,80.8,4.75447,100,1747935000,Very Low,3.7510898,6.068554,Very Low,5.9556885,59.5,4.7826085,100,1747935000,4.710145
2025-05-22T17:36:55Z,0,29.889,75.6,54,69.3,7,5,194,68,0.0,255,32767,0.0,2127-15-31,0.0,0.52,26.6,0.0,0.0,0.0,0,4.822265625,6,45,05:39,20:21,2025-05-22 17:36:54.911803,Città della Scienza,48.4,5.9105206,8.3933935,4.6888623,3.881452,EU EEA Common AQI,80.8,4.851815,6.8753405,7200,4.130435,100,100,64.4,3.7681158,Very Low,80.8,4.75447,100,1747935000,Very Low,3.7510898,6.068554,Very Low,5.9556885,59.5,4.7826085,100,1747935000,4.710145
2025-05-22T17:37:06Z,0,29.889,75.6,54,69.3,5,5,190,68,0.0,255,32767,0.0,2127-15-31,0.0,0.52,26.6,0.0,0.0,0.0,0,4.822265625,6,45,05:39,20:21,2025-05-22 17:37:06.006789,Città della Scienza,48.4,5.9105206,8.3933935,4.6888623,3.881452,EU EEA Common AQI,80.8,4.851815,6.8753405,7200,4.130435,100,100,64.4,3.7681158,Very Low,80.8,4.75447,100,1747935000,Very Low,3.7510898,6.068554,Very Low,5.9556885,59.5,4.7826085,100,1747935000,4.710145
2025-05-22T17:37:17Z,0,29.889,75.6,54,69.3,7,5,184,68,0.0,255,32767,0.0,2127-15-31,0.0,0.52,26.6,0.0,0.0,0.0,0,4.822265625,6,45,05:39,20:21,2025-05-22 17:37:17.085805,Città della Scienza,48.4,5.9105206,8.3933935,4.6888623,3.881452,EU EEA Common AQI,80.8,4.851815,6.8753405,7200,4.130435,100,100,64.4,3.7681158,Very Low,80.8,4.75447,100,1747935000,Very Low,3.7510898,6.068554,Very Low,5.9556885,59.5,4.7826085,100,1747935000,4.710145
2025-05-22T17:37:28Z,0,29.889,75.6,54,69.3,9,5,178,68,0.0,255,32767,0.0,2127-15-31,0.0,0.52,26.6,0.0,0.0,0.0,0,4.822265625,6,45,05:39,20:21,2025-05-22 17:37:28.136795,Città della Scienza,48.4,5.9105206,8.3933935,4.6888623,3.881452,EU EEA Common AQI,80.8,4.851815,6.8753405,7200,4.130435,100,100,64.4,3.7681158,Very Low,80.8,4.75447,100,1747935000,Very Low,3.7510898,6.068554,Very Low,5.9556885,59.5,4.7826085,100,1747935000,4.710145
2025-05-22T17:37:39Z,0,29.891,75.6,54,69.3,8,5,175,68,0.0,255,32767,0.0,2127-15-31,0.0,0.52,26.6,0.0,0.0,0.0,0,4.822265625,6,45,05:39,20:21,2025-05-22 17:37:39.204786,Città della Scienza,48.4,5.9105206,8.3933935,4.6888623,3.881452,EU EEA Common AQI,80.8,4.851815,6.8753405,7200,4.130435,100,100,64.4,3.7681158,Very Low,80.8,4.75447,100,1747935000,Very Low,3.7510898,6.068554,Very Low,5.9556885,59.5,4.7826085,100,1747935000,4.710145
2025-05-22T17:37:50Z,0,29.891,75.6,54,69.3,9,5,192,68,0.0,255,32767,0.0,2127-15-31,0.0,0.52,26.6,0.0,0.0,0.0,0,4.822265625,6,45,05:39,20:21,2025-05-22 17:37:50.292785,Città della Scienza,48.4,5.9105206,8.3933935,4.6888623,3.881452,EU EEA Common AQI,80.8,4.851815,6.8753405,7200,4.130435,100,100,64.4,3.7681158,Very Low,80.8,4.75447,100,1747935000,Very Low,3.7510898,6.068554,Very Low,5.9556885,59.5,4.7826085,100,1747935000,4.710145
2025-05-22T17:38:01Z,0,29.891,75.6,54,69.2,6,5,193,68,0.0,255,32767,0.0,2127-15-31,0.0,0.52,26.6,0.0,0.0,0.0,0,4.822265625,6,45,05:39,20:21,2025-05-22 17:38:01.418786,Città della Scienza,48.4,5.9105206,8.3933935,4.6888623,3.881452,EU EEA Common AQI,80.8,4.851815,6.8753405,7200,4.130435,100,100,64.4,3.7681158,Very Low,80.8,4.75447,100,1747935000,Very Low,3.7510898,6.068554,Very Low,5.9556885,59.5,4.7826085,100,1747935000,4.710145
2025-05-22T17:38:12Z,0,29.891,75.6,54,69.2,5,5,214,68,0.0,255,32767,0.0,2127-15-31,0.0,0.52,26.6,0.0,0.0,0.0,0,4.822265625,6,45,05:39,20:21,2025-05-22 17:38:12.521749,Città della Scienza,48.4,5.9105206,8.3933935,4.6888623,3.881452,EU EEA Common AQI,80.8,4.851815,6.8753405,7200,4.130435,100,100,64.4,3.7681158,Very Low,80.8,4.75447,100,1747935000,Very Low,3.7510898,6.068554,Very Low,5.9556885,59.5,4.7826085,100,1747935000,4.710145
2025-05-22T17:38:23Z,0,29.891,75.6,54,69.2,7,5,172,68,0.0,255,32767,0.0,2127-15-31,0.0,0.52,26.6,0.0,0.0,0.0,0,4.822265625,6,45,05:39,20:21,2025-05-22 17:38:23.642789,Città della Scienza,48.4,5.9105206,8.3933935,4.6888623,3.881452,EU EEA Common AQI,80.8,4.851815,6.8753405,7200,4.130435,100,100,64.4,3.7681158,Very Low,80.8,4.75447,100,1747935000,Very Low,3.7510898,6.068554,Very Low,5.9556885,59.5,4.7826085,100,1747935000,4.710145
2025-05-22T17:38:34Z,0,29.889,75.6,54,69.1,5,6,207,68,0.0,255,32767,0.0,2127-15-31,0.0,0.52,26.6,0.0,0.0,0.0,0,4.822265625,6,45,05:39,20:21,2025-05-22 17:38:34.765836,Città della Scienza,48.4,5.9105206,8.3933935,4.6888623,3.881452,EU EEA Common AQI,80.8,4.851815,6.8753405,7200,4.130435,100,100,64.4,3.7681158,Very Low,80.8,4.75447,100,1747935000,Very Low,3.7510898,6.068554,Very Low,5.9556885,59.5,4.7826085,100,1747935000,4.710145
2025-05-22T17:38:46Z,0,29.889,75.6,54,69.1,4,6,192,68,0.0,255,32767,0.0,2127-15-31,0.0,0.52,26.6,0.0,0.0,0.0,0,4.822265625,6,45,05:39,20:21,2025-05-22 17:38:45.815807,Città della Scienza,48.4,5.9105206,8.3933935,4.6888623,3.881452,EU EEA Common AQI,80.8,4.851815,6.8753405,7200,4.130435,100,100,64.4,3.7681158,Very Low,80.8,4.75447,100,1747935000,Very Low,3.7510898,6.068554,Very Low,5.9556885,59.5,4.7826085,100,1747935000,4.710145
2025-05-22T17:38:57Z,0,29.889,75.6,54,69.1,3,6,253,68,0.0,255,32767,0.0,2127-15-31,0.0,0.52,26.6,0.0,0.0,0.0,0,4.822265625,6,45,05:39,20:21,2025-05-22 17:38:56.894797,Città della Scienza,48.4,5.9105206,8.3933935,4.6888623,3.881452,EU EEA Common AQI,80.8,4.851815,6.8753405,7200,4.130435,100,100,64.4,3.7681158,Very Low,80.8,4.75447,100,1747935000,Very Low,3.7510898,6.068554,Very Low,5.9556885,59.5,4.7826085,100,1747935000,4.710145
2025-05-22T17:39:08Z,0,29.889,75.6,54,69.1,4,6,192,69,0.0,255,32767,0.0,2127-15-31,0.0,0.52,26.6,0.0,0.0,0.0,0,4.822265625,6,45,05:39,20:21,2025-05-22 17:39:07.994776,Città della Scienza,48.4,5.9105206,8.3933935,4.6888623,3.881452,EU EEA Common AQI,80.8,4.851815,6.8753405,7200,4.130435,100,100,64.4,3.7681158,Very Low,80.8,4.75447,100,1747935000,Very Low,3.7510898,6.068554,Very Low,5.9556885,59.5,4.7826085,100,1747935000,4.710145
2025-05-22T17:39:19Z,0,29.889,75.6,54,69.2,3,6,184,69,0.0,255,32767,0.0,2127-15-31,0.0,0.52,26.6,0.0,0.0,0.0,0,4.822265625,6,45,05:39,20:21,2025-05-22 17:39:19.098813,Città della Scienza,48.4,5.9105206,8.3933935,4.6888623,3.881452,EU EEA Common AQI,80.8,4.851815,6.8753405,7200,4.130435,100,100,64.4,3.7681158,Very Low,80.8,4.75447,100,1747935000,Very Low,3.7510898,6.068554,Very Low,5.9556885,59.5,4.7826085,100,1747935000,4.710145
2025-05-22T17:39:30Z,0,29.889,75.6,54,69.2,6,6,186,69,0.0,255,32767,0.0,2127-15-31,0.0,0.52,26.6,0.0,0.0,0.0,0,4.822265625,6,45,05:39,20:21,2025-05-22 17:39:30.158790,Città della Scienza,48.4,5.9105206,8.3933935,4.6888623,3.881452,EU EEA Common AQI,80.8,4.851815,6.8753405,7200,4.130435,100,100,64.4,3.7681158,Very Low,80.8,4.75447,100,1747935000,Very Low,3.7510898,6.068554,Very Low,5.9556885,59.5,4.7826085,100,1747935000,4.710145
2025-05-22T17:39:41Z,0,29.887,75.5,54,69.2,2,6,186,69,0.0,255,32767,0.0,2127-15-31,0.0,0.52,26.6,0.0,0.0,0.0,0,4.822265625,6,45,05:39,20:21,2025-05-22 17:39:41.230795,Città della Scienza,48.4,5.9105206,8.3933935,4.6888623,3.881452,EU EEA Common AQI,80.8,4.851815,6.8753405,7200,4.130435,100,100,64.4,3.7681158,Very Low,80.8,4.75447,100,1747935000,Very Low,3.7510898,6.068554,Very Low,5.9556885,59.5,4.7826085,100,1747935000,4.710145
2025-05-22T17:39:52Z,0,29.887,75.5,54,69.2,4,6,209,69,0.0,255,32767,0.0,2127-15-31,0.0,0.52,26.6,0.0,0.0,0.0,0,4.822265625,6,45,05:39,20:21,2025-05-22 17:39:52.363795,Città della Scienza,48.4,5.9105206,8.3933935,4.6888623,3.881452,EU EEA Common AQI,80.8,4.851815,6.8753405,7200,4.130435,100,100,64.4,3.7681158,Very Low,80.8,4.75447,100,1747935000,Very Low,3.7510898,6.068554,Very Low,5.9556885,59.5,4.7826085,100,1747935000,4.710145
2025-05-22T17:40:03Z,0,29.887,75.5,54,69.2,3,6,183,69,0.0,255,32767,0.0,2127-15-31,0.0,0.52,26.6,0.0,0.0,0.0,0,4.822265625,6,45,05:39,20:21,2025-05-22 17:40:03.417791,Città della Scienza,48.4,5.9105206,8.3933935,4.6888623,3.881452,EU EEA Common AQI,80.8,4.851815,6.8753405,7200,4.130435,100,100,64.4,3.7681158,Very Low,80.8,4.75447,100,1747935000,Very Low,3.7510898,6.068554,Very Low,5.9556885,59.5,4.7826085,100,1747935000,4.710145
2025-05-22T17:40:14Z,0,29.887,75.5,54,69.2,5,6,207,69,0.0,255,32767,0.0,2127-15-31,0.0,0.52,26.6,0.0,0.0,0.0,0,4.822265625,6,45,05:39,20:21,2025-05-22 17:40:14.517788,Città della Scienza,48.4,5.9105206,8.3933935,4.6888623,3.881452,EU EEA Common AQI,80.8,4.851815,6.8753405,7200,4.130435,100,100,64.4,3.7681158,Very Low,80.8,4.75447,100,1747935000,Very Low,3.7510898,6.068554,Very Low,5.9556885,59.5,4.7826085,100,1747935000,4.710145
2025-05-22T17:40:25Z,0,29.887,75.5,54,69.2,3,6,220,69,0.0,255,32767,0.0,2127-15-31,0.0,0.52,26.6,0.0,0.0,0.0,0,4.822265625,6,45,05:39,20:21,2025-05-22 17:40:25.621786,Città della Scienza,48.4,5.9105206,8.3933935,4.6888623,3.881452,EU EEA Common AQI,80.8,4.851815,6.8753405,7200,4.130435,100,100,64.4,3.7681158,Very Low,80.8,4.75447,100,1747935000,Very Low,3.7510898,6.068554,Very Low,5.9556885,59.5,4.7826085,100,1747935000,4.710145
2025-05-22T17:40:36Z,0,29.888,75.5,54,69.2,3,5,180,69,0.0,255,32767,0.0,2127-15-31,0.0,0.52,26.6,0.0,0.0,0.0,0,4.822265625,6,45,05:39,20:21,2025-05-22 17:40:36.696750,Città della Scienza,48.4,5.9105206,8.3933935,4.6888623,3.881452,EU EEA Common AQI,80.8,4.851815,6.8753405,7200,4.130435,100,100,64.4,3.7681158,Very Low,80.8,4.75447,100,1747935000,Very Low,3.7510898,6.068554,Very Low,5.9556885,59.5,4.7826085,100,1747935000,4.710145
2025-05-22T17:40:47Z,0,29.888,75.5,54,69.2,5,5,163,69,0.0,255,32767,0.0,2127-15-31,0.0,0.52,26.6,0.0,0.0,0.0,0,4.822265625,6,45,05:39,20:21,2025-05-22 17:40:47.778796,Città della Scienza,48.4,5.9105206,8.3933935,4.6888623,3.881452,EU EEA Common AQI,80.8,4.851815,6.8753405,7200,4.130435,100,100,64.4,3.7681158,Very Low,80.8,4.75447,100,1747935000,Very Low,3.7510898,6.068554,Very Low,5.9556885,59.5,4.7826085,100,1747935000,4.710145
2025-05-22T17:40:59Z,0,29.888,75.5,54,69.2,5,5,219,70,0.0,255,32767,0.0,2127-15-31,0.0,0.52,26.6,0.0,0.0,0.0,0,4.822265625,6,45,05:39,20:21,2025-05-22 17:40:58.896785,Città della Scienza,48.4,5.9105206,8.3933935,4.6888623,3.881452,EU EEA Common AQI,80.8,4.851815,6.8753405,7200,4.130435,100,100,64.4,3.7681158,Very Low,80.8,4.75447,100,1747935000,Very Low,3.7510898,6.068554,Very Low,5.9556885,59.5,4.7826085,100,1747935000,4.710145
2025-05-22T17:41:10Z,0,29.888,75.5,54,69.1,5,5,189,70,0.0,255,32767,0.0,2127-15-31,0.0,0.52,26.6,0.0,0.0,0.0,0,4.822265625,6,45,05:39,20:21,2025-05-22 17:41:09.952792,Città della Scienza,48.4,5.9105206,8.3933935,4.6888623,3.881452,EU EEA Common AQI,80.8,4.851815,6.8753405,7200,4.130435,100,100,64.4,3.7681158,Very Low,80.8,4.75447,100,1747935000,Very Low,3.7510898,6.068554,Very Low,5.9556885,59.5,4.7826085,100,1747935000,4.710145
2025-05-22T17:41:21Z,0,29.888,75.5,54,69.2,5,5,195,70,0.0,255,32767,0.0,2127-15-31,0.0,0.52,26.6,0.0,0.0,0.0,0,4.822265625,6,45,05:39,20:21,2025-05-22 17:41:21.040804,Città della Scienza,48.4,5.9105206,8.3933935,4.6888623,3.881452,EU EEA Common AQI,80.8,4.851815,6.8753405,7200,4.130435,100,100,64.4,3.7681158,Very Low,80.8,4.75447,100,1747935000,Very Low,3.7510898,6.068554,Very Low,5.9556885,59.5,4.7826085,100,1747935000,4.710145
2025-05-22T17:41:32Z,0,29.888,75.5,54,69.2,8,5,216,70,0.0,255,32767,0.0,2127-15-31,0.0,0.52,26.6,0.0,0.0,0.0,0,4.822265625,6,45,05:39,20:21,2025-05-22 17:41:32.123792,Città della Scienza,48.4,5.9105206,8.3933935,4.6888623,3.881452,EU EEA Common AQI,80.8,4.851815,6.8753405,7200,4.130435,100,100,64.4,3.7681158,Very Low,80.8,4.75447,100,1747935000,Very Low,3.7510898,6.068554,Very Low,5.9556885,59.5,4.7826085,100,1747935000,4.710145
2025-05-22T17:41:43Z,0,29.888,75.5,54,69.2,5,6,185,70,0.0,255,32767,0.0,2127-15-31,0.0,0.52,26.6,0.0,0.0,0.0,0,4.822265625,6,45,05:39,20:21,2025-05-22 17:41:43.192789,Città della Scienza,48.4,5.9105206,8.3933935,4.6888623,3.881452,EU EEA Common AQI,80.8,4.851815,6.8753405,7200,4.130435,100,100,64.4,3.7681158,Very Low,80.8,4.75447,100,1747935000,Very Low,3.7510898,6.068554,Very Low,5.9556885,59.5,4.7826085,100,1747935000,4.710145
2025-05-22T17:41:54Z,0,29.888,75.5,54,69.2,6,6,159,69,0.0,255,32767,0.0,2127-15-31,0.0,0.52,26.6,0.0,0.0,0.0,0,4.822265625,6,45,05:39,20:21,2025-05-22 17:41:54.296784,Città della Scienza,48.4,5.9105206,8.3933935,4.6888623,3.881452,EU EEA Common AQI,80.8,4.851815,6.8753405,7200,4.130435,100,100,64.4,3.7681158,Very Low,80.8,4.75447,100,1747935000,Very Low,3.7510898,6.068554,Very Low,5.9556885,59.5,4.7826085,100,1747935000,4.710145
2025-05-22T17:42:05Z,0,29.888,75.5,54,69.1,5,6,239,69,0.0,255,32767,0.0,2127-15-31,0.0,0.52,26.6,0.0,0.0,0.0,0,4.822265625,6,45,05:39,20:21,2025-05-22 17:42:05.361816,Città della Scienza,48.4,5.9105206,8.3933935,4.6888623,3.881452,EU EEA Common AQI,80.8,4.851815,6.8753405,7200,4.130435,100,100,64.4,3.7681158,Very Low,80.8,4.75447,100,1747935000,Very Low,3.7510898,6.068554,Very Low,5.9556885,59.5,4.7826085,100,1747935000,4.710145
2025-05-22T17:42:16Z,0,29.888,75.5,54,69.1,7,6,200,69,0.0,255,32767,0.0,2127-15-31,0.0,0.52,26.6,0.0,0.0,0.0,0,4.822265625,6,45,05:39,20:21,2025-05-22 17:42:16.407803,Città della Scienza,48.4,5.9105206,8.3933935,4.6888623,3.881452,EU EEA Common AQI,80.8,4.851815,6.8753405,7200,4.130435,100,100,64.4,3.7681158,Very Low,80.8,4.75447,100,1747935000,Very Low,3.7510898,6.068554,Very Low,5.9556885,59.5,4.7826085,100,1747935000,4.710145
2025-05-22T17:42:27Z,0,29.888,75.5,54,69.1,6,6,229,69,0.0,255,32767,0.0,2127-15-31,0.0,0.52,26.6,0.0,0.0,0.0,0,4.822265625,6,45,05:39,20:21,2025-05-22 17:42:27.499788,Città della Scienza,48.4,5.9105206,8.3933935,4.6888623,3.881452,EU EEA Common AQI,80.8,4.851815,6.8753405,7200,4.130435,100,100,64.4,3.7681158,Very Low,80.8,4.75447,100,1747935000,Very Low,3.7510898,6.068554,Very Low,5.9556885,59.5,4.7826085,100,1747935000,4.710145
2025-05-22T17:42:38Z,0,29.889,75.5,55,69.1,5,6,252,69,0.0,255,32767,0.0,2127-15-31,0.0,0.52,26.6,0.0,0.0,0.0,0,4.822265625,6,45,05:39,20:21,2025-05-22 17:42:38.550784,Città della Scienza,48.4,5.9105206,8.3933935,4.6888623,3.881452,EU EEA Common AQI,80.8,4.851815,6.8753405,7200,4.130435,100,100,64.4,3.7681158,Very Low,80.8,4.75447,100,1747935000,Very Low,3.7510898,6.068554,Very Low,5.9556885,59.5,4.7826085,100,1747935000,4.710145
2025-05-22T17:42:49Z,0,29.889,75.5,55,69.1,5,6,194,69,0.0,255,32767,0.0,2127-15-31,0.0,0.52,26.6,0.0,0.0,0.0,0,4.822265625,6,45,05:39,20:21,2025-05-22 17:42:49.652814,Città della Scienza,48.4,5.9105206,8.3933935,4.6888623,3.881452,EU EEA Common AQI,80.8,4.851815,6.8753405,7200,4.130435,100,100,64.4,3.7681158,Very Low,80.8,4.75447,100,1747935000,Very Low,3.7510898,6.068554,Very Low,5.9556885,59.5,4.7826085,100,1747935000,4.710145
2025-05-22T17:43:01Z,0,29.889,75.5,55,69.1,9,6,193,69,0.0,255,32767,0.0,2127-15-31,0.0,0.52,26.6,0.0,0.0,0.0,0,4.822265625,6,45,05:39,20:21,2025-05-22 17:43:00.832777,Città della Scienza,48.4,5.9105206,8.3933935,4.6888623,3.881452,EU EEA Common AQI,80.8,4.851815,6.8753405,7200,4.130435,100,100,64.4,3.7681158,Very Low,80.8,4.75447,100,1747935000,Very Low,3.7510898,6.068554,Very Low,5.9556885,59.5,4.7826085,100,1747935000,4.710145
2025-05-22T17:43:12Z,0,29.889,75.5,55,69.1,8,6,183,69,0.0,255,32767,0.0,2127-15-31,0.0,0.52,26.6,0.0,0.0,0.0,0,4.822265625,6,45,05:39,20:21,2025-05-22 17:43:11.874798,Città della Scienza,48.4,5.9105206,8.3933935,4.6888623,3.881452,EU EEA Common AQI,80.8,4.851815,6.8753405,7200,4.130435,100,100,64.4,3.7681158,Very Low,80.8,4.75447,100,1747935000,Very Low,3.7510898,6.068554,Very Low,5.9556885,59.5,4.7826085,100,1747935000,4.710145
2025-05-22T17:43:23Z,0,29.889,75.5,55,69.1,7,6,227,69,0.0,255,32767,0.0,2127-15-31,0.0,0.52,26.6,0.0,0.0,0.0,0,4.822265625,6,45,05:39,20:21,2025-05-22 17:43:22.958797,Città della Scienza,48.4,5.9105206,8.3933935,4.6888623,3.881452,EU EEA Common AQI,80.8,4.851815,6.8753405,7200,4.130435,100,100,64.4,3.7681158,Very Low,80.8,4.75447,100,1747935000,Very Low,3.7510898,6.068554,Very Low,5.9556885,59.5,4.7826085,100,1747935000,4.710145
2025-05-22T17:43:34Z,0,29.889,75.5,55,69.1,6,6,178,69,0.0,255,32767,0.0,2127-15-31,0.0,0.52,26.6,0.0,0.0,0.0,0,4.822265625,6,45,05:39,20:21,2025-05-22 17:43:34.028801,Città della Scienza,48.4,5.9105206,8.3933935,4.6888623,3.881452,EU EEA Common AQI,80.8,4.851815,6.8753405,7200,4.130435,100,100,64.4,3.7681158,Very Low,80.8,4.75447,100,1747935000,Very Low,3.7510898,6.068554,Very Low,5.9556885,59.5,4.7826085,100,1747935000,4.710145
2025-05-22T17:43:45Z,0,29.89,75.5,55,69.1,11,6,184,69,0.0,255,32767,0.0,2127-15-31,0.0,0.52,26.6,0.0,0.0,0.0,0,4.822265625,6,45,05:39,20:21,2025-05-22 17:43:45.147791,Città della Scienza,48.4,5.9105206,8.3933935,4.6888623,3.881452,EU EEA Common AQI,80.8,4.851815,6.8753405,7200,4.130435,100,100,64.4,3.7681158,Very Low,80.8,4.75447,100,1747935000,Very Low,3.7510898,6.068554,Very Low,5.9556885,59.5,4.7826085,100,1747935000,4.710145
2025-05-22T17:43:56Z,0,29.89,75.5,55,69.0,8,6,178,69,0.0,255,32767,0.0,2127-15-31,0.0,0.52,26.6,0.0,0.0,0.0,0,4.822265625,6,45,05:39,20:21,2025-05-22 17:43:56.197802,Città della Scienza,48.4,5.9105206,8.3933935,4.6888623,3.881452,EU EEA Common AQI,80.8,4.851815,6.8753405,7200,4.130435,100,100,64.4,3.7681158,Very Low,80.8,4.75447,100,1747935000,Very Low,3.7510898,6.068554,Very Low,5.9556885,59.5,4.7826085,100,1747935000,4.710145
2025-05-22T17:44:07Z,0,29.89,75.5,55,69.1,8,6,198,69,0.0,255,32767,0.0,2127-15-31,0.0,0.52,26.6,0.0,0.0,0.0,0,4.822265625,6,45,05:39,20:21,2025-05-22 17:44:07.273788,Città della Scienza,48.4,5.9105206,8.3933935,4.6888623,3.881452,EU EEA Common AQI,80.8,4.851815,6.8753405,7200,4.130435,100,100,64.4,3.7681158,Very Low,80.8,4.75447,100,1747935000,Very Low,3.7510898,6.068554,Very Low,5.9556885,59.5,4.7826085,100,1747935000,4.710145
2025-05-22T17:44:18Z,0,29.89,75.5,55,69.1,4,6,207,69,0.0,255,32767,0.0,2127-15-31,0.0,0.52,26.6,0.0,0.0,0.0,0,4.822265625,6,45,05:39,20:21,2025-05-22 17:44:18.350784,Città della Scienza,48.4,5.9105206,8.3933935,4.6888623,3.881452,EU EEA Common AQI,80.8,4.851815,6.8753405,7200,4.130435,100,100,64.4,3.7681158,Very Low,80.8,4.75447,100,1747935000,Very Low,3.7510898,6.068554,Very Low,5.9556885,59.5,4.7826085,100,1747935000,4.710145
2025-05-22T17:44:29Z,0,29.89,75.5,55,69.0,5,6,162,69,0.0,255,32767,0.0,2127-15-31,0.0,0.52,26.6,0.0,0.0,0.0,0,4.822265625,6,45,05:39,20:21,2025-05-22 17:44:29.428786,Città della Scienza,48.4,5.9105206,8.3933935,4.6888623,3.881452,EU EEA Common AQI,80.8,4.851815,6.8753405,7200,4.130435,100,100,64.4,3.7681158,Very Low,80.8,4.75447,100,1747935000,Very Low,3.7510898,6.068554,Very Low,5.9556885,59.5,4.7826085,100,1747935000,4.710145
2025-05-22T17:44:40Z,0,29.889,75.5,55,69.0,5,6,191,69,0.0,255,32767,0.0,2127-15-31,0.0,0.52,26.6,0.0,0.0,0.0,0,4.822265625,6,45,05:39,20:21,2025-05-22 17:44:40.502795,Città della Scienza,48.4,5.9105206,8.3933935,4.6888623,3.881452,EU EEA Common AQI,80.8,4.851815,6.8753405,7200,4.130435,100,100,64.4,3.7681158,Very Low,80.8,4.75447,100,1747935000,Very Low,3.7510898,6.068554,Very Low,5.9556885,59.5,4.7826085,100,1747935000,4.710145
2025-05-22T17:44:51Z,0,29.889,75.5,55,69.0,4,6,196,69,0.0,255,32767,0.0,2127-15-31,0.0,0.52,26.6,0.0,0.0,0.0,0,4.822265625,6,45,05:39,20:21,2025-05-22 17:44:51.603810,Città della Scienza,48.4,5.9105206,8.3933935,4.6888623,3.881452,EU EEA Common AQI,80.8,4.851815,6.8753405,7200,4.130435,100,100,64.4,3.7681158,Very Low,80.8,4.75447,100,1747935000,Very Low,3.7510898,6.068554,Very Low,5.9556885,59.5,4.7826085,100,1747935000,4.710145
2025-05-22T17:45:02Z,0,29.889,75.5,55,69.0,4,6,193,69,0.0,255,32767,0.0,2127-15-31,0.0,0.52,26.6,0.0,0.0,0.0,0,4.822265625,6,45,05:39,20:21,2025-05-22 17:45:02.655791,Città della Scienza,48.4,5.9105206,8.3933935,4.6888623,3.881452,EU EEA Common AQI,80.8,4.851815,6.8753405,7200,4.130435,100,100,64.4,3.7681158,Very Low,80.8,4.75447,100,1747935000,Very Low,3.7510898,6.068554,Very Low,5.9556885,59.5,4.7826085,100,1747935000,4.710145
2025-05-22T17:45:13Z,0,29.889,75.5,55,69.0,5,6,174,69,0.0,255,32767,0.0,2127-15-31,0.0,0.52,26.6,0.0,0.0,0.0,0,4.822265625,6,45,05:39,20:21,2025-05-22 17:45:13.747884,Città della Scienza,48.4,5.9105206,8.3933935,4.6888623,3.881452,EU EEA Common AQI,80.8,4.851815,6.8753405,7200,4.130435,100,100,64.4,3.7681158,Very Low,80.8,4.75447,100,1747935000,Very Low,3.7510898,6.068554,Very Low,5.9556885,59.5,4.7826085,100,1747935000,4.710145
2025-05-22T17:45:25Z,0,29.889,75.5,55,69.0,6,6,232,69,0.0,255,32767,0.0,2127-15-31,0.0,0.52,26.6,0.0,0.0,0.0,0,4.822265625,6,45,05:39,20:21,2025-05-22 17:45:24.812788,Città della Scienza,53.0,5.894796,8.365792,4.626916,3.8786342,EU EEA Common AQI,78.3,4.8482933,6.8617845,7200,3.9714286,100,100,64.1,3.657143,Very Low,78.1,4.7404213,100,1747935900,Very Low,3.7015326,6.022438,Very Low,5.7356324,59.6,5.2285714,100,1747935900,4.571429
2025-05-22T17:45:36Z,0,29.889,75.4,55,69.0,2,6,226,69,0.0,255,32767,0.0,2127-15-31,0.0,0.52,26.6,0.0,0.0,0.0,0,4.822265625,6,45,05:39,20:21,2025-05-22 17:45:35.858794,Città della Scienza,53.0,5.894796,8.365792,4.626916,3.8786342,EU EEA Common AQI,78.3,4.8482933,6.8617845,7200,3.9714286,100,100,64.1,3.657143,Very Low,78.1,4.7404213,100,1747935900,Very Low,3.7015326,6.022438,Very Low,5.7356324,59.6,5.2285714,100,1747935900,4.571429
2025-05-22T17:45:47Z,0,29.889,75.4,55,69.0,4,6,232,69,0.0,255,32767,0.0,2127-15-31,0.0,0.52,26.6,0.0,0.0,0.0,0,4.822265625,6,45,05:39,20:21,2025-05-22 17:45:46.956799,Città della Scienza,53.0,5.894796,8.365792,4.626916,3.8786342,EU EEA Common AQI,78.3,4.8482933,6.8617845,7200,3.9714286,100,100,64.1,3.657143,Very Low,78.1,4.7404213,100,1747935900,Very Low,3.7015326,6.022438,Very Low,5.7356324,59.6,5.2285714,100,1747935900,4.571429
2025-05-22T17:45:58Z,0,29.889,75.4,55,69.0,2,6,300,69,0.0,255,32767,0.0,2127-15-31,0.0,0.52,26.6,0.0,0.0,0.0,0,4.822265625,6,45,05:39,20:21,2025-05-22 17:45:58.051788,Città della Scienza,53.0,5.894796,8.365792,4.626916,3.8786342,EU EEA Common AQI,78.3,4.8482933,6.8617845,7200,3.9714286,100,100,64.1,3.657143,Very Low,78.1,4.7404213,100,1747935900,Very Low,3.7015326,6.022438,Very Low,5.7356324,59.6,5.2285714,100,1747935900,4.571429
2025-05-22T17:46:09Z,0,29.889,75.4,55,69.0,2,6,216,70,0.0,255,32767,0.0,2127-15-31,0.0,0.52,26.6,0.0,0.0,0.0,0,4.822265625,6,45,05:39,20:21,2025-05-22 17:46:09.116764,Città della Scienza,53.0,5.894796,8.365792,4.626916,3.8786342,EU EEA Common AQI,78.3,4.8482933,6.8617845,7200,3.9714286,100,100,64.1,3.657143,Very Low,78.1,4.7404213,100,1747935900,Very Low,3.7015326,6.022438,Very Low,5.7356324,59.6,5.2285714,100,1747935900,4.571429
2025-05-22T17:46:20Z,0,29.889,75.4,55,69.1,2,6,186,70,0.0,255,32767,0.0,2127-15-31,0.0,0.52,26.6,0.0,0.0,0.0,0,4.822265625,6,45,05:39,20:21,2025-05-22 17:46:20.170802,Città della Scienza,53.0,5.894796,8.365792,4.626916,3.8786342,EU EEA Common AQI,78.3,4.8482933,6.8617845,7200,3.9714286,100,100,64.1,3.657143,Very Low,78.1,4.7404213,100,1747935900,Very Low,3.7015326,6.022438,Very Low,5.7356324,59.6,5.2285714,100,1747935900,4.571429
2025-05-22T17:46:31Z,0,29.889,75.4,55,69.1,5,6,188,70,0.0,255,32767,0.0,2127-15-31,0.0,0.52,26.6,0.0,0.0,0.0,0,4.822265625,6,45,05:39,20:21,2025-05-22 17:46:31.280783,Città della Scienza,53.0,5.894796,8.365792,4.626916,3.8786342,EU EEA Common AQI,78.3,4.8482933,6.8617845,7200,3.9714286,100,100,64.1,3.657143,Very Low,78.1,4.7404213,100,1747935900,Very Low,3.7015326,6.022438,Very Low,5.7356324,59.6,5.2285714,100,1747935900,4.571429
2025-05-22T17:46:42Z,0,29.887,75.4,55,69.1,4,6,170,70,0.0,255,32767,0.0,2127-15-31,0.0,0.52,26.6,0.0,0.0,0.0,0,4.822265625,6,45,05:39,20:21,2025-05-22 17:46:42.382801,Città della Scienza,53.0,5.894796,8.365792,4.626916,3.8786342,EU EEA Common AQI,78.3,4.8482933,6.8617845,7200,3.9714286,100,100,64.1,3.657143,Very Low,78.1,4.7404213,100,1747935900,Very Low,3.7015326,6.022438,Very Low,5.7356324,59.6,5.2285714,100,1747935900,4.571429
2025-05-22T17:46:53Z,0,29.887,75.4,55,69.1,3,6,177,70,0.0,255,32767,0.0,2127-15-31,0.0,0.52,26.6,0.0,0.0,0.0,0,4.822265625,6,45,05:39,20:21,2025-05-22 17:46:53.486795,Città della Scienza,53.0,5.894796,8.365792,4.626916,3.8786342,EU EEA Common AQI,78.3,4.8482933,6.8617845,7200,3.9714286,100,100,64.1,3.657143,Very Low,78.1,4.7404213,100,1747935900,Very Low,3.7015326,6.022438,Very Low,5.7356324,59.6,5.2285714,100,1747935900,4.571429
2025-05-22T17:47:04Z,0,29.887,75.4,55,69.1,5,6,240,70,0.0,255,32767,0.0,2127-15-31,0.0,0.52,26.6,0.0,0.0,0.0,0,4.822265625,6,45,05:39,20:21,2025-05-22 17:47:04.535798,Città della Scienza,53.0,5.894796,8.365792,4.626916,3.8786342,EU EEA Common AQI,78.3,4.8482933,6.8617845,7200,3.9714286,100,100,64.1,3.657143,Very Low,78.1,4.7404213,100,1747935900,Very Low,3.7015326,6.022438,Very Low,5.7356324,59.6,5.2285714,100,1747935900,4.571429
2025-05-22T17:47:15Z,0,29.887,75.4,55,69.1,4,6,224,70,0.0,255,32767,0.0,2127-15-31,0.0,0.52,26.6,0.0,0.0,0.0,0,4.822265625,6,45,05:39,20:21,2025-05-22 17:47:15.636757,Città della Scienza,53.0,5.894796,8.365792,4.626916,3.8786342,EU EEA Common AQI,78.3,4.8482933,6.8617845,7200,3.9714286,100,100,64.1,3.657143,Very Low,78.1,4.7404213,100,1747935900,Very Low,3.7015326,6.022438,Very Low,5.7356324,59.6,5.2285714,100,1747935900,4.571429
2025-05-22T17:47:26Z,0,29.887,75.4,55,69.1,2,6,165,70,0.0,255,32767,0.0,2127-15-31,0.0,0.52,26.6,0.0,0.0,0.0,0,4.822265625,6,45,05:39,20:21,2025-05-22 17:47:26.701793,Città della Scienza,53.0,5.894796,8.365792,4.626916,3.8786342,EU EEA Common AQI,78.3,4.8482933,6.8617845,7200,3.9714286,100,100,64.1,3.657143,Very Low,78.1,4.7404213,100,1747935900,Very Low,3.7015326,6.022438,Very Low,5.7356324,59.6,5.2285714,100,1747935900,4.571429
2025-05-22T17:47:37Z,0,29.889,75.3,55,69.1,1,5,202,70,0.0,255,32767,0.0,2127-15-31,0.0,0.52,26.6,0.0,0.0,0.0,0,4.822265625,6,45,05:39,20:21,2025-05-22 17:47:37.778782,Città della Scienza,53.0,5.894796,8.365792,4.626916,3.8786342,EU EEA Common AQI,78.3,4.8482933,6.8617845,7200,3.9714286,100,100,64.1,3.657143,Very Low,78.1,4.7404213,100,1747935900,Very Low,3.7015326,6.022438,Very Low,5.7356324,59.6,5.2285714,100,1747935900,4.571429
2025-05-22T17:47:49Z,0,29.889,75.3,55,69.1,6,5,174,70,0.0,255,32767,0.0,2127-15-31,0.0,0.52,26.6,0.0,0.0,0.0,0,4.822265625,6,45,05:39,20:21,2025-05-22 17:47:48.891793,Città della Scienza,53.0,5.894796,8.365792,4.626916,3.8786342,EU EEA Common AQI,78.3,4.8482933,6.8617845,7200,3.9714286,100,100,64.1,3.657143,Very Low,78.1,4.7404213,100,1747935900,Very Low,3.7015326,6.022438,Very Low,5.7356324,59.6,5.2285714,100,1747935900,4.571429
2025-05-22T17:48:00Z,0,29.889,75.3,55,69.2,4,5,221,70,0.0,255,32767,0.0,2127-15-31,0.0,0.52,26.6,0.0,0.0,0.0,0,4.822265625,6,45,05:39,20:21,2025-05-22 17:47:59.941802,Città della Scienza,53.0,5.894796,8.365792,4.626916,3.8786342,EU EEA Common AQI,78.3,4.8482933,6.8617845,7200,3.9714286,100,100,64.1,3.657143,Very Low,78.1,4.7404213,100,1747935900,Very Low,3.7015326,6.022438,Very Low,5.7356324,59.6,5.2285714,100,1747935900,4.571429
2025-05-22T17:48:11Z,0,29.889,75.3,55,69.2,7,5,181,70,0.0,255,32767,0.0,2127-15-31,0.0,0.52,26.6,0.0,0.0,0.0,0,4.822265625,6,45,05:39,20:21,2025-05-22 17:48:11.013784,Città della Scienza,53.0,5.894796,8.365792,4.626916,3.8786342,EU EEA Common AQI,78.3,4.8482933,6.8617845,7200,3.9714286,100,100,64.1,3.657143,Very Low,78.1,4.7404213,100,1747935900,Very Low,3.7015326,6.022438,Very Low,5.7356324,59.6,5.2285714,100,1747935900,4.571429
2025-05-22T17:48:22Z,0,29.889,75.3,55,69.2,5,5,200,70,0.0,255,32767,0.0,2127-15-31,0.0,0.52,26.6,0.0,0.0,0.0,0,4.822265625,6,45,05:39,20:21,2025-05-22 17:48:22.085789,Città della Scienza,53.0,5.894796,8.365792,4.626916,3.8786342,EU EEA Common AQI,78.3,4.8482933,6.8617845,7200,3.9714286,100,100,64.1,3.657143,Very Low,78.1,4.7404213,100,1747935900,Very Low,3.7015326,6.022438,Very Low,5.7356324,59.6,5.2285714,100,1747935900,4.571429
2025-05-22T17:48:33Z,0,29.889,75.3,55,69.2,7,5,190,70,0.0,255,32767,0.0,2127-15-31,0.0,0.52,26.6,0.0,0.0,0.0,0,4.822265625,6,45,05:39,20:21,2025-05-22 17:48:33.173787,Città della Scienza,53.0,5.894796,8.365792,4.626916,3.8786342,EU EEA Common AQI,78.3,4.8482933,6.8617845,7200,3.9714286,100,100,64.1,3.657143,Very Low,78.1,4.7404213,100,1747935900,Very Low,3.7015326,6.022438,Very Low,5.7356324,59.6,5.2285714,100,1747935900,4.571429
2025-05-22T17:48:44Z,0,29.885,75.3,55,69.2,8,5,174,70,0.0,255,32767,0.0,2127-15-31,0.0,0.52,26.6,0.0,0.0,0.0,0,4.822265625,6,45,05:39,20:21,2025-05-22 17:48:44.268798,Città della Scienza,53.0,5.894796,8.365792,4.626916,3.8786342,EU EEA Common AQI,78.3,4.8482933,6.8617845,7200,3.9714286,100,100,64.1,3.657143,Very Low,78.1,4.7404213,100,1747935900,Very Low,3.7015326,6.022438,Very Low,5.7356324,59.6,5.2285714,100,1747935900,4.571429
2025-05-22T17:48:55Z,0,29.885,75.3,55,69.2,6,5,188,70,0.0,255,32767,0.0,2127-15-31,0.0,0.52,26.6,0.0,0.0,0.0,0,4.822265625,6,45,05:39,20:21,2025-05-22 17:48:55.385794,Città della Scienza,53.0,5.894796,8.365792,4.626916,3.8786342,EU EEA Common AQI,78.3,4.8482933,6.8617845,7200,3.9714286,100,100,64.1,3.657143,Very Low,78.1,4.7404213,100,1747935900,Very Low,3.7015326,6.022438,Very Low,5.7356324,59.6,5.2285714,100,1747935900,4.571429
2025-05-22T17:49:06Z,0,29.885,75.3,55,69.2,6,5,182,70,0.0,255,32767,0.0,2127-15-31,0.0,0.52,26.6,0.0,0.0,0.0,0,4.822265625,6,45,05:39,20:21,2025-05-22 17:49:06.459803,Città della Scienza,53.0,5.894796,8.365792,4.626916,3.8786342,EU EEA Common AQI,78.3,4.8482933,6.8617845,7200,3.9714286,100,100,64.1,3.657143,Very Low,78.1,4.7404213,100,1747935900,Very Low,3.7015326,6.022438,Very Low,5.7356324,59.6,5.2285714,100,1747935900,4.571429
2025-05-22T17:49:17Z,0,29.885,75.3,55,69.2,9,5,190,70,0.0,255,32767,0.0,2127-15-31,0.0,0.52,26.6,0.0,0.0,0.0,0,4.822265625,6,45,05:39,20:21,2025-05-22 17:49:17.550792,Città della Scienza,53.0,5.894796,8.365792,4.626916,3.8786342,EU EEA Common AQI,78.3,4.8482933,6.8617845,7200,3.9714286,100,100,64.1,3.657143,Very Low,78.1,4.7404213,100,1747935900,Very Low,3.7015326,6.022438,Very Low,5.7356324,59.6,5.2285714,100,1747935900,4.571429
2025-05-22T17:49:28Z,0,29.885,75.3,55,69.2,3,5,178,70,0.0,255,32767,0.0,2127-15-31,0.0,0.52,26.6,0.0,0.0,0.0,0,4.822265625,6,45,05:39,20:21,2025-05-22 17:49:28.667794,Città della Scienza,53.0,5.894796,8.365792,4.626916,3.8786342,EU EEA Common AQI,78.3,4.8482933,6.8617845,7200,3.9714286,100,100,64.1,3.657143,Very Low,78.1,4.7404213,100,1747935900,Very Low,3.7015326,6.022438,Very Low,5.7356324,59.6,5.2285714,100,1747935900,4.571429
2025-05-22T17:49:39Z,0,29.886,75.3,55,69.2,9,5,203,70,0.0,255,32767,0.0,2127-15-31,0.0,0.52,26.6,0.0,0.0,0.0,0,4.822265625,6,45,05:39,20:21,2025-05-22 17:49:39.741791,Città della Scienza,53.0,5.894796,8.365792,4.626916,3.8786342,EU EEA Common AQI,78.3,4.8482933,6.8617845,7200,3.9714286,100,100,64.1,3.657143,Very Low,78.1,4.7404213,100,1747935900,Very Low,3.7015326,6.022438,Very Low,5.7356324,59.6,5.2285714,100,1747935900,4.571429
2025-05-22T17:49:50Z,0,29.886,75.3,55,69.2,8,5,192,70,0.0,255,32767,0.0,2127-15-31,0.0,0.52,26.6,0.0,0.0,0.0,0,4.822265625,6,45,05:39,20:21,2025-05-22 17:49:50.769790,Città della Scienza,53.0,5.894796,8.365792,4.626916,3.8786342,EU EEA Common AQI,78.3,4.8482933,6.8617845,7200,3.9714286,100,100,64.1,3.657143,Very Low,78.1,4.7404213,100,1747935900,Very Low,3.7015326,6.022438,Very Low,5.7356324,59.6,5.2285714,100,1747935900,4.571429
2025-05-22T17:50:02Z,0,29.886,75.3,55,69.2,8,5,192,70,0.0,255,32767,0.0,2127-15-31,0.0,0.52,26.6,0.0,0.0,0.0,0,4.822265625,6,45,05:39,20:21,2025-05-22 17:50:02.059787,Città della Scienza,53.0,5.894796,8.365792,4.626916,3.8786342,EU EEA Common AQI,78.3,4.8482933,6.8617845,7200,3.9714286,100,100,64.1,3.657143,Very Low,78.1,4.7404213,100,1747935900,Very Low,3.7015326,6.022438,Very Low,5.7356324,59.6,5.2285714,100,1747935900,4.571429
2025-05-22T17:50:13Z,0,29.886,75.3,55,69.2,9,5,187,70,0.0,255,32767,0.0,2127-15-31,0.0,0.52,26.6,0.0,0.0,0.0,0,4.822265625,6,45,05:39,20:21,2025-05-22 17:50:13.134798,Città della Scienza,53.0,5.894796,8.365792,4.626916,3.8786342,EU EEA Common AQI,78.3,4.8482933,6.8617845,7200,3.9714286,100,100,64.1,3.657143,Very Low,78.1,4.7404213,100,1747935900,Very Low,3.7015326,6.022438,Very Low,5.7356324,59.6,5.2285714,100,1747935900,4.571429
2025-05-22T17:50:24Z,0,29.886,75.3,55,69.1,7,5,164,70,0.0,255,32767,0.0,2127-15-31,0.0,0.52,26.6,0.0,0.0,0.0,0,4.822265625,6,45,05:39,20:21,2025-05-22 17:50:24.205788,Città della Scienza,53.0,5.894796,8.365792,4.626916,3.8786342,EU EEA Common AQI,78.3,4.8482933,6.8617845,7200,3.9714286,100,100,64.1,3.657143,Very Low,78.1,4.7404213,100,1747935900,Very Low,3.7015326,6.022438,Very Low,5.7356324,59.6,5.2285714,100,1747935900,4.571429
2025-05-22T17:50:35Z,0,29.887,75.3,55,69.2,6,6,190,70,0.0,255,32767,0.0,2127-15-31,0.0,0.52,26.6,0.0,0.0,0.0,0,4.822265625,6,45,05:39,20:21,2025-05-22 17:50:35.280795,Città della Scienza,53.0,5.894796,8.365792,4.626916,3.8786342,EU EEA Common AQI,78.3,4.8482933,6.8617845,7200,3.9714286,100,100,64.1,3.657143,Very Low,78.1,4.7404213,100,1747935900,Very Low,3.7015326,6.022438,Very Low,5.7356324,59.6,5.2285714,100,1747935900,4.571429
2025-05-22T17:50:46Z,0,29.887,75.3,55,69.2,5,6,176,70,0.0,255,32767,0.0,2127-15-31,0.0,0.52,26.6,0.0,0.0,0.0,0,4.822265625,6,45,05:39,20:21,2025-05-22 17:50:46.502788,Città della Scienza,53.0,5.894796,8.365792,4.626916,3.8786342,EU EEA Common AQI,78.3,4.8482933,6.8617845,7200,3.9714286,100,100,64.1,3.657143,Very Low,78.1,4.7404213,100,1747935900,Very Low,3.7015326,6.022438,Very Low,5.7356324,59.6,5.2285714,100,1747935900,4.571429
2025-05-22T17:50:57Z,0,29.887,75.3,55,69.1,10,6,181,70,0.0,255,32767,0.0,2127-15-31,0.0,0.52,26.6,0.0,0.0,0.0,0,4.822265625,6,45,05:39,20:21,2025-05-22 17:50:57.586804,Città della Scienza,53.0,5.894796,8.365792,4.626916,3.8786342,EU EEA Common AQI,78.3,4.8482933,6.8617845,7200,3.9714286,100,100,64.1,3.657143,Very Low,78.1,4.7404213,100,1747935900,Very Low,3.7015326,6.022438,Very Low,5.7356324,59.6,5.2285714,100,1747935900,4.571429
2025-05-22T17:51:08Z,0,29.887,75.3,55,69.2,7,6,184,70,0.0,255,32767,0.0,2127-15-31,0.0,0.52,26.6,0.0,0.0,0.0,0,4.822265625,6,45,05:39,20:21,2025-05-22 17:51:08.693793,Città della Scienza,53.0,5.894796,8.365792,4.626916,3.8786342,EU EEA Common AQI,78.3,4.8482933,6.8617845,7200,3.9714286,100,100,64.1,3.657143,Very Low,78.1,4.7404213,100,1747935900,Very Low,3.7015326,6.022438,Very Low,5.7356324,59.6,5.2285714,100,1747935900,4.571429
2025-05-22T17:51:19Z,0,29.887,75.3,55,69.1,5,6,234,70,0.0,255,32767,0.0,2127-15-31,0.0,0.52,26.6,0.0,0.0,0.0,0,4.822265625,6,45,05:39,20:21,2025-05-22 17:51:19.786793,Città della Scienza,53.0,5.894796,8.365792,4.626916,3.8786342,EU EEA Common AQI,78.3,4.8482933,6.8617845,7200,3.9714286,100,100,64.1,3.657143,Very Low,78.1,4.7404213,100,1747935900,Very Low,3.7015326,6.022438,Very Low,5.7356324,59.6,5.2285714,100,1747935900,4.571429
2025-05-22T17:51:31Z,0,29.887,75.3,55,69.2,5,6,199,71,0.0,255,32767,0.0,2127-15-31,0.0,0.52,26.6,0.0,0.0,0.0,0,4.822265625,6,45,05:39,20:21,2025-05-22 17:51:30.885795,Città della Scienza,53.0,5.894796,8.365792,4.626916,3.8786342,EU EEA Common AQI,78.3,4.8482933,6.8617845,7200,3.9714286,100,100,64.1,3.657143,Very Low,78.1,4.7404213,100,1747935900,Very Low,3.7015326,6.022438,Very Low,5.7356324,59.6,5.2285714,100,1747935900,4.571429
2025-05-22T17:51:42Z,0,29.885,75.3,55,69.2,4,6,241,71,0.0,255,32767,0.0,2127-15-31,0.0,0.52,26.6,0.0,0.0,0.0,0,4.822265625,6,45,05:39,20:21,2025-05-22 17:51:41.917795,Città della Scienza,53.0,5.894796,8.365792,4.626916,3.8786342,EU EEA Common AQI,78.3,4.8482933,6.8617845,7200,3.9714286,100,100,64.1,3.657143,Very Low,78.1,4.7404213,100,1747935900,Very Low,3.7015326,6.022438,Very Low,5.7356324,59.6,5.2285714,100,1747935900,4.571429
2025-05-22T17:51:53Z,0,29.885,75.3,55,69.2,3,6,221,71,0.0,255,32767,0.0,2127-15-31,0.0,0.52,26.6,0.0,0.0,0.0,0,4.822265625,6,45,05:39,20:21,2025-05-22 17:51:53.017789,Città della Scienza,53.0,5.894796,8.365792,4.626916,3.8786342,EU EEA Common AQI,78.3,4.8482933,6.8617845,7200,3.9714286,100,100,64.1,3.657143,Very Low,78.1,4.7404213,100,1747935900,Very Low,3.7015326,6.022438,Very Low,5.7356324,59.6,5.2285714,100,1747935900,4.571429
2025-05-22T17:52:04Z,0,29.885,75.3,55,69.2,5,6,238,71,0.0,255,32767,0.0,2127-15-31,0.0,0.52,26.6,0.0,0.0,0.0,0,4.822265625,6,45,05:39,20:21,2025-05-22 17:52:04.095787,Città della Scienza,53.0,5.894796,8.365792,4.626916,3.8786342,EU EEA Common AQI,78.3,4.8482933,6.8617845,7200,3.9714286,100,100,64.1,3.657143,Very Low,78.1,4.7404213,100,1747935900,Very Low,3.7015326,6.022438,Very Low,5.7356324,59.6,5.2285714,100,1747935900,4.571429
2025-05-22T17:52:15Z,0,29.885,75.3,55,69.1,5,6,216,71,0.0,255,32767,0.0,2127-15-31,0.0,0.52,26.6,0.0,0.0,0.0,0,4.822265625,6,45,05:39,20:21,2025-05-22 17:52:15.157790,Città della Scienza,53.0,5.894796,8.365792,4.626916,3.8786342,EU EEA Common AQI,78.3,4.8482933,6.8617845,7200,3.9714286,100,100,64.1,3.657143,Very Low,78.1,4.7404213,100,1747935900,Very Low,3.7015326,6.022438,Very Low,5.7356324,59.6,5.2285714,100,1747935900,4.571429
2025-05-22T17:52:26Z,0,29.885,75.3,55,69.1,6,6,263,71,0.0,255,32767,0.0,2127-15-31,0.0,0.52,26.6,0.0,0.0,0.0,0,4.822265625,6,45,05:39,20:21,2025-05-22 17:52:26.292788,Città della Scienza,53.0,5.894796,8.365792,4.626916,3.8786342,EU EEA Common AQI,78.3,4.8482933,6.8617845,7200,3.9714286,100,100,64.1,3.657143,Very Low,78.1,4.7404213,100,1747935900,Very Low,3.7015326,6.022438,Very Low,5.7356324,59.6,5.2285714,100,1747935900,4.571429
2025-05-22T17:52:37Z,0,29.886,75.3,55,69.1,4,5,171,71,0.0,255,32767,0.0,2127-15-31,0.0,0.52,26.6,0.0,0.0,0.0,0,4.822265625,6,45,05:39,20:21,2025-05-22 17:52:37.412793,Città della Scienza,53.0,5.894796,8.365792,4.626916,3.8786342,EU EEA Common AQI,78.3,4.8482933,6.8617845,7200,3.9714286,100,100,64.1,3.657143,Very Low,78.1,4.7404213,100,1747935900,Very Low,3.7015326,6.022438,Very Low,5.7356324,59.6,5.2285714,100,1747935900,4.571429
2025-05-22T17:52:48Z,0,29.886,75.3,55,69.1,4,5,192,71,0.0,255,32767,0.0,2127-15-31,0.0,0.52,26.6,0.0,0.0,0.0,0,4.822265625,6,45,05:39,20:21,2025-05-22 17:52:48.504812,Città della Scienza,53.0,5.894796,8.365792,4.626916,3.8786342,EU EEA Common AQI,78.3,4.8482933,6.8617845,7200,3.9714286,100,100,64.1,3.657143,Very Low,78.1,4.7404213,100,1747935900,Very Low,3.7015326,6.022438,Very Low,5.7356324,59.6,5.2285714,100,1747935900,4.571429
2025-05-22T17:52:59Z,0,29.886,75.3,55,69.1,3,5,202,71,0.0,255,32767,0.0,2127-15-31,0.0,0.52,26.6,0.0,0.0,0.0,0,4.822265625,6,45,05:39,20:21,2025-05-22 17:52:59.614792,Città della Scienza,53.0,5.894796,8.365792,4.626916,3.8786342,EU EEA Common AQI,78.3,4.8482933,6.8617845,7200,3.9714286,100,100,64.1,3.657143,Very Low,78.1,4.7404213,100,1747935900,Very Low,3.7015326,6.022438,Very Low,5.7356324,59.6,5.2285714,100,1747935900,4.571429
2025-05-22T17:53:10Z,0,29.886,75.3,55,69.2,3,5,200,71,0.0,255,32767,0.0,2127-15-31,0.0,0.52,26.6,0.0,0.0,0.0,0,4.822265625,6,45,05:39,20:21,2025-05-22 17:53:10.683800,Città della Scienza,53.0,5.894796,8.365792,4.626916,3.8786342,EU EEA Common AQI,78.3,4.8482933,6.8617845,7200,3.9714286,100,100,64.1,3.657143,Very Low,78.1,4.7404213,100,1747935900,Very Low,3.7015326,6.022438,Very Low,5.7356324,59.6,5.2285714,100,1747935900,4.571429
2025-05-22T17:53:21Z,0,29.886,75.3,55,69.2,3,5,179,71,0.0,255,32767,0.0,2127-15-31,0.0,0.52,26.6,0.0,0.0,0.0,0,4.822265625,6,45,05:39,20:21,2025-05-22 17:53:21.778745,Città della Scienza,53.0,5.894796,8.365792,4.626916,3.8786342,EU EEA Common AQI,78.3,4.8482933,6.8617845,7200,3.9714286,100,100,64.1,3.657143,Very Low,78.1,4.7404213,100,1747935900,Very Low,3.7015326,6.022438,Very Low,5.7356324,59.6,5.2285714,100,1747935900,4.571429
2025-05-22T17:53:33Z,0,29.886,75.3,55,69.2,4,5,171,71,0.0,255,32767,0.0,2127-15-31,0.0,0.52,26.6,0.0,0.0,0.0,0,4.822265625,6,45,05:39,20:21,2025-05-22 17:53:32.850784,Città della Scienza,53.0,5.894796,8.365792,4.626916,3.8786342,EU EEA Common AQI,78.3,4.8482933,6.8617845,7200,3.9714286,100,100,64.1,3.657143,Very Low,78.1,4.7404213,100,1747935900,Very Low,3.7015326,6.022438,Very Low,5.7356324,59.6,5.2285714,100,1747935900,4.571429
2025-05-22T17:53:44Z,0,29.886,75.3,55,69.2,3,5,181,71,0.0,255,32767,0.0,2127-15-31,0.0,0.52,26.6,0.0,0.0,0.0,0,4.822265625,6,45,05:39,20:21,2025-05-22 17:53:43.974792,Città della Scienza,53.0,5.894796,8.365792,4.626916,3.8786342,EU EEA Common AQI,78.3,4.8482933,6.8617845,7200,3.9714286,100,100,64.1,3.657143,Very Low,78.1,4.7404213,100,1747935900,Very Low,3.7015326,6.022438,Very Low,5.7356324,59.6,5.2285714,100,1747935900,4.571429
2025-05-22T17:53:55Z,0,29.886,75.3,55,69.2,4,5,215,71,0.0,255,32767,0.0,2127-15-31,0.0,0.52,26.6,0.0,0.0,0.0,0,4.822265625,6,45,05:39,20:21,2025-05-22 17:53:55.038791,Città della Scienza,53.0,5.894796,8.365792,4.626916,3.8786342,EU EEA Common AQI,78.3,4.8482933,6.8617845,7200,3.9714286,100,100,64.1,3.657143,Very Low,78.1,4.7404213,100,1747935900,Very Low,3.7015326,6.022438,Very Low,5.7356324,59.6,5.2285714,100,1747935900,4.571429
2025-05-22T17:54:06Z,0,29.886,75.3,55,69.2,3,5,181,71,0.0,255,32767,0.0,2127-15-31,0.0,0.52,26.6,0.0,0.0,0.0,0,4.822265625,6,45,05:39,20:21,2025-05-22 17:54:06.135797,Città della Scienza,53.0,5.894796,8.365792,4.626916,3.8786342,EU EEA Common AQI,78.3,4.8482933,6.8617845,7200,3.9714286,100,100,64.1,3.657143,Very Low,78.1,4.7404213,100,1747935900,Very Low,3.7015326,6.022438,Very Low,5.7356324,59.6,5.2285714,100,1747935900,4.571429
2025-05-22T17:54:17Z,0,29.886,75.3,55,69.2,4,5,192,71,0.0,255,32767,0.0,2127-15-31,0.0,0.52,26.6,0.0,0.0,0.0,0,4.822265625,6,45,05:39,20:21,2025-05-22 17:54:17.182788,Città della Scienza,53.0,5.894796,8.365792,4.626916,3.8786342,EU EEA Common AQI,78.3,4.8482933,6.8617845,7200,3.9714286,100,100,64.1,3.657143,Very Low,78.1,4.7404213,100,1747935900,Very Low,3.7015326,6.022438,Very Low,5.7356324,59.6,5.2285714,100,1747935900,4.571429
2025-05-22T17:54:28Z,0,29.886,75.3,55,69.2,3,5,179,71,0.0,255,32767,0.0,2127-15-31,0.0,0.52,26.6,0.0,0.0,0.0,0,4.822265625,6,45,05:39,20:21,2025-05-22 17:54:28.279788,Città della Scienza,53.0,5.894796,8.365792,4.626916,3.8786342,EU EEA Common AQI,78.3,4.8482933,6.8617845,7200,3.9714286,100,100,64.1,3.657143,Very Low,78.1,4.7404213,100,1747935900,Very Low,3.7015326,6.022438,Very Low,5.7356324,59.6,5.2285714,100,1747935900,4.571429
2025-05-22T17:54:39Z,0,29.887,75.3,55,69.2,3,5,207,71,0.0,255,32767,0.0,2127-15-31,0.0,0.52,26.6,0.0,0.0,0.0,0,4.822265625,6,45,05:39,20:21,2025-05-22 17:54:39.347803,Città della Scienza
2025-05-22T17:54:50Z,0,29.887,75.3,55,69.2,8,5,182,71,0.0,255,32767,0.0,2127-15-31,0.0,0.52,26.6,0.0,0.0,0.0,0,4.822265625,6,45,05:39,20:21,2025-05-22 17:54:50.367798,Città della Scienza
2025-05-22T17:55:01Z,0,29.887,75.3,55,69.2,5,5,250,71,0.0,255,32767,0.0,2127-15-31,0.0,0.52,26.6,0.0,0.0,0.0,0,4.822265625,6,45,05:39,20:21,2025-05-22 17:55:01.430788,Città della Scienza
2025-05-22T17:55:12Z,0,29.887,75.3,55,69.2,5,5,199,71,0.0,255,32767,0.0,2127-15-31,0.0,0.52,26.6,0.0,0.0,0.0,0,4.822265625,6,45,05:39,20:21,2025-05-22 17:55:12.571799,Città della Scienza
2025-05-22T17:55:23Z,0,29.887,75.3,55,69.2,8,5,187,71,0.0,255,32767,0.0,2127-15-31,0.0,0.52,26.6,0.0,0.0,0.0,0,4.822265625,6,45,05:39,20:21,2025-05-22 17:55:23.609804,Città della Scienza
2025-05-22T17:55:34Z,0,29.887,75.3,55,69.2,3,5,197,71,0.0,255,32767,0.0,2127-15-31,0.0,0.52,26.6,0.0,0.0,0.0,0,4.822265625,6,45,05:39,20:21,2025-05-22 17:55:34.687789,Città della Scienza
2025-05-22T17:55:45Z,0,29.887,75.3,55,69.2,10,5,188,71,0.0,255,32767,0.0,2127-15-31,0.0,0.52,26.6,0.0,0.0,0.0,0,4.822265625,6,45,05:39,20:21,2025-05-22 17:55:45.728815,Città della Scienza
2025-05-22T17:55:56Z,0,29.887,75.3,55,69.2,8,5,192,71,0.0,255,32767,0.0,2127-15-31,0.0,0.52,26.6,0.0,0.0,0.0,0,4.822265625,6,45,05:39,20:21,2025-05-22 17:55:56.765783,Città della Scienza
2025-05-22T17:56:08Z,0,29.887,75.3,55,69.2,5,5,165,71,0.0,255,32767,0.0,2127-15-31,0.0,0.52,26.6,0.0,0.0,0.0,0,4.822265625,6,45,05:39,20:21,2025-05-22 17:56:07.852791,Città della Scienza
2025-05-22T17:56:19Z,0,29.887,75.3,55,69.2,8,5,217,71,0.0,255,32767,0.0,2127-15-31,0.0,0.52,26.6,0.0,0.0,0.0,0,4.822265625,6,45,05:39,20:21,2025-05-22 17:56:18.942793,Città della Scienza
2025-05-22T17:56:30Z,0,29.887,75.3,55,69.1,2,5,28,71,0.0,255,32767,0.0,2127-15-31,0.0,0.52,26.6,0.0,0.0,0.0,0,4.822265625,6,45,05:39,20:21,2025-05-22 17:56:30.000786,Città della Scienza
2025-05-22T17:56:41Z,0,29.887,75.3,55,69.1,8,5,184,71,0.0,255,32767,0.0,2127-15-31,0.0,0.52,26.6,0.0,0.0,0.0,0,4.822265625,6,45,05:39,20:21,2025-05-22 17:56:41.045787,Città della Scienza
2025-05-22T17:56:52Z,0,29.887,75.3,55,69.1,8,5,181,71,0.0,255,32767,0.0,2127-15-31,0.0,0.52,26.6,0.0,0.0,0.0,0,4.822265625,6,45,05:39,20:21,2025-05-22 17:56:52.073787,Città della Scienza
2025-05-22T17:57:03Z,0,29.887,75.3,55,69.1,5,5,186,71,0.0,255,32767,0.0,2127-15-31,0.0,0.52,26.6,0.0,0.0,0.0,0,4.822265625,6,45,05:39,20:21,2025-05-22 17:57:03.103789,Città della Scienza
2025-05-22T17:57:14Z,0,29.887,75.3,55,69.1,3,5,250,71,0.0,255,32767,0.0,2127-15-31,0.0,0.52,26.6,0.0,0.0,0.0,0,4.822265625,6,45,05:39,20:21,2025-05-22 17:57:14.168787,Città della Scienza
2025-05-22T17:57:25Z,0,29.887,75.3,55,69.1,4,5,144,71,0.0,255,32767,0.0,2127-15-31,0.0,0.52,26.6,0.0,0.0,0.0,0,4.822265625,6,45,05:39,20:21,2025-05-22 17:57:25.172806,Città della Scienza
2025-05-22T17:57:36Z,0,29.884,75.2,55,69.0,3,6,175,71,0.0,255,32767,0.0,2127-15-31,0.0,0.52,26.6,0.0,0.0,0.0,0,4.822265625,6,45,05:39,20:21,2025-05-22 17:57:36.260802,Città della Scienza
2025-05-22T17:57:47Z,0,29.884,75.2,55,69.1,7,6,187,71,0.0,255,32767,0.0,2127-15-31,0.0,0.52,26.6,0.0,0.0,0.0,0,4.822265625,6,45,05:39,20:21,2025-05-22 17:57:47.299980,Città della Scienza
2025-05-22T17:57:58Z,0,29.884,75.2,55,69.0,7,6,202,71,0.0,255,32767,0.0,2127-15-31,0.0,0.52,26.6,0.0,0.0,0.0,0,4.822265625,6,45,05:39,20:21,2025-05-22 17:57:58.387798,Città della Scienza
2025-05-22T17:58:09Z,0,29.884,75.2,55,69.0,4,6,159,71,0.0,255,32767,0.0,2127-15-31,0.0,0.52,26.6,0.0,0.0,0.0,0,4.822265625,6,45,05:39,20:21,2025-05-22 17:58:09.402786,Città della Scienza
2025-05-22T17:58:20Z,0,29.884,75.2,55,69.0,6,6,185,71,0.0,255,32767,0.0,2127-15-31,0.0,0.52,26.6,0.0,0.0,0.0,0,4.822265625,6,45,05:39,20:21,2025-05-22 17:58:20.501786,Città della Scienza
2025-05-22T17:58:31Z,0,29.884,75.2,55,69.0,6,6,207,71,0.0,255,32767,0.0,2127-15-31,0.0,0.52,26.6,0.0,0.0,0.0,0,4.822265625,6,45,05:39,20:21,2025-05-22 17:58:31.586791,Città della Scienza
2025-05-22T17:58:42Z,0,29.883,75.3,55,69.0,6,6,207,71,0.0,255,32767,0.0,2127-15-31,0.0,0.52,26.6,0.0,0.0,0.0,0,4.822265625,6,45,05:39,20:21,2025-05-22 17:58:42.650788,Città della Scienza
2025-05-22T17:58:53Z,0,29.883,75.3,55,69.0,6,6,200,71,0.0,255,32767,0.0,2127-15-31,0.0,0.52,26.6,0.0,0.0,0.0,0,4.822265625,6,45,05:39,20:21,2025-05-22 17:58:53.706807,Città della Scienza
2025-05-22T17:59:04Z,0,29.883,75.3,55,69.0,5,6,182,71,0.0,255,32767,0.0,2127-15-31,0.0,0.52,26.6,0.0,0.0,0.0,0,4.822265625,6,45,05:39,20:21,2025-05-22 17:59:04.715810,Città della Scienza
2025-05-22T17:59:16Z,0,29.883,75.3,55,69.1,8,6,184,71,0.0,255,32767,0.0,2127-15-31,0.0,0.52,26.6,0.0,0.0,0.0,0,4.822265625,6,45,05:39,20:21,2025-05-22 17:59:15.801800,Città della Scienza
2025-05-22T17:59:27Z,0,29.883,75.3,55,69.1,6,6,185,71,0.0,255,32767,0.0,2127-15-31,0.0,0.52,26.6,0.0,0.0,0.0,0,4.822265625,6,45,05:39,20:21,2025-05-22 17:59:26.901792,Città della Scienza
2025-05-22T17:59:38Z,0,29.886,75.2,55,69.1,6,6,211,71,0.0,255,32767,0.0,2127-15-31,0.0,0.52,26.6,0.0,0.0,0.0,0,4.822265625,6,45,05:39,20:21,2025-05-22 17:59:38.015788,Città della Scienza
2025-05-22T17:59:49Z,0,29.886,75.2,55,69.0,8,6,178,71,0.0,255,32767,0.0,2127-15-31,0.0,0.52,26.6,0.0,0.0,0.0,0,4.822265625,6,45,05:39,20:21,2025-05-22 17:59:49.077786,Città della Scienza
2025-05-22T18:00:00Z,0,29.886,75.2,55,69.0,9,6,120,71,0.0,255,32767,0.0,2127-15-31,0.0,0.52,26.6,0.0,0.0,0.0,0,4.822265625,6,45,05:39,20:21,2025-05-22 18:00:00.136812,Città della Scienza,53.0,5.894796,8.365792,4.626916,3.8786342,EU EEA Common AQI,78.3,4.8482933,6.8617845,7200,3.9714286,100,100,64.1,3.657143,Very Low,78.1,4.7404213,100,1747935900,Very Low,3.7015326,6.022438,Very Low,5.7356324,59.6,5.2285714,100,1747935900,4.571429
2025-05-22T18:00:11Z,0,29.886,75.2,55,69.0,8,6,183,71,0.0,255,32767,0.0,2127-15-31,0.0,0.52,26.6,0.0,0.0,0.0,0,4.822265625,6,45,05:39,20:21,2025-05-22 18:00:11.209786,Città della Scienza,53.0,5.894796,8.365792,4.626916,3.8786342,EU EEA Common AQI,78.3,4.8482933,6.8617845,7200,3.9714286,100,100,64.1,3.657143,Very Low,78.1,4.7404213,100,1747935900,Very Low,3.7015326,6.022438,Very Low,5.7356324,59.6,5.2285714,100,1747935900,4.571429
2025-05-22T18:00:22Z,0,29.886,75.2,55,69.0,5,6,196,71,0.0,255,32767,0.0,2127-15-31,0.0,0.52,26.6,0.0,0.0,0.0,0,4.822265625,6,45,05:39,20:21,2025-05-22 18:00:22.300795,Città della Scienza,53.0,5.894796,8.365792,4.626916,3.8786342,EU EEA Common AQI,78.3,4.8482933,6.8617845,7200,3.9714286,100,100,64.1,3.657143,Very Low,78.1,4.7404213,100,1747935900,Very Low,3.7015326,6.022438,Very Low,5.7356324,59.6,5.2285714,100,1747935900,4.571429
2025-05-22T18:00:33Z,0,29.886,75.2,55,69.0,8,6,170,71,0.0,255,32767,0.0,2127-15-31,0.0,0.52,26.6,0.0,0.0,0.0,0,4.822265625,6,45,05:39,20:21,2025-05-22 18:00:33.374794,Città della Scienza,55.4,5.927608,8.339766,4.8235154,3.9421906,EU EEA Common AQI,77.4,4.9277387,6.847142,7200,5.0,100,100,64.3,4.3826084,Very Low,77.1,4.779312,100,1747936800,Very Low,3.858812,6.0854583,Very Low,5.9113984,59.9,6.4927535,100,1747936800,5.478261
2025-05-22T18:00:44Z,0,29.886,75.2,55,69.0,7,6,190,71,0.0,255,32767,0.0,2127-15-31,0.0,0.52,26.6,0.0,0.0,0.0,0,4.822265625,6,45,05:39,20:21,2025-05-22 18:00:44.477792,Città della Scienza,55.4,5.927608,8.339766,4.8235154,3.9421906,EU EEA Common AQI,77.4,4.9277387,6.847142,7200,5.0,100,100,64.3,4.3826084,Very Low,77.1,4.779312,100,1747936800,Very Low,3.858812,6.0854583,Very Low,5.9113984,59.9,6.4927535,100,1747936800,5.478261
2025-05-22T18:00:55Z,0,29.886,75.2,55,68.9,7,6,184,71,0.0,255,32767,0.0,2127-15-31,0.0,0.52,26.6,0.0,0.0,0.0,0,4.822265625,6,45,05:39,20:21,2025-05-22 18:00:55.588795,Città della Scienza,55.4,5.927608,8.339766,4.8235154,3.9421906,EU EEA Common AQI,77.4,4.9277387,6.847142,7200,5.0,100,100,64.3,4.3826084,Very Low,77.1,4.779312,100,1747936800,Very Low,3.858812,6.0854583,Very Low,5.9113984,59.9,6.4927535,100,1747936800,5.478261
2025-05-22T18:01:06Z,0,29.886,75.2,55,69.0,3,6,189,71,0.0,255,32767,0.0,2127-15-31,0.0,0.52,26.6,0.0,0.0,0.0,0,4.822265625,6,45,05:39,20:21,2025-05-22 18:01:06.644799,Città della Scienza,55.4,5.927608,8.339766,4.8235154,3.9421906,EU EEA Common AQI,77.4,4.9277387,6.847142,7200,5.0,100,100,64.3,4.3826084,Very Low,77.1,4.779312,100,1747936800,Very Low,3.858812,6.0854583,Very Low,5.9113984,59.9,6.4927535,100,1747936800,5.478261
2025-05-22T18:01:17Z,0,29.886,75.2,55,69.0,8,6,217,71,0.0,255,32767,0.0,2127-15-31,0.0,0.52,26.6,0.0,0.0,0.0,0,4.822265625,6,45,05:39,20:21,2025-05-22 18:01:17.748746,Città della Scienza,55.4,5.927608,8.339766,4.8235154,3.9421906,EU EEA Common AQI,77.4,4.9277387,6.847142,7200,5.0,100,100,64.3,4.3826084,Very Low,77.1,4.779312,100,1747936800,Very Low,3.858812,6.0854583,Very Low,5.9113984,59.9,6.4927535,100,1747936800,5.478261
2025-05-22T18:01:29Z,0,29.886,75.2,55,69.0,4,6,185,71,0.0,255,32767,0.0,2127-15-31,0.0,0.52,26.6,0.0,0.0,0.0,0,4.822265625,6,45,05:39,20:21,2025-05-22 18:01:28.873785,Città della Scienza,55.4,5.927608,8.339766,4.8235154,3.9421906,EU EEA Common AQI,77.4,4.9277387,6.847142,7200,5.0,100,100,64.3,4.3826084,Very Low,77.1,4.779312,100,1747936800,Very Low,3.858812,6.0854583,Very Low,5.9113984,59.9,6.4927535,100,1747936800,5.478261
2025-05-22T18:01:40Z,0,29.886,75.2,55,69.0,8,6,181,71,0.0,255,32767,0.0,2127-15-31,0.0,0.52,26.6,0.0,0.0,0.0,0,4.822265625,6,45,05:39,20:21,2025-05-22 18:01:39.936789,Città della Scienza,55.4,5.927608,8.339766,4.8235154,3.9421906,EU EEA Common AQI,77.4,4.9277387,6.847142,7200,5.0,100,100,64.3,4.3826084,Very Low,77.1,4.779312,100,1747936800,Very Low,3.858812,6.0854583,Very Low,5.9113984,59.9,6.4927535,100,1747936800,5.478261
2025-05-22T18:01:51Z,0,29.886,75.2,55,69.0,7,6,195,71,0.0,255,32767,0.0,2127-15-31,0.0,0.52,26.6,0.0,0.0,0.0,0,4.822265625,6,45,05:39,20:21,2025-05-22 18:01:51.029807,Città della Scienza,55.4,5.927608,8.339766,4.8235154,3.9421906,EU EEA Common AQI,77.4,4.9277387,6.847142,7200,5.0,100,100,64.3,4.3826084,Very Low,77.1,4.779312,100,1747936800,Very Low,3.858812,6.0854583,Very Low,5.9113984,59.9,6.4927535,100,1747936800,5.478261
2025-05-22T18:02:02Z,0,29.886,75.2,55,69.0,5,6,186,71,0.0,255,32767,0.0,2127-15-31,0.0,0.52,26.6,0.0,0.0,0.0,0,4.822265625,6,45,05:39,20:21,2025-05-22 18:02:02.074752,Città della Scienza,55.4,5.927608,8.339766,4.8235154,3.9421906,EU EEA Common AQI,77.4,4.9277387,6.847142,7200,5.0,100,100,64.3,4.3826084,Very Low,77.1,4.779312,100,1747936800,Very Low,3.858812,6.0854583,Very Low,5.9113984,59.9,6.4927535,100,1747936800,5.478261
2025-05-22T18:02:13Z,0,29.886,75.2,55,69.0,6,6,213,71,0.0,255,32767,0.0,2127-15-31,0.0,0.52,26.6,0.0,0.0,0.0,0,4.822265625,6,45,05:39,20:21,2025-05-22 18:02:13.142806,Città della Scienza,55.4,5.927608,8.339766,4.8235154,3.9421906,EU EEA Common AQI,77.4,4.9277387,6.847142,7200,5.0,100,100,64.3,4.3826084,Very Low,77.1,4.779312,100,1747936800,Very Low,3.858812,6.0854583,Very Low,5.9113984,59.9,6.4927535,100,1747936800,5.478261
2025-05-22T18:02:24Z,0,29.886,75.2,55,69.0,6,6,223,71,0.0,255,32767,0.0,2127-15-31,0.0,0.52,26.6,0.0,0.0,0.0,0,4.822265625,6,45,05:39,20:21,2025-05-22 18:02:24.236785,Città della Scienza,55.4,5.927608,8.339766,4.8235154,3.9421906,EU EEA Common AQI,77.4,4.9277387,6.847142,7200,5.0,100,100,64.3,4.3826084,Very Low,77.1,4.779312,100,1747936800,Very Low,3.858812,6.0854583,Very Low,5.9113984,59.9,6.4927535,100,1747936800,5.478261
2025-05-22T18:02:35Z,0,29.886,75.2,55,68.9,5,6,196,71,0.0,255,32767,0.0,2127-15-31,0.0,0.52,26.6,0.0,0.0,0.0,0,4.822265625,6,45,05:39,20:21,2025-05-22 18:02:35.362790,Città della Scienza,55.4,5.927608,8.339766,4.8235154,3.9421906,EU EEA Common AQI,77.4,4.9277387,6.847142,7200,5.0,100,100,64.3,4.3826084,Very Low,77.1,4.779312,100,1747936800,Very Low,3.858812,6.0854583,Very Low,5.9113984,59.9,6.4927535,100,1747936800,5.478261
2025-05-22T18:02:46Z,0,29.886,75.2,55,68.9,6,6,180,71,0.0,255,32767,0.0,2127-15-31,0.0,0.52,26.6,0.0,0.0,0.0,0,4.822265625,6,45,05:39,20:21,2025-05-22 18:02:46.411786,Città della Scienza,55.4,5.927608,8.339766,4.8235154,3.9421906,EU EEA Common AQI,77.4,4.9277387,6.847142,7200,5.0,100,100,64.3,4.3826084,Very Low,77.1,4.779312,100,1747936800,Very Low,3.858812,6.0854583,Very Low,5.9113984,59.9,6.4927535,100,1747936800,5.478261
2025-05-22T18:02:57Z,0,29.886,75.2,55,68.9,3,6,172,71,0.0,255,32767,0.0,2127-15-31,0.0,0.52,26.6,0.0,0.0,0.0,0,4.822265625,6,45,05:39,20:21,2025-05-22 18:02:57.481805,Città della Scienza,55.4,5.927608,8.339766,4.8235154,3.9421906,EU EEA Common AQI,77.4,4.9277387,6.847142,7200,5.0,100,100,64.3,4.3826084,Very Low,77.1,4.779312,100,1747936800,Very Low,3.858812,6.0854583,Very Low,5.9113984,59.9,6.4927535,100,1747936800,5.478261
2025-05-22T18:03:08Z,0,29.886,75.2,55,69.0,4,6,204,71,0.0,255,32767,0.0,2127-15-31,0.0,0.52,26.6,0.0,0.0,0.0,0,4.822265625,6,45,05:39,20:21,2025-05-22 18:03:08.575848,Città della Scienza,55.4,5.927608,8.339766,4.8235154,3.9421906,EU EEA Common AQI,77.4,4.9277387,6.847142,7200,5.0,100,100,64.3,4.3826084,Very Low,77.1,4.779312,100,1747936800,Very Low,3.858812,6.0854583,Very Low,5.9113984,59.9,6.4927535,100,1747936800,5.478261
2025-05-22T18:03:19Z,0,29.886,75.2,55,68.9,2,6,219,71,0.0,255,32767,0.0,2127-15-31,0.0,0.52,26.6,0.0,0.0,0.0,0,4.822265625,6,45,05:39,20:21,2025-05-22 18:03:19.631789,Città della Scienza,55.4,5.927608,8.339766,4.8235154,3.9421906,EU EEA Common AQI,77.4,4.9277387,6.847142,7200,5.0,100,100,64.3,4.3826084,Very Low,77.1,4.779312,100,1747936800,Very Low,3.858812,6.0854583,Very Low,5.9113984,59.9,6.4927535,100,1747936800,5.478261
2025-05-22T18:03:30Z,0,29.886,75.2,55,69.0,7,6,160,71,0.0,255,32767,0.0,2127-15-31,0.0,0.52,26.6,0.0,0.0,0.0,0,4.822265625,6,45,05:39,20:21,2025-05-22 18:03:30.747792,Città della Scienza,55.4,5.927608,8.339766,4.8235154,3.9421906,EU EEA Common AQI,77.4,4.9277387,6.847142,7200,5.0,100,100,64.3,4.3826084,Very Low,77.1,4.779312,100,1747936800,Very Low,3.858812,6.0854583,Very Low,5.9113984,59.9,6.4927535,100,1747936800,5.478261
2025-05-22T18:03:42Z,0,29.886,75.1,55,68.9,5,6,222,71,0.0,255,32767,0.0,2127-15-31,0.0,0.52,26.6,0.0,0.0,0.0,0,4.822265625,6,45,05:39,20:21,2025-05-22 18:03:41.821784,Città della Scienza,55.4,5.927608,8.339766,4.8235154,3.9421906,EU EEA Common AQI,77.4,4.9277387,6.847142,7200,5.0,100,100,64.3,4.3826084,Very Low,77.1,4.779312,100,1747936800,Very Low,3.858812,6.0854583,Very Low,5.9113984,59.9,6.4927535,100,1747936800,5.478261
2025-05-22T18:03:53Z,0,29.886,75.1,55,68.9,7,6,206,71,0.0,255,32767,0.0,2127-15-31,0.0,0.52,26.6,0.0,0.0,0.0,0,4.822265625,6,45,05:39,20:21,2025-05-22 18:03:52.850751,Città della Scienza,55.4,5.927608,8.339766,4.8235154,3.9421906,EU EEA Common AQI,77.4,4.9277387,6.847142,7200,5.0,100,100,64.3,4.3826084,Very Low,77.1,4.779312,100,1747936800,Very Low,3.858812,6.0854583,Very Low,5.9113984,59.9,6.4927535,100,1747936800,5.478261
2025-05-22T18:04:04Z,0,29.886,75.1,55,68.9,5,6,306,71,0.0,255,32767,0.0,2127-15-31,0.0,0.52,26.6,0.0,0.0,0.0,0,4.822265625,6,45,05:39,20:21,2025-05-22 18:04:03.899786,Città della Scienza,55.4,5.927608,8.339766,4.8235154,3.9421906,EU EEA Common AQI,77.4,4.9277387,6.847142,7200,5.0,100,100,64.3,4.3826084,Very Low,77.1,4.779312,100,1747936800,Very Low,3.858812,6.0854583,Very Low,5.9113984,59.9,6.4927535,100,1747936800,5.478261
2025-05-22T18:04:15Z,0,29.886,75.1,55,68.9,4,6,210,71,0.0,255,32767,0.0,2127-15-31,0.0,0.52,26.6,0.0,0.0,0.0,0,4.822265625,6,45,05:39,20:21,2025-05-22 18:04:14.967783,Città della Scienza,55.4,5.927608,8.339766,4.8235154,3.9421906,EU EEA Common AQI,77.4,4.9277387,6.847142,7200,5.0,100,100,64.3,4.3826084,Very Low,77.1,4.779312,100,1747936800,Very Low,3.858812,6.0854583,Very Low,5.9113984,59.9,6.4927535,100,1747936800,5.478261
2025-05-22T18:04:26Z,0,29.886,75.1,55,68.9,5,6,232,71,0.0,255,32767,0.0,2127-15-31,0.0,0.52,26.6,0.0,0.0,0.0,0,4.822265625,6,45,05:39,20:21,2025-05-22 18:04:26.064788,Città della Scienza,55.4,5.927608,8.339766,4.8235154,3.9421906,EU EEA Common AQI,77.4,4.9277387,6.847142,7200,5.0,100,100,64.3,4.3826084,Very Low,77.1,4.779312,100,1747936800,Very Low,3.858812,6.0854583,Very Low,5.9113984,59.9,6.4927535,100,1747936800,5.478261
2025-05-22T18:04:37Z,0,29.888,75.1,55,68.9,5,6,234,71,0.0,255,32767,0.0,2127-15-31,0.0,0.52,26.6,0.0,0.0,0.0,0,4.822265625,6,45,05:39,20:21,2025-05-22 18:04:37.134790,Città della Scienza,55.4,5.927608,8.339766,4.8235154,3.9421906,EU EEA Common AQI,77.4,4.9277387,6.847142,7200,5.0,100,100,64.3,4.3826084,Very Low,77.1,4.779312,100,1747936800,Very Low,3.858812,6.0854583,Very Low,5.9113984,59.9,6.4927535,100,1747936800,5.478261
2025-05-22T18:04:48Z,0,29.888,75.1,55,68.9,5,6,218,71,0.0,255,32767,0.0,2127-15-31,0.0,0.52,26.6,0.0,0.0,0.0,0,4.822265625,6,45,05:39,20:21,2025-05-22 18:04:48.188792,Città della Scienza,55.4,5.927608,8.339766,4.8235154,3.9421906,EU EEA Common AQI,77.4,4.9277387,6.847142,7200,5.0,100,100,64.3,4.3826084,Very Low,77.1,4.779312,100,1747936800,Very Low,3.858812,6.0854583,Very Low,5.9113984,59.9,6.4927535,100,1747936800,5.478261
2025-05-22T18:04:59Z,0,29.888,75.1,55,68.9,5,6,189,71,0.0,255,32767,0.0,2127-15-31,0.0,0.52,26.6,0.0,0.0,0.0,0,4.822265625,6,45,05:39,20:21,2025-05-22 18:04:59.221780,Città della Scienza,55.4,5.927608,8.339766,4.8235154,3.9421906,EU EEA Common AQI,77.4,4.9277387,6.847142,7200,5.0,100,100,64.3,4.3826084,Very Low,77.1,4.779312,100,1747936800,Very Low,3.858812,6.0854583,Very Low,5.9113984,59.9,6.4927535,100,1747936800,5.478261
2025-05-22T18:05:10Z,0,29.888,75.1,55,68.8,2,6,155,71,0.0,255,32767,0.0,2127-15-31,0.0,0.52,26.6,0.0,0.0,0.0,0,4.822265625,6,45,05:39,20:21,2025-05-22 18:05:10.342784,Città della Scienza,55.4,5.927608,8.339766,4.8235154,3.9421906,EU EEA Common AQI,77.4,4.9277387,6.847142,7200,5.0,100,100,64.3,4.3826084,Very Low,77.1,4.779312,100,1747936800,Very Low,3.858812,6.0854583,Very Low,5.9113984,59.9,6.4927535,100,1747936800,5.478261
2025-05-22T18:05:21Z,0,29.888,75.1,55,68.8,7,6,253,71,0.0,255,32767,0.0,2127-15-31,0.0,0.52,26.6,0.0,0.0,0.0,0,4.822265625,6,45,05:39,20:21,2025-05-22 18:05:21.396158,Città della Scienza,55.4,5.927608,8.339766,4.8235154,3.9421906,EU EEA Common AQI,77.4,4.9277387,6.847142,7200,5.0,100,100,64.3,4.3826084,Very Low,77.1,4.779312,100,1747936800,Very Low,3.858812,6.0854583,Very Low,5.9113984,59.9,6.4927535,100,1747936800,5.478261
2025-05-22T18:05:32Z,0,29.888,75.1,55,68.8,7,6,175,70,0.0,255,32767,0.0,2127-15-31,0.0,0.52,26.6,0.0,0.0,0.0,0,4.822265625,6,45,05:39,20:21,2025-05-22 18:05:32.493797,Città della Scienza,55.4,5.927608,8.339766,4.8235154,3.9421906,EU EEA Common AQI,77.4,4.9277387,6.847142,7200,5.0,100,100,64.3,4.3826084,Very Low,77.1,4.779312,100,1747936800,Very Low,3.858812,6.0854583,Very Low,5.9113984,59.9,6.4927535,100,1747936800,5.478261
2025-05-22T18:05:43Z,0,29.887,75.1,55,68.8,7,6,208,70,0.0,255,32767,0.0,2127-15-31,0.0,0.52,26.6,0.0,0.0,0.0,0,4.822265625,6,45,05:39,20:21,2025-05-22 18:05:43.627788,Città della Scienza,55.4,5.927608,8.339766,4.8235154,3.9421906,EU EEA Common AQI,77.4,4.9277387,6.847142,7200,5.0,100,100,64.3,4.3826084,Very Low,77.1,4.779312,100,1747936800,Very Low,3.858812,6.0854583,Very Low,5.9113984,59.9,6.4927535,100,1747936800,5.478261
2025-05-22T18:05:54Z,0,29.887,75.1,55,68.8,6,6,197,70,0.0,255,32767,0.0,2127-15-31,0.0,0.52,26.6,0.0,0.0,0.0,0,4.822265625,6,45,05:39,20:21,2025-05-22 18:05:54.740791,Città della Scienza,55.4,5.927608,8.339766,4.8235154,3.9421906,EU EEA Common AQI,77.4,4.9277387,6.847142,7200,5.0,100,100,64.3,4.3826084,Very Low,77.1,4.779312,100,1747936800,Very Low,3.858812,6.0854583,Very Low,5.9113984,59.9,6.4927535,100,1747936800,5.478261
2025-05-22T18:06:06Z,0,29.887,75.1,55,68.8,6,6,238,70,0.0,255,32767,0.0,2127-15-31,0.0,0.52,26.6,0.0,0.0,0.0,0,4.822265625,6,45,05:39,20:21,2025-05-22 18:06:05.805783,Città della Scienza,55.4,5.927608,8.339766,4.8235154,3.9421906,EU EEA Common AQI,77.4,4.9277387,6.847142,7200,5.0,100,100,64.3,4.3826084,Very Low,77.1,4.779312,100,1747936800,Very Low,3.858812,6.0854583,Very Low,5.9113984,59.9,6.4927535,100,1747936800,5.478261
2025-05-22T18:06:17Z,0,29.887,75.1,55,68.8,6,6,219,70,0.0,255,32767,0.0,2127-15-31,0.0,0.52,26.6,0.0,0.0,0.0,0,4.822265625,6,45,05:39,20:21,2025-05-22 18:06:16.888789,Città della Scienza,55.4,5.927608,8.339766,4.8235154,3.9421906,EU EEA Common AQI,77.4,4.9277387,6.847142,7200,5.0,100,100,64.3,4.3826084,Very Low,77.1,4.779312,100,1747936800,Very Low,3.858812,6.0854583,Very Low,5.9113984,59.9,6.4927535,100,1747936800,5.478261
2025-05-22T18:06:28Z,0,29.887,75.1,55,68.8,5,6,209,70,0.0,255,32767,0.0,2127-15-31,0.0,0.52,26.6,0.0,0.0,0.0,0,4.822265625,6,45,05:39,20:21,2025-05-22 18:06:27.966779,Città della Scienza,55.4,5.927608,8.339766,4.8235154,3.9421906,EU EEA Common AQI,77.4,4.9277387,6.847142,7200,5.0,100,100,64.3,4.3826084,Very Low,77.1,4.779312,100,1747936800,Very Low,3.858812,6.0854583,Very Low,5.9113984,59.9,6.4927535,100,1747936800,5.478261
2025-05-22T18:06:39Z,0,29.885,75.1,55,68.8,6,6,192,70,0.0,255,32767,0.0,2127-15-31,0.0,0.52,26.6,0.0,0.0,0.0,0,4.822265625,6,45,05:39,20:21,2025-05-22 18:06:39.035789,Città della Scienza,55.4,5.927608,8.339766,4.8235154,3.9421906,EU EEA Common AQI,77.4,4.9277387,6.847142,7200,5.0,100,100,64.3,4.3826084,Very Low,77.1,4.779312,100,1747936800,Very Low,3.858812,6.0854583,Very Low,5.9113984,59.9,6.4927535,100,1747936800,5.478261
2025-05-22T18:06:50Z,0,29.885,75.1,55,68.8,6,6,189,70,0.0,255,32767,0.0,2127-15-31,0.0,0.52,26.6,0.0,0.0,0.0,0,4.822265625,6,45,05:39,20:21,2025-05-22 18:06:50.128788,Città della Scienza,55.4,5.927608,8.339766,4.8235154,3.9421906,EU EEA Common AQI,77.4,4.9277387,6.847142,7200,5.0,100,100,64.3,4.3826084,Very Low,77.1,4.779312,100,1747936800,Very Low,3.858812,6.0854583,Very Low,5.9113984,59.9,6.4927535,100,1747936800,5.478261
2025-05-22T18:07:01Z,0,29.885,75.1,55,68.8,7,6,172,70,0.0,255,32767,0.0,2127-15-31,0.0,0.52,26.6,0.0,0.0,0.0,0,4.822265625,6,45,05:39,20:21,2025-05-22 18:07:01.245785,Città della Scienza,55.4,5.927608,8.339766,4.8235154,3.9421906,EU EEA Common AQI,77.4,4.9277387,6.847142,7200,5.0,100,100,64.3,4.3826084,Very Low,77.1,4.779312,100,1747936800,Very Low,3.858812,6.0854583,Very Low,5.9113984,59.9,6.4927535,100,1747936800,5.478261
2025-05-22T18:07:12Z,0,29.885,75.1,55,68.8,4,6,217,71,0.0,255,32767,0.0,2127-15-31,0.0,0.52,26.6,0.0,0.0,0.0,0,4.822265625,6,45,05:39,20:21,2025-05-22 18:07:12.374798,Città della Scienza,55.4,5.927608,8.339766,4.8235154,3.9421906,EU EEA Common AQI,77.4,4.9277387,6.847142,7200,5.0,100,100,64.3,4.3826084,Very Low,77.1,4.779312,100,1747936800,Very Low,3.858812,6.0854583,Very Low,5.9113984,59.9,6.4927535,100,1747936800,5.478261
2025-05-22T18:07:23Z,0,29.885,75.1,55,68.8,4,6,230,71,0.0,255,32767,0.0,2127-15-31,0.0,0.52,26.6,0.0,0.0,0.0,0,4.822265625,6,45,05:39,20:21,2025-05-22 18:07:23.467791,Città della Scienza,55.4,5.927608,8.339766,4.8235154,3.9421906,EU EEA Common AQI,77.4,4.9277387,6.847142,7200,5.0,100,100,64.3,4.3826084,Very Low,77.1,4.779312,100,1747936800,Very Low,3.858812,6.0854583,Very Low,5.9113984,59.9,6.4927535,100,1747936800,5.478261
2025-05-22T18:07:34Z,0,29.885,75.1,55,68.8,6,6,184,71,0.0,255,32767,0.0,2127-15-31,0.0,0.52,26.6,0.0,0.0,0.0,0,4.822265625,6,45,05:39,20:21,2025-05-22 18:07:34.671800,Città della Scienza,55.4,5.927608,8.339766,4.8235154,3.9421906,EU EEA Common AQI,77.4,4.9277387,6.847142,7200,5.0,100,100,64.3,4.3826084,Very Low,77.1,4.779312,100,1747936800,Very Low,3.858812,6.0854583,Very Low,5.9113984,59.9,6.4927535,100,1747936800,5.478261
2025-05-22T18:07:45Z,0,29.885,75.1,55,68.8,5,6,234,71,0.0,255,32767,0.0,2127-15-31,0.0,0.52,26.6,0.0,0.0,0.0,0,4.822265625,6,45,05:39,20:21,2025-05-22 18:07:45.771746,Città della Scienza,55.4,5.927608,8.339766,4.8235154,3.9421906,EU EEA Common AQI,77.4,4.9277387,6.847142,7200,5.0,100,100,64.3,4.3826084,Very Low,77.1,4.779312,100,1747936800,Very Low,3.858812,6.0854583,Very Low,5.9113984,59.9,6.4927535,100,1747936800,5.478261
2025-05-22T18:07:57Z,0,29.885,75.1,55,68.8,8,6,207,71,0.0,255,32767,0.0,2127-15-31,0.0,0.52,26.6,0.0,0.0,0.0,0,4.822265625,6,45,05:39,20:21,2025-05-22 18:07:56.858811,Città della Scienza,55.4,5.927608,8.339766,4.8235154,3.9421906,EU EEA Common AQI,77.4,4.9277387,6.847142,7200,5.0,100,100,64.3,4.3826084,Very Low,77.1,4.779312,100,1747936800,Very Low,3.858812,6.0854583,Very Low,5.9113984,59.9,6.4927535,100,1747936800,5.478261
2025-05-22T18:08:08Z,0,29.885,75.1,55,68.8,7,6,188,71,0.0,255,32767,0.0,2127-15-31,0.0,0.52,26.6,0.0,0.0,0.0,0,4.822265625,6,45,05:39,20:21,2025-05-22 18:08:07.964818,Città della Scienza,55.4,5.927608,8.339766,4.8235154,3.9421906,EU EEA Common AQI,77.4,4.9277387,6.847142,7200,5.0,100,100,64.3,4.3826084,Very Low,77.1,4.779312,100,1747936800,Very Low,3.858812,6.0854583,Very Low,5.9113984,59.9,6.4927535,100,1747936800,5.478261
2025-05-22T18:08:19Z,0,29.885,75.1,55,68.8,3,6,197,71,0.0,255,32767,0.0,2127-15-31,0.0,0.52,26.6,0.0,0.0,0.0,0,4.822265625,6,45,05:39,20:21,2025-05-22 18:08:19.017775,Città della Scienza,55.4,5.927608,8.339766,4.8235154,3.9421906,EU EEA Common AQI,77.4,4.9277387,6.847142,7200,5.0,100,100,64.3,4.3826084,Very Low,77.1,4.779312,100,1747936800,Very Low,3.858812,6.0854583,Very Low,5.9113984,59.9,6.4927535,100,1747936800,5.478261
2025-05-22T18:08:30Z,0,29.885,75.1,55,68.8,7,6,184,71,0.0,255,32767,0.0,2127-15-31,0.0,0.52,26.6,0.0,0.0,0.0,0,4.822265625,6,45,05:39,20:21,2025-05-22 18:08:30.143811,Città della Scienza,55.4,5.927608,8.339766,4.8235154,3.9421906,EU EEA Common AQI,77.4,4.9277387,6.847142,7200,5.0,100,100,64.3,4.3826084,Very Low,77.1,4.779312,100,1747936800,Very Low,3.858812,6.0854583,Very Low,5.9113984,59.9,6.4927535,100,1747936800,5.478261
2025-05-22T18:08:41Z,0,29.888,75.1,55,68.8,11,6,204,71,0.0,255,32767,0.0,2127-15-31,0.0,0.52,26.6,0.0,0.0,0.0,0,4.822265625,6,45,05:39,20:21,2025-05-22 18:08:41.245787,Città della Scienza,55.4,5.927608,8.339766,4.8235154,3.9421906,EU EEA Common AQI,77.4,4.9277387,6.847142,7200,5.0,100,100,64.3,4.3826084,Very Low,77.1,4.779312,100,1747936800,Very Low,3.858812,6.0854583,Very Low,5.9113984,59.9,6.4927535,100,1747936800,5.478261
2025-05-22T18:08:52Z,0,29.888,75.1,55,68.8,11,6,186,71,0.0,255,32767,0.0,2127-15-31,0.0,0.52,26.6,0.0,0.0,0.0,0,4.822265625,6,45,05:39,20:21,2025-05-22 18:08:52.316785,Città della Scienza,55.4,5.927608,8.339766,4.8235154,3.9421906,EU EEA Common AQI,77.4,4.9277387,6.847142,7200,5.0,100,100,64.3,4.3826084,Very Low,77.1,4.779312,100,1747936800,Very Low,3.858812,6.0854583,Very Low,5.9113984,59.9,6.4927535,100,1747936800,5.478261
2025-05-22T18:09:03Z,0,29.888,75.1,55,68.8,9,6,218,71,0.0,255,32767,0.0,2127-15-31,0.0,0.52,26.6,0.0,0.0,0.0,0,4.822265625,6,45,05:39,20:21,2025-05-22 18:09:03.395787,Città della Scienza,55.4,5.927608,8.339766,4.8235154,3.9421906,EU EEA Common AQI,77.4,4.9277387,6.847142,7200,5.0,100,100,64.3,4.3826084,Very Low,77.1,4.779312,100,1747936800,Very Low,3.858812,6.0854583,Very Low,5.9113984,59.9,6.4927535,100,1747936800,5.478261
2025-05-22T18:09:14Z,0,29.888,75.1,55,68.8,6,6,166,71,0.0,255,32767,0.0,2127-15-31,0.0,0.52,26.6,0.0,0.0,0.0,0,4.822265625,6,45,05:39,20:21,2025-05-22 18:09:14.433787,Città della Scienza,55.4,5.927608,8.339766,4.8235154,3.9421906,EU EEA Common AQI,77.4,4.9277387,6.847142,7200,5.0,100,100,64.3,4.3826084,Very Low,77.1,4.779312,100,1747936800,Very Low,3.858812,6.0854583,Very Low,5.9113984,59.9,6.4927535,100,1747936800,5.478261
2025-05-22T18:09:25Z,0,29.888,75.1,55,68.8,8,6,192,71,0.0,255,32767,0.0,2127-15-31,0.0,0.52,26.6,0.0,0.0,0.0,0,4.822265625,6,45,05:39,20:21,2025-05-22 18:09:25.541904,Città della Scienza,55.4,5.927608,8.339766,4.8235154,3.9421906,EU EEA Common AQI,77.4,4.9277387,6.847142,7200,5.0,100,100,64.3,4.3826084,Very Low,77.1,4.779312,100,1747936800,Very Low,3.858812,6.0854583,Very Low,5.9113984,59.9,6.4927535,100,1747936800,5.478261
2025-05-22T18:09:36Z,0,29.886,75.0,55,68.8,5,6,186,71,0.0,255,32767,0.0,2127-15-31,0.0,0.52,26.6,0.0,0.0,0.0,0,4.822265625,6,45,05:39,20:21,2025-05-22 18:09:36.628791,Città della Scienza,55.4,5.927608,8.339766,4.8235154,3.9421906,EU EEA Common AQI,77.4,4.9277387,6.847142,7200,5.0,100,100,64.3,4.3826084,Very Low,77.1,4.779312,100,1747936800,Very Low,3.858812,6.0854583,Very Low,5.9113984,59.9,6.4927535,100,1747936800,5.478261
2025-05-22T18:09:47Z,0,29.886,75.0,55,68.8,5,6,240,71,0.0,255,32767,0.0,2127-15-31,0.0,0.52,26.6,0.0,0.0,0.0,0,4.822265625,6,45,05:39,20:21,2025-05-22 18:09:47.677789,Città della Scienza,55.4,5.927608,8.339766,4.8235154,3.9421906,EU EEA Common AQI,77.4,4.9277387,6.847142,7200,5.0,100,100,64.3,4.3826084,Very Low,77.1,4.779312,100,1747936800,Very Low,3.858812,6.0854583,Very Low,5.9113984,59.9,6.4927535,100,1747936800,5.478261
2025-05-22T18:09:58Z,0,29.886,75.0,55,68.8,5,6,194,71,0.0,255,32767,0.0,2127-15-31,0.0,0.52,26.6,0.0,0.0,0.0,0,4.822265625,6,45,05:39,20:21,2025-05-22 18:09:58.740791,Città della Scienza,55.4,5.927608,8.339766,4.8235154,3.9421906,EU EEA Common AQI,77.4,4.9277387,6.847142,7200,5.0,100,100,64.3,4.3826084,Very Low,77.1,4.779312,100,1747936800,Very Low,3.858812,6.0854583,Very Low,5.9113984,59.9,6.4927535,100,1747936800,5.478261
2025-05-22T18:10:10Z,0,29.886,75.0,55,68.8,7,6,184,71,0.0,255,32767,0.0,2127-15-31,0.0,0.52,26.6,0.0,0.0,0.0,0,4.822265625,6,45,05:39,20:21,2025-05-22 18:10:09.804795,Città della Scienza,55.4,5.927608,8.339766,4.8235154,3.9421906,EU EEA Common AQI,77.4,4.9277387,6.847142,7200,5.0,100,100,64.3,4.3826084,Very Low,77.1,4.779312,100,1747936800,Very Low,3.858812,6.0854583,Very Low,5.9113984,59.9,6.4927535,100,1747936800,5.478261
2025-05-22T18:10:21Z,0,29.886,75.0,55,68.8,5,6,221,71,0.0,255,32767,0.0,2127-15-31,0.0,0.52,26.6,0.0,0.0,0.0,0,4.822265625,6,45,05:39,20:21,2025-05-22 18:10:20.897787,Città della Scienza,55.4,5.927608,8.339766,4.8235154,3.9421906,EU EEA Common AQI,77.4,4.9277387,6.847142,7200,5.0,100,100,64.3,4.3826084,Very Low,77.1,4.779312,100,1747936800,Very Low,3.858812,6.0854583,Very Low,5.9113984,59.9,6.4927535,100,1747936800,5.478261
2025-05-22T18:10:32Z,0,29.886,75.0,55,68.8,6,6,242,71,0.0,255,32767,0.0,2127-15-31,0.0,0.52,26.6,0.0,0.0,0.0,0,4.822265625,6,45,05:39,20:21,2025-05-22 18:10:31.926792,Città della Scienza,55.4,5.927608,8.339766,4.8235154,3.9421906,EU EEA Common AQI,77.4,4.9277387,6.847142,7200,5.0,100,100,64.3,4.3826084,Very Low,77.1,4.779312,100,1747936800,Very Low,3.858812,6.0854583,Very Low,5.9113984,59.9,6.4927535,100,1747936800,5.478261
2025-05-22T18:10:43Z,0,29.886,75.0,55,68.8,7,6,193,71,0.0,255,32767,0.0,2127-15-31,0.0,0.52,26.6,0.0,0.0,0.0,0,4.822265625,6,45,05:39,20:21,2025-05-22 18:10:42.998791,Città della Scienza,55.4,5.927608,8.339766,4.8235154,3.9421906,EU EEA Common AQI,77.4,4.9277387,6.847142,7200,5.0,100,100,64.3,4.3826084,Very Low,77.1,4.779312,100,1747936800,Very Low,3.858812,6.0854583,Very Low,5.9113984,59.9,6.4927535,100,1747936800,5.478261
2025-05-22T18:10:54Z,0,29.886,75.0,55,68.8,8,6,170,71,0.0,255,32767,0.0,2127-15-31,0.0,0.52,26.6,0.0,0.0,0.0,0,4.822265625,6,45,05:39,20:21,2025-05-22 18:10:54.081810,Città della Scienza,55.4,5.927608,8.339766,4.8235154,3.9421906,EU EEA Common AQI,77.4,4.9277387,6.847142,7200,5.0,100,100,64.3,4.3826084,Very Low,77.1,4.779312,100,1747936800,Very Low,3.858812,6.0854583,Very Low,5.9113984,59.9,6.4927535,100,1747936800,5.478261
2025-05-22T18:11:05Z,0,29.886,75.0,55,68.8,6,6,178,71,0.0,255,32767,0.0,2127-15-31,0.0,0.52,26.6,0.0,0.0,0.0,0,4.822265625,6,45,05:39,20:21,2025-05-22 18:11:05.154786,Città della Scienza,55.4,5.927608,8.339766,4.8235154,3.9421906,EU EEA Common AQI,77.4,4.9277387,6.847142,7200,5.0,100,100,64.3,4.3826084,Very Low,77.1,4.779312,100,1747936800,Very Low,3.858812,6.0854583,Very Low,5.9113984,59.9,6.4927535,100,1747936800,5.478261
2025-05-22T18:11:16Z,0,29.886,75.0,55,68.8,9,6,174,71,0.0,255,32767,0.0,2127-15-31,0.0,0.52,26.6,0.0,0.0,0.0,0,4.822265625,6,45,05:39,20:21,2025-05-22 18:11:16.196790,Città della Scienza,55.4,5.927608,8.339766,4.8235154,3.9421906,EU EEA Common AQI,77.4,4.9277387,6.847142,7200,5.0,100,100,64.3,4.3826084,Very Low,77.1,4.779312,100,1747936800,Very Low,3.858812,6.0854583,Very Low,5.9113984,59.9,6.4927535,100,1747936800,5.478261
2025-05-22T18:11:27Z,0,29.886,75.0,55,68.8,8,6,171,71,0.0,255,32767,0.0,2127-15-31,0.0,0.52,26.6,0.0,0.0,0.0,0,4.822265625,6,45,05:39,20:21,2025-05-22 18:11:27.313789,Città della Scienza,55.4,5.927608,8.339766,4.8235154,3.9421906,EU EEA Common AQI,77.4,4.9277387,6.847142,7200,5.0,100,100,64.3,4.3826084,Very Low,77.1,4.779312,100,1747936800,Very Low,3.858812,6.0854583,Very Low,5.9113984,59.9,6.4927535,100,1747936800,5.478261
2025-05-22T18:11:38Z,0,29.886,75.0,55,68.8,7,6,183,72,0.0,255,32767,0.0,2127-15-31,0.0,0.52,26.6,0.0,0.0,0.0,0,4.822265625,6,45,05:39,20:21,2025-05-22 18:11:38.381789,Città della Scienza,55.4,5.927608,8.339766,4.8235154,3.9421906,EU EEA Common AQI,77.4,4.9277387,6.847142,7200,5.0,100,100,64.3,4.3826084,Very Low,77.1,4.779312,100,1747936800,Very Low,3.858812,6.0854583,Very Low,5.9113984,59.9,6.4927535,100,1747936800,5.478261
2025-05-22T18:11:49Z,0,29.886,75.0,55,68.8,6,6,202,72,0.0,255,32767,0.0,2127-15-31,0.0,0.52,26.6,0.0,0.0,0.0,0,4.822265625,6,45,05:39,20:21,2025-05-22 18:11:49.433789,Città della Scienza,55.4,5.927608,8.339766,4.8235154,3.9421906,EU EEA Common AQI,77.4,4.9277387,6.847142,7200,5.0,100,100,64.3,4.3826084,Very Low,77.1,4.779312,100,1747936800,Very Low,3.858812,6.0854583,Very Low,5.9113984,59.9,6.4927535,100,1747936800,5.478261
2025-05-22T18:12:00Z,0,29.886,75.0,55,68.8,5,6,196,72,0.0,255,32767,0.0,2127-15-31,0.0,0.52,26.6,0.0,0.0,0.0,0,4.822265625,6,45,05:39,20:21,2025-05-22 18:12:00.525790,Città della Scienza,55.4,5.927608,8.339766,4.8235154,3.9421906,EU EEA Common AQI,77.4,4.9277387,6.847142,7200,5.0,100,100,64.3,4.3826084,Very Low,77.1,4.779312,100,1747936800,Very Low,3.858812,6.0854583,Very Low,5.9113984,59.9,6.4927535,100,1747936800,5.478261
2025-05-22T18:12:11Z,0,29.886,75.0,55,68.8,10,6,192,72,0.0,255,32767,0.0,2127-15-31,0.0,0.52,26.6,0.0,0.0,0.0,0,4.822265625,6,45,05:39,20:21,2025-05-22 18:12:11.594785,Città della Scienza,55.4,5.927608,8.339766,4.8235154,3.9421906,EU EEA Common AQI,77.4,4.9277387,6.847142,7200,5.0,100,100,64.3,4.3826084,Very Low,77.1,4.779312,100,1747936800,Very Low,3.858812,6.0854583,Very Low,5.9113984,59.9,6.4927535,100,1747936800,5.478261
2025-05-22T18:12:22Z,0,29.886,75.0,55,68.8,7,6,161,71,0.0,255,32767,0.0,2127-15-31,0.0,0.52,26.6,0.0,0.0,0.0,0,4.822265625,6,45,05:39,20:21,2025-05-22 18:12:22.625800,Città della Scienza,55.4,5.927608,8.339766,4.8235154,3.9421906,EU EEA Common AQI,77.4,4.9277387,6.847142,7200,5.0,100,100,64.3,4.3826084,Very Low,77.1,4.779312,100,1747936800,Very Low,3.858812,6.0854583,Very Low,5.9113984,59.9,6.4927535,100,1747936800,5.478261
2025-05-22T18:12:33Z,0,29.886,75.0,55,68.8,8,6,180,71,0.0,255,32767,0.0,2127-15-31,0.0,0.52,26.6,0.0,0.0,0.0,0,4.822265625,6,45,05:39,20:21,2025-05-22 18:12:33.761785,Città della Scienza,55.4,5.927608,8.339766,4.8235154,3.9421906,EU EEA Common AQI,77.4,4.9277387,6.847142,7200,5.0,100,100,64.3,4.3826084,Very Low,77.1,4.779312,100,1747936800,Very Low,3.858812,6.0854583,Very Low,5.9113984,59.9,6.4927535,100,1747936800,5.478261
2025-05-22T18:12:45Z,0,29.884,75.0,55,68.8,7,6,198,71,0.0,255,32767,0.0,2127-15-31,0.0,0.52,26.6,0.0,0.0,0.0,0,4.822265625,6,45,05:39,20:21,2025-05-22 18:12:44.861804,Città della Scienza,55.4,5.927608,8.339766,4.8235154,3.9421906,EU EEA Common AQI,77.4,4.9277387,6.847142,7200,5.0,100,100,64.3,4.3826084,Very Low,77.1,4.779312,100,1747936800,Very Low,3.858812,6.0854583,Very Low,5.9113984,59.9,6.4927535,100,1747936800,5.478261
2025-05-22T18:12:56Z,0,29.884,75.0,55,68.8,10,6,187,71,0.0,255,32767,0.0,2127-15-31,0.0,0.52,26.6,0.0,0.0,0.0,0,4.822265625,6,45,05:39,20:21,2025-05-22 18:12:55.936807,Città della Scienza,55.4,5.927608,8.339766,4.8235154,3.9421906,EU EEA Common AQI,77.4,4.9277387,6.847142,7200,5.0,100,100,64.3,4.3826084,Very Low,77.1,4.779312,100,1747936800,Very Low,3.858812,6.0854583,Very Low,5.9113984,59.9,6.4927535,100,1747936800,5.478261
2025-05-22T18:13:07Z,0,29.884,75.0,55,68.8,10,6,193,71,0.0,255,32767,0.0,2127-15-31,0.0,0.52,26.6,0.0,0.0,0.0,0,4.822265625,6,45,05:39,20:21,2025-05-22 18:13:07.006803,Città della Scienza,55.4,5.927608,8.339766,4.8235154,3.9421906,EU EEA Common AQI,77.4,4.9277387,6.847142,7200,5.0,100,100,64.3,4.3826084,Very Low,77.1,4.779312,100,1747936800,Very Low,3.858812,6.0854583,Very Low,5.9113984,59.9,6.4927535,100,1747936800,5.478261
2025-05-22T18:13:18Z,0,29.884,75.0,55,68.8,8,6,182,71,0.0,255,32767,0.0,2127-15-31,0.0,0.52,26.6,0.0,0.0,0.0,0,4.822265625,6,45,05:39,20:21,2025-05-22 18:13:18.025795,Città della Scienza,55.4,5.927608,8.339766,4.8235154,3.9421906,EU EEA Common AQI,77.4,4.9277387,6.847142,7200,5.0,100,100,64.3,4.3826084,Very Low,77.1,4.779312,100,1747936800,Very Low,3.858812,6.0854583,Very Low,5.9113984,59.9,6.4927535,100,1747936800,5.478261
2025-05-22T18:13:29Z,0,29.884,75.0,55,68.8,8,6,211,71,0.0,255,32767,0.0,2127-15-31,0.0,0.52,26.6,0.0,0.0,0.0,0,4.822265625,6,45,05:39,20:21,2025-05-22 18:13:29.078793,Città della Scienza,55.4,5.927608,8.339766,4.8235154,3.9421906,EU EEA Common AQI,77.4,4.9277387,6.847142,7200,5.0,100,100,64.3,4.3826084,Very Low,77.1,4.779312,100,1747936800,Very Low,3.858812,6.0854583,Very Low,5.9113984,59.9,6.4927535,100,1747936800,5.478261
2025-05-22T18:13:40Z,0,29.884,74.9,55,68.8,5,7,252,71,0.0,255,32767,0.0,2127-15-31,0.0,0.52,26.6,0.0,0.0,0.0,0,4.822265625,6,45,05:39,20:21,2025-05-22 18:13:40.137796,Città della Scienza,55.4,5.927608,8.339766,4.8235154,3.9421906,EU EEA Common AQI,77.4,4.9277387,6.847142,7200,5.0,100,100,64.3,4.3826084,Very Low,77.1,4.779312,100,1747936800,Very Low,3.858812,6.0854583,Very Low,5.9113984,59.9,6.4927535,100,1747936800,5.478261
2025-05-22T18:13:51Z,0,29.884,74.9,55,68.8,4,7,185,71,0.0,255,32767,0.0,2127-15-31,0.0,0.52,26.6,0.0,0.0,0.0,0,4.822265625,6,45,05:39,20:21,2025-05-22 18:13:51.165792,Città della Scienza,55.4,5.927608,8.339766,4.8235154,3.9421906,EU EEA Common AQI,77.4,4.9277387,6.847142,7200,5.0,100,100,64.3,4.3826084,Very Low,77.1,4.779312,100,1747936800,Very Low,3.858812,6.0854583,Very Low,5.9113984,59.9,6.4927535,100,1747936800,5.478261
2025-05-22T18:14:02Z,0,29.884,74.9,55,68.8,4,7,192,71,0.0,255,32767,0.0,2127-15-31,0.0,0.52,26.6,0.0,0.0,0.0,0,4.822265625,6,45,05:39,20:21,2025-05-22 18:14:02.228790,Città della Scienza,55.4,5.927608,8.339766,4.8235154,3.9421906,EU EEA Common AQI,77.4,4.9277387,6.847142,7200,5.0,100,100,64.3,4.3826084,Very Low,77.1,4.779312,100,1747936800,Very Low,3.858812,6.0854583,Very Low,5.9113984,59.9,6.4927535,100,1747936800,5.478261
2025-05-22T18:14:13Z,0,29.884,74.9,55,68.8,6,7,209,72,0.0,255,32767,0.0,2127-15-31,0.0,0.52,26.6,0.0,0.0,0.0,0,4.822265625,6,45,05:39,20:21,2025-05-22 18:14:13.302796,Città della Scienza,55.4,5.927608,8.339766,4.8235154,3.9421906,EU EEA Common AQI,77.4,4.9277387,6.847142,7200,5.0,100,100,64.3,4.3826084,Very Low,77.1,4.779312,100,1747936800,Very Low,3.858812,6.0854583,Very Low,5.9113984,59.9,6.4927535,100,1747936800,5.478261
2025-05-22T18:14:24Z,0,29.884,74.9,55,68.8,3,7,238,72,0.0,255,32767,0.0,2127-15-31,0.0,0.52,26.6,0.0,0.0,0.0,0,4.822265625,6,45,05:39,20:21,2025-05-22 18:14:24.412786,Città della Scienza,55.4,5.927608,8.339766,4.8235154,3.9421906,EU EEA Common AQI,77.4,4.9277387,6.847142,7200,5.0,100,100,64.3,4.3826084,Very Low,77.1,4.779312,100,1747936800,Very Low,3.858812,6.0854583,Very Low,5.9113984,59.9,6.4927535,100,1747936800,5.478261
2025-05-22T18:14:35Z,0,29.886,74.9,55,68.8,1,7,196,72,0.0,255,32767,0.0,2127-15-31,0.0,0.52,26.6,0.0,0.0,0.0,0,4.822265625,6,45,05:39,20:21,2025-05-22 18:14:35.461789,Città della Scienza,55.4,5.927608,8.339766,4.8235154,3.9421906,EU EEA Common AQI,77.4,4.9277387,6.847142,7200,5.0,100,100,64.3,4.3826084,Very Low,77.1,4.779312,100,1747936800,Very Low,3.858812,6.0854583,Very Low,5.9113984,59.9,6.4927535,100,1747936800,5.478261
2025-05-22T18:14:46Z,0,29.886,74.9,55,68.8,3,7,221,72,0.0,255,32767,0.0,2127-15-31,0.0,0.52,26.6,0.0,0.0,0.0,0,4.822265625,6,45,05:39,20:21,2025-05-22 18:14:46.514784,Città della Scienza,55.4,5.927608,8.339766,4.8235154,3.9421906,EU EEA Common AQI,77.4,4.9277387,6.847142,7200,5.0,100,100,64.3,4.3826084,Very Low,77.1,4.779312,100,1747936800,Very Low,3.858812,6.0854583,Very Low,5.9113984,59.9,6.4927535,100,1747936800,5.478261
2025-05-22T18:14:57Z,0,29.886,74.9,55,68.8,4,7,286,72,0.0,255,32767,0.0,2127-15-31,0.0,0.52,26.6,0.0,0.0,0.0,0,4.822265625,6,45,05:39,20:21,2025-05-22 18:14:57.607796,Città della Scienza,55.4,5.927608,8.339766,4.8235154,3.9421906,EU EEA Common AQI,77.4,4.9277387,6.847142,7200,5.0,100,100,64.3,4.3826084,Very Low,77.1,4.779312,100,1747936800,Very Low,3.858812,6.0854583,Very Low,5.9113984,59.9,6.4927535,100,1747936800,5.478261
2025-05-22T18:15:08Z,0,29.886,74.9,55,68.8,6,7,192,72,0.0,255,32767,0.0,2127-15-31,0.0,0.52,26.6,0.0,0.0,0.0,0,4.822265625,6,45,05:39,20:21,2025-05-22 18:15:08.663753,Città della Scienza,55.4,5.927608,8.339766,4.8235154,3.9421906,EU EEA Common AQI,77.4,4.9277387,6.847142,7200,5.0,100,100,64.3,4.3826084,Very Low,77.1,4.779312,100,1747936800,Very Low,3.858812,6.0854583,Very Low,5.9113984,59.9,6.4927535,100,1747936800,5.478261
2025-05-22T18:15:19Z,0,29.886,74.9,55,68.7,6,7,215,72,0.0,255,32767,0.0,2127-15-31,0.0,0.52,26.6,0.0,0.0,0.0,0,4.822265625,6,45,05:39,20:21,2025-05-22 18:15:19.716791,Città della Scienza,55.4,5.927608,8.339766,4.8235154,3.9421906,EU EEA Common AQI,77.4,4.9277387,6.847142,7200,5.0,100,100,64.3,4.3826084,Very Low,77.1,4.779312,100,1747936800,Very Low,3.858812,6.0854583,Very Low,5.9113984,59.9,6.4927535,100,1747936800,5.478261
2025-05-22T18:15:31Z,0,29.886,74.9,55,68.8,7,7,171,72,0.0,255,32767,0.0,2127-15-31,0.0,0.52,26.6,0.0,0.0,0.0,0,4.822265625,6,45,05:39,20:21,2025-05-22 18:15:30.822790,Città della Scienza,58.7,6.040469,8.307819,5.0864673,4.040275,EU EEA Common AQI,75.4,5.0503445,6.827868,7200,4.6,100,100,63.6,4.228571,Very Low,75.0,4.8881707,100,1747937700,Very Low,4.069174,6.209757,Very Low,6.171976,59.6,5.6,100,1747937700,5.285714
2025-05-22T18:15:42Z,0,29.884,74.9,56,68.8,7,6,159,72,0.0,255,32767,0.0,2127-15-31,0.0,0.52,26.6,0.0,0.0,0.0,0,4.822265625,6,45,05:39,20:21,2025-05-22 18:15:41.906788,Città della Scienza,58.7,6.040469,8.307819,5.0864673,4.040275,EU EEA Common AQI,75.4,5.0503445,6.827868,7200,4.6,100,100,63.6,4.228571,Very Low,75.0,4.8881707,100,1747937700,Very Low,4.069174,6.209757,Very Low,6.171976,59.6,5.6,100,1747937700,5.285714
2025-05-22T18:15:53Z,0,29.884,74.9,56,68.8,6,6,238,71,0.0,255,32767,0.0,2127-15-31,0.0,0.52,26.6,0.0,0.0,0.0,0,4.822265625,6,45,05:39,20:21,2025-05-22 18:15:52.979789,Città della Scienza,58.7,6.040469,8.307819,5.0864673,4.040275,EU EEA Common AQI,75.4,5.0503445,6.827868,7200,4.6,100,100,63.6,4.228571,Very Low,75.0,4.8881707,100,1747937700,Very Low,4.069174,6.209757,Very Low,6.171976,59.6,5.6,100,1747937700,5.285714
2025-05-22T18:16:04Z,0,29.884,74.9,56,68.8,6,6,216,71,0.0,255,32767,0.0,2127-15-31,0.0,0.52,26.6,0.0,0.0,0.0,0,4.822265625,6,45,05:39,20:21,2025-05-22 18:16:04.049785,Città della Scienza,58.7,6.040469,8.307819,5.0864673,4.040275,EU EEA Common AQI,75.4,5.0503445,6.827868,7200,4.6,100,100,63.6,4.228571,Very Low,75.0,4.8881707,100,1747937700,Very Low,4.069174,6.209757,Very Low,6.171976,59.6,5.6,100,1747937700,5.285714
2025-05-22T18:16:15Z,0,29.884,74.9,56,68.7,9,6,242,71,0.0,255,32767,0.0,2127-15-31,0.0,0.52,26.6,0.0,0.0,0.0,0,4.822265625,6,45,05:39,20:21,2025-05-22 18:16:15.155786,Città della Scienza,58.7,6.040469,8.307819,5.0864673,4.040275,EU EEA Common AQI,75.4,5.0503445,6.827868,7200,4.6,100,100,63.6,4.228571,Very Low,75.0,4.8881707,100,1747937700,Very Low,4.069174,6.209757,Very Low,6.171976,59.6,5.6,100,1747937700,5.285714
2025-05-22T18:16:26Z,0,29.884,74.9,56,68.7,7,6,308,71,0.0,255,32767,0.0,2127-15-31,0.0,0.52,26.6,0.0,0.0,0.0,0,4.822265625,6,45,05:39,20:21,2025-05-22 18:16:26.247787,Città della Scienza,58.7,6.040469,8.307819,5.0864673,4.040275,EU EEA Common AQI,75.4,5.0503445,6.827868,7200,4.6,100,100,63.6,4.228571,Very Low,75.0,4.8881707,100,1747937700,Very Low,4.069174,6.209757,Very Low,6.171976,59.6,5.6,100,1747937700,5.285714
2025-05-22T18:16:37Z,0,29.885,74.9,56,68.7,4,7,205,71,0.0,255,32767,0.0,2127-15-31,0.0,0.52,26.6,0.0,0.0,0.0,0,4.822265625,6,45,05:39,20:21,2025-05-22 18:16:37.320785,Città della Scienza,58.7,6.040469,8.307819,5.0864673,4.040275,EU EEA Common AQI,75.4,5.0503445,6.827868,7200,4.6,100,100,63.6,4.228571,Very Low,75.0,4.8881707,100,1747937700,Very Low,4.069174,6.209757,Very Low,6.171976,59.6,5.6,100,1747937700,5.285714
2025-05-22T18:16:48Z,0,29.885,74.9,56,68.7,6,7,209,71,0.0,255,32767,0.0,2127-15-31,0.0,0.52,26.6,0.0,0.0,0.0,0,4.822265625,6,45,05:39,20:21,2025-05-22 18:16:48.396785,Città della Scienza,58.7,6.040469,8.307819,5.0864673,4.040275,EU EEA Common AQI,75.4,5.0503445,6.827868,7200,4.6,100,100,63.6,4.228571,Very Low,75.0,4.8881707,100,1747937700,Very Low,4.069174,6.209757,Very Low,6.171976,59.6,5.6,100,1747937700,5.285714
2025-05-22T18:16:59Z,0,29.885,74.9,56,68.7,5,7,204,71,0.0,255,32767,0.0,2127-15-31,0.0,0.52,26.6,0.0,0.0,0.0,0,4.822265625,6,45,05:39,20:21,2025-05-22 18:16:59.493783,Città della Scienza,58.7,6.040469,8.307819,5.0864673,4.040275,EU EEA Common AQI,75.4,5.0503445,6.827868,7200,4.6,100,100,63.6,4.228571,Very Low,75.0,4.8881707,100,1747937700,Very Low,4.069174,6.209757,Very Low,6.171976,59.6,5.6,100,1747937700,5.285714
2025-05-22T18:17:10Z,0,29.885,74.9,56,68.8,4,7,195,71,0.0,255,32767,0.0,2127-15-31,0.0,0.52,26.6,0.0,0.0,0.0,0,4.822265625,6,45,05:39,20:21,2025-05-22 18:17:10.588860,Città della Scienza,58.7,6.040469,8.307819,5.0864673,4.040275,EU EEA Common AQI,75.4,5.0503445,6.827868,7200,4.6,100,100,63.6,4.228571,Very Low,75.0,4.8881707,100,1747937700,Very Low,4.069174,6.209757,Very Low,6.171976,59.6,5.6,100,1747937700,5.285714
2025-05-22T18:17:21Z,0,29.885,74.9,56,68.7,8,7,218,71,0.0,255,32767,0.0,2127-15-31,0.0,0.52,26.6,0.0,0.0,0.0,0,4.822265625,6,45,05:39,20:21,2025-05-22 18:17:21.656804,Città della Scienza,58.7,6.040469,8.307819,5.0864673,4.040275,EU EEA Common AQI,75.4,5.0503445,6.827868,7200,4.6,100,100,63.6,4.228571,Very Low,75.0,4.8881707,100,1747937700,Very Low,4.069174,6.209757,Very Low,6.171976,59.6,5.6,100,1747937700,5.285714
2025-05-22T18:17:32Z,0,29.885,74.9,56,68.7,5,7,185,71,0.0,255,32767,0.0,2127-15-31,0.0,0.52,26.6,0.0,0.0,0.0,0,4.822265625,6,45,05:39,20:21,2025-05-22 18:17:32.706784,Città della Scienza,58.7,6.040469,8.307819,5.0864673,4.040275,EU EEA Common AQI,75.4,5.0503445,6.827868,7200,4.6,100,100,63.6,4.228571,Very Low,75.0,4.8881707,100,1747937700,Very Low,4.069174,6.209757,Very Low,6.171976,59.6,5.6,100,1747937700,5.285714
2025-05-22T18:17:44Z,0,29.887,74.8,56,68.7,6,7,275,71,0.0,255,32767,0.0,2127-15-31,0.0,0.52,26.6,0.0,0.0,0.0,0,4.822265625,6,45,05:39,20:21,2025-05-22 18:17:43.826785,Città della Scienza,58.7,6.040469,8.307819,5.0864673,4.040275,EU EEA Common AQI,75.4,5.0503445,6.827868,7200,4.6,100,100,63.6,4.228571,Very Low,75.0,4.8881707,100,1747937700,Very Low,4.069174,6.209757,Very Low,6.171976,59.6,5.6,100,1747937700,5.285714
2025-05-22T18:17:55Z,0,29.887,74.8,56,68.7,4,7,202,71,0.0,255,32767,0.0,2127-15-31,0.0,0.52,26.6,0.0,0.0,0.0,0,4.822265625,6,45,05:39,20:21,2025-05-22 18:17:55.128793,Città della Scienza,58.7,6.040469,8.307819,5.0864673,4.040275,EU EEA Common AQI,75.4,5.0503445,6.827868,7200,4.6,100,100,63.6,4.228571,Very Low,75.0,4.8881707,100,1747937700,Very Low,4.069174,6.209757,Very Low,6.171976,59.6,5.6,100,1747937700,5.285714
2025-05-22T18:18:06Z,0,29.887,74.8,56,68.7,6,7,234,71,0.0,255,32767,0.0,2127-15-31,0.0,0.52,26.6,0.0,0.0,0.0,0,4.822265625,6,45,05:39,20:21,2025-05-22 18:18:06.223786,Città della Scienza,58.7,6.040469,8.307819,5.0864673,4.040275,EU EEA Common AQI,75.4,5.0503445,6.827868,7200,4.6,100,100,63.6,4.228571,Very Low,75.0,4.8881707,100,1747937700,Very Low,4.069174,6.209757,Very Low,6.171976,59.6,5.6,100,1747937700,5.285714
2025-05-22T18:18:17Z,0,29.887,74.8,56,68.7,7,7,227,71,0.0,255,32767,0.0,2127-15-31,0.0,0.52,26.6,0.0,0.0,0.0,0,4.822265625,6,45,05:39,20:21,2025-05-22 18:18:17.285782,Città della Scienza,58.7,6.040469,8.307819,5.0864673,4.040275,EU EEA Common AQI,75.4,5.0503445,6.827868,7200,4.6,100,100,63.6,4.228571,Very Low,75.0,4.8881707,100,1747937700,Very Low,4.069174,6.209757,Very Low,6.171976,59.6,5.6,100,1747937700,5.285714
2025-05-22T18:18:28Z,0,29.887,74.8,56,68.7,5,7,169,71,0.0,255,32767,0.0,2127-15-31,0.0,0.52,26.6,0.0,0.0,0.0,0,4.822265625,6,45,05:39,20:21,2025-05-22 18:18:28.358785,Città della Scienza,58.7,6.040469,8.307819,5.0864673,4.040275,EU EEA Common AQI,75.4,5.0503445,6.827868,7200,4.6,100,100,63.6,4.228571,Very Low,75.0,4.8881707,100,1747937700,Very Low,4.069174,6.209757,Very Low,6.171976,59.6,5.6,100,1747937700,5.285714
2025-05-22T18:18:39Z,0,29.886,74.8,56,68.7,4,7,187,71,0.0,255,32767,0.0,2127-15-31,0.0,0.52,26.6,0.0,0.0,0.0,0,4.822265625,6,45,05:39,20:21,2025-05-22 18:18:39.495800,Città della Scienza,58.7,6.040469,8.307819,5.0864673,4.040275,EU EEA Common AQI,75.4,5.0503445,6.827868,7200,4.6,100,100,63.6,4.228571,Very Low,75.0,4.8881707,100,1747937700,Very Low,4.069174,6.209757,Very Low,6.171976,59.6,5.6,100,1747937700,5.285714
2025-05-22T18:18:50Z,0,29.886,74.8,56,68.7,5,7,243,71,0.0,255,32767,0.0,2127-15-31,0.0,0.52,26.6,0.0,0.0,0.0,0,4.822265625,6,45,05:39,20:21,2025-05-22 18:18:50.575793,Città della Scienza,58.7,6.040469,8.307819,5.0864673,4.040275,EU EEA Common AQI,75.4,5.0503445,6.827868,7200,4.6,100,100,63.6,4.228571,Very Low,75.0,4.8881707,100,1747937700,Very Low,4.069174,6.209757,Very Low,6.171976,59.6,5.6,100,1747937700,5.285714
2025-05-22T18:19:01Z,0,29.886,74.8,56,68.7,6,7,205,71,0.0,255,32767,0.0,2127-15-31,0.0,0.52,26.6,0.0,0.0,0.0,0,4.822265625,6,45,05:39,20:21,2025-05-22 18:19:01.636851,Città della Scienza,58.7,6.040469,8.307819,5.0864673,4.040275,EU EEA Common AQI,75.4,5.0503445,6.827868,7200,4.6,100,100,63.6,4.228571,Very Low,75.0,4.8881707,100,1747937700,Very Low,4.069174,6.209757,Very Low,6.171976,59.6,5.6,100,1747937700,5.285714
2025-05-22T18:19:12Z,0,29.886,74.8,56,68.7,4,7,190,71,0.0,255,32767,0.0,2127-15-31,0.0,0.52,26.6,0.0,0.0,0.0,0,4.822265625,6,45,05:39,20:21,2025-05-22 18:19:12.760800,Città della Scienza,58.7,6.040469,8.307819,5.0864673,4.040275,EU EEA Common AQI,75.4,5.0503445,6.827868,7200,4.6,100,100,63.6,4.228571,Very Low,75.0,4.8881707,100,1747937700,Very Low,4.069174,6.209757,Very Low,6.171976,59.6,5.6,100,1747937700,5.285714
2025-05-22T18:19:24Z,0,29.886,74.8,56,68.7,8,7,209,71,0.0,255,32767,0.0,2127-15-31,0.0,0.52,26.6,0.0,0.0,0.0,0,4.822265625,6,45,05:39,20:21,2025-05-22 18:19:23.852786,Città della Scienza,58.7,6.040469,8.307819,5.0864673,4.040275,EU EEA Common AQI,75.4,5.0503445,6.827868,7200,4.6,100,100,63.6,4.228571,Very Low,75.0,4.8881707,100,1747937700,Very Low,4.069174,6.209757,Very Low,6.171976,59.6,5.6,100,1747937700,5.285714
2025-05-22T18:19:35Z,0,29.885,74.8,56,68.7,6,6,155,71,0.0,255,32767,0.0,2127-15-31,0.0,0.52,26.6,0.0,0.0,0.0,0,4.822265625,6,45,05:39,20:21,2025-05-22 18:19:34.909786,Città della Scienza,58.7,6.040469,8.307819,5.0864673,4.040275,EU EEA Common AQI,75.4,5.0503445,6.827868,7200,4.6,100,100,63.6,4.228571,Very Low,75.0,4.8881707,100,1747937700,Very Low,4.069174,6.209757,Very Low,6.171976,59.6,5.6,100,1747937700,5.285714
2025-05-22T18:19:46Z,0,29.885,74.8,56,68.7,6,6,170,71,0.0,255,32767,0.0,2127-15-31,0.0,0.52,26.6,0.0,0.0,0.0,0,4.822265625,6,45,05:39,20:21,2025-05-22 18:19:45.980793,Città della Scienza,58.7,6.040469,8.307819,5.0864673,4.040275,EU EEA Common AQI,75.4,5.0503445,6.827868,7200,4.6,100,100,63.6,4.228571,Very Low,75.0,4.8881707,100,1747937700,Very Low,4.069174,6.209757,Very Low,6.171976,59.6,5.6,100,1747937700,5.285714
2025-05-22T18:19:57Z,0,29.885,74.8,56,68.7,5,6,209,71,0.0,255,32767,0.0,2127-15-31,0.0,0.52,26.6,0.0,0.0,0.0,0,4.822265625,6,45,05:39,20:21,2025-05-22 18:19:57.080808,Città della Scienza,58.7,6.040469,8.307819,5.0864673,4.040275,EU EEA Common AQI,75.4,5.0503445,6.827868,7200,4.6,100,100,63.6,4.228571,Very Low,75.0,4.8881707,100,1747937700,Very Low,4.069174,6.209757,Very Low,6.171976,59.6,5.6,100,1747937700,5.285714
2025-05-22T18:20:08Z,0,29.885,74.8,56,68.7,3,6,207,71,0.0,255,32767,0.0,2127-15-31,0.0,0.52,26.6,0.0,0.0,0.0,0,4.822265625,6,45,05:39,20:21,2025-05-22 18:20:08.165804,Città della Scienza,58.7,6.040469,8.307819,5.0864673,4.040275,EU EEA Common AQI,75.4,5.0503445,6.827868,7200,4.6,100,100,63.6,4.228571,Very Low,75.0,4.8881707,100,1747937700,Very Low,4.069174,6.209757,Very Low,6.171976,59.6,5.6,100,1747937700,5.285714
2025-05-22T18:20:19Z,0,29.885,74.8,56,68.8,7,6,215,71,0.0,255,32767,0.0,2127-15-31,0.0,0.52,26.6,0.0,0.0,0.0,0,4.822265625,6,45,05:39,20:21,2025-05-22 18:20:19.384790,Città della Scienza,58.7,6.040469,8.307819,5.0864673,4.040275,EU EEA Common AQI,75.4,5.0503445,6.827868,7200,4.6,100,100,63.6,4.228571,Very Low,75.0,4.8881707,100,1747937700,Very Low,4.069174,6.209757,Very Low,6.171976,59.6,5.6,100,1747937700,5.285714
2025-05-22T18:20:30Z,0,29.885,74.8,56,68.8,5,6,208,71,0.0,255,32767,0.0,2127-15-31,0.0,0.52,26.6,0.0,0.0,0.0,0,4.822265625,6,45,05:39,20:21,2025-05-22 18:20:30.508811,Città della Scienza,58.7,6.040469,8.307819,5.0864673,4.040275,EU EEA Common AQI,75.4,5.0503445,6.827868,7200,4.6,100,100,63.6,4.228571,Very Low,75.0,4.8881707,100,1747937700,Very Low,4.069174,6.209757,Very Low,6.171976,59.6,5.6,100,1747937700,5.285714
2025-05-22T18:20:41Z,0,29.883,74.8,56,68.7,3,6,227,71,0.0,255,32767,0.0,2127-15-31,0.0,0.52,26.6,0.0,0.0,0.0,0,4.822265625,6,45,05:39,20:21,2025-05-22 18:20:41.590785,Città della Scienza,58.7,6.040469,8.307819,5.0864673,4.040275,EU EEA Common AQI,75.4,5.0503445,6.827868,7200,4.6,100,100,63.6,4.228571,Very Low,75.0,4.8881707,100,1747937700,Very Low,4.069174,6.209757,Very Low,6.171976,59.6,5.6,100,1747937700,5.285714
2025-05-22T18:20:52Z,0,29.883,74.8,56,68.7,4,6,184,71,0.0,255,32767,0.0,2127-15-31,0.0,0.52,26.6,0.0,0.0,0.0,0,4.822265625,6,45,05:39,20:21,2025-05-22 18:20:52.666798,Città della Scienza,58.7,6.040469,8.307819,5.0864673,4.040275,EU EEA Common AQI,75.4,5.0503445,6.827868,7200,4.6,100,100,63.6,4.228571,Very Low,75.0,4.8881707,100,1747937700,Very Low,4.069174,6.209757,Very Low,6.171976,59.6,5.6,100,1747937700,5.285714
2025-05-22T18:21:03Z,0,29.883,74.8,56,68.7,7,6,186,71,0.0,255,32767,0.0,2127-15-31,0.0,0.52,26.6,0.0,0.0,0.0,0,4.822265625,6,45,05:39,20:21,2025-05-22 18:21:03.743797,Città della Scienza,58.7,6.040469,8.307819,5.0864673,4.040275,EU EEA Common AQI,75.4,5.0503445,6.827868,7200,4.6,100,100,63.6,4.228571,Very Low,75.0,4.8881707,100,1747937700,Very Low,4.069174,6.209757,Very Low,6.171976,59.6,5.6,100,1747937700,5.285714
2025-05-22T18:21:15Z,0,29.883,74.8,56,68.7,4,6,224,71,0.0,255,32767,0.0,2127-15-31,0.0,0.52,26.6,0.0,0.0,0.0,0,4.822265625,6,45,05:39,20:21,2025-05-22 18:21:14.827787,Città della Scienza,58.7,6.040469,8.307819,5.0864673,4.040275,EU EEA Common AQI,75.4,5.0503445,6.827868,7200,4.6,100,100,63.6,4.228571,Very Low,75.0,4.8881707,100,1747937700,Very Low,4.069174,6.209757,Very Low,6.171976,59.6,5.6,100,1747937700,5.285714
2025-05-22T18:21:26Z,0,29.883,74.8,56,68.7,4,6,207,71,0.0,255,32767,0.0,2127-15-31,0.0,0.52,26.6,0.0,0.0,0.0,0,4.822265625,6,45,05:39,20:21,2025-05-22 18:21:25.866804,Città della Scienza,58.7,6.040469,8.307819,5.0864673,4.040275,EU EEA Common AQI,75.4,5.0503445,6.827868,7200,4.6,100,100,63.6,4.228571,Very Low,75.0,4.8881707,100,1747937700,Very Low,4.069174,6.209757,Very Low,6.171976,59.6,5.6,100,1747937700,5.285714
2025-05-22T18:21:37Z,0,29.884,74.8,56,68.7,5,6,215,71,0.0,255,32767,0.0,2127-15-31,0.0,0.52,26.6,0.0,0.0,0.0,0,4.822265625,6,45,05:39,20:21,2025-05-22 18:21:36.918788,Città della Scienza,58.7,6.040469,8.307819,5.0864673,4.040275,EU EEA Common AQI,75.4,5.0503445,6.827868,7200,4.6,100,100,63.6,4.228571,Very Low,75.0,4.8881707,100,1747937700,Very Low,4.069174,6.209757,Very Low,6.171976,59.6,5.6,100,1747937700,5.285714
2025-05-22T18:21:48Z,0,29.884,74.8,56,68.7,6,6,223,71,0.0,255,32767,0.0,2127-15-31,0.0,0.52,26.6,0.0,0.0,0.0,0,4.822265625,6,45,05:39,20:21,2025-05-22 18:21:47.935790,Città della Scienza,58.7,6.040469,8.307819,5.0864673,4.040275,EU EEA Common AQI,75.4,5.0503445,6.827868,7200,4.6,100,100,63.6,4.228571,Very Low,75.0,4.8881707,100,1747937700,Very Low,4.069174,6.209757,Very Low,6.171976,59.6,5.6,100,1747937700,5.285714
2025-05-22T18:21:59Z,0,29.884,74.8,56,68.8,4,6,196,71,0.0,255,32767,0.0,2127-15-31,0.0,0.52,26.6,0.0,0.0,0.0,0,4.822265625,6,45,05:39,20:21,2025-05-22 18:21:58.997806,Città della Scienza,58.7,6.040469,8.307819,5.0864673,4.040275,EU EEA Common AQI,75.4,5.0503445,6.827868,7200,4.6,100,100,63.6,4.228571,Very Low,75.0,4.8881707,100,1747937700,Very Low,4.069174,6.209757,Very Low,6.171976,59.6,5.6,100,1747937700,5.285714
2025-05-22T18:22:10Z,0,29.884,74.8,56,68.8,8,6,185,71,0.0,255,32767,0.0,2127-15-31,0.0,0.52,26.6,0.0,0.0,0.0,0,4.822265625,6,45,05:39,20:21,2025-05-22 18:22:10.081800,Città della Scienza,58.7,6.040469,8.307819,5.0864673,4.040275,EU EEA Common AQI,75.4,5.0503445,6.827868,7200,4.6,100,100,63.6,4.228571,Very Low,75.0,4.8881707,100,1747937700,Very Low,4.069174,6.209757,Very Low,6.171976,59.6,5.6,100,1747937700,5.285714
2025-05-22T18:22:21Z,0,29.884,74.8,56,68.8,2,6,181,71,0.0,255,32767,0.0,2127-15-31,0.0,0.52,26.6,0.0,0.0,0.0,0,4.822265625,6,45,05:39,20:21,2025-05-22 18:22:21.193798,Città della Scienza,58.7,6.040469,8.307819,5.0864673,4.040275,EU EEA Common AQI,75.4,5.0503445,6.827868,7200,4.6,100,100,63.6,4.228571,Very Low,75.0,4.8881707,100,1747937700,Very Low,4.069174,6.209757,Very Low,6.171976,59.6,5.6,100,1747937700,5.285714
2025-05-22T18:22:32Z,0,29.884,74.8,56,68.8,2,6,221,71,0.0,255,32767,0.0,2127-15-31,0.0,0.52,26.6,0.0,0.0,0.0,0,4.822265625,6,45,05:39,20:21,2025-05-22 18:22:32.296784,Città della Scienza,58.7,6.040469,8.307819,5.0864673,4.040275,EU EEA Common AQI,75.4,5.0503445,6.827868,7200,4.6,100,100,63.6,4.228571,Very Low,75.0,4.8881707,100,1747937700,Very Low,4.069174,6.209757,Very Low,6.171976,59.6,5.6,100,1747937700,5.285714
2025-05-22T18:22:43Z,0,29.885,74.8,56,68.7,4,5,211,71,0.0,255,32767,0.0,2127-15-31,0.0,0.52,26.6,0.0,0.0,0.0,0,4.822265625,6,45,05:39,20:21,2025-05-22 18:22:43.373797,Città della Scienza,58.7,6.040469,8.307819,5.0864673,4.040275,EU EEA Common AQI,75.4,5.0503445,6.827868,7200,4.6,100,100,63.6,4.228571,Very Low,75.0,4.8881707,100,1747937700,Very Low,4.069174,6.209757,Very Low,6.171976,59.6,5.6,100,1747937700,5.285714
2025-05-22T18:22:54Z,0,29.885,74.8,56,68.8,4,5,205,71,0.0,255,32767,0.0,2127-15-31,0.0,0.52,26.6,0.0,0.0,0.0,0,4.822265625,6,45,05:39,20:21,2025-05-22 18:22:54.461785,Città della Scienza,58.7,6.040469,8.307819,5.0864673,4.040275,EU EEA Common AQI,75.4,5.0503445,6.827868,7200,4.6,100,100,63.6,4.228571,Very Low,75.0,4.8881707,100,1747937700,Very Low,4.069174,6.209757,Very Low,6.171976,59.6,5.6,100,1747937700,5.285714
2025-05-22T18:23:05Z,0,29.885,74.8,56,68.8,4,5,181,71,0.0,255,32767,0.0,2127-15-31,0.0,0.52,26.6,0.0,0.0,0.0,0,4.822265625,6,45,05:39,20:21,2025-05-22 18:23:05.536797,Città della Scienza,58.7,6.040469,8.307819,5.0864673,4.040275,EU EEA Common AQI,75.4,5.0503445,6.827868,7200,4.6,100,100,63.6,4.228571,Very Low,75.0,4.8881707,100,1747937700,Very Low,4.069174,6.209757,Very Low,6.171976,59.6,5.6,100,1747937700,5.285714
2025-05-22T18:23:16Z,0,29.885,74.8,56,68.7,3,5,203,71,0.0,255,32767,0.0,2127-15-31,0.0,0.52,26.6,0.0,0.0,0.0,0,4.822265625,6,45,05:39,20:21,2025-05-22 18:23:16.595791,Città della Scienza,58.7,6.040469,8.307819,5.0864673,4.040275,EU EEA Common AQI,75.4,5.0503445,6.827868,7200,4.6,100,100,63.6,4.228571,Very Low,75.0,4.8881707,100,1747937700,Very Low,4.069174,6.209757,Very Low,6.171976,59.6,5.6,100,1747937700,5.285714
2025-05-22T18:23:27Z,0,29.885,74.8,56,68.8,6,5,215,71,0.0,255,32767,0.0,2127-15-31,0.0,0.52,26.6,0.0,0.0,0.0,0,4.822265625,6,45,05:39,20:21,2025-05-22 18:23:27.666795,Città della Scienza,58.7,6.040469,8.307819,5.0864673,4.040275,EU EEA Common AQI,75.4,5.0503445,6.827868,7200,4.6,100,100,63.6,4.228571,Very Low,75.0,4.8881707,100,1747937700,Very Low,4.069174,6.209757,Very Low,6.171976,59.6,5.6,100,1747937700,5.285714
2025-05-22T18:23:38Z,0,29.886,74.8,56,68.7,3,5,236,71,0.0,255,32767,0.0,2127-15-31,0.0,0.52,26.6,0.0,0.0,0.0,0,4.822265625,6,45,05:39,20:21,2025-05-22 18:23:38.740802,Città della Scienza,58.7,6.040469,8.307819,5.0864673,4.040275,EU EEA Common AQI,75.4,5.0503445,6.827868,7200,4.6,100,100,63.6,4.228571,Very Low,75.0,4.8881707,100,1747937700,Very Low,4.069174,6.209757,Very Low,6.171976,59.6,5.6,100,1747937700,5.285714
2025-05-22T18:23:50Z,0,29.886,74.8,56,68.7,9,5,168,71,0.0,255,32767,0.0,2127-15-31,0.0,0.52,26.6,0.0,0.0,0.0,0,4.822265625,6,45,05:39,20:21,2025-05-22 18:23:49.888786,Città della Scienza,58.7,6.040469,8.307819,5.0864673,4.040275,EU EEA Common AQI,75.4,5.0503445,6.827868,7200,4.6,100,100,63.6,4.228571,Very Low,75.0,4.8881707,100,1747937700,Very Low,4.069174,6.209757,Very Low,6.171976,59.6,5.6,100,1747937700,5.285714
2025-05-22T18:24:01Z,0,29.886,74.8,56,68.7,4,5,231,71,0.0,255,32767,0.0,2127-15-31,0.0,0.52,26.6,0.0,0.0,0.0,0,4.822265625,6,45,05:39,20:21,2025-05-22 18:24:00.962790,Città della Scienza,58.7,6.040469,8.307819,5.0864673,4.040275,EU EEA Common AQI,75.4,5.0503445,6.827868,7200,4.6,100,100,63.6,4.228571,Very Low,75.0,4.8881707,100,1747937700,Very Low,4.069174,6.209757,Very Low,6.171976,59.6,5.6,100,1747937700,5.285714
2025-05-22T18:24:12Z,0,29.886,74.8,56,68.7,5,5,181,71,0.0,255,32767,0.0,2127-15-31,0.0,0.52,26.6,0.0,0.0,0.0,0,4.822265625,6,45,05:39,20:21,2025-05-22 18:24:12.044780,Città della Scienza,58.7,6.040469,8.307819,5.0864673,4.040275,EU EEA Common AQI,75.4,5.0503445,6.827868,7200,4.6,100,100,63.6,4.228571,Very Low,75.0,4.8881707,100,1747937700,Very Low,4.069174,6.209757,Very Low,6.171976,59.6,5.6,100,1747937700,5.285714
2025-05-22T18:24:23Z,0,29.886,74.8,56,68.8,4,5,183,71,0.0,255,32767,0.0,2127-15-31,0.0,0.52,26.6,0.0,0.0,0.0,0,4.822265625,6,45,05:39,20:21,2025-05-22 18:24:23.123790,Città della Scienza,58.7,6.040469,8.307819,5.0864673,4.040275,EU EEA Common AQI,75.4,5.0503445,6.827868,7200,4.6,100,100,63.6,4.228571,Very Low,75.0,4.8881707,100,1747937700,Very Low,4.069174,6.209757,Very Low,6.171976,59.6,5.6,100,1747937700,5.285714
2025-05-22T18:24:34Z,0,29.886,74.8,56,68.8,5,5,214,71,0.0,255,32767,0.0,2127-15-31,0.0,0.52,26.6,0.0,0.0,0.0,0,4.822265625,6,45,05:39,20:21,2025-05-22 18:24:34.174785,Città della Scienza,58.7,6.040469,8.307819,5.0864673,4.040275,EU EEA Common AQI,75.4,5.0503445,6.827868,7200,4.6,100,100,63.6,4.228571,Very Low,75.0,4.8881707,100,1747937700,Very Low,4.069174,6.209757,Very Low,6.171976,59.6,5.6,100,1747937700,5.285714
2025-05-22T18:24:45Z,0,29.884,74.7,56,68.8,5,5,173,71,0.0,255,32767,0.0,2127-15-31,0.0,0.52,26.6,0.0,0.0,0.0,0,4.822265625,6,45,05:39,20:21,2025-05-22 18:24:45.271782,Città della Scienza,58.7,6.040469,8.307819,5.0864673,4.040275,EU EEA Common AQI,75.4,5.0503445,6.827868,7200,4.6,100,100,63.6,4.228571,Very Low,75.0,4.8881707,100,1747937700,Very Low,4.069174,6.209757,Very Low,6.171976,59.6,5.6,100,1747937700,5.285714
2025-05-22T18:24:56Z,0,29.884,74.7,56,68.7,8,5,183,71,0.0,255,32767,0.0,2127-15-31,0.0,0.52,26.6,0.0,0.0,0.0,0,4.822265625,6,45,05:39,20:21,2025-05-22 18:24:56.321787,Città della Scienza,58.7,6.040469,8.307819,5.0864673,4.040275,EU EEA Common AQI,75.4,5.0503445,6.827868,7200,4.6,100,100,63.6,4.228571,Very Low,75.0,4.8881707,100,1747937700,Very Low,4.069174,6.209757,Very Low,6.171976,59.6,5.6,100,1747937700,5.285714
2025-05-22T18:25:07Z,0,29.884,74.7,56,68.7,7,5,198,71,0.0,255,32767,0.0,2127-15-31,0.0,0.52,26.6,0.0,0.0,0.0,0,4.822265625,6,45,05:39,20:21,2025-05-22 18:25:07.368796,Città della Scienza,58.7,6.040469,8.307819,5.0864673,4.040275,EU EEA Common AQI,75.4,5.0503445,6.827868,7200,4.6,100,100,63.6,4.228571,Very Low,75.0,4.8881707,100,1747937700,Very Low,4.069174,6.209757,Very Low,6.171976,59.6,5.6,100,1747937700,5.285714
2025-05-22T18:25:18Z,0,29.884,74.7,56,68.7,4,5,261,71,0.0,255,32767,0.0,2127-15-31,0.0,0.52,26.6,0.0,0.0,0.0,0,4.822265625,6,45,05:39,20:21,2025-05-22 18:25:18.450790,Città della Scienza,58.7,6.040469,8.307819,5.0864673,4.040275,EU EEA Common AQI,75.4,5.0503445,6.827868,7200,4.6,100,100,63.6,4.228571,Very Low,75.0,4.8881707,100,1747937700,Very Low,4.069174,6.209757,Very Low,6.171976,59.6,5.6,100,1747937700,5.285714
2025-05-22T18:25:29Z,0,29.884,74.7,56,68.8,4,5,217,72,0.0,255,32767,0.0,2127-15-31,0.0,0.52,26.6,0.0,0.0,0.0,0,4.822265625,6,45,05:39,20:21,2025-05-22 18:25:29.547794,Città della Scienza,58.7,6.040469,8.307819,5.0864673,4.040275,EU EEA Common AQI,75.4,5.0503445,6.827868,7200,4.6,100,100,63.6,4.228571,Very Low,75.0,4.8881707,100,1747937700,Very Low,4.069174,6.209757,Very Low,6.171976,59.6,5.6,100,1747937700,5.285714
2025-05-22T18:25:40Z,0,29.884,74.7,56,68.8,6,5,169,72,0.0,255,32767,0.0,2127-15-31,0.0,0.52,26.6,0.0,0.0,0.0,0,4.822265625,6,45,05:39,20:21,2025-05-22 18:25:40.634796,Città della Scienza,58.7,6.040469,8.307819,5.0864673,4.040275,EU EEA Common AQI,75.4,5.0503445,6.827868,7200,4.6,100,100,63.6,4.228571,Very Low,75.0,4.8881707,100,1747937700,Very Low,4.069174,6.209757,Very Low,6.171976,59.6,5.6,100,1747937700,5.285714
2025-05-22T18:25:51Z,0,29.884,74.7,56,68.8,10,5,187,72,0.0,255,32767,0.0,2127-15-31,0.0,0.52,26.6,0.0,0.0,0.0,0,4.822265625,6,45,05:39,20:21,2025-05-22 18:25:51.720788,Città della Scienza,58.7,6.040469,8.307819,5.0864673,4.040275,EU EEA Common AQI,75.4,5.0503445,6.827868,7200,4.6,100,100,63.6,4.228571,Very Low,75.0,4.8881707,100,1747937700,Very Low,4.069174,6.209757,Very Low,6.171976,59.6,5.6,100,1747937700,5.285714
2025-05-22T18:26:03Z,0,29.884,74.7,56,68.8,7,5,192,72,0.0,255,32767,0.0,2127-15-31,0.0,0.52,26.6,0.0,0.0,0.0,0,4.822265625,6,45,05:39,20:21,2025-05-22 18:26:02.828792,Città della Scienza,58.7,6.040469,8.307819,5.0864673,4.040275,EU EEA Common AQI,75.4,5.0503445,6.827868,7200,4.6,100,100,63.6,4.228571,Very Low,75.0,4.8881707,100,1747937700,Very Low,4.069174,6.209757,Very Low,6.171976,59.6,5.6,100,1747937700,5.285714
2025-05-22T18:26:14Z,0,29.884,74.7,56,68.8,6,5,194,72,0.0,255,32767,0.0,2127-15-31,0.0,0.52,26.6,0.0,0.0,0.0,0,4.822265625,6,45,05:39,20:21,2025-05-22 18:26:13.919788,Città della Scienza,58.7,6.040469,8.307819,5.0864673,4.040275,EU EEA Common AQI,75.4,5.0503445,6.827868,7200,4.6,100,100,63.6,4.228571,Very Low,75.0,4.8881707,100,1747937700,Very Low,4.069174,6.209757,Very Low,6.171976,59.6,5.6,100,1747937700,5.285714
2025-05-22T18:26:25Z,0,29.884,74.7,56,68.8,7,5,194,71,0.0,255,32767,0.0,2127-15-31,0.0,0.52,26.6,0.0,0.0,0.0,0,4.822265625,6,45,05:39,20:21,2025-05-22 18:26:25.023810,Città della Scienza,58.7,6.040469,8.307819,5.0864673,4.040275,EU EEA Common AQI,75.4,5.0503445,6.827868,7200,4.6,100,100,63.6,4.228571,Very Low,75.0,4.8881707,100,1747937700,Very Low,4.069174,6.209757,Very Low,6.171976,59.6,5.6,100,1747937700,5.285714
2025-05-22T18:26:36Z,0,29.883,74.7,56,68.7,3,5,191,71,0.0,255,32767,0.0,2127-15-31,0.0,0.52,26.6,0.0,0.0,0.0,0,4.822265625,6,45,05:39,20:21,2025-05-22 18:26:36.112748,Città della Scienza,58.7,6.040469,8.307819,5.0864673,4.040275,EU EEA Common AQI,75.4,5.0503445,6.827868,7200,4.6,100,100,63.6,4.228571,Very Low,75.0,4.8881707,100,1747937700,Very Low,4.069174,6.209757,Very Low,6.171976,59.6,5.6,100,1747937700,5.285714
2025-05-22T18:26:47Z,0,29.883,74.7,56,68.7,7,5,159,71,0.0,255,32767,0.0,2127-15-31,0.0,0.52,26.6,0.0,0.0,0.0,0,4.822265625,6,45,05:39,20:21,2025-05-22 18:26:47.190790,Città della Scienza,58.7,6.040469,8.307819,5.0864673,4.040275,EU EEA Common AQI,75.4,5.0503445,6.827868,7200,4.6,100,100,63.6,4.228571,Very Low,75.0,4.8881707,100,1747937700,Very Low,4.069174,6.209757,Very Low,6.171976,59.6,5.6,100,1747937700,5.285714
2025-05-22T18:26:58Z,0,29.883,74.7,56,68.8,7,5,176,71,0.0,255,32767,0.0,2127-15-31,0.0,0.52,26.6,0.0,0.0,0.0,0,4.822265625,6,45,05:39,20:21,2025-05-22 18:26:58.263782,Città della Scienza,58.7,6.040469,8.307819,5.0864673,4.040275,EU EEA Common AQI,75.4,5.0503445,6.827868,7200,4.6,100,100,63.6,4.228571,Very Low,75.0,4.8881707,100,1747937700,Very Low,4.069174,6.209757,Very Low,6.171976,59.6,5.6,100,1747937700,5.285714
2025-05-22T18:27:09Z,0,29.883,74.7,56,68.8,7,5,207,71,0.0,255,32767,0.0,2127-15-31,0.0,0.52,26.6,0.0,0.0,0.0,0,4.822265625,6,45,05:39,20:21,2025-05-22 18:27:09.319793,Città della Scienza,58.7,6.040469,8.307819,5.0864673,4.040275,EU EEA Common AQI,75.4,5.0503445,6.827868,7200,4.6,100,100,63.6,4.228571,Very Low,75.0,4.8881707,100,1747937700,Very Low,4.069174,6.209757,Very Low,6.171976,59.6,5.6,100,1747937700,5.285714
2025-05-22T18:27:20Z,0,29.883,74.7,56,68.8,4,5,186,71,0.0,255,32767,0.0,2127-15-31,0.0,0.52,26.6,0.0,0.0,0.0,0,4.822265625,6,45,05:39,20:21,2025-05-22 18:27:20.372788,Città della Scienza,58.7,6.040469,8.307819,5.0864673,4.040275,EU EEA Common AQI,75.4,5.0503445,6.827868,7200,4.6,100,100,63.6,4.228571,Very Low,75.0,4.8881707,100,1747937700,Very Low,4.069174,6.209757,Very Low,6.171976,59.6,5.6,100,1747937700,5.285714
2025-05-22T18:27:31Z,0,29.883,74.7,56,68.8,7,5,184,71,0.0,255,32767,0.0,2127-15-31,0.0,0.52,26.6,0.0,0.0,0.0,0,4.822265625,6,45,05:39,20:21,2025-05-22 18:27:31.482794,Città della Scienza,58.7,6.040469,8.307819,5.0864673,4.040275,EU EEA Common AQI,75.4,5.0503445,6.827868,7200,4.6,100,100,63.6,4.228571,Very Low,75.0,4.8881707,100,1747937700,Very Low,4.069174,6.209757,Very Low,6.171976,59.6,5.6,100,1747937700,5.285714
2025-05-22T18:27:42Z,0,29.884,74.7,56,68.7,5,5,168,71,0.0,255,32767,0.0,2127-15-31,0.0,0.52,26.6,0.0,0.0,0.0,0,4.822265625,6,45,05:39,20:21,2025-05-22 18:27:42.554796,Città della Scienza,58.7,6.040469,8.307819,5.0864673,4.040275,EU EEA Common AQI,75.4,5.0503445,6.827868,7200,4.6,100,100,63.6,4.228571,Very Low,75.0,4.8881707,100,1747937700,Very Low,4.069174,6.209757,Very Low,6.171976,59.6,5.6,100,1747937700,5.285714
2025-05-22T18:27:53Z,0,29.884,74.7,56,68.7,7,5,163,71,0.0,255,32767,0.0,2127-15-31,0.0,0.52,26.6,0.0,0.0,0.0,0,4.822265625,6,45,05:39,20:21,2025-05-22 18:27:53.642790,Città della Scienza,58.7,6.040469,8.307819,5.0864673,4.040275,EU EEA Common AQI,75.4,5.0503445,6.827868,7200,4.6,100,100,63.6,4.228571,Very Low,75.0,4.8881707,100,1747937700,Very Low,4.069174,6.209757,Very Low,6.171976,59.6,5.6,100,1747937700,5.285714
2025-05-22T18:28:04Z,0,29.884,74.7,56,68.7,4,5,166,71,0.0,255,32767,0.0,2127-15-31,0.0,0.52,26.6,0.0,0.0,0.0,0,4.822265625,6,45,05:39,20:21,2025-05-22 18:28:04.748782,Città della Scienza,58.7,6.040469,8.307819,5.0864673,4.040275,EU EEA Common AQI,75.4,5.0503445,6.827868,7200,4.6,100,100,63.6,4.228571,Very Low,75.0,4.8881707,100,1747937700,Very Low,4.069174,6.209757,Very Low,6.171976,59.6,5.6,100,1747937700,5.285714
2025-05-22T18:28:16Z,0,29.884,74.7,56,68.8,6,5,180,72,0.0,255,32767,0.0,2127-15-31,0.0,0.52,26.6,0.0,0.0,0.0,0,4.822265625,6,45,05:39,20:21,2025-05-22 18:28:15.838785,Città della Scienza,58.7,6.040469,8.307819,5.0864673,4.040275,EU EEA Common AQI,75.4,5.0503445,6.827868,7200,4.6,100,100,63.6,4.228571,Very Low,75.0,4.8881707,100,1747937700,Very Low,4.069174,6.209757,Very Low,6.171976,59.6,5.6,100,1747937700,5.285714
2025-05-22T18:28:27Z,0,29.884,74.7,56,68.7,11,5,184,72,0.0,255,32767,0.0,2127-15-31,0.0,0.52,26.6,0.0,0.0,0.0,0,4.822265625,6,45,05:39,20:21,2025-05-22 18:28:26.904803,Città della Scienza,58.7,6.040469,8.307819,5.0864673,4.040275,EU EEA Common AQI,75.4,5.0503445,6.827868,7200,4.6,100,100,63.6,4.228571,Very Low,75.0,4.8881707,100,1747937700,Very Low,4.069174,6.209757,Very Low,6.171976,59.6,5.6,100,1747937700,5.285714
2025-05-22T18:28:38Z,0,29.885,74.7,56,68.8,5,5,185,72,0.0,255,32767,0.0,2127-15-31,0.0,0.52,26.6,0.0,0.0,0.0,0,4.822265625,6,45,05:39,20:21,2025-05-22 18:28:37.988800,Città della Scienza,58.7,6.040469,8.307819,5.0864673,4.040275,EU EEA Common AQI,75.4,5.0503445,6.827868,7200,4.6,100,100,63.6,4.228571,Very Low,75.0,4.8881707,100,1747937700,Very Low,4.069174,6.209757,Very Low,6.171976,59.6,5.6,100,1747937700,5.285714
2025-05-22T18:28:49Z,0,29.885,74.7,56,68.7,2,5,186,72,0.0,255,32767,0.0,2127-15-31,0.0,0.52,26.6,0.0,0.0,0.0,0,4.822265625,6,45,05:39,20:21,2025-05-22 18:28:49.068785,Città della Scienza,58.7,6.040469,8.307819,5.0864673,4.040275,EU EEA Common AQI,75.4,5.0503445,6.827868,7200,4.6,100,100,63.6,4.228571,Very Low,75.0,4.8881707,100,1747937700,Very Low,4.069174,6.209757,Very Low,6.171976,59.6,5.6,100,1747937700,5.285714
2025-05-22T18:29:00Z,0,29.885,74.7,56,68.7,5,5,190,72,0.0,255,32767,0.0,2127-15-31,0.0,0.52,26.6,0.0,0.0,0.0,0,4.822265625,6,45,05:39,20:21,2025-05-22 18:29:00.129760,Città della Scienza,58.7,6.040469,8.307819,5.0864673,4.040275,EU EEA Common AQI,75.4,5.0503445,6.827868,7200,4.6,100,100,63.6,4.228571,Very Low,75.0,4.8881707,100,1747937700,Very Low,4.069174,6.209757,Very Low,6.171976,59.6,5.6,100,1747937700,5.285714
2025-05-22T18:29:11Z,0,29.885,74.7,56,68.7,4,5,221,72,0.0,255,32767,0.0,2127-15-31,0.0,0.52,26.6,0.0,0.0,0.0,0,4.822265625,6,45,05:39,20:21,2025-05-22 18:29:11.227797,Città della Scienza,58.7,6.040469,8.307819,5.0864673,4.040275,EU EEA Common AQI,75.4,5.0503445,6.827868,7200,4.6,100,100,63.6,4.228571,Very Low,75.0,4.8881707,100,1747937700,Very Low,4.069174,6.209757,Very Low,6.171976,59.6,5.6,100,1747937700,5.285714
2025-05-22T18:29:22Z,0,29.885,74.7,56,68.7,5,5,192,72,0.0,255,32767,0.0,2127-15-31,0.0,0.52,26.6,0.0,0.0,0.0,0,4.822265625,6,45,05:39,20:21,2025-05-22 18:29:22.386790,Città della Scienza,58.7,6.040469,8.307819,5.0864673,4.040275,EU EEA Common AQI,75.4,5.0503445,6.827868,7200,4.6,100,100,63.6,4.228571,Very Low,75.0,4.8881707,100,1747937700,Very Low,4.069174,6.209757,Very Low,6.171976,59.6,5.6,100,1747937700,5.285714
2025-05-22T18:29:33Z,0,29.885,74.7,56,68.7,9,5,188,72,0.0,255,32767,0.0,2127-15-31,0.0,0.52,26.6,0.0,0.0,0.0,0,4.822265625,6,45,05:39,20:21,2025-05-22 18:29:33.485788,Città della Scienza,58.7,6.040469,8.307819,5.0864673,4.040275,EU EEA Common AQI,75.4,5.0503445,6.827868,7200,4.6,100,100,63.6,4.228571,Very Low,75.0,4.8881707,100,1747937700,Very Low,4.069174,6.209757,Very Low,6.171976,59.6,5.6,100,1747937700,5.285714
2025-05-22T18:29:44Z,0,29.883,74.7,56,68.7,5,5,198,72,0.0,255,32767,0.0,2127-15-31,0.0,0.52,26.6,0.0,0.0,0.0,0,4.822265625,6,45,05:39,20:21,2025-05-22 18:29:44.516787,Città della Scienza,58.7,6.040469,8.307819,5.0864673,4.040275,EU EEA Common AQI,75.4,5.0503445,6.827868,7200,4.6,100,100,63.6,4.228571,Very Low,75.0,4.8881707,100,1747937700,Very Low,4.069174,6.209757,Very Low,6.171976,59.6,5.6,100,1747937700,5.285714
2025-05-22T18:29:55Z,0,29.883,74.7,56,68.7,7,5,216,71,0.0,255,32767,0.0,2127-15-31,0.0,0.52,26.6,0.0,0.0,0.0,0,4.822265625,6,45,05:39,20:21,2025-05-22 18:29:55.565794,Città della Scienza,58.7,6.040469,8.307819,5.0864673,4.040275,EU EEA Common AQI,75.4,5.0503445,6.827868,7200,4.6,100,100,63.6,4.228571,Very Low,75.0,4.8881707,100,1747937700,Very Low,4.069174,6.209757,Very Low,6.171976,59.6,5.6,100,1747937700,5.285714
2025-05-22T18:30:06Z,0,29.883,74.7,56,68.7,5,5,194,71,0.0,255,32767,0.0,2127-15-31,0.0,0.52,26.6,0.0,0.0,0.0,0,4.822265625,6,45,05:39,20:21,2025-05-22 18:30:06.643801,Città della Scienza,58.7,6.040469,8.307819,5.0864673,4.040275,EU EEA Common AQI,75.4,5.0503445,6.827868,7200,4.6,100,100,63.6,4.228571,Very Low,75.0,4.8881707,100,1747937700,Very Low,4.069174,6.209757,Very Low,6.171976,59.6,5.6,100,1747937700,5.285714
2025-05-22T18:30:18Z,0,29.883,74.7,56,68.7,6,5,110,71,0.0,255,32767,0.0,2127-15-31,0.0,0.52,26.6,0.0,0.0,0.0,0,4.822265625,6,45,05:39,20:21,2025-05-22 18:30:17.910799,Città della Scienza,58.7,6.040469,8.307819,5.0864673,4.040275,EU EEA Common AQI,75.4,5.0503445,6.827868,7200,4.6,100,100,63.6,4.228571,Very Low,75.0,4.8881707,100,1747937700,Very Low,4.069174,6.209757,Very Low,6.171976,59.6,5.6,100,1747937700,5.285714
2025-05-22T18:30:29Z,0,29.883,74.7,56,68.7,6,5,225,71,0.0,255,32767,0.0,2127-15-31,0.0,0.52,26.6,0.0,0.0,0.0,0,4.822265625,6,45,05:39,20:21,2025-05-22 18:30:29.003787,Città della Scienza,61.3,6.213681,8.283859,5.3442664,4.0785694,EU EEA Common AQI,74.0,5.098212,6.817688,7200,4.6811595,100,100,63.3,4.3478255,Very Low,73.6,5.029374,100,1747938600,Very Low,4.275413,6.2846045,Very Low,6.500359,59.5,7.3913045,100,1747938600,5.4347825
2025-05-22T18:30:40Z,0,29.883,74.7,56,68.7,6,5,223,71,0.0,255,32767,0.0,2127-15-31,0.0,0.52,26.6,0.0,0.0,0.0,0,4.822265625,6,45,05:39,20:21,2025-05-22 18:30:40.099796,Città della Scienza,61.3,6.213681,8.283859,5.3442664,4.0785694,EU EEA Common AQI,74.0,5.098212,6.817688,7200,4.6811595,100,100,63.3,4.3478255,Very Low,73.6,5.029374,100,1747938600,Very Low,4.275413,6.2846045,Very Low,6.500359,59.5,7.3913045,100,1747938600,5.4347825
2025-05-22T18:30:51Z,0,29.883,74.7,56,68.7,7,5,219,71,0.0,255,32767,0.0,2127-15-31,0.0,0.52,26.6,0.0,0.0,0.0,0,4.822265625,6,45,05:39,20:21,2025-05-22 18:30:51.411788,Città della Scienza,61.3,6.213681,8.283859,5.3442664,4.0785694,EU EEA Common AQI,74.0,5.098212,6.817688,7200,4.6811595,100,100,63.3,4.3478255,Very Low,73.6,5.029374,100,1747938600,Very Low,4.275413,6.2846045,Very Low,6.500359,59.5,7.3913045,100,1747938600,5.4347825
2025-05-22T18:31:02Z,0,29.883,74.7,56,68.6,7,5,236,71,0.0,255,32767,0.0,2127-15-31,0.0,0.52,26.6,0.0,0.0,0.0,0,4.822265625,6,45,05:39,20:21,2025-05-22 18:31:02.508786,Città della Scienza,61.3,6.213681,8.283859,5.3442664,4.0785694,EU EEA Common AQI,74.0,5.098212,6.817688,7200,4.6811595,100,100,63.3,4.3478255,Very Low,73.6,5.029374,100,1747938600,Very Low,4.275413,6.2846045,Very Low,6.500359,59.5,7.3913045,100,1747938600,5.4347825
2025-05-22T18:31:13Z,0,29.883,74.7,56,68.7,5,5,252,71,0.0,255,32767,0.0,2127-15-31,0.0,0.52,26.6,0.0,0.0,0.0,0,4.822265625,6,45,05:39,20:21,2025-05-22 18:31:13.622807,Città della Scienza,61.3,6.213681,8.283859,5.3442664,4.0785694,EU EEA Common AQI,74.0,5.098212,6.817688,7200,4.6811595,100,100,63.3,4.3478255,Very Low,73.6,5.029374,100,1747938600,Very Low,4.275413,6.2846045,Very Low,6.500359,59.5,7.3913045,100,1747938600,5.4347825
2025-05-22T18:31:24Z,0,29.883,74.7,56,68.7,8,5,249,71,0.0,255,32767,0.0,2127-15-31,0.0,0.52,26.6,0.0,0.0,0.0,0,4.822265625,6,45,05:39,20:21,2025-05-22 18:31:24.734801,Città della Scienza,61.3,6.213681,8.283859,5.3442664,4.0785694,EU EEA Common AQI,74.0,5.098212,6.817688,7200,4.6811595,100,100,63.3,4.3478255,Very Low,73.6,5.029374,100,1747938600,Very Low,4.275413,6.2846045,Very Low,6.500359,59.5,7.3913045,100,1747938600,5.4347825
2025-05-22T18:31:36Z,0,29.883,74.7,56,68.7,6,6,186,71,0.0,255,32767,0.0,2127-15-31,0.0,0.52,26.6,0.0,0.0,0.0,0,4.822265625,6,45,05:39,20:21,2025-05-22 18:31:35.805796,Città della Scienza,61.3,6.213681,8.283859,5.3442664,4.0785694,EU EEA Common AQI,74.0,5.098212,6.817688,7200,4.6811595,100,100,63.3,4.3478255,Very Low,73.6,5.029374,100,1747938600,Very Low,4.275413,6.2846045,Very Low,6.500359,59.5,7.3913045,100,1747938600,5.4347825
2025-05-22T18:31:47Z,0,29.883,74.7,56,68.7,6,6,203,72,0.0,255,32767,0.0,2127-15-31,0.0,0.52,26.6,0.0,0.0,0.0,0,4.822265625,6,45,05:39,20:21,2025-05-22 18:31:46.872813,Città della Scienza,61.3,6.213681,8.283859,5.3442664,4.0785694,EU EEA Common AQI,74.0,5.098212,6.817688,7200,4.6811595,100,100,63.3,4.3478255,Very Low,73.6,5.029374,100,1747938600,Very Low,4.275413,6.2846045,Very Low,6.500359,59.5,7.3913045,100,1747938600,5.4347825
2025-05-22T18:31:58Z,0,29.883,74.7,56,68.6,5,6,213,72,0.0,255,32767,0.0,2127-15-31,0.0,0.52,26.6,0.0,0.0,0.0,0,4.822265625,6,45,05:39,20:21,2025-05-22 18:31:57.971792,Città della Scienza,61.3,6.213681,8.283859,5.3442664,4.0785694,EU EEA Common AQI,74.0,5.098212,6.817688,7200,4.6811595,100,100,63.3,4.3478255,Very Low,73.6,5.029374,100,1747938600,Very Low,4.275413,6.2846045,Very Low,6.500359,59.5,7.3913045,100,1747938600,5.4347825
2025-05-22T18:32:09Z,0,29.883,74.7,56,68.7,11,6,232,72,0.0,255,32767,0.0,2127-15-31,0.0,0.52,26.6,0.0,0.0,0.0,0,4.822265625,6,45,05:39,20:21,2025-05-22 18:32:09.021792,Città della Scienza,61.3,6.213681,8.283859,5.3442664,4.0785694,EU EEA Common AQI,74.0,5.098212,6.817688,7200,4.6811595,100,100,63.3,4.3478255,Very Low,73.6,5.029374,100,1747938600,Very Low,4.275413,6.2846045,Very Low,6.500359,59.5,7.3913045,100,1747938600,5.4347825
2025-05-22T18:32:20Z,0,29.883,74.7,56,68.6,4,6,187,72,0.0,255,32767,0.0,2127-15-31,0.0,0.52,26.6,0.0,0.0,0.0,0,4.822265625,6,45,05:39,20:21,2025-05-22 18:32:20.095811,Città della Scienza,61.3,6.213681,8.283859,5.3442664,4.0785694,EU EEA Common AQI,74.0,5.098212,6.817688,7200,4.6811595,100,100,63.3,4.3478255,Very Low,73.6,5.029374,100,1747938600,Very Low,4.275413,6.2846045,Very Low,6.500359,59.5,7.3913045,100,1747938600,5.4347825
2025-05-22T18:32:31Z,0,29.883,74.7,56,68.6,5,6,186,71,0.0,255,32767,0.0,2127-15-31,0.0,0.52,26.6,0.0,0.0,0.0,0,4.822265625,6,45,05:39,20:21,2025-05-22 18:32:31.169778,Città della Scienza,61.3,6.213681,8.283859,5.3442664,4.0785694,EU EEA Common AQI,74.0,5.098212,6.817688,7200,4.6811595,100,100,63.3,4.3478255,Very Low,73.6,5.029374,100,1747938600,Very Low,4.275413,6.2846045,Very Low,6.500359,59.5,7.3913045,100,1747938600,5.4347825
2025-05-22T18:32:42Z,0,29.884,74.6,56,68.6,5,6,186,71,0.0,255,32767,0.0,2127-15-31,0.0,0.52,26.6,0.0,0.0,0.0,0,4.822265625,6,45,05:39,20:21,2025-05-22 18:32:42.201791,Città della Scienza,61.3,6.213681,8.283859,5.3442664,4.0785694,EU EEA Common AQI,74.0,5.098212,6.817688,7200,4.6811595,100,100,63.3,4.3478255,Very Low,73.6,5.029374,100,1747938600,Very Low,4.275413,6.2846045,Very Low,6.500359,59.5,7.3913045,100,1747938600,5.4347825
2025-05-22T18:32:53Z,0,29.884,74.6,56,68.7,7,6,175,71,0.0,255,32767,0.0,2127-15-31,0.0,0.52,26.6,0.0,0.0,0.0,0,4.822265625,6,45,05:39,20:21,2025-05-22 18:32:53.244795,Città della Scienza,61.3,6.213681,8.283859,5.3442664,4.0785694,EU EEA Common AQI,74.0,5.098212,6.817688,7200,4.6811595,100,100,63.3,4.3478255,Very Low,73.6,5.029374,100,1747938600,Very Low,4.275413,6.2846045,Very Low,6.500359,59.5,7.3913045,100,1747938600,5.4347825
2025-05-22T18:33:04Z,0,29.884,74.6,56,68.6,5,6,184,71,0.0,255,32767,0.0,2127-15-31,0.0,0.52,26.6,0.0,0.0,0.0,0,4.822265625,6,45,05:39,20:21,2025-05-22 18:33:04.311782,Città della Scienza,61.3,6.213681,8.283859,5.3442664,4.0785694,EU EEA Common AQI,74.0,5.098212,6.817688,7200,4.6811595,100,100,63.3,4.3478255,Very Low,73.6,5.029374,100,1747938600,Very Low,4.275413,6.2846045,Very Low,6.500359,59.5,7.3913045,100,1747938600,5.4347825
2025-05-22T18:33:15Z,0,29.884,74.6,56,68.7,4,6,196,71,0.0,255,32767,0.0,2127-15-31,0.0,0.52,26.6,0.0,0.0,0.0,0,4.822265625,6,45,05:39,20:21,2025-05-22 18:33:15.415804,Città della Scienza,61.3,6.213681,8.283859,5.3442664,4.0785694,EU EEA Common AQI,74.0,5.098212,6.817688,7200,4.6811595,100,100,63.3,4.3478255,Very Low,73.6,5.029374,100,1747938600,Very Low,4.275413,6.2846045,Very Low,6.500359,59.5,7.3913045,100,1747938600,5.4347825
2025-05-22T18:33:26Z,0,29.884,74.6,56,68.7,3,6,224,72,0.0,255,32767,0.0,2127-15-31,0.0,0.52,26.6,0.0,0.0,0.0,0,4.822265625,6,45,05:39,20:21,2025-05-22 18:33:26.512795,Città della Scienza,61.3,6.213681,8.283859,5.3442664,4.0785694,EU EEA Common AQI,74.0,5.098212,6.817688,7200,4.6811595,100,100,63.3,4.3478255,Very Low,73.6,5.029374,100,1747938600,Very Low,4.275413,6.2846045,Very Low,6.500359,59.5,7.3913045,100,1747938600,5.4347825
2025-05-22T18:33:37Z,0,29.884,74.7,56,68.7,6,6,181,72,0.0,255,32767,0.0,2127-15-31,0.0,0.52,26.6,0.0,0.0,0.0,0,4.822265625,6,45,05:39,20:21,2025-05-22 18:33:37.630792,Città della Scienza,61.3,6.213681,8.283859,5.3442664,4.0785694,EU EEA Common AQI,74.0,5.098212,6.817688,7200,4.6811595,100,100,63.3,4.3478255,Very Low,73.6,5.029374,100,1747938600,Very Low,4.275413,6.2846045,Very Low,6.500359,59.5,7.3913045,100,1747938600,5.4347825
2025-05-22T18:33:48Z,0,29.884,74.7,56,68.6,3,6,207,72,0.0,255,32767,0.0,2127-15-31,0.0,0.52,26.6,0.0,0.0,0.0,0,4.822265625,6,45,05:39,20:21,2025-05-22 18:33:48.696785,Città della Scienza,61.3,6.213681,8.283859,5.3442664,4.0785694,EU EEA Common AQI,74.0,5.098212,6.817688,7200,4.6811595,100,100,63.3,4.3478255,Very Low,73.6,5.029374,100,1747938600,Very Low,4.275413,6.2846045,Very Low,6.500359,59.5,7.3913045,100,1747938600,5.4347825
2025-05-22T18:33:59Z,0,29.884,74.7,56,68.6,3,6,144,72,0.0,255,32767,0.0,2127-15-31,0.0,0.52,26.6,0.0,0.0,0.0,0,4.822265625,6,45,05:39,20:21,2025-05-22 18:33:59.784781,Città della Scienza,61.3,6.213681,8.283859,5.3442664,4.0785694,EU EEA Common AQI,74.0,5.098212,6.817688,7200,4.6811595,100,100,63.3,4.3478255,Very Low,73.6,5.029374,100,1747938600,Very Low,4.275413,6.2846045,Very Low,6.500359,59.5,7.3913045,100,1747938600,5.4347825
2025-05-22T18:34:11Z,0,29.884,74.7,56,68.7,7,6,180,72,0.0,255,32767,0.0,2127-15-31,0.0,0.52,26.6,0.0,0.0,0.0,0,4.822265625,6,45,05:39,20:21,2025-05-22 18:34:10.832791,Città della Scienza,61.3,6.213681,8.283859,5.3442664,4.0785694,EU EEA Common AQI,74.0,5.098212,6.817688,7200,4.6811595,100,100,63.3,4.3478255,Very Low,73.6,5.029374,100,1747938600,Very Low,4.275413,6.2846045,Very Low,6.500359,59.5,7.3913045,100,1747938600,5.4347825
2025-05-22T18:34:22Z,0,29.884,74.7,56,68.7,10,6,170,72,0.0,255,32767,0.0,2127-15-31,0.0,0.52,26.6,0.0,0.0,0.0,0,4.822265625,6,45,05:39,20:21,2025-05-22 18:34:21.903802,Città della Scienza,61.3,6.213681,8.283859,5.3442664,4.0785694,EU EEA Common AQI,74.0,5.098212,6.817688,7200,4.6811595,100,100,63.3,4.3478255,Very Low,73.6,5.029374,100,1747938600,Very Low,4.275413,6.2846045,Very Low,6.500359,59.5,7.3913045,100,1747938600,5.4347825
2025-05-22T18:34:33Z,0,29.884,74.7,56,68.7,9,6,169,72,0.0,255,32767,0.0,2127-15-31,0.0,0.52,26.6,0.0,0.0,0.0,0,4.822265625,6,45,05:39,20:21,2025-05-22 18:34:33.010773,Città della Scienza,61.3,6.213681,8.283859,5.3442664,4.0785694,EU EEA Common AQI,74.0,5.098212,6.817688,7200,4.6811595,100,100,63.3,4.3478255,Very Low,73.6,5.029374,100,1747938600,Very Low,4.275413,6.2846045,Very Low,6.500359,59.5,7.3913045,100,1747938600,5.4347825
2025-05-22T18:34:44Z,0,29.884,74.6,56,68.7,10,6,306,72,0.0,255,32767,0.0,2127-15-31,0.0,0.52,26.6,0.0,0.0,0.0,0,4.822265625,6,45,05:39,20:21,2025-05-22 18:34:44.037785,Città della Scienza,61.3,6.213681,8.283859,5.3442664,4.0785694,EU EEA Common AQI,74.0,5.098212,6.817688,7200,4.6811595,100,100,63.3,4.3478255,Very Low,73.6,5.029374,100,1747938600,Very Low,4.275413,6.2846045,Very Low,6.500359,59.5,7.3913045,100,1747938600,5.4347825
2025-05-22T18:34:55Z,0,29.884,74.6,56,68.7,9,6,201,72,0.0,255,32767,0.0,2127-15-31,0.0,0.52,26.6,0.0,0.0,0.0,0,4.822265625,6,45,05:39,20:21,2025-05-22 18:34:55.089789,Città della Scienza,61.3,6.213681,8.283859,5.3442664,4.0785694,EU EEA Common AQI,74.0,5.098212,6.817688,7200,4.6811595,100,100,63.3,4.3478255,Very Low,73.6,5.029374,100,1747938600,Very Low,4.275413,6.2846045,Very Low,6.500359,59.5,7.3913045,100,1747938600,5.4347825
2025-05-22T18:35:06Z,0,29.884,74.6,56,68.7,7,6,135,72,0.0,255,32767,0.0,2127-15-31,0.0,0.52,26.6,0.0,0.0,0.0,0,4.822265625,6,45,05:39,20:21,2025-05-22 18:35:06.182785,Città della Scienza,61.3,6.213681,8.283859,5.3442664,4.0785694,EU EEA Common AQI,74.0,5.098212,6.817688,7200,4.6811595,100,100,63.3,4.3478255,Very Low,73.6,5.029374,100,1747938600,Very Low,4.275413,6.2846045,Very Low,6.500359,59.5,7.3913045,100,1747938600,5.4347825
2025-05-22T18:35:17Z,0,29.884,74.6,56,68.7,5,6,167,72,0.0,255,32767,0.0,2127-15-31,0.0,0.52,26.6,0.0,0.0,0.0,0,4.822265625,6,45,05:39,20:21,2025-05-22 18:35:17.307787,Città della Scienza,61.3,6.213681,8.283859,5.3442664,4.0785694,EU EEA Common AQI,74.0,5.098212,6.817688,7200,4.6811595,100,100,63.3,4.3478255,Very Low,73.6,5.029374,100,1747938600,Very Low,4.275413,6.2846045,Very Low,6.500359,59.5,7.3913045,100,1747938600,5.4347825
2025-05-22T18:35:28Z,0,29.884,74.6,56,68.7,5,6,193,72,0.0,255,32767,0.0,2127-15-31,0.0,0.52,26.6,0.0,0.0,0.0,0,4.822265625,6,45,05:39,20:21,2025-05-22 18:35:28.399787,Città della Scienza,61.3,6.213681,8.283859,5.3442664,4.0785694,EU EEA Common AQI,74.0,5.098212,6.817688,7200,4.6811595,100,100,63.3,4.3478255,Very Low,73.6,5.029374,100,1747938600,Very Low,4.275413,6.2846045,Very Low,6.500359,59.5,7.3913045,100,1747938600,5.4347825
2025-05-22T18:35:39Z,0,29.885,74.6,56,68.7,6,6,177,72,0.0,255,32767,0.0,2127-15-31,0.0,0.52,26.6,0.0,0.0,0.0,0,4.822265625,6,45,05:39,20:21,2025-05-22 18:35:39.529787,Città della Scienza,61.3,6.213681,8.283859,5.3442664,4.0785694,EU EEA Common AQI,74.0,5.098212,6.817688,7200,4.6811595,100,100,63.3,4.3478255,Very Low,73.6,5.029374,100,1747938600,Very Low,4.275413,6.2846045,Very Low,6.500359,59.5,7.3913045,100,1747938600,5.4347825
2025-05-22T18:35:50Z,0,29.885,74.6,56,68.7,5,6,185,72,0.0,255,32767,0.0,2127-15-31,0.0,0.52,26.6,0.0,0.0,0.0,0,4.822265625,6,45,05:39,20:21,2025-05-22 18:35:50.636801,Città della Scienza,61.3,6.213681,8.283859,5.3442664,4.0785694,EU EEA Common AQI,74.0,5.098212,6.817688,7200,4.6811595,100,100,63.3,4.3478255,Very Low,73.6,5.029374,100,1747938600,Very Low,4.275413,6.2846045,Very Low,6.500359,59.5,7.3913045,100,1747938600,5.4347825
2025-05-22T18:36:01Z,0,29.885,74.6,56,68.7,6,6,173,72,0.0,255,32767,0.0,2127-15-31,0.0,0.52,26.6,0.0,0.0,0.0,0,4.822265625,6,45,05:39,20:21,2025-05-22 18:36:01.725790,Città della Scienza,61.3,6.213681,8.283859,5.3442664,4.0785694,EU EEA Common AQI,74.0,5.098212,6.817688,7200,4.6811595,100,100,63.3,4.3478255,Very Low,73.6,5.029374,100,1747938600,Very Low,4.275413,6.2846045,Very Low,6.500359,59.5,7.3913045,100,1747938600,5.4347825
2025-05-22T18:36:26Z,0,29.885,74.6,56,68.7,6,6,171,72,0.0,255,32767,0.0,2127-15-31,0.0,0.52,26.6,0.0,0.0,0.0,0,4.822265625,6,45,05:39,20:21,2025-05-22 18:36:26.481792,Città della Scienza,61.3,6.213681,8.283859,5.3442664,4.0785694,EU EEA Common AQI,74.0,5.098212,6.817688,7200,4.6811595,100,100,63.3,4.3478255,Very Low,73.6,5.029374,100,1747938600,Very Low,4.275413,6.2846045,Very Low,6.500359,59.5,7.3913045,100,1747938600,5.4347825
2025-05-22T18:36:37Z,0,29.886,74.6,56,68.7,7,6,175,72,0.0,255,32767,0.0,2127-15-31,0.0,0.52,26.6,0.0,0.0,0.0,0,4.822265625,6,45,05:39,20:21,2025-05-22 18:36:37.556808,Città della Scienza,61.3,6.213681,8.283859,5.3442664,4.0785694,EU EEA Common AQI,74.0,5.098212,6.817688,7200,4.6811595,100,100,63.3,4.3478255,Very Low,73.6,5.029374,100,1747938600,Very Low,4.275413,6.2846045,Very Low,6.500359,59.5,7.3913045,100,1747938600,5.4347825
2025-05-22T18:36:48Z,0,29.886,74.6,56,68.7,5,6,181,72,0.0,255,32767,0.0,2127-15-31,0.0,0.52,26.6,0.0,0.0,0.0,0,4.822265625,6,45,05:39,20:21,2025-05-22 18:36:48.618796,Città della Scienza,61.3,6.213681,8.283859,5.3442664,4.0785694,EU EEA Common AQI,74.0,5.098212,6.817688,7200,4.6811595,100,100,63.3,4.3478255,Very Low,73.6,5.029374,100,1747938600,Very Low,4.275413,6.2846045,Very Low,6.500359,59.5,7.3913045,100,1747938600,5.4347825
2025-05-22T18:36:59Z,0,29.886,74.6,56,68.7,7,6,161,72,0.0,255,32767,0.0,2127-15-31,0.0,0.52,26.6,0.0,0.0,0.0,0,4.822265625,6,45,05:39,20:21,2025-05-22 18:36:59.692793,Città della Scienza,61.3,6.213681,8.283859,5.3442664,4.0785694,EU EEA Common AQI,74.0,5.098212,6.817688,7200,4.6811595,100,100,63.3,4.3478255,Very Low,73.6,5.029374,100,1747938600,Very Low,4.275413,6.2846045,Very Low,6.500359,59.5,7.3913045,100,1747938600,5.4347825
2025-05-22T18:37:10Z,0,29.886,74.6,56,68.7,6,6,192,72,0.0,255,32767,0.0,2127-15-31,0.0,0.52,26.6,0.0,0.0,0.0,0,4.822265625,6,45,05:39,20:21,2025-05-22 18:37:10.760803,Città della Scienza,61.3,6.213681,8.283859,5.3442664,4.0785694,EU EEA Common AQI,74.0,5.098212,6.817688,7200,4.6811595,100,100,63.3,4.3478255,Very Low,73.6,5.029374,100,1747938600,Very Low,4.275413,6.2846045,Very Low,6.500359,59.5,7.3913045,100,1747938600,5.4347825
2025-05-22T18:37:22Z,0,29.886,74.6,56,68.7,5,6,217,72,0.0,255,32767,0.0,2127-15-31,0.0,0.52,26.6,0.0,0.0,0.0,0,4.822265625,6,45,05:39,20:21,2025-05-22 18:37:21.876805,Città della Scienza,61.3,6.213681,8.283859,5.3442664,4.0785694,EU EEA Common AQI,74.0,5.098212,6.817688,7200,4.6811595,100,100,63.3,4.3478255,Very Low,73.6,5.029374,100,1747938600,Very Low,4.275413,6.2846045,Very Low,6.500359,59.5,7.3913045,100,1747938600,5.4347825
2025-05-22T18:37:33Z,0,29.886,74.6,56,68.7,6,6,259,72,0.0,255,32767,0.0,2127-15-31,0.0,0.52,26.6,0.0,0.0,0.0,0,4.822265625,6,45,05:39,20:21,2025-05-22 18:37:33.000787,Città della Scienza,61.3,6.213681,8.283859,5.3442664,4.0785694,EU EEA Common AQI,74.0,5.098212,6.817688,7200,4.6811595,100,100,63.3,4.3478255,Very Low,73.6,5.029374,100,1747938600,Very Low,4.275413,6.2846045,Very Low,6.500359,59.5,7.3913045,100,1747938600,5.4347825
2025-05-22T18:37:44Z,0,29.886,74.6,56,68.7,6,6,187,72,0.0,255,32767,0.0,2127-15-31,0.0,0.52,26.6,0.0,0.0,0.0,0,4.822265625,6,45,05:39,20:21,2025-05-22 18:37:44.114806,Città della Scienza,61.3,6.213681,8.283859,5.3442664,4.0785694,EU EEA Common AQI,74.0,5.098212,6.817688,7200,4.6811595,100,100,63.3,4.3478255,Very Low,73.6,5.029374,100,1747938600,Very Low,4.275413,6.2846045,Very Low,6.500359,59.5,7.3913045,100,1747938600,5.4347825
2025-05-22T18:37:55Z,0,29.886,74.6,56,68.7,8,6,219,72,0.0,255,32767,0.0,2127-15-31,0.0,0.52,26.6,0.0,0.0,0.0,0,4.822265625,6,45,05:39,20:21,2025-05-22 18:37:55.187800,Città della Scienza,61.3,6.213681,8.283859,5.3442664,4.0785694,EU EEA Common AQI,74.0,5.098212,6.817688,7200,4.6811595,100,100,63.3,4.3478255,Very Low,73.6,5.029374,100,1747938600,Very Low,4.275413,6.2846045,Very Low,6.500359,59.5,7.3913045,100,1747938600,5.4347825
2025-05-22T18:38:06Z,0,29.886,74.6,56,68.7,6,6,215,72,0.0,255,32767,0.0,2127-15-31,0.0,0.52,26.6,0.0,0.0,0.0,0,4.822265625,6,45,05:39,20:21,2025-05-22 18:38:06.247783,Città della Scienza,61.3,6.213681,8.283859,5.3442664,4.0785694,EU EEA Common AQI,74.0,5.098212,6.817688,7200,4.6811595,100,100,63.3,4.3478255,Very Low,73.6,5.029374,100,1747938600,Very Low,4.275413,6.2846045,Very Low,6.500359,59.5,7.3913045,100,1747938600,5.4347825
2025-05-22T18:38:17Z,0,29.886,74.6,56,68.6,5,6,180,72,0.0,255,32767,0.0,2127-15-31,0.0,0.52,26.6,0.0,0.0,0.0,0,4.822265625,6,45,05:39,20:21,2025-05-22 18:38:17.313785,Città della Scienza,61.3,6.213681,8.283859,5.3442664,4.0785694,EU EEA Common AQI,74.0,5.098212,6.817688,7200,4.6811595,100,100,63.3,4.3478255,Very Low,73.6,5.029374,100,1747938600,Very Low,4.275413,6.2846045,Very Low,6.500359,59.5,7.3913045,100,1747938600,5.4347825
2025-05-22T18:38:28Z,0,29.886,74.6,56,68.7,5,6,171,72,0.0,255,32767,0.0,2127-15-31,0.0,0.52,26.6,0.0,0.0,0.0,0,4.822265625,6,45,05:39,20:21,2025-05-22 18:38:28.397787,Città della Scienza,61.3,6.213681,8.283859,5.3442664,4.0785694,EU EEA Common AQI,74.0,5.098212,6.817688,7200,4.6811595,100,100,63.3,4.3478255,Very Low,73.6,5.029374,100,1747938600,Very Low,4.275413,6.2846045,Very Low,6.500359,59.5,7.3913045,100,1747938600,5.4347825
2025-05-22T18:38:39Z,0,29.886,74.6,56,68.7,6,6,169,72,0.0,255,32767,0.0,2127-15-31,0.0,0.52,26.6,0.0,0.0,0.0,0,4.822265625,6,45,05:39,20:21,2025-05-22 18:38:39.448786,Città della Scienza,61.3,6.213681,8.283859,5.3442664,4.0785694,EU EEA Common AQI,74.0,5.098212,6.817688,7200,4.6811595,100,100,63.3,4.3478255,Very Low,73.6,5.029374,100,1747938600,Very Low,4.275413,6.2846045,Very Low,6.500359,59.5,7.3913045,100,1747938600,5.4347825
2025-05-22T18:38:50Z,0,29.886,74.6,56,68.7,7,6,215,72,0.0,255,32767,0.0,2127-15-31,0.0,0.52,26.6,0.0,0.0,0.0,0,4.822265625,6,45,05:39,20:21,2025-05-22 18:38:50.573801,Città della Scienza,61.3,6.213681,8.283859,5.3442664,4.0785694,EU EEA Common AQI,74.0,5.098212,6.817688,7200,4.6811595,100,100,63.3,4.3478255,Very Low,73.6,5.029374,100,1747938600,Very Low,4.275413,6.2846045,Very Low,6.500359,59.5,7.3913045,100,1747938600,5.4347825
2025-05-22T18:39:01Z,0,29.886,74.6,56,68.7,5,6,215,72,0.0,255,32767,0.0,2127-15-31,0.0,0.52,26.6,0.0,0.0,0.0,0,4.822265625,6,45,05:39,20:21,2025-05-22 18:39:01.661788,Città della Scienza,61.3,6.213681,8.283859,5.3442664,4.0785694,EU EEA Common AQI,74.0,5.098212,6.817688,7200,4.6811595,100,100,63.3,4.3478255,Very Low,73.6,5.029374,100,1747938600,Very Low,4.275413,6.2846045,Very Low,6.500359,59.5,7.3913045,100,1747938600,5.4347825
2025-05-22T18:39:12Z,0,29.886,74.6,56,68.7,8,6,171,72,0.0,255,32767,0.0,2127-15-31,0.0,0.52,26.6,0.0,0.0,0.0,0,4.822265625,6,45,05:39,20:21,2025-05-22 18:39:12.755791,Città della Scienza,61.3,6.213681,8.283859,5.3442664,4.0785694,EU EEA Common AQI,74.0,5.098212,6.817688,7200,4.6811595,100,100,63.3,4.3478255,Very Low,73.6,5.029374,100,1747938600,Very Low,4.275413,6.2846045,Very Low,6.500359,59.5,7.3913045,100,1747938600,5.4347825
2025-05-22T18:39:24Z,0,29.886,74.6,56,68.7,4,6,171,72,0.0,255,32767,0.0,2127-15-31,0.0,0.52,26.6,0.0,0.0,0.0,0,4.822265625,6,45,05:39,20:21,2025-05-22 18:39:23.823793,Città della Scienza,61.3,6.213681,8.283859,5.3442664,4.0785694,EU EEA Common AQI,74.0,5.098212,6.817688,7200,4.6811595,100,100,63.3,4.3478255,Very Low,73.6,5.029374,100,1747938600,Very Low,4.275413,6.2846045,Very Low,6.500359,59.5,7.3913045,100,1747938600,5.4347825
2025-05-22T18:39:35Z,0,29.883,74.6,56,68.7,4,6,182,72,0.0,255,32767,0.0,2127-15-31,0.0,0.52,26.6,0.0,0.0,0.0,0,4.822265625,6,45,05:39,20:21,2025-05-22 18:39:34.930789,Città della Scienza,61.3,6.213681,8.283859,5.3442664,4.0785694,EU EEA Common AQI,74.0,5.098212,6.817688,7200,4.6811595,100,100,63.3,4.3478255,Very Low,73.6,5.029374,100,1747938600,Very Low,4.275413,6.2846045,Very Low,6.500359,59.5,7.3913045,100,1747938600,5.4347825
2025-05-22T18:39:46Z,0,29.883,74.6,56,68.6,6,6,169,72,0.0,255,32767,0.0,2127-15-31,0.0,0.52,26.6,0.0,0.0,0.0,0,4.822265625,6,45,05:39,20:21,2025-05-22 18:39:46.049811,Città della Scienza,61.3,6.213681,8.283859,5.3442664,4.0785694,EU EEA Common AQI,74.0,5.098212,6.817688,7200,4.6811595,100,100,63.3,4.3478255,Very Low,73.6,5.029374,100,1747938600,Very Low,4.275413,6.2846045,Very Low,6.500359,59.5,7.3913045,100,1747938600,5.4347825
2025-05-22T18:39:57Z,0,29.883,74.6,56,68.7,6,6,194,72,0.0,255,32767,0.0,2127-15-31,0.0,0.52,26.6,0.0,0.0,0.0,0,4.822265625,6,45,05:39,20:21,2025-05-22 18:39:57.127792,Città della Scienza,61.3,6.213681,8.283859,5.3442664,4.0785694,EU EEA Common AQI,74.0,5.098212,6.817688,7200,4.6811595,100,100,63.3,4.3478255,Very Low,73.6,5.029374,100,1747938600,Very Low,4.275413,6.2846045,Very Low,6.500359,59.5,7.3913045,100,1747938600,5.4347825
2025-05-22T18:40:08Z,0,29.883,74.6,56,68.7,4,6,220,72,0.0,255,32767,0.0,2127-15-31,0.0,0.52,26.6,0.0,0.0,0.0,0,4.822265625,6,45,05:39,20:21,2025-05-22 18:40:08.239792,Città della Scienza,61.3,6.213681,8.283859,5.3442664,4.0785694,EU EEA Common AQI,74.0,5.098212,6.817688,7200,4.6811595,100,100,63.3,4.3478255,Very Low,73.6,5.029374,100,1747938600,Very Low,4.275413,6.2846045,Very Low,6.500359,59.5,7.3913045,100,1747938600,5.4347825
2025-05-22T18:40:19Z,0,29.883,74.6,56,68.6,6,6,212,72,0.0,255,32767,0.0,2127-15-31,0.0,0.52,26.6,0.0,0.0,0.0,0,4.822265625,6,45,05:39,20:21,2025-05-22 18:40:19.351783,Città della Scienza,61.3,6.213681,8.283859,5.3442664,4.0785694,EU EEA Common AQI,74.0,5.098212,6.817688,7200,4.6811595,100,100,63.3,4.3478255,Very Low,73.6,5.029374,100,1747938600,Very Low,4.275413,6.2846045,Very Low,6.500359,59.5,7.3913045,100,1747938600,5.4347825
2025-05-22T18:40:30Z,0,29.883,74.6,56,68.6,2,6,211,73,0.0,255,32767,0.0,2127-15-31,0.0,0.52,26.6,0.0,0.0,0.0,0,4.822265625,6,45,05:39,20:21,2025-05-22 18:40:30.406787,Città della Scienza,61.3,6.213681,8.283859,5.3442664,4.0785694,EU EEA Common AQI,74.0,5.098212,6.817688,7200,4.6811595,100,100,63.3,4.3478255,Very Low,73.6,5.029374,100,1747938600,Very Low,4.275413,6.2846045,Very Low,6.500359,59.5,7.3913045,100,1747938600,5.4347825
2025-05-22T18:40:41Z,0,29.885,74.6,56,68.7,3,6,219,73,0.0,255,32767,0.0,2127-15-31,0.0,0.52,26.6,0.0,0.0,0.0,0,4.822265625,6,45,05:39,20:21,2025-05-22 18:40:41.484786,Città della Scienza,61.3,6.213681,8.283859,5.3442664,4.0785694,EU EEA Common AQI,74.0,5.098212,6.817688,7200,4.6811595,100,100,63.3,4.3478255,Very Low,73.6,5.029374,100,1747938600,Very Low,4.275413,6.2846045,Very Low,6.500359,59.5,7.3913045,100,1747938600,5.4347825
2025-05-22T18:40:52Z,0,29.885,74.6,56,68.7,7,6,286,73,0.0,255,32767,0.0,2127-15-31,0.0,0.52,26.6,0.0,0.0,0.0,0,4.822265625,6,45,05:39,20:21,2025-05-22 18:40:52.584786,Città della Scienza,61.3,6.213681,8.283859,5.3442664,4.0785694,EU EEA Common AQI,74.0,5.098212,6.817688,7200,4.6811595,100,100,63.3,4.3478255,Very Low,73.6,5.029374,100,1747938600,Very Low,4.275413,6.2846045,Very Low,6.500359,59.5,7.3913045,100,1747938600,5.4347825
2025-05-22T18:41:03Z,0,29.885,74.6,56,68.6,6,6,236,73,0.0,255,32767,0.0,2127-15-31,0.0,0.52,26.6,0.0,0.0,0.0,0,4.822265625,6,45,05:39,20:21,2025-05-22 18:41:03.678788,Città della Scienza,61.3,6.213681,8.283859,5.3442664,4.0785694,EU EEA Common AQI,74.0,5.098212,6.817688,7200,4.6811595,100,100,63.3,4.3478255,Very Low,73.6,5.029374,100,1747938600,Very Low,4.275413,6.2846045,Very Low,6.500359,59.5,7.3913045,100,1747938600,5.4347825
2025-05-22T18:41:14Z,0,29.885,74.6,56,68.6,4,6,233,72,0.0,255,32767,0.0,2127-15-31,0.0,0.52,26.6,0.0,0.0,0.0,0,4.822265625,6,45,05:39,20:21,2025-05-22 18:41:14.747789,Città della Scienza,61.3,6.213681,8.283859,5.3442664,4.0785694,EU EEA Common AQI,74.0,5.098212,6.817688,7200,4.6811595,100,100,63.3,4.3478255,Very Low,73.6,5.029374,100,1747938600,Very Low,4.275413,6.2846045,Very Low,6.500359,59.5,7.3913045,100,1747938600,5.4347825
2025-05-22T18:41:26Z,0,29.885,74.6,56,68.7,5,6,237,72,0.0,255,32767,0.0,2127-15-31,0.0,0.52,26.6,0.0,0.0,0.0,0,4.822265625,6,45,05:39,20:21,2025-05-22 18:41:25.863799,Città della Scienza,61.3,6.213681,8.283859,5.3442664,4.0785694,EU EEA Common AQI,74.0,5.098212,6.817688,7200,4.6811595,100,100,63.3,4.3478255,Very Low,73.6,5.029374,100,1747938600,Very Low,4.275413,6.2846045,Very Low,6.500359,59.5,7.3913045,100,1747938600,5.4347825
2025-05-22T18:41:37Z,0,29.886,74.6,56,68.7,6,6,229,72,0.0,255,32767,0.0,2127-15-31,0.0,0.52,26.6,0.0,0.0,0.0,0,4.822265625,6,45,05:39,20:21,2025-05-22 18:41:36.917783,Città della Scienza,61.3,6.213681,8.283859,5.3442664,4.0785694,EU EEA Common AQI,74.0,5.098212,6.817688,7200,4.6811595,100,100,63.3,4.3478255,Very Low,73.6,5.029374,100,1747938600,Very Low,4.275413,6.2846045,Very Low,6.500359,59.5,7.3913045,100,1747938600,5.4347825
2025-05-22T18:41:48Z,0,29.886,74.6,56,68.6,8,6,198,72,0.0,255,32767,0.0,2127-15-31,0.0,0.52,26.6,0.0,0.0,0.0,0,4.822265625,6,45,05:39,20:21,2025-05-22 18:41:48.057799,Città della Scienza,61.3,6.213681,8.283859,5.3442664,4.0785694,EU EEA Common AQI,74.0,5.098212,6.817688,7200,4.6811595,100,100,63.3,4.3478255,Very Low,73.6,5.029374,100,1747938600,Very Low,4.275413,6.2846045,Very Low,6.500359,59.5,7.3913045,100,1747938600,5.4347825
2025-05-22T18:41:59Z,0,29.886,74.6,56,68.6,5,6,244,72,0.0,255,32767,0.0,2127-15-31,0.0,0.52,26.6,0.0,0.0,0.0,0,4.822265625,6,45,05:39,20:21,2025-05-22 18:41:59.152795,Città della Scienza,61.3,6.213681,8.283859,5.3442664,4.0785694,EU EEA Common AQI,74.0,5.098212,6.817688,7200,4.6811595,100,100,63.3,4.3478255,Very Low,73.6,5.029374,100,1747938600,Very Low,4.275413,6.2846045,Very Low,6.500359,59.5,7.3913045,100,1747938600,5.4347825
2025-05-22T18:42:10Z,0,29.886,74.6,56,68.6,5,6,162,72,0.0,255,32767,0.0,2127-15-31,0.0,0.52,26.6,0.0,0.0,0.0,0,4.822265625,6,45,05:39,20:21,2025-05-22 18:42:10.250792,Città della Scienza,61.3,6.213681,8.283859,5.3442664,4.0785694,EU EEA Common AQI,74.0,5.098212,6.817688,7200,4.6811595,100,100,63.3,4.3478255,Very Low,73.6,5.029374,100,1747938600,Very Low,4.275413,6.2846045,Very Low,6.500359,59.5,7.3913045,100,1747938600,5.4347825
2025-05-22T18:42:21Z,0,29.886,74.6,56,68.6,5,6,180,72,0.0,255,32767,0.0,2127-15-31,0.0,0.52,26.6,0.0,0.0,0.0,0,4.822265625,6,45,05:39,20:21,2025-05-22 18:42:21.284778,Città della Scienza,61.3,6.213681,8.283859,5.3442664,4.0785694,EU EEA Common AQI,74.0,5.098212,6.817688,7200,4.6811595,100,100,63.3,4.3478255,Very Low,73.6,5.029374,100,1747938600,Very Low,4.275413,6.2846045,Very Low,6.500359,59.5,7.3913045,100,1747938600,5.4347825
2025-05-22T18:42:32Z,0,29.886,74.6,56,68.6,6,6,170,72,0.0,255,32767,0.0,2127-15-31,0.0,0.52,26.6,0.0,0.0,0.0,0,4.822265625,6,45,05:39,20:21,2025-05-22 18:42:32.330786,Città della Scienza,61.3,6.213681,8.283859,5.3442664,4.0785694,EU EEA Common AQI,74.0,5.098212,6.817688,7200,4.6811595,100,100,63.3,4.3478255,Very Low,73.6,5.029374,100,1747938600,Very Low,4.275413,6.2846045,Very Low,6.500359,59.5,7.3913045,100,1747938600,5.4347825
2025-05-22T18:42:43Z,0,29.885,74.6,56,68.6,3,6,182,72,0.0,255,32767,0.0,2127-15-31,0.0,0.52,26.6,0.0,0.0,0.0,0,4.822265625,6,45,05:39,20:21,2025-05-22 18:42:43.430766,Città della Scienza,61.3,6.213681,8.283859,5.3442664,4.0785694,EU EEA Common AQI,74.0,5.098212,6.817688,7200,4.6811595,100,100,63.3,4.3478255,Very Low,73.6,5.029374,100,1747938600,Very Low,4.275413,6.2846045,Very Low,6.500359,59.5,7.3913045,100,1747938600,5.4347825
2025-05-22T18:42:54Z,0,29.885,74.6,56,68.6,4,6,186,72,0.0,255,32767,0.0,2127-15-31,0.0,0.52,26.6,0.0,0.0,0.0,0,4.822265625,6,45,05:39,20:21,2025-05-22 18:42:54.485805,Città della Scienza,61.3,6.213681,8.283859,5.3442664,4.0785694,EU EEA Common AQI,74.0,5.098212,6.817688,7200,4.6811595,100,100,63.3,4.3478255,Very Low,73.6,5.029374,100,1747938600,Very Low,4.275413,6.2846045,Very Low,6.500359,59.5,7.3913045,100,1747938600,5.4347825
2025-05-22T18:43:05Z,0,29.885,74.6,56,68.6,3,6,179,72,0.0,255,32767,0.0,2127-15-31,0.0,0.52,26.6,0.0,0.0,0.0,0,4.822265625,6,45,05:39,20:21,2025-05-22 18:43:05.571796,Città della Scienza,61.3,6.213681,8.283859,5.3442664,4.0785694,EU EEA Common AQI,74.0,5.098212,6.817688,7200,4.6811595,100,100,63.3,4.3478255,Very Low,73.6,5.029374,100,1747938600,Very Low,4.275413,6.2846045,Very Low,6.500359,59.5,7.3913045,100,1747938600,5.4347825
2025-05-22T18:43:16Z,0,29.885,74.6,56,68.6,5,6,190,72,0.0,255,32767,0.0,2127-15-31,0.0,0.52,26.6,0.0,0.0,0.0,0,4.822265625,6,45,05:39,20:21,2025-05-22 18:43:16.641789,Città della Scienza,61.3,6.213681,8.283859,5.3442664,4.0785694,EU EEA Common AQI,74.0,5.098212,6.817688,7200,4.6811595,100,100,63.3,4.3478255,Very Low,73.6,5.029374,100,1747938600,Very Low,4.275413,6.2846045,Very Low,6.500359,59.5,7.3913045,100,1747938600,5.4347825
2025-05-22T18:43:27Z,0,29.885,74.6,56,68.6,6,6,196,72,0.0,255,32767,0.0,2127-15-31,0.0,0.52,26.6,0.0,0.0,0.0,0,4.822265625,6,45,05:39,20:21,2025-05-22 18:43:27.741199,Città della Scienza,61.3,6.213681,8.283859,5.3442664,4.0785694,EU EEA Common AQI,74.0,5.098212,6.817688,7200,4.6811595,100,100,63.3,4.3478255,Very Low,73.6,5.029374,100,1747938600,Very Low,4.275413,6.2846045,Very Low,6.500359,59.5,7.3913045,100,1747938600,5.4347825
2025-05-22T18:43:39Z,0,29.885,74.5,56,68.6,9,6,205,72,0.0,255,32767,0.0,2127-15-31,0.0,0.52,26.6,0.0,0.0,0.0,0,4.822265625,6,45,05:39,20:21,2025-05-22 18:43:38.845798,Città della Scienza,61.3,6.213681,8.283859,5.3442664,4.0785694,EU EEA Common AQI,74.0,5.098212,6.817688,7200,4.6811595,100,100,63.3,4.3478255,Very Low,73.6,5.029374,100,1747938600,Very Low,4.275413,6.2846045,Very Low,6.500359,59.5,7.3913045,100,1747938600,5.4347825
2025-05-22T18:43:50Z,0,29.885,74.5,56,68.6,4,6,103,72,0.0,255,32767,0.0,2127-15-31,0.0,0.52,26.6,0.0,0.0,0.0,0,4.822265625,6,45,05:39,20:21,2025-05-22 18:43:49.887796,Città della Scienza,61.3,6.213681,8.283859,5.3442664,4.0785694,EU EEA Common AQI,74.0,5.098212,6.817688,7200,4.6811595,100,100,63.3,4.3478255,Very Low,73.6,5.029374,100,1747938600,Very Low,4.275413,6.2846045,Very Low,6.500359,59.5,7.3913045,100,1747938600,5.4347825
2025-05-22T18:44:01Z,0,29.885,74.5,56,68.6,6,6,189,73,0.0,255,32767,0.0,2127-15-31,0.0,0.52,26.6,0.0,0.0,0.0,0,4.822265625,6,45,05:39,20:21,2025-05-22 18:44:00.933795,Città della Scienza,61.3,6.213681,8.283859,5.3442664,4.0785694,EU EEA Common AQI,74.0,5.098212,6.817688,7200,4.6811595,100,100,63.3,4.3478255,Very Low,73.6,5.029374,100,1747938600,Very Low,4.275413,6.2846045,Very Low,6.500359,59.5,7.3913045,100,1747938600,5.4347825
2025-05-22T18:44:12Z,0,29.885,74.5,56,68.6,3,6,184,73,0.0,255,32767,0.0,2127-15-31,0.0,0.52,26.6,0.0,0.0,0.0,0,4.822265625,6,45,05:39,20:21,2025-05-22 18:44:12.014800,Città della Scienza,61.3,6.213681,8.283859,5.3442664,4.0785694,EU EEA Common AQI,74.0,5.098212,6.817688,7200,4.6811595,100,100,63.3,4.3478255,Very Low,73.6,5.029374,100,1747938600,Very Low,4.275413,6.2846045,Very Low,6.500359,59.5,7.3913045,100,1747938600,5.4347825
2025-05-22T18:44:23Z,0,29.885,74.5,56,68.6,4,6,161,73,0.0,255,32767,0.0,2127-15-31,0.0,0.52,26.6,0.0,0.0,0.0,0,4.822265625,6,45,05:39,20:21,2025-05-22 18:44:23.129797,Città della Scienza,61.3,6.213681,8.283859,5.3442664,4.0785694,EU EEA Common AQI,74.0,5.098212,6.817688,7200,4.6811595,100,100,63.3,4.3478255,Very Low,73.6,5.029374,100,1747938600,Very Low,4.275413,6.2846045,Very Low,6.500359,59.5,7.3913045,100,1747938600,5.4347825
2025-05-22T18:44:34Z,0,29.885,74.5,56,68.7,9,6,164,73,0.0,255,32767,0.0,2127-15-31,0.0,0.52,26.6,0.0,0.0,0.0,0,4.822265625,6,45,05:39,20:21,2025-05-22 18:44:34.198796,Città della Scienza,61.3,6.213681,8.283859,5.3442664,4.0785694,EU EEA Common AQI,74.0,5.098212,6.817688,7200,4.6811595,100,100,63.3,4.3478255,Very Low,73.6,5.029374,100,1747938600,Very Low,4.275413,6.2846045,Very Low,6.500359,59.5,7.3913045,100,1747938600,5.4347825
2025-05-22T18:44:45Z,0,29.883,74.5,56,68.7,7,6,175,73,0.0,255,32767,0.0,2127-15-31,0.0,0.52,26.6,0.0,0.0,0.0,0,4.822265625,6,45,05:39,20:21,2025-05-22 18:44:45.291779,Città della Scienza,61.3,6.213681,8.283859,5.3442664,4.0785694,EU EEA Common AQI,74.0,5.098212,6.817688,7200,4.6811595,100,100,63.3,4.3478255,Very Low,73.6,5.029374,100,1747938600,Very Low,4.275413,6.2846045,Very Low,6.500359,59.5,7.3913045,100,1747938600,5.4347825
2025-05-22T18:44:56Z,0,29.883,74.5,56,68.7,4,6,238,73,0.0,255,32767,0.0,2127-15-31,0.0,0.52,26.6,0.0,0.0,0.0,0,4.822265625,6,45,05:39,20:21,2025-05-22 18:44:56.383800,Città della Scienza,61.3,6.213681,8.283859,5.3442664,4.0785694,EU EEA Common AQI,74.0,5.098212,6.817688,7200,4.6811595,100,100,63.3,4.3478255,Very Low,73.6,5.029374,100,1747938600,Very Low,4.275413,6.2846045,Very Low,6.500359,59.5,7.3913045,100,1747938600,5.4347825
2025-05-22T18:45:07Z,0,29.883,74.5,56,68.6,5,6,174,73,0.0,255,32767,0.0,2127-15-31,0.0,0.52,26.6,0.0,0.0,0.0,0,4.822265625,6,45,05:39,20:21,2025-05-22 18:45:07.442801,Città della Scienza,61.3,6.213681,8.283859,5.3442664,4.0785694,EU EEA Common AQI,74.0,5.098212,6.817688,7200,4.6811595,100,100,63.3,4.3478255,Very Low,73.6,5.029374,100,1747938600,Very Low,4.275413,6.2846045,Very Low,6.500359,59.5,7.3913045,100,1747938600,5.4347825
2025-05-22T18:45:18Z,0,29.883,74.5,56,68.6,3,6,192,73,0.0,255,32767,0.0,2127-15-31,0.0,0.52,26.6,0.0,0.0,0.0,0,4.822265625,6,45,05:39,20:21,2025-05-22 18:45:18.507784,Città della Scienza,61.3,6.213681,8.283859,5.3442664,4.0785694,EU EEA Common AQI,74.0,5.098212,6.817688,7200,4.6811595,100,100,63.3,4.3478255,Very Low,73.6,5.029374,100,1747938600,Very Low,4.275413,6.2846045,Very Low,6.500359,59.5,7.3913045,100,1747938600,5.4347825
2025-05-22T18:45:29Z,0,29.883,74.5,56,68.6,8,6,180,73,0.0,255,32767,0.0,2127-15-31,0.0,0.52,26.6,0.0,0.0,0.0,0,4.822265625,6,45,05:39,20:21,2025-05-22 18:45:29.640799,Città della Scienza,63.7,6.4075994,8.270214,5.521073,4.147898,EU EEA Common AQI,73.3,5.184873,6.8114696,7200,5.014493,100,100,63.5,4.7999997,Very Low,72.9,5.153109,100,1747939500,Very Low,4.416858,6.4293942,Very Low,6.8359675,59.9,8.289855,100,1747939500,6.0
2025-05-22T18:45:40Z,0,29.885,74.5,56,68.6,6,5,179,73,0.0,255,32767,0.0,2127-15-31,0.0,0.52,26.6,0.0,0.0,0.0,0,4.822265625,6,45,05:39,20:21,2025-05-22 18:45:40.723788,Città della Scienza,63.7,6.4075994,8.270214,5.521073,4.147898,EU EEA Common AQI,73.3,5.184873,6.8114696,7200,5.014493,100,100,63.5,4.7999997,Very Low,72.9,5.153109,100,1747939500,Very Low,4.416858,6.4293942,Very Low,6.8359675,59.9,8.289855,100,1747939500,6.0
2025-05-22T18:45:52Z,0,29.885,74.5,56,68.6,8,5,185,73,0.0,255,32767,0.0,2127-15-31,0.0,0.52,26.6,0.0,0.0,0.0,0,4.822265625,6,45,05:39,20:21,2025-05-22 18:45:51.809807,Città della Scienza,63.7,6.4075994,8.270214,5.521073,4.147898,EU EEA Common AQI,73.3,5.184873,6.8114696,7200,5.014493,100,100,63.5,4.7999997,Very Low,72.9,5.153109,100,1747939500,Very Low,4.416858,6.4293942,Very Low,6.8359675,59.9,8.289855,100,1747939500,6.0
2025-05-22T18:46:03Z,0,29.885,74.5,56,68.7,7,5,259,73,0.0,255,32767,0.0,2127-15-31,0.0,0.52,26.6,0.0,0.0,0.0,0,4.822265625,6,45,05:39,20:21,2025-05-22 18:46:02.887790,Città della Scienza,63.7,6.4075994,8.270214,5.521073,4.147898,EU EEA Common AQI,73.3,5.184873,6.8114696,7200,5.014493,100,100,63.5,4.7999997,Very Low,72.9,5.153109,100,1747939500,Very Low,4.416858,6.4293942,Very Low,6.8359675,59.9,8.289855,100,1747939500,6.0
2025-05-22T18:46:14Z,0,29.885,74.5,56,68.7,6,5,194,73,0.0,255,32767,0.0,2127-15-31,0.0,0.52,26.6,0.0,0.0,0.0,0,4.822265625,6,45,05:39,20:21,2025-05-22 18:46:13.972789,Città della Scienza,63.7,6.4075994,8.270214,5.521073,4.147898,EU EEA Common AQI,73.3,5.184873,6.8114696,7200,5.014493,100,100,63.5,4.7999997,Very Low,72.9,5.153109,100,1747939500,Very Low,4.416858,6.4293942,Very Low,6.8359675,59.9,8.289855,100,1747939500,6.0
2025-05-22T18:46:25Z,0,29.885,74.5,56,68.6,4,5,146,73,0.0,255,32767,0.0,2127-15-31,0.0,0.52,26.6,0.0,0.0,0.0,0,4.822265625,6,45,05:39,20:21,2025-05-22 18:46:25.020753,Città della Scienza,63.7,6.4075994,8.270214,5.521073,4.147898,EU EEA Common AQI,73.3,5.184873,6.8114696,7200,5.014493,100,100,63.5,4.7999997,Very Low,72.9,5.153109,100,1747939500,Very Low,4.416858,6.4293942,Very Low,6.8359675,59.9,8.289855,100,1747939500,6.0
2025-05-22T18:46:36Z,0,29.883,74.5,56,68.6,9,5,195,73,0.0,255,32767,0.0,2127-15-31,0.0,0.52,26.6,0.0,0.0,0.0,0,4.822265625,6,45,05:39,20:21,2025-05-22 18:46:36.108788,Città della Scienza,63.7,6.4075994,8.270214,5.521073,4.147898,EU EEA Common AQI,73.3,5.184873,6.8114696,7200,5.014493,100,100,63.5,4.7999997,Very Low,72.9,5.153109,100,1747939500,Very Low,4.416858,6.4293942,Very Low,6.8359675,59.9,8.289855,100,1747939500,6.0
2025-05-22T18:46:47Z,0,29.883,74.5,56,68.6,7,5,196,73,0.0,255,32767,0.0,2127-15-31,0.0,0.52,26.6,0.0,0.0,0.0,0,4.822265625,6,45,05:39,20:21,2025-05-22 18:46:47.166785,Città della Scienza,63.7,6.4075994,8.270214,5.521073,4.147898,EU EEA Common AQI,73.3,5.184873,6.8114696,7200,5.014493,100,100,63.5,4.7999997,Very Low,72.9,5.153109,100,1747939500,Very Low,4.416858,6.4293942,Very Low,6.8359675,59.9,8.289855,100,1747939500,6.0
2025-05-22T18:46:58Z,0,29.883,74.5,56,68.7,3,5,209,73,0.0,255,32767,0.0,2127-15-31,0.0,0.52,26.6,0.0,0.0,0.0,0,4.822265625,6,45,05:39,20:21,2025-05-22 18:46:58.235793,Città della Scienza,63.7,6.4075994,8.270214,5.521073,4.147898,EU EEA Common AQI,73.3,5.184873,6.8114696,7200,5.014493,100,100,63.5,4.7999997,Very Low,72.9,5.153109,100,1747939500,Very Low,4.416858,6.4293942,Very Low,6.8359675,59.9,8.289855,100,1747939500,6.0
2025-05-22T18:47:09Z,0,29.883,74.5,56,68.6,3,5,234,73,0.0,255,32767,0.0,2127-15-31,0.0,0.52,26.6,0.0,0.0,0.0,0,4.822265625,6,45,05:39,20:21,2025-05-22 18:47:09.327786,Città della Scienza,63.7,6.4075994,8.270214,5.521073,4.147898,EU EEA Common AQI,73.3,5.184873,6.8114696,7200,5.014493,100,100,63.5,4.7999997,Very Low,72.9,5.153109,100,1747939500,Very Low,4.416858,6.4293942,Very Low,6.8359675,59.9,8.289855,100,1747939500,6.0
2025-05-22T18:47:20Z,0,29.883,74.5,56,68.6,6,5,173,73,0.0,255,32767,0.0,2127-15-31,0.0,0.52,26.6,0.0,0.0,0.0,0,4.822265625,6,45,05:39,20:21,2025-05-22 18:47:20.399790,Città della Scienza,63.7,6.4075994,8.270214,5.521073,4.147898,EU EEA Common AQI,73.3,5.184873,6.8114696,7200,5.014493,100,100,63.5,4.7999997,Very Low,72.9,5.153109,100,1747939500,Very Low,4.416858,6.4293942,Very Low,6.8359675,59.9,8.289855,100,1747939500,6.0
2025-05-22T18:47:31Z,0,29.883,74.5,56,68.6,6,5,208,73,0.0,255,32767,0.0,2127-15-31,0.0,0.52,26.6,0.0,0.0,0.0,0,4.822265625,6,45,05:39,20:21,2025-05-22 18:47:31.476785,Città della Scienza,63.7,6.4075994,8.270214,5.521073,4.147898,EU EEA Common AQI,73.3,5.184873,6.8114696,7200,5.014493,100,100,63.5,4.7999997,Very Low,72.9,5.153109,100,1747939500,Very Low,4.416858,6.4293942,Very Low,6.8359675,59.9,8.289855,100,1747939500,6.0
2025-05-22T18:47:42Z,0,29.885,74.5,56,68.6,5,5,197,73,0.0,255,32767,0.0,2127-15-31,0.0,0.52,26.6,0.0,0.0,0.0,0,4.822265625,6,45,05:39,20:21,2025-05-22 18:47:42.570799,Città della Scienza,63.7,6.4075994,8.270214,5.521073,4.147898,EU EEA Common AQI,73.3,5.184873,6.8114696,7200,5.014493,100,100,63.5,4.7999997,Very Low,72.9,5.153109,100,1747939500,Very Low,4.416858,6.4293942,Very Low,6.8359675,59.9,8.289855,100,1747939500,6.0
2025-05-22T18:47:53Z,0,29.885,74.5,56,68.6,3,5,194,73,0.0,255,32767,0.0,2127-15-31,0.0,0.52,26.6,0.0,0.0,0.0,0,4.822265625,6,45,05:39,20:21,2025-05-22 18:47:53.649794,Città della Scienza,63.7,6.4075994,8.270214,5.521073,4.147898,EU EEA Common AQI,73.3,5.184873,6.8114696,7200,5.014493,100,100,63.5,4.7999997,Very Low,72.9,5.153109,100,1747939500,Very Low,4.416858,6.4293942,Very Low,6.8359675,59.9,8.289855,100,1747939500,6.0
2025-05-22T18:48:04Z,0,29.885,74.5,56,68.6,4,5,258,73,0.0,255,32767,0.0,2127-15-31,0.0,0.52,26.6,0.0,0.0,0.0,0,4.822265625,6,45,05:39,20:21,2025-05-22 18:48:04.727794,Città della Scienza,63.7,6.4075994,8.270214,5.521073,4.147898,EU EEA Common AQI,73.3,5.184873,6.8114696,7200,5.014493,100,100,63.5,4.7999997,Very Low,72.9,5.153109,100,1747939500,Very Low,4.416858,6.4293942,Very Low,6.8359675,59.9,8.289855,100,1747939500,6.0
2025-05-22T18:48:16Z,0,29.885,74.5,56,68.6,5,5,182,73,0.0,255,32767,0.0,2127-15-31,0.0,0.52,26.6,0.0,0.0,0.0,0,4.822265625,6,45,05:39,20:21,2025-05-22 18:48:15.842792,Città della Scienza,63.7,6.4075994,8.270214,5.521073,4.147898,EU EEA Common AQI,73.3,5.184873,6.8114696,7200,5.014493,100,100,63.5,4.7999997,Very Low,72.9,5.153109,100,1747939500,Very Low,4.416858,6.4293942,Very Low,6.8359675,59.9,8.289855,100,1747939500,6.0
2025-05-22T18:48:27Z,0,29.885,74.5,56,68.6,3,5,196,73,0.0,255,32767,0.0,2127-15-31,0.0,0.52,26.6,0.0,0.0,0.0,0,4.822265625,6,45,05:39,20:21,2025-05-22 18:48:26.939793,Città della Scienza,63.7,6.4075994,8.270214,5.521073,4.147898,EU EEA Common AQI,73.3,5.184873,6.8114696,7200,5.014493,100,100,63.5,4.7999997,Very Low,72.9,5.153109,100,1747939500,Very Low,4.416858,6.4293942,Very Low,6.8359675,59.9,8.289855,100,1747939500,6.0
2025-05-22T18:48:38Z,0,29.885,74.5,56,68.6,8,5,192,73,0.0,255,32767,0.0,2127-15-31,0.0,0.52,26.6,0.0,0.0,0.0,0,4.822265625,6,45,05:39,20:21,2025-05-22 18:48:37.993787,Città della Scienza,63.7,6.4075994,8.270214,5.521073,4.147898,EU EEA Common AQI,73.3,5.184873,6.8114696,7200,5.014493,100,100,63.5,4.7999997,Very Low,72.9,5.153109,100,1747939500,Very Low,4.416858,6.4293942,Very Low,6.8359675,59.9,8.289855,100,1747939500,6.0
2025-05-22T18:48:49Z,0,29.885,74.5,56,68.6,9,5,194,73,0.0,255,32767,0.0,2127-15-31,0.0,0.52,26.6,0.0,0.0,0.0,0,4.822265625,6,45,05:39,20:21,2025-05-22 18:48:49.068791,Città della Scienza,63.7,6.4075994,8.270214,5.521073,4.147898,EU EEA Common AQI,73.3,5.184873,6.8114696,7200,5.014493,100,100,63.5,4.7999997,Very Low,72.9,5.153109,100,1747939500,Very Low,4.416858,6.4293942,Very Low,6.8359675,59.9,8.289855,100,1747939500,6.0
2025-05-22T18:49:00Z,0,29.885,74.5,56,68.6,5,5,242,73,0.0,255,32767,0.0,2127-15-31,0.0,0.52,26.6,0.0,0.0,0.0,0,4.822265625,6,45,05:39,20:21,2025-05-22 18:49:00.143808,Città della Scienza,63.7,6.4075994,8.270214,5.521073,4.147898,EU EEA Common AQI,73.3,5.184873,6.8114696,7200,5.014493,100,100,63.5,4.7999997,Very Low,72.9,5.153109,100,1747939500,Very Low,4.416858,6.4293942,Very Low,6.8359675,59.9,8.289855,100,1747939500,6.0
2025-05-22T18:49:11Z,0,29.885,74.5,56,68.6,5,5,202,72,0.0,255,32767,0.0,2127-15-31,0.0,0.52,26.6,0.0,0.0,0.0,0,4.822265625,6,45,05:39,20:21,2025-05-22 18:49:11.252804,Città della Scienza,63.7,6.4075994,8.270214,5.521073,4.147898,EU EEA Common AQI,73.3,5.184873,6.8114696,7200,5.014493,100,100,63.5,4.7999997,Very Low,72.9,5.153109,100,1747939500,Very Low,4.416858,6.4293942,Very Low,6.8359675,59.9,8.289855,100,1747939500,6.0
2025-05-22T18:49:22Z,0,29.885,74.5,56,68.6,4,5,221,72,0.0,255,32767,0.0,2127-15-31,0.0,0.52,26.6,0.0,0.0,0.0,0,4.822265625,6,45,05:39,20:21,2025-05-22 18:49:22.335789,Città della Scienza,63.7,6.4075994,8.270214,5.521073,4.147898,EU EEA Common AQI,73.3,5.184873,6.8114696,7200,5.014493,100,100,63.5,4.7999997,Very Low,72.9,5.153109,100,1747939500,Very Low,4.416858,6.4293942,Very Low,6.8359675,59.9,8.289855,100,1747939500,6.0
2025-05-22T18:49:33Z,0,29.885,74.5,56,68.6,5,5,183,72,0.0,255,32767,0.0,2127-15-31,0.0,0.52,26.6,0.0,0.0,0.0,0,4.822265625,6,45,05:39,20:21,2025-05-22 18:49:33.414797,Città della Scienza,63.7,6.4075994,8.270214,5.521073,4.147898,EU EEA Common AQI,73.3,5.184873,6.8114696,7200,5.014493,100,100,63.5,4.7999997,Very Low,72.9,5.153109,100,1747939500,Very Low,4.416858,6.4293942,Very Low,6.8359675,59.9,8.289855,100,1747939500,6.0
2025-05-22T18:49:44Z,0,29.883,74.5,56,68.6,6,6,215,72,0.0,255,32767,0.0,2127-15-31,0.0,0.52,26.6,0.0,0.0,0.0,0,4.822265625,6,45,05:39,20:21,2025-05-22 18:49:44.457795,Città della Scienza,63.7,6.4075994,8.270214,5.521073,4.147898,EU EEA Common AQI,73.3,5.184873,6.8114696,7200,5.014493,100,100,63.5,4.7999997,Very Low,72.9,5.153109,100,1747939500,Very Low,4.416858,6.4293942,Very Low,6.8359675,59.9,8.289855,100,1747939500,6.0
2025-05-22T18:49:55Z,0,29.883,74.5,56,68.6,9,6,192,72,0.0,255,32767,0.0,2127-15-31,0.0,0.52,26.6,0.0,0.0,0.0,0,4.822265625,6,45,05:39,20:21,2025-05-22 18:49:55.564797,Città della Scienza,63.7,6.4075994,8.270214,5.521073,4.147898,EU EEA Common AQI,73.3,5.184873,6.8114696,7200,5.014493,100,100,63.5,4.7999997,Very Low,72.9,5.153109,100,1747939500,Very Low,4.416858,6.4293942,Very Low,6.8359675,59.9,8.289855,100,1747939500,6.0
2025-05-22T18:50:06Z,0,29.883,74.5,56,68.6,7,6,198,72,0.0,255,32767,0.0,2127-15-31,0.0,0.52,26.6,0.0,0.0,0.0,0,4.822265625,6,45,05:39,20:21,2025-05-22 18:50:06.633796,Città della Scienza,63.7,6.4075994,8.270214,5.521073,4.147898,EU EEA Common AQI,73.3,5.184873,6.8114696,7200,5.014493,100,100,63.5,4.7999997,Very Low,72.9,5.153109,100,1747939500,Very Low,4.416858,6.4293942,Very Low,6.8359675,59.9,8.289855,100,1747939500,6.0
2025-05-22T18:50:17Z,0,29.883,74.5,56,68.5,6,6,202,72,0.0,255,32767,0.0,2127-15-31,0.0,0.52,26.6,0.0,0.0,0.0,0,4.822265625,6,45,05:39,20:21,2025-05-22 18:50:17.760794,Città della Scienza,63.7,6.4075994,8.270214,5.521073,4.147898,EU EEA Common AQI,73.3,5.184873,6.8114696,7200,5.014493,100,100,63.5,4.7999997,Very Low,72.9,5.153109,100,1747939500,Very Low,4.416858,6.4293942,Very Low,6.8359675,59.9,8.289855,100,1747939500,6.0
2025-05-22T18:50:29Z,0,29.883,74.5,56,68.6,7,6,185,72,0.0,255,32767,0.0,2127-15-31,0.0,0.52,26.6,0.0,0.0,0.0,0,4.822265625,6,45,05:39,20:21,2025-05-22 18:50:28.860798,Città della Scienza,63.7,6.4075994,8.270214,5.521073,4.147898,EU EEA Common AQI,73.3,5.184873,6.8114696,7200,5.014493,100,100,63.5,4.7999997,Very Low,72.9,5.153109,100,1747939500,Very Low,4.416858,6.4293942,Very Low,6.8359675,59.9,8.289855,100,1747939500,6.0
2025-05-22T18:50:40Z,0,29.886,74.5,57,68.6,4,6,232,72,0.0,255,32767,0.0,2127-15-31,0.0,0.52,26.6,0.0,0.0,0.0,0,4.822265625,6,45,05:39,20:21,2025-05-22 18:50:39.962786,Città della Scienza,63.7,6.4075994,8.270214,5.521073,4.147898,EU EEA Common AQI,73.3,5.184873,6.8114696,7200,5.014493,100,100,63.5,4.7999997,Very Low,72.9,5.153109,100,1747939500,Very Low,4.416858,6.4293942,Very Low,6.8359675,59.9,8.289855,100,1747939500,6.0
2025-05-22T18:50:51Z,0,29.886,74.5,57,68.5,6,6,217,72,0.0,255,32767,0.0,2127-15-31,0.0,0.52,26.6,0.0,0.0,0.0,0,4.822265625,6,45,05:39,20:21,2025-05-22 18:50:51.018801,Città della Scienza,63.7,6.4075994,8.270214,5.521073,4.147898,EU EEA Common AQI,73.3,5.184873,6.8114696,7200,5.014493,100,100,63.5,4.7999997,Very Low,72.9,5.153109,100,1747939500,Very Low,4.416858,6.4293942,Very Low,6.8359675,59.9,8.289855,100,1747939500,6.0
2025-05-22T18:51:02Z,0,29.886,74.5,57,68.5,3,6,192,73,0.0,255,32767,0.0,2127-15-31,0.0,0.52,26.6,0.0,0.0,0.0,0,4.822265625,6,45,05:39,20:21,2025-05-22 18:51:02.068777,Città della Scienza,63.7,6.4075994,8.270214,5.521073,4.147898,EU EEA Common AQI,73.3,5.184873,6.8114696,7200,5.014493,100,100,63.5,4.7999997,Very Low,72.9,5.153109,100,1747939500,Very Low,4.416858,6.4293942,Very Low,6.8359675,59.9,8.289855,100,1747939500,6.0
2025-05-22T18:51:13Z,0,29.886,74.5,57,68.6,10,6,169,73,0.0,255,32767,0.0,2127-15-31,0.0,0.52,26.6,0.0,0.0,0.0,0,4.822265625,6,45,05:39,20:21,2025-05-22 18:51:13.174788,Città della Scienza,63.7,6.4075994,8.270214,5.521073,4.147898,EU EEA Common AQI,73.3,5.184873,6.8114696,7200,5.014493,100,100,63.5,4.7999997,Very Low,72.9,5.153109,100,1747939500,Very Low,4.416858,6.4293942,Very Low,6.8359675,59.9,8.289855,100,1747939500,6.0
2025-05-22T18:51:24Z,0,29.886,74.5,57,68.5,7,6,165,73,0.0,255,32767,0.0,2127-15-31,0.0,0.52,26.6,0.0,0.0,0.0,0,4.822265625,6,45,05:39,20:21,2025-05-22 18:51:24.290801,Città della Scienza,63.7,6.4075994,8.270214,5.521073,4.147898,EU EEA Common AQI,73.3,5.184873,6.8114696,7200,5.014493,100,100,63.5,4.7999997,Very Low,72.9,5.153109,100,1747939500,Very Low,4.416858,6.4293942,Very Low,6.8359675,59.9,8.289855,100,1747939500,6.0
2025-05-22T18:51:35Z,0,29.883,74.5,57,68.5,9,6,205,73,0.0,255,32767,0.0,2127-15-31,0.0,0.52,26.6,0.0,0.0,0.0,0,4.822265625,6,45,05:39,20:21,2025-05-22 18:51:35.328782,Città della Scienza,63.7,6.4075994,8.270214,5.521073,4.147898,EU EEA Common AQI,73.3,5.184873,6.8114696,7200,5.014493,100,100,63.5,4.7999997,Very Low,72.9,5.153109,100,1747939500,Very Low,4.416858,6.4293942,Very Low,6.8359675,59.9,8.289855,100,1747939500,6.0
2025-05-22T18:51:46Z,0,29.883,74.5,57,68.5,4,6,183,72,0.0,255,32767,0.0,2127-15-31,0.0,0.52,26.6,0.0,0.0,0.0,0,4.822265625,6,45,05:39,20:21,2025-05-22 18:51:46.403761,Città della Scienza,63.7,6.4075994,8.270214,5.521073,4.147898,EU EEA Common AQI,73.3,5.184873,6.8114696,7200,5.014493,100,100,63.5,4.7999997,Very Low,72.9,5.153109,100,1747939500,Very Low,4.416858,6.4293942,Very Low,6.8359675,59.9,8.289855,100,1747939500,6.0
2025-05-22T18:51:57Z,0,29.883,74.5,57,68.5,9,6,171,72,0.0,255,32767,0.0,2127-15-31,0.0,0.52,26.6,0.0,0.0,0.0,0,4.822265625,6,45,05:39,20:21,2025-05-22 18:51:57.503796,Città della Scienza,63.7,6.4075994,8.270214,5.521073,4.147898,EU EEA Common AQI,73.3,5.184873,6.8114696,7200,5.014493,100,100,63.5,4.7999997,Very Low,72.9,5.153109,100,1747939500,Very Low,4.416858,6.4293942,Very Low,6.8359675,59.9,8.289855,100,1747939500,6.0
2025-05-22T18:52:08Z,0,29.883,74.5,57,68.5,7,6,182,72,0.0,255,32767,0.0,2127-15-31,0.0,0.52,26.6,0.0,0.0,0.0,0,4.822265625,6,45,05:39,20:21,2025-05-22 18:52:08.567757,Città della Scienza,63.7,6.4075994,8.270214,5.521073,4.147898,EU EEA Common AQI,73.3,5.184873,6.8114696,7200,5.014493,100,100,63.5,4.7999997,Very Low,72.9,5.153109,100,1747939500,Very Low,4.416858,6.4293942,Very Low,6.8359675,59.9,8.289855,100,1747939500,6.0
2025-05-22T18:52:19Z,0,29.883,74.5,57,68.5,7,6,196,72,0.0,255,32767,0.0,2127-15-31,0.0,0.52,26.6,0.0,0.0,0.0,0,4.822265625,6,45,05:39,20:21,2025-05-22 18:52:19.668792,Città della Scienza,63.7,6.4075994,8.270214,5.521073,4.147898,EU EEA Common AQI,73.3,5.184873,6.8114696,7200,5.014493,100,100,63.5,4.7999997,Very Low,72.9,5.153109,100,1747939500,Very Low,4.416858,6.4293942,Very Low,6.8359675,59.9,8.289855,100,1747939500,6.0
2025-05-22T18:52:30Z,0,29.883,74.5,57,68.5,8,6,188,72,0.0,255,32767,0.0,2127-15-31,0.0,0.52,26.6,0.0,0.0,0.0,0,4.822265625,6,45,05:39,20:21,2025-05-22 18:52:30.709792,Città della Scienza,63.7,6.4075994,8.270214,5.521073,4.147898,EU EEA Common AQI,73.3,5.184873,6.8114696,7200,5.014493,100,100,63.5,4.7999997,Very Low,72.9,5.153109,100,1747939500,Very Low,4.416858,6.4293942,Very Low,6.8359675,59.9,8.289855,100,1747939500,6.0
2025-05-22T18:52:41Z,0,29.884,74.5,57,68.5,5,6,226,72,0.0,255,32767,0.0,2127-15-31,0.0,0.52,26.6,0.0,0.0,0.0,0,4.822265625,6,45,05:39,20:21,2025-05-22 18:52:41.778787,Città della Scienza,63.7,6.4075994,8.270214,5.521073,4.147898,EU EEA Common AQI,73.3,5.184873,6.8114696,7200,5.014493,100,100,63.5,4.7999997,Very Low,72.9,5.153109,100,1747939500,Very Low,4.416858,6.4293942,Very Low,6.8359675,59.9,8.289855,100,1747939500,6.0
2025-05-22T18:52:53Z,0,29.884,74.5,57,68.5,5,6,219,72,0.0,255,32767,0.0,2127-15-31,0.0,0.52,26.6,0.0,0.0,0.0,0,4.822265625,6,45,05:39,20:21,2025-05-22 18:52:52.855783,Città della Scienza,63.7,6.4075994,8.270214,5.521073,4.147898,EU EEA Common AQI,73.3,5.184873,6.8114696,7200,5.014493,100,100,63.5,4.7999997,Very Low,72.9,5.153109,100,1747939500,Very Low,4.416858,6.4293942,Very Low,6.8359675,59.9,8.289855,100,1747939500,6.0
2025-05-22T18:53:04Z,0,29.884,74.5,57,68.5,5,6,177,72,0.0,255,32767,0.0,2127-15-31,0.0,0.52,26.6,0.0,0.0,0.0,0,4.822265625,6,45,05:39,20:21,2025-05-22 18:53:03.954797,Città della Scienza,63.7,6.4075994,8.270214,5.521073,4.147898,EU EEA Common AQI,73.3,5.184873,6.8114696,7200,5.014493,100,100,63.5,4.7999997,Very Low,72.9,5.153109,100,1747939500,Very Low,4.416858,6.4293942,Very Low,6.8359675,59.9,8.289855,100,1747939500,6.0
2025-05-22T18:53:15Z,0,29.884,74.5,57,68.5,8,6,200,72,0.0,255,32767,0.0,2127-15-31,0.0,0.52,26.6,0.0,0.0,0.0,0,4.822265625,6,45,05:39,20:21,2025-05-22 18:53:15.017785,Città della Scienza,63.7,6.4075994,8.270214,5.521073,4.147898,EU EEA Common AQI,73.3,5.184873,6.8114696,7200,5.014493,100,100,63.5,4.7999997,Very Low,72.9,5.153109,100,1747939500,Very Low,4.416858,6.4293942,Very Low,6.8359675,59.9,8.289855,100,1747939500,6.0
2025-05-22T18:53:26Z,0,29.884,74.5,57,68.6,11,6,182,72,0.0,255,32767,0.0,2127-15-31,0.0,0.52,26.6,0.0,0.0,0.0,0,4.822265625,6,45,05:39,20:21,2025-05-22 18:53:26.139795,Città della Scienza,63.7,6.4075994,8.270214,5.521073,4.147898,EU EEA Common AQI,73.3,5.184873,6.8114696,7200,5.014493,100,100,63.5,4.7999997,Very Low,72.9,5.153109,100,1747939500,Very Low,4.416858,6.4293942,Very Low,6.8359675,59.9,8.289855,100,1747939500,6.0
2025-05-22T18:53:37Z,0,29.887,74.5,57,68.5,8,6,187,72,0.0,255,32767,0.0,2127-15-31,0.0,0.52,26.6,0.0,0.0,0.0,0,4.822265625,6,45,05:39,20:21,2025-05-22 18:53:37.210799,Città della Scienza,63.7,6.4075994,8.270214,5.521073,4.147898,EU EEA Common AQI,73.3,5.184873,6.8114696,7200,5.014493,100,100,63.5,4.7999997,Very Low,72.9,5.153109,100,1747939500,Very Low,4.416858,6.4293942,Very Low,6.8359675,59.9,8.289855,100,1747939500,6.0
2025-05-22T18:53:48Z,0,29.887,74.5,57,68.5,9,6,195,72,0.0,255,32767,0.0,2127-15-31,0.0,0.52,26.6,0.0,0.0,0.0,0,4.822265625,6,45,05:39,20:21,2025-05-22 18:53:48.350788,Città della Scienza,63.7,6.4075994,8.270214,5.521073,4.147898,EU EEA Common AQI,73.3,5.184873,6.8114696,7200,5.014493,100,100,63.5,4.7999997,Very Low,72.9,5.153109,100,1747939500,Very Low,4.416858,6.4293942,Very Low,6.8359675,59.9,8.289855,100,1747939500,6.0
2025-05-22T18:53:59Z,0,29.887,74.5,57,68.5,7,6,180,72,0.0,255,32767,0.0,2127-15-31,0.0,0.52,26.6,0.0,0.0,0.0,0,4.822265625,6,45,05:39,20:21,2025-05-22 18:53:59.378784,Città della Scienza,63.7,6.4075994,8.270214,5.521073,4.147898,EU EEA Common AQI,73.3,5.184873,6.8114696,7200,5.014493,100,100,63.5,4.7999997,Very Low,72.9,5.153109,100,1747939500,Very Low,4.416858,6.4293942,Very Low,6.8359675,59.9,8.289855,100,1747939500,6.0
2025-05-22T18:54:10Z,0,29.887,74.5,57,68.5,8,6,183,72,0.0,255,32767,0.0,2127-15-31,0.0,0.52,26.6,0.0,0.0,0.0,0,4.822265625,6,45,05:39,20:21,2025-05-22 18:54:10.463785,Città della Scienza,63.7,6.4075994,8.270214,5.521073,4.147898,EU EEA Common AQI,73.3,5.184873,6.8114696,7200,5.014493,100,100,63.5,4.7999997,Very Low,72.9,5.153109,100,1747939500,Very Low,4.416858,6.4293942,Very Low,6.8359675,59.9,8.289855,100,1747939500,6.0
2025-05-22T18:54:21Z,0,29.887,74.5,57,68.5,8,6,196,72,0.0,255,32767,0.0,2127-15-31,0.0,0.52,26.6,0.0,0.0,0.0,0,4.822265625,6,45,05:39,20:21,2025-05-22 18:54:21.564785,Città della Scienza,63.7,6.4075994,8.270214,5.521073,4.147898,EU EEA Common AQI,73.3,5.184873,6.8114696,7200,5.014493,100,100,63.5,4.7999997,Very Low,72.9,5.153109,100,1747939500,Very Low,4.416858,6.4293942,Very Low,6.8359675,59.9,8.289855,100,1747939500,6.0
2025-05-22T18:54:32Z,0,29.887,74.5,57,68.5,5,6,213,72,0.0,255,32767,0.0,2127-15-31,0.0,0.52,26.6,0.0,0.0,0.0,0,4.822265625,6,45,05:39,20:21,2025-05-22 18:54:32.660761,Città della Scienza,63.7,6.4075994,8.270214,5.521073,4.147898,EU EEA Common AQI,73.3,5.184873,6.8114696,7200,5.014493,100,100,63.5,4.7999997,Very Low,72.9,5.153109,100,1747939500,Very Low,4.416858,6.4293942,Very Low,6.8359675,59.9,8.289855,100,1747939500,6.0
2025-05-22T18:54:43Z,0,29.885,74.5,57,68.5,9,6,175,72,0.0,255,32767,0.0,2127-15-31,0.0,0.52,26.6,0.0,0.0,0.0,0,4.822265625,6,45,05:39,20:21,2025-05-22 18:54:43.678789,Città della Scienza,63.7,6.4075994,8.270214,5.521073,4.147898,EU EEA Common AQI,73.3,5.184873,6.8114696,7200,5.014493,100,100,63.5,4.7999997,Very Low,72.9,5.153109,100,1747939500,Very Low,4.416858,6.4293942,Very Low,6.8359675,59.9,8.289855,100,1747939500,6.0
2025-05-22T18:54:54Z,0,29.885,74.5,57,68.5,5,6,223,72,0.0,255,32767,0.0,2127-15-31,0.0,0.52,26.6,0.0,0.0,0.0,0,4.822265625,6,45,05:39,20:21,2025-05-22 18:54:54.747805,Città della Scienza
2025-05-22T18:55:05Z,0,29.885,74.5,57,68.5,5,6,159,72,0.0,255,32767,0.0,2127-15-31,0.0,0.52,26.6,0.0,0.0,0.0,0,4.822265625,6,45,05:39,20:21,2025-05-22 18:55:05.758788,Città della Scienza
2025-05-22T18:55:17Z,0,29.885,74.5,57,68.5,6,6,189,72,0.0,255,32767,0.0,2127-15-31,0.0,0.52,26.6,0.0,0.0,0.0,0,4.822265625,6,45,05:39,20:21,2025-05-22 18:55:16.832787,Città della Scienza
2025-05-22T18:55:28Z,0,29.885,74.5,57,68.5,7,6,158,72,0.0,255,32767,0.0,2127-15-31,0.0,0.52,26.6,0.0,0.0,0.0,0,4.822265625,6,45,05:39,20:21,2025-05-22 18:55:27.935778,Città della Scienza
2025-05-22T18:55:39Z,0,29.883,74.4,57,68.5,3,6,224,72,0.0,255,32767,0.0,2127-15-31,0.0,0.52,26.6,0.0,0.0,0.0,0,4.822265625,6,45,05:39,20:21,2025-05-22 18:55:39.044790,Città della Scienza
2025-05-22T18:55:50Z,0,29.883,74.4,57,68.5,7,6,256,72,0.0,255,32767,0.0,2127-15-31,0.0,0.52,26.6,0.0,0.0,0.0,0,4.822265625,6,45,05:39,20:21,2025-05-22 18:55:50.048786,Città della Scienza
2025-05-22T18:56:01Z,0,29.883,74.4,57,68.5,4,6,200,72,0.0,255,32767,0.0,2127-15-31,0.0,0.52,26.6,0.0,0.0,0.0,0,4.822265625,6,45,05:39,20:21,2025-05-22 18:56:01.176794,Città della Scienza
2025-05-22T18:56:12Z,0,29.883,74.4,57,68.5,4,6,209,72,0.0,255,32767,0.0,2127-15-31,0.0,0.52,26.6,0.0,0.0,0.0,0,4.822265625,6,45,05:39,20:21,2025-05-22 18:56:12.201786,Città della Scienza
2025-05-22T18:56:23Z,0,29.883,74.4,57,68.5,4,6,258,72,0.0,255,32767,0.0,2127-15-31,0.0,0.52,26.6,0.0,0.0,0.0,0,4.822265625,6,45,05:39,20:21,2025-05-22 18:56:23.262792,Città della Scienza
2025-05-22T18:56:34Z,0,29.883,74.4,57,68.5,5,6,171,72,0.0,255,32767,0.0,2127-15-31,0.0,0.52,26.6,0.0,0.0,0.0,0,4.822265625,6,45,05:39,20:21,2025-05-22 18:56:34.331790,Città della Scienza
2025-05-22T18:56:45Z,0,29.884,74.4,57,68.5,4,6,255,72,0.0,255,32767,0.0,2127-15-31,0.0,0.52,26.6,0.0,0.0,0.0,0,4.822265625,6,45,05:39,20:21,2025-05-22 18:56:45.423794,Città della Scienza
2025-05-22T18:56:56Z,0,29.884,74.4,57,68.5,8,6,170,72,0.0,255,32767,0.0,2127-15-31,0.0,0.52,26.6,0.0,0.0,0.0,0,4.822265625,6,45,05:39,20:21,2025-05-22 18:56:56.467796,Città della Scienza
2025-05-22T18:57:07Z,0,29.884,74.4,57,68.5,9,6,236,72,0.0,255,32767,0.0,2127-15-31,0.0,0.52,26.6,0.0,0.0,0.0,0,4.822265625,6,45,05:39,20:21,2025-05-22 18:57:07.480787,Città della Scienza
2025-05-22T18:57:18Z,0,29.884,74.4,57,68.5,4,6,215,72,0.0,255,32767,0.0,2127-15-31,0.0,0.52,26.6,0.0,0.0,0.0,0,4.822265625,6,45,05:39,20:21,2025-05-22 18:57:18.556786,Città della Scienza
2025-05-22T18:57:29Z,0,29.884,74.4,57,68.5,6,6,207,72,0.0,255,32767,0.0,2127-15-31,0.0,0.52,26.6,0.0,0.0,0.0,0,4.822265625,6,45,05:39,20:21,2025-05-22 18:57:29.647793,Città della Scienza
2025-05-22T18:57:40Z,0,29.883,74.4,57,68.5,4,6,236,72,0.0,255,32767,0.0,2127-15-31,0.0,0.52,26.6,0.0,0.0,0.0,0,4.822265625,6,45,05:39,20:21,2025-05-22 18:57:40.718791,Città della Scienza
2025-05-22T18:57:52Z,0,29.883,74.4,57,68.5,4,6,190,72,0.0,255,32767,0.0,2127-15-31,0.0,0.52,26.6,0.0,0.0,0.0,0,4.822265625,6,45,05:39,20:21,2025-05-22 18:57:51.802785,Città della Scienza
2025-05-22T18:58:03Z,0,29.883,74.4,57,68.5,5,6,168,72,0.0,255,32767,0.0,2127-15-31,0.0,0.52,26.6,0.0,0.0,0.0,0,4.822265625,6,45,05:39,20:21,2025-05-22 18:58:02.885791,Città della Scienza
2025-05-22T18:58:14Z,0,29.883,74.4,57,68.5,2,6,252,72,0.0,255,32767,0.0,2127-15-31,0.0,0.52,26.6,0.0,0.0,0.0,0,4.822265625,6,45,05:39,20:21,2025-05-22 18:58:13.959792,Città della Scienza
2025-05-22T18:58:25Z,0,29.883,74.4,57,68.5,4,6,242,72,0.0,255,32767,0.0,2127-15-31,0.0,0.52,26.6,0.0,0.0,0.0,0,4.822265625,6,45,05:39,20:21,2025-05-22 18:58:25.006790,Città della Scienza
2025-05-22T18:58:36Z,0,29.882,74.4,57,68.5,6,6,197,72,0.0,255,32767,0.0,2127-15-31,0.0,0.52,26.6,0.0,0.0,0.0,0,4.822265625,6,45,05:39,20:21,2025-05-22 18:58:36.086782,Città della Scienza
2025-05-22T18:58:47Z,0,29.882,74.4,57,68.5,5,6,168,72,0.0,255,32767,0.0,2127-15-31,0.0,0.52,26.6,0.0,0.0,0.0,0,4.822265625,6,45,05:39,20:21,2025-05-22 18:58:47.114802,Città della Scienza
2025-05-22T18:58:58Z,0,29.882,74.4,57,68.5,5,6,128,72,0.0,255,32767,0.0,2127-15-31,0.0,0.52,26.6,0.0,0.0,0.0,0,4.822265625,6,45,05:39,20:21,2025-05-22 18:58:58.180787,Città della Scienza
2025-05-22T18:59:09Z,0,29.882,74.4,57,68.5,4,6,194,72,0.0,255,32767,0.0,2127-15-31,0.0,0.52,26.6,0.0,0.0,0.0,0,4.822265625,6,45,05:39,20:21,2025-05-22 18:59:09.295787,Città della Scienza
2025-05-22T18:59:20Z,0,29.882,74.4,57,68.6,5,6,192,72,0.0,255,32767,0.0,2127-15-31,0.0,0.52,26.6,0.0,0.0,0.0,0,4.822265625,6,45,05:39,20:21,2025-05-22 18:59:20.334788,Città della Scienza
2025-05-22T18:59:31Z,0,29.882,74.4,57,68.6,5,6,190,72,0.0,255,32767,0.0,2127-15-31,0.0,0.52,26.6,0.0,0.0,0.0,0,4.822265625,6,45,05:39,20:21,2025-05-22 18:59:31.415790,Città della Scienza
2025-05-22T18:59:42Z,0,29.885,74.4,57,68.6,4,6,181,72,0.0,255,32767,0.0,2127-15-31,0.0,0.52,26.6,0.0,0.0,0.0,0,4.822265625,6,45,05:39,20:21,2025-05-22 18:59:42.500785,Città della Scienza
2025-05-22T18:59:53Z,0,29.885,74.4,57,68.6,6,6,168,72,0.0,255,32767,0.0,2127-15-31,0.0,0.52,26.6,0.0,0.0,0.0,0,4.822265625,6,45,05:39,20:21,2025-05-22 18:59:53.579790,Città della Scienza
2025-05-22T19:00:04Z,0,29.885,74.4,57,68.6,4,6,192,72,0.0,255,32767,0.0,2127-15-31,0.0,0.52,26.6,0.0,0.0,0.0,0,4.822265625,6,45,05:39,20:21,2025-05-22 19:00:04.606798,Città della Scienza,63.7,6.4075994,8.270214,5.521073,4.147898,EU EEA Common AQI,73.3,5.184873,6.8114696,7200,5.014493,100,100,63.5,4.7999997,Very Low,72.9,5.153109,100,1747939500,Very Low,4.416858,6.4293942,Very Low,6.8359675,59.9,8.289855,100,1747939500,6.0
2025-05-22T19:00:15Z,0,29.885,74.4,57,68.5,6,6,212,72,0.0,255,32767,0.0,2127-15-31,0.0,0.52,26.6,0.0,0.0,0.0,0,4.822265625,6,45,05:39,20:21,2025-05-22 19:00:15.679791,Città della Scienza,63.7,6.4075994,8.270214,5.521073,4.147898,EU EEA Common AQI,73.3,5.184873,6.8114696,7200,5.014493,100,100,63.5,4.7999997,Very Low,72.9,5.153109,100,1747939500,Very Low,4.416858,6.4293942,Very Low,6.8359675,59.9,8.289855,100,1747939500,6.0
2025-05-22T19:00:27Z,0,29.885,74.4,57,68.5,6,6,177,72,0.0,255,32767,0.0,2127-15-31,0.0,0.52,26.6,0.0,0.0,0.0,0,4.822265625,6,45,05:39,20:21,2025-05-22 19:00:26.815793,Città della Scienza,64.5,6.5916495,8.262904,5.76772,4.2783575,EU EEA Common AQI,72.6,5.3479476,6.81235,7200,5.285714,100,100,63.2,4.937143,Very Low,72.3,5.313029,100,1747940400,Very Low,4.614176,6.640897,Very Low,7.1958814,59.7,7.114286,100,1747940400,6.1714287
2025-05-22T19:00:38Z,0,29.884,74.4,57,68.5,4,6,211,72,0.0,255,32767,0.0,2127-15-31,0.0,0.52,26.6,0.0,0.0,0.0,0,4.822265625,6,45,05:39,20:21,2025-05-22 19:00:37.866812,Città della Scienza,64.5,6.5916495,8.262904,5.76772,4.2783575,EU EEA Common AQI,72.6,5.3479476,6.81235,7200,5.285714,100,100,63.2,4.937143,Very Low,72.3,5.313029,100,1747940400,Very Low,4.614176,6.640897,Very Low,7.1958814,59.7,7.114286,100,1747940400,6.1714287
2025-05-22T19:00:49Z,0,29.884,74.4,57,68.5,4,6,229,72,0.0,255,32767,0.0,2127-15-31,0.0,0.52,26.6,0.0,0.0,0.0,0,4.822265625,6,45,05:39,20:21,2025-05-22 19:00:48.967788,Città della Scienza,64.5,6.5916495,8.262904,5.76772,4.2783575,EU EEA Common AQI,72.6,5.3479476,6.81235,7200,5.285714,100,100,63.2,4.937143,Very Low,72.3,5.313029,100,1747940400,Very Low,4.614176,6.640897,Very Low,7.1958814,59.7,7.114286,100,1747940400,6.1714287
2025-05-22T19:01:00Z,0,29.884,74.4,57,68.5,4,6,197,72,0.0,255,32767,0.0,2127-15-31,0.0,0.52,26.6,0.0,0.0,0.0,0,4.822265625,6,45,05:39,20:21,2025-05-22 19:01:00.059803,Città della Scienza,64.5,6.5916495,8.262904,5.76772,4.2783575,EU EEA Common AQI,72.6,5.3479476,6.81235,7200,5.285714,100,100,63.2,4.937143,Very Low,72.3,5.313029,100,1747940400,Very Low,4.614176,6.640897,Very Low,7.1958814,59.7,7.114286,100,1747940400,6.1714287
2025-05-22T19:01:11Z,0,29.884,74.4,57,68.5,7,6,197,72,0.0,255,32767,0.0,2127-15-31,0.0,0.52,26.6,0.0,0.0,0.0,0,4.822265625,6,45,05:39,20:21,2025-05-22 19:01:11.167790,Città della Scienza,64.5,6.5916495,8.262904,5.76772,4.2783575,EU EEA Common AQI,72.6,5.3479476,6.81235,7200,5.285714,100,100,63.2,4.937143,Very Low,72.3,5.313029,100,1747940400,Very Low,4.614176,6.640897,Very Low,7.1958814,59.7,7.114286,100,1747940400,6.1714287
2025-05-22T19:01:22Z,0,29.884,74.4,57,68.5,8,6,184,72,0.0,255,32767,0.0,2127-15-31,0.0,0.52,26.6,0.0,0.0,0.0,0,4.822265625,6,45,05:39,20:21,2025-05-22 19:01:22.277788,Città della Scienza,64.5,6.5916495,8.262904,5.76772,4.2783575,EU EEA Common AQI,72.6,5.3479476,6.81235,7200,5.285714,100,100,63.2,4.937143,Very Low,72.3,5.313029,100,1747940400,Very Low,4.614176,6.640897,Very Low,7.1958814,59.7,7.114286,100,1747940400,6.1714287
2025-05-22T19:01:33Z,0,29.884,74.4,57,68.5,5,6,196,72,0.0,255,32767,0.0,2127-15-31,0.0,0.52,26.6,0.0,0.0,0.0,0,4.822265625,6,45,05:39,20:21,2025-05-22 19:01:33.338783,Città della Scienza,64.5,6.5916495,8.262904,5.76772,4.2783575,EU EEA Common AQI,72.6,5.3479476,6.81235,7200,5.285714,100,100,63.2,4.937143,Very Low,72.3,5.313029,100,1747940400,Very Low,4.614176,6.640897,Very Low,7.1958814,59.7,7.114286,100,1747940400,6.1714287
2025-05-22T19:01:44Z,0,29.883,74.4,57,68.5,4,6,175,72,0.0,255,32767,0.0,2127-15-31,0.0,0.52,26.6,0.0,0.0,0.0,0,4.822265625,6,45,05:39,20:21,2025-05-22 19:01:44.390791,Città della Scienza,64.5,6.5916495,8.262904,5.76772,4.2783575,EU EEA Common AQI,72.6,5.3479476,6.81235,7200,5.285714,100,100,63.2,4.937143,Very Low,72.3,5.313029,100,1747940400,Very Low,4.614176,6.640897,Very Low,7.1958814,59.7,7.114286,100,1747940400,6.1714287
2025-05-22T19:01:55Z,0,29.883,74.4,57,68.5,4,6,227,72,0.0,255,32767,0.0,2127-15-31,0.0,0.52,26.6,0.0,0.0,0.0,0,4.822265625,6,45,05:39,20:21,2025-05-22 19:01:55.465786,Città della Scienza,64.5,6.5916495,8.262904,5.76772,4.2783575,EU EEA Common AQI,72.6,5.3479476,6.81235,7200,5.285714,100,100,63.2,4.937143,Very Low,72.3,5.313029,100,1747940400,Very Low,4.614176,6.640897,Very Low,7.1958814,59.7,7.114286,100,1747940400,6.1714287
2025-05-22T19:02:06Z,0,29.883,74.4,57,68.5,7,6,194,72,0.0,255,32767,0.0,2127-15-31,0.0,0.52,26.6,0.0,0.0,0.0,0,4.822265625,6,45,05:39,20:21,2025-05-22 19:02:06.563799,Città della Scienza,64.5,6.5916495,8.262904,5.76772,4.2783575,EU EEA Common AQI,72.6,5.3479476,6.81235,7200,5.285714,100,100,63.2,4.937143,Very Low,72.3,5.313029,100,1747940400,Very Low,4.614176,6.640897,Very Low,7.1958814,59.7,7.114286,100,1747940400,6.1714287
2025-05-22T19:02:17Z,0,29.883,74.4,57,68.5,1,6,250,72,0.0,255,32767,0.0,2127-15-31,0.0,0.52,26.6,0.0,0.0,0.0,0,4.822265625,6,45,05:39,20:21,2025-05-22 19:02:17.666792,Città della Scienza,64.5,6.5916495,8.262904,5.76772,4.2783575,EU EEA Common AQI,72.6,5.3479476,6.81235,7200,5.285714,100,100,63.2,4.937143,Very Low,72.3,5.313029,100,1747940400,Very Low,4.614176,6.640897,Very Low,7.1958814,59.7,7.114286,100,1747940400,6.1714287
2025-05-22T19:02:29Z,0,29.883,74.4,57,68.5,3,6,178,72,0.0,255,32767,0.0,2127-15-31,0.0,0.52,26.6,0.0,0.0,0.0,0,4.822265625,6,45,05:39,20:21,2025-05-22 19:02:28.808788,Città della Scienza,64.5,6.5916495,8.262904,5.76772,4.2783575,EU EEA Common AQI,72.6,5.3479476,6.81235,7200,5.285714,100,100,63.2,4.937143,Very Low,72.3,5.313029,100,1747940400,Very Low,4.614176,6.640897,Very Low,7.1958814,59.7,7.114286,100,1747940400,6.1714287
2025-05-22T19:02:40Z,0,29.882,74.5,57,68.6,7,6,182,72,0.0,255,32767,0.0,2127-15-31,0.0,0.52,26.6,0.0,0.0,0.0,0,4.822265625,6,45,05:39,20:21,2025-05-22 19:02:39.863778,Città della Scienza,64.5,6.5916495,8.262904,5.76772,4.2783575,EU EEA Common AQI,72.6,5.3479476,6.81235,7200,5.285714,100,100,63.2,4.937143,Very Low,72.3,5.313029,100,1747940400,Very Low,4.614176,6.640897,Very Low,7.1958814,59.7,7.114286,100,1747940400,6.1714287
2025-05-22T19:02:51Z,0,29.882,74.5,57,68.5,5,6,185,72,0.0,255,32767,0.0,2127-15-31,0.0,0.52,26.6,0.0,0.0,0.0,0,4.822265625,6,45,05:39,20:21,2025-05-22 19:02:50.950795,Città della Scienza,64.5,6.5916495,8.262904,5.76772,4.2783575,EU EEA Common AQI,72.6,5.3479476,6.81235,7200,5.285714,100,100,63.2,4.937143,Very Low,72.3,5.313029,100,1747940400,Very Low,4.614176,6.640897,Very Low,7.1958814,59.7,7.114286,100,1747940400,6.1714287
2025-05-22T19:03:02Z,0,29.882,74.5,57,68.5,5,6,194,72,0.0,255,32767,0.0,2127-15-31,0.0,0.52,26.6,0.0,0.0,0.0,0,4.822265625,6,45,05:39,20:21,2025-05-22 19:03:02.032789,Città della Scienza,64.5,6.5916495,8.262904,5.76772,4.2783575,EU EEA Common AQI,72.6,5.3479476,6.81235,7200,5.285714,100,100,63.2,4.937143,Very Low,72.3,5.313029,100,1747940400,Very Low,4.614176,6.640897,Very Low,7.1958814,59.7,7.114286,100,1747940400,6.1714287
2025-05-22T19:03:13Z,0,29.882,74.5,57,68.6,8,6,221,72,0.0,255,32767,0.0,2127-15-31,0.0,0.52,26.6,0.0,0.0,0.0,0,4.822265625,6,45,05:39,20:21,2025-05-22 19:03:13.133793,Città della Scienza,64.5,6.5916495,8.262904,5.76772,4.2783575,EU EEA Common AQI,72.6,5.3479476,6.81235,7200,5.285714,100,100,63.2,4.937143,Very Low,72.3,5.313029,100,1747940400,Very Low,4.614176,6.640897,Very Low,7.1958814,59.7,7.114286,100,1747940400,6.1714287
2025-05-22T19:03:24Z,0,29.882,74.5,57,68.5,9,6,179,72,0.0,255,32767,0.0,2127-15-31,0.0,0.52,26.6,0.0,0.0,0.0,0,4.822265625,6,45,05:39,20:21,2025-05-22 19:03:24.209796,Città della Scienza,64.5,6.5916495,8.262904,5.76772,4.2783575,EU EEA Common AQI,72.6,5.3479476,6.81235,7200,5.285714,100,100,63.2,4.937143,Very Low,72.3,5.313029,100,1747940400,Very Low,4.614176,6.640897,Very Low,7.1958814,59.7,7.114286,100,1747940400,6.1714287
2025-05-22T19:03:35Z,0,29.884,74.4,57,68.5,4,6,146,72,0.0,255,32767,0.0,2127-15-31,0.0,0.52,26.6,0.0,0.0,0.0,0,4.822265625,6,45,05:39,20:21,2025-05-22 19:03:35.318786,Città della Scienza,64.5,6.5916495,8.262904,5.76772,4.2783575,EU EEA Common AQI,72.6,5.3479476,6.81235,7200,5.285714,100,100,63.2,4.937143,Very Low,72.3,5.313029,100,1747940400,Very Low,4.614176,6.640897,Very Low,7.1958814,59.7,7.114286,100,1747940400,6.1714287
2025-05-22T19:03:46Z,0,29.884,74.4,57,68.5,4,6,185,72,0.0,255,32767,0.0,2127-15-31,0.0,0.52,26.6,0.0,0.0,0.0,0,4.822265625,6,45,05:39,20:21,2025-05-22 19:03:46.360811,Città della Scienza,64.5,6.5916495,8.262904,5.76772,4.2783575,EU EEA Common AQI,72.6,5.3479476,6.81235,7200,5.285714,100,100,63.2,4.937143,Very Low,72.3,5.313029,100,1747940400,Very Low,4.614176,6.640897,Very Low,7.1958814,59.7,7.114286,100,1747940400,6.1714287
2025-05-22T19:03:57Z,0,29.884,74.4,57,68.5,7,6,187,72,0.0,255,32767,0.0,2127-15-31,0.0,0.52,26.6,0.0,0.0,0.0,0,4.822265625,6,45,05:39,20:21,2025-05-22 19:03:57.386787,Città della Scienza,64.5,6.5916495,8.262904,5.76772,4.2783575,EU EEA Common AQI,72.6,5.3479476,6.81235,7200,5.285714,100,100,63.2,4.937143,Very Low,72.3,5.313029,100,1747940400,Very Low,4.614176,6.640897,Very Low,7.1958814,59.7,7.114286,100,1747940400,6.1714287
2025-05-22T19:04:08Z,0,29.884,74.4,57,68.5,5,6,200,72,0.0,255,32767,0.0,2127-15-31,0.0,0.52,26.6,0.0,0.0,0.0,0,4.822265625,6,45,05:39,20:21,2025-05-22 19:04:08.457787,Città della Scienza,64.5,6.5916495,8.262904,5.76772,4.2783575,EU EEA Common AQI,72.6,5.3479476,6.81235,7200,5.285714,100,100,63.2,4.937143,Very Low,72.3,5.313029,100,1747940400,Very Low,4.614176,6.640897,Very Low,7.1958814,59.7,7.114286,100,1747940400,6.1714287
2025-05-22T19:04:19Z,0,29.884,74.4,57,68.5,4,6,236,72,0.0,255,32767,0.0,2127-15-31,0.0,0.52,26.6,0.0,0.0,0.0,0,4.822265625,6,45,05:39,20:21,2025-05-22 19:04:19.554790,Città della Scienza,64.5,6.5916495,8.262904,5.76772,4.2783575,EU EEA Common AQI,72.6,5.3479476,6.81235,7200,5.285714,100,100,63.2,4.937143,Very Low,72.3,5.313029,100,1747940400,Very Low,4.614176,6.640897,Very Low,7.1958814,59.7,7.114286,100,1747940400,6.1714287
2025-05-22T19:04:30Z,0,29.884,74.4,57,68.5,5,6,207,72,0.0,255,32767,0.0,2127-15-31,0.0,0.52,26.6,0.0,0.0,0.0,0,4.822265625,6,45,05:39,20:21,2025-05-22 19:04:30.656792,Città della Scienza,64.5,6.5916495,8.262904,5.76772,4.2783575,EU EEA Common AQI,72.6,5.3479476,6.81235,7200,5.285714,100,100,63.2,4.937143,Very Low,72.3,5.313029,100,1747940400,Very Low,4.614176,6.640897,Very Low,7.1958814,59.7,7.114286,100,1747940400,6.1714287
2025-05-22T19:04:41Z,0,29.883,74.4,57,68.5,6,5,269,72,0.0,255,32767,0.0,2127-15-31,0.0,0.52,26.6,0.0,0.0,0.0,0,4.822265625,6,45,05:39,20:21,2025-05-22 19:04:41.699800,Città della Scienza,64.5,6.5916495,8.262904,5.76772,4.2783575,EU EEA Common AQI,72.6,5.3479476,6.81235,7200,5.285714,100,100,63.2,4.937143,Very Low,72.3,5.313029,100,1747940400,Very Low,4.614176,6.640897,Very Low,7.1958814,59.7,7.114286,100,1747940400,6.1714287
2025-05-22T19:04:52Z,0,29.883,74.4,57,68.5,6,5,229,72,0.0,255,32767,0.0,2127-15-31,0.0,0.52,26.6,0.0,0.0,0.0,0,4.822265625,6,45,05:39,20:21,2025-05-22 19:04:52.779787,Città della Scienza,64.5,6.5916495,8.262904,5.76772,4.2783575,EU EEA Common AQI,72.6,5.3479476,6.81235,7200,5.285714,100,100,63.2,4.937143,Very Low,72.3,5.313029,100,1747940400,Very Low,4.614176,6.640897,Very Low,7.1958814,59.7,7.114286,100,1747940400,6.1714287
2025-05-22T19:05:04Z,0,29.883,74.4,57,68.5,9,5,237,72,0.0,255,32767,0.0,2127-15-31,0.0,0.52,26.6,0.0,0.0,0.0,0,4.822265625,6,45,05:39,20:21,2025-05-22 19:05:03.826802,Città della Scienza,64.5,6.5916495,8.262904,5.76772,4.2783575,EU EEA Common AQI,72.6,5.3479476,6.81235,7200,5.285714,100,100,63.2,4.937143,Very Low,72.3,5.313029,100,1747940400,Very Low,4.614176,6.640897,Very Low,7.1958814,59.7,7.114286,100,1747940400,6.1714287
2025-05-22T19:05:15Z,0,29.883,74.4,57,68.5,7,5,251,72,0.0,255,32767,0.0,2127-15-31,0.0,0.52,26.6,0.0,0.0,0.0,0,4.822265625,6,45,05:39,20:21,2025-05-22 19:05:14.940805,Città della Scienza,64.5,6.5916495,8.262904,5.76772,4.2783575,EU EEA Common AQI,72.6,5.3479476,6.81235,7200,5.285714,100,100,63.2,4.937143,Very Low,72.3,5.313029,100,1747940400,Very Low,4.614176,6.640897,Very Low,7.1958814,59.7,7.114286,100,1747940400,6.1714287
2025-05-22T19:05:26Z,0,29.883,74.4,57,68.5,4,5,273,72,0.0,255,32767,0.0,2127-15-31,0.0,0.52,26.6,0.0,0.0,0.0,0,4.822265625,6,45,05:39,20:21,2025-05-22 19:05:26.053793,Città della Scienza,64.5,6.5916495,8.262904,5.76772,4.2783575,EU EEA Common AQI,72.6,5.3479476,6.81235,7200,5.285714,100,100,63.2,4.937143,Very Low,72.3,5.313029,100,1747940400,Very Low,4.614176,6.640897,Very Low,7.1958814,59.7,7.114286,100,1747940400,6.1714287
2025-05-22T19:05:37Z,0,29.883,74.4,57,68.5,4,5,265,72,0.0,255,32767,0.0,2127-15-31,0.0,0.52,26.6,0.0,0.0,0.0,0,4.822265625,6,45,05:39,20:21,2025-05-22 19:05:37.193796,Città della Scienza,64.5,6.5916495,8.262904,5.76772,4.2783575,EU EEA Common AQI,72.6,5.3479476,6.81235,7200,5.285714,100,100,63.2,4.937143,Very Low,72.3,5.313029,100,1747940400,Very Low,4.614176,6.640897,Very Low,7.1958814,59.7,7.114286,100,1747940400,6.1714287
2025-05-22T19:05:48Z,0,29.883,74.4,57,68.5,3,5,224,72,0.0,255,32767,0.0,2127-15-31,0.0,0.52,26.6,0.0,0.0,0.0,0,4.822265625,6,45,05:39,20:21,2025-05-22 19:05:48.295785,Città della Scienza,64.5,6.5916495,8.262904,5.76772,4.2783575,EU EEA Common AQI,72.6,5.3479476,6.81235,7200,5.285714,100,100,63.2,4.937143,Very Low,72.3,5.313029,100,1747940400,Very Low,4.614176,6.640897,Very Low,7.1958814,59.7,7.114286,100,1747940400,6.1714287
2025-05-22T19:05:59Z,0,29.883,74.4,57,68.5,2,5,247,72,0.0,255,32767,0.0,2127-15-31,0.0,0.52,26.6,0.0,0.0,0.0,0,4.822265625,6,45,05:39,20:21,2025-05-22 19:05:59.404790,Città della Scienza,64.5,6.5916495,8.262904,5.76772,4.2783575,EU EEA Common AQI,72.6,5.3479476,6.81235,7200,5.285714,100,100,63.2,4.937143,Very Low,72.3,5.313029,100,1747940400,Very Low,4.614176,6.640897,Very Low,7.1958814,59.7,7.114286,100,1747940400,6.1714287
2025-05-22T19:06:10Z,0,29.883,74.4,57,68.5,4,5,176,72,0.0,255,32767,0.0,2127-15-31,0.0,0.52,26.6,0.0,0.0,0.0,0,4.822265625,6,45,05:39,20:21,2025-05-22 19:06:10.453794,Città della Scienza,64.5,6.5916495,8.262904,5.76772,4.2783575,EU EEA Common AQI,72.6,5.3479476,6.81235,7200,5.285714,100,100,63.2,4.937143,Very Low,72.3,5.313029,100,1747940400,Very Low,4.614176,6.640897,Very Low,7.1958814,59.7,7.114286,100,1747940400,6.1714287
2025-05-22T19:06:21Z,0,29.883,74.4,57,68.5,5,5,188,72,0.0,255,32767,0.0,2127-15-31,0.0,0.52,26.6,0.0,0.0,0.0,0,4.822265625,6,45,05:39,20:21,2025-05-22 19:06:21.525785,Città della Scienza,64.5,6.5916495,8.262904,5.76772,4.2783575,EU EEA Common AQI,72.6,5.3479476,6.81235,7200,5.285714,100,100,63.2,4.937143,Very Low,72.3,5.313029,100,1747940400,Very Low,4.614176,6.640897,Very Low,7.1958814,59.7,7.114286,100,1747940400,6.1714287
2025-05-22T19:06:32Z,0,29.883,74.4,57,68.5,4,5,211,72,0.0,255,32767,0.0,2127-15-31,0.0,0.52,26.6,0.0,0.0,0.0,0,4.822265625,6,45,05:39,20:21,2025-05-22 19:06:32.602810,Città della Scienza,64.5,6.5916495,8.262904,5.76772,4.2783575,EU EEA Common AQI,72.6,5.3479476,6.81235,7200,5.285714,100,100,63.2,4.937143,Very Low,72.3,5.313029,100,1747940400,Very Low,4.614176,6.640897,Very Low,7.1958814,59.7,7.114286,100,1747940400,6.1714287
2025-05-22T19:06:43Z,0,29.886,74.4,57,68.4,4,5,237,72,0.0,255,32767,0.0,2127-15-31,0.0,0.52,26.6,0.0,0.0,0.0,0,4.822265625,6,45,05:39,20:21,2025-05-22 19:06:43.734808,Città della Scienza,64.5,6.5916495,8.262904,5.76772,4.2783575,EU EEA Common AQI,72.6,5.3479476,6.81235,7200,5.285714,100,100,63.2,4.937143,Very Low,72.3,5.313029,100,1747940400,Very Low,4.614176,6.640897,Very Low,7.1958814,59.7,7.114286,100,1747940400,6.1714287
2025-05-22T19:06:55Z,0,29.886,74.4,57,68.5,6,5,170,72,0.0,255,32767,0.0,2127-15-31,0.0,0.52,26.6,0.0,0.0,0.0,0,4.822265625,6,45,05:39,20:21,2025-05-22 19:06:54.811788,Città della Scienza,64.5,6.5916495,8.262904,5.76772,4.2783575,EU EEA Common AQI,72.6,5.3479476,6.81235,7200,5.285714,100,100,63.2,4.937143,Very Low,72.3,5.313029,100,1747940400,Very Low,4.614176,6.640897,Very Low,7.1958814,59.7,7.114286,100,1747940400,6.1714287
2025-05-22T19:07:06Z,0,29.886,74.4,57,68.5,6,5,226,72,0.0,255,32767,0.0,2127-15-31,0.0,0.52,26.6,0.0,0.0,0.0,0,4.822265625,6,45,05:39,20:21,2025-05-22 19:07:05.893796,Città della Scienza,64.5,6.5916495,8.262904,5.76772,4.2783575,EU EEA Common AQI,72.6,5.3479476,6.81235,7200,5.285714,100,100,63.2,4.937143,Very Low,72.3,5.313029,100,1747940400,Very Low,4.614176,6.640897,Very Low,7.1958814,59.7,7.114286,100,1747940400,6.1714287
2025-05-22T19:07:17Z,0,29.886,74.4,57,68.4,5,5,213,72,0.0,255,32767,0.0,2127-15-31,0.0,0.52,26.6,0.0,0.0,0.0,0,4.822265625,6,45,05:39,20:21,2025-05-22 19:07:17.241805,Città della Scienza,64.5,6.5916495,8.262904,5.76772,4.2783575,EU EEA Common AQI,72.6,5.3479476,6.81235,7200,5.285714,100,100,63.2,4.937143,Very Low,72.3,5.313029,100,1747940400,Very Low,4.614176,6.640897,Very Low,7.1958814,59.7,7.114286,100,1747940400,6.1714287
2025-05-22T19:07:28Z,0,29.886,74.4,57,68.5,5,5,194,72,0.0,255,32767,0.0,2127-15-31,0.0,0.52,26.6,0.0,0.0,0.0,0,4.822265625,6,45,05:39,20:21,2025-05-22 19:07:28.337788,Città della Scienza,64.5,6.5916495,8.262904,5.76772,4.2783575,EU EEA Common AQI,72.6,5.3479476,6.81235,7200,5.285714,100,100,63.2,4.937143,Very Low,72.3,5.313029,100,1747940400,Very Low,4.614176,6.640897,Very Low,7.1958814,59.7,7.114286,100,1747940400,6.1714287
2025-05-22T19:07:39Z,0,29.884,74.4,57,68.4,4,5,223,72,0.0,255,32767,0.0,2127-15-31,0.0,0.52,26.6,0.0,0.0,0.0,0,4.822265625,6,45,05:39,20:21,2025-05-22 19:07:39.445788,Città della Scienza,64.5,6.5916495,8.262904,5.76772,4.2783575,EU EEA Common AQI,72.6,5.3479476,6.81235,7200,5.285714,100,100,63.2,4.937143,Very Low,72.3,5.313029,100,1747940400,Very Low,4.614176,6.640897,Very Low,7.1958814,59.7,7.114286,100,1747940400,6.1714287
2025-05-22T19:07:50Z,0,29.884,74.4,57,68.4,4,5,252,72,0.0,255,32767,0.0,2127-15-31,0.0,0.52,26.6,0.0,0.0,0.0,0,4.822265625,6,45,05:39,20:21,2025-05-22 19:07:50.498795,Città della Scienza,64.5,6.5916495,8.262904,5.76772,4.2783575,EU EEA Common AQI,72.6,5.3479476,6.81235,7200,5.285714,100,100,63.2,4.937143,Very Low,72.3,5.313029,100,1747940400,Very Low,4.614176,6.640897,Very Low,7.1958814,59.7,7.114286,100,1747940400,6.1714287
2025-05-22T19:08:01Z,0,29.884,74.4,57,68.4,5,5,215,72,0.0,255,32767,0.0,2127-15-31,0.0,0.52,26.6,0.0,0.0,0.0,0,4.822265625,6,45,05:39,20:21,2025-05-22 19:08:01.560784,Città della Scienza,64.5,6.5916495,8.262904,5.76772,4.2783575,EU EEA Common AQI,72.6,5.3479476,6.81235,7200,5.285714,100,100,63.2,4.937143,Very Low,72.3,5.313029,100,1747940400,Very Low,4.614176,6.640897,Very Low,7.1958814,59.7,7.114286,100,1747940400,6.1714287
2025-05-22T19:08:12Z,0,29.884,74.4,57,68.4,4,5,223,72,0.0,255,32767,0.0,2127-15-31,0.0,0.52,26.6,0.0,0.0,0.0,0,4.822265625,6,45,05:39,20:21,2025-05-22 19:08:12.634792,Città della Scienza,64.5,6.5916495,8.262904,5.76772,4.2783575,EU EEA Common AQI,72.6,5.3479476,6.81235,7200,5.285714,100,100,63.2,4.937143,Very Low,72.3,5.313029,100,1747940400,Very Low,4.614176,6.640897,Very Low,7.1958814,59.7,7.114286,100,1747940400,6.1714287
2025-05-22T19:08:23Z,0,29.884,74.4,57,68.4,4,5,221,72,0.0,255,32767,0.0,2127-15-31,0.0,0.52,26.6,0.0,0.0,0.0,0,4.822265625,6,45,05:39,20:21,2025-05-22 19:08:23.679798,Città della Scienza,64.5,6.5916495,8.262904,5.76772,4.2783575,EU EEA Common AQI,72.6,5.3479476,6.81235,7200,5.285714,100,100,63.2,4.937143,Very Low,72.3,5.313029,100,1747940400,Very Low,4.614176,6.640897,Very Low,7.1958814,59.7,7.114286,100,1747940400,6.1714287
2025-05-22T19:08:35Z,0,29.884,74.4,57,68.4,5,5,173,72,0.0,255,32767,0.0,2127-15-31,0.0,0.52,26.6,0.0,0.0,0.0,0,4.822265625,6,45,05:39,20:21,2025-05-22 19:08:34.839790,Città della Scienza,64.5,6.5916495,8.262904,5.76772,4.2783575,EU EEA Common AQI,72.6,5.3479476,6.81235,7200,5.285714,100,100,63.2,4.937143,Very Low,72.3,5.313029,100,1747940400,Very Low,4.614176,6.640897,Very Low,7.1958814,59.7,7.114286,100,1747940400,6.1714287
2025-05-22T19:08:46Z,0,29.883,74.4,57,68.4,5,5,206,72,0.0,255,32767,0.0,2127-15-31,0.0,0.52,26.6,0.0,0.0,0.0,0,4.822265625,6,45,05:39,20:21,2025-05-22 19:08:45.942780,Città della Scienza,64.5,6.5916495,8.262904,5.76772,4.2783575,EU EEA Common AQI,72.6,5.3479476,6.81235,7200,5.285714,100,100,63.2,4.937143,Very Low,72.3,5.313029,100,1747940400,Very Low,4.614176,6.640897,Very Low,7.1958814,59.7,7.114286,100,1747940400,6.1714287
2025-05-22T19:08:57Z,0,29.883,74.4,57,68.5,3,5,202,72,0.0,255,32767,0.0,2127-15-31,0.0,0.52,26.6,0.0,0.0,0.0,0,4.822265625,6,45,05:39,20:21,2025-05-22 19:08:57.020751,Città della Scienza,64.5,6.5916495,8.262904,5.76772,4.2783575,EU EEA Common AQI,72.6,5.3479476,6.81235,7200,5.285714,100,100,63.2,4.937143,Very Low,72.3,5.313029,100,1747940400,Very Low,4.614176,6.640897,Very Low,7.1958814,59.7,7.114286,100,1747940400,6.1714287
2025-05-22T19:09:08Z,0,29.883,74.4,57,68.4,5,5,187,72,0.0,255,32767,0.0,2127-15-31,0.0,0.52,26.6,0.0,0.0,0.0,0,4.822265625,6,45,05:39,20:21,2025-05-22 19:09:08.156786,Città della Scienza,64.5,6.5916495,8.262904,5.76772,4.2783575,EU EEA Common AQI,72.6,5.3479476,6.81235,7200,5.285714,100,100,63.2,4.937143,Very Low,72.3,5.313029,100,1747940400,Very Low,4.614176,6.640897,Very Low,7.1958814,59.7,7.114286,100,1747940400,6.1714287
2025-05-22T19:09:19Z,0,29.883,74.4,57,68.4,6,5,194,73,0.0,255,32767,0.0,2127-15-31,0.0,0.52,26.6,0.0,0.0,0.0,0,4.822265625,6,45,05:39,20:21,2025-05-22 19:09:19.261801,Città della Scienza,64.5,6.5916495,8.262904,5.76772,4.2783575,EU EEA Common AQI,72.6,5.3479476,6.81235,7200,5.285714,100,100,63.2,4.937143,Very Low,72.3,5.313029,100,1747940400,Very Low,4.614176,6.640897,Very Low,7.1958814,59.7,7.114286,100,1747940400,6.1714287
2025-05-22T19:09:30Z,0,29.883,74.4,57,68.4,4,5,139,73,0.0,255,32767,0.0,2127-15-31,0.0,0.52,26.6,0.0,0.0,0.0,0,4.822265625,6,45,05:39,20:21,2025-05-22 19:09:30.331751,Città della Scienza,64.5,6.5916495,8.262904,5.76772,4.2783575,EU EEA Common AQI,72.6,5.3479476,6.81235,7200,5.285714,100,100,63.2,4.937143,Very Low,72.3,5.313029,100,1747940400,Very Low,4.614176,6.640897,Very Low,7.1958814,59.7,7.114286,100,1747940400,6.1714287
2025-05-22T19:09:41Z,0,29.885,74.4,57,68.5,5,5,200,73,0.0,255,32767,0.0,2127-15-31,0.0,0.52,26.6,0.0,0.0,0.0,0,4.822265625,6,45,05:39,20:21,2025-05-22 19:09:41.376791,Città della Scienza,64.5,6.5916495,8.262904,5.76772,4.2783575,EU EEA Common AQI,72.6,5.3479476,6.81235,7200,5.285714,100,100,63.2,4.937143,Very Low,72.3,5.313029,100,1747940400,Very Low,4.614176,6.640897,Very Low,7.1958814,59.7,7.114286,100,1747940400,6.1714287
2025-05-22T19:09:52Z,0,29.885,74.4,57,68.5,6,5,216,73,0.0,255,32767,0.0,2127-15-31,0.0,0.52,26.6,0.0,0.0,0.0,0,4.822265625,6,45,05:39,20:21,2025-05-22 19:09:52.443795,Città della Scienza,64.5,6.5916495,8.262904,5.76772,4.2783575,EU EEA Common AQI,72.6,5.3479476,6.81235,7200,5.285714,100,100,63.2,4.937143,Very Low,72.3,5.313029,100,1747940400,Very Low,4.614176,6.640897,Very Low,7.1958814,59.7,7.114286,100,1747940400,6.1714287
2025-05-22T19:10:03Z,0,29.885,74.4,57,68.5,3,5,257,73,0.0,255,32767,0.0,2127-15-31,0.0,0.52,26.6,0.0,0.0,0.0,0,4.822265625,6,45,05:39,20:21,2025-05-22 19:10:03.519789,Città della Scienza,64.5,6.5916495,8.262904,5.76772,4.2783575,EU EEA Common AQI,72.6,5.3479476,6.81235,7200,5.285714,100,100,63.2,4.937143,Very Low,72.3,5.313029,100,1747940400,Very Low,4.614176,6.640897,Very Low,7.1958814,59.7,7.114286,100,1747940400,6.1714287
2025-05-22T19:10:14Z,0,29.885,74.4,57,68.4,5,5,219,73,0.0,255,32767,0.0,2127-15-31,0.0,0.52,26.6,0.0,0.0,0.0,0,4.822265625,6,45,05:39,20:21,2025-05-22 19:10:14.635788,Città della Scienza,64.5,6.5916495,8.262904,5.76772,4.2783575,EU EEA Common AQI,72.6,5.3479476,6.81235,7200,5.285714,100,100,63.2,4.937143,Very Low,72.3,5.313029,100,1747940400,Very Low,4.614176,6.640897,Very Low,7.1958814,59.7,7.114286,100,1747940400,6.1714287
2025-05-22T19:10:25Z,0,29.885,74.4,57,68.4,6,5,198,73,0.0,255,32767,0.0,2127-15-31,0.0,0.52,26.6,0.0,0.0,0.0,0,4.822265625,6,45,05:39,20:21,2025-05-22 19:10:25.688791,Città della Scienza,64.5,6.5916495,8.262904,5.76772,4.2783575,EU EEA Common AQI,72.6,5.3479476,6.81235,7200,5.285714,100,100,63.2,4.937143,Very Low,72.3,5.313029,100,1747940400,Very Low,4.614176,6.640897,Very Low,7.1958814,59.7,7.114286,100,1747940400,6.1714287
2025-05-22T19:10:36Z,0,29.884,74.4,57,68.4,4,5,167,73,0.0,255,32767,0.0,2127-15-31,0.0,0.52,26.6,0.0,0.0,0.0,0,4.822265625,6,45,05:39,20:21,2025-05-22 19:10:36.710805,Città della Scienza,64.5,6.5916495,8.262904,5.76772,4.2783575,EU EEA Common AQI,72.6,5.3479476,6.81235,7200,5.285714,100,100,63.2,4.937143,Very Low,72.3,5.313029,100,1747940400,Very Low,4.614176,6.640897,Very Low,7.1958814,59.7,7.114286,100,1747940400,6.1714287
2025-05-22T19:10:47Z,0,29.884,74.4,57,68.4,4,5,209,73,0.0,255,32767,0.0,2127-15-31,0.0,0.52,26.6,0.0,0.0,0.0,0,4.822265625,6,45,05:39,20:21,2025-05-22 19:10:47.760793,Città della Scienza,64.5,6.5916495,8.262904,5.76772,4.2783575,EU EEA Common AQI,72.6,5.3479476,6.81235,7200,5.285714,100,100,63.2,4.937143,Very Low,72.3,5.313029,100,1747940400,Very Low,4.614176,6.640897,Very Low,7.1958814,59.7,7.114286,100,1747940400,6.1714287
2025-05-22T19:10:59Z,0,29.884,74.4,57,68.4,6,5,196,73,0.0,255,32767,0.0,2127-15-31,0.0,0.52,26.6,0.0,0.0,0.0,0,4.822265625,6,45,05:39,20:21,2025-05-22 19:10:58.831781,Città della Scienza,64.5,6.5916495,8.262904,5.76772,4.2783575,EU EEA Common AQI,72.6,5.3479476,6.81235,7200,5.285714,100,100,63.2,4.937143,Very Low,72.3,5.313029,100,1747940400,Very Low,4.614176,6.640897,Very Low,7.1958814,59.7,7.114286,100,1747940400,6.1714287
2025-05-22T19:11:10Z,0,29.884,74.4,57,68.4,6,5,226,73,0.0,255,32767,0.0,2127-15-31,0.0,0.52,26.6,0.0,0.0,0.0,0,4.822265625,6,45,05:39,20:21,2025-05-22 19:11:09.919779,Città della Scienza,64.5,6.5916495,8.262904,5.76772,4.2783575,EU EEA Common AQI,72.6,5.3479476,6.81235,7200,5.285714,100,100,63.2,4.937143,Very Low,72.3,5.313029,100,1747940400,Very Low,4.614176,6.640897,Very Low,7.1958814,59.7,7.114286,100,1747940400,6.1714287
2025-05-22T19:11:21Z,0,29.884,74.4,57,68.4,7,5,164,73,0.0,255,32767,0.0,2127-15-31,0.0,0.52,26.6,0.0,0.0,0.0,0,4.822265625,6,45,05:39,20:21,2025-05-22 19:11:21.020779,Città della Scienza,64.5,6.5916495,8.262904,5.76772,4.2783575,EU EEA Common AQI,72.6,5.3479476,6.81235,7200,5.285714,100,100,63.2,4.937143,Very Low,72.3,5.313029,100,1747940400,Very Low,4.614176,6.640897,Very Low,7.1958814,59.7,7.114286,100,1747940400,6.1714287
2025-05-22T19:11:32Z,0,29.884,74.4,57,68.4,6,5,209,73,0.0,255,32767,0.0,2127-15-31,0.0,0.52,26.6,0.0,0.0,0.0,0,4.822265625,6,45,05:39,20:21,2025-05-22 19:11:32.062785,Città della Scienza,64.5,6.5916495,8.262904,5.76772,4.2783575,EU EEA Common AQI,72.6,5.3479476,6.81235,7200,5.285714,100,100,63.2,4.937143,Very Low,72.3,5.313029,100,1747940400,Very Low,4.614176,6.640897,Very Low,7.1958814,59.7,7.114286,100,1747940400,6.1714287
2025-05-22T19:11:43Z,0,29.884,74.3,57,68.4,7,5,220,73,0.0,255,32767,0.0,2127-15-31,0.0,0.52,26.6,0.0,0.0,0.0,0,4.822265625,6,45,05:39,20:21,2025-05-22 19:11:43.137790,Città della Scienza,64.5,6.5916495,8.262904,5.76772,4.2783575,EU EEA Common AQI,72.6,5.3479476,6.81235,7200,5.285714,100,100,63.2,4.937143,Very Low,72.3,5.313029,100,1747940400,Very Low,4.614176,6.640897,Very Low,7.1958814,59.7,7.114286,100,1747940400,6.1714287
2025-05-22T19:11:54Z,0,29.884,74.3,57,68.4,6,5,265,73,0.0,255,32767,0.0,2127-15-31,0.0,0.52,26.6,0.0,0.0,0.0,0,4.822265625,6,45,05:39,20:21,2025-05-22 19:11:54.270783,Città della Scienza,64.5,6.5916495,8.262904,5.76772,4.2783575,EU EEA Common AQI,72.6,5.3479476,6.81235,7200,5.285714,100,100,63.2,4.937143,Very Low,72.3,5.313029,100,1747940400,Very Low,4.614176,6.640897,Very Low,7.1958814,59.7,7.114286,100,1747940400,6.1714287
2025-05-22T19:12:05Z,0,29.884,74.3,57,68.4,7,5,215,73,0.0,255,32767,0.0,2127-15-31,0.0,0.52,26.6,0.0,0.0,0.0,0,4.822265625,6,45,05:39,20:21,2025-05-22 19:12:05.298780,Città della Scienza,64.5,6.5916495,8.262904,5.76772,4.2783575,EU EEA Common AQI,72.6,5.3479476,6.81235,7200,5.285714,100,100,63.2,4.937143,Very Low,72.3,5.313029,100,1747940400,Very Low,4.614176,6.640897,Very Low,7.1958814,59.7,7.114286,100,1747940400,6.1714287
2025-05-22T19:12:16Z,0,29.884,74.3,57,68.4,6,5,194,73,0.0,255,32767,0.0,2127-15-31,0.0,0.52,26.6,0.0,0.0,0.0,0,4.822265625,6,45,05:39,20:21,2025-05-22 19:12:16.385796,Città della Scienza,64.5,6.5916495,8.262904,5.76772,4.2783575,EU EEA Common AQI,72.6,5.3479476,6.81235,7200,5.285714,100,100,63.2,4.937143,Very Low,72.3,5.313029,100,1747940400,Very Low,4.614176,6.640897,Very Low,7.1958814,59.7,7.114286,100,1747940400,6.1714287
2025-05-22T19:12:27Z,0,29.884,74.3,57,68.4,5,5,204,73,0.0,255,32767,0.0,2127-15-31,0.0,0.52,26.6,0.0,0.0,0.0,0,4.822265625,6,45,05:39,20:21,2025-05-22 19:12:27.449785,Città della Scienza,64.5,6.5916495,8.262904,5.76772,4.2783575,EU EEA Common AQI,72.6,5.3479476,6.81235,7200,5.285714,100,100,63.2,4.937143,Very Low,72.3,5.313029,100,1747940400,Very Low,4.614176,6.640897,Very Low,7.1958814,59.7,7.114286,100,1747940400,6.1714287
2025-05-22T19:12:38Z,0,29.883,74.4,57,68.4,5,5,215,73,0.0,255,32767,0.0,2127-15-31,0.0,0.52,26.6,0.0,0.0,0.0,0,4.822265625,6,45,05:39,20:21,2025-05-22 19:12:38.476790,Città della Scienza,64.5,6.5916495,8.262904,5.76772,4.2783575,EU EEA Common AQI,72.6,5.3479476,6.81235,7200,5.285714,100,100,63.2,4.937143,Very Low,72.3,5.313029,100,1747940400,Very Low,4.614176,6.640897,Very Low,7.1958814,59.7,7.114286,100,1747940400,6.1714287
2025-05-22T19:12:49Z,0,29.883,74.4,57,68.4,3,5,196,73,0.0,255,32767,0.0,2127-15-31,0.0,0.52,26.6,0.0,0.0,0.0,0,4.822265625,6,45,05:39,20:21,2025-05-22 19:12:49.587788,Città della Scienza,64.5,6.5916495,8.262904,5.76772,4.2783575,EU EEA Common AQI,72.6,5.3479476,6.81235,7200,5.285714,100,100,63.2,4.937143,Very Low,72.3,5.313029,100,1747940400,Very Low,4.614176,6.640897,Very Low,7.1958814,59.7,7.114286,100,1747940400,6.1714287
2025-05-22T19:13:00Z,0,29.883,74.4,57,68.4,5,5,200,73,0.0,255,32767,0.0,2127-15-31,0.0,0.52,26.6,0.0,0.0,0.0,0,4.822265625,6,45,05:39,20:21,2025-05-22 19:13:00.695786,Città della Scienza,64.5,6.5916495,8.262904,5.76772,4.2783575,EU EEA Common AQI,72.6,5.3479476,6.81235,7200,5.285714,100,100,63.2,4.937143,Very Low,72.3,5.313029,100,1747940400,Very Low,4.614176,6.640897,Very Low,7.1958814,59.7,7.114286,100,1747940400,6.1714287
2025-05-22T19:13:11Z,0,29.883,74.4,57,68.4,4,5,178,73,0.0,255,32767,0.0,2127-15-31,0.0,0.52,26.6,0.0,0.0,0.0,0,4.822265625,6,45,05:39,20:21,2025-05-22 19:13:11.757791,Città della Scienza,64.5,6.5916495,8.262904,5.76772,4.2783575,EU EEA Common AQI,72.6,5.3479476,6.81235,7200,5.285714,100,100,63.2,4.937143,Very Low,72.3,5.313029,100,1747940400,Very Low,4.614176,6.640897,Very Low,7.1958814,59.7,7.114286,100,1747940400,6.1714287
2025-05-22T19:13:23Z,0,29.883,74.4,57,68.4,3,5,308,73,0.0,255,32767,0.0,2127-15-31,0.0,0.52,26.6,0.0,0.0,0.0,0,4.822265625,6,45,05:39,20:21,2025-05-22 19:13:22.813785,Città della Scienza,64.5,6.5916495,8.262904,5.76772,4.2783575,EU EEA Common AQI,72.6,5.3479476,6.81235,7200,5.285714,100,100,63.2,4.937143,Very Low,72.3,5.313029,100,1747940400,Very Low,4.614176,6.640897,Very Low,7.1958814,59.7,7.114286,100,1747940400,6.1714287
2025-05-22T19:13:34Z,0,29.883,74.4,57,68.4,5,5,194,73,0.0,255,32767,0.0,2127-15-31,0.0,0.52,26.6,0.0,0.0,0.0,0,4.822265625,6,45,05:39,20:21,2025-05-22 19:13:33.912789,Città della Scienza,64.5,6.5916495,8.262904,5.76772,4.2783575,EU EEA Common AQI,72.6,5.3479476,6.81235,7200,5.285714,100,100,63.2,4.937143,Very Low,72.3,5.313029,100,1747940400,Very Low,4.614176,6.640897,Very Low,7.1958814,59.7,7.114286,100,1747940400,6.1714287
2025-05-22T19:13:45Z,0,29.882,74.3,57,68.4,4,5,192,73,0.0,255,32767,0.0,2127-15-31,0.0,0.52,26.6,0.0,0.0,0.0,0,4.822265625,6,45,05:39,20:21,2025-05-22 19:13:44.987790,Città della Scienza,64.5,6.5916495,8.262904,5.76772,4.2783575,EU EEA Common AQI,72.6,5.3479476,6.81235,7200,5.285714,100,100,63.2,4.937143,Very Low,72.3,5.313029,100,1747940400,Very Low,4.614176,6.640897,Very Low,7.1958814,59.7,7.114286,100,1747940400,6.1714287
2025-05-22T19:13:56Z,0,29.882,74.3,57,68.4,6,5,213,73,0.0,255,32767,0.0,2127-15-31,0.0,0.52,26.6,0.0,0.0,0.0,0,4.822265625,6,45,05:39,20:21,2025-05-22 19:13:56.088775,Città della Scienza,64.5,6.5916495,8.262904,5.76772,4.2783575,EU EEA Common AQI,72.6,5.3479476,6.81235,7200,5.285714,100,100,63.2,4.937143,Very Low,72.3,5.313029,100,1747940400,Very Low,4.614176,6.640897,Very Low,7.1958814,59.7,7.114286,100,1747940400,6.1714287
2025-05-22T19:14:07Z,0,29.882,74.3,57,68.4,5,5,166,73,0.0,255,32767,0.0,2127-15-31,0.0,0.52,26.6,0.0,0.0,0.0,0,4.822265625,6,45,05:39,20:21,2025-05-22 19:14:07.181807,Città della Scienza,64.5,6.5916495,8.262904,5.76772,4.2783575,EU EEA Common AQI,72.6,5.3479476,6.81235,7200,5.285714,100,100,63.2,4.937143,Very Low,72.3,5.313029,100,1747940400,Very Low,4.614176,6.640897,Very Low,7.1958814,59.7,7.114286,100,1747940400,6.1714287
2025-05-22T19:14:18Z,0,29.882,74.3,57,68.3,4,5,246,73,0.0,255,32767,0.0,2127-15-31,0.0,0.52,26.6,0.0,0.0,0.0,0,4.822265625,6,45,05:39,20:21,2025-05-22 19:14:18.290793,Città della Scienza,64.5,6.5916495,8.262904,5.76772,4.2783575,EU EEA Common AQI,72.6,5.3479476,6.81235,7200,5.285714,100,100,63.2,4.937143,Very Low,72.3,5.313029,100,1747940400,Very Low,4.614176,6.640897,Very Low,7.1958814,59.7,7.114286,100,1747940400,6.1714287
2025-05-22T19:14:29Z,0,29.882,74.3,57,68.4,7,5,227,73,0.0,255,32767,0.0,2127-15-31,0.0,0.52,26.6,0.0,0.0,0.0,0,4.822265625,6,45,05:39,20:21,2025-05-22 19:14:29.430812,Città della Scienza,64.5,6.5916495,8.262904,5.76772,4.2783575,EU EEA Common AQI,72.6,5.3479476,6.81235,7200,5.285714,100,100,63.2,4.937143,Very Low,72.3,5.313029,100,1747940400,Very Low,4.614176,6.640897,Very Low,7.1958814,59.7,7.114286,100,1747940400,6.1714287
2025-05-22T19:14:40Z,0,29.883,74.3,57,68.4,8,5,184,73,0.0,255,32767,0.0,2127-15-31,0.0,0.52,26.6,0.0,0.0,0.0,0,4.822265625,6,45,05:39,20:21,2025-05-22 19:14:40.532792,Città della Scienza,64.5,6.5916495,8.262904,5.76772,4.2783575,EU EEA Common AQI,72.6,5.3479476,6.81235,7200,5.285714,100,100,63.2,4.937143,Very Low,72.3,5.313029,100,1747940400,Very Low,4.614176,6.640897,Very Low,7.1958814,59.7,7.114286,100,1747940400,6.1714287
2025-05-22T19:14:51Z,0,29.883,74.3,57,68.3,6,5,217,73,0.0,255,32767,0.0,2127-15-31,0.0,0.52,26.6,0.0,0.0,0.0,0,4.822265625,6,45,05:39,20:21,2025-05-22 19:14:51.628794,Città della Scienza,64.5,6.5916495,8.262904,5.76772,4.2783575,EU EEA Common AQI,72.6,5.3479476,6.81235,7200,5.285714,100,100,63.2,4.937143,Very Low,72.3,5.313029,100,1747940400,Very Low,4.614176,6.640897,Very Low,7.1958814,59.7,7.114286,100,1747940400,6.1714287
2025-05-22T19:15:02Z,0,29.883,74.3,57,68.3,5,5,209,73,0.0,255,32767,0.0,2127-15-31,0.0,0.52,26.6,0.0,0.0,0.0,0,4.822265625,6,45,05:39,20:21,2025-05-22 19:15:02.731804,Città della Scienza,64.5,6.5916495,8.262904,5.76772,4.2783575,EU EEA Common AQI,72.6,5.3479476,6.81235,7200,5.285714,100,100,63.2,4.937143,Very Low,72.3,5.313029,100,1747940400,Very Low,4.614176,6.640897,Very Low,7.1958814,59.7,7.114286,100,1747940400,6.1714287
2025-05-22T19:15:14Z,0,29.883,74.3,57,68.3,5,5,229,73,0.0,255,32767,0.0,2127-15-31,0.0,0.52,26.6,0.0,0.0,0.0,0,4.822265625,6,45,05:39,20:21,2025-05-22 19:15:13.802790,Città della Scienza,64.5,6.5916495,8.262904,5.76772,4.2783575,EU EEA Common AQI,72.6,5.3479476,6.81235,7200,5.285714,100,100,63.2,4.937143,Very Low,72.3,5.313029,100,1747940400,Very Low,4.614176,6.640897,Very Low,7.1958814,59.7,7.114286,100,1747940400,6.1714287
2025-05-22T19:15:25Z,0,29.883,74.3,57,68.4,5,5,209,72,0.0,255,32767,0.0,2127-15-31,0.0,0.52,26.6,0.0,0.0,0.0,0,4.822265625,6,45,05:39,20:21,2025-05-22 19:15:24.861791,Città della Scienza,65.5,6.7576046,8.2684965,5.8651495,4.3663793,EU EEA Common AQI,71.4,5.457974,6.8236175,7200,5.357143,100,100,62.6,4.72,Very Low,71.3,5.4317765,100,1747941300,Very Low,4.692119,6.8167324,Very Low,7.4232335,59.1,6.9142857,100,1747941300,5.9
2025-05-22T19:15:36Z,0,29.883,74.3,57,68.3,4,5,233,72,0.0,255,32767,0.0,2127-15-31,0.0,0.52,26.6,0.0,0.0,0.0,0,4.822265625,6,45,05:39,20:21,2025-05-22 19:15:35.908787,Città della Scienza,65.5,6.7576046,8.2684965,5.8651495,4.3663793,EU EEA Common AQI,71.4,5.457974,6.8236175,7200,5.357143,100,100,62.6,4.72,Very Low,71.3,5.4317765,100,1747941300,Very Low,4.692119,6.8167324,Very Low,7.4232335,59.1,6.9142857,100,1747941300,5.9
2025-05-22T19:15:47Z,0,29.883,74.3,57,68.3,3,5,218,72,0.0,255,32767,0.0,2127-15-31,0.0,0.52,26.6,0.0,0.0,0.0,0,4.822265625,6,45,05:39,20:21,2025-05-22 19:15:47.001794,Città della Scienza,65.5,6.7576046,8.2684965,5.8651495,4.3663793,EU EEA Common AQI,71.4,5.457974,6.8236175,7200,5.357143,100,100,62.6,4.72,Very Low,71.3,5.4317765,100,1747941300,Very Low,4.692119,6.8167324,Very Low,7.4232335,59.1,6.9142857,100,1747941300,5.9
2025-05-22T19:15:58Z,0,29.883,74.3,57,68.3,3,5,174,72,0.0,255,32767,0.0,2127-15-31,0.0,0.52,26.6,0.0,0.0,0.0,0,4.822265625,6,45,05:39,20:21,2025-05-22 19:15:58.057799,Città della Scienza,65.5,6.7576046,8.2684965,5.8651495,4.3663793,EU EEA Common AQI,71.4,5.457974,6.8236175,7200,5.357143,100,100,62.6,4.72,Very Low,71.3,5.4317765,100,1747941300,Very Low,4.692119,6.8167324,Very Low,7.4232335,59.1,6.9142857,100,1747941300,5.9
2025-05-22T19:16:09Z,0,29.883,74.3,57,68.4,3,5,194,72,0.0,255,32767,0.0,2127-15-31,0.0,0.52,26.6,0.0,0.0,0.0,0,4.822265625,6,45,05:39,20:21,2025-05-22 19:16:09.148803,Città della Scienza,65.5,6.7576046,8.2684965,5.8651495,4.3663793,EU EEA Common AQI,71.4,5.457974,6.8236175,7200,5.357143,100,100,62.6,4.72,Very Low,71.3,5.4317765,100,1747941300,Very Low,4.692119,6.8167324,Very Low,7.4232335,59.1,6.9142857,100,1747941300,5.9
2025-05-22T19:16:20Z,0,29.883,74.3,57,68.3,4,5,205,73,0.0,255,32767,0.0,2127-15-31,0.0,0.52,26.6,0.0,0.0,0.0,0,4.822265625,6,45,05:39,20:21,2025-05-22 19:16:20.252794,Città della Scienza,65.5,6.7576046,8.2684965,5.8651495,4.3663793,EU EEA Common AQI,71.4,5.457974,6.8236175,7200,5.357143,100,100,62.6,4.72,Very Low,71.3,5.4317765,100,1747941300,Very Low,4.692119,6.8167324,Very Low,7.4232335,59.1,6.9142857,100,1747941300,5.9
2025-05-22T19:16:31Z,0,29.883,74.3,57,68.4,7,5,227,73,0.0,255,32767,0.0,2127-15-31,0.0,0.52,26.6,0.0,0.0,0.0,0,4.822265625,6,45,05:39,20:21,2025-05-22 19:16:31.352794,Città della Scienza,65.5,6.7576046,8.2684965,5.8651495,4.3663793,EU EEA Common AQI,71.4,5.457974,6.8236175,7200,5.357143,100,100,62.6,4.72,Very Low,71.3,5.4317765,100,1747941300,Very Low,4.692119,6.8167324,Very Low,7.4232335,59.1,6.9142857,100,1747941300,5.9
2025-05-22T19:16:42Z,0,29.882,74.4,57,68.4,8,5,230,73,0.0,255,32767,0.0,2127-15-31,0.0,0.52,26.6,0.0,0.0,0.0,0,4.822265625,6,45,05:39,20:21,2025-05-22 19:16:42.429787,Città della Scienza,65.5,6.7576046,8.2684965,5.8651495,4.3663793,EU EEA Common AQI,71.4,5.457974,6.8236175,7200,5.357143,100,100,62.6,4.72,Very Low,71.3,5.4317765,100,1747941300,Very Low,4.692119,6.8167324,Very Low,7.4232335,59.1,6.9142857,100,1747941300,5.9
2025-05-22T19:16:53Z,0,29.882,74.4,57,68.4,5,5,249,73,0.0,255,32767,0.0,2127-15-31,0.0,0.52,26.6,0.0,0.0,0.0,0,4.822265625,6,45,05:39,20:21,2025-05-22 19:16:53.488787,Città della Scienza,65.5,6.7576046,8.2684965,5.8651495,4.3663793,EU EEA Common AQI,71.4,5.457974,6.8236175,7200,5.357143,100,100,62.6,4.72,Very Low,71.3,5.4317765,100,1747941300,Very Low,4.692119,6.8167324,Very Low,7.4232335,59.1,6.9142857,100,1747941300,5.9
2025-05-22T19:17:04Z,0,29.882,74.4,57,68.3,5,5,222,73,0.0,255,32767,0.0,2127-15-31,0.0,0.52,26.6,0.0,0.0,0.0,0,4.822265625,6,45,05:39,20:21,2025-05-22 19:17:04.582809,Città della Scienza,65.5,6.7576046,8.2684965,5.8651495,4.3663793,EU EEA Common AQI,71.4,5.457974,6.8236175,7200,5.357143,100,100,62.6,4.72,Very Low,71.3,5.4317765,100,1747941300,Very Low,4.692119,6.8167324,Very Low,7.4232335,59.1,6.9142857,100,1747941300,5.9
2025-05-22T19:17:15Z,0,29.882,74.4,57,68.3,2,5,180,72,0.0,255,32767,0.0,2127-15-31,0.0,0.52,26.6,0.0,0.0,0.0,0,4.822265625,6,45,05:39,20:21,2025-05-22 19:17:15.660792,Città della Scienza,65.5,6.7576046,8.2684965,5.8651495,4.3663793,EU EEA Common AQI,71.4,5.457974,6.8236175,7200,5.357143,100,100,62.6,4.72,Very Low,71.3,5.4317765,100,1747941300,Very Low,4.692119,6.8167324,Very Low,7.4232335,59.1,6.9142857,100,1747941300,5.9
2025-05-22T19:17:26Z,0,29.882,74.4,57,68.3,6,5,171,72,0.0,255,32767,0.0,2127-15-31,0.0,0.52,26.6,0.0,0.0,0.0,0,4.822265625,6,45,05:39,20:21,2025-05-22 19:17:26.725798,Città della Scienza,65.5,6.7576046,8.2684965,5.8651495,4.3663793,EU EEA Common AQI,71.4,5.457974,6.8236175,7200,5.357143,100,100,62.6,4.72,Very Low,71.3,5.4317765,100,1747941300,Very Low,4.692119,6.8167324,Very Low,7.4232335,59.1,6.9142857,100,1747941300,5.9
2025-05-22T19:17:38Z,0,29.883,74.3,57,68.3,4,5,180,72,0.0,255,32767,0.0,2127-15-31,0.0,0.52,26.6,0.0,0.0,0.0,0,4.822265625,6,45,05:39,20:21,2025-05-22 19:17:37.828764,Città della Scienza,65.5,6.7576046,8.2684965,5.8651495,4.3663793,EU EEA Common AQI,71.4,5.457974,6.8236175,7200,5.357143,100,100,62.6,4.72,Very Low,71.3,5.4317765,100,1747941300,Very Low,4.692119,6.8167324,Very Low,7.4232335,59.1,6.9142857,100,1747941300,5.9
2025-05-22T19:17:49Z,0,29.883,74.3,57,68.3,3,5,186,72,0.0,255,32767,0.0,2127-15-31,0.0,0.52,26.6,0.0,0.0,0.0,0,4.822265625,6,45,05:39,20:21,2025-05-22 19:17:48.894787,Città della Scienza,65.5,6.7576046,8.2684965,5.8651495,4.3663793,EU EEA Common AQI,71.4,5.457974,6.8236175,7200,5.357143,100,100,62.6,4.72,Very Low,71.3,5.4317765,100,1747941300,Very Low,4.692119,6.8167324,Very Low,7.4232335,59.1,6.9142857,100,1747941300,5.9
2025-05-22T19:18:00Z,0,29.883,74.3,57,68.3,6,5,216,73,0.0,255,32767,0.0,2127-15-31,0.0,0.52,26.6,0.0,0.0,0.0,0,4.822265625,6,45,05:39,20:21,2025-05-22 19:17:59.967802,Città della Scienza,65.5,6.7576046,8.2684965,5.8651495,4.3663793,EU EEA Common AQI,71.4,5.457974,6.8236175,7200,5.357143,100,100,62.6,4.72,Very Low,71.3,5.4317765,100,1747941300,Very Low,4.692119,6.8167324,Very Low,7.4232335,59.1,6.9142857,100,1747941300,5.9
2025-05-22T19:18:11Z,0,29.883,74.3,57,68.4,3,5,245,73,0.0,255,32767,0.0,2127-15-31,0.0,0.52,26.6,0.0,0.0,0.0,0,4.822265625,6,45,05:39,20:21,2025-05-22 19:18:11.065792,Città della Scienza,65.5,6.7576046,8.2684965,5.8651495,4.3663793,EU EEA Common AQI,71.4,5.457974,6.8236175,7200,5.357143,100,100,62.6,4.72,Very Low,71.3,5.4317765,100,1747941300,Very Low,4.692119,6.8167324,Very Low,7.4232335,59.1,6.9142857,100,1747941300,5.9
2025-05-22T19:18:22Z,0,29.883,74.3,57,68.4,5,5,181,73,0.0,255,32767,0.0,2127-15-31,0.0,0.52,26.6,0.0,0.0,0.0,0,4.822265625,6,45,05:39,20:21,2025-05-22 19:18:22.139796,Città della Scienza,65.5,6.7576046,8.2684965,5.8651495,4.3663793,EU EEA Common AQI,71.4,5.457974,6.8236175,7200,5.357143,100,100,62.6,4.72,Very Low,71.3,5.4317765,100,1747941300,Very Low,4.692119,6.8167324,Very Low,7.4232335,59.1,6.9142857,100,1747941300,5.9
2025-05-22T19:18:33Z,0,29.883,74.3,57,68.4,7,5,154,73,0.0,255,32767,0.0,2127-15-31,0.0,0.52,26.6,0.0,0.0,0.0,0,4.822265625,6,45,05:39,20:21,2025-05-22 19:18:33.193794,Città della Scienza,65.5,6.7576046,8.2684965,5.8651495,4.3663793,EU EEA Common AQI,71.4,5.457974,6.8236175,7200,5.357143,100,100,62.6,4.72,Very Low,71.3,5.4317765,100,1747941300,Very Low,4.692119,6.8167324,Very Low,7.4232335,59.1,6.9142857,100,1747941300,5.9
2025-05-22T19:18:44Z,0,29.884,74.3,57,68.4,6,5,223,73,0.0,255,32767,0.0,2127-15-31,0.0,0.52,26.6,0.0,0.0,0.0,0,4.822265625,6,45,05:39,20:21,2025-05-22 19:18:44.349786,Città della Scienza,65.5,6.7576046,8.2684965,5.8651495,4.3663793,EU EEA Common AQI,71.4,5.457974,6.8236175,7200,5.357143,100,100,62.6,4.72,Very Low,71.3,5.4317765,100,1747941300,Very Low,4.692119,6.8167324,Very Low,7.4232335,59.1,6.9142857,100,1747941300,5.9
2025-05-22T19:18:55Z,0,29.884,74.3,57,68.3,4,5,219,73,0.0,255,32767,0.0,2127-15-31,0.0,0.52,26.6,0.0,0.0,0.0,0,4.822265625,6,45,05:39,20:21,2025-05-22 19:18:55.465760,Città della Scienza,65.5,6.7576046,8.2684965,5.8651495,4.3663793,EU EEA Common AQI,71.4,5.457974,6.8236175,7200,5.357143,100,100,62.6,4.72,Very Low,71.3,5.4317765,100,1747941300,Very Low,4.692119,6.8167324,Very Low,7.4232335,59.1,6.9142857,100,1747941300,5.9
2025-05-22T19:19:06Z,0,29.884,74.3,57,68.3,5,5,225,73,0.0,255,32767,0.0,2127-15-31,0.0,0.52,26.6,0.0,0.0,0.0,0,4.822265625,6,45,05:39,20:21,2025-05-22 19:19:06.567788,Città della Scienza,65.5,6.7576046,8.2684965,5.8651495,4.3663793,EU EEA Common AQI,71.4,5.457974,6.8236175,7200,5.357143,100,100,62.6,4.72,Very Low,71.3,5.4317765,100,1747941300,Very Low,4.692119,6.8167324,Very Low,7.4232335,59.1,6.9142857,100,1747941300,5.9
2025-05-22T19:19:17Z,0,29.884,74.3,57,68.4,7,5,190,73,0.0,255,32767,0.0,2127-15-31,0.0,0.52,26.6,0.0,0.0,0.0,0,4.822265625,6,45,05:39,20:21,2025-05-22 19:19:17.685790,Città della Scienza,65.5,6.7576046,8.2684965,5.8651495,4.3663793,EU EEA Common AQI,71.4,5.457974,6.8236175,7200,5.357143,100,100,62.6,4.72,Very Low,71.3,5.4317765,100,1747941300,Very Low,4.692119,6.8167324,Very Low,7.4232335,59.1,6.9142857,100,1747941300,5.9
2025-05-22T19:19:28Z,0,29.884,74.3,57,68.4,6,5,184,73,0.0,255,32767,0.0,2127-15-31,0.0,0.52,26.6,0.0,0.0,0.0,0,4.822265625,6,45,05:39,20:21,2025-05-22 19:19:28.769792,Città della Scienza,65.5,6.7576046,8.2684965,5.8651495,4.3663793,EU EEA Common AQI,71.4,5.457974,6.8236175,7200,5.357143,100,100,62.6,4.72,Very Low,71.3,5.4317765,100,1747941300,Very Low,4.692119,6.8167324,Very Low,7.4232335,59.1,6.9142857,100,1747941300,5.9
2025-05-22T19:19:40Z,0,29.883,74.3,57,68.4,5,5,186,73,0.0,255,32767,0.0,2127-15-31,0.0,0.52,26.6,0.0,0.0,0.0,0,4.822265625,6,45,05:39,20:21,2025-05-22 19:19:39.873795,Città della Scienza,65.5,6.7576046,8.2684965,5.8651495,4.3663793,EU EEA Common AQI,71.4,5.457974,6.8236175,7200,5.357143,100,100,62.6,4.72,Very Low,71.3,5.4317765,100,1747941300,Very Low,4.692119,6.8167324,Very Low,7.4232335,59.1,6.9142857,100,1747941300,5.9
2025-05-22T19:19:51Z,0,29.883,74.3,57,68.4,7,5,208,73,0.0,255,32767,0.0,2127-15-31,0.0,0.52,26.6,0.0,0.0,0.0,0,4.822265625,6,45,05:39,20:21,2025-05-22 19:19:50.897791,Città della Scienza,65.5,6.7576046,8.2684965,5.8651495,4.3663793,EU EEA Common AQI,71.4,5.457974,6.8236175,7200,5.357143,100,100,62.6,4.72,Very Low,71.3,5.4317765,100,1747941300,Very Low,4.692119,6.8167324,Very Low,7.4232335,59.1,6.9142857,100,1747941300,5.9
2025-05-22T19:20:02Z,0,29.883,74.3,57,68.4,5,5,188,73,0.0,255,32767,0.0,2127-15-31,0.0,0.52,26.6,0.0,0.0,0.0,0,4.822265625,6,45,05:39,20:21,2025-05-22 19:20:01.999787,Città della Scienza,65.5,6.7576046,8.2684965,5.8651495,4.3663793,EU EEA Common AQI,71.4,5.457974,6.8236175,7200,5.357143,100,100,62.6,4.72,Very Low,71.3,5.4317765,100,1747941300,Very Low,4.692119,6.8167324,Very Low,7.4232335,59.1,6.9142857,100,1747941300,5.9
2025-05-22T19:20:13Z,0,29.883,74.3,57,68.4,3,5,179,73,0.0,255,32767,0.0,2127-15-31,0.0,0.52,26.6,0.0,0.0,0.0,0,4.822265625,6,45,05:39,20:21,2025-05-22 19:20:13.134801,Città della Scienza,65.5,6.7576046,8.2684965,5.8651495,4.3663793,EU EEA Common AQI,71.4,5.457974,6.8236175,7200,5.357143,100,100,62.6,4.72,Very Low,71.3,5.4317765,100,1747941300,Very Low,4.692119,6.8167324,Very Low,7.4232335,59.1,6.9142857,100,1747941300,5.9
2025-05-22T19:20:24Z,0,29.883,74.3,57,68.4,4,5,175,73,0.0,255,32767,0.0,2127-15-31,0.0,0.52,26.6,0.0,0.0,0.0,0,4.822265625,6,45,05:39,20:21,2025-05-22 19:20:24.261791,Città della Scienza,65.5,6.7576046,8.2684965,5.8651495,4.3663793,EU EEA Common AQI,71.4,5.457974,6.8236175,7200,5.357143,100,100,62.6,4.72,Very Low,71.3,5.4317765,100,1747941300,Very Low,4.692119,6.8167324,Very Low,7.4232335,59.1,6.9142857,100,1747941300,5.9
2025-05-22T19:20:35Z,0,29.884,74.3,57,68.4,8,5,191,73,0.0,255,32767,0.0,2127-15-31,0.0,0.52,26.6,0.0,0.0,0.0,0,4.822265625,6,45,05:39,20:21,2025-05-22 19:20:35.349787,Città della Scienza,65.5,6.7576046,8.2684965,5.8651495,4.3663793,EU EEA Common AQI,71.4,5.457974,6.8236175,7200,5.357143,100,100,62.6,4.72,Very Low,71.3,5.4317765,100,1747941300,Very Low,4.692119,6.8167324,Very Low,7.4232335,59.1,6.9142857,100,1747941300,5.9
2025-05-22T19:20:46Z,0,29.884,74.3,57,68.4,5,5,192,73,0.0,255,32767,0.0,2127-15-31,0.0,0.52,26.6,0.0,0.0,0.0,0,4.822265625,6,45,05:39,20:21,2025-05-22 19:20:46.393793,Città della Scienza,65.5,6.7576046,8.2684965,5.8651495,4.3663793,EU EEA Common AQI,71.4,5.457974,6.8236175,7200,5.357143,100,100,62.6,4.72,Very Low,71.3,5.4317765,100,1747941300,Very Low,4.692119,6.8167324,Very Low,7.4232335,59.1,6.9142857,100,1747941300,5.9
2025-05-22T19:20:57Z,0,29.884,74.3,57,68.4,5,5,170,73,0.0,255,32767,0.0,2127-15-31,0.0,0.52,26.6,0.0,0.0,0.0,0,4.822265625,6,45,05:39,20:21,2025-05-22 19:20:57.435787,Città della Scienza,65.5,6.7576046,8.2684965,5.8651495,4.3663793,EU EEA Common AQI,71.4,5.457974,6.8236175,7200,5.357143,100,100,62.6,4.72,Very Low,71.3,5.4317765,100,1747941300,Very Low,4.692119,6.8167324,Very Low,7.4232335,59.1,6.9142857,100,1747941300,5.9
2025-05-22T19:21:08Z,0,29.884,74.3,57,68.4,3,5,214,73,0.0,255,32767,0.0,2127-15-31,0.0,0.52,26.6,0.0,0.0,0.0,0,4.822265625,6,45,05:39,20:21,2025-05-22 19:21:08.490785,Città della Scienza,65.5,6.7576046,8.2684965,5.8651495,4.3663793,EU EEA Common AQI,71.4,5.457974,6.8236175,7200,5.357143,100,100,62.6,4.72,Very Low,71.3,5.4317765,100,1747941300,Very Low,4.692119,6.8167324,Very Low,7.4232335,59.1,6.9142857,100,1747941300,5.9
2025-05-22T19:21:19Z,0,29.884,74.3,57,68.4,2,5,236,73,0.0,255,32767,0.0,2127-15-31,0.0,0.52,26.6,0.0,0.0,0.0,0,4.822265625,6,45,05:39,20:21,2025-05-22 19:21:19.556803,Città della Scienza,65.5,6.7576046,8.2684965,5.8651495,4.3663793,EU EEA Common AQI,71.4,5.457974,6.8236175,7200,5.357143,100,100,62.6,4.72,Very Low,71.3,5.4317765,100,1747941300,Very Low,4.692119,6.8167324,Very Low,7.4232335,59.1,6.9142857,100,1747941300,5.9
2025-05-22T19:21:30Z,0,29.884,74.3,57,68.3,4,5,199,73,0.0,255,32767,0.0,2127-15-31,0.0,0.52,26.6,0.0,0.0,0.0,0,4.822265625,6,45,05:39,20:21,2025-05-22 19:21:30.632786,Città della Scienza,65.5,6.7576046,8.2684965,5.8651495,4.3663793,EU EEA Common AQI,71.4,5.457974,6.8236175,7200,5.357143,100,100,62.6,4.72,Very Low,71.3,5.4317765,100,1747941300,Very Low,4.692119,6.8167324,Very Low,7.4232335,59.1,6.9142857,100,1747941300,5.9
2025-05-22T19:21:41Z,0,29.885,74.3,57,68.4,4,5,167,73,0.0,255,32767,0.0,2127-15-31,0.0,0.52,26.6,0.0,0.0,0.0,0,4.822265625,6,45,05:39,20:21,2025-05-22 19:21:41.731789,Città della Scienza,65.5,6.7576046,8.2684965,5.8651495,4.3663793,EU EEA Common AQI,71.4,5.457974,6.8236175,7200,5.357143,100,100,62.6,4.72,Very Low,71.3,5.4317765,100,1747941300,Very Low,4.692119,6.8167324,Very Low,7.4232335,59.1,6.9142857,100,1747941300,5.9
2025-05-22T19:21:53Z,0,29.885,74.3,57,68.4,4,5,167,73,0.0,255,32767,0.0,2127-15-31,0.0,0.52,26.6,0.0,0.0,0.0,0,4.822265625,6,45,05:39,20:21,2025-05-22 19:21:52.839786,Città della Scienza,65.5,6.7576046,8.2684965,5.8651495,4.3663793,EU EEA Common AQI,71.4,5.457974,6.8236175,7200,5.357143,100,100,62.6,4.72,Very Low,71.3,5.4317765,100,1747941300,Very Low,4.692119,6.8167324,Very Low,7.4232335,59.1,6.9142857,100,1747941300,5.9
2025-05-22T19:22:04Z,0,29.885,74.3,57,68.4,6,5,187,73,0.0,255,32767,0.0,2127-15-31,0.0,0.52,26.6,0.0,0.0,0.0,0,4.822265625,6,45,05:39,20:21,2025-05-22 19:22:04.013785,Città della Scienza,65.5,6.7576046,8.2684965,5.8651495,4.3663793,EU EEA Common AQI,71.4,5.457974,6.8236175,7200,5.357143,100,100,62.6,4.72,Very Low,71.3,5.4317765,100,1747941300,Very Low,4.692119,6.8167324,Very Low,7.4232335,59.1,6.9142857,100,1747941300,5.9
2025-05-22T19:22:15Z,0,29.885,74.3,57,68.4,7,5,190,73,0.0,255,32767,0.0,2127-15-31,0.0,0.52,26.6,0.0,0.0,0.0,0,4.822265625,6,45,05:39,20:21,2025-05-22 19:22:15.065782,Città della Scienza,65.5,6.7576046,8.2684965,5.8651495,4.3663793,EU EEA Common AQI,71.4,5.457974,6.8236175,7200,5.357143,100,100,62.6,4.72,Very Low,71.3,5.4317765,100,1747941300,Very Low,4.692119,6.8167324,Very Low,7.4232335,59.1,6.9142857,100,1747941300,5.9
2025-05-22T19:22:26Z,0,29.885,74.3,57,68.4,6,5,183,73,0.0,255,32767,0.0,2127-15-31,0.0,0.52,26.6,0.0,0.0,0.0,0,4.822265625,6,45,05:39,20:21,2025-05-22 19:22:26.137791,Città della Scienza,65.5,6.7576046,8.2684965,5.8651495,4.3663793,EU EEA Common AQI,71.4,5.457974,6.8236175,7200,5.357143,100,100,62.6,4.72,Very Low,71.3,5.4317765,100,1747941300,Very Low,4.692119,6.8167324,Very Low,7.4232335,59.1,6.9142857,100,1747941300,5.9
2025-05-22T19:22:37Z,0,29.884,74.3,57,68.4,4,5,188,73,0.0,255,32767,0.0,2127-15-31,0.0,0.52,26.6,0.0,0.0,0.0,0,4.822265625,6,45,05:39,20:21,2025-05-22 19:22:37.183786,Città della Scienza,65.5,6.7576046,8.2684965,5.8651495,4.3663793,EU EEA Common AQI,71.4,5.457974,6.8236175,7200,5.357143,100,100,62.6,4.72,Very Low,71.3,5.4317765,100,1747941300,Very Low,4.692119,6.8167324,Very Low,7.4232335,59.1,6.9142857,100,1747941300,5.9
2025-05-22T19:22:48Z,0,29.884,74.3,57,68.4,6,5,175,73,0.0,255,32767,0.0,2127-15-31,0.0,0.52,26.6,0.0,0.0,0.0,0,4.822265625,6,45,05:39,20:21,2025-05-22 19:22:48.273788,Città della Scienza,65.5,6.7576046,8.2684965,5.8651495,4.3663793,EU EEA Common AQI,71.4,5.457974,6.8236175,7200,5.357143,100,100,62.6,4.72,Very Low,71.3,5.4317765,100,1747941300,Very Low,4.692119,6.8167324,Very Low,7.4232335,59.1,6.9142857,100,1747941300,5.9
2025-05-22T19:22:59Z,0,29.884,74.3,57,68.4,6,5,200,73,0.0,255,32767,0.0,2127-15-31,0.0,0.52,26.6,0.0,0.0,0.0,0,4.822265625,6,45,05:39,20:21,2025-05-22 19:22:59.319803,Città della Scienza,65.5,6.7576046,8.2684965,5.8651495,4.3663793,EU EEA Common AQI,71.4,5.457974,6.8236175,7200,5.357143,100,100,62.6,4.72,Very Low,71.3,5.4317765,100,1747941300,Very Low,4.692119,6.8167324,Very Low,7.4232335,59.1,6.9142857,100,1747941300,5.9
2025-05-22T19:23:10Z,0,29.884,74.3,57,68.4,4,5,235,73,0.0,255,32767,0.0,2127-15-31,0.0,0.52,26.6,0.0,0.0,0.0,0,4.822265625,6,45,05:39,20:21,2025-05-22 19:23:10.464807,Città della Scienza,65.5,6.7576046,8.2684965,5.8651495,4.3663793,EU EEA Common AQI,71.4,5.457974,6.8236175,7200,5.357143,100,100,62.6,4.72,Very Low,71.3,5.4317765,100,1747941300,Very Low,4.692119,6.8167324,Very Low,7.4232335,59.1,6.9142857,100,1747941300,5.9
2025-05-22T19:23:21Z,0,29.884,74.3,57,68.4,2,5,260,73,0.0,255,32767,0.0,2127-15-31,0.0,0.52,26.6,0.0,0.0,0.0,0,4.822265625,6,45,05:39,20:21,2025-05-22 19:23:21.532784,Città della Scienza,65.5,6.7576046,8.2684965,5.8651495,4.3663793,EU EEA Common AQI,71.4,5.457974,6.8236175,7200,5.357143,100,100,62.6,4.72,Very Low,71.3,5.4317765,100,1747941300,Very Low,4.692119,6.8167324,Very Low,7.4232335,59.1,6.9142857,100,1747941300,5.9
2025-05-22T19:23:32Z,0,29.884,74.3,57,68.4,2,5,229,73,0.0,255,32767,0.0,2127-15-31,0.0,0.52,26.6,0.0,0.0,0.0,0,4.822265625,6,45,05:39,20:21,2025-05-22 19:23:32.633799,Città della Scienza,65.5,6.7576046,8.2684965,5.8651495,4.3663793,EU EEA Common AQI,71.4,5.457974,6.8236175,7200,5.357143,100,100,62.6,4.72,Very Low,71.3,5.4317765,100,1747941300,Very Low,4.692119,6.8167324,Very Low,7.4232335,59.1,6.9142857,100,1747941300,5.9
2025-05-22T19:23:43Z,0,29.884,74.3,57,68.4,2,5,138,73,0.0,255,32767,0.0,2127-15-31,0.0,0.52,26.6,0.0,0.0,0.0,0,4.822265625,6,45,05:39,20:21,2025-05-22 19:23:43.713793,Città della Scienza,65.5,6.7576046,8.2684965,5.8651495,4.3663793,EU EEA Common AQI,71.4,5.457974,6.8236175,7200,5.357143,100,100,62.6,4.72,Very Low,71.3,5.4317765,100,1747941300,Very Low,4.692119,6.8167324,Very Low,7.4232335,59.1,6.9142857,100,1747941300,5.9
2025-05-22T19:23:54Z,0,29.884,74.3,57,68.4,3,5,207,73,0.0,255,32767,0.0,2127-15-31,0.0,0.52,26.6,0.0,0.0,0.0,0,4.822265625,6,45,05:39,20:21,2025-05-22 19:23:54.748811,Città della Scienza,65.5,6.7576046,8.2684965,5.8651495,4.3663793,EU EEA Common AQI,71.4,5.457974,6.8236175,7200,5.357143,100,100,62.6,4.72,Very Low,71.3,5.4317765,100,1747941300,Very Low,4.692119,6.8167324,Very Low,7.4232335,59.1,6.9142857,100,1747941300,5.9
2025-05-22T19:24:05Z,0,29.884,74.3,57,68.4,2,5,249,73,0.0,255,32767,0.0,2127-15-31,0.0,0.52,26.6,0.0,0.0,0.0,0,4.822265625,6,45,05:39,20:21,2025-05-22 19:24:05.787790,Città della Scienza,65.5,6.7576046,8.2684965,5.8651495,4.3663793,EU EEA Common AQI,71.4,5.457974,6.8236175,7200,5.357143,100,100,62.6,4.72,Very Low,71.3,5.4317765,100,1747941300,Very Low,4.692119,6.8167324,Very Low,7.4232335,59.1,6.9142857,100,1747941300,5.9
2025-05-22T19:24:17Z,0,29.884,74.3,57,68.4,2,5,235,73,0.0,255,32767,0.0,2127-15-31,0.0,0.52,26.6,0.0,0.0,0.0,0,4.822265625,6,45,05:39,20:21,2025-05-22 19:24:16.843737,Città della Scienza,65.5,6.7576046,8.2684965,5.8651495,4.3663793,EU EEA Common AQI,71.4,5.457974,6.8236175,7200,5.357143,100,100,62.6,4.72,Very Low,71.3,5.4317765,100,1747941300,Very Low,4.692119,6.8167324,Very Low,7.4232335,59.1,6.9142857,100,1747941300,5.9
2025-05-22T19:24:28Z,0,29.884,74.3,57,68.4,3,5,236,73,0.0,255,32767,0.0,2127-15-31,0.0,0.52,26.6,0.0,0.0,0.0,0,4.822265625,6,45,05:39,20:21,2025-05-22 19:24:27.923791,Città della Scienza,65.5,6.7576046,8.2684965,5.8651495,4.3663793,EU EEA Common AQI,71.4,5.457974,6.8236175,7200,5.357143,100,100,62.6,4.72,Very Low,71.3,5.4317765,100,1747941300,Very Low,4.692119,6.8167324,Very Low,7.4232335,59.1,6.9142857,100,1747941300,5.9
2025-05-22T19:24:39Z,0,29.885,74.3,57,68.4,3,5,214,73,0.0,255,32767,0.0,2127-15-31,0.0,0.52,26.6,0.0,0.0,0.0,0,4.822265625,6,45,05:39,20:21,2025-05-22 19:24:39.057791,Città della Scienza,65.5,6.7576046,8.2684965,5.8651495,4.3663793,EU EEA Common AQI,71.4,5.457974,6.8236175,7200,5.357143,100,100,62.6,4.72,Very Low,71.3,5.4317765,100,1747941300,Very Low,4.692119,6.8167324,Very Low,7.4232335,59.1,6.9142857,100,1747941300,5.9
2025-05-22T19:24:50Z,0,29.885,74.3,57,68.4,3,5,185,73,0.0,255,32767,0.0,2127-15-31,0.0,0.52,26.6,0.0,0.0,0.0,0,4.822265625,6,45,05:39,20:21,2025-05-22 19:24:50.160802,Città della Scienza,65.5,6.7576046,8.2684965,5.8651495,4.3663793,EU EEA Common AQI,71.4,5.457974,6.8236175,7200,5.357143,100,100,62.6,4.72,Very Low,71.3,5.4317765,100,1747941300,Very Low,4.692119,6.8167324,Very Low,7.4232335,59.1,6.9142857,100,1747941300,5.9
2025-05-22T19:25:01Z,0,29.885,74.3,57,68.4,3,5,225,73,0.0,255,32767,0.0,2127-15-31,0.0,0.52,26.6,0.0,0.0,0.0,0,4.822265625,6,45,05:39,20:21,2025-05-22 19:25:01.263783,Città della Scienza,65.5,6.7576046,8.2684965,5.8651495,4.3663793,EU EEA Common AQI,71.4,5.457974,6.8236175,7200,5.357143,100,100,62.6,4.72,Very Low,71.3,5.4317765,100,1747941300,Very Low,4.692119,6.8167324,Very Low,7.4232335,59.1,6.9142857,100,1747941300,5.9
2025-05-22T19:25:12Z,0,29.885,74.3,57,68.4,4,5,204,73,0.0,255,32767,0.0,2127-15-31,0.0,0.52,26.6,0.0,0.0,0.0,0,4.822265625,6,45,05:39,20:21,2025-05-22 19:25:12.352804,Città della Scienza,65.5,6.7576046,8.2684965,5.8651495,4.3663793,EU EEA Common AQI,71.4,5.457974,6.8236175,7200,5.357143,100,100,62.6,4.72,Very Low,71.3,5.4317765,100,1747941300,Very Low,4.692119,6.8167324,Very Low,7.4232335,59.1,6.9142857,100,1747941300,5.9
2025-05-22T19:25:23Z,0,29.885,74.3,57,68.4,5,5,219,73,0.0,255,32767,0.0,2127-15-31,0.0,0.52,26.6,0.0,0.0,0.0,0,4.822265625,6,45,05:39,20:21,2025-05-22 19:25:23.443789,Città della Scienza,65.5,6.7576046,8.2684965,5.8651495,4.3663793,EU EEA Common AQI,71.4,5.457974,6.8236175,7200,5.357143,100,100,62.6,4.72,Very Low,71.3,5.4317765,100,1747941300,Very Low,4.692119,6.8167324,Very Low,7.4232335,59.1,6.9142857,100,1747941300,5.9
2025-05-22T19:25:34Z,0,29.885,74.3,57,68.4,5,5,216,73,0.0,255,32767,0.0,2127-15-31,0.0,0.52,26.6,0.0,0.0,0.0,0,4.822265625,6,45,05:39,20:21,2025-05-22 19:25:34.543752,Città della Scienza,65.5,6.7576046,8.2684965,5.8651495,4.3663793,EU EEA Common AQI,71.4,5.457974,6.8236175,7200,5.357143,100,100,62.6,4.72,Very Low,71.3,5.4317765,100,1747941300,Very Low,4.692119,6.8167324,Very Low,7.4232335,59.1,6.9142857,100,1747941300,5.9
2025-05-22T19:25:45Z,0,29.884,74.3,57,68.4,5,5,235,73,0.0,255,32767,0.0,2127-15-31,0.0,0.52,26.6,0.0,0.0,0.0,0,4.822265625,6,45,05:39,20:21,2025-05-22 19:25:45.596798,Città della Scienza,65.5,6.7576046,8.2684965,5.8651495,4.3663793,EU EEA Common AQI,71.4,5.457974,6.8236175,7200,5.357143,100,100,62.6,4.72,Very Low,71.3,5.4317765,100,1747941300,Very Low,4.692119,6.8167324,Very Low,7.4232335,59.1,6.9142857,100,1747941300,5.9
2025-05-22T19:25:56Z,0,29.884,74.3,57,68.3,3,5,260,73,0.0,255,32767,0.0,2127-15-31,0.0,0.52,26.6,0.0,0.0,0.0,0,4.822265625,6,45,05:39,20:21,2025-05-22 19:25:56.680796,Città della Scienza,65.5,6.7576046,8.2684965,5.8651495,4.3663793,EU EEA Common AQI,71.4,5.457974,6.8236175,7200,5.357143,100,100,62.6,4.72,Very Low,71.3,5.4317765,100,1747941300,Very Low,4.692119,6.8167324,Very Low,7.4232335,59.1,6.9142857,100,1747941300,5.9
2025-05-22T19:26:07Z,0,29.884,74.3,57,68.4,7,5,194,73,0.0,255,32767,0.0,2127-15-31,0.0,0.52,26.6,0.0,0.0,0.0,0,4.822265625,6,45,05:39,20:21,2025-05-22 19:26:07.710786,Città della Scienza,65.5,6.7576046,8.2684965,5.8651495,4.3663793,EU EEA Common AQI,71.4,5.457974,6.8236175,7200,5.357143,100,100,62.6,4.72,Very Low,71.3,5.4317765,100,1747941300,Very Low,4.692119,6.8167324,Very Low,7.4232335,59.1,6.9142857,100,1747941300,5.9
2025-05-22T19:26:19Z,0,29.884,74.3,57,68.4,4,5,180,73,0.0,255,32767,0.0,2127-15-31,0.0,0.52,26.6,0.0,0.0,0.0,0,4.822265625,6,45,05:39,20:21,2025-05-22 19:26:18.833798,Città della Scienza,65.5,6.7576046,8.2684965,5.8651495,4.3663793,EU EEA Common AQI,71.4,5.457974,6.8236175,7200,5.357143,100,100,62.6,4.72,Very Low,71.3,5.4317765,100,1747941300,Very Low,4.692119,6.8167324,Very Low,7.4232335,59.1,6.9142857,100,1747941300,5.9
2025-05-22T19:26:30Z,0,29.884,74.3,57,68.4,3,5,190,73,0.0,255,32767,0.0,2127-15-31,0.0,0.52,26.6,0.0,0.0,0.0,0,4.822265625,6,45,05:39,20:21,2025-05-22 19:26:29.952791,Città della Scienza,65.5,6.7576046,8.2684965,5.8651495,4.3663793,EU EEA Common AQI,71.4,5.457974,6.8236175,7200,5.357143,100,100,62.6,4.72,Very Low,71.3,5.4317765,100,1747941300,Very Low,4.692119,6.8167324,Very Low,7.4232335,59.1,6.9142857,100,1747941300,5.9
2025-05-22T19:26:41Z,0,29.885,74.3,57,68.4,7,5,193,73,0.0,255,32767,0.0,2127-15-31,0.0,0.52,26.6,0.0,0.0,0.0,0,4.822265625,6,45,05:39,20:21,2025-05-22 19:26:40.996785,Città della Scienza,65.5,6.7576046,8.2684965,5.8651495,4.3663793,EU EEA Common AQI,71.4,5.457974,6.8236175,7200,5.357143,100,100,62.6,4.72,Very Low,71.3,5.4317765,100,1747941300,Very Low,4.692119,6.8167324,Very Low,7.4232335,59.1,6.9142857,100,1747941300,5.9
2025-05-22T19:26:52Z,0,29.885,74.3,57,68.4,3,5,242,73,0.0,255,32767,0.0,2127-15-31,0.0,0.52,26.6,0.0,0.0,0.0,0,4.822265625,6,45,05:39,20:21,2025-05-22 19:26:52.097787,Città della Scienza,65.5,6.7576046,8.2684965,5.8651495,4.3663793,EU EEA Common AQI,71.4,5.457974,6.8236175,7200,5.357143,100,100,62.6,4.72,Very Low,71.3,5.4317765,100,1747941300,Very Low,4.692119,6.8167324,Very Low,7.4232335,59.1,6.9142857,100,1747941300,5.9
2025-05-22T19:27:03Z,0,29.885,74.3,57,68.3,4,5,189,73,0.0,255,32767,0.0,2127-15-31,0.0,0.52,26.6,0.0,0.0,0.0,0,4.822265625,6,45,05:39,20:21,2025-05-22 19:27:03.194750,Città della Scienza,65.5,6.7576046,8.2684965,5.8651495,4.3663793,EU EEA Common AQI,71.4,5.457974,6.8236175,7200,5.357143,100,100,62.6,4.72,Very Low,71.3,5.4317765,100,1747941300,Very Low,4.692119,6.8167324,Very Low,7.4232335,59.1,6.9142857,100,1747941300,5.9
2025-05-22T19:27:14Z,0,29.885,74.3,57,68.4,2,5,178,73,0.0,255,32767,0.0,2127-15-31,0.0,0.52,26.6,0.0,0.0,0.0,0,4.822265625,6,45,05:39,20:21,2025-05-22 19:27:14.326788,Città della Scienza,65.5,6.7576046,8.2684965,5.8651495,4.3663793,EU EEA Common AQI,71.4,5.457974,6.8236175,7200,5.357143,100,100,62.6,4.72,Very Low,71.3,5.4317765,100,1747941300,Very Low,4.692119,6.8167324,Very Low,7.4232335,59.1,6.9142857,100,1747941300,5.9
2025-05-22T19:27:25Z,0,29.885,74.3,57,68.4,2,5,209,73,0.0,255,32767,0.0,2127-15-31,0.0,0.52,26.6,0.0,0.0,0.0,0,4.822265625,6,45,05:39,20:21,2025-05-22 19:27:25.402793,Città della Scienza,65.5,6.7576046,8.2684965,5.8651495,4.3663793,EU EEA Common AQI,71.4,5.457974,6.8236175,7200,5.357143,100,100,62.6,4.72,Very Low,71.3,5.4317765,100,1747941300,Very Low,4.692119,6.8167324,Very Low,7.4232335,59.1,6.9142857,100,1747941300,5.9
2025-05-22T19:27:36Z,0,29.885,74.3,57,68.4,5,5,159,73,0.0,255,32767,0.0,2127-15-31,0.0,0.52,26.6,0.0,0.0,0.0,0,4.822265625,6,45,05:39,20:21,2025-05-22 19:27:36.507792,Città della Scienza,65.5,6.7576046,8.2684965,5.8651495,4.3663793,EU EEA Common AQI,71.4,5.457974,6.8236175,7200,5.357143,100,100,62.6,4.72,Very Low,71.3,5.4317765,100,1747941300,Very Low,4.692119,6.8167324,Very Low,7.4232335,59.1,6.9142857,100,1747941300,5.9
2025-05-22T19:27:47Z,0,29.885,74.3,57,68.3,3,5,207,73,0.0,255,32767,0.0,2127-15-31,0.0,0.52,26.6,0.0,0.0,0.0,0,4.822265625,6,45,05:39,20:21,2025-05-22 19:27:47.591815,Città della Scienza,65.5,6.7576046,8.2684965,5.8651495,4.3663793,EU EEA Common AQI,71.4,5.457974,6.8236175,7200,5.357143,100,100,62.6,4.72,Very Low,71.3,5.4317765,100,1747941300,Very Low,4.692119,6.8167324,Very Low,7.4232335,59.1,6.9142857,100,1747941300,5.9
2025-05-22T19:27:58Z,0,29.885,74.3,57,68.3,6,5,205,73,0.0,255,32767,0.0,2127-15-31,0.0,0.52,26.6,0.0,0.0,0.0,0,4.822265625,6,45,05:39,20:21,2025-05-22 19:27:58.682813,Città della Scienza,65.5,6.7576046,8.2684965,5.8651495,4.3663793,EU EEA Common AQI,71.4,5.457974,6.8236175,7200,5.357143,100,100,62.6,4.72,Very Low,71.3,5.4317765,100,1747941300,Very Low,4.692119,6.8167324,Very Low,7.4232335,59.1,6.9142857,100,1747941300,5.9
2025-05-22T19:28:09Z,0,29.885,74.3,57,68.3,4,5,239,73,0.0,255,32767,0.0,2127-15-31,0.0,0.52,26.6,0.0,0.0,0.0,0,4.822265625,6,45,05:39,20:21,2025-05-22 19:28:09.763786,Città della Scienza,65.5,6.7576046,8.2684965,5.8651495,4.3663793,EU EEA Common AQI,71.4,5.457974,6.8236175,7200,5.357143,100,100,62.6,4.72,Very Low,71.3,5.4317765,100,1747941300,Very Low,4.692119,6.8167324,Very Low,7.4232335,59.1,6.9142857,100,1747941300,5.9
2025-05-22T19:28:21Z,0,29.885,74.3,57,68.3,6,5,188,73,0.0,255,32767,0.0,2127-15-31,0.0,0.52,26.6,0.0,0.0,0.0,0,4.822265625,6,45,05:39,20:21,2025-05-22 19:28:20.832793,Città della Scienza,65.5,6.7576046,8.2684965,5.8651495,4.3663793,EU EEA Common AQI,71.4,5.457974,6.8236175,7200,5.357143,100,100,62.6,4.72,Very Low,71.3,5.4317765,100,1747941300,Very Low,4.692119,6.8167324,Very Low,7.4232335,59.1,6.9142857,100,1747941300,5.9
2025-05-22T19:28:32Z,0,29.885,74.3,57,68.3,4,5,170,73,0.0,255,32767,0.0,2127-15-31,0.0,0.52,26.6,0.0,0.0,0.0,0,4.822265625,6,45,05:39,20:21,2025-05-22 19:28:31.918804,Città della Scienza,65.5,6.7576046,8.2684965,5.8651495,4.3663793,EU EEA Common AQI,71.4,5.457974,6.8236175,7200,5.357143,100,100,62.6,4.72,Very Low,71.3,5.4317765,100,1747941300,Very Low,4.692119,6.8167324,Very Low,7.4232335,59.1,6.9142857,100,1747941300,5.9
2025-05-22T19:28:43Z,0,29.886,74.3,57,68.3,4,5,211,73,0.0,255,32767,0.0,2127-15-31,0.0,0.52,26.6,0.0,0.0,0.0,0,4.822265625,6,45,05:39,20:21,2025-05-22 19:28:43.017788,Città della Scienza,65.5,6.7576046,8.2684965,5.8651495,4.3663793,EU EEA Common AQI,71.4,5.457974,6.8236175,7200,5.357143,100,100,62.6,4.72,Very Low,71.3,5.4317765,100,1747941300,Very Low,4.692119,6.8167324,Very Low,7.4232335,59.1,6.9142857,100,1747941300,5.9
2025-05-22T19:28:54Z,0,29.886,74.3,57,68.3,6,5,169,73,0.0,255,32767,0.0,2127-15-31,0.0,0.52,26.6,0.0,0.0,0.0,0,4.822265625,6,45,05:39,20:21,2025-05-22 19:28:54.136795,Città della Scienza,65.5,6.7576046,8.2684965,5.8651495,4.3663793,EU EEA Common AQI,71.4,5.457974,6.8236175,7200,5.357143,100,100,62.6,4.72,Very Low,71.3,5.4317765,100,1747941300,Very Low,4.692119,6.8167324,Very Low,7.4232335,59.1,6.9142857,100,1747941300,5.9
2025-05-22T19:29:05Z,0,29.886,74.3,57,68.3,4,5,188,73,0.0,255,32767,0.0,2127-15-31,0.0,0.52,26.6,0.0,0.0,0.0,0,4.822265625,6,45,05:39,20:21,2025-05-22 19:29:05.200800,Città della Scienza,65.5,6.7576046,8.2684965,5.8651495,4.3663793,EU EEA Common AQI,71.4,5.457974,6.8236175,7200,5.357143,100,100,62.6,4.72,Very Low,71.3,5.4317765,100,1747941300,Very Low,4.692119,6.8167324,Very Low,7.4232335,59.1,6.9142857,100,1747941300,5.9
2025-05-22T19:29:16Z,0,29.886,74.3,57,68.3,3,5,184,73,0.0,255,32767,0.0,2127-15-31,0.0,0.52,26.6,0.0,0.0,0.0,0,4.822265625,6,45,05:39,20:21,2025-05-22 19:29:16.291790,Città della Scienza,65.5,6.7576046,8.2684965,5.8651495,4.3663793,EU EEA Common AQI,71.4,5.457974,6.8236175,7200,5.357143,100,100,62.6,4.72,Very Low,71.3,5.4317765,100,1747941300,Very Low,4.692119,6.8167324,Very Low,7.4232335,59.1,6.9142857,100,1747941300,5.9
2025-05-22T19:29:27Z,0,29.886,74.3,57,68.3,4,5,192,72,0.0,255,32767,0.0,2127-15-31,0.0,0.52,26.6,0.0,0.0,0.0,0,4.822265625,6,45,05:39,20:21,2025-05-22 19:29:27.338800,Città della Scienza,65.5,6.7576046,8.2684965,5.8651495,4.3663793,EU EEA Common AQI,71.4,5.457974,6.8236175,7200,5.357143,100,100,62.6,4.72,Very Low,71.3,5.4317765,100,1747941300,Very Low,4.692119,6.8167324,Very Low,7.4232335,59.1,6.9142857,100,1747941300,5.9
2025-05-22T19:29:38Z,0,29.886,74.3,57,68.3,7,4,178,72,0.0,255,32767,0.0,2127-15-31,0.0,0.52,26.6,0.0,0.0,0.0,0,4.822265625,6,45,05:39,20:21,2025-05-22 19:29:38.414791,Città della Scienza,65.5,6.7576046,8.2684965,5.8651495,4.3663793,EU EEA Common AQI,71.4,5.457974,6.8236175,7200,5.357143,100,100,62.6,4.72,Very Low,71.3,5.4317765,100,1747941300,Very Low,4.692119,6.8167324,Very Low,7.4232335,59.1,6.9142857,100,1747941300,5.9
2025-05-22T19:29:49Z,0,29.886,74.3,57,68.2,2,4,213,72,0.0,255,32767,0.0,2127-15-31,0.0,0.52,26.6,0.0,0.0,0.0,0,4.822265625,6,45,05:39,20:21,2025-05-22 19:29:49.507787,Città della Scienza,65.5,6.7576046,8.2684965,5.8651495,4.3663793,EU EEA Common AQI,71.4,5.457974,6.8236175,7200,5.357143,100,100,62.6,4.72,Very Low,71.3,5.4317765,100,1747941300,Very Low,4.692119,6.8167324,Very Low,7.4232335,59.1,6.9142857,100,1747941300,5.9
2025-05-22T19:30:00Z,0,29.886,74.3,57,68.3,7,4,154,72,0.0,255,32767,0.0,2127-15-31,0.0,0.52,26.6,0.0,0.0,0.0,0,4.822265625,6,45,05:39,20:21,2025-05-22 19:30:00.608798,Città della Scienza,65.5,6.7576046,8.2684965,5.8651495,4.3663793,EU EEA Common AQI,71.4,5.457974,6.8236175,7200,5.357143,100,100,62.6,4.72,Very Low,71.3,5.4317765,100,1747941300,Very Low,4.692119,6.8167324,Very Low,7.4232335,59.1,6.9142857,100,1747941300,5.9
2025-05-22T19:30:11Z,0,29.886,74.3,57,68.3,5,4,185,72,0.0,255,32767,0.0,2127-15-31,0.0,0.52,26.6,0.0,0.0,0.0,0,4.822265625,6,45,05:39,20:21,2025-05-22 19:30:11.644805,Città della Scienza,65.5,6.7576046,8.2684965,5.8651495,4.3663793,EU EEA Common AQI,71.4,5.457974,6.8236175,7200,5.357143,100,100,62.6,4.72,Very Low,71.3,5.4317765,100,1747941300,Very Low,4.692119,6.8167324,Very Low,7.4232335,59.1,6.9142857,100,1747941300,5.9
2025-05-22T19:30:22Z,0,29.886,74.3,57,68.2,8,4,200,72,0.0,255,32767,0.0,2127-15-31,0.0,0.52,26.6,0.0,0.0,0.0,0,4.822265625,6,45,05:39,20:21,2025-05-22 19:30:22.784812,Città della Scienza,65.7,6.659456,8.267217,5.993533,4.436892,EU EEA Common AQI,71.2,5.5461154,6.8350983,7200,4.8985505,100,100,62.5,4.2202897,Very Low,71.1,5.342221,100,1747942200,Very Low,4.7948265,6.903748,Very Low,7.522395,59.1,7.0869565,100,1747942200,5.2753625
2025-05-22T19:30:34Z,0,29.886,74.3,57,68.2,7,4,186,72,0.0,255,32767,0.0,2127-15-31,0.0,0.52,26.6,0.0,0.0,0.0,0,4.822265625,6,45,05:39,20:21,2025-05-22 19:30:33.864794,Città della Scienza,65.7,6.659456,8.267217,5.993533,4.436892,EU EEA Common AQI,71.2,5.5461154,6.8350983,7200,4.8985505,100,100,62.5,4.2202897,Very Low,71.1,5.342221,100,1747942200,Very Low,4.7948265,6.903748,Very Low,7.522395,59.1,7.0869565,100,1747942200,5.2753625
2025-05-22T19:30:45Z,0,29.884,74.3,57,68.3,6,5,263,72,0.0,255,32767,0.0,2127-15-31,0.0,0.52,26.6,0.0,0.0,0.0,0,4.822265625,6,45,05:39,20:21,2025-05-22 19:30:44.948801,Città della Scienza,65.7,6.659456,8.267217,5.993533,4.436892,EU EEA Common AQI,71.2,5.5461154,6.8350983,7200,4.8985505,100,100,62.5,4.2202897,Very Low,71.1,5.342221,100,1747942200,Very Low,4.7948265,6.903748,Very Low,7.522395,59.1,7.0869565,100,1747942200,5.2753625
2025-05-22T19:30:56Z,0,29.884,74.3,57,68.3,5,5,212,72,0.0,255,32767,0.0,2127-15-31,0.0,0.52,26.6,0.0,0.0,0.0,0,4.822265625,6,45,05:39,20:21,2025-05-22 19:30:55.997790,Città della Scienza,65.7,6.659456,8.267217,5.993533,4.436892,EU EEA Common AQI,71.2,5.5461154,6.8350983,7200,4.8985505,100,100,62.5,4.2202897,Very Low,71.1,5.342221,100,1747942200,Very Low,4.7948265,6.903748,Very Low,7.522395,59.1,7.0869565,100,1747942200,5.2753625
2025-05-22T19:31:07Z,0,29.884,74.3,57,68.3,4,5,178,72,0.0,255,32767,0.0,2127-15-31,0.0,0.52,26.6,0.0,0.0,0.0,0,4.822265625,6,45,05:39,20:21,2025-05-22 19:31:07.041793,Città della Scienza,65.7,6.659456,8.267217,5.993533,4.436892,EU EEA Common AQI,71.2,5.5461154,6.8350983,7200,4.8985505,100,100,62.5,4.2202897,Very Low,71.1,5.342221,100,1747942200,Very Low,4.7948265,6.903748,Very Low,7.522395,59.1,7.0869565,100,1747942200,5.2753625
2025-05-22T19:31:18Z,0,29.884,74.3,57,68.2,3,5,194,72,0.0,255,32767,0.0,2127-15-31,0.0,0.52,26.6,0.0,0.0,0.0,0,4.822265625,6,45,05:39,20:21,2025-05-22 19:31:18.095784,Città della Scienza,65.7,6.659456,8.267217,5.993533,4.436892,EU EEA Common AQI,71.2,5.5461154,6.8350983,7200,4.8985505,100,100,62.5,4.2202897,Very Low,71.1,5.342221,100,1747942200,Very Low,4.7948265,6.903748,Very Low,7.522395,59.1,7.0869565,100,1747942200,5.2753625
2025-05-22T19:31:29Z,0,29.884,74.3,57,68.2,6,5,229,72,0.0,255,32767,0.0,2127-15-31,0.0,0.52,26.6,0.0,0.0,0.0,0,4.822265625,6,45,05:39,20:21,2025-05-22 19:31:29.175786,Città della Scienza,65.7,6.659456,8.267217,5.993533,4.436892,EU EEA Common AQI,71.2,5.5461154,6.8350983,7200,4.8985505,100,100,62.5,4.2202897,Very Low,71.1,5.342221,100,1747942200,Very Low,4.7948265,6.903748,Very Low,7.522395,59.1,7.0869565,100,1747942200,5.2753625
2025-05-22T19:31:40Z,0,29.886,74.3,57,68.3,4,5,190,72,0.0,255,32767,0.0,2127-15-31,0.0,0.52,26.6,0.0,0.0,0.0,0,4.822265625,6,45,05:39,20:21,2025-05-22 19:31:40.241790,Città della Scienza,65.7,6.659456,8.267217,5.993533,4.436892,EU EEA Common AQI,71.2,5.5461154,6.8350983,7200,4.8985505,100,100,62.5,4.2202897,Very Low,71.1,5.342221,100,1747942200,Very Low,4.7948265,6.903748,Very Low,7.522395,59.1,7.0869565,100,1747942200,5.2753625
2025-05-22T19:31:51Z,0,29.886,74.3,57,68.2,6,5,170,72,0.0,255,32767,0.0,2127-15-31,0.0,0.52,26.6,0.0,0.0,0.0,0,4.822265625,6,45,05:39,20:21,2025-05-22 19:31:51.291786,Città della Scienza,65.7,6.659456,8.267217,5.993533,4.436892,EU EEA Common AQI,71.2,5.5461154,6.8350983,7200,4.8985505,100,100,62.5,4.2202897,Very Low,71.1,5.342221,100,1747942200,Very Low,4.7948265,6.903748,Very Low,7.522395,59.1,7.0869565,100,1747942200,5.2753625
2025-05-22T19:32:02Z,0,29.886,74.3,57,68.2,7,5,171,72,0.0,255,32767,0.0,2127-15-31,0.0,0.52,26.6,0.0,0.0,0.0,0,4.822265625,6,45,05:39,20:21,2025-05-22 19:32:02.416789,Città della Scienza,65.7,6.659456,8.267217,5.993533,4.436892,EU EEA Common AQI,71.2,5.5461154,6.8350983,7200,4.8985505,100,100,62.5,4.2202897,Very Low,71.1,5.342221,100,1747942200,Very Low,4.7948265,6.903748,Very Low,7.522395,59.1,7.0869565,100,1747942200,5.2753625
2025-05-22T19:32:13Z,0,29.886,74.3,57,68.2,7,5,188,72,0.0,255,32767,0.0,2127-15-31,0.0,0.52,26.6,0.0,0.0,0.0,0,4.822265625,6,45,05:39,20:21,2025-05-22 19:32:13.529773,Città della Scienza,65.7,6.659456,8.267217,5.993533,4.436892,EU EEA Common AQI,71.2,5.5461154,6.8350983,7200,4.8985505,100,100,62.5,4.2202897,Very Low,71.1,5.342221,100,1747942200,Very Low,4.7948265,6.903748,Very Low,7.522395,59.1,7.0869565,100,1747942200,5.2753625
2025-05-22T19:32:24Z,0,29.886,74.3,57,68.2,5,5,171,72,0.0,255,32767,0.0,2127-15-31,0.0,0.52,26.6,0.0,0.0,0.0,0,4.822265625,6,45,05:39,20:21,2025-05-22 19:32:24.627814,Città della Scienza,65.7,6.659456,8.267217,5.993533,4.436892,EU EEA Common AQI,71.2,5.5461154,6.8350983,7200,4.8985505,100,100,62.5,4.2202897,Very Low,71.1,5.342221,100,1747942200,Very Low,4.7948265,6.903748,Very Low,7.522395,59.1,7.0869565,100,1747942200,5.2753625
2025-05-22T19:32:35Z,0,29.883,74.3,57,68.2,3,5,198,72,0.0,255,32767,0.0,2127-15-31,0.0,0.52,26.6,0.0,0.0,0.0,0,4.822265625,6,45,05:39,20:21,2025-05-22 19:32:35.713801,Città della Scienza,65.7,6.659456,8.267217,5.993533,4.436892,EU EEA Common AQI,71.2,5.5461154,6.8350983,7200,4.8985505,100,100,62.5,4.2202897,Very Low,71.1,5.342221,100,1747942200,Very Low,4.7948265,6.903748,Very Low,7.522395,59.1,7.0869565,100,1747942200,5.2753625
2025-05-22T19:32:46Z,0,29.883,74.3,57,68.2,6,5,223,72,0.0,255,32767,0.0,2127-15-31,0.0,0.52,26.6,0.0,0.0,0.0,0,4.822265625,6,45,05:39,20:21,2025-05-22 19:32:46.765792,Città della Scienza,65.7,6.659456,8.267217,5.993533,4.436892,EU EEA Common AQI,71.2,5.5461154,6.8350983,7200,4.8985505,100,100,62.5,4.2202897,Very Low,71.1,5.342221,100,1747942200,Very Low,4.7948265,6.903748,Very Low,7.522395,59.1,7.0869565,100,1747942200,5.2753625
2025-05-22T19:32:57Z,0,29.883,74.3,57,68.2,5,5,201,72,0.0,255,32767,0.0,2127-15-31,0.0,0.52,26.6,0.0,0.0,0.0,0,4.822265625,6,45,05:39,20:21,2025-05-22 19:32:57.789790,Città della Scienza,65.7,6.659456,8.267217,5.993533,4.436892,EU EEA Common AQI,71.2,5.5461154,6.8350983,7200,4.8985505,100,100,62.5,4.2202897,Very Low,71.1,5.342221,100,1747942200,Very Low,4.7948265,6.903748,Very Low,7.522395,59.1,7.0869565,100,1747942200,5.2753625
2025-05-22T19:33:09Z,0,29.883,74.3,57,68.3,3,5,211,72,0.0,255,32767,0.0,2127-15-31,0.0,0.52,26.6,0.0,0.0,0.0,0,4.822265625,6,45,05:39,20:21,2025-05-22 19:33:08.878789,Città della Scienza,65.7,6.659456,8.267217,5.993533,4.436892,EU EEA Common AQI,71.2,5.5461154,6.8350983,7200,4.8985505,100,100,62.5,4.2202897,Very Low,71.1,5.342221,100,1747942200,Very Low,4.7948265,6.903748,Very Low,7.522395,59.1,7.0869565,100,1747942200,5.2753625
2025-05-22T19:33:20Z,0,29.883,74.3,57,68.3,4,5,264,72,0.0,255,32767,0.0,2127-15-31,0.0,0.52,26.6,0.0,0.0,0.0,0,4.822265625,6,45,05:39,20:21,2025-05-22 19:33:19.967805,Città della Scienza,65.7,6.659456,8.267217,5.993533,4.436892,EU EEA Common AQI,71.2,5.5461154,6.8350983,7200,4.8985505,100,100,62.5,4.2202897,Very Low,71.1,5.342221,100,1747942200,Very Low,4.7948265,6.903748,Very Low,7.522395,59.1,7.0869565,100,1747942200,5.2753625
2025-05-22T19:33:31Z,0,29.883,74.3,57,68.2,2,5,248,72,0.0,255,32767,0.0,2127-15-31,0.0,0.52,26.6,0.0,0.0,0.0,0,4.822265625,6,45,05:39,20:21,2025-05-22 19:33:31.008789,Città della Scienza,65.7,6.659456,8.267217,5.993533,4.436892,EU EEA Common AQI,71.2,5.5461154,6.8350983,7200,4.8985505,100,100,62.5,4.2202897,Very Low,71.1,5.342221,100,1747942200,Very Low,4.7948265,6.903748,Very Low,7.522395,59.1,7.0869565,100,1747942200,5.2753625
2025-05-22T19:33:42Z,0,29.883,74.3,57,68.2,6,5,213,72,0.0,255,32767,0.0,2127-15-31,0.0,0.52,26.6,0.0,0.0,0.0,0,4.822265625,6,45,05:39,20:21,2025-05-22 19:33:42.069791,Città della Scienza,65.7,6.659456,8.267217,5.993533,4.436892,EU EEA Common AQI,71.2,5.5461154,6.8350983,7200,4.8985505,100,100,62.5,4.2202897,Very Low,71.1,5.342221,100,1747942200,Very Low,4.7948265,6.903748,Very Low,7.522395,59.1,7.0869565,100,1747942200,5.2753625
2025-05-22T19:33:53Z,0,29.883,74.3,57,68.2,6,5,222,72,0.0,255,32767,0.0,2127-15-31,0.0,0.52,26.6,0.0,0.0,0.0,0,4.822265625,6,45,05:39,20:21,2025-05-22 19:33:53.117801,Città della Scienza,65.7,6.659456,8.267217,5.993533,4.436892,EU EEA Common AQI,71.2,5.5461154,6.8350983,7200,4.8985505,100,100,62.5,4.2202897,Very Low,71.1,5.342221,100,1747942200,Very Low,4.7948265,6.903748,Very Low,7.522395,59.1,7.0869565,100,1747942200,5.2753625
2025-05-22T19:34:04Z,0,29.883,74.3,57,68.3,3,5,221,72,0.0,255,32767,0.0,2127-15-31,0.0,0.52,26.6,0.0,0.0,0.0,0,4.822265625,6,45,05:39,20:21,2025-05-22 19:34:04.242784,Città della Scienza,65.7,6.659456,8.267217,5.993533,4.436892,EU EEA Common AQI,71.2,5.5461154,6.8350983,7200,4.8985505,100,100,62.5,4.2202897,Very Low,71.1,5.342221,100,1747942200,Very Low,4.7948265,6.903748,Very Low,7.522395,59.1,7.0869565,100,1747942200,5.2753625
2025-05-22T19:34:15Z,0,29.883,74.3,57,68.3,4,5,182,72,0.0,255,32767,0.0,2127-15-31,0.0,0.52,26.6,0.0,0.0,0.0,0,4.822265625,6,45,05:39,20:21,2025-05-22 19:34:15.285787,Città della Scienza,65.7,6.659456,8.267217,5.993533,4.436892,EU EEA Common AQI,71.2,5.5461154,6.8350983,7200,4.8985505,100,100,62.5,4.2202897,Very Low,71.1,5.342221,100,1747942200,Very Low,4.7948265,6.903748,Very Low,7.522395,59.1,7.0869565,100,1747942200,5.2753625
2025-05-22T19:34:26Z,0,29.883,74.3,57,68.3,5,5,150,72,0.0,255,32767,0.0,2127-15-31,0.0,0.52,26.6,0.0,0.0,0.0,0,4.822265625,6,45,05:39,20:21,2025-05-22 19:34:26.372794,Città della Scienza,65.7,6.659456,8.267217,5.993533,4.436892,EU EEA Common AQI,71.2,5.5461154,6.8350983,7200,4.8985505,100,100,62.5,4.2202897,Very Low,71.1,5.342221,100,1747942200,Very Low,4.7948265,6.903748,Very Low,7.522395,59.1,7.0869565,100,1747942200,5.2753625
2025-05-22T19:34:37Z,0,29.884,74.3,57,68.3,6,5,177,72,0.0,255,32767,0.0,2127-15-31,0.0,0.52,26.6,0.0,0.0,0.0,0,4.822265625,6,45,05:39,20:21,2025-05-22 19:34:37.432786,Città della Scienza,65.7,6.659456,8.267217,5.993533,4.436892,EU EEA Common AQI,71.2,5.5461154,6.8350983,7200,4.8985505,100,100,62.5,4.2202897,Very Low,71.1,5.342221,100,1747942200,Very Low,4.7948265,6.903748,Very Low,7.522395,59.1,7.0869565,100,1747942200,5.2753625
2025-05-22T19:34:48Z,0,29.884,74.3,57,68.3,7,5,208,72,0.0,255,32767,0.0,2127-15-31,0.0,0.52,26.6,0.0,0.0,0.0,0,4.822265625,6,45,05:39,20:21,2025-05-22 19:34:48.508788,Città della Scienza,65.7,6.659456,8.267217,5.993533,4.436892,EU EEA Common AQI,71.2,5.5461154,6.8350983,7200,4.8985505,100,100,62.5,4.2202897,Very Low,71.1,5.342221,100,1747942200,Very Low,4.7948265,6.903748,Very Low,7.522395,59.1,7.0869565,100,1747942200,5.2753625
2025-05-22T19:34:59Z,0,29.884,74.3,57,68.2,5,5,180,72,0.0,255,32767,0.0,2127-15-31,0.0,0.52,26.6,0.0,0.0,0.0,0,4.822265625,6,45,05:39,20:21,2025-05-22 19:34:59.563783,Città della Scienza,65.7,6.659456,8.267217,5.993533,4.436892,EU EEA Common AQI,71.2,5.5461154,6.8350983,7200,4.8985505,100,100,62.5,4.2202897,Very Low,71.1,5.342221,100,1747942200,Very Low,4.7948265,6.903748,Very Low,7.522395,59.1,7.0869565,100,1747942200,5.2753625
2025-05-22T19:35:10Z,0,29.884,74.3,57,68.3,6,5,205,72,0.0,255,32767,0.0,2127-15-31,0.0,0.52,26.6,0.0,0.0,0.0,0,4.822265625,6,45,05:39,20:21,2025-05-22 19:35:10.616796,Città della Scienza,65.7,6.659456,8.267217,5.993533,4.436892,EU EEA Common AQI,71.2,5.5461154,6.8350983,7200,4.8985505,100,100,62.5,4.2202897,Very Low,71.1,5.342221,100,1747942200,Very Low,4.7948265,6.903748,Very Low,7.522395,59.1,7.0869565,100,1747942200,5.2753625
2025-05-22T19:35:21Z,0,29.884,74.3,57,68.2,5,5,176,72,0.0,255,32767,0.0,2127-15-31,0.0,0.52,26.6,0.0,0.0,0.0,0,4.822265625,6,45,05:39,20:21,2025-05-22 19:35:21.716797,Città della Scienza,65.7,6.659456,8.267217,5.993533,4.436892,EU EEA Common AQI,71.2,5.5461154,6.8350983,7200,4.8985505,100,100,62.5,4.2202897,Very Low,71.1,5.342221,100,1747942200,Very Low,4.7948265,6.903748,Very Low,7.522395,59.1,7.0869565,100,1747942200,5.2753625
2025-05-22T19:35:33Z,0,29.884,74.3,57,68.2,8,5,171,73,0.0,255,32767,0.0,2127-15-31,0.0,0.52,26.6,0.0,0.0,0.0,0,4.822265625,6,45,05:39,20:21,2025-05-22 19:35:32.836803,Città della Scienza,65.7,6.659456,8.267217,5.993533,4.436892,EU EEA Common AQI,71.2,5.5461154,6.8350983,7200,4.8985505,100,100,62.5,4.2202897,Very Low,71.1,5.342221,100,1747942200,Very Low,4.7948265,6.903748,Very Low,7.522395,59.1,7.0869565,100,1747942200,5.2753625
2025-05-22T19:35:44Z,0,29.883,74.3,57,68.2,4,5,209,73,0.0,255,32767,0.0,2127-15-31,0.0,0.52,26.6,0.0,0.0,0.0,0,4.822265625,6,45,05:39,20:21,2025-05-22 19:35:43.927792,Città della Scienza,65.7,6.659456,8.267217,5.993533,4.436892,EU EEA Common AQI,71.2,5.5461154,6.8350983,7200,4.8985505,100,100,62.5,4.2202897,Very Low,71.1,5.342221,100,1747942200,Very Low,4.7948265,6.903748,Very Low,7.522395,59.1,7.0869565,100,1747942200,5.2753625
2025-05-22T19:35:55Z,0,29.883,74.3,57,68.3,4,5,200,73,0.0,255,32767,0.0,2127-15-31,0.0,0.52,26.6,0.0,0.0,0.0,0,4.822265625,6,45,05:39,20:21,2025-05-22 19:35:55.015801,Città della Scienza,65.7,6.659456,8.267217,5.993533,4.436892,EU EEA Common AQI,71.2,5.5461154,6.8350983,7200,4.8985505,100,100,62.5,4.2202897,Very Low,71.1,5.342221,100,1747942200,Very Low,4.7948265,6.903748,Very Low,7.522395,59.1,7.0869565,100,1747942200,5.2753625
2025-05-22T19:36:06Z,0,29.883,74.3,57,68.3,5,5,167,73,0.0,255,32767,0.0,2127-15-31,0.0,0.52,26.6,0.0,0.0,0.0,0,4.822265625,6,45,05:39,20:21,2025-05-22 19:36:06.056782,Città della Scienza,65.7,6.659456,8.267217,5.993533,4.436892,EU EEA Common AQI,71.2,5.5461154,6.8350983,7200,4.8985505,100,100,62.5,4.2202897,Very Low,71.1,5.342221,100,1747942200,Very Low,4.7948265,6.903748,Very Low,7.522395,59.1,7.0869565,100,1747942200,5.2753625
2025-05-22T19:36:17Z,0,29.883,74.3,57,68.2,4,5,247,73,0.0,255,32767,0.0,2127-15-31,0.0,0.52,26.6,0.0,0.0,0.0,0,4.822265625,6,45,05:39,20:21,2025-05-22 19:36:17.124791,Città della Scienza,65.7,6.659456,8.267217,5.993533,4.436892,EU EEA Common AQI,71.2,5.5461154,6.8350983,7200,4.8985505,100,100,62.5,4.2202897,Very Low,71.1,5.342221,100,1747942200,Very Low,4.7948265,6.903748,Very Low,7.522395,59.1,7.0869565,100,1747942200,5.2753625
2025-05-22T19:36:28Z,0,29.883,74.3,57,68.2,3,5,238,73,0.0,255,32767,0.0,2127-15-31,0.0,0.52,26.6,0.0,0.0,0.0,0,4.822265625,6,45,05:39,20:21,2025-05-22 19:36:28.226773,Città della Scienza,65.7,6.659456,8.267217,5.993533,4.436892,EU EEA Common AQI,71.2,5.5461154,6.8350983,7200,4.8985505,100,100,62.5,4.2202897,Very Low,71.1,5.342221,100,1747942200,Very Low,4.7948265,6.903748,Very Low,7.522395,59.1,7.0869565,100,1747942200,5.2753625
2025-05-22T19:36:39Z,0,29.883,74.3,57,68.2,3,5,261,73,0.0,255,32767,0.0,2127-15-31,0.0,0.52,26.6,0.0,0.0,0.0,0,4.822265625,6,45,05:39,20:21,2025-05-22 19:36:39.310757,Città della Scienza,65.7,6.659456,8.267217,5.993533,4.436892,EU EEA Common AQI,71.2,5.5461154,6.8350983,7200,4.8985505,100,100,62.5,4.2202897,Very Low,71.1,5.342221,100,1747942200,Very Low,4.7948265,6.903748,Very Low,7.522395,59.1,7.0869565,100,1747942200,5.2753625
2025-05-22T19:36:50Z,0,29.883,74.3,57,68.3,4,5,194,73,0.0,255,32767,0.0,2127-15-31,0.0,0.52,26.6,0.0,0.0,0.0,0,4.822265625,6,45,05:39,20:21,2025-05-22 19:36:50.348787,Città della Scienza,65.7,6.659456,8.267217,5.993533,4.436892,EU EEA Common AQI,71.2,5.5461154,6.8350983,7200,4.8985505,100,100,62.5,4.2202897,Very Low,71.1,5.342221,100,1747942200,Very Low,4.7948265,6.903748,Very Low,7.522395,59.1,7.0869565,100,1747942200,5.2753625
2025-05-22T19:37:01Z,0,29.883,74.3,57,68.3,4,5,232,73,0.0,255,32767,0.0,2127-15-31,0.0,0.52,26.6,0.0,0.0,0.0,0,4.822265625,6,45,05:39,20:21,2025-05-22 19:37:01.449786,Città della Scienza,65.7,6.659456,8.267217,5.993533,4.436892,EU EEA Common AQI,71.2,5.5461154,6.8350983,7200,4.8985505,100,100,62.5,4.2202897,Very Low,71.1,5.342221,100,1747942200,Very Low,4.7948265,6.903748,Very Low,7.522395,59.1,7.0869565,100,1747942200,5.2753625
2025-05-22T19:37:12Z,0,29.883,74.3,57,68.3,5,5,184,73,0.0,255,32767,0.0,2127-15-31,0.0,0.52,26.6,0.0,0.0,0.0,0,4.822265625,6,45,05:39,20:21,2025-05-22 19:37:12.547784,Città della Scienza,65.7,6.659456,8.267217,5.993533,4.436892,EU EEA Common AQI,71.2,5.5461154,6.8350983,7200,4.8985505,100,100,62.5,4.2202897,Very Low,71.1,5.342221,100,1747942200,Very Low,4.7948265,6.903748,Very Low,7.522395,59.1,7.0869565,100,1747942200,5.2753625
2025-05-22T19:37:23Z,0,29.883,74.3,57,68.3,6,5,214,73,0.0,255,32767,0.0,2127-15-31,0.0,0.52,26.6,0.0,0.0,0.0,0,4.822265625,6,45,05:39,20:21,2025-05-22 19:37:23.664804,Città della Scienza,65.7,6.659456,8.267217,5.993533,4.436892,EU EEA Common AQI,71.2,5.5461154,6.8350983,7200,4.8985505,100,100,62.5,4.2202897,Very Low,71.1,5.342221,100,1747942200,Very Low,4.7948265,6.903748,Very Low,7.522395,59.1,7.0869565,100,1747942200,5.2753625
2025-05-22T19:37:35Z,0,29.883,74.3,57,68.2,4,5,211,73,0.0,255,32767,0.0,2127-15-31,0.0,0.52,26.6,0.0,0.0,0.0,0,4.822265625,6,45,05:39,20:21,2025-05-22 19:37:34.901789,Città della Scienza,65.7,6.659456,8.267217,5.993533,4.436892,EU EEA Common AQI,71.2,5.5461154,6.8350983,7200,4.8985505,100,100,62.5,4.2202897,Very Low,71.1,5.342221,100,1747942200,Very Low,4.7948265,6.903748,Very Low,7.522395,59.1,7.0869565,100,1747942200,5.2753625
2025-05-22T19:37:46Z,0,29.885,74.3,57,68.2,3,5,226,73,0.0,255,32767,0.0,2127-15-31,0.0,0.52,26.6,0.0,0.0,0.0,0,4.822265625,6,45,05:39,20:21,2025-05-22 19:37:45.995783,Città della Scienza,65.7,6.659456,8.267217,5.993533,4.436892,EU EEA Common AQI,71.2,5.5461154,6.8350983,7200,4.8985505,100,100,62.5,4.2202897,Very Low,71.1,5.342221,100,1747942200,Very Low,4.7948265,6.903748,Very Low,7.522395,59.1,7.0869565,100,1747942200,5.2753625
2025-05-22T19:37:57Z,0,29.885,74.3,57,68.3,4,5,142,73,0.0,255,32767,0.0,2127-15-31,0.0,0.52,26.6,0.0,0.0,0.0,0,4.822265625,6,45,05:39,20:21,2025-05-22 19:37:57.064797,Città della Scienza,65.7,6.659456,8.267217,5.993533,4.436892,EU EEA Common AQI,71.2,5.5461154,6.8350983,7200,4.8985505,100,100,62.5,4.2202897,Very Low,71.1,5.342221,100,1747942200,Very Low,4.7948265,6.903748,Very Low,7.522395,59.1,7.0869565,100,1747942200,5.2753625
2025-05-22T19:38:08Z,0,29.885,74.3,57,68.3,6,5,187,73,0.0,255,32767,0.0,2127-15-31,0.0,0.52,26.6,0.0,0.0,0.0,0,4.822265625,6,45,05:39,20:21,2025-05-22 19:38:08.126802,Città della Scienza,65.7,6.659456,8.267217,5.993533,4.436892,EU EEA Common AQI,71.2,5.5461154,6.8350983,7200,4.8985505,100,100,62.5,4.2202897,Very Low,71.1,5.342221,100,1747942200,Very Low,4.7948265,6.903748,Very Low,7.522395,59.1,7.0869565,100,1747942200,5.2753625
2025-05-22T19:38:19Z,0,29.885,74.3,57,68.3,7,5,190,73,0.0,255,32767,0.0,2127-15-31,0.0,0.52,26.6,0.0,0.0,0.0,0,4.822265625,6,45,05:39,20:21,2025-05-22 19:38:19.200786,Città della Scienza,65.7,6.659456,8.267217,5.993533,4.436892,EU EEA Common AQI,71.2,5.5461154,6.8350983,7200,4.8985505,100,100,62.5,4.2202897,Very Low,71.1,5.342221,100,1747942200,Very Low,4.7948265,6.903748,Very Low,7.522395,59.1,7.0869565,100,1747942200,5.2753625
2025-05-22T19:38:30Z,0,29.885,74.3,57,68.3,3,5,218,73,0.0,255,32767,0.0,2127-15-31,0.0,0.52,26.6,0.0,0.0,0.0,0,4.822265625,6,45,05:39,20:21,2025-05-22 19:38:30.244790,Città della Scienza,65.7,6.659456,8.267217,5.993533,4.436892,EU EEA Common AQI,71.2,5.5461154,6.8350983,7200,4.8985505,100,100,62.5,4.2202897,Very Low,71.1,5.342221,100,1747942200,Very Low,4.7948265,6.903748,Very Low,7.522395,59.1,7.0869565,100,1747942200,5.2753625
2025-05-22T19:38:41Z,0,29.883,74.3,57,68.2,6,5,221,73,0.0,255,32767,0.0,2127-15-31,0.0,0.52,26.6,0.0,0.0,0.0,0,4.822265625,6,45,05:39,20:21,2025-05-22 19:38:41.337786,Città della Scienza,65.7,6.659456,8.267217,5.993533,4.436892,EU EEA Common AQI,71.2,5.5461154,6.8350983,7200,4.8985505,100,100,62.5,4.2202897,Very Low,71.1,5.342221,100,1747942200,Very Low,4.7948265,6.903748,Very Low,7.522395,59.1,7.0869565,100,1747942200,5.2753625
2025-05-22T19:38:52Z,0,29.883,74.3,57,68.2,6,5,217,73,0.0,255,32767,0.0,2127-15-31,0.0,0.52,26.6,0.0,0.0,0.0,0,4.822265625,6,45,05:39,20:21,2025-05-22 19:38:52.366791,Città della Scienza,65.7,6.659456,8.267217,5.993533,4.436892,EU EEA Common AQI,71.2,5.5461154,6.8350983,7200,4.8985505,100,100,62.5,4.2202897,Very Low,71.1,5.342221,100,1747942200,Very Low,4.7948265,6.903748,Very Low,7.522395,59.1,7.0869565,100,1747942200,5.2753625
2025-05-22T19:39:03Z,0,29.883,74.3,57,68.2,5,5,198,73,0.0,255,32767,0.0,2127-15-31,0.0,0.52,26.6,0.0,0.0,0.0,0,4.822265625,6,45,05:39,20:21,2025-05-22 19:39:03.446806,Città della Scienza,65.7,6.659456,8.267217,5.993533,4.436892,EU EEA Common AQI,71.2,5.5461154,6.8350983,7200,4.8985505,100,100,62.5,4.2202897,Very Low,71.1,5.342221,100,1747942200,Very Low,4.7948265,6.903748,Very Low,7.522395,59.1,7.0869565,100,1747942200,5.2753625
2025-05-22T19:39:14Z,0,29.883,74.3,57,68.2,2,5,192,73,0.0,255,32767,0.0,2127-15-31,0.0,0.52,26.6,0.0,0.0,0.0,0,4.822265625,6,45,05:39,20:21,2025-05-22 19:39:14.544780,Città della Scienza,65.7,6.659456,8.267217,5.993533,4.436892,EU EEA Common AQI,71.2,5.5461154,6.8350983,7200,4.8985505,100,100,62.5,4.2202897,Very Low,71.1,5.342221,100,1747942200,Very Low,4.7948265,6.903748,Very Low,7.522395,59.1,7.0869565,100,1747942200,5.2753625
2025-05-22T19:39:25Z,0,29.883,74.3,57,68.2,3,5,205,73,0.0,255,32767,0.0,2127-15-31,0.0,0.52,26.6,0.0,0.0,0.0,0,4.822265625,6,45,05:39,20:21,2025-05-22 19:39:25.639815,Città della Scienza,65.7,6.659456,8.267217,5.993533,4.436892,EU EEA Common AQI,71.2,5.5461154,6.8350983,7200,4.8985505,100,100,62.5,4.2202897,Very Low,71.1,5.342221,100,1747942200,Very Low,4.7948265,6.903748,Very Low,7.522395,59.1,7.0869565,100,1747942200,5.2753625
2025-05-22T19:39:36Z,0,29.883,74.3,57,68.2,4,5,202,73,0.0,255,32767,0.0,2127-15-31,0.0,0.52,26.6,0.0,0.0,0.0,0,4.822265625,6,45,05:39,20:21,2025-05-22 19:39:36.717791,Città della Scienza,65.7,6.659456,8.267217,5.993533,4.436892,EU EEA Common AQI,71.2,5.5461154,6.8350983,7200,4.8985505,100,100,62.5,4.2202897,Very Low,71.1,5.342221,100,1747942200,Very Low,4.7948265,6.903748,Very Low,7.522395,59.1,7.0869565,100,1747942200,5.2753625
2025-05-22T19:39:48Z,0,29.883,74.3,57,68.3,5,5,169,73,0.0,255,32767,0.0,2127-15-31,0.0,0.52,26.6,0.0,0.0,0.0,0,4.822265625,6,45,05:39,20:21,2025-05-22 19:39:47.838783,Città della Scienza,65.7,6.659456,8.267217,5.993533,4.436892,EU EEA Common AQI,71.2,5.5461154,6.8350983,7200,4.8985505,100,100,62.5,4.2202897,Very Low,71.1,5.342221,100,1747942200,Very Low,4.7948265,6.903748,Very Low,7.522395,59.1,7.0869565,100,1747942200,5.2753625
2025-05-22T19:39:59Z,0,29.883,74.3,57,68.3,7,5,152,73,0.0,255,32767,0.0,2127-15-31,0.0,0.52,26.6,0.0,0.0,0.0,0,4.822265625,6,45,05:39,20:21,2025-05-22 19:39:58.915782,Città della Scienza,65.7,6.659456,8.267217,5.993533,4.436892,EU EEA Common AQI,71.2,5.5461154,6.8350983,7200,4.8985505,100,100,62.5,4.2202897,Very Low,71.1,5.342221,100,1747942200,Very Low,4.7948265,6.903748,Very Low,7.522395,59.1,7.0869565,100,1747942200,5.2753625
2025-05-22T19:40:10Z,0,29.883,74.3,57,68.3,3,5,200,73,0.0,255,32767,0.0,2127-15-31,0.0,0.52,26.6,0.0,0.0,0.0,0,4.822265625,6,45,05:39,20:21,2025-05-22 19:40:09.998786,Città della Scienza,65.7,6.659456,8.267217,5.993533,4.436892,EU EEA Common AQI,71.2,5.5461154,6.8350983,7200,4.8985505,100,100,62.5,4.2202897,Very Low,71.1,5.342221,100,1747942200,Very Low,4.7948265,6.903748,Very Low,7.522395,59.1,7.0869565,100,1747942200,5.2753625
2025-05-22T19:40:21Z,0,29.883,74.3,57,68.3,5,5,179,73,0.0,255,32767,0.0,2127-15-31,0.0,0.52,26.6,0.0,0.0,0.0,0,4.822265625,6,45,05:39,20:21,2025-05-22 19:40:21.067787,Città della Scienza,65.7,6.659456,8.267217,5.993533,4.436892,EU EEA Common AQI,71.2,5.5461154,6.8350983,7200,4.8985505,100,100,62.5,4.2202897,Very Low,71.1,5.342221,100,1747942200,Very Low,4.7948265,6.903748,Very Low,7.522395,59.1,7.0869565,100,1747942200,5.2753625
2025-05-22T19:40:32Z,0,29.883,74.3,57,68.3,7,5,171,73,0.0,255,32767,0.0,2127-15-31,0.0,0.52,26.6,0.0,0.0,0.0,0,4.822265625,6,45,05:39,20:21,2025-05-22 19:40:32.186810,Città della Scienza,65.7,6.659456,8.267217,5.993533,4.436892,EU EEA Common AQI,71.2,5.5461154,6.8350983,7200,4.8985505,100,100,62.5,4.2202897,Very Low,71.1,5.342221,100,1747942200,Very Low,4.7948265,6.903748,Very Low,7.522395,59.1,7.0869565,100,1747942200,5.2753625
2025-05-22T19:40:43Z,0,29.885,74.2,57,68.2,3,5,194,73,0.0,255,32767,0.0,2127-15-31,0.0,0.52,26.6,0.0,0.0,0.0,0,4.822265625,6,45,05:39,20:21,2025-05-22 19:40:43.321789,Città della Scienza,65.7,6.659456,8.267217,5.993533,4.436892,EU EEA Common AQI,71.2,5.5461154,6.8350983,7200,4.8985505,100,100,62.5,4.2202897,Very Low,71.1,5.342221,100,1747942200,Very Low,4.7948265,6.903748,Very Low,7.522395,59.1,7.0869565,100,1747942200,5.2753625
2025-05-22T19:40:54Z,0,29.885,74.2,57,68.2,2,5,174,73,0.0,255,32767,0.0,2127-15-31,0.0,0.52,26.6,0.0,0.0,0.0,0,4.822265625,6,45,05:39,20:21,2025-05-22 19:40:54.571800,Città della Scienza,65.7,6.659456,8.267217,5.993533,4.436892,EU EEA Common AQI,71.2,5.5461154,6.8350983,7200,4.8985505,100,100,62.5,4.2202897,Very Low,71.1,5.342221,100,1747942200,Very Low,4.7948265,6.903748,Very Low,7.522395,59.1,7.0869565,100,1747942200,5.2753625
2025-05-22T19:41:05Z,0,29.885,74.2,57,68.3,5,5,199,73,0.0,255,32767,0.0,2127-15-31,0.0,0.52,26.6,0.0,0.0,0.0,0,4.822265625,6,45,05:39,20:21,2025-05-22 19:41:05.598854,Città della Scienza,65.7,6.659456,8.267217,5.993533,4.436892,EU EEA Common AQI,71.2,5.5461154,6.8350983,7200,4.8985505,100,100,62.5,4.2202897,Very Low,71.1,5.342221,100,1747942200,Very Low,4.7948265,6.903748,Very Low,7.522395,59.1,7.0869565,100,1747942200,5.2753625
2025-05-22T19:41:16Z,0,29.885,74.2,57,68.3,4,5,198,73,0.0,255,32767,0.0,2127-15-31,0.0,0.52,26.6,0.0,0.0,0.0,0,4.822265625,6,45,05:39,20:21,2025-05-22 19:41:16.647787,Città della Scienza,65.7,6.659456,8.267217,5.993533,4.436892,EU EEA Common AQI,71.2,5.5461154,6.8350983,7200,4.8985505,100,100,62.5,4.2202897,Very Low,71.1,5.342221,100,1747942200,Very Low,4.7948265,6.903748,Very Low,7.522395,59.1,7.0869565,100,1747942200,5.2753625
2025-05-22T19:41:27Z,0,29.885,74.2,57,68.3,3,5,198,73,0.0,255,32767,0.0,2127-15-31,0.0,0.52,26.6,0.0,0.0,0.0,0,4.822265625,6,45,05:39,20:21,2025-05-22 19:41:27.715789,Città della Scienza,65.7,6.659456,8.267217,5.993533,4.436892,EU EEA Common AQI,71.2,5.5461154,6.8350983,7200,4.8985505,100,100,62.5,4.2202897,Very Low,71.1,5.342221,100,1747942200,Very Low,4.7948265,6.903748,Very Low,7.522395,59.1,7.0869565,100,1747942200,5.2753625
2025-05-22T19:41:38Z,0,29.883,74.2,57,68.3,2,5,171,73,0.0,255,32767,0.0,2127-15-31,0.0,0.52,26.6,0.0,0.0,0.0,0,4.822265625,6,45,05:39,20:21,2025-05-22 19:41:38.749795,Città della Scienza,65.7,6.659456,8.267217,5.993533,4.436892,EU EEA Common AQI,71.2,5.5461154,6.8350983,7200,4.8985505,100,100,62.5,4.2202897,Very Low,71.1,5.342221,100,1747942200,Very Low,4.7948265,6.903748,Very Low,7.522395,59.1,7.0869565,100,1747942200,5.2753625
2025-05-22T19:41:50Z,0,29.883,74.2,57,68.3,6,5,200,73,0.0,255,32767,0.0,2127-15-31,0.0,0.52,26.6,0.0,0.0,0.0,0,4.822265625,6,45,05:39,20:21,2025-05-22 19:41:49.888778,Città della Scienza,65.7,6.659456,8.267217,5.993533,4.436892,EU EEA Common AQI,71.2,5.5461154,6.8350983,7200,4.8985505,100,100,62.5,4.2202897,Very Low,71.1,5.342221,100,1747942200,Very Low,4.7948265,6.903748,Very Low,7.522395,59.1,7.0869565,100,1747942200,5.2753625
2025-05-22T19:42:01Z,0,29.883,74.2,57,68.3,6,5,240,73,0.0,255,32767,0.0,2127-15-31,0.0,0.52,26.6,0.0,0.0,0.0,0,4.822265625,6,45,05:39,20:21,2025-05-22 19:42:00.993799,Città della Scienza,65.7,6.659456,8.267217,5.993533,4.436892,EU EEA Common AQI,71.2,5.5461154,6.8350983,7200,4.8985505,100,100,62.5,4.2202897,Very Low,71.1,5.342221,100,1747942200,Very Low,4.7948265,6.903748,Very Low,7.522395,59.1,7.0869565,100,1747942200,5.2753625
2025-05-22T19:42:12Z,0,29.883,74.2,57,68.3,6,5,184,73,0.0,255,32767,0.0,2127-15-31,0.0,0.52,26.6,0.0,0.0,0.0,0,4.822265625,6,45,05:39,20:21,2025-05-22 19:42:12.036788,Città della Scienza,65.7,6.659456,8.267217,5.993533,4.436892,EU EEA Common AQI,71.2,5.5461154,6.8350983,7200,4.8985505,100,100,62.5,4.2202897,Very Low,71.1,5.342221,100,1747942200,Very Low,4.7948265,6.903748,Very Low,7.522395,59.1,7.0869565,100,1747942200,5.2753625
2025-05-22T19:42:23Z,0,29.883,74.2,57,68.3,3,5,157,73,0.0,255,32767,0.0,2127-15-31,0.0,0.52,26.6,0.0,0.0,0.0,0,4.822265625,6,45,05:39,20:21,2025-05-22 19:42:23.090785,Città della Scienza,65.7,6.659456,8.267217,5.993533,4.436892,EU EEA Common AQI,71.2,5.5461154,6.8350983,7200,4.8985505,100,100,62.5,4.2202897,Very Low,71.1,5.342221,100,1747942200,Very Low,4.7948265,6.903748,Very Low,7.522395,59.1,7.0869565,100,1747942200,5.2753625
2025-05-22T19:42:34Z,0,29.883,74.2,57,68.3,7,5,184,73,0.0,255,32767,0.0,2127-15-31,0.0,0.52,26.6,0.0,0.0,0.0,0,4.822265625,6,45,05:39,20:21,2025-05-22 19:42:34.239752,Città della Scienza,65.7,6.659456,8.267217,5.993533,4.436892,EU EEA Common AQI,71.2,5.5461154,6.8350983,7200,4.8985505,100,100,62.5,4.2202897,Very Low,71.1,5.342221,100,1747942200,Very Low,4.7948265,6.903748,Very Low,7.522395,59.1,7.0869565,100,1747942200,5.2753625
2025-05-22T19:42:45Z,0,29.884,74.2,57,68.3,5,5,184,73,0.0,255,32767,0.0,2127-15-31,0.0,0.52,26.6,0.0,0.0,0.0,0,4.822265625,6,45,05:39,20:21,2025-05-22 19:42:45.339786,Città della Scienza,65.7,6.659456,8.267217,5.993533,4.436892,EU EEA Common AQI,71.2,5.5461154,6.8350983,7200,4.8985505,100,100,62.5,4.2202897,Very Low,71.1,5.342221,100,1747942200,Very Low,4.7948265,6.903748,Very Low,7.522395,59.1,7.0869565,100,1747942200,5.2753625
2025-05-22T19:42:56Z,0,29.884,74.2,57,68.3,6,5,192,73,0.0,255,32767,0.0,2127-15-31,0.0,0.52,26.6,0.0,0.0,0.0,0,4.822265625,6,45,05:39,20:21,2025-05-22 19:42:56.445786,Città della Scienza,65.7,6.659456,8.267217,5.993533,4.436892,EU EEA Common AQI,71.2,5.5461154,6.8350983,7200,4.8985505,100,100,62.5,4.2202897,Very Low,71.1,5.342221,100,1747942200,Very Low,4.7948265,6.903748,Very Low,7.522395,59.1,7.0869565,100,1747942200,5.2753625
2025-05-22T19:43:07Z,0,29.884,74.2,57,68.2,5,5,198,73,0.0,255,32767,0.0,2127-15-31,0.0,0.52,26.6,0.0,0.0,0.0,0,4.822265625,6,45,05:39,20:21,2025-05-22 19:43:07.534817,Città della Scienza,65.7,6.659456,8.267217,5.993533,4.436892,EU EEA Common AQI,71.2,5.5461154,6.8350983,7200,4.8985505,100,100,62.5,4.2202897,Very Low,71.1,5.342221,100,1747942200,Very Low,4.7948265,6.903748,Very Low,7.522395,59.1,7.0869565,100,1747942200,5.2753625
2025-05-22T19:43:18Z,0,29.884,74.2,57,68.3,7,5,177,73,0.0,255,32767,0.0,2127-15-31,0.0,0.52,26.6,0.0,0.0,0.0,0,4.822265625,6,45,05:39,20:21,2025-05-22 19:43:18.663790,Città della Scienza,65.7,6.659456,8.267217,5.993533,4.436892,EU EEA Common AQI,71.2,5.5461154,6.8350983,7200,4.8985505,100,100,62.5,4.2202897,Very Low,71.1,5.342221,100,1747942200,Very Low,4.7948265,6.903748,Very Low,7.522395,59.1,7.0869565,100,1747942200,5.2753625
2025-05-22T19:43:29Z,0,29.884,74.2,57,68.3,6,5,174,73,0.0,255,32767,0.0,2127-15-31,0.0,0.52,26.6,0.0,0.0,0.0,0,4.822265625,6,45,05:39,20:21,2025-05-22 19:43:29.718782,Città della Scienza,65.7,6.659456,8.267217,5.993533,4.436892,EU EEA Common AQI,71.2,5.5461154,6.8350983,7200,4.8985505,100,100,62.5,4.2202897,Very Low,71.1,5.342221,100,1747942200,Very Low,4.7948265,6.903748,Very Low,7.522395,59.1,7.0869565,100,1747942200,5.2753625
2025-05-22T19:43:40Z,0,29.88,74.3,57,68.3,5,5,161,73,0.0,255,32767,0.0,2127-15-31,0.0,0.52,26.6,0.0,0.0,0.0,0,4.822265625,6,45,05:39,20:21,2025-05-22 19:43:40.778755,Città della Scienza,65.7,6.659456,8.267217,5.993533,4.436892,EU EEA Common AQI,71.2,5.5461154,6.8350983,7200,4.8985505,100,100,62.5,4.2202897,Very Low,71.1,5.342221,100,1747942200,Very Low,4.7948265,6.903748,Very Low,7.522395,59.1,7.0869565,100,1747942200,5.2753625
2025-05-22T19:43:52Z,0,29.88,74.3,57,68.3,5,5,167,73,0.0,255,32767,0.0,2127-15-31,0.0,0.52,26.6,0.0,0.0,0.0,0,4.822265625,6,45,05:39,20:21,2025-05-22 19:43:51.850788,Città della Scienza,65.7,6.659456,8.267217,5.993533,4.436892,EU EEA Common AQI,71.2,5.5461154,6.8350983,7200,4.8985505,100,100,62.5,4.2202897,Very Low,71.1,5.342221,100,1747942200,Very Low,4.7948265,6.903748,Very Low,7.522395,59.1,7.0869565,100,1747942200,5.2753625
2025-05-22T19:44:03Z,0,29.88,74.3,57,68.2,7,5,175,73,0.0,255,32767,0.0,2127-15-31,0.0,0.52,26.6,0.0,0.0,0.0,0,4.822265625,6,45,05:39,20:21,2025-05-22 19:44:03.005787,Città della Scienza,65.7,6.659456,8.267217,5.993533,4.436892,EU EEA Common AQI,71.2,5.5461154,6.8350983,7200,4.8985505,100,100,62.5,4.2202897,Very Low,71.1,5.342221,100,1747942200,Very Low,4.7948265,6.903748,Very Low,7.522395,59.1,7.0869565,100,1747942200,5.2753625
2025-05-22T19:44:14Z,0,29.88,74.3,57,68.2,6,5,196,73,0.0,255,32767,0.0,2127-15-31,0.0,0.52,26.6,0.0,0.0,0.0,0,4.822265625,6,45,05:39,20:21,2025-05-22 19:44:14.117794,Città della Scienza,65.7,6.659456,8.267217,5.993533,4.436892,EU EEA Common AQI,71.2,5.5461154,6.8350983,7200,4.8985505,100,100,62.5,4.2202897,Very Low,71.1,5.342221,100,1747942200,Very Low,4.7948265,6.903748,Very Low,7.522395,59.1,7.0869565,100,1747942200,5.2753625
2025-05-22T19:44:25Z,0,29.88,74.3,57,68.2,4,5,213,73,0.0,255,32767,0.0,2127-15-31,0.0,0.52,26.6,0.0,0.0,0.0,0,4.822265625,6,45,05:39,20:21,2025-05-22 19:44:25.217793,Città della Scienza,65.7,6.659456,8.267217,5.993533,4.436892,EU EEA Common AQI,71.2,5.5461154,6.8350983,7200,4.8985505,100,100,62.5,4.2202897,Very Low,71.1,5.342221,100,1747942200,Very Low,4.7948265,6.903748,Very Low,7.522395,59.1,7.0869565,100,1747942200,5.2753625
2025-05-22T19:44:36Z,0,29.884,74.2,57,68.2,7,5,181,73,0.0,255,32767,0.0,2127-15-31,0.0,0.52,26.6,0.0,0.0,0.0,0,4.822265625,6,45,05:39,20:21,2025-05-22 19:44:36.285779,Città della Scienza,65.7,6.659456,8.267217,5.993533,4.436892,EU EEA Common AQI,71.2,5.5461154,6.8350983,7200,4.8985505,100,100,62.5,4.2202897,Very Low,71.1,5.342221,100,1747942200,Very Low,4.7948265,6.903748,Very Low,7.522395,59.1,7.0869565,100,1747942200,5.2753625
2025-05-22T19:44:47Z,0,29.884,74.2,57,68.3,6,5,207,73,0.0,255,32767,0.0,2127-15-31,0.0,0.52,26.6,0.0,0.0,0.0,0,4.822265625,6,45,05:39,20:21,2025-05-22 19:44:47.383787,Città della Scienza,65.7,6.659456,8.267217,5.993533,4.436892,EU EEA Common AQI,71.2,5.5461154,6.8350983,7200,4.8985505,100,100,62.5,4.2202897,Very Low,71.1,5.342221,100,1747942200,Very Low,4.7948265,6.903748,Very Low,7.522395,59.1,7.0869565,100,1747942200,5.2753625
2025-05-22T19:44:58Z,0,29.884,74.2,57,68.2,4,5,202,73,0.0,255,32767,0.0,2127-15-31,0.0,0.52,26.6,0.0,0.0,0.0,0,4.822265625,6,45,05:39,20:21,2025-05-22 19:44:58.424799,Città della Scienza,65.7,6.659456,8.267217,5.993533,4.436892,EU EEA Common AQI,71.2,5.5461154,6.8350983,7200,4.8985505,100,100,62.5,4.2202897,Very Low,71.1,5.342221,100,1747942200,Very Low,4.7948265,6.903748,Very Low,7.522395,59.1,7.0869565,100,1747942200,5.2753625
2025-05-22T19:45:09Z,0,29.884,74.2,57,68.2,5,5,190,73,0.0,255,32767,0.0,2127-15-31,0.0,0.52,26.6,0.0,0.0,0.0,0,4.822265625,6,45,05:39,20:21,2025-05-22 19:45:09.585785,Città della Scienza,65.7,6.659456,8.267217,5.993533,4.436892,EU EEA Common AQI,71.2,5.5461154,6.8350983,7200,4.8985505,100,100,62.5,4.2202897,Very Low,71.1,5.342221,100,1747942200,Very Low,4.7948265,6.903748,Very Low,7.522395,59.1,7.0869565,100,1747942200,5.2753625
2025-05-22T19:45:20Z,0,29.884,74.2,57,68.2,8,5,175,73,0.0,255,32767,0.0,2127-15-31,0.0,0.52,26.6,0.0,0.0,0.0,0,4.822265625,6,45,05:39,20:21,2025-05-22 19:45:20.695802,Città della Scienza,65.7,6.659456,8.267217,5.993533,4.436892,EU EEA Common AQI,71.2,5.5461154,6.8350983,7200,4.8985505,100,100,62.5,4.2202897,Very Low,71.1,5.342221,100,1747942200,Very Low,4.7948265,6.903748,Very Low,7.522395,59.1,7.0869565,100,1747942200,5.2753625
2025-05-22T19:45:31Z,0,29.884,74.2,57,68.2,6,5,157,73,0.0,255,32767,0.0,2127-15-31,0.0,0.52,26.6,0.0,0.0,0.0,0,4.822265625,6,45,05:39,20:21,2025-05-22 19:45:31.772784,Città della Scienza,66.0,6.6855593,8.25664,6.073054,4.5033736,EU EEA Common AQI,71.1,5.629217,6.8375473,7200,5.5507245,100,100,62.5,4.93913,Very Low,71.0,5.406961,100,1747943100,Very Low,4.858443,6.957573,Very Low,7.4852695,59.1,6.3188405,100,1747943100,6.173913
2025-05-22T19:45:43Z,0,29.883,74.3,57,68.2,3,5,197,73,0.0,255,32767,0.0,2127-15-31,0.0,0.52,26.6,0.0,0.0,0.0,0,4.822265625,6,45,05:39,20:21,2025-05-22 19:45:42.831787,Città della Scienza,66.0,6.6855593,8.25664,6.073054,4.5033736,EU EEA Common AQI,71.1,5.629217,6.8375473,7200,5.5507245,100,100,62.5,4.93913,Very Low,71.0,5.406961,100,1747943100,Very Low,4.858443,6.957573,Very Low,7.4852695,59.1,6.3188405,100,1747943100,6.173913
2025-05-22T19:45:54Z,0,29.883,74.3,57,68.2,6,5,190,73,0.0,255,32767,0.0,2127-15-31,0.0,0.52,26.6,0.0,0.0,0.0,0,4.822265625,6,45,05:39,20:21,2025-05-22 19:45:53.935793,Città della Scienza,66.0,6.6855593,8.25664,6.073054,4.5033736,EU EEA Common AQI,71.1,5.629217,6.8375473,7200,5.5507245,100,100,62.5,4.93913,Very Low,71.0,5.406961,100,1747943100,Very Low,4.858443,6.957573,Very Low,7.4852695,59.1,6.3188405,100,1747943100,6.173913
2025-05-22T19:46:05Z,0,29.883,74.3,57,68.2,4,5,197,73,0.0,255,32767,0.0,2127-15-31,0.0,0.52,26.6,0.0,0.0,0.0,0,4.822265625,6,45,05:39,20:21,2025-05-22 19:46:05.021798,Città della Scienza,66.0,6.6855593,8.25664,6.073054,4.5033736,EU EEA Common AQI,71.1,5.629217,6.8375473,7200,5.5507245,100,100,62.5,4.93913,Very Low,71.0,5.406961,100,1747943100,Very Low,4.858443,6.957573,Very Low,7.4852695,59.1,6.3188405,100,1747943100,6.173913
2025-05-22T19:46:16Z,0,29.883,74.3,57,68.3,2,5,224,73,0.0,255,32767,0.0,2127-15-31,0.0,0.52,26.6,0.0,0.0,0.0,0,4.822265625,6,45,05:39,20:21,2025-05-22 19:46:16.171794,Città della Scienza,66.0,6.6855593,8.25664,6.073054,4.5033736,EU EEA Common AQI,71.1,5.629217,6.8375473,7200,5.5507245,100,100,62.5,4.93913,Very Low,71.0,5.406961,100,1747943100,Very Low,4.858443,6.957573,Very Low,7.4852695,59.1,6.3188405,100,1747943100,6.173913
2025-05-22T19:46:27Z,0,29.883,74.3,57,68.3,3,5,218,73,0.0,255,32767,0.0,2127-15-31,0.0,0.52,26.6,0.0,0.0,0.0,0,4.822265625,6,45,05:39,20:21,2025-05-22 19:46:27.263788,Città della Scienza,66.0,6.6855593,8.25664,6.073054,4.5033736,EU EEA Common AQI,71.1,5.629217,6.8375473,7200,5.5507245,100,100,62.5,4.93913,Very Low,71.0,5.406961,100,1747943100,Very Low,4.858443,6.957573,Very Low,7.4852695,59.1,6.3188405,100,1747943100,6.173913
2025-05-22T19:46:38Z,0,29.883,74.3,57,68.2,4,5,207,73,0.0,255,32767,0.0,2127-15-31,0.0,0.52,26.6,0.0,0.0,0.0,0,4.822265625,6,45,05:39,20:21,2025-05-22 19:46:38.326792,Città della Scienza,66.0,6.6855593,8.25664,6.073054,4.5033736,EU EEA Common AQI,71.1,5.629217,6.8375473,7200,5.5507245,100,100,62.5,4.93913,Very Low,71.0,5.406961,100,1747943100,Very Low,4.858443,6.957573,Very Low,7.4852695,59.1,6.3188405,100,1747943100,6.173913
2025-05-22T19:46:49Z,0,29.883,74.3,57,68.3,9,5,182,73,0.0,255,32767,0.0,2127-15-31,0.0,0.52,26.6,0.0,0.0,0.0,0,4.822265625,6,45,05:39,20:21,2025-05-22 19:46:49.413803,Città della Scienza,66.0,6.6855593,8.25664,6.073054,4.5033736,EU EEA Common AQI,71.1,5.629217,6.8375473,7200,5.5507245,100,100,62.5,4.93913,Very Low,71.0,5.406961,100,1747943100,Very Low,4.858443,6.957573,Very Low,7.4852695,59.1,6.3188405,100,1747943100,6.173913
2025-05-22T19:47:00Z,0,29.883,74.3,57,68.3,4,5,257,73,0.0,255,32767,0.0,2127-15-31,0.0,0.52,26.6,0.0,0.0,0.0,0,4.822265625,6,45,05:39,20:21,2025-05-22 19:47:00.495796,Città della Scienza,66.0,6.6855593,8.25664,6.073054,4.5033736,EU EEA Common AQI,71.1,5.629217,6.8375473,7200,5.5507245,100,100,62.5,4.93913,Very Low,71.0,5.406961,100,1747943100,Very Low,4.858443,6.957573,Very Low,7.4852695,59.1,6.3188405,100,1747943100,6.173913
2025-05-22T19:47:11Z,0,29.883,74.3,57,68.3,5,5,181,73,0.0,255,32767,0.0,2127-15-31,0.0,0.52,26.6,0.0,0.0,0.0,0,4.822265625,6,45,05:39,20:21,2025-05-22 19:47:11.648787,Città della Scienza,66.0,6.6855593,8.25664,6.073054,4.5033736,EU EEA Common AQI,71.1,5.629217,6.8375473,7200,5.5507245,100,100,62.5,4.93913,Very Low,71.0,5.406961,100,1747943100,Very Low,4.858443,6.957573,Very Low,7.4852695,59.1,6.3188405,100,1747943100,6.173913
2025-05-22T19:47:22Z,0,29.883,74.3,57,68.3,4,5,205,73,0.0,255,32767,0.0,2127-15-31,0.0,0.52,26.6,0.0,0.0,0.0,0,4.822265625,6,45,05:39,20:21,2025-05-22 19:47:22.776801,Città della Scienza,66.0,6.6855593,8.25664,6.073054,4.5033736,EU EEA Common AQI,71.1,5.629217,6.8375473,7200,5.5507245,100,100,62.5,4.93913,Very Low,71.0,5.406961,100,1747943100,Very Low,4.858443,6.957573,Very Low,7.4852695,59.1,6.3188405,100,1747943100,6.173913
2025-05-22T19:47:34Z,0,29.883,74.3,57,68.2,6,5,207,73,0.0,255,32767,0.0,2127-15-31,0.0,0.52,26.6,0.0,0.0,0.0,0,4.822265625,6,45,05:39,20:21,2025-05-22 19:47:33.985785,Città della Scienza,66.0,6.6855593,8.25664,6.073054,4.5033736,EU EEA Common AQI,71.1,5.629217,6.8375473,7200,5.5507245,100,100,62.5,4.93913,Very Low,71.0,5.406961,100,1747943100,Very Low,4.858443,6.957573,Very Low,7.4852695,59.1,6.3188405,100,1747943100,6.173913
2025-05-22T19:47:45Z,0,29.883,74.3,57,68.2,3,5,192,73,0.0,255,32767,0.0,2127-15-31,0.0,0.52,26.6,0.0,0.0,0.0,0,4.822265625,6,45,05:39,20:21,2025-05-22 19:47:45.071781,Città della Scienza,66.0,6.6855593,8.25664,6.073054,4.5033736,EU EEA Common AQI,71.1,5.629217,6.8375473,7200,5.5507245,100,100,62.5,4.93913,Very Low,71.0,5.406961,100,1747943100,Very Low,4.858443,6.957573,Very Low,7.4852695,59.1,6.3188405,100,1747943100,6.173913
2025-05-22T19:47:56Z,0,29.883,74.3,57,68.3,5,5,224,73,0.0,255,32767,0.0,2127-15-31,0.0,0.52,26.6,0.0,0.0,0.0,0,4.822265625,6,45,05:39,20:21,2025-05-22 19:47:56.166800,Città della Scienza,66.0,6.6855593,8.25664,6.073054,4.5033736,EU EEA Common AQI,71.1,5.629217,6.8375473,7200,5.5507245,100,100,62.5,4.93913,Very Low,71.0,5.406961,100,1747943100,Very Low,4.858443,6.957573,Very Low,7.4852695,59.1,6.3188405,100,1747943100,6.173913
2025-05-22T19:48:07Z,0,29.883,74.3,57,68.3,5,5,186,73,0.0,255,32767,0.0,2127-15-31,0.0,0.52,26.6,0.0,0.0,0.0,0,4.822265625,6,45,05:39,20:21,2025-05-22 19:48:07.227787,Città della Scienza,66.0,6.6855593,8.25664,6.073054,4.5033736,EU EEA Common AQI,71.1,5.629217,6.8375473,7200,5.5507245,100,100,62.5,4.93913,Very Low,71.0,5.406961,100,1747943100,Very Low,4.858443,6.957573,Very Low,7.4852695,59.1,6.3188405,100,1747943100,6.173913
2025-05-22T19:48:18Z,0,29.883,74.3,57,68.3,5,5,227,73,0.0,255,32767,0.0,2127-15-31,0.0,0.52,26.6,0.0,0.0,0.0,0,4.822265625,6,45,05:39,20:21,2025-05-22 19:48:18.339790,Città della Scienza,66.0,6.6855593,8.25664,6.073054,4.5033736,EU EEA Common AQI,71.1,5.629217,6.8375473,7200,5.5507245,100,100,62.5,4.93913,Very Low,71.0,5.406961,100,1747943100,Very Low,4.858443,6.957573,Very Low,7.4852695,59.1,6.3188405,100,1747943100,6.173913
2025-05-22T19:48:29Z,0,29.883,74.3,57,68.2,4,5,215,73,0.0,255,32767,0.0,2127-15-31,0.0,0.52,26.6,0.0,0.0,0.0,0,4.822265625,6,45,05:39,20:21,2025-05-22 19:48:29.414792,Città della Scienza,66.0,6.6855593,8.25664,6.073054,4.5033736,EU EEA Common AQI,71.1,5.629217,6.8375473,7200,5.5507245,100,100,62.5,4.93913,Very Low,71.0,5.406961,100,1747943100,Very Low,4.858443,6.957573,Very Low,7.4852695,59.1,6.3188405,100,1747943100,6.173913
2025-05-22T19:48:40Z,0,29.883,74.3,57,68.2,3,5,192,73,0.0,255,32767,0.0,2127-15-31,0.0,0.52,26.6,0.0,0.0,0.0,0,4.822265625,6,45,05:39,20:21,2025-05-22 19:48:40.527796,Città della Scienza,66.0,6.6855593,8.25664,6.073054,4.5033736,EU EEA Common AQI,71.1,5.629217,6.8375473,7200,5.5507245,100,100,62.5,4.93913,Very Low,71.0,5.406961,100,1747943100,Very Low,4.858443,6.957573,Very Low,7.4852695,59.1,6.3188405,100,1747943100,6.173913
2025-05-22T19:48:51Z,0,29.883,74.3,57,68.2,2,5,200,73,0.0,255,32767,0.0,2127-15-31,0.0,0.52,26.6,0.0,0.0,0.0,0,4.822265625,6,45,05:39,20:21,2025-05-22 19:48:51.611798,Città della Scienza,66.0,6.6855593,8.25664,6.073054,4.5033736,EU EEA Common AQI,71.1,5.629217,6.8375473,7200,5.5507245,100,100,62.5,4.93913,Very Low,71.0,5.406961,100,1747943100,Very Low,4.858443,6.957573,Very Low,7.4852695,59.1,6.3188405,100,1747943100,6.173913
2025-05-22T19:49:02Z,0,29.883,74.3,57,68.2,3,5,188,73,0.0,255,32767,0.0,2127-15-31,0.0,0.52,26.6,0.0,0.0,0.0,0,4.822265625,6,45,05:39,20:21,2025-05-22 19:49:02.650793,Città della Scienza,66.0,6.6855593,8.25664,6.073054,4.5033736,EU EEA Common AQI,71.1,5.629217,6.8375473,7200,5.5507245,100,100,62.5,4.93913,Very Low,71.0,5.406961,100,1747943100,Very Low,4.858443,6.957573,Very Low,7.4852695,59.1,6.3188405,100,1747943100,6.173913
2025-05-22T19:49:13Z,0,29.883,74.3,57,68.2,3,5,201,73,0.0,255,32767,0.0,2127-15-31,0.0,0.52,26.6,0.0,0.0,0.0,0,4.822265625,6,45,05:39,20:21,2025-05-22 19:49:13.746800,Città della Scienza,66.0,6.6855593,8.25664,6.073054,4.5033736,EU EEA Common AQI,71.1,5.629217,6.8375473,7200,5.5507245,100,100,62.5,4.93913,Very Low,71.0,5.406961,100,1747943100,Very Low,4.858443,6.957573,Very Low,7.4852695,59.1,6.3188405,100,1747943100,6.173913
2025-05-22T19:49:25Z,0,29.883,74.3,57,68.3,2,5,163,73,0.0,255,32767,0.0,2127-15-31,0.0,0.52,26.6,0.0,0.0,0.0,0,4.822265625,6,45,05:39,20:21,2025-05-22 19:49:24.872793,Città della Scienza,66.0,6.6855593,8.25664,6.073054,4.5033736,EU EEA Common AQI,71.1,5.629217,6.8375473,7200,5.5507245,100,100,62.5,4.93913,Very Low,71.0,5.406961,100,1747943100,Very Low,4.858443,6.957573,Very Low,7.4852695,59.1,6.3188405,100,1747943100,6.173913
2025-05-22T19:49:36Z,0,29.884,74.3,57,68.2,5,5,217,73,0.0,255,32767,0.0,2127-15-31,0.0,0.52,26.6,0.0,0.0,0.0,0,4.822265625,6,45,05:39,20:21,2025-05-22 19:49:35.992788,Città della Scienza,66.0,6.6855593,8.25664,6.073054,4.5033736,EU EEA Common AQI,71.1,5.629217,6.8375473,7200,5.5507245,100,100,62.5,4.93913,Very Low,71.0,5.406961,100,1747943100,Very Low,4.858443,6.957573,Very Low,7.4852695,59.1,6.3188405,100,1747943100,6.173913
2025-05-22T19:49:47Z,0,29.884,74.3,57,68.3,9,5,190,73,0.0,255,32767,0.0,2127-15-31,0.0,0.52,26.6,0.0,0.0,0.0,0,4.822265625,6,45,05:39,20:21,2025-05-22 19:49:47.068794,Città della Scienza,66.0,6.6855593,8.25664,6.073054,4.5033736,EU EEA Common AQI,71.1,5.629217,6.8375473,7200,5.5507245,100,100,62.5,4.93913,Very Low,71.0,5.406961,100,1747943100,Very Low,4.858443,6.957573,Very Low,7.4852695,59.1,6.3188405,100,1747943100,6.173913
2025-05-22T19:49:58Z,0,29.884,74.3,57,68.3,7,5,202,73,0.0,255,32767,0.0,2127-15-31,0.0,0.52,26.6,0.0,0.0,0.0,0,4.822265625,6,45,05:39,20:21,2025-05-22 19:49:58.180787,Città della Scienza,66.0,6.6855593,8.25664,6.073054,4.5033736,EU EEA Common AQI,71.1,5.629217,6.8375473,7200,5.5507245,100,100,62.5,4.93913,Very Low,71.0,5.406961,100,1747943100,Very Low,4.858443,6.957573,Very Low,7.4852695,59.1,6.3188405,100,1747943100,6.173913
2025-05-22T19:50:09Z,0,29.884,74.3,57,68.3,9,5,198,73,0.0,255,32767,0.0,2127-15-31,0.0,0.52,26.6,0.0,0.0,0.0,0,4.822265625,6,45,05:39,20:21,2025-05-22 19:50:09.284752,Città della Scienza,66.0,6.6855593,8.25664,6.073054,4.5033736,EU EEA Common AQI,71.1,5.629217,6.8375473,7200,5.5507245,100,100,62.5,4.93913,Very Low,71.0,5.406961,100,1747943100,Very Low,4.858443,6.957573,Very Low,7.4852695,59.1,6.3188405,100,1747943100,6.173913
2025-05-22T19:50:20Z,0,29.884,74.3,57,68.3,5,5,185,73,0.0,255,32767,0.0,2127-15-31,0.0,0.52,26.6,0.0,0.0,0.0,0,4.822265625,6,45,05:39,20:21,2025-05-22 19:50:20.383798,Città della Scienza,66.0,6.6855593,8.25664,6.073054,4.5033736,EU EEA Common AQI,71.1,5.629217,6.8375473,7200,5.5507245,100,100,62.5,4.93913,Very Low,71.0,5.406961,100,1747943100,Very Low,4.858443,6.957573,Very Low,7.4852695,59.1,6.3188405,100,1747943100,6.173913
2025-05-22T19:50:31Z,0,29.884,74.3,57,68.3,3,5,183,73,0.0,255,32767,0.0,2127-15-31,0.0,0.52,26.6,0.0,0.0,0.0,0,4.822265625,6,45,05:39,20:21,2025-05-22 19:50:31.473790,Città della Scienza,66.0,6.6855593,8.25664,6.073054,4.5033736,EU EEA Common AQI,71.1,5.629217,6.8375473,7200,5.5507245,100,100,62.5,4.93913,Very Low,71.0,5.406961,100,1747943100,Very Low,4.858443,6.957573,Very Low,7.4852695,59.1,6.3188405,100,1747943100,6.173913
2025-05-22T19:50:42Z,0,29.882,74.2,57,68.3,5,5,184,73,0.0,255,32767,0.0,2127-15-31,0.0,0.52,26.6,0.0,0.0,0.0,0,4.822265625,6,45,05:39,20:21,2025-05-22 19:50:42.551792,Città della Scienza,66.0,6.6855593,8.25664,6.073054,4.5033736,EU EEA Common AQI,71.1,5.629217,6.8375473,7200,5.5507245,100,100,62.5,4.93913,Very Low,71.0,5.406961,100,1747943100,Very Low,4.858443,6.957573,Very Low,7.4852695,59.1,6.3188405,100,1747943100,6.173913
2025-05-22T19:50:53Z,0,29.882,74.2,57,68.3,5,5,246,73,0.0,255,32767,0.0,2127-15-31,0.0,0.52,26.6,0.0,0.0,0.0,0,4.822265625,6,45,05:39,20:21,2025-05-22 19:50:53.642789,Città della Scienza,66.0,6.6855593,8.25664,6.073054,4.5033736,EU EEA Common AQI,71.1,5.629217,6.8375473,7200,5.5507245,100,100,62.5,4.93913,Very Low,71.0,5.406961,100,1747943100,Very Low,4.858443,6.957573,Very Low,7.4852695,59.1,6.3188405,100,1747943100,6.173913
2025-05-22T19:51:04Z,0,29.882,74.2,57,68.3,5,5,171,73,0.0,255,32767,0.0,2127-15-31,0.0,0.52,26.6,0.0,0.0,0.0,0,4.822265625,6,45,05:39,20:21,2025-05-22 19:51:04.714755,Città della Scienza,66.0,6.6855593,8.25664,6.073054,4.5033736,EU EEA Common AQI,71.1,5.629217,6.8375473,7200,5.5507245,100,100,62.5,4.93913,Very Low,71.0,5.406961,100,1747943100,Very Low,4.858443,6.957573,Very Low,7.4852695,59.1,6.3188405,100,1747943100,6.173913
2025-05-22T19:51:16Z,0,29.882,74.2,57,68.3,7,5,181,73,0.0,255,32767,0.0,2127-15-31,0.0,0.52,26.6,0.0,0.0,0.0,0,4.822265625,6,45,05:39,20:21,2025-05-22 19:51:15.817797,Città della Scienza,66.0,6.6855593,8.25664,6.073054,4.5033736,EU EEA Common AQI,71.1,5.629217,6.8375473,7200,5.5507245,100,100,62.5,4.93913,Very Low,71.0,5.406961,100,1747943100,Very Low,4.858443,6.957573,Very Low,7.4852695,59.1,6.3188405,100,1747943100,6.173913
2025-05-22T19:51:27Z,0,29.882,74.2,57,68.3,6,5,180,73,0.0,255,32767,0.0,2127-15-31,0.0,0.52,26.6,0.0,0.0,0.0,0,4.822265625,6,45,05:39,20:21,2025-05-22 19:51:26.863800,Città della Scienza,66.0,6.6855593,8.25664,6.073054,4.5033736,EU EEA Common AQI,71.1,5.629217,6.8375473,7200,5.5507245,100,100,62.5,4.93913,Very Low,71.0,5.406961,100,1747943100,Very Low,4.858443,6.957573,Very Low,7.4852695,59.1,6.3188405,100,1747943100,6.173913
2025-05-22T19:51:38Z,0,29.884,74.2,57,68.2,4,5,238,73,0.0,255,32767,0.0,2127-15-31,0.0,0.52,26.6,0.0,0.0,0.0,0,4.822265625,6,45,05:39,20:21,2025-05-22 19:51:37.959788,Città della Scienza,66.0,6.6855593,8.25664,6.073054,4.5033736,EU EEA Common AQI,71.1,5.629217,6.8375473,7200,5.5507245,100,100,62.5,4.93913,Very Low,71.0,5.406961,100,1747943100,Very Low,4.858443,6.957573,Very Low,7.4852695,59.1,6.3188405,100,1747943100,6.173913
2025-05-22T19:51:49Z,0,29.884,74.2,57,68.2,6,5,186,73,0.0,255,32767,0.0,2127-15-31,0.0,0.52,26.6,0.0,0.0,0.0,0,4.822265625,6,45,05:39,20:21,2025-05-22 19:51:49.082799,Città della Scienza,66.0,6.6855593,8.25664,6.073054,4.5033736,EU EEA Common AQI,71.1,5.629217,6.8375473,7200,5.5507245,100,100,62.5,4.93913,Very Low,71.0,5.406961,100,1747943100,Very Low,4.858443,6.957573,Very Low,7.4852695,59.1,6.3188405,100,1747943100,6.173913
2025-05-22T19:52:00Z,0,29.884,74.2,57,68.3,5,5,196,73,0.0,255,32767,0.0,2127-15-31,0.0,0.52,26.6,0.0,0.0,0.0,0,4.822265625,6,45,05:39,20:21,2025-05-22 19:52:00.218845,Città della Scienza,66.0,6.6855593,8.25664,6.073054,4.5033736,EU EEA Common AQI,71.1,5.629217,6.8375473,7200,5.5507245,100,100,62.5,4.93913,Very Low,71.0,5.406961,100,1747943100,Very Low,4.858443,6.957573,Very Low,7.4852695,59.1,6.3188405,100,1747943100,6.173913
2025-05-22T19:52:11Z,0,29.884,74.2,57,68.2,7,5,169,73,0.0,255,32767,0.0,2127-15-31,0.0,0.52,26.6,0.0,0.0,0.0,0,4.822265625,6,45,05:39,20:21,2025-05-22 19:52:11.313790,Città della Scienza,66.0,6.6855593,8.25664,6.073054,4.5033736,EU EEA Common AQI,71.1,5.629217,6.8375473,7200,5.5507245,100,100,62.5,4.93913,Very Low,71.0,5.406961,100,1747943100,Very Low,4.858443,6.957573,Very Low,7.4852695,59.1,6.3188405,100,1747943100,6.173913
2025-05-22T19:52:22Z,0,29.884,74.2,57,68.2,3,5,194,73,0.0,255,32767,0.0,2127-15-31,0.0,0.52,26.6,0.0,0.0,0.0,0,4.822265625,6,45,05:39,20:21,2025-05-22 19:52:22.419786,Città della Scienza,66.0,6.6855593,8.25664,6.073054,4.5033736,EU EEA Common AQI,71.1,5.629217,6.8375473,7200,5.5507245,100,100,62.5,4.93913,Very Low,71.0,5.406961,100,1747943100,Very Low,4.858443,6.957573,Very Low,7.4852695,59.1,6.3188405,100,1747943100,6.173913
2025-05-22T19:52:33Z,0,29.884,74.2,57,68.2,5,5,183,73,0.0,255,32767,0.0,2127-15-31,0.0,0.52,26.6,0.0,0.0,0.0,0,4.822265625,6,45,05:39,20:21,2025-05-22 19:52:33.495786,Città della Scienza,66.0,6.6855593,8.25664,6.073054,4.5033736,EU EEA Common AQI,71.1,5.629217,6.8375473,7200,5.5507245,100,100,62.5,4.93913,Very Low,71.0,5.406961,100,1747943100,Very Low,4.858443,6.957573,Very Low,7.4852695,59.1,6.3188405,100,1747943100,6.173913
2025-05-22T19:52:44Z,0,29.883,74.3,57,68.2,6,5,168,73,0.0,255,32767,0.0,2127-15-31,0.0,0.52,26.6,0.0,0.0,0.0,0,4.822265625,6,45,05:39,20:21,2025-05-22 19:52:44.584809,Città della Scienza,66.0,6.6855593,8.25664,6.073054,4.5033736,EU EEA Common AQI,71.1,5.629217,6.8375473,7200,5.5507245,100,100,62.5,4.93913,Very Low,71.0,5.406961,100,1747943100,Very Low,4.858443,6.957573,Very Low,7.4852695,59.1,6.3188405,100,1747943100,6.173913
2025-05-22T19:52:55Z,0,29.883,74.3,57,68.2,8,5,217,73,0.0,255,32767,0.0,2127-15-31,0.0,0.52,26.6,0.0,0.0,0.0,0,4.822265625,6,45,05:39,20:21,2025-05-22 19:52:55.630801,Città della Scienza,66.0,6.6855593,8.25664,6.073054,4.5033736,EU EEA Common AQI,71.1,5.629217,6.8375473,7200,5.5507245,100,100,62.5,4.93913,Very Low,71.0,5.406961,100,1747943100,Very Low,4.858443,6.957573,Very Low,7.4852695,59.1,6.3188405,100,1747943100,6.173913
2025-05-22T19:53:06Z,0,29.883,74.3,57,68.3,4,5,201,74,0.0,255,32767,0.0,2127-15-31,0.0,0.52,26.6,0.0,0.0,0.0,0,4.822265625,6,45,05:39,20:21,2025-05-22 19:53:06.687214,Città della Scienza,66.0,6.6855593,8.25664,6.073054,4.5033736,EU EEA Common AQI,71.1,5.629217,6.8375473,7200,5.5507245,100,100,62.5,4.93913,Very Low,71.0,5.406961,100,1747943100,Very Low,4.858443,6.957573,Very Low,7.4852695,59.1,6.3188405,100,1747943100,6.173913
2025-05-22T19:53:17Z,0,29.883,74.3,57,68.2,5,5,209,74,0.0,255,32767,0.0,2127-15-31,0.0,0.52,26.6,0.0,0.0,0.0,0,4.822265625,6,45,05:39,20:21,2025-05-22 19:53:17.762796,Città della Scienza,66.0,6.6855593,8.25664,6.073054,4.5033736,EU EEA Common AQI,71.1,5.629217,6.8375473,7200,5.5507245,100,100,62.5,4.93913,Very Low,71.0,5.406961,100,1747943100,Very Low,4.858443,6.957573,Very Low,7.4852695,59.1,6.3188405,100,1747943100,6.173913
2025-05-22T19:53:29Z,0,29.883,74.3,57,68.2,4,5,186,74,0.0,255,32767,0.0,2127-15-31,0.0,0.52,26.6,0.0,0.0,0.0,0,4.822265625,6,45,05:39,20:21,2025-05-22 19:53:28.888787,Città della Scienza,66.0,6.6855593,8.25664,6.073054,4.5033736,EU EEA Common AQI,71.1,5.629217,6.8375473,7200,5.5507245,100,100,62.5,4.93913,Very Low,71.0,5.406961,100,1747943100,Very Low,4.858443,6.957573,Very Low,7.4852695,59.1,6.3188405,100,1747943100,6.173913
2025-05-22T19:53:40Z,0,29.882,74.2,57,68.3,4,5,180,74,0.0,255,32767,0.0,2127-15-31,0.0,0.52,26.6,0.0,0.0,0.0,0,4.822265625,6,45,05:39,20:21,2025-05-22 19:53:39.961790,Città della Scienza,66.0,6.6855593,8.25664,6.073054,4.5033736,EU EEA Common AQI,71.1,5.629217,6.8375473,7200,5.5507245,100,100,62.5,4.93913,Very Low,71.0,5.406961,100,1747943100,Very Low,4.858443,6.957573,Very Low,7.4852695,59.1,6.3188405,100,1747943100,6.173913
2025-05-22T19:53:51Z,0,29.882,74.2,57,68.2,2,5,257,74,0.0,255,32767,0.0,2127-15-31,0.0,0.52,26.6,0.0,0.0,0.0,0,4.822265625,6,45,05:39,20:21,2025-05-22 19:53:51.085785,Città della Scienza,66.0,6.6855593,8.25664,6.073054,4.5033736,EU EEA Common AQI,71.1,5.629217,6.8375473,7200,5.5507245,100,100,62.5,4.93913,Very Low,71.0,5.406961,100,1747943100,Very Low,4.858443,6.957573,Very Low,7.4852695,59.1,6.3188405,100,1747943100,6.173913
2025-05-22T19:54:02Z,0,29.882,74.2,57,68.2,3,5,201,74,0.0,255,32767,0.0,2127-15-31,0.0,0.52,26.6,0.0,0.0,0.0,0,4.822265625,6,45,05:39,20:21,2025-05-22 19:54:02.159798,Città della Scienza,66.0,6.6855593,8.25664,6.073054,4.5033736,EU EEA Common AQI,71.1,5.629217,6.8375473,7200,5.5507245,100,100,62.5,4.93913,Very Low,71.0,5.406961,100,1747943100,Very Low,4.858443,6.957573,Very Low,7.4852695,59.1,6.3188405,100,1747943100,6.173913
2025-05-22T19:54:13Z,0,29.882,74.2,57,68.2,4,5,195,74,0.0,255,32767,0.0,2127-15-31,0.0,0.52,26.6,0.0,0.0,0.0,0,4.822265625,6,45,05:39,20:21,2025-05-22 19:54:13.269789,Città della Scienza,66.0,6.6855593,8.25664,6.073054,4.5033736,EU EEA Common AQI,71.1,5.629217,6.8375473,7200,5.5507245,100,100,62.5,4.93913,Very Low,71.0,5.406961,100,1747943100,Very Low,4.858443,6.957573,Very Low,7.4852695,59.1,6.3188405,100,1747943100,6.173913
2025-05-22T19:54:24Z,0,29.882,74.2,57,68.2,3,5,243,74,0.0,255,32767,0.0,2127-15-31,0.0,0.52,26.6,0.0,0.0,0.0,0,4.822265625,6,45,05:39,20:21,2025-05-22 19:54:24.343787,Città della Scienza,66.0,6.6855593,8.25664,6.073054,4.5033736,EU EEA Common AQI,71.1,5.629217,6.8375473,7200,5.5507245,100,100,62.5,4.93913,Very Low,71.0,5.406961,100,1747943100,Very Low,4.858443,6.957573,Very Low,7.4852695,59.1,6.3188405,100,1747943100,6.173913
2025-05-22T19:54:35Z,0,29.883,74.2,57,68.2,6,5,189,74,0.0,255,32767,0.0,2127-15-31,0.0,0.52,26.6,0.0,0.0,0.0,0,4.822265625,6,45,05:39,20:21,2025-05-22 19:54:35.448794,Città della Scienza,66.0,6.6855593,8.25664,6.073054,4.5033736,EU EEA Common AQI,71.1,5.629217,6.8375473,7200,5.5507245,100,100,62.5,4.93913,Very Low,71.0,5.406961,100,1747943100,Very Low,4.858443,6.957573,Very Low,7.4852695,59.1,6.3188405,100,1747943100,6.173913
2025-05-22T19:54:46Z,0,29.883,74.2,57,68.3,4,5,170,74,0.0,255,32767,0.0,2127-15-31,0.0,0.52,26.6,0.0,0.0,0.0,0,4.822265625,6,45,05:39,20:21,2025-05-22 19:54:46.528791,Città della Scienza,66.0,6.6855593,8.25664,6.073054,4.5033736,EU EEA Common AQI,71.1,5.629217,6.8375473,7200,5.5507245,100,100,62.5,4.93913,Very Low,71.0,5.406961,100,1747943100,Very Low,4.858443,6.957573,Very Low,7.4852695,59.1,6.3188405,100,1747943100,6.173913
2025-05-22T19:54:58Z,0,29.883,74.2,57,68.2,2,5,178,74,0.0,255,32767,0.0,2127-15-31,0.0,0.52,26.6,0.0,0.0,0.0,0,4.822265625,6,45,05:39,20:21,2025-05-22 19:54:57.854759,Città della Scienza
2025-05-22T19:55:09Z,0,29.883,74.2,57,68.3,2,5,180,74,0.0,255,32767,0.0,2127-15-31,0.0,0.52,26.6,0.0,0.0,0.0,0,4.822265625,6,45,05:39,20:21,2025-05-22 19:55:08.938801,Città della Scienza
2025-05-22T19:55:20Z,0,29.883,74.2,57,68.3,3,5,192,74,0.0,255,32767,0.0,2127-15-31,0.0,0.52,26.6,0.0,0.0,0.0,0,4.822265625,6,45,05:39,20:21,2025-05-22 19:55:20.019782,Città della Scienza
2025-05-22T19:55:31Z,0,29.883,74.2,57,68.2,6,5,180,74,0.0,255,32767,0.0,2127-15-31,0.0,0.52,26.6,0.0,0.0,0.0,0,4.822265625,6,45,05:39,20:21,2025-05-22 19:55:31.065593,Città della Scienza
2025-05-22T19:55:42Z,0,29.884,74.2,57,68.2,4,4,176,74,0.0,255,32767,0.0,2127-15-31,0.0,0.52,26.6,0.0,0.0,0.0,0,4.822265625,6,45,05:39,20:21,2025-05-22 19:55:42.150811,Città della Scienza
2025-05-22T19:55:53Z,0,29.884,74.2,57,68.2,6,4,187,74,0.0,255,32767,0.0,2127-15-31,0.0,0.52,26.6,0.0,0.0,0.0,0,4.822265625,6,45,05:39,20:21,2025-05-22 19:55:53.184794,Città della Scienza
2025-05-22T19:56:04Z,0,29.884,74.2,57,68.2,5,4,179,74,0.0,255,32767,0.0,2127-15-31,0.0,0.52,26.6,0.0,0.0,0.0,0,4.822265625,6,45,05:39,20:21,2025-05-22 19:56:04.254783,Città della Scienza
2025-05-22T19:56:15Z,0,29.884,74.2,57,68.2,4,4,202,74,0.0,255,32767,0.0,2127-15-31,0.0,0.52,26.6,0.0,0.0,0.0,0,4.822265625,6,45,05:39,20:21,2025-05-22 19:56:15.314788,Città della Scienza
2025-05-22T19:56:26Z,0,29.884,74.2,57,68.3,3,4,178,74,0.0,255,32767,0.0,2127-15-31,0.0,0.52,26.6,0.0,0.0,0.0,0,4.822265625,6,45,05:39,20:21,2025-05-22 19:56:26.375791,Città della Scienza
2025-05-22T19:56:37Z,0,29.883,74.2,57,68.2,4,4,153,74,0.0,255,32767,0.0,2127-15-31,0.0,0.52,26.6,0.0,0.0,0.0,0,4.822265625,6,45,05:39,20:21,2025-05-22 19:56:37.443792,Città della Scienza
2025-05-22T19:56:48Z,0,29.883,74.2,57,68.3,1,4,135,74,0.0,255,32767,0.0,2127-15-31,0.0,0.52,26.6,0.0,0.0,0.0,0,4.822265625,6,45,05:39,20:21,2025-05-22 19:56:48.484788,Città della Scienza
2025-05-22T19:56:59Z,0,29.883,74.2,57,68.3,2,4,175,74,0.0,255,32767,0.0,2127-15-31,0.0,0.52,26.6,0.0,0.0,0.0,0,4.822265625,6,45,05:39,20:21,2025-05-22 19:56:59.564785,Città della Scienza
2025-05-22T19:57:10Z,0,29.883,74.2,57,68.3,2,4,219,74,0.0,255,32767,0.0,2127-15-31,0.0,0.52,26.6,0.0,0.0,0.0,0,4.822265625,6,45,05:39,20:21,2025-05-22 19:57:10.613847,Città della Scienza
2025-05-22T19:57:21Z,0,29.883,74.2,57,68.3,3,4,174,74,0.0,255,32767,0.0,2127-15-31,0.0,0.52,26.6,0.0,0.0,0.0,0,4.822265625,6,45,05:39,20:21,2025-05-22 19:57:21.673785,Città della Scienza
2025-05-22T19:57:32Z,0,29.883,74.2,57,68.2,3,4,180,74,0.0,255,32767,0.0,2127-15-31,0.0,0.52,26.6,0.0,0.0,0.0,0,4.822265625,6,45,05:39,20:21,2025-05-22 19:57:32.781789,Città della Scienza
2025-05-22T19:57:44Z,0,29.88,74.2,58,68.2,5,4,194,74,0.0,255,32767,0.0,2127-15-31,0.0,0.52,26.6,0.0,0.0,0.0,0,4.822265625,6,45,05:39,20:21,2025-05-22 19:57:43.820791,Città della Scienza
2025-05-22T19:57:55Z,0,29.88,74.2,58,68.2,4,4,213,74,0.0,255,32767,0.0,2127-15-31,0.0,0.52,26.6,0.0,0.0,0.0,0,4.822265625,6,45,05:39,20:21,2025-05-22 19:57:54.883795,Città della Scienza
2025-05-22T19:58:06Z,0,29.88,74.2,58,68.2,3,4,173,74,0.0,255,32767,0.0,2127-15-31,0.0,0.52,26.6,0.0,0.0,0.0,0,4.822265625,6,45,05:39,20:21,2025-05-22 19:58:05.925571,Città della Scienza
2025-05-22T19:58:17Z,0,29.88,74.2,58,68.3,3,4,197,74,0.0,255,32767,0.0,2127-15-31,0.0,0.52,26.6,0.0,0.0,0.0,0,4.822265625,6,45,05:39,20:21,2025-05-22 19:58:17.020799,Città della Scienza
2025-05-22T19:58:28Z,0,29.88,74.2,58,68.3,3,4,203,74,0.0,255,32767,0.0,2127-15-31,0.0,0.52,26.6,0.0,0.0,0.0,0,4.822265625,6,45,05:39,20:21,2025-05-22 19:58:28.111792,Città della Scienza
2025-05-22T19:58:39Z,0,29.883,74.2,58,68.3,3,4,204,74,0.0,255,32767,0.0,2127-15-31,0.0,0.52,26.6,0.0,0.0,0.0,0,4.822265625,6,45,05:39,20:21,2025-05-22 19:58:39.173793,Città della Scienza
2025-05-22T19:58:50Z,0,29.883,74.2,58,68.3,2,4,251,74,0.0,255,32767,0.0,2127-15-31,0.0,0.52,26.6,0.0,0.0,0.0,0,4.822265625,6,45,05:39,20:21,2025-05-22 19:58:50.242785,Città della Scienza
2025-05-22T19:59:01Z,0,29.883,74.2,58,68.3,4,4,196,74,0.0,255,32767,0.0,2127-15-31,0.0,0.52,26.6,0.0,0.0,0.0,0,4.822265625,6,45,05:39,20:21,2025-05-22 19:59:01.301782,Città della Scienza
2025-05-22T19:59:12Z,0,29.883,74.2,58,68.2,3,4,158,74,0.0,255,32767,0.0,2127-15-31,0.0,0.52,26.6,0.0,0.0,0.0,0,4.822265625,6,45,05:39,20:21,2025-05-22 19:59:12.363778,Città della Scienza
2025-05-22T19:59:23Z,0,29.883,74.2,58,68.3,3,4,181,74,0.0,255,32767,0.0,2127-15-31,0.0,0.52,26.6,0.0,0.0,0.0,0,4.822265625,6,45,05:39,20:21,2025-05-22 19:59:23.393803,Città della Scienza
2025-05-22T19:59:34Z,0,29.883,74.2,58,68.3,4,4,169,74,0.0,255,32767,0.0,2127-15-31,0.0,0.52,26.6,0.0,0.0,0.0,0,4.822265625,6,45,05:39,20:21,2025-05-22 19:59:34.451794,Città della Scienza
2025-05-22T19:59:45Z,0,29.882,74.2,58,68.3,2,4,169,74,0.0,255,32767,0.0,2127-15-31,0.0,0.52,26.6,0.0,0.0,0.0,0,4.822265625,6,45,05:39,20:21,2025-05-22 19:59:45.465791,Città della Scienza
2025-05-22T19:59:56Z,0,29.882,74.2,58,68.3,3,4,219,74,0.0,255,32767,0.0,2127-15-31,0.0,0.52,26.6,0.0,0.0,0.0,0,4.822265625,6,45,05:39,20:21,2025-05-22 19:59:56.544787,Città della Scienza
2025-05-22T20:00:07Z,0,29.882,74.2,58,68.2,6,4,169,74,0.0,255,32767,0.0,2127-15-31,0.0,0.52,26.6,0.0,0.0,0.0,0,4.822265625,6,45,05:39,20:21,2025-05-22 20:00:07.584752,Città della Scienza,66.0,6.6855593,8.25664,6.073054,4.5033736,EU EEA Common AQI,71.1,5.629217,6.8375473,7200,5.5507245,100,100,62.5,4.93913,Very Low,71.0,5.406961,100,1747943100,Very Low,4.858443,6.957573,Very Low,7.4852695,59.1,6.3188405,100,1747943100,6.173913
2025-05-22T20:00:18Z,0,29.882,74.2,58,68.2,7,4,174,74,0.0,255,32767,0.0,2127-15-31,0.0,0.52,26.6,0.0,0.0,0.0,0,4.822265625,6,45,05:39,20:21,2025-05-22 20:00:18.689785,Città della Scienza,66.0,6.6855593,8.25664,6.073054,4.5033736,EU EEA Common AQI,71.1,5.629217,6.8375473,7200,5.5507245,100,100,62.5,4.93913,Very Low,71.0,5.406961,100,1747943100,Very Low,4.858443,6.957573,Very Low,7.4852695,59.1,6.3188405,100,1747943100,6.173913
2025-05-22T20:00:29Z,0,29.882,74.2,58,68.3,7,4,184,74,0.0,255,32767,0.0,2127-15-31,0.0,0.52,26.6,0.0,0.0,0.0,0,4.822265625,6,45,05:39,20:21,2025-05-22 20:00:29.761784,Città della Scienza,68.4,6.8494453,8.267161,6.0807185,4.571658,EU EEA Common AQI,71.0,5.714573,6.852979,7200,4.8428574,100,100,63.0,4.2971425,Very Low,70.8,5.5572762,100,1747944000,Very Low,4.8645744,7.041264,Very Low,7.4411974,59.9,7.3285713,100,1747944000,5.3714285
2025-05-22T20:00:41Z,0,29.883,74.2,58,68.3,6,4,175,74,0.0,255,32767,0.0,2127-15-31,0.0,0.52,26.6,0.0,0.0,0.0,0,4.822265625,6,45,05:39,20:21,2025-05-22 20:00:40.895792,Città della Scienza,68.4,6.8494453,8.267161,6.0807185,4.571658,EU EEA Common AQI,71.0,5.714573,6.852979,7200,4.8428574,100,100,63.0,4.2971425,Very Low,70.8,5.5572762,100,1747944000,Very Low,4.8645744,7.041264,Very Low,7.4411974,59.9,7.3285713,100,1747944000,5.3714285
2025-05-22T20:00:52Z,0,29.883,74.2,58,68.3,4,4,188,74,0.0,255,32767,0.0,2127-15-31,0.0,0.52,26.6,0.0,0.0,0.0,0,4.822265625,6,45,05:39,20:21,2025-05-22 20:00:51.979787,Città della Scienza,68.4,6.8494453,8.267161,6.0807185,4.571658,EU EEA Common AQI,71.0,5.714573,6.852979,7200,4.8428574,100,100,63.0,4.2971425,Very Low,70.8,5.5572762,100,1747944000,Very Low,4.8645744,7.041264,Very Low,7.4411974,59.9,7.3285713,100,1747944000,5.3714285
2025-05-22T20:01:03Z,0,29.883,74.2,58,68.2,5,4,171,74,0.0,255,32767,0.0,2127-15-31,0.0,0.52,26.6,0.0,0.0,0.0,0,4.822265625,6,45,05:39,20:21,2025-05-22 20:01:03.022786,Città della Scienza,68.4,6.8494453,8.267161,6.0807185,4.571658,EU EEA Common AQI,71.0,5.714573,6.852979,7200,4.8428574,100,100,63.0,4.2971425,Very Low,70.8,5.5572762,100,1747944000,Very Low,4.8645744,7.041264,Very Low,7.4411974,59.9,7.3285713,100,1747944000,5.3714285
2025-05-22T20:01:14Z,0,29.883,74.2,58,68.2,2,4,189,74,0.0,255,32767,0.0,2127-15-31,0.0,0.52,26.6,0.0,0.0,0.0,0,4.822265625,6,45,05:39,20:21,2025-05-22 20:01:14.109794,Città della Scienza,68.4,6.8494453,8.267161,6.0807185,4.571658,EU EEA Common AQI,71.0,5.714573,6.852979,7200,4.8428574,100,100,63.0,4.2971425,Very Low,70.8,5.5572762,100,1747944000,Very Low,4.8645744,7.041264,Very Low,7.4411974,59.9,7.3285713,100,1747944000,5.3714285
2025-05-22T20:01:25Z,0,29.883,74.2,58,68.3,3,4,173,74,0.0,255,32767,0.0,2127-15-31,0.0,0.52,26.6,0.0,0.0,0.0,0,4.822265625,6,45,05:39,20:21,2025-05-22 20:01:25.243796,Città della Scienza,68.4,6.8494453,8.267161,6.0807185,4.571658,EU EEA Common AQI,71.0,5.714573,6.852979,7200,4.8428574,100,100,63.0,4.2971425,Very Low,70.8,5.5572762,100,1747944000,Very Low,4.8645744,7.041264,Very Low,7.4411974,59.9,7.3285713,100,1747944000,5.3714285
2025-05-22T20:01:36Z,0,29.88,74.2,58,68.3,5,4,196,74,0.0,255,32767,0.0,2127-15-31,0.0,0.52,26.6,0.0,0.0,0.0,0,4.822265625,6,45,05:39,20:21,2025-05-22 20:01:36.291787,Città della Scienza,68.4,6.8494453,8.267161,6.0807185,4.571658,EU EEA Common AQI,71.0,5.714573,6.852979,7200,4.8428574,100,100,63.0,4.2971425,Very Low,70.8,5.5572762,100,1747944000,Very Low,4.8645744,7.041264,Very Low,7.4411974,59.9,7.3285713,100,1747944000,5.3714285
2025-05-22T20:01:47Z,0,29.88,74.2,58,68.2,7,4,175,74,0.0,255,32767,0.0,2127-15-31,0.0,0.52,26.6,0.0,0.0,0.0,0,4.822265625,6,45,05:39,20:21,2025-05-22 20:01:47.381790,Città della Scienza,68.4,6.8494453,8.267161,6.0807185,4.571658,EU EEA Common AQI,71.0,5.714573,6.852979,7200,4.8428574,100,100,63.0,4.2971425,Very Low,70.8,5.5572762,100,1747944000,Very Low,4.8645744,7.041264,Very Low,7.4411974,59.9,7.3285713,100,1747944000,5.3714285
2025-05-22T20:01:58Z,0,29.88,74.2,58,68.3,6,4,172,74,0.0,255,32767,0.0,2127-15-31,0.0,0.52,26.6,0.0,0.0,0.0,0,4.822265625,6,45,05:39,20:21,2025-05-22 20:01:58.518786,Città della Scienza,68.4,6.8494453,8.267161,6.0807185,4.571658,EU EEA Common AQI,71.0,5.714573,6.852979,7200,4.8428574,100,100,63.0,4.2971425,Very Low,70.8,5.5572762,100,1747944000,Very Low,4.8645744,7.041264,Very Low,7.4411974,59.9,7.3285713,100,1747944000,5.3714285
2025-05-22T20:02:09Z,0,29.88,74.2,58,68.2,2,4,175,74,0.0,255,32767,0.0,2127-15-31,0.0,0.52,26.6,0.0,0.0,0.0,0,4.822265625,6,45,05:39,20:21,2025-05-22 20:02:09.636801,Città della Scienza,68.4,6.8494453,8.267161,6.0807185,4.571658,EU EEA Common AQI,71.0,5.714573,6.852979,7200,4.8428574,100,100,63.0,4.2971425,Very Low,70.8,5.5572762,100,1747944000,Very Low,4.8645744,7.041264,Very Low,7.4411974,59.9,7.3285713,100,1747944000,5.3714285
2025-05-22T20:02:20Z,0,29.88,74.2,58,68.2,4,4,192,74,0.0,255,32767,0.0,2127-15-31,0.0,0.52,26.6,0.0,0.0,0.0,0,4.822265625,6,45,05:39,20:21,2025-05-22 20:02:20.763797,Città della Scienza,68.4,6.8494453,8.267161,6.0807185,4.571658,EU EEA Common AQI,71.0,5.714573,6.852979,7200,4.8428574,100,100,63.0,4.2971425,Very Low,70.8,5.5572762,100,1747944000,Very Low,4.8645744,7.041264,Very Low,7.4411974,59.9,7.3285713,100,1747944000,5.3714285
2025-05-22T20:02:32Z,0,29.88,74.2,58,68.2,5,4,197,74,0.0,255,32767,0.0,2127-15-31,0.0,0.52,26.6,0.0,0.0,0.0,0,4.822265625,6,45,05:39,20:21,2025-05-22 20:02:31.883793,Città della Scienza,68.4,6.8494453,8.267161,6.0807185,4.571658,EU EEA Common AQI,71.0,5.714573,6.852979,7200,4.8428574,100,100,63.0,4.2971425,Very Low,70.8,5.5572762,100,1747944000,Very Low,4.8645744,7.041264,Very Low,7.4411974,59.9,7.3285713,100,1747944000,5.3714285
2025-05-22T20:02:43Z,0,29.883,74.2,58,68.3,4,4,211,74,0.0,255,32767,0.0,2127-15-31,0.0,0.52,26.6,0.0,0.0,0.0,0,4.822265625,6,45,05:39,20:21,2025-05-22 20:02:42.943809,Città della Scienza,68.4,6.8494453,8.267161,6.0807185,4.571658,EU EEA Common AQI,71.0,5.714573,6.852979,7200,4.8428574,100,100,63.0,4.2971425,Very Low,70.8,5.5572762,100,1747944000,Very Low,4.8645744,7.041264,Very Low,7.4411974,59.9,7.3285713,100,1747944000,5.3714285
2025-05-22T20:02:54Z,0,29.883,74.2,58,68.2,2,4,217,74,0.0,255,32767,0.0,2127-15-31,0.0,0.52,26.6,0.0,0.0,0.0,0,4.822265625,6,45,05:39,20:21,2025-05-22 20:02:54.072807,Città della Scienza,68.4,6.8494453,8.267161,6.0807185,4.571658,EU EEA Common AQI,71.0,5.714573,6.852979,7200,4.8428574,100,100,63.0,4.2971425,Very Low,70.8,5.5572762,100,1747944000,Very Low,4.8645744,7.041264,Very Low,7.4411974,59.9,7.3285713,100,1747944000,5.3714285
2025-05-22T20:03:05Z,0,29.883,74.2,58,68.2,3,4,221,74,0.0,255,32767,0.0,2127-15-31,0.0,0.52,26.6,0.0,0.0,0.0,0,4.822265625,6,45,05:39,20:21,2025-05-22 20:03:05.156748,Città della Scienza,68.4,6.8494453,8.267161,6.0807185,4.571658,EU EEA Common AQI,71.0,5.714573,6.852979,7200,4.8428574,100,100,63.0,4.2971425,Very Low,70.8,5.5572762,100,1747944000,Very Low,4.8645744,7.041264,Very Low,7.4411974,59.9,7.3285713,100,1747944000,5.3714285
2025-05-22T20:03:16Z,0,29.883,74.2,58,68.2,3,4,150,74,0.0,255,32767,0.0,2127-15-31,0.0,0.52,26.6,0.0,0.0,0.0,0,4.822265625,6,45,05:39,20:21,2025-05-22 20:03:16.235790,Città della Scienza,68.4,6.8494453,8.267161,6.0807185,4.571658,EU EEA Common AQI,71.0,5.714573,6.852979,7200,4.8428574,100,100,63.0,4.2971425,Very Low,70.8,5.5572762,100,1747944000,Very Low,4.8645744,7.041264,Very Low,7.4411974,59.9,7.3285713,100,1747944000,5.3714285
2025-05-22T20:03:27Z,0,29.883,74.2,58,68.2,3,4,227,74,0.0,255,32767,0.0,2127-15-31,0.0,0.52,26.6,0.0,0.0,0.0,0,4.822265625,6,45,05:39,20:21,2025-05-22 20:03:27.307786,Città della Scienza,68.4,6.8494453,8.267161,6.0807185,4.571658,EU EEA Common AQI,71.0,5.714573,6.852979,7200,4.8428574,100,100,63.0,4.2971425,Very Low,70.8,5.5572762,100,1747944000,Very Low,4.8645744,7.041264,Very Low,7.4411974,59.9,7.3285713,100,1747944000,5.3714285
2025-05-22T20:03:38Z,0,29.88,74.2,58,68.2,2,4,142,74,0.0,255,32767,0.0,2127-15-31,0.0,0.52,26.6,0.0,0.0,0.0,0,4.822265625,6,45,05:39,20:21,2025-05-22 20:03:38.381800,Città della Scienza,68.4,6.8494453,8.267161,6.0807185,4.571658,EU EEA Common AQI,71.0,5.714573,6.852979,7200,4.8428574,100,100,63.0,4.2971425,Very Low,70.8,5.5572762,100,1747944000,Very Low,4.8645744,7.041264,Very Low,7.4411974,59.9,7.3285713,100,1747944000,5.3714285
2025-05-22T20:03:49Z,0,29.88,74.2,58,68.2,5,4,171,74,0.0,255,32767,0.0,2127-15-31,0.0,0.52,26.6,0.0,0.0,0.0,0,4.822265625,6,45,05:39,20:21,2025-05-22 20:03:49.460797,Città della Scienza,68.4,6.8494453,8.267161,6.0807185,4.571658,EU EEA Common AQI,71.0,5.714573,6.852979,7200,4.8428574,100,100,63.0,4.2971425,Very Low,70.8,5.5572762,100,1747944000,Very Low,4.8645744,7.041264,Very Low,7.4411974,59.9,7.3285713,100,1747944000,5.3714285
2025-05-22T20:04:00Z,0,29.88,74.2,58,68.2,2,4,181,74,0.0,255,32767,0.0,2127-15-31,0.0,0.52,26.6,0.0,0.0,0.0,0,4.822265625,6,45,05:39,20:21,2025-05-22 20:04:00.562758,Città della Scienza,68.4,6.8494453,8.267161,6.0807185,4.571658,EU EEA Common AQI,71.0,5.714573,6.852979,7200,4.8428574,100,100,63.0,4.2971425,Very Low,70.8,5.5572762,100,1747944000,Very Low,4.8645744,7.041264,Very Low,7.4411974,59.9,7.3285713,100,1747944000,5.3714285
2025-05-22T20:04:11Z,0,29.88,74.2,58,68.2,4,4,205,74,0.0,255,32767,0.0,2127-15-31,0.0,0.52,26.6,0.0,0.0,0.0,0,4.822265625,6,45,05:39,20:21,2025-05-22 20:04:11.664795,Città della Scienza,68.4,6.8494453,8.267161,6.0807185,4.571658,EU EEA Common AQI,71.0,5.714573,6.852979,7200,4.8428574,100,100,63.0,4.2971425,Very Low,70.8,5.5572762,100,1747944000,Very Low,4.8645744,7.041264,Very Low,7.4411974,59.9,7.3285713,100,1747944000,5.3714285
2025-05-22T20:04:22Z,0,29.88,74.2,58,68.2,2,4,186,74,0.0,255,32767,0.0,2127-15-31,0.0,0.52,26.6,0.0,0.0,0.0,0,4.822265625,6,45,05:39,20:21,2025-05-22 20:04:22.695794,Città della Scienza,68.4,6.8494453,8.267161,6.0807185,4.571658,EU EEA Common AQI,71.0,5.714573,6.852979,7200,4.8428574,100,100,63.0,4.2971425,Very Low,70.8,5.5572762,100,1747944000,Very Low,4.8645744,7.041264,Very Low,7.4411974,59.9,7.3285713,100,1747944000,5.3714285
2025-05-22T20:04:33Z,0,29.88,74.2,58,68.2,5,4,211,74,0.0,255,32767,0.0,2127-15-31,0.0,0.52,26.6,0.0,0.0,0.0,0,4.822265625,6,45,05:39,20:21,2025-05-22 20:04:33.773791,Città della Scienza,68.4,6.8494453,8.267161,6.0807185,4.571658,EU EEA Common AQI,71.0,5.714573,6.852979,7200,4.8428574,100,100,63.0,4.2971425,Very Low,70.8,5.5572762,100,1747944000,Very Low,4.8645744,7.041264,Very Low,7.4411974,59.9,7.3285713,100,1747944000,5.3714285
2025-05-22T20:04:45Z,0,29.881,74.2,58,68.2,5,4,159,74,0.0,255,32767,0.0,2127-15-31,0.0,0.52,26.6,0.0,0.0,0.0,0,4.822265625,6,45,05:39,20:21,2025-05-22 20:04:44.832799,Città della Scienza,68.4,6.8494453,8.267161,6.0807185,4.571658,EU EEA Common AQI,71.0,5.714573,6.852979,7200,4.8428574,100,100,63.0,4.2971425,Very Low,70.8,5.5572762,100,1747944000,Very Low,4.8645744,7.041264,Very Low,7.4411974,59.9,7.3285713,100,1747944000,5.3714285
2025-05-22T20:04:56Z,0,29.881,74.2,58,68.2,2,4,142,74,0.0,255,32767,0.0,2127-15-31,0.0,0.52,26.6,0.0,0.0,0.0,0,4.822265625,6,45,05:39,20:21,2025-05-22 20:04:55.954787,Città della Scienza,68.4,6.8494453,8.267161,6.0807185,4.571658,EU EEA Common AQI,71.0,5.714573,6.852979,7200,4.8428574,100,100,63.0,4.2971425,Very Low,70.8,5.5572762,100,1747944000,Very Low,4.8645744,7.041264,Very Low,7.4411974,59.9,7.3285713,100,1747944000,5.3714285
2025-05-22T20:05:07Z,0,29.881,74.2,58,68.2,2,4,190,74,0.0,255,32767,0.0,2127-15-31,0.0,0.52,26.6,0.0,0.0,0.0,0,4.822265625,6,45,05:39,20:21,2025-05-22 20:05:07.076794,Città della Scienza,68.4,6.8494453,8.267161,6.0807185,4.571658,EU EEA Common AQI,71.0,5.714573,6.852979,7200,4.8428574,100,100,63.0,4.2971425,Very Low,70.8,5.5572762,100,1747944000,Very Low,4.8645744,7.041264,Very Low,7.4411974,59.9,7.3285713,100,1747944000,5.3714285
2025-05-22T20:05:18Z,0,29.881,74.2,58,68.2,5,4,192,74,0.0,255,32767,0.0,2127-15-31,0.0,0.52,26.6,0.0,0.0,0.0,0,4.822265625,6,45,05:39,20:21,2025-05-22 20:05:18.176795,Città della Scienza,68.4,6.8494453,8.267161,6.0807185,4.571658,EU EEA Common AQI,71.0,5.714573,6.852979,7200,4.8428574,100,100,63.0,4.2971425,Very Low,70.8,5.5572762,100,1747944000,Very Low,4.8645744,7.041264,Very Low,7.4411974,59.9,7.3285713,100,1747944000,5.3714285
2025-05-22T20:05:29Z,0,29.881,74.2,58,68.1,4,4,217,74,0.0,255,32767,0.0,2127-15-31,0.0,0.52,26.6,0.0,0.0,0.0,0,4.822265625,6,45,05:39,20:21,2025-05-22 20:05:29.285782,Città della Scienza,68.4,6.8494453,8.267161,6.0807185,4.571658,EU EEA Common AQI,71.0,5.714573,6.852979,7200,4.8428574,100,100,63.0,4.2971425,Very Low,70.8,5.5572762,100,1747944000,Very Low,4.8645744,7.041264,Very Low,7.4411974,59.9,7.3285713,100,1747944000,5.3714285
2025-05-22T20:05:40Z,0,29.878,74.2,58,68.2,3,4,190,74,0.0,255,32767,0.0,2127-15-31,0.0,0.52,26.6,0.0,0.0,0.0,0,4.822265625,6,45,05:39,20:21,2025-05-22 20:05:40.448790,Città della Scienza,68.4,6.8494453,8.267161,6.0807185,4.571658,EU EEA Common AQI,71.0,5.714573,6.852979,7200,4.8428574,100,100,63.0,4.2971425,Very Low,70.8,5.5572762,100,1747944000,Very Low,4.8645744,7.041264,Very Low,7.4411974,59.9,7.3285713,100,1747944000,5.3714285
2025-05-22T20:05:51Z,0,29.878,74.2,58,68.2,4,4,232,74,0.0,255,32767,0.0,2127-15-31,0.0,0.52,26.6,0.0,0.0,0.0,0,4.822265625,6,45,05:39,20:21,2025-05-22 20:05:51.540749,Città della Scienza,68.4,6.8494453,8.267161,6.0807185,4.571658,EU EEA Common AQI,71.0,5.714573,6.852979,7200,4.8428574,100,100,63.0,4.2971425,Very Low,70.8,5.5572762,100,1747944000,Very Low,4.8645744,7.041264,Very Low,7.4411974,59.9,7.3285713,100,1747944000,5.3714285
2025-05-22T20:06:02Z,0,29.878,74.2,58,68.1,3,4,192,74,0.0,255,32767,0.0,2127-15-31,0.0,0.52,26.6,0.0,0.0,0.0,0,4.822265625,6,45,05:39,20:21,2025-05-22 20:06:02.595789,Città della Scienza,68.4,6.8494453,8.267161,6.0807185,4.571658,EU EEA Common AQI,71.0,5.714573,6.852979,7200,4.8428574,100,100,63.0,4.2971425,Very Low,70.8,5.5572762,100,1747944000,Very Low,4.8645744,7.041264,Very Low,7.4411974,59.9,7.3285713,100,1747944000,5.3714285
2025-05-22T20:06:13Z,0,29.878,74.2,58,68.1,4,4,250,74,0.0,255,32767,0.0,2127-15-31,0.0,0.52,26.6,0.0,0.0,0.0,0,4.822265625,6,45,05:39,20:21,2025-05-22 20:06:13.642806,Città della Scienza,68.4,6.8494453,8.267161,6.0807185,4.571658,EU EEA Common AQI,71.0,5.714573,6.852979,7200,4.8428574,100,100,63.0,4.2971425,Very Low,70.8,5.5572762,100,1747944000,Very Low,4.8645744,7.041264,Very Low,7.4411974,59.9,7.3285713,100,1747944000,5.3714285
2025-05-22T20:06:24Z,0,29.878,74.2,58,68.1,4,4,190,74,0.0,255,32767,0.0,2127-15-31,0.0,0.52,26.6,0.0,0.0,0.0,0,4.822265625,6,45,05:39,20:21,2025-05-22 20:06:24.739791,Città della Scienza,68.4,6.8494453,8.267161,6.0807185,4.571658,EU EEA Common AQI,71.0,5.714573,6.852979,7200,4.8428574,100,100,63.0,4.2971425,Very Low,70.8,5.5572762,100,1747944000,Very Low,4.8645744,7.041264,Very Low,7.4411974,59.9,7.3285713,100,1747944000,5.3714285
2025-05-22T20:06:35Z,0,29.878,74.2,58,68.1,6,4,186,74,0.0,255,32767,0.0,2127-15-31,0.0,0.52,26.6,0.0,0.0,0.0,0,4.822265625,6,45,05:39,20:21,2025-05-22 20:06:35.786792,Città della Scienza,68.4,6.8494453,8.267161,6.0807185,4.571658,EU EEA Common AQI,71.0,5.714573,6.852979,7200,4.8428574,100,100,63.0,4.2971425,Very Low,70.8,5.5572762,100,1747944000,Very Low,4.8645744,7.041264,Very Low,7.4411974,59.9,7.3285713,100,1747944000,5.3714285
2025-05-22T20:06:47Z,0,29.878,74.2,58,68.1,2,4,211,74,0.0,255,32767,0.0,2127-15-31,0.0,0.52,26.6,0.0,0.0,0.0,0,4.822265625,6,45,05:39,20:21,2025-05-22 20:06:46.890825,Città della Scienza,68.4,6.8494453,8.267161,6.0807185,4.571658,EU EEA Common AQI,71.0,5.714573,6.852979,7200,4.8428574,100,100,63.0,4.2971425,Very Low,70.8,5.5572762,100,1747944000,Very Low,4.8645744,7.041264,Very Low,7.4411974,59.9,7.3285713,100,1747944000,5.3714285
2025-05-22T20:06:58Z,0,29.878,74.2,58,68.1,4,4,227,74,0.0,255,32767,0.0,2127-15-31,0.0,0.52,26.6,0.0,0.0,0.0,0,4.822265625,6,45,05:39,20:21,2025-05-22 20:06:57.998791,Città della Scienza,68.4,6.8494453,8.267161,6.0807185,4.571658,EU EEA Common AQI,71.0,5.714573,6.852979,7200,4.8428574,100,100,63.0,4.2971425,Very Low,70.8,5.5572762,100,1747944000,Very Low,4.8645744,7.041264,Very Low,7.4411974,59.9,7.3285713,100,1747944000,5.3714285
2025-05-22T20:07:09Z,0,29.878,74.2,58,68.1,3,4,173,74,0.0,255,32767,0.0,2127-15-31,0.0,0.52,26.6,0.0,0.0,0.0,0,4.822265625,6,45,05:39,20:21,2025-05-22 20:07:09.049785,Città della Scienza,68.4,6.8494453,8.267161,6.0807185,4.571658,EU EEA Common AQI,71.0,5.714573,6.852979,7200,4.8428574,100,100,63.0,4.2971425,Very Low,70.8,5.5572762,100,1747944000,Very Low,4.8645744,7.041264,Very Low,7.4411974,59.9,7.3285713,100,1747944000,5.3714285
2025-05-22T20:07:20Z,0,29.878,74.2,58,68.1,2,4,192,74,0.0,255,32767,0.0,2127-15-31,0.0,0.52,26.6,0.0,0.0,0.0,0,4.822265625,6,45,05:39,20:21,2025-05-22 20:07:20.177790,Città della Scienza,68.4,6.8494453,8.267161,6.0807185,4.571658,EU EEA Common AQI,71.0,5.714573,6.852979,7200,4.8428574,100,100,63.0,4.2971425,Very Low,70.8,5.5572762,100,1747944000,Very Low,4.8645744,7.041264,Very Low,7.4411974,59.9,7.3285713,100,1747944000,5.3714285
2025-05-22T20:07:31Z,0,29.878,74.2,58,68.1,2,4,169,74,0.0,255,32767,0.0,2127-15-31,0.0,0.52,26.6,0.0,0.0,0.0,0,4.822265625,6,45,05:39,20:21,2025-05-22 20:07:31.253787,Città della Scienza,68.4,6.8494453,8.267161,6.0807185,4.571658,EU EEA Common AQI,71.0,5.714573,6.852979,7200,4.8428574,100,100,63.0,4.2971425,Very Low,70.8,5.5572762,100,1747944000,Very Low,4.8645744,7.041264,Very Low,7.4411974,59.9,7.3285713,100,1747944000,5.3714285
2025-05-22T20:07:42Z,0,29.876,74.3,58,68.1,2,4,188,74,0.0,255,32767,0.0,2127-15-31,0.0,0.52,26.6,0.0,0.0,0.0,0,4.822265625,6,45,05:39,20:21,2025-05-22 20:07:42.364791,Città della Scienza,68.4,6.8494453,8.267161,6.0807185,4.571658,EU EEA Common AQI,71.0,5.714573,6.852979,7200,4.8428574,100,100,63.0,4.2971425,Very Low,70.8,5.5572762,100,1747944000,Very Low,4.8645744,7.041264,Very Low,7.4411974,59.9,7.3285713,100,1747944000,5.3714285
2025-05-22T20:07:53Z,0,29.876,74.3,58,68.1,7,4,194,74,0.0,255,32767,0.0,2127-15-31,0.0,0.52,26.6,0.0,0.0,0.0,0,4.822265625,6,45,05:39,20:21,2025-05-22 20:07:53.481806,Città della Scienza,68.4,6.8494453,8.267161,6.0807185,4.571658,EU EEA Common AQI,71.0,5.714573,6.852979,7200,4.8428574,100,100,63.0,4.2971425,Very Low,70.8,5.5572762,100,1747944000,Very Low,4.8645744,7.041264,Very Low,7.4411974,59.9,7.3285713,100,1747944000,5.3714285
2025-05-22T20:08:04Z,0,29.876,74.3,58,68.1,6,4,180,74,0.0,255,32767,0.0,2127-15-31,0.0,0.52,26.6,0.0,0.0,0.0,0,4.822265625,6,45,05:39,20:21,2025-05-22 20:08:04.543793,Città della Scienza,68.4,6.8494453,8.267161,6.0807185,4.571658,EU EEA Common AQI,71.0,5.714573,6.852979,7200,4.8428574,100,100,63.0,4.2971425,Very Low,70.8,5.5572762,100,1747944000,Very Low,4.8645744,7.041264,Very Low,7.4411974,59.9,7.3285713,100,1747944000,5.3714285
2025-05-22T20:08:16Z,0,29.876,74.3,58,68.1,7,4,171,74,0.0,255,32767,0.0,2127-15-31,0.0,0.52,26.6,0.0,0.0,0.0,0,4.822265625,6,45,05:39,20:21,2025-05-22 20:08:15.883791,Città della Scienza,68.4,6.8494453,8.267161,6.0807185,4.571658,EU EEA Common AQI,71.0,5.714573,6.852979,7200,4.8428574,100,100,63.0,4.2971425,Very Low,70.8,5.5572762,100,1747944000,Very Low,4.8645744,7.041264,Very Low,7.4411974,59.9,7.3285713,100,1747944000,5.3714285
2025-05-22T20:08:27Z,0,29.876,74.3,58,68.1,4,4,188,74,0.0,255,32767,0.0,2127-15-31,0.0,0.52,26.6,0.0,0.0,0.0,0,4.822265625,6,45,05:39,20:21,2025-05-22 20:08:26.985808,Città della Scienza,68.4,6.8494453,8.267161,6.0807185,4.571658,EU EEA Common AQI,71.0,5.714573,6.852979,7200,4.8428574,100,100,63.0,4.2971425,Very Low,70.8,5.5572762,100,1747944000,Very Low,4.8645744,7.041264,Very Low,7.4411974,59.9,7.3285713,100,1747944000,5.3714285
2025-05-22T20:08:38Z,0,29.877,74.3,58,68.1,5,4,200,74,0.0,255,32767,0.0,2127-15-31,0.0,0.52,26.6,0.0,0.0,0.0,0,4.822265625,6,45,05:39,20:21,2025-05-22 20:08:38.078776,Città della Scienza,68.4,6.8494453,8.267161,6.0807185,4.571658,EU EEA Common AQI,71.0,5.714573,6.852979,7200,4.8428574,100,100,63.0,4.2971425,Very Low,70.8,5.5572762,100,1747944000,Very Low,4.8645744,7.041264,Very Low,7.4411974,59.9,7.3285713,100,1747944000,5.3714285
2025-05-22T20:08:49Z,0,29.877,74.3,58,68.1,7,4,171,74,0.0,255,32767,0.0,2127-15-31,0.0,0.52,26.6,0.0,0.0,0.0,0,4.822265625,6,45,05:39,20:21,2025-05-22 20:08:49.141789,Città della Scienza,68.4,6.8494453,8.267161,6.0807185,4.571658,EU EEA Common AQI,71.0,5.714573,6.852979,7200,4.8428574,100,100,63.0,4.2971425,Very Low,70.8,5.5572762,100,1747944000,Very Low,4.8645744,7.041264,Very Low,7.4411974,59.9,7.3285713,100,1747944000,5.3714285
2025-05-22T20:09:00Z,0,29.877,74.3,58,68.1,5,4,194,74,0.0,255,32767,0.0,2127-15-31,0.0,0.52,26.6,0.0,0.0,0.0,0,4.822265625,6,45,05:39,20:21,2025-05-22 20:09:00.212842,Città della Scienza,68.4,6.8494453,8.267161,6.0807185,4.571658,EU EEA Common AQI,71.0,5.714573,6.852979,7200,4.8428574,100,100,63.0,4.2971425,Very Low,70.8,5.5572762,100,1747944000,Very Low,4.8645744,7.041264,Very Low,7.4411974,59.9,7.3285713,100,1747944000,5.3714285
2025-05-22T20:09:11Z,0,29.877,74.3,58,68.1,7,4,171,74,0.0,255,32767,0.0,2127-15-31,0.0,0.52,26.6,0.0,0.0,0.0,0,4.822265625,6,45,05:39,20:21,2025-05-22 20:09:11.257808,Città della Scienza,68.4,6.8494453,8.267161,6.0807185,4.571658,EU EEA Common AQI,71.0,5.714573,6.852979,7200,4.8428574,100,100,63.0,4.2971425,Very Low,70.8,5.5572762,100,1747944000,Very Low,4.8645744,7.041264,Very Low,7.4411974,59.9,7.3285713,100,1747944000,5.3714285
2025-05-22T20:09:22Z,0,29.877,74.3,58,68.1,6,4,187,74,0.0,255,32767,0.0,2127-15-31,0.0,0.52,26.6,0.0,0.0,0.0,0,4.822265625,6,45,05:39,20:21,2025-05-22 20:09:22.346785,Città della Scienza,68.4,6.8494453,8.267161,6.0807185,4.571658,EU EEA Common AQI,71.0,5.714573,6.852979,7200,4.8428574,100,100,63.0,4.2971425,Very Low,70.8,5.5572762,100,1747944000,Very Low,4.8645744,7.041264,Very Low,7.4411974,59.9,7.3285713,100,1747944000,5.3714285
2025-05-22T20:09:33Z,0,29.877,74.3,58,68.1,2,4,264,74,0.0,255,32767,0.0,2127-15-31,0.0,0.52,26.6,0.0,0.0,0.0,0,4.822265625,6,45,05:39,20:21,2025-05-22 20:09:33.421785,Città della Scienza,68.4,6.8494453,8.267161,6.0807185,4.571658,EU EEA Common AQI,71.0,5.714573,6.852979,7200,4.8428574,100,100,63.0,4.2971425,Very Low,70.8,5.5572762,100,1747944000,Very Low,4.8645744,7.041264,Very Low,7.4411974,59.9,7.3285713,100,1747944000,5.3714285
2025-05-22T20:09:44Z,0,29.876,74.3,58,68.1,5,4,189,74,0.0,255,32767,0.0,2127-15-31,0.0,0.52,26.6,0.0,0.0,0.0,0,4.822265625,6,45,05:39,20:21,2025-05-22 20:09:44.475801,Città della Scienza,68.4,6.8494453,8.267161,6.0807185,4.571658,EU EEA Common AQI,71.0,5.714573,6.852979,7200,4.8428574,100,100,63.0,4.2971425,Very Low,70.8,5.5572762,100,1747944000,Very Low,4.8645744,7.041264,Very Low,7.4411974,59.9,7.3285713,100,1747944000,5.3714285
2025-05-22T20:09:55Z,0,29.876,74.3,58,68.1,5,4,172,74,0.0,255,32767,0.0,2127-15-31,0.0,0.52,26.6,0.0,0.0,0.0,0,4.822265625,6,45,05:39,20:21,2025-05-22 20:09:55.553787,Città della Scienza,68.4,6.8494453,8.267161,6.0807185,4.571658,EU EEA Common AQI,71.0,5.714573,6.852979,7200,4.8428574,100,100,63.0,4.2971425,Very Low,70.8,5.5572762,100,1747944000,Very Low,4.8645744,7.041264,Very Low,7.4411974,59.9,7.3285713,100,1747944000,5.3714285
2025-05-22T20:10:06Z,0,29.876,74.3,58,68.1,3,4,208,74,0.0,255,32767,0.0,2127-15-31,0.0,0.52,26.6,0.0,0.0,0.0,0,4.822265625,6,45,05:39,20:21,2025-05-22 20:10:06.653794,Città della Scienza,68.4,6.8494453,8.267161,6.0807185,4.571658,EU EEA Common AQI,71.0,5.714573,6.852979,7200,4.8428574,100,100,63.0,4.2971425,Very Low,70.8,5.5572762,100,1747944000,Very Low,4.8645744,7.041264,Very Low,7.4411974,59.9,7.3285713,100,1747944000,5.3714285
2025-05-22T20:10:17Z,0,29.876,74.3,58,68.1,3,4,184,74,0.0,255,32767,0.0,2127-15-31,0.0,0.52,26.6,0.0,0.0,0.0,0,4.822265625,6,45,05:39,20:21,2025-05-22 20:10:17.735786,Città della Scienza,68.4,6.8494453,8.267161,6.0807185,4.571658,EU EEA Common AQI,71.0,5.714573,6.852979,7200,4.8428574,100,100,63.0,4.2971425,Very Low,70.8,5.5572762,100,1747944000,Very Low,4.8645744,7.041264,Very Low,7.4411974,59.9,7.3285713,100,1747944000,5.3714285
2025-05-22T20:10:29Z,0,29.876,74.3,58,68.1,6,4,182,74,0.0,255,32767,0.0,2127-15-31,0.0,0.52,26.6,0.0,0.0,0.0,0,4.822265625,6,45,05:39,20:21,2025-05-22 20:10:28.870786,Città della Scienza,68.4,6.8494453,8.267161,6.0807185,4.571658,EU EEA Common AQI,71.0,5.714573,6.852979,7200,4.8428574,100,100,63.0,4.2971425,Very Low,70.8,5.5572762,100,1747944000,Very Low,4.8645744,7.041264,Very Low,7.4411974,59.9,7.3285713,100,1747944000,5.3714285
2025-05-22T20:10:40Z,0,29.875,74.2,58,68.1,5,4,162,74,0.0,255,32767,0.0,2127-15-31,0.0,0.52,26.6,0.0,0.0,0.0,0,4.822265625,6,45,05:39,20:21,2025-05-22 20:10:39.949785,Città della Scienza,68.4,6.8494453,8.267161,6.0807185,4.571658,EU EEA Common AQI,71.0,5.714573,6.852979,7200,4.8428574,100,100,63.0,4.2971425,Very Low,70.8,5.5572762,100,1747944000,Very Low,4.8645744,7.041264,Very Low,7.4411974,59.9,7.3285713,100,1747944000,5.3714285
2025-05-22T20:10:51Z,0,29.875,74.2,58,68.1,4,4,184,74,0.0,255,32767,0.0,2127-15-31,0.0,0.52,26.6,0.0,0.0,0.0,0,4.822265625,6,45,05:39,20:21,2025-05-22 20:10:51.050790,Città della Scienza,68.4,6.8494453,8.267161,6.0807185,4.571658,EU EEA Common AQI,71.0,5.714573,6.852979,7200,4.8428574,100,100,63.0,4.2971425,Very Low,70.8,5.5572762,100,1747944000,Very Low,4.8645744,7.041264,Very Low,7.4411974,59.9,7.3285713,100,1747944000,5.3714285
2025-05-22T20:11:02Z,0,29.875,74.2,58,68.1,2,4,174,74,0.0,255,32767,0.0,2127-15-31,0.0,0.52,26.6,0.0,0.0,0.0,0,4.822265625,6,45,05:39,20:21,2025-05-22 20:11:02.135788,Città della Scienza,68.4,6.8494453,8.267161,6.0807185,4.571658,EU EEA Common AQI,71.0,5.714573,6.852979,7200,4.8428574,100,100,63.0,4.2971425,Very Low,70.8,5.5572762,100,1747944000,Very Low,4.8645744,7.041264,Very Low,7.4411974,59.9,7.3285713,100,1747944000,5.3714285
2025-05-22T20:11:13Z,0,29.875,74.2,58,68.1,1,4,184,74,0.0,255,32767,0.0,2127-15-31,0.0,0.52,26.6,0.0,0.0,0.0,0,4.822265625,6,45,05:39,20:21,2025-05-22 20:11:13.210779,Città della Scienza,68.4,6.8494453,8.267161,6.0807185,4.571658,EU EEA Common AQI,71.0,5.714573,6.852979,7200,4.8428574,100,100,63.0,4.2971425,Very Low,70.8,5.5572762,100,1747944000,Very Low,4.8645744,7.041264,Very Low,7.4411974,59.9,7.3285713,100,1747944000,5.3714285
2025-05-22T20:11:24Z,0,29.875,74.2,58,68.1,3,4,166,74,0.0,255,32767,0.0,2127-15-31,0.0,0.52,26.6,0.0,0.0,0.0,0,4.822265625,6,45,05:39,20:21,2025-05-22 20:11:24.314795,Città della Scienza,68.4,6.8494453,8.267161,6.0807185,4.571658,EU EEA Common AQI,71.0,5.714573,6.852979,7200,4.8428574,100,100,63.0,4.2971425,Very Low,70.8,5.5572762,100,1747944000,Very Low,4.8645744,7.041264,Very Low,7.4411974,59.9,7.3285713,100,1747944000,5.3714285
2025-05-22T20:11:35Z,0,29.875,74.3,58,68.1,2,4,192,74,0.0,255,32767,0.0,2127-15-31,0.0,0.52,26.6,0.0,0.0,0.0,0,4.822265625,6,45,05:39,20:21,2025-05-22 20:11:35.420784,Città della Scienza,68.4,6.8494453,8.267161,6.0807185,4.571658,EU EEA Common AQI,71.0,5.714573,6.852979,7200,4.8428574,100,100,63.0,4.2971425,Very Low,70.8,5.5572762,100,1747944000,Very Low,4.8645744,7.041264,Very Low,7.4411974,59.9,7.3285713,100,1747944000,5.3714285
2025-05-22T20:11:46Z,0,29.875,74.3,58,68.1,4,4,200,74,0.0,255,32767,0.0,2127-15-31,0.0,0.52,26.6,0.0,0.0,0.0,0,4.822265625,6,45,05:39,20:21,2025-05-22 20:11:46.499789,Città della Scienza,68.4,6.8494453,8.267161,6.0807185,4.571658,EU EEA Common AQI,71.0,5.714573,6.852979,7200,4.8428574,100,100,63.0,4.2971425,Very Low,70.8,5.5572762,100,1747944000,Very Low,4.8645744,7.041264,Very Low,7.4411974,59.9,7.3285713,100,1747944000,5.3714285
2025-05-22T20:11:57Z,0,29.875,74.3,58,68.1,3,4,211,74,0.0,255,32767,0.0,2127-15-31,0.0,0.52,26.6,0.0,0.0,0.0,0,4.822265625,6,45,05:39,20:21,2025-05-22 20:11:57.540796,Città della Scienza,68.4,6.8494453,8.267161,6.0807185,4.571658,EU EEA Common AQI,71.0,5.714573,6.852979,7200,4.8428574,100,100,63.0,4.2971425,Very Low,70.8,5.5572762,100,1747944000,Very Low,4.8645744,7.041264,Very Low,7.4411974,59.9,7.3285713,100,1747944000,5.3714285
2025-05-22T20:12:08Z,0,29.875,74.3,58,68.1,4,4,169,74,0.0,255,32767,0.0,2127-15-31,0.0,0.52,26.6,0.0,0.0,0.0,0,4.822265625,6,45,05:39,20:21,2025-05-22 20:12:08.634801,Città della Scienza,68.4,6.8494453,8.267161,6.0807185,4.571658,EU EEA Common AQI,71.0,5.714573,6.852979,7200,4.8428574,100,100,63.0,4.2971425,Very Low,70.8,5.5572762,100,1747944000,Very Low,4.8645744,7.041264,Very Low,7.4411974,59.9,7.3285713,100,1747944000,5.3714285
2025-05-22T20:12:19Z,0,29.875,74.3,58,68.1,5,4,182,74,0.0,255,32767,0.0,2127-15-31,0.0,0.52,26.6,0.0,0.0,0.0,0,4.822265625,6,45,05:39,20:21,2025-05-22 20:12:19.715787,Città della Scienza,68.4,6.8494453,8.267161,6.0807185,4.571658,EU EEA Common AQI,71.0,5.714573,6.852979,7200,4.8428574,100,100,63.0,4.2971425,Very Low,70.8,5.5572762,100,1747944000,Very Low,4.8645744,7.041264,Very Low,7.4411974,59.9,7.3285713,100,1747944000,5.3714285
2025-05-22T20:12:30Z,0,29.875,74.3,58,68.1,4,4,167,74,0.0,255,32767,0.0,2127-15-31,0.0,0.52,26.6,0.0,0.0,0.0,0,4.822265625,6,45,05:39,20:21,2025-05-22 20:12:30.771801,Città della Scienza,68.4,6.8494453,8.267161,6.0807185,4.571658,EU EEA Common AQI,71.0,5.714573,6.852979,7200,4.8428574,100,100,63.0,4.2971425,Very Low,70.8,5.5572762,100,1747944000,Very Low,4.8645744,7.041264,Very Low,7.4411974,59.9,7.3285713,100,1747944000,5.3714285
2025-05-22T20:12:42Z,0,29.875,74.3,58,68.1,5,4,170,74,0.0,255,32767,0.0,2127-15-31,0.0,0.52,26.6,0.0,0.0,0.0,0,4.822265625,6,45,05:39,20:21,2025-05-22 20:12:41.879791,Città della Scienza,68.4,6.8494453,8.267161,6.0807185,4.571658,EU EEA Common AQI,71.0,5.714573,6.852979,7200,4.8428574,100,100,63.0,4.2971425,Very Low,70.8,5.5572762,100,1747944000,Very Low,4.8645744,7.041264,Very Low,7.4411974,59.9,7.3285713,100,1747944000,5.3714285
2025-05-22T20:12:53Z,0,29.875,74.3,58,68.1,3,4,172,74,0.0,255,32767,0.0,2127-15-31,0.0,0.52,26.6,0.0,0.0,0.0,0,4.822265625,6,45,05:39,20:21,2025-05-22 20:12:52.948801,Città della Scienza,68.4,6.8494453,8.267161,6.0807185,4.571658,EU EEA Common AQI,71.0,5.714573,6.852979,7200,4.8428574,100,100,63.0,4.2971425,Very Low,70.8,5.5572762,100,1747944000,Very Low,4.8645744,7.041264,Very Low,7.4411974,59.9,7.3285713,100,1747944000,5.3714285
2025-05-22T20:13:04Z,0,29.875,74.3,58,68.0,6,4,175,74,0.0,255,32767,0.0,2127-15-31,0.0,0.52,26.6,0.0,0.0,0.0,0,4.822265625,6,45,05:39,20:21,2025-05-22 20:13:04.037783,Città della Scienza,68.4,6.8494453,8.267161,6.0807185,4.571658,EU EEA Common AQI,71.0,5.714573,6.852979,7200,4.8428574,100,100,63.0,4.2971425,Very Low,70.8,5.5572762,100,1747944000,Very Low,4.8645744,7.041264,Very Low,7.4411974,59.9,7.3285713,100,1747944000,5.3714285
2025-05-22T20:13:15Z,0,29.875,74.3,58,68.0,7,4,163,74,0.0,255,32767,0.0,2127-15-31,0.0,0.52,26.6,0.0,0.0,0.0,0,4.822265625,6,45,05:39,20:21,2025-05-22 20:13:15.099789,Città della Scienza,68.4,6.8494453,8.267161,6.0807185,4.571658,EU EEA Common AQI,71.0,5.714573,6.852979,7200,4.8428574,100,100,63.0,4.2971425,Very Low,70.8,5.5572762,100,1747944000,Very Low,4.8645744,7.041264,Very Low,7.4411974,59.9,7.3285713,100,1747944000,5.3714285
2025-05-22T20:13:26Z,0,29.875,74.3,58,68.1,6,4,163,74,0.0,255,32767,0.0,2127-15-31,0.0,0.52,26.6,0.0,0.0,0.0,0,4.822265625,6,45,05:39,20:21,2025-05-22 20:13:26.172790,Città della Scienza,68.4,6.8494453,8.267161,6.0807185,4.571658,EU EEA Common AQI,71.0,5.714573,6.852979,7200,4.8428574,100,100,63.0,4.2971425,Very Low,70.8,5.5572762,100,1747944000,Very Low,4.8645744,7.041264,Very Low,7.4411974,59.9,7.3285713,100,1747944000,5.3714285
2025-05-22T20:13:37Z,0,29.877,74.2,58,68.0,6,4,165,74,0.0,255,32767,0.0,2127-15-31,0.0,0.52,26.6,0.0,0.0,0.0,0,4.822265625,6,45,05:39,20:21,2025-05-22 20:13:37.271784,Città della Scienza,68.4,6.8494453,8.267161,6.0807185,4.571658,EU EEA Common AQI,71.0,5.714573,6.852979,7200,4.8428574,100,100,63.0,4.2971425,Very Low,70.8,5.5572762,100,1747944000,Very Low,4.8645744,7.041264,Very Low,7.4411974,59.9,7.3285713,100,1747944000,5.3714285
2025-05-22T20:13:48Z,0,29.877,74.2,58,68.0,5,4,179,74,0.0,255,32767,0.0,2127-15-31,0.0,0.52,26.6,0.0,0.0,0.0,0,4.822265625,6,45,05:39,20:21,2025-05-22 20:13:48.383790,Città della Scienza,68.4,6.8494453,8.267161,6.0807185,4.571658,EU EEA Common AQI,71.0,5.714573,6.852979,7200,4.8428574,100,100,63.0,4.2971425,Very Low,70.8,5.5572762,100,1747944000,Very Low,4.8645744,7.041264,Very Low,7.4411974,59.9,7.3285713,100,1747944000,5.3714285
2025-05-22T20:13:59Z,0,29.877,74.2,58,68.0,6,4,167,74,0.0,255,32767,0.0,2127-15-31,0.0,0.52,26.6,0.0,0.0,0.0,0,4.822265625,6,45,05:39,20:21,2025-05-22 20:13:59.423806,Città della Scienza,68.4,6.8494453,8.267161,6.0807185,4.571658,EU EEA Common AQI,71.0,5.714573,6.852979,7200,4.8428574,100,100,63.0,4.2971425,Very Low,70.8,5.5572762,100,1747944000,Very Low,4.8645744,7.041264,Very Low,7.4411974,59.9,7.3285713,100,1747944000,5.3714285
2025-05-22T20:14:10Z,0,29.877,74.2,58,68.0,6,4,168,74,0.0,255,32767,0.0,2127-15-31,0.0,0.52,26.6,0.0,0.0,0.0,0,4.822265625,6,45,05:39,20:21,2025-05-22 20:14:10.483791,Città della Scienza,68.4,6.8494453,8.267161,6.0807185,4.571658,EU EEA Common AQI,71.0,5.714573,6.852979,7200,4.8428574,100,100,63.0,4.2971425,Very Low,70.8,5.5572762,100,1747944000,Very Low,4.8645744,7.041264,Very Low,7.4411974,59.9,7.3285713,100,1747944000,5.3714285
2025-05-22T20:14:21Z,0,29.877,74.2,58,68.0,5,4,170,74,0.0,255,32767,0.0,2127-15-31,0.0,0.52,26.6,0.0,0.0,0.0,0,4.822265625,6,45,05:39,20:21,2025-05-22 20:14:21.594787,Città della Scienza,68.4,6.8494453,8.267161,6.0807185,4.571658,EU EEA Common AQI,71.0,5.714573,6.852979,7200,4.8428574,100,100,63.0,4.2971425,Very Low,70.8,5.5572762,100,1747944000,Very Low,4.8645744,7.041264,Very Low,7.4411974,59.9,7.3285713,100,1747944000,5.3714285
2025-05-22T20:14:32Z,0,29.877,74.2,58,68.0,5,4,165,74,0.0,255,32767,0.0,2127-15-31,0.0,0.52,26.6,0.0,0.0,0.0,0,4.822265625,6,45,05:39,20:21,2025-05-22 20:14:32.714793,Città della Scienza,68.4,6.8494453,8.267161,6.0807185,4.571658,EU EEA Common AQI,71.0,5.714573,6.852979,7200,4.8428574,100,100,63.0,4.2971425,Very Low,70.8,5.5572762,100,1747944000,Very Low,4.8645744,7.041264,Very Low,7.4411974,59.9,7.3285713,100,1747944000,5.3714285
2025-05-22T20:14:44Z,0,29.878,74.2,58,68.0,4,4,184,74,0.0,255,32767,0.0,2127-15-31,0.0,0.52,26.6,0.0,0.0,0.0,0,4.822265625,6,45,05:39,20:21,2025-05-22 20:14:43.816783,Città della Scienza,68.4,6.8494453,8.267161,6.0807185,4.571658,EU EEA Common AQI,71.0,5.714573,6.852979,7200,4.8428574,100,100,63.0,4.2971425,Very Low,70.8,5.5572762,100,1747944000,Very Low,4.8645744,7.041264,Very Low,7.4411974,59.9,7.3285713,100,1747944000,5.3714285
2025-05-22T20:14:55Z,0,29.878,74.2,58,68.0,2,4,177,74,0.0,255,32767,0.0,2127-15-31,0.0,0.52,26.6,0.0,0.0,0.0,0,4.822265625,6,45,05:39,20:21,2025-05-22 20:14:54.919790,Città della Scienza,68.4,6.8494453,8.267161,6.0807185,4.571658,EU EEA Common AQI,71.0,5.714573,6.852979,7200,4.8428574,100,100,63.0,4.2971425,Very Low,70.8,5.5572762,100,1747944000,Very Low,4.8645744,7.041264,Very Low,7.4411974,59.9,7.3285713,100,1747944000,5.3714285
2025-05-22T20:15:06Z,0,29.878,74.2,58,68.0,5,4,172,74,0.0,255,32767,0.0,2127-15-31,0.0,0.52,26.6,0.0,0.0,0.0,0,4.822265625,6,45,05:39,20:21,2025-05-22 20:15:05.936753,Città della Scienza,68.4,6.8494453,8.267161,6.0807185,4.571658,EU EEA Common AQI,71.0,5.714573,6.852979,7200,4.8428574,100,100,63.0,4.2971425,Very Low,70.8,5.5572762,100,1747944000,Very Low,4.8645744,7.041264,Very Low,7.4411974,59.9,7.3285713,100,1747944000,5.3714285
2025-05-22T20:15:17Z,0,29.878,74.2,58,68.0,4,4,209,74,0.0,255,32767,0.0,2127-15-31,0.0,0.52,26.6,0.0,0.0,0.0,0,4.822265625,6,45,05:39,20:21,2025-05-22 20:15:16.981798,Città della Scienza,68.4,6.8494453,8.267161,6.0807185,4.571658,EU EEA Common AQI,71.0,5.714573,6.852979,7200,4.8428574,100,100,63.0,4.2971425,Very Low,70.8,5.5572762,100,1747944000,Very Low,4.8645744,7.041264,Very Low,7.4411974,59.9,7.3285713,100,1747944000,5.3714285
2025-05-22T20:15:28Z,0,29.878,74.2,58,68.0,4,4,189,74,0.0,255,32767,0.0,2127-15-31,0.0,0.52,26.6,0.0,0.0,0.0,0,4.822265625,6,45,05:39,20:21,2025-05-22 20:15:28.150790,Città della Scienza,67.7,6.935739,8.274046,6.026335,4.5938725,EU EEA Common AQI,70.7,5.742341,6.867793,7200,5.0857143,100,100,62.6,4.342857,Very Low,70.6,5.6593757,100,1747944900,Very Low,4.8210673,7.0144377,Very Low,7.2118745,59.4,5.8285713,100,1747944900,5.428571
2025-05-22T20:15:39Z,0,29.878,74.2,58,68.0,5,4,181,74,0.0,255,32767,0.0,2127-15-31,0.0,0.52,26.6,0.0,0.0,0.0,0,4.822265625,6,45,05:39,20:21,2025-05-22 20:15:39.274744,Città della Scienza,67.7,6.935739,8.274046,6.026335,4.5938725,EU EEA Common AQI,70.7,5.742341,6.867793,7200,5.0857143,100,100,62.6,4.342857,Very Low,70.6,5.6593757,100,1747944900,Very Low,4.8210673,7.0144377,Very Low,7.2118745,59.4,5.8285713,100,1747944900,5.428571
2025-05-22T20:15:50Z,0,29.878,74.2,58,68.0,6,4,192,74,0.0,255,32767,0.0,2127-15-31,0.0,0.52,26.6,0.0,0.0,0.0,0,4.822265625,6,45,05:39,20:21,2025-05-22 20:15:50.326779,Città della Scienza,67.7,6.935739,8.274046,6.026335,4.5938725,EU EEA Common AQI,70.7,5.742341,6.867793,7200,5.0857143,100,100,62.6,4.342857,Very Low,70.6,5.6593757,100,1747944900,Very Low,4.8210673,7.0144377,Very Low,7.2118745,59.4,5.8285713,100,1747944900,5.428571
2025-05-22T20:16:01Z,0,29.878,74.2,58,68.0,4,4,181,74,0.0,255,32767,0.0,2127-15-31,0.0,0.52,26.6,0.0,0.0,0.0,0,4.822265625,6,45,05:39,20:21,2025-05-22 20:16:01.377801,Città della Scienza,67.7,6.935739,8.274046,6.026335,4.5938725,EU EEA Common AQI,70.7,5.742341,6.867793,7200,5.0857143,100,100,62.6,4.342857,Very Low,70.6,5.6593757,100,1747944900,Very Low,4.8210673,7.0144377,Very Low,7.2118745,59.4,5.8285713,100,1747944900,5.428571
2025-05-22T20:16:12Z,0,29.878,74.2,58,68.0,4,4,182,74,0.0,255,32767,0.0,2127-15-31,0.0,0.52,26.6,0.0,0.0,0.0,0,4.822265625,6,45,05:39,20:21,2025-05-22 20:16:12.419787,Città della Scienza,67.7,6.935739,8.274046,6.026335,4.5938725,EU EEA Common AQI,70.7,5.742341,6.867793,7200,5.0857143,100,100,62.6,4.342857,Very Low,70.6,5.6593757,100,1747944900,Very Low,4.8210673,7.0144377,Very Low,7.2118745,59.4,5.8285713,100,1747944900,5.428571
2025-05-22T20:16:23Z,0,29.878,74.2,58,68.0,3,4,213,74,0.0,255,32767,0.0,2127-15-31,0.0,0.52,26.6,0.0,0.0,0.0,0,4.822265625,6,45,05:39,20:21,2025-05-22 20:16:23.490781,Città della Scienza,67.7,6.935739,8.274046,6.026335,4.5938725,EU EEA Common AQI,70.7,5.742341,6.867793,7200,5.0857143,100,100,62.6,4.342857,Very Low,70.6,5.6593757,100,1747944900,Very Low,4.8210673,7.0144377,Very Low,7.2118745,59.4,5.8285713,100,1747944900,5.428571
2025-05-22T20:16:34Z,0,29.878,74.2,58,68.0,5,4,221,74,0.0,255,32767,0.0,2127-15-31,0.0,0.52,26.6,0.0,0.0,0.0,0,4.822265625,6,45,05:39,20:21,2025-05-22 20:16:34.542782,Città della Scienza,67.7,6.935739,8.274046,6.026335,4.5938725,EU EEA Common AQI,70.7,5.742341,6.867793,7200,5.0857143,100,100,62.6,4.342857,Very Low,70.6,5.6593757,100,1747944900,Very Low,4.8210673,7.0144377,Very Low,7.2118745,59.4,5.8285713,100,1747944900,5.428571
2025-05-22T20:16:45Z,0,29.879,74.3,58,68.0,4,4,231,74,0.0,255,32767,0.0,2127-15-31,0.0,0.52,26.6,0.0,0.0,0.0,0,4.822265625,6,45,05:39,20:21,2025-05-22 20:16:45.637796,Città della Scienza,67.7,6.935739,8.274046,6.026335,4.5938725,EU EEA Common AQI,70.7,5.742341,6.867793,7200,5.0857143,100,100,62.6,4.342857,Very Low,70.6,5.6593757,100,1747944900,Very Low,4.8210673,7.0144377,Very Low,7.2118745,59.4,5.8285713,100,1747944900,5.428571
2025-05-22T20:16:56Z,0,29.879,74.3,58,68.0,5,4,192,74,0.0,255,32767,0.0,2127-15-31,0.0,0.52,26.6,0.0,0.0,0.0,0,4.822265625,6,45,05:39,20:21,2025-05-22 20:16:56.725804,Città della Scienza,67.7,6.935739,8.274046,6.026335,4.5938725,EU EEA Common AQI,70.7,5.742341,6.867793,7200,5.0857143,100,100,62.6,4.342857,Very Low,70.6,5.6593757,100,1747944900,Very Low,4.8210673,7.0144377,Very Low,7.2118745,59.4,5.8285713,100,1747944900,5.428571
2025-05-22T20:17:08Z,0,29.879,74.3,58,68.0,3,4,228,74,0.0,255,32767,0.0,2127-15-31,0.0,0.52,26.6,0.0,0.0,0.0,0,4.822265625,6,45,05:39,20:21,2025-05-22 20:17:07.854780,Città della Scienza,67.7,6.935739,8.274046,6.026335,4.5938725,EU EEA Common AQI,70.7,5.742341,6.867793,7200,5.0857143,100,100,62.6,4.342857,Very Low,70.6,5.6593757,100,1747944900,Very Low,4.8210673,7.0144377,Very Low,7.2118745,59.4,5.8285713,100,1747944900,5.428571
2025-05-22T20:17:19Z,0,29.879,74.3,58,68.0,3,4,186,74,0.0,255,32767,0.0,2127-15-31,0.0,0.52,26.6,0.0,0.0,0.0,0,4.822265625,6,45,05:39,20:21,2025-05-22 20:17:18.909787,Città della Scienza,67.7,6.935739,8.274046,6.026335,4.5938725,EU EEA Common AQI,70.7,5.742341,6.867793,7200,5.0857143,100,100,62.6,4.342857,Very Low,70.6,5.6593757,100,1747944900,Very Low,4.8210673,7.0144377,Very Low,7.2118745,59.4,5.8285713,100,1747944900,5.428571
2025-05-22T20:17:30Z,0,29.879,74.3,58,68.0,8,4,196,74,0.0,255,32767,0.0,2127-15-31,0.0,0.52,26.6,0.0,0.0,0.0,0,4.822265625,6,45,05:39,20:21,2025-05-22 20:17:30.020782,Città della Scienza,67.7,6.935739,8.274046,6.026335,4.5938725,EU EEA Common AQI,70.7,5.742341,6.867793,7200,5.0857143,100,100,62.6,4.342857,Very Low,70.6,5.6593757,100,1747944900,Very Low,4.8210673,7.0144377,Very Low,7.2118745,59.4,5.8285713,100,1747944900,5.428571
2025-05-22T20:17:41Z,0,29.878,74.3,58,68.0,4,4,197,74,0.0,255,32767,0.0,2127-15-31,0.0,0.52,26.6,0.0,0.0,0.0,0,4.822265625,6,45,05:39,20:21,2025-05-22 20:17:41.136797,Città della Scienza,67.7,6.935739,8.274046,6.026335,4.5938725,EU EEA Common AQI,70.7,5.742341,6.867793,7200,5.0857143,100,100,62.6,4.342857,Very Low,70.6,5.6593757,100,1747944900,Very Low,4.8210673,7.0144377,Very Low,7.2118745,59.4,5.8285713,100,1747944900,5.428571
2025-05-22T20:17:52Z,0,29.878,74.3,58,68.0,4,4,207,74,0.0,255,32767,0.0,2127-15-31,0.0,0.52,26.6,0.0,0.0,0.0,0,4.822265625,6,45,05:39,20:21,2025-05-22 20:17:52.214788,Città della Scienza,67.7,6.935739,8.274046,6.026335,4.5938725,EU EEA Common AQI,70.7,5.742341,6.867793,7200,5.0857143,100,100,62.6,4.342857,Very Low,70.6,5.6593757,100,1747944900,Very Low,4.8210673,7.0144377,Very Low,7.2118745,59.4,5.8285713,100,1747944900,5.428571
2025-05-22T20:18:03Z,0,29.878,74.3,58,68.0,1,4,178,74,0.0,255,32767,0.0,2127-15-31,0.0,0.52,26.6,0.0,0.0,0.0,0,4.822265625,6,45,05:39,20:21,2025-05-22 20:18:03.347787,Città della Scienza,67.7,6.935739,8.274046,6.026335,4.5938725,EU EEA Common AQI,70.7,5.742341,6.867793,7200,5.0857143,100,100,62.6,4.342857,Very Low,70.6,5.6593757,100,1747944900,Very Low,4.8210673,7.0144377,Very Low,7.2118745,59.4,5.8285713,100,1747944900,5.428571
2025-05-22T20:18:14Z,0,29.878,74.3,58,68.0,5,4,181,74,0.0,255,32767,0.0,2127-15-31,0.0,0.52,26.6,0.0,0.0,0.0,0,4.822265625,6,45,05:39,20:21,2025-05-22 20:18:14.396800,Città della Scienza,67.7,6.935739,8.274046,6.026335,4.5938725,EU EEA Common AQI,70.7,5.742341,6.867793,7200,5.0857143,100,100,62.6,4.342857,Very Low,70.6,5.6593757,100,1747944900,Very Low,4.8210673,7.0144377,Very Low,7.2118745,59.4,5.8285713,100,1747944900,5.428571
2025-05-22T20:18:25Z,0,29.878,74.3,58,68.0,5,4,184,74,0.0,255,32767,0.0,2127-15-31,0.0,0.52,26.6,0.0,0.0,0.0,0,4.822265625,6,45,05:39,20:21,2025-05-22 20:18:25.477783,Città della Scienza,67.7,6.935739,8.274046,6.026335,4.5938725,EU EEA Common AQI,70.7,5.742341,6.867793,7200,5.0857143,100,100,62.6,4.342857,Very Low,70.6,5.6593757,100,1747944900,Very Low,4.8210673,7.0144377,Very Low,7.2118745,59.4,5.8285713,100,1747944900,5.428571
2025-05-22T20:18:36Z,0,29.877,74.3,58,68.0,2,4,177,74,0.0,255,32767,0.0,2127-15-31,0.0,0.52,26.6,0.0,0.0,0.0,0,4.822265625,6,45,05:39,20:21,2025-05-22 20:18:36.608790,Città della Scienza,67.7,6.935739,8.274046,6.026335,4.5938725,EU EEA Common AQI,70.7,5.742341,6.867793,7200,5.0857143,100,100,62.6,4.342857,Very Low,70.6,5.6593757,100,1747944900,Very Low,4.8210673,7.0144377,Very Low,7.2118745,59.4,5.8285713,100,1747944900,5.428571
2025-05-22T20:18:47Z,0,29.877,74.3,58,68.0,4,4,169,74,0.0,255,32767,0.0,2127-15-31,0.0,0.52,26.6,0.0,0.0,0.0,0,4.822265625,6,45,05:39,20:21,2025-05-22 20:18:47.705788,Città della Scienza,67.7,6.935739,8.274046,6.026335,4.5938725,EU EEA Common AQI,70.7,5.742341,6.867793,7200,5.0857143,100,100,62.6,4.342857,Very Low,70.6,5.6593757,100,1747944900,Very Low,4.8210673,7.0144377,Very Low,7.2118745,59.4,5.8285713,100,1747944900,5.428571
2025-05-22T20:18:58Z,0,29.877,74.3,58,68.0,8,4,176,74,0.0,255,32767,0.0,2127-15-31,0.0,0.52,26.6,0.0,0.0,0.0,0,4.822265625,6,45,05:39,20:21,2025-05-22 20:18:58.789790,Città della Scienza,67.7,6.935739,8.274046,6.026335,4.5938725,EU EEA Common AQI,70.7,5.742341,6.867793,7200,5.0857143,100,100,62.6,4.342857,Very Low,70.6,5.6593757,100,1747944900,Very Low,4.8210673,7.0144377,Very Low,7.2118745,59.4,5.8285713,100,1747944900,5.428571
2025-05-22T20:19:10Z,0,29.877,74.3,58,68.0,7,4,190,74,0.0,255,32767,0.0,2127-15-31,0.0,0.52,26.6,0.0,0.0,0.0,0,4.822265625,6,45,05:39,20:21,2025-05-22 20:19:09.844788,Città della Scienza,67.7,6.935739,8.274046,6.026335,4.5938725,EU EEA Common AQI,70.7,5.742341,6.867793,7200,5.0857143,100,100,62.6,4.342857,Very Low,70.6,5.6593757,100,1747944900,Very Low,4.8210673,7.0144377,Very Low,7.2118745,59.4,5.8285713,100,1747944900,5.428571
2025-05-22T20:19:21Z,0,29.877,74.3,58,68.0,5,4,243,74,0.0,255,32767,0.0,2127-15-31,0.0,0.52,26.6,0.0,0.0,0.0,0,4.822265625,6,45,05:39,20:21,2025-05-22 20:19:20.984785,Città della Scienza,67.7,6.935739,8.274046,6.026335,4.5938725,EU EEA Common AQI,70.7,5.742341,6.867793,7200,5.0857143,100,100,62.6,4.342857,Very Low,70.6,5.6593757,100,1747944900,Very Low,4.8210673,7.0144377,Very Low,7.2118745,59.4,5.8285713,100,1747944900,5.428571
2025-05-22T20:19:32Z,0,29.877,74.3,58,68.0,4,4,187,74,0.0,255,32767,0.0,2127-15-31,0.0,0.52,26.6,0.0,0.0,0.0,0,4.822265625,6,45,05:39,20:21,2025-05-22 20:19:32.085751,Città della Scienza,67.7,6.935739,8.274046,6.026335,4.5938725,EU EEA Common AQI,70.7,5.742341,6.867793,7200,5.0857143,100,100,62.6,4.342857,Very Low,70.6,5.6593757,100,1747944900,Very Low,4.8210673,7.0144377,Very Low,7.2118745,59.4,5.8285713,100,1747944900,5.428571
2025-05-22T20:19:43Z,0,29.878,74.3,58,68.0,3,4,189,74,0.0,255,32767,0.0,2127-15-31,0.0,0.52,26.6,0.0,0.0,0.0,0,4.822265625,6,45,05:39,20:21,2025-05-22 20:19:43.134751,Città della Scienza,67.7,6.935739,8.274046,6.026335,4.5938725,EU EEA Common AQI,70.7,5.742341,6.867793,7200,5.0857143,100,100,62.6,4.342857,Very Low,70.6,5.6593757,100,1747944900,Very Low,4.8210673,7.0144377,Very Low,7.2118745,59.4,5.8285713,100,1747944900,5.428571
2025-05-22T20:19:54Z,0,29.878,74.3,58,68.0,5,4,170,74,0.0,255,32767,0.0,2127-15-31,0.0,0.52,26.6,0.0,0.0,0.0,0,4.822265625,6,45,05:39,20:21,2025-05-22 20:19:54.230788,Città della Scienza,67.7,6.935739,8.274046,6.026335,4.5938725,EU EEA Common AQI,70.7,5.742341,6.867793,7200,5.0857143,100,100,62.6,4.342857,Very Low,70.6,5.6593757,100,1747944900,Very Low,4.8210673,7.0144377,Very Low,7.2118745,59.4,5.8285713,100,1747944900,5.428571
2025-05-22T20:20:05Z,0,29.878,74.3,58,68.0,5,4,166,74,0.0,255,32767,0.0,2127-15-31,0.0,0.52,26.6,0.0,0.0,0.0,0,4.822265625,6,45,05:39,20:21,2025-05-22 20:20:05.317786,Città della Scienza,67.7,6.935739,8.274046,6.026335,4.5938725,EU EEA Common AQI,70.7,5.742341,6.867793,7200,5.0857143,100,100,62.6,4.342857,Very Low,70.6,5.6593757,100,1747944900,Very Low,4.8210673,7.0144377,Very Low,7.2118745,59.4,5.8285713,100,1747944900,5.428571
2025-05-22T20:20:16Z,0,29.878,74.3,58,68.1,4,4,188,75,0.0,255,32767,0.0,2127-15-31,0.0,0.52,26.6,0.0,0.0,0.0,0,4.822265625,6,45,05:39,20:21,2025-05-22 20:20:16.391788,Città della Scienza,67.7,6.935739,8.274046,6.026335,4.5938725,EU EEA Common AQI,70.7,5.742341,6.867793,7200,5.0857143,100,100,62.6,4.342857,Very Low,70.6,5.6593757,100,1747944900,Very Low,4.8210673,7.0144377,Very Low,7.2118745,59.4,5.8285713,100,1747944900,5.428571
2025-05-22T20:20:27Z,0,29.878,74.3,58,68.1,6,4,165,75,0.0,255,32767,0.0,2127-15-31,0.0,0.52,26.6,0.0,0.0,0.0,0,4.822265625,6,45,05:39,20:21,2025-05-22 20:20:27.487781,Città della Scienza,67.7,6.935739,8.274046,6.026335,4.5938725,EU EEA Common AQI,70.7,5.742341,6.867793,7200,5.0857143,100,100,62.6,4.342857,Very Low,70.6,5.6593757,100,1747944900,Very Low,4.8210673,7.0144377,Very Low,7.2118745,59.4,5.8285713,100,1747944900,5.428571
2025-05-22T20:20:38Z,0,29.879,74.3,58,68.1,7,4,165,75,0.0,255,32767,0.0,2127-15-31,0.0,0.52,26.6,0.0,0.0,0.0,0,4.822265625,6,45,05:39,20:21,2025-05-22 20:20:38.533798,Città della Scienza,67.7,6.935739,8.274046,6.026335,4.5938725,EU EEA Common AQI,70.7,5.742341,6.867793,7200,5.0857143,100,100,62.6,4.342857,Very Low,70.6,5.6593757,100,1747944900,Very Low,4.8210673,7.0144377,Very Low,7.2118745,59.4,5.8285713,100,1747944900,5.428571
2025-05-22T20:20:49Z,0,29.879,74.3,58,68.0,6,4,161,75,0.0,255,32767,0.0,2127-15-31,0.0,0.52,26.6,0.0,0.0,0.0,0,4.822265625,6,45,05:39,20:21,2025-05-22 20:20:49.597783,Città della Scienza,67.7,6.935739,8.274046,6.026335,4.5938725,EU EEA Common AQI,70.7,5.742341,6.867793,7200,5.0857143,100,100,62.6,4.342857,Very Low,70.6,5.6593757,100,1747944900,Very Low,4.8210673,7.0144377,Very Low,7.2118745,59.4,5.8285713,100,1747944900,5.428571
2025-05-22T20:21:00Z,0,29.879,74.3,58,68.0,7,4,161,75,0.0,255,32767,0.0,2127-15-31,0.0,0.52,26.6,0.0,0.0,0.0,0,4.822265625,6,45,05:39,20:21,2025-05-22 20:21:00.671790,Città della Scienza,67.7,6.935739,8.274046,6.026335,4.5938725,EU EEA Common AQI,70.7,5.742341,6.867793,7200,5.0857143,100,100,62.6,4.342857,Very Low,70.6,5.6593757,100,1747944900,Very Low,4.8210673,7.0144377,Very Low,7.2118745,59.4,5.8285713,100,1747944900,5.428571
2025-05-22T20:21:11Z,0,29.879,74.3,58,68.0,4,4,178,75,0.0,255,32767,0.0,2127-15-31,0.0,0.52,26.6,0.0,0.0,0.0,0,4.822265625,6,45,05:39,20:21,2025-05-22 20:21:11.744786,Città della Scienza,67.7,6.935739,8.274046,6.026335,4.5938725,EU EEA Common AQI,70.7,5.742341,6.867793,7200,5.0857143,100,100,62.6,4.342857,Very Low,70.6,5.6593757,100,1747944900,Very Low,4.8210673,7.0144377,Very Low,7.2118745,59.4,5.8285713,100,1747944900,5.428571
2025-05-22T20:21:22Z,0,29.879,74.3,58,68.0,4,4,191,75,0.0,255,32767,0.0,2127-15-31,0.0,0.52,26.6,0.0,0.0,0.0,0,4.822265625,6,45,05:39,20:21,2025-05-22 20:21:22.769787,Città della Scienza,67.7,6.935739,8.274046,6.026335,4.5938725,EU EEA Common AQI,70.7,5.742341,6.867793,7200,5.0857143,100,100,62.6,4.342857,Very Low,70.6,5.6593757,100,1747944900,Very Low,4.8210673,7.0144377,Very Low,7.2118745,59.4,5.8285713,100,1747944900,5.428571
2025-05-22T20:21:34Z,0,29.879,74.3,58,68.0,2,4,176,75,0.0,255,32767,0.0,2127-15-31,0.0,0.52,26.6,0.0,0.0,0.0,0,4.822265625,6,45,05:39,20:21,2025-05-22 20:21:33.841789,Città della Scienza,67.7,6.935739,8.274046,6.026335,4.5938725,EU EEA Common AQI,70.7,5.742341,6.867793,7200,5.0857143,100,100,62.6,4.342857,Very Low,70.6,5.6593757,100,1747944900,Very Low,4.8210673,7.0144377,Very Low,7.2118745,59.4,5.8285713,100,1747944900,5.428571
2025-05-22T20:21:45Z,0,29.879,74.3,58,68.0,5,5,167,75,0.0,255,32767,0.0,2127-15-31,0.0,0.52,26.6,0.0,0.0,0.0,0,4.822265625,6,45,05:39,20:21,2025-05-22 20:21:44.959789,Città della Scienza,67.7,6.935739,8.274046,6.026335,4.5938725,EU EEA Common AQI,70.7,5.742341,6.867793,7200,5.0857143,100,100,62.6,4.342857,Very Low,70.6,5.6593757,100,1747944900,Very Low,4.8210673,7.0144377,Very Low,7.2118745,59.4,5.8285713,100,1747944900,5.428571
2025-05-22T20:21:56Z,0,29.879,74.3,58,68.0,4,5,179,75,0.0,255,32767,0.0,2127-15-31,0.0,0.52,26.6,0.0,0.0,0.0,0,4.822265625,6,45,05:39,20:21,2025-05-22 20:21:56.060790,Città della Scienza,67.7,6.935739,8.274046,6.026335,4.5938725,EU EEA Common AQI,70.7,5.742341,6.867793,7200,5.0857143,100,100,62.6,4.342857,Very Low,70.6,5.6593757,100,1747944900,Very Low,4.8210673,7.0144377,Very Low,7.2118745,59.4,5.8285713,100,1747944900,5.428571
2025-05-22T20:22:07Z,0,29.879,74.3,58,68.0,2,5,179,75,0.0,255,32767,0.0,2127-15-31,0.0,0.52,26.6,0.0,0.0,0.0,0,4.822265625,6,45,05:39,20:21,2025-05-22 20:22:07.124791,Città della Scienza,67.7,6.935739,8.274046,6.026335,4.5938725,EU EEA Common AQI,70.7,5.742341,6.867793,7200,5.0857143,100,100,62.6,4.342857,Very Low,70.6,5.6593757,100,1747944900,Very Low,4.8210673,7.0144377,Very Low,7.2118745,59.4,5.8285713,100,1747944900,5.428571
2025-05-22T20:22:18Z,0,29.879,74.3,58,68.0,3,5,173,75,0.0,255,32767,0.0,2127-15-31,0.0,0.52,26.6,0.0,0.0,0.0,0,4.822265625,6,45,05:39,20:21,2025-05-22 20:22:18.148790,Città della Scienza,67.7,6.935739,8.274046,6.026335,4.5938725,EU EEA Common AQI,70.7,5.742341,6.867793,7200,5.0857143,100,100,62.6,4.342857,Very Low,70.6,5.6593757,100,1747944900,Very Low,4.8210673,7.0144377,Very Low,7.2118745,59.4,5.8285713,100,1747944900,5.428571
2025-05-22T20:22:29Z,0,29.879,74.3,58,68.0,2,5,175,75,0.0,255,32767,0.0,2127-15-31,0.0,0.52,26.6,0.0,0.0,0.0,0,4.822265625,6,45,05:39,20:21,2025-05-22 20:22:29.224792,Città della Scienza,67.7,6.935739,8.274046,6.026335,4.5938725,EU EEA Common AQI,70.7,5.742341,6.867793,7200,5.0857143,100,100,62.6,4.342857,Very Low,70.6,5.6593757,100,1747944900,Very Low,4.8210673,7.0144377,Very Low,7.2118745,59.4,5.8285713,100,1747944900,5.428571
2025-05-22T20:22:40Z,0,29.878,74.3,58,68.0,4,4,187,75,0.0,255,32767,0.0,2127-15-31,0.0,0.52,26.6,0.0,0.0,0.0,0,4.822265625,6,45,05:39,20:21,2025-05-22 20:22:40.289785,Città della Scienza,67.7,6.935739,8.274046,6.026335,4.5938725,EU EEA Common AQI,70.7,5.742341,6.867793,7200,5.0857143,100,100,62.6,4.342857,Very Low,70.6,5.6593757,100,1747944900,Very Low,4.8210673,7.0144377,Very Low,7.2118745,59.4,5.8285713,100,1747944900,5.428571
2025-05-22T20:22:51Z,0,29.878,74.3,58,68.1,3,4,192,75,0.0,255,32767,0.0,2127-15-31,0.0,0.52,26.6,0.0,0.0,0.0,0,4.822265625,6,45,05:39,20:21,2025-05-22 20:22:51.346785,Città della Scienza,67.7,6.935739,8.274046,6.026335,4.5938725,EU EEA Common AQI,70.7,5.742341,6.867793,7200,5.0857143,100,100,62.6,4.342857,Very Low,70.6,5.6593757,100,1747944900,Very Low,4.8210673,7.0144377,Very Low,7.2118745,59.4,5.8285713,100,1747944900,5.428571
2025-05-22T20:23:02Z,0,29.878,74.3,58,68.1,4,4,177,75,0.0,255,32767,0.0,2127-15-31,0.0,0.52,26.6,0.0,0.0,0.0,0,4.822265625,6,45,05:39,20:21,2025-05-22 20:23:02.399781,Città della Scienza,67.7,6.935739,8.274046,6.026335,4.5938725,EU EEA Common AQI,70.7,5.742341,6.867793,7200,5.0857143,100,100,62.6,4.342857,Very Low,70.6,5.6593757,100,1747944900,Very Low,4.8210673,7.0144377,Very Low,7.2118745,59.4,5.8285713,100,1747944900,5.428571
2025-05-22T20:23:13Z,0,29.878,74.3,58,68.1,3,4,182,75,0.0,255,32767,0.0,2127-15-31,0.0,0.52,26.6,0.0,0.0,0.0,0,4.822265625,6,45,05:39,20:21,2025-05-22 20:23:13.477793,Città della Scienza,67.7,6.935739,8.274046,6.026335,4.5938725,EU EEA Common AQI,70.7,5.742341,6.867793,7200,5.0857143,100,100,62.6,4.342857,Very Low,70.6,5.6593757,100,1747944900,Very Low,4.8210673,7.0144377,Very Low,7.2118745,59.4,5.8285713,100,1747944900,5.428571
2025-05-22T20:23:24Z,0,29.878,74.3,58,68.0,3,4,194,75,0.0,255,32767,0.0,2127-15-31,0.0,0.52,26.6,0.0,0.0,0.0,0,4.822265625,6,45,05:39,20:21,2025-05-22 20:23:24.543788,Città della Scienza,67.7,6.935739,8.274046,6.026335,4.5938725,EU EEA Common AQI,70.7,5.742341,6.867793,7200,5.0857143,100,100,62.6,4.342857,Very Low,70.6,5.6593757,100,1747944900,Very Low,4.8210673,7.0144377,Very Low,7.2118745,59.4,5.8285713,100,1747944900,5.428571
2025-05-22T20:23:35Z,0,29.879,74.2,58,68.0,4,4,191,75,0.0,255,32767,0.0,2127-15-31,0.0,0.52,26.6,0.0,0.0,0.0,0,4.822265625,6,45,05:39,20:21,2025-05-22 20:23:35.592796,Città della Scienza,67.7,6.935739,8.274046,6.026335,4.5938725,EU EEA Common AQI,70.7,5.742341,6.867793,7200,5.0857143,100,100,62.6,4.342857,Very Low,70.6,5.6593757,100,1747944900,Very Low,4.8210673,7.0144377,Very Low,7.2118745,59.4,5.8285713,100,1747944900,5.428571
2025-05-22T20:23:46Z,0,29.879,74.2,58,68.0,2,4,171,75,0.0,255,32767,0.0,2127-15-31,0.0,0.52,26.6,0.0,0.0,0.0,0,4.822265625,6,45,05:39,20:21,2025-05-22 20:23:46.644786,Città della Scienza,67.7,6.935739,8.274046,6.026335,4.5938725,EU EEA Common AQI,70.7,5.742341,6.867793,7200,5.0857143,100,100,62.6,4.342857,Very Low,70.6,5.6593757,100,1747944900,Very Low,4.8210673,7.0144377,Very Low,7.2118745,59.4,5.8285713,100,1747944900,5.428571
2025-05-22T20:23:57Z,0,29.879,74.2,58,68.1,2,4,171,75,0.0,255,32767,0.0,2127-15-31,0.0,0.52,26.6,0.0,0.0,0.0,0,4.822265625,6,45,05:39,20:21,2025-05-22 20:23:57.723791,Città della Scienza,67.7,6.935739,8.274046,6.026335,4.5938725,EU EEA Common AQI,70.7,5.742341,6.867793,7200,5.0857143,100,100,62.6,4.342857,Very Low,70.6,5.6593757,100,1747944900,Very Low,4.8210673,7.0144377,Very Low,7.2118745,59.4,5.8285713,100,1747944900,5.428571
2025-05-22T20:24:09Z,0,29.879,74.2,58,68.1,1,4,183,75,0.0,255,32767,0.0,2127-15-31,0.0,0.52,26.6,0.0,0.0,0.0,0,4.822265625,6,45,05:39,20:21,2025-05-22 20:24:08.834791,Città della Scienza,67.7,6.935739,8.274046,6.026335,4.5938725,EU EEA Common AQI,70.7,5.742341,6.867793,7200,5.0857143,100,100,62.6,4.342857,Very Low,70.6,5.6593757,100,1747944900,Very Low,4.8210673,7.0144377,Very Low,7.2118745,59.4,5.8285713,100,1747944900,5.428571
2025-05-22T20:24:20Z,0,29.879,74.2,58,68.0,2,4,155,75,0.0,255,32767,0.0,2127-15-31,0.0,0.52,26.6,0.0,0.0,0.0,0,4.822265625,6,45,05:39,20:21,2025-05-22 20:24:19.912787,Città della Scienza,67.7,6.935739,8.274046,6.026335,4.5938725,EU EEA Common AQI,70.7,5.742341,6.867793,7200,5.0857143,100,100,62.6,4.342857,Very Low,70.6,5.6593757,100,1747944900,Very Low,4.8210673,7.0144377,Very Low,7.2118745,59.4,5.8285713,100,1747944900,5.428571
2025-05-22T20:24:31Z,0,29.879,74.2,58,68.0,1,4,167,75,0.0,255,32767,0.0,2127-15-31,0.0,0.52,26.6,0.0,0.0,0.0,0,4.822265625,6,45,05:39,20:21,2025-05-22 20:24:30.994788,Città della Scienza,67.7,6.935739,8.274046,6.026335,4.5938725,EU EEA Common AQI,70.7,5.742341,6.867793,7200,5.0857143,100,100,62.6,4.342857,Very Low,70.6,5.6593757,100,1747944900,Very Low,4.8210673,7.0144377,Very Low,7.2118745,59.4,5.8285713,100,1747944900,5.428571
2025-05-22T20:24:42Z,0,29.876,74.2,58,68.0,3,4,182,75,0.0,255,32767,0.0,2127-15-31,0.0,0.52,26.6,0.0,0.0,0.0,0,4.822265625,6,45,05:39,20:21,2025-05-22 20:24:42.062787,Città della Scienza,67.7,6.935739,8.274046,6.026335,4.5938725,EU EEA Common AQI,70.7,5.742341,6.867793,7200,5.0857143,100,100,62.6,4.342857,Very Low,70.6,5.6593757,100,1747944900,Very Low,4.8210673,7.0144377,Very Low,7.2118745,59.4,5.8285713,100,1747944900,5.428571
2025-05-22T20:24:53Z,0,29.876,74.2,58,68.0,1,4,171,75,0.0,255,32767,0.0,2127-15-31,0.0,0.52,26.6,0.0,0.0,0.0,0,4.822265625,6,45,05:39,20:21,2025-05-22 20:24:53.140791,Città della Scienza,67.7,6.935739,8.274046,6.026335,4.5938725,EU EEA Common AQI,70.7,5.742341,6.867793,7200,5.0857143,100,100,62.6,4.342857,Very Low,70.6,5.6593757,100,1747944900,Very Low,4.8210673,7.0144377,Very Low,7.2118745,59.4,5.8285713,100,1747944900,5.428571
2025-05-22T20:25:04Z,0,29.876,74.2,58,68.0,3,4,175,75,0.0,255,32767,0.0,2127-15-31,0.0,0.52,26.6,0.0,0.0,0.0,0,4.822265625,6,45,05:39,20:21,2025-05-22 20:25:04.209784,Città della Scienza,67.7,6.935739,8.274046,6.026335,4.5938725,EU EEA Common AQI,70.7,5.742341,6.867793,7200,5.0857143,100,100,62.6,4.342857,Very Low,70.6,5.6593757,100,1747944900,Very Low,4.8210673,7.0144377,Very Low,7.2118745,59.4,5.8285713,100,1747944900,5.428571
2025-05-22T20:25:15Z,0,29.876,74.2,58,68.1,3,4,180,75,0.0,255,32767,0.0,2127-15-31,0.0,0.52,26.6,0.0,0.0,0.0,0,4.822265625,6,45,05:39,20:21,2025-05-22 20:25:15.299791,Città della Scienza,67.7,6.935739,8.274046,6.026335,4.5938725,EU EEA Common AQI,70.7,5.742341,6.867793,7200,5.0857143,100,100,62.6,4.342857,Very Low,70.6,5.6593757,100,1747944900,Very Low,4.8210673,7.0144377,Very Low,7.2118745,59.4,5.8285713,100,1747944900,5.428571
2025-05-22T20:25:26Z,0,29.876,74.2,58,68.0,4,4,161,75,0.0,255,32767,0.0,2127-15-31,0.0,0.52,26.6,0.0,0.0,0.0,0,4.822265625,6,45,05:39,20:21,2025-05-22 20:25:26.325751,Città della Scienza,67.7,6.935739,8.274046,6.026335,4.5938725,EU EEA Common AQI,70.7,5.742341,6.867793,7200,5.0857143,100,100,62.6,4.342857,Very Low,70.6,5.6593757,100,1747944900,Very Low,4.8210673,7.0144377,Very Low,7.2118745,59.4,5.8285713,100,1747944900,5.428571
2025-05-22T20:25:37Z,0,29.88,74.2,58,68.0,2,4,190,75,0.0,255,32767,0.0,2127-15-31,0.0,0.52,26.6,0.0,0.0,0.0,0,4.822265625,6,45,05:39,20:21,2025-05-22 20:25:37.439788,Città della Scienza,67.7,6.935739,8.274046,6.026335,4.5938725,EU EEA Common AQI,70.7,5.742341,6.867793,7200,5.0857143,100,100,62.6,4.342857,Very Low,70.6,5.6593757,100,1747944900,Very Low,4.8210673,7.0144377,Very Low,7.2118745,59.4,5.8285713,100,1747944900,5.428571
2025-05-22T20:25:48Z,0,29.88,74.2,58,68.0,3,4,190,75,0.0,255,32767,0.0,2127-15-31,0.0,0.52,26.6,0.0,0.0,0.0,0,4.822265625,6,45,05:39,20:21,2025-05-22 20:25:48.498776,Città della Scienza,67.7,6.935739,8.274046,6.026335,4.5938725,EU EEA Common AQI,70.7,5.742341,6.867793,7200,5.0857143,100,100,62.6,4.342857,Very Low,70.6,5.6593757,100,1747944900,Very Low,4.8210673,7.0144377,Very Low,7.2118745,59.4,5.8285713,100,1747944900,5.428571
2025-05-22T20:25:59Z,0,29.88,74.2,58,68.0,2,4,175,75,0.0,255,32767,0.0,2127-15-31,0.0,0.52,26.6,0.0,0.0,0.0,0,4.822265625,6,45,05:39,20:21,2025-05-22 20:25:59.614776,Città della Scienza,67.7,6.935739,8.274046,6.026335,4.5938725,EU EEA Common AQI,70.7,5.742341,6.867793,7200,5.0857143,100,100,62.6,4.342857,Very Low,70.6,5.6593757,100,1747944900,Very Low,4.8210673,7.0144377,Very Low,7.2118745,59.4,5.8285713,100,1747944900,5.428571
2025-05-22T20:26:10Z,0,29.88,74.2,58,68.0,4,4,169,75,0.0,255,32767,0.0,2127-15-31,0.0,0.52,26.6,0.0,0.0,0.0,0,4.822265625,6,45,05:39,20:21,2025-05-22 20:26:10.736815,Città della Scienza,67.7,6.935739,8.274046,6.026335,4.5938725,EU EEA Common AQI,70.7,5.742341,6.867793,7200,5.0857143,100,100,62.6,4.342857,Very Low,70.6,5.6593757,100,1747944900,Very Low,4.8210673,7.0144377,Very Low,7.2118745,59.4,5.8285713,100,1747944900,5.428571
2025-05-22T20:26:22Z,0,29.88,74.2,58,68.1,2,4,169,75,0.0,255,32767,0.0,2127-15-31,0.0,0.52,26.6,0.0,0.0,0.0,0,4.822265625,6,45,05:39,20:21,2025-05-22 20:26:21.882802,Città della Scienza,67.7,6.935739,8.274046,6.026335,4.5938725,EU EEA Common AQI,70.7,5.742341,6.867793,7200,5.0857143,100,100,62.6,4.342857,Very Low,70.6,5.6593757,100,1747944900,Very Low,4.8210673,7.0144377,Very Low,7.2118745,59.4,5.8285713,100,1747944900,5.428571
2025-05-22T20:26:33Z,0,29.88,74.2,58,68.1,2,4,171,75,0.0,255,32767,0.0,2127-15-31,0.0,0.52,26.6,0.0,0.0,0.0,0,4.822265625,6,45,05:39,20:21,2025-05-22 20:26:32.984794,Città della Scienza,67.7,6.935739,8.274046,6.026335,4.5938725,EU EEA Common AQI,70.7,5.742341,6.867793,7200,5.0857143,100,100,62.6,4.342857,Very Low,70.6,5.6593757,100,1747944900,Very Low,4.8210673,7.0144377,Very Low,7.2118745,59.4,5.8285713,100,1747944900,5.428571
2025-05-22T20:26:44Z,0,29.88,74.3,58,68.1,4,4,182,75,0.0,255,32767,0.0,2127-15-31,0.0,0.52,26.6,0.0,0.0,0.0,0,4.822265625,6,45,05:39,20:21,2025-05-22 20:26:44.096789,Città della Scienza,67.7,6.935739,8.274046,6.026335,4.5938725,EU EEA Common AQI,70.7,5.742341,6.867793,7200,5.0857143,100,100,62.6,4.342857,Very Low,70.6,5.6593757,100,1747944900,Very Low,4.8210673,7.0144377,Very Low,7.2118745,59.4,5.8285713,100,1747944900,5.428571
2025-05-22T20:26:55Z,0,29.88,74.3,58,68.1,2,4,187,75,0.0,255,32767,0.0,2127-15-31,0.0,0.52,26.6,0.0,0.0,0.0,0,4.822265625,6,45,05:39,20:21,2025-05-22 20:26:55.169792,Città della Scienza,67.7,6.935739,8.274046,6.026335,4.5938725,EU EEA Common AQI,70.7,5.742341,6.867793,7200,5.0857143,100,100,62.6,4.342857,Very Low,70.6,5.6593757,100,1747944900,Very Low,4.8210673,7.0144377,Very Low,7.2118745,59.4,5.8285713,100,1747944900,5.428571
2025-05-22T20:27:06Z,0,29.88,74.3,58,68.1,2,4,187,75,0.0,255,32767,0.0,2127-15-31,0.0,0.52,26.6,0.0,0.0,0.0,0,4.822265625,6,45,05:39,20:21,2025-05-22 20:27:06.256788,Città della Scienza,67.7,6.935739,8.274046,6.026335,4.5938725,EU EEA Common AQI,70.7,5.742341,6.867793,7200,5.0857143,100,100,62.6,4.342857,Very Low,70.6,5.6593757,100,1747944900,Very Low,4.8210673,7.0144377,Very Low,7.2118745,59.4,5.8285713,100,1747944900,5.428571
2025-05-22T20:27:17Z,0,29.88,74.3,58,68.1,2,4,180,76,0.0,255,32767,0.0,2127-15-31,0.0,0.52,26.6,0.0,0.0,0.0,0,4.822265625,6,45,05:39,20:21,2025-05-22 20:27:17.342787,Città della Scienza,67.7,6.935739,8.274046,6.026335,4.5938725,EU EEA Common AQI,70.7,5.742341,6.867793,7200,5.0857143,100,100,62.6,4.342857,Very Low,70.6,5.6593757,100,1747944900,Very Low,4.8210673,7.0144377,Very Low,7.2118745,59.4,5.8285713,100,1747944900,5.428571
2025-05-22T20:27:28Z,0,29.88,74.3,58,68.1,3,4,188,76,0.0,255,32767,0.0,2127-15-31,0.0,0.52,26.6,0.0,0.0,0.0,0,4.822265625,6,45,05:39,20:21,2025-05-22 20:27:28.375784,Città della Scienza,67.7,6.935739,8.274046,6.026335,4.5938725,EU EEA Common AQI,70.7,5.742341,6.867793,7200,5.0857143,100,100,62.6,4.342857,Very Low,70.6,5.6593757,100,1747944900,Very Low,4.8210673,7.0144377,Very Low,7.2118745,59.4,5.8285713,100,1747944900,5.428571
2025-05-22T20:27:39Z,0,29.88,74.3,58,68.1,2,4,180,76,0.0,255,32767,0.0,2127-15-31,0.0,0.52,26.6,0.0,0.0,0.0,0,4.822265625,6,45,05:39,20:21,2025-05-22 20:27:39.454793,Città della Scienza,67.7,6.935739,8.274046,6.026335,4.5938725,EU EEA Common AQI,70.7,5.742341,6.867793,7200,5.0857143,100,100,62.6,4.342857,Very Low,70.6,5.6593757,100,1747944900,Very Low,4.8210673,7.0144377,Very Low,7.2118745,59.4,5.8285713,100,1747944900,5.428571
2025-05-22T20:27:50Z,0,29.88,74.3,58,68.1,2,4,179,76,0.0,255,32767,0.0,2127-15-31,0.0,0.52,26.6,0.0,0.0,0.0,0,4.822265625,6,45,05:39,20:21,2025-05-22 20:27:50.501788,Città della Scienza,67.7,6.935739,8.274046,6.026335,4.5938725,EU EEA Common AQI,70.7,5.742341,6.867793,7200,5.0857143,100,100,62.6,4.342857,Very Low,70.6,5.6593757,100,1747944900,Very Low,4.8210673,7.0144377,Very Low,7.2118745,59.4,5.8285713,100,1747944900,5.428571
2025-05-22T20:28:01Z,0,29.88,74.3,58,68.1,2,4,205,76,0.0,255,32767,0.0,2127-15-31,0.0,0.52,26.6,0.0,0.0,0.0,0,4.822265625,6,45,05:39,20:21,2025-05-22 20:28:01.624810,Città della Scienza,67.7,6.935739,8.274046,6.026335,4.5938725,EU EEA Common AQI,70.7,5.742341,6.867793,7200,5.0857143,100,100,62.6,4.342857,Very Low,70.6,5.6593757,100,1747944900,Very Low,4.8210673,7.0144377,Very Low,7.2118745,59.4,5.8285713,100,1747944900,5.428571
2025-05-22T20:28:12Z,0,29.88,74.3,58,68.0,2,4,210,76,0.0,255,32767,0.0,2127-15-31,0.0,0.52,26.6,0.0,0.0,0.0,0,4.822265625,6,45,05:39,20:21,2025-05-22 20:28:12.707791,Città della Scienza,67.7,6.935739,8.274046,6.026335,4.5938725,EU EEA Common AQI,70.7,5.742341,6.867793,7200,5.0857143,100,100,62.6,4.342857,Very Low,70.6,5.6593757,100,1747944900,Very Low,4.8210673,7.0144377,Very Low,7.2118745,59.4,5.8285713,100,1747944900,5.428571
2025-05-22T20:28:23Z,0,29.88,74.3,58,68.1,1,4,194,76,0.0,255,32767,0.0,2127-15-31,0.0,0.52,26.6,0.0,0.0,0.0,0,4.822265625,6,45,05:39,20:21,2025-05-22 20:28:23.797793,Città della Scienza,67.7,6.935739,8.274046,6.026335,4.5938725,EU EEA Common AQI,70.7,5.742341,6.867793,7200,5.0857143,100,100,62.6,4.342857,Very Low,70.6,5.6593757,100,1747944900,Very Low,4.8210673,7.0144377,Very Low,7.2118745,59.4,5.8285713,100,1747944900,5.428571
2025-05-22T20:28:35Z,0,29.88,74.2,58,68.1,5,3,165,76,0.0,255,32767,0.0,2127-15-31,0.0,0.52,26.6,0.0,0.0,0.0,0,4.822265625,6,45,05:39,20:21,2025-05-22 20:28:34.997787,Città della Scienza,67.7,6.935739,8.274046,6.026335,4.5938725,EU EEA Common AQI,70.7,5.742341,6.867793,7200,5.0857143,100,100,62.6,4.342857,Very Low,70.6,5.6593757,100,1747944900,Very Low,4.8210673,7.0144377,Very Low,7.2118745,59.4,5.8285713,100,1747944900,5.428571
2025-05-22T20:28:46Z,0,29.879,74.2,58,68.1,5,3,169,76,0.0,255,32767,0.0,2127-15-31,0.0,0.52,26.6,0.0,0.0,0.0,0,4.822265625,6,45,05:39,20:21,2025-05-22 20:28:46.117798,Città della Scienza,67.7,6.935739,8.274046,6.026335,4.5938725,EU EEA Common AQI,70.7,5.742341,6.867793,7200,5.0857143,100,100,62.6,4.342857,Very Low,70.6,5.6593757,100,1747944900,Very Low,4.8210673,7.0144377,Very Low,7.2118745,59.4,5.8285713,100,1747944900,5.428571
2025-05-22T20:28:57Z,0,29.879,74.2,58,68.0,3,3,173,76,0.0,255,32767,0.0,2127-15-31,0.0,0.52,26.6,0.0,0.0,0.0,0,4.822265625,6,45,05:39,20:21,2025-05-22 20:28:57.191798,Città della Scienza,67.7,6.935739,8.274046,6.026335,4.5938725,EU EEA Common AQI,70.7,5.742341,6.867793,7200,5.0857143,100,100,62.6,4.342857,Very Low,70.6,5.6593757,100,1747944900,Very Low,4.8210673,7.0144377,Very Low,7.2118745,59.4,5.8285713,100,1747944900,5.428571
2025-05-22T20:29:08Z,0,29.879,74.2,58,68.1,5,3,167,76,0.0,255,32767,0.0,2127-15-31,0.0,0.52,26.6,0.0,0.0,0.0,0,4.822265625,6,45,05:39,20:21,2025-05-22 20:29:08.274788,Città della Scienza,67.7,6.935739,8.274046,6.026335,4.5938725,EU EEA Common AQI,70.7,5.742341,6.867793,7200,5.0857143,100,100,62.6,4.342857,Very Low,70.6,5.6593757,100,1747944900,Very Low,4.8210673,7.0144377,Very Low,7.2118745,59.4,5.8285713,100,1747944900,5.428571
2025-05-22T20:29:19Z,0,29.879,74.2,58,68.1,5,3,165,76,0.0,255,32767,0.0,2127-15-31,0.0,0.52,26.6,0.0,0.0,0.0,0,4.822265625,6,45,05:39,20:21,2025-05-22 20:29:19.323787,Città della Scienza,67.7,6.935739,8.274046,6.026335,4.5938725,EU EEA Common AQI,70.7,5.742341,6.867793,7200,5.0857143,100,100,62.6,4.342857,Very Low,70.6,5.6593757,100,1747944900,Very Low,4.8210673,7.0144377,Very Low,7.2118745,59.4,5.8285713,100,1747944900,5.428571
2025-05-22T20:29:30Z,0,29.879,74.2,58,68.0,6,3,165,76,0.0,255,32767,0.0,2127-15-31,0.0,0.52,26.6,0.0,0.0,0.0,0,4.822265625,6,45,05:39,20:21,2025-05-22 20:29:30.418749,Città della Scienza,67.7,6.935739,8.274046,6.026335,4.5938725,EU EEA Common AQI,70.7,5.742341,6.867793,7200,5.0857143,100,100,62.6,4.342857,Very Low,70.6,5.6593757,100,1747944900,Very Low,4.8210673,7.0144377,Very Low,7.2118745,59.4,5.8285713,100,1747944900,5.428571
2025-05-22T20:29:41Z,0,29.878,74.2,58,68.0,3,3,176,76,0.0,255,32767,0.0,2127-15-31,0.0,0.52,26.6,0.0,0.0,0.0,0,4.822265625,6,45,05:39,20:21,2025-05-22 20:29:41.547749,Città della Scienza,67.7,6.935739,8.274046,6.026335,4.5938725,EU EEA Common AQI,70.7,5.742341,6.867793,7200,5.0857143,100,100,62.6,4.342857,Very Low,70.6,5.6593757,100,1747944900,Very Low,4.8210673,7.0144377,Very Low,7.2118745,59.4,5.8285713,100,1747944900,5.428571
2025-05-22T20:29:52Z,0,29.878,74.2,58,68.0,3,3,178,76,0.0,255,32767,0.0,2127-15-31,0.0,0.52,26.6,0.0,0.0,0.0,0,4.822265625,6,45,05:39,20:21,2025-05-22 20:29:52.616805,Città della Scienza,67.7,6.935739,8.274046,6.026335,4.5938725,EU EEA Common AQI,70.7,5.742341,6.867793,7200,5.0857143,100,100,62.6,4.342857,Very Low,70.6,5.6593757,100,1747944900,Very Low,4.8210673,7.0144377,Very Low,7.2118745,59.4,5.8285713,100,1747944900,5.428571
2025-05-22T20:30:03Z,0,29.878,74.2,58,68.1,3,3,184,76,0.0,255,32767,0.0,2127-15-31,0.0,0.52,26.6,0.0,0.0,0.0,0,4.822265625,6,45,05:39,20:21,2025-05-22 20:30:03.692804,Città della Scienza,67.7,6.935739,8.274046,6.026335,4.5938725,EU EEA Common AQI,70.7,5.742341,6.867793,7200,5.0857143,100,100,62.6,4.342857,Very Low,70.6,5.6593757,100,1747944900,Very Low,4.8210673,7.0144377,Very Low,7.2118745,59.4,5.8285713,100,1747944900,5.428571
2025-05-22T20:30:14Z,0,29.878,74.2,58,68.0,6,3,178,76,0.0,255,32767,0.0,2127-15-31,0.0,0.52,26.6,0.0,0.0,0.0,0,4.822265625,6,45,05:39,20:21,2025-05-22 20:30:14.750790,Città della Scienza,67.7,6.935739,8.274046,6.026335,4.5938725,EU EEA Common AQI,70.7,5.742341,6.867793,7200,5.0857143,100,100,62.6,4.342857,Very Low,70.6,5.6593757,100,1747944900,Very Low,4.8210673,7.0144377,Very Low,7.2118745,59.4,5.8285713,100,1747944900,5.428571
2025-05-22T20:30:26Z,0,29.878,74.2,58,68.0,5,3,186,76,0.0,255,32767,0.0,2127-15-31,0.0,0.52,26.6,0.0,0.0,0.0,0,4.822265625,6,45,05:39,20:21,2025-05-22 20:30:25.868798,Città della Scienza,70.3,7.098172,8.284294,6.0792437,4.650245,EU EEA Common AQI,70.8,5.8128066,6.8791933,7200,5.385714,100,100,63.2,4.8342853,Very Low,70.5,5.8056507,100,1747945800,Very Low,4.8633947,7.087923,Very Low,7.2719655,60.3,9.214286,100,1747945800,6.042857
2025-05-22T20:30:37Z,0,29.877,74.3,58,68.0,6,3,172,75,0.0,255,32767,0.0,2127-15-31,0.0,0.52,26.6,0.0,0.0,0.0,0,4.822265625,6,45,05:39,20:21,2025-05-22 20:30:36.920784,Città della Scienza,70.3,7.098172,8.284294,6.0792437,4.650245,EU EEA Common AQI,70.8,5.8128066,6.8791933,7200,5.385714,100,100,63.2,4.8342853,Very Low,70.5,5.8056507,100,1747945800,Very Low,4.8633947,7.087923,Very Low,7.2719655,60.3,9.214286,100,1747945800,6.042857
2025-05-22T20:30:48Z,0,29.877,74.3,58,67.9,5,3,161,75,0.0,255,32767,0.0,2127-15-31,0.0,0.52,26.6,0.0,0.0,0.0,0,4.822265625,6,45,05:39,20:21,2025-05-22 20:30:48.041794,Città della Scienza,70.3,7.098172,8.284294,6.0792437,4.650245,EU EEA Common AQI,70.8,5.8128066,6.8791933,7200,5.385714,100,100,63.2,4.8342853,Very Low,70.5,5.8056507,100,1747945800,Very Low,4.8633947,7.087923,Very Low,7.2719655,60.3,9.214286,100,1747945800,6.042857
2025-05-22T20:30:59Z,0,29.877,74.3,58,68.0,6,3,163,75,0.0,255,32767,0.0,2127-15-31,0.0,0.52,26.6,0.0,0.0,0.0,0,4.822265625,6,45,05:39,20:21,2025-05-22 20:30:59.136794,Città della Scienza,70.3,7.098172,8.284294,6.0792437,4.650245,EU EEA Common AQI,70.8,5.8128066,6.8791933,7200,5.385714,100,100,63.2,4.8342853,Very Low,70.5,5.8056507,100,1747945800,Very Low,4.8633947,7.087923,Very Low,7.2719655,60.3,9.214286,100,1747945800,6.042857
2025-05-22T20:31:10Z,0,29.877,74.3,58,67.9,6,3,165,75,0.0,255,32767,0.0,2127-15-31,0.0,0.52,26.6,0.0,0.0,0.0,0,4.822265625,6,45,05:39,20:21,2025-05-22 20:31:10.197795,Città della Scienza,70.3,7.098172,8.284294,6.0792437,4.650245,EU EEA Common AQI,70.8,5.8128066,6.8791933,7200,5.385714,100,100,63.2,4.8342853,Very Low,70.5,5.8056507,100,1747945800,Very Low,4.8633947,7.087923,Very Low,7.2719655,60.3,9.214286,100,1747945800,6.042857
2025-05-22T20:31:21Z,0,29.877,74.3,58,67.9,5,3,148,75,0.0,255,32767,0.0,2127-15-31,0.0,0.52,26.6,0.0,0.0,0.0,0,4.822265625,6,45,05:39,20:21,2025-05-22 20:31:21.251783,Città della Scienza,70.3,7.098172,8.284294,6.0792437,4.650245,EU EEA Common AQI,70.8,5.8128066,6.8791933,7200,5.385714,100,100,63.2,4.8342853,Very Low,70.5,5.8056507,100,1747945800,Very Low,4.8633947,7.087923,Very Low,7.2719655,60.3,9.214286,100,1747945800,6.042857
2025-05-22T20:31:32Z,0,29.877,74.3,58,67.9,5,3,178,75,0.0,255,32767,0.0,2127-15-31,0.0,0.52,26.6,0.0,0.0,0.0,0,4.822265625,6,45,05:39,20:21,2025-05-22 20:31:32.305785,Città della Scienza,70.3,7.098172,8.284294,6.0792437,4.650245,EU EEA Common AQI,70.8,5.8128066,6.8791933,7200,5.385714,100,100,63.2,4.8342853,Very Low,70.5,5.8056507,100,1747945800,Very Low,4.8633947,7.087923,Very Low,7.2719655,60.3,9.214286,100,1747945800,6.042857
2025-05-22T20:31:43Z,0,29.878,74.3,58,67.9,5,4,184,75,0.0,255,32767,0.0,2127-15-31,0.0,0.52,26.6,0.0,0.0,0.0,0,4.822265625,6,45,05:39,20:21,2025-05-22 20:31:43.418788,Città della Scienza,70.3,7.098172,8.284294,6.0792437,4.650245,EU EEA Common AQI,70.8,5.8128066,6.8791933,7200,5.385714,100,100,63.2,4.8342853,Very Low,70.5,5.8056507,100,1747945800,Very Low,4.8633947,7.087923,Very Low,7.2719655,60.3,9.214286,100,1747945800,6.042857
2025-05-22T20:31:54Z,0,29.878,74.3,58,67.9,6,4,170,75,0.0,255,32767,0.0,2127-15-31,0.0,0.52,26.6,0.0,0.0,0.0,0,4.822265625,6,45,05:39,20:21,2025-05-22 20:31:54.488790,Città della Scienza,70.3,7.098172,8.284294,6.0792437,4.650245,EU EEA Common AQI,70.8,5.8128066,6.8791933,7200,5.385714,100,100,63.2,4.8342853,Very Low,70.5,5.8056507,100,1747945800,Very Low,4.8633947,7.087923,Very Low,7.2719655,60.3,9.214286,100,1747945800,6.042857
2025-05-22T20:32:05Z,0,29.878,74.3,58,67.9,5,4,163,75,0.0,255,32767,0.0,2127-15-31,0.0,0.52,26.6,0.0,0.0,0.0,0,4.822265625,6,45,05:39,20:21,2025-05-22 20:32:05.613737,Città della Scienza,70.3,7.098172,8.284294,6.0792437,4.650245,EU EEA Common AQI,70.8,5.8128066,6.8791933,7200,5.385714,100,100,63.2,4.8342853,Very Low,70.5,5.8056507,100,1747945800,Very Low,4.8633947,7.087923,Very Low,7.2719655,60.3,9.214286,100,1747945800,6.042857
2025-05-22T20:32:16Z,0,29.878,74.3,58,67.9,5,4,164,75,0.0,255,32767,0.0,2127-15-31,0.0,0.52,26.6,0.0,0.0,0.0,0,4.822265625,6,45,05:39,20:21,2025-05-22 20:32:16.694802,Città della Scienza,70.3,7.098172,8.284294,6.0792437,4.650245,EU EEA Common AQI,70.8,5.8128066,6.8791933,7200,5.385714,100,100,63.2,4.8342853,Very Low,70.5,5.8056507,100,1747945800,Very Low,4.8633947,7.087923,Very Low,7.2719655,60.3,9.214286,100,1747945800,6.042857
2025-05-22T20:32:28Z,0,29.878,74.3,58,67.9,6,4,164,75,0.0,255,32767,0.0,2127-15-31,0.0,0.52,26.6,0.0,0.0,0.0,0,4.822265625,6,45,05:39,20:21,2025-05-22 20:32:27.813750,Città della Scienza,70.3,7.098172,8.284294,6.0792437,4.650245,EU EEA Common AQI,70.8,5.8128066,6.8791933,7200,5.385714,100,100,63.2,4.8342853,Very Low,70.5,5.8056507,100,1747945800,Very Low,4.8633947,7.087923,Very Low,7.2719655,60.3,9.214286,100,1747945800,6.042857
2025-05-22T20:32:39Z,0,29.878,74.3,58,67.9,6,4,171,75,0.0,255,32767,0.0,2127-15-31,0.0,0.52,26.6,0.0,0.0,0.0,0,4.822265625,6,45,05:39,20:21,2025-05-22 20:32:38.888806,Città della Scienza,70.3,7.098172,8.284294,6.0792437,4.650245,EU EEA Common AQI,70.8,5.8128066,6.8791933,7200,5.385714,100,100,63.2,4.8342853,Very Low,70.5,5.8056507,100,1747945800,Very Low,4.8633947,7.087923,Very Low,7.2719655,60.3,9.214286,100,1747945800,6.042857
2025-05-22T20:32:50Z,0,29.878,74.3,58,67.9,4,4,155,75,0.0,255,32767,0.0,2127-15-31,0.0,0.52,26.6,0.0,0.0,0.0,0,4.822265625,6,45,05:39,20:21,2025-05-22 20:32:50.012781,Città della Scienza,70.3,7.098172,8.284294,6.0792437,4.650245,EU EEA Common AQI,70.8,5.8128066,6.8791933,7200,5.385714,100,100,63.2,4.8342853,Very Low,70.5,5.8056507,100,1747945800,Very Low,4.8633947,7.087923,Very Low,7.2719655,60.3,9.214286,100,1747945800,6.042857
2025-05-22T20:33:01Z,0,29.878,74.3,58,67.9,4,4,167,75,0.0,255,32767,0.0,2127-15-31,0.0,0.52,26.6,0.0,0.0,0.0,0,4.822265625,6,45,05:39,20:21,2025-05-22 20:33:01.105820,Città della Scienza,70.3,7.098172,8.284294,6.0792437,4.650245,EU EEA Common AQI,70.8,5.8128066,6.8791933,7200,5.385714,100,100,63.2,4.8342853,Very Low,70.5,5.8056507,100,1747945800,Very Low,4.8633947,7.087923,Very Low,7.2719655,60.3,9.214286,100,1747945800,6.042857
2025-05-22T20:33:12Z,0,29.878,74.3,58,67.9,3,4,178,75,0.0,255,32767,0.0,2127-15-31,0.0,0.52,26.6,0.0,0.0,0.0,0,4.822265625,6,45,05:39,20:21,2025-05-22 20:33:12.177783,Città della Scienza,70.3,7.098172,8.284294,6.0792437,4.650245,EU EEA Common AQI,70.8,5.8128066,6.8791933,7200,5.385714,100,100,63.2,4.8342853,Very Low,70.5,5.8056507,100,1747945800,Very Low,4.8633947,7.087923,Very Low,7.2719655,60.3,9.214286,100,1747945800,6.042857
2025-05-22T20:33:23Z,0,29.878,74.3,58,67.9,4,4,175,75,0.0,255,32767,0.0,2127-15-31,0.0,0.52,26.6,0.0,0.0,0.0,0,4.822265625,6,45,05:39,20:21,2025-05-22 20:33:23.321793,Città della Scienza,70.3,7.098172,8.284294,6.0792437,4.650245,EU EEA Common AQI,70.8,5.8128066,6.8791933,7200,5.385714,100,100,63.2,4.8342853,Very Low,70.5,5.8056507,100,1747945800,Very Low,4.8633947,7.087923,Very Low,7.2719655,60.3,9.214286,100,1747945800,6.042857
2025-05-22T20:33:34Z,0,29.878,74.3,58,67.9,5,4,161,75,0.0,255,32767,0.0,2127-15-31,0.0,0.52,26.6,0.0,0.0,0.0,0,4.822265625,6,45,05:39,20:21,2025-05-22 20:33:34.406790,Città della Scienza,70.3,7.098172,8.284294,6.0792437,4.650245,EU EEA Common AQI,70.8,5.8128066,6.8791933,7200,5.385714,100,100,63.2,4.8342853,Very Low,70.5,5.8056507,100,1747945800,Very Low,4.8633947,7.087923,Very Low,7.2719655,60.3,9.214286,100,1747945800,6.042857
2025-05-22T20:33:45Z,0,29.878,74.3,58,67.9,4,4,178,75,0.0,255,32767,0.0,2127-15-31,0.0,0.52,26.6,0.0,0.0,0.0,0,4.822265625,6,45,05:39,20:21,2025-05-22 20:33:45.452788,Città della Scienza,70.3,7.098172,8.284294,6.0792437,4.650245,EU EEA Common AQI,70.8,5.8128066,6.8791933,7200,5.385714,100,100,63.2,4.8342853,Very Low,70.5,5.8056507,100,1747945800,Very Low,4.8633947,7.087923,Very Low,7.2719655,60.3,9.214286,100,1747945800,6.042857
2025-05-22T20:33:56Z,0,29.878,74.3,58,67.9,6,4,178,75,0.0,255,32767,0.0,2127-15-31,0.0,0.52,26.6,0.0,0.0,0.0,0,4.822265625,6,45,05:39,20:21,2025-05-22 20:33:56.522797,Città della Scienza,70.3,7.098172,8.284294,6.0792437,4.650245,EU EEA Common AQI,70.8,5.8128066,6.8791933,7200,5.385714,100,100,63.2,4.8342853,Very Low,70.5,5.8056507,100,1747945800,Very Low,4.8633947,7.087923,Very Low,7.2719655,60.3,9.214286,100,1747945800,6.042857
2025-05-22T20:34:07Z,0,29.878,74.3,58,67.9,5,4,188,75,0.0,255,32767,0.0,2127-15-31,0.0,0.52,26.6,0.0,0.0,0.0,0,4.822265625,6,45,05:39,20:21,2025-05-22 20:34:07.604778,Città della Scienza,70.3,7.098172,8.284294,6.0792437,4.650245,EU EEA Common AQI,70.8,5.8128066,6.8791933,7200,5.385714,100,100,63.2,4.8342853,Very Low,70.5,5.8056507,100,1747945800,Very Low,4.8633947,7.087923,Very Low,7.2719655,60.3,9.214286,100,1747945800,6.042857
2025-05-22T20:34:18Z,0,29.878,74.3,58,67.9,4,4,181,75,0.0,255,32767,0.0,2127-15-31,0.0,0.52,26.6,0.0,0.0,0.0,0,4.822265625,6,45,05:39,20:21,2025-05-22 20:34:18.636804,Città della Scienza,70.3,7.098172,8.284294,6.0792437,4.650245,EU EEA Common AQI,70.8,5.8128066,6.8791933,7200,5.385714,100,100,63.2,4.8342853,Very Low,70.5,5.8056507,100,1747945800,Very Low,4.8633947,7.087923,Very Low,7.2719655,60.3,9.214286,100,1747945800,6.042857
2025-05-22T20:34:29Z,0,29.878,74.3,58,67.9,2,4,175,75,0.0,255,32767,0.0,2127-15-31,0.0,0.52,26.6,0.0,0.0,0.0,0,4.822265625,6,45,05:39,20:21,2025-05-22 20:34:29.655792,Città della Scienza,70.3,7.098172,8.284294,6.0792437,4.650245,EU EEA Common AQI,70.8,5.8128066,6.8791933,7200,5.385714,100,100,63.2,4.8342853,Very Low,70.5,5.8056507,100,1747945800,Very Low,4.8633947,7.087923,Very Low,7.2719655,60.3,9.214286,100,1747945800,6.042857
2025-05-22T20:34:40Z,0,29.879,74.3,58,67.9,5,4,152,75,0.0,255,32767,0.0,2127-15-31,0.0,0.52,26.6,0.0,0.0,0.0,0,4.822265625,6,45,05:39,20:21,2025-05-22 20:34:40.725761,Città della Scienza,70.3,7.098172,8.284294,6.0792437,4.650245,EU EEA Common AQI,70.8,5.8128066,6.8791933,7200,5.385714,100,100,63.2,4.8342853,Very Low,70.5,5.8056507,100,1747945800,Very Low,4.8633947,7.087923,Very Low,7.2719655,60.3,9.214286,100,1747945800,6.042857
2025-05-22T20:34:52Z,0,29.879,74.3,58,67.9,5,4,160,75,0.0,255,32767,0.0,2127-15-31,0.0,0.52,26.6,0.0,0.0,0.0,0,4.822265625,6,45,05:39,20:21,2025-05-22 20:34:51.813789,Città della Scienza,70.3,7.098172,8.284294,6.0792437,4.650245,EU EEA Common AQI,70.8,5.8128066,6.8791933,7200,5.385714,100,100,63.2,4.8342853,Very Low,70.5,5.8056507,100,1747945800,Very Low,4.8633947,7.087923,Very Low,7.2719655,60.3,9.214286,100,1747945800,6.042857
2025-05-22T20:35:03Z,0,29.879,74.3,58,67.9,5,4,168,75,0.0,255,32767,0.0,2127-15-31,0.0,0.52,26.6,0.0,0.0,0.0,0,4.822265625,6,45,05:39,20:21,2025-05-22 20:35:02.883793,Città della Scienza,70.3,7.098172,8.284294,6.0792437,4.650245,EU EEA Common AQI,70.8,5.8128066,6.8791933,7200,5.385714,100,100,63.2,4.8342853,Very Low,70.5,5.8056507,100,1747945800,Very Low,4.8633947,7.087923,Very Low,7.2719655,60.3,9.214286,100,1747945800,6.042857
2025-05-22T20:35:14Z,0,29.879,74.3,58,67.9,5,4,165,75,0.0,255,32767,0.0,2127-15-31,0.0,0.52,26.6,0.0,0.0,0.0,0,4.822265625,6,45,05:39,20:21,2025-05-22 20:35:13.970799,Città della Scienza,70.3,7.098172,8.284294,6.0792437,4.650245,EU EEA Common AQI,70.8,5.8128066,6.8791933,7200,5.385714,100,100,63.2,4.8342853,Very Low,70.5,5.8056507,100,1747945800,Very Low,4.8633947,7.087923,Very Low,7.2719655,60.3,9.214286,100,1747945800,6.042857
2025-05-22T20:35:25Z,0,29.879,74.3,58,67.9,5,4,157,75,0.0,255,32767,0.0,2127-15-31,0.0,0.52,26.6,0.0,0.0,0.0,0,4.822265625,6,45,05:39,20:21,2025-05-22 20:35:25.018873,Città della Scienza,70.3,7.098172,8.284294,6.0792437,4.650245,EU EEA Common AQI,70.8,5.8128066,6.8791933,7200,5.385714,100,100,63.2,4.8342853,Very Low,70.5,5.8056507,100,1747945800,Very Low,4.8633947,7.087923,Very Low,7.2719655,60.3,9.214286,100,1747945800,6.042857
2025-05-22T20:35:36Z,0,29.876,74.3,58,67.9,5,4,172,75,0.0,255,32767,0.0,2127-15-31,0.0,0.52,26.6,0.0,0.0,0.0,0,4.822265625,6,45,05:39,20:21,2025-05-22 20:35:36.063761,Città della Scienza,70.3,7.098172,8.284294,6.0792437,4.650245,EU EEA Common AQI,70.8,5.8128066,6.8791933,7200,5.385714,100,100,63.2,4.8342853,Very Low,70.5,5.8056507,100,1747945800,Very Low,4.8633947,7.087923,Very Low,7.2719655,60.3,9.214286,100,1747945800,6.042857
2025-05-22T20:35:47Z,0,29.876,74.3,58,67.9,4,4,168,75,0.0,255,32767,0.0,2127-15-31,0.0,0.52,26.6,0.0,0.0,0.0,0,4.822265625,6,45,05:39,20:21,2025-05-22 20:35:47.144790,Città della Scienza,70.3,7.098172,8.284294,6.0792437,4.650245,EU EEA Common AQI,70.8,5.8128066,6.8791933,7200,5.385714,100,100,63.2,4.8342853,Very Low,70.5,5.8056507,100,1747945800,Very Low,4.8633947,7.087923,Very Low,7.2719655,60.3,9.214286,100,1747945800,6.042857
2025-05-22T20:35:58Z,0,29.876,74.3,58,67.9,6,4,157,76,0.0,255,32767,0.0,2127-15-31,0.0,0.52,26.6,0.0,0.0,0.0,0,4.822265625,6,45,05:39,20:21,2025-05-22 20:35:58.264786,Città della Scienza,70.3,7.098172,8.284294,6.0792437,4.650245,EU EEA Common AQI,70.8,5.8128066,6.8791933,7200,5.385714,100,100,63.2,4.8342853,Very Low,70.5,5.8056507,100,1747945800,Very Low,4.8633947,7.087923,Very Low,7.2719655,60.3,9.214286,100,1747945800,6.042857
2025-05-22T20:36:09Z,0,29.876,74.3,58,67.9,6,4,161,76,0.0,255,32767,0.0,2127-15-31,0.0,0.52,26.6,0.0,0.0,0.0,0,4.822265625,6,45,05:39,20:21,2025-05-22 20:36:09.356786,Città della Scienza,70.3,7.098172,8.284294,6.0792437,4.650245,EU EEA Common AQI,70.8,5.8128066,6.8791933,7200,5.385714,100,100,63.2,4.8342853,Very Low,70.5,5.8056507,100,1747945800,Very Low,4.8633947,7.087923,Very Low,7.2719655,60.3,9.214286,100,1747945800,6.042857
2025-05-22T20:36:20Z,0,29.876,74.3,58,67.9,3,4,180,76,0.0,255,32767,0.0,2127-15-31,0.0,0.52,26.6,0.0,0.0,0.0,0,4.822265625,6,45,05:39,20:21,2025-05-22 20:36:20.463788,Città della Scienza,70.3,7.098172,8.284294,6.0792437,4.650245,EU EEA Common AQI,70.8,5.8128066,6.8791933,7200,5.385714,100,100,63.2,4.8342853,Very Low,70.5,5.8056507,100,1747945800,Very Low,4.8633947,7.087923,Very Low,7.2719655,60.3,9.214286,100,1747945800,6.042857
2025-05-22T20:36:31Z,0,29.876,74.3,58,67.9,5,4,170,76,0.0,255,32767,0.0,2127-15-31,0.0,0.52,26.6,0.0,0.0,0.0,0,4.822265625,6,45,05:39,20:21,2025-05-22 20:36:31.513784,Città della Scienza,70.3,7.098172,8.284294,6.0792437,4.650245,EU EEA Common AQI,70.8,5.8128066,6.8791933,7200,5.385714,100,100,63.2,4.8342853,Very Low,70.5,5.8056507,100,1747945800,Very Low,4.8633947,7.087923,Very Low,7.2719655,60.3,9.214286,100,1747945800,6.042857
2025-05-22T20:36:42Z,0,29.877,74.3,58,67.9,4,4,166,76,0.0,255,32767,0.0,2127-15-31,0.0,0.52,26.6,0.0,0.0,0.0,0,4.822265625,6,45,05:39,20:21,2025-05-22 20:36:42.613806,Città della Scienza,70.3,7.098172,8.284294,6.0792437,4.650245,EU EEA Common AQI,70.8,5.8128066,6.8791933,7200,5.385714,100,100,63.2,4.8342853,Very Low,70.5,5.8056507,100,1747945800,Very Low,4.8633947,7.087923,Very Low,7.2719655,60.3,9.214286,100,1747945800,6.042857
2025-05-22T20:36:53Z,0,29.877,74.3,58,67.9,4,4,161,75,0.0,255,32767,0.0,2127-15-31,0.0,0.52,26.6,0.0,0.0,0.0,0,4.822265625,6,45,05:39,20:21,2025-05-22 20:36:53.763804,Città della Scienza,70.3,7.098172,8.284294,6.0792437,4.650245,EU EEA Common AQI,70.8,5.8128066,6.8791933,7200,5.385714,100,100,63.2,4.8342853,Very Low,70.5,5.8056507,100,1747945800,Very Low,4.8633947,7.087923,Very Low,7.2719655,60.3,9.214286,100,1747945800,6.042857
2025-05-22T20:37:05Z,0,29.877,74.3,58,67.9,4,4,188,75,0.0,255,32767,0.0,2127-15-31,0.0,0.52,26.6,0.0,0.0,0.0,0,4.822265625,6,45,05:39,20:21,2025-05-22 20:37:04.858795,Città della Scienza,70.3,7.098172,8.284294,6.0792437,4.650245,EU EEA Common AQI,70.8,5.8128066,6.8791933,7200,5.385714,100,100,63.2,4.8342853,Very Low,70.5,5.8056507,100,1747945800,Very Low,4.8633947,7.087923,Very Low,7.2719655,60.3,9.214286,100,1747945800,6.042857
2025-05-22T20:37:16Z,0,29.877,74.3,58,67.9,2,4,172,75,0.0,255,32767,0.0,2127-15-31,0.0,0.52,26.6,0.0,0.0,0.0,0,4.822265625,6,45,05:39,20:21,2025-05-22 20:37:15.927794,Città della Scienza,70.3,7.098172,8.284294,6.0792437,4.650245,EU EEA Common AQI,70.8,5.8128066,6.8791933,7200,5.385714,100,100,63.2,4.8342853,Very Low,70.5,5.8056507,100,1747945800,Very Low,4.8633947,7.087923,Very Low,7.2719655,60.3,9.214286,100,1747945800,6.042857
2025-05-22T20:37:27Z,0,29.877,74.3,58,67.8,1,4,209,75,0.0,255,32767,0.0,2127-15-31,0.0,0.52,26.6,0.0,0.0,0.0,0,4.822265625,6,45,05:39,20:21,2025-05-22 20:37:27.013818,Città della Scienza,70.3,7.098172,8.284294,6.0792437,4.650245,EU EEA Common AQI,70.8,5.8128066,6.8791933,7200,5.385714,100,100,63.2,4.8342853,Very Low,70.5,5.8056507,100,1747945800,Very Low,4.8633947,7.087923,Very Low,7.2719655,60.3,9.214286,100,1747945800,6.042857
2025-05-22T20:37:38Z,0,29.878,74.3,58,67.8,2,4,165,75,0.0,255,32767,0.0,2127-15-31,0.0,0.52,26.6,0.0,0.0,0.0,0,4.822265625,6,45,05:39,20:21,2025-05-22 20:37:38.080786,Città della Scienza,70.3,7.098172,8.284294,6.0792437,4.650245,EU EEA Common AQI,70.8,5.8128066,6.8791933,7200,5.385714,100,100,63.2,4.8342853,Very Low,70.5,5.8056507,100,1747945800,Very Low,4.8633947,7.087923,Very Low,7.2719655,60.3,9.214286,100,1747945800,6.042857
2025-05-22T20:37:49Z,0,29.878,74.3,58,67.8,3,4,179,75,0.0,255,32767,0.0,2127-15-31,0.0,0.52,26.6,0.0,0.0,0.0,0,4.822265625,6,45,05:39,20:21,2025-05-22 20:37:49.131803,Città della Scienza,70.3,7.098172,8.284294,6.0792437,4.650245,EU EEA Common AQI,70.8,5.8128066,6.8791933,7200,5.385714,100,100,63.2,4.8342853,Very Low,70.5,5.8056507,100,1747945800,Very Low,4.8633947,7.087923,Very Low,7.2719655,60.3,9.214286,100,1747945800,6.042857
2025-05-22T20:38:00Z,0,29.878,74.3,58,67.9,4,4,198,75,0.0,255,32767,0.0,2127-15-31,0.0,0.52,26.6,0.0,0.0,0.0,0,4.822265625,6,45,05:39,20:21,2025-05-22 20:38:00.233847,Città della Scienza,70.3,7.098172,8.284294,6.0792437,4.650245,EU EEA Common AQI,70.8,5.8128066,6.8791933,7200,5.385714,100,100,63.2,4.8342853,Very Low,70.5,5.8056507,100,1747945800,Very Low,4.8633947,7.087923,Very Low,7.2719655,60.3,9.214286,100,1747945800,6.042857
2025-05-22T20:38:11Z,0,29.878,74.3,58,67.9,6,4,212,75,0.0,255,32767,0.0,2127-15-31,0.0,0.52,26.6,0.0,0.0,0.0,0,4.822265625,6,45,05:39,20:21,2025-05-22 20:38:11.361790,Città della Scienza,70.3,7.098172,8.284294,6.0792437,4.650245,EU EEA Common AQI,70.8,5.8128066,6.8791933,7200,5.385714,100,100,63.2,4.8342853,Very Low,70.5,5.8056507,100,1747945800,Very Low,4.8633947,7.087923,Very Low,7.2719655,60.3,9.214286,100,1747945800,6.042857
2025-05-22T20:38:22Z,0,29.878,74.3,58,67.9,3,4,211,75,0.0,255,32767,0.0,2127-15-31,0.0,0.52,26.6,0.0,0.0,0.0,0,4.822265625,6,45,05:39,20:21,2025-05-22 20:38:22.485787,Città della Scienza,70.3,7.098172,8.284294,6.0792437,4.650245,EU EEA Common AQI,70.8,5.8128066,6.8791933,7200,5.385714,100,100,63.2,4.8342853,Very Low,70.5,5.8056507,100,1747945800,Very Low,4.8633947,7.087923,Very Low,7.2719655,60.3,9.214286,100,1747945800,6.042857
2025-05-22T20:38:33Z,0,29.878,74.3,58,67.9,2,4,174,75,0.0,255,32767,0.0,2127-15-31,0.0,0.52,26.6,0.0,0.0,0.0,0,4.822265625,6,45,05:39,20:21,2025-05-22 20:38:33.541809,Città della Scienza,70.3,7.098172,8.284294,6.0792437,4.650245,EU EEA Common AQI,70.8,5.8128066,6.8791933,7200,5.385714,100,100,63.2,4.8342853,Very Low,70.5,5.8056507,100,1747945800,Very Low,4.8633947,7.087923,Very Low,7.2719655,60.3,9.214286,100,1747945800,6.042857
2025-05-22T20:38:44Z,0,29.877,74.3,58,67.9,5,4,179,75,0.0,255,32767,0.0,2127-15-31,0.0,0.52,26.6,0.0,0.0,0.0,0,4.822265625,6,45,05:39,20:21,2025-05-22 20:38:44.627799,Città della Scienza,70.3,7.098172,8.284294,6.0792437,4.650245,EU EEA Common AQI,70.8,5.8128066,6.8791933,7200,5.385714,100,100,63.2,4.8342853,Very Low,70.5,5.8056507,100,1747945800,Very Low,4.8633947,7.087923,Very Low,7.2719655,60.3,9.214286,100,1747945800,6.042857
2025-05-22T20:38:55Z,0,29.877,74.3,58,67.9,7,4,175,75,0.0,255,32767,0.0,2127-15-31,0.0,0.52,26.6,0.0,0.0,0.0,0,4.822265625,6,45,05:39,20:21,2025-05-22 20:38:55.703792,Città della Scienza,70.3,7.098172,8.284294,6.0792437,4.650245,EU EEA Common AQI,70.8,5.8128066,6.8791933,7200,5.385714,100,100,63.2,4.8342853,Very Low,70.5,5.8056507,100,1747945800,Very Low,4.8633947,7.087923,Very Low,7.2719655,60.3,9.214286,100,1747945800,6.042857
2025-05-22T20:39:07Z,0,29.877,74.3,58,67.9,2,4,171,75,0.0,255,32767,0.0,2127-15-31,0.0,0.52,26.6,0.0,0.0,0.0,0,4.822265625,6,45,05:39,20:21,2025-05-22 20:39:06.832770,Città della Scienza,70.3,7.098172,8.284294,6.0792437,4.650245,EU EEA Common AQI,70.8,5.8128066,6.8791933,7200,5.385714,100,100,63.2,4.8342853,Very Low,70.5,5.8056507,100,1747945800,Very Low,4.8633947,7.087923,Very Low,7.2719655,60.3,9.214286,100,1747945800,6.042857
2025-05-22T20:39:18Z,0,29.877,74.3,58,67.9,6,4,171,75,0.0,255,32767,0.0,2127-15-31,0.0,0.52,26.6,0.0,0.0,0.0,0,4.822265625,6,45,05:39,20:21,2025-05-22 20:39:17.931790,Città della Scienza,70.3,7.098172,8.284294,6.0792437,4.650245,EU EEA Common AQI,70.8,5.8128066,6.8791933,7200,5.385714,100,100,63.2,4.8342853,Very Low,70.5,5.8056507,100,1747945800,Very Low,4.8633947,7.087923,Very Low,7.2719655,60.3,9.214286,100,1747945800,6.042857
2025-05-22T20:39:29Z,0,29.877,74.3,58,67.9,4,4,177,76,0.0,255,32767,0.0,2127-15-31,0.0,0.52,26.6,0.0,0.0,0.0,0,4.822265625,6,45,05:39,20:21,2025-05-22 20:39:28.982785,Città della Scienza,70.3,7.098172,8.284294,6.0792437,4.650245,EU EEA Common AQI,70.8,5.8128066,6.8791933,7200,5.385714,100,100,63.2,4.8342853,Very Low,70.5,5.8056507,100,1747945800,Very Low,4.8633947,7.087923,Very Low,7.2719655,60.3,9.214286,100,1747945800,6.042857
2025-05-22T20:39:40Z,0,29.878,74.3,58,67.9,4,4,182,76,0.0,255,32767,0.0,2127-15-31,0.0,0.52,26.6,0.0,0.0,0.0,0,4.822265625,6,45,05:39,20:21,2025-05-22 20:39:40.134792,Città della Scienza,70.3,7.098172,8.284294,6.0792437,4.650245,EU EEA Common AQI,70.8,5.8128066,6.8791933,7200,5.385714,100,100,63.2,4.8342853,Very Low,70.5,5.8056507,100,1747945800,Very Low,4.8633947,7.087923,Very Low,7.2719655,60.3,9.214286,100,1747945800,6.042857
2025-05-22T20:39:51Z,0,29.878,74.3,58,67.9,6,4,189,76,0.0,255,32767,0.0,2127-15-31,0.0,0.52,26.6,0.0,0.0,0.0,0,4.822265625,6,45,05:39,20:21,2025-05-22 20:39:51.189802,Città della Scienza,70.3,7.098172,8.284294,6.0792437,4.650245,EU EEA Common AQI,70.8,5.8128066,6.8791933,7200,5.385714,100,100,63.2,4.8342853,Very Low,70.5,5.8056507,100,1747945800,Very Low,4.8633947,7.087923,Very Low,7.2719655,60.3,9.214286,100,1747945800,6.042857
2025-05-22T20:40:02Z,0,29.878,74.3,58,67.9,3,4,199,76,0.0,255,32767,0.0,2127-15-31,0.0,0.52,26.6,0.0,0.0,0.0,0,4.822265625,6,45,05:39,20:21,2025-05-22 20:40:02.260783,Città della Scienza,70.3,7.098172,8.284294,6.0792437,4.650245,EU EEA Common AQI,70.8,5.8128066,6.8791933,7200,5.385714,100,100,63.2,4.8342853,Very Low,70.5,5.8056507,100,1747945800,Very Low,4.8633947,7.087923,Very Low,7.2719655,60.3,9.214286,100,1747945800,6.042857
2025-05-22T20:40:13Z,0,29.878,74.3,58,67.9,1,4,161,76,0.0,255,32767,0.0,2127-15-31,0.0,0.52,26.6,0.0,0.0,0.0,0,4.822265625,6,45,05:39,20:21,2025-05-22 20:40:13.381787,Città della Scienza,70.3,7.098172,8.284294,6.0792437,4.650245,EU EEA Common AQI,70.8,5.8128066,6.8791933,7200,5.385714,100,100,63.2,4.8342853,Very Low,70.5,5.8056507,100,1747945800,Very Low,4.8633947,7.087923,Very Low,7.2719655,60.3,9.214286,100,1747945800,6.042857
2025-05-22T20:40:24Z,0,29.878,74.3,58,67.9,3,4,147,76,0.0,255,32767,0.0,2127-15-31,0.0,0.52,26.6,0.0,0.0,0.0,0,4.822265625,6,45,05:39,20:21,2025-05-22 20:40:24.512786,Città della Scienza,70.3,7.098172,8.284294,6.0792437,4.650245,EU EEA Common AQI,70.8,5.8128066,6.8791933,7200,5.385714,100,100,63.2,4.8342853,Very Low,70.5,5.8056507,100,1747945800,Very Low,4.8633947,7.087923,Very Low,7.2719655,60.3,9.214286,100,1747945800,6.042857
2025-05-22T20:40:35Z,0,29.877,74.3,58,67.9,4,4,161,76,0.0,255,32767,0.0,2127-15-31,0.0,0.52,26.6,0.0,0.0,0.0,0,4.822265625,6,45,05:39,20:21,2025-05-22 20:40:35.590805,Città della Scienza,70.3,7.098172,8.284294,6.0792437,4.650245,EU EEA Common AQI,70.8,5.8128066,6.8791933,7200,5.385714,100,100,63.2,4.8342853,Very Low,70.5,5.8056507,100,1747945800,Very Low,4.8633947,7.087923,Very Low,7.2719655,60.3,9.214286,100,1747945800,6.042857
2025-05-22T20:40:46Z,0,29.877,74.3,58,67.9,2,4,161,76,0.0,255,32767,0.0,2127-15-31,0.0,0.52,26.6,0.0,0.0,0.0,0,4.822265625,6,45,05:39,20:21,2025-05-22 20:40:46.694796,Città della Scienza,70.3,7.098172,8.284294,6.0792437,4.650245,EU EEA Common AQI,70.8,5.8128066,6.8791933,7200,5.385714,100,100,63.2,4.8342853,Very Low,70.5,5.8056507,100,1747945800,Very Low,4.8633947,7.087923,Very Low,7.2719655,60.3,9.214286,100,1747945800,6.042857
2025-05-22T20:40:58Z,0,29.877,74.3,58,67.9,2,4,161,76,0.0,255,32767,0.0,2127-15-31,0.0,0.52,26.6,0.0,0.0,0.0,0,4.822265625,6,45,05:39,20:21,2025-05-22 20:40:57.813798,Città della Scienza,70.3,7.098172,8.284294,6.0792437,4.650245,EU EEA Common AQI,70.8,5.8128066,6.8791933,7200,5.385714,100,100,63.2,4.8342853,Very Low,70.5,5.8056507,100,1747945800,Very Low,4.8633947,7.087923,Very Low,7.2719655,60.3,9.214286,100,1747945800,6.042857
2025-05-22T20:41:09Z,0,29.877,74.3,58,67.9,4,4,148,76,0.0,255,32767,0.0,2127-15-31,0.0,0.52,26.6,0.0,0.0,0.0,0,4.822265625,6,45,05:39,20:21,2025-05-22 20:41:08.878994,Città della Scienza,70.3,7.098172,8.284294,6.0792437,4.650245,EU EEA Common AQI,70.8,5.8128066,6.8791933,7200,5.385714,100,100,63.2,4.8342853,Very Low,70.5,5.8056507,100,1747945800,Very Low,4.8633947,7.087923,Very Low,7.2719655,60.3,9.214286,100,1747945800,6.042857
2025-05-22T20:41:20Z,0,29.877,74.3,58,67.9,2,4,148,76,0.0,255,32767,0.0,2127-15-31,0.0,0.52,26.6,0.0,0.0,0.0,0,4.822265625,6,45,05:39,20:21,2025-05-22 20:41:19.978789,Città della Scienza,70.3,7.098172,8.284294,6.0792437,4.650245,EU EEA Common AQI,70.8,5.8128066,6.8791933,7200,5.385714,100,100,63.2,4.8342853,Very Low,70.5,5.8056507,100,1747945800,Very Low,4.8633947,7.087923,Very Low,7.2719655,60.3,9.214286,100,1747945800,6.042857
2025-05-22T20:41:31Z,0,29.877,74.3,58,67.9,1,4,148,76,0.0,255,32767,0.0,2127-15-31,0.0,0.52,26.6,0.0,0.0,0.0,0,4.822265625,6,45,05:39,20:21,2025-05-22 20:41:31.093790,Città della Scienza,70.3,7.098172,8.284294,6.0792437,4.650245,EU EEA Common AQI,70.8,5.8128066,6.8791933,7200,5.385714,100,100,63.2,4.8342853,Very Low,70.5,5.8056507,100,1747945800,Very Low,4.8633947,7.087923,Very Low,7.2719655,60.3,9.214286,100,1747945800,6.042857
2025-05-22T20:41:42Z,0,29.877,74.3,58,67.8,1,4,163,76,0.0,255,32767,0.0,2127-15-31,0.0,0.52,26.6,0.0,0.0,0.0,0,4.822265625,6,45,05:39,20:21,2025-05-22 20:41:42.139806,Città della Scienza,70.3,7.098172,8.284294,6.0792437,4.650245,EU EEA Common AQI,70.8,5.8128066,6.8791933,7200,5.385714,100,100,63.2,4.8342853,Very Low,70.5,5.8056507,100,1747945800,Very Low,4.8633947,7.087923,Very Low,7.2719655,60.3,9.214286,100,1747945800,6.042857
2025-05-22T20:41:53Z,0,29.877,74.3,58,67.9,1,4,163,76,0.0,255,32767,0.0,2127-15-31,0.0,0.52,26.6,0.0,0.0,0.0,0,4.822265625,6,45,05:39,20:21,2025-05-22 20:41:53.184781,Città della Scienza,70.3,7.098172,8.284294,6.0792437,4.650245,EU EEA Common AQI,70.8,5.8128066,6.8791933,7200,5.385714,100,100,63.2,4.8342853,Very Low,70.5,5.8056507,100,1747945800,Very Low,4.8633947,7.087923,Very Low,7.2719655,60.3,9.214286,100,1747945800,6.042857
2025-05-22T20:42:04Z,0,29.877,74.3,58,67.9,2,4,142,76,0.0,255,32767,0.0,2127-15-31,0.0,0.52,26.6,0.0,0.0,0.0,0,4.822265625,6,45,05:39,20:21,2025-05-22 20:42:04.313786,Città della Scienza,70.3,7.098172,8.284294,6.0792437,4.650245,EU EEA Common AQI,70.8,5.8128066,6.8791933,7200,5.385714,100,100,63.2,4.8342853,Very Low,70.5,5.8056507,100,1747945800,Very Low,4.8633947,7.087923,Very Low,7.2719655,60.3,9.214286,100,1747945800,6.042857
2025-05-22T20:42:15Z,0,29.877,74.3,58,67.9,2,4,160,76,0.0,255,32767,0.0,2127-15-31,0.0,0.52,26.6,0.0,0.0,0.0,0,4.822265625,6,45,05:39,20:21,2025-05-22 20:42:15.395791,Città della Scienza,70.3,7.098172,8.284294,6.0792437,4.650245,EU EEA Common AQI,70.8,5.8128066,6.8791933,7200,5.385714,100,100,63.2,4.8342853,Very Low,70.5,5.8056507,100,1747945800,Very Low,4.8633947,7.087923,Very Low,7.2719655,60.3,9.214286,100,1747945800,6.042857
2025-05-22T20:42:26Z,0,29.877,74.3,58,67.9,2,4,205,76,0.0,255,32767,0.0,2127-15-31,0.0,0.52,26.6,0.0,0.0,0.0,0,4.822265625,6,45,05:39,20:21,2025-05-22 20:42:26.490798,Città della Scienza,70.3,7.098172,8.284294,6.0792437,4.650245,EU EEA Common AQI,70.8,5.8128066,6.8791933,7200,5.385714,100,100,63.2,4.8342853,Very Low,70.5,5.8056507,100,1747945800,Very Low,4.8633947,7.087923,Very Low,7.2719655,60.3,9.214286,100,1747945800,6.042857
2025-05-22T20:42:37Z,0,29.876,74.3,58,67.8,4,4,161,76,0.0,255,32767,0.0,2127-15-31,0.0,0.52,26.6,0.0,0.0,0.0,0,4.822265625,6,45,05:39,20:21,2025-05-22 20:42:37.566781,Città della Scienza,70.3,7.098172,8.284294,6.0792437,4.650245,EU EEA Common AQI,70.8,5.8128066,6.8791933,7200,5.385714,100,100,63.2,4.8342853,Very Low,70.5,5.8056507,100,1747945800,Very Low,4.8633947,7.087923,Very Low,7.2719655,60.3,9.214286,100,1747945800,6.042857
2025-05-22T20:42:48Z,0,29.876,74.3,58,67.9,3,4,180,76,0.0,255,32767,0.0,2127-15-31,0.0,0.52,26.6,0.0,0.0,0.0,0,4.822265625,6,45,05:39,20:21,2025-05-22 20:42:48.607756,Città della Scienza,70.3,7.098172,8.284294,6.0792437,4.650245,EU EEA Common AQI,70.8,5.8128066,6.8791933,7200,5.385714,100,100,63.2,4.8342853,Very Low,70.5,5.8056507,100,1747945800,Very Low,4.8633947,7.087923,Very Low,7.2719655,60.3,9.214286,100,1747945800,6.042857
2025-05-22T20:42:59Z,0,29.876,74.3,58,67.9,5,4,172,76,0.0,255,32767,0.0,2127-15-31,0.0,0.52,26.6,0.0,0.0,0.0,0,4.822265625,6,45,05:39,20:21,2025-05-22 20:42:59.667788,Città della Scienza,70.3,7.098172,8.284294,6.0792437,4.650245,EU EEA Common AQI,70.8,5.8128066,6.8791933,7200,5.385714,100,100,63.2,4.8342853,Very Low,70.5,5.8056507,100,1747945800,Very Low,4.8633947,7.087923,Very Low,7.2719655,60.3,9.214286,100,1747945800,6.042857
2025-05-22T20:43:10Z,0,29.876,74.3,58,67.9,4,4,169,76,0.0,255,32767,0.0,2127-15-31,0.0,0.52,26.6,0.0,0.0,0.0,0,4.822265625,6,45,05:39,20:21,2025-05-22 20:43:10.761809,Città della Scienza,70.3,7.098172,8.284294,6.0792437,4.650245,EU EEA Common AQI,70.8,5.8128066,6.8791933,7200,5.385714,100,100,63.2,4.8342853,Very Low,70.5,5.8056507,100,1747945800,Very Low,4.8633947,7.087923,Very Low,7.2719655,60.3,9.214286,100,1747945800,6.042857
2025-05-22T20:43:22Z,0,29.876,74.3,58,67.8,4,4,180,76,0.0,255,32767,0.0,2127-15-31,0.0,0.52,26.6,0.0,0.0,0.0,0,4.822265625,6,45,05:39,20:21,2025-05-22 20:43:21.832788,Città della Scienza,70.3,7.098172,8.284294,6.0792437,4.650245,EU EEA Common AQI,70.8,5.8128066,6.8791933,7200,5.385714,100,100,63.2,4.8342853,Very Low,70.5,5.8056507,100,1747945800,Very Low,4.8633947,7.087923,Very Low,7.2719655,60.3,9.214286,100,1747945800,6.042857
2025-05-22T20:43:33Z,0,29.876,74.3,58,67.8,3,4,167,76,0.0,255,32767,0.0,2127-15-31,0.0,0.52,26.6,0.0,0.0,0.0,0,4.822265625,6,45,05:39,20:21,2025-05-22 20:43:32.928789,Città della Scienza,70.3,7.098172,8.284294,6.0792437,4.650245,EU EEA Common AQI,70.8,5.8128066,6.8791933,7200,5.385714,100,100,63.2,4.8342853,Very Low,70.5,5.8056507,100,1747945800,Very Low,4.8633947,7.087923,Very Low,7.2719655,60.3,9.214286,100,1747945800,6.042857
2025-05-22T20:43:44Z,0,29.875,74.3,58,67.8,5,4,161,76,0.0,255,32767,0.0,2127-15-31,0.0,0.52,26.6,0.0,0.0,0.0,0,4.822265625,6,45,05:39,20:21,2025-05-22 20:43:44.063789,Città della Scienza,70.3,7.098172,8.284294,6.0792437,4.650245,EU EEA Common AQI,70.8,5.8128066,6.8791933,7200,5.385714,100,100,63.2,4.8342853,Very Low,70.5,5.8056507,100,1747945800,Very Low,4.8633947,7.087923,Very Low,7.2719655,60.3,9.214286,100,1747945800,6.042857
2025-05-22T20:43:55Z,0,29.875,74.3,58,67.8,4,4,155,76,0.0,255,32767,0.0,2127-15-31,0.0,0.52,26.6,0.0,0.0,0.0,0,4.822265625,6,45,05:39,20:21,2025-05-22 20:43:55.141787,Città della Scienza,70.3,7.098172,8.284294,6.0792437,4.650245,EU EEA Common AQI,70.8,5.8128066,6.8791933,7200,5.385714,100,100,63.2,4.8342853,Very Low,70.5,5.8056507,100,1747945800,Very Low,4.8633947,7.087923,Very Low,7.2719655,60.3,9.214286,100,1747945800,6.042857
2025-05-22T20:44:06Z,0,29.875,74.3,58,67.8,4,4,176,76,0.0,255,32767,0.0,2127-15-31,0.0,0.52,26.6,0.0,0.0,0.0,0,4.822265625,6,45,05:39,20:21,2025-05-22 20:44:06.193743,Città della Scienza,70.3,7.098172,8.284294,6.0792437,4.650245,EU EEA Common AQI,70.8,5.8128066,6.8791933,7200,5.385714,100,100,63.2,4.8342853,Very Low,70.5,5.8056507,100,1747945800,Very Low,4.8633947,7.087923,Very Low,7.2719655,60.3,9.214286,100,1747945800,6.042857
2025-05-22T20:44:17Z,0,29.875,74.3,58,67.8,3,4,182,76,0.0,255,32767,0.0,2127-15-31,0.0,0.52,26.6,0.0,0.0,0.0,0,4.822265625,6,45,05:39,20:21,2025-05-22 20:44:17.245790,Città della Scienza,70.3,7.098172,8.284294,6.0792437,4.650245,EU EEA Common AQI,70.8,5.8128066,6.8791933,7200,5.385714,100,100,63.2,4.8342853,Very Low,70.5,5.8056507,100,1747945800,Very Low,4.8633947,7.087923,Very Low,7.2719655,60.3,9.214286,100,1747945800,6.042857
2025-05-22T20:44:28Z,0,29.875,74.3,58,67.8,5,4,197,76,0.0,255,32767,0.0,2127-15-31,0.0,0.52,26.6,0.0,0.0,0.0,0,4.822265625,6,45,05:39,20:21,2025-05-22 20:44:28.321792,Città della Scienza,70.3,7.098172,8.284294,6.0792437,4.650245,EU EEA Common AQI,70.8,5.8128066,6.8791933,7200,5.385714,100,100,63.2,4.8342853,Very Low,70.5,5.8056507,100,1747945800,Very Low,4.8633947,7.087923,Very Low,7.2719655,60.3,9.214286,100,1747945800,6.042857
2025-05-22T20:44:39Z,0,29.876,74.3,58,67.8,5,4,196,76,0.0,255,32767,0.0,2127-15-31,0.0,0.52,26.6,0.0,0.0,0.0,0,4.822265625,6,45,05:39,20:21,2025-05-22 20:44:39.342783,Città della Scienza,70.3,7.098172,8.284294,6.0792437,4.650245,EU EEA Common AQI,70.8,5.8128066,6.8791933,7200,5.385714,100,100,63.2,4.8342853,Very Low,70.5,5.8056507,100,1747945800,Very Low,4.8633947,7.087923,Very Low,7.2719655,60.3,9.214286,100,1747945800,6.042857
2025-05-22T20:44:50Z,0,29.876,74.3,58,67.8,2,4,187,76,0.0,255,32767,0.0,2127-15-31,0.0,0.52,26.6,0.0,0.0,0.0,0,4.822265625,6,45,05:39,20:21,2025-05-22 20:44:50.429785,Città della Scienza,70.3,7.098172,8.284294,6.0792437,4.650245,EU EEA Common AQI,70.8,5.8128066,6.8791933,7200,5.385714,100,100,63.2,4.8342853,Very Low,70.5,5.8056507,100,1747945800,Very Low,4.8633947,7.087923,Very Low,7.2719655,60.3,9.214286,100,1747945800,6.042857
2025-05-22T20:45:01Z,0,29.876,74.3,58,67.8,4,4,187,76,0.0,255,32767,0.0,2127-15-31,0.0,0.52,26.6,0.0,0.0,0.0,0,4.822265625,6,45,05:39,20:21,2025-05-22 20:45:01.474792,Città della Scienza,70.3,7.098172,8.284294,6.0792437,4.650245,EU EEA Common AQI,70.8,5.8128066,6.8791933,7200,5.385714,100,100,63.2,4.8342853,Very Low,70.5,5.8056507,100,1747945800,Very Low,4.8633947,7.087923,Very Low,7.2719655,60.3,9.214286,100,1747945800,6.042857
2025-05-22T20:45:12Z,0,29.876,74.3,58,67.8,3,4,180,76,0.0,255,32767,0.0,2127-15-31,0.0,0.52,26.6,0.0,0.0,0.0,0,4.822265625,6,45,05:39,20:21,2025-05-22 20:45:12.577763,Città della Scienza,70.3,7.098172,8.284294,6.0792437,4.650245,EU EEA Common AQI,70.8,5.8128066,6.8791933,7200,5.385714,100,100,63.2,4.8342853,Very Low,70.5,5.8056507,100,1747945800,Very Low,4.8633947,7.087923,Very Low,7.2719655,60.3,9.214286,100,1747945800,6.042857
2025-05-22T20:45:23Z,0,29.876,74.3,58,67.9,2,4,180,76,0.0,255,32767,0.0,2127-15-31,0.0,0.52,26.6,0.0,0.0,0.0,0,4.822265625,6,45,05:39,20:21,2025-05-22 20:45:23.676799,Città della Scienza,70.7,7.2165375,8.291245,6.1591673,4.7153993,EU EEA Common AQI,70.5,5.8942494,6.8918223,7200,5.5142856,100,100,63.1,5.0971427,Very Low,70.2,5.917791,100,1747946700,Very Low,4.9273334,7.1429734,Very Low,7.328387,60.2,6.742857,100,1747946700,6.3714285
2025-05-22T20:45:34Z,0,29.876,74.3,58,67.8,4,3,160,76,0.0,255,32767,0.0,2127-15-31,0.0,0.52,26.6,0.0,0.0,0.0,0,4.822265625,6,45,05:39,20:21,2025-05-22 20:45:34.748796,Città della Scienza,70.7,7.2165375,8.291245,6.1591673,4.7153993,EU EEA Common AQI,70.5,5.8942494,6.8918223,7200,5.5142856,100,100,63.1,5.0971427,Very Low,70.2,5.917791,100,1747946700,Very Low,4.9273334,7.1429734,Very Low,7.328387,60.2,6.742857,100,1747946700,6.3714285
2025-05-22T20:45:46Z,0,29.876,74.3,58,67.8,3,3,151,76,0.0,255,32767,0.0,2127-15-31,0.0,0.52,26.6,0.0,0.0,0.0,0,4.822265625,6,45,05:39,20:21,2025-05-22 20:45:45.862766,Città della Scienza,70.7,7.2165375,8.291245,6.1591673,4.7153993,EU EEA Common AQI,70.5,5.8942494,6.8918223,7200,5.5142856,100,100,63.1,5.0971427,Very Low,70.2,5.917791,100,1747946700,Very Low,4.9273334,7.1429734,Very Low,7.328387,60.2,6.742857,100,1747946700,6.3714285
2025-05-22T20:45:57Z,0,29.876,74.3,58,67.8,2,3,153,76,0.0,255,32767,0.0,2127-15-31,0.0,0.52,26.6,0.0,0.0,0.0,0,4.822265625,6,45,05:39,20:21,2025-05-22 20:45:56.913794,Città della Scienza,70.7,7.2165375,8.291245,6.1591673,4.7153993,EU EEA Common AQI,70.5,5.8942494,6.8918223,7200,5.5142856,100,100,63.1,5.0971427,Very Low,70.2,5.917791,100,1747946700,Very Low,4.9273334,7.1429734,Very Low,7.328387,60.2,6.742857,100,1747946700,6.3714285
2025-05-22T20:46:08Z,0,29.876,74.3,58,67.8,2,3,173,76,0.0,255,32767,0.0,2127-15-31,0.0,0.52,26.6,0.0,0.0,0.0,0,4.822265625,6,45,05:39,20:21,2025-05-22 20:46:07.957788,Città della Scienza,70.7,7.2165375,8.291245,6.1591673,4.7153993,EU EEA Common AQI,70.5,5.8942494,6.8918223,7200,5.5142856,100,100,63.1,5.0971427,Very Low,70.2,5.917791,100,1747946700,Very Low,4.9273334,7.1429734,Very Low,7.328387,60.2,6.742857,100,1747946700,6.3714285
2025-05-22T20:46:19Z,0,29.876,74.3,58,67.8,4,3,179,76,0.0,255,32767,0.0,2127-15-31,0.0,0.52,26.6,0.0,0.0,0.0,0,4.822265625,6,45,05:39,20:21,2025-05-22 20:46:19.081788,Città della Scienza,70.7,7.2165375,8.291245,6.1591673,4.7153993,EU EEA Common AQI,70.5,5.8942494,6.8918223,7200,5.5142856,100,100,63.1,5.0971427,Very Low,70.2,5.917791,100,1747946700,Very Low,4.9273334,7.1429734,Very Low,7.328387,60.2,6.742857,100,1747946700,6.3714285
2025-05-22T20:46:30Z,0,29.876,74.3,58,67.8,5,3,177,76,0.0,255,32767,0.0,2127-15-31,0.0,0.52,26.6,0.0,0.0,0.0,0,4.822265625,6,45,05:39,20:21,2025-05-22 20:46:30.184790,Città della Scienza,70.7,7.2165375,8.291245,6.1591673,4.7153993,EU EEA Common AQI,70.5,5.8942494,6.8918223,7200,5.5142856,100,100,63.1,5.0971427,Very Low,70.2,5.917791,100,1747946700,Very Low,4.9273334,7.1429734,Very Low,7.328387,60.2,6.742857,100,1747946700,6.3714285
2025-05-22T20:46:41Z,0,29.878,74.3,58,67.8,3,3,158,76,0.0,255,32767,0.0,2127-15-31,0.0,0.52,26.6,0.0,0.0,0.0,0,4.822265625,6,45,05:39,20:21,2025-05-22 20:46:41.258786,Città della Scienza,70.7,7.2165375,8.291245,6.1591673,4.7153993,EU EEA Common AQI,70.5,5.8942494,6.8918223,7200,5.5142856,100,100,63.1,5.0971427,Very Low,70.2,5.917791,100,1747946700,Very Low,4.9273334,7.1429734,Very Low,7.328387,60.2,6.742857,100,1747946700,6.3714285
2025-05-22T20:46:52Z,0,29.878,74.3,58,67.8,3,3,180,76,0.0,255,32767,0.0,2127-15-31,0.0,0.52,26.6,0.0,0.0,0.0,0,4.822265625,6,45,05:39,20:21,2025-05-22 20:46:52.345790,Città della Scienza,70.7,7.2165375,8.291245,6.1591673,4.7153993,EU EEA Common AQI,70.5,5.8942494,6.8918223,7200,5.5142856,100,100,63.1,5.0971427,Very Low,70.2,5.917791,100,1747946700,Very Low,4.9273334,7.1429734,Very Low,7.328387,60.2,6.742857,100,1747946700,6.3714285
2025-05-22T20:47:03Z,0,29.878,74.3,58,67.8,4,3,188,76,0.0,255,32767,0.0,2127-15-31,0.0,0.52,26.6,0.0,0.0,0.0,0,4.822265625,6,45,05:39,20:21,2025-05-22 20:47:03.417789,Città della Scienza,70.7,7.2165375,8.291245,6.1591673,4.7153993,EU EEA Common AQI,70.5,5.8942494,6.8918223,7200,5.5142856,100,100,63.1,5.0971427,Very Low,70.2,5.917791,100,1747946700,Very Low,4.9273334,7.1429734,Very Low,7.328387,60.2,6.742857,100,1747946700,6.3714285
2025-05-22T20:47:14Z,0,29.878,74.3,58,67.8,4,3,178,76,0.0,255,32767,0.0,2127-15-31,0.0,0.52,26.6,0.0,0.0,0.0,0,4.822265625,6,45,05:39,20:21,2025-05-22 20:47:14.497787,Città della Scienza,70.7,7.2165375,8.291245,6.1591673,4.7153993,EU EEA Common AQI,70.5,5.8942494,6.8918223,7200,5.5142856,100,100,63.1,5.0971427,Very Low,70.2,5.917791,100,1747946700,Very Low,4.9273334,7.1429734,Very Low,7.328387,60.2,6.742857,100,1747946700,6.3714285
2025-05-22T20:47:25Z,0,29.878,74.3,58,67.8,5,3,168,76,0.0,255,32767,0.0,2127-15-31,0.0,0.52,26.6,0.0,0.0,0.0,0,4.822265625,6,45,05:39,20:21,2025-05-22 20:47:25.562785,Città della Scienza,70.7,7.2165375,8.291245,6.1591673,4.7153993,EU EEA Common AQI,70.5,5.8942494,6.8918223,7200,5.5142856,100,100,63.1,5.0971427,Very Low,70.2,5.917791,100,1747946700,Very Low,4.9273334,7.1429734,Very Low,7.328387,60.2,6.742857,100,1747946700,6.3714285
2025-05-22T20:47:36Z,0,29.877,74.3,58,67.7,2,3,164,76,0.0,255,32767,0.0,2127-15-31,0.0,0.52,26.6,0.0,0.0,0.0,0,4.822265625,6,45,05:39,20:21,2025-05-22 20:47:36.639800,Città della Scienza,70.7,7.2165375,8.291245,6.1591673,4.7153993,EU EEA Common AQI,70.5,5.8942494,6.8918223,7200,5.5142856,100,100,63.1,5.0971427,Very Low,70.2,5.917791,100,1747946700,Very Low,4.9273334,7.1429734,Very Low,7.328387,60.2,6.742857,100,1747946700,6.3714285
2025-05-22T20:47:47Z,0,29.877,74.3,58,67.7,2,3,155,76,0.0,255,32767,0.0,2127-15-31,0.0,0.52,26.6,0.0,0.0,0.0,0,4.822265625,6,45,05:39,20:21,2025-05-22 20:47:47.692755,Città della Scienza,70.7,7.2165375,8.291245,6.1591673,4.7153993,EU EEA Common AQI,70.5,5.8942494,6.8918223,7200,5.5142856,100,100,63.1,5.0971427,Very Low,70.2,5.917791,100,1747946700,Very Low,4.9273334,7.1429734,Very Low,7.328387,60.2,6.742857,100,1747946700,6.3714285
2025-05-22T20:47:58Z,0,29.877,74.3,58,67.9,2,3,155,76,0.0,255,32767,0.0,2127-15-31,0.0,0.52,26.6,0.0,0.0,0.0,0,4.822265625,6,45,05:39,20:21,2025-05-22 20:47:58.747788,Città della Scienza,70.7,7.2165375,8.291245,6.1591673,4.7153993,EU EEA Common AQI,70.5,5.8942494,6.8918223,7200,5.5142856,100,100,63.1,5.0971427,Very Low,70.2,5.917791,100,1747946700,Very Low,4.9273334,7.1429734,Very Low,7.328387,60.2,6.742857,100,1747946700,6.3714285
2025-05-22T20:48:10Z,0,29.877,74.3,58,67.8,1,3,155,76,0.0,255,32767,0.0,2127-15-31,0.0,0.52,26.6,0.0,0.0,0.0,0,4.822265625,6,45,05:39,20:21,2025-05-22 20:48:09.839799,Città della Scienza,70.7,7.2165375,8.291245,6.1591673,4.7153993,EU EEA Common AQI,70.5,5.8942494,6.8918223,7200,5.5142856,100,100,63.1,5.0971427,Very Low,70.2,5.917791,100,1747946700,Very Low,4.9273334,7.1429734,Very Low,7.328387,60.2,6.742857,100,1747946700,6.3714285
2025-05-22T20:48:21Z,0,29.877,74.3,58,67.8,1,3,155,76,0.0,255,32767,0.0,2127-15-31,0.0,0.52,26.6,0.0,0.0,0.0,0,4.822265625,6,45,05:39,20:21,2025-05-22 20:48:20.922810,Città della Scienza,70.7,7.2165375,8.291245,6.1591673,4.7153993,EU EEA Common AQI,70.5,5.8942494,6.8918223,7200,5.5142856,100,100,63.1,5.0971427,Very Low,70.2,5.917791,100,1747946700,Very Low,4.9273334,7.1429734,Very Low,7.328387,60.2,6.742857,100,1747946700,6.3714285
2025-05-22T20:48:32Z,0,29.877,74.3,58,67.8,1,3,155,76,0.0,255,32767,0.0,2127-15-31,0.0,0.52,26.6,0.0,0.0,0.0,0,4.822265625,6,45,05:39,20:21,2025-05-22 20:48:32.006788,Città della Scienza,70.7,7.2165375,8.291245,6.1591673,4.7153993,EU EEA Common AQI,70.5,5.8942494,6.8918223,7200,5.5142856,100,100,63.1,5.0971427,Very Low,70.2,5.917791,100,1747946700,Very Low,4.9273334,7.1429734,Very Low,7.328387,60.2,6.742857,100,1747946700,6.3714285
2025-05-22T20:48:43Z,0,29.876,74.3,58,67.8,2,3,155,76,0.0,255,32767,0.0,2127-15-31,0.0,0.52,26.6,0.0,0.0,0.0,0,4.822265625,6,45,05:39,20:21,2025-05-22 20:48:43.091756,Città della Scienza,70.7,7.2165375,8.291245,6.1591673,4.7153993,EU EEA Common AQI,70.5,5.8942494,6.8918223,7200,5.5142856,100,100,63.1,5.0971427,Very Low,70.2,5.917791,100,1747946700,Very Low,4.9273334,7.1429734,Very Low,7.328387,60.2,6.742857,100,1747946700,6.3714285
2025-05-22T20:48:54Z,0,29.876,74.3,58,67.8,4,3,160,76,0.0,255,32767,0.0,2127-15-31,0.0,0.52,26.6,0.0,0.0,0.0,0,4.822265625,6,45,05:39,20:21,2025-05-22 20:48:54.203790,Città della Scienza,70.7,7.2165375,8.291245,6.1591673,4.7153993,EU EEA Common AQI,70.5,5.8942494,6.8918223,7200,5.5142856,100,100,63.1,5.0971427,Very Low,70.2,5.917791,100,1747946700,Very Low,4.9273334,7.1429734,Very Low,7.328387,60.2,6.742857,100,1747946700,6.3714285
2025-05-22T20:49:05Z,0,29.876,74.3,58,67.8,4,3,165,76,0.0,255,32767,0.0,2127-15-31,0.0,0.52,26.6,0.0,0.0,0.0,0,4.822265625,6,45,05:39,20:21,2025-05-22 20:49:05.260787,Città della Scienza,70.7,7.2165375,8.291245,6.1591673,4.7153993,EU EEA Common AQI,70.5,5.8942494,6.8918223,7200,5.5142856,100,100,63.1,5.0971427,Very Low,70.2,5.917791,100,1747946700,Very Low,4.9273334,7.1429734,Very Low,7.328387,60.2,6.742857,100,1747946700,6.3714285
2025-05-22T20:49:16Z,0,29.876,74.3,58,67.8,2,3,169,76,0.0,255,32767,0.0,2127-15-31,0.0,0.52,26.6,0.0,0.0,0.0,0,4.822265625,6,45,05:39,20:21,2025-05-22 20:49:16.348786,Città della Scienza,70.7,7.2165375,8.291245,6.1591673,4.7153993,EU EEA Common AQI,70.5,5.8942494,6.8918223,7200,5.5142856,100,100,63.1,5.0971427,Very Low,70.2,5.917791,100,1747946700,Very Low,4.9273334,7.1429734,Very Low,7.328387,60.2,6.742857,100,1747946700,6.3714285
2025-05-22T20:49:27Z,0,29.876,74.3,58,67.7,3,3,176,76,0.0,255,32767,0.0,2127-15-31,0.0,0.52,26.6,0.0,0.0,0.0,0,4.822265625,6,45,05:39,20:21,2025-05-22 20:49:27.423787,Città della Scienza,70.7,7.2165375,8.291245,6.1591673,4.7153993,EU EEA Common AQI,70.5,5.8942494,6.8918223,7200,5.5142856,100,100,63.1,5.0971427,Very Low,70.2,5.917791,100,1747946700,Very Low,4.9273334,7.1429734,Very Low,7.328387,60.2,6.742857,100,1747946700,6.3714285
2025-05-22T20:49:38Z,0,29.878,74.3,58,67.7,3,3,158,76,0.0,255,32767,0.0,2127-15-31,0.0,0.52,26.6,0.0,0.0,0.0,0,4.822265625,6,45,05:39,20:21,2025-05-22 20:49:38.504784,Città della Scienza,70.7,7.2165375,8.291245,6.1591673,4.7153993,EU EEA Common AQI,70.5,5.8942494,6.8918223,7200,5.5142856,100,100,63.1,5.0971427,Very Low,70.2,5.917791,100,1747946700,Very Low,4.9273334,7.1429734,Very Low,7.328387,60.2,6.742857,100,1747946700,6.3714285
2025-05-22T20:49:49Z,0,29.878,74.3,58,67.7,1,3,158,76,0.0,255,32767,0.0,2127-15-31,0.0,0.52,26.6,0.0,0.0,0.0,0,4.822265625,6,45,05:39,20:21,2025-05-22 20:49:49.540754,Città della Scienza,70.7,7.2165375,8.291245,6.1591673,4.7153993,EU EEA Common AQI,70.5,5.8942494,6.8918223,7200,5.5142856,100,100,63.1,5.0971427,Very Low,70.2,5.917791,100,1747946700,Very Low,4.9273334,7.1429734,Very Low,7.328387,60.2,6.742857,100,1747946700,6.3714285
2025-05-22T20:50:00Z,0,29.878,74.3,58,67.7,2,3,157,76,0.0,255,32767,0.0,2127-15-31,0.0,0.52,26.6,0.0,0.0,0.0,0,4.822265625,6,45,05:39,20:21,2025-05-22 20:50:00.621795,Città della Scienza,70.7,7.2165375,8.291245,6.1591673,4.7153993,EU EEA Common AQI,70.5,5.8942494,6.8918223,7200,5.5142856,100,100,63.1,5.0971427,Very Low,70.2,5.917791,100,1747946700,Very Low,4.9273334,7.1429734,Very Low,7.328387,60.2,6.742857,100,1747946700,6.3714285
2025-05-22T20:50:11Z,0,29.878,74.3,58,67.7,3,3,157,76,0.0,255,32767,0.0,2127-15-31,0.0,0.52,26.6,0.0,0.0,0.0,0,4.822265625,6,45,05:39,20:21,2025-05-22 20:50:11.670754,Città della Scienza,70.7,7.2165375,8.291245,6.1591673,4.7153993,EU EEA Common AQI,70.5,5.8942494,6.8918223,7200,5.5142856,100,100,63.1,5.0971427,Very Low,70.2,5.917791,100,1747946700,Very Low,4.9273334,7.1429734,Very Low,7.328387,60.2,6.742857,100,1747946700,6.3714285
2025-05-22T20:50:22Z,0,29.878,74.3,58,67.7,3,3,157,76,0.0,255,32767,0.0,2127-15-31,0.0,0.52,26.6,0.0,0.0,0.0,0,4.822265625,6,45,05:39,20:21,2025-05-22 20:50:22.728799,Città della Scienza,70.7,7.2165375,8.291245,6.1591673,4.7153993,EU EEA Common AQI,70.5,5.8942494,6.8918223,7200,5.5142856,100,100,63.1,5.0971427,Very Low,70.2,5.917791,100,1747946700,Very Low,4.9273334,7.1429734,Very Low,7.328387,60.2,6.742857,100,1747946700,6.3714285
2025-05-22T20:50:34Z,0,29.878,74.3,58,67.7,1,3,166,76,0.0,255,32767,0.0,2127-15-31,0.0,0.52,26.6,0.0,0.0,0.0,0,4.822265625,6,45,05:39,20:21,2025-05-22 20:50:33.847784,Città della Scienza,70.7,7.2165375,8.291245,6.1591673,4.7153993,EU EEA Common AQI,70.5,5.8942494,6.8918223,7200,5.5142856,100,100,63.1,5.0971427,Very Low,70.2,5.917791,100,1747946700,Very Low,4.9273334,7.1429734,Very Low,7.328387,60.2,6.742857,100,1747946700,6.3714285
2025-05-22T20:50:45Z,0,29.877,74.4,58,67.8,1,3,166,76,0.0,255,32767,0.0,2127-15-31,0.0,0.52,26.6,0.0,0.0,0.0,0,4.822265625,6,45,05:39,20:21,2025-05-22 20:50:44.904792,Città della Scienza,70.7,7.2165375,8.291245,6.1591673,4.7153993,EU EEA Common AQI,70.5,5.8942494,6.8918223,7200,5.5142856,100,100,63.1,5.0971427,Very Low,70.2,5.917791,100,1747946700,Very Low,4.9273334,7.1429734,Very Low,7.328387,60.2,6.742857,100,1747946700,6.3714285
2025-05-22T20:50:56Z,0,29.877,74.4,58,67.7,1,3,165,76,0.0,255,32767,0.0,2127-15-31,0.0,0.52,26.6,0.0,0.0,0.0,0,4.822265625,6,45,05:39,20:21,2025-05-22 20:50:55.945788,Città della Scienza,70.7,7.2165375,8.291245,6.1591673,4.7153993,EU EEA Common AQI,70.5,5.8942494,6.8918223,7200,5.5142856,100,100,63.1,5.0971427,Very Low,70.2,5.917791,100,1747946700,Very Low,4.9273334,7.1429734,Very Low,7.328387,60.2,6.742857,100,1747946700,6.3714285
2025-05-22T20:51:07Z,0,29.877,74.4,58,67.7,2,3,182,76,0.0,255,32767,0.0,2127-15-31,0.0,0.52,26.6,0.0,0.0,0.0,0,4.822265625,6,45,05:39,20:21,2025-05-22 20:51:07.064787,Città della Scienza,70.7,7.2165375,8.291245,6.1591673,4.7153993,EU EEA Common AQI,70.5,5.8942494,6.8918223,7200,5.5142856,100,100,63.1,5.0971427,Very Low,70.2,5.917791,100,1747946700,Very Low,4.9273334,7.1429734,Very Low,7.328387,60.2,6.742857,100,1747946700,6.3714285
2025-05-22T20:51:18Z,0,29.877,74.4,58,67.7,1,3,169,76,0.0,255,32767,0.0,2127-15-31,0.0,0.52,26.6,0.0,0.0,0.0,0,4.822265625,6,45,05:39,20:21,2025-05-22 20:51:18.144769,Città della Scienza,70.7,7.2165375,8.291245,6.1591673,4.7153993,EU EEA Common AQI,70.5,5.8942494,6.8918223,7200,5.5142856,100,100,63.1,5.0971427,Very Low,70.2,5.917791,100,1747946700,Very Low,4.9273334,7.1429734,Very Low,7.328387,60.2,6.742857,100,1747946700,6.3714285
2025-05-22T20:51:29Z,0,29.877,74.4,58,67.7,2,3,178,76,0.0,255,32767,0.0,2127-15-31,0.0,0.52,26.6,0.0,0.0,0.0,0,4.822265625,6,45,05:39,20:21,2025-05-22 20:51:29.185794,Città della Scienza,70.7,7.2165375,8.291245,6.1591673,4.7153993,EU EEA Common AQI,70.5,5.8942494,6.8918223,7200,5.5142856,100,100,63.1,5.0971427,Very Low,70.2,5.917791,100,1747946700,Very Low,4.9273334,7.1429734,Very Low,7.328387,60.2,6.742857,100,1747946700,6.3714285
2025-05-22T20:51:40Z,0,29.876,74.3,58,67.7,6,3,169,76,0.0,255,32767,0.0,2127-15-31,0.0,0.52,26.6,0.0,0.0,0.0,0,4.822265625,6,45,05:39,20:21,2025-05-22 20:51:40.267784,Città della Scienza,70.7,7.2165375,8.291245,6.1591673,4.7153993,EU EEA Common AQI,70.5,5.8942494,6.8918223,7200,5.5142856,100,100,63.1,5.0971427,Very Low,70.2,5.917791,100,1747946700,Very Low,4.9273334,7.1429734,Very Low,7.328387,60.2,6.742857,100,1747946700,6.3714285
2025-05-22T20:51:51Z,0,29.876,74.3,58,67.7,6,3,182,76,0.0,255,32767,0.0,2127-15-31,0.0,0.52,26.6,0.0,0.0,0.0,0,4.822265625,6,45,05:39,20:21,2025-05-22 20:51:51.358791,Città della Scienza,70.7,7.2165375,8.291245,6.1591673,4.7153993,EU EEA Common AQI,70.5,5.8942494,6.8918223,7200,5.5142856,100,100,63.1,5.0971427,Very Low,70.2,5.917791,100,1747946700,Very Low,4.9273334,7.1429734,Very Low,7.328387,60.2,6.742857,100,1747946700,6.3714285
2025-05-22T20:52:02Z,0,29.876,74.3,58,67.7,4,3,163,76,0.0,255,32767,0.0,2127-15-31,0.0,0.52,26.6,0.0,0.0,0.0,0,4.822265625,6,45,05:39,20:21,2025-05-22 20:52:02.449787,Città della Scienza,70.7,7.2165375,8.291245,6.1591673,4.7153993,EU EEA Common AQI,70.5,5.8942494,6.8918223,7200,5.5142856,100,100,63.1,5.0971427,Very Low,70.2,5.917791,100,1747946700,Very Low,4.9273334,7.1429734,Very Low,7.328387,60.2,6.742857,100,1747946700,6.3714285
2025-05-22T20:52:13Z,0,29.876,74.3,58,67.7,4,3,171,76,0.0,255,32767,0.0,2127-15-31,0.0,0.52,26.6,0.0,0.0,0.0,0,4.822265625,6,45,05:39,20:21,2025-05-22 20:52:13.562818,Città della Scienza,70.7,7.2165375,8.291245,6.1591673,4.7153993,EU EEA Common AQI,70.5,5.8942494,6.8918223,7200,5.5142856,100,100,63.1,5.0971427,Very Low,70.2,5.917791,100,1747946700,Very Low,4.9273334,7.1429734,Very Low,7.328387,60.2,6.742857,100,1747946700,6.3714285
2025-05-22T20:52:24Z,0,29.876,74.3,58,67.7,3,3,175,76,0.0,255,32767,0.0,2127-15-31,0.0,0.52,26.6,0.0,0.0,0.0,0,4.822265625,6,45,05:39,20:21,2025-05-22 20:52:24.650791,Città della Scienza,70.7,7.2165375,8.291245,6.1591673,4.7153993,EU EEA Common AQI,70.5,5.8942494,6.8918223,7200,5.5142856,100,100,63.1,5.0971427,Very Low,70.2,5.917791,100,1747946700,Very Low,4.9273334,7.1429734,Very Low,7.328387,60.2,6.742857,100,1747946700,6.3714285
2025-05-22T20:52:35Z,0,29.878,74.3,58,67.7,5,3,156,77,0.0,255,32767,0.0,2127-15-31,0.0,0.52,26.6,0.0,0.0,0.0,0,4.822265625,6,45,05:39,20:21,2025-05-22 20:52:35.728789,Città della Scienza,70.7,7.2165375,8.291245,6.1591673,4.7153993,EU EEA Common AQI,70.5,5.8942494,6.8918223,7200,5.5142856,100,100,63.1,5.0971427,Very Low,70.2,5.917791,100,1747946700,Very Low,4.9273334,7.1429734,Very Low,7.328387,60.2,6.742857,100,1747946700,6.3714285
2025-05-22T20:52:47Z,0,29.878,74.3,58,67.7,5,3,167,77,0.0,255,32767,0.0,2127-15-31,0.0,0.52,26.6,0.0,0.0,0.0,0,4.822265625,6,45,05:39,20:21,2025-05-22 20:52:46.817795,Città della Scienza,70.7,7.2165375,8.291245,6.1591673,4.7153993,EU EEA Common AQI,70.5,5.8942494,6.8918223,7200,5.5142856,100,100,63.1,5.0971427,Very Low,70.2,5.917791,100,1747946700,Very Low,4.9273334,7.1429734,Very Low,7.328387,60.2,6.742857,100,1747946700,6.3714285
2025-05-22T20:52:58Z,0,29.878,74.3,58,67.7,5,3,162,77,0.0,255,32767,0.0,2127-15-31,0.0,0.52,26.6,0.0,0.0,0.0,0,4.822265625,6,45,05:39,20:21,2025-05-22 20:52:57.895790,Città della Scienza,70.7,7.2165375,8.291245,6.1591673,4.7153993,EU EEA Common AQI,70.5,5.8942494,6.8918223,7200,5.5142856,100,100,63.1,5.0971427,Very Low,70.2,5.917791,100,1747946700,Very Low,4.9273334,7.1429734,Very Low,7.328387,60.2,6.742857,100,1747946700,6.3714285
2025-05-22T20:53:09Z,0,29.878,74.3,58,67.7,3,3,155,77,0.0,255,32767,0.0,2127-15-31,0.0,0.52,26.6,0.0,0.0,0.0,0,4.822265625,6,45,05:39,20:21,2025-05-22 20:53:08.943792,Città della Scienza,70.7,7.2165375,8.291245,6.1591673,4.7153993,EU EEA Common AQI,70.5,5.8942494,6.8918223,7200,5.5142856,100,100,63.1,5.0971427,Very Low,70.2,5.917791,100,1747946700,Very Low,4.9273334,7.1429734,Very Low,7.328387,60.2,6.742857,100,1747946700,6.3714285
2025-05-22T20:53:20Z,0,29.878,74.3,58,67.7,3,3,150,77,0.0,255,32767,0.0,2127-15-31,0.0,0.52,26.6,0.0,0.0,0.0,0,4.822265625,6,45,05:39,20:21,2025-05-22 20:53:20.041785,Città della Scienza,70.7,7.2165375,8.291245,6.1591673,4.7153993,EU EEA Common AQI,70.5,5.8942494,6.8918223,7200,5.5142856,100,100,63.1,5.0971427,Very Low,70.2,5.917791,100,1747946700,Very Low,4.9273334,7.1429734,Very Low,7.328387,60.2,6.742857,100,1747946700,6.3714285
2025-05-22T20:53:31Z,0,29.878,74.3,58,67.7,4,3,166,76,0.0,255,32767,0.0,2127-15-31,0.0,0.52,26.6,0.0,0.0,0.0,0,4.822265625,6,45,05:39,20:21,2025-05-22 20:53:31.119800,Città della Scienza,70.7,7.2165375,8.291245,6.1591673,4.7153993,EU EEA Common AQI,70.5,5.8942494,6.8918223,7200,5.5142856,100,100,63.1,5.0971427,Very Low,70.2,5.917791,100,1747946700,Very Low,4.9273334,7.1429734,Very Low,7.328387,60.2,6.742857,100,1747946700,6.3714285
2025-05-22T20:53:42Z,0,29.878,74.3,58,67.7,5,3,163,76,0.0,255,32767,0.0,2127-15-31,0.0,0.52,26.6,0.0,0.0,0.0,0,4.822265625,6,45,05:39,20:21,2025-05-22 20:53:42.218786,Città della Scienza,70.7,7.2165375,8.291245,6.1591673,4.7153993,EU EEA Common AQI,70.5,5.8942494,6.8918223,7200,5.5142856,100,100,63.1,5.0971427,Very Low,70.2,5.917791,100,1747946700,Very Low,4.9273334,7.1429734,Very Low,7.328387,60.2,6.742857,100,1747946700,6.3714285
2025-05-22T20:53:53Z,0,29.878,74.3,58,67.7,6,3,184,76,0.0,255,32767,0.0,2127-15-31,0.0,0.52,26.6,0.0,0.0,0.0,0,4.822265625,6,45,05:39,20:21,2025-05-22 20:53:53.298796,Città della Scienza,70.7,7.2165375,8.291245,6.1591673,4.7153993,EU EEA Common AQI,70.5,5.8942494,6.8918223,7200,5.5142856,100,100,63.1,5.0971427,Very Low,70.2,5.917791,100,1747946700,Very Low,4.9273334,7.1429734,Very Low,7.328387,60.2,6.742857,100,1747946700,6.3714285
2025-05-22T20:54:04Z,0,29.878,74.3,58,67.7,4,3,175,76,0.0,255,32767,0.0,2127-15-31,0.0,0.52,26.6,0.0,0.0,0.0,0,4.822265625,6,45,05:39,20:21,2025-05-22 20:54:04.422789,Città della Scienza,70.7,7.2165375,8.291245,6.1591673,4.7153993,EU EEA Common AQI,70.5,5.8942494,6.8918223,7200,5.5142856,100,100,63.1,5.0971427,Very Low,70.2,5.917791,100,1747946700,Very Low,4.9273334,7.1429734,Very Low,7.328387,60.2,6.742857,100,1747946700,6.3714285
2025-05-22T20:54:15Z,0,29.878,74.3,58,67.7,4,3,190,77,0.0,255,32767,0.0,2127-15-31,0.0,0.52,26.6,0.0,0.0,0.0,0,4.822265625,6,45,05:39,20:21,2025-05-22 20:54:15.555793,Città della Scienza,70.7,7.2165375,8.291245,6.1591673,4.7153993,EU EEA Common AQI,70.5,5.8942494,6.8918223,7200,5.5142856,100,100,63.1,5.0971427,Very Low,70.2,5.917791,100,1747946700,Very Low,4.9273334,7.1429734,Very Low,7.328387,60.2,6.742857,100,1747946700,6.3714285
2025-05-22T20:54:26Z,0,29.878,74.3,58,67.7,5,3,172,77,0.0,255,32767,0.0,2127-15-31,0.0,0.52,26.6,0.0,0.0,0.0,0,4.822265625,6,45,05:39,20:21,2025-05-22 20:54:26.653789,Città della Scienza,70.7,7.2165375,8.291245,6.1591673,4.7153993,EU EEA Common AQI,70.5,5.8942494,6.8918223,7200,5.5142856,100,100,63.1,5.0971427,Very Low,70.2,5.917791,100,1747946700,Very Low,4.9273334,7.1429734,Very Low,7.328387,60.2,6.742857,100,1747946700,6.3714285
2025-05-22T20:54:37Z,0,29.877,74.4,58,67.7,3,3,184,77,0.0,255,32767,0.0,2127-15-31,0.0,0.52,26.6,0.0,0.0,0.0,0,4.822265625,6,45,05:39,20:21,2025-05-22 20:54:37.725797,Città della Scienza,70.7,7.2165375,8.291245,6.1591673,4.7153993,EU EEA Common AQI,70.5,5.8942494,6.8918223,7200,5.5142856,100,100,63.1,5.0971427,Very Low,70.2,5.917791,100,1747946700,Very Low,4.9273334,7.1429734,Very Low,7.328387,60.2,6.742857,100,1747946700,6.3714285
2025-05-22T20:54:48Z,0,29.877,74.4,58,67.7,4,3,188,77,0.0,255,32767,0.0,2127-15-31,0.0,0.52,26.6,0.0,0.0,0.0,0,4.822265625,6,45,05:39,20:21,2025-05-22 20:54:48.795754,Città della Scienza,70.7,7.2165375,8.291245,6.1591673,4.7153993,EU EEA Common AQI,70.5,5.8942494,6.8918223,7200,5.5142856,100,100,63.1,5.0971427,Very Low,70.2,5.917791,100,1747946700,Very Low,4.9273334,7.1429734,Very Low,7.328387,60.2,6.742857,100,1747946700,6.3714285
2025-05-22T20:55:00Z,0,29.877,74.4,58,67.7,4,3,188,77,0.0,255,32767,0.0,2127-15-31,0.0,0.52,26.6,0.0,0.0,0.0,0,4.822265625,6,45,05:39,20:21,2025-05-22 20:54:59.844786,Città della Scienza
2025-05-22T20:55:11Z,0,29.877,74.4,58,67.7,3,3,173,77,0.0,255,32767,0.0,2127-15-31,0.0,0.52,26.6,0.0,0.0,0.0,0,4.822265625,6,45,05:39,20:21,2025-05-22 20:55:10.983788,Città della Scienza
2025-05-22T20:55:22Z,0,29.877,74.4,58,67.7,5,3,169,77,0.0,255,32767,0.0,2127-15-31,0.0,0.52,26.6,0.0,0.0,0.0,0,4.822265625,6,45,05:39,20:21,2025-05-22 20:55:22.097784,Città della Scienza
2025-05-22T20:55:33Z,0,29.877,74.4,58,67.7,3,3,181,77,0.0,255,32767,0.0,2127-15-31,0.0,0.52,26.6,0.0,0.0,0.0,0,4.822265625,6,45,05:39,20:21,2025-05-22 20:55:33.194788,Città della Scienza
2025-05-22T20:55:44Z,0,29.876,74.4,58,67.7,6,4,165,77,0.0,255,32767,0.0,2127-15-31,0.0,0.52,26.6,0.0,0.0,0.0,0,4.822265625,6,45,05:39,20:21,2025-05-22 20:55:44.275788,Città della Scienza
2025-05-22T20:55:55Z,0,29.876,74.4,58,67.7,6,4,157,77,0.0,255,32767,0.0,2127-15-31,0.0,0.52,26.6,0.0,0.0,0.0,0,4.822265625,6,45,05:39,20:21,2025-05-22 20:55:55.384799,Città della Scienza
2025-05-22T20:56:06Z,0,29.876,74.4,58,67.7,4,4,162,77,0.0,255,32767,0.0,2127-15-31,0.0,0.52,26.6,0.0,0.0,0.0,0,4.822265625,6,45,05:39,20:21,2025-05-22 20:56:06.429784,Città della Scienza
2025-05-22T20:56:17Z,0,29.876,74.4,58,67.7,5,4,157,77,0.0,255,32767,0.0,2127-15-31,0.0,0.52,26.6,0.0,0.0,0.0,0,4.822265625,6,45,05:39,20:21,2025-05-22 20:56:17.520790,Città della Scienza
2025-05-22T20:56:28Z,0,29.876,74.4,58,67.7,7,4,159,77,0.0,255,32767,0.0,2127-15-31,0.0,0.52,26.6,0.0,0.0,0.0,0,4.822265625,6,45,05:39,20:21,2025-05-22 20:56:28.567784,Città della Scienza
2025-05-22T20:56:39Z,0,29.875,74.3,58,67.7,4,4,161,77,0.0,255,32767,0.0,2127-15-31,0.0,0.52,26.6,0.0,0.0,0.0,0,4.822265625,6,45,05:39,20:21,2025-05-22 20:56:39.640793,Città della Scienza
2025-05-22T20:56:50Z,0,29.875,74.3,58,67.7,3,4,181,77,0.0,255,32767,0.0,2127-15-31,0.0,0.52,26.6,0.0,0.0,0.0,0,4.822265625,6,45,05:39,20:21,2025-05-22 20:56:50.718760,Città della Scienza
2025-05-22T20:57:02Z,0,29.875,74.3,58,67.7,5,4,152,77,0.0,255,32767,0.0,2127-15-31,0.0,0.52,26.6,0.0,0.0,0.0,0,4.822265625,6,45,05:39,20:21,2025-05-22 20:57:01.837787,Città della Scienza
2025-05-22T20:57:13Z,0,29.875,74.3,58,67.7,2,4,180,77,0.0,255,32767,0.0,2127-15-31,0.0,0.52,26.6,0.0,0.0,0.0,0,4.822265625,6,45,05:39,20:21,2025-05-22 20:57:12.929792,Città della Scienza
2025-05-22T20:57:24Z,0,29.875,74.3,58,67.7,4,4,181,77,0.0,255,32767,0.0,2127-15-31,0.0,0.52,26.6,0.0,0.0,0.0,0,4.822265625,6,45,05:39,20:21,2025-05-22 20:57:24.039784,Città della Scienza
2025-05-22T20:57:35Z,0,29.875,74.4,58,67.6,5,4,161,77,0.0,255,32767,0.0,2127-15-31,0.0,0.52,26.6,0.0,0.0,0.0,0,4.822265625,6,45,05:39,20:21,2025-05-22 20:57:35.088785,Città della Scienza
2025-05-22T20:57:46Z,0,29.877,74.4,58,67.6,3,4,184,77,0.0,255,32767,0.0,2127-15-31,0.0,0.52,26.6,0.0,0.0,0.0,0,4.822265625,6,45,05:39,20:21,2025-05-22 20:57:46.176795,Città della Scienza
2025-05-22T20:57:57Z,0,29.877,74.4,58,67.7,6,4,165,77,0.0,255,32767,0.0,2127-15-31,0.0,0.52,26.6,0.0,0.0,0.0,0,4.822265625,6,45,05:39,20:21,2025-05-22 20:57:57.287793,Città della Scienza
2025-05-22T20:58:08Z,0,29.877,74.4,58,67.7,5,4,169,77,0.0,255,32767,0.0,2127-15-31,0.0,0.52,26.6,0.0,0.0,0.0,0,4.822265625,6,45,05:39,20:21,2025-05-22 20:58:08.370801,Città della Scienza
2025-05-22T20:58:19Z,0,29.877,74.4,58,67.7,5,4,184,77,0.0,255,32767,0.0,2127-15-31,0.0,0.52,26.6,0.0,0.0,0.0,0,4.822265625,6,45,05:39,20:21,2025-05-22 20:58:19.406805,Città della Scienza
2025-05-22T20:58:30Z,0,29.877,74.4,58,67.7,3,4,173,77,0.0,255,32767,0.0,2127-15-31,0.0,0.52,26.6,0.0,0.0,0.0,0,4.822265625,6,45,05:39,20:21,2025-05-22 20:58:30.418804,Città della Scienza
2025-05-22T20:58:41Z,0,29.876,74.4,58,67.7,3,4,148,77,0.0,255,32767,0.0,2127-15-31,0.0,0.52,26.6,0.0,0.0,0.0,0,4.822265625,6,45,05:39,20:21,2025-05-22 20:58:41.487309,Città della Scienza
2025-05-22T20:58:52Z,0,29.876,74.4,58,67.7,4,4,162,77,0.0,255,32767,0.0,2127-15-31,0.0,0.52,26.6,0.0,0.0,0.0,0,4.822265625,6,45,05:39,20:21,2025-05-22 20:58:52.553789,Città della Scienza
2025-05-22T20:59:03Z,0,29.876,74.4,58,67.7,5,4,164,77,0.0,255,32767,0.0,2127-15-31,0.0,0.52,26.6,0.0,0.0,0.0,0,4.822265625,6,45,05:39,20:21,2025-05-22 20:59:03.614816,Città della Scienza
2025-05-22T20:59:14Z,0,29.876,74.4,58,67.7,3,4,145,77,0.0,255,32767,0.0,2127-15-31,0.0,0.52,26.6,0.0,0.0,0.0,0,4.822265625,6,45,05:39,20:21,2025-05-22 20:59:14.698786,Città della Scienza
2025-05-22T20:59:25Z,0,29.876,74.4,58,67.6,4,4,162,77,0.0,255,32767,0.0,2127-15-31,0.0,0.52,26.6,0.0,0.0,0.0,0,4.822265625,6,45,05:39,20:21,2025-05-22 20:59:25.779789,Città della Scienza
2025-05-22T20:59:37Z,0,29.875,74.4,58,67.7,2,4,153,76,0.0,255,32767,0.0,2127-15-31,0.0,0.52,26.6,0.0,0.0,0.0,0,4.822265625,6,45,05:39,20:21,2025-05-22 20:59:36.871791,Città della Scienza
2025-05-22T20:59:48Z,0,29.875,74.4,58,67.7,2,4,144,76,0.0,255,32767,0.0,2127-15-31,0.0,0.52,26.6,0.0,0.0,0.0,0,4.822265625,6,45,05:39,20:21,2025-05-22 20:59:47.916792,Città della Scienza
2025-05-22T20:59:59Z,0,29.875,74.4,58,67.7,2,4,144,76,0.0,255,32767,0.0,2127-15-31,0.0,0.52,26.6,0.0,0.0,0.0,0,4.822265625,6,45,05:39,20:21,2025-05-22 20:59:58.982787,Città della Scienza
2025-05-22T21:00:10Z,0,29.875,74.4,58,67.7,3,4,143,76,0.0,255,32767,0.0,2127-15-31,0.0,0.52,26.6,0.0,0.0,0.0,0,4.822265625,6,45,05:39,20:21,2025-05-22 21:00:10.061781,Città della Scienza,70.7,7.2165375,8.291245,6.1591673,4.7153993,EU EEA Common AQI,70.5,5.8942494,6.8918223,7200,5.5142856,100,100,63.1,5.0971427,Very Low,70.2,5.917791,100,1747946700,Very Low,4.9273334,7.1429734,Very Low,7.328387,60.2,6.742857,100,1747946700,6.3714285
2025-05-22T21:00:21Z,0,29.875,74.4,58,67.7,2,4,159,76,0.0,255,32767,0.0,2127-15-31,0.0,0.52,26.6,0.0,0.0,0.0,0,4.822265625,6,45,05:39,20:21,2025-05-22 21:00:21.113788,Città della Scienza,70.7,7.2165375,8.291245,6.1591673,4.7153993,EU EEA Common AQI,70.5,5.8942494,6.8918223,7200,5.5142856,100,100,63.1,5.0971427,Very Low,70.2,5.917791,100,1747946700,Very Low,4.9273334,7.1429734,Very Low,7.328387,60.2,6.742857,100,1747946700,6.3714285
2025-05-22T21:00:32Z,0,29.875,74.4,58,67.7,1,4,146,76,0.0,255,32767,0.0,2127-15-31,0.0,0.52,26.6,0.0,0.0,0.0,0,4.822265625,6,45,05:39,20:21,2025-05-22 21:00:32.161756,Città della Scienza,71.6,7.337776,8.29784,6.2450933,4.783857,EU EEA Common AQI,70.3,5.979821,6.903771,7200,5.757143,100,100,63.1,5.52,Very Low,69.9,6.0312076,100,1747947600,Very Low,4.996074,7.2086825,Very Low,7.3762565,60.3,7.9,100,1747947600,6.9
2025-05-22T21:00:43Z,0,29.878,74.4,58,67.6,0,4,146,76,0.0,255,32767,0.0,2127-15-31,0.0,0.52,26.6,0.0,0.0,0.0,0,4.822265625,6,45,05:39,20:21,2025-05-22 21:00:43.240778,Città della Scienza,71.6,7.337776,8.29784,6.2450933,4.783857,EU EEA Common AQI,70.3,5.979821,6.903771,7200,5.757143,100,100,63.1,5.52,Very Low,69.9,6.0312076,100,1747947600,Very Low,4.996074,7.2086825,Very Low,7.3762565,60.3,7.9,100,1747947600,6.9
2025-05-22T21:00:54Z,0,29.878,74.4,58,67.7,3,4,130,76,0.0,255,32767,0.0,2127-15-31,0.0,0.52,26.6,0.0,0.0,0.0,0,4.822265625,6,45,05:39,20:21,2025-05-22 21:00:54.317798,Città della Scienza,71.6,7.337776,8.29784,6.2450933,4.783857,EU EEA Common AQI,70.3,5.979821,6.903771,7200,5.757143,100,100,63.1,5.52,Very Low,69.9,6.0312076,100,1747947600,Very Low,4.996074,7.2086825,Very Low,7.3762565,60.3,7.9,100,1747947600,6.9
2025-05-22T21:01:05Z,0,29.878,74.4,58,67.6,1,4,95,76,0.0,255,32767,0.0,2127-15-31,0.0,0.52,26.6,0.0,0.0,0.0,0,4.822265625,6,45,05:39,20:21,2025-05-22 21:01:05.407801,Città della Scienza,71.6,7.337776,8.29784,6.2450933,4.783857,EU EEA Common AQI,70.3,5.979821,6.903771,7200,5.757143,100,100,63.1,5.52,Very Low,69.9,6.0312076,100,1747947600,Very Low,4.996074,7.2086825,Very Low,7.3762565,60.3,7.9,100,1747947600,6.9
2025-05-22T21:01:16Z,0,29.878,74.4,58,67.6,2,4,183,76,0.0,255,32767,0.0,2127-15-31,0.0,0.52,26.6,0.0,0.0,0.0,0,4.822265625,6,45,05:39,20:21,2025-05-22 21:01:16.485788,Città della Scienza,71.6,7.337776,8.29784,6.2450933,4.783857,EU EEA Common AQI,70.3,5.979821,6.903771,7200,5.757143,100,100,63.1,5.52,Very Low,69.9,6.0312076,100,1747947600,Very Low,4.996074,7.2086825,Very Low,7.3762565,60.3,7.9,100,1747947600,6.9
2025-05-22T21:01:27Z,0,29.878,74.4,58,67.6,1,4,183,76,0.0,255,32767,0.0,2127-15-31,0.0,0.52,26.6,0.0,0.0,0.0,0,4.822265625,6,45,05:39,20:21,2025-05-22 21:01:27.567787,Città della Scienza,71.6,7.337776,8.29784,6.2450933,4.783857,EU EEA Common AQI,70.3,5.979821,6.903771,7200,5.757143,100,100,63.1,5.52,Very Low,69.9,6.0312076,100,1747947600,Very Low,4.996074,7.2086825,Very Low,7.3762565,60.3,7.9,100,1747947600,6.9
2025-05-22T21:01:38Z,0,29.877,74.4,58,67.6,1,4,183,76,0.0,255,32767,0.0,2127-15-31,0.0,0.52,26.6,0.0,0.0,0.0,0,4.822265625,6,45,05:39,20:21,2025-05-22 21:01:38.678800,Città della Scienza,71.6,7.337776,8.29784,6.2450933,4.783857,EU EEA Common AQI,70.3,5.979821,6.903771,7200,5.757143,100,100,63.1,5.52,Very Low,69.9,6.0312076,100,1747947600,Very Low,4.996074,7.2086825,Very Low,7.3762565,60.3,7.9,100,1747947600,6.9
2025-05-22T21:01:49Z,0,29.877,74.4,58,67.6,2,4,186,76,0.0,255,32767,0.0,2127-15-31,0.0,0.52,26.6,0.0,0.0,0.0,0,4.822265625,6,45,05:39,20:21,2025-05-22 21:01:49.770861,Città della Scienza,71.6,7.337776,8.29784,6.2450933,4.783857,EU EEA Common AQI,70.3,5.979821,6.903771,7200,5.757143,100,100,63.1,5.52,Very Low,69.9,6.0312076,100,1747947600,Very Low,4.996074,7.2086825,Very Low,7.3762565,60.3,7.9,100,1747947600,6.9
2025-05-22T21:02:01Z,0,29.877,74.4,58,67.6,4,4,149,76,0.0,255,32767,0.0,2127-15-31,0.0,0.52,26.6,0.0,0.0,0.0,0,4.822265625,6,45,05:39,20:21,2025-05-22 21:02:00.912805,Città della Scienza,71.6,7.337776,8.29784,6.2450933,4.783857,EU EEA Common AQI,70.3,5.979821,6.903771,7200,5.757143,100,100,63.1,5.52,Very Low,69.9,6.0312076,100,1747947600,Very Low,4.996074,7.2086825,Very Low,7.3762565,60.3,7.9,100,1747947600,6.9
2025-05-22T21:02:12Z,0,29.877,74.4,58,67.6,5,4,171,77,0.0,255,32767,0.0,2127-15-31,0.0,0.52,26.6,0.0,0.0,0.0,0,4.822265625,6,45,05:39,20:21,2025-05-22 21:02:11.986788,Città della Scienza,71.6,7.337776,8.29784,6.2450933,4.783857,EU EEA Common AQI,70.3,5.979821,6.903771,7200,5.757143,100,100,63.1,5.52,Very Low,69.9,6.0312076,100,1747947600,Very Low,4.996074,7.2086825,Very Low,7.3762565,60.3,7.9,100,1747947600,6.9
2025-05-22T21:02:23Z,0,29.877,74.4,58,67.6,4,4,178,77,0.0,255,32767,0.0,2127-15-31,0.0,0.52,26.6,0.0,0.0,0.0,0,4.822265625,6,45,05:39,20:21,2025-05-22 21:02:23.087783,Città della Scienza,71.6,7.337776,8.29784,6.2450933,4.783857,EU EEA Common AQI,70.3,5.979821,6.903771,7200,5.757143,100,100,63.1,5.52,Very Low,69.9,6.0312076,100,1747947600,Very Low,4.996074,7.2086825,Very Low,7.3762565,60.3,7.9,100,1747947600,6.9
2025-05-22T21:02:34Z,0,29.877,74.4,58,67.6,5,4,160,77,0.0,255,32767,0.0,2127-15-31,0.0,0.52,26.6,0.0,0.0,0.0,0,4.822265625,6,45,05:39,20:21,2025-05-22 21:02:34.196788,Città della Scienza,71.6,7.337776,8.29784,6.2450933,4.783857,EU EEA Common AQI,70.3,5.979821,6.903771,7200,5.757143,100,100,63.1,5.52,Very Low,69.9,6.0312076,100,1747947600,Very Low,4.996074,7.2086825,Very Low,7.3762565,60.3,7.9,100,1747947600,6.9
2025-05-22T21:02:45Z,0,29.876,74.4,58,67.6,4,4,163,77,0.0,255,32767,0.0,2127-15-31,0.0,0.52,26.6,0.0,0.0,0.0,0,4.822265625,6,45,05:39,20:21,2025-05-22 21:02:45.298789,Città della Scienza,71.6,7.337776,8.29784,6.2450933,4.783857,EU EEA Common AQI,70.3,5.979821,6.903771,7200,5.757143,100,100,63.1,5.52,Very Low,69.9,6.0312076,100,1747947600,Very Low,4.996074,7.2086825,Very Low,7.3762565,60.3,7.9,100,1747947600,6.9
2025-05-22T21:02:56Z,0,29.876,74.4,58,67.6,5,4,182,77,0.0,255,32767,0.0,2127-15-31,0.0,0.52,26.6,0.0,0.0,0.0,0,4.822265625,6,45,05:39,20:21,2025-05-22 21:02:56.383804,Città della Scienza,71.6,7.337776,8.29784,6.2450933,4.783857,EU EEA Common AQI,70.3,5.979821,6.903771,7200,5.757143,100,100,63.1,5.52,Very Low,69.9,6.0312076,100,1747947600,Very Low,4.996074,7.2086825,Very Low,7.3762565,60.3,7.9,100,1747947600,6.9
2025-05-22T21:03:07Z,0,29.876,74.4,58,67.6,4,4,146,77,0.0,255,32767,0.0,2127-15-31,0.0,0.52,26.6,0.0,0.0,0.0,0,4.822265625,6,45,05:39,20:21,2025-05-22 21:03:07.471791,Città della Scienza,71.6,7.337776,8.29784,6.2450933,4.783857,EU EEA Common AQI,70.3,5.979821,6.903771,7200,5.757143,100,100,63.1,5.52,Very Low,69.9,6.0312076,100,1747947600,Very Low,4.996074,7.2086825,Very Low,7.3762565,60.3,7.9,100,1747947600,6.9
2025-05-22T21:03:18Z,0,29.876,74.4,58,67.6,3,4,186,77,0.0,255,32767,0.0,2127-15-31,0.0,0.52,26.6,0.0,0.0,0.0,0,4.822265625,6,45,05:39,20:21,2025-05-22 21:03:18.613791,Città della Scienza,71.6,7.337776,8.29784,6.2450933,4.783857,EU EEA Common AQI,70.3,5.979821,6.903771,7200,5.757143,100,100,63.1,5.52,Very Low,69.9,6.0312076,100,1747947600,Very Low,4.996074,7.2086825,Very Low,7.3762565,60.3,7.9,100,1747947600,6.9
2025-05-22T21:03:29Z,0,29.876,74.4,58,67.6,3,4,185,77,0.0,255,32767,0.0,2127-15-31,0.0,0.52,26.6,0.0,0.0,0.0,0,4.822265625,6,45,05:39,20:21,2025-05-22 21:03:29.720789,Città della Scienza,71.6,7.337776,8.29784,6.2450933,4.783857,EU EEA Common AQI,70.3,5.979821,6.903771,7200,5.757143,100,100,63.1,5.52,Very Low,69.9,6.0312076,100,1747947600,Very Low,4.996074,7.2086825,Very Low,7.3762565,60.3,7.9,100,1747947600,6.9
2025-05-22T21:03:41Z,0,29.875,74.5,59,67.6,3,4,190,77,0.0,255,32767,0.0,2127-15-31,0.0,0.52,26.6,0.0,0.0,0.0,0,4.822265625,6,45,05:39,20:21,2025-05-22 21:03:40.831784,Città della Scienza,71.6,7.337776,8.29784,6.2450933,4.783857,EU EEA Common AQI,70.3,5.979821,6.903771,7200,5.757143,100,100,63.1,5.52,Very Low,69.9,6.0312076,100,1747947600,Very Low,4.996074,7.2086825,Very Low,7.3762565,60.3,7.9,100,1747947600,6.9
2025-05-22T21:03:52Z,0,29.875,74.5,59,67.6,3,4,153,77,0.0,255,32767,0.0,2127-15-31,0.0,0.52,26.6,0.0,0.0,0.0,0,4.822265625,6,45,05:39,20:21,2025-05-22 21:03:51.903789,Città della Scienza,71.6,7.337776,8.29784,6.2450933,4.783857,EU EEA Common AQI,70.3,5.979821,6.903771,7200,5.757143,100,100,63.1,5.52,Very Low,69.9,6.0312076,100,1747947600,Very Low,4.996074,7.2086825,Very Low,7.3762565,60.3,7.9,100,1747947600,6.9
2025-05-22T21:04:03Z,0,29.875,74.5,59,67.6,4,4,190,77,0.0,255,32767,0.0,2127-15-31,0.0,0.52,26.6,0.0,0.0,0.0,0,4.822265625,6,45,05:39,20:21,2025-05-22 21:04:02.993788,Città della Scienza,71.6,7.337776,8.29784,6.2450933,4.783857,EU EEA Common AQI,70.3,5.979821,6.903771,7200,5.757143,100,100,63.1,5.52,Very Low,69.9,6.0312076,100,1747947600,Very Low,4.996074,7.2086825,Very Low,7.3762565,60.3,7.9,100,1747947600,6.9
2025-05-22T21:04:14Z,0,29.875,74.5,59,67.7,3,4,190,77,0.0,255,32767,0.0,2127-15-31,0.0,0.52,26.6,0.0,0.0,0.0,0,4.822265625,6,45,05:39,20:21,2025-05-22 21:04:14.084793,Città della Scienza,71.6,7.337776,8.29784,6.2450933,4.783857,EU EEA Common AQI,70.3,5.979821,6.903771,7200,5.757143,100,100,63.1,5.52,Very Low,69.9,6.0312076,100,1747947600,Very Low,4.996074,7.2086825,Very Low,7.3762565,60.3,7.9,100,1747947600,6.9
2025-05-22T21:04:25Z,0,29.875,74.5,59,67.6,5,4,186,77,0.0,255,32767,0.0,2127-15-31,0.0,0.52,26.6,0.0,0.0,0.0,0,4.822265625,6,45,05:39,20:21,2025-05-22 21:04:25.155789,Città della Scienza,71.6,7.337776,8.29784,6.2450933,4.783857,EU EEA Common AQI,70.3,5.979821,6.903771,7200,5.757143,100,100,63.1,5.52,Very Low,69.9,6.0312076,100,1747947600,Very Low,4.996074,7.2086825,Very Low,7.3762565,60.3,7.9,100,1747947600,6.9
2025-05-22T21:04:36Z,0,29.873,74.4,58,67.6,4,4,167,77,0.0,255,32767,0.0,2127-15-31,0.0,0.52,26.6,0.0,0.0,0.0,0,4.822265625,6,45,05:39,20:21,2025-05-22 21:04:36.223803,Città della Scienza,71.6,7.337776,8.29784,6.2450933,4.783857,EU EEA Common AQI,70.3,5.979821,6.903771,7200,5.757143,100,100,63.1,5.52,Very Low,69.9,6.0312076,100,1747947600,Very Low,4.996074,7.2086825,Very Low,7.3762565,60.3,7.9,100,1747947600,6.9
2025-05-22T21:04:47Z,0,29.873,74.4,58,67.7,5,4,166,77,0.0,255,32767,0.0,2127-15-31,0.0,0.52,26.6,0.0,0.0,0.0,0,4.822265625,6,45,05:39,20:21,2025-05-22 21:04:47.278791,Città della Scienza,71.6,7.337776,8.29784,6.2450933,4.783857,EU EEA Common AQI,70.3,5.979821,6.903771,7200,5.757143,100,100,63.1,5.52,Very Low,69.9,6.0312076,100,1747947600,Very Low,4.996074,7.2086825,Very Low,7.3762565,60.3,7.9,100,1747947600,6.9
2025-05-22T21:04:58Z,0,29.873,74.4,58,67.7,4,4,146,77,0.0,255,32767,0.0,2127-15-31,0.0,0.52,26.6,0.0,0.0,0.0,0,4.822265625,6,45,05:39,20:21,2025-05-22 21:04:58.403793,Città della Scienza,71.6,7.337776,8.29784,6.2450933,4.783857,EU EEA Common AQI,70.3,5.979821,6.903771,7200,5.757143,100,100,63.1,5.52,Very Low,69.9,6.0312076,100,1747947600,Very Low,4.996074,7.2086825,Very Low,7.3762565,60.3,7.9,100,1747947600,6.9
2025-05-22T21:05:09Z,0,29.873,74.4,58,67.7,3,4,145,77,0.0,255,32767,0.0,2127-15-31,0.0,0.52,26.6,0.0,0.0,0.0,0,4.822265625,6,45,05:39,20:21,2025-05-22 21:05:09.454794,Città della Scienza,71.6,7.337776,8.29784,6.2450933,4.783857,EU EEA Common AQI,70.3,5.979821,6.903771,7200,5.757143,100,100,63.1,5.52,Very Low,69.9,6.0312076,100,1747947600,Very Low,4.996074,7.2086825,Very Low,7.3762565,60.3,7.9,100,1747947600,6.9
2025-05-22T21:05:20Z,0,29.873,74.4,58,67.7,4,4,153,77,0.0,255,32767,0.0,2127-15-31,0.0,0.52,26.6,0.0,0.0,0.0,0,4.822265625,6,45,05:39,20:21,2025-05-22 21:05:20.549786,Città della Scienza,71.6,7.337776,8.29784,6.2450933,4.783857,EU EEA Common AQI,70.3,5.979821,6.903771,7200,5.757143,100,100,63.1,5.52,Very Low,69.9,6.0312076,100,1747947600,Very Low,4.996074,7.2086825,Very Low,7.3762565,60.3,7.9,100,1747947600,6.9
2025-05-22T21:05:31Z,0,29.873,74.4,58,67.6,2,4,183,77,0.0,255,32767,0.0,2127-15-31,0.0,0.52,26.6,0.0,0.0,0.0,0,4.822265625,6,45,05:39,20:21,2025-05-22 21:05:31.644794,Città della Scienza,71.6,7.337776,8.29784,6.2450933,4.783857,EU EEA Common AQI,70.3,5.979821,6.903771,7200,5.757143,100,100,63.1,5.52,Very Low,69.9,6.0312076,100,1747947600,Very Low,4.996074,7.2086825,Very Low,7.3762565,60.3,7.9,100,1747947600,6.9
2025-05-22T21:05:42Z,0,29.872,74.4,59,67.6,5,4,187,77,0.0,255,32767,0.0,2127-15-31,0.0,0.52,26.6,0.0,0.0,0.0,0,4.822265625,6,45,05:39,20:21,2025-05-22 21:05:42.741795,Città della Scienza,71.6,7.337776,8.29784,6.2450933,4.783857,EU EEA Common AQI,70.3,5.979821,6.903771,7200,5.757143,100,100,63.1,5.52,Very Low,69.9,6.0312076,100,1747947600,Very Low,4.996074,7.2086825,Very Low,7.3762565,60.3,7.9,100,1747947600,6.9
2025-05-22T21:05:54Z,0,29.872,74.4,59,67.7,6,4,194,77,0.0,255,32767,0.0,2127-15-31,0.0,0.52,26.6,0.0,0.0,0.0,0,4.822265625,6,45,05:39,20:21,2025-05-22 21:05:53.837786,Città della Scienza,71.6,7.337776,8.29784,6.2450933,4.783857,EU EEA Common AQI,70.3,5.979821,6.903771,7200,5.757143,100,100,63.1,5.52,Very Low,69.9,6.0312076,100,1747947600,Very Low,4.996074,7.2086825,Very Low,7.3762565,60.3,7.9,100,1747947600,6.9
2025-05-22T21:06:05Z,0,29.872,74.4,59,67.6,8,4,153,77,0.0,255,32767,0.0,2127-15-31,0.0,0.52,26.6,0.0,0.0,0.0,0,4.822265625,6,45,05:39,20:21,2025-05-22 21:06:04.919790,Città della Scienza,71.6,7.337776,8.29784,6.2450933,4.783857,EU EEA Common AQI,70.3,5.979821,6.903771,7200,5.757143,100,100,63.1,5.52,Very Low,69.9,6.0312076,100,1747947600,Very Low,4.996074,7.2086825,Very Low,7.3762565,60.3,7.9,100,1747947600,6.9
2025-05-22T21:06:16Z,0,29.872,74.4,59,67.6,5,4,169,77,0.0,255,32767,0.0,2127-15-31,0.0,0.52,26.6,0.0,0.0,0.0,0,4.822265625,6,45,05:39,20:21,2025-05-22 21:06:15.971793,Città della Scienza,71.6,7.337776,8.29784,6.2450933,4.783857,EU EEA Common AQI,70.3,5.979821,6.903771,7200,5.757143,100,100,63.1,5.52,Very Low,69.9,6.0312076,100,1747947600,Very Low,4.996074,7.2086825,Very Low,7.3762565,60.3,7.9,100,1747947600,6.9
2025-05-22T21:06:40Z,0,29.873,74.4,59,67.6,5,4,194,77,0.0,255,32767,0.0,2127-15-31,0.0,0.52,26.6,0.0,0.0,0.0,0,4.822265625,6,45,05:39,20:21,2025-05-22 21:06:40.568805,Città della Scienza,71.6,7.337776,8.29784,6.2450933,4.783857,EU EEA Common AQI,70.3,5.979821,6.903771,7200,5.757143,100,100,63.1,5.52,Very Low,69.9,6.0312076,100,1747947600,Very Low,4.996074,7.2086825,Very Low,7.3762565,60.3,7.9,100,1747947600,6.9
2025-05-22T21:06:51Z,0,29.873,74.4,59,67.6,6,4,182,77,0.0,255,32767,0.0,2127-15-31,0.0,0.52,26.6,0.0,0.0,0.0,0,4.822265625,6,45,05:39,20:21,2025-05-22 21:06:51.680785,Città della Scienza,71.6,7.337776,8.29784,6.2450933,4.783857,EU EEA Common AQI,70.3,5.979821,6.903771,7200,5.757143,100,100,63.1,5.52,Very Low,69.9,6.0312076,100,1747947600,Very Low,4.996074,7.2086825,Very Low,7.3762565,60.3,7.9,100,1747947600,6.9
2025-05-22T21:07:02Z,0,29.873,74.4,59,67.6,6,4,168,77,0.0,255,32767,0.0,2127-15-31,0.0,0.52,26.6,0.0,0.0,0.0,0,4.822265625,6,45,05:39,20:21,2025-05-22 21:07:02.732792,Città della Scienza,71.6,7.337776,8.29784,6.2450933,4.783857,EU EEA Common AQI,70.3,5.979821,6.903771,7200,5.757143,100,100,63.1,5.52,Very Low,69.9,6.0312076,100,1747947600,Very Low,4.996074,7.2086825,Very Low,7.3762565,60.3,7.9,100,1747947600,6.9
2025-05-22T21:07:14Z,0,29.873,74.4,59,67.6,3,4,186,77,0.0,255,32767,0.0,2127-15-31,0.0,0.52,26.6,0.0,0.0,0.0,0,4.822265625,6,45,05:39,20:21,2025-05-22 21:07:13.845793,Città della Scienza,71.6,7.337776,8.29784,6.2450933,4.783857,EU EEA Common AQI,70.3,5.979821,6.903771,7200,5.757143,100,100,63.1,5.52,Very Low,69.9,6.0312076,100,1747947600,Very Low,4.996074,7.2086825,Very Low,7.3762565,60.3,7.9,100,1747947600,6.9
2025-05-22T21:07:25Z,0,29.873,74.4,59,67.6,6,4,199,77,0.0,255,32767,0.0,2127-15-31,0.0,0.52,26.6,0.0,0.0,0.0,0,4.822265625,6,45,05:39,20:21,2025-05-22 21:07:24.906787,Città della Scienza,71.6,7.337776,8.29784,6.2450933,4.783857,EU EEA Common AQI,70.3,5.979821,6.903771,7200,5.757143,100,100,63.1,5.52,Very Low,69.9,6.0312076,100,1747947600,Very Low,4.996074,7.2086825,Very Low,7.3762565,60.3,7.9,100,1747947600,6.9
2025-05-22T21:07:36Z,0,29.872,74.4,59,67.6,5,4,160,77,0.0,255,32767,0.0,2127-15-31,0.0,0.52,26.6,0.0,0.0,0.0,0,4.822265625,6,45,05:39,20:21,2025-05-22 21:07:35.971783,Città della Scienza,71.6,7.337776,8.29784,6.2450933,4.783857,EU EEA Common AQI,70.3,5.979821,6.903771,7200,5.757143,100,100,63.1,5.52,Very Low,69.9,6.0312076,100,1747947600,Very Low,4.996074,7.2086825,Very Low,7.3762565,60.3,7.9,100,1747947600,6.9
2025-05-22T21:07:47Z,0,29.872,74.4,59,67.7,6,4,154,77,0.0,255,32767,0.0,2127-15-31,0.0,0.52,26.6,0.0,0.0,0.0,0,4.822265625,6,45,05:39,20:21,2025-05-22 21:07:47.006803,Città della Scienza,71.6,7.337776,8.29784,6.2450933,4.783857,EU EEA Common AQI,70.3,5.979821,6.903771,7200,5.757143,100,100,63.1,5.52,Very Low,69.9,6.0312076,100,1747947600,Very Low,4.996074,7.2086825,Very Low,7.3762565,60.3,7.9,100,1747947600,6.9
2025-05-22T21:07:58Z,0,29.872,74.4,59,67.7,5,4,168,77,0.0,255,32767,0.0,2127-15-31,0.0,0.52,26.6,0.0,0.0,0.0,0,4.822265625,6,45,05:39,20:21,2025-05-22 21:07:58.077789,Città della Scienza,71.6,7.337776,8.29784,6.2450933,4.783857,EU EEA Common AQI,70.3,5.979821,6.903771,7200,5.757143,100,100,63.1,5.52,Very Low,69.9,6.0312076,100,1747947600,Very Low,4.996074,7.2086825,Very Low,7.3762565,60.3,7.9,100,1747947600,6.9
2025-05-22T21:08:09Z,0,29.872,74.4,59,67.7,5,4,184,77,0.0,255,32767,0.0,2127-15-31,0.0,0.52,26.6,0.0,0.0,0.0,0,4.822265625,6,45,05:39,20:21,2025-05-22 21:08:09.190792,Città della Scienza,71.6,7.337776,8.29784,6.2450933,4.783857,EU EEA Common AQI,70.3,5.979821,6.903771,7200,5.757143,100,100,63.1,5.52,Very Low,69.9,6.0312076,100,1747947600,Very Low,4.996074,7.2086825,Very Low,7.3762565,60.3,7.9,100,1747947600,6.9
2025-05-22T21:08:20Z,0,29.872,74.4,59,67.6,7,4,159,77,0.0,255,32767,0.0,2127-15-31,0.0,0.52,26.6,0.0,0.0,0.0,0,4.822265625,6,45,05:39,20:21,2025-05-22 21:08:20.247793,Città della Scienza,71.6,7.337776,8.29784,6.2450933,4.783857,EU EEA Common AQI,70.3,5.979821,6.903771,7200,5.757143,100,100,63.1,5.52,Very Low,69.9,6.0312076,100,1747947600,Very Low,4.996074,7.2086825,Very Low,7.3762565,60.3,7.9,100,1747947600,6.9
2025-05-22T21:08:31Z,0,29.872,74.4,59,67.7,6,4,167,77,0.0,255,32767,0.0,2127-15-31,0.0,0.52,26.6,0.0,0.0,0.0,0,4.822265625,6,45,05:39,20:21,2025-05-22 21:08:31.345791,Città della Scienza,71.6,7.337776,8.29784,6.2450933,4.783857,EU EEA Common AQI,70.3,5.979821,6.903771,7200,5.757143,100,100,63.1,5.52,Very Low,69.9,6.0312076,100,1747947600,Very Low,4.996074,7.2086825,Very Low,7.3762565,60.3,7.9,100,1747947600,6.9
2025-05-22T21:08:42Z,0,29.87,74.4,59,67.7,6,4,167,77,0.0,255,32767,0.0,2127-15-31,0.0,0.52,26.6,0.0,0.0,0.0,0,4.822265625,6,45,05:39,20:21,2025-05-22 21:08:42.441796,Città della Scienza,71.6,7.337776,8.29784,6.2450933,4.783857,EU EEA Common AQI,70.3,5.979821,6.903771,7200,5.757143,100,100,63.1,5.52,Very Low,69.9,6.0312076,100,1747947600,Very Low,4.996074,7.2086825,Very Low,7.3762565,60.3,7.9,100,1747947600,6.9
2025-05-22T21:08:53Z,0,29.87,74.4,59,67.7,6,4,161,77,0.0,255,32767,0.0,2127-15-31,0.0,0.52,26.6,0.0,0.0,0.0,0,4.822265625,6,45,05:39,20:21,2025-05-22 21:08:53.556827,Città della Scienza,71.6,7.337776,8.29784,6.2450933,4.783857,EU EEA Common AQI,70.3,5.979821,6.903771,7200,5.757143,100,100,63.1,5.52,Very Low,69.9,6.0312076,100,1747947600,Very Low,4.996074,7.2086825,Very Low,7.3762565,60.3,7.9,100,1747947600,6.9
2025-05-22T21:09:04Z,0,29.87,74.4,59,67.7,7,4,174,77,0.0,255,32767,0.0,2127-15-31,0.0,0.52,26.6,0.0,0.0,0.0,0,4.822265625,6,45,05:39,20:21,2025-05-22 21:09:04.603791,Città della Scienza,71.6,7.337776,8.29784,6.2450933,4.783857,EU EEA Common AQI,70.3,5.979821,6.903771,7200,5.757143,100,100,63.1,5.52,Very Low,69.9,6.0312076,100,1747947600,Very Low,4.996074,7.2086825,Very Low,7.3762565,60.3,7.9,100,1747947600,6.9
2025-05-22T21:09:15Z,0,29.87,74.4,59,67.7,6,4,192,77,0.0,255,32767,0.0,2127-15-31,0.0,0.52,26.6,0.0,0.0,0.0,0,4.822265625,6,45,05:39,20:21,2025-05-22 21:09:15.708790,Città della Scienza,71.6,7.337776,8.29784,6.2450933,4.783857,EU EEA Common AQI,70.3,5.979821,6.903771,7200,5.757143,100,100,63.1,5.52,Very Low,69.9,6.0312076,100,1747947600,Very Low,4.996074,7.2086825,Very Low,7.3762565,60.3,7.9,100,1747947600,6.9
2025-05-22T21:09:27Z,0,29.87,74.4,59,67.7,7,4,163,77,0.0,255,32767,0.0,2127-15-31,0.0,0.52,26.6,0.0,0.0,0.0,0,4.822265625,6,45,05:39,20:21,2025-05-22 21:09:26.810787,Città della Scienza,71.6,7.337776,8.29784,6.2450933,4.783857,EU EEA Common AQI,70.3,5.979821,6.903771,7200,5.757143,100,100,63.1,5.52,Very Low,69.9,6.0312076,100,1747947600,Very Low,4.996074,7.2086825,Very Low,7.3762565,60.3,7.9,100,1747947600,6.9
2025-05-22T21:09:38Z,0,29.873,74.4,59,67.7,6,4,178,77,0.0,255,32767,0.0,2127-15-31,0.0,0.52,26.6,0.0,0.0,0.0,0,4.822265625,6,45,05:39,20:21,2025-05-22 21:09:37.902793,Città della Scienza,71.6,7.337776,8.29784,6.2450933,4.783857,EU EEA Common AQI,70.3,5.979821,6.903771,7200,5.757143,100,100,63.1,5.52,Very Low,69.9,6.0312076,100,1747947600,Very Low,4.996074,7.2086825,Very Low,7.3762565,60.3,7.9,100,1747947600,6.9
2025-05-22T21:09:49Z,0,29.873,74.4,59,67.7,7,4,166,77,0.0,255,32767,0.0,2127-15-31,0.0,0.52,26.6,0.0,0.0,0.0,0,4.822265625,6,45,05:39,20:21,2025-05-22 21:09:48.980785,Città della Scienza,71.6,7.337776,8.29784,6.2450933,4.783857,EU EEA Common AQI,70.3,5.979821,6.903771,7200,5.757143,100,100,63.1,5.52,Very Low,69.9,6.0312076,100,1747947600,Very Low,4.996074,7.2086825,Very Low,7.3762565,60.3,7.9,100,1747947600,6.9
2025-05-22T21:10:00Z,0,29.873,74.4,59,67.7,5,4,167,77,0.0,255,32767,0.0,2127-15-31,0.0,0.52,26.6,0.0,0.0,0.0,0,4.822265625,6,45,05:39,20:21,2025-05-22 21:10:00.029759,Città della Scienza,71.6,7.337776,8.29784,6.2450933,4.783857,EU EEA Common AQI,70.3,5.979821,6.903771,7200,5.757143,100,100,63.1,5.52,Very Low,69.9,6.0312076,100,1747947600,Very Low,4.996074,7.2086825,Very Low,7.3762565,60.3,7.9,100,1747947600,6.9
2025-05-22T21:10:11Z,0,29.873,74.4,59,67.7,4,4,175,77,0.0,255,32767,0.0,2127-15-31,0.0,0.52,26.6,0.0,0.0,0.0,0,4.822265625,6,45,05:39,20:21,2025-05-22 21:10:11.098749,Città della Scienza,71.6,7.337776,8.29784,6.2450933,4.783857,EU EEA Common AQI,70.3,5.979821,6.903771,7200,5.757143,100,100,63.1,5.52,Very Low,69.9,6.0312076,100,1747947600,Very Low,4.996074,7.2086825,Very Low,7.3762565,60.3,7.9,100,1747947600,6.9
2025-05-22T21:10:22Z,0,29.873,74.4,59,67.7,4,4,165,77,0.0,255,32767,0.0,2127-15-31,0.0,0.52,26.6,0.0,0.0,0.0,0,4.822265625,6,45,05:39,20:21,2025-05-22 21:10:22.184797,Città della Scienza,71.6,7.337776,8.29784,6.2450933,4.783857,EU EEA Common AQI,70.3,5.979821,6.903771,7200,5.757143,100,100,63.1,5.52,Very Low,69.9,6.0312076,100,1747947600,Very Low,4.996074,7.2086825,Very Low,7.3762565,60.3,7.9,100,1747947600,6.9
2025-05-22T21:10:33Z,0,29.873,74.4,59,67.7,5,4,158,77,0.0,255,32767,0.0,2127-15-31,0.0,0.52,26.6,0.0,0.0,0.0,0,4.822265625,6,45,05:39,20:21,2025-05-22 21:10:33.229800,Città della Scienza,71.6,7.337776,8.29784,6.2450933,4.783857,EU EEA Common AQI,70.3,5.979821,6.903771,7200,5.757143,100,100,63.1,5.52,Very Low,69.9,6.0312076,100,1747947600,Very Low,4.996074,7.2086825,Very Low,7.3762565,60.3,7.9,100,1747947600,6.9
2025-05-22T21:10:44Z,0,29.875,74.4,59,67.7,6,5,186,77,0.0,255,32767,0.0,2127-15-31,0.0,0.52,26.6,0.0,0.0,0.0,0,4.822265625,6,45,05:39,20:21,2025-05-22 21:10:44.344791,Città della Scienza,71.6,7.337776,8.29784,6.2450933,4.783857,EU EEA Common AQI,70.3,5.979821,6.903771,7200,5.757143,100,100,63.1,5.52,Very Low,69.9,6.0312076,100,1747947600,Very Low,4.996074,7.2086825,Very Low,7.3762565,60.3,7.9,100,1747947600,6.9
2025-05-22T21:10:55Z,0,29.875,74.4,59,67.7,5,5,180,77,0.0,255,32767,0.0,2127-15-31,0.0,0.52,26.6,0.0,0.0,0.0,0,4.822265625,6,45,05:39,20:21,2025-05-22 21:10:55.445791,Città della Scienza,71.6,7.337776,8.29784,6.2450933,4.783857,EU EEA Common AQI,70.3,5.979821,6.903771,7200,5.757143,100,100,63.1,5.52,Very Low,69.9,6.0312076,100,1747947600,Very Low,4.996074,7.2086825,Very Low,7.3762565,60.3,7.9,100,1747947600,6.9
2025-05-22T21:11:06Z,0,29.875,74.4,59,67.7,3,5,178,77,0.0,255,32767,0.0,2127-15-31,0.0,0.52,26.6,0.0,0.0,0.0,0,4.822265625,6,45,05:39,20:21,2025-05-22 21:11:06.562748,Città della Scienza,71.6,7.337776,8.29784,6.2450933,4.783857,EU EEA Common AQI,70.3,5.979821,6.903771,7200,5.757143,100,100,63.1,5.52,Very Low,69.9,6.0312076,100,1747947600,Very Low,4.996074,7.2086825,Very Low,7.3762565,60.3,7.9,100,1747947600,6.9
2025-05-22T21:11:17Z,0,29.875,74.4,59,67.6,3,5,205,77,0.0,255,32767,0.0,2127-15-31,0.0,0.52,26.6,0.0,0.0,0.0,0,4.822265625,6,45,05:39,20:21,2025-05-22 21:11:17.662756,Città della Scienza,71.6,7.337776,8.29784,6.2450933,4.783857,EU EEA Common AQI,70.3,5.979821,6.903771,7200,5.757143,100,100,63.1,5.52,Very Low,69.9,6.0312076,100,1747947600,Very Low,4.996074,7.2086825,Very Low,7.3762565,60.3,7.9,100,1747947600,6.9
2025-05-22T21:11:28Z,0,29.875,74.4,59,67.6,1,5,212,77,0.0,255,32767,0.0,2127-15-31,0.0,0.52,26.6,0.0,0.0,0.0,0,4.822265625,6,45,05:39,20:21,2025-05-22 21:11:28.742784,Città della Scienza,71.6,7.337776,8.29784,6.2450933,4.783857,EU EEA Common AQI,70.3,5.979821,6.903771,7200,5.757143,100,100,63.1,5.52,Very Low,69.9,6.0312076,100,1747947600,Very Low,4.996074,7.2086825,Very Low,7.3762565,60.3,7.9,100,1747947600,6.9
2025-05-22T21:11:40Z,0,29.869,74.4,59,67.6,0,5,205,77,0.0,255,32767,0.0,2127-15-31,0.0,0.52,26.6,0.0,0.0,0.0,0,4.822265625,6,45,05:39,20:21,2025-05-22 21:11:39.815785,Città della Scienza,71.6,7.337776,8.29784,6.2450933,4.783857,EU EEA Common AQI,70.3,5.979821,6.903771,7200,5.757143,100,100,63.1,5.52,Very Low,69.9,6.0312076,100,1747947600,Very Low,4.996074,7.2086825,Very Low,7.3762565,60.3,7.9,100,1747947600,6.9
2025-05-22T21:11:51Z,0,29.869,74.4,59,67.7,4,5,178,77,0.0,255,32767,0.0,2127-15-31,0.0,0.52,26.6,0.0,0.0,0.0,0,4.822265625,6,45,05:39,20:21,2025-05-22 21:11:50.896749,Città della Scienza,71.6,7.337776,8.29784,6.2450933,4.783857,EU EEA Common AQI,70.3,5.979821,6.903771,7200,5.757143,100,100,63.1,5.52,Very Low,69.9,6.0312076,100,1747947600,Very Low,4.996074,7.2086825,Very Low,7.3762565,60.3,7.9,100,1747947600,6.9
2025-05-22T21:12:02Z,0,29.869,74.4,59,67.7,3,5,181,77,0.0,255,32767,0.0,2127-15-31,0.0,0.52,26.6,0.0,0.0,0.0,0,4.822265625,6,45,05:39,20:21,2025-05-22 21:12:01.995796,Città della Scienza,71.6,7.337776,8.29784,6.2450933,4.783857,EU EEA Common AQI,70.3,5.979821,6.903771,7200,5.757143,100,100,63.1,5.52,Very Low,69.9,6.0312076,100,1747947600,Very Low,4.996074,7.2086825,Very Low,7.3762565,60.3,7.9,100,1747947600,6.9
2025-05-22T21:12:13Z,0,29.869,74.4,59,67.7,3,5,198,77,0.0,255,32767,0.0,2127-15-31,0.0,0.52,26.6,0.0,0.0,0.0,0,4.822265625,6,45,05:39,20:21,2025-05-22 21:12:13.063788,Città della Scienza,71.6,7.337776,8.29784,6.2450933,4.783857,EU EEA Common AQI,70.3,5.979821,6.903771,7200,5.757143,100,100,63.1,5.52,Very Low,69.9,6.0312076,100,1747947600,Very Low,4.996074,7.2086825,Very Low,7.3762565,60.3,7.9,100,1747947600,6.9
2025-05-22T21:12:24Z,0,29.869,74.4,59,67.7,4,5,242,77,0.0,255,32767,0.0,2127-15-31,0.0,0.52,26.6,0.0,0.0,0.0,0,4.822265625,6,45,05:39,20:21,2025-05-22 21:12:24.136798,Città della Scienza,71.6,7.337776,8.29784,6.2450933,4.783857,EU EEA Common AQI,70.3,5.979821,6.903771,7200,5.757143,100,100,63.1,5.52,Very Low,69.9,6.0312076,100,1747947600,Very Low,4.996074,7.2086825,Very Low,7.3762565,60.3,7.9,100,1747947600,6.9
2025-05-22T21:12:35Z,0,29.873,74.4,59,67.7,6,5,157,77,0.0,255,32767,0.0,2127-15-31,0.0,0.52,26.6,0.0,0.0,0.0,0,4.822265625,6,45,05:39,20:21,2025-05-22 21:12:35.275799,Città della Scienza,71.6,7.337776,8.29784,6.2450933,4.783857,EU EEA Common AQI,70.3,5.979821,6.903771,7200,5.757143,100,100,63.1,5.52,Very Low,69.9,6.0312076,100,1747947600,Very Low,4.996074,7.2086825,Very Low,7.3762565,60.3,7.9,100,1747947600,6.9
2025-05-22T21:12:46Z,0,29.873,74.4,59,67.7,5,5,192,77,0.0,255,32767,0.0,2127-15-31,0.0,0.52,26.6,0.0,0.0,0.0,0,4.822265625,6,45,05:39,20:21,2025-05-22 21:12:46.320789,Città della Scienza,71.6,7.337776,8.29784,6.2450933,4.783857,EU EEA Common AQI,70.3,5.979821,6.903771,7200,5.757143,100,100,63.1,5.52,Very Low,69.9,6.0312076,100,1747947600,Very Low,4.996074,7.2086825,Very Low,7.3762565,60.3,7.9,100,1747947600,6.9
2025-05-22T21:12:57Z,0,29.873,74.4,59,67.7,5,5,184,77,0.0,255,32767,0.0,2127-15-31,0.0,0.52,26.6,0.0,0.0,0.0,0,4.822265625,6,45,05:39,20:21,2025-05-22 21:12:57.399784,Città della Scienza,71.6,7.337776,8.29784,6.2450933,4.783857,EU EEA Common AQI,70.3,5.979821,6.903771,7200,5.757143,100,100,63.1,5.52,Very Low,69.9,6.0312076,100,1747947600,Very Low,4.996074,7.2086825,Very Low,7.3762565,60.3,7.9,100,1747947600,6.9
2025-05-22T21:13:08Z,0,29.873,74.4,59,67.7,6,5,167,77,0.0,255,32767,0.0,2127-15-31,0.0,0.52,26.6,0.0,0.0,0.0,0,4.822265625,6,45,05:39,20:21,2025-05-22 21:13:08.450796,Città della Scienza,71.6,7.337776,8.29784,6.2450933,4.783857,EU EEA Common AQI,70.3,5.979821,6.903771,7200,5.757143,100,100,63.1,5.52,Very Low,69.9,6.0312076,100,1747947600,Very Low,4.996074,7.2086825,Very Low,7.3762565,60.3,7.9,100,1747947600,6.9
2025-05-22T21:13:19Z,0,29.873,74.4,59,67.7,5,5,167,77,0.0,255,32767,0.0,2127-15-31,0.0,0.52,26.6,0.0,0.0,0.0,0,4.822265625,6,45,05:39,20:21,2025-05-22 21:13:19.526787,Città della Scienza,71.6,7.337776,8.29784,6.2450933,4.783857,EU EEA Common AQI,70.3,5.979821,6.903771,7200,5.757143,100,100,63.1,5.52,Very Low,69.9,6.0312076,100,1747947600,Very Low,4.996074,7.2086825,Very Low,7.3762565,60.3,7.9,100,1747947600,6.9
2025-05-22T21:13:30Z,0,29.873,74.4,59,67.7,5,5,186,77,0.0,255,32767,0.0,2127-15-31,0.0,0.52,26.6,0.0,0.0,0.0,0,4.822265625,6,45,05:39,20:21,2025-05-22 21:13:30.618795,Città della Scienza,71.6,7.337776,8.29784,6.2450933,4.783857,EU EEA Common AQI,70.3,5.979821,6.903771,7200,5.757143,100,100,63.1,5.52,Very Low,69.9,6.0312076,100,1747947600,Very Low,4.996074,7.2086825,Very Low,7.3762565,60.3,7.9,100,1747947600,6.9
2025-05-22T21:13:41Z,0,29.874,74.4,59,67.7,5,5,146,77,0.0,255,32767,0.0,2127-15-31,0.0,0.52,26.6,0.0,0.0,0.0,0,4.822265625,6,45,05:39,20:21,2025-05-22 21:13:41.712802,Città della Scienza,71.6,7.337776,8.29784,6.2450933,4.783857,EU EEA Common AQI,70.3,5.979821,6.903771,7200,5.757143,100,100,63.1,5.52,Very Low,69.9,6.0312076,100,1747947600,Very Low,4.996074,7.2086825,Very Low,7.3762565,60.3,7.9,100,1747947600,6.9
2025-05-22T21:13:52Z,0,29.874,74.4,59,67.7,4,5,184,77,0.0,255,32767,0.0,2127-15-31,0.0,0.52,26.6,0.0,0.0,0.0,0,4.822265625,6,45,05:39,20:21,2025-05-22 21:13:52.775791,Città della Scienza,71.6,7.337776,8.29784,6.2450933,4.783857,EU EEA Common AQI,70.3,5.979821,6.903771,7200,5.757143,100,100,63.1,5.52,Very Low,69.9,6.0312076,100,1747947600,Very Low,4.996074,7.2086825,Very Low,7.3762565,60.3,7.9,100,1747947600,6.9
2025-05-22T21:14:04Z,0,29.874,74.4,59,67.7,2,5,180,77,0.0,255,32767,0.0,2127-15-31,0.0,0.52,26.6,0.0,0.0,0.0,0,4.822265625,6,45,05:39,20:21,2025-05-22 21:14:03.865757,Città della Scienza,71.6,7.337776,8.29784,6.2450933,4.783857,EU EEA Common AQI,70.3,5.979821,6.903771,7200,5.757143,100,100,63.1,5.52,Very Low,69.9,6.0312076,100,1747947600,Very Low,4.996074,7.2086825,Very Low,7.3762565,60.3,7.9,100,1747947600,6.9
2025-05-22T21:14:15Z,0,29.874,74.4,59,67.7,5,5,173,77,0.0,255,32767,0.0,2127-15-31,0.0,0.52,26.6,0.0,0.0,0.0,0,4.822265625,6,45,05:39,20:21,2025-05-22 21:14:14.950789,Città della Scienza,71.6,7.337776,8.29784,6.2450933,4.783857,EU EEA Common AQI,70.3,5.979821,6.903771,7200,5.757143,100,100,63.1,5.52,Very Low,69.9,6.0312076,100,1747947600,Very Low,4.996074,7.2086825,Very Low,7.3762565,60.3,7.9,100,1747947600,6.9
2025-05-22T21:14:26Z,0,29.874,74.4,59,67.7,5,5,162,77,0.0,255,32767,0.0,2127-15-31,0.0,0.52,26.6,0.0,0.0,0.0,0,4.822265625,6,45,05:39,20:21,2025-05-22 21:14:26.108801,Città della Scienza,71.6,7.337776,8.29784,6.2450933,4.783857,EU EEA Common AQI,70.3,5.979821,6.903771,7200,5.757143,100,100,63.1,5.52,Very Low,69.9,6.0312076,100,1747947600,Very Low,4.996074,7.2086825,Very Low,7.3762565,60.3,7.9,100,1747947600,6.9
2025-05-22T21:14:37Z,0,29.876,74.4,59,67.7,3,5,173,77,0.0,255,32767,0.0,2127-15-31,0.0,0.52,26.6,0.0,0.0,0.0,0,4.822265625,6,45,05:39,20:21,2025-05-22 21:14:37.204791,Città della Scienza,71.6,7.337776,8.29784,6.2450933,4.783857,EU EEA Common AQI,70.3,5.979821,6.903771,7200,5.757143,100,100,63.1,5.52,Very Low,69.9,6.0312076,100,1747947600,Very Low,4.996074,7.2086825,Very Low,7.3762565,60.3,7.9,100,1747947600,6.9
2025-05-22T21:14:48Z,0,29.876,74.4,59,67.7,3,5,199,77,0.0,255,32767,0.0,2127-15-31,0.0,0.52,26.6,0.0,0.0,0.0,0,4.822265625,6,45,05:39,20:21,2025-05-22 21:14:48.252786,Città della Scienza,71.6,7.337776,8.29784,6.2450933,4.783857,EU EEA Common AQI,70.3,5.979821,6.903771,7200,5.757143,100,100,63.1,5.52,Very Low,69.9,6.0312076,100,1747947600,Very Low,4.996074,7.2086825,Very Low,7.3762565,60.3,7.9,100,1747947600,6.9
2025-05-22T21:14:59Z,0,29.876,74.4,59,67.7,5,5,188,77,0.0,255,32767,0.0,2127-15-31,0.0,0.52,26.6,0.0,0.0,0.0,0,4.822265625,6,45,05:39,20:21,2025-05-22 21:14:59.341787,Città della Scienza,71.6,7.337776,8.29784,6.2450933,4.783857,EU EEA Common AQI,70.3,5.979821,6.903771,7200,5.757143,100,100,63.1,5.52,Very Low,69.9,6.0312076,100,1747947600,Very Low,4.996074,7.2086825,Very Low,7.3762565,60.3,7.9,100,1747947600,6.9
2025-05-22T21:15:10Z,0,29.876,74.4,59,67.7,4,5,189,77,0.0,255,32767,0.0,2127-15-31,0.0,0.52,26.6,0.0,0.0,0.0,0,4.822265625,6,45,05:39,20:21,2025-05-22 21:15:10.464792,Città della Scienza,71.6,7.337776,8.29784,6.2450933,4.783857,EU EEA Common AQI,70.3,5.979821,6.903771,7200,5.757143,100,100,63.1,5.52,Very Low,69.9,6.0312076,100,1747947600,Very Low,4.996074,7.2086825,Very Low,7.3762565,60.3,7.9,100,1747947600,6.9
2025-05-22T21:15:21Z,0,29.876,74.4,59,67.7,5,5,190,77,0.0,255,32767,0.0,2127-15-31,0.0,0.52,26.6,0.0,0.0,0.0,0,4.822265625,6,45,05:39,20:21,2025-05-22 21:15:21.581795,Città della Scienza,71.6,7.337776,8.29784,6.2450933,4.783857,EU EEA Common AQI,70.3,5.979821,6.903771,7200,5.757143,100,100,63.1,5.52,Very Low,69.9,6.0312076,100,1747947600,Very Low,4.996074,7.2086825,Very Low,7.3762565,60.3,7.9,100,1747947600,6.9
2025-05-22T21:15:32Z,0,29.876,74.4,59,67.7,6,5,196,77,0.0,255,32767,0.0,2127-15-31,0.0,0.52,26.6,0.0,0.0,0.0,0,4.822265625,6,45,05:39,20:21,2025-05-22 21:15:32.681786,Città della Scienza,72.8,7.454625,8.30859,6.5034714,4.8983116,EU EEA Common AQI,70.3,6.1228895,6.916537,7200,6.246377,100,100,63.3,5.9130435,Very Low,69.7,6.1316943,100,1747948500,Very Low,5.202777,7.3715343,Very Low,7.7287526,60.6,9.043478,100,1747948500,7.3913045
2025-05-22T21:15:43Z,0,29.875,74.4,59,67.7,5,5,186,77,0.0,255,32767,0.0,2127-15-31,0.0,0.52,26.6,0.0,0.0,0.0,0,4.822265625,6,45,05:39,20:21,2025-05-22 21:15:43.712782,Città della Scienza,72.8,7.454625,8.30859,6.5034714,4.8983116,EU EEA Common AQI,70.3,6.1228895,6.916537,7200,6.246377,100,100,63.3,5.9130435,Very Low,69.7,6.1316943,100,1747948500,Very Low,5.202777,7.3715343,Very Low,7.7287526,60.6,9.043478,100,1747948500,7.3913045
2025-05-22T21:15:54Z,0,29.875,74.4,59,67.7,6,5,181,77,0.0,255,32767,0.0,2127-15-31,0.0,0.52,26.6,0.0,0.0,0.0,0,4.822265625,6,45,05:39,20:21,2025-05-22 21:15:54.793806,Città della Scienza,72.8,7.454625,8.30859,6.5034714,4.8983116,EU EEA Common AQI,70.3,6.1228895,6.916537,7200,6.246377,100,100,63.3,5.9130435,Very Low,69.7,6.1316943,100,1747948500,Very Low,5.202777,7.3715343,Very Low,7.7287526,60.6,9.043478,100,1747948500,7.3913045
2025-05-22T21:16:06Z,0,29.875,74.4,59,67.7,3,5,191,77,0.0,255,32767,0.0,2127-15-31,0.0,0.52,26.6,0.0,0.0,0.0,0,4.822265625,6,45,05:39,20:21,2025-05-22 21:16:05.870800,Città della Scienza,72.8,7.454625,8.30859,6.5034714,4.8983116,EU EEA Common AQI,70.3,6.1228895,6.916537,7200,6.246377,100,100,63.3,5.9130435,Very Low,69.7,6.1316943,100,1747948500,Very Low,5.202777,7.3715343,Very Low,7.7287526,60.6,9.043478,100,1747948500,7.3913045
2025-05-22T21:16:17Z,0,29.875,74.4,59,67.7,10,5,167,77,0.0,255,32767,0.0,2127-15-31,0.0,0.52,26.6,0.0,0.0,0.0,0,4.822265625,6,45,05:39,20:21,2025-05-22 21:16:16.998794,Città della Scienza,72.8,7.454625,8.30859,6.5034714,4.8983116,EU EEA Common AQI,70.3,6.1228895,6.916537,7200,6.246377,100,100,63.3,5.9130435,Very Low,69.7,6.1316943,100,1747948500,Very Low,5.202777,7.3715343,Very Low,7.7287526,60.6,9.043478,100,1747948500,7.3913045
2025-05-22T21:16:28Z,0,29.875,74.4,59,67.7,4,5,184,77,0.0,255,32767,0.0,2127-15-31,0.0,0.52,26.6,0.0,0.0,0.0,0,4.822265625,6,45,05:39,20:21,2025-05-22 21:16:28.108808,Città della Scienza,72.8,7.454625,8.30859,6.5034714,4.8983116,EU EEA Common AQI,70.3,6.1228895,6.916537,7200,6.246377,100,100,63.3,5.9130435,Very Low,69.7,6.1316943,100,1747948500,Very Low,5.202777,7.3715343,Very Low,7.7287526,60.6,9.043478,100,1747948500,7.3913045
2025-05-22T21:16:39Z,0,29.873,74.4,59,67.7,3,5,202,77,0.0,255,32767,0.0,2127-15-31,0.0,0.52,26.6,0.0,0.0,0.0,0,4.822265625,6,45,05:39,20:21,2025-05-22 21:16:39.192794,Città della Scienza,72.8,7.454625,8.30859,6.5034714,4.8983116,EU EEA Common AQI,70.3,6.1228895,6.916537,7200,6.246377,100,100,63.3,5.9130435,Very Low,69.7,6.1316943,100,1747948500,Very Low,5.202777,7.3715343,Very Low,7.7287526,60.6,9.043478,100,1747948500,7.3913045
2025-05-22T21:16:50Z,0,29.873,74.4,59,67.7,2,5,193,77,0.0,255,32767,0.0,2127-15-31,0.0,0.52,26.6,0.0,0.0,0.0,0,4.822265625,6,45,05:39,20:21,2025-05-22 21:16:50.265785,Città della Scienza,72.8,7.454625,8.30859,6.5034714,4.8983116,EU EEA Common AQI,70.3,6.1228895,6.916537,7200,6.246377,100,100,63.3,5.9130435,Very Low,69.7,6.1316943,100,1747948500,Very Low,5.202777,7.3715343,Very Low,7.7287526,60.6,9.043478,100,1747948500,7.3913045
2025-05-22T21:17:01Z,0,29.873,74.4,59,67.7,5,5,192,77,0.0,255,32767,0.0,2127-15-31,0.0,0.52,26.6,0.0,0.0,0.0,0,4.822265625,6,45,05:39,20:21,2025-05-22 21:17:01.329801,Città della Scienza,72.8,7.454625,8.30859,6.5034714,4.8983116,EU EEA Common AQI,70.3,6.1228895,6.916537,7200,6.246377,100,100,63.3,5.9130435,Very Low,69.7,6.1316943,100,1747948500,Very Low,5.202777,7.3715343,Very Low,7.7287526,60.6,9.043478,100,1747948500,7.3913045
2025-05-22T21:17:12Z,0,29.873,74.4,59,67.7,5,5,183,77,0.0,255,32767,0.0,2127-15-31,0.0,0.52,26.6,0.0,0.0,0.0,0,4.822265625,6,45,05:39,20:21,2025-05-22 21:17:12.384794,Città della Scienza,72.8,7.454625,8.30859,6.5034714,4.8983116,EU EEA Common AQI,70.3,6.1228895,6.916537,7200,6.246377,100,100,63.3,5.9130435,Very Low,69.7,6.1316943,100,1747948500,Very Low,5.202777,7.3715343,Very Low,7.7287526,60.6,9.043478,100,1747948500,7.3913045
2025-05-22T21:17:23Z,0,29.873,74.4,59,67.7,7,5,183,77,0.0,255,32767,0.0,2127-15-31,0.0,0.52,26.6,0.0,0.0,0.0,0,4.822265625,6,45,05:39,20:21,2025-05-22 21:17:23.462785,Città della Scienza,72.8,7.454625,8.30859,6.5034714,4.8983116,EU EEA Common AQI,70.3,6.1228895,6.916537,7200,6.246377,100,100,63.3,5.9130435,Very Low,69.7,6.1316943,100,1747948500,Very Low,5.202777,7.3715343,Very Low,7.7287526,60.6,9.043478,100,1747948500,7.3913045
2025-05-22T21:17:34Z,0,29.873,74.4,59,67.7,5,5,190,77,0.0,255,32767,0.0,2127-15-31,0.0,0.52,26.6,0.0,0.0,0.0,0,4.822265625,6,45,05:39,20:21,2025-05-22 21:17:34.544789,Città della Scienza,72.8,7.454625,8.30859,6.5034714,4.8983116,EU EEA Common AQI,70.3,6.1228895,6.916537,7200,6.246377,100,100,63.3,5.9130435,Very Low,69.7,6.1316943,100,1747948500,Very Low,5.202777,7.3715343,Very Low,7.7287526,60.6,9.043478,100,1747948500,7.3913045
2025-05-22T21:17:45Z,0,29.875,74.4,59,67.7,6,5,171,77,0.0,255,32767,0.0,2127-15-31,0.0,0.52,26.6,0.0,0.0,0.0,0,4.822265625,6,45,05:39,20:21,2025-05-22 21:17:45.623796,Città della Scienza,72.8,7.454625,8.30859,6.5034714,4.8983116,EU EEA Common AQI,70.3,6.1228895,6.916537,7200,6.246377,100,100,63.3,5.9130435,Very Low,69.7,6.1316943,100,1747948500,Very Low,5.202777,7.3715343,Very Low,7.7287526,60.6,9.043478,100,1747948500,7.3913045
2025-05-22T21:17:56Z,0,29.875,74.4,59,67.7,8,5,180,77,0.0,255,32767,0.0,2127-15-31,0.0,0.52,26.6,0.0,0.0,0.0,0,4.822265625,6,45,05:39,20:21,2025-05-22 21:17:56.688804,Città della Scienza,72.8,7.454625,8.30859,6.5034714,4.8983116,EU EEA Common AQI,70.3,6.1228895,6.916537,7200,6.246377,100,100,63.3,5.9130435,Very Low,69.7,6.1316943,100,1747948500,Very Low,5.202777,7.3715343,Very Low,7.7287526,60.6,9.043478,100,1747948500,7.3913045
2025-05-22T21:18:07Z,0,29.875,74.4,59,67.7,6,5,167,77,0.0,255,32767,0.0,2127-15-31,0.0,0.52,26.6,0.0,0.0,0.0,0,4.822265625,6,45,05:39,20:21,2025-05-22 21:18:07.779782,Città della Scienza,72.8,7.454625,8.30859,6.5034714,4.8983116,EU EEA Common AQI,70.3,6.1228895,6.916537,7200,6.246377,100,100,63.3,5.9130435,Very Low,69.7,6.1316943,100,1747948500,Very Low,5.202777,7.3715343,Very Low,7.7287526,60.6,9.043478,100,1747948500,7.3913045
2025-05-22T21:18:19Z,0,29.875,74.4,59,67.7,6,5,184,77,0.0,255,32767,0.0,2127-15-31,0.0,0.52,26.6,0.0,0.0,0.0,0,4.822265625,6,45,05:39,20:21,2025-05-22 21:18:18.891791,Città della Scienza,72.8,7.454625,8.30859,6.5034714,4.8983116,EU EEA Common AQI,70.3,6.1228895,6.916537,7200,6.246377,100,100,63.3,5.9130435,Very Low,69.7,6.1316943,100,1747948500,Very Low,5.202777,7.3715343,Very Low,7.7287526,60.6,9.043478,100,1747948500,7.3913045
2025-05-22T21:18:30Z,0,29.875,74.4,59,67.7,8,5,178,77,0.0,255,32767,0.0,2127-15-31,0.0,0.52,26.6,0.0,0.0,0.0,0,4.822265625,6,45,05:39,20:21,2025-05-22 21:18:29.986786,Città della Scienza,72.8,7.454625,8.30859,6.5034714,4.8983116,EU EEA Common AQI,70.3,6.1228895,6.916537,7200,6.246377,100,100,63.3,5.9130435,Very Low,69.7,6.1316943,100,1747948500,Very Low,5.202777,7.3715343,Very Low,7.7287526,60.6,9.043478,100,1747948500,7.3913045
2025-05-22T21:18:41Z,0,29.875,74.4,59,67.7,6,5,180,77,0.0,255,32767,0.0,2127-15-31,0.0,0.52,26.6,0.0,0.0,0.0,0,4.822265625,6,45,05:39,20:21,2025-05-22 21:18:41.066792,Città della Scienza,72.8,7.454625,8.30859,6.5034714,4.8983116,EU EEA Common AQI,70.3,6.1228895,6.916537,7200,6.246377,100,100,63.3,5.9130435,Very Low,69.7,6.1316943,100,1747948500,Very Low,5.202777,7.3715343,Very Low,7.7287526,60.6,9.043478,100,1747948500,7.3913045
2025-05-22T21:18:52Z,0,29.875,74.4,59,67.7,4,5,159,77,0.0,255,32767,0.0,2127-15-31,0.0,0.52,26.6,0.0,0.0,0.0,0,4.822265625,6,45,05:39,20:21,2025-05-22 21:18:52.136796,Città della Scienza,72.8,7.454625,8.30859,6.5034714,4.8983116,EU EEA Common AQI,70.3,6.1228895,6.916537,7200,6.246377,100,100,63.3,5.9130435,Very Low,69.7,6.1316943,100,1747948500,Very Low,5.202777,7.3715343,Very Low,7.7287526,60.6,9.043478,100,1747948500,7.3913045
2025-05-22T21:19:03Z,0,29.875,74.4,59,67.7,7,5,174,77,0.0,255,32767,0.0,2127-15-31,0.0,0.52,26.6,0.0,0.0,0.0,0,4.822265625,6,45,05:39,20:21,2025-05-22 21:19:03.227790,Città della Scienza,72.8,7.454625,8.30859,6.5034714,4.8983116,EU EEA Common AQI,70.3,6.1228895,6.916537,7200,6.246377,100,100,63.3,5.9130435,Very Low,69.7,6.1316943,100,1747948500,Very Low,5.202777,7.3715343,Very Low,7.7287526,60.6,9.043478,100,1747948500,7.3913045
2025-05-22T21:19:14Z,0,29.875,74.4,59,67.7,9,5,183,77,0.0,255,32767,0.0,2127-15-31,0.0,0.52,26.6,0.0,0.0,0.0,0,4.822265625,6,45,05:39,20:21,2025-05-22 21:19:14.284789,Città della Scienza,72.8,7.454625,8.30859,6.5034714,4.8983116,EU EEA Common AQI,70.3,6.1228895,6.916537,7200,6.246377,100,100,63.3,5.9130435,Very Low,69.7,6.1316943,100,1747948500,Very Low,5.202777,7.3715343,Very Low,7.7287526,60.6,9.043478,100,1747948500,7.3913045
2025-05-22T21:19:25Z,0,29.875,74.4,59,67.7,7,5,194,77,0.0,255,32767,0.0,2127-15-31,0.0,0.52,26.6,0.0,0.0,0.0,0,4.822265625,6,45,05:39,20:21,2025-05-22 21:19:25.343798,Città della Scienza,72.8,7.454625,8.30859,6.5034714,4.8983116,EU EEA Common AQI,70.3,6.1228895,6.916537,7200,6.246377,100,100,63.3,5.9130435,Very Low,69.7,6.1316943,100,1747948500,Very Low,5.202777,7.3715343,Very Low,7.7287526,60.6,9.043478,100,1747948500,7.3913045
2025-05-22T21:19:36Z,0,29.875,74.4,59,67.7,3,5,132,77,0.0,255,32767,0.0,2127-15-31,0.0,0.52,26.6,0.0,0.0,0.0,0,4.822265625,6,45,05:39,20:21,2025-05-22 21:19:36.392819,Città della Scienza,72.8,7.454625,8.30859,6.5034714,4.8983116,EU EEA Common AQI,70.3,6.1228895,6.916537,7200,6.246377,100,100,63.3,5.9130435,Very Low,69.7,6.1316943,100,1747948500,Very Low,5.202777,7.3715343,Very Low,7.7287526,60.6,9.043478,100,1747948500,7.3913045
2025-05-22T21:19:47Z,0,29.875,74.4,59,67.7,7,5,215,77,0.0,255,32767,0.0,2127-15-31,0.0,0.52,26.6,0.0,0.0,0.0,0,4.822265625,6,45,05:39,20:21,2025-05-22 21:19:47.509788,Città della Scienza,72.8,7.454625,8.30859,6.5034714,4.8983116,EU EEA Common AQI,70.3,6.1228895,6.916537,7200,6.246377,100,100,63.3,5.9130435,Very Low,69.7,6.1316943,100,1747948500,Very Low,5.202777,7.3715343,Very Low,7.7287526,60.6,9.043478,100,1747948500,7.3913045
2025-05-22T21:19:58Z,0,29.875,74.4,59,67.6,4,5,182,77,0.0,255,32767,0.0,2127-15-31,0.0,0.52,26.6,0.0,0.0,0.0,0,4.822265625,6,45,05:39,20:21,2025-05-22 21:19:58.618785,Città della Scienza,72.8,7.454625,8.30859,6.5034714,4.8983116,EU EEA Common AQI,70.3,6.1228895,6.916537,7200,6.246377,100,100,63.3,5.9130435,Very Low,69.7,6.1316943,100,1747948500,Very Low,5.202777,7.3715343,Very Low,7.7287526,60.6,9.043478,100,1747948500,7.3913045
2025-05-22T21:20:09Z,0,29.875,74.4,59,67.7,6,5,175,77,0.0,255,32767,0.0,2127-15-31,0.0,0.52,26.6,0.0,0.0,0.0,0,4.822265625,6,45,05:39,20:21,2025-05-22 21:20:09.680788,Città della Scienza,72.8,7.454625,8.30859,6.5034714,4.8983116,EU EEA Common AQI,70.3,6.1228895,6.916537,7200,6.246377,100,100,63.3,5.9130435,Very Low,69.7,6.1316943,100,1747948500,Very Low,5.202777,7.3715343,Very Low,7.7287526,60.6,9.043478,100,1747948500,7.3913045
2025-05-22T21:20:20Z,0,29.875,74.4,59,67.7,7,5,189,77,0.0,255,32767,0.0,2127-15-31,0.0,0.52,26.6,0.0,0.0,0.0,0,4.822265625,6,45,05:39,20:21,2025-05-22 21:20:20.734798,Città della Scienza,72.8,7.454625,8.30859,6.5034714,4.8983116,EU EEA Common AQI,70.3,6.1228895,6.916537,7200,6.246377,100,100,63.3,5.9130435,Very Low,69.7,6.1316943,100,1747948500,Very Low,5.202777,7.3715343,Very Low,7.7287526,60.6,9.043478,100,1747948500,7.3913045
2025-05-22T21:20:32Z,0,29.875,74.4,59,67.7,6,5,195,77,0.0,255,32767,0.0,2127-15-31,0.0,0.52,26.6,0.0,0.0,0.0,0,4.822265625,6,45,05:39,20:21,2025-05-22 21:20:31.828788,Città della Scienza,72.8,7.454625,8.30859,6.5034714,4.8983116,EU EEA Common AQI,70.3,6.1228895,6.916537,7200,6.246377,100,100,63.3,5.9130435,Very Low,69.7,6.1316943,100,1747948500,Very Low,5.202777,7.3715343,Very Low,7.7287526,60.6,9.043478,100,1747948500,7.3913045
2025-05-22T21:20:43Z,0,29.876,74.4,59,67.7,3,5,175,77,0.0,255,32767,0.0,2127-15-31,0.0,0.52,26.6,0.0,0.0,0.0,0,4.822265625,6,45,05:39,20:21,2025-05-22 21:20:42.916796,Città della Scienza,72.8,7.454625,8.30859,6.5034714,4.8983116,EU EEA Common AQI,70.3,6.1228895,6.916537,7200,6.246377,100,100,63.3,5.9130435,Very Low,69.7,6.1316943,100,1747948500,Very Low,5.202777,7.3715343,Very Low,7.7287526,60.6,9.043478,100,1747948500,7.3913045
2025-05-22T21:20:54Z,0,29.876,74.4,59,67.7,4,5,219,77,0.0,255,32767,0.0,2127-15-31,0.0,0.52,26.6,0.0,0.0,0.0,0,4.822265625,6,45,05:39,20:21,2025-05-22 21:20:54.011787,Città della Scienza,72.8,7.454625,8.30859,6.5034714,4.8983116,EU EEA Common AQI,70.3,6.1228895,6.916537,7200,6.246377,100,100,63.3,5.9130435,Very Low,69.7,6.1316943,100,1747948500,Very Low,5.202777,7.3715343,Very Low,7.7287526,60.6,9.043478,100,1747948500,7.3913045
2025-05-22T21:21:05Z,0,29.876,74.4,59,67.6,2,5,188,77,0.0,255,32767,0.0,2127-15-31,0.0,0.52,26.6,0.0,0.0,0.0,0,4.822265625,6,45,05:39,20:21,2025-05-22 21:21:05.054782,Città della Scienza,72.8,7.454625,8.30859,6.5034714,4.8983116,EU EEA Common AQI,70.3,6.1228895,6.916537,7200,6.246377,100,100,63.3,5.9130435,Very Low,69.7,6.1316943,100,1747948500,Very Low,5.202777,7.3715343,Very Low,7.7287526,60.6,9.043478,100,1747948500,7.3913045
2025-05-22T21:21:16Z,0,29.876,74.4,59,67.7,6,5,197,77,0.0,255,32767,0.0,2127-15-31,0.0,0.52,26.6,0.0,0.0,0.0,0,4.822265625,6,45,05:39,20:21,2025-05-22 21:21:16.171796,Città della Scienza,72.8,7.454625,8.30859,6.5034714,4.8983116,EU EEA Common AQI,70.3,6.1228895,6.916537,7200,6.246377,100,100,63.3,5.9130435,Very Low,69.7,6.1316943,100,1747948500,Very Low,5.202777,7.3715343,Very Low,7.7287526,60.6,9.043478,100,1747948500,7.3913045
2025-05-22T21:21:27Z,0,29.876,74.4,59,67.7,5,5,160,77,0.0,255,32767,0.0,2127-15-31,0.0,0.52,26.6,0.0,0.0,0.0,0,4.822265625,6,45,05:39,20:21,2025-05-22 21:21:27.234789,Città della Scienza,72.8,7.454625,8.30859,6.5034714,4.8983116,EU EEA Common AQI,70.3,6.1228895,6.916537,7200,6.246377,100,100,63.3,5.9130435,Very Low,69.7,6.1316943,100,1747948500,Very Low,5.202777,7.3715343,Very Low,7.7287526,60.6,9.043478,100,1747948500,7.3913045
2025-05-22T21:21:38Z,0,29.873,74.3,59,67.7,6,5,193,77,0.0,255,32767,0.0,2127-15-31,0.0,0.52,26.6,0.0,0.0,0.0,0,4.822265625,6,45,05:39,20:21,2025-05-22 21:21:38.308789,Città della Scienza,72.8,7.454625,8.30859,6.5034714,4.8983116,EU EEA Common AQI,70.3,6.1228895,6.916537,7200,6.246377,100,100,63.3,5.9130435,Very Low,69.7,6.1316943,100,1747948500,Very Low,5.202777,7.3715343,Very Low,7.7287526,60.6,9.043478,100,1747948500,7.3913045
2025-05-22T21:21:49Z,0,29.873,74.3,59,67.7,4,5,199,77,0.0,255,32767,0.0,2127-15-31,0.0,0.52,26.6,0.0,0.0,0.0,0,4.822265625,6,45,05:39,20:21,2025-05-22 21:21:49.408789,Città della Scienza,72.8,7.454625,8.30859,6.5034714,4.8983116,EU EEA Common AQI,70.3,6.1228895,6.916537,7200,6.246377,100,100,63.3,5.9130435,Very Low,69.7,6.1316943,100,1747948500,Very Low,5.202777,7.3715343,Very Low,7.7287526,60.6,9.043478,100,1747948500,7.3913045
2025-05-22T21:22:00Z,0,29.873,74.3,59,67.7,5,5,173,77,0.0,255,32767,0.0,2127-15-31,0.0,0.52,26.6,0.0,0.0,0.0,0,4.822265625,6,45,05:39,20:21,2025-05-22 21:22:00.484802,Città della Scienza,72.8,7.454625,8.30859,6.5034714,4.8983116,EU EEA Common AQI,70.3,6.1228895,6.916537,7200,6.246377,100,100,63.3,5.9130435,Very Low,69.7,6.1316943,100,1747948500,Very Low,5.202777,7.3715343,Very Low,7.7287526,60.6,9.043478,100,1747948500,7.3913045
2025-05-22T21:22:11Z,0,29.873,74.3,59,67.7,7,5,192,77,0.0,255,32767,0.0,2127-15-31,0.0,0.52,26.6,0.0,0.0,0.0,0,4.822265625,6,45,05:39,20:21,2025-05-22 21:22:11.563784,Città della Scienza,72.8,7.454625,8.30859,6.5034714,4.8983116,EU EEA Common AQI,70.3,6.1228895,6.916537,7200,6.246377,100,100,63.3,5.9130435,Very Low,69.7,6.1316943,100,1747948500,Very Low,5.202777,7.3715343,Very Low,7.7287526,60.6,9.043478,100,1747948500,7.3913045
2025-05-22T21:22:22Z,0,29.873,74.3,59,67.7,3,5,213,77,0.0,255,32767,0.0,2127-15-31,0.0,0.52,26.6,0.0,0.0,0.0,0,4.822265625,6,45,05:39,20:21,2025-05-22 21:22:22.659794,Città della Scienza,72.8,7.454625,8.30859,6.5034714,4.8983116,EU EEA Common AQI,70.3,6.1228895,6.916537,7200,6.246377,100,100,63.3,5.9130435,Very Low,69.7,6.1316943,100,1747948500,Very Low,5.202777,7.3715343,Very Low,7.7287526,60.6,9.043478,100,1747948500,7.3913045
2025-05-22T21:22:33Z,0,29.873,74.3,59,67.7,6,5,180,77,0.0,255,32767,0.0,2127-15-31,0.0,0.52,26.6,0.0,0.0,0.0,0,4.822265625,6,45,05:39,20:21,2025-05-22 21:22:33.741791,Città della Scienza,72.8,7.454625,8.30859,6.5034714,4.8983116,EU EEA Common AQI,70.3,6.1228895,6.916537,7200,6.246377,100,100,63.3,5.9130435,Very Low,69.7,6.1316943,100,1747948500,Very Low,5.202777,7.3715343,Very Low,7.7287526,60.6,9.043478,100,1747948500,7.3913045
2025-05-22T21:22:45Z,0,29.873,74.4,59,67.7,6,5,196,77,0.0,255,32767,0.0,2127-15-31,0.0,0.52,26.6,0.0,0.0,0.0,0,4.822265625,6,45,05:39,20:21,2025-05-22 21:22:44.821752,Città della Scienza,72.8,7.454625,8.30859,6.5034714,4.8983116,EU EEA Common AQI,70.3,6.1228895,6.916537,7200,6.246377,100,100,63.3,5.9130435,Very Low,69.7,6.1316943,100,1747948500,Very Low,5.202777,7.3715343,Very Low,7.7287526,60.6,9.043478,100,1747948500,7.3913045
2025-05-22T21:22:56Z,0,29.873,74.4,59,67.7,7,5,174,77,0.0,255,32767,0.0,2127-15-31,0.0,0.52,26.6,0.0,0.0,0.0,0,4.822265625,6,45,05:39,20:21,2025-05-22 21:22:55.893761,Città della Scienza,72.8,7.454625,8.30859,6.5034714,4.8983116,EU EEA Common AQI,70.3,6.1228895,6.916537,7200,6.246377,100,100,63.3,5.9130435,Very Low,69.7,6.1316943,100,1747948500,Very Low,5.202777,7.3715343,Very Low,7.7287526,60.6,9.043478,100,1747948500,7.3913045
2025-05-22T21:23:07Z,0,29.873,74.4,59,67.8,3,5,187,77,0.0,255,32767,0.0,2127-15-31,0.0,0.52,26.6,0.0,0.0,0.0,0,4.822265625,6,45,05:39,20:21,2025-05-22 21:23:07.039789,Città della Scienza,72.8,7.454625,8.30859,6.5034714,4.8983116,EU EEA Common AQI,70.3,6.1228895,6.916537,7200,6.246377,100,100,63.3,5.9130435,Very Low,69.7,6.1316943,100,1747948500,Very Low,5.202777,7.3715343,Very Low,7.7287526,60.6,9.043478,100,1747948500,7.3913045
2025-05-22T21:23:18Z,0,29.873,74.4,59,67.8,6,5,186,77,0.0,255,32767,0.0,2127-15-31,0.0,0.52,26.6,0.0,0.0,0.0,0,4.822265625,6,45,05:39,20:21,2025-05-22 21:23:18.081791,Città della Scienza,72.8,7.454625,8.30859,6.5034714,4.8983116,EU EEA Common AQI,70.3,6.1228895,6.916537,7200,6.246377,100,100,63.3,5.9130435,Very Low,69.7,6.1316943,100,1747948500,Very Low,5.202777,7.3715343,Very Low,7.7287526,60.6,9.043478,100,1747948500,7.3913045
2025-05-22T21:23:29Z,0,29.873,74.4,59,67.7,8,5,175,77,0.0,255,32767,0.0,2127-15-31,0.0,0.52,26.6,0.0,0.0,0.0,0,4.822265625,6,45,05:39,20:21,2025-05-22 21:23:29.151791,Città della Scienza,72.8,7.454625,8.30859,6.5034714,4.8983116,EU EEA Common AQI,70.3,6.1228895,6.916537,7200,6.246377,100,100,63.3,5.9130435,Very Low,69.7,6.1316943,100,1747948500,Very Low,5.202777,7.3715343,Very Low,7.7287526,60.6,9.043478,100,1747948500,7.3913045
2025-05-22T21:23:40Z,0,29.875,74.3,59,67.7,5,5,178,77,0.0,255,32767,0.0,2127-15-31,0.0,0.52,26.6,0.0,0.0,0.0,0,4.822265625,6,45,05:39,20:21,2025-05-22 21:23:40.205789,Città della Scienza,72.8,7.454625,8.30859,6.5034714,4.8983116,EU EEA Common AQI,70.3,6.1228895,6.916537,7200,6.246377,100,100,63.3,5.9130435,Very Low,69.7,6.1316943,100,1747948500,Very Low,5.202777,7.3715343,Very Low,7.7287526,60.6,9.043478,100,1747948500,7.3913045
2025-05-22T21:23:51Z,0,29.875,74.3,59,67.8,4,5,179,77,0.0,255,32767,0.0,2127-15-31,0.0,0.52,26.6,0.0,0.0,0.0,0,4.822265625,6,45,05:39,20:21,2025-05-22 21:23:51.277791,Città della Scienza,72.8,7.454625,8.30859,6.5034714,4.8983116,EU EEA Common AQI,70.3,6.1228895,6.916537,7200,6.246377,100,100,63.3,5.9130435,Very Low,69.7,6.1316943,100,1747948500,Very Low,5.202777,7.3715343,Very Low,7.7287526,60.6,9.043478,100,1747948500,7.3913045
2025-05-22T21:24:02Z,0,29.875,74.3,59,67.8,7,5,195,77,0.0,255,32767,0.0,2127-15-31,0.0,0.52,26.6,0.0,0.0,0.0,0,4.822265625,6,45,05:39,20:21,2025-05-22 21:24:02.366794,Città della Scienza,72.8,7.454625,8.30859,6.5034714,4.8983116,EU EEA Common AQI,70.3,6.1228895,6.916537,7200,6.246377,100,100,63.3,5.9130435,Very Low,69.7,6.1316943,100,1747948500,Very Low,5.202777,7.3715343,Very Low,7.7287526,60.6,9.043478,100,1747948500,7.3913045
2025-05-22T21:24:13Z,0,29.875,74.3,59,67.8,7,5,196,77,0.0,255,32767,0.0,2127-15-31,0.0,0.52,26.6,0.0,0.0,0.0,0,4.822265625,6,45,05:39,20:21,2025-05-22 21:24:13.475795,Città della Scienza,72.8,7.454625,8.30859,6.5034714,4.8983116,EU EEA Common AQI,70.3,6.1228895,6.916537,7200,6.246377,100,100,63.3,5.9130435,Very Low,69.7,6.1316943,100,1747948500,Very Low,5.202777,7.3715343,Very Low,7.7287526,60.6,9.043478,100,1747948500,7.3913045
2025-05-22T21:24:24Z,0,29.875,74.3,59,67.7,7,5,178,77,0.0,255,32767,0.0,2127-15-31,0.0,0.52,26.6,0.0,0.0,0.0,0,4.822265625,6,45,05:39,20:21,2025-05-22 21:24:24.564800,Città della Scienza,72.8,7.454625,8.30859,6.5034714,4.8983116,EU EEA Common AQI,70.3,6.1228895,6.916537,7200,6.246377,100,100,63.3,5.9130435,Very Low,69.7,6.1316943,100,1747948500,Very Low,5.202777,7.3715343,Very Low,7.7287526,60.6,9.043478,100,1747948500,7.3913045
2025-05-22T21:24:35Z,0,29.874,74.3,59,67.8,4,5,171,77,0.0,255,32767,0.0,2127-15-31,0.0,0.52,26.6,0.0,0.0,0.0,0,4.822265625,6,45,05:39,20:21,2025-05-22 21:24:35.645786,Città della Scienza,72.8,7.454625,8.30859,6.5034714,4.8983116,EU EEA Common AQI,70.3,6.1228895,6.916537,7200,6.246377,100,100,63.3,5.9130435,Very Low,69.7,6.1316943,100,1747948500,Very Low,5.202777,7.3715343,Very Low,7.7287526,60.6,9.043478,100,1747948500,7.3913045
2025-05-22T21:24:46Z,0,29.874,74.3,59,67.8,5,5,178,77,0.0,255,32767,0.0,2127-15-31,0.0,0.52,26.6,0.0,0.0,0.0,0,4.822265625,6,45,05:39,20:21,2025-05-22 21:24:46.769779,Città della Scienza,72.8,7.454625,8.30859,6.5034714,4.8983116,EU EEA Common AQI,70.3,6.1228895,6.916537,7200,6.246377,100,100,63.3,5.9130435,Very Low,69.7,6.1316943,100,1747948500,Very Low,5.202777,7.3715343,Very Low,7.7287526,60.6,9.043478,100,1747948500,7.3913045
2025-05-22T21:24:58Z,0,29.874,74.3,59,67.8,4,5,185,77,0.0,255,32767,0.0,2127-15-31,0.0,0.52,26.6,0.0,0.0,0.0,0,4.822265625,6,45,05:39,20:21,2025-05-22 21:24:57.824790,Città della Scienza,72.8,7.454625,8.30859,6.5034714,4.8983116,EU EEA Common AQI,70.3,6.1228895,6.916537,7200,6.246377,100,100,63.3,5.9130435,Very Low,69.7,6.1316943,100,1747948500,Very Low,5.202777,7.3715343,Very Low,7.7287526,60.6,9.043478,100,1747948500,7.3913045
2025-05-22T21:25:09Z,0,29.874,74.3,59,67.8,4,5,194,77,0.0,255,32767,0.0,2127-15-31,0.0,0.52,26.6,0.0,0.0,0.0,0,4.822265625,6,45,05:39,20:21,2025-05-22 21:25:08.919798,Città della Scienza,72.8,7.454625,8.30859,6.5034714,4.8983116,EU EEA Common AQI,70.3,6.1228895,6.916537,7200,6.246377,100,100,63.3,5.9130435,Very Low,69.7,6.1316943,100,1747948500,Very Low,5.202777,7.3715343,Very Low,7.7287526,60.6,9.043478,100,1747948500,7.3913045
2025-05-22T21:25:20Z,0,29.874,74.3,59,67.8,4,5,163,77,0.0,255,32767,0.0,2127-15-31,0.0,0.52,26.6,0.0,0.0,0.0,0,4.822265625,6,45,05:39,20:21,2025-05-22 21:25:20.069789,Città della Scienza,72.8,7.454625,8.30859,6.5034714,4.8983116,EU EEA Common AQI,70.3,6.1228895,6.916537,7200,6.246377,100,100,63.3,5.9130435,Very Low,69.7,6.1316943,100,1747948500,Very Low,5.202777,7.3715343,Very Low,7.7287526,60.6,9.043478,100,1747948500,7.3913045
2025-05-22T21:25:31Z,0,29.874,74.3,59,67.7,6,5,187,77,0.0,255,32767,0.0,2127-15-31,0.0,0.52,26.6,0.0,0.0,0.0,0,4.822265625,6,45,05:39,20:21,2025-05-22 21:25:31.134793,Città della Scienza,72.8,7.454625,8.30859,6.5034714,4.8983116,EU EEA Common AQI,70.3,6.1228895,6.916537,7200,6.246377,100,100,63.3,5.9130435,Very Low,69.7,6.1316943,100,1747948500,Very Low,5.202777,7.3715343,Very Low,7.7287526,60.6,9.043478,100,1747948500,7.3913045
2025-05-22T21:25:42Z,0,29.874,74.3,59,67.7,6,5,174,77,0.0,255,32767,0.0,2127-15-31,0.0,0.52,26.6,0.0,0.0,0.0,0,4.822265625,6,45,05:39,20:21,2025-05-22 21:25:42.198786,Città della Scienza,72.8,7.454625,8.30859,6.5034714,4.8983116,EU EEA Common AQI,70.3,6.1228895,6.916537,7200,6.246377,100,100,63.3,5.9130435,Very Low,69.7,6.1316943,100,1747948500,Very Low,5.202777,7.3715343,Very Low,7.7287526,60.6,9.043478,100,1747948500,7.3913045
2025-05-22T21:25:53Z,0,29.874,74.3,59,67.7,7,5,183,77,0.0,255,32767,0.0,2127-15-31,0.0,0.52,26.6,0.0,0.0,0.0,0,4.822265625,6,45,05:39,20:21,2025-05-22 21:25:53.270787,Città della Scienza,72.8,7.454625,8.30859,6.5034714,4.8983116,EU EEA Common AQI,70.3,6.1228895,6.916537,7200,6.246377,100,100,63.3,5.9130435,Very Low,69.7,6.1316943,100,1747948500,Very Low,5.202777,7.3715343,Very Low,7.7287526,60.6,9.043478,100,1747948500,7.3913045
2025-05-22T21:26:04Z,0,29.874,74.3,59,67.7,5,5,186,77,0.0,255,32767,0.0,2127-15-31,0.0,0.52,26.6,0.0,0.0,0.0,0,4.822265625,6,45,05:39,20:21,2025-05-22 21:26:04.343780,Città della Scienza,72.8,7.454625,8.30859,6.5034714,4.8983116,EU EEA Common AQI,70.3,6.1228895,6.916537,7200,6.246377,100,100,63.3,5.9130435,Very Low,69.7,6.1316943,100,1747948500,Very Low,5.202777,7.3715343,Very Low,7.7287526,60.6,9.043478,100,1747948500,7.3913045
2025-05-22T21:26:15Z,0,29.874,74.3,59,67.8,5,5,180,77,0.0,255,32767,0.0,2127-15-31,0.0,0.52,26.6,0.0,0.0,0.0,0,4.822265625,6,45,05:39,20:21,2025-05-22 21:26:15.416791,Città della Scienza,72.8,7.454625,8.30859,6.5034714,4.8983116,EU EEA Common AQI,70.3,6.1228895,6.916537,7200,6.246377,100,100,63.3,5.9130435,Very Low,69.7,6.1316943,100,1747948500,Very Low,5.202777,7.3715343,Very Low,7.7287526,60.6,9.043478,100,1747948500,7.3913045
2025-05-22T21:26:26Z,0,29.874,74.3,59,67.8,6,5,154,77,0.0,255,32767,0.0,2127-15-31,0.0,0.52,26.6,0.0,0.0,0.0,0,4.822265625,6,45,05:39,20:21,2025-05-22 21:26:26.495786,Città della Scienza,72.8,7.454625,8.30859,6.5034714,4.8983116,EU EEA Common AQI,70.3,6.1228895,6.916537,7200,6.246377,100,100,63.3,5.9130435,Very Low,69.7,6.1316943,100,1747948500,Very Low,5.202777,7.3715343,Very Low,7.7287526,60.6,9.043478,100,1747948500,7.3913045
2025-05-22T21:26:37Z,0,29.873,74.3,59,67.8,4,5,261,77,0.0,255,32767,0.0,2127-15-31,0.0,0.52,26.6,0.0,0.0,0.0,0,4.822265625,6,45,05:39,20:21,2025-05-22 21:26:37.542803,Città della Scienza,72.8,7.454625,8.30859,6.5034714,4.8983116,EU EEA Common AQI,70.3,6.1228895,6.916537,7200,6.246377,100,100,63.3,5.9130435,Very Low,69.7,6.1316943,100,1747948500,Very Low,5.202777,7.3715343,Very Low,7.7287526,60.6,9.043478,100,1747948500,7.3913045
2025-05-22T21:26:48Z,0,29.873,74.3,59,67.8,2,5,146,77,0.0,255,32767,0.0,2127-15-31,0.0,0.52,26.6,0.0,0.0,0.0,0,4.822265625,6,45,05:39,20:21,2025-05-22 21:26:48.647794,Città della Scienza,72.8,7.454625,8.30859,6.5034714,4.8983116,EU EEA Common AQI,70.3,6.1228895,6.916537,7200,6.246377,100,100,63.3,5.9130435,Very Low,69.7,6.1316943,100,1747948500,Very Low,5.202777,7.3715343,Very Low,7.7287526,60.6,9.043478,100,1747948500,7.3913045
2025-05-22T21:26:59Z,0,29.873,74.3,59,67.8,3,5,211,77,0.0,255,32767,0.0,2127-15-31,0.0,0.52,26.6,0.0,0.0,0.0,0,4.822265625,6,45,05:39,20:21,2025-05-22 21:26:59.741748,Città della Scienza,72.8,7.454625,8.30859,6.5034714,4.8983116,EU EEA Common AQI,70.3,6.1228895,6.916537,7200,6.246377,100,100,63.3,5.9130435,Very Low,69.7,6.1316943,100,1747948500,Very Low,5.202777,7.3715343,Very Low,7.7287526,60.6,9.043478,100,1747948500,7.3913045
2025-05-22T21:27:10Z,0,29.873,74.3,59,67.8,6,5,232,77,0.0,255,32767,0.0,2127-15-31,0.0,0.52,26.6,0.0,0.0,0.0,0,4.822265625,6,45,05:39,20:21,2025-05-22 21:27:10.794790,Città della Scienza,72.8,7.454625,8.30859,6.5034714,4.8983116,EU EEA Common AQI,70.3,6.1228895,6.916537,7200,6.246377,100,100,63.3,5.9130435,Very Low,69.7,6.1316943,100,1747948500,Very Low,5.202777,7.3715343,Very Low,7.7287526,60.6,9.043478,100,1747948500,7.3913045
2025-05-22T21:27:22Z,0,29.873,74.3,59,67.8,7,5,206,77,0.0,255,32767,0.0,2127-15-31,0.0,0.52,26.6,0.0,0.0,0.0,0,4.822265625,6,45,05:39,20:21,2025-05-22 21:27:21.930803,Città della Scienza,72.8,7.454625,8.30859,6.5034714,4.8983116,EU EEA Common AQI,70.3,6.1228895,6.916537,7200,6.246377,100,100,63.3,5.9130435,Very Low,69.7,6.1316943,100,1747948500,Very Low,5.202777,7.3715343,Very Low,7.7287526,60.6,9.043478,100,1747948500,7.3913045
2025-05-22T21:27:33Z,0,29.873,74.3,59,67.8,3,5,68,77,0.0,255,32767,0.0,2127-15-31,0.0,0.52,26.6,0.0,0.0,0.0,0,4.822265625,6,45,05:39,20:21,2025-05-22 21:27:33.049794,Città della Scienza,72.8,7.454625,8.30859,6.5034714,4.8983116,EU EEA Common AQI,70.3,6.1228895,6.916537,7200,6.246377,100,100,63.3,5.9130435,Very Low,69.7,6.1316943,100,1747948500,Very Low,5.202777,7.3715343,Very Low,7.7287526,60.6,9.043478,100,1747948500,7.3913045
2025-05-22T21:27:44Z,0,29.875,74.3,59,67.8,5,5,171,77,0.0,255,32767,0.0,2127-15-31,0.0,0.52,26.6,0.0,0.0,0.0,0,4.822265625,6,45,05:39,20:21,2025-05-22 21:27:44.125784,Città della Scienza,72.8,7.454625,8.30859,6.5034714,4.8983116,EU EEA Common AQI,70.3,6.1228895,6.916537,7200,6.246377,100,100,63.3,5.9130435,Very Low,69.7,6.1316943,100,1747948500,Very Low,5.202777,7.3715343,Very Low,7.7287526,60.6,9.043478,100,1747948500,7.3913045
2025-05-22T21:27:55Z,0,29.875,74.3,59,67.8,7,5,186,77,0.0,255,32767,0.0,2127-15-31,0.0,0.52,26.6,0.0,0.0,0.0,0,4.822265625,6,45,05:39,20:21,2025-05-22 21:27:55.223781,Città della Scienza,72.8,7.454625,8.30859,6.5034714,4.8983116,EU EEA Common AQI,70.3,6.1228895,6.916537,7200,6.246377,100,100,63.3,5.9130435,Very Low,69.7,6.1316943,100,1747948500,Very Low,5.202777,7.3715343,Very Low,7.7287526,60.6,9.043478,100,1747948500,7.3913045
2025-05-22T21:28:06Z,0,29.875,74.3,59,67.8,8,5,202,77,0.0,255,32767,0.0,2127-15-31,0.0,0.52,26.6,0.0,0.0,0.0,0,4.822265625,6,45,05:39,20:21,2025-05-22 21:28:06.330787,Città della Scienza,72.8,7.454625,8.30859,6.5034714,4.8983116,EU EEA Common AQI,70.3,6.1228895,6.916537,7200,6.246377,100,100,63.3,5.9130435,Very Low,69.7,6.1316943,100,1747948500,Very Low,5.202777,7.3715343,Very Low,7.7287526,60.6,9.043478,100,1747948500,7.3913045
2025-05-22T21:28:17Z,0,29.875,74.3,59,67.8,3,5,196,77,0.0,255,32767,0.0,2127-15-31,0.0,0.52,26.6,0.0,0.0,0.0,0,4.822265625,6,45,05:39,20:21,2025-05-22 21:28:17.416805,Città della Scienza,72.8,7.454625,8.30859,6.5034714,4.8983116,EU EEA Common AQI,70.3,6.1228895,6.916537,7200,6.246377,100,100,63.3,5.9130435,Very Low,69.7,6.1316943,100,1747948500,Very Low,5.202777,7.3715343,Very Low,7.7287526,60.6,9.043478,100,1747948500,7.3913045
2025-05-22T21:28:28Z,0,29.875,74.3,59,67.8,6,5,178,77,0.0,255,32767,0.0,2127-15-31,0.0,0.52,26.6,0.0,0.0,0.0,0,4.822265625,6,45,05:39,20:21,2025-05-22 21:28:28.515790,Città della Scienza,72.8,7.454625,8.30859,6.5034714,4.8983116,EU EEA Common AQI,70.3,6.1228895,6.916537,7200,6.246377,100,100,63.3,5.9130435,Very Low,69.7,6.1316943,100,1747948500,Very Low,5.202777,7.3715343,Very Low,7.7287526,60.6,9.043478,100,1747948500,7.3913045
2025-05-22T21:28:39Z,0,29.874,74.2,59,67.8,7,5,202,77,0.0,255,32767,0.0,2127-15-31,0.0,0.52,26.6,0.0,0.0,0.0,0,4.822265625,6,45,05:39,20:21,2025-05-22 21:28:39.568809,Città della Scienza,72.8,7.454625,8.30859,6.5034714,4.8983116,EU EEA Common AQI,70.3,6.1228895,6.916537,7200,6.246377,100,100,63.3,5.9130435,Very Low,69.7,6.1316943,100,1747948500,Very Low,5.202777,7.3715343,Very Low,7.7287526,60.6,9.043478,100,1747948500,7.3913045
2025-05-22T21:28:50Z,0,29.874,74.2,59,67.8,4,5,196,77,0.0,255,32767,0.0,2127-15-31,0.0,0.52,26.6,0.0,0.0,0.0,0,4.822265625,6,45,05:39,20:21,2025-05-22 21:28:50.622820,Città della Scienza,72.8,7.454625,8.30859,6.5034714,4.8983116,EU EEA Common AQI,70.3,6.1228895,6.916537,7200,6.246377,100,100,63.3,5.9130435,Very Low,69.7,6.1316943,100,1747948500,Very Low,5.202777,7.3715343,Very Low,7.7287526,60.6,9.043478,100,1747948500,7.3913045
2025-05-22T21:29:01Z,0,29.874,74.2,59,67.8,5,5,180,77,0.0,255,32767,0.0,2127-15-31,0.0,0.52,26.6,0.0,0.0,0.0,0,4.822265625,6,45,05:39,20:21,2025-05-22 21:29:01.730783,Città della Scienza,72.8,7.454625,8.30859,6.5034714,4.8983116,EU EEA Common AQI,70.3,6.1228895,6.916537,7200,6.246377,100,100,63.3,5.9130435,Very Low,69.7,6.1316943,100,1747948500,Very Low,5.202777,7.3715343,Very Low,7.7287526,60.6,9.043478,100,1747948500,7.3913045
2025-05-22T21:29:12Z,0,29.874,74.2,59,67.8,5,5,198,77,0.0,255,32767,0.0,2127-15-31,0.0,0.52,26.6,0.0,0.0,0.0,0,4.822265625,6,45,05:39,20:21,2025-05-22 21:29:12.785756,Città della Scienza,72.8,7.454625,8.30859,6.5034714,4.8983116,EU EEA Common AQI,70.3,6.1228895,6.916537,7200,6.246377,100,100,63.3,5.9130435,Very Low,69.7,6.1316943,100,1747948500,Very Low,5.202777,7.3715343,Very Low,7.7287526,60.6,9.043478,100,1747948500,7.3913045
2025-05-22T21:29:24Z,0,29.874,74.2,59,67.8,1,5,161,77,0.0,255,32767,0.0,2127-15-31,0.0,0.52,26.6,0.0,0.0,0.0,0,4.822265625,6,45,05:39,20:21,2025-05-22 21:29:23.851792,Città della Scienza,72.8,7.454625,8.30859,6.5034714,4.8983116,EU EEA Common AQI,70.3,6.1228895,6.916537,7200,6.246377,100,100,63.3,5.9130435,Very Low,69.7,6.1316943,100,1747948500,Very Low,5.202777,7.3715343,Very Low,7.7287526,60.6,9.043478,100,1747948500,7.3913045
2025-05-22T21:29:35Z,0,29.874,74.3,59,67.8,6,5,189,77,0.0,255,32767,0.0,2127-15-31,0.0,0.52,26.6,0.0,0.0,0.0,0,4.822265625,6,45,05:39,20:21,2025-05-22 21:29:35.136793,Città della Scienza,72.8,7.454625,8.30859,6.5034714,4.8983116,EU EEA Common AQI,70.3,6.1228895,6.916537,7200,6.246377,100,100,63.3,5.9130435,Very Low,69.7,6.1316943,100,1747948500,Very Low,5.202777,7.3715343,Very Low,7.7287526,60.6,9.043478,100,1747948500,7.3913045
2025-05-22T21:29:46Z,0,29.875,74.3,59,67.8,6,5,184,77,0.0,255,32767,0.0,2127-15-31,0.0,0.52,26.6,0.0,0.0,0.0,0,4.822265625,6,45,05:39,20:21,2025-05-22 21:29:46.198792,Città della Scienza,72.8,7.454625,8.30859,6.5034714,4.8983116,EU EEA Common AQI,70.3,6.1228895,6.916537,7200,6.246377,100,100,63.3,5.9130435,Very Low,69.7,6.1316943,100,1747948500,Very Low,5.202777,7.3715343,Very Low,7.7287526,60.6,9.043478,100,1747948500,7.3913045
2025-05-22T21:29:57Z,0,29.875,74.3,59,67.8,3,5,185,77,0.0,255,32767,0.0,2127-15-31,0.0,0.52,26.6,0.0,0.0,0.0,0,4.822265625,6,45,05:39,20:21,2025-05-22 21:29:57.276752,Città della Scienza,72.8,7.454625,8.30859,6.5034714,4.8983116,EU EEA Common AQI,70.3,6.1228895,6.916537,7200,6.246377,100,100,63.3,5.9130435,Very Low,69.7,6.1316943,100,1747948500,Very Low,5.202777,7.3715343,Very Low,7.7287526,60.6,9.043478,100,1747948500,7.3913045
2025-05-22T21:30:08Z,0,29.875,74.3,59,67.8,7,5,187,77,0.0,255,32767,0.0,2127-15-31,0.0,0.52,26.6,0.0,0.0,0.0,0,4.822265625,6,45,05:39,20:21,2025-05-22 21:30:08.373799,Città della Scienza,72.8,7.454625,8.30859,6.5034714,4.8983116,EU EEA Common AQI,70.3,6.1228895,6.916537,7200,6.246377,100,100,63.3,5.9130435,Very Low,69.7,6.1316943,100,1747948500,Very Low,5.202777,7.3715343,Very Low,7.7287526,60.6,9.043478,100,1747948500,7.3913045
2025-05-22T21:30:19Z,0,29.875,74.3,59,67.8,6,5,170,77,0.0,255,32767,0.0,2127-15-31,0.0,0.52,26.6,0.0,0.0,0.0,0,4.822265625,6,45,05:39,20:21,2025-05-22 21:30:19.430789,Città della Scienza,72.8,7.454625,8.30859,6.5034714,4.8983116,EU EEA Common AQI,70.3,6.1228895,6.916537,7200,6.246377,100,100,63.3,5.9130435,Very Low,69.7,6.1316943,100,1747948500,Very Low,5.202777,7.3715343,Very Low,7.7287526,60.6,9.043478,100,1747948500,7.3913045
2025-05-22T21:30:30Z,0,29.875,74.3,59,67.8,8,5,198,77,0.0,255,32767,0.0,2127-15-31,0.0,0.52,26.6,0.0,0.0,0.0,0,4.822265625,6,45,05:39,20:21,2025-05-22 21:30:30.513776,Città della Scienza,74.0,7.5005984,8.317543,6.4843187,4.9188094,EU EEA Common AQI,70.3,6.1485124,6.927117,7200,5.5072465,100,100,63.4,4.730435,Very Low,69.5,6.185729,100,1747949400,Very Low,5.1874547,7.3975916,Very Low,7.7074456,60.9,6.695652,100,1747949400,5.9130435
2025-05-22T21:30:41Z,0,29.876,74.2,59,67.8,5,5,193,77,0.0,255,32767,0.0,2127-15-31,0.0,0.52,26.6,0.0,0.0,0.0,0,4.81640625,6,45,05:39,20:21,2025-05-22 21:30:41.597792,Città della Scienza,74.0,7.5005984,8.317543,6.4843187,4.9188094,EU EEA Common AQI,70.3,6.1485124,6.927117,7200,5.5072465,100,100,63.4,4.730435,Very Low,69.5,6.185729,100,1747949400,Very Low,5.1874547,7.3975916,Very Low,7.7074456,60.9,6.695652,100,1747949400,5.9130435
2025-05-22T21:30:52Z,0,29.876,74.2,59,67.8,5,5,183,77,0.0,255,32767,0.0,2127-15-31,0.0,0.52,26.6,0.0,0.0,0.0,0,4.81640625,6,45,05:39,20:21,2025-05-22 21:30:52.658779,Città della Scienza,74.0,7.5005984,8.317543,6.4843187,4.9188094,EU EEA Common AQI,70.3,6.1485124,6.927117,7200,5.5072465,100,100,63.4,4.730435,Very Low,69.5,6.185729,100,1747949400,Very Low,5.1874547,7.3975916,Very Low,7.7074456,60.9,6.695652,100,1747949400,5.9130435
2025-05-22T21:31:03Z,0,29.876,74.2,59,67.8,5,5,180,78,0.0,255,32767,0.0,2127-15-31,0.0,0.52,26.6,0.0,0.0,0.0,0,4.81640625,6,45,05:39,20:21,2025-05-22 21:31:03.729784,Città della Scienza,74.0,7.5005984,8.317543,6.4843187,4.9188094,EU EEA Common AQI,70.3,6.1485124,6.927117,7200,5.5072465,100,100,63.4,4.730435,Very Low,69.5,6.185729,100,1747949400,Very Low,5.1874547,7.3975916,Very Low,7.7074456,60.9,6.695652,100,1747949400,5.9130435
2025-05-22T21:31:15Z,0,29.876,74.2,59,67.7,3,5,184,78,0.0,255,32767,0.0,2127-15-31,0.0,0.52,26.6,0.0,0.0,0.0,0,4.81640625,6,45,05:39,20:21,2025-05-22 21:31:14.821800,Città della Scienza,74.0,7.5005984,8.317543,6.4843187,4.9188094,EU EEA Common AQI,70.3,6.1485124,6.927117,7200,5.5072465,100,100,63.4,4.730435,Very Low,69.5,6.185729,100,1747949400,Very Low,5.1874547,7.3975916,Very Low,7.7074456,60.9,6.695652,100,1747949400,5.9130435
2025-05-22T21:31:26Z,0,29.876,74.2,59,67.7,4,5,188,78,0.0,255,32767,0.0,2127-15-31,0.0,0.52,26.6,0.0,0.0,0.0,0,4.81640625,6,45,05:39,20:21,2025-05-22 21:31:25.841752,Città della Scienza,74.0,7.5005984,8.317543,6.4843187,4.9188094,EU EEA Common AQI,70.3,6.1485124,6.927117,7200,5.5072465,100,100,63.4,4.730435,Very Low,69.5,6.185729,100,1747949400,Very Low,5.1874547,7.3975916,Very Low,7.7074456,60.9,6.695652,100,1747949400,5.9130435
2025-05-22T21:31:37Z,0,29.875,74.2,59,67.7,4,5,221,78,0.0,255,32767,0.0,2127-15-31,0.0,0.52,26.6,0.0,0.0,0.0,0,4.822265625,6,45,05:39,20:21,2025-05-22 21:31:36.926793,Città della Scienza,74.0,7.5005984,8.317543,6.4843187,4.9188094,EU EEA Common AQI,70.3,6.1485124,6.927117,7200,5.5072465,100,100,63.4,4.730435,Very Low,69.5,6.185729,100,1747949400,Very Low,5.1874547,7.3975916,Very Low,7.7074456,60.9,6.695652,100,1747949400,5.9130435
2025-05-22T21:31:48Z,0,29.875,74.2,59,67.7,3,5,207,78,0.0,255,32767,0.0,2127-15-31,0.0,0.52,26.6,0.0,0.0,0.0,0,4.822265625,6,45,05:39,20:21,2025-05-22 21:31:47.941752,Città della Scienza,74.0,7.5005984,8.317543,6.4843187,4.9188094,EU EEA Common AQI,70.3,6.1485124,6.927117,7200,5.5072465,100,100,63.4,4.730435,Very Low,69.5,6.185729,100,1747949400,Very Low,5.1874547,7.3975916,Very Low,7.7074456,60.9,6.695652,100,1747949400,5.9130435
2025-05-22T21:31:59Z,0,29.875,74.2,59,67.7,2,5,227,78,0.0,255,32767,0.0,2127-15-31,0.0,0.52,26.6,0.0,0.0,0.0,0,4.822265625,6,45,05:39,20:21,2025-05-22 21:31:58.975778,Città della Scienza,74.0,7.5005984,8.317543,6.4843187,4.9188094,EU EEA Common AQI,70.3,6.1485124,6.927117,7200,5.5072465,100,100,63.4,4.730435,Very Low,69.5,6.185729,100,1747949400,Very Low,5.1874547,7.3975916,Very Low,7.7074456,60.9,6.695652,100,1747949400,5.9130435
2025-05-22T21:32:10Z,0,29.875,74.2,59,67.8,8,5,176,78,0.0,255,32767,0.0,2127-15-31,0.0,0.52,26.6,0.0,0.0,0.0,0,4.822265625,6,45,05:39,20:21,2025-05-22 21:32:10.044799,Città della Scienza,74.0,7.5005984,8.317543,6.4843187,4.9188094,EU EEA Common AQI,70.3,6.1485124,6.927117,7200,5.5072465,100,100,63.4,4.730435,Very Low,69.5,6.185729,100,1747949400,Very Low,5.1874547,7.3975916,Very Low,7.7074456,60.9,6.695652,100,1747949400,5.9130435
2025-05-22T21:32:21Z,0,29.875,74.2,59,67.8,6,5,212,78,0.0,255,32767,0.0,2127-15-31,0.0,0.52,26.6,0.0,0.0,0.0,0,4.822265625,6,45,05:39,20:21,2025-05-22 21:32:21.156789,Città della Scienza,74.0,7.5005984,8.317543,6.4843187,4.9188094,EU EEA Common AQI,70.3,6.1485124,6.927117,7200,5.5072465,100,100,63.4,4.730435,Very Low,69.5,6.185729,100,1747949400,Very Low,5.1874547,7.3975916,Very Low,7.7074456,60.9,6.695652,100,1747949400,5.9130435
2025-05-22T21:32:32Z,0,29.875,74.2,59,67.7,7,5,181,78,0.0,255,32767,0.0,2127-15-31,0.0,0.52,26.6,0.0,0.0,0.0,0,4.822265625,6,45,05:39,20:21,2025-05-22 21:32:32.211785,Città della Scienza,74.0,7.5005984,8.317543,6.4843187,4.9188094,EU EEA Common AQI,70.3,6.1485124,6.927117,7200,5.5072465,100,100,63.4,4.730435,Very Low,69.5,6.185729,100,1747949400,Very Low,5.1874547,7.3975916,Very Low,7.7074456,60.9,6.695652,100,1747949400,5.9130435
2025-05-22T21:32:43Z,0,29.874,74.2,59,67.7,9,5,174,78,0.0,255,32767,0.0,2127-15-31,0.0,0.52,26.6,0.0,0.0,0.0,0,4.822265625,6,45,05:39,20:21,2025-05-22 21:32:43.253786,Città della Scienza,74.0,7.5005984,8.317543,6.4843187,4.9188094,EU EEA Common AQI,70.3,6.1485124,6.927117,7200,5.5072465,100,100,63.4,4.730435,Very Low,69.5,6.185729,100,1747949400,Very Low,5.1874547,7.3975916,Very Low,7.7074456,60.9,6.695652,100,1747949400,5.9130435
2025-05-22T21:32:54Z,0,29.874,74.2,59,67.7,5,5,187,77,0.0,255,32767,0.0,2127-15-31,0.0,0.52,26.6,0.0,0.0,0.0,0,4.822265625,6,45,05:39,20:21,2025-05-22 21:32:54.323793,Città della Scienza,74.0,7.5005984,8.317543,6.4843187,4.9188094,EU EEA Common AQI,70.3,6.1485124,6.927117,7200,5.5072465,100,100,63.4,4.730435,Very Low,69.5,6.185729,100,1747949400,Very Low,5.1874547,7.3975916,Very Low,7.7074456,60.9,6.695652,100,1747949400,5.9130435
2025-05-22T21:33:05Z,0,29.874,74.2,59,67.7,9,5,188,77,0.0,255,32767,0.0,2127-15-31,0.0,0.52,26.6,0.0,0.0,0.0,0,4.822265625,6,45,05:39,20:21,2025-05-22 21:33:05.430798,Città della Scienza,74.0,7.5005984,8.317543,6.4843187,4.9188094,EU EEA Common AQI,70.3,6.1485124,6.927117,7200,5.5072465,100,100,63.4,4.730435,Very Low,69.5,6.185729,100,1747949400,Very Low,5.1874547,7.3975916,Very Low,7.7074456,60.9,6.695652,100,1747949400,5.9130435
2025-05-22T21:33:16Z,0,29.874,74.2,59,67.7,6,5,167,77,0.0,255,32767,0.0,2127-15-31,0.0,0.52,26.6,0.0,0.0,0.0,0,4.822265625,6,45,05:39,20:21,2025-05-22 21:33:16.535749,Città della Scienza,74.0,7.5005984,8.317543,6.4843187,4.9188094,EU EEA Common AQI,70.3,6.1485124,6.927117,7200,5.5072465,100,100,63.4,4.730435,Very Low,69.5,6.185729,100,1747949400,Very Low,5.1874547,7.3975916,Very Low,7.7074456,60.9,6.695652,100,1747949400,5.9130435
2025-05-22T21:33:27Z,0,29.874,74.2,59,67.7,8,5,186,77,0.0,255,32767,0.0,2127-15-31,0.0,0.52,26.6,0.0,0.0,0.0,0,4.822265625,6,45,05:39,20:21,2025-05-22 21:33:27.612795,Città della Scienza,74.0,7.5005984,8.317543,6.4843187,4.9188094,EU EEA Common AQI,70.3,6.1485124,6.927117,7200,5.5072465,100,100,63.4,4.730435,Very Low,69.5,6.185729,100,1747949400,Very Low,5.1874547,7.3975916,Very Low,7.7074456,60.9,6.695652,100,1747949400,5.9130435
2025-05-22T21:33:38Z,0,29.872,74.2,59,67.7,9,5,174,77,0.0,255,32767,0.0,2127-15-31,0.0,0.52,26.6,0.0,0.0,0.0,0,4.822265625,6,45,05:39,20:21,2025-05-22 21:33:38.701786,Città della Scienza,74.0,7.5005984,8.317543,6.4843187,4.9188094,EU EEA Common AQI,70.3,6.1485124,6.927117,7200,5.5072465,100,100,63.4,4.730435,Very Low,69.5,6.185729,100,1747949400,Very Low,5.1874547,7.3975916,Very Low,7.7074456,60.9,6.695652,100,1747949400,5.9130435
2025-05-22T21:33:49Z,0,29.872,74.2,59,67.7,7,5,205,77,0.0,255,32767,0.0,2127-15-31,0.0,0.52,26.6,0.0,0.0,0.0,0,4.822265625,6,45,05:39,20:21,2025-05-22 21:33:49.772791,Città della Scienza,74.0,7.5005984,8.317543,6.4843187,4.9188094,EU EEA Common AQI,70.3,6.1485124,6.927117,7200,5.5072465,100,100,63.4,4.730435,Very Low,69.5,6.185729,100,1747949400,Very Low,5.1874547,7.3975916,Very Low,7.7074456,60.9,6.695652,100,1747949400,5.9130435
2025-05-22T21:34:01Z,0,29.872,74.2,59,67.7,8,5,173,77,0.0,255,32767,0.0,2127-15-31,0.0,0.52,26.6,0.0,0.0,0.0,0,4.822265625,6,45,05:39,20:21,2025-05-22 21:34:00.838785,Città della Scienza,74.0,7.5005984,8.317543,6.4843187,4.9188094,EU EEA Common AQI,70.3,6.1485124,6.927117,7200,5.5072465,100,100,63.4,4.730435,Very Low,69.5,6.185729,100,1747949400,Very Low,5.1874547,7.3975916,Very Low,7.7074456,60.9,6.695652,100,1747949400,5.9130435
2025-05-22T21:34:12Z,0,29.872,74.2,59,67.7,8,5,182,77,0.0,255,32767,0.0,2127-15-31,0.0,0.52,26.6,0.0,0.0,0.0,0,4.822265625,6,45,05:39,20:21,2025-05-22 21:34:11.892799,Città della Scienza,74.0,7.5005984,8.317543,6.4843187,4.9188094,EU EEA Common AQI,70.3,6.1485124,6.927117,7200,5.5072465,100,100,63.4,4.730435,Very Low,69.5,6.185729,100,1747949400,Very Low,5.1874547,7.3975916,Very Low,7.7074456,60.9,6.695652,100,1747949400,5.9130435
2025-05-22T21:34:23Z,0,29.872,74.2,59,67.7,7,5,186,77,0.0,255,32767,0.0,2127-15-31,0.0,0.52,26.6,0.0,0.0,0.0,0,4.822265625,6,45,05:39,20:21,2025-05-22 21:34:22.963792,Città della Scienza,74.0,7.5005984,8.317543,6.4843187,4.9188094,EU EEA Common AQI,70.3,6.1485124,6.927117,7200,5.5072465,100,100,63.4,4.730435,Very Low,69.5,6.185729,100,1747949400,Very Low,5.1874547,7.3975916,Very Low,7.7074456,60.9,6.695652,100,1747949400,5.9130435
2025-05-22T21:34:34Z,0,29.872,74.2,59,67.7,3,5,242,77,0.0,255,32767,0.0,2127-15-31,0.0,0.52,26.6,0.0,0.0,0.0,0,4.822265625,6,45,05:39,20:21,2025-05-22 21:34:34.054785,Città della Scienza,74.0,7.5005984,8.317543,6.4843187,4.9188094,EU EEA Common AQI,70.3,6.1485124,6.927117,7200,5.5072465,100,100,63.4,4.730435,Very Low,69.5,6.185729,100,1747949400,Very Low,5.1874547,7.3975916,Very Low,7.7074456,60.9,6.695652,100,1747949400,5.9130435
2025-05-22T21:34:45Z,0,29.87,74.2,59,67.7,8,6,202,77,0.0,255,32767,0.0,2127-15-31,0.0,0.52,26.6,0.0,0.0,0.0,0,4.822265625,6,45,05:39,20:21,2025-05-22 21:34:45.124794,Città della Scienza,74.0,7.5005984,8.317543,6.4843187,4.9188094,EU EEA Common AQI,70.3,6.1485124,6.927117,7200,5.5072465,100,100,63.4,4.730435,Very Low,69.5,6.185729,100,1747949400,Very Low,5.1874547,7.3975916,Very Low,7.7074456,60.9,6.695652,100,1747949400,5.9130435
2025-05-22T21:34:56Z,0,29.87,74.2,59,67.7,7,6,165,77,0.0,255,32767,0.0,2127-15-31,0.0,0.52,26.6,0.0,0.0,0.0,0,4.822265625,6,45,05:39,20:21,2025-05-22 21:34:56.168787,Città della Scienza,74.0,7.5005984,8.317543,6.4843187,4.9188094,EU EEA Common AQI,70.3,6.1485124,6.927117,7200,5.5072465,100,100,63.4,4.730435,Very Low,69.5,6.185729,100,1747949400,Very Low,5.1874547,7.3975916,Very Low,7.7074456,60.9,6.695652,100,1747949400,5.9130435
2025-05-22T21:35:07Z,0,29.87,74.2,59,67.7,7,6,190,77,0.0,255,32767,0.0,2127-15-31,0.0,0.52,26.6,0.0,0.0,0.0,0,4.822265625,6,45,05:39,20:21,2025-05-22 21:35:07.256787,Città della Scienza,74.0,7.5005984,8.317543,6.4843187,4.9188094,EU EEA Common AQI,70.3,6.1485124,6.927117,7200,5.5072465,100,100,63.4,4.730435,Very Low,69.5,6.185729,100,1747949400,Very Low,5.1874547,7.3975916,Very Low,7.7074456,60.9,6.695652,100,1747949400,5.9130435
2025-05-22T21:35:18Z,0,29.87,74.2,59,67.7,8,6,189,77,0.0,255,32767,0.0,2127-15-31,0.0,0.52,26.6,0.0,0.0,0.0,0,4.822265625,6,45,05:39,20:21,2025-05-22 21:35:18.290797,Città della Scienza,74.0,7.5005984,8.317543,6.4843187,4.9188094,EU EEA Common AQI,70.3,6.1485124,6.927117,7200,5.5072465,100,100,63.4,4.730435,Very Low,69.5,6.185729,100,1747949400,Very Low,5.1874547,7.3975916,Very Low,7.7074456,60.9,6.695652,100,1747949400,5.9130435
2025-05-22T21:35:29Z,0,29.87,74.2,59,67.7,10,6,157,77,0.0,255,32767,0.0,2127-15-31,0.0,0.52,26.6,0.0,0.0,0.0,0,4.822265625,6,45,05:39,20:21,2025-05-22 21:35:29.416813,Città della Scienza,74.0,7.5005984,8.317543,6.4843187,4.9188094,EU EEA Common AQI,70.3,6.1485124,6.927117,7200,5.5072465,100,100,63.4,4.730435,Very Low,69.5,6.185729,100,1747949400,Very Low,5.1874547,7.3975916,Very Low,7.7074456,60.9,6.695652,100,1747949400,5.9130435
2025-05-22T21:35:40Z,0,29.872,74.2,59,67.6,10,6,194,77,0.0,255,32767,0.0,2127-15-31,0.0,0.52,26.6,0.0,0.0,0.0,0,4.822265625,6,45,05:39,20:21,2025-05-22 21:35:40.520784,Città della Scienza,74.0,7.5005984,8.317543,6.4843187,4.9188094,EU EEA Common AQI,70.3,6.1485124,6.927117,7200,5.5072465,100,100,63.4,4.730435,Very Low,69.5,6.185729,100,1747949400,Very Low,5.1874547,7.3975916,Very Low,7.7074456,60.9,6.695652,100,1747949400,5.9130435
2025-05-22T21:35:51Z,0,29.872,74.2,59,67.6,5,6,252,77,0.0,255,32767,0.0,2127-15-31,0.0,0.52,26.6,0.0,0.0,0.0,0,4.822265625,6,45,05:39,20:21,2025-05-22 21:35:51.572793,Città della Scienza,74.0,7.5005984,8.317543,6.4843187,4.9188094,EU EEA Common AQI,70.3,6.1485124,6.927117,7200,5.5072465,100,100,63.4,4.730435,Very Low,69.5,6.185729,100,1747949400,Very Low,5.1874547,7.3975916,Very Low,7.7074456,60.9,6.695652,100,1747949400,5.9130435
2025-05-22T21:36:02Z,0,29.872,74.2,59,67.6,7,6,157,77,0.0,255,32767,0.0,2127-15-31,0.0,0.52,26.6,0.0,0.0,0.0,0,4.822265625,6,45,05:39,20:21,2025-05-22 21:36:02.630807,Città della Scienza,74.0,7.5005984,8.317543,6.4843187,4.9188094,EU EEA Common AQI,70.3,6.1485124,6.927117,7200,5.5072465,100,100,63.4,4.730435,Very Low,69.5,6.185729,100,1747949400,Very Low,5.1874547,7.3975916,Very Low,7.7074456,60.9,6.695652,100,1747949400,5.9130435
2025-05-22T21:36:14Z,0,29.872,74.2,59,67.7,8,6,190,77,0.0,255,32767,0.0,2127-15-31,0.0,0.52,26.6,0.0,0.0,0.0,0,4.822265625,6,45,05:39,20:21,2025-05-22 21:36:13.807795,Città della Scienza,74.0,7.5005984,8.317543,6.4843187,4.9188094,EU EEA Common AQI,70.3,6.1485124,6.927117,7200,5.5072465,100,100,63.4,4.730435,Very Low,69.5,6.185729,100,1747949400,Very Low,5.1874547,7.3975916,Very Low,7.7074456,60.9,6.695652,100,1747949400,5.9130435
2025-05-22T21:36:25Z,0,29.872,74.2,59,67.7,7,6,185,77,0.0,255,32767,0.0,2127-15-31,0.0,0.52,26.6,0.0,0.0,0.0,0,4.822265625,6,45,05:39,20:21,2025-05-22 21:36:24.935790,Città della Scienza,74.0,7.5005984,8.317543,6.4843187,4.9188094,EU EEA Common AQI,70.3,6.1485124,6.927117,7200,5.5072465,100,100,63.4,4.730435,Very Low,69.5,6.185729,100,1747949400,Very Low,5.1874547,7.3975916,Very Low,7.7074456,60.9,6.695652,100,1747949400,5.9130435
2025-05-22T21:36:36Z,0,29.872,74.1,60,67.7,10,6,174,77,0.0,255,32767,0.0,2127-15-31,0.0,0.52,26.6,0.0,0.0,0.0,0,4.822265625,6,45,05:39,20:21,2025-05-22 21:36:36.001793,Città della Scienza,74.0,7.5005984,8.317543,6.4843187,4.9188094,EU EEA Common AQI,70.3,6.1485124,6.927117,7200,5.5072465,100,100,63.4,4.730435,Very Low,69.5,6.185729,100,1747949400,Very Low,5.1874547,7.3975916,Very Low,7.7074456,60.9,6.695652,100,1747949400,5.9130435
2025-05-22T21:36:47Z,0,29.872,74.1,60,67.6,6,6,191,77,0.0,255,32767,0.0,2127-15-31,0.0,0.52,26.6,0.0,0.0,0.0,0,4.822265625,6,45,05:39,20:21,2025-05-22 21:36:47.079783,Città della Scienza,74.0,7.5005984,8.317543,6.4843187,4.9188094,EU EEA Common AQI,70.3,6.1485124,6.927117,7200,5.5072465,100,100,63.4,4.730435,Very Low,69.5,6.185729,100,1747949400,Very Low,5.1874547,7.3975916,Very Low,7.7074456,60.9,6.695652,100,1747949400,5.9130435
2025-05-22T21:36:58Z,0,29.872,74.1,60,67.6,6,6,219,77,0.0,255,32767,0.0,2127-15-31,0.0,0.52,26.6,0.0,0.0,0.0,0,4.822265625,6,45,05:39,20:21,2025-05-22 21:36:58.163794,Città della Scienza,74.0,7.5005984,8.317543,6.4843187,4.9188094,EU EEA Common AQI,70.3,6.1485124,6.927117,7200,5.5072465,100,100,63.4,4.730435,Very Low,69.5,6.185729,100,1747949400,Very Low,5.1874547,7.3975916,Very Low,7.7074456,60.9,6.695652,100,1747949400,5.9130435
2025-05-22T21:37:09Z,0,29.872,74.1,60,67.7,6,6,192,77,0.0,255,32767,0.0,2127-15-31,0.0,0.52,26.6,0.0,0.0,0.0,0,4.822265625,6,45,05:39,20:21,2025-05-22 21:37:09.185804,Città della Scienza,74.0,7.5005984,8.317543,6.4843187,4.9188094,EU EEA Common AQI,70.3,6.1485124,6.927117,7200,5.5072465,100,100,63.4,4.730435,Very Low,69.5,6.185729,100,1747949400,Very Low,5.1874547,7.3975916,Very Low,7.7074456,60.9,6.695652,100,1747949400,5.9130435
2025-05-22T21:37:20Z,0,29.872,74.1,60,67.7,3,6,153,77,0.0,255,32767,0.0,2127-15-31,0.0,0.52,26.6,0.0,0.0,0.0,0,4.822265625,6,45,05:39,20:21,2025-05-22 21:37:20.316784,Città della Scienza,74.0,7.5005984,8.317543,6.4843187,4.9188094,EU EEA Common AQI,70.3,6.1485124,6.927117,7200,5.5072465,100,100,63.4,4.730435,Very Low,69.5,6.185729,100,1747949400,Very Low,5.1874547,7.3975916,Very Low,7.7074456,60.9,6.695652,100,1747949400,5.9130435
2025-05-22T21:37:31Z,0,29.872,74.1,60,67.7,5,6,190,77,0.0,255,32767,0.0,2127-15-31,0.0,0.52,26.6,0.0,0.0,0.0,0,4.822265625,6,45,05:39,20:21,2025-05-22 21:37:31.367787,Città della Scienza,74.0,7.5005984,8.317543,6.4843187,4.9188094,EU EEA Common AQI,70.3,6.1485124,6.927117,7200,5.5072465,100,100,63.4,4.730435,Very Low,69.5,6.185729,100,1747949400,Very Low,5.1874547,7.3975916,Very Low,7.7074456,60.9,6.695652,100,1747949400,5.9130435
2025-05-22T21:37:42Z,0,29.874,74.1,60,67.7,7,6,178,77,0.0,255,32767,0.0,2127-15-31,0.0,0.52,26.6,0.0,0.0,0.0,0,4.822265625,6,45,05:39,20:21,2025-05-22 21:37:42.441797,Città della Scienza,74.0,7.5005984,8.317543,6.4843187,4.9188094,EU EEA Common AQI,70.3,6.1485124,6.927117,7200,5.5072465,100,100,63.4,4.730435,Very Low,69.5,6.185729,100,1747949400,Very Low,5.1874547,7.3975916,Very Low,7.7074456,60.9,6.695652,100,1747949400,5.9130435
2025-05-22T21:37:53Z,0,29.874,74.1,60,67.7,5,6,182,77,0.0,255,32767,0.0,2127-15-31,0.0,0.52,26.6,0.0,0.0,0.0,0,4.822265625,6,45,05:39,20:21,2025-05-22 21:37:53.466535,Città della Scienza,74.0,7.5005984,8.317543,6.4843187,4.9188094,EU EEA Common AQI,70.3,6.1485124,6.927117,7200,5.5072465,100,100,63.4,4.730435,Very Low,69.5,6.185729,100,1747949400,Very Low,5.1874547,7.3975916,Very Low,7.7074456,60.9,6.695652,100,1747949400,5.9130435
2025-05-22T21:38:04Z,0,29.874,74.1,60,67.7,4,6,202,77,0.0,255,32767,0.0,2127-15-31,0.0,0.52,26.6,0.0,0.0,0.0,0,4.822265625,6,45,05:39,20:21,2025-05-22 21:38:04.496787,Città della Scienza,74.0,7.5005984,8.317543,6.4843187,4.9188094,EU EEA Common AQI,70.3,6.1485124,6.927117,7200,5.5072465,100,100,63.4,4.730435,Very Low,69.5,6.185729,100,1747949400,Very Low,5.1874547,7.3975916,Very Low,7.7074456,60.9,6.695652,100,1747949400,5.9130435
2025-05-22T21:38:15Z,0,29.874,74.1,60,67.8,4,6,190,77,0.0,255,32767,0.0,2127-15-31,0.0,0.52,26.6,0.0,0.0,0.0,0,4.822265625,6,45,05:39,20:21,2025-05-22 21:38:15.599796,Città della Scienza,74.0,7.5005984,8.317543,6.4843187,4.9188094,EU EEA Common AQI,70.3,6.1485124,6.927117,7200,5.5072465,100,100,63.4,4.730435,Very Low,69.5,6.185729,100,1747949400,Very Low,5.1874547,7.3975916,Very Low,7.7074456,60.9,6.695652,100,1747949400,5.9130435
2025-05-22T21:38:26Z,0,29.874,74.1,60,67.8,5,6,182,77,0.0,255,32767,0.0,2127-15-31,0.0,0.52,26.6,0.0,0.0,0.0,0,4.822265625,6,45,05:39,20:21,2025-05-22 21:38:26.698788,Città della Scienza,74.0,7.5005984,8.317543,6.4843187,4.9188094,EU EEA Common AQI,70.3,6.1485124,6.927117,7200,5.5072465,100,100,63.4,4.730435,Very Low,69.5,6.185729,100,1747949400,Very Low,5.1874547,7.3975916,Very Low,7.7074456,60.9,6.695652,100,1747949400,5.9130435
2025-05-22T21:38:38Z,0,29.875,74.1,60,67.8,5,6,228,77,0.0,255,32767,0.0,2127-15-31,0.0,0.52,26.6,0.0,0.0,0.0,0,4.822265625,6,45,05:39,20:21,2025-05-22 21:38:37.802792,Città della Scienza,74.0,7.5005984,8.317543,6.4843187,4.9188094,EU EEA Common AQI,70.3,6.1485124,6.927117,7200,5.5072465,100,100,63.4,4.730435,Very Low,69.5,6.185729,100,1747949400,Very Low,5.1874547,7.3975916,Very Low,7.7074456,60.9,6.695652,100,1747949400,5.9130435
2025-05-22T21:38:49Z,0,29.875,74.1,60,67.7,9,6,175,77,0.0,255,32767,0.0,2127-15-31,0.0,0.52,26.6,0.0,0.0,0.0,0,4.822265625,6,45,05:39,20:21,2025-05-22 21:38:48.876793,Città della Scienza,74.0,7.5005984,8.317543,6.4843187,4.9188094,EU EEA Common AQI,70.3,6.1485124,6.927117,7200,5.5072465,100,100,63.4,4.730435,Very Low,69.5,6.185729,100,1747949400,Very Low,5.1874547,7.3975916,Very Low,7.7074456,60.9,6.695652,100,1747949400,5.9130435
2025-05-22T21:39:00Z,0,29.875,74.1,60,67.7,12,6,173,77,0.0,255,32767,0.0,2127-15-31,0.0,0.52,26.6,0.0,0.0,0.0,0,4.822265625,6,45,05:39,20:21,2025-05-22 21:39:00.064792,Città della Scienza,74.0,7.5005984,8.317543,6.4843187,4.9188094,EU EEA Common AQI,70.3,6.1485124,6.927117,7200,5.5072465,100,100,63.4,4.730435,Very Low,69.5,6.185729,100,1747949400,Very Low,5.1874547,7.3975916,Very Low,7.7074456,60.9,6.695652,100,1747949400,5.9130435
2025-05-22T21:39:11Z,0,29.875,74.1,60,67.7,6,6,180,77,0.0,255,32767,0.0,2127-15-31,0.0,0.52,26.6,0.0,0.0,0.0,0,4.822265625,6,45,05:39,20:21,2025-05-22 21:39:11.108792,Città della Scienza,74.0,7.5005984,8.317543,6.4843187,4.9188094,EU EEA Common AQI,70.3,6.1485124,6.927117,7200,5.5072465,100,100,63.4,4.730435,Very Low,69.5,6.185729,100,1747949400,Very Low,5.1874547,7.3975916,Very Low,7.7074456,60.9,6.695652,100,1747949400,5.9130435
2025-05-22T21:39:22Z,0,29.875,74.1,60,67.7,7,6,169,77,0.0,255,32767,0.0,2127-15-31,0.0,0.52,26.6,0.0,0.0,0.0,0,4.822265625,6,45,05:39,20:21,2025-05-22 21:39:22.201791,Città della Scienza,74.0,7.5005984,8.317543,6.4843187,4.9188094,EU EEA Common AQI,70.3,6.1485124,6.927117,7200,5.5072465,100,100,63.4,4.730435,Very Low,69.5,6.185729,100,1747949400,Very Low,5.1874547,7.3975916,Very Low,7.7074456,60.9,6.695652,100,1747949400,5.9130435
2025-05-22T21:39:33Z,0,29.875,74.1,60,67.7,4,6,269,77,0.0,255,32767,0.0,2127-15-31,0.0,0.52,26.6,0.0,0.0,0.0,0,4.822265625,6,45,05:39,20:21,2025-05-22 21:39:33.311790,Città della Scienza,74.0,7.5005984,8.317543,6.4843187,4.9188094,EU EEA Common AQI,70.3,6.1485124,6.927117,7200,5.5072465,100,100,63.4,4.730435,Very Low,69.5,6.185729,100,1747949400,Very Low,5.1874547,7.3975916,Very Low,7.7074456,60.9,6.695652,100,1747949400,5.9130435
2025-05-22T21:39:44Z,0,29.876,74.1,60,67.7,7,6,195,77,0.0,255,32767,0.0,2127-15-31,0.0,0.52,26.6,0.0,0.0,0.0,0,4.822265625,6,45,05:39,20:21,2025-05-22 21:39:44.401787,Città della Scienza,74.0,7.5005984,8.317543,6.4843187,4.9188094,EU EEA Common AQI,70.3,6.1485124,6.927117,7200,5.5072465,100,100,63.4,4.730435,Very Low,69.5,6.185729,100,1747949400,Very Low,5.1874547,7.3975916,Very Low,7.7074456,60.9,6.695652,100,1747949400,5.9130435
2025-05-22T21:39:55Z,0,29.876,74.1,60,67.7,10,6,158,77,0.0,255,32767,0.0,2127-15-31,0.0,0.52,26.6,0.0,0.0,0.0,0,4.822265625,6,45,05:39,20:21,2025-05-22 21:39:55.483796,Città della Scienza,74.0,7.5005984,8.317543,6.4843187,4.9188094,EU EEA Common AQI,70.3,6.1485124,6.927117,7200,5.5072465,100,100,63.4,4.730435,Very Low,69.5,6.185729,100,1747949400,Very Low,5.1874547,7.3975916,Very Low,7.7074456,60.9,6.695652,100,1747949400,5.9130435
2025-05-22T21:40:06Z,0,29.876,74.1,60,67.7,5,6,138,77,0.0,255,32767,0.0,2127-15-31,0.0,0.52,26.6,0.0,0.0,0.0,0,4.822265625,6,45,05:39,20:21,2025-05-22 21:40:06.587785,Città della Scienza,74.0,7.5005984,8.317543,6.4843187,4.9188094,EU EEA Common AQI,70.3,6.1485124,6.927117,7200,5.5072465,100,100,63.4,4.730435,Very Low,69.5,6.185729,100,1747949400,Very Low,5.1874547,7.3975916,Very Low,7.7074456,60.9,6.695652,100,1747949400,5.9130435
2025-05-22T21:40:17Z,0,29.876,74.1,60,67.7,9,6,182,77,0.0,255,32767,0.0,2127-15-31,0.0,0.52,26.6,0.0,0.0,0.0,0,4.822265625,6,45,05:39,20:21,2025-05-22 21:40:17.699805,Città della Scienza,74.0,7.5005984,8.317543,6.4843187,4.9188094,EU EEA Common AQI,70.3,6.1485124,6.927117,7200,5.5072465,100,100,63.4,4.730435,Very Low,69.5,6.185729,100,1747949400,Very Low,5.1874547,7.3975916,Very Low,7.7074456,60.9,6.695652,100,1747949400,5.9130435
2025-05-22T21:40:29Z,0,29.876,74.1,60,67.7,8,6,183,77,0.0,255,32767,0.0,2127-15-31,0.0,0.52,26.6,0.0,0.0,0.0,0,4.822265625,6,45,05:39,20:21,2025-05-22 21:40:28.806790,Città della Scienza,74.0,7.5005984,8.317543,6.4843187,4.9188094,EU EEA Common AQI,70.3,6.1485124,6.927117,7200,5.5072465,100,100,63.4,4.730435,Very Low,69.5,6.185729,100,1747949400,Very Low,5.1874547,7.3975916,Very Low,7.7074456,60.9,6.695652,100,1747949400,5.9130435
2025-05-22T21:40:40Z,0,29.876,74.0,60,67.7,3,7,278,77,0.0,255,32767,0.0,2127-15-31,0.0,0.52,26.6,0.0,0.0,0.0,0,4.822265625,6,45,05:39,20:21,2025-05-22 21:40:39.926790,Città della Scienza,74.0,7.5005984,8.317543,6.4843187,4.9188094,EU EEA Common AQI,70.3,6.1485124,6.927117,7200,5.5072465,100,100,63.4,4.730435,Very Low,69.5,6.185729,100,1747949400,Very Low,5.1874547,7.3975916,Very Low,7.7074456,60.9,6.695652,100,1747949400,5.9130435
2025-05-22T21:40:51Z,0,29.876,74.0,60,67.7,11,7,205,77,0.0,255,32767,0.0,2127-15-31,0.0,0.52,26.6,0.0,0.0,0.0,0,4.822265625,6,45,05:39,20:21,2025-05-22 21:40:50.983801,Città della Scienza,74.0,7.5005984,8.317543,6.4843187,4.9188094,EU EEA Common AQI,70.3,6.1485124,6.927117,7200,5.5072465,100,100,63.4,4.730435,Very Low,69.5,6.185729,100,1747949400,Very Low,5.1874547,7.3975916,Very Low,7.7074456,60.9,6.695652,100,1747949400,5.9130435
2025-05-22T21:41:02Z,0,29.876,74.0,60,67.7,8,7,262,77,0.0,255,32767,0.0,2127-15-31,0.0,0.52,26.6,0.0,0.0,0.0,0,4.822265625,6,45,05:39,20:21,2025-05-22 21:41:02.034796,Città della Scienza,74.0,7.5005984,8.317543,6.4843187,4.9188094,EU EEA Common AQI,70.3,6.1485124,6.927117,7200,5.5072465,100,100,63.4,4.730435,Very Low,69.5,6.185729,100,1747949400,Very Low,5.1874547,7.3975916,Very Low,7.7074456,60.9,6.695652,100,1747949400,5.9130435
2025-05-22T21:41:13Z,0,29.876,74.0,60,67.8,7,7,186,77,0.0,255,32767,0.0,2127-15-31,0.0,0.52,26.6,0.0,0.0,0.0,0,4.822265625,6,45,05:39,20:21,2025-05-22 21:41:13.077795,Città della Scienza,74.0,7.5005984,8.317543,6.4843187,4.9188094,EU EEA Common AQI,70.3,6.1485124,6.927117,7200,5.5072465,100,100,63.4,4.730435,Very Low,69.5,6.185729,100,1747949400,Very Low,5.1874547,7.3975916,Very Low,7.7074456,60.9,6.695652,100,1747949400,5.9130435
2025-05-22T21:41:24Z,0,29.876,74.0,60,67.8,9,7,186,77,0.0,255,32767,0.0,2127-15-31,0.0,0.52,26.6,0.0,0.0,0.0,0,4.822265625,6,45,05:39,20:21,2025-05-22 21:41:24.145789,Città della Scienza,74.0,7.5005984,8.317543,6.4843187,4.9188094,EU EEA Common AQI,70.3,6.1485124,6.927117,7200,5.5072465,100,100,63.4,4.730435,Very Low,69.5,6.185729,100,1747949400,Very Low,5.1874547,7.3975916,Very Low,7.7074456,60.9,6.695652,100,1747949400,5.9130435
2025-05-22T21:41:35Z,0,29.875,74.0,60,67.8,10,7,180,77,0.0,255,32767,0.0,2127-15-31,0.0,0.52,26.6,0.0,0.0,0.0,0,4.822265625,6,45,05:39,20:21,2025-05-22 21:41:35.291795,Città della Scienza,74.0,7.5005984,8.317543,6.4843187,4.9188094,EU EEA Common AQI,70.3,6.1485124,6.927117,7200,5.5072465,100,100,63.4,4.730435,Very Low,69.5,6.185729,100,1747949400,Very Low,5.1874547,7.3975916,Very Low,7.7074456,60.9,6.695652,100,1747949400,5.9130435
2025-05-22T21:41:46Z,0,29.875,74.0,60,67.7,8,7,185,77,0.0,255,32767,0.0,2127-15-31,0.0,0.52,26.6,0.0,0.0,0.0,0,4.822265625,6,45,05:39,20:21,2025-05-22 21:41:46.368819,Città della Scienza,74.0,7.5005984,8.317543,6.4843187,4.9188094,EU EEA Common AQI,70.3,6.1485124,6.927117,7200,5.5072465,100,100,63.4,4.730435,Very Low,69.5,6.185729,100,1747949400,Very Low,5.1874547,7.3975916,Very Low,7.7074456,60.9,6.695652,100,1747949400,5.9130435
2025-05-22T21:41:57Z,0,29.875,74.0,60,67.7,7,7,188,77,0.0,255,32767,0.0,2127-15-31,0.0,0.52,26.6,0.0,0.0,0.0,0,4.822265625,6,45,05:39,20:21,2025-05-22 21:41:57.461788,Città della Scienza,74.0,7.5005984,8.317543,6.4843187,4.9188094,EU EEA Common AQI,70.3,6.1485124,6.927117,7200,5.5072465,100,100,63.4,4.730435,Very Low,69.5,6.185729,100,1747949400,Very Low,5.1874547,7.3975916,Very Low,7.7074456,60.9,6.695652,100,1747949400,5.9130435
2025-05-22T21:42:08Z,0,29.875,74.0,60,67.7,11,7,184,77,0.0,255,32767,0.0,2127-15-31,0.0,0.52,26.6,0.0,0.0,0.0,0,4.822265625,6,45,05:39,20:21,2025-05-22 21:42:08.532794,Città della Scienza,74.0,7.5005984,8.317543,6.4843187,4.9188094,EU EEA Common AQI,70.3,6.1485124,6.927117,7200,5.5072465,100,100,63.4,4.730435,Very Low,69.5,6.185729,100,1747949400,Very Low,5.1874547,7.3975916,Very Low,7.7074456,60.9,6.695652,100,1747949400,5.9130435
2025-05-22T21:42:19Z,0,29.875,74.0,60,67.7,10,7,167,77,0.0,255,32767,0.0,2127-15-31,0.0,0.52,26.6,0.0,0.0,0.0,0,4.822265625,6,45,05:39,20:21,2025-05-22 21:42:19.631803,Città della Scienza,74.0,7.5005984,8.317543,6.4843187,4.9188094,EU EEA Common AQI,70.3,6.1485124,6.927117,7200,5.5072465,100,100,63.4,4.730435,Very Low,69.5,6.185729,100,1747949400,Very Low,5.1874547,7.3975916,Very Low,7.7074456,60.9,6.695652,100,1747949400,5.9130435
2025-05-22T21:42:30Z,0,29.875,74.0,60,67.8,4,7,211,78,0.0,255,32767,0.0,2127-15-31,0.0,0.52,26.6,0.0,0.0,0.0,0,4.822265625,6,45,05:39,20:21,2025-05-22 21:42:30.714795,Città della Scienza,74.0,7.5005984,8.317543,6.4843187,4.9188094,EU EEA Common AQI,70.3,6.1485124,6.927117,7200,5.5072465,100,100,63.4,4.730435,Very Low,69.5,6.185729,100,1747949400,Very Low,5.1874547,7.3975916,Very Low,7.7074456,60.9,6.695652,100,1747949400,5.9130435
2025-05-22T21:42:42Z,0,29.876,74.0,60,67.8,8,7,233,78,0.0,255,32767,0.0,2127-15-31,0.0,0.52,26.6,0.0,0.0,0.0,0,4.822265625,6,45,05:39,20:21,2025-05-22 21:42:41.806789,Città della Scienza,74.0,7.5005984,8.317543,6.4843187,4.9188094,EU EEA Common AQI,70.3,6.1485124,6.927117,7200,5.5072465,100,100,63.4,4.730435,Very Low,69.5,6.185729,100,1747949400,Very Low,5.1874547,7.3975916,Very Low,7.7074456,60.9,6.695652,100,1747949400,5.9130435
2025-05-22T21:42:53Z,0,29.876,74.0,60,67.8,3,7,215,78,0.0,255,32767,0.0,2127-15-31,0.0,0.52,26.6,0.0,0.0,0.0,0,4.822265625,6,45,05:39,20:21,2025-05-22 21:42:52.846791,Città della Scienza,74.0,7.5005984,8.317543,6.4843187,4.9188094,EU EEA Common AQI,70.3,6.1485124,6.927117,7200,5.5072465,100,100,63.4,4.730435,Very Low,69.5,6.185729,100,1747949400,Very Low,5.1874547,7.3975916,Very Low,7.7074456,60.9,6.695652,100,1747949400,5.9130435
2025-05-22T21:43:04Z,0,29.876,74.0,60,67.8,6,7,188,78,0.0,255,32767,0.0,2127-15-31,0.0,0.52,26.6,0.0,0.0,0.0,0,4.822265625,6,45,05:39,20:21,2025-05-22 21:43:03.918789,Città della Scienza,74.0,7.5005984,8.317543,6.4843187,4.9188094,EU EEA Common AQI,70.3,6.1485124,6.927117,7200,5.5072465,100,100,63.4,4.730435,Very Low,69.5,6.185729,100,1747949400,Very Low,5.1874547,7.3975916,Very Low,7.7074456,60.9,6.695652,100,1747949400,5.9130435
2025-05-22T21:43:15Z,0,29.876,74.0,60,67.8,7,7,185,78,0.0,255,32767,0.0,2127-15-31,0.0,0.52,26.6,0.0,0.0,0.0,0,4.822265625,6,45,05:39,20:21,2025-05-22 21:43:15.013791,Città della Scienza,74.0,7.5005984,8.317543,6.4843187,4.9188094,EU EEA Common AQI,70.3,6.1485124,6.927117,7200,5.5072465,100,100,63.4,4.730435,Very Low,69.5,6.185729,100,1747949400,Very Low,5.1874547,7.3975916,Very Low,7.7074456,60.9,6.695652,100,1747949400,5.9130435
2025-05-22T21:43:26Z,0,29.876,74.0,60,67.8,9,7,188,78,0.0,255,32767,0.0,2127-15-31,0.0,0.52,26.6,0.0,0.0,0.0,0,4.822265625,6,45,05:39,20:21,2025-05-22 21:43:26.084786,Città della Scienza,74.0,7.5005984,8.317543,6.4843187,4.9188094,EU EEA Common AQI,70.3,6.1485124,6.927117,7200,5.5072465,100,100,63.4,4.730435,Very Low,69.5,6.185729,100,1747949400,Very Low,5.1874547,7.3975916,Very Low,7.7074456,60.9,6.695652,100,1747949400,5.9130435
2025-05-22T21:43:37Z,0,29.873,74.0,60,67.8,5,7,186,78,0.0,255,32767,0.0,2127-15-31,0.0,0.52,26.6,0.0,0.0,0.0,0,4.822265625,6,45,05:39,20:21,2025-05-22 21:43:37.171789,Città della Scienza,74.0,7.5005984,8.317543,6.4843187,4.9188094,EU EEA Common AQI,70.3,6.1485124,6.927117,7200,5.5072465,100,100,63.4,4.730435,Very Low,69.5,6.185729,100,1747949400,Very Low,5.1874547,7.3975916,Very Low,7.7074456,60.9,6.695652,100,1747949400,5.9130435
2025-05-22T21:43:48Z,0,29.873,74.0,60,67.8,7,7,236,78,0.0,255,32767,0.0,2127-15-31,0.0,0.52,26.6,0.0,0.0,0.0,0,4.822265625,6,45,05:39,20:21,2025-05-22 21:43:48.300767,Città della Scienza,74.0,7.5005984,8.317543,6.4843187,4.9188094,EU EEA Common AQI,70.3,6.1485124,6.927117,7200,5.5072465,100,100,63.4,4.730435,Very Low,69.5,6.185729,100,1747949400,Very Low,5.1874547,7.3975916,Very Low,7.7074456,60.9,6.695652,100,1747949400,5.9130435
2025-05-22T21:43:59Z,0,29.873,74.0,60,67.8,5,7,185,78,0.0,255,32767,0.0,2127-15-31,0.0,0.52,26.6,0.0,0.0,0.0,0,4.822265625,6,45,05:39,20:21,2025-05-22 21:43:59.356812,Città della Scienza,74.0,7.5005984,8.317543,6.4843187,4.9188094,EU EEA Common AQI,70.3,6.1485124,6.927117,7200,5.5072465,100,100,63.4,4.730435,Very Low,69.5,6.185729,100,1747949400,Very Low,5.1874547,7.3975916,Very Low,7.7074456,60.9,6.695652,100,1747949400,5.9130435
2025-05-22T21:44:10Z,0,29.873,74.0,60,67.8,6,7,265,78,0.0,255,32767,0.0,2127-15-31,0.0,0.52,26.6,0.0,0.0,0.0,0,4.822265625,6,45,05:39,20:21,2025-05-22 21:44:10.468794,Città della Scienza,74.0,7.5005984,8.317543,6.4843187,4.9188094,EU EEA Common AQI,70.3,6.1485124,6.927117,7200,5.5072465,100,100,63.4,4.730435,Very Low,69.5,6.185729,100,1747949400,Very Low,5.1874547,7.3975916,Very Low,7.7074456,60.9,6.695652,100,1747949400,5.9130435
2025-05-22T21:44:21Z,0,29.873,74.0,60,67.8,6,7,168,78,0.0,255,32767,0.0,2127-15-31,0.0,0.52,26.6,0.0,0.0,0.0,0,4.822265625,6,45,05:39,20:21,2025-05-22 21:44:21.627796,Città della Scienza,74.0,7.5005984,8.317543,6.4843187,4.9188094,EU EEA Common AQI,70.3,6.1485124,6.927117,7200,5.5072465,100,100,63.4,4.730435,Very Low,69.5,6.185729,100,1747949400,Very Low,5.1874547,7.3975916,Very Low,7.7074456,60.9,6.695652,100,1747949400,5.9130435
2025-05-22T21:44:32Z,0,29.873,74.0,60,67.8,6,7,221,78,0.0,255,32767,0.0,2127-15-31,0.0,0.52,26.6,0.0,0.0,0.0,0,4.822265625,6,45,05:39,20:21,2025-05-22 21:44:32.682794,Città della Scienza,74.0,7.5005984,8.317543,6.4843187,4.9188094,EU EEA Common AQI,70.3,6.1485124,6.927117,7200,5.5072465,100,100,63.4,4.730435,Very Low,69.5,6.185729,100,1747949400,Very Low,5.1874547,7.3975916,Very Low,7.7074456,60.9,6.695652,100,1747949400,5.9130435
2025-05-22T21:44:43Z,0,29.875,74.0,60,67.7,4,7,272,78,0.0,255,32767,0.0,2127-15-31,0.0,0.52,26.6,0.0,0.0,0.0,0,4.828125,6,45,05:39,20:21,2025-05-22 21:44:43.757800,Città della Scienza,74.0,7.5005984,8.317543,6.4843187,4.9188094,EU EEA Common AQI,70.3,6.1485124,6.927117,7200,5.5072465,100,100,63.4,4.730435,Very Low,69.5,6.185729,100,1747949400,Very Low,5.1874547,7.3975916,Very Low,7.7074456,60.9,6.695652,100,1747949400,5.9130435
2025-05-22T21:44:55Z,0,29.875,74.0,60,67.8,8,7,188,78,0.0,255,32767,0.0,2127-15-31,0.0,0.52,26.6,0.0,0.0,0.0,0,4.828125,6,45,05:39,20:21,2025-05-22 21:44:54.803786,Città della Scienza,74.0,7.5005984,8.317543,6.4843187,4.9188094,EU EEA Common AQI,70.3,6.1485124,6.927117,7200,5.5072465,100,100,63.4,4.730435,Very Low,69.5,6.185729,100,1747949400,Very Low,5.1874547,7.3975916,Very Low,7.7074456,60.9,6.695652,100,1747949400,5.9130435
2025-05-22T21:45:06Z,0,29.875,74.0,60,67.8,5,7,164,77,0.0,255,32767,0.0,2127-15-31,0.0,0.52,26.6,0.0,0.0,0.0,0,4.828125,6,45,05:39,20:21,2025-05-22 21:45:05.886802,Città della Scienza,74.0,7.5005984,8.317543,6.4843187,4.9188094,EU EEA Common AQI,70.3,6.1485124,6.927117,7200,5.5072465,100,100,63.4,4.730435,Very Low,69.5,6.185729,100,1747949400,Very Low,5.1874547,7.3975916,Very Low,7.7074456,60.9,6.695652,100,1747949400,5.9130435
2025-05-22T21:45:17Z,0,29.875,74.0,60,67.8,8,7,202,77,0.0,255,32767,0.0,2127-15-31,0.0,0.52,26.6,0.0,0.0,0.0,0,4.828125,6,45,05:39,20:21,2025-05-22 21:45:16.979786,Città della Scienza,74.0,7.5005984,8.317543,6.4843187,4.9188094,EU EEA Common AQI,70.3,6.1485124,6.927117,7200,5.5072465,100,100,63.4,4.730435,Very Low,69.5,6.185729,100,1747949400,Very Low,5.1874547,7.3975916,Very Low,7.7074456,60.9,6.695652,100,1747949400,5.9130435
2025-05-22T21:45:28Z,0,29.875,74.0,60,67.7,8,7,188,77,0.0,255,32767,0.0,2127-15-31,0.0,0.52,26.6,0.0,0.0,0.0,0,4.828125,6,45,05:39,20:21,2025-05-22 21:45:28.042801,Città della Scienza,74.3,7.6075506,8.33886,6.643678,5.0151258,EU EEA Common AQI,70.0,6.2689075,6.9441953,7200,5.753623,100,100,63.2,5.4144926,Very Low,69.2,6.2919626,100,1747950300,Very Low,5.3149424,7.575957,Very Low,8.0091,60.7,9.043478,100,1747950300,6.768116
2025-05-22T21:45:39Z,0,29.875,74.0,60,67.7,7,7,208,77,0.0,255,32767,0.0,2127-15-31,0.0,0.52,26.6,0.0,0.0,0.0,0,4.822265625,6,45,05:39,20:21,2025-05-22 21:45:39.135794,Città della Scienza,74.3,7.6075506,8.33886,6.643678,5.0151258,EU EEA Common AQI,70.0,6.2689075,6.9441953,7200,5.753623,100,100,63.2,5.4144926,Very Low,69.2,6.2919626,100,1747950300,Very Low,5.3149424,7.575957,Very Low,8.0091,60.7,9.043478,100,1747950300,6.768116
2025-05-22T21:45:50Z,0,29.875,74.0,60,67.7,10,7,160,77,0.0,255,32767,0.0,2127-15-31,0.0,0.52,26.6,0.0,0.0,0.0,0,4.822265625,6,45,05:39,20:21,2025-05-22 21:45:50.189794,Città della Scienza,74.3,7.6075506,8.33886,6.643678,5.0151258,EU EEA Common AQI,70.0,6.2689075,6.9441953,7200,5.753623,100,100,63.2,5.4144926,Very Low,69.2,6.2919626,100,1747950300,Very Low,5.3149424,7.575957,Very Low,8.0091,60.7,9.043478,100,1747950300,6.768116
2025-05-22T21:46:01Z,0,29.875,74.0,60,67.7,8,7,195,78,0.0,255,32767,0.0,2127-15-31,0.0,0.52,26.6,0.0,0.0,0.0,0,4.822265625,6,45,05:39,20:21,2025-05-22 21:46:01.286790,Città della Scienza,74.3,7.6075506,8.33886,6.643678,5.0151258,EU EEA Common AQI,70.0,6.2689075,6.9441953,7200,5.753623,100,100,63.2,5.4144926,Very Low,69.2,6.2919626,100,1747950300,Very Low,5.3149424,7.575957,Very Low,8.0091,60.7,9.043478,100,1747950300,6.768116
2025-05-22T21:46:12Z,0,29.875,74.0,60,67.8,5,7,208,78,0.0,255,32767,0.0,2127-15-31,0.0,0.52,26.6,0.0,0.0,0.0,0,4.822265625,6,45,05:39,20:21,2025-05-22 21:46:12.322790,Città della Scienza,74.3,7.6075506,8.33886,6.643678,5.0151258,EU EEA Common AQI,70.0,6.2689075,6.9441953,7200,5.753623,100,100,63.2,5.4144926,Very Low,69.2,6.2919626,100,1747950300,Very Low,5.3149424,7.575957,Very Low,8.0091,60.7,9.043478,100,1747950300,6.768116
2025-05-22T21:46:23Z,0,29.875,74.0,60,67.7,8,7,218,78,0.0,255,32767,0.0,2127-15-31,0.0,0.52,26.6,0.0,0.0,0.0,0,4.822265625,6,45,05:39,20:21,2025-05-22 21:46:23.393804,Città della Scienza,74.3,7.6075506,8.33886,6.643678,5.0151258,EU EEA Common AQI,70.0,6.2689075,6.9441953,7200,5.753623,100,100,63.2,5.4144926,Very Low,69.2,6.2919626,100,1747950300,Very Low,5.3149424,7.575957,Very Low,8.0091,60.7,9.043478,100,1747950300,6.768116
2025-05-22T21:46:34Z,0,29.875,74.0,60,67.7,9,7,180,78,0.0,255,32767,0.0,2127-15-31,0.0,0.52,26.6,0.0,0.0,0.0,0,4.822265625,6,45,05:39,20:21,2025-05-22 21:46:34.486794,Città della Scienza,74.3,7.6075506,8.33886,6.643678,5.0151258,EU EEA Common AQI,70.0,6.2689075,6.9441953,7200,5.753623,100,100,63.2,5.4144926,Very Low,69.2,6.2919626,100,1747950300,Very Low,5.3149424,7.575957,Very Low,8.0091,60.7,9.043478,100,1747950300,6.768116
2025-05-22T21:46:45Z,0,29.875,74.0,60,67.7,8,7,213,77,0.0,255,32767,0.0,2127-15-31,0.0,0.52,26.6,0.0,0.0,0.0,0,4.822265625,6,45,05:39,20:21,2025-05-22 21:46:45.555806,Città della Scienza,74.3,7.6075506,8.33886,6.643678,5.0151258,EU EEA Common AQI,70.0,6.2689075,6.9441953,7200,5.753623,100,100,63.2,5.4144926,Very Low,69.2,6.2919626,100,1747950300,Very Low,5.3149424,7.575957,Very Low,8.0091,60.7,9.043478,100,1747950300,6.768116
2025-05-22T21:46:56Z,0,29.875,74.0,60,67.7,6,7,187,77,0.0,255,32767,0.0,2127-15-31,0.0,0.52,26.6,0.0,0.0,0.0,0,4.822265625,6,45,05:39,20:21,2025-05-22 21:46:56.635800,Città della Scienza,74.3,7.6075506,8.33886,6.643678,5.0151258,EU EEA Common AQI,70.0,6.2689075,6.9441953,7200,5.753623,100,100,63.2,5.4144926,Very Low,69.2,6.2919626,100,1747950300,Very Low,5.3149424,7.575957,Very Low,8.0091,60.7,9.043478,100,1747950300,6.768116
2025-05-22T21:47:07Z,0,29.875,74.0,60,67.7,5,7,160,77,0.0,255,32767,0.0,2127-15-31,0.0,0.52,26.6,0.0,0.0,0.0,0,4.822265625,6,45,05:39,20:21,2025-05-22 21:47:07.761787,Città della Scienza,74.3,7.6075506,8.33886,6.643678,5.0151258,EU EEA Common AQI,70.0,6.2689075,6.9441953,7200,5.753623,100,100,63.2,5.4144926,Very Low,69.2,6.2919626,100,1747950300,Very Low,5.3149424,7.575957,Very Low,8.0091,60.7,9.043478,100,1747950300,6.768116
2025-05-22T21:47:19Z,0,29.875,74.0,60,67.7,5,7,196,77,0.0,255,32767,0.0,2127-15-31,0.0,0.52,26.6,0.0,0.0,0.0,0,4.822265625,6,45,05:39,20:21,2025-05-22 21:47:18.812801,Città della Scienza,74.3,7.6075506,8.33886,6.643678,5.0151258,EU EEA Common AQI,70.0,6.2689075,6.9441953,7200,5.753623,100,100,63.2,5.4144926,Very Low,69.2,6.2919626,100,1747950300,Very Low,5.3149424,7.575957,Very Low,8.0091,60.7,9.043478,100,1747950300,6.768116
2025-05-22T21:47:30Z,0,29.875,74.0,60,67.8,5,7,190,77,0.0,255,32767,0.0,2127-15-31,0.0,0.52,26.6,0.0,0.0,0.0,0,4.822265625,6,45,05:39,20:21,2025-05-22 21:47:29.888808,Città della Scienza,74.3,7.6075506,8.33886,6.643678,5.0151258,EU EEA Common AQI,70.0,6.2689075,6.9441953,7200,5.753623,100,100,63.2,5.4144926,Very Low,69.2,6.2919626,100,1747950300,Very Low,5.3149424,7.575957,Very Low,8.0091,60.7,9.043478,100,1747950300,6.768116
2025-05-22T21:47:41Z,0,29.873,74.0,60,67.8,3,7,180,77,0.0,255,32767,0.0,2127-15-31,0.0,0.52,26.6,0.0,0.0,0.0,0,4.822265625,6,45,05:39,20:21,2025-05-22 21:47:40.938803,Città della Scienza,74.3,7.6075506,8.33886,6.643678,5.0151258,EU EEA Common AQI,70.0,6.2689075,6.9441953,7200,5.753623,100,100,63.2,5.4144926,Very Low,69.2,6.2919626,100,1747950300,Very Low,5.3149424,7.575957,Very Low,8.0091,60.7,9.043478,100,1747950300,6.768116
2025-05-22T21:47:52Z,0,29.873,74.0,60,67.8,6,7,182,77,0.0,255,32767,0.0,2127-15-31,0.0,0.52,26.6,0.0,0.0,0.0,0,4.822265625,6,45,05:39,20:21,2025-05-22 21:47:52.044747,Città della Scienza,74.3,7.6075506,8.33886,6.643678,5.0151258,EU EEA Common AQI,70.0,6.2689075,6.9441953,7200,5.753623,100,100,63.2,5.4144926,Very Low,69.2,6.2919626,100,1747950300,Very Low,5.3149424,7.575957,Very Low,8.0091,60.7,9.043478,100,1747950300,6.768116
2025-05-22T21:48:03Z,0,29.873,74.0,60,67.8,5,7,257,77,0.0,255,32767,0.0,2127-15-31,0.0,0.52,26.6,0.0,0.0,0.0,0,4.822265625,6,45,05:39,20:21,2025-05-22 21:48:03.175785,Città della Scienza,74.3,7.6075506,8.33886,6.643678,5.0151258,EU EEA Common AQI,70.0,6.2689075,6.9441953,7200,5.753623,100,100,63.2,5.4144926,Very Low,69.2,6.2919626,100,1747950300,Very Low,5.3149424,7.575957,Very Low,8.0091,60.7,9.043478,100,1747950300,6.768116
2025-05-22T21:48:14Z,0,29.873,74.0,60,67.8,6,7,198,77,0.0,255,32767,0.0,2127-15-31,0.0,0.52,26.6,0.0,0.0,0.0,0,4.822265625,6,45,05:39,20:21,2025-05-22 21:48:14.279781,Città della Scienza,74.3,7.6075506,8.33886,6.643678,5.0151258,EU EEA Common AQI,70.0,6.2689075,6.9441953,7200,5.753623,100,100,63.2,5.4144926,Very Low,69.2,6.2919626,100,1747950300,Very Low,5.3149424,7.575957,Very Low,8.0091,60.7,9.043478,100,1747950300,6.768116
2025-05-22T21:48:25Z,0,29.873,74.0,60,67.7,6,7,178,77,0.0,255,32767,0.0,2127-15-31,0.0,0.52,26.6,0.0,0.0,0.0,0,4.822265625,6,45,05:39,20:21,2025-05-22 21:48:25.327798,Città della Scienza,74.3,7.6075506,8.33886,6.643678,5.0151258,EU EEA Common AQI,70.0,6.2689075,6.9441953,7200,5.753623,100,100,63.2,5.4144926,Very Low,69.2,6.2919626,100,1747950300,Very Low,5.3149424,7.575957,Very Low,8.0091,60.7,9.043478,100,1747950300,6.768116
2025-05-22T21:48:36Z,0,29.877,73.9,60,67.8,8,7,210,77,0.0,255,32767,0.0,2127-15-31,0.0,0.52,26.6,0.0,0.0,0.0,0,4.822265625,6,45,05:39,20:21,2025-05-22 21:48:36.437799,Città della Scienza,74.3,7.6075506,8.33886,6.643678,5.0151258,EU EEA Common AQI,70.0,6.2689075,6.9441953,7200,5.753623,100,100,63.2,5.4144926,Very Low,69.2,6.2919626,100,1747950300,Very Low,5.3149424,7.575957,Very Low,8.0091,60.7,9.043478,100,1747950300,6.768116
2025-05-22T21:48:47Z,0,29.877,73.9,60,67.8,3,7,138,77,0.0,255,32767,0.0,2127-15-31,0.0,0.52,26.6,0.0,0.0,0.0,0,4.822265625,6,45,05:39,20:21,2025-05-22 21:48:47.492795,Città della Scienza,74.3,7.6075506,8.33886,6.643678,5.0151258,EU EEA Common AQI,70.0,6.2689075,6.9441953,7200,5.753623,100,100,63.2,5.4144926,Very Low,69.2,6.2919626,100,1747950300,Very Low,5.3149424,7.575957,Very Low,8.0091,60.7,9.043478,100,1747950300,6.768116
2025-05-22T21:48:58Z,0,29.877,73.9,60,67.7,6,7,154,77,0.0,255,32767,0.0,2127-15-31,0.0,0.52,26.6,0.0,0.0,0.0,0,4.822265625,6,45,05:39,20:21,2025-05-22 21:48:58.573788,Città della Scienza,74.3,7.6075506,8.33886,6.643678,5.0151258,EU EEA Common AQI,70.0,6.2689075,6.9441953,7200,5.753623,100,100,63.2,5.4144926,Very Low,69.2,6.2919626,100,1747950300,Very Low,5.3149424,7.575957,Very Low,8.0091,60.7,9.043478,100,1747950300,6.768116
2025-05-22T21:49:09Z,0,29.877,73.9,60,67.8,5,7,194,77,0.0,255,32767,0.0,2127-15-31,0.0,0.52,26.6,0.0,0.0,0.0,0,4.822265625,6,45,05:39,20:21,2025-05-22 21:49:09.642792,Città della Scienza,74.3,7.6075506,8.33886,6.643678,5.0151258,EU EEA Common AQI,70.0,6.2689075,6.9441953,7200,5.753623,100,100,63.2,5.4144926,Very Low,69.2,6.2919626,100,1747950300,Very Low,5.3149424,7.575957,Very Low,8.0091,60.7,9.043478,100,1747950300,6.768116
2025-05-22T21:49:20Z,0,29.877,73.9,60,67.8,7,7,159,77,0.0,255,32767,0.0,2127-15-31,0.0,0.52,26.6,0.0,0.0,0.0,0,4.822265625,6,45,05:39,20:21,2025-05-22 21:49:20.780804,Città della Scienza,74.3,7.6075506,8.33886,6.643678,5.0151258,EU EEA Common AQI,70.0,6.2689075,6.9441953,7200,5.753623,100,100,63.2,5.4144926,Very Low,69.2,6.2919626,100,1747950300,Very Low,5.3149424,7.575957,Very Low,8.0091,60.7,9.043478,100,1747950300,6.768116
2025-05-22T21:49:32Z,0,29.877,73.9,60,67.8,5,7,240,77,0.0,255,32767,0.0,2127-15-31,0.0,0.52,26.6,0.0,0.0,0.0,0,4.822265625,6,45,05:39,20:21,2025-05-22 21:49:31.871793,Città della Scienza,74.3,7.6075506,8.33886,6.643678,5.0151258,EU EEA Common AQI,70.0,6.2689075,6.9441953,7200,5.753623,100,100,63.2,5.4144926,Very Low,69.2,6.2919626,100,1747950300,Very Low,5.3149424,7.575957,Very Low,8.0091,60.7,9.043478,100,1747950300,6.768116
2025-05-22T21:49:43Z,0,29.874,73.9,60,67.8,10,7,192,77,0.0,255,32767,0.0,2127-15-31,0.0,0.52,26.6,0.0,0.0,0.0,0,4.822265625,6,45,05:39,20:21,2025-05-22 21:49:42.968782,Città della Scienza,74.3,7.6075506,8.33886,6.643678,5.0151258,EU EEA Common AQI,70.0,6.2689075,6.9441953,7200,5.753623,100,100,63.2,5.4144926,Very Low,69.2,6.2919626,100,1747950300,Very Low,5.3149424,7.575957,Very Low,8.0091,60.7,9.043478,100,1747950300,6.768116
2025-05-22T21:49:54Z,0,29.874,73.9,60,67.7,10,7,151,77,0.0,255,32767,0.0,2127-15-31,0.0,0.52,26.6,0.0,0.0,0.0,0,4.822265625,6,45,05:39,20:21,2025-05-22 21:49:54.040800,Città della Scienza,74.3,7.6075506,8.33886,6.643678,5.0151258,EU EEA Common AQI,70.0,6.2689075,6.9441953,7200,5.753623,100,100,63.2,5.4144926,Very Low,69.2,6.2919626,100,1747950300,Very Low,5.3149424,7.575957,Very Low,8.0091,60.7,9.043478,100,1747950300,6.768116
2025-05-22T21:50:05Z,0,29.874,73.9,60,67.7,7,7,205,77,0.0,255,32767,0.0,2127-15-31,0.0,0.52,26.6,0.0,0.0,0.0,0,4.822265625,6,45,05:39,20:21,2025-05-22 21:50:05.100790,Città della Scienza,74.3,7.6075506,8.33886,6.643678,5.0151258,EU EEA Common AQI,70.0,6.2689075,6.9441953,7200,5.753623,100,100,63.2,5.4144926,Very Low,69.2,6.2919626,100,1747950300,Very Low,5.3149424,7.575957,Very Low,8.0091,60.7,9.043478,100,1747950300,6.768116
2025-05-22T21:50:16Z,0,29.874,73.9,60,67.7,6,7,266,77,0.0,255,32767,0.0,2127-15-31,0.0,0.52,26.6,0.0,0.0,0.0,0,4.822265625,6,45,05:39,20:21,2025-05-22 21:50:16.247785,Città della Scienza,74.3,7.6075506,8.33886,6.643678,5.0151258,EU EEA Common AQI,70.0,6.2689075,6.9441953,7200,5.753623,100,100,63.2,5.4144926,Very Low,69.2,6.2919626,100,1747950300,Very Low,5.3149424,7.575957,Very Low,8.0091,60.7,9.043478,100,1747950300,6.768116
2025-05-22T21:50:27Z,0,29.874,73.9,60,67.7,9,7,186,77,0.0,255,32767,0.0,2127-15-31,0.0,0.52,26.6,0.0,0.0,0.0,0,4.822265625,6,45,05:39,20:21,2025-05-22 21:50:27.306783,Città della Scienza,74.3,7.6075506,8.33886,6.643678,5.0151258,EU EEA Common AQI,70.0,6.2689075,6.9441953,7200,5.753623,100,100,63.2,5.4144926,Very Low,69.2,6.2919626,100,1747950300,Very Low,5.3149424,7.575957,Very Low,8.0091,60.7,9.043478,100,1747950300,6.768116
2025-05-22T21:50:38Z,0,29.875,73.9,60,67.7,9,7,153,77,0.0,255,32767,0.0,2127-15-31,0.0,0.52,26.6,0.0,0.0,0.0,0,4.822265625,6,45,05:39,20:21,2025-05-22 21:50:38.388792,Città della Scienza,74.3,7.6075506,8.33886,6.643678,5.0151258,EU EEA Common AQI,70.0,6.2689075,6.9441953,7200,5.753623,100,100,63.2,5.4144926,Very Low,69.2,6.2919626,100,1747950300,Very Low,5.3149424,7.575957,Very Low,8.0091,60.7,9.043478,100,1747950300,6.768116
2025-05-22T21:50:49Z,0,29.875,73.9,60,67.7,11,7,175,77,0.0,255,32767,0.0,2127-15-31,0.0,0.52,26.6,0.0,0.0,0.0,0,4.822265625,6,45,05:39,20:21,2025-05-22 21:50:49.442747,Città della Scienza,74.3,7.6075506,8.33886,6.643678,5.0151258,EU EEA Common AQI,70.0,6.2689075,6.9441953,7200,5.753623,100,100,63.2,5.4144926,Very Low,69.2,6.2919626,100,1747950300,Very Low,5.3149424,7.575957,Very Low,8.0091,60.7,9.043478,100,1747950300,6.768116
2025-05-22T21:51:00Z,0,29.875,73.9,60,67.7,6,7,192,77,0.0,255,32767,0.0,2127-15-31,0.0,0.52,26.6,0.0,0.0,0.0,0,4.822265625,6,45,05:39,20:21,2025-05-22 21:51:00.468787,Città della Scienza,74.3,7.6075506,8.33886,6.643678,5.0151258,EU EEA Common AQI,70.0,6.2689075,6.9441953,7200,5.753623,100,100,63.2,5.4144926,Very Low,69.2,6.2919626,100,1747950300,Very Low,5.3149424,7.575957,Very Low,8.0091,60.7,9.043478,100,1747950300,6.768116
2025-05-22T21:51:11Z,0,29.875,73.9,60,67.7,8,7,150,77,0.0,255,32767,0.0,2127-15-31,0.0,0.52,26.6,0.0,0.0,0.0,0,4.822265625,6,45,05:39,20:21,2025-05-22 21:51:11.608793,Città della Scienza,74.3,7.6075506,8.33886,6.643678,5.0151258,EU EEA Common AQI,70.0,6.2689075,6.9441953,7200,5.753623,100,100,63.2,5.4144926,Very Low,69.2,6.2919626,100,1747950300,Very Low,5.3149424,7.575957,Very Low,8.0091,60.7,9.043478,100,1747950300,6.768116
2025-05-22T21:51:22Z,0,29.875,73.9,60,67.7,8,7,217,77,0.0,255,32767,0.0,2127-15-31,0.0,0.52,26.6,0.0,0.0,0.0,0,4.822265625,6,45,05:39,20:21,2025-05-22 21:51:22.661806,Città della Scienza,74.3,7.6075506,8.33886,6.643678,5.0151258,EU EEA Common AQI,70.0,6.2689075,6.9441953,7200,5.753623,100,100,63.2,5.4144926,Very Low,69.2,6.2919626,100,1747950300,Very Low,5.3149424,7.575957,Very Low,8.0091,60.7,9.043478,100,1747950300,6.768116
2025-05-22T21:51:33Z,0,29.875,73.9,60,67.7,7,7,173,77,0.0,255,32767,0.0,2127-15-31,0.0,0.52,26.6,0.0,0.0,0.0,0,4.822265625,6,45,05:39,20:21,2025-05-22 21:51:33.727794,Città della Scienza,74.3,7.6075506,8.33886,6.643678,5.0151258,EU EEA Common AQI,70.0,6.2689075,6.9441953,7200,5.753623,100,100,63.2,5.4144926,Very Low,69.2,6.2919626,100,1747950300,Very Low,5.3149424,7.575957,Very Low,8.0091,60.7,9.043478,100,1747950300,6.768116
2025-05-22T21:51:44Z,0,29.875,73.9,60,67.7,7,7,158,77,0.0,255,32767,0.0,2127-15-31,0.0,0.52,26.6,0.0,0.0,0.0,0,4.822265625,6,45,05:39,20:21,2025-05-22 21:51:44.783792,Città della Scienza,74.3,7.6075506,8.33886,6.643678,5.0151258,EU EEA Common AQI,70.0,6.2689075,6.9441953,7200,5.753623,100,100,63.2,5.4144926,Very Low,69.2,6.2919626,100,1747950300,Very Low,5.3149424,7.575957,Very Low,8.0091,60.7,9.043478,100,1747950300,6.768116
2025-05-22T21:51:56Z,0,29.875,73.9,60,67.7,9,7,196,77,0.0,255,32767,0.0,2127-15-31,0.0,0.52,26.6,0.0,0.0,0.0,0,4.822265625,6,45,05:39,20:21,2025-05-22 21:51:55.876795,Città della Scienza,74.3,7.6075506,8.33886,6.643678,5.0151258,EU EEA Common AQI,70.0,6.2689075,6.9441953,7200,5.753623,100,100,63.2,5.4144926,Very Low,69.2,6.2919626,100,1747950300,Very Low,5.3149424,7.575957,Very Low,8.0091,60.7,9.043478,100,1747950300,6.768116
2025-05-22T21:52:07Z,0,29.875,73.9,60,67.8,9,7,201,77,0.0,255,32767,0.0,2127-15-31,0.0,0.52,26.6,0.0,0.0,0.0,0,4.822265625,6,45,05:39,20:21,2025-05-22 21:52:06.945792,Città della Scienza,74.3,7.6075506,8.33886,6.643678,5.0151258,EU EEA Common AQI,70.0,6.2689075,6.9441953,7200,5.753623,100,100,63.2,5.4144926,Very Low,69.2,6.2919626,100,1747950300,Very Low,5.3149424,7.575957,Very Low,8.0091,60.7,9.043478,100,1747950300,6.768116
2025-05-22T21:52:18Z,0,29.875,73.9,60,67.8,5,7,200,77,0.0,255,32767,0.0,2127-15-31,0.0,0.52,26.6,0.0,0.0,0.0,0,4.822265625,6,45,05:39,20:21,2025-05-22 21:52:18.042785,Città della Scienza,74.3,7.6075506,8.33886,6.643678,5.0151258,EU EEA Common AQI,70.0,6.2689075,6.9441953,7200,5.753623,100,100,63.2,5.4144926,Very Low,69.2,6.2919626,100,1747950300,Very Low,5.3149424,7.575957,Very Low,8.0091,60.7,9.043478,100,1747950300,6.768116
2025-05-22T21:52:29Z,0,29.875,73.9,60,67.7,4,7,198,77,0.0,255,32767,0.0,2127-15-31,0.0,0.52,26.6,0.0,0.0,0.0,0,4.822265625,6,45,05:39,20:21,2025-05-22 21:52:29.122809,Città della Scienza,74.3,7.6075506,8.33886,6.643678,5.0151258,EU EEA Common AQI,70.0,6.2689075,6.9441953,7200,5.753623,100,100,63.2,5.4144926,Very Low,69.2,6.2919626,100,1747950300,Very Low,5.3149424,7.575957,Very Low,8.0091,60.7,9.043478,100,1747950300,6.768116
2025-05-22T21:52:40Z,0,29.874,73.8,60,67.7,5,7,174,77,0.0,255,32767,0.0,2127-15-31,0.0,0.52,26.6,0.0,0.0,0.0,0,4.822265625,6,45,05:39,20:21,2025-05-22 21:52:40.184794,Città della Scienza,74.3,7.6075506,8.33886,6.643678,5.0151258,EU EEA Common AQI,70.0,6.2689075,6.9441953,7200,5.753623,100,100,63.2,5.4144926,Very Low,69.2,6.2919626,100,1747950300,Very Low,5.3149424,7.575957,Very Low,8.0091,60.7,9.043478,100,1747950300,6.768116
2025-05-22T21:52:51Z,0,29.874,73.8,60,67.7,3,7,167,77,0.0,255,32767,0.0,2127-15-31,0.0,0.52,26.6,0.0,0.0,0.0,0,4.822265625,6,45,05:39,20:21,2025-05-22 21:52:51.298787,Città della Scienza,74.3,7.6075506,8.33886,6.643678,5.0151258,EU EEA Common AQI,70.0,6.2689075,6.9441953,7200,5.753623,100,100,63.2,5.4144926,Very Low,69.2,6.2919626,100,1747950300,Very Low,5.3149424,7.575957,Very Low,8.0091,60.7,9.043478,100,1747950300,6.768116
2025-05-22T21:53:02Z,0,29.874,73.8,60,67.8,5,7,192,77,0.0,255,32767,0.0,2127-15-31,0.0,0.52,26.6,0.0,0.0,0.0,0,4.822265625,6,45,05:39,20:21,2025-05-22 21:53:02.402798,Città della Scienza,74.3,7.6075506,8.33886,6.643678,5.0151258,EU EEA Common AQI,70.0,6.2689075,6.9441953,7200,5.753623,100,100,63.2,5.4144926,Very Low,69.2,6.2919626,100,1747950300,Very Low,5.3149424,7.575957,Very Low,8.0091,60.7,9.043478,100,1747950300,6.768116
2025-05-22T21:53:13Z,0,29.874,73.8,60,67.8,7,7,192,77,0.0,255,32767,0.0,2127-15-31,0.0,0.52,26.6,0.0,0.0,0.0,0,4.822265625,6,45,05:39,20:21,2025-05-22 21:53:13.477786,Città della Scienza,74.3,7.6075506,8.33886,6.643678,5.0151258,EU EEA Common AQI,70.0,6.2689075,6.9441953,7200,5.753623,100,100,63.2,5.4144926,Very Low,69.2,6.2919626,100,1747950300,Very Low,5.3149424,7.575957,Very Low,8.0091,60.7,9.043478,100,1747950300,6.768116
2025-05-22T21:53:24Z,0,29.874,73.8,60,67.8,7,7,178,77,0.0,255,32767,0.0,2127-15-31,0.0,0.52,26.6,0.0,0.0,0.0,0,4.822265625,6,45,05:39,20:21,2025-05-22 21:53:24.554803,Città della Scienza,74.3,7.6075506,8.33886,6.643678,5.0151258,EU EEA Common AQI,70.0,6.2689075,6.9441953,7200,5.753623,100,100,63.2,5.4144926,Very Low,69.2,6.2919626,100,1747950300,Very Low,5.3149424,7.575957,Very Low,8.0091,60.7,9.043478,100,1747950300,6.768116
2025-05-22T21:53:35Z,0,29.874,73.8,60,67.8,5,7,195,77,0.0,255,32767,0.0,2127-15-31,0.0,0.52,26.6,0.0,0.0,0.0,0,4.822265625,6,45,05:39,20:21,2025-05-22 21:53:35.628804,Città della Scienza,74.3,7.6075506,8.33886,6.643678,5.0151258,EU EEA Common AQI,70.0,6.2689075,6.9441953,7200,5.753623,100,100,63.2,5.4144926,Very Low,69.2,6.2919626,100,1747950300,Very Low,5.3149424,7.575957,Very Low,8.0091,60.7,9.043478,100,1747950300,6.768116
2025-05-22T21:53:46Z,0,29.874,73.8,60,67.8,8,7,172,77,0.0,255,32767,0.0,2127-15-31,0.0,0.52,26.6,0.0,0.0,0.0,0,4.822265625,6,45,05:39,20:21,2025-05-22 21:53:46.697796,Città della Scienza,74.3,7.6075506,8.33886,6.643678,5.0151258,EU EEA Common AQI,70.0,6.2689075,6.9441953,7200,5.753623,100,100,63.2,5.4144926,Very Low,69.2,6.2919626,100,1747950300,Very Low,5.3149424,7.575957,Very Low,8.0091,60.7,9.043478,100,1747950300,6.768116
2025-05-22T21:53:57Z,0,29.874,73.8,60,67.8,7,7,195,77,0.0,255,32767,0.0,2127-15-31,0.0,0.52,26.6,0.0,0.0,0.0,0,4.822265625,6,45,05:39,20:21,2025-05-22 21:53:57.758804,Città della Scienza,74.3,7.6075506,8.33886,6.643678,5.0151258,EU EEA Common AQI,70.0,6.2689075,6.9441953,7200,5.753623,100,100,63.2,5.4144926,Very Low,69.2,6.2919626,100,1747950300,Very Low,5.3149424,7.575957,Very Low,8.0091,60.7,9.043478,100,1747950300,6.768116
2025-05-22T21:54:09Z,0,29.874,73.8,60,67.8,5,7,195,77,0.0,255,32767,0.0,2127-15-31,0.0,0.52,26.6,0.0,0.0,0.0,0,4.822265625,6,45,05:39,20:21,2025-05-22 21:54:08.854786,Città della Scienza,74.3,7.6075506,8.33886,6.643678,5.0151258,EU EEA Common AQI,70.0,6.2689075,6.9441953,7200,5.753623,100,100,63.2,5.4144926,Very Low,69.2,6.2919626,100,1747950300,Very Low,5.3149424,7.575957,Very Low,8.0091,60.7,9.043478,100,1747950300,6.768116
2025-05-22T21:54:20Z,0,29.874,73.8,60,67.8,3,7,185,77,0.0,255,32767,0.0,2127-15-31,0.0,0.52,26.6,0.0,0.0,0.0,0,4.822265625,6,45,05:39,20:21,2025-05-22 21:54:19.937793,Città della Scienza,74.3,7.6075506,8.33886,6.643678,5.0151258,EU EEA Common AQI,70.0,6.2689075,6.9441953,7200,5.753623,100,100,63.2,5.4144926,Very Low,69.2,6.2919626,100,1747950300,Very Low,5.3149424,7.575957,Very Low,8.0091,60.7,9.043478,100,1747950300,6.768116
2025-05-22T21:54:31Z,0,29.874,73.8,60,67.8,11,7,182,77,0.0,255,32767,0.0,2127-15-31,0.0,0.52,26.6,0.0,0.0,0.0,0,4.822265625,6,45,05:39,20:21,2025-05-22 21:54:30.954114,Città della Scienza,74.3,7.6075506,8.33886,6.643678,5.0151258,EU EEA Common AQI,70.0,6.2689075,6.9441953,7200,5.753623,100,100,63.2,5.4144926,Very Low,69.2,6.2919626,100,1747950300,Very Low,5.3149424,7.575957,Very Low,8.0091,60.7,9.043478,100,1747950300,6.768116
2025-05-22T21:54:42Z,0,29.873,73.8,60,67.8,7,7,210,77,0.0,255,32767,0.0,2127-15-31,0.0,0.52,26.6,0.0,0.0,0.0,0,4.822265625,6,45,05:39,20:21,2025-05-22 21:54:42.035782,Città della Scienza,74.3,7.6075506,8.33886,6.643678,5.0151258,EU EEA Common AQI,70.0,6.2689075,6.9441953,7200,5.753623,100,100,63.2,5.4144926,Very Low,69.2,6.2919626,100,1747950300,Very Low,5.3149424,7.575957,Very Low,8.0091,60.7,9.043478,100,1747950300,6.768116
2025-05-22T21:54:53Z,0,29.873,73.8,60,67.8,8,7,212,77,0.0,255,32767,0.0,2127-15-31,0.0,0.52,26.6,0.0,0.0,0.0,0,4.822265625,6,45,05:39,20:21,2025-05-22 21:54:53.135793,Città della Scienza,74.3,7.6075506,8.33886,6.643678,5.0151258,EU EEA Common AQI,70.0,6.2689075,6.9441953,7200,5.753623,100,100,63.2,5.4144926,Very Low,69.2,6.2919626,100,1747950300,Very Low,5.3149424,7.575957,Very Low,8.0091,60.7,9.043478,100,1747950300,6.768116
2025-05-22T21:55:04Z,0,29.873,73.8,60,67.8,6,7,209,77,0.0,255,32767,0.0,2127-15-31,0.0,0.52,26.6,0.0,0.0,0.0,0,4.822265625,6,45,05:39,20:21,2025-05-22 21:55:04.186790,Città della Scienza
2025-05-22T21:55:15Z,0,29.873,73.8,60,67.8,11,7,171,77,0.0,255,32767,0.0,2127-15-31,0.0,0.52,26.6,0.0,0.0,0.0,0,4.822265625,6,45,05:39,20:21,2025-05-22 21:55:15.230758,Città della Scienza
2025-05-22T21:55:26Z,0,29.873,73.8,60,67.8,9,7,173,77,0.0,255,32767,0.0,2127-15-31,0.0,0.52,26.6,0.0,0.0,0.0,0,4.822265625,6,45,05:39,20:21,2025-05-22 21:55:26.298801,Città della Scienza
2025-05-22T21:55:37Z,0,29.875,73.8,60,67.7,12,7,188,77,0.0,255,32767,0.0,2127-15-31,0.0,0.52,26.6,0.0,0.0,0.0,0,4.822265625,6,45,05:39,20:21,2025-05-22 21:55:37.367798,Città della Scienza
2025-05-22T21:55:48Z,0,29.875,73.8,60,67.7,8,7,194,77,0.0,255,32767,0.0,2127-15-31,0.0,0.52,26.6,0.0,0.0,0.0,0,4.822265625,6,45,05:39,20:21,2025-05-22 21:55:48.453795,Città della Scienza
2025-05-22T21:55:59Z,0,29.875,73.8,60,67.7,12,7,192,77,0.0,255,32767,0.0,2127-15-31,0.0,0.52,26.6,0.0,0.0,0.0,0,4.822265625,6,45,05:39,20:21,2025-05-22 21:55:59.509798,Città della Scienza
2025-05-22T21:56:10Z,0,29.875,73.8,60,67.7,7,7,185,77,0.0,255,32767,0.0,2127-15-31,0.0,0.52,26.6,0.0,0.0,0.0,0,4.822265625,6,45,05:39,20:21,2025-05-22 21:56:10.587811,Città della Scienza
2025-05-22T21:56:35Z,0,29.875,73.8,60,67.7,13,7,169,77,0.0,255,32767,0.0,2127-15-31,0.0,0.52,26.6,0.0,0.0,0.0,0,4.822265625,6,45,05:39,20:21,2025-05-22 21:56:35.208750,Città della Scienza
2025-05-22T21:56:46Z,0,29.873,73.8,60,67.7,10,7,185,77,0.0,255,32767,0.0,2127-15-31,0.0,0.52,26.6,0.0,0.0,0.0,0,4.822265625,6,45,05:39,20:21,2025-05-22 21:56:46.258791,Città della Scienza
2025-05-22T21:56:57Z,0,29.873,73.8,60,67.7,8,7,204,77,0.0,255,32767,0.0,2127-15-31,0.0,0.52,26.6,0.0,0.0,0.0,0,4.822265625,6,45,05:39,20:21,2025-05-22 21:56:57.318793,Città della Scienza
2025-05-22T21:57:08Z,0,29.873,73.8,60,67.7,8,7,200,77,0.0,255,32767,0.0,2127-15-31,0.0,0.52,26.6,0.0,0.0,0.0,0,4.822265625,6,45,05:39,20:21,2025-05-22 21:57:08.373800,Città della Scienza
2025-05-22T21:57:19Z,0,29.873,73.8,60,67.8,7,7,180,77,0.0,255,32767,0.0,2127-15-31,0.0,0.52,26.6,0.0,0.0,0.0,0,4.822265625,6,45,05:39,20:21,2025-05-22 21:57:19.417787,Città della Scienza
2025-05-22T21:57:30Z,0,29.873,73.8,60,67.7,7,7,170,77,0.0,255,32767,0.0,2127-15-31,0.0,0.52,26.6,0.0,0.0,0.0,0,4.822265625,6,45,05:39,20:21,2025-05-22 21:57:30.491785,Città della Scienza
2025-05-22T21:57:41Z,0,29.873,73.7,60,67.7,6,7,186,77,0.0,255,32767,0.0,2127-15-31,0.0,0.52,26.6,0.0,0.0,0.0,0,4.822265625,6,45,05:39,20:21,2025-05-22 21:57:41.557776,Città della Scienza
2025-05-22T21:57:52Z,0,29.873,73.7,60,67.7,5,7,213,77,0.0,255,32767,0.0,2127-15-31,0.0,0.52,26.6,0.0,0.0,0.0,0,4.822265625,6,45,05:39,20:21,2025-05-22 21:57:52.658797,Città della Scienza
2025-05-22T21:58:03Z,0,29.873,73.7,60,67.8,11,7,167,77,0.0,255,32767,0.0,2127-15-31,0.0,0.52,26.6,0.0,0.0,0.0,0,4.822265625,6,45,05:39,20:21,2025-05-22 21:58:03.727793,Città della Scienza
2025-05-22T21:58:15Z,0,29.873,73.7,60,67.7,5,7,184,77,0.0,255,32767,0.0,2127-15-31,0.0,0.52,26.6,0.0,0.0,0.0,0,4.822265625,6,45,05:39,20:21,2025-05-22 21:58:14.814789,Città della Scienza
2025-05-22T21:58:26Z,0,29.873,73.7,60,67.8,9,7,184,77,0.0,255,32767,0.0,2127-15-31,0.0,0.52,26.6,0.0,0.0,0.0,0,4.822265625,6,45,05:39,20:21,2025-05-22 21:58:25.934787,Città della Scienza
2025-05-22T21:58:37Z,0,29.875,73.8,60,67.8,8,7,202,77,0.0,255,32767,0.0,2127-15-31,0.0,0.52,26.6,0.0,0.0,0.0,0,4.822265625,6,45,05:39,20:21,2025-05-22 21:58:37.028784,Città della Scienza
2025-05-22T21:58:48Z,0,29.875,73.8,60,67.7,12,7,182,77,0.0,255,32767,0.0,2127-15-31,0.0,0.52,26.6,0.0,0.0,0.0,0,4.822265625,6,45,05:39,20:21,2025-05-22 21:58:48.114799,Città della Scienza
2025-05-22T21:58:59Z,0,29.875,73.8,60,67.8,7,7,211,77,0.0,255,32767,0.0,2127-15-31,0.0,0.52,26.6,0.0,0.0,0.0,0,4.822265625,6,45,05:39,20:21,2025-05-22 21:58:59.132791,Città della Scienza
2025-05-22T21:59:10Z,0,29.875,73.8,60,67.7,5,7,237,77,0.0,255,32767,0.0,2127-15-31,0.0,0.52,26.6,0.0,0.0,0.0,0,4.822265625,6,45,05:39,20:21,2025-05-22 21:59:10.183810,Città della Scienza
2025-05-22T21:59:21Z,0,29.875,73.8,60,67.8,10,7,173,77,0.0,255,32767,0.0,2127-15-31,0.0,0.52,26.6,0.0,0.0,0.0,0,4.822265625,6,45,05:39,20:21,2025-05-22 21:59:21.239807,Città della Scienza
2025-05-22T21:59:32Z,0,29.875,73.8,60,67.8,6,7,166,77,0.0,255,32767,0.0,2127-15-31,0.0,0.52,26.6,0.0,0.0,0.0,0,4.822265625,6,45,05:39,20:21,2025-05-22 21:59:32.379794,Città della Scienza
2025-05-22T21:59:43Z,0,29.878,73.7,60,67.7,6,8,162,77,0.0,255,32767,0.0,2127-15-31,0.0,0.52,26.6,0.0,0.0,0.0,0,4.822265625,6,45,05:39,20:21,2025-05-22 21:59:43.404796,Città della Scienza
2025-05-22T21:59:54Z,0,29.878,73.7,60,67.8,7,8,168,77,0.0,255,32767,0.0,2127-15-31,0.0,0.52,26.6,0.0,0.0,0.0,0,4.822265625,6,45,05:39,20:21,2025-05-22 21:59:54.438795,Città della Scienza
2025-05-22T22:00:05Z,0,29.878,73.7,60,67.7,6,8,184,77,0.0,255,32767,0.0,2127-15-31,0.0,0.52,26.6,0.0,0.0,0.0,0,4.822265625,6,45,05:39,20:21,2025-05-22 22:00:05.547795,Città della Scienza,74.3,7.6075506,8.33886,6.643678,5.0151258,EU EEA Common AQI,70.0,6.2689075,6.9441953,7200,5.753623,100,100,63.2,5.4144926,Very Low,69.2,6.2919626,100,1747950300,Very Low,5.3149424,7.575957,Very Low,8.0091,60.7,9.043478,100,1747950300,6.768116
2025-05-22T22:00:16Z,0,29.878,73.7,60,67.8,4,8,155,77,0.0,255,32767,0.0,2127-15-31,0.0,0.52,26.6,0.0,0.0,0.0,0,4.822265625,6,45,05:39,20:21,2025-05-22 22:00:16.657757,Città della Scienza,74.3,7.6075506,8.33886,6.643678,5.0151258,EU EEA Common AQI,70.0,6.2689075,6.9441953,7200,5.753623,100,100,63.2,5.4144926,Very Low,69.2,6.2919626,100,1747950300,Very Low,5.3149424,7.575957,Very Low,8.0091,60.7,9.043478,100,1747950300,6.768116
2025-05-22T22:00:27Z,0,29.878,73.7,60,67.8,8,8,183,77,0.0,255,32767,0.0,2127-15-31,0.0,0.52,26.6,0.0,0.0,0.0,0,4.822265625,6,45,05:39,20:21,2025-05-22 22:00:27.738843,Città della Scienza,74.2,7.6344986,8.356151,6.6601195,5.05593,EU EEA Common AQI,69.8,6.319913,6.960644,7200,5.9142857,100,100,63.0,5.9771423,Very Low,69.0,6.328624,100,1747951200,Very Low,5.3280954,7.6473875,Very Low,8.086227,60.4,8.3,100,1747951200,7.4714284
2025-05-22T22:00:39Z,0,29.875,73.7,60,67.8,5,7,226,77,0.0,255,32767,0.0,2127-15-31,0.0,0.52,26.6,0.0,0.0,0.0,0,4.822265625,6,45,05:39,20:22,2025-05-22 22:00:38.845810,Città della Scienza,74.2,7.6344986,8.356151,6.6601195,5.05593,EU EEA Common AQI,69.8,6.319913,6.960644,7200,5.9142857,100,100,63.0,5.9771423,Very Low,69.0,6.328624,100,1747951200,Very Low,5.3280954,7.6473875,Very Low,8.086227,60.4,8.3,100,1747951200,7.4714284
2025-05-22T22:00:50Z,0,29.875,73.7,60,67.8,10,7,172,77,0.0,255,32767,0.0,2127-15-31,0.0,0.52,26.6,0.0,0.0,0.0,0,4.822265625,6,45,05:39,20:22,2025-05-22 22:00:49.939793,Città della Scienza,74.2,7.6344986,8.356151,6.6601195,5.05593,EU EEA Common AQI,69.8,6.319913,6.960644,7200,5.9142857,100,100,63.0,5.9771423,Very Low,69.0,6.328624,100,1747951200,Very Low,5.3280954,7.6473875,Very Low,8.086227,60.4,8.3,100,1747951200,7.4714284
2025-05-22T22:01:01Z,0,29.875,73.7,60,67.8,8,7,255,77,0.0,255,32767,0.0,2127-15-31,0.0,0.52,26.6,0.0,0.0,0.0,0,4.822265625,6,45,05:39,20:22,2025-05-22 22:01:00.988781,Città della Scienza,74.2,7.6344986,8.356151,6.6601195,5.05593,EU EEA Common AQI,69.8,6.319913,6.960644,7200,5.9142857,100,100,63.0,5.9771423,Very Low,69.0,6.328624,100,1747951200,Very Low,5.3280954,7.6473875,Very Low,8.086227,60.4,8.3,100,1747951200,7.4714284
2025-05-22T22:01:12Z,0,29.875,73.7,60,67.8,9,7,189,77,0.0,255,32767,0.0,2127-15-31,0.0,0.52,26.6,0.0,0.0,0.0,0,4.822265625,6,45,05:39,20:22,2025-05-22 22:01:12.057787,Città della Scienza,74.2,7.6344986,8.356151,6.6601195,5.05593,EU EEA Common AQI,69.8,6.319913,6.960644,7200,5.9142857,100,100,63.0,5.9771423,Very Low,69.0,6.328624,100,1747951200,Very Low,5.3280954,7.6473875,Very Low,8.086227,60.4,8.3,100,1747951200,7.4714284
2025-05-22T22:01:23Z,0,29.875,73.7,60,67.8,8,7,197,77,0.0,255,32767,0.0,2127-15-31,0.0,0.52,26.6,0.0,0.0,0.0,0,4.822265625,6,45,05:39,20:22,2025-05-22 22:01:23.163793,Città della Scienza,74.2,7.6344986,8.356151,6.6601195,5.05593,EU EEA Common AQI,69.8,6.319913,6.960644,7200,5.9142857,100,100,63.0,5.9771423,Very Low,69.0,6.328624,100,1747951200,Very Low,5.3280954,7.6473875,Very Low,8.086227,60.4,8.3,100,1747951200,7.4714284
2025-05-22T22:01:34Z,0,29.877,73.7,60,67.8,7,7,184,77,0.0,255,32767,0.0,2127-15-31,0.0,0.52,26.6,0.0,0.0,0.0,0,4.822265625,6,45,05:39,20:22,2025-05-22 22:01:34.213787,Città della Scienza,74.2,7.6344986,8.356151,6.6601195,5.05593,EU EEA Common AQI,69.8,6.319913,6.960644,7200,5.9142857,100,100,63.0,5.9771423,Very Low,69.0,6.328624,100,1747951200,Very Low,5.3280954,7.6473875,Very Low,8.086227,60.4,8.3,100,1747951200,7.4714284
2025-05-22T22:01:45Z,0,29.877,73.7,60,67.8,10,7,188,77,0.0,255,32767,0.0,2127-15-31,0.0,0.52,26.6,0.0,0.0,0.0,0,4.822265625,6,45,05:39,20:22,2025-05-22 22:01:45.309802,Città della Scienza,74.2,7.6344986,8.356151,6.6601195,5.05593,EU EEA Common AQI,69.8,6.319913,6.960644,7200,5.9142857,100,100,63.0,5.9771423,Very Low,69.0,6.328624,100,1747951200,Very Low,5.3280954,7.6473875,Very Low,8.086227,60.4,8.3,100,1747951200,7.4714284
2025-05-22T22:01:56Z,0,29.877,73.7,60,67.7,7,7,245,77,0.0,255,32767,0.0,2127-15-31,0.0,0.52,26.6,0.0,0.0,0.0,0,4.822265625,6,45,05:39,20:22,2025-05-22 22:01:56.351790,Città della Scienza,74.2,7.6344986,8.356151,6.6601195,5.05593,EU EEA Common AQI,69.8,6.319913,6.960644,7200,5.9142857,100,100,63.0,5.9771423,Very Low,69.0,6.328624,100,1747951200,Very Low,5.3280954,7.6473875,Very Low,8.086227,60.4,8.3,100,1747951200,7.4714284
2025-05-22T22:02:07Z,0,29.877,73.7,60,67.7,12,7,236,77,0.0,255,32767,0.0,2127-15-31,0.0,0.52,26.6,0.0,0.0,0.0,0,4.822265625,6,45,05:39,20:22,2025-05-22 22:02:07.430786,Città della Scienza,74.2,7.6344986,8.356151,6.6601195,5.05593,EU EEA Common AQI,69.8,6.319913,6.960644,7200,5.9142857,100,100,63.0,5.9771423,Very Low,69.0,6.328624,100,1747951200,Very Low,5.3280954,7.6473875,Very Low,8.086227,60.4,8.3,100,1747951200,7.4714284
2025-05-22T22:02:18Z,0,29.877,73.7,60,67.7,8,7,189,77,0.0,255,32767,0.0,2127-15-31,0.0,0.52,26.6,0.0,0.0,0.0,0,4.822265625,6,45,05:39,20:22,2025-05-22 22:02:18.532790,Città della Scienza,74.2,7.6344986,8.356151,6.6601195,5.05593,EU EEA Common AQI,69.8,6.319913,6.960644,7200,5.9142857,100,100,63.0,5.9771423,Very Low,69.0,6.328624,100,1747951200,Very Low,5.3280954,7.6473875,Very Low,8.086227,60.4,8.3,100,1747951200,7.4714284
2025-05-22T22:02:29Z,0,29.877,73.7,60,67.7,8,7,193,76,0.0,255,32767,0.0,2127-15-31,0.0,0.52,26.6,0.0,0.0,0.0,0,4.822265625,6,45,05:39,20:22,2025-05-22 22:02:29.588788,Città della Scienza,74.2,7.6344986,8.356151,6.6601195,5.05593,EU EEA Common AQI,69.8,6.319913,6.960644,7200,5.9142857,100,100,63.0,5.9771423,Very Low,69.0,6.328624,100,1747951200,Very Low,5.3280954,7.6473875,Very Low,8.086227,60.4,8.3,100,1747951200,7.4714284
2025-05-22T22:02:40Z,0,29.877,73.7,60,67.8,6,8,161,76,0.0,255,32767,0.0,2127-15-31,0.0,0.52,26.6,0.0,0.0,0.0,0,4.822265625,6,45,05:39,20:22,2025-05-22 22:02:40.671795,Città della Scienza,74.2,7.6344986,8.356151,6.6601195,5.05593,EU EEA Common AQI,69.8,6.319913,6.960644,7200,5.9142857,100,100,63.0,5.9771423,Very Low,69.0,6.328624,100,1747951200,Very Low,5.3280954,7.6473875,Very Low,8.086227,60.4,8.3,100,1747951200,7.4714284
2025-05-22T22:02:51Z,0,29.877,73.7,60,67.7,7,8,179,76,0.0,255,32767,0.0,2127-15-31,0.0,0.52,26.6,0.0,0.0,0.0,0,4.822265625,6,45,05:39,20:22,2025-05-22 22:02:51.697793,Città della Scienza,74.2,7.6344986,8.356151,6.6601195,5.05593,EU EEA Common AQI,69.8,6.319913,6.960644,7200,5.9142857,100,100,63.0,5.9771423,Very Low,69.0,6.328624,100,1747951200,Very Low,5.3280954,7.6473875,Very Low,8.086227,60.4,8.3,100,1747951200,7.4714284
2025-05-22T22:03:02Z,0,29.877,73.7,60,67.7,7,8,202,76,0.0,255,32767,0.0,2127-15-31,0.0,0.52,26.6,0.0,0.0,0.0,0,4.822265625,6,45,05:39,20:22,2025-05-22 22:03:02.757788,Città della Scienza,74.2,7.6344986,8.356151,6.6601195,5.05593,EU EEA Common AQI,69.8,6.319913,6.960644,7200,5.9142857,100,100,63.0,5.9771423,Very Low,69.0,6.328624,100,1747951200,Very Low,5.3280954,7.6473875,Very Low,8.086227,60.4,8.3,100,1747951200,7.4714284
2025-05-22T22:03:14Z,0,29.877,73.7,60,67.7,7,8,196,76,0.0,255,32767,0.0,2127-15-31,0.0,0.52,26.6,0.0,0.0,0.0,0,4.822265625,6,45,05:39,20:22,2025-05-22 22:03:13.835808,Città della Scienza,74.2,7.6344986,8.356151,6.6601195,5.05593,EU EEA Common AQI,69.8,6.319913,6.960644,7200,5.9142857,100,100,63.0,5.9771423,Very Low,69.0,6.328624,100,1747951200,Very Low,5.3280954,7.6473875,Very Low,8.086227,60.4,8.3,100,1747951200,7.4714284
2025-05-22T22:03:25Z,0,29.877,73.7,60,67.8,7,8,179,76,0.0,255,32767,0.0,2127-15-31,0.0,0.52,26.6,0.0,0.0,0.0,0,4.822265625,6,45,05:39,20:22,2025-05-22 22:03:24.941757,Città della Scienza,74.2,7.6344986,8.356151,6.6601195,5.05593,EU EEA Common AQI,69.8,6.319913,6.960644,7200,5.9142857,100,100,63.0,5.9771423,Very Low,69.0,6.328624,100,1747951200,Very Low,5.3280954,7.6473875,Very Low,8.086227,60.4,8.3,100,1747951200,7.4714284
2025-05-22T22:03:36Z,0,29.876,73.7,60,67.8,9,8,199,76,0.0,255,32767,0.0,2127-15-31,0.0,0.52,26.6,0.0,0.0,0.0,0,4.822265625,6,45,05:39,20:22,2025-05-22 22:03:35.999788,Città della Scienza,74.2,7.6344986,8.356151,6.6601195,5.05593,EU EEA Common AQI,69.8,6.319913,6.960644,7200,5.9142857,100,100,63.0,5.9771423,Very Low,69.0,6.328624,100,1747951200,Very Low,5.3280954,7.6473875,Very Low,8.086227,60.4,8.3,100,1747951200,7.4714284
2025-05-22T22:03:47Z,0,29.876,73.7,60,67.8,8,8,205,76,0.0,255,32767,0.0,2127-15-31,0.0,0.52,26.6,0.0,0.0,0.0,0,4.822265625,6,45,05:39,20:22,2025-05-22 22:03:47.129797,Città della Scienza,74.2,7.6344986,8.356151,6.6601195,5.05593,EU EEA Common AQI,69.8,6.319913,6.960644,7200,5.9142857,100,100,63.0,5.9771423,Very Low,69.0,6.328624,100,1747951200,Very Low,5.3280954,7.6473875,Very Low,8.086227,60.4,8.3,100,1747951200,7.4714284
2025-05-22T22:03:58Z,0,29.876,73.7,60,67.8,5,8,184,76,0.0,255,32767,0.0,2127-15-31,0.0,0.52,26.6,0.0,0.0,0.0,0,4.822265625,6,45,05:39,20:22,2025-05-22 22:03:58.229786,Città della Scienza,74.2,7.6344986,8.356151,6.6601195,5.05593,EU EEA Common AQI,69.8,6.319913,6.960644,7200,5.9142857,100,100,63.0,5.9771423,Very Low,69.0,6.328624,100,1747951200,Very Low,5.3280954,7.6473875,Very Low,8.086227,60.4,8.3,100,1747951200,7.4714284
2025-05-22T22:04:09Z,0,29.876,73.7,60,67.8,10,8,360,76,0.0,255,32767,0.0,2127-15-31,0.0,0.52,26.6,0.0,0.0,0.0,0,4.822265625,6,45,05:39,20:22,2025-05-22 22:04:09.274780,Città della Scienza,74.2,7.6344986,8.356151,6.6601195,5.05593,EU EEA Common AQI,69.8,6.319913,6.960644,7200,5.9142857,100,100,63.0,5.9771423,Very Low,69.0,6.328624,100,1747951200,Very Low,5.3280954,7.6473875,Very Low,8.086227,60.4,8.3,100,1747951200,7.4714284
2025-05-22T22:04:20Z,0,29.876,73.7,60,67.7,8,8,192,77,0.0,255,32767,0.0,2127-15-31,0.0,0.52,26.6,0.0,0.0,0.0,0,4.822265625,6,45,05:39,20:22,2025-05-22 22:04:20.362810,Città della Scienza,74.2,7.6344986,8.356151,6.6601195,5.05593,EU EEA Common AQI,69.8,6.319913,6.960644,7200,5.9142857,100,100,63.0,5.9771423,Very Low,69.0,6.328624,100,1747951200,Very Low,5.3280954,7.6473875,Very Low,8.086227,60.4,8.3,100,1747951200,7.4714284
2025-05-22T22:04:31Z,0,29.876,73.7,60,67.7,7,8,182,77,0.0,255,32767,0.0,2127-15-31,0.0,0.52,26.6,0.0,0.0,0.0,0,4.822265625,6,45,05:39,20:22,2025-05-22 22:04:31.422796,Città della Scienza,74.2,7.6344986,8.356151,6.6601195,5.05593,EU EEA Common AQI,69.8,6.319913,6.960644,7200,5.9142857,100,100,63.0,5.9771423,Very Low,69.0,6.328624,100,1747951200,Very Low,5.3280954,7.6473875,Very Low,8.086227,60.4,8.3,100,1747951200,7.4714284
2025-05-22T22:04:42Z,0,29.875,73.7,60,67.8,8,8,184,77,0.0,255,32767,0.0,2127-15-31,0.0,0.52,26.6,0.0,0.0,0.0,0,4.822265625,6,45,05:39,20:22,2025-05-22 22:04:42.462786,Città della Scienza,74.2,7.6344986,8.356151,6.6601195,5.05593,EU EEA Common AQI,69.8,6.319913,6.960644,7200,5.9142857,100,100,63.0,5.9771423,Very Low,69.0,6.328624,100,1747951200,Very Low,5.3280954,7.6473875,Very Low,8.086227,60.4,8.3,100,1747951200,7.4714284
2025-05-22T22:04:53Z,0,29.875,73.7,60,67.8,7,8,175,77,0.0,255,32767,0.0,2127-15-31,0.0,0.52,26.6,0.0,0.0,0.0,0,4.822265625,6,45,05:39,20:22,2025-05-22 22:04:53.497796,Città della Scienza,74.2,7.6344986,8.356151,6.6601195,5.05593,EU EEA Common AQI,69.8,6.319913,6.960644,7200,5.9142857,100,100,63.0,5.9771423,Very Low,69.0,6.328624,100,1747951200,Very Low,5.3280954,7.6473875,Very Low,8.086227,60.4,8.3,100,1747951200,7.4714284
2025-05-22T22:05:04Z,0,29.875,73.7,60,67.9,3,8,232,77,0.0,255,32767,0.0,2127-15-31,0.0,0.52,26.6,0.0,0.0,0.0,0,4.822265625,6,45,05:39,20:22,2025-05-22 22:05:04.580792,Città della Scienza,74.2,7.6344986,8.356151,6.6601195,5.05593,EU EEA Common AQI,69.8,6.319913,6.960644,7200,5.9142857,100,100,63.0,5.9771423,Very Low,69.0,6.328624,100,1747951200,Very Low,5.3280954,7.6473875,Very Low,8.086227,60.4,8.3,100,1747951200,7.4714284
2025-05-22T22:05:15Z,0,29.875,73.7,60,67.8,6,8,175,77,0.0,255,32767,0.0,2127-15-31,0.0,0.52,26.6,0.0,0.0,0.0,0,4.822265625,6,45,05:39,20:22,2025-05-22 22:05:15.685785,Città della Scienza,74.2,7.6344986,8.356151,6.6601195,5.05593,EU EEA Common AQI,69.8,6.319913,6.960644,7200,5.9142857,100,100,63.0,5.9771423,Very Low,69.0,6.328624,100,1747951200,Very Low,5.3280954,7.6473875,Very Low,8.086227,60.4,8.3,100,1747951200,7.4714284
2025-05-22T22:05:26Z,0,29.875,73.7,60,67.8,6,8,179,77,0.0,255,32767,0.0,2127-15-31,0.0,0.52,26.6,0.0,0.0,0.0,0,4.822265625,6,45,05:39,20:22,2025-05-22 22:05:26.735792,Città della Scienza,74.2,7.6344986,8.356151,6.6601195,5.05593,EU EEA Common AQI,69.8,6.319913,6.960644,7200,5.9142857,100,100,63.0,5.9771423,Very Low,69.0,6.328624,100,1747951200,Very Low,5.3280954,7.6473875,Very Low,8.086227,60.4,8.3,100,1747951200,7.4714284
2025-05-22T22:05:38Z,0,29.875,73.7,60,67.8,5,8,186,77,0.0,255,32767,0.0,2127-15-31,0.0,0.52,26.6,0.0,0.0,0.0,0,4.822265625,6,45,05:39,20:22,2025-05-22 22:05:37.850786,Città della Scienza,74.2,7.6344986,8.356151,6.6601195,5.05593,EU EEA Common AQI,69.8,6.319913,6.960644,7200,5.9142857,100,100,63.0,5.9771423,Very Low,69.0,6.328624,100,1747951200,Very Low,5.3280954,7.6473875,Very Low,8.086227,60.4,8.3,100,1747951200,7.4714284
2025-05-22T22:05:49Z,0,29.875,73.7,60,67.8,8,8,175,77,0.0,255,32767,0.0,2127-15-31,0.0,0.52,26.6,0.0,0.0,0.0,0,4.822265625,6,45,05:39,20:22,2025-05-22 22:05:48.870797,Città della Scienza,74.2,7.6344986,8.356151,6.6601195,5.05593,EU EEA Common AQI,69.8,6.319913,6.960644,7200,5.9142857,100,100,63.0,5.9771423,Very Low,69.0,6.328624,100,1747951200,Very Low,5.3280954,7.6473875,Very Low,8.086227,60.4,8.3,100,1747951200,7.4714284
2025-05-22T22:06:00Z,0,29.875,73.7,60,67.9,5,8,228,77,0.0,255,32767,0.0,2127-15-31,0.0,0.52,26.6,0.0,0.0,0.0,0,4.822265625,6,45,05:39,20:22,2025-05-22 22:05:59.943788,Città della Scienza,74.2,7.6344986,8.356151,6.6601195,5.05593,EU EEA Common AQI,69.8,6.319913,6.960644,7200,5.9142857,100,100,63.0,5.9771423,Very Low,69.0,6.328624,100,1747951200,Very Low,5.3280954,7.6473875,Very Low,8.086227,60.4,8.3,100,1747951200,7.4714284
2025-05-22T22:06:11Z,0,29.875,73.7,60,67.8,4,8,197,77,0.0,255,32767,0.0,2127-15-31,0.0,0.52,26.6,0.0,0.0,0.0,0,4.822265625,6,45,05:39,20:22,2025-05-22 22:06:10.990787,Città della Scienza,74.2,7.6344986,8.356151,6.6601195,5.05593,EU EEA Common AQI,69.8,6.319913,6.960644,7200,5.9142857,100,100,63.0,5.9771423,Very Low,69.0,6.328624,100,1747951200,Very Low,5.3280954,7.6473875,Very Low,8.086227,60.4,8.3,100,1747951200,7.4714284
2025-05-22T22:06:22Z,0,29.875,73.7,60,67.9,3,8,194,77,0.0,255,32767,0.0,2127-15-31,0.0,0.52,26.6,0.0,0.0,0.0,0,4.822265625,6,45,05:39,20:22,2025-05-22 22:06:22.103789,Città della Scienza,74.2,7.6344986,8.356151,6.6601195,5.05593,EU EEA Common AQI,69.8,6.319913,6.960644,7200,5.9142857,100,100,63.0,5.9771423,Very Low,69.0,6.328624,100,1747951200,Very Low,5.3280954,7.6473875,Very Low,8.086227,60.4,8.3,100,1747951200,7.4714284
2025-05-22T22:06:33Z,0,29.874,73.6,61,67.9,7,7,188,77,0.0,255,32767,0.0,2127-15-31,0.0,0.52,26.6,0.0,0.0,0.0,0,4.822265625,6,45,05:39,20:22,2025-05-22 22:06:33.202793,Città della Scienza,74.2,7.6344986,8.356151,6.6601195,5.05593,EU EEA Common AQI,69.8,6.319913,6.960644,7200,5.9142857,100,100,63.0,5.9771423,Very Low,69.0,6.328624,100,1747951200,Very Low,5.3280954,7.6473875,Very Low,8.086227,60.4,8.3,100,1747951200,7.4714284
2025-05-22T22:06:44Z,0,29.874,73.6,61,67.9,3,7,281,77,0.0,255,32767,0.0,2127-15-31,0.0,0.52,26.6,0.0,0.0,0.0,0,4.822265625,6,45,05:39,20:22,2025-05-22 22:06:44.263790,Città della Scienza,74.2,7.6344986,8.356151,6.6601195,5.05593,EU EEA Common AQI,69.8,6.319913,6.960644,7200,5.9142857,100,100,63.0,5.9771423,Very Low,69.0,6.328624,100,1747951200,Very Low,5.3280954,7.6473875,Very Low,8.086227,60.4,8.3,100,1747951200,7.4714284
2025-05-22T22:06:55Z,0,29.874,73.6,61,67.9,7,7,205,77,0.0,255,32767,0.0,2127-15-31,0.0,0.52,26.6,0.0,0.0,0.0,0,4.822265625,6,45,05:39,20:22,2025-05-22 22:06:55.351788,Città della Scienza,74.2,7.6344986,8.356151,6.6601195,5.05593,EU EEA Common AQI,69.8,6.319913,6.960644,7200,5.9142857,100,100,63.0,5.9771423,Very Low,69.0,6.328624,100,1747951200,Very Low,5.3280954,7.6473875,Very Low,8.086227,60.4,8.3,100,1747951200,7.4714284
2025-05-22T22:07:06Z,0,29.874,73.6,61,67.9,6,7,272,77,0.0,255,32767,0.0,2127-15-31,0.0,0.52,26.6,0.0,0.0,0.0,0,4.822265625,6,45,05:39,20:22,2025-05-22 22:07:06.415802,Città della Scienza,74.2,7.6344986,8.356151,6.6601195,5.05593,EU EEA Common AQI,69.8,6.319913,6.960644,7200,5.9142857,100,100,63.0,5.9771423,Very Low,69.0,6.328624,100,1747951200,Very Low,5.3280954,7.6473875,Very Low,8.086227,60.4,8.3,100,1747951200,7.4714284
2025-05-22T22:07:17Z,0,29.874,73.6,61,67.9,3,7,198,77,0.0,255,32767,0.0,2127-15-31,0.0,0.52,26.6,0.0,0.0,0.0,0,4.822265625,6,45,05:39,20:22,2025-05-22 22:07:17.509816,Città della Scienza,74.2,7.6344986,8.356151,6.6601195,5.05593,EU EEA Common AQI,69.8,6.319913,6.960644,7200,5.9142857,100,100,63.0,5.9771423,Very Low,69.0,6.328624,100,1747951200,Very Low,5.3280954,7.6473875,Very Low,8.086227,60.4,8.3,100,1747951200,7.4714284
2025-05-22T22:07:28Z,0,29.874,73.6,61,67.9,5,7,203,77,0.0,255,32767,0.0,2127-15-31,0.0,0.52,26.6,0.0,0.0,0.0,0,4.822265625,6,45,05:39,20:22,2025-05-22 22:07:28.585798,Città della Scienza,74.2,7.6344986,8.356151,6.6601195,5.05593,EU EEA Common AQI,69.8,6.319913,6.960644,7200,5.9142857,100,100,63.0,5.9771423,Very Low,69.0,6.328624,100,1747951200,Very Low,5.3280954,7.6473875,Very Low,8.086227,60.4,8.3,100,1747951200,7.4714284
2025-05-22T22:07:39Z,0,29.876,73.6,61,67.9,9,7,204,77,0.0,255,32767,0.0,2127-15-31,0.0,0.52,26.6,0.0,0.0,0.0,0,4.822265625,6,45,05:39,20:22,2025-05-22 22:07:39.627795,Città della Scienza,74.2,7.6344986,8.356151,6.6601195,5.05593,EU EEA Common AQI,69.8,6.319913,6.960644,7200,5.9142857,100,100,63.0,5.9771423,Very Low,69.0,6.328624,100,1747951200,Very Low,5.3280954,7.6473875,Very Low,8.086227,60.4,8.3,100,1747951200,7.4714284
2025-05-22T22:07:50Z,0,29.876,73.6,61,67.9,7,7,215,77,0.0,255,32767,0.0,2127-15-31,0.0,0.52,26.6,0.0,0.0,0.0,0,4.822265625,6,45,05:39,20:22,2025-05-22 22:07:50.763807,Città della Scienza,74.2,7.6344986,8.356151,6.6601195,5.05593,EU EEA Common AQI,69.8,6.319913,6.960644,7200,5.9142857,100,100,63.0,5.9771423,Very Low,69.0,6.328624,100,1747951200,Very Low,5.3280954,7.6473875,Very Low,8.086227,60.4,8.3,100,1747951200,7.4714284
2025-05-22T22:08:02Z,0,29.876,73.6,61,67.9,5,7,255,77,0.0,255,32767,0.0,2127-15-31,0.0,0.52,26.6,0.0,0.0,0.0,0,4.822265625,6,45,05:39,20:22,2025-05-22 22:08:01.866792,Città della Scienza,74.2,7.6344986,8.356151,6.6601195,5.05593,EU EEA Common AQI,69.8,6.319913,6.960644,7200,5.9142857,100,100,63.0,5.9771423,Very Low,69.0,6.328624,100,1747951200,Very Low,5.3280954,7.6473875,Very Low,8.086227,60.4,8.3,100,1747951200,7.4714284
2025-05-22T22:08:13Z,0,29.876,73.6,61,67.8,9,7,190,77,0.0,255,32767,0.0,2127-15-31,0.0,0.52,26.6,0.0,0.0,0.0,0,4.822265625,6,45,05:39,20:22,2025-05-22 22:08:12.913791,Città della Scienza,74.2,7.6344986,8.356151,6.6601195,5.05593,EU EEA Common AQI,69.8,6.319913,6.960644,7200,5.9142857,100,100,63.0,5.9771423,Very Low,69.0,6.328624,100,1747951200,Very Low,5.3280954,7.6473875,Very Low,8.086227,60.4,8.3,100,1747951200,7.4714284
2025-05-22T22:08:24Z,0,29.876,73.6,61,67.8,9,7,184,77,0.0,255,32767,0.0,2127-15-31,0.0,0.52,26.6,0.0,0.0,0.0,0,4.822265625,6,45,05:39,20:22,2025-05-22 22:08:23.989783,Città della Scienza,74.2,7.6344986,8.356151,6.6601195,5.05593,EU EEA Common AQI,69.8,6.319913,6.960644,7200,5.9142857,100,100,63.0,5.9771423,Very Low,69.0,6.328624,100,1747951200,Very Low,5.3280954,7.6473875,Very Low,8.086227,60.4,8.3,100,1747951200,7.4714284
2025-05-22T22:08:35Z,0,29.877,73.6,61,67.8,5,7,173,77,0.0,255,32767,0.0,2127-15-31,0.0,0.52,26.6,0.0,0.0,0.0,0,4.822265625,6,45,05:39,20:22,2025-05-22 22:08:35.072783,Città della Scienza,74.2,7.6344986,8.356151,6.6601195,5.05593,EU EEA Common AQI,69.8,6.319913,6.960644,7200,5.9142857,100,100,63.0,5.9771423,Very Low,69.0,6.328624,100,1747951200,Very Low,5.3280954,7.6473875,Very Low,8.086227,60.4,8.3,100,1747951200,7.4714284
2025-05-22T22:08:46Z,0,29.877,73.6,61,67.8,5,7,194,77,0.0,255,32767,0.0,2127-15-31,0.0,0.52,26.6,0.0,0.0,0.0,0,4.822265625,6,45,05:39,20:22,2025-05-22 22:08:46.149790,Città della Scienza,74.2,7.6344986,8.356151,6.6601195,5.05593,EU EEA Common AQI,69.8,6.319913,6.960644,7200,5.9142857,100,100,63.0,5.9771423,Very Low,69.0,6.328624,100,1747951200,Very Low,5.3280954,7.6473875,Very Low,8.086227,60.4,8.3,100,1747951200,7.4714284
2025-05-22T22:08:57Z,0,29.877,73.6,61,67.9,7,7,177,77,0.0,255,32767,0.0,2127-15-31,0.0,0.52,26.6,0.0,0.0,0.0,0,4.822265625,6,45,05:39,20:22,2025-05-22 22:08:57.266788,Città della Scienza,74.2,7.6344986,8.356151,6.6601195,5.05593,EU EEA Common AQI,69.8,6.319913,6.960644,7200,5.9142857,100,100,63.0,5.9771423,Very Low,69.0,6.328624,100,1747951200,Very Low,5.3280954,7.6473875,Very Low,8.086227,60.4,8.3,100,1747951200,7.4714284
2025-05-22T22:09:08Z,0,29.877,73.6,61,67.9,4,7,182,77,0.0,255,32767,0.0,2127-15-31,0.0,0.52,26.6,0.0,0.0,0.0,0,4.822265625,6,45,05:39,20:22,2025-05-22 22:09:08.326782,Città della Scienza,74.2,7.6344986,8.356151,6.6601195,5.05593,EU EEA Common AQI,69.8,6.319913,6.960644,7200,5.9142857,100,100,63.0,5.9771423,Very Low,69.0,6.328624,100,1747951200,Very Low,5.3280954,7.6473875,Very Low,8.086227,60.4,8.3,100,1747951200,7.4714284
2025-05-22T22:09:19Z,0,29.877,73.6,61,67.9,3,7,172,77,0.0,255,32767,0.0,2127-15-31,0.0,0.52,26.6,0.0,0.0,0.0,0,4.822265625,6,45,05:39,20:22,2025-05-22 22:09:19.664780,Città della Scienza,74.2,7.6344986,8.356151,6.6601195,5.05593,EU EEA Common AQI,69.8,6.319913,6.960644,7200,5.9142857,100,100,63.0,5.9771423,Very Low,69.0,6.328624,100,1747951200,Very Low,5.3280954,7.6473875,Very Low,8.086227,60.4,8.3,100,1747951200,7.4714284
2025-05-22T22:09:30Z,0,29.877,73.6,61,67.9,4,7,177,77,0.0,255,32767,0.0,2127-15-31,0.0,0.52,26.6,0.0,0.0,0.0,0,4.822265625,6,45,05:39,20:22,2025-05-22 22:09:30.744794,Città della Scienza,74.2,7.6344986,8.356151,6.6601195,5.05593,EU EEA Common AQI,69.8,6.319913,6.960644,7200,5.9142857,100,100,63.0,5.9771423,Very Low,69.0,6.328624,100,1747951200,Very Low,5.3280954,7.6473875,Very Low,8.086227,60.4,8.3,100,1747951200,7.4714284
2025-05-22T22:09:42Z,0,29.874,73.6,61,67.9,10,7,178,77,0.0,255,32767,0.0,2127-15-31,0.0,0.52,26.6,0.0,0.0,0.0,0,4.822265625,6,45,05:39,20:22,2025-05-22 22:09:41.801919,Città della Scienza,74.2,7.6344986,8.356151,6.6601195,5.05593,EU EEA Common AQI,69.8,6.319913,6.960644,7200,5.9142857,100,100,63.0,5.9771423,Very Low,69.0,6.328624,100,1747951200,Very Low,5.3280954,7.6473875,Very Low,8.086227,60.4,8.3,100,1747951200,7.4714284
2025-05-22T22:09:53Z,0,29.874,73.6,61,67.9,7,7,184,77,0.0,255,32767,0.0,2127-15-31,0.0,0.52,26.6,0.0,0.0,0.0,0,4.822265625,6,45,05:39,20:22,2025-05-22 22:09:52.886792,Città della Scienza,74.2,7.6344986,8.356151,6.6601195,5.05593,EU EEA Common AQI,69.8,6.319913,6.960644,7200,5.9142857,100,100,63.0,5.9771423,Very Low,69.0,6.328624,100,1747951200,Very Low,5.3280954,7.6473875,Very Low,8.086227,60.4,8.3,100,1747951200,7.4714284
2025-05-22T22:10:04Z,0,29.874,73.6,61,67.9,8,7,184,77,0.0,255,32767,0.0,2127-15-31,0.0,0.52,26.6,0.0,0.0,0.0,0,4.822265625,6,45,05:39,20:22,2025-05-22 22:10:04.015800,Città della Scienza,74.2,7.6344986,8.356151,6.6601195,5.05593,EU EEA Common AQI,69.8,6.319913,6.960644,7200,5.9142857,100,100,63.0,5.9771423,Very Low,69.0,6.328624,100,1747951200,Very Low,5.3280954,7.6473875,Very Low,8.086227,60.4,8.3,100,1747951200,7.4714284
2025-05-22T22:10:15Z,0,29.874,73.6,61,67.8,6,7,178,77,0.0,255,32767,0.0,2127-15-31,0.0,0.52,26.6,0.0,0.0,0.0,0,4.822265625,6,45,05:39,20:22,2025-05-22 22:10:15.069785,Città della Scienza,74.2,7.6344986,8.356151,6.6601195,5.05593,EU EEA Common AQI,69.8,6.319913,6.960644,7200,5.9142857,100,100,63.0,5.9771423,Very Low,69.0,6.328624,100,1747951200,Very Low,5.3280954,7.6473875,Very Low,8.086227,60.4,8.3,100,1747951200,7.4714284
2025-05-22T22:10:26Z,0,29.874,73.6,61,67.8,9,7,186,77,0.0,255,32767,0.0,2127-15-31,0.0,0.52,26.6,0.0,0.0,0.0,0,4.822265625,6,45,05:39,20:22,2025-05-22 22:10:26.123795,Città della Scienza,74.2,7.6344986,8.356151,6.6601195,5.05593,EU EEA Common AQI,69.8,6.319913,6.960644,7200,5.9142857,100,100,63.0,5.9771423,Very Low,69.0,6.328624,100,1747951200,Very Low,5.3280954,7.6473875,Very Low,8.086227,60.4,8.3,100,1747951200,7.4714284
2025-05-22T22:10:37Z,0,29.875,73.6,61,67.8,10,7,205,77,0.0,255,32767,0.0,2127-15-31,0.0,0.52,26.6,0.0,0.0,0.0,0,4.822265625,6,45,05:39,20:22,2025-05-22 22:10:37.207792,Città della Scienza,74.2,7.6344986,8.356151,6.6601195,5.05593,EU EEA Common AQI,69.8,6.319913,6.960644,7200,5.9142857,100,100,63.0,5.9771423,Very Low,69.0,6.328624,100,1747951200,Very Low,5.3280954,7.6473875,Very Low,8.086227,60.4,8.3,100,1747951200,7.4714284
2025-05-22T22:10:48Z,0,29.875,73.6,61,67.8,8,7,252,77,0.0,255,32767,0.0,2127-15-31,0.0,0.52,26.6,0.0,0.0,0.0,0,4.822265625,6,45,05:39,20:22,2025-05-22 22:10:48.282791,Città della Scienza,74.2,7.6344986,8.356151,6.6601195,5.05593,EU EEA Common AQI,69.8,6.319913,6.960644,7200,5.9142857,100,100,63.0,5.9771423,Very Low,69.0,6.328624,100,1747951200,Very Low,5.3280954,7.6473875,Very Low,8.086227,60.4,8.3,100,1747951200,7.4714284
2025-05-22T22:10:59Z,0,29.875,73.6,61,67.8,8,7,202,77,0.0,255,32767,0.0,2127-15-31,0.0,0.52,26.6,0.0,0.0,0.0,0,4.822265625,6,45,05:39,20:22,2025-05-22 22:10:59.376782,Città della Scienza,74.2,7.6344986,8.356151,6.6601195,5.05593,EU EEA Common AQI,69.8,6.319913,6.960644,7200,5.9142857,100,100,63.0,5.9771423,Very Low,69.0,6.328624,100,1747951200,Very Low,5.3280954,7.6473875,Very Low,8.086227,60.4,8.3,100,1747951200,7.4714284
2025-05-22T22:11:10Z,0,29.875,73.6,61,67.8,8,7,182,77,0.0,255,32767,0.0,2127-15-31,0.0,0.52,26.6,0.0,0.0,0.0,0,4.822265625,6,45,05:39,20:22,2025-05-22 22:11:10.473820,Città della Scienza,74.2,7.6344986,8.356151,6.6601195,5.05593,EU EEA Common AQI,69.8,6.319913,6.960644,7200,5.9142857,100,100,63.0,5.9771423,Very Low,69.0,6.328624,100,1747951200,Very Low,5.3280954,7.6473875,Very Low,8.086227,60.4,8.3,100,1747951200,7.4714284
2025-05-22T22:11:21Z,0,29.875,73.6,61,67.8,7,7,188,77,0.0,255,32767,0.0,2127-15-31,0.0,0.52,26.6,0.0,0.0,0.0,0,4.822265625,6,45,05:39,20:22,2025-05-22 22:11:21.545565,Città della Scienza,74.2,7.6344986,8.356151,6.6601195,5.05593,EU EEA Common AQI,69.8,6.319913,6.960644,7200,5.9142857,100,100,63.0,5.9771423,Very Low,69.0,6.328624,100,1747951200,Very Low,5.3280954,7.6473875,Very Low,8.086227,60.4,8.3,100,1747951200,7.4714284
2025-05-22T22:11:32Z,0,29.872,73.6,61,67.8,9,7,194,77,0.0,255,32767,0.0,2127-15-31,0.0,0.52,26.6,0.0,0.0,0.0,0,4.822265625,6,45,05:39,20:22,2025-05-22 22:11:32.627814,Città della Scienza,74.2,7.6344986,8.356151,6.6601195,5.05593,EU EEA Common AQI,69.8,6.319913,6.960644,7200,5.9142857,100,100,63.0,5.9771423,Very Low,69.0,6.328624,100,1747951200,Very Low,5.3280954,7.6473875,Very Low,8.086227,60.4,8.3,100,1747951200,7.4714284
2025-05-22T22:11:43Z,0,29.872,73.6,61,67.9,7,7,184,77,0.0,255,32767,0.0,2127-15-31,0.0,0.52,26.6,0.0,0.0,0.0,0,4.822265625,6,45,05:39,20:22,2025-05-22 22:11:43.693792,Città della Scienza,74.2,7.6344986,8.356151,6.6601195,5.05593,EU EEA Common AQI,69.8,6.319913,6.960644,7200,5.9142857,100,100,63.0,5.9771423,Very Low,69.0,6.328624,100,1747951200,Very Low,5.3280954,7.6473875,Very Low,8.086227,60.4,8.3,100,1747951200,7.4714284
2025-05-22T22:11:54Z,0,29.872,73.6,61,67.8,10,7,190,77,0.0,255,32767,0.0,2127-15-31,0.0,0.52,26.6,0.0,0.0,0.0,0,4.822265625,6,45,05:39,20:22,2025-05-22 22:11:54.736792,Città della Scienza,74.2,7.6344986,8.356151,6.6601195,5.05593,EU EEA Common AQI,69.8,6.319913,6.960644,7200,5.9142857,100,100,63.0,5.9771423,Very Low,69.0,6.328624,100,1747951200,Very Low,5.3280954,7.6473875,Very Low,8.086227,60.4,8.3,100,1747951200,7.4714284
2025-05-22T22:12:05Z,0,29.872,73.6,61,67.8,7,7,191,77,0.0,255,32767,0.0,2127-15-31,0.0,0.52,26.6,0.0,0.0,0.0,0,4.822265625,6,45,05:39,20:22,2025-05-22 22:12:05.788783,Città della Scienza,74.2,7.6344986,8.356151,6.6601195,5.05593,EU EEA Common AQI,69.8,6.319913,6.960644,7200,5.9142857,100,100,63.0,5.9771423,Very Low,69.0,6.328624,100,1747951200,Very Low,5.3280954,7.6473875,Very Low,8.086227,60.4,8.3,100,1747951200,7.4714284
2025-05-22T22:12:17Z,0,29.872,73.6,61,67.8,8,7,203,77,0.0,255,32767,0.0,2127-15-31,0.0,0.52,26.6,0.0,0.0,0.0,0,4.822265625,6,45,05:39,20:22,2025-05-22 22:12:16.857807,Città della Scienza,74.2,7.6344986,8.356151,6.6601195,5.05593,EU EEA Common AQI,69.8,6.319913,6.960644,7200,5.9142857,100,100,63.0,5.9771423,Very Low,69.0,6.328624,100,1747951200,Very Low,5.3280954,7.6473875,Very Low,8.086227,60.4,8.3,100,1747951200,7.4714284
2025-05-22T22:12:28Z,0,29.872,73.6,61,67.8,5,7,186,77,0.0,255,32767,0.0,2127-15-31,0.0,0.52,26.6,0.0,0.0,0.0,0,4.822265625,6,45,05:39,20:22,2025-05-22 22:12:27.955808,Città della Scienza,74.2,7.6344986,8.356151,6.6601195,5.05593,EU EEA Common AQI,69.8,6.319913,6.960644,7200,5.9142857,100,100,63.0,5.9771423,Very Low,69.0,6.328624,100,1747951200,Very Low,5.3280954,7.6473875,Very Low,8.086227,60.4,8.3,100,1747951200,7.4714284
2025-05-22T22:12:39Z,0,29.873,73.6,61,67.8,7,7,207,77,0.0,255,32767,0.0,2127-15-31,0.0,0.52,26.6,0.0,0.0,0.0,0,4.822265625,6,45,05:39,20:22,2025-05-22 22:12:39.023784,Città della Scienza,74.2,7.6344986,8.356151,6.6601195,5.05593,EU EEA Common AQI,69.8,6.319913,6.960644,7200,5.9142857,100,100,63.0,5.9771423,Very Low,69.0,6.328624,100,1747951200,Very Low,5.3280954,7.6473875,Very Low,8.086227,60.4,8.3,100,1747951200,7.4714284
2025-05-22T22:12:50Z,0,29.873,73.6,61,67.8,9,7,188,77,0.0,255,32767,0.0,2127-15-31,0.0,0.52,26.6,0.0,0.0,0.0,0,4.822265625,6,45,05:39,20:22,2025-05-22 22:12:50.121790,Città della Scienza,74.2,7.6344986,8.356151,6.6601195,5.05593,EU EEA Common AQI,69.8,6.319913,6.960644,7200,5.9142857,100,100,63.0,5.9771423,Very Low,69.0,6.328624,100,1747951200,Very Low,5.3280954,7.6473875,Very Low,8.086227,60.4,8.3,100,1747951200,7.4714284
2025-05-22T22:13:01Z,0,29.873,73.6,61,67.8,10,7,202,77,0.0,255,32767,0.0,2127-15-31,0.0,0.52,26.6,0.0,0.0,0.0,0,4.822265625,6,45,05:39,20:22,2025-05-22 22:13:01.161786,Città della Scienza,74.2,7.6344986,8.356151,6.6601195,5.05593,EU EEA Common AQI,69.8,6.319913,6.960644,7200,5.9142857,100,100,63.0,5.9771423,Very Low,69.0,6.328624,100,1747951200,Very Low,5.3280954,7.6473875,Very Low,8.086227,60.4,8.3,100,1747951200,7.4714284
2025-05-22T22:13:12Z,0,29.873,73.6,61,67.8,5,7,188,77,0.0,255,32767,0.0,2127-15-31,0.0,0.52,26.6,0.0,0.0,0.0,0,4.822265625,6,45,05:39,20:22,2025-05-22 22:13:12.247794,Città della Scienza,74.2,7.6344986,8.356151,6.6601195,5.05593,EU EEA Common AQI,69.8,6.319913,6.960644,7200,5.9142857,100,100,63.0,5.9771423,Very Low,69.0,6.328624,100,1747951200,Very Low,5.3280954,7.6473875,Very Low,8.086227,60.4,8.3,100,1747951200,7.4714284
2025-05-22T22:13:23Z,0,29.873,73.6,61,67.8,3,7,256,77,0.0,255,32767,0.0,2127-15-31,0.0,0.52,26.6,0.0,0.0,0.0,0,4.822265625,6,45,05:39,20:22,2025-05-22 22:13:23.300790,Città della Scienza,74.2,7.6344986,8.356151,6.6601195,5.05593,EU EEA Common AQI,69.8,6.319913,6.960644,7200,5.9142857,100,100,63.0,5.9771423,Very Low,69.0,6.328624,100,1747951200,Very Low,5.3280954,7.6473875,Very Low,8.086227,60.4,8.3,100,1747951200,7.4714284
2025-05-22T22:13:34Z,0,29.874,73.6,61,67.8,6,7,179,77,0.0,255,32767,0.0,2127-15-31,0.0,0.52,26.6,0.0,0.0,0.0,0,4.822265625,6,45,05:39,20:22,2025-05-22 22:13:34.340791,Città della Scienza,74.2,7.6344986,8.356151,6.6601195,5.05593,EU EEA Common AQI,69.8,6.319913,6.960644,7200,5.9142857,100,100,63.0,5.9771423,Very Low,69.0,6.328624,100,1747951200,Very Low,5.3280954,7.6473875,Very Low,8.086227,60.4,8.3,100,1747951200,7.4714284
2025-05-22T22:13:45Z,0,29.874,73.6,61,67.8,5,7,217,77,0.0,255,32767,0.0,2127-15-31,0.0,0.52,26.6,0.0,0.0,0.0,0,4.822265625,6,45,05:39,20:22,2025-05-22 22:13:45.444797,Città della Scienza,74.2,7.6344986,8.356151,6.6601195,5.05593,EU EEA Common AQI,69.8,6.319913,6.960644,7200,5.9142857,100,100,63.0,5.9771423,Very Low,69.0,6.328624,100,1747951200,Very Low,5.3280954,7.6473875,Very Low,8.086227,60.4,8.3,100,1747951200,7.4714284
2025-05-22T22:13:56Z,0,29.874,73.6,61,67.8,4,7,263,77,0.0,255,32767,0.0,2127-15-31,0.0,0.52,26.6,0.0,0.0,0.0,0,4.822265625,6,45,05:39,20:22,2025-05-22 22:13:56.520791,Città della Scienza,74.2,7.6344986,8.356151,6.6601195,5.05593,EU EEA Common AQI,69.8,6.319913,6.960644,7200,5.9142857,100,100,63.0,5.9771423,Very Low,69.0,6.328624,100,1747951200,Very Low,5.3280954,7.6473875,Very Low,8.086227,60.4,8.3,100,1747951200,7.4714284
2025-05-22T22:14:07Z,0,29.874,73.6,61,67.8,8,7,176,77,0.0,255,32767,0.0,2127-15-31,0.0,0.52,26.6,0.0,0.0,0.0,0,4.822265625,6,45,05:39,20:22,2025-05-22 22:14:07.583794,Città della Scienza,74.2,7.6344986,8.356151,6.6601195,5.05593,EU EEA Common AQI,69.8,6.319913,6.960644,7200,5.9142857,100,100,63.0,5.9771423,Very Low,69.0,6.328624,100,1747951200,Very Low,5.3280954,7.6473875,Very Low,8.086227,60.4,8.3,100,1747951200,7.4714284
2025-05-22T22:14:18Z,0,29.874,73.6,61,67.7,4,7,177,77,0.0,255,32767,0.0,2127-15-31,0.0,0.52,26.6,0.0,0.0,0.0,0,4.822265625,6,45,05:39,20:22,2025-05-22 22:14:18.660762,Città della Scienza,74.2,7.6344986,8.356151,6.6601195,5.05593,EU EEA Common AQI,69.8,6.319913,6.960644,7200,5.9142857,100,100,63.0,5.9771423,Very Low,69.0,6.328624,100,1747951200,Very Low,5.3280954,7.6473875,Very Low,8.086227,60.4,8.3,100,1747951200,7.4714284
2025-05-22T22:14:29Z,0,29.874,73.6,61,67.8,3,7,259,77,0.0,255,32767,0.0,2127-15-31,0.0,0.52,26.6,0.0,0.0,0.0,0,4.822265625,6,45,05:39,20:22,2025-05-22 22:14:29.724786,Città della Scienza,74.2,7.6344986,8.356151,6.6601195,5.05593,EU EEA Common AQI,69.8,6.319913,6.960644,7200,5.9142857,100,100,63.0,5.9771423,Very Low,69.0,6.328624,100,1747951200,Very Low,5.3280954,7.6473875,Very Low,8.086227,60.4,8.3,100,1747951200,7.4714284
2025-05-22T22:14:40Z,0,29.874,73.6,61,67.8,9,7,183,77,0.0,255,32767,0.0,2127-15-31,0.0,0.52,26.6,0.0,0.0,0.0,0,4.822265625,6,45,05:39,20:22,2025-05-22 22:14:40.767754,Città della Scienza,74.2,7.6344986,8.356151,6.6601195,5.05593,EU EEA Common AQI,69.8,6.319913,6.960644,7200,5.9142857,100,100,63.0,5.9771423,Very Low,69.0,6.328624,100,1747951200,Very Low,5.3280954,7.6473875,Very Low,8.086227,60.4,8.3,100,1747951200,7.4714284
2025-05-22T22:14:52Z,0,29.874,73.6,61,67.8,7,7,174,77,0.0,255,32767,0.0,2127-15-31,0.0,0.52,26.6,0.0,0.0,0.0,0,4.822265625,6,45,05:39,20:22,2025-05-22 22:14:51.816788,Città della Scienza,74.2,7.6344986,8.356151,6.6601195,5.05593,EU EEA Common AQI,69.8,6.319913,6.960644,7200,5.9142857,100,100,63.0,5.9771423,Very Low,69.0,6.328624,100,1747951200,Very Low,5.3280954,7.6473875,Very Low,8.086227,60.4,8.3,100,1747951200,7.4714284
2025-05-22T22:15:03Z,0,29.874,73.6,61,67.8,9,7,188,77,0.0,255,32767,0.0,2127-15-31,0.0,0.52,26.6,0.0,0.0,0.0,0,4.822265625,6,45,05:39,20:22,2025-05-22 22:15:02.906796,Città della Scienza,74.2,7.6344986,8.356151,6.6601195,5.05593,EU EEA Common AQI,69.8,6.319913,6.960644,7200,5.9142857,100,100,63.0,5.9771423,Very Low,69.0,6.328624,100,1747951200,Very Low,5.3280954,7.6473875,Very Low,8.086227,60.4,8.3,100,1747951200,7.4714284
2025-05-22T22:15:14Z,0,29.874,73.6,61,67.8,7,7,189,77,0.0,255,32767,0.0,2127-15-31,0.0,0.52,26.6,0.0,0.0,0.0,0,4.822265625,6,45,05:39,20:22,2025-05-22 22:15:13.993786,Città della Scienza,74.2,7.6344986,8.356151,6.6601195,5.05593,EU EEA Common AQI,69.8,6.319913,6.960644,7200,5.9142857,100,100,63.0,5.9771423,Very Low,69.0,6.328624,100,1747951200,Very Low,5.3280954,7.6473875,Very Low,8.086227,60.4,8.3,100,1747951200,7.4714284
2025-05-22T22:15:25Z,0,29.874,73.6,61,67.8,10,7,180,77,0.0,255,32767,0.0,2127-15-31,0.0,0.52,26.6,0.0,0.0,0.0,0,4.822265625,6,45,05:39,20:22,2025-05-22 22:15:25.040786,Città della Scienza,74.2,7.6232243,8.362266,6.540469,5.065267,EU EEA Common AQI,69.9,6.331584,6.9696074,7200,5.8428574,100,100,63.0,5.1771426,Very Low,69.0,6.356744,100,1747952100,Very Low,5.232375,7.650213,Very Low,7.9291186,60.5,8.057143,100,1747952100,6.4714284
2025-05-22T22:15:36Z,0,29.874,73.6,61,67.7,7,7,194,77,0.0,255,32767,0.0,2127-15-31,0.0,0.52,26.6,0.0,0.0,0.0,0,4.822265625,6,45,05:39,20:22,2025-05-22 22:15:36.134790,Città della Scienza,74.2,7.6232243,8.362266,6.540469,5.065267,EU EEA Common AQI,69.9,6.331584,6.9696074,7200,5.8428574,100,100,63.0,5.1771426,Very Low,69.0,6.356744,100,1747952100,Very Low,5.232375,7.650213,Very Low,7.9291186,60.5,8.057143,100,1747952100,6.4714284
2025-05-22T22:15:47Z,0,29.874,73.6,61,67.7,6,7,211,77,0.0,255,32767,0.0,2127-15-31,0.0,0.52,26.6,0.0,0.0,0.0,0,4.822265625,6,45,05:39,20:22,2025-05-22 22:15:47.204804,Città della Scienza,74.2,7.6232243,8.362266,6.540469,5.065267,EU EEA Common AQI,69.9,6.331584,6.9696074,7200,5.8428574,100,100,63.0,5.1771426,Very Low,69.0,6.356744,100,1747952100,Very Low,5.232375,7.650213,Very Low,7.9291186,60.5,8.057143,100,1747952100,6.4714284
2025-05-22T22:15:58Z,0,29.874,73.6,61,67.7,7,7,186,77,0.0,255,32767,0.0,2127-15-31,0.0,0.52,26.6,0.0,0.0,0.0,0,4.822265625,6,45,05:39,20:22,2025-05-22 22:15:58.275785,Città della Scienza,74.2,7.6232243,8.362266,6.540469,5.065267,EU EEA Common AQI,69.9,6.331584,6.9696074,7200,5.8428574,100,100,63.0,5.1771426,Very Low,69.0,6.356744,100,1747952100,Very Low,5.232375,7.650213,Very Low,7.9291186,60.5,8.057143,100,1747952100,6.4714284
2025-05-22T22:16:09Z,0,29.874,73.6,61,67.8,2,7,227,77,0.0,255,32767,0.0,2127-15-31,0.0,0.52,26.6,0.0,0.0,0.0,0,4.822265625,6,45,05:39,20:22,2025-05-22 22:16:09.396790,Città della Scienza,74.2,7.6232243,8.362266,6.540469,5.065267,EU EEA Common AQI,69.9,6.331584,6.9696074,7200,5.8428574,100,100,63.0,5.1771426,Very Low,69.0,6.356744,100,1747952100,Very Low,5.232375,7.650213,Very Low,7.9291186,60.5,8.057143,100,1747952100,6.4714284
2025-05-22T22:16:20Z,0,29.874,73.6,61,67.7,3,7,219,77,0.0,255,32767,0.0,2127-15-31,0.0,0.52,26.6,0.0,0.0,0.0,0,4.822265625,6,45,05:39,20:22,2025-05-22 22:16:20.474788,Città della Scienza,74.2,7.6232243,8.362266,6.540469,5.065267,EU EEA Common AQI,69.9,6.331584,6.9696074,7200,5.8428574,100,100,63.0,5.1771426,Very Low,69.0,6.356744,100,1747952100,Very Low,5.232375,7.650213,Very Low,7.9291186,60.5,8.057143,100,1747952100,6.4714284
2025-05-22T22:16:31Z,0,29.874,73.6,61,67.7,4,7,202,77,0.0,255,32767,0.0,2127-15-31,0.0,0.52,26.6,0.0,0.0,0.0,0,4.822265625,6,45,05:39,20:22,2025-05-22 22:16:31.599788,Città della Scienza,74.2,7.6232243,8.362266,6.540469,5.065267,EU EEA Common AQI,69.9,6.331584,6.9696074,7200,5.8428574,100,100,63.0,5.1771426,Very Low,69.0,6.356744,100,1747952100,Very Low,5.232375,7.650213,Very Low,7.9291186,60.5,8.057143,100,1747952100,6.4714284
2025-05-22T22:16:42Z,0,29.872,73.6,61,67.7,3,7,216,77,0.0,255,32767,0.0,2127-15-31,0.0,0.52,26.6,0.0,0.0,0.0,0,4.822265625,6,45,05:39,20:22,2025-05-22 22:16:42.693800,Città della Scienza,74.2,7.6232243,8.362266,6.540469,5.065267,EU EEA Common AQI,69.9,6.331584,6.9696074,7200,5.8428574,100,100,63.0,5.1771426,Very Low,69.0,6.356744,100,1747952100,Very Low,5.232375,7.650213,Very Low,7.9291186,60.5,8.057143,100,1747952100,6.4714284
2025-05-22T22:16:53Z,0,29.872,73.6,61,67.7,3,7,181,77,0.0,255,32767,0.0,2127-15-31,0.0,0.52,26.6,0.0,0.0,0.0,0,4.822265625,6,45,05:39,20:22,2025-05-22 22:16:53.743796,Città della Scienza,74.2,7.6232243,8.362266,6.540469,5.065267,EU EEA Common AQI,69.9,6.331584,6.9696074,7200,5.8428574,100,100,63.0,5.1771426,Very Low,69.0,6.356744,100,1747952100,Very Low,5.232375,7.650213,Very Low,7.9291186,60.5,8.057143,100,1747952100,6.4714284
2025-05-22T22:17:05Z,0,29.872,73.6,61,67.7,7,7,184,77,0.0,255,32767,0.0,2127-15-31,0.0,0.52,26.6,0.0,0.0,0.0,0,4.822265625,6,45,05:39,20:22,2025-05-22 22:17:04.819755,Città della Scienza,74.2,7.6232243,8.362266,6.540469,5.065267,EU EEA Common AQI,69.9,6.331584,6.9696074,7200,5.8428574,100,100,63.0,5.1771426,Very Low,69.0,6.356744,100,1747952100,Very Low,5.232375,7.650213,Very Low,7.9291186,60.5,8.057143,100,1747952100,6.4714284
2025-05-22T22:17:16Z,0,29.872,73.6,61,67.8,5,7,181,77,0.0,255,32767,0.0,2127-15-31,0.0,0.52,26.6,0.0,0.0,0.0,0,4.822265625,6,45,05:39,20:22,2025-05-22 22:17:15.902792,Città della Scienza,74.2,7.6232243,8.362266,6.540469,5.065267,EU EEA Common AQI,69.9,6.331584,6.9696074,7200,5.8428574,100,100,63.0,5.1771426,Very Low,69.0,6.356744,100,1747952100,Very Low,5.232375,7.650213,Very Low,7.9291186,60.5,8.057143,100,1747952100,6.4714284
2025-05-22T22:17:27Z,0,29.872,73.6,61,67.7,8,7,155,77,0.0,255,32767,0.0,2127-15-31,0.0,0.52,26.6,0.0,0.0,0.0,0,4.822265625,6,45,05:39,20:22,2025-05-22 22:17:26.978772,Città della Scienza,74.2,7.6232243,8.362266,6.540469,5.065267,EU EEA Common AQI,69.9,6.331584,6.9696074,7200,5.8428574,100,100,63.0,5.1771426,Very Low,69.0,6.356744,100,1747952100,Very Low,5.232375,7.650213,Very Low,7.9291186,60.5,8.057143,100,1747952100,6.4714284
2025-05-22T22:17:38Z,0,29.873,73.6,61,67.7,5,7,184,77,0.0,255,32767,0.0,2127-15-31,0.0,0.52,26.6,0.0,0.0,0.0,0,4.822265625,6,45,05:39,20:22,2025-05-22 22:17:38.006796,Città della Scienza,74.2,7.6232243,8.362266,6.540469,5.065267,EU EEA Common AQI,69.9,6.331584,6.9696074,7200,5.8428574,100,100,63.0,5.1771426,Very Low,69.0,6.356744,100,1747952100,Very Low,5.232375,7.650213,Very Low,7.9291186,60.5,8.057143,100,1747952100,6.4714284
2025-05-22T22:17:49Z,0,29.873,73.6,61,67.7,8,7,188,77,0.0,255,32767,0.0,2127-15-31,0.0,0.52,26.6,0.0,0.0,0.0,0,4.822265625,6,45,05:39,20:22,2025-05-22 22:17:49.029787,Città della Scienza,74.2,7.6232243,8.362266,6.540469,5.065267,EU EEA Common AQI,69.9,6.331584,6.9696074,7200,5.8428574,100,100,63.0,5.1771426,Very Low,69.0,6.356744,100,1747952100,Very Low,5.232375,7.650213,Very Low,7.9291186,60.5,8.057143,100,1747952100,6.4714284
2025-05-22T22:18:00Z,0,29.873,73.6,61,67.7,6,7,215,77,0.0,255,32767,0.0,2127-15-31,0.0,0.52,26.6,0.0,0.0,0.0,0,4.822265625,6,45,05:39,20:22,2025-05-22 22:18:00.138807,Città della Scienza,74.2,7.6232243,8.362266,6.540469,5.065267,EU EEA Common AQI,69.9,6.331584,6.9696074,7200,5.8428574,100,100,63.0,5.1771426,Very Low,69.0,6.356744,100,1747952100,Very Low,5.232375,7.650213,Very Low,7.9291186,60.5,8.057143,100,1747952100,6.4714284
2025-05-22T22:18:11Z,0,29.873,73.6,61,67.8,4,7,111,77,0.0,255,32767,0.0,2127-15-31,0.0,0.52,26.6,0.0,0.0,0.0,0,4.822265625,6,45,05:39,20:22,2025-05-22 22:18:11.189797,Città della Scienza,74.2,7.6232243,8.362266,6.540469,5.065267,EU EEA Common AQI,69.9,6.331584,6.9696074,7200,5.8428574,100,100,63.0,5.1771426,Very Low,69.0,6.356744,100,1747952100,Very Low,5.232375,7.650213,Very Low,7.9291186,60.5,8.057143,100,1747952100,6.4714284
2025-05-22T22:18:22Z,0,29.873,73.6,61,67.7,7,7,175,77,0.0,255,32767,0.0,2127-15-31,0.0,0.52,26.6,0.0,0.0,0.0,0,4.822265625,6,45,05:39,20:22,2025-05-22 22:18:22.288800,Città della Scienza,74.2,7.6232243,8.362266,6.540469,5.065267,EU EEA Common AQI,69.9,6.331584,6.9696074,7200,5.8428574,100,100,63.0,5.1771426,Very Low,69.0,6.356744,100,1747952100,Very Low,5.232375,7.650213,Very Low,7.9291186,60.5,8.057143,100,1747952100,6.4714284
2025-05-22T22:18:33Z,0,29.872,73.6,61,67.7,6,6,190,77,0.0,255,32767,0.0,2127-15-31,0.0,0.52,26.6,0.0,0.0,0.0,0,4.822265625,6,45,05:39,20:22,2025-05-22 22:18:33.347787,Città della Scienza,74.2,7.6232243,8.362266,6.540469,5.065267,EU EEA Common AQI,69.9,6.331584,6.9696074,7200,5.8428574,100,100,63.0,5.1771426,Very Low,69.0,6.356744,100,1747952100,Very Low,5.232375,7.650213,Very Low,7.9291186,60.5,8.057143,100,1747952100,6.4714284
2025-05-22T22:18:44Z,0,29.872,73.6,61,67.8,5,6,210,77,0.0,255,32767,0.0,2127-15-31,0.0,0.52,26.6,0.0,0.0,0.0,0,4.822265625,6,45,05:39,20:22,2025-05-22 22:18:44.420788,Città della Scienza,74.2,7.6232243,8.362266,6.540469,5.065267,EU EEA Common AQI,69.9,6.331584,6.9696074,7200,5.8428574,100,100,63.0,5.1771426,Very Low,69.0,6.356744,100,1747952100,Very Low,5.232375,7.650213,Very Low,7.9291186,60.5,8.057143,100,1747952100,6.4714284
2025-05-22T22:18:55Z,0,29.872,73.6,61,67.7,7,6,166,77,0.0,255,32767,0.0,2127-15-31,0.0,0.52,26.6,0.0,0.0,0.0,0,4.822265625,6,45,05:39,20:22,2025-05-22 22:18:55.502813,Città della Scienza,74.2,7.6232243,8.362266,6.540469,5.065267,EU EEA Common AQI,69.9,6.331584,6.9696074,7200,5.8428574,100,100,63.0,5.1771426,Very Low,69.0,6.356744,100,1747952100,Very Low,5.232375,7.650213,Very Low,7.9291186,60.5,8.057143,100,1747952100,6.4714284
2025-05-22T22:19:06Z,0,29.872,73.6,61,67.7,4,6,211,77,0.0,255,32767,0.0,2127-15-31,0.0,0.52,26.6,0.0,0.0,0.0,0,4.822265625,6,45,05:39,20:22,2025-05-22 22:19:06.611793,Città della Scienza,74.2,7.6232243,8.362266,6.540469,5.065267,EU EEA Common AQI,69.9,6.331584,6.9696074,7200,5.8428574,100,100,63.0,5.1771426,Very Low,69.0,6.356744,100,1747952100,Very Low,5.232375,7.650213,Very Low,7.9291186,60.5,8.057143,100,1747952100,6.4714284
2025-05-22T22:19:17Z,0,29.872,73.6,61,67.7,5,6,201,77,0.0,255,32767,0.0,2127-15-31,0.0,0.52,26.6,0.0,0.0,0.0,0,4.822265625,6,45,05:39,20:22,2025-05-22 22:19:17.706790,Città della Scienza,74.2,7.6232243,8.362266,6.540469,5.065267,EU EEA Common AQI,69.9,6.331584,6.9696074,7200,5.8428574,100,100,63.0,5.1771426,Very Low,69.0,6.356744,100,1747952100,Very Low,5.232375,7.650213,Very Low,7.9291186,60.5,8.057143,100,1747952100,6.4714284
2025-05-22T22:19:28Z,0,29.872,73.6,61,67.7,7,6,215,77,0.0,255,32767,0.0,2127-15-31,0.0,0.52,26.6,0.0,0.0,0.0,0,4.822265625,6,45,05:39,20:22,2025-05-22 22:19:28.777789,Città della Scienza,74.2,7.6232243,8.362266,6.540469,5.065267,EU EEA Common AQI,69.9,6.331584,6.9696074,7200,5.8428574,100,100,63.0,5.1771426,Very Low,69.0,6.356744,100,1747952100,Very Low,5.232375,7.650213,Very Low,7.9291186,60.5,8.057143,100,1747952100,6.4714284
2025-05-22T22:19:40Z,0,29.873,73.6,61,67.7,7,7,181,77,0.0,255,32767,0.0,2127-15-31,0.0,0.52,26.6,0.0,0.0,0.0,0,4.822265625,6,45,05:39,20:22,2025-05-22 22:19:39.848786,Città della Scienza,74.2,7.6232243,8.362266,6.540469,5.065267,EU EEA Common AQI,69.9,6.331584,6.9696074,7200,5.8428574,100,100,63.0,5.1771426,Very Low,69.0,6.356744,100,1747952100,Very Low,5.232375,7.650213,Very Low,7.9291186,60.5,8.057143,100,1747952100,6.4714284
2025-05-22T22:19:51Z,0,29.873,73.6,61,67.7,5,7,194,77,0.0,255,32767,0.0,2127-15-31,0.0,0.52,26.6,0.0,0.0,0.0,0,4.822265625,6,45,05:39,20:22,2025-05-22 22:19:50.897750,Città della Scienza,74.2,7.6232243,8.362266,6.540469,5.065267,EU EEA Common AQI,69.9,6.331584,6.9696074,7200,5.8428574,100,100,63.0,5.1771426,Very Low,69.0,6.356744,100,1747952100,Very Low,5.232375,7.650213,Very Low,7.9291186,60.5,8.057143,100,1747952100,6.4714284
2025-05-22T22:20:02Z,0,29.873,73.6,61,67.7,5,7,196,76,0.0,255,32767,0.0,2127-15-31,0.0,0.52,26.6,0.0,0.0,0.0,0,4.822265625,6,45,05:39,20:22,2025-05-22 22:20:02.026795,Città della Scienza,74.2,7.6232243,8.362266,6.540469,5.065267,EU EEA Common AQI,69.9,6.331584,6.9696074,7200,5.8428574,100,100,63.0,5.1771426,Very Low,69.0,6.356744,100,1747952100,Very Low,5.232375,7.650213,Very Low,7.9291186,60.5,8.057143,100,1747952100,6.4714284
2025-05-22T22:20:13Z,0,29.873,73.6,61,67.7,7,7,200,76,0.0,255,32767,0.0,2127-15-31,0.0,0.52,26.6,0.0,0.0,0.0,0,4.822265625,6,45,05:39,20:22,2025-05-22 22:20:13.182797,Città della Scienza,74.2,7.6232243,8.362266,6.540469,5.065267,EU EEA Common AQI,69.9,6.331584,6.9696074,7200,5.8428574,100,100,63.0,5.1771426,Very Low,69.0,6.356744,100,1747952100,Very Low,5.232375,7.650213,Very Low,7.9291186,60.5,8.057143,100,1747952100,6.4714284
2025-05-22T22:20:24Z,0,29.873,73.6,61,67.7,5,7,186,76,0.0,255,32767,0.0,2127-15-31,0.0,0.52,26.6,0.0,0.0,0.0,0,4.822265625,6,45,05:39,20:22,2025-05-22 22:20:24.232745,Città della Scienza,74.2,7.6232243,8.362266,6.540469,5.065267,EU EEA Common AQI,69.9,6.331584,6.9696074,7200,5.8428574,100,100,63.0,5.1771426,Very Low,69.0,6.356744,100,1747952100,Very Low,5.232375,7.650213,Very Low,7.9291186,60.5,8.057143,100,1747952100,6.4714284
2025-05-22T22:20:35Z,0,29.873,73.6,61,67.7,9,6,164,76,0.0,255,32767,0.0,2127-15-31,0.0,0.52,26.6,0.0,0.0,0.0,0,4.822265625,6,45,05:39,20:22,2025-05-22 22:20:35.283786,Città della Scienza,74.2,7.6232243,8.362266,6.540469,5.065267,EU EEA Common AQI,69.9,6.331584,6.9696074,7200,5.8428574,100,100,63.0,5.1771426,Very Low,69.0,6.356744,100,1747952100,Very Low,5.232375,7.650213,Very Low,7.9291186,60.5,8.057143,100,1747952100,6.4714284
2025-05-22T22:20:46Z,0,29.873,73.6,61,67.8,5,6,178,76,0.0,255,32767,0.0,2127-15-31,0.0,0.52,26.6,0.0,0.0,0.0,0,4.822265625,6,45,05:39,20:22,2025-05-22 22:20:46.380757,Città della Scienza,74.2,7.6232243,8.362266,6.540469,5.065267,EU EEA Common AQI,69.9,6.331584,6.9696074,7200,5.8428574,100,100,63.0,5.1771426,Very Low,69.0,6.356744,100,1747952100,Very Low,5.232375,7.650213,Very Low,7.9291186,60.5,8.057143,100,1747952100,6.4714284
2025-05-22T22:20:57Z,0,29.873,73.6,61,67.7,9,6,198,76,0.0,255,32767,0.0,2127-15-31,0.0,0.52,26.6,0.0,0.0,0.0,0,4.822265625,6,45,05:39,20:22,2025-05-22 22:20:57.445789,Città della Scienza,74.2,7.6232243,8.362266,6.540469,5.065267,EU EEA Common AQI,69.9,6.331584,6.9696074,7200,5.8428574,100,100,63.0,5.1771426,Very Low,69.0,6.356744,100,1747952100,Very Low,5.232375,7.650213,Very Low,7.9291186,60.5,8.057143,100,1747952100,6.4714284
2025-05-22T22:21:08Z,0,29.873,73.6,61,67.7,7,6,183,76,0.0,255,32767,0.0,2127-15-31,0.0,0.52,26.6,0.0,0.0,0.0,0,4.822265625,6,45,05:39,20:22,2025-05-22 22:21:08.530792,Città della Scienza,74.2,7.6232243,8.362266,6.540469,5.065267,EU EEA Common AQI,69.9,6.331584,6.9696074,7200,5.8428574,100,100,63.0,5.1771426,Very Low,69.0,6.356744,100,1747952100,Very Low,5.232375,7.650213,Very Low,7.9291186,60.5,8.057143,100,1747952100,6.4714284
2025-05-22T22:21:19Z,0,29.873,73.6,61,67.7,9,6,182,76,0.0,255,32767,0.0,2127-15-31,0.0,0.52,26.6,0.0,0.0,0.0,0,4.822265625,6,45,05:39,20:22,2025-05-22 22:21:19.621764,Città della Scienza,74.2,7.6232243,8.362266,6.540469,5.065267,EU EEA Common AQI,69.9,6.331584,6.9696074,7200,5.8428574,100,100,63.0,5.1771426,Very Low,69.0,6.356744,100,1747952100,Very Low,5.232375,7.650213,Very Low,7.9291186,60.5,8.057143,100,1747952100,6.4714284
2025-05-22T22:21:30Z,0,29.873,73.6,61,67.7,5,6,138,76,0.0,255,32767,0.0,2127-15-31,0.0,0.52,26.6,0.0,0.0,0.0,0,4.822265625,6,45,05:39,20:22,2025-05-22 22:21:30.735758,Città della Scienza,74.2,7.6232243,8.362266,6.540469,5.065267,EU EEA Common AQI,69.9,6.331584,6.9696074,7200,5.8428574,100,100,63.0,5.1771426,Very Low,69.0,6.356744,100,1747952100,Very Low,5.232375,7.650213,Very Low,7.9291186,60.5,8.057143,100,1747952100,6.4714284
2025-05-22T22:21:41Z,0,29.872,73.5,61,67.7,7,6,187,76,0.0,255,32767,0.0,2127-15-31,0.0,0.52,26.6,0.0,0.0,0.0,0,4.822265625,6,45,05:39,20:22,2025-05-22 22:21:41.763826,Città della Scienza,74.2,7.6232243,8.362266,6.540469,5.065267,EU EEA Common AQI,69.9,6.331584,6.9696074,7200,5.8428574,100,100,63.0,5.1771426,Very Low,69.0,6.356744,100,1747952100,Very Low,5.232375,7.650213,Very Low,7.9291186,60.5,8.057143,100,1747952100,6.4714284
2025-05-22T22:21:53Z,0,29.872,73.5,61,67.7,6,6,200,76,0.0,255,32767,0.0,2127-15-31,0.0,0.52,26.6,0.0,0.0,0.0,0,4.822265625,6,45,05:39,20:22,2025-05-22 22:21:52.843792,Città della Scienza,74.2,7.6232243,8.362266,6.540469,5.065267,EU EEA Common AQI,69.9,6.331584,6.9696074,7200,5.8428574,100,100,63.0,5.1771426,Very Low,69.0,6.356744,100,1747952100,Very Low,5.232375,7.650213,Very Low,7.9291186,60.5,8.057143,100,1747952100,6.4714284
2025-05-22T22:22:04Z,0,29.872,73.5,61,67.7,6,6,168,76,0.0,255,32767,0.0,2127-15-31,0.0,0.52,26.6,0.0,0.0,0.0,0,4.822265625,6,45,05:39,20:22,2025-05-22 22:22:03.924783,Città della Scienza,74.2,7.6232243,8.362266,6.540469,5.065267,EU EEA Common AQI,69.9,6.331584,6.9696074,7200,5.8428574,100,100,63.0,5.1771426,Very Low,69.0,6.356744,100,1747952100,Very Low,5.232375,7.650213,Very Low,7.9291186,60.5,8.057143,100,1747952100,6.4714284
2025-05-22T22:22:15Z,0,29.872,73.5,61,67.7,6,6,197,76,0.0,255,32767,0.0,2127-15-31,0.0,0.52,26.6,0.0,0.0,0.0,0,4.822265625,6,45,05:39,20:22,2025-05-22 22:22:15.025789,Città della Scienza,74.2,7.6232243,8.362266,6.540469,5.065267,EU EEA Common AQI,69.9,6.331584,6.9696074,7200,5.8428574,100,100,63.0,5.1771426,Very Low,69.0,6.356744,100,1747952100,Very Low,5.232375,7.650213,Very Low,7.9291186,60.5,8.057143,100,1747952100,6.4714284
2025-05-22T22:22:26Z,0,29.872,73.5,61,67.7,6,6,182,76,0.0,255,32767,0.0,2127-15-31,0.0,0.52,26.6,0.0,0.0,0.0,0,4.822265625,6,45,05:39,20:22,2025-05-22 22:22:26.098792,Città della Scienza,74.2,7.6232243,8.362266,6.540469,5.065267,EU EEA Common AQI,69.9,6.331584,6.9696074,7200,5.8428574,100,100,63.0,5.1771426,Very Low,69.0,6.356744,100,1747952100,Very Low,5.232375,7.650213,Very Low,7.9291186,60.5,8.057143,100,1747952100,6.4714284
2025-05-22T22:22:37Z,0,29.873,73.6,61,67.7,3,6,193,76,0.0,255,32767,0.0,2127-15-31,0.0,0.52,26.6,0.0,0.0,0.0,0,4.822265625,6,45,05:39,20:22,2025-05-22 22:22:37.182788,Città della Scienza,74.2,7.6232243,8.362266,6.540469,5.065267,EU EEA Common AQI,69.9,6.331584,6.9696074,7200,5.8428574,100,100,63.0,5.1771426,Very Low,69.0,6.356744,100,1747952100,Very Low,5.232375,7.650213,Very Low,7.9291186,60.5,8.057143,100,1747952100,6.4714284
2025-05-22T22:22:48Z,0,29.873,73.6,61,67.8,6,6,185,76,0.0,255,32767,0.0,2127-15-31,0.0,0.52,26.6,0.0,0.0,0.0,0,4.822265625,6,45,05:39,20:22,2025-05-22 22:22:48.288782,Città della Scienza,74.2,7.6232243,8.362266,6.540469,5.065267,EU EEA Common AQI,69.9,6.331584,6.9696074,7200,5.8428574,100,100,63.0,5.1771426,Very Low,69.0,6.356744,100,1747952100,Very Low,5.232375,7.650213,Very Low,7.9291186,60.5,8.057143,100,1747952100,6.4714284
2025-05-22T22:22:59Z,0,29.873,73.6,61,67.8,9,6,186,76,0.0,255,32767,0.0,2127-15-31,0.0,0.52,26.6,0.0,0.0,0.0,0,4.822265625,6,45,05:39,20:22,2025-05-22 22:22:59.351800,Città della Scienza,74.2,7.6232243,8.362266,6.540469,5.065267,EU EEA Common AQI,69.9,6.331584,6.9696074,7200,5.8428574,100,100,63.0,5.1771426,Very Low,69.0,6.356744,100,1747952100,Very Low,5.232375,7.650213,Very Low,7.9291186,60.5,8.057143,100,1747952100,6.4714284
2025-05-22T22:23:10Z,0,29.873,73.6,61,67.8,6,6,185,76,0.0,255,32767,0.0,2127-15-31,0.0,0.52,26.6,0.0,0.0,0.0,0,4.822265625,6,45,05:39,20:22,2025-05-22 22:23:10.437797,Città della Scienza,74.2,7.6232243,8.362266,6.540469,5.065267,EU EEA Common AQI,69.9,6.331584,6.9696074,7200,5.8428574,100,100,63.0,5.1771426,Very Low,69.0,6.356744,100,1747952100,Very Low,5.232375,7.650213,Very Low,7.9291186,60.5,8.057143,100,1747952100,6.4714284
2025-05-22T22:23:21Z,0,29.873,73.6,61,67.8,2,6,174,76,0.0,255,32767,0.0,2127-15-31,0.0,0.52,26.6,0.0,0.0,0.0,0,4.822265625,6,45,05:39,20:22,2025-05-22 22:23:21.510789,Città della Scienza,74.2,7.6232243,8.362266,6.540469,5.065267,EU EEA Common AQI,69.9,6.331584,6.9696074,7200,5.8428574,100,100,63.0,5.1771426,Very Low,69.0,6.356744,100,1747952100,Very Low,5.232375,7.650213,Very Low,7.9291186,60.5,8.057143,100,1747952100,6.4714284
2025-05-22T22:23:32Z,0,29.873,73.6,61,67.7,7,6,199,77,0.0,255,32767,0.0,2127-15-31,0.0,0.52,26.6,0.0,0.0,0.0,0,4.822265625,6,45,05:39,20:22,2025-05-22 22:23:32.606785,Città della Scienza,74.2,7.6232243,8.362266,6.540469,5.065267,EU EEA Common AQI,69.9,6.331584,6.9696074,7200,5.8428574,100,100,63.0,5.1771426,Very Low,69.0,6.356744,100,1747952100,Very Low,5.232375,7.650213,Very Low,7.9291186,60.5,8.057143,100,1747952100,6.4714284
2025-05-22T22:23:43Z,0,29.873,73.6,61,67.7,4,6,182,77,0.0,255,32767,0.0,2127-15-31,0.0,0.52,26.6,0.0,0.0,0.0,0,4.822265625,6,45,05:39,20:22,2025-05-22 22:23:43.732796,Città della Scienza,74.2,7.6232243,8.362266,6.540469,5.065267,EU EEA Common AQI,69.9,6.331584,6.9696074,7200,5.8428574,100,100,63.0,5.1771426,Very Low,69.0,6.356744,100,1747952100,Very Low,5.232375,7.650213,Very Low,7.9291186,60.5,8.057143,100,1747952100,6.4714284
2025-05-22T22:23:55Z,0,29.873,73.6,61,67.7,3,6,181,77,0.0,255,32767,0.0,2127-15-31,0.0,0.52,26.6,0.0,0.0,0.0,0,4.822265625,6,45,05:39,20:22,2025-05-22 22:23:54.799790,Città della Scienza,74.2,7.6232243,8.362266,6.540469,5.065267,EU EEA Common AQI,69.9,6.331584,6.9696074,7200,5.8428574,100,100,63.0,5.1771426,Very Low,69.0,6.356744,100,1747952100,Very Low,5.232375,7.650213,Very Low,7.9291186,60.5,8.057143,100,1747952100,6.4714284
2025-05-22T22:24:06Z,0,29.873,73.6,61,67.7,6,6,200,77,0.0,255,32767,0.0,2127-15-31,0.0,0.52,26.6,0.0,0.0,0.0,0,4.822265625,6,45,05:39,20:22,2025-05-22 22:24:05.920789,Città della Scienza,74.2,7.6232243,8.362266,6.540469,5.065267,EU EEA Common AQI,69.9,6.331584,6.9696074,7200,5.8428574,100,100,63.0,5.1771426,Very Low,69.0,6.356744,100,1747952100,Very Low,5.232375,7.650213,Very Low,7.9291186,60.5,8.057143,100,1747952100,6.4714284
2025-05-22T22:24:17Z,0,29.873,73.6,61,67.7,10,6,188,77,0.0,255,32767,0.0,2127-15-31,0.0,0.52,26.6,0.0,0.0,0.0,0,4.822265625,6,45,05:39,20:22,2025-05-22 22:24:17.053790,Città della Scienza,74.2,7.6232243,8.362266,6.540469,5.065267,EU EEA Common AQI,69.9,6.331584,6.9696074,7200,5.8428574,100,100,63.0,5.1771426,Very Low,69.0,6.356744,100,1747952100,Very Low,5.232375,7.650213,Very Low,7.9291186,60.5,8.057143,100,1747952100,6.4714284
2025-05-22T22:24:28Z,0,29.873,73.6,61,67.7,4,6,199,77,0.0,255,32767,0.0,2127-15-31,0.0,0.52,26.6,0.0,0.0,0.0,0,4.822265625,6,45,05:39,20:22,2025-05-22 22:24:28.095801,Città della Scienza,74.2,7.6232243,8.362266,6.540469,5.065267,EU EEA Common AQI,69.9,6.331584,6.9696074,7200,5.8428574,100,100,63.0,5.1771426,Very Low,69.0,6.356744,100,1747952100,Very Low,5.232375,7.650213,Very Low,7.9291186,60.5,8.057143,100,1747952100,6.4714284
2025-05-22T22:24:39Z,0,29.872,73.6,61,67.8,7,6,180,77,0.0,255,32767,0.0,2127-15-31,0.0,0.52,26.6,0.0,0.0,0.0,0,4.822265625,6,45,05:39,20:22,2025-05-22 22:24:39.154787,Città della Scienza,74.2,7.6232243,8.362266,6.540469,5.065267,EU EEA Common AQI,69.9,6.331584,6.9696074,7200,5.8428574,100,100,63.0,5.1771426,Very Low,69.0,6.356744,100,1747952100,Very Low,5.232375,7.650213,Very Low,7.9291186,60.5,8.057143,100,1747952100,6.4714284
2025-05-22T22:24:50Z,0,29.872,73.6,61,67.8,4,6,217,77,0.0,255,32767,0.0,2127-15-31,0.0,0.52,26.6,0.0,0.0,0.0,0,4.822265625,6,45,05:39,20:22,2025-05-22 22:24:50.209792,Città della Scienza,74.2,7.6232243,8.362266,6.540469,5.065267,EU EEA Common AQI,69.9,6.331584,6.9696074,7200,5.8428574,100,100,63.0,5.1771426,Very Low,69.0,6.356744,100,1747952100,Very Low,5.232375,7.650213,Very Low,7.9291186,60.5,8.057143,100,1747952100,6.4714284
2025-05-22T22:25:01Z,0,29.872,73.6,61,67.8,7,6,216,77,0.0,255,32767,0.0,2127-15-31,0.0,0.52,26.6,0.0,0.0,0.0,0,4.822265625,6,45,05:39,20:22,2025-05-22 22:25:01.259788,Città della Scienza,74.2,7.6232243,8.362266,6.540469,5.065267,EU EEA Common AQI,69.9,6.331584,6.9696074,7200,5.8428574,100,100,63.0,5.1771426,Very Low,69.0,6.356744,100,1747952100,Very Low,5.232375,7.650213,Very Low,7.9291186,60.5,8.057143,100,1747952100,6.4714284
2025-05-22T22:25:12Z,0,29.872,73.6,61,67.8,5,6,227,77,0.0,255,32767,0.0,2127-15-31,0.0,0.52,26.6,0.0,0.0,0.0,0,4.822265625,6,45,05:39,20:22,2025-05-22 22:25:12.326781,Città della Scienza,74.2,7.6232243,8.362266,6.540469,5.065267,EU EEA Common AQI,69.9,6.331584,6.9696074,7200,5.8428574,100,100,63.0,5.1771426,Very Low,69.0,6.356744,100,1747952100,Very Low,5.232375,7.650213,Very Low,7.9291186,60.5,8.057143,100,1747952100,6.4714284
2025-05-22T22:25:23Z,0,29.872,73.6,61,67.7,7,6,212,77,0.0,255,32767,0.0,2127-15-31,0.0,0.52,26.6,0.0,0.0,0.0,0,4.822265625,6,45,05:39,20:22,2025-05-22 22:25:23.408791,Città della Scienza,74.2,7.6232243,8.362266,6.540469,5.065267,EU EEA Common AQI,69.9,6.331584,6.9696074,7200,5.8428574,100,100,63.0,5.1771426,Very Low,69.0,6.356744,100,1747952100,Very Low,5.232375,7.650213,Very Low,7.9291186,60.5,8.057143,100,1747952100,6.4714284
2025-05-22T22:25:34Z,0,29.873,73.6,61,67.7,4,6,207,77,0.0,255,32767,0.0,2127-15-31,0.0,0.52,26.6,0.0,0.0,0.0,0,4.822265625,6,45,05:39,20:22,2025-05-22 22:25:34.434788,Città della Scienza,74.2,7.6232243,8.362266,6.540469,5.065267,EU EEA Common AQI,69.9,6.331584,6.9696074,7200,5.8428574,100,100,63.0,5.1771426,Very Low,69.0,6.356744,100,1747952100,Very Low,5.232375,7.650213,Very Low,7.9291186,60.5,8.057143,100,1747952100,6.4714284
2025-05-22T22:25:45Z,0,29.873,73.6,61,67.7,2,6,149,77,0.0,255,32767,0.0,2127-15-31,0.0,0.52,26.6,0.0,0.0,0.0,0,4.822265625,6,45,05:39,20:22,2025-05-22 22:25:45.488791,Città della Scienza,74.2,7.6232243,8.362266,6.540469,5.065267,EU EEA Common AQI,69.9,6.331584,6.9696074,7200,5.8428574,100,100,63.0,5.1771426,Very Low,69.0,6.356744,100,1747952100,Very Low,5.232375,7.650213,Very Low,7.9291186,60.5,8.057143,100,1747952100,6.4714284
2025-05-22T22:25:56Z,0,29.873,73.6,61,67.7,4,6,273,77,0.0,255,32767,0.0,2127-15-31,0.0,0.52,26.6,0.0,0.0,0.0,0,4.822265625,6,45,05:39,20:22,2025-05-22 22:25:56.564788,Città della Scienza,74.2,7.6232243,8.362266,6.540469,5.065267,EU EEA Common AQI,69.9,6.331584,6.9696074,7200,5.8428574,100,100,63.0,5.1771426,Very Low,69.0,6.356744,100,1747952100,Very Low,5.232375,7.650213,Very Low,7.9291186,60.5,8.057143,100,1747952100,6.4714284
2025-05-22T22:26:07Z,0,29.873,73.6,61,67.8,6,6,206,77,0.0,255,32767,0.0,2127-15-31,0.0,0.52,26.6,0.0,0.0,0.0,0,4.822265625,6,45,05:39,20:22,2025-05-22 22:26:07.615820,Città della Scienza,74.2,7.6232243,8.362266,6.540469,5.065267,EU EEA Common AQI,69.9,6.331584,6.9696074,7200,5.8428574,100,100,63.0,5.1771426,Very Low,69.0,6.356744,100,1747952100,Very Low,5.232375,7.650213,Very Low,7.9291186,60.5,8.057143,100,1747952100,6.4714284
2025-05-22T22:26:18Z,0,29.873,73.6,61,67.8,2,6,233,77,0.0,255,32767,0.0,2127-15-31,0.0,0.52,26.6,0.0,0.0,0.0,0,4.822265625,6,45,05:39,20:22,2025-05-22 22:26:18.659794,Città della Scienza,74.2,7.6232243,8.362266,6.540469,5.065267,EU EEA Common AQI,69.9,6.331584,6.9696074,7200,5.8428574,100,100,63.0,5.1771426,Very Low,69.0,6.356744,100,1747952100,Very Low,5.232375,7.650213,Very Low,7.9291186,60.5,8.057143,100,1747952100,6.4714284
2025-05-22T22:26:29Z,0,29.873,73.6,61,67.8,4,6,165,77,0.0,255,32767,0.0,2127-15-31,0.0,0.52,26.6,0.0,0.0,0.0,0,4.822265625,6,45,05:39,20:22,2025-05-22 22:26:29.711791,Città della Scienza,74.2,7.6232243,8.362266,6.540469,5.065267,EU EEA Common AQI,69.9,6.331584,6.9696074,7200,5.8428574,100,100,63.0,5.1771426,Very Low,69.0,6.356744,100,1747952100,Very Low,5.232375,7.650213,Very Low,7.9291186,60.5,8.057143,100,1747952100,6.4714284
2025-05-22T22:26:41Z,0,29.874,73.5,61,67.8,3,6,200,77,0.0,255,32767,0.0,2127-15-31,0.0,0.52,26.6,0.0,0.0,0.0,0,4.822265625,6,45,05:39,20:22,2025-05-22 22:26:40.828764,Città della Scienza,74.2,7.6232243,8.362266,6.540469,5.065267,EU EEA Common AQI,69.9,6.331584,6.9696074,7200,5.8428574,100,100,63.0,5.1771426,Very Low,69.0,6.356744,100,1747952100,Very Low,5.232375,7.650213,Very Low,7.9291186,60.5,8.057143,100,1747952100,6.4714284
2025-05-22T22:26:52Z,0,29.874,73.5,61,67.8,5,6,187,77,0.0,255,32767,0.0,2127-15-31,0.0,0.52,26.6,0.0,0.0,0.0,0,4.822265625,6,45,05:39,20:22,2025-05-22 22:26:51.917785,Città della Scienza,74.2,7.6232243,8.362266,6.540469,5.065267,EU EEA Common AQI,69.9,6.331584,6.9696074,7200,5.8428574,100,100,63.0,5.1771426,Very Low,69.0,6.356744,100,1747952100,Very Low,5.232375,7.650213,Very Low,7.9291186,60.5,8.057143,100,1747952100,6.4714284
2025-05-22T22:27:03Z,0,29.874,73.5,61,67.8,3,6,200,77,0.0,255,32767,0.0,2127-15-31,0.0,0.52,26.6,0.0,0.0,0.0,0,4.822265625,6,45,05:39,20:22,2025-05-22 22:27:03.041785,Città della Scienza,74.2,7.6232243,8.362266,6.540469,5.065267,EU EEA Common AQI,69.9,6.331584,6.9696074,7200,5.8428574,100,100,63.0,5.1771426,Very Low,69.0,6.356744,100,1747952100,Very Low,5.232375,7.650213,Very Low,7.9291186,60.5,8.057143,100,1747952100,6.4714284
2025-05-22T22:27:14Z,0,29.874,73.5,61,67.8,7,6,166,77,0.0,255,32767,0.0,2127-15-31,0.0,0.52,26.6,0.0,0.0,0.0,0,4.822265625,6,45,05:39,20:22,2025-05-22 22:27:14.137790,Città della Scienza,74.2,7.6232243,8.362266,6.540469,5.065267,EU EEA Common AQI,69.9,6.331584,6.9696074,7200,5.8428574,100,100,63.0,5.1771426,Very Low,69.0,6.356744,100,1747952100,Very Low,5.232375,7.650213,Very Low,7.9291186,60.5,8.057143,100,1747952100,6.4714284
2025-05-22T22:27:25Z,0,29.874,73.5,61,67.8,5,6,181,77,0.0,255,32767,0.0,2127-15-31,0.0,0.52,26.6,0.0,0.0,0.0,0,4.822265625,6,45,05:39,20:22,2025-05-22 22:27:25.189790,Città della Scienza,74.2,7.6232243,8.362266,6.540469,5.065267,EU EEA Common AQI,69.9,6.331584,6.9696074,7200,5.8428574,100,100,63.0,5.1771426,Very Low,69.0,6.356744,100,1747952100,Very Low,5.232375,7.650213,Very Low,7.9291186,60.5,8.057143,100,1747952100,6.4714284
2025-05-22T22:27:36Z,0,29.874,73.5,61,67.8,2,6,183,77,0.0,255,32767,0.0,2127-15-31,0.0,0.52,26.6,0.0,0.0,0.0,0,4.822265625,6,45,05:39,20:22,2025-05-22 22:27:36.315787,Città della Scienza,74.2,7.6232243,8.362266,6.540469,5.065267,EU EEA Common AQI,69.9,6.331584,6.9696074,7200,5.8428574,100,100,63.0,5.1771426,Very Low,69.0,6.356744,100,1747952100,Very Low,5.232375,7.650213,Very Low,7.9291186,60.5,8.057143,100,1747952100,6.4714284
2025-05-22T22:27:47Z,0,29.874,73.5,61,67.8,5,6,217,77,0.0,255,32767,0.0,2127-15-31,0.0,0.52,26.6,0.0,0.0,0.0,0,4.822265625,6,45,05:39,20:22,2025-05-22 22:27:47.382793,Città della Scienza,74.2,7.6232243,8.362266,6.540469,5.065267,EU EEA Common AQI,69.9,6.331584,6.9696074,7200,5.8428574,100,100,63.0,5.1771426,Very Low,69.0,6.356744,100,1747952100,Very Low,5.232375,7.650213,Very Low,7.9291186,60.5,8.057143,100,1747952100,6.4714284
2025-05-22T22:27:58Z,0,29.874,73.5,61,67.8,6,6,167,77,0.0,255,32767,0.0,2127-15-31,0.0,0.52,26.6,0.0,0.0,0.0,0,4.822265625,6,45,05:39,20:22,2025-05-22 22:27:58.487795,Città della Scienza,74.2,7.6232243,8.362266,6.540469,5.065267,EU EEA Common AQI,69.9,6.331584,6.9696074,7200,5.8428574,100,100,63.0,5.1771426,Very Low,69.0,6.356744,100,1747952100,Very Low,5.232375,7.650213,Very Low,7.9291186,60.5,8.057143,100,1747952100,6.4714284
2025-05-22T22:28:09Z,0,29.874,73.5,61,67.7,7,6,199,77,0.0,255,32767,0.0,2127-15-31,0.0,0.52,26.6,0.0,0.0,0.0,0,4.822265625,6,45,05:39,20:22,2025-05-22 22:28:09.519785,Città della Scienza,74.2,7.6232243,8.362266,6.540469,5.065267,EU EEA Common AQI,69.9,6.331584,6.9696074,7200,5.8428574,100,100,63.0,5.1771426,Very Low,69.0,6.356744,100,1747952100,Very Low,5.232375,7.650213,Very Low,7.9291186,60.5,8.057143,100,1747952100,6.4714284
2025-05-22T22:28:20Z,0,29.874,73.5,61,67.8,4,6,177,77,0.0,255,32767,0.0,2127-15-31,0.0,0.52,26.6,0.0,0.0,0.0,0,4.822265625,6,45,05:39,20:22,2025-05-22 22:28:20.602799,Città della Scienza,74.2,7.6232243,8.362266,6.540469,5.065267,EU EEA Common AQI,69.9,6.331584,6.9696074,7200,5.8428574,100,100,63.0,5.1771426,Very Low,69.0,6.356744,100,1747952100,Very Low,5.232375,7.650213,Very Low,7.9291186,60.5,8.057143,100,1747952100,6.4714284
2025-05-22T22:28:31Z,0,29.874,73.5,61,67.7,8,6,207,77,0.0,255,32767,0.0,2127-15-31,0.0,0.52,26.6,0.0,0.0,0.0,0,4.822265625,6,45,05:39,20:22,2025-05-22 22:28:31.696799,Città della Scienza,74.2,7.6232243,8.362266,6.540469,5.065267,EU EEA Common AQI,69.9,6.331584,6.9696074,7200,5.8428574,100,100,63.0,5.1771426,Very Low,69.0,6.356744,100,1747952100,Very Low,5.232375,7.650213,Very Low,7.9291186,60.5,8.057143,100,1747952100,6.4714284
2025-05-22T22:28:42Z,0,29.872,73.5,61,67.8,6,6,178,77,0.0,255,32767,0.0,2127-15-31,0.0,0.52,26.6,0.0,0.0,0.0,0,4.822265625,6,45,05:39,20:22,2025-05-22 22:28:42.763803,Città della Scienza,74.2,7.6232243,8.362266,6.540469,5.065267,EU EEA Common AQI,69.9,6.331584,6.9696074,7200,5.8428574,100,100,63.0,5.1771426,Very Low,69.0,6.356744,100,1747952100,Very Low,5.232375,7.650213,Very Low,7.9291186,60.5,8.057143,100,1747952100,6.4714284
2025-05-22T22:28:54Z,0,29.872,73.5,61,67.7,6,6,175,77,0.0,255,32767,0.0,2127-15-31,0.0,0.52,26.6,0.0,0.0,0.0,0,4.822265625,6,45,05:39,20:22,2025-05-22 22:28:53.815784,Città della Scienza,74.2,7.6232243,8.362266,6.540469,5.065267,EU EEA Common AQI,69.9,6.331584,6.9696074,7200,5.8428574,100,100,63.0,5.1771426,Very Low,69.0,6.356744,100,1747952100,Very Low,5.232375,7.650213,Very Low,7.9291186,60.5,8.057143,100,1747952100,6.4714284
2025-05-22T22:29:05Z,0,29.872,73.5,61,67.7,6,6,155,77,0.0,255,32767,0.0,2127-15-31,0.0,0.52,26.6,0.0,0.0,0.0,0,4.822265625,6,45,05:39,20:22,2025-05-22 22:29:04.895770,Città della Scienza,74.2,7.6232243,8.362266,6.540469,5.065267,EU EEA Common AQI,69.9,6.331584,6.9696074,7200,5.8428574,100,100,63.0,5.1771426,Very Low,69.0,6.356744,100,1747952100,Very Low,5.232375,7.650213,Very Low,7.9291186,60.5,8.057143,100,1747952100,6.4714284
2025-05-22T22:29:16Z,0,29.872,73.5,61,67.7,4,6,184,77,0.0,255,32767,0.0,2127-15-31,0.0,0.52,26.6,0.0,0.0,0.0,0,4.822265625,6,45,05:39,20:22,2025-05-22 22:29:16.017802,Città della Scienza,74.2,7.6232243,8.362266,6.540469,5.065267,EU EEA Common AQI,69.9,6.331584,6.9696074,7200,5.8428574,100,100,63.0,5.1771426,Very Low,69.0,6.356744,100,1747952100,Very Low,5.232375,7.650213,Very Low,7.9291186,60.5,8.057143,100,1747952100,6.4714284
2025-05-22T22:29:27Z,0,29.872,73.5,61,67.7,6,6,186,77,0.0,255,32767,0.0,2127-15-31,0.0,0.52,26.6,0.0,0.0,0.0,0,4.822265625,6,45,05:39,20:22,2025-05-22 22:29:27.113794,Città della Scienza,74.2,7.6232243,8.362266,6.540469,5.065267,EU EEA Common AQI,69.9,6.331584,6.9696074,7200,5.8428574,100,100,63.0,5.1771426,Very Low,69.0,6.356744,100,1747952100,Very Low,5.232375,7.650213,Very Low,7.9291186,60.5,8.057143,100,1747952100,6.4714284
2025-05-22T22:29:38Z,0,29.875,73.5,61,67.7,7,6,181,77,0.0,255,32767,0.0,2127-15-31,0.0,0.52,26.6,0.0,0.0,0.0,0,4.822265625,6,45,05:39,20:22,2025-05-22 22:29:38.163801,Città della Scienza,74.2,7.6232243,8.362266,6.540469,5.065267,EU EEA Common AQI,69.9,6.331584,6.9696074,7200,5.8428574,100,100,63.0,5.1771426,Very Low,69.0,6.356744,100,1747952100,Very Low,5.232375,7.650213,Very Low,7.9291186,60.5,8.057143,100,1747952100,6.4714284
2025-05-22T22:29:49Z,0,29.875,73.5,61,67.7,7,6,171,77,0.0,255,32767,0.0,2127-15-31,0.0,0.52,26.6,0.0,0.0,0.0,0,4.822265625,6,45,05:39,20:22,2025-05-22 22:29:49.245791,Città della Scienza,74.2,7.6232243,8.362266,6.540469,5.065267,EU EEA Common AQI,69.9,6.331584,6.9696074,7200,5.8428574,100,100,63.0,5.1771426,Very Low,69.0,6.356744,100,1747952100,Very Low,5.232375,7.650213,Very Low,7.9291186,60.5,8.057143,100,1747952100,6.4714284
2025-05-22T22:30:00Z,0,29.875,73.5,61,67.8,2,6,236,77,0.0,255,32767,0.0,2127-15-31,0.0,0.52,26.6,0.0,0.0,0.0,0,4.822265625,6,45,05:39,20:22,2025-05-22 22:30:00.338787,Città della Scienza,74.2,7.6232243,8.362266,6.540469,5.065267,EU EEA Common AQI,69.9,6.331584,6.9696074,7200,5.8428574,100,100,63.0,5.1771426,Very Low,69.0,6.356744,100,1747952100,Very Low,5.232375,7.650213,Very Low,7.9291186,60.5,8.057143,100,1747952100,6.4714284
2025-05-22T22:30:11Z,0,29.875,73.5,61,67.7,5,6,219,77,0.0,255,32767,0.0,2127-15-31,0.0,0.52,26.6,0.0,0.0,0.0,0,4.822265625,6,45,05:39,20:22,2025-05-22 22:30:11.481793,Città della Scienza,74.2,7.6232243,8.362266,6.540469,5.065267,EU EEA Common AQI,69.9,6.331584,6.9696074,7200,5.8428574,100,100,63.0,5.1771426,Very Low,69.0,6.356744,100,1747952100,Very Low,5.232375,7.650213,Very Low,7.9291186,60.5,8.057143,100,1747952100,6.4714284
2025-05-22T22:30:22Z,0,29.875,73.5,61,67.7,3,6,243,77,0.0,255,32767,0.0,2127-15-31,0.0,0.52,26.6,0.0,0.0,0.0,0,4.822265625,6,45,05:39,20:22,2025-05-22 22:30:22.562785,Città della Scienza,74.2,7.6232243,8.362266,6.540469,5.065267,EU EEA Common AQI,69.9,6.331584,6.9696074,7200,5.8428574,100,100,63.0,5.1771426,Very Low,69.0,6.356744,100,1747952100,Very Low,5.232375,7.650213,Very Low,7.9291186,60.5,8.057143,100,1747952100,6.4714284
2025-05-22T22:30:33Z,0,29.873,73.5,61,67.8,2,6,176,77,0.0,255,32767,0.0,2127-15-31,0.0,0.52,26.6,0.0,0.0,0.0,0,4.822265625,6,45,05:39,20:22,2025-05-22 22:30:33.708784,Città della Scienza,74.4,7.667252,8.3724,6.5786824,5.090811,EU EEA Common AQI,69.7,6.3635135,6.9751067,7200,5.521739,100,100,62.9,5.4376807,Very Low,68.9,6.380717,100,1747953000,Very Low,5.2629457,7.7099714,Very Low,8.022515,60.4,7.9565215,100,1747953000,6.7971015
2025-05-22T22:30:45Z,0,29.873,73.5,61,67.8,3,6,149,77,0.0,255,32767,0.0,2127-15-31,0.0,0.52,26.6,0.0,0.0,0.0,0,4.822265625,6,45,05:39,20:22,2025-05-22 22:30:44.811792,Città della Scienza,74.4,7.667252,8.3724,6.5786824,5.090811,EU EEA Common AQI,69.7,6.3635135,6.9751067,7200,5.521739,100,100,62.9,5.4376807,Very Low,68.9,6.380717,100,1747953000,Very Low,5.2629457,7.7099714,Very Low,8.022515,60.4,7.9565215,100,1747953000,6.7971015
2025-05-22T22:30:56Z,0,29.873,73.5,61,67.8,4,6,185,77,0.0,255,32767,0.0,2127-15-31,0.0,0.52,26.6,0.0,0.0,0.0,0,4.822265625,6,45,05:39,20:22,2025-05-22 22:30:55.852802,Città della Scienza,74.4,7.667252,8.3724,6.5786824,5.090811,EU EEA Common AQI,69.7,6.3635135,6.9751067,7200,5.521739,100,100,62.9,5.4376807,Very Low,68.9,6.380717,100,1747953000,Very Low,5.2629457,7.7099714,Very Low,8.022515,60.4,7.9565215,100,1747953000,6.7971015
2025-05-22T22:31:07Z,0,29.873,73.5,61,67.8,3,6,224,77,0.0,255,32767,0.0,2127-15-31,0.0,0.52,26.6,0.0,0.0,0.0,0,4.822265625,6,45,05:39,20:22,2025-05-22 22:31:06.950786,Città della Scienza,74.4,7.667252,8.3724,6.5786824,5.090811,EU EEA Common AQI,69.7,6.3635135,6.9751067,7200,5.521739,100,100,62.9,5.4376807,Very Low,68.9,6.380717,100,1747953000,Very Low,5.2629457,7.7099714,Very Low,8.022515,60.4,7.9565215,100,1747953000,6.7971015
2025-05-22T22:31:18Z,0,29.873,73.5,61,67.8,3,6,219,77,0.0,255,32767,0.0,2127-15-31,0.0,0.52,26.6,0.0,0.0,0.0,0,4.822265625,6,45,05:39,20:22,2025-05-22 22:31:18.043784,Città della Scienza,74.4,7.667252,8.3724,6.5786824,5.090811,EU EEA Common AQI,69.7,6.3635135,6.9751067,7200,5.521739,100,100,62.9,5.4376807,Very Low,68.9,6.380717,100,1747953000,Very Low,5.2629457,7.7099714,Very Low,8.022515,60.4,7.9565215,100,1747953000,6.7971015
2025-05-22T22:31:29Z,0,29.873,73.5,61,67.8,2,6,197,77,0.0,255,32767,0.0,2127-15-31,0.0,0.52,26.6,0.0,0.0,0.0,0,4.822265625,6,45,05:39,20:22,2025-05-22 22:31:29.126797,Città della Scienza,74.4,7.667252,8.3724,6.5786824,5.090811,EU EEA Common AQI,69.7,6.3635135,6.9751067,7200,5.521739,100,100,62.9,5.4376807,Very Low,68.9,6.380717,100,1747953000,Very Low,5.2629457,7.7099714,Very Low,8.022515,60.4,7.9565215,100,1747953000,6.7971015
2025-05-22T22:31:40Z,0,29.874,73.5,61,67.7,3,5,257,77,0.0,255,32767,0.0,2127-15-31,0.0,0.52,26.6,0.0,0.0,0.0,0,4.822265625,6,45,05:39,20:22,2025-05-22 22:31:40.174789,Città della Scienza,74.4,7.667252,8.3724,6.5786824,5.090811,EU EEA Common AQI,69.7,6.3635135,6.9751067,7200,5.521739,100,100,62.9,5.4376807,Very Low,68.9,6.380717,100,1747953000,Very Low,5.2629457,7.7099714,Very Low,8.022515,60.4,7.9565215,100,1747953000,6.7971015
2025-05-22T22:31:51Z,0,29.874,73.5,61,67.8,2,5,213,77,0.0,255,32767,0.0,2127-15-31,0.0,0.52,26.6,0.0,0.0,0.0,0,4.822265625,6,45,05:39,20:22,2025-05-22 22:31:51.227783,Città della Scienza,74.4,7.667252,8.3724,6.5786824,5.090811,EU EEA Common AQI,69.7,6.3635135,6.9751067,7200,5.521739,100,100,62.9,5.4376807,Very Low,68.9,6.380717,100,1747953000,Very Low,5.2629457,7.7099714,Very Low,8.022515,60.4,7.9565215,100,1747953000,6.7971015
2025-05-22T22:32:02Z,0,29.874,73.5,61,67.8,2,5,213,77,0.0,255,32767,0.0,2127-15-31,0.0,0.52,26.6,0.0,0.0,0.0,0,4.822265625,6,45,05:39,20:22,2025-05-22 22:32:02.266788,Città della Scienza,74.4,7.667252,8.3724,6.5786824,5.090811,EU EEA Common AQI,69.7,6.3635135,6.9751067,7200,5.521739,100,100,62.9,5.4376807,Very Low,68.9,6.380717,100,1747953000,Very Low,5.2629457,7.7099714,Very Low,8.022515,60.4,7.9565215,100,1747953000,6.7971015
2025-05-22T22:32:13Z,0,29.874,73.5,61,67.8,3,5,232,77,0.0,255,32767,0.0,2127-15-31,0.0,0.52,26.6,0.0,0.0,0.0,0,4.822265625,6,45,05:39,20:22,2025-05-22 22:32:13.397789,Città della Scienza,74.4,7.667252,8.3724,6.5786824,5.090811,EU EEA Common AQI,69.7,6.3635135,6.9751067,7200,5.521739,100,100,62.9,5.4376807,Very Low,68.9,6.380717,100,1747953000,Very Low,5.2629457,7.7099714,Very Low,8.022515,60.4,7.9565215,100,1747953000,6.7971015
2025-05-22T22:32:24Z,0,29.874,73.5,61,67.7,3,5,200,77,0.0,255,32767,0.0,2127-15-31,0.0,0.52,26.6,0.0,0.0,0.0,0,4.822265625,6,45,05:39,20:22,2025-05-22 22:32:24.453795,Città della Scienza,74.4,7.667252,8.3724,6.5786824,5.090811,EU EEA Common AQI,69.7,6.3635135,6.9751067,7200,5.521739,100,100,62.9,5.4376807,Very Low,68.9,6.380717,100,1747953000,Very Low,5.2629457,7.7099714,Very Low,8.022515,60.4,7.9565215,100,1747953000,6.7971015
2025-05-22T22:32:35Z,0,29.875,73.5,61,67.8,3,5,252,77,0.0,255,32767,0.0,2127-15-31,0.0,0.52,26.6,0.0,0.0,0.0,0,4.822265625,6,45,05:39,20:22,2025-05-22 22:32:35.525785,Città della Scienza,74.4,7.667252,8.3724,6.5786824,5.090811,EU EEA Common AQI,69.7,6.3635135,6.9751067,7200,5.521739,100,100,62.9,5.4376807,Very Low,68.9,6.380717,100,1747953000,Very Low,5.2629457,7.7099714,Very Low,8.022515,60.4,7.9565215,100,1747953000,6.7971015
2025-05-22T22:32:46Z,0,29.875,73.5,61,67.8,3,5,206,77,0.0,255,32767,0.0,2127-15-31,0.0,0.52,26.6,0.0,0.0,0.0,0,4.822265625,6,45,05:39,20:22,2025-05-22 22:32:46.550791,Città della Scienza,74.4,7.667252,8.3724,6.5786824,5.090811,EU EEA Common AQI,69.7,6.3635135,6.9751067,7200,5.521739,100,100,62.9,5.4376807,Very Low,68.9,6.380717,100,1747953000,Very Low,5.2629457,7.7099714,Very Low,8.022515,60.4,7.9565215,100,1747953000,6.7971015
2025-05-22T22:32:57Z,0,29.875,73.5,61,67.8,4,5,218,77,0.0,255,32767,0.0,2127-15-31,0.0,0.52,26.6,0.0,0.0,0.0,0,4.822265625,6,45,05:39,20:22,2025-05-22 22:32:57.649795,Città della Scienza,74.4,7.667252,8.3724,6.5786824,5.090811,EU EEA Common AQI,69.7,6.3635135,6.9751067,7200,5.521739,100,100,62.9,5.4376807,Very Low,68.9,6.380717,100,1747953000,Very Low,5.2629457,7.7099714,Very Low,8.022515,60.4,7.9565215,100,1747953000,6.7971015
2025-05-22T22:33:08Z,0,29.875,73.5,61,67.7,6,5,161,77,0.0,255,32767,0.0,2127-15-31,0.0,0.52,26.6,0.0,0.0,0.0,0,4.822265625,6,45,05:39,20:22,2025-05-22 22:33:08.724791,Città della Scienza,74.4,7.667252,8.3724,6.5786824,5.090811,EU EEA Common AQI,69.7,6.3635135,6.9751067,7200,5.521739,100,100,62.9,5.4376807,Very Low,68.9,6.380717,100,1747953000,Very Low,5.2629457,7.7099714,Very Low,8.022515,60.4,7.9565215,100,1747953000,6.7971015
2025-05-22T22:33:19Z,0,29.875,73.5,61,67.7,3,5,186,77,0.0,255,32767,0.0,2127-15-31,0.0,0.52,26.6,0.0,0.0,0.0,0,4.822265625,6,45,05:39,20:22,2025-05-22 22:33:19.780746,Città della Scienza,74.4,7.667252,8.3724,6.5786824,5.090811,EU EEA Common AQI,69.7,6.3635135,6.9751067,7200,5.521739,100,100,62.9,5.4376807,Very Low,68.9,6.380717,100,1747953000,Very Low,5.2629457,7.7099714,Very Low,8.022515,60.4,7.9565215,100,1747953000,6.7971015
2025-05-22T22:33:31Z,0,29.875,73.5,61,67.7,3,5,186,77,0.0,255,32767,0.0,2127-15-31,0.0,0.52,26.6,0.0,0.0,0.0,0,4.822265625,6,45,05:39,20:22,2025-05-22 22:33:30.877800,Città della Scienza,74.4,7.667252,8.3724,6.5786824,5.090811,EU EEA Common AQI,69.7,6.3635135,6.9751067,7200,5.521739,100,100,62.9,5.4376807,Very Low,68.9,6.380717,100,1747953000,Very Low,5.2629457,7.7099714,Very Low,8.022515,60.4,7.9565215,100,1747953000,6.7971015
2025-05-22T22:33:42Z,0,29.874,73.6,61,67.8,4,5,159,77,0.0,255,32767,0.0,2127-15-31,0.0,0.52,26.6,0.0,0.0,0.0,0,4.822265625,6,45,05:39,20:22,2025-05-22 22:33:41.968793,Città della Scienza,74.4,7.667252,8.3724,6.5786824,5.090811,EU EEA Common AQI,69.7,6.3635135,6.9751067,7200,5.521739,100,100,62.9,5.4376807,Very Low,68.9,6.380717,100,1747953000,Very Low,5.2629457,7.7099714,Very Low,8.022515,60.4,7.9565215,100,1747953000,6.7971015
2025-05-22T22:33:53Z,0,29.874,73.6,61,67.8,4,5,202,77,0.0,255,32767,0.0,2127-15-31,0.0,0.52,26.6,0.0,0.0,0.0,0,4.822265625,6,45,05:39,20:22,2025-05-22 22:33:53.045789,Città della Scienza,74.4,7.667252,8.3724,6.5786824,5.090811,EU EEA Common AQI,69.7,6.3635135,6.9751067,7200,5.521739,100,100,62.9,5.4376807,Very Low,68.9,6.380717,100,1747953000,Very Low,5.2629457,7.7099714,Very Low,8.022515,60.4,7.9565215,100,1747953000,6.7971015
2025-05-22T22:34:04Z,0,29.874,73.6,61,67.8,5,5,198,77,0.0,255,32767,0.0,2127-15-31,0.0,0.52,26.6,0.0,0.0,0.0,0,4.822265625,6,45,05:39,20:22,2025-05-22 22:34:04.147794,Città della Scienza,74.4,7.667252,8.3724,6.5786824,5.090811,EU EEA Common AQI,69.7,6.3635135,6.9751067,7200,5.521739,100,100,62.9,5.4376807,Very Low,68.9,6.380717,100,1747953000,Very Low,5.2629457,7.7099714,Very Low,8.022515,60.4,7.9565215,100,1747953000,6.7971015
2025-05-22T22:34:15Z,0,29.874,73.6,61,67.7,4,5,180,77,0.0,255,32767,0.0,2127-15-31,0.0,0.52,26.6,0.0,0.0,0.0,0,4.822265625,6,45,05:39,20:22,2025-05-22 22:34:15.284795,Città della Scienza,74.4,7.667252,8.3724,6.5786824,5.090811,EU EEA Common AQI,69.7,6.3635135,6.9751067,7200,5.521739,100,100,62.9,5.4376807,Very Low,68.9,6.380717,100,1747953000,Very Low,5.2629457,7.7099714,Very Low,8.022515,60.4,7.9565215,100,1747953000,6.7971015
2025-05-22T22:34:26Z,0,29.874,73.6,61,67.7,4,5,201,77,0.0,255,32767,0.0,2127-15-31,0.0,0.52,26.6,0.0,0.0,0.0,0,4.822265625,6,45,05:39,20:22,2025-05-22 22:34:26.399789,Città della Scienza,74.4,7.667252,8.3724,6.5786824,5.090811,EU EEA Common AQI,69.7,6.3635135,6.9751067,7200,5.521739,100,100,62.9,5.4376807,Very Low,68.9,6.380717,100,1747953000,Very Low,5.2629457,7.7099714,Very Low,8.022515,60.4,7.9565215,100,1747953000,6.7971015
2025-05-22T22:34:37Z,0,29.872,73.5,61,67.7,6,4,215,77,0.0,255,32767,0.0,2127-15-31,0.0,0.52,26.6,0.0,0.0,0.0,0,4.822265625,6,45,05:39,20:22,2025-05-22 22:34:37.514786,Città della Scienza,74.4,7.667252,8.3724,6.5786824,5.090811,EU EEA Common AQI,69.7,6.3635135,6.9751067,7200,5.521739,100,100,62.9,5.4376807,Very Low,68.9,6.380717,100,1747953000,Very Low,5.2629457,7.7099714,Very Low,8.022515,60.4,7.9565215,100,1747953000,6.7971015
2025-05-22T22:34:48Z,0,29.872,73.5,61,67.7,5,4,169,77,0.0,255,32767,0.0,2127-15-31,0.0,0.52,26.6,0.0,0.0,0.0,0,4.822265625,6,45,05:39,20:22,2025-05-22 22:34:48.633792,Città della Scienza,74.4,7.667252,8.3724,6.5786824,5.090811,EU EEA Common AQI,69.7,6.3635135,6.9751067,7200,5.521739,100,100,62.9,5.4376807,Very Low,68.9,6.380717,100,1747953000,Very Low,5.2629457,7.7099714,Very Low,8.022515,60.4,7.9565215,100,1747953000,6.7971015
2025-05-22T22:34:59Z,0,29.872,73.5,61,67.7,4,4,223,77,0.0,255,32767,0.0,2127-15-31,0.0,0.52,26.6,0.0,0.0,0.0,0,4.822265625,6,45,05:39,20:22,2025-05-22 22:34:59.705788,Città della Scienza,74.4,7.667252,8.3724,6.5786824,5.090811,EU EEA Common AQI,69.7,6.3635135,6.9751067,7200,5.521739,100,100,62.9,5.4376807,Very Low,68.9,6.380717,100,1747953000,Very Low,5.2629457,7.7099714,Very Low,8.022515,60.4,7.9565215,100,1747953000,6.7971015
2025-05-22T22:35:11Z,0,29.872,73.5,61,67.7,3,4,209,77,0.0,255,32767,0.0,2127-15-31,0.0,0.52,26.6,0.0,0.0,0.0,0,4.822265625,6,45,05:39,20:22,2025-05-22 22:35:10.809791,Città della Scienza,74.4,7.667252,8.3724,6.5786824,5.090811,EU EEA Common AQI,69.7,6.3635135,6.9751067,7200,5.521739,100,100,62.9,5.4376807,Very Low,68.9,6.380717,100,1747953000,Very Low,5.2629457,7.7099714,Very Low,8.022515,60.4,7.9565215,100,1747953000,6.7971015
2025-05-22T22:35:22Z,0,29.872,73.5,61,67.7,3,4,210,77,0.0,255,32767,0.0,2127-15-31,0.0,0.52,26.6,0.0,0.0,0.0,0,4.822265625,6,45,05:39,20:22,2025-05-22 22:35:21.876795,Città della Scienza,74.4,7.667252,8.3724,6.5786824,5.090811,EU EEA Common AQI,69.7,6.3635135,6.9751067,7200,5.521739,100,100,62.9,5.4376807,Very Low,68.9,6.380717,100,1747953000,Very Low,5.2629457,7.7099714,Very Low,8.022515,60.4,7.9565215,100,1747953000,6.7971015
2025-05-22T22:35:33Z,0,29.872,73.5,61,67.7,4,4,181,77,0.0,255,32767,0.0,2127-15-31,0.0,0.52,26.6,0.0,0.0,0.0,0,4.822265625,6,45,05:39,20:22,2025-05-22 22:35:32.966803,Città della Scienza,74.4,7.667252,8.3724,6.5786824,5.090811,EU EEA Common AQI,69.7,6.3635135,6.9751067,7200,5.521739,100,100,62.9,5.4376807,Very Low,68.9,6.380717,100,1747953000,Very Low,5.2629457,7.7099714,Very Low,8.022515,60.4,7.9565215,100,1747953000,6.7971015
2025-05-22T22:35:44Z,0,29.872,73.5,61,67.7,5,4,188,77,0.0,255,32767,0.0,2127-15-31,0.0,0.52,26.6,0.0,0.0,0.0,0,4.822265625,6,45,05:39,20:22,2025-05-22 22:35:43.996794,Città della Scienza,74.4,7.667252,8.3724,6.5786824,5.090811,EU EEA Common AQI,69.7,6.3635135,6.9751067,7200,5.521739,100,100,62.9,5.4376807,Very Low,68.9,6.380717,100,1747953000,Very Low,5.2629457,7.7099714,Very Low,8.022515,60.4,7.9565215,100,1747953000,6.7971015
2025-05-22T22:35:55Z,0,29.872,73.5,61,67.7,3,4,223,77,0.0,255,32767,0.0,2127-15-31,0.0,0.52,26.6,0.0,0.0,0.0,0,4.822265625,6,45,05:39,20:22,2025-05-22 22:35:55.098784,Città della Scienza,74.4,7.667252,8.3724,6.5786824,5.090811,EU EEA Common AQI,69.7,6.3635135,6.9751067,7200,5.521739,100,100,62.9,5.4376807,Very Low,68.9,6.380717,100,1747953000,Very Low,5.2629457,7.7099714,Very Low,8.022515,60.4,7.9565215,100,1747953000,6.7971015
2025-05-22T22:36:06Z,0,29.872,73.5,61,67.7,3,4,198,77,0.0,255,32767,0.0,2127-15-31,0.0,0.52,26.6,0.0,0.0,0.0,0,4.822265625,6,45,05:39,20:22,2025-05-22 22:36:06.216794,Città della Scienza,74.4,7.667252,8.3724,6.5786824,5.090811,EU EEA Common AQI,69.7,6.3635135,6.9751067,7200,5.521739,100,100,62.9,5.4376807,Very Low,68.9,6.380717,100,1747953000,Very Low,5.2629457,7.7099714,Very Low,8.022515,60.4,7.9565215,100,1747953000,6.7971015
2025-05-22T22:36:17Z,0,29.872,73.5,61,67.7,4,4,236,77,0.0,255,32767,0.0,2127-15-31,0.0,0.52,26.6,0.0,0.0,0.0,0,4.822265625,6,45,05:39,20:22,2025-05-22 22:36:17.280792,Città della Scienza,74.4,7.667252,8.3724,6.5786824,5.090811,EU EEA Common AQI,69.7,6.3635135,6.9751067,7200,5.521739,100,100,62.9,5.4376807,Very Low,68.9,6.380717,100,1747953000,Very Low,5.2629457,7.7099714,Very Low,8.022515,60.4,7.9565215,100,1747953000,6.7971015
2025-05-22T22:36:28Z,0,29.872,73.5,61,67.7,4,4,223,77,0.0,255,32767,0.0,2127-15-31,0.0,0.52,26.6,0.0,0.0,0.0,0,4.822265625,6,45,05:39,20:22,2025-05-22 22:36:28.326797,Città della Scienza,74.4,7.667252,8.3724,6.5786824,5.090811,EU EEA Common AQI,69.7,6.3635135,6.9751067,7200,5.521739,100,100,62.9,5.4376807,Very Low,68.9,6.380717,100,1747953000,Very Low,5.2629457,7.7099714,Very Low,8.022515,60.4,7.9565215,100,1747953000,6.7971015
2025-05-22T22:36:39Z,0,29.873,73.5,61,67.7,4,4,186,77,0.0,255,32767,0.0,2127-15-31,0.0,0.52,26.6,0.0,0.0,0.0,0,4.822265625,6,45,05:39,20:22,2025-05-22 22:36:39.405789,Città della Scienza,74.4,7.667252,8.3724,6.5786824,5.090811,EU EEA Common AQI,69.7,6.3635135,6.9751067,7200,5.521739,100,100,62.9,5.4376807,Very Low,68.9,6.380717,100,1747953000,Very Low,5.2629457,7.7099714,Very Low,8.022515,60.4,7.9565215,100,1747953000,6.7971015
2025-05-22T22:36:50Z,0,29.873,73.5,61,67.7,4,4,186,77,0.0,255,32767,0.0,2127-15-31,0.0,0.52,26.6,0.0,0.0,0.0,0,4.822265625,6,45,05:39,20:22,2025-05-22 22:36:50.497791,Città della Scienza,74.4,7.667252,8.3724,6.5786824,5.090811,EU EEA Common AQI,69.7,6.3635135,6.9751067,7200,5.521739,100,100,62.9,5.4376807,Very Low,68.9,6.380717,100,1747953000,Very Low,5.2629457,7.7099714,Very Low,8.022515,60.4,7.9565215,100,1747953000,6.7971015
2025-05-22T22:37:01Z,0,29.873,73.5,61,67.7,2,4,230,77,0.0,255,32767,0.0,2127-15-31,0.0,0.52,26.6,0.0,0.0,0.0,0,4.822265625,6,45,05:39,20:22,2025-05-22 22:37:01.571820,Città della Scienza,74.4,7.667252,8.3724,6.5786824,5.090811,EU EEA Common AQI,69.7,6.3635135,6.9751067,7200,5.521739,100,100,62.9,5.4376807,Very Low,68.9,6.380717,100,1747953000,Very Low,5.2629457,7.7099714,Very Low,8.022515,60.4,7.9565215,100,1747953000,6.7971015
2025-05-22T22:37:12Z,0,29.873,73.5,61,67.7,3,4,254,77,0.0,255,32767,0.0,2127-15-31,0.0,0.52,26.6,0.0,0.0,0.0,0,4.822265625,6,45,05:39,20:22,2025-05-22 22:37:12.682794,Città della Scienza,74.4,7.667252,8.3724,6.5786824,5.090811,EU EEA Common AQI,69.7,6.3635135,6.9751067,7200,5.521739,100,100,62.9,5.4376807,Very Low,68.9,6.380717,100,1747953000,Very Low,5.2629457,7.7099714,Very Low,8.022515,60.4,7.9565215,100,1747953000,6.7971015
2025-05-22T22:37:23Z,0,29.873,73.5,61,67.7,6,4,205,77,0.0,255,32767,0.0,2127-15-31,0.0,0.52,26.6,0.0,0.0,0.0,0,4.822265625,6,45,05:39,20:22,2025-05-22 22:37:23.771787,Città della Scienza,74.4,7.667252,8.3724,6.5786824,5.090811,EU EEA Common AQI,69.7,6.3635135,6.9751067,7200,5.521739,100,100,62.9,5.4376807,Very Low,68.9,6.380717,100,1747953000,Very Low,5.2629457,7.7099714,Very Low,8.022515,60.4,7.9565215,100,1747953000,6.7971015
2025-05-22T22:37:35Z,0,29.869,73.6,61,67.7,3,4,195,77,0.0,255,32767,0.0,2127-15-31,0.0,0.52,26.6,0.0,0.0,0.0,0,4.822265625,6,45,05:39,20:22,2025-05-22 22:37:34.863792,Città della Scienza,74.4,7.667252,8.3724,6.5786824,5.090811,EU EEA Common AQI,69.7,6.3635135,6.9751067,7200,5.521739,100,100,62.9,5.4376807,Very Low,68.9,6.380717,100,1747953000,Very Low,5.2629457,7.7099714,Very Low,8.022515,60.4,7.9565215,100,1747953000,6.7971015
2025-05-22T22:37:46Z,0,29.869,73.6,61,67.7,3,4,225,77,0.0,255,32767,0.0,2127-15-31,0.0,0.52,26.6,0.0,0.0,0.0,0,4.822265625,6,45,05:39,20:22,2025-05-22 22:37:45.985780,Città della Scienza,74.4,7.667252,8.3724,6.5786824,5.090811,EU EEA Common AQI,69.7,6.3635135,6.9751067,7200,5.521739,100,100,62.9,5.4376807,Very Low,68.9,6.380717,100,1747953000,Very Low,5.2629457,7.7099714,Very Low,8.022515,60.4,7.9565215,100,1747953000,6.7971015
2025-05-22T22:37:57Z,0,29.869,73.6,61,67.7,5,4,210,77,0.0,255,32767,0.0,2127-15-31,0.0,0.52,26.6,0.0,0.0,0.0,0,4.822265625,6,45,05:39,20:22,2025-05-22 22:37:57.114795,Città della Scienza,74.4,7.667252,8.3724,6.5786824,5.090811,EU EEA Common AQI,69.7,6.3635135,6.9751067,7200,5.521739,100,100,62.9,5.4376807,Very Low,68.9,6.380717,100,1747953000,Very Low,5.2629457,7.7099714,Very Low,8.022515,60.4,7.9565215,100,1747953000,6.7971015
2025-05-22T22:38:08Z,0,29.869,73.6,61,67.7,2,4,155,77,0.0,255,32767,0.0,2127-15-31,0.0,0.52,26.6,0.0,0.0,0.0,0,4.822265625,6,45,05:39,20:22,2025-05-22 22:38:08.191794,Città della Scienza,74.4,7.667252,8.3724,6.5786824,5.090811,EU EEA Common AQI,69.7,6.3635135,6.9751067,7200,5.521739,100,100,62.9,5.4376807,Very Low,68.9,6.380717,100,1747953000,Very Low,5.2629457,7.7099714,Very Low,8.022515,60.4,7.9565215,100,1747953000,6.7971015
2025-05-22T22:38:19Z,0,29.869,73.6,61,67.7,3,4,232,77,0.0,255,32767,0.0,2127-15-31,0.0,0.52,26.6,0.0,0.0,0.0,0,4.822265625,6,45,05:39,20:22,2025-05-22 22:38:19.244788,Città della Scienza,74.4,7.667252,8.3724,6.5786824,5.090811,EU EEA Common AQI,69.7,6.3635135,6.9751067,7200,5.521739,100,100,62.9,5.4376807,Very Low,68.9,6.380717,100,1747953000,Very Low,5.2629457,7.7099714,Very Low,8.022515,60.4,7.9565215,100,1747953000,6.7971015
2025-05-22T22:38:30Z,0,29.869,73.6,61,67.7,7,4,183,77,0.0,255,32767,0.0,2127-15-31,0.0,0.52,26.6,0.0,0.0,0.0,0,4.822265625,6,45,05:39,20:22,2025-05-22 22:38:30.332792,Città della Scienza,74.4,7.667252,8.3724,6.5786824,5.090811,EU EEA Common AQI,69.7,6.3635135,6.9751067,7200,5.521739,100,100,62.9,5.4376807,Very Low,68.9,6.380717,100,1747953000,Very Low,5.2629457,7.7099714,Very Low,8.022515,60.4,7.9565215,100,1747953000,6.7971015
2025-05-22T22:38:41Z,0,29.869,73.6,61,67.7,4,4,187,77,0.0,255,32767,0.0,2127-15-31,0.0,0.52,26.6,0.0,0.0,0.0,0,4.822265625,6,45,05:39,20:22,2025-05-22 22:38:41.438785,Città della Scienza,74.4,7.667252,8.3724,6.5786824,5.090811,EU EEA Common AQI,69.7,6.3635135,6.9751067,7200,5.521739,100,100,62.9,5.4376807,Very Low,68.9,6.380717,100,1747953000,Very Low,5.2629457,7.7099714,Very Low,8.022515,60.4,7.9565215,100,1747953000,6.7971015
2025-05-22T22:38:52Z,0,29.869,73.6,61,67.7,6,4,267,77,0.0,255,32767,0.0,2127-15-31,0.0,0.52,26.6,0.0,0.0,0.0,0,4.822265625,6,45,05:39,20:22,2025-05-22 22:38:52.529787,Città della Scienza,74.4,7.667252,8.3724,6.5786824,5.090811,EU EEA Common AQI,69.7,6.3635135,6.9751067,7200,5.521739,100,100,62.9,5.4376807,Very Low,68.9,6.380717,100,1747953000,Very Low,5.2629457,7.7099714,Very Low,8.022515,60.4,7.9565215,100,1747953000,6.7971015
2025-05-22T22:39:03Z,0,29.869,73.6,61,67.7,4,4,225,77,0.0,255,32767,0.0,2127-15-31,0.0,0.52,26.6,0.0,0.0,0.0,0,4.822265625,6,45,05:39,20:22,2025-05-22 22:39:03.648808,Città della Scienza,74.4,7.667252,8.3724,6.5786824,5.090811,EU EEA Common AQI,69.7,6.3635135,6.9751067,7200,5.521739,100,100,62.9,5.4376807,Very Low,68.9,6.380717,100,1747953000,Very Low,5.2629457,7.7099714,Very Low,8.022515,60.4,7.9565215,100,1747953000,6.7971015
2025-05-22T22:39:14Z,0,29.869,73.6,61,67.7,5,4,207,77,0.0,255,32767,0.0,2127-15-31,0.0,0.52,26.6,0.0,0.0,0.0,0,4.822265625,6,45,05:39,20:22,2025-05-22 22:39:14.736790,Città della Scienza,74.4,7.667252,8.3724,6.5786824,5.090811,EU EEA Common AQI,69.7,6.3635135,6.9751067,7200,5.521739,100,100,62.9,5.4376807,Very Low,68.9,6.380717,100,1747953000,Very Low,5.2629457,7.7099714,Very Low,8.022515,60.4,7.9565215,100,1747953000,6.7971015
2025-05-22T22:39:25Z,0,29.869,73.6,61,67.7,5,4,188,77,0.0,255,32767,0.0,2127-15-31,0.0,0.52,26.6,0.0,0.0,0.0,0,4.822265625,6,45,05:39,20:22,2025-05-22 22:39:25.792788,Città della Scienza,74.4,7.667252,8.3724,6.5786824,5.090811,EU EEA Common AQI,69.7,6.3635135,6.9751067,7200,5.521739,100,100,62.9,5.4376807,Very Low,68.9,6.380717,100,1747953000,Very Low,5.2629457,7.7099714,Very Low,8.022515,60.4,7.9565215,100,1747953000,6.7971015
2025-05-22T22:39:37Z,0,29.87,73.5,61,67.6,4,4,229,77,0.0,255,32767,0.0,2127-15-31,0.0,0.52,26.6,0.0,0.0,0.0,0,4.822265625,6,45,05:39,20:22,2025-05-22 22:39:36.889791,Città della Scienza,74.4,7.667252,8.3724,6.5786824,5.090811,EU EEA Common AQI,69.7,6.3635135,6.9751067,7200,5.521739,100,100,62.9,5.4376807,Very Low,68.9,6.380717,100,1747953000,Very Low,5.2629457,7.7099714,Very Low,8.022515,60.4,7.9565215,100,1747953000,6.7971015
2025-05-22T22:39:48Z,0,29.87,73.5,61,67.7,8,4,189,77,0.0,255,32767,0.0,2127-15-31,0.0,0.52,26.6,0.0,0.0,0.0,0,4.822265625,6,45,05:39,20:22,2025-05-22 22:39:47.939798,Città della Scienza,74.4,7.667252,8.3724,6.5786824,5.090811,EU EEA Common AQI,69.7,6.3635135,6.9751067,7200,5.521739,100,100,62.9,5.4376807,Very Low,68.9,6.380717,100,1747953000,Very Low,5.2629457,7.7099714,Very Low,8.022515,60.4,7.9565215,100,1747953000,6.7971015
2025-05-22T22:39:59Z,0,29.87,73.5,61,67.7,4,4,177,77,0.0,255,32767,0.0,2127-15-31,0.0,0.52,26.6,0.0,0.0,0.0,0,4.822265625,6,45,05:39,20:22,2025-05-22 22:39:59.061793,Città della Scienza,74.4,7.667252,8.3724,6.5786824,5.090811,EU EEA Common AQI,69.7,6.3635135,6.9751067,7200,5.521739,100,100,62.9,5.4376807,Very Low,68.9,6.380717,100,1747953000,Very Low,5.2629457,7.7099714,Very Low,8.022515,60.4,7.9565215,100,1747953000,6.7971015
2025-05-22T22:40:10Z,0,29.87,73.5,61,67.7,8,4,219,77,0.0,255,32767,0.0,2127-15-31,0.0,0.52,26.6,0.0,0.0,0.0,0,4.822265625,6,45,05:39,20:22,2025-05-22 22:40:10.140800,Città della Scienza,74.4,7.667252,8.3724,6.5786824,5.090811,EU EEA Common AQI,69.7,6.3635135,6.9751067,7200,5.521739,100,100,62.9,5.4376807,Very Low,68.9,6.380717,100,1747953000,Very Low,5.2629457,7.7099714,Very Low,8.022515,60.4,7.9565215,100,1747953000,6.7971015
2025-05-22T22:40:21Z,0,29.87,73.5,61,67.7,7,4,180,77,0.0,255,32767,0.0,2127-15-31,0.0,0.52,26.6,0.0,0.0,0.0,0,4.822265625,6,45,05:39,20:22,2025-05-22 22:40:21.204786,Città della Scienza,74.4,7.667252,8.3724,6.5786824,5.090811,EU EEA Common AQI,69.7,6.3635135,6.9751067,7200,5.521739,100,100,62.9,5.4376807,Very Low,68.9,6.380717,100,1747953000,Very Low,5.2629457,7.7099714,Very Low,8.022515,60.4,7.9565215,100,1747953000,6.7971015
2025-05-22T22:40:32Z,0,29.87,73.6,61,67.7,3,4,192,77,0.0,255,32767,0.0,2127-15-31,0.0,0.52,26.6,0.0,0.0,0.0,0,4.822265625,6,45,05:39,20:22,2025-05-22 22:40:32.247790,Città della Scienza,74.4,7.667252,8.3724,6.5786824,5.090811,EU EEA Common AQI,69.7,6.3635135,6.9751067,7200,5.521739,100,100,62.9,5.4376807,Very Low,68.9,6.380717,100,1747953000,Very Low,5.2629457,7.7099714,Very Low,8.022515,60.4,7.9565215,100,1747953000,6.7971015
2025-05-22T22:40:43Z,0,29.87,73.6,61,67.7,8,4,155,77,0.0,255,32767,0.0,2127-15-31,0.0,0.52,26.6,0.0,0.0,0.0,0,4.822265625,6,45,05:39,20:22,2025-05-22 22:40:43.347785,Città della Scienza,74.4,7.667252,8.3724,6.5786824,5.090811,EU EEA Common AQI,69.7,6.3635135,6.9751067,7200,5.521739,100,100,62.9,5.4376807,Very Low,68.9,6.380717,100,1747953000,Very Low,5.2629457,7.7099714,Very Low,8.022515,60.4,7.9565215,100,1747953000,6.7971015
2025-05-22T22:40:54Z,0,29.87,73.6,61,67.6,9,4,173,77,0.0,255,32767,0.0,2127-15-31,0.0,0.52,26.6,0.0,0.0,0.0,0,4.822265625,6,45,05:39,20:22,2025-05-22 22:40:54.389789,Città della Scienza,74.4,7.667252,8.3724,6.5786824,5.090811,EU EEA Common AQI,69.7,6.3635135,6.9751067,7200,5.521739,100,100,62.9,5.4376807,Very Low,68.9,6.380717,100,1747953000,Very Low,5.2629457,7.7099714,Very Low,8.022515,60.4,7.9565215,100,1747953000,6.7971015
2025-05-22T22:41:05Z,0,29.87,73.6,61,67.7,7,4,182,77,0.0,255,32767,0.0,2127-15-31,0.0,0.52,26.6,0.0,0.0,0.0,0,4.822265625,6,45,05:39,20:22,2025-05-22 22:41:05.490783,Città della Scienza,74.4,7.667252,8.3724,6.5786824,5.090811,EU EEA Common AQI,69.7,6.3635135,6.9751067,7200,5.521739,100,100,62.9,5.4376807,Very Low,68.9,6.380717,100,1747953000,Very Low,5.2629457,7.7099714,Very Low,8.022515,60.4,7.9565215,100,1747953000,6.7971015
2025-05-22T22:41:16Z,0,29.87,73.6,61,67.7,5,4,212,77,0.0,255,32767,0.0,2127-15-31,0.0,0.52,26.6,0.0,0.0,0.0,0,4.822265625,6,45,05:39,20:22,2025-05-22 22:41:16.609805,Città della Scienza,74.4,7.667252,8.3724,6.5786824,5.090811,EU EEA Common AQI,69.7,6.3635135,6.9751067,7200,5.521739,100,100,62.9,5.4376807,Very Low,68.9,6.380717,100,1747953000,Very Low,5.2629457,7.7099714,Very Low,8.022515,60.4,7.9565215,100,1747953000,6.7971015
2025-05-22T22:41:27Z,0,29.87,73.6,61,67.7,3,4,261,77,0.0,255,32767,0.0,2127-15-31,0.0,0.52,26.6,0.0,0.0,0.0,0,4.822265625,6,45,05:39,20:22,2025-05-22 22:41:27.706802,Città della Scienza,74.4,7.667252,8.3724,6.5786824,5.090811,EU EEA Common AQI,69.7,6.3635135,6.9751067,7200,5.521739,100,100,62.9,5.4376807,Very Low,68.9,6.380717,100,1747953000,Very Low,5.2629457,7.7099714,Very Low,8.022515,60.4,7.9565215,100,1747953000,6.7971015
2025-05-22T22:41:38Z,0,29.868,73.5,61,67.7,6,4,185,77,0.0,255,32767,0.0,2127-15-31,0.0,0.52,26.6,0.0,0.0,0.0,0,4.822265625,6,45,05:39,20:22,2025-05-22 22:41:38.746786,Città della Scienza,74.4,7.667252,8.3724,6.5786824,5.090811,EU EEA Common AQI,69.7,6.3635135,6.9751067,7200,5.521739,100,100,62.9,5.4376807,Very Low,68.9,6.380717,100,1747953000,Very Low,5.2629457,7.7099714,Very Low,8.022515,60.4,7.9565215,100,1747953000,6.7971015
2025-05-22T22:41:50Z,0,29.868,73.5,61,67.7,7,4,173,77,0.0,255,32767,0.0,2127-15-31,0.0,0.52,26.6,0.0,0.0,0.0,0,4.822265625,6,45,05:39,20:22,2025-05-22 22:41:49.845789,Città della Scienza,74.4,7.667252,8.3724,6.5786824,5.090811,EU EEA Common AQI,69.7,6.3635135,6.9751067,7200,5.521739,100,100,62.9,5.4376807,Very Low,68.9,6.380717,100,1747953000,Very Low,5.2629457,7.7099714,Very Low,8.022515,60.4,7.9565215,100,1747953000,6.7971015
2025-05-22T22:42:01Z,0,29.868,73.5,61,67.7,5,4,234,77,0.0,255,32767,0.0,2127-15-31,0.0,0.52,26.6,0.0,0.0,0.0,0,4.822265625,6,45,05:39,20:22,2025-05-22 22:42:00.896788,Città della Scienza,74.4,7.667252,8.3724,6.5786824,5.090811,EU EEA Common AQI,69.7,6.3635135,6.9751067,7200,5.521739,100,100,62.9,5.4376807,Very Low,68.9,6.380717,100,1747953000,Very Low,5.2629457,7.7099714,Very Low,8.022515,60.4,7.9565215,100,1747953000,6.7971015
2025-05-22T22:42:12Z,0,29.868,73.5,61,67.7,6,4,186,77,0.0,255,32767,0.0,2127-15-31,0.0,0.52,26.6,0.0,0.0,0.0,0,4.822265625,6,45,05:39,20:22,2025-05-22 22:42:11.980785,Città della Scienza,74.4,7.667252,8.3724,6.5786824,5.090811,EU EEA Common AQI,69.7,6.3635135,6.9751067,7200,5.521739,100,100,62.9,5.4376807,Very Low,68.9,6.380717,100,1747953000,Very Low,5.2629457,7.7099714,Very Low,8.022515,60.4,7.9565215,100,1747953000,6.7971015
2025-05-22T22:42:23Z,0,29.868,73.5,61,67.7,5,4,192,77,0.0,255,32767,0.0,2127-15-31,0.0,0.52,26.6,0.0,0.0,0.0,0,4.822265625,6,45,05:39,20:22,2025-05-22 22:42:23.056788,Città della Scienza,74.4,7.667252,8.3724,6.5786824,5.090811,EU EEA Common AQI,69.7,6.3635135,6.9751067,7200,5.521739,100,100,62.9,5.4376807,Very Low,68.9,6.380717,100,1747953000,Very Low,5.2629457,7.7099714,Very Low,8.022515,60.4,7.9565215,100,1747953000,6.7971015
2025-05-22T22:42:34Z,0,29.867,73.5,61,67.8,5,5,181,77,0.0,255,32767,0.0,2127-15-31,0.0,0.52,26.6,0.0,0.0,0.0,0,4.822265625,6,45,05:39,20:22,2025-05-22 22:42:34.134790,Città della Scienza,74.4,7.667252,8.3724,6.5786824,5.090811,EU EEA Common AQI,69.7,6.3635135,6.9751067,7200,5.521739,100,100,62.9,5.4376807,Very Low,68.9,6.380717,100,1747953000,Very Low,5.2629457,7.7099714,Very Low,8.022515,60.4,7.9565215,100,1747953000,6.7971015
2025-05-22T22:42:45Z,0,29.867,73.5,61,67.8,5,5,184,77,0.0,255,32767,0.0,2127-15-31,0.0,0.52,26.6,0.0,0.0,0.0,0,4.822265625,6,45,05:39,20:22,2025-05-22 22:42:45.208788,Città della Scienza,74.4,7.667252,8.3724,6.5786824,5.090811,EU EEA Common AQI,69.7,6.3635135,6.9751067,7200,5.521739,100,100,62.9,5.4376807,Very Low,68.9,6.380717,100,1747953000,Very Low,5.2629457,7.7099714,Very Low,8.022515,60.4,7.9565215,100,1747953000,6.7971015
2025-05-22T22:42:56Z,0,29.867,73.5,61,67.8,8,5,184,77,0.0,255,32767,0.0,2127-15-31,0.0,0.52,26.6,0.0,0.0,0.0,0,4.822265625,6,45,05:39,20:22,2025-05-22 22:42:56.287785,Città della Scienza,74.4,7.667252,8.3724,6.5786824,5.090811,EU EEA Common AQI,69.7,6.3635135,6.9751067,7200,5.521739,100,100,62.9,5.4376807,Very Low,68.9,6.380717,100,1747953000,Very Low,5.2629457,7.7099714,Very Low,8.022515,60.4,7.9565215,100,1747953000,6.7971015
2025-05-22T22:43:07Z,0,29.867,73.5,61,67.8,6,5,192,77,0.0,255,32767,0.0,2127-15-31,0.0,0.52,26.6,0.0,0.0,0.0,0,4.822265625,6,45,05:39,20:22,2025-05-22 22:43:07.366794,Città della Scienza,74.4,7.667252,8.3724,6.5786824,5.090811,EU EEA Common AQI,69.7,6.3635135,6.9751067,7200,5.521739,100,100,62.9,5.4376807,Very Low,68.9,6.380717,100,1747953000,Very Low,5.2629457,7.7099714,Very Low,8.022515,60.4,7.9565215,100,1747953000,6.7971015
2025-05-22T22:43:18Z,0,29.867,73.5,61,67.7,7,5,173,77,0.0,255,32767,0.0,2127-15-31,0.0,0.52,26.6,0.0,0.0,0.0,0,4.822265625,6,45,05:39,20:22,2025-05-22 22:43:18.474789,Città della Scienza,74.4,7.667252,8.3724,6.5786824,5.090811,EU EEA Common AQI,69.7,6.3635135,6.9751067,7200,5.521739,100,100,62.9,5.4376807,Very Low,68.9,6.380717,100,1747953000,Very Low,5.2629457,7.7099714,Very Low,8.022515,60.4,7.9565215,100,1747953000,6.7971015
2025-05-22T22:43:29Z,0,29.867,73.5,61,67.7,7,5,185,77,0.0,255,32767,0.0,2127-15-31,0.0,0.52,26.6,0.0,0.0,0.0,0,4.822265625,6,45,05:39,20:22,2025-05-22 22:43:29.534793,Città della Scienza,74.4,7.667252,8.3724,6.5786824,5.090811,EU EEA Common AQI,69.7,6.3635135,6.9751067,7200,5.521739,100,100,62.9,5.4376807,Very Low,68.9,6.380717,100,1747953000,Very Low,5.2629457,7.7099714,Very Low,8.022515,60.4,7.9565215,100,1747953000,6.7971015
2025-05-22T22:43:40Z,0,29.869,73.6,61,67.7,5,5,165,77,0.0,255,32767,0.0,2127-15-31,0.0,0.52,26.6,0.0,0.0,0.0,0,4.822265625,6,45,05:39,20:22,2025-05-22 22:43:40.614785,Città della Scienza,74.4,7.667252,8.3724,6.5786824,5.090811,EU EEA Common AQI,69.7,6.3635135,6.9751067,7200,5.521739,100,100,62.9,5.4376807,Very Low,68.9,6.380717,100,1747953000,Very Low,5.2629457,7.7099714,Very Low,8.022515,60.4,7.9565215,100,1747953000,6.7971015
2025-05-22T22:43:51Z,0,29.869,73.6,61,67.7,3,5,176,77,0.0,255,32767,0.0,2127-15-31,0.0,0.52,26.6,0.0,0.0,0.0,0,4.822265625,6,45,05:39,20:22,2025-05-22 22:43:51.738791,Città della Scienza,74.4,7.667252,8.3724,6.5786824,5.090811,EU EEA Common AQI,69.7,6.3635135,6.9751067,7200,5.521739,100,100,62.9,5.4376807,Very Low,68.9,6.380717,100,1747953000,Very Low,5.2629457,7.7099714,Very Low,8.022515,60.4,7.9565215,100,1747953000,6.7971015
2025-05-22T22:44:03Z,0,29.869,73.6,61,67.7,3,5,178,77,0.0,255,32767,0.0,2127-15-31,0.0,0.52,26.6,0.0,0.0,0.0,0,4.822265625,6,45,05:39,20:22,2025-05-22 22:44:02.839789,Città della Scienza,74.4,7.667252,8.3724,6.5786824,5.090811,EU EEA Common AQI,69.7,6.3635135,6.9751067,7200,5.521739,100,100,62.9,5.4376807,Very Low,68.9,6.380717,100,1747953000,Very Low,5.2629457,7.7099714,Very Low,8.022515,60.4,7.9565215,100,1747953000,6.7971015
2025-05-22T22:44:14Z,0,29.869,73.6,61,67.8,7,5,173,77,0.0,255,32767,0.0,2127-15-31,0.0,0.52,26.6,0.0,0.0,0.0,0,4.822265625,6,45,05:39,20:22,2025-05-22 22:44:13.953791,Città della Scienza,74.4,7.667252,8.3724,6.5786824,5.090811,EU EEA Common AQI,69.7,6.3635135,6.9751067,7200,5.521739,100,100,62.9,5.4376807,Very Low,68.9,6.380717,100,1747953000,Very Low,5.2629457,7.7099714,Very Low,8.022515,60.4,7.9565215,100,1747953000,6.7971015
2025-05-22T22:44:25Z,0,29.869,73.6,61,67.7,8,5,176,77,0.0,255,32767,0.0,2127-15-31,0.0,0.52,26.6,0.0,0.0,0.0,0,4.822265625,6,45,05:39,20:22,2025-05-22 22:44:25.037796,Città della Scienza,74.4,7.667252,8.3724,6.5786824,5.090811,EU EEA Common AQI,69.7,6.3635135,6.9751067,7200,5.521739,100,100,62.9,5.4376807,Very Low,68.9,6.380717,100,1747953000,Very Low,5.2629457,7.7099714,Very Low,8.022515,60.4,7.9565215,100,1747953000,6.7971015
2025-05-22T22:44:36Z,0,29.869,73.6,61,67.7,5,5,186,77,0.0,255,32767,0.0,2127-15-31,0.0,0.52,26.6,0.0,0.0,0.0,0,4.822265625,6,45,05:39,20:22,2025-05-22 22:44:36.087791,Città della Scienza,74.4,7.667252,8.3724,6.5786824,5.090811,EU EEA Common AQI,69.7,6.3635135,6.9751067,7200,5.521739,100,100,62.9,5.4376807,Very Low,68.9,6.380717,100,1747953000,Very Low,5.2629457,7.7099714,Very Low,8.022515,60.4,7.9565215,100,1747953000,6.7971015
2025-05-22T22:44:47Z,0,29.869,73.6,61,67.7,6,5,232,77,0.0,255,32767,0.0,2127-15-31,0.0,0.52,26.6,0.0,0.0,0.0,0,4.822265625,6,45,05:39,20:22,2025-05-22 22:44:47.144750,Città della Scienza,74.4,7.667252,8.3724,6.5786824,5.090811,EU EEA Common AQI,69.7,6.3635135,6.9751067,7200,5.521739,100,100,62.9,5.4376807,Very Low,68.9,6.380717,100,1747953000,Very Low,5.2629457,7.7099714,Very Low,8.022515,60.4,7.9565215,100,1747953000,6.7971015
2025-05-22T22:44:58Z,0,29.869,73.6,61,67.7,7,5,173,77,0.0,255,32767,0.0,2127-15-31,0.0,0.52,26.6,0.0,0.0,0.0,0,4.822265625,6,45,05:39,20:22,2025-05-22 22:44:58.214795,Città della Scienza,74.4,7.667252,8.3724,6.5786824,5.090811,EU EEA Common AQI,69.7,6.3635135,6.9751067,7200,5.521739,100,100,62.9,5.4376807,Very Low,68.9,6.380717,100,1747953000,Very Low,5.2629457,7.7099714,Very Low,8.022515,60.4,7.9565215,100,1747953000,6.7971015
2025-05-22T22:45:09Z,0,29.869,73.6,61,67.7,7,5,179,77,0.0,255,32767,0.0,2127-15-31,0.0,0.52,26.6,0.0,0.0,0.0,0,4.822265625,6,45,05:39,20:22,2025-05-22 22:45:09.277788,Città della Scienza,74.4,7.667252,8.3724,6.5786824,5.090811,EU EEA Common AQI,69.7,6.3635135,6.9751067,7200,5.521739,100,100,62.9,5.4376807,Very Low,68.9,6.380717,100,1747953000,Very Low,5.2629457,7.7099714,Very Low,8.022515,60.4,7.9565215,100,1747953000,6.7971015
2025-05-22T22:45:20Z,0,29.869,73.6,61,67.7,7,5,207,77,0.0,255,32767,0.0,2127-15-31,0.0,0.52,26.6,0.0,0.0,0.0,0,4.822265625,6,45,05:39,20:22,2025-05-22 22:45:20.405794,Città della Scienza,74.4,7.667252,8.3724,6.5786824,5.090811,EU EEA Common AQI,69.7,6.3635135,6.9751067,7200,5.521739,100,100,62.9,5.4376807,Very Low,68.9,6.380717,100,1747953000,Very Low,5.2629457,7.7099714,Very Low,8.022515,60.4,7.9565215,100,1747953000,6.7971015
2025-05-22T22:45:31Z,0,29.869,73.6,61,67.7,9,5,194,77,0.0,255,32767,0.0,2127-15-31,0.0,0.52,26.6,0.0,0.0,0.0,0,4.822265625,6,45,05:39,20:22,2025-05-22 22:45:31.434787,Città della Scienza,75.3,7.739245,8.3761425,6.4783235,5.0988283,EU EEA Common AQI,69.5,6.3735356,6.9752264,7200,5.4927535,100,100,62.9,5.2869563,Very Low,68.6,6.427009,100,1747953900,Very Low,5.1826587,7.728134,Very Low,7.880479,60.5,7.8405795,100,1747953900,6.6086955
2025-05-22T22:45:42Z,0,29.869,73.6,61,67.7,5,5,215,77,0.0,255,32767,0.0,2127-15-31,0.0,0.52,26.6,0.0,0.0,0.0,0,4.822265625,6,45,05:39,20:22,2025-05-22 22:45:42.518805,Città della Scienza,75.3,7.739245,8.3761425,6.4783235,5.0988283,EU EEA Common AQI,69.5,6.3735356,6.9752264,7200,5.4927535,100,100,62.9,5.2869563,Very Low,68.6,6.427009,100,1747953900,Very Low,5.1826587,7.728134,Very Low,7.880479,60.5,7.8405795,100,1747953900,6.6086955
2025-05-22T22:45:53Z,0,29.869,73.6,61,67.7,6,5,311,77,0.0,255,32767,0.0,2127-15-31,0.0,0.52,26.6,0.0,0.0,0.0,0,4.822265625,6,45,05:39,20:22,2025-05-22 22:45:53.598802,Città della Scienza,75.3,7.739245,8.3761425,6.4783235,5.0988283,EU EEA Common AQI,69.5,6.3735356,6.9752264,7200,5.4927535,100,100,62.9,5.2869563,Very Low,68.6,6.427009,100,1747953900,Very Low,5.1826587,7.728134,Very Low,7.880479,60.5,7.8405795,100,1747953900,6.6086955
2025-05-22T22:46:04Z,0,29.869,73.6,61,67.7,5,5,180,77,0.0,255,32767,0.0,2127-15-31,0.0,0.52,26.6,0.0,0.0,0.0,0,4.822265625,6,45,05:39,20:22,2025-05-22 22:46:04.670791,Città della Scienza,75.3,7.739245,8.3761425,6.4783235,5.0988283,EU EEA Common AQI,69.5,6.3735356,6.9752264,7200,5.4927535,100,100,62.9,5.2869563,Very Low,68.6,6.427009,100,1747953900,Very Low,5.1826587,7.728134,Very Low,7.880479,60.5,7.8405795,100,1747953900,6.6086955
2025-05-22T22:46:15Z,0,29.869,73.6,61,67.7,6,5,207,77,0.0,255,32767,0.0,2127-15-31,0.0,0.52,26.6,0.0,0.0,0.0,0,4.822265625,6,45,05:39,20:22,2025-05-22 22:46:15.769794,Città della Scienza,75.3,7.739245,8.3761425,6.4783235,5.0988283,EU EEA Common AQI,69.5,6.3735356,6.9752264,7200,5.4927535,100,100,62.9,5.2869563,Very Low,68.6,6.427009,100,1747953900,Very Low,5.1826587,7.728134,Very Low,7.880479,60.5,7.8405795,100,1747953900,6.6086955
2025-05-22T22:46:27Z,0,29.869,73.6,61,67.7,10,5,174,77,0.0,255,32767,0.0,2127-15-31,0.0,0.52,26.6,0.0,0.0,0.0,0,4.822265625,6,45,05:39,20:22,2025-05-22 22:46:26.956808,Città della Scienza,75.3,7.739245,8.3761425,6.4783235,5.0988283,EU EEA Common AQI,69.5,6.3735356,6.9752264,7200,5.4927535,100,100,62.9,5.2869563,Very Low,68.6,6.427009,100,1747953900,Very Low,5.1826587,7.728134,Very Low,7.880479,60.5,7.8405795,100,1747953900,6.6086955
2025-05-22T22:46:38Z,0,29.868,73.6,61,67.7,4,6,207,77,0.0,255,32767,0.0,2127-15-31,0.0,0.52,26.6,0.0,0.0,0.0,0,4.822265625,6,45,05:39,20:22,2025-05-22 22:46:38.052788,Città della Scienza,75.3,7.739245,8.3761425,6.4783235,5.0988283,EU EEA Common AQI,69.5,6.3735356,6.9752264,7200,5.4927535,100,100,62.9,5.2869563,Very Low,68.6,6.427009,100,1747953900,Very Low,5.1826587,7.728134,Very Low,7.880479,60.5,7.8405795,100,1747953900,6.6086955
2025-05-22T22:46:49Z,0,29.868,73.6,61,67.7,2,6,186,77,0.0,255,32767,0.0,2127-15-31,0.0,0.52,26.6,0.0,0.0,0.0,0,4.822265625,6,45,05:39,20:22,2025-05-22 22:46:49.093788,Città della Scienza,75.3,7.739245,8.3761425,6.4783235,5.0988283,EU EEA Common AQI,69.5,6.3735356,6.9752264,7200,5.4927535,100,100,62.9,5.2869563,Very Low,68.6,6.427009,100,1747953900,Very Low,5.1826587,7.728134,Very Low,7.880479,60.5,7.8405795,100,1747953900,6.6086955
2025-05-22T22:47:00Z,0,29.868,73.6,61,67.7,3,6,192,77,0.0,255,32767,0.0,2127-15-31,0.0,0.52,26.6,0.0,0.0,0.0,0,4.822265625,6,45,05:39,20:22,2025-05-22 22:47:00.196807,Città della Scienza,75.3,7.739245,8.3761425,6.4783235,5.0988283,EU EEA Common AQI,69.5,6.3735356,6.9752264,7200,5.4927535,100,100,62.9,5.2869563,Very Low,68.6,6.427009,100,1747953900,Very Low,5.1826587,7.728134,Very Low,7.880479,60.5,7.8405795,100,1747953900,6.6086955
2025-05-22T22:47:11Z,0,29.868,73.6,61,67.7,13,6,141,77,0.0,255,32767,0.0,2127-15-31,0.0,0.52,26.6,0.0,0.0,0.0,0,4.822265625,6,45,05:39,20:22,2025-05-22 22:47:11.271782,Città della Scienza,75.3,7.739245,8.3761425,6.4783235,5.0988283,EU EEA Common AQI,69.5,6.3735356,6.9752264,7200,5.4927535,100,100,62.9,5.2869563,Very Low,68.6,6.427009,100,1747953900,Very Low,5.1826587,7.728134,Very Low,7.880479,60.5,7.8405795,100,1747953900,6.6086955
2025-05-22T22:47:22Z,0,29.868,73.6,61,67.7,4,6,232,77,0.0,255,32767,0.0,2127-15-31,0.0,0.52,26.6,0.0,0.0,0.0,0,4.822265625,6,45,05:39,20:22,2025-05-22 22:47:22.410802,Città della Scienza,75.3,7.739245,8.3761425,6.4783235,5.0988283,EU EEA Common AQI,69.5,6.3735356,6.9752264,7200,5.4927535,100,100,62.9,5.2869563,Very Low,68.6,6.427009,100,1747953900,Very Low,5.1826587,7.728134,Very Low,7.880479,60.5,7.8405795,100,1747953900,6.6086955
2025-05-22T22:47:33Z,0,29.868,73.5,61,67.7,5,6,183,77,0.0,255,32767,0.0,2127-15-31,0.0,0.52,26.6,0.0,0.0,0.0,0,4.822265625,6,45,05:39,20:22,2025-05-22 22:47:33.432785,Città della Scienza,75.3,7.739245,8.3761425,6.4783235,5.0988283,EU EEA Common AQI,69.5,6.3735356,6.9752264,7200,5.4927535,100,100,62.9,5.2869563,Very Low,68.6,6.427009,100,1747953900,Very Low,5.1826587,7.728134,Very Low,7.880479,60.5,7.8405795,100,1747953900,6.6086955
2025-05-22T22:47:44Z,0,29.868,73.5,61,67.7,5,6,192,77,0.0,255,32767,0.0,2127-15-31,0.0,0.52,26.6,0.0,0.0,0.0,0,4.822265625,6,45,05:39,20:22,2025-05-22 22:47:44.531775,Città della Scienza,75.3,7.739245,8.3761425,6.4783235,5.0988283,EU EEA Common AQI,69.5,6.3735356,6.9752264,7200,5.4927535,100,100,62.9,5.2869563,Very Low,68.6,6.427009,100,1747953900,Very Low,5.1826587,7.728134,Very Low,7.880479,60.5,7.8405795,100,1747953900,6.6086955
2025-05-22T22:47:55Z,0,29.868,73.5,61,67.7,3,6,33,77,0.0,255,32767,0.0,2127-15-31,0.0,0.52,26.6,0.0,0.0,0.0,0,4.822265625,6,45,05:39,20:22,2025-05-22 22:47:55.607794,Città della Scienza,75.3,7.739245,8.3761425,6.4783235,5.0988283,EU EEA Common AQI,69.5,6.3735356,6.9752264,7200,5.4927535,100,100,62.9,5.2869563,Very Low,68.6,6.427009,100,1747953900,Very Low,5.1826587,7.728134,Very Low,7.880479,60.5,7.8405795,100,1747953900,6.6086955
2025-05-22T22:48:06Z,0,29.868,73.5,61,67.7,6,6,178,77,0.0,255,32767,0.0,2127-15-31,0.0,0.52,26.6,0.0,0.0,0.0,0,4.822265625,6,45,05:39,20:22,2025-05-22 22:48:06.699794,Città della Scienza,75.3,7.739245,8.3761425,6.4783235,5.0988283,EU EEA Common AQI,69.5,6.3735356,6.9752264,7200,5.4927535,100,100,62.9,5.2869563,Very Low,68.6,6.427009,100,1747953900,Very Low,5.1826587,7.728134,Very Low,7.880479,60.5,7.8405795,100,1747953900,6.6086955
2025-05-22T22:48:17Z,0,29.868,73.5,61,67.7,5,6,178,77,0.0,255,32767,0.0,2127-15-31,0.0,0.52,26.6,0.0,0.0,0.0,0,4.822265625,6,45,05:39,20:22,2025-05-22 22:48:17.762793,Città della Scienza,75.3,7.739245,8.3761425,6.4783235,5.0988283,EU EEA Common AQI,69.5,6.3735356,6.9752264,7200,5.4927535,100,100,62.9,5.2869563,Very Low,68.6,6.427009,100,1747953900,Very Low,5.1826587,7.728134,Very Low,7.880479,60.5,7.8405795,100,1747953900,6.6086955
2025-05-22T22:48:29Z,0,29.868,73.5,61,67.7,4,6,176,77,0.0,255,32767,0.0,2127-15-31,0.0,0.52,26.6,0.0,0.0,0.0,0,4.822265625,6,45,05:39,20:22,2025-05-22 22:48:28.807784,Città della Scienza,75.3,7.739245,8.3761425,6.4783235,5.0988283,EU EEA Common AQI,69.5,6.3735356,6.9752264,7200,5.4927535,100,100,62.9,5.2869563,Very Low,68.6,6.427009,100,1747953900,Very Low,5.1826587,7.728134,Very Low,7.880479,60.5,7.8405795,100,1747953900,6.6086955
2025-05-22T22:48:40Z,0,29.872,73.6,61,67.7,7,6,196,77,0.0,255,32767,0.0,2127-15-31,0.0,0.52,26.6,0.0,0.0,0.0,0,4.822265625,6,45,05:39,20:22,2025-05-22 22:48:39.856753,Città della Scienza,75.3,7.739245,8.3761425,6.4783235,5.0988283,EU EEA Common AQI,69.5,6.3735356,6.9752264,7200,5.4927535,100,100,62.9,5.2869563,Very Low,68.6,6.427009,100,1747953900,Very Low,5.1826587,7.728134,Very Low,7.880479,60.5,7.8405795,100,1747953900,6.6086955
2025-05-22T22:48:51Z,0,29.872,73.6,61,67.7,8,6,184,77,0.0,255,32767,0.0,2127-15-31,0.0,0.52,26.6,0.0,0.0,0.0,0,4.822265625,6,45,05:39,20:22,2025-05-22 22:48:51.012793,Città della Scienza,75.3,7.739245,8.3761425,6.4783235,5.0988283,EU EEA Common AQI,69.5,6.3735356,6.9752264,7200,5.4927535,100,100,62.9,5.2869563,Very Low,68.6,6.427009,100,1747953900,Very Low,5.1826587,7.728134,Very Low,7.880479,60.5,7.8405795,100,1747953900,6.6086955
2025-05-22T22:49:02Z,0,29.872,73.6,61,67.8,4,6,198,77,0.0,255,32767,0.0,2127-15-31,0.0,0.52,26.6,0.0,0.0,0.0,0,4.822265625,6,45,05:39,20:22,2025-05-22 22:49:02.115793,Città della Scienza,75.3,7.739245,8.3761425,6.4783235,5.0988283,EU EEA Common AQI,69.5,6.3735356,6.9752264,7200,5.4927535,100,100,62.9,5.2869563,Very Low,68.6,6.427009,100,1747953900,Very Low,5.1826587,7.728134,Very Low,7.880479,60.5,7.8405795,100,1747953900,6.6086955
2025-05-22T22:49:13Z,0,29.872,73.6,61,67.8,4,6,181,77,0.0,255,32767,0.0,2127-15-31,0.0,0.52,26.6,0.0,0.0,0.0,0,4.822265625,6,45,05:39,20:22,2025-05-22 22:49:13.166803,Città della Scienza,75.3,7.739245,8.3761425,6.4783235,5.0988283,EU EEA Common AQI,69.5,6.3735356,6.9752264,7200,5.4927535,100,100,62.9,5.2869563,Very Low,68.6,6.427009,100,1747953900,Very Low,5.1826587,7.728134,Very Low,7.880479,60.5,7.8405795,100,1747953900,6.6086955
2025-05-22T22:49:24Z,0,29.872,73.6,61,67.8,5,6,202,77,0.0,255,32767,0.0,2127-15-31,0.0,0.52,26.6,0.0,0.0,0.0,0,4.822265625,6,45,05:39,20:22,2025-05-22 22:49:24.265787,Città della Scienza,75.3,7.739245,8.3761425,6.4783235,5.0988283,EU EEA Common AQI,69.5,6.3735356,6.9752264,7200,5.4927535,100,100,62.9,5.2869563,Very Low,68.6,6.427009,100,1747953900,Very Low,5.1826587,7.728134,Very Low,7.880479,60.5,7.8405795,100,1747953900,6.6086955
2025-05-22T22:49:35Z,0,29.869,73.6,61,67.8,6,6,167,77,0.0,255,32767,0.0,2127-15-31,0.0,0.52,26.6,0.0,0.0,0.0,0,4.822265625,6,45,05:39,20:22,2025-05-22 22:49:35.326786,Città della Scienza,75.3,7.739245,8.3761425,6.4783235,5.0988283,EU EEA Common AQI,69.5,6.3735356,6.9752264,7200,5.4927535,100,100,62.9,5.2869563,Very Low,68.6,6.427009,100,1747953900,Very Low,5.1826587,7.728134,Very Low,7.880479,60.5,7.8405795,100,1747953900,6.6086955
2025-05-22T22:49:46Z,0,29.869,73.6,61,67.8,4,6,203,78,0.0,255,32767,0.0,2127-15-31,0.0,0.52,26.6,0.0,0.0,0.0,0,4.822265625,6,45,05:39,20:22,2025-05-22 22:49:46.504788,Città della Scienza,75.3,7.739245,8.3761425,6.4783235,5.0988283,EU EEA Common AQI,69.5,6.3735356,6.9752264,7200,5.4927535,100,100,62.9,5.2869563,Very Low,68.6,6.427009,100,1747953900,Very Low,5.1826587,7.728134,Very Low,7.880479,60.5,7.8405795,100,1747953900,6.6086955
2025-05-22T22:49:57Z,0,29.869,73.6,61,67.8,3,6,201,78,0.0,255,32767,0.0,2127-15-31,0.0,0.52,26.6,0.0,0.0,0.0,0,4.822265625,6,45,05:39,20:22,2025-05-22 22:49:57.614791,Città della Scienza,75.3,7.739245,8.3761425,6.4783235,5.0988283,EU EEA Common AQI,69.5,6.3735356,6.9752264,7200,5.4927535,100,100,62.9,5.2869563,Very Low,68.6,6.427009,100,1747953900,Very Low,5.1826587,7.728134,Very Low,7.880479,60.5,7.8405795,100,1747953900,6.6086955
2025-05-22T22:50:08Z,0,29.869,73.6,61,67.8,4,6,199,78,0.0,255,32767,0.0,2127-15-31,0.0,0.52,26.6,0.0,0.0,0.0,0,4.822265625,6,45,05:39,20:22,2025-05-22 22:50:08.736786,Città della Scienza,75.3,7.739245,8.3761425,6.4783235,5.0988283,EU EEA Common AQI,69.5,6.3735356,6.9752264,7200,5.4927535,100,100,62.9,5.2869563,Very Low,68.6,6.427009,100,1747953900,Very Low,5.1826587,7.728134,Very Low,7.880479,60.5,7.8405795,100,1747953900,6.6086955
2025-05-22T22:50:20Z,0,29.869,73.6,61,67.8,7,6,166,78,0.0,255,32767,0.0,2127-15-31,0.0,0.52,26.6,0.0,0.0,0.0,0,4.822265625,6,45,05:39,20:22,2025-05-22 22:50:19.817773,Città della Scienza,75.3,7.739245,8.3761425,6.4783235,5.0988283,EU EEA Common AQI,69.5,6.3735356,6.9752264,7200,5.4927535,100,100,62.9,5.2869563,Very Low,68.6,6.427009,100,1747953900,Very Low,5.1826587,7.728134,Very Low,7.880479,60.5,7.8405795,100,1747953900,6.6086955
2025-05-22T22:50:31Z,0,29.869,73.6,61,67.8,6,6,170,78,0.0,255,32767,0.0,2127-15-31,0.0,0.52,26.6,0.0,0.0,0.0,0,4.822265625,6,45,05:39,20:22,2025-05-22 22:50:30.874393,Città della Scienza,75.3,7.739245,8.3761425,6.4783235,5.0988283,EU EEA Common AQI,69.5,6.3735356,6.9752264,7200,5.4927535,100,100,62.9,5.2869563,Very Low,68.6,6.427009,100,1747953900,Very Low,5.1826587,7.728134,Very Low,7.880479,60.5,7.8405795,100,1747953900,6.6086955
2025-05-22T22:50:42Z,0,29.867,73.5,61,67.8,5,6,223,78,0.0,255,32767,0.0,2127-15-31,0.0,0.52,26.6,0.0,0.0,0.0,0,4.822265625,6,45,05:39,20:22,2025-05-22 22:50:41.938792,Città della Scienza,75.3,7.739245,8.3761425,6.4783235,5.0988283,EU EEA Common AQI,69.5,6.3735356,6.9752264,7200,5.4927535,100,100,62.9,5.2869563,Very Low,68.6,6.427009,100,1747953900,Very Low,5.1826587,7.728134,Very Low,7.880479,60.5,7.8405795,100,1747953900,6.6086955
2025-05-22T22:50:53Z,0,29.867,73.5,61,67.8,6,6,171,78,0.0,255,32767,0.0,2127-15-31,0.0,0.52,26.6,0.0,0.0,0.0,0,4.822265625,6,45,05:39,20:22,2025-05-22 22:50:53.015782,Città della Scienza,75.3,7.739245,8.3761425,6.4783235,5.0988283,EU EEA Common AQI,69.5,6.3735356,6.9752264,7200,5.4927535,100,100,62.9,5.2869563,Very Low,68.6,6.427009,100,1747953900,Very Low,5.1826587,7.728134,Very Low,7.880479,60.5,7.8405795,100,1747953900,6.6086955
2025-05-22T22:51:04Z,0,29.867,73.5,61,67.8,5,6,180,78,0.0,255,32767,0.0,2127-15-31,0.0,0.52,26.6,0.0,0.0,0.0,0,4.822265625,6,45,05:39,20:22,2025-05-22 22:51:04.149789,Città della Scienza,75.3,7.739245,8.3761425,6.4783235,5.0988283,EU EEA Common AQI,69.5,6.3735356,6.9752264,7200,5.4927535,100,100,62.9,5.2869563,Very Low,68.6,6.427009,100,1747953900,Very Low,5.1826587,7.728134,Very Low,7.880479,60.5,7.8405795,100,1747953900,6.6086955
2025-05-22T22:51:15Z,0,29.867,73.5,61,67.8,4,6,177,78,0.0,255,32767,0.0,2127-15-31,0.0,0.52,26.6,0.0,0.0,0.0,0,4.822265625,6,45,05:39,20:22,2025-05-22 22:51:15.205787,Città della Scienza,75.3,7.739245,8.3761425,6.4783235,5.0988283,EU EEA Common AQI,69.5,6.3735356,6.9752264,7200,5.4927535,100,100,62.9,5.2869563,Very Low,68.6,6.427009,100,1747953900,Very Low,5.1826587,7.728134,Very Low,7.880479,60.5,7.8405795,100,1747953900,6.6086955
2025-05-22T22:51:26Z,0,29.867,73.5,61,67.8,8,6,178,78,0.0,255,32767,0.0,2127-15-31,0.0,0.52,26.6,0.0,0.0,0.0,0,4.822265625,6,45,05:39,20:22,2025-05-22 22:51:26.323784,Città della Scienza,75.3,7.739245,8.3761425,6.4783235,5.0988283,EU EEA Common AQI,69.5,6.3735356,6.9752264,7200,5.4927535,100,100,62.9,5.2869563,Very Low,68.6,6.427009,100,1747953900,Very Low,5.1826587,7.728134,Very Low,7.880479,60.5,7.8405795,100,1747953900,6.6086955
2025-05-22T22:51:37Z,0,29.868,73.5,61,67.8,7,6,180,78,0.0,255,32767,0.0,2127-15-31,0.0,0.52,26.6,0.0,0.0,0.0,0,4.822265625,6,45,05:39,20:22,2025-05-22 22:51:37.376797,Città della Scienza,75.3,7.739245,8.3761425,6.4783235,5.0988283,EU EEA Common AQI,69.5,6.3735356,6.9752264,7200,5.4927535,100,100,62.9,5.2869563,Very Low,68.6,6.427009,100,1747953900,Very Low,5.1826587,7.728134,Very Low,7.880479,60.5,7.8405795,100,1747953900,6.6086955
2025-05-22T22:51:48Z,0,29.868,73.5,61,67.8,3,6,188,78,0.0,255,32767,0.0,2127-15-31,0.0,0.52,26.6,0.0,0.0,0.0,0,4.822265625,6,45,05:39,20:22,2025-05-22 22:51:48.455795,Città della Scienza,75.3,7.739245,8.3761425,6.4783235,5.0988283,EU EEA Common AQI,69.5,6.3735356,6.9752264,7200,5.4927535,100,100,62.9,5.2869563,Very Low,68.6,6.427009,100,1747953900,Very Low,5.1826587,7.728134,Very Low,7.880479,60.5,7.8405795,100,1747953900,6.6086955
2025-05-22T22:51:59Z,0,29.868,73.5,61,67.8,7,6,225,78,0.0,255,32767,0.0,2127-15-31,0.0,0.52,26.6,0.0,0.0,0.0,0,4.822265625,6,45,05:39,20:22,2025-05-22 22:51:59.536790,Città della Scienza,75.3,7.739245,8.3761425,6.4783235,5.0988283,EU EEA Common AQI,69.5,6.3735356,6.9752264,7200,5.4927535,100,100,62.9,5.2869563,Very Low,68.6,6.427009,100,1747953900,Very Low,5.1826587,7.728134,Very Low,7.880479,60.5,7.8405795,100,1747953900,6.6086955
2025-05-22T22:52:10Z,0,29.868,73.5,61,67.7,8,6,244,78,0.0,255,32767,0.0,2127-15-31,0.0,0.52,26.6,0.0,0.0,0.0,0,4.822265625,6,45,05:39,20:22,2025-05-22 22:52:10.618811,Città della Scienza,75.3,7.739245,8.3761425,6.4783235,5.0988283,EU EEA Common AQI,69.5,6.3735356,6.9752264,7200,5.4927535,100,100,62.9,5.2869563,Very Low,68.6,6.427009,100,1747953900,Very Low,5.1826587,7.728134,Very Low,7.880479,60.5,7.8405795,100,1747953900,6.6086955
2025-05-22T22:52:21Z,0,29.868,73.5,61,67.7,5,6,217,78,0.0,255,32767,0.0,2127-15-31,0.0,0.52,26.6,0.0,0.0,0.0,0,4.822265625,6,45,05:39,20:22,2025-05-22 22:52:21.662794,Città della Scienza,75.3,7.739245,8.3761425,6.4783235,5.0988283,EU EEA Common AQI,69.5,6.3735356,6.9752264,7200,5.4927535,100,100,62.9,5.2869563,Very Low,68.6,6.427009,100,1747953900,Very Low,5.1826587,7.728134,Very Low,7.880479,60.5,7.8405795,100,1747953900,6.6086955
2025-05-22T22:52:32Z,0,29.868,73.6,61,67.8,5,6,182,78,0.0,255,32767,0.0,2127-15-31,0.0,0.52,26.6,0.0,0.0,0.0,0,4.822265625,6,45,05:39,20:22,2025-05-22 22:52:32.759802,Città della Scienza,75.3,7.739245,8.3761425,6.4783235,5.0988283,EU EEA Common AQI,69.5,6.3735356,6.9752264,7200,5.4927535,100,100,62.9,5.2869563,Very Low,68.6,6.427009,100,1747953900,Very Low,5.1826587,7.728134,Very Low,7.880479,60.5,7.8405795,100,1747953900,6.6086955
2025-05-22T22:52:44Z,0,29.868,73.6,61,67.8,12,6,187,78,0.0,255,32767,0.0,2127-15-31,0.0,0.52,26.6,0.0,0.0,0.0,0,4.822265625,6,45,05:39,20:22,2025-05-22 22:52:43.812788,Città della Scienza,75.3,7.739245,8.3761425,6.4783235,5.0988283,EU EEA Common AQI,69.5,6.3735356,6.9752264,7200,5.4927535,100,100,62.9,5.2869563,Very Low,68.6,6.427009,100,1747953900,Very Low,5.1826587,7.728134,Very Low,7.880479,60.5,7.8405795,100,1747953900,6.6086955
2025-05-22T22:52:55Z,0,29.868,73.6,61,67.8,9,6,182,78,0.0,255,32767,0.0,2127-15-31,0.0,0.52,26.6,0.0,0.0,0.0,0,4.822265625,6,45,05:39,20:22,2025-05-22 22:52:54.886788,Città della Scienza,75.3,7.739245,8.3761425,6.4783235,5.0988283,EU EEA Common AQI,69.5,6.3735356,6.9752264,7200,5.4927535,100,100,62.9,5.2869563,Very Low,68.6,6.427009,100,1747953900,Very Low,5.1826587,7.728134,Very Low,7.880479,60.5,7.8405795,100,1747953900,6.6086955
2025-05-22T22:53:06Z,0,29.868,73.6,61,67.8,8,6,199,78,0.0,255,32767,0.0,2127-15-31,0.0,0.52,26.6,0.0,0.0,0.0,0,4.822265625,6,45,05:39,20:22,2025-05-22 22:53:05.987784,Città della Scienza
2025-05-22T22:53:17Z,0,29.868,73.6,61,67.7,9,6,201,77,0.0,255,32767,0.0,2127-15-31,0.0,0.52,26.6,0.0,0.0,0.0,0,4.822265625,6,45,05:39,20:22,2025-05-22 22:53:17.115802,Città della Scienza
2025-05-22T22:53:28Z,0,29.868,73.6,61,67.7,8,6,171,77,0.0,255,32767,0.0,2127-15-31,0.0,0.52,26.6,0.0,0.0,0.0,0,4.822265625,6,45,05:39,20:22,2025-05-22 22:53:28.189791,Città della Scienza
2025-05-22T22:53:39Z,0,29.869,73.6,61,67.7,6,6,196,77,0.0,255,32767,0.0,2127-15-31,0.0,0.52,26.6,0.0,0.0,0.0,0,4.822265625,6,45,05:39,20:22,2025-05-22 22:53:39.235772,Città della Scienza
2025-05-22T22:53:50Z,0,29.869,73.6,61,67.7,6,6,173,77,0.0,255,32767,0.0,2127-15-31,0.0,0.52,26.6,0.0,0.0,0.0,0,4.822265625,6,45,05:39,20:22,2025-05-22 22:53:50.296791,Città della Scienza
2025-05-22T22:54:01Z,0,29.869,73.6,61,67.7,8,6,191,77,0.0,255,32767,0.0,2127-15-31,0.0,0.52,26.6,0.0,0.0,0.0,0,4.822265625,6,45,05:39,20:22,2025-05-22 22:54:01.317801,Città della Scienza
2025-05-22T22:54:12Z,0,29.869,73.6,61,67.7,8,6,138,77,0.0,255,32767,0.0,2127-15-31,0.0,0.52,26.6,0.0,0.0,0.0,0,4.822265625,6,45,05:39,20:22,2025-05-22 22:54:12.370797,Città della Scienza
2025-05-22T22:54:23Z,0,29.869,73.6,61,67.7,7,6,183,77,0.0,255,32767,0.0,2127-15-31,0.0,0.52,26.6,0.0,0.0,0.0,0,4.822265625,6,45,05:39,20:22,2025-05-22 22:54:23.404791,Città della Scienza
2025-05-22T22:54:34Z,0,29.867,73.6,61,67.7,7,6,179,77,0.0,255,32767,0.0,2127-15-31,0.0,0.52,26.6,0.0,0.0,0.0,0,4.822265625,6,45,05:39,20:22,2025-05-22 22:54:34.455788,Città della Scienza
2025-05-22T22:54:45Z,0,29.867,73.6,61,67.7,6,6,94,77,0.0,255,32767,0.0,2127-15-31,0.0,0.52,26.6,0.0,0.0,0.0,0,4.822265625,6,45,05:39,20:22,2025-05-22 22:54:45.491792,Città della Scienza
2025-05-22T22:54:56Z,0,29.867,73.6,61,67.7,7,6,178,77,0.0,255,32767,0.0,2127-15-31,0.0,0.52,26.6,0.0,0.0,0.0,0,4.822265625,6,45,05:39,20:22,2025-05-22 22:54:56.547798,Città della Scienza
2025-05-22T22:55:07Z,0,29.867,73.6,61,67.7,6,6,210,77,0.0,255,32767,0.0,2127-15-31,0.0,0.52,26.6,0.0,0.0,0.0,0,4.822265625,6,45,05:39,20:22,2025-05-22 22:55:07.628812,Città della Scienza
2025-05-22T22:55:18Z,0,29.867,73.6,61,67.7,11,6,169,77,0.0,255,32767,0.0,2127-15-31,0.0,0.52,26.6,0.0,0.0,0.0,0,4.822265625,6,45,05:39,20:22,2025-05-22 22:55:18.726753,Città della Scienza
2025-05-22T22:55:29Z,0,29.867,73.6,61,67.7,7,6,173,77,0.0,255,32767,0.0,2127-15-31,0.0,0.52,26.6,0.0,0.0,0.0,0,4.822265625,6,45,05:39,20:22,2025-05-22 22:55:29.780853,Città della Scienza
2025-05-22T22:55:41Z,0,29.867,73.6,61,67.7,5,6,190,77,0.0,255,32767,0.0,2127-15-31,0.0,0.52,26.6,0.0,0.0,0.0,0,4.822265625,6,45,05:39,20:22,2025-05-22 22:55:40.842789,Città della Scienza
2025-05-22T22:55:52Z,0,29.867,73.6,61,67.7,7,6,184,77,0.0,255,32767,0.0,2127-15-31,0.0,0.52,26.6,0.0,0.0,0.0,0,4.822265625,6,45,05:39,20:22,2025-05-22 22:55:51.929791,Città della Scienza
2025-05-22T22:56:03Z,0,29.867,73.6,61,67.7,9,6,182,77,0.0,255,32767,0.0,2127-15-31,0.0,0.52,26.6,0.0,0.0,0.0,0,4.822265625,6,45,05:39,20:22,2025-05-22 22:56:03.011791,Città della Scienza
2025-05-22T22:56:14Z,0,29.867,73.6,61,67.7,9,6,193,77,0.0,255,32767,0.0,2127-15-31,0.0,0.52,26.6,0.0,0.0,0.0,0,4.822265625,6,45,05:39,20:22,2025-05-22 22:56:14.084802,Città della Scienza
2025-05-22T22:56:25Z,0,29.867,73.6,61,67.7,6,6,161,77,0.0,255,32767,0.0,2127-15-31,0.0,0.52,26.6,0.0,0.0,0.0,0,4.822265625,6,45,05:39,20:22,2025-05-22 22:56:25.131795,Città della Scienza
2025-05-22T22:56:36Z,0,29.866,73.6,61,67.7,10,6,182,77,0.0,255,32767,0.0,2127-15-31,0.0,0.52,26.6,0.0,0.0,0.0,0,4.822265625,6,45,05:39,20:22,2025-05-22 22:56:36.216788,Città della Scienza
2025-05-22T22:56:47Z,0,29.866,73.6,61,67.7,11,6,188,77,0.0,255,32767,0.0,2127-15-31,0.0,0.52,26.6,0.0,0.0,0.0,0,4.822265625,6,45,05:39,20:22,2025-05-22 22:56:47.269786,Città della Scienza
2025-05-22T22:56:58Z,0,29.866,73.6,61,67.7,9,6,198,77,0.0,255,32767,0.0,2127-15-31,0.0,0.52,26.6,0.0,0.0,0.0,0,4.822265625,6,45,05:39,20:22,2025-05-22 22:56:58.381780,Città della Scienza
2025-05-22T22:57:09Z,0,29.866,73.6,61,67.7,12,6,163,77,0.0,255,32767,0.0,2127-15-31,0.0,0.52,26.6,0.0,0.0,0.0,0,4.822265625,6,45,05:39,20:22,2025-05-22 22:57:09.449796,Città della Scienza
2025-05-22T22:57:20Z,0,29.866,73.6,61,67.7,10,6,202,77,0.0,255,32767,0.0,2127-15-31,0.0,0.52,26.6,0.0,0.0,0.0,0,4.822265625,6,45,05:39,20:22,2025-05-22 22:57:20.522796,Città della Scienza
2025-05-22T22:57:31Z,0,29.866,73.6,61,67.7,6,6,198,77,0.0,255,32767,0.0,2127-15-31,0.0,0.52,26.6,0.0,0.0,0.0,0,4.822265625,6,45,05:39,20:22,2025-05-22 22:57:31.533788,Città della Scienza
2025-05-22T22:57:42Z,0,29.869,73.6,61,67.7,7,7,190,77,0.0,255,32767,0.0,2127-15-31,0.0,0.52,26.6,0.0,0.0,0.0,0,4.822265625,6,45,05:39,20:22,2025-05-22 22:57:42.569750,Città della Scienza
2025-05-22T22:57:53Z,0,29.869,73.6,61,67.7,6,7,161,77,0.0,255,32767,0.0,2127-15-31,0.0,0.52,26.6,0.0,0.0,0.0,0,4.822265625,6,45,05:39,20:22,2025-05-22 22:57:53.609798,Città della Scienza
2025-05-22T22:58:04Z,0,29.869,73.6,61,67.7,7,7,192,77,0.0,255,32767,0.0,2127-15-31,0.0,0.52,26.6,0.0,0.0,0.0,0,4.822265625,6,45,05:39,20:22,2025-05-22 22:58:04.612817,Città della Scienza
2025-05-22T22:58:15Z,0,29.869,73.6,61,67.7,6,7,208,77,0.0,255,32767,0.0,2127-15-31,0.0,0.52,26.6,0.0,0.0,0.0,0,4.822265625,6,45,05:39,20:22,2025-05-22 22:58:15.622802,Città della Scienza
2025-05-22T22:58:26Z,0,29.869,73.6,61,67.7,7,7,221,77,0.0,255,32767,0.0,2127-15-31,0.0,0.52,26.6,0.0,0.0,0.0,0,4.822265625,6,45,05:39,20:22,2025-05-22 22:58:26.690789,Città della Scienza
2025-05-22T22:58:37Z,0,29.867,73.5,61,67.7,5,7,198,77,0.0,255,32767,0.0,2127-15-31,0.0,0.52,26.6,0.0,0.0,0.0,0,4.822265625,6,45,05:39,20:22,2025-05-22 22:58:37.729786,Città della Scienza
2025-05-22T22:58:49Z,0,29.867,73.5,61,67.7,5,7,161,77,0.0,255,32767,0.0,2127-15-31,0.0,0.52,26.6,0.0,0.0,0.0,0,4.822265625,6,45,05:39,20:22,2025-05-22 22:58:48.815794,Città della Scienza
2025-05-22T22:59:00Z,0,29.867,73.5,61,67.7,7,7,192,77,0.0,255,32767,0.0,2127-15-31,0.0,0.52,26.6,0.0,0.0,0.0,0,4.822265625,6,45,05:39,20:22,2025-05-22 22:58:59.857793,Città della Scienza
2025-05-22T22:59:11Z,0,29.867,73.5,61,67.7,5,7,300,77,0.0,255,32767,0.0,2127-15-31,0.0,0.52,26.6,0.0,0.0,0.0,0,4.822265625,6,45,05:39,20:22,2025-05-22 22:59:10.934787,Città della Scienza
2025-05-22T22:59:22Z,0,29.867,73.5,61,67.7,9,7,180,77,0.0,255,32767,0.0,2127-15-31,0.0,0.52,26.6,0.0,0.0,0.0,0,4.822265625,6,45,05:39,20:22,2025-05-22 22:59:21.992786,Città della Scienza
2025-05-22T22:59:33Z,0,29.866,73.5,61,67.7,10,7,182,77,0.0,255,32767,0.0,2127-15-31,0.0,0.52,26.6,0.0,0.0,0.0,0,4.822265625,6,45,05:39,20:22,2025-05-22 22:59:33.084787,Città della Scienza
2025-05-22T22:59:44Z,0,29.866,73.5,61,67.8,9,7,171,77,0.0,255,32767,0.0,2127-15-31,0.0,0.52,26.6,0.0,0.0,0.0,0,4.822265625,6,45,05:39,20:22,2025-05-22 22:59:44.188795,Città della Scienza
2025-05-22T22:59:55Z,0,29.866,73.5,61,67.8,9,7,188,77,0.0,255,32767,0.0,2127-15-31,0.0,0.52,26.6,0.0,0.0,0.0,0,4.822265625,6,45,05:39,20:22,2025-05-22 22:59:55.235794,Città della Scienza
2025-05-22T23:00:06Z,0,29.866,73.5,61,67.8,9,7,178,77,0.0,255,32767,0.0,2127-15-31,0.0,0.52,26.6,0.0,0.0,0.0,0,4.822265625,6,45,05:39,20:22,2025-05-22 23:00:06.320789,Città della Scienza,75.3,7.739245,8.3761425,6.4783235,5.0988283,EU EEA Common AQI,69.5,6.3735356,6.9752264,7200,5.4927535,100,100,62.9,5.2869563,Very Low,68.6,6.427009,100,1747953900,Very Low,5.1826587,7.728134,Very Low,7.880479,60.5,7.8405795,100,1747953900,6.6086955
2025-05-22T23:00:17Z,0,29.866,73.5,61,67.7,8,7,183,77,0.0,255,32767,0.0,2127-15-31,0.0,0.52,26.6,0.0,0.0,0.0,0,4.822265625,6,45,05:39,20:22,2025-05-22 23:00:17.434792,Città della Scienza,75.3,7.739245,8.3761425,6.4783235,5.0988283,EU EEA Common AQI,69.5,6.3735356,6.9752264,7200,5.4927535,100,100,62.9,5.2869563,Very Low,68.6,6.427009,100,1747953900,Very Low,5.1826587,7.728134,Very Low,7.880479,60.5,7.8405795,100,1747953900,6.6086955
2025-05-22T23:00:28Z,0,29.866,73.5,61,67.8,9,7,186,77,0.0,255,32767,0.0,2127-15-31,0.0,0.52,26.6,0.0,0.0,0.0,0,4.822265625,6,45,05:39,20:22,2025-05-22 23:00:28.544791,Città della Scienza,75.6,7.785714,8.374069,6.5070624,5.1307263,EU EEA Common AQI,69.5,6.4134083,6.9740095,7200,6.0285716,100,100,63.0,5.4971423,Very Low,68.6,6.4707103,100,1747954800,Very Low,5.20565,7.7710466,Very Low,7.894901,60.6,9.414286,100,1747954800,6.8714285
2025-05-22T23:00:39Z,0,29.865,73.5,61,67.8,8,7,189,77,0.0,255,32767,0.0,2127-15-31,0.0,0.52,26.6,0.0,0.0,0.0,0,4.822265625,6,45,05:39,20:22,2025-05-22 23:00:39.644791,Città della Scienza,75.6,7.785714,8.374069,6.5070624,5.1307263,EU EEA Common AQI,69.5,6.4134083,6.9740095,7200,6.0285716,100,100,63.0,5.4971423,Very Low,68.6,6.4707103,100,1747954800,Very Low,5.20565,7.7710466,Very Low,7.894901,60.6,9.414286,100,1747954800,6.8714285
2025-05-22T23:00:50Z,0,29.865,73.5,61,67.7,6,7,178,77,0.0,255,32767,0.0,2127-15-31,0.0,0.52,26.6,0.0,0.0,0.0,0,4.822265625,6,45,05:39,20:22,2025-05-22 23:00:50.718774,Città della Scienza,75.6,7.785714,8.374069,6.5070624,5.1307263,EU EEA Common AQI,69.5,6.4134083,6.9740095,7200,6.0285716,100,100,63.0,5.4971423,Very Low,68.6,6.4707103,100,1747954800,Very Low,5.20565,7.7710466,Very Low,7.894901,60.6,9.414286,100,1747954800,6.8714285
2025-05-22T23:01:01Z,0,29.865,73.5,61,67.8,4,7,179,77,0.0,255,32767,0.0,2127-15-31,0.0,0.52,26.6,0.0,0.0,0.0,0,4.822265625,6,45,05:39,20:22,2025-05-22 23:01:01.796790,Città della Scienza,75.6,7.785714,8.374069,6.5070624,5.1307263,EU EEA Common AQI,69.5,6.4134083,6.9740095,7200,6.0285716,100,100,63.0,5.4971423,Very Low,68.6,6.4707103,100,1747954800,Very Low,5.20565,7.7710466,Very Low,7.894901,60.6,9.414286,100,1747954800,6.8714285
2025-05-22T23:01:13Z,0,29.865,73.5,61,67.8,11,7,175,78,0.0,255,32767,0.0,2127-15-31,0.0,0.52,26.6,0.0,0.0,0.0,0,4.822265625,6,45,05:39,20:22,2025-05-22 23:01:12.889802,Città della Scienza,75.6,7.785714,8.374069,6.5070624,5.1307263,EU EEA Common AQI,69.5,6.4134083,6.9740095,7200,6.0285716,100,100,63.0,5.4971423,Very Low,68.6,6.4707103,100,1747954800,Very Low,5.20565,7.7710466,Very Low,7.894901,60.6,9.414286,100,1747954800,6.8714285
2025-05-22T23:01:24Z,0,29.865,73.5,61,67.8,7,7,173,78,0.0,255,32767,0.0,2127-15-31,0.0,0.52,26.6,0.0,0.0,0.0,0,4.822265625,6,45,05:39,20:22,2025-05-22 23:01:23.988809,Città della Scienza,75.6,7.785714,8.374069,6.5070624,5.1307263,EU EEA Common AQI,69.5,6.4134083,6.9740095,7200,6.0285716,100,100,63.0,5.4971423,Very Low,68.6,6.4707103,100,1747954800,Very Low,5.20565,7.7710466,Very Low,7.894901,60.6,9.414286,100,1747954800,6.8714285
2025-05-22T23:01:35Z,0,29.865,73.5,61,67.7,7,8,178,78,0.0,255,32767,0.0,2127-15-31,0.0,0.52,26.6,0.0,0.0,0.0,0,4.822265625,6,45,05:39,20:22,2025-05-22 23:01:35.008613,Città della Scienza,75.6,7.785714,8.374069,6.5070624,5.1307263,EU EEA Common AQI,69.5,6.4134083,6.9740095,7200,6.0285716,100,100,63.0,5.4971423,Very Low,68.6,6.4707103,100,1747954800,Very Low,5.20565,7.7710466,Very Low,7.894901,60.6,9.414286,100,1747954800,6.8714285
2025-05-22T23:01:46Z,0,29.865,73.5,61,67.8,5,8,217,78,0.0,255,32767,0.0,2127-15-31,0.0,0.52,26.6,0.0,0.0,0.0,0,4.822265625,6,45,05:39,20:22,2025-05-22 23:01:46.119798,Città della Scienza,75.6,7.785714,8.374069,6.5070624,5.1307263,EU EEA Common AQI,69.5,6.4134083,6.9740095,7200,6.0285716,100,100,63.0,5.4971423,Very Low,68.6,6.4707103,100,1747954800,Very Low,5.20565,7.7710466,Very Low,7.894901,60.6,9.414286,100,1747954800,6.8714285
2025-05-22T23:01:57Z,0,29.865,73.5,61,67.8,4,8,183,78,0.0,255,32767,0.0,2127-15-31,0.0,0.52,26.6,0.0,0.0,0.0,0,4.822265625,6,45,05:39,20:22,2025-05-22 23:01:57.155749,Città della Scienza,75.6,7.785714,8.374069,6.5070624,5.1307263,EU EEA Common AQI,69.5,6.4134083,6.9740095,7200,6.0285716,100,100,63.0,5.4971423,Very Low,68.6,6.4707103,100,1747954800,Very Low,5.20565,7.7710466,Very Low,7.894901,60.6,9.414286,100,1747954800,6.8714285
2025-05-22T23:02:08Z,0,29.865,73.5,61,67.8,5,8,253,77,0.0,255,32767,0.0,2127-15-31,0.0,0.52,26.6,0.0,0.0,0.0,0,4.822265625,6,45,05:39,20:22,2025-05-22 23:02:08.209751,Città della Scienza,75.6,7.785714,8.374069,6.5070624,5.1307263,EU EEA Common AQI,69.5,6.4134083,6.9740095,7200,6.0285716,100,100,63.0,5.4971423,Very Low,68.6,6.4707103,100,1747954800,Very Low,5.20565,7.7710466,Very Low,7.894901,60.6,9.414286,100,1747954800,6.8714285
2025-05-22T23:02:19Z,0,29.865,73.5,61,67.8,5,8,187,77,0.0,255,32767,0.0,2127-15-31,0.0,0.52,26.6,0.0,0.0,0.0,0,4.822265625,6,45,05:39,20:22,2025-05-22 23:02:19.252787,Città della Scienza,75.6,7.785714,8.374069,6.5070624,5.1307263,EU EEA Common AQI,69.5,6.4134083,6.9740095,7200,6.0285716,100,100,63.0,5.4971423,Very Low,68.6,6.4707103,100,1747954800,Very Low,5.20565,7.7710466,Very Low,7.894901,60.6,9.414286,100,1747954800,6.8714285
2025-05-22T23:02:30Z,0,29.865,73.5,61,67.8,7,8,189,77,0.0,255,32767,0.0,2127-15-31,0.0,0.52,26.6,0.0,0.0,0.0,0,4.822265625,6,45,05:39,20:22,2025-05-22 23:02:30.340788,Città della Scienza,75.6,7.785714,8.374069,6.5070624,5.1307263,EU EEA Common AQI,69.5,6.4134083,6.9740095,7200,6.0285716,100,100,63.0,5.4971423,Very Low,68.6,6.4707103,100,1747954800,Very Low,5.20565,7.7710466,Very Low,7.894901,60.6,9.414286,100,1747954800,6.8714285
2025-05-22T23:02:41Z,0,29.865,73.5,61,67.7,7,8,196,77,0.0,255,32767,0.0,2127-15-31,0.0,0.52,26.6,0.0,0.0,0.0,0,4.822265625,6,45,05:39,20:22,2025-05-22 23:02:41.394793,Città della Scienza,75.6,7.785714,8.374069,6.5070624,5.1307263,EU EEA Common AQI,69.5,6.4134083,6.9740095,7200,6.0285716,100,100,63.0,5.4971423,Very Low,68.6,6.4707103,100,1747954800,Very Low,5.20565,7.7710466,Very Low,7.894901,60.6,9.414286,100,1747954800,6.8714285
2025-05-22T23:02:52Z,0,29.865,73.5,61,67.7,5,8,182,78,0.0,255,32767,0.0,2127-15-31,0.0,0.52,26.6,0.0,0.0,0.0,0,4.822265625,6,45,05:39,20:22,2025-05-22 23:02:52.534797,Città della Scienza,75.6,7.785714,8.374069,6.5070624,5.1307263,EU EEA Common AQI,69.5,6.4134083,6.9740095,7200,6.0285716,100,100,63.0,5.4971423,Very Low,68.6,6.4707103,100,1747954800,Very Low,5.20565,7.7710466,Very Low,7.894901,60.6,9.414286,100,1747954800,6.8714285
2025-05-22T23:03:03Z,0,29.865,73.5,61,67.8,6,8,198,78,0.0,255,32767,0.0,2127-15-31,0.0,0.52,26.6,0.0,0.0,0.0,0,4.822265625,6,45,05:39,20:22,2025-05-22 23:03:03.601803,Città della Scienza,75.6,7.785714,8.374069,6.5070624,5.1307263,EU EEA Common AQI,69.5,6.4134083,6.9740095,7200,6.0285716,100,100,63.0,5.4971423,Very Low,68.6,6.4707103,100,1747954800,Very Low,5.20565,7.7710466,Very Low,7.894901,60.6,9.414286,100,1747954800,6.8714285
2025-05-22T23:03:14Z,0,29.865,73.5,61,67.7,6,8,204,78,0.0,255,32767,0.0,2127-15-31,0.0,0.52,26.6,0.0,0.0,0.0,0,4.822265625,6,45,05:39,20:22,2025-05-22 23:03:14.692796,Città della Scienza,75.6,7.785714,8.374069,6.5070624,5.1307263,EU EEA Common AQI,69.5,6.4134083,6.9740095,7200,6.0285716,100,100,63.0,5.4971423,Very Low,68.6,6.4707103,100,1747954800,Very Low,5.20565,7.7710466,Very Low,7.894901,60.6,9.414286,100,1747954800,6.8714285
2025-05-22T23:03:26Z,0,29.865,73.5,61,67.7,5,8,182,78,0.0,255,32767,0.0,2127-15-31,0.0,0.52,26.6,0.0,0.0,0.0,0,4.822265625,6,45,05:39,20:22,2025-05-22 23:03:25.817787,Città della Scienza,75.6,7.785714,8.374069,6.5070624,5.1307263,EU EEA Common AQI,69.5,6.4134083,6.9740095,7200,6.0285716,100,100,63.0,5.4971423,Very Low,68.6,6.4707103,100,1747954800,Very Low,5.20565,7.7710466,Very Low,7.894901,60.6,9.414286,100,1747954800,6.8714285
2025-05-22T23:03:37Z,0,29.867,73.5,61,67.7,12,7,168,78,0.0,255,32767,0.0,2127-15-31,0.0,0.52,26.6,0.0,0.0,0.0,0,4.822265625,6,45,05:39,20:22,2025-05-22 23:03:36.867794,Città della Scienza,75.6,7.785714,8.374069,6.5070624,5.1307263,EU EEA Common AQI,69.5,6.4134083,6.9740095,7200,6.0285716,100,100,63.0,5.4971423,Very Low,68.6,6.4707103,100,1747954800,Very Low,5.20565,7.7710466,Very Low,7.894901,60.6,9.414286,100,1747954800,6.8714285
2025-05-22T23:03:48Z,0,29.867,73.5,61,67.8,5,7,190,78,0.0,255,32767,0.0,2127-15-31,0.0,0.52,26.6,0.0,0.0,0.0,0,4.822265625,6,45,05:39,20:22,2025-05-22 23:03:47.943789,Città della Scienza,75.6,7.785714,8.374069,6.5070624,5.1307263,EU EEA Common AQI,69.5,6.4134083,6.9740095,7200,6.0285716,100,100,63.0,5.4971423,Very Low,68.6,6.4707103,100,1747954800,Very Low,5.20565,7.7710466,Very Low,7.894901,60.6,9.414286,100,1747954800,6.8714285
2025-05-22T23:03:59Z,0,29.867,73.5,61,67.8,6,7,186,78,0.0,255,32767,0.0,2127-15-31,0.0,0.52,26.6,0.0,0.0,0.0,0,4.822265625,6,45,05:39,20:22,2025-05-22 23:03:59.012787,Città della Scienza,75.6,7.785714,8.374069,6.5070624,5.1307263,EU EEA Common AQI,69.5,6.4134083,6.9740095,7200,6.0285716,100,100,63.0,5.4971423,Very Low,68.6,6.4707103,100,1747954800,Very Low,5.20565,7.7710466,Very Low,7.894901,60.6,9.414286,100,1747954800,6.8714285
2025-05-22T23:04:10Z,0,29.867,73.5,61,67.8,8,7,181,78,0.0,255,32767,0.0,2127-15-31,0.0,0.52,26.6,0.0,0.0,0.0,0,4.822265625,6,45,05:39,20:22,2025-05-22 23:04:10.100796,Città della Scienza,75.6,7.785714,8.374069,6.5070624,5.1307263,EU EEA Common AQI,69.5,6.4134083,6.9740095,7200,6.0285716,100,100,63.0,5.4971423,Very Low,68.6,6.4707103,100,1747954800,Very Low,5.20565,7.7710466,Very Low,7.894901,60.6,9.414286,100,1747954800,6.8714285
2025-05-22T23:04:21Z,0,29.867,73.5,61,67.8,7,7,185,78,0.0,255,32767,0.0,2127-15-31,0.0,0.52,26.6,0.0,0.0,0.0,0,4.822265625,6,45,05:39,20:22,2025-05-22 23:04:21.170794,Città della Scienza,75.6,7.785714,8.374069,6.5070624,5.1307263,EU EEA Common AQI,69.5,6.4134083,6.9740095,7200,6.0285716,100,100,63.0,5.4971423,Very Low,68.6,6.4707103,100,1747954800,Very Low,5.20565,7.7710466,Very Low,7.894901,60.6,9.414286,100,1747954800,6.8714285
2025-05-22T23:04:32Z,0,29.865,73.6,61,67.8,5,7,185,78,0.0,255,32767,0.0,2127-15-31,0.0,0.52,26.6,0.0,0.0,0.0,0,4.822265625,6,45,05:39,20:22,2025-05-22 23:04:32.244783,Città della Scienza,75.6,7.785714,8.374069,6.5070624,5.1307263,EU EEA Common AQI,69.5,6.4134083,6.9740095,7200,6.0285716,100,100,63.0,5.4971423,Very Low,68.6,6.4707103,100,1747954800,Very Low,5.20565,7.7710466,Very Low,7.894901,60.6,9.414286,100,1747954800,6.8714285
2025-05-22T23:04:43Z,0,29.865,73.6,61,67.8,2,7,150,78,0.0,255,32767,0.0,2127-15-31,0.0,0.52,26.6,0.0,0.0,0.0,0,4.822265625,6,45,05:39,20:22,2025-05-22 23:04:43.362786,Città della Scienza,75.6,7.785714,8.374069,6.5070624,5.1307263,EU EEA Common AQI,69.5,6.4134083,6.9740095,7200,6.0285716,100,100,63.0,5.4971423,Very Low,68.6,6.4707103,100,1747954800,Very Low,5.20565,7.7710466,Very Low,7.894901,60.6,9.414286,100,1747954800,6.8714285
2025-05-22T23:04:54Z,0,29.865,73.6,61,67.8,1,7,209,78,0.0,255,32767,0.0,2127-15-31,0.0,0.52,26.6,0.0,0.0,0.0,0,4.822265625,6,45,05:39,20:22,2025-05-22 23:04:54.390794,Città della Scienza,75.6,7.785714,8.374069,6.5070624,5.1307263,EU EEA Common AQI,69.5,6.4134083,6.9740095,7200,6.0285716,100,100,63.0,5.4971423,Very Low,68.6,6.4707103,100,1747954800,Very Low,5.20565,7.7710466,Very Low,7.894901,60.6,9.414286,100,1747954800,6.8714285
2025-05-22T23:05:05Z,0,29.865,73.6,61,67.8,8,7,185,78,0.0,255,32767,0.0,2127-15-31,0.0,0.52,26.6,0.0,0.0,0.0,0,4.822265625,6,45,05:39,20:22,2025-05-22 23:05:05.471786,Città della Scienza,75.6,7.785714,8.374069,6.5070624,5.1307263,EU EEA Common AQI,69.5,6.4134083,6.9740095,7200,6.0285716,100,100,63.0,5.4971423,Very Low,68.6,6.4707103,100,1747954800,Very Low,5.20565,7.7710466,Very Low,7.894901,60.6,9.414286,100,1747954800,6.8714285
2025-05-22T23:05:16Z,0,29.865,73.6,61,67.8,4,7,187,78,0.0,255,32767,0.0,2127-15-31,0.0,0.52,26.6,0.0,0.0,0.0,0,4.822265625,6,45,05:39,20:22,2025-05-22 23:05:16.532801,Città della Scienza,75.6,7.785714,8.374069,6.5070624,5.1307263,EU EEA Common AQI,69.5,6.4134083,6.9740095,7200,6.0285716,100,100,63.0,5.4971423,Very Low,68.6,6.4707103,100,1747954800,Very Low,5.20565,7.7710466,Very Low,7.894901,60.6,9.414286,100,1747954800,6.8714285
2025-05-22T23:05:27Z,0,29.865,73.6,61,67.8,5,7,168,78,0.0,255,32767,0.0,2127-15-31,0.0,0.52,26.6,0.0,0.0,0.0,0,4.822265625,6,45,05:39,20:22,2025-05-22 23:05:27.610804,Città della Scienza,75.6,7.785714,8.374069,6.5070624,5.1307263,EU EEA Common AQI,69.5,6.4134083,6.9740095,7200,6.0285716,100,100,63.0,5.4971423,Very Low,68.6,6.4707103,100,1747954800,Very Low,5.20565,7.7710466,Very Low,7.894901,60.6,9.414286,100,1747954800,6.8714285
2025-05-22T23:05:38Z,0,29.865,73.5,61,67.8,5,7,199,78,0.0,255,32767,0.0,2127-15-31,0.0,0.52,26.6,0.0,0.0,0.0,0,4.822265625,6,45,05:39,20:22,2025-05-22 23:05:38.679803,Città della Scienza,75.6,7.785714,8.374069,6.5070624,5.1307263,EU EEA Common AQI,69.5,6.4134083,6.9740095,7200,6.0285716,100,100,63.0,5.4971423,Very Low,68.6,6.4707103,100,1747954800,Very Low,5.20565,7.7710466,Very Low,7.894901,60.6,9.414286,100,1747954800,6.8714285
2025-05-22T23:05:49Z,0,29.865,73.5,61,67.8,4,7,198,78,0.0,255,32767,0.0,2127-15-31,0.0,0.52,26.6,0.0,0.0,0.0,0,4.822265625,6,45,05:39,20:22,2025-05-22 23:05:49.784755,Città della Scienza,75.6,7.785714,8.374069,6.5070624,5.1307263,EU EEA Common AQI,69.5,6.4134083,6.9740095,7200,6.0285716,100,100,63.0,5.4971423,Very Low,68.6,6.4707103,100,1747954800,Very Low,5.20565,7.7710466,Very Low,7.894901,60.6,9.414286,100,1747954800,6.8714285
2025-05-22T23:06:01Z,0,29.865,73.5,61,67.8,10,7,192,78,0.0,255,32767,0.0,2127-15-31,0.0,0.52,26.6,0.0,0.0,0.0,0,4.822265625,6,45,05:39,20:22,2025-05-22 23:06:00.891809,Città della Scienza,75.6,7.785714,8.374069,6.5070624,5.1307263,EU EEA Common AQI,69.5,6.4134083,6.9740095,7200,6.0285716,100,100,63.0,5.4971423,Very Low,68.6,6.4707103,100,1747954800,Very Low,5.20565,7.7710466,Very Low,7.894901,60.6,9.414286,100,1747954800,6.8714285
2025-05-22T23:06:12Z,0,29.865,73.5,61,67.8,8,7,178,78,0.0,255,32767,0.0,2127-15-31,0.0,0.52,26.6,0.0,0.0,0.0,0,4.822265625,6,45,05:39,20:22,2025-05-22 23:06:12.007795,Città della Scienza,75.6,7.785714,8.374069,6.5070624,5.1307263,EU EEA Common AQI,69.5,6.4134083,6.9740095,7200,6.0285716,100,100,63.0,5.4971423,Very Low,68.6,6.4707103,100,1747954800,Very Low,5.20565,7.7710466,Very Low,7.894901,60.6,9.414286,100,1747954800,6.8714285
2025-05-22T23:06:23Z,0,29.865,73.5,61,67.8,7,7,171,78,0.0,255,32767,0.0,2127-15-31,0.0,0.52,26.6,0.0,0.0,0.0,0,4.822265625,6,45,05:39,20:22,2025-05-22 23:06:23.085790,Città della Scienza,75.6,7.785714,8.374069,6.5070624,5.1307263,EU EEA Common AQI,69.5,6.4134083,6.9740095,7200,6.0285716,100,100,63.0,5.4971423,Very Low,68.6,6.4707103,100,1747954800,Very Low,5.20565,7.7710466,Very Low,7.894901,60.6,9.414286,100,1747954800,6.8714285
2025-05-22T23:06:34Z,0,29.866,73.5,61,67.8,8,7,210,78,0.0,255,32767,0.0,2127-15-31,0.0,0.52,26.6,0.0,0.0,0.0,0,4.822265625,6,45,05:39,20:22,2025-05-22 23:06:34.139789,Città della Scienza,75.6,7.785714,8.374069,6.5070624,5.1307263,EU EEA Common AQI,69.5,6.4134083,6.9740095,7200,6.0285716,100,100,63.0,5.4971423,Very Low,68.6,6.4707103,100,1747954800,Very Low,5.20565,7.7710466,Very Low,7.894901,60.6,9.414286,100,1747954800,6.8714285
2025-05-22T23:06:45Z,0,29.866,73.5,61,67.8,6,7,182,78,0.0,255,32767,0.0,2127-15-31,0.0,0.52,26.6,0.0,0.0,0.0,0,4.822265625,6,45,05:39,20:22,2025-05-22 23:06:45.234788,Città della Scienza,75.6,7.785714,8.374069,6.5070624,5.1307263,EU EEA Common AQI,69.5,6.4134083,6.9740095,7200,6.0285716,100,100,63.0,5.4971423,Very Low,68.6,6.4707103,100,1747954800,Very Low,5.20565,7.7710466,Very Low,7.894901,60.6,9.414286,100,1747954800,6.8714285
2025-05-22T23:06:56Z,0,29.866,73.5,61,67.8,10,7,190,78,0.0,255,32767,0.0,2127-15-31,0.0,0.52,26.6,0.0,0.0,0.0,0,4.822265625,6,45,05:39,20:22,2025-05-22 23:06:56.313748,Città della Scienza,75.6,7.785714,8.374069,6.5070624,5.1307263,EU EEA Common AQI,69.5,6.4134083,6.9740095,7200,6.0285716,100,100,63.0,5.4971423,Very Low,68.6,6.4707103,100,1747954800,Very Low,5.20565,7.7710466,Very Low,7.894901,60.6,9.414286,100,1747954800,6.8714285
2025-05-22T23:07:07Z,0,29.866,73.5,61,67.7,9,7,180,78,0.0,255,32767,0.0,2127-15-31,0.0,0.52,26.6,0.0,0.0,0.0,0,4.822265625,6,45,05:39,20:22,2025-05-22 23:07:07.354780,Città della Scienza,75.6,7.785714,8.374069,6.5070624,5.1307263,EU EEA Common AQI,69.5,6.4134083,6.9740095,7200,6.0285716,100,100,63.0,5.4971423,Very Low,68.6,6.4707103,100,1747954800,Very Low,5.20565,7.7710466,Very Low,7.894901,60.6,9.414286,100,1747954800,6.8714285
2025-05-22T23:07:18Z,0,29.866,73.5,61,67.8,5,7,173,77,0.0,255,32767,0.0,2127-15-31,0.0,0.52,26.6,0.0,0.0,0.0,0,4.822265625,6,45,05:39,20:22,2025-05-22 23:07:18.403791,Città della Scienza,75.6,7.785714,8.374069,6.5070624,5.1307263,EU EEA Common AQI,69.5,6.4134083,6.9740095,7200,6.0285716,100,100,63.0,5.4971423,Very Low,68.6,6.4707103,100,1747954800,Very Low,5.20565,7.7710466,Very Low,7.894901,60.6,9.414286,100,1747954800,6.8714285
2025-05-22T23:07:29Z,0,29.866,73.5,61,67.8,8,7,200,77,0.0,255,32767,0.0,2127-15-31,0.0,0.52,26.6,0.0,0.0,0.0,0,4.822265625,6,45,05:39,20:22,2025-05-22 23:07:29.545786,Città della Scienza,75.6,7.785714,8.374069,6.5070624,5.1307263,EU EEA Common AQI,69.5,6.4134083,6.9740095,7200,6.0285716,100,100,63.0,5.4971423,Very Low,68.6,6.4707103,100,1747954800,Very Low,5.20565,7.7710466,Very Low,7.894901,60.6,9.414286,100,1747954800,6.8714285
2025-05-22T23:07:40Z,0,29.865,73.5,61,67.8,4,7,171,77,0.0,255,32767,0.0,2127-15-31,0.0,0.52,26.6,0.0,0.0,0.0,0,4.822265625,6,45,05:39,20:22,2025-05-22 23:07:40.607804,Città della Scienza,75.6,7.785714,8.374069,6.5070624,5.1307263,EU EEA Common AQI,69.5,6.4134083,6.9740095,7200,6.0285716,100,100,63.0,5.4971423,Very Low,68.6,6.4707103,100,1747954800,Very Low,5.20565,7.7710466,Very Low,7.894901,60.6,9.414286,100,1747954800,6.8714285
2025-05-22T23:07:51Z,0,29.865,73.5,61,67.7,6,7,219,77,0.0,255,32767,0.0,2127-15-31,0.0,0.52,26.6,0.0,0.0,0.0,0,4.822265625,6,45,05:39,20:22,2025-05-22 23:07:51.634798,Città della Scienza,75.6,7.785714,8.374069,6.5070624,5.1307263,EU EEA Common AQI,69.5,6.4134083,6.9740095,7200,6.0285716,100,100,63.0,5.4971423,Very Low,68.6,6.4707103,100,1747954800,Very Low,5.20565,7.7710466,Very Low,7.894901,60.6,9.414286,100,1747954800,6.8714285
2025-05-22T23:08:02Z,0,29.865,73.5,61,67.7,5,7,186,77,0.0,255,32767,0.0,2127-15-31,0.0,0.52,26.6,0.0,0.0,0.0,0,4.822265625,6,45,05:39,20:22,2025-05-22 23:08:02.713789,Città della Scienza,75.6,7.785714,8.374069,6.5070624,5.1307263,EU EEA Common AQI,69.5,6.4134083,6.9740095,7200,6.0285716,100,100,63.0,5.4971423,Very Low,68.6,6.4707103,100,1747954800,Very Low,5.20565,7.7710466,Very Low,7.894901,60.6,9.414286,100,1747954800,6.8714285
2025-05-22T23:08:14Z,0,29.865,73.5,61,67.7,5,7,182,77,0.0,255,32767,0.0,2127-15-31,0.0,0.52,26.6,0.0,0.0,0.0,0,4.822265625,6,45,05:39,20:22,2025-05-22 23:08:13.799747,Città della Scienza,75.6,7.785714,8.374069,6.5070624,5.1307263,EU EEA Common AQI,69.5,6.4134083,6.9740095,7200,6.0285716,100,100,63.0,5.4971423,Very Low,68.6,6.4707103,100,1747954800,Very Low,5.20565,7.7710466,Very Low,7.894901,60.6,9.414286,100,1747954800,6.8714285
2025-05-22T23:08:25Z,0,29.865,73.5,61,67.7,5,7,186,77,0.0,255,32767,0.0,2127-15-31,0.0,0.52,26.6,0.0,0.0,0.0,0,4.822265625,6,45,05:39,20:22,2025-05-22 23:08:24.895786,Città della Scienza,75.6,7.785714,8.374069,6.5070624,5.1307263,EU EEA Common AQI,69.5,6.4134083,6.9740095,7200,6.0285716,100,100,63.0,5.4971423,Very Low,68.6,6.4707103,100,1747954800,Very Low,5.20565,7.7710466,Very Low,7.894901,60.6,9.414286,100,1747954800,6.8714285
2025-05-22T23:08:36Z,0,29.863,73.5,61,67.8,6,7,184,77,0.0,255,32767,0.0,2127-15-31,0.0,0.52,26.6,0.0,0.0,0.0,0,4.822265625,6,45,05:39,20:22,2025-05-22 23:08:35.985788,Città della Scienza,75.6,7.785714,8.374069,6.5070624,5.1307263,EU EEA Common AQI,69.5,6.4134083,6.9740095,7200,6.0285716,100,100,63.0,5.4971423,Very Low,68.6,6.4707103,100,1747954800,Very Low,5.20565,7.7710466,Very Low,7.894901,60.6,9.414286,100,1747954800,6.8714285
2025-05-22T23:08:47Z,0,29.863,73.5,61,67.8,4,7,165,77,0.0,255,32767,0.0,2127-15-31,0.0,0.52,26.6,0.0,0.0,0.0,0,4.822265625,6,45,05:39,20:22,2025-05-22 23:08:47.061797,Città della Scienza,75.6,7.785714,8.374069,6.5070624,5.1307263,EU EEA Common AQI,69.5,6.4134083,6.9740095,7200,6.0285716,100,100,63.0,5.4971423,Very Low,68.6,6.4707103,100,1747954800,Very Low,5.20565,7.7710466,Very Low,7.894901,60.6,9.414286,100,1747954800,6.8714285
2025-05-22T23:08:58Z,0,29.863,73.5,61,67.8,5,7,167,77,0.0,255,32767,0.0,2127-15-31,0.0,0.52,26.6,0.0,0.0,0.0,0,4.822265625,6,45,05:39,20:22,2025-05-22 23:08:58.142803,Città della Scienza,75.6,7.785714,8.374069,6.5070624,5.1307263,EU EEA Common AQI,69.5,6.4134083,6.9740095,7200,6.0285716,100,100,63.0,5.4971423,Very Low,68.6,6.4707103,100,1747954800,Very Low,5.20565,7.7710466,Very Low,7.894901,60.6,9.414286,100,1747954800,6.8714285
2025-05-22T23:09:09Z,0,29.863,73.5,61,67.8,2,7,184,77,0.0,255,32767,0.0,2127-15-31,0.0,0.52,26.6,0.0,0.0,0.0,0,4.822265625,6,45,05:39,20:22,2025-05-22 23:09:09.214781,Città della Scienza,75.6,7.785714,8.374069,6.5070624,5.1307263,EU EEA Common AQI,69.5,6.4134083,6.9740095,7200,6.0285716,100,100,63.0,5.4971423,Very Low,68.6,6.4707103,100,1747954800,Very Low,5.20565,7.7710466,Very Low,7.894901,60.6,9.414286,100,1747954800,6.8714285
2025-05-22T23:09:20Z,0,29.863,73.5,61,67.8,5,7,178,77,0.0,255,32767,0.0,2127-15-31,0.0,0.52,26.6,0.0,0.0,0.0,0,4.822265625,6,45,05:39,20:22,2025-05-22 23:09:20.335786,Città della Scienza,75.6,7.785714,8.374069,6.5070624,5.1307263,EU EEA Common AQI,69.5,6.4134083,6.9740095,7200,6.0285716,100,100,63.0,5.4971423,Very Low,68.6,6.4707103,100,1747954800,Very Low,5.20565,7.7710466,Very Low,7.894901,60.6,9.414286,100,1747954800,6.8714285
2025-05-22T23:09:31Z,0,29.863,73.5,61,67.7,6,7,202,77,0.0,255,32767,0.0,2127-15-31,0.0,0.52,26.6,0.0,0.0,0.0,0,4.822265625,6,45,05:39,20:22,2025-05-22 23:09:31.434795,Città della Scienza,75.6,7.785714,8.374069,6.5070624,5.1307263,EU EEA Common AQI,69.5,6.4134083,6.9740095,7200,6.0285716,100,100,63.0,5.4971423,Very Low,68.6,6.4707103,100,1747954800,Very Low,5.20565,7.7710466,Very Low,7.894901,60.6,9.414286,100,1747954800,6.8714285
2025-05-22T23:09:42Z,0,29.863,73.5,61,67.8,5,6,183,77,0.0,255,32767,0.0,2127-15-31,0.0,0.52,26.6,0.0,0.0,0.0,0,4.822265625,6,45,05:39,20:22,2025-05-22 23:09:42.528789,Città della Scienza,75.6,7.785714,8.374069,6.5070624,5.1307263,EU EEA Common AQI,69.5,6.4134083,6.9740095,7200,6.0285716,100,100,63.0,5.4971423,Very Low,68.6,6.4707103,100,1747954800,Very Low,5.20565,7.7710466,Very Low,7.894901,60.6,9.414286,100,1747954800,6.8714285
2025-05-22T23:09:53Z,0,29.863,73.5,61,67.7,2,6,220,77,0.0,255,32767,0.0,2127-15-31,0.0,0.52,26.6,0.0,0.0,0.0,0,4.822265625,6,45,05:39,20:22,2025-05-22 23:09:53.653797,Città della Scienza,75.6,7.785714,8.374069,6.5070624,5.1307263,EU EEA Common AQI,69.5,6.4134083,6.9740095,7200,6.0285716,100,100,63.0,5.4971423,Very Low,68.6,6.4707103,100,1747954800,Very Low,5.20565,7.7710466,Very Low,7.894901,60.6,9.414286,100,1747954800,6.8714285
2025-05-22T23:10:04Z,0,29.863,73.5,61,67.8,3,6,176,77,0.0,255,32767,0.0,2127-15-31,0.0,0.52,26.6,0.0,0.0,0.0,0,4.822265625,6,45,05:39,20:22,2025-05-22 23:10:04.676792,Città della Scienza,75.6,7.785714,8.374069,6.5070624,5.1307263,EU EEA Common AQI,69.5,6.4134083,6.9740095,7200,6.0285716,100,100,63.0,5.4971423,Very Low,68.6,6.4707103,100,1747954800,Very Low,5.20565,7.7710466,Very Low,7.894901,60.6,9.414286,100,1747954800,6.8714285
2025-05-22T23:10:16Z,0,29.863,73.5,61,67.8,4,6,184,77,0.0,255,32767,0.0,2127-15-31,0.0,0.52,26.6,0.0,0.0,0.0,0,4.822265625,6,45,05:39,20:22,2025-05-22 23:10:15.839796,Città della Scienza,75.6,7.785714,8.374069,6.5070624,5.1307263,EU EEA Common AQI,69.5,6.4134083,6.9740095,7200,6.0285716,100,100,63.0,5.4971423,Very Low,68.6,6.4707103,100,1747954800,Very Low,5.20565,7.7710466,Very Low,7.894901,60.6,9.414286,100,1747954800,6.8714285
2025-05-22T23:10:27Z,0,29.863,73.5,61,67.7,8,6,156,77,0.0,255,32767,0.0,2127-15-31,0.0,0.52,26.6,0.0,0.0,0.0,0,4.822265625,6,45,05:39,20:22,2025-05-22 23:10:26.917793,Città della Scienza,75.6,7.785714,8.374069,6.5070624,5.1307263,EU EEA Common AQI,69.5,6.4134083,6.9740095,7200,6.0285716,100,100,63.0,5.4971423,Very Low,68.6,6.4707103,100,1747954800,Very Low,5.20565,7.7710466,Very Low,7.894901,60.6,9.414286,100,1747954800,6.8714285
2025-05-22T23:10:38Z,0,29.861,73.5,61,67.8,5,6,178,77,0.0,255,32767,0.0,2127-15-31,0.0,0.52,26.6,0.0,0.0,0.0,0,4.822265625,6,45,05:39,20:22,2025-05-22 23:10:37.985782,Città della Scienza,75.6,7.785714,8.374069,6.5070624,5.1307263,EU EEA Common AQI,69.5,6.4134083,6.9740095,7200,6.0285716,100,100,63.0,5.4971423,Very Low,68.6,6.4707103,100,1747954800,Very Low,5.20565,7.7710466,Very Low,7.894901,60.6,9.414286,100,1747954800,6.8714285
2025-05-22T23:10:49Z,0,29.861,73.5,61,67.8,5,6,187,77,0.0,255,32767,0.0,2127-15-31,0.0,0.52,26.6,0.0,0.0,0.0,0,4.822265625,6,45,05:39,20:22,2025-05-22 23:10:49.067799,Città della Scienza,75.6,7.785714,8.374069,6.5070624,5.1307263,EU EEA Common AQI,69.5,6.4134083,6.9740095,7200,6.0285716,100,100,63.0,5.4971423,Very Low,68.6,6.4707103,100,1747954800,Very Low,5.20565,7.7710466,Very Low,7.894901,60.6,9.414286,100,1747954800,6.8714285
2025-05-22T23:11:00Z,0,29.861,73.5,61,67.7,10,6,187,77,0.0,255,32767,0.0,2127-15-31,0.0,0.52,26.6,0.0,0.0,0.0,0,4.822265625,6,45,05:39,20:22,2025-05-22 23:11:00.147797,Città della Scienza,75.6,7.785714,8.374069,6.5070624,5.1307263,EU EEA Common AQI,69.5,6.4134083,6.9740095,7200,6.0285716,100,100,63.0,5.4971423,Very Low,68.6,6.4707103,100,1747954800,Very Low,5.20565,7.7710466,Very Low,7.894901,60.6,9.414286,100,1747954800,6.8714285
2025-05-22T23:11:11Z,0,29.861,73.5,61,67.7,12,6,187,77,0.0,255,32767,0.0,2127-15-31,0.0,0.52,26.6,0.0,0.0,0.0,0,4.822265625,6,45,05:39,20:22,2025-05-22 23:11:11.233795,Città della Scienza,75.6,7.785714,8.374069,6.5070624,5.1307263,EU EEA Common AQI,69.5,6.4134083,6.9740095,7200,6.0285716,100,100,63.0,5.4971423,Very Low,68.6,6.4707103,100,1747954800,Very Low,5.20565,7.7710466,Very Low,7.894901,60.6,9.414286,100,1747954800,6.8714285
2025-05-22T23:11:22Z,0,29.861,73.5,61,67.7,9,6,200,77,0.0,255,32767,0.0,2127-15-31,0.0,0.52,26.6,0.0,0.0,0.0,0,4.822265625,6,45,05:39,20:22,2025-05-22 23:11:22.304785,Città della Scienza,75.6,7.785714,8.374069,6.5070624,5.1307263,EU EEA Common AQI,69.5,6.4134083,6.9740095,7200,6.0285716,100,100,63.0,5.4971423,Very Low,68.6,6.4707103,100,1747954800,Very Low,5.20565,7.7710466,Very Low,7.894901,60.6,9.414286,100,1747954800,6.8714285
2025-05-22T23:11:33Z,0,29.861,73.5,61,67.8,6,6,187,77,0.0,255,32767,0.0,2127-15-31,0.0,0.52,26.6,0.0,0.0,0.0,0,4.822265625,6,45,05:39,20:22,2025-05-22 23:11:33.391792,Città della Scienza,75.6,7.785714,8.374069,6.5070624,5.1307263,EU EEA Common AQI,69.5,6.4134083,6.9740095,7200,6.0285716,100,100,63.0,5.4971423,Very Low,68.6,6.4707103,100,1747954800,Very Low,5.20565,7.7710466,Very Low,7.894901,60.6,9.414286,100,1747954800,6.8714285
2025-05-22T23:11:44Z,0,29.861,73.5,61,67.7,10,6,201,77,0.0,255,32767,0.0,2127-15-31,0.0,0.52,26.6,0.0,0.0,0.0,0,4.822265625,6,45,05:39,20:22,2025-05-22 23:11:44.485798,Città della Scienza,75.6,7.785714,8.374069,6.5070624,5.1307263,EU EEA Common AQI,69.5,6.4134083,6.9740095,7200,6.0285716,100,100,63.0,5.4971423,Very Low,68.6,6.4707103,100,1747954800,Very Low,5.20565,7.7710466,Very Low,7.894901,60.6,9.414286,100,1747954800,6.8714285
2025-05-22T23:11:55Z,0,29.861,73.5,61,67.7,11,6,178,77,0.0,255,32767,0.0,2127-15-31,0.0,0.52,26.6,0.0,0.0,0.0,0,4.822265625,6,45,05:39,20:22,2025-05-22 23:11:55.580808,Città della Scienza,75.6,7.785714,8.374069,6.5070624,5.1307263,EU EEA Common AQI,69.5,6.4134083,6.9740095,7200,6.0285716,100,100,63.0,5.4971423,Very Low,68.6,6.4707103,100,1747954800,Very Low,5.20565,7.7710466,Very Low,7.894901,60.6,9.414286,100,1747954800,6.8714285
2025-05-22T23:12:06Z,0,29.861,73.5,61,67.7,6,6,191,77,0.0,255,32767,0.0,2127-15-31,0.0,0.52,26.6,0.0,0.0,0.0,0,4.822265625,6,45,05:39,20:22,2025-05-22 23:12:06.713799,Città della Scienza,75.6,7.785714,8.374069,6.5070624,5.1307263,EU EEA Common AQI,69.5,6.4134083,6.9740095,7200,6.0285716,100,100,63.0,5.4971423,Very Low,68.6,6.4707103,100,1747954800,Very Low,5.20565,7.7710466,Very Low,7.894901,60.6,9.414286,100,1747954800,6.8714285
2025-05-22T23:12:17Z,0,29.861,73.5,61,67.7,10,6,227,77,0.0,255,32767,0.0,2127-15-31,0.0,0.52,26.6,0.0,0.0,0.0,0,4.822265625,6,45,05:39,20:22,2025-05-22 23:12:17.789786,Città della Scienza,75.6,7.785714,8.374069,6.5070624,5.1307263,EU EEA Common AQI,69.5,6.4134083,6.9740095,7200,6.0285716,100,100,63.0,5.4971423,Very Low,68.6,6.4707103,100,1747954800,Very Low,5.20565,7.7710466,Very Low,7.894901,60.6,9.414286,100,1747954800,6.8714285
2025-05-22T23:12:29Z,0,29.861,73.5,61,67.7,8,6,161,77,0.0,255,32767,0.0,2127-15-31,0.0,0.52,26.6,0.0,0.0,0.0,0,4.822265625,6,45,05:39,20:22,2025-05-22 23:12:28.820792,Città della Scienza,75.6,7.785714,8.374069,6.5070624,5.1307263,EU EEA Common AQI,69.5,6.4134083,6.9740095,7200,6.0285716,100,100,63.0,5.4971423,Very Low,68.6,6.4707103,100,1747954800,Very Low,5.20565,7.7710466,Very Low,7.894901,60.6,9.414286,100,1747954800,6.8714285
2025-05-22T23:12:40Z,0,29.86,73.5,61,67.7,14,6,175,77,0.0,255,32767,0.0,2127-15-31,0.0,0.52,26.6,0.0,0.0,0.0,0,4.822265625,6,45,05:39,20:22,2025-05-22 23:12:39.917789,Città della Scienza,75.6,7.785714,8.374069,6.5070624,5.1307263,EU EEA Common AQI,69.5,6.4134083,6.9740095,7200,6.0285716,100,100,63.0,5.4971423,Very Low,68.6,6.4707103,100,1747954800,Very Low,5.20565,7.7710466,Very Low,7.894901,60.6,9.414286,100,1747954800,6.8714285
2025-05-22T23:12:51Z,0,29.86,73.5,61,67.7,8,6,184,77,0.0,255,32767,0.0,2127-15-31,0.0,0.52,26.6,0.0,0.0,0.0,0,4.822265625,6,45,05:39,20:22,2025-05-22 23:12:51.023788,Città della Scienza,75.6,7.785714,8.374069,6.5070624,5.1307263,EU EEA Common AQI,69.5,6.4134083,6.9740095,7200,6.0285716,100,100,63.0,5.4971423,Very Low,68.6,6.4707103,100,1747954800,Very Low,5.20565,7.7710466,Very Low,7.894901,60.6,9.414286,100,1747954800,6.8714285
2025-05-22T23:13:02Z,0,29.86,73.5,61,67.7,11,6,213,77,0.0,255,32767,0.0,2127-15-31,0.0,0.52,26.6,0.0,0.0,0.0,0,4.822265625,6,45,05:39,20:22,2025-05-22 23:13:02.147794,Città della Scienza,75.6,7.785714,8.374069,6.5070624,5.1307263,EU EEA Common AQI,69.5,6.4134083,6.9740095,7200,6.0285716,100,100,63.0,5.4971423,Very Low,68.6,6.4707103,100,1747954800,Very Low,5.20565,7.7710466,Very Low,7.894901,60.6,9.414286,100,1747954800,6.8714285
2025-05-22T23:13:13Z,0,29.86,73.5,61,67.7,9,6,165,77,0.0,255,32767,0.0,2127-15-31,0.0,0.52,26.6,0.0,0.0,0.0,0,4.822265625,6,45,05:39,20:22,2025-05-22 23:13:13.223786,Città della Scienza,75.6,7.785714,8.374069,6.5070624,5.1307263,EU EEA Common AQI,69.5,6.4134083,6.9740095,7200,6.0285716,100,100,63.0,5.4971423,Very Low,68.6,6.4707103,100,1747954800,Very Low,5.20565,7.7710466,Very Low,7.894901,60.6,9.414286,100,1747954800,6.8714285
2025-05-22T23:13:24Z,0,29.86,73.5,61,67.7,6,6,149,77,0.0,255,32767,0.0,2127-15-31,0.0,0.52,26.6,0.0,0.0,0.0,0,4.822265625,6,45,05:39,20:22,2025-05-22 23:13:24.276792,Città della Scienza,75.6,7.785714,8.374069,6.5070624,5.1307263,EU EEA Common AQI,69.5,6.4134083,6.9740095,7200,6.0285716,100,100,63.0,5.4971423,Very Low,68.6,6.4707103,100,1747954800,Very Low,5.20565,7.7710466,Very Low,7.894901,60.6,9.414286,100,1747954800,6.8714285
2025-05-22T23:13:35Z,0,29.863,73.5,61,67.7,8,7,199,77,0.0,255,32767,0.0,2127-15-31,0.0,0.52,26.6,0.0,0.0,0.0,0,4.822265625,6,45,05:39,20:22,2025-05-22 23:13:35.368790,Città della Scienza,75.6,7.785714,8.374069,6.5070624,5.1307263,EU EEA Common AQI,69.5,6.4134083,6.9740095,7200,6.0285716,100,100,63.0,5.4971423,Very Low,68.6,6.4707103,100,1747954800,Very Low,5.20565,7.7710466,Very Low,7.894901,60.6,9.414286,100,1747954800,6.8714285
2025-05-22T23:13:46Z,0,29.863,73.5,61,67.7,10,7,193,77,0.0,255,32767,0.0,2127-15-31,0.0,0.52,26.6,0.0,0.0,0.0,0,4.822265625,6,45,05:39,20:22,2025-05-22 23:13:46.465787,Città della Scienza,75.6,7.785714,8.374069,6.5070624,5.1307263,EU EEA Common AQI,69.5,6.4134083,6.9740095,7200,6.0285716,100,100,63.0,5.4971423,Very Low,68.6,6.4707103,100,1747954800,Very Low,5.20565,7.7710466,Very Low,7.894901,60.6,9.414286,100,1747954800,6.8714285
2025-05-22T23:13:57Z,0,29.863,73.5,61,67.7,7,7,209,77,0.0,255,32767,0.0,2127-15-31,0.0,0.52,26.6,0.0,0.0,0.0,0,4.822265625,6,45,05:39,20:22,2025-05-22 23:13:57.508790,Città della Scienza,75.6,7.785714,8.374069,6.5070624,5.1307263,EU EEA Common AQI,69.5,6.4134083,6.9740095,7200,6.0285716,100,100,63.0,5.4971423,Very Low,68.6,6.4707103,100,1747954800,Very Low,5.20565,7.7710466,Very Low,7.894901,60.6,9.414286,100,1747954800,6.8714285
2025-05-22T23:14:08Z,0,29.863,73.5,61,67.7,11,7,176,77,0.0,255,32767,0.0,2127-15-31,0.0,0.52,26.6,0.0,0.0,0.0,0,4.822265625,6,45,05:39,20:22,2025-05-22 23:14:08.593787,Città della Scienza,75.6,7.785714,8.374069,6.5070624,5.1307263,EU EEA Common AQI,69.5,6.4134083,6.9740095,7200,6.0285716,100,100,63.0,5.4971423,Very Low,68.6,6.4707103,100,1747954800,Very Low,5.20565,7.7710466,Very Low,7.894901,60.6,9.414286,100,1747954800,6.8714285
2025-05-22T23:14:19Z,0,29.863,73.5,61,67.7,9,7,184,78,0.0,255,32767,0.0,2127-15-31,0.0,0.52,26.6,0.0,0.0,0.0,0,4.822265625,6,45,05:39,20:22,2025-05-22 23:14:19.675789,Città della Scienza,75.6,7.785714,8.374069,6.5070624,5.1307263,EU EEA Common AQI,69.5,6.4134083,6.9740095,7200,6.0285716,100,100,63.0,5.4971423,Very Low,68.6,6.4707103,100,1747954800,Very Low,5.20565,7.7710466,Very Low,7.894901,60.6,9.414286,100,1747954800,6.8714285
2025-05-22T23:14:30Z,0,29.863,73.5,61,67.7,10,7,188,78,0.0,255,32767,0.0,2127-15-31,0.0,0.52,26.6,0.0,0.0,0.0,0,4.822265625,6,45,05:39,20:22,2025-05-22 23:14:30.725768,Città della Scienza,75.6,7.785714,8.374069,6.5070624,5.1307263,EU EEA Common AQI,69.5,6.4134083,6.9740095,7200,6.0285716,100,100,63.0,5.4971423,Very Low,68.6,6.4707103,100,1747954800,Very Low,5.20565,7.7710466,Very Low,7.894901,60.6,9.414286,100,1747954800,6.8714285
2025-05-22T23:14:42Z,0,29.86,73.5,61,67.7,7,7,154,78,0.0,255,32767,0.0,2127-15-31,0.0,0.52,26.6,0.0,0.0,0.0,0,4.822265625,6,45,05:39,20:22,2025-05-22 23:14:41.827798,Città della Scienza,75.6,7.785714,8.374069,6.5070624,5.1307263,EU EEA Common AQI,69.5,6.4134083,6.9740095,7200,6.0285716,100,100,63.0,5.4971423,Very Low,68.6,6.4707103,100,1747954800,Very Low,5.20565,7.7710466,Very Low,7.894901,60.6,9.414286,100,1747954800,6.8714285
2025-05-22T23:14:53Z,0,29.86,73.5,61,67.7,10,7,139,78,0.0,255,32767,0.0,2127-15-31,0.0,0.52,26.6,0.0,0.0,0.0,0,4.822265625,6,45,05:39,20:22,2025-05-22 23:14:52.937802,Città della Scienza,75.6,7.785714,8.374069,6.5070624,5.1307263,EU EEA Common AQI,69.5,6.4134083,6.9740095,7200,6.0285716,100,100,63.0,5.4971423,Very Low,68.6,6.4707103,100,1747954800,Very Low,5.20565,7.7710466,Very Low,7.894901,60.6,9.414286,100,1747954800,6.8714285
2025-05-22T23:15:04Z,0,29.86,73.5,61,67.7,7,7,169,78,0.0,255,32767,0.0,2127-15-31,0.0,0.52,26.6,0.0,0.0,0.0,0,4.822265625,6,45,05:39,20:22,2025-05-22 23:15:04.025780,Città della Scienza,75.6,7.785714,8.374069,6.5070624,5.1307263,EU EEA Common AQI,69.5,6.4134083,6.9740095,7200,6.0285716,100,100,63.0,5.4971423,Very Low,68.6,6.4707103,100,1747954800,Very Low,5.20565,7.7710466,Very Low,7.894901,60.6,9.414286,100,1747954800,6.8714285
2025-05-22T23:15:15Z,0,29.86,73.5,61,67.7,6,7,191,77,0.0,255,32767,0.0,2127-15-31,0.0,0.52,26.6,0.0,0.0,0.0,0,4.822265625,6,45,05:39,20:22,2025-05-22 23:15:15.047788,Città della Scienza,75.6,7.785714,8.374069,6.5070624,5.1307263,EU EEA Common AQI,69.5,6.4134083,6.9740095,7200,6.0285716,100,100,63.0,5.4971423,Very Low,68.6,6.4707103,100,1747954800,Very Low,5.20565,7.7710466,Very Low,7.894901,60.6,9.414286,100,1747954800,6.8714285
2025-05-22T23:15:26Z,0,29.86,73.5,61,67.7,8,7,172,77,0.0,255,32767,0.0,2127-15-31,0.0,0.52,26.6,0.0,0.0,0.0,0,4.822265625,6,45,05:39,20:22,2025-05-22 23:15:26.126784,Città della Scienza,76.0,7.9131613,8.37152,6.6360154,5.1869884,EU EEA Common AQI,69.5,6.4837356,6.9694486,7200,6.5857143,100,100,63.1,6.0114284,Very Low,68.6,6.559981,100,1747955700,Very Low,5.308812,7.865859,Very Low,8.081657,60.7,7.5142856,100,1747955700,7.5142856
2025-05-22T23:15:37Z,0,29.861,73.5,61,67.7,5,7,182,77,0.0,255,32767,0.0,2127-15-31,0.0,0.52,26.6,0.0,0.0,0.0,0,4.822265625,6,45,05:39,20:22,2025-05-22 23:15:37.176786,Città della Scienza,76.0,7.9131613,8.37152,6.6360154,5.1869884,EU EEA Common AQI,69.5,6.4837356,6.9694486,7200,6.5857143,100,100,63.1,6.0114284,Very Low,68.6,6.559981,100,1747955700,Very Low,5.308812,7.865859,Very Low,8.081657,60.7,7.5142856,100,1747955700,7.5142856
2025-05-22T23:15:48Z,0,29.861,73.5,61,67.7,6,7,169,77,0.0,255,32767,0.0,2127-15-31,0.0,0.52,26.6,0.0,0.0,0.0,0,4.822265625,6,45,05:39,20:22,2025-05-22 23:15:48.287776,Città della Scienza,76.0,7.9131613,8.37152,6.6360154,5.1869884,EU EEA Common AQI,69.5,6.4837356,6.9694486,7200,6.5857143,100,100,63.1,6.0114284,Very Low,68.6,6.559981,100,1747955700,Very Low,5.308812,7.865859,Very Low,8.081657,60.7,7.5142856,100,1747955700,7.5142856
2025-05-22T23:15:59Z,0,29.861,73.5,61,67.7,9,7,193,78,0.0,255,32767,0.0,2127-15-31,0.0,0.52,26.6,0.0,0.0,0.0,0,4.822265625,6,45,05:39,20:22,2025-05-22 23:15:59.406790,Città della Scienza,76.0,7.9131613,8.37152,6.6360154,5.1869884,EU EEA Common AQI,69.5,6.4837356,6.9694486,7200,6.5857143,100,100,63.1,6.0114284,Very Low,68.6,6.559981,100,1747955700,Very Low,5.308812,7.865859,Very Low,8.081657,60.7,7.5142856,100,1747955700,7.5142856
2025-05-22T23:16:10Z,0,29.861,73.5,61,67.7,7,7,189,78,0.0,255,32767,0.0,2127-15-31,0.0,0.52,26.6,0.0,0.0,0.0,0,4.822265625,6,45,05:39,20:22,2025-05-22 23:16:10.498807,Città della Scienza,76.0,7.9131613,8.37152,6.6360154,5.1869884,EU EEA Common AQI,69.5,6.4837356,6.9694486,7200,6.5857143,100,100,63.1,6.0114284,Very Low,68.6,6.559981,100,1747955700,Very Low,5.308812,7.865859,Very Low,8.081657,60.7,7.5142856,100,1747955700,7.5142856
2025-05-22T23:16:21Z,0,29.861,73.5,61,67.7,9,7,182,78,0.0,255,32767,0.0,2127-15-31,0.0,0.52,26.6,0.0,0.0,0.0,0,4.822265625,6,45,05:39,20:22,2025-05-22 23:16:21.663765,Città della Scienza,76.0,7.9131613,8.37152,6.6360154,5.1869884,EU EEA Common AQI,69.5,6.4837356,6.9694486,7200,6.5857143,100,100,63.1,6.0114284,Very Low,68.6,6.559981,100,1747955700,Very Low,5.308812,7.865859,Very Low,8.081657,60.7,7.5142856,100,1747955700,7.5142856
2025-05-22T23:16:33Z,0,29.86,73.5,61,67.7,8,7,162,78,0.0,255,32767,0.0,2127-15-31,0.0,0.52,26.6,0.0,0.0,0.0,0,4.822265625,6,45,05:39,20:22,2025-05-22 23:16:32.805796,Città della Scienza,76.0,7.9131613,8.37152,6.6360154,5.1869884,EU EEA Common AQI,69.5,6.4837356,6.9694486,7200,6.5857143,100,100,63.1,6.0114284,Very Low,68.6,6.559981,100,1747955700,Very Low,5.308812,7.865859,Very Low,8.081657,60.7,7.5142856,100,1747955700,7.5142856
2025-05-22T23:16:44Z,0,29.86,73.5,61,67.7,9,7,161,78,0.0,255,32767,0.0,2127-15-31,0.0,0.52,26.6,0.0,0.0,0.0,0,4.822265625,6,45,05:39,20:22,2025-05-22 23:16:43.891786,Città della Scienza,76.0,7.9131613,8.37152,6.6360154,5.1869884,EU EEA Common AQI,69.5,6.4837356,6.9694486,7200,6.5857143,100,100,63.1,6.0114284,Very Low,68.6,6.559981,100,1747955700,Very Low,5.308812,7.865859,Very Low,8.081657,60.7,7.5142856,100,1747955700,7.5142856
2025-05-22T23:16:55Z,0,29.86,73.5,61,67.7,6,7,162,78,0.0,255,32767,0.0,2127-15-31,0.0,0.52,26.6,0.0,0.0,0.0,0,4.822265625,6,45,05:39,20:22,2025-05-22 23:16:54.988781,Città della Scienza,76.0,7.9131613,8.37152,6.6360154,5.1869884,EU EEA Common AQI,69.5,6.4837356,6.9694486,7200,6.5857143,100,100,63.1,6.0114284,Very Low,68.6,6.559981,100,1747955700,Very Low,5.308812,7.865859,Very Low,8.081657,60.7,7.5142856,100,1747955700,7.5142856
2025-05-22T23:17:06Z,0,29.86,73.5,61,67.7,10,7,170,78,0.0,255,32767,0.0,2127-15-31,0.0,0.52,26.6,0.0,0.0,0.0,0,4.822265625,6,45,05:39,20:22,2025-05-22 23:17:06.061800,Città della Scienza,76.0,7.9131613,8.37152,6.6360154,5.1869884,EU EEA Common AQI,69.5,6.4837356,6.9694486,7200,6.5857143,100,100,63.1,6.0114284,Very Low,68.6,6.559981,100,1747955700,Very Low,5.308812,7.865859,Very Low,8.081657,60.7,7.5142856,100,1747955700,7.5142856
2025-05-22T23:17:17Z,0,29.86,73.5,61,67.7,6,7,166,78,0.0,255,32767,0.0,2127-15-31,0.0,0.52,26.6,0.0,0.0,0.0,0,4.822265625,6,45,05:39,20:22,2025-05-22 23:17:17.193790,Città della Scienza,76.0,7.9131613,8.37152,6.6360154,5.1869884,EU EEA Common AQI,69.5,6.4837356,6.9694486,7200,6.5857143,100,100,63.1,6.0114284,Very Low,68.6,6.559981,100,1747955700,Very Low,5.308812,7.865859,Very Low,8.081657,60.7,7.5142856,100,1747955700,7.5142856
2025-05-22T23:17:28Z,0,29.86,73.5,61,67.7,11,7,166,78,0.0,255,32767,0.0,2127-15-31,0.0,0.52,26.6,0.0,0.0,0.0,0,4.822265625,6,45,05:39,20:22,2025-05-22 23:17:28.281750,Città della Scienza,76.0,7.9131613,8.37152,6.6360154,5.1869884,EU EEA Common AQI,69.5,6.4837356,6.9694486,7200,6.5857143,100,100,63.1,6.0114284,Very Low,68.6,6.559981,100,1747955700,Very Low,5.308812,7.865859,Very Low,8.081657,60.7,7.5142856,100,1747955700,7.5142856
2025-05-22T23:17:39Z,0,29.86,73.5,61,67.8,7,7,175,78,0.0,255,32767,0.0,2127-15-31,0.0,0.52,26.6,0.0,0.0,0.0,0,4.822265625,6,45,05:39,20:22,2025-05-22 23:17:39.361789,Città della Scienza,76.0,7.9131613,8.37152,6.6360154,5.1869884,EU EEA Common AQI,69.5,6.4837356,6.9694486,7200,6.5857143,100,100,63.1,6.0114284,Very Low,68.6,6.559981,100,1747955700,Very Low,5.308812,7.865859,Very Low,8.081657,60.7,7.5142856,100,1747955700,7.5142856
2025-05-22T23:17:50Z,0,29.86,73.5,61,67.7,7,7,199,78,0.0,255,32767,0.0,2127-15-31,0.0,0.52,26.6,0.0,0.0,0.0,0,4.822265625,6,45,05:39,20:22,2025-05-22 23:17:50.442789,Città della Scienza,76.0,7.9131613,8.37152,6.6360154,5.1869884,EU EEA Common AQI,69.5,6.4837356,6.9694486,7200,6.5857143,100,100,63.1,6.0114284,Very Low,68.6,6.559981,100,1747955700,Very Low,5.308812,7.865859,Very Low,8.081657,60.7,7.5142856,100,1747955700,7.5142856
2025-05-22T23:18:01Z,0,29.86,73.5,61,67.7,7,7,253,78,0.0,255,32767,0.0,2127-15-31,0.0,0.52,26.6,0.0,0.0,0.0,0,4.822265625,6,45,05:39,20:22,2025-05-22 23:18:01.540780,Città della Scienza,76.0,7.9131613,8.37152,6.6360154,5.1869884,EU EEA Common AQI,69.5,6.4837356,6.9694486,7200,6.5857143,100,100,63.1,6.0114284,Very Low,68.6,6.559981,100,1747955700,Very Low,5.308812,7.865859,Very Low,8.081657,60.7,7.5142856,100,1747955700,7.5142856
2025-05-22T23:18:12Z,0,29.86,73.5,61,67.7,5,7,142,78,0.0,255,32767,0.0,2127-15-31,0.0,0.52,26.6,0.0,0.0,0.0,0,4.822265625,6,45,05:39,20:22,2025-05-22 23:18:12.617805,Città della Scienza,76.0,7.9131613,8.37152,6.6360154,5.1869884,EU EEA Common AQI,69.5,6.4837356,6.9694486,7200,6.5857143,100,100,63.1,6.0114284,Very Low,68.6,6.559981,100,1747955700,Very Low,5.308812,7.865859,Very Low,8.081657,60.7,7.5142856,100,1747955700,7.5142856
2025-05-22T23:18:23Z,0,29.86,73.5,61,67.6,8,7,174,78,0.0,255,32767,0.0,2127-15-31,0.0,0.52,26.6,0.0,0.0,0.0,0,4.822265625,6,45,05:39,20:22,2025-05-22 23:18:23.746792,Città della Scienza,76.0,7.9131613,8.37152,6.6360154,5.1869884,EU EEA Common AQI,69.5,6.4837356,6.9694486,7200,6.5857143,100,100,63.1,6.0114284,Very Low,68.6,6.559981,100,1747955700,Very Low,5.308812,7.865859,Very Low,8.081657,60.7,7.5142856,100,1747955700,7.5142856
2025-05-22T23:18:35Z,0,29.859,73.5,62,67.7,11,7,185,78,0.0,255,32767,0.0,2127-15-31,0.0,0.52,26.6,0.0,0.0,0.0,0,4.822265625,6,45,05:39,20:22,2025-05-22 23:18:34.819796,Città della Scienza,76.0,7.9131613,8.37152,6.6360154,5.1869884,EU EEA Common AQI,69.5,6.4837356,6.9694486,7200,6.5857143,100,100,63.1,6.0114284,Very Low,68.6,6.559981,100,1747955700,Very Low,5.308812,7.865859,Very Low,8.081657,60.7,7.5142856,100,1747955700,7.5142856
2025-05-22T23:18:46Z,0,29.859,73.5,62,67.7,10,7,211,78,0.0,255,32767,0.0,2127-15-31,0.0,0.52,26.6,0.0,0.0,0.0,0,4.822265625,6,45,05:39,20:22,2025-05-22 23:18:45.895791,Città della Scienza,76.0,7.9131613,8.37152,6.6360154,5.1869884,EU EEA Common AQI,69.5,6.4837356,6.9694486,7200,6.5857143,100,100,63.1,6.0114284,Very Low,68.6,6.559981,100,1747955700,Very Low,5.308812,7.865859,Very Low,8.081657,60.7,7.5142856,100,1747955700,7.5142856
2025-05-22T23:18:57Z,0,29.859,73.5,62,67.7,7,7,187,78,0.0,255,32767,0.0,2127-15-31,0.0,0.52,26.6,0.0,0.0,0.0,0,4.822265625,6,45,05:39,20:22,2025-05-22 23:18:57.016799,Città della Scienza,76.0,7.9131613,8.37152,6.6360154,5.1869884,EU EEA Common AQI,69.5,6.4837356,6.9694486,7200,6.5857143,100,100,63.1,6.0114284,Very Low,68.6,6.559981,100,1747955700,Very Low,5.308812,7.865859,Very Low,8.081657,60.7,7.5142856,100,1747955700,7.5142856
2025-05-22T23:19:08Z,0,29.859,73.5,62,67.7,11,7,197,78,0.0,255,32767,0.0,2127-15-31,0.0,0.52,26.6,0.0,0.0,0.0,0,4.822265625,6,45,05:39,20:22,2025-05-22 23:19:08.074786,Città della Scienza,76.0,7.9131613,8.37152,6.6360154,5.1869884,EU EEA Common AQI,69.5,6.4837356,6.9694486,7200,6.5857143,100,100,63.1,6.0114284,Very Low,68.6,6.559981,100,1747955700,Very Low,5.308812,7.865859,Very Low,8.081657,60.7,7.5142856,100,1747955700,7.5142856
2025-05-22T23:19:19Z,0,29.859,73.5,62,67.7,10,7,211,78,0.0,255,32767,0.0,2127-15-31,0.0,0.52,26.6,0.0,0.0,0.0,0,4.822265625,6,45,05:39,20:22,2025-05-22 23:19:19.171788,Città della Scienza,76.0,7.9131613,8.37152,6.6360154,5.1869884,EU EEA Common AQI,69.5,6.4837356,6.9694486,7200,6.5857143,100,100,63.1,6.0114284,Very Low,68.6,6.559981,100,1747955700,Very Low,5.308812,7.865859,Very Low,8.081657,60.7,7.5142856,100,1747955700,7.5142856
2025-05-22T23:19:30Z,0,29.859,73.5,62,67.7,9,7,252,78,0.0,255,32767,0.0,2127-15-31,0.0,0.52,26.6,0.0,0.0,0.0,0,4.822265625,6,45,05:39,20:22,2025-05-22 23:19:30.255786,Città della Scienza,76.0,7.9131613,8.37152,6.6360154,5.1869884,EU EEA Common AQI,69.5,6.4837356,6.9694486,7200,6.5857143,100,100,63.1,6.0114284,Very Low,68.6,6.559981,100,1747955700,Very Low,5.308812,7.865859,Very Low,8.081657,60.7,7.5142856,100,1747955700,7.5142856
2025-05-22T23:19:41Z,0,29.86,73.5,62,67.7,11,8,200,78,0.0,255,32767,0.0,2127-15-31,0.0,0.52,26.6,0.0,0.0,0.0,0,4.822265625,6,45,05:39,20:22,2025-05-22 23:19:41.377792,Città della Scienza,76.0,7.9131613,8.37152,6.6360154,5.1869884,EU EEA Common AQI,69.5,6.4837356,6.9694486,7200,6.5857143,100,100,63.1,6.0114284,Very Low,68.6,6.559981,100,1747955700,Very Low,5.308812,7.865859,Very Low,8.081657,60.7,7.5142856,100,1747955700,7.5142856
2025-05-22T23:19:52Z,0,29.86,73.5,62,67.7,11,8,186,78,0.0,255,32767,0.0,2127-15-31,0.0,0.52,26.6,0.0,0.0,0.0,0,4.822265625,6,45,05:39,20:22,2025-05-22 23:19:52.428785,Città della Scienza,76.0,7.9131613,8.37152,6.6360154,5.1869884,EU EEA Common AQI,69.5,6.4837356,6.9694486,7200,6.5857143,100,100,63.1,6.0114284,Very Low,68.6,6.559981,100,1747955700,Very Low,5.308812,7.865859,Very Low,8.081657,60.7,7.5142856,100,1747955700,7.5142856
2025-05-22T23:20:03Z,0,29.86,73.5,62,67.7,7,8,196,78,0.0,255,32767,0.0,2127-15-31,0.0,0.52,26.6,0.0,0.0,0.0,0,4.822265625,6,45,05:39,20:22,2025-05-22 23:20:03.486790,Città della Scienza,76.0,7.9131613,8.37152,6.6360154,5.1869884,EU EEA Common AQI,69.5,6.4837356,6.9694486,7200,6.5857143,100,100,63.1,6.0114284,Very Low,68.6,6.559981,100,1747955700,Very Low,5.308812,7.865859,Very Low,8.081657,60.7,7.5142856,100,1747955700,7.5142856
2025-05-22T23:20:14Z,0,29.86,73.5,62,67.7,11,8,182,78,0.0,255,32767,0.0,2127-15-31,0.0,0.52,26.6,0.0,0.0,0.0,0,4.822265625,6,45,05:39,20:22,2025-05-22 23:20:14.558788,Città della Scienza,76.0,7.9131613,8.37152,6.6360154,5.1869884,EU EEA Common AQI,69.5,6.4837356,6.9694486,7200,6.5857143,100,100,63.1,6.0114284,Very Low,68.6,6.559981,100,1747955700,Very Low,5.308812,7.865859,Very Low,8.081657,60.7,7.5142856,100,1747955700,7.5142856
2025-05-22T23:20:25Z,0,29.86,73.5,62,67.7,11,8,198,78,0.0,255,32767,0.0,2127-15-31,0.0,0.52,26.6,0.0,0.0,0.0,0,4.822265625,6,45,05:39,20:22,2025-05-22 23:20:25.666803,Città della Scienza,76.0,7.9131613,8.37152,6.6360154,5.1869884,EU EEA Common AQI,69.5,6.4837356,6.9694486,7200,6.5857143,100,100,63.1,6.0114284,Very Low,68.6,6.559981,100,1747955700,Very Low,5.308812,7.865859,Very Low,8.081657,60.7,7.5142856,100,1747955700,7.5142856
2025-05-22T23:20:36Z,0,29.859,73.5,62,67.7,6,8,264,78,0.0,255,32767,0.0,2127-15-31,0.0,0.52,26.6,0.0,0.0,0.0,0,4.822265625,6,45,05:39,20:22,2025-05-22 23:20:36.714792,Città della Scienza,76.0,7.9131613,8.37152,6.6360154,5.1869884,EU EEA Common AQI,69.5,6.4837356,6.9694486,7200,6.5857143,100,100,63.1,6.0114284,Very Low,68.6,6.559981,100,1747955700,Very Low,5.308812,7.865859,Very Low,8.081657,60.7,7.5142856,100,1747955700,7.5142856
2025-05-22T23:20:47Z,0,29.859,73.5,62,67.7,5,8,171,78,0.0,255,32767,0.0,2127-15-31,0.0,0.52,26.6,0.0,0.0,0.0,0,4.822265625,6,45,05:39,20:22,2025-05-22 23:20:47.761802,Città della Scienza,76.0,7.9131613,8.37152,6.6360154,5.1869884,EU EEA Common AQI,69.5,6.4837356,6.9694486,7200,6.5857143,100,100,63.1,6.0114284,Very Low,68.6,6.559981,100,1747955700,Very Low,5.308812,7.865859,Very Low,8.081657,60.7,7.5142856,100,1747955700,7.5142856
2025-05-22T23:20:59Z,0,29.859,73.5,62,67.7,6,8,208,78,0.0,255,32767,0.0,2127-15-31,0.0,0.52,26.6,0.0,0.0,0.0,0,4.822265625,6,45,05:39,20:22,2025-05-22 23:20:58.818797,Città della Scienza,76.0,7.9131613,8.37152,6.6360154,5.1869884,EU EEA Common AQI,69.5,6.4837356,6.9694486,7200,6.5857143,100,100,63.1,6.0114284,Very Low,68.6,6.559981,100,1747955700,Very Low,5.308812,7.865859,Very Low,8.081657,60.7,7.5142856,100,1747955700,7.5142856
2025-05-22T23:21:10Z,0,29.859,73.5,62,67.7,4,8,121,78,0.0,255,32767,0.0,2127-15-31,0.0,0.52,26.6,0.0,0.0,0.0,0,4.822265625,6,45,05:39,20:22,2025-05-22 23:21:09.913786,Città della Scienza,76.0,7.9131613,8.37152,6.6360154,5.1869884,EU EEA Common AQI,69.5,6.4837356,6.9694486,7200,6.5857143,100,100,63.1,6.0114284,Very Low,68.6,6.559981,100,1747955700,Very Low,5.308812,7.865859,Very Low,8.081657,60.7,7.5142856,100,1747955700,7.5142856
2025-05-22T23:21:21Z,0,29.859,73.5,62,67.7,10,8,175,78,0.0,255,32767,0.0,2127-15-31,0.0,0.52,26.6,0.0,0.0,0.0,0,4.822265625,6,45,05:39,20:22,2025-05-22 23:21:20.968794,Città della Scienza,76.0,7.9131613,8.37152,6.6360154,5.1869884,EU EEA Common AQI,69.5,6.4837356,6.9694486,7200,6.5857143,100,100,63.1,6.0114284,Very Low,68.6,6.559981,100,1747955700,Very Low,5.308812,7.865859,Very Low,8.081657,60.7,7.5142856,100,1747955700,7.5142856
2025-05-22T23:21:32Z,0,29.859,73.5,62,67.7,7,8,223,78,0.0,255,32767,0.0,2127-15-31,0.0,0.52,26.6,0.0,0.0,0.0,0,4.822265625,6,45,05:39,20:22,2025-05-22 23:21:32.179793,Città della Scienza,76.0,7.9131613,8.37152,6.6360154,5.1869884,EU EEA Common AQI,69.5,6.4837356,6.9694486,7200,6.5857143,100,100,63.1,6.0114284,Very Low,68.6,6.559981,100,1747955700,Very Low,5.308812,7.865859,Very Low,8.081657,60.7,7.5142856,100,1747955700,7.5142856
2025-05-22T23:21:43Z,0,29.858,73.5,62,67.7,6,8,277,78,0.0,255,32767,0.0,2127-15-31,0.0,0.52,26.6,0.0,0.0,0.0,0,4.822265625,6,45,05:39,20:22,2025-05-22 23:21:43.253789,Città della Scienza,76.0,7.9131613,8.37152,6.6360154,5.1869884,EU EEA Common AQI,69.5,6.4837356,6.9694486,7200,6.5857143,100,100,63.1,6.0114284,Very Low,68.6,6.559981,100,1747955700,Very Low,5.308812,7.865859,Very Low,8.081657,60.7,7.5142856,100,1747955700,7.5142856
2025-05-22T23:21:54Z,0,29.858,73.5,62,67.7,2,8,155,78,0.0,255,32767,0.0,2127-15-31,0.0,0.52,26.6,0.0,0.0,0.0,0,4.822265625,6,45,05:39,20:22,2025-05-22 23:21:54.303793,Città della Scienza,76.0,7.9131613,8.37152,6.6360154,5.1869884,EU EEA Common AQI,69.5,6.4837356,6.9694486,7200,6.5857143,100,100,63.1,6.0114284,Very Low,68.6,6.559981,100,1747955700,Very Low,5.308812,7.865859,Very Low,8.081657,60.7,7.5142856,100,1747955700,7.5142856
2025-05-22T23:22:05Z,0,29.858,73.5,62,67.7,6,8,318,78,0.0,255,32767,0.0,2127-15-31,0.0,0.52,26.6,0.0,0.0,0.0,0,4.822265625,6,45,05:39,20:22,2025-05-22 23:22:05.376748,Città della Scienza,76.0,7.9131613,8.37152,6.6360154,5.1869884,EU EEA Common AQI,69.5,6.4837356,6.9694486,7200,6.5857143,100,100,63.1,6.0114284,Very Low,68.6,6.559981,100,1747955700,Very Low,5.308812,7.865859,Very Low,8.081657,60.7,7.5142856,100,1747955700,7.5142856
2025-05-22T23:22:16Z,0,29.858,73.5,62,67.7,5,8,206,78,0.0,255,32767,0.0,2127-15-31,0.0,0.52,26.6,0.0,0.0,0.0,0,4.822265625,6,45,05:39,20:22,2025-05-22 23:22:16.466786,Città della Scienza,76.0,7.9131613,8.37152,6.6360154,5.1869884,EU EEA Common AQI,69.5,6.4837356,6.9694486,7200,6.5857143,100,100,63.1,6.0114284,Very Low,68.6,6.559981,100,1747955700,Very Low,5.308812,7.865859,Very Low,8.081657,60.7,7.5142856,100,1747955700,7.5142856
2025-05-22T23:22:27Z,0,29.858,73.5,62,67.7,7,8,159,78,0.0,255,32767,0.0,2127-15-31,0.0,0.52,26.6,0.0,0.0,0.0,0,4.822265625,6,45,05:39,20:22,2025-05-22 23:22:27.542790,Città della Scienza,76.0,7.9131613,8.37152,6.6360154,5.1869884,EU EEA Common AQI,69.5,6.4837356,6.9694486,7200,6.5857143,100,100,63.1,6.0114284,Very Low,68.6,6.559981,100,1747955700,Very Low,5.308812,7.865859,Very Low,8.081657,60.7,7.5142856,100,1747955700,7.5142856
2025-05-22T23:22:38Z,0,29.858,73.5,62,67.7,7,8,185,78,0.0,255,32767,0.0,2127-15-31,0.0,0.52,26.6,0.0,0.0,0.0,0,4.822265625,6,45,05:39,20:22,2025-05-22 23:22:38.623788,Città della Scienza,76.0,7.9131613,8.37152,6.6360154,5.1869884,EU EEA Common AQI,69.5,6.4837356,6.9694486,7200,6.5857143,100,100,63.1,6.0114284,Very Low,68.6,6.559981,100,1747955700,Very Low,5.308812,7.865859,Very Low,8.081657,60.7,7.5142856,100,1747955700,7.5142856
2025-05-22T23:22:49Z,0,29.858,73.5,62,67.7,7,8,213,78,0.0,255,32767,0.0,2127-15-31,0.0,0.52,26.6,0.0,0.0,0.0,0,4.822265625,6,45,05:39,20:22,2025-05-22 23:22:49.700797,Città della Scienza,76.0,7.9131613,8.37152,6.6360154,5.1869884,EU EEA Common AQI,69.5,6.4837356,6.9694486,7200,6.5857143,100,100,63.1,6.0114284,Very Low,68.6,6.559981,100,1747955700,Very Low,5.308812,7.865859,Very Low,8.081657,60.7,7.5142856,100,1747955700,7.5142856
2025-05-22T23:23:00Z,0,29.858,73.5,62,67.7,7,8,200,78,0.0,255,32767,0.0,2127-15-31,0.0,0.52,26.6,0.0,0.0,0.0,0,4.822265625,6,45,05:39,20:22,2025-05-22 23:23:00.782791,Città della Scienza,76.0,7.9131613,8.37152,6.6360154,5.1869884,EU EEA Common AQI,69.5,6.4837356,6.9694486,7200,6.5857143,100,100,63.1,6.0114284,Very Low,68.6,6.559981,100,1747955700,Very Low,5.308812,7.865859,Very Low,8.081657,60.7,7.5142856,100,1747955700,7.5142856
2025-05-22T23:23:12Z,0,29.858,73.5,62,67.7,7,8,195,78,0.0,255,32767,0.0,2127-15-31,0.0,0.52,26.6,0.0,0.0,0.0,0,4.822265625,6,45,05:39,20:22,2025-05-22 23:23:11.864789,Città della Scienza,76.0,7.9131613,8.37152,6.6360154,5.1869884,EU EEA Common AQI,69.5,6.4837356,6.9694486,7200,6.5857143,100,100,63.1,6.0114284,Very Low,68.6,6.559981,100,1747955700,Very Low,5.308812,7.865859,Very Low,8.081657,60.7,7.5142856,100,1747955700,7.5142856
2025-05-22T23:23:23Z,0,29.858,73.5,62,67.7,4,8,184,78,0.0,255,32767,0.0,2127-15-31,0.0,0.52,26.6,0.0,0.0,0.0,0,4.822265625,6,45,05:39,20:22,2025-05-22 23:23:22.990790,Città della Scienza,76.0,7.9131613,8.37152,6.6360154,5.1869884,EU EEA Common AQI,69.5,6.4837356,6.9694486,7200,6.5857143,100,100,63.1,6.0114284,Very Low,68.6,6.559981,100,1747955700,Very Low,5.308812,7.865859,Very Low,8.081657,60.7,7.5142856,100,1747955700,7.5142856
2025-05-22T23:23:34Z,0,29.856,73.5,62,67.7,8,8,184,78,0.0,255,32767,0.0,2127-15-31,0.0,0.52,26.6,0.0,0.0,0.0,0,4.822265625,6,45,05:39,20:22,2025-05-22 23:23:34.086791,Città della Scienza,76.0,7.9131613,8.37152,6.6360154,5.1869884,EU EEA Common AQI,69.5,6.4837356,6.9694486,7200,6.5857143,100,100,63.1,6.0114284,Very Low,68.6,6.559981,100,1747955700,Very Low,5.308812,7.865859,Very Low,8.081657,60.7,7.5142856,100,1747955700,7.5142856
2025-05-22T23:23:45Z,0,29.856,73.5,62,67.7,9,8,264,78,0.0,255,32767,0.0,2127-15-31,0.0,0.52,26.6,0.0,0.0,0.0,0,4.822265625,6,45,05:39,20:22,2025-05-22 23:23:45.184790,Città della Scienza,76.0,7.9131613,8.37152,6.6360154,5.1869884,EU EEA Common AQI,69.5,6.4837356,6.9694486,7200,6.5857143,100,100,63.1,6.0114284,Very Low,68.6,6.559981,100,1747955700,Very Low,5.308812,7.865859,Very Low,8.081657,60.7,7.5142856,100,1747955700,7.5142856
2025-05-22T23:23:56Z,0,29.856,73.5,62,67.7,8,8,187,78,0.0,255,32767,0.0,2127-15-31,0.0,0.52,26.6,0.0,0.0,0.0,0,4.822265625,6,45,05:39,20:22,2025-05-22 23:23:56.239788,Città della Scienza,76.0,7.9131613,8.37152,6.6360154,5.1869884,EU EEA Common AQI,69.5,6.4837356,6.9694486,7200,6.5857143,100,100,63.1,6.0114284,Very Low,68.6,6.559981,100,1747955700,Very Low,5.308812,7.865859,Very Low,8.081657,60.7,7.5142856,100,1747955700,7.5142856
2025-05-22T23:24:07Z,0,29.856,73.5,62,67.7,6,8,162,78,0.0,255,32767,0.0,2127-15-31,0.0,0.52,26.6,0.0,0.0,0.0,0,4.822265625,6,45,05:39,20:22,2025-05-22 23:24:07.585802,Città della Scienza,76.0,7.9131613,8.37152,6.6360154,5.1869884,EU EEA Common AQI,69.5,6.4837356,6.9694486,7200,6.5857143,100,100,63.1,6.0114284,Very Low,68.6,6.559981,100,1747955700,Very Low,5.308812,7.865859,Very Low,8.081657,60.7,7.5142856,100,1747955700,7.5142856
2025-05-22T23:24:18Z,0,29.856,73.5,62,67.7,6,8,166,78,0.0,255,32767,0.0,2127-15-31,0.0,0.52,26.6,0.0,0.0,0.0,0,4.822265625,6,45,05:39,20:22,2025-05-22 23:24:18.684789,Città della Scienza,76.0,7.9131613,8.37152,6.6360154,5.1869884,EU EEA Common AQI,69.5,6.4837356,6.9694486,7200,6.5857143,100,100,63.1,6.0114284,Very Low,68.6,6.559981,100,1747955700,Very Low,5.308812,7.865859,Very Low,8.081657,60.7,7.5142856,100,1747955700,7.5142856
2025-05-22T23:24:29Z,0,29.856,73.5,62,67.7,10,8,166,78,0.0,255,32767,0.0,2127-15-31,0.0,0.52,26.6,0.0,0.0,0.0,0,4.822265625,6,45,05:39,20:22,2025-05-22 23:24:29.727782,Città della Scienza,76.0,7.9131613,8.37152,6.6360154,5.1869884,EU EEA Common AQI,69.5,6.4837356,6.9694486,7200,6.5857143,100,100,63.1,6.0114284,Very Low,68.6,6.559981,100,1747955700,Very Low,5.308812,7.865859,Very Low,8.081657,60.7,7.5142856,100,1747955700,7.5142856
2025-05-22T23:24:41Z,0,29.856,73.4,62,67.7,8,8,157,78,0.0,255,32767,0.0,2127-15-31,0.0,0.52,26.6,0.0,0.0,0.0,0,4.822265625,6,45,05:39,20:22,2025-05-22 23:24:40.820794,Città della Scienza,76.0,7.9131613,8.37152,6.6360154,5.1869884,EU EEA Common AQI,69.5,6.4837356,6.9694486,7200,6.5857143,100,100,63.1,6.0114284,Very Low,68.6,6.559981,100,1747955700,Very Low,5.308812,7.865859,Very Low,8.081657,60.7,7.5142856,100,1747955700,7.5142856
2025-05-22T23:24:52Z,0,29.856,73.4,62,67.7,7,8,182,78,0.0,255,32767,0.0,2127-15-31,0.0,0.52,26.6,0.0,0.0,0.0,0,4.822265625,6,45,05:39,20:22,2025-05-22 23:24:51.918794,Città della Scienza,76.0,7.9131613,8.37152,6.6360154,5.1869884,EU EEA Common AQI,69.5,6.4837356,6.9694486,7200,6.5857143,100,100,63.1,6.0114284,Very Low,68.6,6.559981,100,1747955700,Very Low,5.308812,7.865859,Very Low,8.081657,60.7,7.5142856,100,1747955700,7.5142856
2025-05-22T23:25:03Z,0,29.856,73.4,62,67.7,8,8,196,78,0.0,255,32767,0.0,2127-15-31,0.0,0.52,26.6,0.0,0.0,0.0,0,4.822265625,6,45,05:39,20:22,2025-05-22 23:25:03.006786,Città della Scienza,76.0,7.9131613,8.37152,6.6360154,5.1869884,EU EEA Common AQI,69.5,6.4837356,6.9694486,7200,6.5857143,100,100,63.1,6.0114284,Very Low,68.6,6.559981,100,1747955700,Very Low,5.308812,7.865859,Very Low,8.081657,60.7,7.5142856,100,1747955700,7.5142856
2025-05-22T23:25:14Z,0,29.856,73.4,62,67.7,3,8,203,78,0.0,255,32767,0.0,2127-15-31,0.0,0.52,26.6,0.0,0.0,0.0,0,4.822265625,6,45,05:39,20:22,2025-05-22 23:25:14.135793,Città della Scienza,76.0,7.9131613,8.37152,6.6360154,5.1869884,EU EEA Common AQI,69.5,6.4837356,6.9694486,7200,6.5857143,100,100,63.1,6.0114284,Very Low,68.6,6.559981,100,1747955700,Very Low,5.308812,7.865859,Very Low,8.081657,60.7,7.5142856,100,1747955700,7.5142856
2025-05-22T23:25:25Z,0,29.856,73.4,62,67.7,4,8,167,78,0.0,255,32767,0.0,2127-15-31,0.0,0.52,26.6,0.0,0.0,0.0,0,4.822265625,6,45,05:39,20:22,2025-05-22 23:25:25.229789,Città della Scienza,76.0,7.9131613,8.37152,6.6360154,5.1869884,EU EEA Common AQI,69.5,6.4837356,6.9694486,7200,6.5857143,100,100,63.1,6.0114284,Very Low,68.6,6.559981,100,1747955700,Very Low,5.308812,7.865859,Very Low,8.081657,60.7,7.5142856,100,1747955700,7.5142856
2025-05-22T23:25:36Z,0,29.857,73.4,62,67.7,7,8,198,78,0.0,255,32767,0.0,2127-15-31,0.0,0.52,26.6,0.0,0.0,0.0,0,4.822265625,6,45,05:39,20:22,2025-05-22 23:25:36.355788,Città della Scienza,76.0,7.9131613,8.37152,6.6360154,5.1869884,EU EEA Common AQI,69.5,6.4837356,6.9694486,7200,6.5857143,100,100,63.1,6.0114284,Very Low,68.6,6.559981,100,1747955700,Very Low,5.308812,7.865859,Very Low,8.081657,60.7,7.5142856,100,1747955700,7.5142856
2025-05-22T23:25:47Z,0,29.857,73.4,62,67.7,5,8,165,78,0.0,255,32767,0.0,2127-15-31,0.0,0.52,26.6,0.0,0.0,0.0,0,4.822265625,6,45,05:39,20:22,2025-05-22 23:25:47.391800,Città della Scienza,76.0,7.9131613,8.37152,6.6360154,5.1869884,EU EEA Common AQI,69.5,6.4837356,6.9694486,7200,6.5857143,100,100,63.1,6.0114284,Very Low,68.6,6.559981,100,1747955700,Very Low,5.308812,7.865859,Very Low,8.081657,60.7,7.5142856,100,1747955700,7.5142856
2025-05-22T23:25:58Z,0,29.857,73.4,62,67.7,3,8,199,78,0.0,255,32767,0.0,2127-15-31,0.0,0.52,26.6,0.0,0.0,0.0,0,4.822265625,6,45,05:39,20:22,2025-05-22 23:25:58.460787,Città della Scienza,76.0,7.9131613,8.37152,6.6360154,5.1869884,EU EEA Common AQI,69.5,6.4837356,6.9694486,7200,6.5857143,100,100,63.1,6.0114284,Very Low,68.6,6.559981,100,1747955700,Very Low,5.308812,7.865859,Very Low,8.081657,60.7,7.5142856,100,1747955700,7.5142856
2025-05-22T23:26:09Z,0,29.857,73.4,62,67.7,4,8,211,78,0.0,255,32767,0.0,2127-15-31,0.0,0.52,26.6,0.0,0.0,0.0,0,4.822265625,6,45,05:39,20:22,2025-05-22 23:26:09.538784,Città della Scienza,76.0,7.9131613,8.37152,6.6360154,5.1869884,EU EEA Common AQI,69.5,6.4837356,6.9694486,7200,6.5857143,100,100,63.1,6.0114284,Very Low,68.6,6.559981,100,1747955700,Very Low,5.308812,7.865859,Very Low,8.081657,60.7,7.5142856,100,1747955700,7.5142856
2025-05-22T23:26:20Z,0,29.857,73.4,62,67.7,3,8,188,78,0.0,255,32767,0.0,2127-15-31,0.0,0.52,26.6,0.0,0.0,0.0,0,4.822265625,6,45,05:39,20:22,2025-05-22 23:26:20.637806,Città della Scienza,76.0,7.9131613,8.37152,6.6360154,5.1869884,EU EEA Common AQI,69.5,6.4837356,6.9694486,7200,6.5857143,100,100,63.1,6.0114284,Very Low,68.6,6.559981,100,1747955700,Very Low,5.308812,7.865859,Very Low,8.081657,60.7,7.5142856,100,1747955700,7.5142856
2025-05-22T23:26:31Z,0,29.857,73.4,62,67.7,3,8,180,78,0.0,255,32767,0.0,2127-15-31,0.0,0.52,26.6,0.0,0.0,0.0,0,4.822265625,6,45,05:39,20:22,2025-05-22 23:26:31.709789,Città della Scienza,76.0,7.9131613,8.37152,6.6360154,5.1869884,EU EEA Common AQI,69.5,6.4837356,6.9694486,7200,6.5857143,100,100,63.1,6.0114284,Very Low,68.6,6.559981,100,1747955700,Very Low,5.308812,7.865859,Very Low,8.081657,60.7,7.5142856,100,1747955700,7.5142856
2025-05-22T23:26:42Z,0,29.854,73.4,62,67.7,2,7,152,78,0.0,255,32767,0.0,2127-15-31,0.0,0.52,26.6,0.0,0.0,0.0,0,4.822265625,6,45,05:39,20:22,2025-05-22 23:26:42.763781,Città della Scienza,76.0,7.9131613,8.37152,6.6360154,5.1869884,EU EEA Common AQI,69.5,6.4837356,6.9694486,7200,6.5857143,100,100,63.1,6.0114284,Very Low,68.6,6.559981,100,1747955700,Very Low,5.308812,7.865859,Very Low,8.081657,60.7,7.5142856,100,1747955700,7.5142856
2025-05-22T23:26:54Z,0,29.854,73.4,62,67.7,3,7,167,78,0.0,255,32767,0.0,2127-15-31,0.0,0.52,26.6,0.0,0.0,0.0,0,4.822265625,6,45,05:39,20:22,2025-05-22 23:26:53.855785,Città della Scienza,76.0,7.9131613,8.37152,6.6360154,5.1869884,EU EEA Common AQI,69.5,6.4837356,6.9694486,7200,6.5857143,100,100,63.1,6.0114284,Very Low,68.6,6.559981,100,1747955700,Very Low,5.308812,7.865859,Very Low,8.081657,60.7,7.5142856,100,1747955700,7.5142856
2025-05-22T23:27:05Z,0,29.854,73.4,62,67.7,3,7,210,78,0.0,255,32767,0.0,2127-15-31,0.0,0.52,26.6,0.0,0.0,0.0,0,4.822265625,6,45,05:39,20:22,2025-05-22 23:27:04.949816,Città della Scienza,76.0,7.9131613,8.37152,6.6360154,5.1869884,EU EEA Common AQI,69.5,6.4837356,6.9694486,7200,6.5857143,100,100,63.1,6.0114284,Very Low,68.6,6.559981,100,1747955700,Very Low,5.308812,7.865859,Very Low,8.081657,60.7,7.5142856,100,1747955700,7.5142856
2025-05-22T23:27:16Z,0,29.854,73.4,62,67.8,3,7,150,78,0.0,255,32767,0.0,2127-15-31,0.0,0.52,26.6,0.0,0.0,0.0,0,4.822265625,6,45,05:39,20:22,2025-05-22 23:27:15.979789,Città della Scienza,76.0,7.9131613,8.37152,6.6360154,5.1869884,EU EEA Common AQI,69.5,6.4837356,6.9694486,7200,6.5857143,100,100,63.1,6.0114284,Very Low,68.6,6.559981,100,1747955700,Very Low,5.308812,7.865859,Very Low,8.081657,60.7,7.5142856,100,1747955700,7.5142856
2025-05-22T23:27:27Z,0,29.854,73.4,62,67.8,2,7,170,79,0.0,255,32767,0.0,2127-15-31,0.0,0.52,26.6,0.0,0.0,0.0,0,4.822265625,6,45,05:39,20:22,2025-05-22 23:27:27.124797,Città della Scienza,76.0,7.9131613,8.37152,6.6360154,5.1869884,EU EEA Common AQI,69.5,6.4837356,6.9694486,7200,6.5857143,100,100,63.1,6.0114284,Very Low,68.6,6.559981,100,1747955700,Very Low,5.308812,7.865859,Very Low,8.081657,60.7,7.5142856,100,1747955700,7.5142856
2025-05-22T23:27:38Z,0,29.854,73.4,62,67.7,5,7,201,79,0.0,255,32767,0.0,2127-15-31,0.0,0.52,26.6,0.0,0.0,0.0,0,4.822265625,6,45,05:39,20:22,2025-05-22 23:27:38.222793,Città della Scienza,76.0,7.9131613,8.37152,6.6360154,5.1869884,EU EEA Common AQI,69.5,6.4837356,6.9694486,7200,6.5857143,100,100,63.1,6.0114284,Very Low,68.6,6.559981,100,1747955700,Very Low,5.308812,7.865859,Very Low,8.081657,60.7,7.5142856,100,1747955700,7.5142856
2025-05-22T23:27:49Z,0,29.854,73.4,62,67.7,5,7,157,79,0.0,255,32767,0.0,2127-15-31,0.0,0.52,26.6,0.0,0.0,0.0,0,4.822265625,6,45,05:39,20:22,2025-05-22 23:27:49.326788,Città della Scienza,76.0,7.9131613,8.37152,6.6360154,5.1869884,EU EEA Common AQI,69.5,6.4837356,6.9694486,7200,6.5857143,100,100,63.1,6.0114284,Very Low,68.6,6.559981,100,1747955700,Very Low,5.308812,7.865859,Very Low,8.081657,60.7,7.5142856,100,1747955700,7.5142856
2025-05-22T23:28:00Z,0,29.854,73.4,62,67.7,5,7,182,79,0.0,255,32767,0.0,2127-15-31,0.0,0.52,26.6,0.0,0.0,0.0,0,4.822265625,6,45,05:39,20:22,2025-05-22 23:28:00.461787,Città della Scienza,76.0,7.9131613,8.37152,6.6360154,5.1869884,EU EEA Common AQI,69.5,6.4837356,6.9694486,7200,6.5857143,100,100,63.1,6.0114284,Very Low,68.6,6.559981,100,1747955700,Very Low,5.308812,7.865859,Very Low,8.081657,60.7,7.5142856,100,1747955700,7.5142856
2025-05-22T23:28:11Z,0,29.854,73.4,62,67.7,7,7,197,79,0.0,255,32767,0.0,2127-15-31,0.0,0.52,26.6,0.0,0.0,0.0,0,4.822265625,6,45,05:39,20:22,2025-05-22 23:28:11.569799,Città della Scienza,76.0,7.9131613,8.37152,6.6360154,5.1869884,EU EEA Common AQI,69.5,6.4837356,6.9694486,7200,6.5857143,100,100,63.1,6.0114284,Very Low,68.6,6.559981,100,1747955700,Very Low,5.308812,7.865859,Very Low,8.081657,60.7,7.5142856,100,1747955700,7.5142856
2025-05-22T23:28:22Z,0,29.854,73.4,62,67.7,6,7,170,79,0.0,255,32767,0.0,2127-15-31,0.0,0.52,26.6,0.0,0.0,0.0,0,4.822265625,6,45,05:39,20:22,2025-05-22 23:28:22.646807,Città della Scienza,76.0,7.9131613,8.37152,6.6360154,5.1869884,EU EEA Common AQI,69.5,6.4837356,6.9694486,7200,6.5857143,100,100,63.1,6.0114284,Very Low,68.6,6.559981,100,1747955700,Very Low,5.308812,7.865859,Very Low,8.081657,60.7,7.5142856,100,1747955700,7.5142856
2025-05-22T23:28:33Z,0,29.855,73.4,62,67.7,4,7,207,79,0.0,255,32767,0.0,2127-15-31,0.0,0.52,26.6,0.0,0.0,0.0,0,4.822265625,6,45,05:39,20:22,2025-05-22 23:28:33.725798,Città della Scienza,76.0,7.9131613,8.37152,6.6360154,5.1869884,EU EEA Common AQI,69.5,6.4837356,6.9694486,7200,6.5857143,100,100,63.1,6.0114284,Very Low,68.6,6.559981,100,1747955700,Very Low,5.308812,7.865859,Very Low,8.081657,60.7,7.5142856,100,1747955700,7.5142856
2025-05-22T23:28:44Z,0,29.855,73.4,62,67.7,6,7,167,79,0.0,255,32767,0.0,2127-15-31,0.0,0.52,26.6,0.0,0.0,0.0,0,4.822265625,6,45,05:39,20:22,2025-05-22 23:28:44.775788,Città della Scienza,76.0,7.9131613,8.37152,6.6360154,5.1869884,EU EEA Common AQI,69.5,6.4837356,6.9694486,7200,6.5857143,100,100,63.1,6.0114284,Very Low,68.6,6.559981,100,1747955700,Very Low,5.308812,7.865859,Very Low,8.081657,60.7,7.5142856,100,1747955700,7.5142856
2025-05-22T23:28:56Z,0,29.855,73.4,62,67.7,7,7,165,79,0.0,255,32767,0.0,2127-15-31,0.0,0.52,26.6,0.0,0.0,0.0,0,4.822265625,6,45,05:39,20:22,2025-05-22 23:28:55.821806,Città della Scienza,76.0,7.9131613,8.37152,6.6360154,5.1869884,EU EEA Common AQI,69.5,6.4837356,6.9694486,7200,6.5857143,100,100,63.1,6.0114284,Very Low,68.6,6.559981,100,1747955700,Very Low,5.308812,7.865859,Very Low,8.081657,60.7,7.5142856,100,1747955700,7.5142856
2025-05-22T23:29:07Z,0,29.855,73.4,62,67.7,4,7,196,78,0.0,255,32767,0.0,2127-15-31,0.0,0.52,26.6,0.0,0.0,0.0,0,4.822265625,6,45,05:39,20:22,2025-05-22 23:29:06.862799,Città della Scienza,76.0,7.9131613,8.37152,6.6360154,5.1869884,EU EEA Common AQI,69.5,6.4837356,6.9694486,7200,6.5857143,100,100,63.1,6.0114284,Very Low,68.6,6.559981,100,1747955700,Very Low,5.308812,7.865859,Very Low,8.081657,60.7,7.5142856,100,1747955700,7.5142856
2025-05-22T23:29:18Z,0,29.855,73.4,62,67.7,5,7,159,78,0.0,255,32767,0.0,2127-15-31,0.0,0.52,26.6,0.0,0.0,0.0,0,4.822265625,6,45,05:39,20:22,2025-05-22 23:29:17.961805,Città della Scienza,76.0,7.9131613,8.37152,6.6360154,5.1869884,EU EEA Common AQI,69.5,6.4837356,6.9694486,7200,6.5857143,100,100,63.1,6.0114284,Very Low,68.6,6.559981,100,1747955700,Very Low,5.308812,7.865859,Very Low,8.081657,60.7,7.5142856,100,1747955700,7.5142856
2025-05-22T23:29:29Z,0,29.855,73.4,62,67.7,7,7,192,78,0.0,255,32767,0.0,2127-15-31,0.0,0.52,26.6,0.0,0.0,0.0,0,4.822265625,6,45,05:39,20:22,2025-05-22 23:29:29.035751,Città della Scienza,76.0,7.9131613,8.37152,6.6360154,5.1869884,EU EEA Common AQI,69.5,6.4837356,6.9694486,7200,6.5857143,100,100,63.1,6.0114284,Very Low,68.6,6.559981,100,1747955700,Very Low,5.308812,7.865859,Very Low,8.081657,60.7,7.5142856,100,1747955700,7.5142856
2025-05-22T23:29:40Z,0,29.853,73.4,62,67.7,7,6,157,78,0.0,255,32767,0.0,2127-15-31,0.0,0.52,26.6,0.0,0.0,0.0,0,4.822265625,6,45,05:39,20:22,2025-05-22 23:29:40.125796,Città della Scienza,76.0,7.9131613,8.37152,6.6360154,5.1869884,EU EEA Common AQI,69.5,6.4837356,6.9694486,7200,6.5857143,100,100,63.1,6.0114284,Very Low,68.6,6.559981,100,1747955700,Very Low,5.308812,7.865859,Very Low,8.081657,60.7,7.5142856,100,1747955700,7.5142856
2025-05-22T23:29:51Z,0,29.853,73.4,62,67.7,7,6,177,78,0.0,255,32767,0.0,2127-15-31,0.0,0.52,26.6,0.0,0.0,0.0,0,4.822265625,6,45,05:39,20:22,2025-05-22 23:29:51.223794,Città della Scienza,76.0,7.9131613,8.37152,6.6360154,5.1869884,EU EEA Common AQI,69.5,6.4837356,6.9694486,7200,6.5857143,100,100,63.1,6.0114284,Very Low,68.6,6.559981,100,1747955700,Very Low,5.308812,7.865859,Very Low,8.081657,60.7,7.5142856,100,1747955700,7.5142856
2025-05-22T23:30:02Z,0,29.853,73.4,62,67.7,5,6,153,78,0.0,255,32767,0.0,2127-15-31,0.0,0.52,26.6,0.0,0.0,0.0,0,4.822265625,6,45,05:39,20:22,2025-05-22 23:30:02.333786,Città della Scienza,76.0,7.9131613,8.37152,6.6360154,5.1869884,EU EEA Common AQI,69.5,6.4837356,6.9694486,7200,6.5857143,100,100,63.1,6.0114284,Very Low,68.6,6.559981,100,1747955700,Very Low,5.308812,7.865859,Very Low,8.081657,60.7,7.5142856,100,1747955700,7.5142856
2025-05-22T23:30:13Z,0,29.853,73.4,62,67.7,4,6,176,78,0.0,255,32767,0.0,2127-15-31,0.0,0.52,26.6,0.0,0.0,0.0,0,4.822265625,6,45,05:39,20:22,2025-05-22 23:30:13.402787,Città della Scienza,76.0,7.9131613,8.37152,6.6360154,5.1869884,EU EEA Common AQI,69.5,6.4837356,6.9694486,7200,6.5857143,100,100,63.1,6.0114284,Very Low,68.6,6.559981,100,1747955700,Very Low,5.308812,7.865859,Very Low,8.081657,60.7,7.5142856,100,1747955700,7.5142856
2025-05-22T23:30:24Z,0,29.853,73.4,62,67.6,7,6,186,78,0.0,255,32767,0.0,2127-15-31,0.0,0.52,26.6,0.0,0.0,0.0,0,4.822265625,6,45,05:39,20:22,2025-05-22 23:30:24.518783,Città della Scienza,76.8,7.917392,8.357753,6.63706,5.2001777,EU EEA Common AQI,69.4,6.500222,6.9607754,7200,6.3768115,100,100,63.2,5.7043476,Very Low,68.5,6.566685,100,1747956600,Very Low,5.309648,7.8660274,Very Low,8.0222645,60.9,8.797101,100,1747956600,7.130435
2025-05-22T23:30:35Z,236,29.853,73.4,62,67.6,9,6,178,78,0.0,255,32767,0.0,2127-15-31,0.0,0.52,26.6,0.0,0.0,0.0,0,4.822265625,6,45,05:39,20:22,2025-05-22 23:30:35.614796,Città della Scienza,76.8,7.917392,8.357753,6.63706,5.2001777,EU EEA Common AQI,69.4,6.500222,6.9607754,7200,6.3768115,100,100,63.2,5.7043476,Very Low,68.5,6.566685,100,1747956600,Very Low,5.309648,7.8660274,Very Low,8.0222645,60.9,8.797101,100,1747956600,7.130435
2025-05-22T23:30:46Z,236,29.853,73.4,62,67.6,4,6,205,78,0.0,255,32767,0.0,2127-15-31,0.0,0.52,26.6,0.0,0.0,0.0,0,4.822265625,6,45,05:39,20:22,2025-05-22 23:30:46.688789,Città della Scienza,76.8,7.917392,8.357753,6.63706,5.2001777,EU EEA Common AQI,69.4,6.500222,6.9607754,7200,6.3768115,100,100,63.2,5.7043476,Very Low,68.5,6.566685,100,1747956600,Very Low,5.309648,7.8660274,Very Low,8.0222645,60.9,8.797101,100,1747956600,7.130435
2025-05-22T23:30:57Z,236,29.853,73.4,62,67.6,4,6,163,78,0.0,255,32767,0.0,2127-15-31,0.0,0.52,26.6,0.0,0.0,0.0,0,4.822265625,6,45,05:39,20:22,2025-05-22 23:30:57.737789,Città della Scienza,76.8,7.917392,8.357753,6.63706,5.2001777,EU EEA Common AQI,69.4,6.500222,6.9607754,7200,6.3768115,100,100,63.2,5.7043476,Very Low,68.5,6.566685,100,1747956600,Very Low,5.309648,7.8660274,Very Low,8.0222645,60.9,8.797101,100,1747956600,7.130435
2025-05-22T23:31:09Z,236,29.853,73.4,62,67.6,3,6,211,78,0.0,255,32767,0.0,2127-15-31,0.0,0.52,26.6,0.0,0.0,0.0,0,4.822265625,6,45,05:39,20:22,2025-05-22 23:31:08.841788,Città della Scienza,76.8,7.917392,8.357753,6.63706,5.2001777,EU EEA Common AQI,69.4,6.500222,6.9607754,7200,6.3768115,100,100,63.2,5.7043476,Very Low,68.5,6.566685,100,1747956600,Very Low,5.309648,7.8660274,Very Low,8.0222645,60.9,8.797101,100,1747956600,7.130435
2025-05-22T23:31:20Z,236,29.853,73.4,62,67.6,6,6,161,78,0.0,255,32767,0.0,2127-15-31,0.0,0.52,26.6,0.0,0.0,0.0,0,4.822265625,6,45,05:39,20:22,2025-05-22 23:31:19.947789,Città della Scienza,76.8,7.917392,8.357753,6.63706,5.2001777,EU EEA Common AQI,69.4,6.500222,6.9607754,7200,6.3768115,100,100,63.2,5.7043476,Very Low,68.5,6.566685,100,1747956600,Very Low,5.309648,7.8660274,Very Low,8.0222645,60.9,8.797101,100,1747956600,7.130435
2025-05-22T23:31:31Z,236,29.853,73.4,62,67.6,9,6,164,78,0.0,255,32767,0.0,2127-15-31,0.0,0.52,26.6,0.0,0.0,0.0,0,4.822265625,6,45,05:39,20:22,2025-05-22 23:31:31.031787,Città della Scienza,76.8,7.917392,8.357753,6.63706,5.2001777,EU EEA Common AQI,69.4,6.500222,6.9607754,7200,6.3768115,100,100,63.2,5.7043476,Very Low,68.5,6.566685,100,1747956600,Very Low,5.309648,7.8660274,Very Low,8.0222645,60.9,8.797101,100,1747956600,7.130435
2025-05-22T23:31:42Z,236,29.854,73.3,62,67.6,7,6,160,78,0.0,255,32767,0.0,2127-15-31,0.0,0.52,26.6,0.0,0.0,0.0,0,4.822265625,6,45,05:39,20:22,2025-05-22 23:31:42.139792,Città della Scienza,76.8,7.917392,8.357753,6.63706,5.2001777,EU EEA Common AQI,69.4,6.500222,6.9607754,7200,6.3768115,100,100,63.2,5.7043476,Very Low,68.5,6.566685,100,1747956600,Very Low,5.309648,7.8660274,Very Low,8.0222645,60.9,8.797101,100,1747956600,7.130435
2025-05-22T23:31:53Z,236,29.854,73.3,62,67.6,4,6,180,78,0.0,255,32767,0.0,2127-15-31,0.0,0.52,26.6,0.0,0.0,0.0,0,4.822265625,6,45,05:39,20:22,2025-05-22 23:31:53.271788,Città della Scienza,76.8,7.917392,8.357753,6.63706,5.2001777,EU EEA Common AQI,69.4,6.500222,6.9607754,7200,6.3768115,100,100,63.2,5.7043476,Very Low,68.5,6.566685,100,1747956600,Very Low,5.309648,7.8660274,Very Low,8.0222645,60.9,8.797101,100,1747956600,7.130435
2025-05-22T23:32:04Z,236,29.854,73.3,62,67.6,4,6,177,78,0.0,255,32767,0.0,2127-15-31,0.0,0.52,26.6,0.0,0.0,0.0,0,4.822265625,6,45,05:39,20:22,2025-05-22 23:32:04.366795,Città della Scienza,76.8,7.917392,8.357753,6.63706,5.2001777,EU EEA Common AQI,69.4,6.500222,6.9607754,7200,6.3768115,100,100,63.2,5.7043476,Very Low,68.5,6.566685,100,1747956600,Very Low,5.309648,7.8660274,Very Low,8.0222645,60.9,8.797101,100,1747956600,7.130435
2025-05-22T23:32:15Z,236,29.854,73.3,62,67.6,6,6,171,78,0.0,255,32767,0.0,2127-15-31,0.0,0.52,26.6,0.0,0.0,0.0,0,4.822265625,6,45,05:39,20:22,2025-05-22 23:32:15.447809,Città della Scienza,76.8,7.917392,8.357753,6.63706,5.2001777,EU EEA Common AQI,69.4,6.500222,6.9607754,7200,6.3768115,100,100,63.2,5.7043476,Very Low,68.5,6.566685,100,1747956600,Very Low,5.309648,7.8660274,Very Low,8.0222645,60.9,8.797101,100,1747956600,7.130435
2025-05-22T23:32:26Z,236,29.854,73.3,62,67.6,3,6,174,78,0.0,255,32767,0.0,2127-15-31,0.0,0.52,26.6,0.0,0.0,0.0,0,4.822265625,6,45,05:39,20:22,2025-05-22 23:32:26.504791,Città della Scienza,76.8,7.917392,8.357753,6.63706,5.2001777,EU EEA Common AQI,69.4,6.500222,6.9607754,7200,6.3768115,100,100,63.2,5.7043476,Very Low,68.5,6.566685,100,1747956600,Very Low,5.309648,7.8660274,Very Low,8.0222645,60.9,8.797101,100,1747956600,7.130435
2025-05-22T23:32:37Z,236,29.855,73.4,62,67.6,5,6,197,78,0.0,255,32767,0.0,2127-15-31,0.0,0.52,26.6,0.0,0.0,0.0,0,4.822265625,6,45,05:39,20:22,2025-05-22 23:32:37.576796,Città della Scienza,76.8,7.917392,8.357753,6.63706,5.2001777,EU EEA Common AQI,69.4,6.500222,6.9607754,7200,6.3768115,100,100,63.2,5.7043476,Very Low,68.5,6.566685,100,1747956600,Very Low,5.309648,7.8660274,Very Low,8.0222645,60.9,8.797101,100,1747956600,7.130435
2025-05-22T23:32:48Z,236,29.855,73.4,62,67.6,7,6,159,78,0.0,255,32767,0.0,2127-15-31,0.0,0.52,26.6,0.0,0.0,0.0,0,4.822265625,6,45,05:39,20:22,2025-05-22 23:32:48.700796,Città della Scienza,76.8,7.917392,8.357753,6.63706,5.2001777,EU EEA Common AQI,69.4,6.500222,6.9607754,7200,6.3768115,100,100,63.2,5.7043476,Very Low,68.5,6.566685,100,1747956600,Very Low,5.309648,7.8660274,Very Low,8.0222645,60.9,8.797101,100,1747956600,7.130435
2025-05-22T23:32:59Z,236,29.855,73.4,62,67.6,3,6,134,78,0.0,255,32767,0.0,2127-15-31,0.0,0.52,26.6,0.0,0.0,0.0,0,4.822265625,6,45,05:39,20:22,2025-05-22 23:32:59.791791,Città della Scienza,76.8,7.917392,8.357753,6.63706,5.2001777,EU EEA Common AQI,69.4,6.500222,6.9607754,7200,6.3768115,100,100,63.2,5.7043476,Very Low,68.5,6.566685,100,1747956600,Very Low,5.309648,7.8660274,Very Low,8.0222645,60.9,8.797101,100,1747956600,7.130435
2025-05-22T23:33:11Z,236,29.855,73.4,62,67.6,4,6,283,78,0.0,255,32767,0.0,2127-15-31,0.0,0.52,26.6,0.0,0.0,0.0,0,4.822265625,6,45,05:39,20:22,2025-05-22 23:33:10.863795,Città della Scienza,76.8,7.917392,8.357753,6.63706,5.2001777,EU EEA Common AQI,69.4,6.500222,6.9607754,7200,6.3768115,100,100,63.2,5.7043476,Very Low,68.5,6.566685,100,1747956600,Very Low,5.309648,7.8660274,Very Low,8.0222645,60.9,8.797101,100,1747956600,7.130435
2025-05-22T23:33:22Z,236,29.855,73.4,62,67.6,9,6,165,78,0.0,255,32767,0.0,2127-15-31,0.0,0.52,26.6,0.0,0.0,0.0,0,4.822265625,6,45,05:39,20:22,2025-05-22 23:33:21.966789,Città della Scienza,76.8,7.917392,8.357753,6.63706,5.2001777,EU EEA Common AQI,69.4,6.500222,6.9607754,7200,6.3768115,100,100,63.2,5.7043476,Very Low,68.5,6.566685,100,1747956600,Very Low,5.309648,7.8660274,Very Low,8.0222645,60.9,8.797101,100,1747956600,7.130435
2025-05-22T23:33:33Z,236,29.854,73.4,62,67.6,5,6,183,78,0.0,255,32767,0.0,2127-15-31,0.0,0.52,26.6,0.0,0.0,0.0,0,4.822265625,6,45,05:39,20:22,2025-05-22 23:33:33.066784,Città della Scienza,76.8,7.917392,8.357753,6.63706,5.2001777,EU EEA Common AQI,69.4,6.500222,6.9607754,7200,6.3768115,100,100,63.2,5.7043476,Very Low,68.5,6.566685,100,1747956600,Very Low,5.309648,7.8660274,Very Low,8.0222645,60.9,8.797101,100,1747956600,7.130435
2025-05-22T23:33:44Z,236,29.854,73.4,62,67.6,7,6,183,78,0.0,255,32767,0.0,2127-15-31,0.0,0.52,26.6,0.0,0.0,0.0,0,4.822265625,6,45,05:39,20:22,2025-05-22 23:33:44.168791,Città della Scienza,76.8,7.917392,8.357753,6.63706,5.2001777,EU EEA Common AQI,69.4,6.500222,6.9607754,7200,6.3768115,100,100,63.2,5.7043476,Very Low,68.5,6.566685,100,1747956600,Very Low,5.309648,7.8660274,Very Low,8.0222645,60.9,8.797101,100,1747956600,7.130435
2025-05-22T23:33:55Z,236,29.854,73.4,62,67.6,8,6,180,78,0.0,255,32767,0.0,2127-15-31,0.0,0.52,26.6,0.0,0.0,0.0,0,4.822265625,6,45,05:39,20:22,2025-05-22 23:33:55.218777,Città della Scienza,76.8,7.917392,8.357753,6.63706,5.2001777,EU EEA Common AQI,69.4,6.500222,6.9607754,7200,6.3768115,100,100,63.2,5.7043476,Very Low,68.5,6.566685,100,1747956600,Very Low,5.309648,7.8660274,Very Low,8.0222645,60.9,8.797101,100,1747956600,7.130435
2025-05-22T23:34:06Z,236,29.854,73.4,62,67.6,6,6,189,78,0.0,255,32767,0.0,2127-15-31,0.0,0.52,26.6,0.0,0.0,0.0,0,4.822265625,6,45,05:39,20:22,2025-05-22 23:34:06.257783,Città della Scienza,76.8,7.917392,8.357753,6.63706,5.2001777,EU EEA Common AQI,69.4,6.500222,6.9607754,7200,6.3768115,100,100,63.2,5.7043476,Very Low,68.5,6.566685,100,1747956600,Very Low,5.309648,7.8660274,Very Low,8.0222645,60.9,8.797101,100,1747956600,7.130435
2025-05-22T23:34:17Z,236,29.854,73.4,62,67.6,6,6,201,78,0.0,255,32767,0.0,2127-15-31,0.0,0.52,26.6,0.0,0.0,0.0,0,4.822265625,6,45,05:39,20:22,2025-05-22 23:34:17.349785,Città della Scienza,76.8,7.917392,8.357753,6.63706,5.2001777,EU EEA Common AQI,69.4,6.500222,6.9607754,7200,6.3768115,100,100,63.2,5.7043476,Very Low,68.5,6.566685,100,1747956600,Very Low,5.309648,7.8660274,Very Low,8.0222645,60.9,8.797101,100,1747956600,7.130435
2025-05-22T23:34:28Z,236,29.854,73.4,62,67.6,8,6,203,78,0.0,255,32767,0.0,2127-15-31,0.0,0.52,26.6,0.0,0.0,0.0,0,4.822265625,6,45,05:39,20:22,2025-05-22 23:34:28.400795,Città della Scienza,76.8,7.917392,8.357753,6.63706,5.2001777,EU EEA Common AQI,69.4,6.500222,6.9607754,7200,6.3768115,100,100,63.2,5.7043476,Very Low,68.5,6.566685,100,1747956600,Very Low,5.309648,7.8660274,Very Low,8.0222645,60.9,8.797101,100,1747956600,7.130435
2025-05-22T23:34:39Z,236,29.853,73.4,62,67.6,7,6,212,78,0.0,255,32767,0.0,2127-15-31,0.0,0.52,26.6,0.0,0.0,0.0,0,4.822265625,6,45,05:39,20:22,2025-05-22 23:34:39.476127,Città della Scienza,76.8,7.917392,8.357753,6.63706,5.2001777,EU EEA Common AQI,69.4,6.500222,6.9607754,7200,6.3768115,100,100,63.2,5.7043476,Very Low,68.5,6.566685,100,1747956600,Very Low,5.309648,7.8660274,Very Low,8.0222645,60.9,8.797101,100,1747956600,7.130435
2025-05-22T23:34:50Z,236,29.853,73.4,62,67.6,11,6,189,78,0.0,255,32767,0.0,2127-15-31,0.0,0.52,26.6,0.0,0.0,0.0,0,4.822265625,6,45,05:39,20:22,2025-05-22 23:34:50.546779,Città della Scienza,76.8,7.917392,8.357753,6.63706,5.2001777,EU EEA Common AQI,69.4,6.500222,6.9607754,7200,6.3768115,100,100,63.2,5.7043476,Very Low,68.5,6.566685,100,1747956600,Very Low,5.309648,7.8660274,Very Low,8.0222645,60.9,8.797101,100,1747956600,7.130435
2025-05-22T23:35:01Z,236,29.853,73.4,62,67.6,5,6,198,78,0.0,255,32767,0.0,2127-15-31,0.0,0.52,26.6,0.0,0.0,0.0,0,4.822265625,6,45,05:39,20:22,2025-05-22 23:35:01.644789,Città della Scienza,76.8,7.917392,8.357753,6.63706,5.2001777,EU EEA Common AQI,69.4,6.500222,6.9607754,7200,6.3768115,100,100,63.2,5.7043476,Very Low,68.5,6.566685,100,1747956600,Very Low,5.309648,7.8660274,Very Low,8.0222645,60.9,8.797101,100,1747956600,7.130435
2025-05-22T23:35:12Z,236,29.853,73.4,62,67.6,4,6,221,78,0.0,255,32767,0.0,2127-15-31,0.0,0.52,26.6,0.0,0.0,0.0,0,4.822265625,6,45,05:39,20:22,2025-05-22 23:35:12.753787,Città della Scienza,76.8,7.917392,8.357753,6.63706,5.2001777,EU EEA Common AQI,69.4,6.500222,6.9607754,7200,6.3768115,100,100,63.2,5.7043476,Very Low,68.5,6.566685,100,1747956600,Very Low,5.309648,7.8660274,Very Low,8.0222645,60.9,8.797101,100,1747956600,7.130435
2025-05-22T23:35:23Z,236,29.853,73.4,62,67.6,4,6,215,78,0.0,255,32767,0.0,2127-15-31,0.0,0.52,26.6,0.0,0.0,0.0,0,4.822265625,6,45,05:39,20:22,2025-05-22 23:35:23.791791,Città della Scienza,76.8,7.917392,8.357753,6.63706,5.2001777,EU EEA Common AQI,69.4,6.500222,6.9607754,7200,6.3768115,100,100,63.2,5.7043476,Very Low,68.5,6.566685,100,1747956600,Very Low,5.309648,7.8660274,Very Low,8.0222645,60.9,8.797101,100,1747956600,7.130435
2025-05-22T23:35:35Z,236,29.852,73.4,62,67.6,6,6,220,78,0.0,255,32767,0.0,2127-15-31,0.0,0.52,26.6,0.0,0.0,0.0,0,4.822265625,6,45,05:39,20:22,2025-05-22 23:35:34.872751,Città della Scienza,76.8,7.917392,8.357753,6.63706,5.2001777,EU EEA Common AQI,69.4,6.500222,6.9607754,7200,6.3768115,100,100,63.2,5.7043476,Very Low,68.5,6.566685,100,1747956600,Very Low,5.309648,7.8660274,Very Low,8.0222645,60.9,8.797101,100,1747956600,7.130435
2025-05-22T23:35:46Z,236,29.852,73.4,62,67.5,8,6,248,78,0.0,255,32767,0.0,2127-15-31,0.0,0.52,26.6,0.0,0.0,0.0,0,4.822265625,6,45,05:39,20:22,2025-05-22 23:35:45.985785,Città della Scienza,76.8,7.917392,8.357753,6.63706,5.2001777,EU EEA Common AQI,69.4,6.500222,6.9607754,7200,6.3768115,100,100,63.2,5.7043476,Very Low,68.5,6.566685,100,1747956600,Very Low,5.309648,7.8660274,Very Low,8.0222645,60.9,8.797101,100,1747956600,7.130435
2025-05-22T23:35:57Z,236,29.852,73.4,62,67.6,4,6,169,78,0.0,255,32767,0.0,2127-15-31,0.0,0.52,26.6,0.0,0.0,0.0,0,4.822265625,6,45,05:39,20:22,2025-05-22 23:35:57.116809,Città della Scienza,76.8,7.917392,8.357753,6.63706,5.2001777,EU EEA Common AQI,69.4,6.500222,6.9607754,7200,6.3768115,100,100,63.2,5.7043476,Very Low,68.5,6.566685,100,1747956600,Very Low,5.309648,7.8660274,Very Low,8.0222645,60.9,8.797101,100,1747956600,7.130435
2025-05-22T23:36:08Z,236,29.852,73.4,62,67.6,7,6,157,78,0.0,255,32767,0.0,2127-15-31,0.0,0.52,26.6,0.0,0.0,0.0,0,4.822265625,6,45,05:39,20:22,2025-05-22 23:36:08.217796,Città della Scienza,76.8,7.917392,8.357753,6.63706,5.2001777,EU EEA Common AQI,69.4,6.500222,6.9607754,7200,6.3768115,100,100,63.2,5.7043476,Very Low,68.5,6.566685,100,1747956600,Very Low,5.309648,7.8660274,Very Low,8.0222645,60.9,8.797101,100,1747956600,7.130435
2025-05-22T23:36:19Z,236,29.852,73.4,62,67.5,7,6,189,78,0.0,255,32767,0.0,2127-15-31,0.0,0.52,26.6,0.0,0.0,0.0,0,4.822265625,6,45,05:39,20:22,2025-05-22 23:36:19.316782,Città della Scienza,76.8,7.917392,8.357753,6.63706,5.2001777,EU EEA Common AQI,69.4,6.500222,6.9607754,7200,6.3768115,100,100,63.2,5.7043476,Very Low,68.5,6.566685,100,1747956600,Very Low,5.309648,7.8660274,Very Low,8.0222645,60.9,8.797101,100,1747956600,7.130435
2025-05-22T23:36:30Z,236,29.852,73.4,62,67.5,6,6,182,78,0.0,255,32767,0.0,2127-15-31,0.0,0.52,26.6,0.0,0.0,0.0,0,4.822265625,6,45,05:39,20:22,2025-05-22 23:36:30.427788,Città della Scienza,76.8,7.917392,8.357753,6.63706,5.2001777,EU EEA Common AQI,69.4,6.500222,6.9607754,7200,6.3768115,100,100,63.2,5.7043476,Very Low,68.5,6.566685,100,1747956600,Very Low,5.309648,7.8660274,Very Low,8.0222645,60.9,8.797101,100,1747956600,7.130435
2025-05-22T23:36:41Z,236,29.851,73.3,62,67.6,10,6,173,78,0.0,255,32767,0.0,2127-15-31,0.0,0.52,26.6,0.0,0.0,0.0,0,4.822265625,6,45,05:39,20:22,2025-05-22 23:36:41.524755,Città della Scienza,76.8,7.917392,8.357753,6.63706,5.2001777,EU EEA Common AQI,69.4,6.500222,6.9607754,7200,6.3768115,100,100,63.2,5.7043476,Very Low,68.5,6.566685,100,1747956600,Very Low,5.309648,7.8660274,Very Low,8.0222645,60.9,8.797101,100,1747956600,7.130435
2025-05-22T23:36:52Z,236,29.851,73.3,62,67.6,7,6,159,78,0.0,255,32767,0.0,2127-15-31,0.0,0.52,26.6,0.0,0.0,0.0,0,4.822265625,6,45,05:39,20:22,2025-05-22 23:36:52.598798,Città della Scienza,76.8,7.917392,8.357753,6.63706,5.2001777,EU EEA Common AQI,69.4,6.500222,6.9607754,7200,6.3768115,100,100,63.2,5.7043476,Very Low,68.5,6.566685,100,1747956600,Very Low,5.309648,7.8660274,Very Low,8.0222645,60.9,8.797101,100,1747956600,7.130435
2025-05-22T23:37:03Z,236,29.851,73.3,62,67.6,10,6,185,78,0.0,255,32767,0.0,2127-15-31,0.0,0.52,26.6,0.0,0.0,0.0,0,4.822265625,6,45,05:39,20:22,2025-05-22 23:37:03.736795,Città della Scienza,76.8,7.917392,8.357753,6.63706,5.2001777,EU EEA Common AQI,69.4,6.500222,6.9607754,7200,6.3768115,100,100,63.2,5.7043476,Very Low,68.5,6.566685,100,1747956600,Very Low,5.309648,7.8660274,Very Low,8.0222645,60.9,8.797101,100,1747956600,7.130435
2025-05-22T23:37:15Z,236,29.851,73.3,62,67.5,11,6,138,78,0.0,255,32767,0.0,2127-15-31,0.0,0.52,26.6,0.0,0.0,0.0,0,4.822265625,6,45,05:39,20:22,2025-05-22 23:37:14.821784,Città della Scienza,76.8,7.917392,8.357753,6.63706,5.2001777,EU EEA Common AQI,69.4,6.500222,6.9607754,7200,6.3768115,100,100,63.2,5.7043476,Very Low,68.5,6.566685,100,1747956600,Very Low,5.309648,7.8660274,Very Low,8.0222645,60.9,8.797101,100,1747956600,7.130435
2025-05-22T23:37:26Z,236,29.851,73.3,62,67.5,7,6,191,78,0.0,255,32767,0.0,2127-15-31,0.0,0.52,26.6,0.0,0.0,0.0,0,4.822265625,6,45,05:39,20:22,2025-05-22 23:37:25.949796,Città della Scienza,76.8,7.917392,8.357753,6.63706,5.2001777,EU EEA Common AQI,69.4,6.500222,6.9607754,7200,6.3768115,100,100,63.2,5.7043476,Very Low,68.5,6.566685,100,1747956600,Very Low,5.309648,7.8660274,Very Low,8.0222645,60.9,8.797101,100,1747956600,7.130435
2025-05-22T23:37:37Z,236,29.853,73.3,62,67.5,7,6,164,78,0.0,255,32767,0.0,2127-15-31,0.0,0.52,26.6,0.0,0.0,0.0,0,4.822265625,6,45,05:39,20:22,2025-05-22 23:37:36.998783,Città della Scienza,76.8,7.917392,8.357753,6.63706,5.2001777,EU EEA Common AQI,69.4,6.500222,6.9607754,7200,6.3768115,100,100,63.2,5.7043476,Very Low,68.5,6.566685,100,1747956600,Very Low,5.309648,7.8660274,Very Low,8.0222645,60.9,8.797101,100,1747956600,7.130435
2025-05-22T23:37:48Z,236,29.853,73.3,62,67.6,4,6,292,78,0.0,255,32767,0.0,2127-15-31,0.0,0.52,26.6,0.0,0.0,0.0,0,4.822265625,6,45,05:39,20:22,2025-05-22 23:37:48.081792,Città della Scienza,76.8,7.917392,8.357753,6.63706,5.2001777,EU EEA Common AQI,69.4,6.500222,6.9607754,7200,6.3768115,100,100,63.2,5.7043476,Very Low,68.5,6.566685,100,1747956600,Very Low,5.309648,7.8660274,Very Low,8.0222645,60.9,8.797101,100,1747956600,7.130435
2025-05-22T23:37:59Z,236,29.853,73.3,62,67.5,9,6,182,78,0.0,255,32767,0.0,2127-15-31,0.0,0.52,26.6,0.0,0.0,0.0,0,4.822265625,6,45,05:39,20:22,2025-05-22 23:37:59.132790,Città della Scienza,76.8,7.917392,8.357753,6.63706,5.2001777,EU EEA Common AQI,69.4,6.500222,6.9607754,7200,6.3768115,100,100,63.2,5.7043476,Very Low,68.5,6.566685,100,1747956600,Very Low,5.309648,7.8660274,Very Low,8.0222645,60.9,8.797101,100,1747956600,7.130435
2025-05-22T23:38:10Z,236,29.853,73.3,62,67.5,8,6,171,78,0.0,255,32767,0.0,2127-15-31,0.0,0.52,26.6,0.0,0.0,0.0,0,4.822265625,6,45,05:39,20:22,2025-05-22 23:38:10.246789,Città della Scienza,76.8,7.917392,8.357753,6.63706,5.2001777,EU EEA Common AQI,69.4,6.500222,6.9607754,7200,6.3768115,100,100,63.2,5.7043476,Very Low,68.5,6.566685,100,1747956600,Very Low,5.309648,7.8660274,Very Low,8.0222645,60.9,8.797101,100,1747956600,7.130435
2025-05-22T23:38:21Z,236,29.853,73.3,62,67.6,7,6,183,78,0.0,255,32767,0.0,2127-15-31,0.0,0.52,26.6,0.0,0.0,0.0,0,4.822265625,6,45,05:39,20:22,2025-05-22 23:38:21.321751,Città della Scienza,76.8,7.917392,8.357753,6.63706,5.2001777,EU EEA Common AQI,69.4,6.500222,6.9607754,7200,6.3768115,100,100,63.2,5.7043476,Very Low,68.5,6.566685,100,1747956600,Very Low,5.309648,7.8660274,Very Low,8.0222645,60.9,8.797101,100,1747956600,7.130435
2025-05-22T23:38:32Z,236,29.85,73.4,62,67.6,11,6,174,78,0.0,255,32767,0.0,2127-15-31,0.0,0.52,26.6,0.0,0.0,0.0,0,4.822265625,6,45,05:39,20:22,2025-05-22 23:38:32.399812,Città della Scienza,76.8,7.917392,8.357753,6.63706,5.2001777,EU EEA Common AQI,69.4,6.500222,6.9607754,7200,6.3768115,100,100,63.2,5.7043476,Very Low,68.5,6.566685,100,1747956600,Very Low,5.309648,7.8660274,Very Low,8.0222645,60.9,8.797101,100,1747956600,7.130435
2025-05-22T23:38:43Z,236,29.85,73.4,62,67.6,5,6,218,78,0.0,255,32767,0.0,2127-15-31,0.0,0.52,26.6,0.0,0.0,0.0,0,4.822265625,6,45,05:39,20:22,2025-05-22 23:38:43.484789,Città della Scienza,76.8,7.917392,8.357753,6.63706,5.2001777,EU EEA Common AQI,69.4,6.500222,6.9607754,7200,6.3768115,100,100,63.2,5.7043476,Very Low,68.5,6.566685,100,1747956600,Very Low,5.309648,7.8660274,Very Low,8.0222645,60.9,8.797101,100,1747956600,7.130435
2025-05-22T23:38:54Z,236,29.85,73.4,62,67.6,15,6,172,78,0.0,255,32767,0.0,2127-15-31,0.0,0.52,26.6,0.0,0.0,0.0,0,4.822265625,6,45,05:39,20:22,2025-05-22 23:38:54.538796,Città della Scienza,76.8,7.917392,8.357753,6.63706,5.2001777,EU EEA Common AQI,69.4,6.500222,6.9607754,7200,6.3768115,100,100,63.2,5.7043476,Very Low,68.5,6.566685,100,1747956600,Very Low,5.309648,7.8660274,Very Low,8.0222645,60.9,8.797101,100,1747956600,7.130435
2025-05-22T23:39:05Z,236,29.85,73.4,62,67.6,9,6,197,78,0.0,255,32767,0.0,2127-15-31,0.0,0.52,26.6,0.0,0.0,0.0,0,4.822265625,6,45,05:39,20:22,2025-05-22 23:39:05.642806,Città della Scienza,76.8,7.917392,8.357753,6.63706,5.2001777,EU EEA Common AQI,69.4,6.500222,6.9607754,7200,6.3768115,100,100,63.2,5.7043476,Very Low,68.5,6.566685,100,1747956600,Very Low,5.309648,7.8660274,Very Low,8.0222645,60.9,8.797101,100,1747956600,7.130435
2025-05-22T23:39:16Z,236,29.85,73.4,62,67.6,7,6,225,78,0.0,255,32767,0.0,2127-15-31,0.0,0.52,26.6,0.0,0.0,0.0,0,4.822265625,6,45,05:39,20:22,2025-05-22 23:39:16.723801,Città della Scienza,76.8,7.917392,8.357753,6.63706,5.2001777,EU EEA Common AQI,69.4,6.500222,6.9607754,7200,6.3768115,100,100,63.2,5.7043476,Very Low,68.5,6.566685,100,1747956600,Very Low,5.309648,7.8660274,Very Low,8.0222645,60.9,8.797101,100,1747956600,7.130435
2025-05-22T23:39:28Z,236,29.85,73.4,62,67.6,9,6,176,78,0.0,255,32767,0.0,2127-15-31,0.0,0.52,26.6,0.0,0.0,0.0,0,4.822265625,6,45,05:39,20:22,2025-05-22 23:39:27.831790,Città della Scienza,76.8,7.917392,8.357753,6.63706,5.2001777,EU EEA Common AQI,69.4,6.500222,6.9607754,7200,6.3768115,100,100,63.2,5.7043476,Very Low,68.5,6.566685,100,1747956600,Very Low,5.309648,7.8660274,Very Low,8.0222645,60.9,8.797101,100,1747956600,7.130435
2025-05-22T23:39:39Z,236,29.851,73.3,62,67.6,7,7,186,78,0.0,255,32767,0.0,2127-15-31,0.0,0.52,26.6,0.0,0.0,0.0,0,4.822265625,6,45,05:39,20:22,2025-05-22 23:39:38.975798,Città della Scienza,76.8,7.917392,8.357753,6.63706,5.2001777,EU EEA Common AQI,69.4,6.500222,6.9607754,7200,6.3768115,100,100,63.2,5.7043476,Very Low,68.5,6.566685,100,1747956600,Very Low,5.309648,7.8660274,Very Low,8.0222645,60.9,8.797101,100,1747956600,7.130435
2025-05-22T23:39:50Z,236,29.851,73.3,62,67.6,9,7,200,78,0.0,255,32767,0.0,2127-15-31,0.0,0.52,26.6,0.0,0.0,0.0,0,4.822265625,6,45,05:39,20:22,2025-05-22 23:39:50.015803,Città della Scienza,76.8,7.917392,8.357753,6.63706,5.2001777,EU EEA Common AQI,69.4,6.500222,6.9607754,7200,6.3768115,100,100,63.2,5.7043476,Very Low,68.5,6.566685,100,1747956600,Very Low,5.309648,7.8660274,Very Low,8.0222645,60.9,8.797101,100,1747956600,7.130435
2025-05-22T23:40:01Z,236,29.851,73.3,62,67.6,10,7,165,78,0.0,255,32767,0.0,2127-15-31,0.0,0.52,26.6,0.0,0.0,0.0,0,4.822265625,6,45,05:39,20:22,2025-05-22 23:40:01.124797,Città della Scienza,76.8,7.917392,8.357753,6.63706,5.2001777,EU EEA Common AQI,69.4,6.500222,6.9607754,7200,6.3768115,100,100,63.2,5.7043476,Very Low,68.5,6.566685,100,1747956600,Very Low,5.309648,7.8660274,Very Low,8.0222645,60.9,8.797101,100,1747956600,7.130435
2025-05-22T23:40:12Z,236,29.851,73.3,62,67.6,3,7,173,78,0.0,255,32767,0.0,2127-15-31,0.0,0.52,26.6,0.0,0.0,0.0,0,4.822265625,6,45,05:39,20:22,2025-05-22 23:40:12.176785,Città della Scienza,76.8,7.917392,8.357753,6.63706,5.2001777,EU EEA Common AQI,69.4,6.500222,6.9607754,7200,6.3768115,100,100,63.2,5.7043476,Very Low,68.5,6.566685,100,1747956600,Very Low,5.309648,7.8660274,Very Low,8.0222645,60.9,8.797101,100,1747956600,7.130435
2025-05-22T23:40:23Z,236,29.851,73.3,62,67.6,10,7,174,78,0.0,255,32767,0.0,2127-15-31,0.0,0.52,26.6,0.0,0.0,0.0,0,4.822265625,6,45,05:39,20:22,2025-05-22 23:40:23.308790,Città della Scienza,76.8,7.917392,8.357753,6.63706,5.2001777,EU EEA Common AQI,69.4,6.500222,6.9607754,7200,6.3768115,100,100,63.2,5.7043476,Very Low,68.5,6.566685,100,1747956600,Very Low,5.309648,7.8660274,Very Low,8.0222645,60.9,8.797101,100,1747956600,7.130435
2025-05-22T23:40:34Z,236,29.85,73.3,62,67.6,6,7,193,78,0.0,255,32767,0.0,2127-15-31,0.0,0.52,26.6,0.0,0.0,0.0,0,4.822265625,6,45,05:39,20:22,2025-05-22 23:40:34.624788,Città della Scienza,76.8,7.917392,8.357753,6.63706,5.2001777,EU EEA Common AQI,69.4,6.500222,6.9607754,7200,6.3768115,100,100,63.2,5.7043476,Very Low,68.5,6.566685,100,1747956600,Very Low,5.309648,7.8660274,Very Low,8.0222645,60.9,8.797101,100,1747956600,7.130435
2025-05-22T23:40:45Z,236,29.85,73.3,62,67.5,5,7,247,78,0.0,255,32767,0.0,2127-15-31,0.0,0.52,26.6,0.0,0.0,0.0,0,4.822265625,6,45,05:39,20:22,2025-05-22 23:40:45.671794,Città della Scienza,76.8,7.917392,8.357753,6.63706,5.2001777,EU EEA Common AQI,69.4,6.500222,6.9607754,7200,6.3768115,100,100,63.2,5.7043476,Very Low,68.5,6.566685,100,1747956600,Very Low,5.309648,7.8660274,Very Low,8.0222645,60.9,8.797101,100,1747956600,7.130435
2025-05-22T23:40:56Z,236,29.85,73.3,62,67.6,4,7,175,78,0.0,255,32767,0.0,2127-15-31,0.0,0.52,26.6,0.0,0.0,0.0,0,4.822265625,6,45,05:39,20:22,2025-05-22 23:40:56.776791,Città della Scienza,76.8,7.917392,8.357753,6.63706,5.2001777,EU EEA Common AQI,69.4,6.500222,6.9607754,7200,6.3768115,100,100,63.2,5.7043476,Very Low,68.5,6.566685,100,1747956600,Very Low,5.309648,7.8660274,Very Low,8.0222645,60.9,8.797101,100,1747956600,7.130435
2025-05-22T23:41:08Z,236,29.85,73.3,62,67.6,11,7,169,78,0.0,255,32767,0.0,2127-15-31,0.0,0.52,26.6,0.0,0.0,0.0,0,4.822265625,6,45,05:39,20:22,2025-05-22 23:41:07.863817,Città della Scienza,76.8,7.917392,8.357753,6.63706,5.2001777,EU EEA Common AQI,69.4,6.500222,6.9607754,7200,6.3768115,100,100,63.2,5.7043476,Very Low,68.5,6.566685,100,1747956600,Very Low,5.309648,7.8660274,Very Low,8.0222645,60.9,8.797101,100,1747956600,7.130435
2025-05-22T23:41:19Z,236,29.85,73.3,62,67.6,8,7,178,78,0.0,255,32767,0.0,2127-15-31,0.0,0.52,26.6,0.0,0.0,0.0,0,4.822265625,6,45,05:39,20:22,2025-05-22 23:41:18.933790,Città della Scienza,76.8,7.917392,8.357753,6.63706,5.2001777,EU EEA Common AQI,69.4,6.500222,6.9607754,7200,6.3768115,100,100,63.2,5.7043476,Very Low,68.5,6.566685,100,1747956600,Very Low,5.309648,7.8660274,Very Low,8.0222645,60.9,8.797101,100,1747956600,7.130435
2025-05-22T23:41:30Z,236,29.85,73.3,62,67.6,5,7,189,78,0.0,255,32767,0.0,2127-15-31,0.0,0.52,26.6,0.0,0.0,0.0,0,4.822265625,6,45,05:39,20:22,2025-05-22 23:41:29.989789,Città della Scienza,76.8,7.917392,8.357753,6.63706,5.2001777,EU EEA Common AQI,69.4,6.500222,6.9607754,7200,6.3768115,100,100,63.2,5.7043476,Very Low,68.5,6.566685,100,1747956600,Very Low,5.309648,7.8660274,Very Low,8.0222645,60.9,8.797101,100,1747956600,7.130435
2025-05-22T23:41:41Z,236,29.849,73.3,62,67.6,6,7,191,78,0.0,255,32767,0.0,2127-15-31,0.0,0.52,26.6,0.0,0.0,0.0,0,4.822265625,6,45,05:39,20:22,2025-05-22 23:41:41.114802,Città della Scienza,76.8,7.917392,8.357753,6.63706,5.2001777,EU EEA Common AQI,69.4,6.500222,6.9607754,7200,6.3768115,100,100,63.2,5.7043476,Very Low,68.5,6.566685,100,1747956600,Very Low,5.309648,7.8660274,Very Low,8.0222645,60.9,8.797101,100,1747956600,7.130435
2025-05-22T23:41:52Z,236,29.849,73.3,62,67.6,7,7,308,78,0.0,255,32767,0.0,2127-15-31,0.0,0.52,26.6,0.0,0.0,0.0,0,4.822265625,6,45,05:39,20:22,2025-05-22 23:41:52.186785,Città della Scienza,76.8,7.917392,8.357753,6.63706,5.2001777,EU EEA Common AQI,69.4,6.500222,6.9607754,7200,6.3768115,100,100,63.2,5.7043476,Very Low,68.5,6.566685,100,1747956600,Very Low,5.309648,7.8660274,Very Low,8.0222645,60.9,8.797101,100,1747956600,7.130435
2025-05-22T23:42:03Z,236,29.849,73.3,62,67.6,4,7,203,78,0.0,255,32767,0.0,2127-15-31,0.0,0.52,26.6,0.0,0.0,0.0,0,4.822265625,6,45,05:39,20:22,2025-05-22 23:42:03.259783,Città della Scienza,76.8,7.917392,8.357753,6.63706,5.2001777,EU EEA Common AQI,69.4,6.500222,6.9607754,7200,6.3768115,100,100,63.2,5.7043476,Very Low,68.5,6.566685,100,1747956600,Very Low,5.309648,7.8660274,Very Low,8.0222645,60.9,8.797101,100,1747956600,7.130435
2025-05-22T23:42:14Z,236,29.849,73.3,62,67.6,7,7,175,78,0.0,255,32767,0.0,2127-15-31,0.0,0.52,26.6,0.0,0.0,0.0,0,4.822265625,6,45,05:39,20:22,2025-05-22 23:42:14.323797,Città della Scienza,76.8,7.917392,8.357753,6.63706,5.2001777,EU EEA Common AQI,69.4,6.500222,6.9607754,7200,6.3768115,100,100,63.2,5.7043476,Very Low,68.5,6.566685,100,1747956600,Very Low,5.309648,7.8660274,Very Low,8.0222645,60.9,8.797101,100,1747956600,7.130435
2025-05-22T23:42:25Z,236,29.849,73.3,62,67.6,7,7,194,78,0.0,255,32767,0.0,2127-15-31,0.0,0.52,26.6,0.0,0.0,0.0,0,4.822265625,6,45,05:39,20:22,2025-05-22 23:42:25.371798,Città della Scienza,76.8,7.917392,8.357753,6.63706,5.2001777,EU EEA Common AQI,69.4,6.500222,6.9607754,7200,6.3768115,100,100,63.2,5.7043476,Very Low,68.5,6.566685,100,1747956600,Very Low,5.309648,7.8660274,Very Low,8.0222645,60.9,8.797101,100,1747956600,7.130435
2025-05-22T23:42:36Z,236,29.85,73.3,62,67.6,5,7,182,78,0.0,255,32767,0.0,2127-15-31,0.0,0.52,26.6,0.0,0.0,0.0,0,4.822265625,6,45,05:39,20:22,2025-05-22 23:42:36.475786,Città della Scienza,76.8,7.917392,8.357753,6.63706,5.2001777,EU EEA Common AQI,69.4,6.500222,6.9607754,7200,6.3768115,100,100,63.2,5.7043476,Very Low,68.5,6.566685,100,1747956600,Very Low,5.309648,7.8660274,Very Low,8.0222645,60.9,8.797101,100,1747956600,7.130435
2025-05-22T23:42:47Z,236,29.85,73.3,62,67.6,9,7,180,78,0.0,255,32767,0.0,2127-15-31,0.0,0.52,26.6,0.0,0.0,0.0,0,4.822265625,6,45,05:39,20:22,2025-05-22 23:42:47.604849,Città della Scienza,76.8,7.917392,8.357753,6.63706,5.2001777,EU EEA Common AQI,69.4,6.500222,6.9607754,7200,6.3768115,100,100,63.2,5.7043476,Very Low,68.5,6.566685,100,1747956600,Very Low,5.309648,7.8660274,Very Low,8.0222645,60.9,8.797101,100,1747956600,7.130435
2025-05-22T23:42:58Z,236,29.85,73.3,62,67.6,8,7,196,78,0.0,255,32767,0.0,2127-15-31,0.0,0.52,26.6,0.0,0.0,0.0,0,4.822265625,6,45,05:39,20:22,2025-05-22 23:42:58.692784,Città della Scienza,76.8,7.917392,8.357753,6.63706,5.2001777,EU EEA Common AQI,69.4,6.500222,6.9607754,7200,6.3768115,100,100,63.2,5.7043476,Very Low,68.5,6.566685,100,1747956600,Very Low,5.309648,7.8660274,Very Low,8.0222645,60.9,8.797101,100,1747956600,7.130435
2025-05-22T23:43:09Z,236,29.85,73.3,62,67.6,10,7,215,78,0.0,255,32767,0.0,2127-15-31,0.0,0.52,26.6,0.0,0.0,0.0,0,4.822265625,6,45,05:39,20:22,2025-05-22 23:43:09.780788,Città della Scienza,76.8,7.917392,8.357753,6.63706,5.2001777,EU EEA Common AQI,69.4,6.500222,6.9607754,7200,6.3768115,100,100,63.2,5.7043476,Very Low,68.5,6.566685,100,1747956600,Very Low,5.309648,7.8660274,Very Low,8.0222645,60.9,8.797101,100,1747956600,7.130435
2025-05-22T23:43:21Z,236,29.85,73.3,62,67.6,7,7,219,78,0.0,255,32767,0.0,2127-15-31,0.0,0.52,26.6,0.0,0.0,0.0,0,4.822265625,6,45,05:39,20:22,2025-05-22 23:43:20.882791,Città della Scienza,76.8,7.917392,8.357753,6.63706,5.2001777,EU EEA Common AQI,69.4,6.500222,6.9607754,7200,6.3768115,100,100,63.2,5.7043476,Very Low,68.5,6.566685,100,1747956600,Very Low,5.309648,7.8660274,Very Low,8.0222645,60.9,8.797101,100,1747956600,7.130435
2025-05-22T23:43:32Z,236,29.85,73.3,62,67.7,5,7,182,78,0.0,255,32767,0.0,2127-15-31,0.0,0.52,26.6,0.0,0.0,0.0,0,4.822265625,6,45,05:39,20:22,2025-05-22 23:43:32.202794,Città della Scienza,76.8,7.917392,8.357753,6.63706,5.2001777,EU EEA Common AQI,69.4,6.500222,6.9607754,7200,6.3768115,100,100,63.2,5.7043476,Very Low,68.5,6.566685,100,1747956600,Very Low,5.309648,7.8660274,Very Low,8.0222645,60.9,8.797101,100,1747956600,7.130435
2025-05-22T23:43:43Z,236,29.851,73.3,62,67.7,4,7,223,78,0.0,255,32767,0.0,2127-15-31,0.0,0.52,26.6,0.0,0.0,0.0,0,4.822265625,6,45,05:39,20:22,2025-05-22 23:43:43.279805,Città della Scienza,76.8,7.917392,8.357753,6.63706,5.2001777,EU EEA Common AQI,69.4,6.500222,6.9607754,7200,6.3768115,100,100,63.2,5.7043476,Very Low,68.5,6.566685,100,1747956600,Very Low,5.309648,7.8660274,Very Low,8.0222645,60.9,8.797101,100,1747956600,7.130435
2025-05-22T23:43:54Z,236,29.851,73.3,62,67.7,10,7,153,78,0.0,255,32767,0.0,2127-15-31,0.0,0.52,26.6,0.0,0.0,0.0,0,4.822265625,6,45,05:39,20:22,2025-05-22 23:43:54.324786,Città della Scienza,76.8,7.917392,8.357753,6.63706,5.2001777,EU EEA Common AQI,69.4,6.500222,6.9607754,7200,6.3768115,100,100,63.2,5.7043476,Very Low,68.5,6.566685,100,1747956600,Very Low,5.309648,7.8660274,Very Low,8.0222645,60.9,8.797101,100,1747956600,7.130435
2025-05-22T23:44:05Z,236,29.851,73.3,62,67.6,5,7,163,78,0.0,255,32767,0.0,2127-15-31,0.0,0.52,26.6,0.0,0.0,0.0,0,4.822265625,6,45,05:39,20:22,2025-05-22 23:44:05.352786,Città della Scienza,76.8,7.917392,8.357753,6.63706,5.2001777,EU EEA Common AQI,69.4,6.500222,6.9607754,7200,6.3768115,100,100,63.2,5.7043476,Very Low,68.5,6.566685,100,1747956600,Very Low,5.309648,7.8660274,Very Low,8.0222645,60.9,8.797101,100,1747956600,7.130435
2025-05-22T23:44:16Z,236,29.851,73.3,62,67.6,8,7,269,78,0.0,255,32767,0.0,2127-15-31,0.0,0.52,26.6,0.0,0.0,0.0,0,4.822265625,6,45,05:39,20:22,2025-05-22 23:44:16.418778,Città della Scienza,76.8,7.917392,8.357753,6.63706,5.2001777,EU EEA Common AQI,69.4,6.500222,6.9607754,7200,6.3768115,100,100,63.2,5.7043476,Very Low,68.5,6.566685,100,1747956600,Very Low,5.309648,7.8660274,Very Low,8.0222645,60.9,8.797101,100,1747956600,7.130435
2025-05-22T23:44:27Z,236,29.851,73.3,62,67.6,5,7,184,78,0.0,255,32767,0.0,2127-15-31,0.0,0.52,26.6,0.0,0.0,0.0,0,4.822265625,6,45,05:39,20:22,2025-05-22 23:44:27.514805,Città della Scienza,76.8,7.917392,8.357753,6.63706,5.2001777,EU EEA Common AQI,69.4,6.500222,6.9607754,7200,6.3768115,100,100,63.2,5.7043476,Very Low,68.5,6.566685,100,1747956600,Very Low,5.309648,7.8660274,Very Low,8.0222645,60.9,8.797101,100,1747956600,7.130435
2025-05-22T23:44:38Z,236,29.848,73.3,62,67.6,9,7,185,78,0.0,255,32767,0.0,2127-15-31,0.0,0.52,26.6,0.0,0.0,0.0,0,4.822265625,6,45,05:39,20:22,2025-05-22 23:44:38.590780,Città della Scienza,76.8,7.917392,8.357753,6.63706,5.2001777,EU EEA Common AQI,69.4,6.500222,6.9607754,7200,6.3768115,100,100,63.2,5.7043476,Very Low,68.5,6.566685,100,1747956600,Very Low,5.309648,7.8660274,Very Low,8.0222645,60.9,8.797101,100,1747956600,7.130435
2025-05-22T23:44:49Z,236,29.848,73.3,62,67.6,9,7,174,78,0.0,255,32767,0.0,2127-15-31,0.0,0.52,26.6,0.0,0.0,0.0,0,4.822265625,6,45,05:39,20:22,2025-05-22 23:44:49.617790,Città della Scienza,76.8,7.917392,8.357753,6.63706,5.2001777,EU EEA Common AQI,69.4,6.500222,6.9607754,7200,6.3768115,100,100,63.2,5.7043476,Very Low,68.5,6.566685,100,1747956600,Very Low,5.309648,7.8660274,Very Low,8.0222645,60.9,8.797101,100,1747956600,7.130435
2025-05-22T23:45:00Z,236,29.848,73.3,62,67.7,3,7,258,78,0.0,255,32767,0.0,2127-15-31,0.0,0.52,26.6,0.0,0.0,0.0,0,4.822265625,6,45,05:39,20:22,2025-05-22 23:45:00.747796,Città della Scienza,76.8,7.917392,8.357753,6.63706,5.2001777,EU EEA Common AQI,69.4,6.500222,6.9607754,7200,6.3768115,100,100,63.2,5.7043476,Very Low,68.5,6.566685,100,1747956600,Very Low,5.309648,7.8660274,Very Low,8.0222645,60.9,8.797101,100,1747956600,7.130435
2025-05-22T23:45:12Z,236,29.848,73.3,62,67.6,6,7,217,78,0.0,255,32767,0.0,2127-15-31,0.0,0.52,26.6,0.0,0.0,0.0,0,4.822265625,6,45,05:39,20:22,2025-05-22 23:45:11.879800,Città della Scienza,76.8,7.917392,8.357753,6.63706,5.2001777,EU EEA Common AQI,69.4,6.500222,6.9607754,7200,6.3768115,100,100,63.2,5.7043476,Very Low,68.5,6.566685,100,1747956600,Very Low,5.309648,7.8660274,Very Low,8.0222645,60.9,8.797101,100,1747956600,7.130435
2025-05-22T23:45:23Z,236,29.848,73.3,62,67.6,8,7,184,78,0.0,255,32767,0.0,2127-15-31,0.0,0.52,26.6,0.0,0.0,0.0,0,4.822265625,6,45,05:39,20:22,2025-05-22 23:45:23.038778,Città della Scienza,76.8,7.917392,8.357753,6.63706,5.2001777,EU EEA Common AQI,69.4,6.500222,6.9607754,7200,6.3768115,100,100,63.2,5.7043476,Very Low,68.5,6.566685,100,1747956600,Very Low,5.309648,7.8660274,Very Low,8.0222645,60.9,8.797101,100,1747956600,7.130435
2025-05-22T23:45:34Z,236,29.848,73.3,62,67.6,8,7,146,78,0.0,255,32767,0.0,2127-15-31,0.0,0.52,26.6,0.0,0.0,0.0,0,4.822265625,6,45,05:39,20:22,2025-05-22 23:45:34.142804,Città della Scienza,77.7,8.020752,8.348151,6.7632837,5.254696,EU EEA Common AQI,69.3,6.5683703,6.9493785,7200,6.257143,100,100,63.2,5.2799997,Very Low,68.3,6.628462,100,1747957500,Very Low,5.4106264,7.950291,Very Low,8.17257,61.1,8.3714285,100,1747957500,6.6
2025-05-22T23:45:45Z,236,29.848,73.3,62,67.6,6,7,169,79,0.0,255,32767,0.0,2127-15-31,0.0,0.52,26.6,0.0,0.0,0.0,0,4.822265625,6,45,05:39,20:22,2025-05-22 23:45:45.262792,Città della Scienza,77.7,8.020752,8.348151,6.7632837,5.254696,EU EEA Common AQI,69.3,6.5683703,6.9493785,7200,6.257143,100,100,63.2,5.2799997,Very Low,68.3,6.628462,100,1747957500,Very Low,5.4106264,7.950291,Very Low,8.17257,61.1,8.3714285,100,1747957500,6.6
2025-05-22T23:45:56Z,236,29.848,73.3,62,67.7,6,7,205,79,0.0,255,32767,0.0,2127-15-31,0.0,0.52,26.6,0.0,0.0,0.0,0,4.822265625,6,45,05:39,20:22,2025-05-22 23:45:56.342790,Città della Scienza,77.7,8.020752,8.348151,6.7632837,5.254696,EU EEA Common AQI,69.3,6.5683703,6.9493785,7200,6.257143,100,100,63.2,5.2799997,Very Low,68.3,6.628462,100,1747957500,Very Low,5.4106264,7.950291,Very Low,8.17257,61.1,8.3714285,100,1747957500,6.6
2025-05-22T23:46:07Z,236,29.848,73.3,62,67.7,3,7,189,79,0.0,255,32767,0.0,2127-15-31,0.0,0.52,26.6,0.0,0.0,0.0,0,4.822265625,6,45,05:39,20:22,2025-05-22 23:46:07.422793,Città della Scienza,77.7,8.020752,8.348151,6.7632837,5.254696,EU EEA Common AQI,69.3,6.5683703,6.9493785,7200,6.257143,100,100,63.2,5.2799997,Very Low,68.3,6.628462,100,1747957500,Very Low,5.4106264,7.950291,Very Low,8.17257,61.1,8.3714285,100,1747957500,6.6
2025-05-22T23:46:18Z,236,29.848,73.3,62,67.6,5,7,217,79,0.0,255,32767,0.0,2127-15-31,0.0,0.52,26.6,0.0,0.0,0.0,0,4.822265625,6,45,05:39,20:22,2025-05-22 23:46:18.525791,Città della Scienza,77.7,8.020752,8.348151,6.7632837,5.254696,EU EEA Common AQI,69.3,6.5683703,6.9493785,7200,6.257143,100,100,63.2,5.2799997,Very Low,68.3,6.628462,100,1747957500,Very Low,5.4106264,7.950291,Very Low,8.17257,61.1,8.3714285,100,1747957500,6.6
2025-05-22T23:46:29Z,236,29.848,73.3,62,67.6,5,7,216,79,0.0,255,32767,0.0,2127-15-31,0.0,0.52,26.6,0.0,0.0,0.0,0,4.822265625,6,45,05:39,20:22,2025-05-22 23:46:29.598804,Città della Scienza,77.7,8.020752,8.348151,6.7632837,5.254696,EU EEA Common AQI,69.3,6.5683703,6.9493785,7200,6.257143,100,100,63.2,5.2799997,Very Low,68.3,6.628462,100,1747957500,Very Low,5.4106264,7.950291,Very Low,8.17257,61.1,8.3714285,100,1747957500,6.6
2025-05-22T23:46:40Z,236,29.847,73.3,62,67.6,7,7,173,79,0.0,255,32767,0.0,2127-15-31,0.0,0.52,26.6,0.0,0.0,0.0,0,4.822265625,6,45,05:39,20:22,2025-05-22 23:46:40.680795,Città della Scienza,77.7,8.020752,8.348151,6.7632837,5.254696,EU EEA Common AQI,69.3,6.5683703,6.9493785,7200,6.257143,100,100,63.2,5.2799997,Very Low,68.3,6.628462,100,1747957500,Very Low,5.4106264,7.950291,Very Low,8.17257,61.1,8.3714285,100,1747957500,6.6
2025-05-22T23:46:51Z,236,29.847,73.3,62,67.6,5,7,168,79,0.0,255,32767,0.0,2127-15-31,0.0,0.52,26.6,0.0,0.0,0.0,0,4.822265625,6,45,05:39,20:22,2025-05-22 23:46:51.780789,Città della Scienza,77.7,8.020752,8.348151,6.7632837,5.254696,EU EEA Common AQI,69.3,6.5683703,6.9493785,7200,6.257143,100,100,63.2,5.2799997,Very Low,68.3,6.628462,100,1747957500,Very Low,5.4106264,7.950291,Very Low,8.17257,61.1,8.3714285,100,1747957500,6.6
2025-05-22T23:47:03Z,236,29.847,73.3,62,67.6,6,7,184,79,0.0,255,32767,0.0,2127-15-31,0.0,0.52,26.6,0.0,0.0,0.0,0,4.822265625,6,45,05:39,20:22,2025-05-22 23:47:02.897749,Città della Scienza,77.7,8.020752,8.348151,6.7632837,5.254696,EU EEA Common AQI,69.3,6.5683703,6.9493785,7200,6.257143,100,100,63.2,5.2799997,Very Low,68.3,6.628462,100,1747957500,Very Low,5.4106264,7.950291,Very Low,8.17257,61.1,8.3714285,100,1747957500,6.6
2025-05-22T23:47:14Z,236,29.847,73.3,62,67.7,4,7,194,79,0.0,255,32767,0.0,2127-15-31,0.0,0.52,26.6,0.0,0.0,0.0,0,4.822265625,6,45,05:39,20:22,2025-05-22 23:47:13.993792,Città della Scienza,77.7,8.020752,8.348151,6.7632837,5.254696,EU EEA Common AQI,69.3,6.5683703,6.9493785,7200,6.257143,100,100,63.2,5.2799997,Very Low,68.3,6.628462,100,1747957500,Very Low,5.4106264,7.950291,Very Low,8.17257,61.1,8.3714285,100,1747957500,6.6
2025-05-22T23:47:25Z,236,29.847,73.3,62,67.7,7,7,184,79,0.0,255,32767,0.0,2127-15-31,0.0,0.52,26.6,0.0,0.0,0.0,0,4.822265625,6,45,05:39,20:22,2025-05-22 23:47:25.091785,Città della Scienza,77.7,8.020752,8.348151,6.7632837,5.254696,EU EEA Common AQI,69.3,6.5683703,6.9493785,7200,6.257143,100,100,63.2,5.2799997,Very Low,68.3,6.628462,100,1747957500,Very Low,5.4106264,7.950291,Very Low,8.17257,61.1,8.3714285,100,1747957500,6.6
2025-05-22T23:47:36Z,236,29.847,73.3,62,67.6,7,7,188,79,0.0,255,32767,0.0,2127-15-31,0.0,0.52,26.6,0.0,0.0,0.0,0,4.822265625,6,45,05:39,20:22,2025-05-22 23:47:36.191756,Città della Scienza,77.7,8.020752,8.348151,6.7632837,5.254696,EU EEA Common AQI,69.3,6.5683703,6.9493785,7200,6.257143,100,100,63.2,5.2799997,Very Low,68.3,6.628462,100,1747957500,Very Low,5.4106264,7.950291,Very Low,8.17257,61.1,8.3714285,100,1747957500,6.6
2025-05-22T23:47:47Z,236,29.847,73.3,62,67.6,3,7,207,79,0.0,255,32767,0.0,2127-15-31,0.0,0.52,26.6,0.0,0.0,0.0,0,4.822265625,6,45,05:39,20:22,2025-05-22 23:47:47.283786,Città della Scienza,77.7,8.020752,8.348151,6.7632837,5.254696,EU EEA Common AQI,69.3,6.5683703,6.9493785,7200,6.257143,100,100,63.2,5.2799997,Very Low,68.3,6.628462,100,1747957500,Very Low,5.4106264,7.950291,Very Low,8.17257,61.1,8.3714285,100,1747957500,6.6
2025-05-22T23:47:58Z,236,29.847,73.3,62,67.7,4,7,202,79,0.0,255,32767,0.0,2127-15-31,0.0,0.52,26.6,0.0,0.0,0.0,0,4.822265625,6,45,05:39,20:22,2025-05-22 23:47:58.409790,Città della Scienza,77.7,8.020752,8.348151,6.7632837,5.254696,EU EEA Common AQI,69.3,6.5683703,6.9493785,7200,6.257143,100,100,63.2,5.2799997,Very Low,68.3,6.628462,100,1747957500,Very Low,5.4106264,7.950291,Very Low,8.17257,61.1,8.3714285,100,1747957500,6.6
2025-05-22T23:48:09Z,236,29.847,73.3,62,67.7,10,7,192,79,0.0,255,32767,0.0,2127-15-31,0.0,0.52,26.6,0.0,0.0,0.0,0,4.822265625,6,45,05:39,20:22,2025-05-22 23:48:09.468786,Città della Scienza,77.7,8.020752,8.348151,6.7632837,5.254696,EU EEA Common AQI,69.3,6.5683703,6.9493785,7200,6.257143,100,100,63.2,5.2799997,Very Low,68.3,6.628462,100,1747957500,Very Low,5.4106264,7.950291,Very Low,8.17257,61.1,8.3714285,100,1747957500,6.6
2025-05-22T23:48:20Z,236,29.847,73.3,62,67.7,5,7,211,79,0.0,255,32767,0.0,2127-15-31,0.0,0.52,26.6,0.0,0.0,0.0,0,4.822265625,6,45,05:39,20:22,2025-05-22 23:48:20.583797,Città della Scienza,77.7,8.020752,8.348151,6.7632837,5.254696,EU EEA Common AQI,69.3,6.5683703,6.9493785,7200,6.257143,100,100,63.2,5.2799997,Very Low,68.3,6.628462,100,1747957500,Very Low,5.4106264,7.950291,Very Low,8.17257,61.1,8.3714285,100,1747957500,6.6
2025-05-22T23:48:31Z,236,29.847,73.3,62,67.6,5,7,166,79,0.0,255,32767,0.0,2127-15-31,0.0,0.52,26.6,0.0,0.0,0.0,0,4.822265625,6,45,05:39,20:22,2025-05-22 23:48:31.650783,Città della Scienza,77.7,8.020752,8.348151,6.7632837,5.254696,EU EEA Common AQI,69.3,6.5683703,6.9493785,7200,6.257143,100,100,63.2,5.2799997,Very Low,68.3,6.628462,100,1747957500,Very Low,5.4106264,7.950291,Very Low,8.17257,61.1,8.3714285,100,1747957500,6.6
2025-05-22T23:48:42Z,236,29.849,73.2,62,67.6,5,7,211,79,0.0,255,32767,0.0,2127-15-31,0.0,0.52,26.6,0.0,0.0,0.0,0,4.822265625,6,45,05:39,20:22,2025-05-22 23:48:42.750791,Città della Scienza,77.7,8.020752,8.348151,6.7632837,5.254696,EU EEA Common AQI,69.3,6.5683703,6.9493785,7200,6.257143,100,100,63.2,5.2799997,Very Low,68.3,6.628462,100,1747957500,Very Low,5.4106264,7.950291,Very Low,8.17257,61.1,8.3714285,100,1747957500,6.6
2025-05-22T23:48:54Z,236,29.849,73.2,62,67.7,4,7,203,79,0.0,255,32767,0.0,2127-15-31,0.0,0.52,26.6,0.0,0.0,0.0,0,4.822265625,6,45,05:39,20:22,2025-05-22 23:48:53.877795,Città della Scienza,77.7,8.020752,8.348151,6.7632837,5.254696,EU EEA Common AQI,69.3,6.5683703,6.9493785,7200,6.257143,100,100,63.2,5.2799997,Very Low,68.3,6.628462,100,1747957500,Very Low,5.4106264,7.950291,Very Low,8.17257,61.1,8.3714285,100,1747957500,6.6
2025-05-22T23:49:05Z,236,29.849,73.2,62,67.7,5,7,186,79,0.0,255,32767,0.0,2127-15-31,0.0,0.52,26.6,0.0,0.0,0.0,0,4.822265625,6,45,05:39,20:22,2025-05-22 23:49:04.933790,Città della Scienza,77.7,8.020752,8.348151,6.7632837,5.254696,EU EEA Common AQI,69.3,6.5683703,6.9493785,7200,6.257143,100,100,63.2,5.2799997,Very Low,68.3,6.628462,100,1747957500,Very Low,5.4106264,7.950291,Very Low,8.17257,61.1,8.3714285,100,1747957500,6.6
2025-05-22T23:49:16Z,236,29.849,73.2,62,67.7,7,7,191,79,0.0,255,32767,0.0,2127-15-31,0.0,0.52,26.6,0.0,0.0,0.0,0,4.822265625,6,45,05:39,20:22,2025-05-22 23:49:16.006790,Città della Scienza,77.7,8.020752,8.348151,6.7632837,5.254696,EU EEA Common AQI,69.3,6.5683703,6.9493785,7200,6.257143,100,100,63.2,5.2799997,Very Low,68.3,6.628462,100,1747957500,Very Low,5.4106264,7.950291,Very Low,8.17257,61.1,8.3714285,100,1747957500,6.6
2025-05-22T23:49:27Z,236,29.849,73.2,62,67.6,7,7,188,79,0.0,255,32767,0.0,2127-15-31,0.0,0.52,26.6,0.0,0.0,0.0,0,4.822265625,6,45,05:39,20:22,2025-05-22 23:49:27.077791,Città della Scienza,77.7,8.020752,8.348151,6.7632837,5.254696,EU EEA Common AQI,69.3,6.5683703,6.9493785,7200,6.257143,100,100,63.2,5.2799997,Very Low,68.3,6.628462,100,1747957500,Very Low,5.4106264,7.950291,Very Low,8.17257,61.1,8.3714285,100,1747957500,6.6
2025-05-22T23:49:38Z,236,29.849,73.3,62,67.6,4,7,178,79,0.0,255,32767,0.0,2127-15-31,0.0,0.52,26.6,0.0,0.0,0.0,0,4.822265625,6,45,05:39,20:22,2025-05-22 23:49:38.133788,Città della Scienza,77.7,8.020752,8.348151,6.7632837,5.254696,EU EEA Common AQI,69.3,6.5683703,6.9493785,7200,6.257143,100,100,63.2,5.2799997,Very Low,68.3,6.628462,100,1747957500,Very Low,5.4106264,7.950291,Very Low,8.17257,61.1,8.3714285,100,1747957500,6.6
2025-05-22T23:49:49Z,236,29.849,73.3,62,67.7,3,7,232,79,0.0,255,32767,0.0,2127-15-31,0.0,0.52,26.6,0.0,0.0,0.0,0,4.822265625,6,45,05:39,20:22,2025-05-22 23:49:49.237786,Città della Scienza,77.7,8.020752,8.348151,6.7632837,5.254696,EU EEA Common AQI,69.3,6.5683703,6.9493785,7200,6.257143,100,100,63.2,5.2799997,Very Low,68.3,6.628462,100,1747957500,Very Low,5.4106264,7.950291,Very Low,8.17257,61.1,8.3714285,100,1747957500,6.6
2025-05-22T23:50:00Z,236,29.849,73.3,62,67.6,4,7,182,79,0.0,255,32767,0.0,2127-15-31,0.0,0.52,26.6,0.0,0.0,0.0,0,4.822265625,6,45,05:39,20:22,2025-05-22 23:50:00.296796,Città della Scienza,77.7,8.020752,8.348151,6.7632837,5.254696,EU EEA Common AQI,69.3,6.5683703,6.9493785,7200,6.257143,100,100,63.2,5.2799997,Very Low,68.3,6.628462,100,1747957500,Very Low,5.4106264,7.950291,Very Low,8.17257,61.1,8.3714285,100,1747957500,6.6
2025-05-22T23:50:11Z,236,29.849,73.3,62,67.6,3,7,200,79,0.0,255,32767,0.0,2127-15-31,0.0,0.52,26.6,0.0,0.0,0.0,0,4.822265625,6,45,05:39,20:22,2025-05-22 23:50:11.325385,Città della Scienza,77.7,8.020752,8.348151,6.7632837,5.254696,EU EEA Common AQI,69.3,6.5683703,6.9493785,7200,6.257143,100,100,63.2,5.2799997,Very Low,68.3,6.628462,100,1747957500,Very Low,5.4106264,7.950291,Very Low,8.17257,61.1,8.3714285,100,1747957500,6.6
2025-05-22T23:50:22Z,236,29.849,73.3,62,67.6,5,7,188,79,0.0,255,32767,0.0,2127-15-31,0.0,0.52,26.6,0.0,0.0,0.0,0,4.822265625,6,45,05:39,20:22,2025-05-22 23:50:22.395804,Città della Scienza,77.7,8.020752,8.348151,6.7632837,5.254696,EU EEA Common AQI,69.3,6.5683703,6.9493785,7200,6.257143,100,100,63.2,5.2799997,Very Low,68.3,6.628462,100,1747957500,Very Low,5.4106264,7.950291,Very Low,8.17257,61.1,8.3714285,100,1747957500,6.6
2025-05-22T23:50:33Z,236,29.849,73.3,62,67.6,7,6,190,79,0.0,255,32767,0.0,2127-15-31,0.0,0.52,26.6,0.0,0.0,0.0,0,4.822265625,6,45,05:39,20:22,2025-05-22 23:50:33.469782,Città della Scienza,77.7,8.020752,8.348151,6.7632837,5.254696,EU EEA Common AQI,69.3,6.5683703,6.9493785,7200,6.257143,100,100,63.2,5.2799997,Very Low,68.3,6.628462,100,1747957500,Very Low,5.4106264,7.950291,Very Low,8.17257,61.1,8.3714285,100,1747957500,6.6
2025-05-22T23:50:44Z,236,29.849,73.3,62,67.6,5,6,210,79,0.0,255,32767,0.0,2127-15-31,0.0,0.52,26.6,0.0,0.0,0.0,0,4.822265625,6,45,05:39,20:22,2025-05-22 23:50:44.562785,Città della Scienza,77.7,8.020752,8.348151,6.7632837,5.254696,EU EEA Common AQI,69.3,6.5683703,6.9493785,7200,6.257143,100,100,63.2,5.2799997,Very Low,68.3,6.628462,100,1747957500,Very Low,5.4106264,7.950291,Very Low,8.17257,61.1,8.3714285,100,1747957500,6.6
2025-05-22T23:50:55Z,236,29.849,73.3,62,67.6,9,6,188,79,0.0,255,32767,0.0,2127-15-31,0.0,0.52,26.6,0.0,0.0,0.0,0,4.822265625,6,45,05:39,20:22,2025-05-22 23:50:55.659799,Città della Scienza,77.7,8.020752,8.348151,6.7632837,5.254696,EU EEA Common AQI,69.3,6.5683703,6.9493785,7200,6.257143,100,100,63.2,5.2799997,Very Low,68.3,6.628462,100,1747957500,Very Low,5.4106264,7.950291,Very Low,8.17257,61.1,8.3714285,100,1747957500,6.6
2025-05-22T23:51:06Z,236,29.849,73.3,62,67.6,6,6,238,79,0.0,255,32767,0.0,2127-15-31,0.0,0.52,26.6,0.0,0.0,0.0,0,4.822265625,6,45,05:39,20:22,2025-05-22 23:51:06.797787,Città della Scienza,77.7,8.020752,8.348151,6.7632837,5.254696,EU EEA Common AQI,69.3,6.5683703,6.9493785,7200,6.257143,100,100,63.2,5.2799997,Very Low,68.3,6.628462,100,1747957500,Very Low,5.4106264,7.950291,Very Low,8.17257,61.1,8.3714285,100,1747957500,6.6
2025-05-22T23:51:18Z,236,29.849,73.3,62,67.6,9,6,173,79,0.0,255,32767,0.0,2127-15-31,0.0,0.52,26.6,0.0,0.0,0.0,0,4.822265625,6,45,05:39,20:22,2025-05-22 23:51:17.867802,Città della Scienza,77.7,8.020752,8.348151,6.7632837,5.254696,EU EEA Common AQI,69.3,6.5683703,6.9493785,7200,6.257143,100,100,63.2,5.2799997,Very Low,68.3,6.628462,100,1747957500,Very Low,5.4106264,7.950291,Very Low,8.17257,61.1,8.3714285,100,1747957500,6.6
2025-05-22T23:51:29Z,236,29.849,73.3,62,67.6,4,6,179,79,0.0,255,32767,0.0,2127-15-31,0.0,0.52,26.6,0.0,0.0,0.0,0,4.822265625,6,45,05:39,20:22,2025-05-22 23:51:28.955807,Città della Scienza,77.7,8.020752,8.348151,6.7632837,5.254696,EU EEA Common AQI,69.3,6.5683703,6.9493785,7200,6.257143,100,100,63.2,5.2799997,Very Low,68.3,6.628462,100,1747957500,Very Low,5.4106264,7.950291,Very Low,8.17257,61.1,8.3714285,100,1747957500,6.6
2025-05-22T23:51:40Z,236,29.849,73.3,62,67.6,7,6,181,79,0.0,255,32767,0.0,2127-15-31,0.0,0.52,26.6,0.0,0.0,0.0,0,4.822265625,6,45,05:39,20:22,2025-05-22 23:51:40.031798,Città della Scienza,77.7,8.020752,8.348151,6.7632837,5.254696,EU EEA Common AQI,69.3,6.5683703,6.9493785,7200,6.257143,100,100,63.2,5.2799997,Very Low,68.3,6.628462,100,1747957500,Very Low,5.4106264,7.950291,Very Low,8.17257,61.1,8.3714285,100,1747957500,6.6
2025-05-22T23:51:51Z,236,29.849,73.3,62,67.6,4,6,182,79,0.0,255,32767,0.0,2127-15-31,0.0,0.52,26.6,0.0,0.0,0.0,0,4.822265625,6,45,05:39,20:22,2025-05-22 23:51:51.178786,Città della Scienza,77.7,8.020752,8.348151,6.7632837,5.254696,EU EEA Common AQI,69.3,6.5683703,6.9493785,7200,6.257143,100,100,63.2,5.2799997,Very Low,68.3,6.628462,100,1747957500,Very Low,5.4106264,7.950291,Very Low,8.17257,61.1,8.3714285,100,1747957500,6.6
2025-05-22T23:52:02Z,236,29.849,73.3,62,67.6,5,6,206,79,0.0,255,32767,0.0,2127-15-31,0.0,0.52,26.6,0.0,0.0,0.0,0,4.822265625,6,45,05:39,20:22,2025-05-22 23:52:02.282783,Città della Scienza,77.7,8.020752,8.348151,6.7632837,5.254696,EU EEA Common AQI,69.3,6.5683703,6.9493785,7200,6.257143,100,100,63.2,5.2799997,Very Low,68.3,6.628462,100,1747957500,Very Low,5.4106264,7.950291,Very Low,8.17257,61.1,8.3714285,100,1747957500,6.6
2025-05-22T23:52:13Z,236,29.849,73.3,62,67.6,3,6,179,79,0.0,255,32767,0.0,2127-15-31,0.0,0.52,26.6,0.0,0.0,0.0,0,4.822265625,6,45,05:39,20:22,2025-05-22 23:52:13.475753,Città della Scienza,77.7,8.020752,8.348151,6.7632837,5.254696,EU EEA Common AQI,69.3,6.5683703,6.9493785,7200,6.257143,100,100,63.2,5.2799997,Very Low,68.3,6.628462,100,1747957500,Very Low,5.4106264,7.950291,Very Low,8.17257,61.1,8.3714285,100,1747957500,6.6
2025-05-22T23:52:24Z,236,29.849,73.3,62,67.6,5,6,184,79,0.0,255,32767,0.0,2127-15-31,0.0,0.52,26.6,0.0,0.0,0.0,0,4.822265625,6,45,05:39,20:22,2025-05-22 23:52:24.505792,Città della Scienza,77.7,8.020752,8.348151,6.7632837,5.254696,EU EEA Common AQI,69.3,6.5683703,6.9493785,7200,6.257143,100,100,63.2,5.2799997,Very Low,68.3,6.628462,100,1747957500,Very Low,5.4106264,7.950291,Very Low,8.17257,61.1,8.3714285,100,1747957500,6.6
2025-05-22T23:52:35Z,236,29.849,73.3,63,67.6,5,6,194,79,0.0,255,32767,0.0,2127-15-31,0.0,0.52,26.6,0.0,0.0,0.0,0,4.822265625,6,45,05:39,20:22,2025-05-22 23:52:35.559784,Città della Scienza,77.7,8.020752,8.348151,6.7632837,5.254696,EU EEA Common AQI,69.3,6.5683703,6.9493785,7200,6.257143,100,100,63.2,5.2799997,Very Low,68.3,6.628462,100,1747957500,Very Low,5.4106264,7.950291,Very Low,8.17257,61.1,8.3714285,100,1747957500,6.6
2025-05-22T23:52:46Z,236,29.849,73.3,63,67.6,4,6,155,79,0.0,255,32767,0.0,2127-15-31,0.0,0.52,26.6,0.0,0.0,0.0,0,4.822265625,6,45,05:39,20:22,2025-05-22 23:52:46.663783,Città della Scienza,77.7,8.020752,8.348151,6.7632837,5.254696,EU EEA Common AQI,69.3,6.5683703,6.9493785,7200,6.257143,100,100,63.2,5.2799997,Very Low,68.3,6.628462,100,1747957500,Very Low,5.4106264,7.950291,Very Low,8.17257,61.1,8.3714285,100,1747957500,6.6
2025-05-22T23:52:57Z,236,29.849,73.3,63,67.6,8,6,113,79,0.0,255,32767,0.0,2127-15-31,0.0,0.52,26.6,0.0,0.0,0.0,0,4.822265625,6,45,05:39,20:22,2025-05-22 23:52:57.759777,Città della Scienza,77.7,8.020752,8.348151,6.7632837,5.254696,EU EEA Common AQI,69.3,6.5683703,6.9493785,7200,6.257143,100,100,63.2,5.2799997,Very Low,68.3,6.628462,100,1747957500,Very Low,5.4106264,7.950291,Very Low,8.17257,61.1,8.3714285,100,1747957500,6.6
2025-05-22T23:53:09Z,236,29.849,73.3,63,67.6,4,6,256,79,0.0,255,32767,0.0,2127-15-31,0.0,0.52,26.6,0.0,0.0,0.0,0,4.822265625,6,45,05:39,20:22,2025-05-22 23:53:08.845788,Città della Scienza,77.7,8.020752,8.348151,6.7632837,5.254696,EU EEA Common AQI,69.3,6.5683703,6.9493785,7200,6.257143,100,100,63.2,5.2799997,Very Low,68.3,6.628462,100,1747957500,Very Low,5.4106264,7.950291,Very Low,8.17257,61.1,8.3714285,100,1747957500,6.6
2025-05-22T23:53:20Z,236,29.849,73.3,63,67.6,5,6,178,79,0.0,255,32767,0.0,2127-15-31,0.0,0.52,26.6,0.0,0.0,0.0,0,4.822265625,6,45,05:39,20:22,2025-05-22 23:53:19.941791,Città della Scienza,77.7,8.020752,8.348151,6.7632837,5.254696,EU EEA Common AQI,69.3,6.5683703,6.9493785,7200,6.257143,100,100,63.2,5.2799997,Very Low,68.3,6.628462,100,1747957500,Very Low,5.4106264,7.950291,Very Low,8.17257,61.1,8.3714285,100,1747957500,6.6
2025-05-22T23:53:31Z,236,29.849,73.3,63,67.5,7,6,186,79,0.0,255,32767,0.0,2127-15-31,0.0,0.52,26.6,0.0,0.0,0.0,0,4.822265625,6,45,05:39,20:22,2025-05-22 23:53:31.005790,Città della Scienza,77.7,8.020752,8.348151,6.7632837,5.254696,EU EEA Common AQI,69.3,6.5683703,6.9493785,7200,6.257143,100,100,63.2,5.2799997,Very Low,68.3,6.628462,100,1747957500,Very Low,5.4106264,7.950291,Very Low,8.17257,61.1,8.3714285,100,1747957500,6.6
2025-05-22T23:53:42Z,236,29.849,73.3,63,67.5,6,6,145,79,0.0,255,32767,0.0,2127-15-31,0.0,0.52,26.6,0.0,0.0,0.0,0,4.822265625,6,45,05:39,20:22,2025-05-22 23:53:42.099790,Città della Scienza,77.7,8.020752,8.348151,6.7632837,5.254696,EU EEA Common AQI,69.3,6.5683703,6.9493785,7200,6.257143,100,100,63.2,5.2799997,Very Low,68.3,6.628462,100,1747957500,Very Low,5.4106264,7.950291,Very Low,8.17257,61.1,8.3714285,100,1747957500,6.6
2025-05-22T23:53:53Z,236,29.849,73.3,63,67.5,4,6,196,79,0.0,255,32767,0.0,2127-15-31,0.0,0.52,26.6,0.0,0.0,0.0,0,4.822265625,6,45,05:39,20:22,2025-05-22 23:53:53.149785,Città della Scienza,77.7,8.020752,8.348151,6.7632837,5.254696,EU EEA Common AQI,69.3,6.5683703,6.9493785,7200,6.257143,100,100,63.2,5.2799997,Very Low,68.3,6.628462,100,1747957500,Very Low,5.4106264,7.950291,Very Low,8.17257,61.1,8.3714285,100,1747957500,6.6
2025-05-22T23:54:04Z,236,29.849,73.3,63,67.6,6,6,175,79,0.0,255,32767,0.0,2127-15-31,0.0,0.52,26.6,0.0,0.0,0.0,0,4.822265625,6,45,05:39,20:22,2025-05-22 23:54:04.222781,Città della Scienza,77.7,8.020752,8.348151,6.7632837,5.254696,EU EEA Common AQI,69.3,6.5683703,6.9493785,7200,6.257143,100,100,63.2,5.2799997,Very Low,68.3,6.628462,100,1747957500,Very Low,5.4106264,7.950291,Very Low,8.17257,61.1,8.3714285,100,1747957500,6.6
2025-05-22T23:54:15Z,236,29.849,73.3,63,67.6,3,6,202,79,0.0,255,32767,0.0,2127-15-31,0.0,0.52,26.6,0.0,0.0,0.0,0,4.822265625,6,45,05:39,20:22,2025-05-22 23:54:15.269809,Città della Scienza,77.7,8.020752,8.348151,6.7632837,5.254696,EU EEA Common AQI,69.3,6.5683703,6.9493785,7200,6.257143,100,100,63.2,5.2799997,Very Low,68.3,6.628462,100,1747957500,Very Low,5.4106264,7.950291,Very Low,8.17257,61.1,8.3714285,100,1747957500,6.6
2025-05-22T23:54:26Z,236,29.849,73.3,63,67.6,3,6,240,79,0.0,255,32767,0.0,2127-15-31,0.0,0.52,26.6,0.0,0.0,0.0,0,4.822265625,6,45,05:39,20:22,2025-05-22 23:54:26.394749,Città della Scienza,77.7,8.020752,8.348151,6.7632837,5.254696,EU EEA Common AQI,69.3,6.5683703,6.9493785,7200,6.257143,100,100,63.2,5.2799997,Very Low,68.3,6.628462,100,1747957500,Very Low,5.4106264,7.950291,Very Low,8.17257,61.1,8.3714285,100,1747957500,6.6
2025-05-22T23:54:37Z,236,29.85,73.3,63,67.6,4,6,192,79,0.0,255,32767,0.0,2127-15-31,0.0,0.52,26.6,0.0,0.0,0.0,0,4.822265625,6,45,05:39,20:22,2025-05-22 23:54:37.463792,Città della Scienza,77.7,8.020752,8.348151,6.7632837,5.254696,EU EEA Common AQI,69.3,6.5683703,6.9493785,7200,6.257143,100,100,63.2,5.2799997,Very Low,68.3,6.628462,100,1747957500,Very Low,5.4106264,7.950291,Very Low,8.17257,61.1,8.3714285,100,1747957500,6.6
2025-05-22T23:54:48Z,236,29.85,73.3,63,67.6,9,6,196,79,0.0,255,32767,0.0,2127-15-31,0.0,0.52,26.6,0.0,0.0,0.0,0,4.822265625,6,45,05:39,20:22,2025-05-22 23:54:48.501789,Città della Scienza,77.7,8.020752,8.348151,6.7632837,5.254696,EU EEA Common AQI,69.3,6.5683703,6.9493785,7200,6.257143,100,100,63.2,5.2799997,Very Low,68.3,6.628462,100,1747957500,Very Low,5.4106264,7.950291,Very Low,8.17257,61.1,8.3714285,100,1747957500,6.6
2025-05-22T23:54:59Z,236,29.85,73.3,63,67.6,8,6,238,79,0.0,255,32767,0.0,2127-15-31,0.0,0.52,26.6,0.0,0.0,0.0,0,4.822265625,6,45,05:39,20:22,2025-05-22 23:54:59.606791,Città della Scienza
2025-05-22T23:55:10Z,236,29.85,73.3,63,67.6,5,6,181,79,0.0,255,32767,0.0,2127-15-31,0.0,0.52,26.6,0.0,0.0,0.0,0,4.822265625,6,45,05:39,20:22,2025-05-22 23:55:10.717799,Città della Scienza
2025-05-22T23:55:22Z,236,29.85,73.3,63,67.6,12,6,167,79,0.0,255,32767,0.0,2127-15-31,0.0,0.52,26.6,0.0,0.0,0.0,0,4.822265625,6,45,05:39,20:22,2025-05-22 23:55:21.832747,Città della Scienza
2025-05-22T23:55:33Z,236,29.849,73.2,63,67.6,8,6,190,79,0.0,255,32767,0.0,2127-15-31,0.0,0.52,26.6,0.0,0.0,0.0,0,4.822265625,6,45,05:39,20:22,2025-05-22 23:55:32.882789,Città della Scienza
2025-05-22T23:55:44Z,236,29.849,73.2,63,67.6,7,6,174,79,0.0,255,32767,0.0,2127-15-31,0.0,0.52,26.6,0.0,0.0,0.0,0,4.822265625,6,45,05:39,20:22,2025-05-22 23:55:43.964798,Città della Scienza
2025-05-22T23:55:55Z,236,29.849,73.2,63,67.6,8,6,171,79,0.0,255,32767,0.0,2127-15-31,0.0,0.52,26.6,0.0,0.0,0.0,0,4.822265625,6,45,05:39,20:22,2025-05-22 23:55:54.994785,Città della Scienza
2025-05-22T23:56:06Z,236,29.849,73.2,63,67.6,7,6,189,79,0.0,255,32767,0.0,2127-15-31,0.0,0.52,26.6,0.0,0.0,0.0,0,4.822265625,6,45,05:39,20:22,2025-05-22 23:56:06.032786,Città della Scienza
2025-05-22T23:56:17Z,236,29.849,73.2,63,67.6,6,6,180,79,0.0,255,32767,0.0,2127-15-31,0.0,0.52,26.6,0.0,0.0,0.0,0,4.822265625,6,45,05:39,20:22,2025-05-22 23:56:17.113789,Città della Scienza
2025-05-22T23:56:28Z,236,29.849,73.2,63,67.6,5,6,203,79,0.0,255,32767,0.0,2127-15-31,0.0,0.52,26.6,0.0,0.0,0.0,0,4.822265625,6,45,05:39,20:22,2025-05-22 23:56:28.182790,Città della Scienza
2025-05-22T23:56:39Z,236,29.846,73.3,63,67.6,5,6,169,79,0.0,255,32767,0.0,2127-15-31,0.0,0.52,26.6,0.0,0.0,0.0,0,4.822265625,6,45,05:39,20:22,2025-05-22 23:56:39.237791,Città della Scienza
2025-05-22T23:56:50Z,236,29.846,73.3,63,67.6,3,6,188,79,0.0,255,32767,0.0,2127-15-31,0.0,0.52,26.6,0.0,0.0,0.0,0,4.822265625,6,45,05:39,20:22,2025-05-22 23:56:50.287787,Città della Scienza
2025-05-22T23:57:01Z,236,29.846,73.3,63,67.6,10,6,182,79,0.0,255,32767,0.0,2127-15-31,0.0,0.52,26.6,0.0,0.0,0.0,0,4.822265625,6,45,05:39,20:22,2025-05-22 23:57:01.344791,Città della Scienza
2025-05-22T23:57:12Z,236,29.846,73.3,63,67.6,8,6,179,79,0.0,255,32767,0.0,2127-15-31,0.0,0.52,26.6,0.0,0.0,0.0,0,4.822265625,6,45,05:39,20:22,2025-05-22 23:57:12.404796,Città della Scienza
2025-05-22T23:57:23Z,236,29.846,73.3,63,67.6,5,6,213,79,0.0,255,32767,0.0,2127-15-31,0.0,0.52,26.6,0.0,0.0,0.0,0,4.822265625,6,45,05:39,20:22,2025-05-22 23:57:23.435795,Città della Scienza
2025-05-22T23:57:34Z,236,29.849,73.3,63,67.6,5,6,178,79,0.0,255,32767,0.0,2127-15-31,0.0,0.52,26.6,0.0,0.0,0.0,0,4.822265625,6,45,05:39,20:22,2025-05-22 23:57:34.500786,Città della Scienza
2025-05-22T23:57:45Z,236,29.849,73.3,63,67.6,7,6,194,79,0.0,255,32767,0.0,2127-15-31,0.0,0.52,26.6,0.0,0.0,0.0,0,4.822265625,6,45,05:39,20:22,2025-05-22 23:57:45.549791,Città della Scienza
2025-05-22T23:57:56Z,236,29.849,73.3,63,67.6,5,6,191,79,0.0,255,32767,0.0,2127-15-31,0.0,0.52,26.6,0.0,0.0,0.0,0,4.822265625,6,45,05:39,20:22,2025-05-22 23:57:56.598805,Città della Scienza
2025-05-22T23:58:07Z,236,29.849,73.3,63,67.6,6,6,173,79,0.0,255,32767,0.0,2127-15-31,0.0,0.52,26.6,0.0,0.0,0.0,0,4.822265625,6,45,05:39,20:22,2025-05-22 23:58:07.635803,Città della Scienza
2025-05-22T23:58:18Z,236,29.849,73.3,63,67.6,5,6,234,79,0.0,255,32767,0.0,2127-15-31,0.0,0.52,26.6,0.0,0.0,0.0,0,4.822265625,6,45,05:39,20:22,2025-05-22 23:58:18.735790,Città della Scienza
2025-05-22T23:58:30Z,236,29.849,73.3,63,67.6,5,6,187,79,0.0,255,32767,0.0,2127-15-31,0.0,0.52,26.6,0.0,0.0,0.0,0,4.822265625,6,45,05:39,20:22,2025-05-22 23:58:29.805784,Città della Scienza
2025-05-22T23:58:41Z,236,29.845,73.2,63,67.6,9,6,175,79,0.0,255,32767,0.0,2127-15-31,0.0,0.52,26.6,0.0,0.0,0.0,0,4.822265625,6,45,05:39,20:22,2025-05-22 23:58:40.862797,Città della Scienza
2025-05-22T23:58:52Z,236,29.845,73.2,63,67.6,7,6,189,79,0.0,255,32767,0.0,2127-15-31,0.0,0.52,26.6,0.0,0.0,0.0,0,4.822265625,6,45,05:39,20:22,2025-05-22 23:58:51.931791,Città della Scienza
2025-05-22T23:59:03Z,236,29.845,73.2,63,67.6,10,6,192,79,0.0,255,32767,0.0,2127-15-31,0.0,0.52,26.6,0.0,0.0,0.0,0,4.822265625,6,45,05:39,20:22,2025-05-22 23:59:02.977786,Città della Scienza
2025-05-22T23:59:14Z,236,29.845,73.2,63,67.6,6,6,173,79,0.0,255,32767,0.0,2127-15-31,0.0,0.52,26.6,0.0,0.0,0.0,0,4.822265625,6,45,05:39,20:22,2025-05-22 23:59:14.004789,Città della Scienza
2025-05-22T23:59:25Z,236,29.845,73.2,63,67.6,7,6,172,79,0.0,255,32767,0.0,2127-15-31,0.0,0.52,26.6,0.0,0.0,0.0,0,4.822265625,6,45,05:39,20:22,2025-05-22 23:59:25.114791,Città della Scienza
2025-05-22T23:59:36Z,236,29.848,73.2,63,67.6,7,6,182,79,0.0,255,32767,0.0,2127-15-31,0.0,0.52,26.6,0.0,0.0,0.0,0,4.822265625,6,45,05:39,20:22,2025-05-22 23:59:36.154779,Città della Scienza
2025-05-22T23:59:47Z,236,29.848,73.2,63,67.6,5,6,194,79,0.0,255,32767,0.0,2127-15-31,0.0,0.52,26.6,0.0,0.0,0.0,0,4.822265625,6,45,05:39,20:22,2025-05-22 23:59:47.212788,Città della Scienza
2025-05-22T23:59:58Z,236,29.848,73.2,63,67.6,5,6,189,79,0.0,255,32767,0.0,2127-15-31,0.0,0.52,26.6,0.0,0.0,0.0,0,4.822265625,6,45,05:39,20:22,2025-05-22 23:59:58.306793,Città della Scienza
